# relative_time, cycles_done, cur_item, corpus_count, pending_total, pending_favs, map_size, saved_crashes, saved_hangs, max_depth, execs_per_sec, total_execs, edges_found
61, 0, 4, 194, 192, 2, 1.88%, 0, 0, 2, 202.23, 12215, 1231
66, 0, 4, 198, 196, 2, 1.88%, 0, 0, 2, 200.98, 13222, 1234
71, 0, 4, 199, 197, 2, 1.88%, 0, 0, 2, 198.34, 14225, 1234
76, 0, 4, 202, 200, 2, 1.89%, 0, 0, 2, 190.79, 15183, 1237
81, 0, 4, 206, 204, 2, 1.89%, 0, 0, 2, 198.30, 16196, 1237
86, 0, 4, 208, 206, 2, 1.89%, 0, 0, 2, 199.19, 17196, 1237
91, 0, 4, 208, 206, 2, 1.89%, 0, 0, 2, 200.87, 18201, 1237
96, 0, 200, 214, 210, 58, 2.00%, 0, 0, 3, 534.66, 21239, 1308
101, 0, 200, 222, 218, 58, 2.00%, 0, 0, 3, 638.06, 24611, 1310
106, 0, 200, 226, 222, 58, 2.00%, 0, 0, 3, 652.08, 27931, 1311
112, 0, 200, 230, 226, 58, 2.00%, 0, 0, 3, 661.07, 31327, 1313
117, 0, 200, 232, 228, 58, 2.01%, 0, 0, 3, 651.78, 34619, 1315
122, 0, 228, 239, 234, 60, 2.01%, 0, 0, 4, 663.51, 37951, 1316
127, 0, 228, 242, 237, 60, 2.03%, 0, 0, 4, 676.17, 41355, 1330
132, 0, 228, 246, 241, 60, 2.03%, 0, 0, 4, 655.51, 44767, 1333
137, 0, 228, 249, 244, 60, 2.04%, 0, 0, 4, 641.31, 48051, 1334
142, 0, 237, 256, 249, 63, 2.04%, 0, 0, 5, 648.83, 51290, 1335
147, 0, 237, 257, 250, 63, 2.04%, 0, 0, 5, 688.33, 54882, 1335
152, 0, 237, 258, 251, 63, 2.04%, 0, 0, 5, 698.36, 58452, 1335
157, 0, 237, 258, 251, 63, 2.04%, 0, 0, 5, 699.79, 62027, 1335
162, 0, 237, 259, 252, 63, 2.04%, 0, 0, 5, 707.10, 65606, 1335
168, 0, 215, 265, 256, 62, 2.04%, 0, 0, 5, 665.20, 68992, 1336
173, 0, 215, 267, 258, 62, 2.04%, 0, 0, 5, 643.84, 72294, 1336
178, 0, 45, 267, 257, 62, 2.04%, 0, 0, 5, 653.33, 75671, 1336
183, 0, 214, 271, 259, 60, 2.04%, 0, 0, 5, 618.74, 78760, 1336
188, 0, 172, 273, 259, 60, 2.04%, 0, 0, 5, 636.13, 81969, 1340
193, 0, 255, 291, 276, 61, 2.05%, 0, 0, 6, 726.70, 85810, 1341
198, 0, 255, 293, 278, 61, 2.05%, 0, 0, 6, 750.06, 89676, 1341
203, 0, 255, 294, 279, 61, 2.05%, 0, 0, 6, 751.24, 93463, 1343
208, 0, 255, 295, 280, 61, 2.05%, 0, 0, 6, 756.99, 97341, 1343
213, 0, 243, 303, 286, 60, 2.05%, 0, 0, 7, 673.90, 100831, 1343
219, 0, 243, 307, 290, 60, 2.05%, 0, 0, 7, 696.16, 104438, 1343
224, 0, 243, 308, 291, 60, 2.05%, 0, 0, 7, 697.61, 108060, 1343
229, 0, 243, 312, 295, 60, 2.05%, 0, 0, 7, 701.26, 111700, 1343
234, 0, 296, 321, 303, 59, 2.05%, 0, 0, 8, 730.86, 115386, 1343
239, 0, 296, 323, 305, 59, 2.05%, 0, 0, 8, 746.03, 119266, 1343
244, 0, 296, 323, 305, 59, 2.05%, 0, 0, 8, 746.77, 123116, 1343
250, 0, 253, 323, 304, 57, 2.05%, 0, 0, 8, 710.33, 126821, 1343
255, 0, 321, 327, 304, 53, 2.05%, 0, 0, 9, 705.41, 130277, 1343
260, 0, 321, 327, 304, 53, 2.05%, 0, 0, 9, 747.63, 134169, 1343
265, 0, 321, 329, 306, 53, 2.05%, 0, 0, 9, 755.13, 138045, 1343
270, 0, 321, 329, 306, 53, 2.05%, 0, 0, 9, 754.03, 141870, 1343
275, 0, 308, 333, 309, 53, 2.05%, 0, 0, 9, 715.91, 145457, 1343
280, 0, 298, 338, 313, 52, 2.05%, 0, 0, 9, 686.62, 148865, 1343
285, 0, 298, 344, 319, 52, 2.05%, 0, 0, 9, 688.03, 152410, 1343
290, 0, 298, 345, 320, 52, 2.05%, 0, 0, 9, 687.89, 155980, 1343
295, 0, 189, 345, 319, 52, 2.05%, 0, 0, 9, 694.28, 159464, 1343
300, 0, 272, 348, 320, 50, 2.05%, 0, 0, 10, 719.88, 163121, 1343
305, 0, 316, 349, 317, 46, 2.05%, 0, 0, 10, 664.55, 166507, 1343
310, 0, 244, 355, 321, 44, 2.05%, 0, 0, 10, 668.90, 169793, 1343
315, 0, 244, 355, 321, 44, 2.05%, 0, 0, 10, 663.02, 173121, 1343
321, 0, 244, 358, 324, 44, 2.05%, 0, 0, 10, 680.11, 176681, 1343
326, 0, 244, 358, 324, 44, 2.05%, 0, 0, 10, 690.87, 180257, 1343
331, 0, 308, 358, 322, 42, 2.05%, 0, 0, 10, 713.08, 183852, 1343
336, 0, 190, 359, 322, 41, 2.05%, 0, 0, 10, 703.10, 187515, 1346
341, 0, 245, 360, 320, 39, 2.05%, 0, 0, 10, 673.99, 190846, 1346
346, 0, 343, 362, 321, 38, 2.05%, 0, 0, 10, 696.68, 194444, 1346
351, 0, 96, 364, 321, 36, 2.05%, 0, 0, 10, 96.89, 196260, 1346
357, 0, 212, 364, 318, 33, 2.05%, 0, 0, 10, 42.79, 198540, 1346
362, 0, 212, 366, 320, 33, 2.05%, 0, 0, 10, 43.21, 198750, 1346
367, 0, 249, 370, 323, 33, 2.05%, 0, 0, 10, 651.19, 199855, 1346
372, 0, 311, 371, 322, 31, 2.05%, 0, 0, 10, 674.88, 203268, 1346
377, 0, 347, 371, 319, 28, 2.05%, 0, 0, 10, 702.28, 206857, 1346
382, 0, 240, 372, 316, 24, 2.05%, 0, 0, 10, 672.67, 210208, 1346
387, 0, 368, 373, 313, 21, 2.05%, 0, 0, 10, 79.03, 213497, 1346
392, 0, 87, 373, 311, 20, 2.05%, 0, 0, 10, 710.86, 215164, 1346
397, 0, 370, 374, 310, 18, 2.05%, 0, 0, 10, 701.47, 218614, 1346
402, 0, 347, 378, 312, 16, 2.05%, 0, 0, 11, 643.50, 221596, 1346
407, 0, 347, 378, 312, 16, 2.05%, 0, 0, 11, 683.34, 225169, 1346
412, 0, 347, 378, 312, 16, 2.05%, 0, 0, 11, 690.86, 228744, 1346
417, 0, 347, 379, 313, 16, 2.05%, 0, 0, 11, 711.82, 232294, 1346
422, 0, 376, 380, 314, 18, 2.05%, 0, 0, 11, 726.13, 236004, 1346
427, 0, 175, 380, 313, 17, 2.05%, 0, 0, 11, 130.74, 237698, 1346
433, 0, 48, 380, 309, 13, 2.05%, 0, 0, 11, 560.58, 240985, 1346
438, 0, 271, 380, 308, 12, 2.05%, 0, 0, 11, 680.11, 244648, 1346
443, 0, 333, 381, 307, 11, 2.05%, 0, 0, 11, 703.05, 248241, 1346
448, 0, 279, 383, 307, 10, 2.05%, 0, 0, 11, 689.03, 251786, 1346
453, 0, 327, 383, 307, 10, 2.05%, 0, 0, 11, 720.98, 255447, 1346
458, 0, 56, 383, 303, 8, 2.05%, 0, 0, 11, 714.04, 259064, 1346
463, 0, 271, 385, 303, 7, 2.06%, 0, 0, 12, 716.13, 262658, 1347
468, 0, 384, 386, 304, 8, 2.06%, 0, 0, 12, 718.96, 266389, 1347
473, 0, 383, 386, 302, 6, 2.06%, 0, 0, 12, 299.58, 268132, 1347
478, 0, 384, 386, 299, 5, 2.06%, 0, 0, 12, 633.79, 271787, 1347
483, 0, 384, 386, 299, 5, 2.06%, 0, 0, 12, 678.66, 275313, 1347
489, 0, 261, 386, 299, 5, 2.06%, 0, 0, 12, 144.99, 276476, 1347
494, 0, 316, 386, 297, 4, 2.06%, 0, 0, 12, 638.31, 279736, 1347
499, 0, 37, 386, 297, 4, 2.06%, 0, 0, 12, 98.99, 280380, 1347
504, 0, 181, 386, 295, 3, 2.06%, 0, 0, 12, 85.07, 282313, 1347
509, 0, 347, 389, 296, 2, 2.06%, 0, 0, 12, 683.60, 284950, 1347
514, 0, 347, 389, 296, 2, 2.06%, 0, 0, 12, 686.86, 288468, 1347
519, 0, 197, 389, 296, 2, 2.06%, 0, 0, 12, 116.35, 292059, 1347
525, 0, 187, 390, 296, 2, 2.06%, 0, 0, 12, 299.58, 293331, 1352
530, 0, 325, 391, 296, 2, 2.06%, 0, 0, 12, 656.64, 297175, 1352
535, 0, 376, 392, 297, 2, 2.06%, 0, 0, 12, 695.46, 300833, 1353
540, 0, 376, 392, 297, 2, 2.06%, 0, 0, 12, 693.75, 304421, 1353
545, 0, 376, 392, 297, 2, 2.06%, 0, 0, 12, 720.95, 308064, 1353
550, 0, 352, 392, 296, 3, 2.06%, 0, 0, 12, 721.14, 311693, 1353
555, 0, 62, 392, 294, 2, 2.06%, 0, 0, 12, 92.30, 314812, 1353
560, 0, 322, 393, 293, 1, 2.06%, 0, 0, 12, 406.42, 316696, 1353
565, 0, 322, 393, 293, 1, 2.06%, 0, 0, 12, 667.02, 320511, 1353
571, 0, 140, 393, 293, 1, 2.06%, 0, 0, 12, 712.39, 324246, 1353
576, 0, 316, 394, 293, 0, 2.06%, 0, 0, 12, 645.80, 325627, 1353
581, 0, 93, 394, 293, 0, 2.06%, 0, 0, 12, 672.36, 329012, 1353
586, 0, 226, 394, 293, 0, 2.06%, 0, 0, 12, 716.68, 332761, 1353
591, 0, 383, 394, 293, 0, 2.06%, 0, 0, 12, 726.51, 336457, 1353
596, 0, 316, 394, 293, 0, 2.06%, 0, 0, 12, 735.77, 340268, 1353
601, 0, 316, 394, 293, 0, 2.06%, 0, 0, 12, 515.00, 342436, 1353
606, 0, 384, 394, 293, 0, 2.06%, 0, 0, 12, 603.28, 345349, 1353
612, 0, 300, 394, 293, 0, 2.06%, 0, 0, 12, 695.82, 349102, 1353
617, 0, 347, 394, 293, 0, 2.06%, 0, 0, 12, 689.78, 352707, 1353
622, 0, 347, 394, 293, 0, 2.06%, 0, 0, 12, 728.01, 356497, 1353
627, 0, 316, 394, 293, 0, 2.06%, 0, 0, 12, 610.59, 359630, 1353
632, 0, 316, 394, 293, 0, 2.06%, 0, 0, 12, 449.48, 361849, 1353
637, 0, 384, 394, 293, 0, 2.06%, 0, 0, 12, 668.77, 365493, 1353
642, 0, 391, 394, 293, 0, 2.06%, 0, 0, 12, 683.53, 369009, 1353
647, 0, 391, 394, 293, 0, 2.06%, 0, 0, 12, 699.15, 372609, 1353
653, 0, 316, 394, 293, 0, 2.06%, 0, 0, 12, 667.06, 375855, 1353
658, 0, 279, 394, 293, 0, 2.06%, 0, 0, 12, 701.55, 379374, 1353
663, 0, 240, 395, 294, 0, 2.06%, 0, 0, 12, 688.22, 382837, 1353
668, 0, 240, 397, 296, 0, 2.07%, 0, 0, 12, 686.57, 386402, 1354
673, 0, 240, 398, 297, 0, 2.07%, 0, 0, 12, 688.57, 389985, 1354
678, 0, 240, 399, 298, 0, 2.07%, 0, 0, 12, 685.69, 393412, 1354
683, 0, 240, 400, 299, 0, 2.07%, 0, 0, 12, 708.85, 396971, 1356
688, 0, 384, 400, 299, 4, 2.07%, 0, 0, 12, 721.91, 400623, 1356
693, 0, 394, 400, 299, 4, 2.07%, 0, 0, 12, 712.39, 404316, 1356
698, 0, 397, 401, 298, 2, 2.07%, 0, 0, 12, 633.39, 407295, 1356
703, 0, 384, 401, 296, 0, 2.07%, 0, 0, 12, 697.88, 410886, 1356
708, 0, 384, 401, 296, 0, 2.07%, 0, 0, 12, 710.57, 414540, 1356
714, 0, 391, 402, 297, 0, 2.07%, 0, 0, 13, 691.44, 418066, 1356
719, 0, 391, 402, 297, 0, 2.07%, 0, 0, 13, 699.05, 421536, 1356
724, 0, 391, 402, 297, 0, 2.07%, 0, 0, 13, 709.87, 425088, 1356
729, 0, 384, 402, 297, 1, 2.07%, 0, 0, 13, 712.74, 428697, 1356
734, 0, 401, 405, 300, 1, 2.07%, 0, 0, 14, 699.83, 432299, 1356
739, 0, 401, 405, 300, 1, 2.07%, 0, 0, 14, 704.79, 435937, 1356
744, 0, 325, 406, 299, 0, 2.07%, 0, 0, 14, 710.29, 439605, 1356
749, 0, 384, 406, 299, 0, 2.07%, 0, 0, 14, 615.95, 442912, 1356
754, 0, 325, 406, 299, 0, 2.07%, 0, 0, 14, 684.78, 446370, 1356
759, 0, 384, 406, 299, 0, 2.07%, 0, 0, 14, 685.45, 449713, 1356
765, 0, 93, 406, 299, 0, 2.07%, 0, 0, 14, 694.09, 453249, 1356
770, 0, 352, 406, 299, 0, 2.07%, 0, 0, 14, 714.61, 456916, 1356
775, 0, 93, 406, 299, 0, 2.07%, 0, 0, 14, 703.02, 460564, 1356
780, 0, 297, 407, 300, 0, 2.07%, 0, 0, 14, 617.80, 463832, 1356
785, 0, 297, 409, 302, 0, 2.07%, 0, 0, 14, 382.06, 465085, 1356
790, 0, 409, 411, 304, 1, 2.07%, 0, 0, 14, 639.82, 468689, 1356
795, 0, 372, 411, 303, 0, 2.07%, 0, 0, 14, 692.22, 472211, 1356
800, 0, 402, 412, 304, 0, 2.07%, 0, 0, 15, 696.97, 475761, 1356
805, 0, 402, 414, 306, 0, 2.07%, 0, 0, 15, 697.46, 479352, 1357
811, 0, 402, 414, 306, 0, 2.07%, 0, 0, 15, 699.15, 482927, 1357
816, 0, 402, 414, 306, 0, 2.07%, 0, 0, 15, 696.36, 486502, 1357
821, 0, 402, 414, 306, 0, 2.07%, 0, 0, 15, 701.20, 490018, 1357
826, 0, 402, 414, 306, 0, 2.07%, 0, 0, 15, 730.04, 493836, 1357
831, 0, 93, 414, 305, 1, 2.07%, 0, 0, 15, 711.31, 497424, 1357
836, 0, 412, 414, 305, 1, 2.07%, 0, 0, 15, 714.21, 500998, 1357
841, 0, 126, 414, 304, 0, 2.07%, 0, 0, 15, 696.51, 504598, 1357
846, 0, 384, 414, 304, 0, 2.07%, 0, 0, 15, 705.97, 508142, 1357
851, 0, 384, 414, 304, 0, 2.07%, 0, 0, 15, 325.19, 511054, 1357
856, 0, 261, 415, 305, 0, 2.08%, 0, 0, 15, 275.12, 512706, 1360
861, 0, 261, 415, 305, 0, 2.08%, 0, 0, 15, 201.13, 513618, 1360
866, 0, 261, 415, 305, 0, 2.08%, 0, 0, 15, 170.44, 514458, 1360
872, 0, 261, 415, 305, 0, 2.08%, 0, 0, 15, 312.99, 516384, 1360
877, 0, 414, 416, 306, 1, 2.08%, 0, 0, 15, 96.82, 517202, 1360
882, 0, 272, 416, 305, 0, 2.08%, 0, 0, 15, 706.68, 520555, 1360
887, 0, 412, 416, 305, 0, 2.08%, 0, 0, 15, 705.51, 524115, 1360
892, 0, 412, 416, 305, 0, 2.08%, 0, 0, 15, 720.21, 527710, 1360
897, 0, 296, 416, 305, 0, 2.08%, 0, 0, 15, 731.25, 531528, 1360
902, 0, 384, 417, 306, 0, 2.08%, 0, 0, 15, 719.57, 535190, 1360
907, 0, 297, 417, 306, 1, 2.08%, 0, 0, 15, 701.93, 538710, 1360
912, 0, 416, 417, 306, 1, 2.08%, 0, 0, 15, 621.83, 541761, 1360
917, 0, 384, 417, 305, 0, 2.08%, 0, 0, 15, 699.18, 545396, 1360
922, 0, 384, 417, 305, 0, 2.08%, 0, 0, 15, 708.47, 548981, 1360
928, 0, 296, 417, 305, 0, 2.08%, 0, 0, 15, 716.45, 552703, 1360
933, 0, 384, 417, 305, 0, 2.08%, 0, 0, 15, 728.98, 556365, 1360
938, 0, 234, 417, 305, 0, 2.08%, 0, 0, 15, 702.54, 559998, 1360
943, 0, 352, 417, 305, 0, 2.08%, 0, 0, 15, 715.25, 563603, 1360
948, 0, 384, 417, 305, 0, 2.08%, 0, 0, 15, 728.08, 567267, 1360
953, 0, 325, 418, 306, 0, 2.08%, 0, 0, 15, 648.61, 570620, 1362
958, 0, 417, 420, 308, 1, 2.08%, 0, 0, 15, 662.35, 573979, 1363
963, 0, 394, 421, 308, 1, 2.08%, 0, 0, 15, 688.21, 577615, 1363
968, 0, 420, 421, 308, 2, 2.08%, 0, 0, 15, 716.94, 581373, 1363
974, 0, 222, 421, 306, 0, 2.08%, 0, 0, 15, 686.57, 584909, 1363
979, 0, 266, 421, 306, 0, 2.08%, 0, 0, 15, 701.14, 588565, 1363
984, 0, 384, 421, 306, 0, 2.08%, 0, 0, 15, 723.08, 592263, 1363
989, 0, 384, 421, 306, 0, 2.08%, 0, 0, 15, 724.05, 595885, 1363
994, 0, 316, 421, 306, 0, 2.08%, 0, 0, 15, 702.20, 599451, 1363
999, 0, 395, 421, 306, 0, 2.08%, 0, 0, 15, 579.02, 602089, 1363
1004, 0, 395, 421, 306, 0, 2.08%, 0, 0, 15, 701.05, 605721, 1363
1009, 0, 414, 421, 306, 0, 2.08%, 0, 0, 15, 252.73, 607754, 1363
1015, 0, 303, 421, 306, 0, 2.08%, 0, 0, 15, 626.24, 611432, 1363
1020, 0, 402, 421, 306, 0, 2.08%, 0, 0, 15, 690.14, 615126, 1363
1025, 0, 402, 421, 306, 0, 2.08%, 0, 0, 15, 707.77, 618789, 1363
1030, 0, 402, 421, 306, 0, 2.08%, 0, 0, 15, 721.14, 622590, 1363
1035, 0, 384, 422, 307, 0, 2.08%, 0, 0, 15, 726.97, 626269, 1364
1040, 0, 384, 422, 307, 0, 2.08%, 0, 0, 15, 710.78, 629943, 1364
1045, 0, 414, 422, 306, 0, 2.08%, 0, 0, 15, 657.13, 633363, 1364
1050, 0, 384, 423, 307, 0, 2.08%, 0, 0, 15, 352.49, 635289, 1364
1056, 0, 384, 423, 307, 0, 2.08%, 0, 0, 15, 652.17, 639061, 1364
1061, 0, 421, 423, 307, 0, 2.08%, 0, 0, 15, 715.00, 642748, 1364
1066, 0, 421, 423, 307, 0, 2.08%, 0, 0, 15, 716.72, 646466, 1364
1071, 0, 322, 423, 307, 0, 2.08%, 0, 0, 15, 620.90, 649805, 1364
1076, 0, 421, 423, 307, 0, 2.08%, 0, 0, 15, 631.06, 652746, 1364
1081, 0, 421, 424, 308, 0, 2.08%, 0, 0, 15, 701.80, 656360, 1364
1086, 0, 421, 424, 308, 0, 2.08%, 0, 0, 15, 721.31, 660143, 1364
1091, 0, 93, 424, 307, 0, 2.08%, 0, 0, 15, 716.15, 663832, 1364
1097, 0, 226, 424, 307, 0, 2.08%, 0, 0, 15, 687.32, 667351, 1364
1102, 0, 297, 424, 307, 0, 2.08%, 0, 0, 15, 726.71, 671196, 1364
1107, 0, 297, 424, 307, 0, 2.08%, 0, 0, 15, 645.57, 674440, 1364
1112, 0, 303, 424, 307, 0, 2.08%, 0, 0, 15, 661.72, 677780, 1364
1117, 0, 303, 424, 307, 0, 2.08%, 0, 0, 15, 711.83, 681507, 1364
1122, 0, 316, 424, 307, 0, 2.08%, 0, 0, 15, 525.91, 683848, 1364
1127, 0, 296, 424, 307, 0, 2.08%, 0, 0, 15, 671.15, 687459, 1364
1132, 0, 322, 424, 307, 0, 2.08%, 0, 0, 15, 674.92, 690777, 1364
1137, 0, 395, 424, 307, 0, 2.08%, 0, 0, 15, 676.19, 693935, 1364
1142, 0, 411, 424, 307, 0, 2.08%, 0, 0, 15, 713.77, 697602, 1364
1147, 0, 411, 424, 307, 0, 2.08%, 0, 0, 15, 718.98, 701211, 1364
1152, 0, 411, 424, 307, 0, 2.08%, 0, 0, 15, 720.57, 704837, 1364
1157, 0, 414, 424, 307, 0, 2.08%, 0, 0, 15, 619.70, 708143, 1364
1163, 0, 421, 426, 309, 0, 2.08%, 0, 0, 15, 686.00, 711280, 1364
1168, 0, 411, 426, 309, 0, 2.08%, 0, 0, 15, 678.41, 714595, 1364
1173, 0, 411, 426, 309, 0, 2.08%, 0, 0, 15, 686.37, 718139, 1364
1178, 0, 411, 426, 309, 0, 2.08%, 0, 0, 15, 720.92, 721830, 1364
1183, 0, 279, 426, 309, 0, 2.08%, 0, 0, 15, 728.81, 725575, 1364
1188, 0, 93, 427, 310, 0, 2.08%, 0, 0, 15, 714.39, 729153, 1364
1193, 0, 421, 428, 311, 0, 2.08%, 0, 0, 15, 720.34, 732764, 1364
1198, 0, 279, 429, 312, 0, 2.08%, 0, 0, 15, 726.99, 736561, 1364
1203, 0, 423, 429, 312, 0, 2.08%, 0, 0, 15, 715.54, 740187, 1364
1209, 0, 93, 429, 312, 0, 2.08%, 0, 0, 15, 714.16, 743939, 1364
1214, 0, 423, 429, 312, 0, 2.08%, 0, 0, 15, 718.68, 747522, 1364
1219, 0, 423, 429, 312, 0, 2.08%, 0, 0, 15, 724.59, 751154, 1364
1224, 0, 316, 429, 312, 0, 2.08%, 0, 0, 15, 720.02, 754855, 1364
1229, 0, 421, 429, 312, 0, 2.08%, 0, 0, 15, 708.58, 758246, 1364
1234, 0, 322, 429, 311, 0, 2.08%, 0, 0, 15, 112.83, 761117, 1364
1239, 0, 296, 430, 312, 0, 2.08%, 0, 0, 15, 577.45, 763417, 1364
1244, 0, 189, 430, 312, 0, 2.08%, 0, 0, 15, 673.75, 766920, 1364
1249, 0, 32, 430, 312, 0, 2.08%, 0, 0, 15, 577.33, 769900, 1364
1254, 0, 316, 430, 312, 0, 2.08%, 0, 0, 15, 642.36, 773283, 1364
1259, 0, 423, 431, 313, 0, 2.08%, 0, 0, 15, 690.33, 776738, 1364
1264, 0, 421, 432, 314, 0, 2.08%, 0, 0, 15, 707.67, 780448, 1364
1269, 0, 423, 432, 314, 0, 2.08%, 0, 0, 15, 713.66, 784023, 1364
1274, 0, 56, 432, 314, 0, 2.08%, 0, 0, 15, 722.31, 787648, 1364
1279, 0, 316, 432, 314, 0, 2.08%, 0, 0, 15, 127.45, 790772, 1364
1285, 0, 423, 432, 314, 0, 2.08%, 0, 0, 15, 564.13, 794086, 1364
1290, 0, 325, 432, 314, 0, 2.08%, 0, 0, 15, 686.51, 797784, 1364
1295, 0, 316, 432, 314, 0, 2.08%, 0, 0, 15, 116.53, 801350, 1364
1300, 0, 420, 435, 317, 1, 2.08%, 0, 0, 15, 666.48, 804380, 1364
1305, 0, 420, 438, 320, 1, 2.08%, 0, 0, 15, 664.63, 807706, 1365
1310, 0, 420, 438, 320, 1, 2.08%, 0, 0, 15, 683.22, 811281, 1365
1315, 0, 420, 438, 320, 1, 2.08%, 0, 0, 15, 690.48, 814862, 1365
1321, 0, 421, 438, 319, 3, 2.08%, 0, 0, 15, 714.78, 818621, 1365
1326, 0, 436, 438, 318, 2, 2.08%, 0, 0, 15, 715.83, 822228, 1365
1331, 0, 423, 438, 316, 0, 2.08%, 0, 0, 15, 720.48, 825833, 1365
1336, 0, 316, 438, 316, 0, 2.08%, 0, 0, 15, 726.09, 829558, 1365
1341, 0, 226, 439, 317, 0, 2.08%, 0, 0, 15, 629.78, 832487, 1365
1346, 0, 423, 439, 317, 0, 2.08%, 0, 0, 15, 584.84, 835294, 1365
1351, 0, 296, 439, 317, 0, 2.08%, 0, 0, 15, 684.67, 838853, 1365
1356, 0, 300, 439, 317, 0, 2.08%, 0, 0, 15, 710.76, 842549, 1365
1361, 0, 296, 439, 317, 0, 2.08%, 0, 0, 15, 715.25, 845457, 1365
1366, 0, 325, 439, 317, 0, 2.08%, 0, 0, 15, 630.20, 848499, 1365
1371, 0, 418, 439, 317, 0, 2.08%, 0, 0, 15, 674.42, 851910, 1365
1377, 0, 279, 439, 317, 0, 2.08%, 0, 0, 15, 720.60, 855685, 1365
1382, 0, 433, 439, 317, 0, 2.08%, 0, 0, 15, 670.67, 859074, 1365
1387, 0, 433, 440, 318, 0, 2.08%, 0, 0, 15, 706.69, 862663, 1365
1392, 0, 345, 440, 318, 1, 2.08%, 0, 0, 15, 716.50, 866276, 1365
1397, 0, 439, 440, 317, 1, 2.08%, 0, 0, 15, 660.01, 869216, 1365
1402, 0, 93, 441, 317, 0, 2.08%, 0, 0, 15, 706.42, 872939, 1365
1407, 0, 296, 441, 317, 0, 2.08%, 0, 0, 15, 717.46, 876654, 1365
1412, 0, 414, 441, 317, 0, 2.08%, 0, 0, 15, 117.34, 879713, 1365
1417, 0, 134, 441, 317, 0, 2.08%, 0, 0, 15, 704.26, 882873, 1365
1422, 0, 421, 441, 317, 0, 2.08%, 0, 0, 15, 490.70, 885401, 1365
1428, 0, 279, 441, 317, 0, 2.08%, 0, 0, 15, 683.68, 889125, 1365
1433, 0, 126, 441, 317, 0, 2.08%, 0, 0, 15, 686.56, 892640, 1365
1438, 0, 421, 441, 317, 0, 2.08%, 0, 0, 15, 695.93, 896249, 1365
1443, 0, 189, 441, 317, 0, 2.08%, 0, 0, 15, 704.79, 899806, 1365
1448, 0, 414, 441, 317, 0, 2.08%, 0, 0, 15, 554.59, 902778, 1365
1453, 0, 402, 441, 317, 0, 2.08%, 0, 0, 15, 626.57, 905824, 1365
1458, 0, 402, 441, 317, 0, 2.08%, 0, 0, 15, 691.75, 909470, 1365
1464, 0, 402, 441, 317, 0, 2.08%, 0, 0, 15, 718.88, 913105, 1365
1469, 0, 93, 441, 317, 0, 2.08%, 0, 0, 15, 706.57, 916672, 1365
1474, 0, 93, 441, 317, 0, 2.08%, 0, 0, 15, 719.26, 920401, 1365
1479, 0, 93, 441, 317, 0, 2.08%, 0, 0, 15, 677.19, 923700, 1365
1484, 0, 423, 441, 317, 0, 2.08%, 0, 0, 15, 584.19, 926583, 1365
1489, 0, 421, 441, 317, 0, 2.08%, 0, 0, 15, 695.63, 930324, 1365
1494, 0, 245, 441, 317, 0, 2.08%, 0, 0, 15, 710.12, 933999, 1365
1499, 0, 421, 441, 317, 0, 2.08%, 0, 0, 15, 695.72, 937507, 1365
1505, 0, 435, 441, 317, 0, 2.08%, 0, 0, 15, 709.77, 941157, 1365
1510, 0, 421, 441, 317, 0, 2.08%, 0, 0, 15, 632.21, 944166, 1365
1515, 0, 411, 441, 317, 0, 2.08%, 0, 0, 15, 695.61, 947848, 1365
1520, 0, 411, 442, 318, 0, 2.08%, 0, 0, 16, 711.75, 951444, 1365
1525, 0, 316, 442, 318, 0, 2.08%, 0, 0, 16, 729.63, 955224, 1365
1530, 0, 421, 442, 318, 0, 2.08%, 0, 0, 16, 678.40, 957872, 1365
1535, 0, 411, 442, 318, 0, 2.08%, 0, 0, 16, 701.12, 961514, 1365
1540, 0, 411, 442, 318, 0, 2.08%, 0, 0, 16, 722.13, 965172, 1365
1545, 0, 411, 442, 318, 0, 2.08%, 0, 0, 16, 702.50, 968714, 1365
1551, 0, 316, 442, 318, 0, 2.08%, 0, 0, 16, 713.40, 972425, 1365
1556, 0, 297, 443, 319, 1, 2.09%, 0, 0, 16, 667.93, 975606, 1367
1561, 0, 423, 444, 320, 1, 2.09%, 0, 0, 16, 558.43, 978194, 1367
1566, 0, 421, 445, 321, 1, 2.09%, 0, 0, 16, 665.01, 981694, 1367
1571, 0, 412, 445, 321, 1, 2.09%, 0, 0, 16, 682.10, 985197, 1367
1576, 0, 412, 445, 321, 1, 2.09%, 0, 0, 16, 717.54, 988923, 1367
1581, 0, 412, 445, 321, 1, 2.09%, 0, 0, 16, 734.94, 992640, 1367
1587, 0, 423, 445, 321, 1, 2.09%, 0, 0, 16, 672.02, 996022, 1367
1592, 1, 316, 445, 320, 1, 2.09%, 0, 0, 16, 708.29, 999120, 1367
1597, 1, 418, 447, 322, 2, 2.09%, 0, 0, 16, 680.54, 1002415, 1367
1602, 1, 447, 448, 323, 3, 2.09%, 0, 0, 16, 692.18, 1005894, 1367
1607, 1, 447, 450, 325, 3, 2.09%, 0, 0, 16, 684.24, 1009315, 1367
1612, 1, 435, 451, 325, 2, 2.09%, 0, 0, 16, 710.71, 1012925, 1367
1617, 1, 402, 453, 326, 2, 2.09%, 0, 0, 16, 712.39, 1016536, 1367
1622, 1, 402, 453, 326, 2, 2.09%, 0, 0, 16, 703.11, 1020096, 1367
1627, 1, 402, 454, 327, 2, 2.09%, 0, 0, 16, 725.13, 1023863, 1367
1632, 1, 316, 454, 327, 2, 2.09%, 0, 0, 16, 629.30, 1027150, 1367
1637, 1, 439, 455, 328, 2, 2.09%, 0, 0, 16, 680.84, 1030473, 1367
1642, 1, 439, 455, 328, 2, 2.09%, 0, 0, 16, 716.67, 1034128, 1367
1648, 1, 439, 457, 330, 2, 2.09%, 0, 0, 16, 705.49, 1037799, 1367
1653, 1, 454, 459, 331, 2, 2.09%, 0, 0, 16, 712.51, 1041494, 1367
1658, 1, 126, 460, 331, 1, 2.09%, 0, 0, 16, 723.01, 1045121, 1367
1663, 1, 405, 460, 330, 1, 2.09%, 0, 0, 16, 710.60, 1048790, 1367
1668, 1, 414, 462, 330, 1, 2.09%, 0, 0, 16, 608.29, 1052083, 1367
1673, 1, 254, 462, 330, 1, 2.09%, 0, 0, 16, 697.72, 1055676, 1367
1678, 1, 423, 463, 330, 1, 2.09%, 0, 0, 16, 613.35, 1058696, 1367
1683, 1, 414, 463, 328, 1, 2.09%, 0, 0, 16, 59.26, 1061332, 1367
1688, 1, 93, 464, 329, 1, 2.09%, 0, 0, 16, 703.85, 1064826, 1367
1693, 1, 93, 466, 331, 1, 2.10%, 0, 0, 16, 683.20, 1068231, 1373
1698, 1, 93, 466, 331, 1, 2.10%, 0, 0, 16, 670.64, 1071550, 1373
1703, 1, 316, 466, 330, 1, 2.10%, 0, 0, 16, 710.59, 1075125, 1373
1709, 1, 334, 466, 330, 1, 2.10%, 0, 0, 16, 532.42, 1077069, 1373
1714, 1, 389, 466, 329, 1, 2.10%, 0, 0, 16, 652.66, 1080565, 1373
1719, 1, 411, 466, 329, 1, 2.10%, 0, 0, 16, 594.17, 1083068, 1373
1724, 1, 411, 468, 331, 1, 2.10%, 0, 0, 16, 688.74, 1086759, 1373
1729, 1, 411, 469, 332, 1, 2.10%, 0, 0, 16, 710.05, 1090376, 1373
1734, 1, 411, 469, 332, 1, 2.10%, 0, 0, 16, 712.57, 1094058, 1373
1739, 1, 411, 469, 332, 1, 2.10%, 0, 0, 16, 704.48, 1097672, 1373
1744, 1, 411, 469, 332, 1, 2.10%, 0, 0, 16, 727.77, 1101473, 1373
1750, 1, 466, 472, 335, 2, 2.10%, 0, 0, 17, 703.78, 1105113, 1373
1755, 1, 466, 472, 335, 2, 2.10%, 0, 0, 17, 698.03, 1108712, 1373
1760, 1, 466, 472, 335, 2, 2.10%, 0, 0, 17, 698.41, 1112236, 1373
1765, 1, 423, 473, 334, 1, 2.10%, 0, 0, 17, 694.24, 1115706, 1373
1770, 1, 442, 473, 334, 1, 2.10%, 0, 0, 17, 92.59, 1118971, 1373
1775, 1, 442, 473, 334, 1, 2.10%, 0, 0, 17, 47.29, 1119148, 1373
1780, 1, 93, 473, 333, 0, 2.10%, 0, 0, 17, 664.52, 1121577, 1373
1785, 1, 423, 474, 334, 0, 2.10%, 0, 0, 17, 682.17, 1125081, 1373
1790, 1, 389, 474, 334, 0, 2.10%, 0, 0, 17, 494.25, 1127674, 1373
1795, 1, 402, 474, 334, 0, 2.10%, 0, 0, 17, 653.76, 1131183, 1373
1800, 1, 402, 474, 334, 0, 2.10%, 0, 0, 17, 710.84, 1134846, 1373
1806, 1, 402, 474, 334, 0, 2.10%, 0, 0, 17, 722.96, 1138598, 1373
1811, 1, 386, 475, 335, 0, 2.10%, 0, 0, 17, 646.60, 1141641, 1373
1816, 1, 386, 476, 336, 0, 2.10%, 0, 0, 17, 671.65, 1145022, 1373
1821, 1, 134, 476, 336, 0, 2.10%, 0, 0, 17, 711.80, 1148751, 1373
1826, 1, 423, 480, 340, 0, 2.10%, 0, 0, 17, 692.34, 1152392, 1373
1831, 1, 93, 480, 340, 0, 2.10%, 0, 0, 17, 678.78, 1155754, 1373
1836, 1, 296, 480, 340, 0, 2.10%, 0, 0, 17, 710.81, 1159363, 1373
1841, 1, 411, 480, 340, 0, 2.10%, 0, 0, 17, 712.51, 1162995, 1373
1846, 1, 411, 480, 340, 0, 2.10%, 0, 0, 17, 714.50, 1166576, 1373
1851, 1, 297, 480, 340, 0, 2.10%, 0, 0, 17, 705.72, 1170217, 1373
1856, 1, 316, 482, 342, 0, 2.10%, 0, 0, 17, 63.73, 1173249, 1373
1861, 1, 322, 482, 342, 0, 2.10%, 0, 0, 17, 56.93, 1175991, 1373
1867, 1, 316, 482, 342, 0, 2.10%, 0, 0, 17, 510.94, 1178697, 1373
1872, 1, 213, 483, 343, 0, 2.10%, 0, 0, 17, 652.90, 1182091, 1373
1877, 1, 272, 484, 344, 0, 2.10%, 0, 0, 17, 711.13, 1185719, 1373
1882, 1, 483, 487, 347, 1, 2.10%, 0, 0, 17, 713.05, 1189328, 1373
1887, 1, 483, 487, 347, 1, 2.10%, 0, 0, 17, 714.40, 1192996, 1373
1892, 1, 204, 487, 346, 0, 2.10%, 0, 0, 17, 235.48, 1196154, 1373
1897, 1, 423, 487, 345, 0, 2.10%, 0, 0, 17, 610.29, 1199718, 1373
1902, 1, 399, 487, 345, 0, 2.10%, 0, 0, 17, 696.21, 1203430, 1373
1907, 1, 412, 487, 345, 0, 2.10%, 0, 0, 17, 714.61, 1207069, 1373
1913, 1, 412, 487, 345, 0, 2.10%, 0, 0, 17, 705.19, 1210636, 1373
1918, 1, 412, 487, 345, 0, 2.10%, 0, 0, 17, 732.55, 1214465, 1373
1923, 1, 399, 487, 345, 0, 2.10%, 0, 0, 17, 712.13, 1218016, 1373
1928, 1, 316, 487, 345, 0, 2.10%, 0, 0, 17, 545.06, 1220614, 1373
1933, 1, 279, 487, 345, 0, 2.10%, 0, 0, 17, 659.75, 1223460, 1373
1938, 1, 126, 487, 345, 0, 2.10%, 0, 0, 17, 692.61, 1226991, 1373
1943, 1, 296, 487, 345, 0, 2.10%, 0, 0, 17, 706.98, 1230678, 1373
1948, 1, 279, 488, 345, 0, 2.10%, 0, 0, 17, 701.48, 1232821, 1373
1954, 1, 226, 488, 345, 0, 2.10%, 0, 0, 17, 703.82, 1236508, 1373
1959, 1, 402, 488, 344, 0, 2.10%, 0, 0, 17, 701.18, 1240022, 1373
1964, 1, 402, 488, 344, 0, 2.10%, 0, 0, 17, 715.46, 1243666, 1373
1969, 1, 402, 488, 344, 0, 2.10%, 0, 0, 17, 730.93, 1247495, 1373
1974, 1, 415, 488, 344, 0, 2.10%, 0, 0, 17, 108.72, 1249534, 1373
1979, 1, 415, 488, 342, 0, 2.10%, 0, 0, 17, 496.27, 1252777, 1373
1984, 1, 415, 489, 343, 0, 2.10%, 0, 0, 17, 279.56, 1253870, 1373
1989, 1, 384, 489, 343, 0, 2.10%, 0, 0, 17, 534.00, 1256431, 1373
1994, 1, 384, 489, 343, 0, 2.10%, 0, 0, 17, 675.68, 1260036, 1373
2000, 1, 245, 489, 343, 0, 2.10%, 0, 0, 17, 680.22, 1263554, 1373
2005, 1, 325, 489, 343, 0, 2.10%, 0, 0, 17, 715.98, 1267272, 1373
2010, 1, 165, 489, 343, 0, 2.10%, 0, 0, 17, 105.69, 1268764, 1373
2015, 1, 386, 489, 342, 0, 2.10%, 0, 0, 17, 685.10, 1272017, 1373
2020, 1, 384, 489, 342, 0, 2.10%, 0, 0, 17, 713.21, 1275645, 1373
2025, 1, 325, 489, 342, 0, 2.10%, 0, 0, 17, 698.55, 1279283, 1373
2030, 1, 93, 489, 342, 0, 2.10%, 0, 0, 17, 706.85, 1282920, 1373
2035, 1, 411, 490, 343, 0, 2.10%, 0, 0, 17, 682.65, 1286264, 1373
2041, 1, 411, 490, 343, 0, 2.10%, 0, 0, 17, 722.53, 1289960, 1373
2046, 1, 411, 490, 343, 0, 2.10%, 0, 0, 17, 708.49, 1293516, 1373
2051, 1, 347, 490, 343, 0, 2.10%, 0, 0, 17, 717.86, 1297169, 1373
2056, 1, 347, 490, 343, 0, 2.10%, 0, 0, 17, 740.03, 1300931, 1373
2061, 1, 316, 490, 343, 0, 2.10%, 0, 0, 17, 723.46, 1304663, 1373
2066, 1, 423, 490, 343, 0, 2.10%, 0, 0, 17, 516.45, 1307788, 1373
2071, 1, 353, 490, 343, 0, 2.10%, 0, 0, 17, 676.94, 1311510, 1373
2076, 1, 213, 491, 343, 0, 2.10%, 0, 0, 17, 668.26, 1314856, 1373
2081, 1, 415, 491, 343, 0, 2.10%, 0, 0, 17, 329.63, 1316139, 1373
2086, 1, 372, 491, 343, 0, 2.10%, 0, 0, 17, 633.07, 1319848, 1373
2092, 1, 423, 491, 343, 0, 2.10%, 0, 0, 17, 702.30, 1323600, 1373
2097, 1, 325, 491, 343, 0, 2.10%, 0, 0, 17, 695.82, 1327121, 1373
2102, 1, 176, 492, 344, 0, 2.10%, 0, 0, 17, 722.54, 1330884, 1373
2107, 1, 411, 492, 344, 0, 2.10%, 0, 0, 17, 723.00, 1334577, 1373
2112, 1, 411, 492, 344, 0, 2.10%, 0, 0, 17, 716.44, 1338333, 1373
2117, 1, 423, 492, 344, 0, 2.10%, 0, 0, 17, 724.84, 1342065, 1373
2122, 1, 93, 492, 344, 0, 2.10%, 0, 0, 17, 712.15, 1345723, 1373
2128, 1, 399, 492, 344, 0, 2.10%, 0, 0, 17, 709.52, 1349392, 1373
2133, 1, 190, 492, 344, 0, 2.10%, 0, 0, 17, 723.45, 1353166, 1373
2138, 1, 466, 493, 345, 0, 2.10%, 0, 0, 17, 683.85, 1356427, 1373
2143, 1, 190, 493, 345, 0, 2.10%, 0, 0, 17, 716.36, 1360173, 1373
2148, 1, 347, 493, 344, 0, 2.10%, 0, 0, 17, 707.21, 1363749, 1373
2153, 1, 347, 493, 344, 0, 2.10%, 0, 0, 17, 742.20, 1367645, 1373
2158, 1, 134, 493, 344, 0, 2.10%, 0, 0, 17, 712.40, 1371184, 1373
2163, 1, 296, 493, 343, 0, 2.10%, 0, 0, 17, 629.62, 1374349, 1373
2168, 1, 423, 494, 344, 0, 2.10%, 0, 0, 17, 699.81, 1377907, 1373
2173, 1, 310, 494, 344, 0, 2.10%, 0, 0, 17, 696.81, 1381324, 1373
2178, 1, 411, 495, 344, 0, 2.10%, 0, 0, 17, 708.02, 1383774, 1373
2184, 1, 411, 495, 344, 0, 2.10%, 0, 0, 17, 720.71, 1387474, 1373
2189, 1, 411, 495, 344, 0, 2.10%, 0, 0, 17, 737.83, 1391198, 1373
2194, 1, 279, 495, 344, 0, 2.10%, 0, 0, 17, 742.84, 1394928, 1373
2199, 1, 93, 495, 344, 0, 2.10%, 0, 0, 17, 722.63, 1398519, 1373
2204, 1, 436, 495, 344, 0, 2.10%, 0, 0, 17, 736.46, 1402209, 1373
2209, 1, 399, 495, 344, 0, 2.10%, 0, 0, 17, 716.39, 1405926, 1373
2214, 1, 383, 495, 344, 0, 2.10%, 0, 0, 17, 737.28, 1409686, 1373
2219, 1, 297, 497, 346, 0, 2.10%, 0, 0, 17, 691.72, 1413278, 1373
2224, 1, 347, 498, 347, 0, 2.10%, 0, 0, 17, 679.22, 1416735, 1373
2229, 1, 347, 498, 347, 0, 2.10%, 0, 0, 17, 711.30, 1420309, 1373
2234, 1, 316, 498, 347, 0, 2.10%, 0, 0, 17, 743.49, 1424069, 1373
2239, 1, 483, 498, 347, 0, 2.10%, 0, 0, 17, 711.50, 1427547, 1373
2245, 1, 276, 498, 347, 0, 2.10%, 0, 0, 17, 740.05, 1431283, 1373
2250, 1, 402, 498, 347, 0, 2.10%, 0, 0, 17, 729.97, 1434971, 1373
2255, 1, 402, 498, 347, 0, 2.10%, 0, 0, 17, 746.15, 1438713, 1373
2260, 1, 415, 498, 347, 0, 2.10%, 0, 0, 17, 735.00, 1442374, 1373
2265, 1, 415, 498, 347, 0, 2.10%, 0, 0, 17, 191.64, 1443517, 1373
2270, 1, 279, 500, 349, 0, 2.10%, 0, 0, 17, 611.52, 1446904, 1373
2275, 1, 423, 500, 349, 0, 2.10%, 0, 0, 17, 710.88, 1450717, 1373
2280, 1, 402, 500, 349, 0, 2.10%, 0, 0, 17, 713.57, 1454300, 1373
2285, 1, 402, 500, 349, 0, 2.10%, 0, 0, 17, 724.04, 1457979, 1373
2290, 1, 402, 500, 349, 0, 2.10%, 0, 0, 17, 702.03, 1461563, 1373
2295, 1, 483, 500, 349, 0, 2.10%, 0, 0, 17, 727.22, 1465271, 1373
2300, 1, 483, 500, 349, 0, 2.10%, 0, 0, 17, 736.38, 1468952, 1373
2305, 1, 234, 500, 349, 0, 2.10%, 0, 0, 17, 711.13, 1472635, 1373
2311, 1, 423, 500, 349, 0, 2.10%, 0, 0, 17, 733.40, 1476469, 1373
2316, 1, 325, 500, 349, 0, 2.10%, 0, 0, 17, 676.76, 1479874, 1373
2321, 1, 311, 500, 349, 0, 2.10%, 0, 0, 17, 710.86, 1483505, 1373
2326, 1, 423, 500, 349, 0, 2.10%, 0, 0, 17, 728.09, 1487273, 1373
2331, 1, 368, 501, 350, 0, 2.12%, 0, 0, 17, 439.00, 1489511, 1390
2336, 1, 368, 501, 350, 0, 2.12%, 0, 0, 17, 237.69, 1490405, 1390
2341, 1, 368, 505, 354, 0, 2.12%, 0, 0, 17, 191.29, 1491316, 1392
2346, 1, 368, 505, 354, 0, 2.12%, 0, 0, 17, 162.67, 1492126, 1392
2352, 1, 368, 505, 354, 0, 2.12%, 0, 0, 17, 166.75, 1492975, 1392
2357, 1, 368, 506, 355, 0, 2.13%, 0, 0, 17, 161.96, 1493805, 1396
2362, 1, 368, 506, 355, 0, 2.13%, 0, 0, 17, 168.50, 1494693, 1396
2367, 1, 368, 506, 355, 0, 2.13%, 0, 0, 17, 163.26, 1495566, 1396
2372, 1, 368, 506, 355, 0, 2.13%, 0, 0, 17, 170.99, 1496457, 1396
2377, 1, 368, 506, 355, 0, 2.13%, 0, 0, 17, 161.99, 1497273, 1396
2382, 1, 368, 506, 355, 0, 2.13%, 0, 0, 17, 179.19, 1498173, 1396
2388, 1, 368, 506, 355, 0, 2.13%, 0, 0, 17, 170.64, 1499067, 1396
2393, 1, 368, 506, 355, 0, 2.13%, 0, 0, 17, 162.40, 1499877, 1396
2398, 1, 368, 507, 356, 0, 2.13%, 0, 0, 17, 172.42, 1500728, 1396
2403, 1, 368, 508, 357, 0, 2.13%, 0, 0, 17, 171.91, 1501608, 1396
2408, 1, 368, 509, 358, 0, 2.14%, 0, 0, 17, 169.69, 1502496, 1403
2413, 1, 368, 509, 358, 0, 2.14%, 0, 0, 17, 271.93, 1503715, 1403
2418, 1, 503, 509, 358, 6, 2.14%, 0, 0, 17, 588.72, 1507157, 1403
2423, 1, 383, 510, 358, 5, 2.14%, 0, 0, 17, 683.47, 1510657, 1403
2428, 1, 411, 510, 357, 4, 2.14%, 0, 0, 17, 709.02, 1513581, 1403
2433, 1, 411, 510, 357, 4, 2.14%, 0, 0, 17, 726.02, 1517274, 1403
2439, 1, 411, 510, 357, 4, 2.14%, 0, 0, 17, 734.43, 1521061, 1403
2444, 1, 507, 510, 357, 4, 2.14%, 0, 0, 17, 80.03, 1523248, 1403
2449, 1, 508, 510, 356, 3, 2.14%, 0, 0, 17, 76.75, 1524581, 1403
2454, 1, 508, 515, 361, 3, 2.14%, 0, 0, 17, 153.49, 1525443, 1403
2459, 1, 508, 517, 363, 3, 2.15%, 0, 0, 17, 172.00, 1526326, 1408
2464, 1, 508, 518, 364, 3, 2.15%, 0, 0, 17, 164.32, 1527147, 1408
2469, 1, 508, 518, 364, 3, 2.15%, 0, 0, 17, 177.81, 1528047, 1408
2474, 1, 508, 518, 364, 3, 2.15%, 0, 0, 17, 175.16, 1528938, 1408
2479, 1, 508, 518, 364, 3, 2.15%, 0, 0, 17, 170.93, 1529817, 1408
2484, 1, 508, 518, 364, 3, 2.15%, 0, 0, 17, 167.67, 1530681, 1408
2489, 1, 508, 518, 364, 3, 2.15%, 0, 0, 17, 174.24, 1531581, 1408
2495, 1, 508, 519, 365, 3, 2.15%, 0, 0, 17, 187.06, 1532528, 1409
2500, 1, 508, 520, 366, 3, 2.15%, 0, 0, 17, 157.42, 1533313, 1410
2505, 1, 508, 520, 366, 3, 2.15%, 0, 0, 17, 179.88, 1534258, 1410
2510, 1, 508, 520, 366, 3, 2.15%, 0, 0, 17, 173.83, 1535164, 1410
2515, 1, 508, 520, 366, 3, 2.15%, 0, 0, 17, 174.50, 1536025, 1410
2520, 1, 508, 520, 366, 3, 2.15%, 0, 0, 17, 184.35, 1536928, 1410
2525, 1, 511, 520, 365, 7, 2.15%, 0, 0, 17, 678.81, 1539644, 1410
2530, 1, 511, 520, 364, 6, 2.15%, 0, 0, 17, 557.66, 1542252, 1410
2536, 1, 511, 520, 364, 6, 2.15%, 0, 0, 17, 620.75, 1545368, 1410
2541, 1, 511, 520, 364, 6, 2.15%, 0, 0, 17, 706.40, 1549042, 1410
2546, 1, 511, 520, 364, 6, 2.15%, 0, 0, 17, 623.16, 1552114, 1410
2551, 1, 511, 520, 364, 6, 2.15%, 0, 0, 17, 675.07, 1555526, 1410
2556, 1, 316, 521, 365, 6, 2.15%, 0, 0, 17, 679.14, 1558770, 1410
2561, 1, 316, 521, 364, 5, 2.15%, 0, 0, 17, 633.42, 1559965, 1410
2566, 1, 516, 521, 364, 5, 2.15%, 0, 0, 17, 105.89, 1562436, 1410
2571, 1, 213, 521, 363, 4, 2.15%, 0, 0, 17, 452.81, 1564651, 1410
2576, 1, 514, 521, 363, 4, 2.15%, 0, 0, 17, 673.03, 1566241, 1410
2582, 1, 411, 521, 362, 3, 2.15%, 0, 0, 17, 704.36, 1569907, 1410
2587, 1, 411, 521, 362, 3, 2.15%, 0, 0, 17, 730.44, 1573561, 1410
2592, 1, 502, 521, 362, 3, 2.15%, 0, 0, 17, 77.86, 1576579, 1410
2597, 1, 316, 521, 361, 2, 2.15%, 0, 0, 17, 706.30, 1577850, 1410
2602, 1, 511, 522, 362, 2, 2.15%, 0, 0, 17, 616.91, 1580857, 1410
2607, 1, 511, 522, 362, 2, 2.15%, 0, 0, 17, 646.49, 1584063, 1410
2612, 1, 474, 522, 362, 2, 2.15%, 0, 0, 17, 701.16, 1587843, 1410
2617, 1, 511, 522, 361, 2, 2.15%, 0, 0, 17, 385.54, 1590906, 1410
2622, 1, 511, 522, 361, 2, 2.15%, 0, 0, 17, 588.87, 1593975, 1410
2628, 1, 399, 522, 361, 2, 2.15%, 0, 0, 17, 705.46, 1597813, 1410
2633, 1, 399, 522, 361, 2, 2.15%, 0, 0, 17, 716.14, 1601352, 1410
2638, 1, 402, 522, 361, 2, 2.15%, 0, 0, 17, 711.01, 1604936, 1410
2643, 1, 402, 522, 361, 2, 2.15%, 0, 0, 17, 718.49, 1608566, 1410
2648, 1, 402, 522, 361, 2, 2.15%, 0, 0, 17, 739.28, 1612311, 1410
2653, 1, 470, 523, 360, 2, 2.15%, 0, 0, 18, 704.10, 1615832, 1410
2658, 1, 316, 523, 359, 2, 2.15%, 0, 0, 18, 642.43, 1619167, 1410
2663, 1, 515, 524, 359, 2, 2.15%, 0, 0, 18, 75.58, 1622404, 1410
2668, 1, 423, 524, 358, 1, 2.15%, 0, 0, 18, 746.14, 1624207, 1410
2673, 1, 316, 524, 357, 1, 2.15%, 0, 0, 18, 653.59, 1627569, 1410
2678, 1, 411, 524, 357, 1, 2.15%, 0, 0, 18, 695.35, 1631022, 1410
2683, 1, 411, 525, 358, 1, 2.15%, 0, 0, 18, 697.69, 1634555, 1410
2689, 1, 411, 525, 358, 1, 2.15%, 0, 0, 18, 733.34, 1638393, 1410
2694, 1, 423, 525, 358, 1, 2.15%, 0, 0, 18, 730.40, 1642029, 1410
2699, 1, 511, 525, 358, 1, 2.15%, 0, 0, 18, 637.14, 1645174, 1410
2704, 1, 511, 525, 358, 1, 2.15%, 0, 0, 18, 718.44, 1648887, 1410
2709, 1, 511, 525, 358, 1, 2.15%, 0, 0, 18, 663.50, 1652342, 1410
2714, 1, 511, 525, 358, 1, 2.15%, 0, 0, 18, 662.13, 1655548, 1410
2719, 1, 316, 525, 358, 1, 2.15%, 0, 0, 18, 725.44, 1659419, 1410
2724, 1, 511, 525, 358, 1, 2.15%, 0, 0, 18, 512.65, 1662085, 1410
2729, 1, 511, 525, 358, 1, 2.15%, 0, 0, 18, 103.67, 1664509, 1410
2734, 1, 511, 525, 358, 1, 2.15%, 0, 0, 18, 637.02, 1666808, 1410
2740, 1, 465, 525, 358, 1, 2.15%, 0, 0, 18, 726.40, 1670671, 1410
2745, 1, 316, 525, 358, 1, 2.15%, 0, 0, 18, 629.32, 1673930, 1410
2750, 1, 447, 525, 356, 1, 2.15%, 0, 0, 18, 654.52, 1677213, 1410
2755, 1, 447, 525, 356, 1, 2.15%, 0, 0, 18, 693.74, 1680712, 1410
2760, 1, 447, 525, 356, 1, 2.15%, 0, 0, 18, 726.89, 1684405, 1410
2765, 1, 511, 526, 357, 1, 2.15%, 0, 0, 18, 589.06, 1687191, 1410
2770, 1, 511, 527, 358, 1, 2.15%, 0, 0, 18, 559.87, 1689861, 1410
2775, 1, 511, 527, 358, 1, 2.15%, 0, 0, 18, 576.71, 1692798, 1410
2780, 1, 511, 527, 358, 1, 2.15%, 0, 0, 18, 600.80, 1695816, 1410
2785, 1, 511, 527, 358, 1, 2.15%, 0, 0, 18, 678.19, 1699294, 1410
2791, 1, 525, 536, 367, 2, 2.15%, 0, 0, 18, 550.51, 1702007, 1410
2796, 1, 525, 537, 368, 2, 2.15%, 0, 0, 18, 570.54, 1704905, 1410
2801, 1, 525, 537, 368, 2, 2.15%, 0, 0, 18, 556.86, 1707772, 1410
2806, 1, 525, 537, 368, 2, 2.15%, 0, 0, 18, 616.87, 1710858, 1410
2811, 1, 529, 537, 367, 4, 2.15%, 0, 0, 18, 607.91, 1714078, 1410
2816, 1, 529, 537, 367, 4, 2.15%, 0, 0, 18, 82.73, 1716844, 1410
2821, 1, 529, 538, 367, 3, 2.15%, 0, 0, 18, 650.01, 1719968, 1410
2826, 1, 537, 538, 367, 4, 2.15%, 0, 0, 18, 635.75, 1722747, 1410
2831, 1, 423, 538, 366, 3, 2.15%, 0, 0, 18, 681.15, 1726296, 1410
2836, 1, 439, 539, 367, 3, 2.15%, 0, 0, 18, 718.46, 1729973, 1410
2842, 1, 537, 539, 367, 3, 2.15%, 0, 0, 18, 707.05, 1733682, 1410
2847, 1, 537, 539, 367, 3, 2.15%, 0, 0, 18, 694.56, 1737246, 1410
2852, 1, 537, 539, 367, 3, 2.15%, 0, 0, 18, 731.16, 1740973, 1410
2857, 1, 537, 539, 367, 3, 2.15%, 0, 0, 18, 727.69, 1744585, 1410
2862, 1, 423, 539, 367, 3, 2.15%, 0, 0, 18, 691.01, 1748114, 1410
2867, 1, 531, 539, 366, 2, 2.15%, 0, 0, 18, 629.14, 1751240, 1410
2872, 1, 524, 540, 366, 1, 2.15%, 0, 0, 18, 677.23, 1754654, 1410
2877, 1, 423, 540, 365, 1, 2.15%, 0, 0, 18, 635.05, 1758055, 1410
2882, 1, 316, 540, 364, 1, 2.15%, 0, 0, 18, 658.89, 1761452, 1410
2887, 1, 316, 540, 363, 1, 2.15%, 0, 0, 18, 690.29, 1764776, 1410
2892, 1, 245, 541, 363, 1, 2.15%, 0, 0, 18, 715.21, 1768414, 1410
2897, 1, 412, 541, 363, 2, 2.15%, 0, 0, 18, 726.74, 1772111, 1410
2902, 1, 412, 541, 363, 2, 2.15%, 0, 0, 18, 725.42, 1775916, 1410
2907, 1, 540, 541, 363, 2, 2.15%, 0, 0, 18, 733.77, 1779632, 1410
2913, 1, 295, 542, 362, 1, 2.15%, 0, 0, 18, 738.57, 1783407, 1410
2918, 1, 537, 542, 362, 1, 2.15%, 0, 0, 18, 699.70, 1787051, 1410
2923, 1, 537, 542, 362, 1, 2.15%, 0, 0, 18, 703.22, 1790628, 1410
2928, 1, 537, 542, 362, 1, 2.15%, 0, 0, 18, 725.21, 1794268, 1410
2933, 1, 537, 542, 362, 1, 2.15%, 0, 0, 18, 695.15, 1797826, 1410
2938, 1, 537, 542, 362, 1, 2.15%, 0, 0, 18, 696.73, 1801385, 1410
2943, 1, 537, 542, 362, 1, 2.15%, 0, 0, 18, 731.89, 1805251, 1410
2948, 1, 485, 542, 362, 1, 2.15%, 0, 0, 18, 705.94, 1808769, 1410
2954, 1, 316, 542, 359, 1, 2.15%, 0, 0, 18, 694.86, 1812327, 1410
2959, 1, 384, 544, 361, 2, 2.15%, 0, 0, 18, 733.80, 1815587, 1411
2964, 1, 423, 544, 361, 2, 2.15%, 0, 0, 18, 725.37, 1819225, 1411
2969, 1, 423, 544, 361, 2, 2.15%, 0, 0, 18, 732.88, 1822899, 1411
2974, 1, 542, 545, 362, 2, 2.15%, 0, 0, 18, 111.37, 1826266, 1411
2979, 1, 542, 545, 362, 2, 2.15%, 0, 0, 18, 119.61, 1827212, 1411
2984, 1, 537, 545, 361, 1, 2.15%, 0, 0, 18, 493.02, 1830384, 1411
2989, 1, 537, 545, 361, 1, 2.15%, 0, 0, 18, 626.80, 1833642, 1411
2994, 1, 537, 547, 363, 1, 2.15%, 0, 0, 18, 699.60, 1837289, 1411
2999, 1, 537, 547, 363, 1, 2.15%, 0, 0, 18, 731.49, 1840978, 1411
3004, 1, 546, 549, 365, 2, 2.15%, 0, 0, 18, 621.56, 1843985, 1411
3009, 1, 546, 549, 365, 2, 2.15%, 0, 0, 18, 605.96, 1847093, 1411
3014, 1, 546, 549, 365, 2, 2.15%, 0, 0, 18, 647.08, 1850273, 1411
3019, 1, 485, 549, 364, 1, 2.15%, 0, 0, 18, 704.13, 1853907, 1411
3024, 1, 485, 549, 364, 1, 2.15%, 0, 0, 18, 730.62, 1857725, 1411
3029, 1, 537, 549, 363, 1, 2.15%, 0, 0, 18, 711.15, 1861368, 1411
3035, 1, 537, 549, 363, 1, 2.15%, 0, 0, 18, 672.70, 1864790, 1411
3040, 1, 537, 549, 363, 1, 2.15%, 0, 0, 18, 695.28, 1868372, 1411
3045, 1, 537, 549, 363, 1, 2.15%, 0, 0, 18, 695.66, 1871753, 1411
3050, 1, 537, 549, 363, 1, 2.15%, 0, 0, 18, 679.39, 1875181, 1411
3055, 1, 537, 549, 363, 1, 2.15%, 0, 0, 18, 680.26, 1878532, 1411
3060, 1, 537, 549, 363, 1, 2.15%, 0, 0, 18, 730.04, 1882268, 1411
3065, 1, 360, 549, 363, 1, 2.15%, 0, 0, 18, 715.10, 1885987, 1411
3070, 1, 325, 549, 362, 1, 2.15%, 0, 0, 18, 552.23, 1889024, 1411
3075, 1, 537, 549, 362, 1, 2.15%, 0, 0, 18, 638.22, 1892325, 1411
3080, 1, 537, 549, 362, 1, 2.15%, 0, 0, 18, 641.56, 1895518, 1411
3085, 1, 537, 550, 363, 1, 2.15%, 0, 0, 18, 713.33, 1899190, 1411
3090, 1, 537, 550, 363, 1, 2.15%, 0, 0, 18, 741.66, 1903068, 1411
3095, 1, 537, 550, 362, 1, 2.15%, 0, 0, 18, 694.96, 1906571, 1411
3101, 1, 537, 550, 362, 1, 2.15%, 0, 0, 18, 722.24, 1910296, 1411
3106, 1, 537, 550, 362, 1, 2.15%, 0, 0, 18, 697.85, 1913738, 1411
3111, 1, 423, 550, 362, 1, 2.15%, 0, 0, 18, 700.06, 1917241, 1411
3116, 1, 537, 550, 361, 1, 2.15%, 0, 0, 18, 675.68, 1920725, 1411
3121, 1, 537, 550, 361, 1, 2.15%, 0, 0, 18, 696.85, 1924284, 1411
3126, 1, 537, 550, 361, 1, 2.15%, 0, 0, 18, 710.96, 1928045, 1411
3131, 1, 316, 550, 360, 1, 2.15%, 0, 0, 18, 727.80, 1931869, 1411
3136, 1, 537, 550, 360, 1, 2.15%, 0, 0, 18, 647.20, 1934813, 1411
3141, 1, 537, 550, 360, 1, 2.15%, 0, 0, 18, 684.71, 1938263, 1411
3146, 1, 537, 552, 362, 1, 2.15%, 0, 0, 18, 709.71, 1941888, 1411
3151, 1, 537, 552, 362, 1, 2.15%, 0, 0, 18, 741.75, 1945766, 1411
3157, 1, 268, 552, 361, 1, 2.15%, 0, 0, 18, 725.58, 1949316, 1411
3162, 1, 537, 552, 360, 1, 2.15%, 0, 0, 18, 633.94, 1952294, 1411
3167, 1, 537, 552, 360, 1, 2.15%, 0, 0, 18, 667.52, 1955761, 1411
3172, 1, 537, 552, 360, 1, 2.15%, 0, 0, 18, 721.84, 1959443, 1411
3177, 1, 537, 552, 360, 1, 2.15%, 0, 0, 18, 719.17, 1963055, 1411
3182, 1, 537, 552, 359, 1, 2.15%, 0, 0, 18, 677.34, 1966359, 1411
3187, 1, 537, 552, 359, 1, 2.15%, 0, 0, 18, 694.52, 1969857, 1411
3192, 1, 537, 552, 359, 1, 2.15%, 0, 0, 18, 708.40, 1973611, 1411
3197, 1, 423, 552, 358, 1, 2.15%, 0, 0, 18, 720.36, 1977387, 1411
3202, 1, 494, 552, 358, 1, 2.15%, 0, 0, 18, 709.90, 1981049, 1411
3208, 1, 537, 552, 358, 1, 2.15%, 0, 0, 18, 702.54, 1984643, 1411
3213, 1, 537, 552, 358, 1, 2.15%, 0, 0, 18, 655.76, 1987964, 1411
3218, 1, 537, 552, 358, 1, 2.15%, 0, 0, 18, 723.31, 1991662, 1411
3223, 1, 537, 552, 358, 1, 2.15%, 0, 0, 18, 719.15, 1995434, 1411
3228, 1, 537, 552, 358, 1, 2.15%, 0, 0, 18, 720.65, 1999033, 1411
3233, 1, 537, 552, 358, 1, 2.15%, 0, 0, 18, 675.47, 2002390, 1411
3238, 1, 537, 552, 358, 1, 2.15%, 0, 0, 18, 708.94, 2006044, 1411
3243, 1, 537, 552, 358, 1, 2.15%, 0, 0, 18, 712.70, 2009642, 1411
3248, 1, 537, 552, 358, 1, 2.15%, 0, 0, 18, 683.88, 2013074, 1411
3253, 1, 537, 552, 358, 1, 2.15%, 0, 0, 18, 723.75, 2016797, 1411
3259, 1, 537, 552, 358, 1, 2.15%, 0, 0, 18, 734.55, 2020639, 1411
3264, 1, 296, 552, 358, 1, 2.15%, 0, 0, 18, 730.76, 2024412, 1411
3269, 1, 485, 552, 358, 1, 2.15%, 0, 0, 18, 710.20, 2027920, 1411
3274, 1, 485, 552, 358, 1, 2.15%, 0, 0, 18, 717.45, 2031528, 1411
3279, 1, 297, 552, 358, 1, 2.15%, 0, 0, 18, 739.48, 2035328, 1411
3284, 1, 423, 552, 358, 1, 2.15%, 0, 0, 18, 635.06, 2038302, 1411
3289, 1, 415, 552, 358, 1, 2.15%, 0, 0, 18, 318.58, 2039539, 1411
3294, 1, 213, 552, 358, 1, 2.15%, 0, 0, 18, 616.89, 2043055, 1411
3299, 1, 411, 552, 357, 1, 2.15%, 0, 0, 18, 695.40, 2046675, 1411
3304, 1, 411, 552, 357, 1, 2.15%, 0, 0, 18, 717.34, 2050321, 1411
3310, 1, 411, 552, 357, 1, 2.15%, 0, 0, 18, 725.81, 2054094, 1411
3315, 1, 537, 552, 357, 1, 2.15%, 0, 0, 18, 667.51, 2057498, 1411
3320, 1, 537, 552, 357, 1, 2.15%, 0, 0, 18, 683.98, 2060916, 1411
3325, 1, 537, 552, 357, 1, 2.15%, 0, 0, 18, 719.83, 2064603, 1411
3330, 1, 140, 553, 357, 1, 2.15%, 0, 0, 18, 715.90, 2068222, 1411
3335, 1, 537, 553, 357, 1, 2.15%, 0, 0, 18, 722.38, 2071938, 1411
3340, 1, 537, 553, 357, 1, 2.15%, 0, 0, 18, 649.61, 2075148, 1411
3345, 1, 537, 553, 357, 1, 2.15%, 0, 0, 18, 697.36, 2078717, 1411
3350, 1, 537, 553, 357, 1, 2.15%, 0, 0, 18, 728.25, 2082547, 1411
3355, 1, 518, 553, 357, 1, 2.15%, 0, 0, 18, 149.55, 2083574, 1411
3361, 1, 537, 553, 356, 0, 2.15%, 0, 0, 18, 699.73, 2087034, 1411
3366, 1, 537, 553, 356, 0, 2.15%, 0, 0, 18, 714.34, 2090550, 1411
3371, 1, 537, 553, 356, 0, 2.15%, 0, 0, 18, 714.53, 2094168, 1411
3376, 1, 93, 553, 356, 0, 2.15%, 0, 0, 18, 647.82, 2097419, 1411
3381, 1, 435, 553, 355, 0, 2.15%, 0, 0, 18, 674.26, 2100549, 1411
3386, 1, 537, 553, 355, 0, 2.15%, 0, 0, 18, 671.84, 2104047, 1411
3391, 1, 537, 553, 355, 0, 2.15%, 0, 0, 18, 698.27, 2107583, 1411
3396, 1, 537, 553, 355, 0, 2.15%, 0, 0, 18, 703.46, 2111167, 1411
3401, 1, 537, 553, 355, 0, 2.15%, 0, 0, 18, 651.79, 2114483, 1411
3406, 1, 537, 553, 355, 0, 2.15%, 0, 0, 18, 660.22, 2117760, 1411
3411, 1, 537, 553, 355, 0, 2.15%, 0, 0, 18, 721.46, 2121462, 1411
3416, 1, 537, 553, 355, 0, 2.15%, 0, 0, 18, 700.38, 2124992, 1411
3421, 1, 537, 553, 355, 0, 2.15%, 0, 0, 18, 663.17, 2128246, 1411
3426, 1, 537, 553, 355, 0, 2.15%, 0, 0, 18, 703.24, 2131869, 1411
3431, 1, 537, 553, 355, 0, 2.15%, 0, 0, 18, 697.82, 2135465, 1411
3436, 1, 537, 553, 355, 0, 2.15%, 0, 0, 18, 665.43, 2138754, 1411
3441, 1, 537, 553, 355, 0, 2.15%, 0, 0, 18, 635.50, 2141890, 1411
3446, 1, 537, 554, 356, 0, 2.15%, 0, 0, 18, 671.43, 2145162, 1412
3452, 1, 415, 554, 356, 1, 2.15%, 0, 0, 18, 478.13, 2147651, 1412
3457, 1, 537, 554, 356, 1, 2.15%, 0, 0, 18, 576.21, 2150213, 1412
3462, 1, 537, 554, 356, 1, 2.15%, 0, 0, 18, 644.72, 2153627, 1412
3467, 1, 537, 554, 356, 1, 2.15%, 0, 0, 18, 706.97, 2157236, 1412
3472, 1, 537, 554, 356, 1, 2.15%, 0, 0, 18, 687.39, 2160776, 1412
3477, 1, 537, 554, 356, 1, 2.15%, 0, 0, 18, 672.86, 2164251, 1412
3482, 1, 537, 554, 356, 1, 2.15%, 0, 0, 18, 693.44, 2167764, 1412
3487, 1, 537, 554, 356, 1, 2.15%, 0, 0, 18, 722.43, 2171423, 1412
3492, 1, 423, 554, 356, 1, 2.15%, 0, 0, 18, 723.84, 2175093, 1412
3497, 1, 445, 554, 356, 1, 2.15%, 0, 0, 18, 699.78, 2178561, 1412
3502, 1, 423, 554, 356, 1, 2.15%, 0, 0, 18, 727.13, 2182348, 1412
3508, 1, 485, 554, 356, 1, 2.15%, 0, 0, 18, 726.03, 2185984, 1412
3513, 1, 383, 554, 356, 1, 2.15%, 0, 0, 18, 711.58, 2189627, 1412
3518, 1, 423, 554, 356, 1, 2.15%, 0, 0, 18, 719.31, 2193390, 1412
3523, 1, 439, 554, 356, 1, 2.15%, 0, 0, 18, 723.29, 2196983, 1412
3528, 1, 423, 554, 356, 1, 2.15%, 0, 0, 18, 684.35, 2200370, 1412
3533, 1, 537, 554, 356, 1, 2.15%, 0, 0, 18, 656.55, 2203677, 1412
3538, 1, 537, 554, 356, 1, 2.15%, 0, 0, 18, 679.95, 2207084, 1412
3543, 1, 537, 554, 356, 1, 2.15%, 0, 0, 18, 708.85, 2210661, 1412
3548, 1, 537, 554, 356, 1, 2.15%, 0, 0, 18, 90.03, 2211658, 1412
3553, 1, 316, 554, 355, 1, 2.15%, 0, 0, 18, 585.79, 2214097, 1412
3558, 1, 540, 554, 355, 1, 2.15%, 0, 0, 18, 680.71, 2217768, 1412
3563, 1, 540, 554, 355, 1, 2.15%, 0, 0, 18, 712.39, 2221364, 1412
3569, 1, 537, 554, 355, 1, 2.15%, 0, 0, 18, 671.41, 2224899, 1412
3574, 1, 537, 554, 355, 1, 2.15%, 0, 0, 18, 667.43, 2228240, 1412
3579, 1, 537, 554, 355, 1, 2.15%, 0, 0, 18, 718.71, 2231918, 1412
3584, 1, 537, 554, 355, 1, 2.15%, 0, 0, 18, 739.09, 2235656, 1412
3589, 1, 316, 554, 354, 1, 2.15%, 0, 0, 18, 726.00, 2239259, 1412
3594, 1, 386, 554, 354, 1, 2.15%, 0, 0, 18, 676.33, 2242325, 1412
3599, 1, 537, 554, 354, 1, 2.15%, 0, 0, 18, 680.57, 2245921, 1412
3604, 1, 537, 554, 354, 1, 2.15%, 0, 0, 18, 677.19, 2249378, 1412
3609, 1, 537, 554, 354, 1, 2.15%, 0, 0, 18, 722.15, 2253068, 1412
3614, 1, 325, 554, 354, 1, 2.15%, 0, 0, 18, 734.96, 2256892, 1412
3619, 1, 411, 554, 354, 1, 2.15%, 0, 0, 18, 729.97, 2260556, 1412
3624, 1, 411, 554, 354, 1, 2.15%, 0, 0, 18, 739.62, 2264256, 1412
3630, 1, 411, 554, 354, 1, 2.15%, 0, 0, 18, 725.36, 2268015, 1412
3635, 1, 537, 554, 354, 1, 2.15%, 0, 0, 18, 666.79, 2271337, 1412
3640, 1, 537, 554, 354, 1, 2.15%, 0, 0, 18, 714.00, 2275064, 1412
3645, 1, 537, 554, 354, 1, 2.15%, 0, 0, 18, 733.69, 2278808, 1412
3650, 1, 518, 554, 354, 1, 2.15%, 0, 0, 18, 668.07, 2282295, 1412
3655, 1, 518, 554, 354, 1, 2.15%, 0, 0, 18, 365.92, 2283457, 1412
3660, 1, 537, 554, 353, 1, 2.15%, 0, 0, 18, 619.95, 2286211, 1412
3666, 1, 537, 554, 353, 1, 2.15%, 0, 0, 18, 650.76, 2289584, 1412
3671, 1, 537, 554, 353, 1, 2.15%, 0, 0, 18, 699.34, 2293159, 1412
3676, 1, 537, 554, 353, 1, 2.15%, 0, 0, 18, 696.54, 2296657, 1412
3681, 1, 537, 554, 352, 1, 2.15%, 0, 0, 18, 703.34, 2300288, 1412
3686, 1, 537, 554, 352, 1, 2.15%, 0, 0, 18, 639.49, 2303481, 1412
3691, 1, 537, 554, 352, 1, 2.15%, 0, 0, 18, 675.95, 2306978, 1412
3696, 1, 537, 554, 352, 1, 2.15%, 0, 0, 18, 723.58, 2310673, 1412
3701, 1, 296, 554, 352, 1, 2.15%, 0, 0, 18, 703.69, 2314108, 1412
3706, 1, 284, 554, 352, 1, 2.15%, 0, 0, 18, 711.45, 2317790, 1412
3711, 1, 444, 555, 352, 1, 2.15%, 0, 0, 18, 676.51, 2320917, 1412
3716, 1, 402, 555, 351, 1, 2.15%, 0, 0, 18, 707.91, 2324537, 1412
3721, 1, 402, 555, 351, 1, 2.15%, 0, 0, 18, 728.98, 2328223, 1412
3726, 1, 68, 555, 351, 1, 2.15%, 0, 0, 18, 717.93, 2331817, 1412
3731, 1, 468, 555, 350, 1, 2.15%, 0, 0, 18, 712.03, 2335337, 1412
3737, 1, 135, 555, 348, 1, 2.15%, 0, 0, 18, 667.25, 2338632, 1412
3742, 1, 553, 555, 348, 1, 2.15%, 0, 0, 18, 35.91, 2341069, 1412
