# relative_time, cycles_done, cur_item, corpus_count, pending_total, pending_favs, map_size, saved_crashes, saved_hangs, max_depth, execs_per_sec, total_execs, edges_found
61, 0, 0, 34, 21, 1, 1.71%, 0, 1, 2, 79.71, 11578, 1119
66, 0, 0, 34, 21, 1, 1.71%, 0, 1, 2, 83.87, 12018, 1119
71, 0, 0, 34, 21, 1, 1.71%, 0, 1, 2, 81.54, 12420, 1119
76, 0, 0, 35, 22, 1, 1.71%, 0, 1, 2, 91.98, 12899, 1119
81, 0, 0, 36, 23, 1, 1.72%, 0, 1, 2, 82.26, 13321, 1125
87, 0, 0, 36, 23, 1, 1.72%, 0, 1, 2, 83.88, 13738, 1125
92, 0, 0, 38, 25, 1, 1.73%, 0, 1, 2, 83.53, 14184, 1132
97, 0, 0, 39, 26, 1, 1.73%, 0, 1, 2, 86.96, 14627, 1132
102, 0, 0, 39, 26, 1, 1.73%, 0, 1, 2, 84.87, 15069, 1132
107, 0, 0, 39, 26, 1, 1.73%, 0, 1, 2, 88.55, 15514, 1132
112, 0, 28, 41, 26, 5, 1.73%, 0, 1, 2, 150.51, 16277, 1132
117, 0, 22, 41, 24, 3, 1.73%, 0, 1, 2, 290.95, 17244, 1132
122, 0, 38, 42, 24, 3, 1.73%, 0, 1, 3, 305.02, 18026, 1133
128, 0, 22, 42, 21, 0, 1.73%, 0, 1, 3, 105.29, 18935, 1133
133, 0, 22, 43, 22, 0, 1.73%, 0, 1, 3, 251.58, 20397, 1133
138, 0, 38, 45, 24, 0, 1.76%, 0, 1, 3, 265.48, 21720, 1155
143, 0, 22, 45, 23, 1, 1.76%, 0, 1, 3, 293.17, 23265, 1155
148, 0, 22, 45, 21, 0, 1.76%, 0, 1, 3, 263.67, 24566, 1155
153, 0, 44, 46, 22, 0, 1.76%, 0, 1, 4, 284.23, 26075, 1155
158, 0, 45, 47, 23, 1, 1.76%, 0, 1, 4, 291.16, 27535, 1155
163, 0, 22, 47, 22, 0, 1.76%, 0, 1, 4, 283.99, 28996, 1155
169, 0, 27, 49, 24, 0, 1.80%, 0, 1, 4, 250.28, 30229, 1177
174, 0, 48, 49, 24, 2, 1.80%, 0, 1, 4, 268.80, 31594, 1177
179, 0, 22, 49, 22, 1, 1.80%, 0, 1, 4, 270.55, 32970, 1177
184, 0, 9, 49, 21, 0, 1.80%, 0, 1, 4, 254.76, 34246, 1177
189, 1, 49, 50, 22, 1, 2.02%, 0, 1, 4, 26.55, 34759, 1327
194, 1, 11, 50, 21, 0, 2.02%, 0, 2, 4, 269.45, 35724, 1327
199, 1, 17, 50, 21, 0, 2.02%, 0, 2, 4, 270.25, 37123, 1327
204, 1, 45, 52, 23, 0, 2.03%, 0, 2, 5, 257.61, 38412, 1328
209, 1, 45, 52, 23, 0, 2.03%, 0, 2, 5, 263.61, 39733, 1328
214, 1, 50, 52, 23, 1, 2.03%, 0, 2, 5, 265.71, 41069, 1328
219, 1, 49, 52, 21, 0, 2.03%, 0, 2, 5, 242.61, 42366, 1328
225, 1, 22, 52, 21, 0, 2.03%, 0, 3, 5, 118.50, 42907, 1328
230, 1, 9, 52, 21, 0, 2.03%, 0, 3, 5, 232.57, 44214, 1328
235, 1, 22, 52, 20, 0, 2.03%, 0, 3, 5, 262.68, 45606, 1328
240, 1, 48, 52, 20, 0, 2.03%, 0, 3, 5, 269.90, 46979, 1328
245, 1, 6, 52, 20, 0, 2.03%, 0, 3, 5, 271.82, 48325, 1328
250, 1, 50, 53, 20, 0, 2.03%, 0, 3, 6, 262.25, 49637, 1328
255, 1, 11, 53, 20, 0, 2.03%, 0, 3, 6, 285.22, 51142, 1328
260, 1, 22, 53, 20, 0, 2.03%, 0, 3, 6, 286.90, 52614, 1328
265, 1, 53, 55, 22, 1, 2.06%, 0, 3, 6, 283.42, 54028, 1352
270, 1, 27, 55, 20, 0, 2.06%, 0, 3, 6, 283.85, 55469, 1352
275, 1, 9, 55, 20, 0, 2.06%, 0, 3, 6, 276.56, 56825, 1352
280, 1, 45, 55, 20, 0, 2.06%, 0, 3, 6, 274.23, 58177, 1352
286, 1, 9, 56, 20, 0, 2.07%, 0, 3, 6, 275.39, 59595, 1354
291, 2, 5, 56, 19, 0, 2.07%, 0, 3, 6, 280.24, 61070, 1354
296, 2, 22, 56, 19, 0, 2.07%, 0, 3, 6, 281.30, 62529, 1354
301, 2, 47, 57, 20, 0, 2.07%, 0, 3, 6, 270.04, 63880, 1354
306, 2, 41, 57, 20, 0, 2.07%, 0, 3, 6, 280.46, 65368, 1354
311, 2, 5, 57, 20, 0, 2.07%, 0, 3, 6, 276.95, 66760, 1354
316, 2, 22, 57, 20, 0, 2.07%, 0, 3, 6, 283.62, 68261, 1354
322, 2, 22, 57, 20, 0, 2.07%, 0, 3, 6, 289.55, 69775, 1354
327, 2, 27, 57, 20, 0, 2.07%, 0, 3, 6, 276.40, 71195, 1354
332, 2, 22, 57, 20, 0, 2.07%, 0, 3, 6, 287.17, 72694, 1354
337, 2, 11, 57, 20, 0, 2.07%, 0, 3, 6, 277.92, 74113, 1354
342, 2, 45, 57, 20, 0, 2.07%, 0, 3, 6, 287.94, 75621, 1354
347, 2, 53, 57, 20, 0, 2.07%, 0, 3, 6, 290.50, 77130, 1354
352, 2, 5, 57, 20, 0, 2.07%, 0, 3, 6, 286.50, 78564, 1354
358, 2, 9, 57, 20, 0, 2.07%, 0, 3, 6, 289.22, 80059, 1354
363, 2, 22, 57, 20, 0, 2.07%, 0, 3, 6, 275.98, 81432, 1354
368, 2, 43, 57, 20, 0, 2.07%, 0, 3, 6, 277.39, 82901, 1354
373, 3, 27, 57, 20, 0, 2.07%, 0, 3, 6, 275.89, 84301, 1354
378, 3, 54, 57, 20, 0, 2.07%, 0, 3, 6, 300.79, 85432, 1354
383, 3, 22, 57, 20, 0, 2.07%, 0, 3, 6, 285.73, 86857, 1354
388, 3, 11, 57, 20, 0, 2.07%, 0, 3, 6, 292.98, 88299, 1354
393, 3, 22, 57, 19, 0, 2.07%, 0, 3, 6, 289.91, 89665, 1354
398, 3, 22, 57, 19, 0, 2.07%, 0, 3, 6, 236.96, 90632, 1354
403, 3, 50, 57, 19, 0, 2.07%, 0, 3, 6, 275.52, 92098, 1354
409, 3, 49, 57, 19, 0, 2.07%, 0, 3, 6, 40.66, 93401, 1354
415, 3, 22, 57, 19, 0, 2.07%, 0, 3, 6, 295.69, 94649, 1354
420, 3, 22, 57, 19, 0, 2.07%, 0, 3, 6, 274.54, 96003, 1354
425, 3, 12, 57, 19, 0, 2.07%, 0, 3, 6, 286.37, 97494, 1354
430, 3, 27, 57, 18, 0, 2.07%, 0, 3, 6, 294.27, 99013, 1354
435, 3, 55, 57, 18, 0, 2.07%, 0, 3, 6, 270.42, 100402, 1354
440, 3, 49, 57, 18, 0, 2.07%, 0, 3, 6, 18.52, 101515, 1354
445, 3, 11, 57, 18, 0, 2.07%, 0, 6, 6, 306.93, 101737, 1354
450, 3, 55, 57, 17, 0, 2.07%, 0, 6, 6, 286.20, 103173, 1354
456, 3, 22, 57, 17, 0, 2.07%, 0, 6, 6, 287.98, 104628, 1354
461, 3, 50, 57, 17, 0, 2.07%, 0, 6, 6, 279.43, 106061, 1354
466, 4, 20, 57, 17, 0, 2.07%, 0, 6, 6, 274.58, 107510, 1354
471, 4, 22, 57, 17, 0, 2.07%, 0, 6, 6, 281.08, 108981, 1354
476, 4, 9, 57, 17, 0, 2.07%, 0, 6, 6, 275.81, 110359, 1354
481, 4, 43, 57, 17, 0, 2.07%, 0, 6, 6, 266.61, 111699, 1354
486, 4, 49, 57, 17, 0, 2.07%, 0, 6, 6, 8.73, 111955, 1354
492, 4, 45, 57, 17, 0, 2.07%, 0, 6, 6, 272.25, 113120, 1354
497, 4, 22, 57, 17, 0, 2.07%, 0, 6, 6, 267.27, 114488, 1354
502, 4, 11, 57, 17, 0, 2.07%, 0, 6, 6, 278.35, 115952, 1354
507, 4, 50, 57, 17, 0, 2.07%, 0, 6, 6, 275.62, 117370, 1354
512, 4, 22, 57, 17, 0, 2.07%, 0, 6, 6, 266.90, 118747, 1354
517, 4, 22, 57, 17, 0, 2.07%, 0, 6, 6, 266.72, 120099, 1354
522, 4, 49, 57, 17, 0, 2.07%, 0, 6, 6, 240.29, 121174, 1354
528, 4, 22, 57, 17, 0, 2.07%, 0, 6, 6, 251.34, 122364, 1354
533, 4, 45, 57, 17, 0, 2.07%, 0, 6, 6, 268.05, 123739, 1354
538, 4, 22, 57, 17, 0, 2.07%, 0, 6, 6, 277.46, 125190, 1354
543, 4, 47, 57, 17, 0, 2.07%, 0, 6, 6, 276.21, 126580, 1354
548, 4, 37, 57, 17, 0, 2.07%, 0, 6, 6, 283.35, 127985, 1354
553, 5, 54, 57, 17, 0, 2.07%, 0, 6, 6, 273.48, 129350, 1354
558, 5, 22, 57, 17, 0, 2.07%, 0, 6, 6, 278.07, 130782, 1354
563, 5, 11, 57, 17, 0, 2.07%, 0, 6, 6, 250.30, 131840, 1354
568, 5, 11, 57, 17, 0, 2.07%, 0, 6, 6, 268.16, 133261, 1354
573, 5, 22, 57, 17, 0, 2.07%, 0, 6, 6, 258.32, 134622, 1354
579, 5, 11, 57, 17, 0, 2.07%, 0, 6, 6, 279.09, 136095, 1354
584, 5, 32, 57, 17, 0, 2.07%, 0, 6, 6, 236.57, 137306, 1354
589, 5, 22, 57, 17, 0, 2.07%, 0, 6, 6, 264.43, 138741, 1354
594, 5, 50, 58, 18, 0, 2.07%, 0, 6, 6, 269.40, 140126, 1354
599, 5, 37, 58, 18, 0, 2.07%, 0, 6, 6, 271.05, 141490, 1354
604, 5, 37, 62, 22, 0, 2.07%, 0, 6, 6, 258.58, 142085, 1354
609, 5, 37, 65, 25, 0, 2.07%, 0, 6, 6, 276.59, 143141, 1355
614, 5, 37, 66, 26, 0, 2.07%, 0, 6, 6, 264.09, 144479, 1355
619, 5, 37, 69, 29, 0, 2.07%, 0, 6, 6, 252.37, 145719, 1355
625, 5, 37, 69, 29, 0, 2.07%, 0, 6, 6, 15.75, 146883, 1355
630, 5, 64, 69, 29, 1, 2.07%, 0, 6, 6, 234.49, 148020, 1355
635, 5, 64, 70, 30, 1, 2.07%, 0, 6, 6, 295.00, 148386, 1355
640, 5, 64, 70, 30, 1, 2.07%, 0, 6, 6, 5.63, 148701, 1355
645, 5, 64, 71, 31, 1, 2.07%, 0, 6, 6, 5.14, 148723, 1355
651, 5, 64, 71, 31, 1, 2.07%, 0, 6, 6, 4.48, 148746, 1355
656, 5, 64, 72, 32, 1, 2.07%, 0, 6, 6, 5.06, 148777, 1355
661, 5, 64, 72, 32, 1, 2.07%, 0, 6, 6, 5.31, 148804, 1355
666, 5, 64, 72, 32, 1, 2.07%, 0, 6, 6, 5.13, 148831, 1355
672, 5, 64, 72, 32, 1, 2.07%, 0, 6, 6, 4.80, 148856, 1355
677, 5, 64, 72, 32, 1, 2.07%, 0, 6, 6, 4.90, 148881, 1355
682, 5, 64, 72, 32, 1, 2.07%, 0, 6, 6, 209.34, 149058, 1355
687, 5, 22, 72, 31, 0, 2.07%, 0, 6, 6, 265.00, 149693, 1355
692, 5, 22, 72, 31, 0, 2.07%, 0, 6, 6, 5.20, 150260, 1355
697, 5, 45, 73, 32, 0, 2.07%, 0, 6, 6, 261.29, 151083, 1355
703, 5, 45, 74, 33, 0, 2.07%, 0, 6, 6, 198.00, 151946, 1355
708, 5, 45, 76, 35, 0, 2.07%, 0, 6, 6, 31.30, 152104, 1355
714, 5, 45, 77, 36, 0, 2.07%, 0, 6, 6, 4.46, 152225, 1355
719, 5, 45, 77, 36, 0, 2.07%, 0, 6, 6, 31.75, 152387, 1355
724, 5, 45, 77, 36, 0, 2.07%, 0, 6, 6, 165.43, 152757, 1355
729, 5, 72, 77, 36, 1, 2.07%, 0, 6, 6, 252.92, 153653, 1355
734, 5, 72, 77, 36, 1, 2.07%, 0, 6, 6, 258.43, 154966, 1355
739, 5, 72, 77, 36, 1, 2.07%, 0, 6, 6, 51.11, 155658, 1355
744, 5, 72, 77, 36, 1, 2.07%, 0, 6, 6, 57.61, 156502, 1355
750, 5, 72, 79, 38, 1, 2.07%, 0, 6, 6, 120.68, 157092, 1355
755, 5, 72, 80, 39, 1, 2.07%, 0, 6, 6, 264.81, 158600, 1355
760, 5, 22, 80, 38, 0, 2.07%, 0, 6, 6, 69.04, 159137, 1355
765, 5, 22, 80, 38, 0, 2.07%, 0, 6, 6, 3.74, 159535, 1355
770, 5, 11, 81, 39, 0, 2.07%, 0, 6, 6, 232.33, 160422, 1355
776, 5, 5, 81, 39, 0, 2.07%, 0, 6, 6, 235.17, 161568, 1355
781, 5, 5, 81, 39, 0, 2.07%, 0, 6, 6, 9.63, 162188, 1355
786, 5, 5, 81, 39, 0, 2.07%, 0, 6, 6, 6.40, 162214, 1355
791, 5, 5, 81, 39, 0, 2.07%, 0, 6, 6, 5.78, 162241, 1355
796, 5, 5, 81, 39, 0, 2.07%, 0, 6, 6, 5.64, 162271, 1355
803, 5, 5, 82, 40, 0, 2.07%, 0, 6, 6, 5.45, 162295, 1355
808, 5, 5, 82, 40, 0, 2.07%, 0, 6, 6, 5.84, 162327, 1355
813, 5, 5, 82, 40, 0, 2.07%, 0, 6, 6, 5.40, 162355, 1355
818, 5, 5, 82, 40, 0, 2.07%, 0, 6, 6, 5.12, 162381, 1355
823, 5, 5, 82, 40, 0, 2.07%, 0, 6, 6, 5.42, 162408, 1355
829, 5, 5, 82, 40, 0, 2.07%, 0, 6, 6, 5.62, 162438, 1355
834, 5, 5, 83, 41, 0, 2.07%, 0, 6, 6, 146.34, 162740, 1355
839, 5, 5, 83, 41, 0, 2.07%, 0, 6, 6, 4.29, 163130, 1355
844, 5, 5, 83, 41, 0, 2.07%, 0, 6, 6, 4.90, 163157, 1355
849, 5, 5, 83, 41, 0, 2.07%, 0, 6, 6, 4.79, 163182, 1355
855, 5, 5, 83, 41, 0, 2.07%, 0, 6, 6, 4.58, 163207, 1355
860, 5, 5, 83, 41, 0, 2.07%, 0, 6, 6, 4.53, 163231, 1355
865, 5, 5, 83, 41, 0, 2.07%, 0, 6, 6, 292.90, 163785, 1355
870, 5, 11, 83, 41, 0, 2.07%, 0, 6, 6, 238.26, 164896, 1355
875, 5, 11, 83, 41, 0, 2.07%, 0, 6, 6, 4.06, 164940, 1355
880, 5, 11, 83, 41, 0, 2.07%, 0, 6, 6, 4.29, 164963, 1355
885, 5, 11, 84, 42, 0, 2.07%, 0, 6, 6, 17.55, 165281, 1355
892, 5, 11, 85, 43, 0, 2.07%, 0, 6, 6, 10.37, 165306, 1355
897, 5, 11, 85, 43, 0, 2.07%, 0, 6, 6, 6.32, 165328, 1355
902, 5, 11, 85, 43, 0, 2.07%, 0, 6, 6, 5.04, 165353, 1355
907, 5, 11, 85, 43, 0, 2.07%, 0, 6, 6, 4.50, 165375, 1355
913, 5, 11, 85, 43, 0, 2.07%, 0, 6, 6, 4.96, 165401, 1355
918, 5, 11, 85, 43, 0, 2.07%, 0, 6, 6, 4.43, 165423, 1355
923, 5, 11, 85, 43, 0, 2.07%, 0, 6, 6, 4.27, 165444, 1355
928, 5, 11, 85, 43, 0, 2.07%, 0, 6, 6, 5.28, 165554, 1355
933, 5, 11, 85, 43, 0, 2.07%, 0, 6, 6, 4.75, 165576, 1355
938, 5, 22, 85, 43, 0, 2.07%, 0, 6, 6, 289.75, 165777, 1355
944, 5, 22, 85, 43, 0, 2.07%, 0, 6, 6, 1.61, 165857, 1355
949, 5, 22, 85, 43, 0, 2.07%, 0, 6, 6, 7.35, 165886, 1355
954, 5, 22, 85, 43, 0, 2.07%, 0, 6, 6, 204.80, 166198, 1355
959, 5, 22, 85, 43, 0, 2.07%, 0, 6, 6, 4.63, 166382, 1355
964, 5, 55, 85, 43, 0, 2.07%, 0, 6, 6, 165.57, 167275, 1355
969, 5, 17, 85, 43, 0, 2.07%, 0, 6, 6, 121.10, 168047, 1355
974, 5, 22, 85, 43, 0, 2.07%, 0, 6, 6, 3.04, 168531, 1355
979, 5, 22, 85, 43, 0, 2.07%, 0, 6, 6, 226.61, 168927, 1355
985, 5, 22, 85, 43, 0, 2.07%, 0, 6, 6, 3.92, 168981, 1355
990, 5, 22, 85, 43, 0, 2.07%, 0, 6, 6, 3.79, 169090, 1355
996, 5, 22, 85, 43, 0, 2.07%, 0, 6, 6, 17.78, 169824, 1355
1001, 5, 22, 85, 43, 0, 2.07%, 0, 6, 6, 88.00, 169900, 1355
1007, 5, 22, 85, 43, 0, 2.07%, 0, 6, 6, 2.11, 170421, 1355
1012, 5, 22, 85, 43, 0, 2.07%, 0, 6, 6, 2.54, 170436, 1355
1017, 5, 48, 86, 44, 0, 2.07%, 0, 6, 6, 260.04, 171710, 1358
1022, 5, 48, 86, 44, 0, 2.07%, 0, 6, 6, 223.81, 172841, 1358
1027, 5, 48, 86, 44, 0, 2.07%, 0, 6, 6, 9.73, 173102, 1358
1034, 5, 22, 86, 44, 1, 2.07%, 0, 6, 6, 2.50, 173731, 1358
1039, 5, 22, 86, 44, 1, 2.07%, 0, 6, 6, 2.46, 173744, 1358
1044, 5, 22, 86, 44, 1, 2.07%, 0, 6, 6, 2.17, 173799, 1358
1049, 5, 22, 86, 44, 1, 2.07%, 0, 6, 6, 2.32, 173812, 1358
1054, 5, 85, 86, 44, 1, 2.07%, 0, 6, 6, 246.83, 174867, 1358
1059, 5, 85, 86, 44, 1, 2.07%, 0, 6, 6, 224.77, 176105, 1358
1065, 5, 85, 86, 44, 1, 2.07%, 0, 6, 6, 4.11, 176698, 1358
1070, 5, 85, 86, 44, 1, 2.07%, 0, 6, 6, 5.13, 176728, 1358
1075, 5, 85, 86, 44, 1, 2.07%, 0, 6, 6, 5.13, 176755, 1358
1080, 5, 85, 86, 44, 1, 2.07%, 0, 6, 6, 4.89, 176780, 1358
1085, 5, 85, 86, 44, 1, 2.07%, 0, 6, 6, 4.38, 176802, 1358
1090, 5, 85, 86, 44, 1, 2.07%, 0, 6, 6, 5.75, 176833, 1358
1096, 5, 85, 86, 44, 1, 2.07%, 0, 6, 6, 12.63, 177186, 1358
1101, 5, 85, 86, 44, 1, 2.07%, 0, 6, 6, 13.43, 177256, 1358
1106, 5, 17, 86, 43, 0, 2.07%, 0, 6, 6, 5.16, 177696, 1358
1111, 5, 17, 86, 43, 0, 2.07%, 0, 6, 6, 6.90, 177750, 1358
1116, 5, 17, 86, 43, 0, 2.07%, 0, 6, 6, 5.17, 177820, 1358
1121, 5, 22, 86, 43, 0, 2.07%, 0, 6, 6, 243.82, 178769, 1358
1126, 5, 55, 86, 43, 0, 2.07%, 0, 6, 6, 258.49, 179178, 1358
1134, 5, 9, 87, 44, 0, 2.07%, 0, 6, 6, 2.94, 180077, 1358
1148, 5, 9, 88, 45, 0, 2.07%, 0, 6, 6, 2.71, 180099, 1359
1153, 5, 9, 88, 45, 0, 2.07%, 0, 6, 6, 2.67, 180112, 1359
1158, 5, 9, 88, 45, 0, 2.07%, 0, 6, 6, 2.60, 180126, 1359
1163, 5, 9, 88, 45, 0, 2.07%, 0, 6, 6, 3.95, 180259, 1359
1169, 5, 72, 88, 45, 1, 2.07%, 0, 6, 6, 2.25, 180834, 1359
1174, 5, 72, 88, 45, 1, 2.07%, 0, 6, 6, 2.42, 180847, 1359
1179, 5, 72, 88, 45, 1, 2.07%, 0, 6, 6, 2.61, 180861, 1359
1184, 5, 72, 88, 45, 1, 2.07%, 0, 6, 6, 2.65, 180876, 1359
1190, 5, 72, 88, 45, 1, 2.07%, 0, 6, 6, 2.54, 180889, 1359
1195, 5, 72, 88, 45, 1, 2.07%, 0, 6, 6, 2.11, 181558, 1359
1200, 5, 72, 88, 45, 1, 2.07%, 0, 6, 6, 2.66, 181575, 1359
1205, 5, 72, 88, 45, 1, 2.07%, 0, 6, 6, 2.61, 181588, 1359
1211, 5, 72, 88, 45, 1, 2.07%, 0, 6, 6, 2.74, 181603, 1359
1216, 5, 72, 88, 45, 1, 2.07%, 0, 6, 6, 2.61, 181616, 1359
1221, 5, 72, 88, 45, 1, 2.07%, 0, 6, 6, 3.41, 181633, 1359
1226, 5, 72, 88, 45, 1, 2.07%, 0, 6, 6, 4.11, 181656, 1359
1231, 5, 72, 88, 45, 1, 2.07%, 0, 6, 6, 4.08, 181676, 1359
1236, 5, 64, 88, 45, 1, 2.07%, 0, 6, 6, 55.17, 182272, 1359
1241, 5, 64, 88, 45, 1, 2.07%, 0, 6, 6, 4.01, 182493, 1359
1246, 5, 64, 88, 45, 1, 2.07%, 0, 6, 6, 3.98, 182514, 1359
1253, 5, 54, 88, 45, 1, 2.07%, 0, 6, 6, 2.41, 182985, 1359
1258, 5, 54, 88, 45, 1, 2.07%, 0, 6, 6, 26.16, 183041, 1359
1263, 5, 22, 88, 45, 1, 2.07%, 0, 6, 6, 189.05, 183137, 1359
1268, 5, 22, 88, 45, 1, 2.07%, 0, 6, 6, 2.31, 183309, 1359
1273, 5, 22, 88, 45, 1, 2.07%, 0, 6, 6, 2.92, 183325, 1359
1279, 5, 22, 88, 45, 1, 2.07%, 0, 6, 6, 247.78, 183453, 1359
1284, 5, 22, 88, 45, 1, 2.07%, 0, 6, 6, 4.70, 183818, 1359
1289, 5, 22, 88, 45, 1, 2.07%, 0, 6, 6, 4.76, 183932, 1359
1294, 5, 41, 88, 45, 1, 2.07%, 0, 6, 6, 220.37, 184805, 1359
1299, 5, 41, 88, 45, 1, 2.07%, 0, 6, 6, 3.94, 184925, 1359
1304, 5, 41, 88, 45, 1, 2.07%, 0, 6, 6, 4.58, 184949, 1359
1309, 5, 41, 88, 45, 1, 2.07%, 0, 6, 6, 4.56, 184972, 1359
1315, 5, 41, 88, 45, 1, 2.07%, 0, 6, 6, 209.72, 185167, 1359
1320, 5, 41, 89, 46, 1, 2.07%, 0, 6, 6, 325.12, 185609, 1359
1325, 5, 41, 89, 46, 1, 2.07%, 0, 6, 6, 2.48, 185722, 1359
1330, 5, 41, 89, 46, 1, 2.07%, 0, 6, 6, 2.67, 185737, 1359
1335, 5, 41, 89, 46, 1, 2.07%, 0, 6, 6, 2.81, 185750, 1359
1340, 5, 41, 89, 46, 1, 2.07%, 0, 6, 6, 2.60, 185762, 1359
1346, 5, 41, 89, 46, 1, 2.07%, 0, 6, 6, 2.97, 185779, 1359
1351, 5, 41, 89, 46, 1, 2.07%, 0, 6, 6, 2.88, 185794, 1359
1357, 5, 22, 89, 46, 2, 2.07%, 0, 6, 6, 5.78, 186417, 1359
1362, 5, 22, 89, 46, 2, 2.07%, 0, 6, 6, 4.18, 186430, 1359
1367, 5, 5, 89, 46, 2, 2.07%, 0, 6, 6, 281.66, 187561, 1359
1372, 5, 5, 89, 46, 2, 2.07%, 0, 6, 6, 57.08, 188196, 1359
1377, 5, 5, 89, 46, 2, 2.07%, 0, 6, 6, 3.19, 188341, 1359
1382, 5, 5, 89, 46, 2, 2.07%, 0, 6, 6, 3.32, 188358, 1359
1387, 5, 5, 89, 46, 2, 2.07%, 0, 6, 6, 4.33, 188379, 1359
1393, 5, 5, 89, 46, 2, 2.07%, 0, 6, 6, 3.83, 188397, 1359
1398, 5, 5, 89, 46, 2, 2.07%, 0, 6, 6, 3.31, 188413, 1359
1403, 5, 5, 89, 46, 2, 2.07%, 0, 6, 6, 3.37, 188431, 1359
1408, 5, 5, 89, 46, 2, 2.07%, 0, 6, 6, 3.64, 188450, 1359
1413, 5, 5, 89, 46, 2, 2.07%, 0, 7, 6, 3.23, 188464, 1359
1418, 5, 5, 89, 46, 2, 2.07%, 0, 7, 6, 3.81, 188485, 1359
1423, 5, 5, 89, 46, 2, 2.07%, 0, 7, 6, 3.46, 188502, 1359
1428, 5, 5, 89, 46, 2, 2.07%, 0, 7, 6, 3.34, 188519, 1359
1434, 5, 5, 89, 46, 2, 2.07%, 0, 7, 6, 3.03, 188533, 1359
1439, 5, 5, 89, 46, 2, 2.07%, 0, 7, 6, 3.66, 188554, 1359
1444, 5, 5, 89, 46, 2, 2.07%, 0, 7, 6, 3.54, 188572, 1359
1449, 5, 5, 89, 46, 2, 2.07%, 0, 7, 6, 270.99, 188702, 1359
1454, 5, 5, 89, 46, 2, 2.07%, 0, 7, 6, 2.39, 188867, 1359
1459, 5, 5, 89, 46, 2, 2.07%, 0, 7, 6, 2.51, 188879, 1359
1465, 5, 5, 89, 46, 2, 2.07%, 0, 7, 6, 2.62, 188893, 1359
1470, 5, 5, 89, 46, 2, 2.07%, 0, 7, 6, 2.59, 188906, 1359
1475, 5, 5, 89, 46, 2, 2.07%, 0, 7, 6, 3.02, 188924, 1359
1480, 5, 5, 89, 46, 2, 2.07%, 0, 7, 6, 2.80, 188937, 1359
1486, 5, 5, 89, 46, 2, 2.07%, 0, 7, 6, 2.94, 188952, 1359
1491, 5, 5, 89, 46, 2, 2.07%, 0, 7, 6, 2.68, 188965, 1359
1496, 5, 5, 89, 46, 2, 2.07%, 0, 7, 6, 2.60, 188978, 1359
1501, 5, 5, 89, 46, 2, 2.07%, 0, 7, 6, 313.55, 189366, 1359
1506, 5, 22, 89, 46, 2, 2.07%, 0, 7, 6, 2.87, 190026, 1359
1512, 5, 22, 89, 46, 2, 2.07%, 0, 7, 6, 273.26, 190154, 1359
1517, 5, 22, 89, 46, 2, 2.07%, 0, 7, 6, 283.53, 190504, 1359
1522, 5, 54, 89, 46, 2, 2.07%, 0, 7, 6, 14.27, 191005, 1359
1527, 5, 88, 89, 46, 2, 2.07%, 0, 7, 6, 246.20, 191616, 1359
1532, 5, 88, 89, 46, 2, 2.07%, 0, 7, 6, 267.52, 193019, 1359
1537, 5, 88, 89, 46, 2, 2.07%, 0, 7, 6, 3.62, 193639, 1359
1543, 5, 88, 89, 46, 2, 2.07%, 0, 7, 6, 3.72, 193661, 1359
1548, 5, 88, 89, 46, 2, 2.07%, 0, 7, 6, 4.74, 193689, 1359
1553, 5, 88, 89, 46, 2, 2.07%, 0, 7, 6, 4.25, 193710, 1359
1559, 5, 88, 89, 46, 2, 2.07%, 0, 7, 6, 3.97, 193730, 1359
1564, 5, 88, 89, 46, 2, 2.07%, 0, 7, 6, 4.05, 193751, 1359
1569, 5, 88, 89, 46, 2, 2.07%, 0, 7, 6, 4.26, 193774, 1359
1574, 5, 88, 89, 46, 2, 2.07%, 0, 7, 6, 3.94, 193793, 1359
1579, 5, 88, 89, 46, 2, 2.07%, 0, 7, 6, 3.58, 193809, 1359
1584, 5, 88, 89, 46, 2, 2.07%, 0, 7, 6, 3.95, 193830, 1359
1589, 5, 88, 89, 46, 2, 2.07%, 0, 7, 6, 4.09, 193849, 1359
1594, 5, 88, 89, 46, 2, 2.07%, 0, 7, 6, 289.61, 194899, 1359
1599, 5, 88, 89, 46, 2, 2.07%, 0, 7, 6, 297.86, 196354, 1359
1604, 5, 22, 89, 45, 1, 2.07%, 0, 7, 6, 274.11, 196783, 1359
1609, 5, 22, 89, 45, 1, 2.07%, 0, 7, 6, 5.29, 196806, 1359
1615, 5, 22, 90, 46, 1, 2.08%, 0, 7, 6, 1.09, 197192, 1364
1625, 5, 22, 91, 47, 1, 2.08%, 0, 7, 6, 1.12, 197203, 1364
1631, 5, 22, 91, 47, 1, 2.08%, 0, 8, 6, 1.10, 197209, 1364
1637, 5, 22, 91, 47, 1, 2.08%, 0, 8, 6, 1.10, 197215, 1364
1642, 5, 22, 91, 47, 1, 2.08%, 0, 8, 6, 1.15, 197222, 1364
1648, 5, 22, 91, 47, 1, 2.08%, 0, 8, 6, 1.13, 197228, 1364
1653, 5, 22, 91, 47, 1, 2.08%, 0, 8, 6, 1.27, 197235, 1364
1659, 5, 22, 91, 47, 1, 2.08%, 0, 8, 6, 1.43, 197242, 1364
1664, 5, 22, 91, 47, 1, 2.08%, 0, 8, 6, 1.46, 197249, 1364
1670, 5, 22, 91, 47, 1, 2.08%, 0, 8, 6, 1.36, 197255, 1364
1675, 5, 22, 91, 47, 1, 2.08%, 0, 8, 6, 1.30, 197261, 1364
1680, 5, 22, 91, 47, 1, 2.08%, 0, 8, 6, 1.31, 197268, 1364
1685, 5, 22, 91, 47, 1, 2.08%, 0, 8, 6, 1.31, 197274, 1364
1690, 5, 22, 91, 47, 1, 2.08%, 0, 8, 6, 1.49, 197282, 1364
1696, 5, 22, 91, 47, 1, 2.08%, 0, 8, 6, 5.13, 197321, 1364
1701, 5, 22, 91, 47, 1, 2.08%, 0, 8, 6, 2.30, 197380, 1364
1706, 5, 22, 91, 47, 1, 2.08%, 0, 8, 6, 106.89, 197439, 1364
1711, 5, 52, 91, 47, 2, 2.08%, 0, 8, 6, 92.66, 197519, 1364
1716, 5, 52, 91, 47, 2, 2.08%, 0, 8, 6, 7.79, 198028, 1364
1721, 5, 52, 91, 47, 2, 2.08%, 0, 8, 6, 5.91, 198057, 1364
1726, 5, 52, 91, 47, 2, 2.08%, 0, 8, 6, 17.81, 198169, 1364
1731, 5, 52, 91, 47, 2, 2.08%, 0, 8, 6, 5.41, 198370, 1364
1736, 5, 52, 91, 47, 2, 2.08%, 0, 8, 6, 5.72, 198399, 1364
1742, 5, 52, 91, 47, 2, 2.08%, 0, 8, 6, 1.02, 198468, 1364
1748, 5, 52, 91, 47, 2, 2.08%, 0, 9, 6, 1.03, 198474, 1364
1753, 5, 52, 91, 47, 2, 2.08%, 0, 9, 6, 1.28, 198482, 1364
1762, 5, 52, 92, 48, 2, 2.08%, 0, 9, 7, 1.27, 198495, 1364
1768, 5, 52, 92, 48, 2, 2.08%, 0, 10, 7, 1.20, 198501, 1364
1774, 5, 52, 92, 48, 2, 2.08%, 0, 10, 7, 1.14, 198507, 1364
1784, 5, 52, 93, 49, 2, 2.08%, 0, 10, 7, 1.13, 198519, 1364
1789, 5, 52, 93, 49, 2, 2.08%, 0, 10, 7, 1.20, 198525, 1364
1794, 5, 52, 93, 49, 2, 2.08%, 0, 10, 7, 1.22, 198532, 1364
1800, 5, 52, 93, 49, 2, 2.08%, 0, 10, 7, 1.23, 198539, 1364
1805, 5, 52, 93, 49, 2, 2.08%, 0, 10, 7, 1.34, 198546, 1364
1811, 5, 52, 93, 49, 2, 2.08%, 0, 10, 7, 1.47, 198553, 1364
1816, 5, 52, 93, 49, 2, 2.08%, 0, 10, 7, 1.03, 198560, 1364
1821, 5, 52, 94, 50, 2, 2.08%, 0, 10, 7, 1.24, 198573, 1364
1827, 5, 52, 94, 50, 2, 2.08%, 0, 10, 7, 1.17, 198579, 1364
1832, 5, 52, 94, 50, 2, 2.08%, 0, 10, 7, 1.15, 198585, 1364
1838, 5, 52, 94, 50, 2, 2.08%, 0, 10, 7, 1.34, 198592, 1364
1844, 5, 52, 94, 50, 2, 2.08%, 0, 10, 7, 1.29, 198599, 1364
1849, 5, 52, 94, 50, 2, 2.08%, 0, 10, 7, 1.27, 198606, 1364
1855, 5, 52, 94, 50, 2, 2.08%, 0, 10, 7, 1.21, 198612, 1364
1860, 5, 52, 94, 50, 2, 2.08%, 0, 10, 7, 1.27, 198618, 1364
1866, 5, 52, 94, 50, 2, 2.08%, 0, 10, 7, 1.32, 198626, 1364
1872, 5, 52, 94, 50, 2, 2.08%, 0, 10, 7, 1.29, 198633, 1364
1877, 5, 52, 94, 50, 2, 2.08%, 0, 10, 7, 1.33, 198641, 1364
1883, 5, 52, 94, 50, 2, 2.08%, 0, 10, 7, 1.27, 198647, 1364
1888, 5, 52, 94, 50, 2, 2.08%, 0, 10, 7, 1.31, 198653, 1364
1894, 5, 52, 94, 50, 2, 2.08%, 0, 10, 7, 1.22, 198659, 1364
1899, 5, 52, 94, 50, 2, 2.08%, 0, 10, 7, 1.18, 198665, 1364
1904, 5, 52, 94, 50, 2, 2.08%, 0, 10, 7, 1.29, 198672, 1364
1910, 5, 52, 94, 50, 2, 2.08%, 0, 10, 7, 1.27, 198679, 1364
1915, 5, 52, 94, 50, 2, 2.08%, 0, 10, 7, 1.33, 198686, 1364
1920, 5, 52, 94, 50, 2, 2.08%, 0, 10, 7, 1.34, 198693, 1364
1926, 5, 52, 94, 50, 2, 2.08%, 0, 10, 7, 1.31, 198700, 1364
1932, 5, 52, 94, 50, 2, 2.08%, 0, 10, 7, 1.22, 198706, 1364
1937, 5, 52, 94, 50, 2, 2.08%, 0, 10, 7, 1.20, 198712, 1364
1943, 5, 52, 94, 50, 2, 2.08%, 0, 10, 7, 1.29, 198719, 1364
1949, 5, 52, 94, 50, 2, 2.08%, 0, 10, 7, 1.03, 198727, 1364
1955, 5, 52, 94, 50, 2, 2.08%, 0, 10, 7, 1.07, 198734, 1364
1961, 5, 52, 94, 50, 2, 2.08%, 0, 10, 7, 1.21, 198741, 1364
1966, 5, 52, 94, 50, 2, 2.08%, 0, 10, 7, 1.18, 198747, 1364
1972, 5, 52, 94, 50, 2, 2.08%, 0, 10, 7, 1.47, 198756, 1364
1977, 5, 52, 94, 50, 2, 2.08%, 0, 10, 7, 1.54, 198763, 1364
1983, 5, 52, 94, 50, 2, 2.08%, 0, 10, 7, 1.43, 198770, 1364
1988, 5, 52, 94, 50, 2, 2.08%, 0, 10, 7, 1.57, 198778, 1364
1993, 5, 52, 94, 50, 2, 2.08%, 0, 10, 7, 1.54, 198784, 1364
1999, 5, 52, 94, 50, 2, 2.08%, 0, 10, 7, 1.60, 198792, 1364
2005, 5, 52, 94, 50, 2, 2.08%, 0, 10, 7, 1.43, 198798, 1364
2011, 5, 52, 94, 50, 2, 2.08%, 0, 10, 7, 1.40, 198805, 1364
2016, 5, 52, 94, 50, 2, 2.08%, 0, 10, 7, 1.32, 198811, 1364
2021, 5, 52, 94, 50, 2, 2.08%, 0, 10, 7, 1.44, 198818, 1364
2027, 5, 52, 94, 50, 2, 2.08%, 0, 10, 7, 1.42, 198825, 1364
2033, 5, 52, 95, 51, 2, 2.08%, 0, 10, 7, 1.44, 198837, 1364
2039, 5, 52, 95, 51, 2, 2.08%, 0, 10, 7, 1.31, 198843, 1364
2045, 5, 52, 95, 51, 2, 2.08%, 0, 10, 7, 1.22, 198849, 1364
2050, 5, 52, 95, 51, 2, 2.08%, 0, 10, 7, 1.22, 198855, 1364
2055, 5, 52, 95, 51, 2, 2.08%, 0, 10, 7, 1.54, 198864, 1364
2061, 5, 52, 95, 51, 2, 2.08%, 0, 10, 7, 1.37, 198870, 1364
2067, 5, 52, 95, 51, 2, 2.08%, 0, 10, 7, 1.37, 198877, 1364
2072, 5, 52, 95, 51, 2, 2.08%, 0, 10, 7, 1.47, 198884, 1364
2078, 5, 52, 95, 51, 2, 2.08%, 0, 10, 7, 1.34, 198890, 1364
2084, 5, 52, 95, 51, 2, 2.08%, 0, 10, 7, 1.29, 198897, 1364
2090, 5, 52, 95, 51, 2, 2.08%, 0, 10, 7, 1.34, 198906, 1364
2095, 5, 52, 95, 51, 2, 2.08%, 0, 10, 7, 1.30, 198912, 1364
2100, 5, 52, 95, 51, 2, 2.08%, 0, 10, 7, 1.47, 198919, 1364
2105, 5, 52, 95, 51, 2, 2.08%, 0, 10, 7, 1.35, 198925, 1364
2111, 5, 52, 95, 51, 2, 2.08%, 0, 10, 7, 1.33, 198932, 1364
2116, 5, 52, 95, 51, 2, 2.08%, 0, 10, 7, 1.30, 198938, 1364
2122, 5, 52, 95, 51, 2, 2.08%, 0, 10, 7, 1.30, 198946, 1364
2128, 5, 52, 95, 51, 2, 2.08%, 0, 10, 7, 1.24, 198952, 1364
2134, 5, 17, 95, 50, 2, 2.08%, 0, 10, 7, 1.28, 199476, 1364
2140, 5, 17, 95, 50, 2, 2.08%, 0, 10, 7, 1.26, 199483, 1364
2145, 5, 17, 95, 50, 2, 2.08%, 0, 10, 7, 1.38, 199490, 1364
2150, 5, 17, 95, 50, 2, 2.08%, 0, 10, 7, 38.46, 199796, 1364
2155, 5, 22, 95, 50, 2, 2.08%, 0, 10, 7, 2.30, 200053, 1364
2161, 5, 22, 95, 50, 2, 2.08%, 0, 10, 7, 2.33, 200065, 1364
2166, 5, 22, 95, 50, 2, 2.08%, 0, 10, 7, 1.04, 200487, 1364
2172, 5, 22, 95, 50, 2, 2.08%, 0, 10, 7, 1.03, 200493, 1364
2177, 5, 22, 95, 50, 2, 2.08%, 0, 10, 7, 1.31, 200500, 1364
2182, 5, 41, 95, 50, 2, 2.08%, 0, 10, 7, 297.57, 200819, 1364
2187, 5, 41, 95, 50, 2, 2.08%, 0, 10, 7, 259.70, 202035, 1364
2192, 5, 41, 95, 50, 2, 2.08%, 0, 10, 7, 120.11, 202422, 1364
2198, 5, 41, 96, 51, 2, 2.09%, 0, 10, 7, 29.42, 202856, 1369
2203, 5, 41, 97, 52, 2, 2.09%, 0, 10, 7, 15.66, 202896, 1369
2208, 5, 41, 97, 52, 2, 2.09%, 0, 10, 7, 10.13, 202937, 1369
2213, 5, 41, 97, 52, 2, 2.09%, 0, 10, 7, 8.54, 202977, 1369
2218, 5, 41, 97, 52, 2, 2.09%, 0, 10, 7, 7.95, 203016, 1369
2223, 5, 54, 97, 52, 3, 2.09%, 0, 10, 7, 5.36, 203223, 1369
2228, 5, 54, 97, 52, 3, 2.09%, 0, 10, 7, 4.93, 203268, 1369
2233, 5, 54, 97, 52, 3, 2.09%, 0, 10, 7, 1.34, 203323, 1369
2239, 5, 54, 97, 52, 3, 2.09%, 0, 10, 7, 1.47, 203331, 1369
2244, 5, 54, 97, 52, 3, 2.09%, 0, 10, 7, 1.44, 203338, 1369
2250, 5, 54, 97, 52, 3, 2.09%, 0, 10, 7, 40.07, 203516, 1369
2255, 5, 54, 97, 52, 3, 2.09%, 0, 10, 7, 1.44, 203523, 1369
2261, 5, 54, 97, 52, 3, 2.09%, 0, 10, 7, 1.31, 203529, 1369
2267, 5, 54, 97, 52, 3, 2.09%, 0, 10, 7, 1.25, 203535, 1369
2272, 5, 22, 97, 52, 3, 2.09%, 0, 10, 7, 2.26, 203806, 1369
2277, 5, 22, 97, 52, 3, 2.09%, 0, 10, 7, 2.42, 203818, 1369
2282, 5, 22, 97, 52, 3, 2.09%, 0, 10, 7, 2.02, 203936, 1369
2288, 5, 22, 97, 52, 3, 2.09%, 0, 10, 7, 1.74, 203942, 1369
2293, 5, 22, 97, 52, 3, 2.09%, 0, 10, 7, 1.74, 203949, 1369
2298, 5, 22, 97, 52, 3, 2.09%, 0, 10, 7, 1.53, 203955, 1369
2304, 5, 22, 97, 52, 3, 2.09%, 0, 10, 7, 2.53, 204034, 1369
2309, 5, 95, 97, 52, 3, 2.09%, 0, 10, 7, 257.03, 204379, 1369
2314, 5, 95, 97, 52, 3, 2.09%, 0, 10, 7, 279.34, 205781, 1369
2319, 5, 95, 97, 52, 3, 2.09%, 0, 10, 7, 190.60, 206805, 1369
2324, 5, 95, 97, 52, 3, 2.09%, 0, 10, 7, 1.59, 207143, 1369
2330, 5, 95, 97, 52, 3, 2.09%, 0, 10, 7, 1.77, 207154, 1369
2335, 5, 95, 97, 52, 3, 2.09%, 0, 10, 7, 1.80, 207164, 1369
2340, 5, 95, 97, 52, 3, 2.09%, 0, 10, 7, 1.79, 207173, 1369
2346, 5, 95, 97, 52, 3, 2.09%, 0, 10, 7, 1.98, 207184, 1369
2351, 5, 95, 97, 52, 3, 2.09%, 0, 10, 7, 2.03, 207193, 1369
2356, 5, 95, 97, 52, 3, 2.09%, 0, 10, 7, 1.85, 207201, 1369
2361, 5, 95, 97, 52, 3, 2.09%, 0, 10, 7, 1.82, 207210, 1369
2366, 5, 95, 97, 52, 3, 2.09%, 0, 10, 7, 1.79, 207219, 1369
2372, 5, 95, 97, 52, 3, 2.09%, 0, 10, 7, 1.72, 207228, 1369
2377, 5, 95, 97, 52, 3, 2.09%, 0, 10, 7, 1.73, 207237, 1369
2382, 5, 95, 97, 52, 3, 2.09%, 0, 10, 7, 1.89, 207247, 1369
2388, 5, 95, 97, 52, 3, 2.09%, 0, 10, 7, 1.80, 207256, 1369
2393, 5, 95, 97, 52, 3, 2.09%, 0, 10, 7, 1.77, 207265, 1369
2398, 5, 95, 97, 52, 3, 2.09%, 0, 10, 7, 1.76, 207274, 1369
2403, 5, 95, 97, 52, 3, 2.09%, 0, 10, 7, 1.73, 207283, 1369
2408, 5, 88, 97, 51, 2, 2.09%, 0, 10, 7, 306.46, 207669, 1369
2413, 5, 88, 97, 51, 2, 2.09%, 0, 10, 7, 45.87, 208887, 1369
2419, 5, 88, 97, 51, 2, 2.09%, 0, 10, 7, 257.53, 210170, 1369
2424, 5, 88, 97, 51, 2, 2.09%, 0, 10, 7, 2.37, 210776, 1369
2429, 5, 88, 97, 51, 2, 2.09%, 0, 10, 7, 1.98, 210783, 1369
2435, 5, 88, 97, 51, 2, 2.09%, 0, 10, 7, 1.86, 210791, 1369
2440, 5, 88, 97, 51, 2, 2.09%, 0, 10, 7, 1.66, 210798, 1369
2445, 5, 88, 97, 51, 2, 2.09%, 0, 10, 7, 1.54, 210805, 1369
2450, 5, 88, 97, 51, 2, 2.09%, 0, 10, 7, 1.62, 210814, 1369
2456, 5, 88, 97, 51, 2, 2.09%, 0, 10, 7, 1.51, 210821, 1369
2461, 5, 88, 97, 51, 2, 2.09%, 0, 10, 7, 1.43, 210828, 1369
2467, 5, 88, 97, 51, 2, 2.09%, 0, 10, 7, 1.44, 210836, 1369
2472, 5, 88, 97, 51, 2, 2.09%, 0, 10, 7, 1.44, 210843, 1369
2477, 5, 88, 97, 51, 2, 2.09%, 0, 10, 7, 1.48, 210852, 1369
2483, 5, 88, 97, 51, 2, 2.09%, 0, 10, 7, 1.65, 210861, 1369
2488, 5, 88, 97, 51, 2, 2.09%, 0, 10, 7, 1.52, 210868, 1369
2493, 5, 88, 97, 51, 2, 2.09%, 0, 10, 7, 1.44, 210875, 1369
2499, 5, 88, 97, 51, 2, 2.09%, 0, 10, 7, 1.52, 210883, 1369
2505, 5, 88, 97, 51, 2, 2.09%, 0, 10, 7, 1.50, 210891, 1369
2510, 5, 88, 97, 51, 2, 2.09%, 0, 10, 7, 1.72, 210902, 1369
2516, 5, 88, 97, 51, 2, 2.09%, 0, 10, 7, 1.79, 210911, 1369
2522, 5, 88, 97, 51, 2, 2.09%, 0, 10, 7, 1.68, 210919, 1369
2527, 5, 88, 97, 51, 2, 2.09%, 0, 10, 7, 1.67, 210927, 1369
2532, 5, 88, 97, 51, 2, 2.09%, 0, 10, 7, 1.56, 210934, 1369
2538, 5, 88, 97, 51, 2, 2.09%, 0, 10, 7, 1.52, 210942, 1369
2543, 5, 88, 97, 51, 2, 2.09%, 0, 10, 7, 1.53, 210950, 1369
2548, 5, 88, 97, 51, 2, 2.09%, 0, 10, 7, 1.44, 210957, 1369
2554, 5, 88, 97, 51, 2, 2.09%, 0, 10, 7, 1.39, 210964, 1369
2559, 5, 88, 97, 51, 2, 2.09%, 0, 10, 7, 1.36, 210971, 1369
2565, 5, 88, 97, 51, 2, 2.09%, 0, 10, 7, 1.44, 210980, 1369
2571, 5, 88, 97, 51, 2, 2.09%, 0, 10, 7, 1.54, 210989, 1369
2576, 5, 88, 97, 51, 2, 2.09%, 0, 10, 7, 1.58, 210997, 1369
2582, 5, 88, 97, 51, 2, 2.09%, 0, 10, 7, 1.57, 211005, 1369
2587, 5, 88, 97, 51, 2, 2.09%, 0, 10, 7, 1.48, 211012, 1369
2593, 5, 88, 97, 51, 2, 2.09%, 0, 10, 7, 1.53, 211021, 1369
2598, 5, 88, 97, 51, 2, 2.09%, 0, 10, 7, 1.65, 211030, 1369
2603, 5, 88, 97, 51, 2, 2.09%, 0, 10, 7, 30.73, 211090, 1369
2608, 5, 88, 97, 51, 2, 2.09%, 0, 10, 7, 29.89, 211240, 1369
2613, 5, 88, 97, 51, 2, 2.09%, 0, 10, 7, 279.31, 212202, 1369
2618, 5, 88, 97, 51, 2, 2.09%, 0, 10, 7, 173.61, 212842, 1369
2624, 5, 22, 97, 51, 2, 2.09%, 0, 10, 7, 6.22, 213858, 1369
2629, 5, 22, 97, 51, 2, 2.09%, 0, 10, 7, 240.14, 214378, 1369
2634, 5, 22, 97, 51, 2, 2.09%, 0, 10, 7, 242.57, 214516, 1369
2639, 5, 22, 97, 51, 2, 2.09%, 0, 10, 7, 3.25, 214878, 1369
2645, 5, 22, 97, 51, 2, 2.09%, 0, 10, 7, 1.18, 215108, 1369
2651, 5, 22, 97, 51, 2, 2.09%, 0, 10, 7, 1.29, 215116, 1369
2656, 5, 22, 97, 51, 2, 2.09%, 0, 10, 7, 1.41, 215123, 1369
2662, 5, 22, 97, 51, 2, 2.09%, 0, 10, 7, 3.03, 215175, 1369
2667, 5, 22, 97, 51, 2, 2.09%, 0, 10, 7, 2.68, 215183, 1369
2672, 5, 22, 97, 51, 2, 2.09%, 0, 10, 7, 2.21, 215189, 1369
2677, 5, 11, 97, 51, 2, 2.09%, 0, 10, 7, 258.20, 215577, 1369
2683, 5, 11, 97, 51, 2, 2.09%, 0, 10, 7, 1.63, 215988, 1369
2688, 5, 11, 97, 51, 2, 2.09%, 0, 10, 7, 1.62, 215997, 1369
2694, 5, 11, 97, 51, 2, 2.09%, 0, 10, 7, 1.86, 216008, 1369
2699, 5, 11, 97, 51, 2, 2.09%, 0, 10, 7, 1.89, 216018, 1369
2704, 5, 11, 97, 51, 2, 2.09%, 0, 10, 7, 1.97, 216029, 1369
2709, 5, 22, 97, 51, 2, 2.09%, 0, 10, 7, 112.42, 216807, 1369
2715, 5, 22, 97, 51, 2, 2.09%, 0, 10, 7, 4.56, 217016, 1369
2720, 5, 22, 97, 51, 2, 2.09%, 0, 10, 7, 6.94, 217168, 1369
2725, 5, 22, 97, 51, 2, 2.09%, 0, 10, 7, 1.96, 217445, 1369
2731, 5, 22, 97, 51, 2, 2.09%, 0, 10, 7, 1.96, 217454, 1369
2736, 5, 22, 97, 51, 2, 2.09%, 0, 10, 7, 214.75, 217701, 1369
2741, 5, 11, 97, 51, 2, 2.09%, 0, 10, 7, 6.24, 218095, 1369
2746, 5, 11, 97, 51, 2, 2.09%, 0, 10, 7, 5.16, 218120, 1369
2751, 5, 11, 97, 51, 2, 2.09%, 0, 10, 7, 12.94, 218417, 1369
2756, 5, 11, 97, 51, 2, 2.09%, 0, 10, 7, 4.94, 218537, 1369
2761, 5, 11, 97, 51, 2, 2.09%, 0, 10, 7, 223.58, 218626, 1369
2767, 5, 64, 97, 51, 2, 2.09%, 0, 10, 7, 3.44, 219182, 1369
2772, 5, 64, 97, 51, 2, 2.09%, 0, 10, 7, 3.85, 219204, 1369
2777, 5, 64, 97, 51, 2, 2.09%, 0, 10, 7, 6.91, 219270, 1369
2782, 5, 64, 97, 51, 2, 2.09%, 0, 10, 7, 5.33, 219293, 1369
2787, 5, 64, 97, 51, 2, 2.09%, 0, 10, 7, 252.48, 219654, 1369
2792, 6, 22, 97, 51, 2, 2.09%, 0, 10, 7, 7.50, 220142, 1369
2797, 6, 85, 97, 51, 2, 2.09%, 0, 10, 7, 6.60, 221142, 1369
2803, 6, 85, 97, 51, 2, 2.09%, 0, 10, 7, 5.71, 221169, 1369
2808, 6, 85, 97, 51, 2, 2.09%, 0, 10, 7, 5.42, 221197, 1369
2813, 6, 85, 97, 51, 2, 2.09%, 0, 10, 7, 5.34, 221224, 1369
2818, 6, 85, 97, 51, 2, 2.09%, 0, 10, 7, 5.31, 221942, 1369
2823, 6, 85, 97, 51, 2, 2.09%, 0, 10, 7, 4.66, 221965, 1369
2828, 6, 85, 97, 51, 2, 2.09%, 0, 10, 7, 4.68, 221988, 1369
2833, 6, 85, 97, 51, 2, 2.09%, 0, 10, 7, 4.37, 222010, 1369
2840, 6, 11, 97, 51, 2, 2.09%, 0, 10, 7, 22.92, 222729, 1369
2845, 6, 11, 97, 51, 2, 2.09%, 0, 10, 7, 4.93, 222756, 1369
2850, 6, 11, 97, 51, 2, 2.09%, 0, 10, 7, 3.26, 223041, 1369
2855, 6, 11, 97, 51, 2, 2.09%, 0, 10, 7, 3.30, 223059, 1369
2860, 6, 22, 97, 51, 2, 2.09%, 0, 10, 7, 312.85, 223326, 1369
2865, 6, 22, 97, 51, 2, 2.09%, 0, 10, 7, 146.92, 223590, 1369
2871, 6, 22, 98, 52, 2, 2.09%, 0, 10, 7, 7.37, 223746, 1369
2876, 6, 7, 98, 52, 2, 2.09%, 0, 10, 7, 4.01, 224053, 1369
2881, 6, 22, 98, 52, 2, 2.09%, 0, 10, 7, 1.63, 224318, 1369
2886, 6, 22, 98, 52, 2, 2.09%, 0, 10, 7, 1.62, 224327, 1369
2892, 6, 22, 98, 52, 2, 2.09%, 0, 10, 7, 129.31, 224381, 1369
2897, 6, 22, 98, 52, 2, 2.09%, 0, 10, 7, 21.62, 224474, 1369
2902, 6, 87, 98, 52, 2, 2.09%, 0, 10, 7, 1.37, 224582, 1369
2907, 6, 87, 98, 52, 2, 2.09%, 0, 10, 7, 1.30, 224588, 1369
2912, 6, 87, 98, 52, 2, 2.09%, 0, 10, 7, 1.27, 224594, 1369
2917, 6, 87, 98, 52, 2, 2.09%, 0, 10, 7, 1.24, 224600, 1369
2922, 6, 87, 98, 52, 2, 2.09%, 0, 10, 7, 1.21, 224606, 1369
2927, 6, 87, 98, 52, 2, 2.09%, 0, 10, 7, 1.21, 224612, 1369
2933, 6, 87, 98, 52, 2, 2.09%, 0, 10, 7, 1.18, 224618, 1369
2938, 6, 87, 98, 52, 2, 2.09%, 0, 10, 7, 1.16, 224624, 1369
2944, 6, 87, 98, 52, 2, 2.09%, 0, 10, 7, 1.15, 224630, 1369
2949, 6, 87, 98, 52, 2, 2.09%, 0, 10, 7, 1.13, 224636, 1369
2954, 6, 87, 98, 52, 2, 2.09%, 0, 10, 7, 1.12, 224642, 1369
2960, 6, 87, 98, 52, 2, 2.09%, 0, 10, 7, 1.13, 224648, 1369
2965, 6, 87, 98, 52, 2, 2.09%, 0, 10, 7, 1.12, 224654, 1369
2971, 6, 87, 98, 52, 2, 2.09%, 0, 10, 7, 1.11, 224660, 1369
2976, 6, 87, 98, 52, 2, 2.09%, 0, 10, 7, 1.10, 224666, 1369
2982, 6, 87, 98, 52, 2, 2.09%, 0, 10, 7, 1.10, 224672, 1369
2987, 6, 87, 98, 52, 2, 2.09%, 0, 10, 7, 1.09, 224678, 1369
2993, 6, 87, 98, 52, 2, 2.09%, 0, 10, 7, 1.09, 224684, 1369
2998, 6, 87, 98, 52, 2, 2.09%, 0, 10, 7, 1.09, 224690, 1369
3004, 6, 87, 98, 52, 2, 2.09%, 0, 10, 7, 1.09, 224696, 1369
3009, 6, 87, 98, 52, 2, 2.09%, 0, 10, 7, 1.09, 224702, 1369
3015, 6, 87, 98, 52, 2, 2.09%, 0, 10, 7, 1.09, 224708, 1369
3020, 6, 87, 98, 52, 2, 2.09%, 0, 10, 7, 1.09, 224714, 1369
3026, 6, 87, 98, 52, 2, 2.09%, 0, 10, 7, 1.09, 224720, 1369
3031, 6, 87, 98, 52, 2, 2.09%, 0, 10, 7, 1.11, 224726, 1369
3037, 6, 87, 98, 52, 2, 2.09%, 0, 10, 7, 1.10, 224732, 1369
3042, 6, 87, 98, 52, 2, 2.09%, 0, 10, 7, 1.09, 224738, 1369
3048, 6, 87, 98, 52, 2, 2.09%, 0, 10, 7, 1.09, 224744, 1369
3053, 6, 87, 98, 52, 2, 2.09%, 0, 10, 7, 1.09, 224750, 1369
3059, 6, 87, 98, 52, 2, 2.09%, 0, 10, 7, 1.09, 224756, 1369
3064, 6, 87, 98, 52, 2, 2.09%, 0, 10, 7, 1.08, 224762, 1369
3070, 6, 87, 98, 52, 2, 2.09%, 0, 10, 7, 1.08, 224768, 1369
3075, 6, 87, 98, 52, 2, 2.09%, 0, 10, 7, 1.08, 224774, 1369
3081, 6, 87, 98, 52, 2, 2.09%, 0, 10, 7, 1.08, 224780, 1369
3087, 6, 87, 98, 52, 2, 2.09%, 0, 10, 7, 1.08, 224786, 1369
3092, 6, 87, 98, 52, 2, 2.09%, 0, 10, 7, 1.09, 224792, 1369
3098, 6, 87, 98, 52, 2, 2.09%, 0, 10, 7, 1.08, 224798, 1369
3103, 6, 87, 98, 52, 2, 2.09%, 0, 10, 7, 1.09, 224804, 1369
3109, 6, 87, 98, 52, 2, 2.09%, 0, 10, 7, 1.09, 224810, 1369
3114, 6, 87, 98, 52, 2, 2.09%, 0, 10, 7, 1.09, 224816, 1369
3120, 6, 87, 98, 52, 2, 2.09%, 0, 10, 7, 1.09, 224822, 1369
3125, 6, 87, 98, 52, 2, 2.09%, 0, 10, 7, 1.10, 224828, 1369
3130, 6, 87, 98, 52, 2, 2.09%, 0, 10, 7, 1.10, 224834, 1369
3136, 6, 87, 98, 52, 2, 2.09%, 0, 10, 7, 1.09, 224840, 1369
3141, 6, 87, 98, 52, 2, 2.09%, 0, 10, 7, 1.10, 224846, 1369
3147, 6, 87, 98, 52, 2, 2.09%, 0, 10, 7, 1.10, 224852, 1369
3152, 6, 87, 98, 52, 2, 2.09%, 0, 10, 7, 1.10, 224858, 1369
3158, 6, 87, 98, 52, 2, 2.09%, 0, 10, 7, 1.09, 224864, 1369
3163, 6, 87, 98, 52, 2, 2.09%, 0, 10, 7, 1.10, 224870, 1369
3169, 6, 87, 98, 52, 2, 2.09%, 0, 10, 7, 1.11, 224876, 1369
3174, 6, 87, 98, 52, 2, 2.09%, 0, 10, 7, 1.11, 224882, 1369
3180, 6, 87, 98, 52, 2, 2.09%, 0, 10, 7, 1.10, 224888, 1369
3185, 6, 87, 98, 52, 2, 2.09%, 0, 10, 7, 1.10, 224894, 1369
3190, 6, 87, 98, 52, 2, 2.09%, 0, 10, 7, 1.10, 224900, 1369
3196, 6, 87, 98, 52, 2, 2.09%, 0, 10, 7, 1.10, 224906, 1369
3202, 6, 87, 98, 52, 2, 2.09%, 0, 10, 7, 1.09, 224912, 1369
3207, 6, 87, 98, 52, 2, 2.09%, 0, 10, 7, 1.09, 224918, 1369
3213, 6, 87, 98, 52, 2, 2.09%, 0, 10, 7, 1.09, 224924, 1369
3218, 6, 87, 98, 52, 2, 2.09%, 0, 10, 7, 1.09, 224930, 1369
3224, 6, 87, 98, 52, 2, 2.09%, 0, 10, 7, 1.09, 224936, 1369
3229, 6, 87, 98, 52, 2, 2.09%, 0, 10, 7, 1.10, 224942, 1369
3234, 6, 87, 98, 52, 2, 2.09%, 0, 10, 7, 1.10, 224948, 1369
3240, 6, 87, 98, 52, 2, 2.09%, 0, 10, 7, 1.10, 224954, 1369
3245, 6, 87, 98, 52, 2, 2.09%, 0, 10, 7, 1.09, 224960, 1369
3251, 6, 87, 98, 52, 2, 2.09%, 0, 10, 7, 1.09, 224966, 1369
3256, 6, 87, 98, 52, 2, 2.09%, 0, 10, 7, 1.09, 224972, 1369
3262, 6, 87, 98, 52, 2, 2.09%, 0, 10, 7, 1.09, 224978, 1369
3267, 6, 87, 98, 52, 2, 2.09%, 0, 10, 7, 1.09, 224984, 1369
3273, 6, 87, 98, 52, 2, 2.09%, 0, 10, 7, 1.09, 224990, 1369
3278, 6, 87, 98, 52, 2, 2.09%, 0, 10, 7, 1.09, 224996, 1369
3284, 6, 87, 98, 52, 2, 2.09%, 0, 10, 7, 1.09, 225002, 1369
3289, 6, 87, 98, 52, 2, 2.09%, 0, 10, 7, 1.09, 225008, 1369
3295, 6, 87, 98, 52, 2, 2.09%, 0, 10, 7, 1.09, 225014, 1369
3300, 6, 87, 98, 52, 2, 2.09%, 0, 10, 7, 1.09, 225020, 1369
3306, 6, 87, 98, 52, 2, 2.09%, 0, 10, 7, 1.09, 225026, 1369
3311, 6, 87, 98, 52, 2, 2.09%, 0, 10, 7, 1.09, 225032, 1369
3317, 6, 87, 98, 52, 2, 2.09%, 0, 10, 7, 1.09, 225038, 1369
3322, 6, 87, 98, 52, 2, 2.09%, 0, 10, 7, 1.09, 225044, 1369
3328, 6, 87, 98, 52, 2, 2.09%, 0, 10, 7, 1.09, 225050, 1369
3333, 6, 87, 98, 52, 2, 2.09%, 0, 10, 7, 1.09, 225056, 1369
3339, 6, 87, 98, 52, 2, 2.09%, 0, 10, 7, 1.09, 225062, 1369
3344, 6, 87, 98, 52, 2, 2.09%, 0, 10, 7, 1.09, 225068, 1369
3350, 6, 87, 98, 52, 2, 2.09%, 0, 10, 7, 1.10, 225074, 1369
3355, 6, 87, 98, 52, 2, 2.09%, 0, 10, 7, 1.10, 225080, 1369
3361, 6, 87, 98, 52, 2, 2.09%, 0, 10, 7, 1.10, 225086, 1369
3366, 6, 87, 98, 52, 2, 2.09%, 0, 10, 7, 1.10, 225092, 1369
3372, 6, 87, 98, 52, 2, 2.09%, 0, 10, 7, 1.10, 225098, 1369
3377, 6, 87, 98, 52, 2, 2.09%, 0, 10, 7, 1.10, 225104, 1369
3383, 6, 87, 98, 52, 2, 2.09%, 0, 10, 7, 1.10, 225110, 1369
3388, 6, 87, 98, 52, 2, 2.09%, 0, 10, 7, 1.09, 225116, 1369
3394, 6, 87, 98, 52, 2, 2.09%, 0, 10, 7, 1.09, 225122, 1369
3399, 6, 87, 98, 52, 2, 2.09%, 0, 10, 7, 1.09, 225128, 1369
3405, 6, 87, 98, 52, 2, 2.09%, 0, 10, 7, 1.09, 225134, 1369
3410, 6, 87, 98, 52, 2, 2.09%, 0, 10, 7, 1.09, 225140, 1369
3416, 6, 87, 98, 52, 2, 2.09%, 0, 10, 7, 1.09, 225146, 1369
3421, 6, 87, 98, 52, 2, 2.09%, 0, 10, 7, 1.09, 225152, 1369
3427, 6, 87, 98, 52, 2, 2.09%, 0, 10, 7, 1.09, 225158, 1369
3432, 6, 87, 98, 52, 2, 2.09%, 0, 10, 7, 1.09, 225164, 1369
3438, 6, 87, 98, 52, 2, 2.09%, 0, 10, 7, 1.09, 225170, 1369
3443, 6, 87, 98, 52, 2, 2.09%, 0, 10, 7, 1.11, 225176, 1369
3448, 6, 87, 98, 52, 2, 2.09%, 0, 10, 7, 1.10, 225182, 1369
3454, 6, 87, 98, 52, 2, 2.09%, 0, 10, 7, 1.10, 225188, 1369
3459, 6, 87, 98, 52, 2, 2.09%, 0, 10, 7, 1.10, 225194, 1369
3465, 6, 87, 98, 52, 2, 2.09%, 0, 10, 7, 1.09, 225200, 1369
3470, 6, 87, 98, 52, 2, 2.09%, 0, 10, 7, 1.09, 225206, 1369
3476, 6, 87, 98, 52, 2, 2.09%, 0, 10, 7, 1.09, 225212, 1369
3481, 6, 87, 98, 52, 2, 2.09%, 0, 10, 7, 1.09, 225218, 1369
3487, 6, 87, 98, 52, 2, 2.09%, 0, 10, 7, 1.09, 225224, 1369
3492, 6, 87, 98, 52, 2, 2.09%, 0, 10, 7, 1.10, 225230, 1369
3498, 6, 87, 98, 52, 2, 2.09%, 0, 10, 7, 1.09, 225236, 1369
3503, 6, 87, 98, 52, 2, 2.09%, 0, 10, 7, 1.09, 225242, 1369
3509, 6, 87, 98, 52, 2, 2.09%, 0, 10, 7, 1.09, 225248, 1369
3514, 6, 87, 98, 52, 2, 2.09%, 0, 10, 7, 1.09, 225254, 1369
3520, 6, 87, 98, 52, 2, 2.09%, 0, 10, 7, 1.09, 225260, 1369
3525, 6, 87, 98, 52, 2, 2.09%, 0, 10, 7, 1.09, 225266, 1369
3531, 6, 87, 98, 52, 2, 2.09%, 0, 10, 7, 1.09, 225272, 1369
3536, 6, 87, 98, 52, 2, 2.09%, 0, 10, 7, 1.09, 225278, 1369
3542, 6, 87, 98, 52, 2, 2.09%, 0, 10, 7, 1.09, 225284, 1369
3547, 6, 87, 98, 52, 2, 2.09%, 0, 10, 7, 1.09, 225290, 1369
3553, 6, 87, 98, 52, 2, 2.09%, 0, 10, 7, 1.09, 225296, 1369
3558, 6, 87, 98, 52, 2, 2.09%, 0, 10, 7, 1.09, 225302, 1369
3564, 6, 87, 98, 52, 2, 2.09%, 0, 10, 7, 1.09, 225308, 1369
3569, 6, 87, 98, 52, 2, 2.09%, 0, 10, 7, 1.09, 225314, 1369
3575, 6, 87, 98, 52, 2, 2.09%, 0, 10, 7, 1.09, 225320, 1369
3580, 6, 87, 98, 52, 2, 2.09%, 0, 10, 7, 1.09, 225326, 1369
3586, 6, 87, 98, 52, 2, 2.09%, 0, 10, 7, 1.09, 225332, 1369
3591, 6, 87, 98, 52, 2, 2.09%, 0, 10, 7, 1.09, 225338, 1369
3597, 6, 87, 98, 52, 2, 2.09%, 0, 10, 7, 1.09, 225344, 1369
3602, 6, 87, 98, 52, 2, 2.09%, 0, 10, 7, 1.09, 225350, 1369
3608, 6, 87, 98, 52, 2, 2.09%, 0, 10, 7, 1.09, 225356, 1369
3613, 6, 87, 98, 52, 2, 2.09%, 0, 10, 7, 1.09, 225362, 1369
3619, 6, 87, 98, 52, 2, 2.09%, 0, 10, 7, 1.09, 225368, 1369
3624, 6, 87, 98, 52, 2, 2.09%, 0, 10, 7, 1.09, 225374, 1369
3630, 6, 87, 98, 52, 2, 2.09%, 0, 10, 7, 1.10, 225380, 1369
3635, 6, 87, 98, 52, 2, 2.09%, 0, 10, 7, 1.09, 225386, 1369
3641, 6, 87, 98, 52, 2, 2.09%, 0, 10, 7, 1.09, 225392, 1369
3646, 6, 87, 98, 52, 2, 2.09%, 0, 10, 7, 1.09, 225398, 1369
3652, 6, 87, 98, 52, 2, 2.09%, 0, 10, 7, 1.09, 225404, 1369
3657, 6, 87, 98, 52, 2, 2.09%, 0, 10, 7, 1.09, 225410, 1369
3663, 6, 87, 98, 52, 2, 2.09%, 0, 10, 7, 1.09, 225416, 1369
3668, 6, 87, 98, 52, 2, 2.09%, 0, 10, 7, 1.09, 225422, 1369
3674, 6, 87, 98, 52, 2, 2.09%, 0, 10, 7, 1.09, 225428, 1369
3679, 6, 87, 98, 52, 2, 2.09%, 0, 10, 7, 1.09, 225434, 1369
3685, 6, 87, 98, 52, 2, 2.09%, 0, 10, 7, 1.09, 225440, 1369
3690, 6, 87, 98, 52, 2, 2.09%, 0, 10, 7, 1.10, 225446, 1369
3696, 6, 87, 98, 52, 2, 2.09%, 0, 10, 7, 1.10, 225452, 1369
3701, 6, 87, 98, 52, 2, 2.09%, 0, 10, 7, 1.09, 225458, 1369
3707, 6, 87, 98, 52, 2, 2.09%, 0, 10, 7, 1.09, 225464, 1369
3712, 6, 87, 98, 52, 2, 2.09%, 0, 10, 7, 1.09, 225470, 1369
3718, 6, 87, 98, 52, 2, 2.09%, 0, 10, 7, 1.09, 225476, 1369
3723, 6, 87, 98, 52, 2, 2.09%, 0, 10, 7, 1.09, 225482, 1369
3729, 6, 87, 98, 52, 2, 2.09%, 0, 10, 7, 1.09, 225488, 1369
3734, 6, 87, 98, 52, 2, 2.09%, 0, 10, 7, 1.09, 225494, 1369
3740, 6, 87, 98, 52, 2, 2.09%, 0, 10, 7, 1.09, 225500, 1369
3745, 6, 87, 98, 52, 2, 2.09%, 0, 10, 7, 1.09, 225506, 1369
3751, 6, 87, 98, 52, 2, 2.09%, 0, 10, 7, 1.09, 225512, 1369
3756, 6, 87, 98, 52, 2, 2.09%, 0, 10, 7, 1.09, 225518, 1369
3762, 6, 87, 98, 52, 2, 2.09%, 0, 10, 7, 1.09, 225524, 1369
3767, 6, 87, 98, 52, 2, 2.09%, 0, 10, 7, 1.09, 225530, 1369
3773, 6, 87, 98, 52, 2, 2.09%, 0, 10, 7, 1.09, 225536, 1369
3778, 6, 87, 98, 52, 2, 2.09%, 0, 10, 7, 1.09, 225542, 1369
3784, 6, 87, 98, 52, 2, 2.09%, 0, 10, 7, 1.09, 225548, 1369
3789, 6, 87, 98, 52, 2, 2.09%, 0, 10, 7, 1.09, 225554, 1369
3795, 6, 87, 98, 52, 2, 2.09%, 0, 10, 7, 1.09, 225560, 1369
3800, 6, 87, 98, 52, 2, 2.09%, 0, 10, 7, 1.09, 225566, 1369
3806, 6, 87, 98, 52, 2, 2.09%, 0, 10, 7, 1.09, 225572, 1369
3811, 6, 87, 98, 52, 2, 2.09%, 0, 10, 7, 1.09, 225578, 1369
3817, 6, 87, 98, 52, 2, 2.09%, 0, 10, 7, 1.09, 225584, 1369
3822, 6, 87, 98, 52, 2, 2.09%, 0, 10, 7, 1.09, 225590, 1369
3828, 6, 87, 98, 52, 2, 2.09%, 0, 10, 7, 1.10, 225596, 1369
3833, 6, 87, 98, 52, 2, 2.09%, 0, 10, 7, 1.09, 225602, 1369
3839, 6, 87, 98, 52, 2, 2.09%, 0, 10, 7, 1.10, 225608, 1369
3844, 6, 87, 98, 52, 2, 2.09%, 0, 10, 7, 1.10, 225614, 1369
3850, 6, 87, 98, 52, 2, 2.09%, 0, 10, 7, 1.10, 225620, 1369
3855, 6, 87, 98, 52, 2, 2.09%, 0, 10, 7, 1.09, 225626, 1369
3861, 6, 87, 98, 52, 2, 2.09%, 0, 10, 7, 1.09, 225632, 1369
3866, 6, 87, 98, 52, 2, 2.09%, 0, 10, 7, 1.09, 225638, 1369
3872, 6, 87, 98, 52, 2, 2.09%, 0, 10, 7, 1.09, 225644, 1369
3877, 6, 87, 98, 52, 2, 2.09%, 0, 10, 7, 1.10, 225650, 1369
3883, 6, 87, 98, 52, 2, 2.09%, 0, 10, 7, 1.10, 225656, 1369
3888, 6, 87, 98, 52, 2, 2.09%, 0, 10, 7, 1.10, 225662, 1369
3894, 6, 87, 98, 52, 2, 2.09%, 0, 10, 7, 1.10, 225668, 1369
3899, 6, 87, 98, 52, 2, 2.09%, 0, 10, 7, 1.10, 225674, 1369
3904, 6, 87, 98, 52, 2, 2.09%, 0, 10, 7, 1.10, 225680, 1369
3910, 6, 87, 98, 52, 2, 2.09%, 0, 10, 7, 1.10, 225686, 1369
3915, 6, 87, 98, 52, 2, 2.09%, 0, 10, 7, 1.09, 225692, 1369
3921, 6, 87, 98, 52, 2, 2.09%, 0, 10, 7, 1.09, 225698, 1369
3926, 6, 87, 98, 52, 2, 2.09%, 0, 10, 7, 1.09, 225704, 1369
3932, 6, 87, 98, 52, 2, 2.09%, 0, 10, 7, 1.09, 225710, 1369
3937, 6, 87, 98, 52, 2, 2.09%, 0, 10, 7, 1.09, 225716, 1369
3943, 6, 87, 98, 52, 2, 2.09%, 0, 10, 7, 1.09, 225722, 1369
3948, 6, 87, 98, 52, 2, 2.09%, 0, 10, 7, 1.09, 225728, 1369
3954, 6, 87, 98, 52, 2, 2.09%, 0, 10, 7, 1.09, 225734, 1369
3959, 6, 87, 98, 52, 2, 2.09%, 0, 10, 7, 1.09, 225740, 1369
3965, 6, 87, 98, 52, 2, 2.09%, 0, 10, 7, 1.10, 225746, 1369
3970, 6, 87, 98, 52, 2, 2.09%, 0, 10, 7, 1.10, 225752, 1369
3976, 6, 87, 98, 52, 2, 2.09%, 0, 10, 7, 1.10, 225758, 1369
3981, 6, 87, 98, 52, 2, 2.09%, 0, 10, 7, 1.10, 225764, 1369
3987, 6, 87, 98, 52, 2, 2.09%, 0, 10, 7, 1.11, 225770, 1369
3992, 6, 87, 98, 52, 2, 2.09%, 0, 10, 7, 1.10, 225776, 1369
3998, 6, 87, 98, 52, 2, 2.09%, 0, 10, 7, 1.10, 225782, 1369
4003, 6, 87, 98, 52, 2, 2.09%, 0, 10, 7, 1.10, 225788, 1369
4009, 6, 87, 98, 52, 2, 2.09%, 0, 10, 7, 1.10, 225794, 1369
4014, 6, 87, 98, 52, 2, 2.09%, 0, 10, 7, 1.10, 225800, 1369
4019, 6, 87, 98, 52, 2, 2.09%, 0, 10, 7, 1.10, 225806, 1369
4025, 6, 87, 98, 52, 2, 2.09%, 0, 10, 7, 1.10, 225812, 1369
4030, 6, 87, 98, 52, 2, 2.09%, 0, 10, 7, 1.09, 225818, 1369
4036, 6, 87, 98, 52, 2, 2.09%, 0, 10, 7, 1.09, 225824, 1369
4041, 6, 87, 98, 52, 2, 2.09%, 0, 10, 7, 1.10, 225830, 1369
4047, 6, 87, 98, 52, 2, 2.09%, 0, 10, 7, 1.10, 225836, 1369
4052, 6, 87, 98, 52, 2, 2.09%, 0, 10, 7, 1.09, 225842, 1369
4058, 6, 87, 98, 52, 2, 2.09%, 0, 10, 7, 1.09, 225848, 1369
4063, 6, 87, 98, 52, 2, 2.09%, 0, 10, 7, 1.09, 225854, 1369
4069, 6, 87, 98, 52, 2, 2.09%, 0, 10, 7, 1.09, 225860, 1369
4074, 6, 87, 98, 52, 2, 2.09%, 0, 10, 7, 1.09, 225866, 1369
4080, 6, 87, 98, 52, 2, 2.09%, 0, 10, 7, 1.09, 225872, 1369
4085, 6, 87, 98, 52, 2, 2.09%, 0, 10, 7, 1.09, 225878, 1369
4091, 6, 87, 98, 52, 2, 2.09%, 0, 10, 7, 1.10, 225884, 1369
4096, 6, 87, 98, 52, 2, 2.09%, 0, 10, 7, 1.09, 225890, 1369
4102, 6, 87, 98, 52, 2, 2.09%, 0, 10, 7, 1.09, 225896, 1369
4107, 6, 87, 98, 52, 2, 2.09%, 0, 10, 7, 1.09, 225902, 1369
4113, 6, 87, 98, 52, 2, 2.09%, 0, 10, 7, 1.09, 225908, 1369
4118, 6, 87, 98, 52, 2, 2.09%, 0, 10, 7, 1.09, 225914, 1369
4124, 6, 87, 98, 52, 2, 2.09%, 0, 10, 7, 1.09, 225920, 1369
4129, 6, 87, 98, 52, 2, 2.09%, 0, 10, 7, 1.09, 225926, 1369
4135, 6, 87, 98, 52, 2, 2.09%, 0, 10, 7, 1.09, 225932, 1369
4140, 6, 87, 98, 52, 2, 2.09%, 0, 10, 7, 1.09, 225938, 1369
4146, 6, 87, 98, 52, 2, 2.09%, 0, 10, 7, 1.09, 225944, 1369
4151, 6, 87, 98, 52, 2, 2.09%, 0, 10, 7, 1.09, 225950, 1369
4157, 6, 87, 98, 52, 2, 2.09%, 0, 10, 7, 1.09, 225956, 1369
4162, 6, 87, 98, 52, 2, 2.09%, 0, 10, 7, 1.09, 225962, 1369
4168, 6, 87, 98, 52, 2, 2.09%, 0, 10, 7, 1.09, 225968, 1369
4173, 6, 87, 98, 52, 2, 2.09%, 0, 10, 7, 1.09, 225974, 1369
4179, 6, 87, 98, 52, 2, 2.09%, 0, 10, 7, 1.09, 225980, 1369
4184, 6, 87, 98, 52, 2, 2.09%, 0, 10, 7, 1.09, 225986, 1369
4190, 6, 87, 98, 52, 2, 2.09%, 0, 10, 7, 1.09, 225992, 1369
4195, 6, 87, 98, 52, 2, 2.09%, 0, 10, 7, 1.09, 225998, 1369
4201, 6, 87, 98, 52, 2, 2.09%, 0, 10, 7, 1.09, 226004, 1369
4206, 6, 87, 98, 52, 2, 2.09%, 0, 10, 7, 1.09, 226010, 1369
4212, 6, 87, 98, 52, 2, 2.09%, 0, 10, 7, 1.09, 226016, 1369
4217, 6, 87, 98, 52, 2, 2.09%, 0, 10, 7, 1.09, 226022, 1369
4223, 6, 87, 98, 52, 2, 2.09%, 0, 10, 7, 1.09, 226028, 1369
4228, 6, 87, 98, 52, 2, 2.09%, 0, 10, 7, 1.09, 226034, 1369
4234, 6, 87, 98, 52, 2, 2.09%, 0, 10, 7, 1.10, 226040, 1369
4239, 6, 87, 98, 52, 2, 2.09%, 0, 10, 7, 1.09, 226046, 1369
4245, 6, 87, 98, 52, 2, 2.09%, 0, 10, 7, 1.09, 226052, 1369
4250, 6, 87, 98, 52, 2, 2.09%, 0, 10, 7, 1.09, 226058, 1369
4256, 6, 87, 98, 52, 2, 2.09%, 0, 10, 7, 1.09, 226064, 1369
4261, 6, 87, 98, 52, 2, 2.09%, 0, 10, 7, 1.09, 226070, 1369
4267, 6, 87, 98, 52, 2, 2.09%, 0, 10, 7, 1.09, 226076, 1369
4272, 6, 87, 98, 52, 2, 2.09%, 0, 10, 7, 1.09, 226082, 1369
4278, 6, 87, 98, 52, 2, 2.09%, 0, 10, 7, 1.09, 226088, 1369
4283, 6, 87, 98, 52, 2, 2.09%, 0, 10, 7, 1.09, 226094, 1369
4289, 6, 87, 98, 52, 2, 2.09%, 0, 10, 7, 1.09, 226100, 1369
4294, 6, 87, 98, 52, 2, 2.09%, 0, 10, 7, 1.09, 226106, 1369
4300, 6, 87, 98, 52, 2, 2.09%, 0, 10, 7, 1.09, 226112, 1369
4305, 6, 87, 98, 52, 2, 2.09%, 0, 10, 7, 1.09, 226118, 1369
4311, 6, 87, 98, 52, 2, 2.09%, 0, 10, 7, 1.09, 226124, 1369
4316, 6, 87, 98, 52, 2, 2.09%, 0, 10, 7, 1.09, 226130, 1369
4322, 6, 87, 98, 52, 2, 2.09%, 0, 10, 7, 1.09, 226136, 1369
4327, 6, 87, 98, 52, 2, 2.09%, 0, 10, 7, 1.09, 226142, 1369
4333, 6, 87, 98, 52, 2, 2.09%, 0, 10, 7, 1.09, 226148, 1369
4338, 6, 87, 98, 52, 2, 2.09%, 0, 10, 7, 1.09, 226154, 1369
4344, 6, 87, 98, 52, 2, 2.09%, 0, 10, 7, 1.09, 226160, 1369
4349, 6, 87, 98, 52, 2, 2.09%, 0, 10, 7, 1.09, 226166, 1369
4355, 6, 87, 98, 52, 2, 2.09%, 0, 10, 7, 1.09, 226172, 1369
4360, 6, 87, 98, 52, 2, 2.09%, 0, 10, 7, 1.09, 226178, 1369
4366, 6, 87, 98, 52, 2, 2.09%, 0, 10, 7, 1.09, 226184, 1369
4371, 6, 87, 98, 52, 2, 2.09%, 0, 10, 7, 1.09, 226190, 1369
4377, 6, 87, 98, 52, 2, 2.09%, 0, 10, 7, 1.09, 226196, 1369
4382, 6, 87, 98, 52, 2, 2.09%, 0, 10, 7, 1.09, 226202, 1369
4388, 6, 87, 98, 52, 2, 2.09%, 0, 10, 7, 1.09, 226208, 1369
4393, 6, 87, 98, 52, 2, 2.09%, 0, 10, 7, 1.09, 226214, 1369
4399, 6, 87, 98, 52, 2, 2.09%, 0, 10, 7, 1.09, 226220, 1369
4404, 6, 87, 98, 52, 2, 2.09%, 0, 10, 7, 1.10, 226226, 1369
4410, 6, 87, 98, 52, 2, 2.09%, 0, 10, 7, 1.10, 226232, 1369
4415, 6, 87, 98, 52, 2, 2.09%, 0, 10, 7, 1.09, 226238, 1369
4421, 6, 87, 98, 52, 2, 2.09%, 0, 10, 7, 1.09, 226244, 1369
4426, 6, 87, 98, 52, 2, 2.09%, 0, 10, 7, 1.09, 226250, 1369
4432, 6, 87, 98, 52, 2, 2.09%, 0, 10, 7, 1.09, 226256, 1369
4437, 6, 87, 98, 52, 2, 2.09%, 0, 10, 7, 1.09, 226262, 1369
4443, 6, 87, 98, 52, 2, 2.09%, 0, 10, 7, 1.10, 226268, 1369
4448, 6, 87, 98, 52, 2, 2.09%, 0, 10, 7, 1.09, 226274, 1369
4454, 6, 87, 98, 52, 2, 2.09%, 0, 10, 7, 1.09, 226280, 1369
4459, 6, 87, 98, 52, 2, 2.09%, 0, 10, 7, 1.09, 226286, 1369
4465, 6, 87, 98, 52, 2, 2.09%, 0, 10, 7, 1.09, 226292, 1369
4470, 6, 87, 98, 52, 2, 2.09%, 0, 10, 7, 1.09, 226298, 1369
4476, 6, 87, 98, 52, 2, 2.09%, 0, 10, 7, 1.09, 226304, 1369
4481, 6, 87, 98, 52, 2, 2.09%, 0, 10, 7, 1.09, 226310, 1369
4487, 6, 87, 98, 52, 2, 2.09%, 0, 10, 7, 1.09, 226316, 1369
4492, 6, 87, 98, 52, 2, 2.09%, 0, 10, 7, 1.09, 226322, 1369
4498, 6, 87, 98, 52, 2, 2.09%, 0, 10, 7, 1.09, 226328, 1369
4503, 6, 87, 98, 52, 2, 2.09%, 0, 10, 7, 1.09, 226334, 1369
4509, 6, 87, 98, 52, 2, 2.09%, 0, 10, 7, 1.09, 226340, 1369
4514, 6, 87, 98, 52, 2, 2.09%, 0, 10, 7, 1.09, 226346, 1369
4520, 6, 87, 98, 52, 2, 2.09%, 0, 10, 7, 1.09, 226352, 1369
4525, 6, 87, 98, 52, 2, 2.09%, 0, 10, 7, 1.09, 226358, 1369
4531, 6, 87, 98, 52, 2, 2.09%, 0, 10, 7, 1.09, 226364, 1369
4536, 6, 87, 98, 52, 2, 2.09%, 0, 10, 7, 1.09, 226370, 1369
4542, 6, 87, 98, 52, 2, 2.09%, 0, 10, 7, 1.10, 226376, 1369
4547, 6, 87, 98, 52, 2, 2.09%, 0, 10, 7, 1.09, 226382, 1369
4553, 6, 87, 98, 52, 2, 2.09%, 0, 10, 7, 1.09, 226388, 1369
4558, 6, 87, 98, 52, 2, 2.09%, 0, 10, 7, 1.09, 226394, 1369
4564, 6, 87, 98, 52, 2, 2.09%, 0, 10, 7, 1.09, 226400, 1369
4569, 6, 87, 98, 52, 2, 2.09%, 0, 10, 7, 1.10, 226406, 1369
4575, 6, 87, 98, 52, 2, 2.09%, 0, 10, 7, 1.09, 226412, 1369
4580, 6, 87, 98, 52, 2, 2.09%, 0, 10, 7, 1.09, 226418, 1369
4586, 6, 87, 98, 52, 2, 2.09%, 0, 10, 7, 1.09, 226424, 1369
4591, 6, 87, 98, 52, 2, 2.09%, 0, 10, 7, 1.10, 226430, 1369
4597, 6, 87, 98, 52, 2, 2.09%, 0, 10, 7, 1.10, 226436, 1369
4602, 6, 87, 98, 52, 2, 2.09%, 0, 10, 7, 1.10, 226442, 1369
4607, 6, 87, 98, 52, 2, 2.09%, 0, 10, 7, 1.10, 226448, 1369
4613, 6, 87, 98, 52, 2, 2.09%, 0, 10, 7, 1.47, 226459, 1369
4618, 6, 87, 98, 52, 2, 2.09%, 0, 10, 7, 1.00, 226522, 1369
4624, 6, 87, 98, 52, 2, 2.09%, 0, 10, 7, 1.00, 226528, 1369
4629, 6, 87, 98, 52, 2, 2.09%, 0, 10, 7, 5.21, 226560, 1369
4635, 6, 22, 98, 51, 1, 2.09%, 0, 10, 7, 6.01, 226873, 1369
4640, 6, 22, 98, 51, 1, 2.09%, 0, 10, 7, 5.53, 227114, 1369
4645, 6, 11, 98, 51, 1, 2.09%, 0, 10, 7, 3.90, 227549, 1369
4651, 6, 11, 98, 51, 1, 2.09%, 0, 10, 7, 4.32, 227572, 1369
4656, 6, 11, 98, 51, 1, 2.09%, 0, 10, 7, 2.52, 227724, 1369
4661, 6, 11, 98, 51, 1, 2.09%, 0, 10, 7, 2.43, 227736, 1369
4666, 6, 11, 98, 51, 1, 2.09%, 0, 10, 7, 2.37, 227748, 1369
4671, 6, 11, 98, 51, 1, 2.09%, 0, 10, 7, 103.96, 227784, 1369
4676, 6, 11, 98, 51, 1, 2.09%, 0, 10, 7, 6.38, 228041, 1369
4681, 6, 11, 98, 51, 1, 2.09%, 0, 10, 7, 5.38, 228067, 1369
4687, 6, 11, 98, 51, 1, 2.09%, 0, 10, 7, 6.43, 228134, 1369
4692, 6, 11, 98, 51, 1, 2.09%, 0, 10, 7, 3.55, 228159, 1369
4697, 6, 50, 99, 52, 1, 2.09%, 0, 10, 7, 6.28, 228897, 1369
4702, 6, 50, 100, 53, 1, 2.09%, 0, 10, 7, 6.40, 228929, 1369
4707, 6, 50, 100, 53, 1, 2.09%, 0, 10, 7, 6.36, 228961, 1369
4712, 6, 50, 100, 53, 1, 2.09%, 0, 10, 7, 6.48, 228994, 1369
4717, 6, 50, 100, 53, 1, 2.09%, 0, 10, 7, 6.34, 229027, 1369
