# relative_time, cycles_done, cur_item, corpus_count, pending_total, pending_favs, map_size, saved_crashes, saved_hangs, max_depth, execs_per_sec, total_execs, edges_found
61, 0, 1, 148, 148, 1, 1.04%, 3, 0, 2, 451.90, 29596, 679
66, 0, 1, 149, 149, 1, 1.04%, 3, 0, 2, 443.42, 31854, 679
71, 0, 1, 152, 152, 1, 1.04%, 3, 0, 2, 454.25, 34137, 679
76, 0, 136, 165, 164, 22, 1.04%, 5, 0, 3, 438.21, 36338, 679
81, 0, 136, 170, 169, 22, 1.04%, 5, 0, 3, 428.17, 38490, 681
86, 0, 136, 171, 170, 22, 1.04%, 8, 0, 3, 428.53, 40698, 681
91, 0, 136, 175, 174, 22, 1.04%, 8, 0, 3, 433.15, 42898, 681
96, 0, 136, 179, 178, 22, 1.04%, 9, 0, 3, 437.18, 45154, 681
101, 0, 136, 182, 181, 22, 1.04%, 9, 0, 3, 427.26, 47290, 681
106, 0, 136, 183, 182, 22, 1.04%, 9, 0, 3, 411.45, 49418, 681
111, 0, 136, 187, 186, 22, 1.04%, 9, 0, 3, 422.31, 51538, 681
116, 0, 136, 188, 187, 22, 1.04%, 9, 0, 3, 419.84, 53682, 681
121, 0, 136, 189, 188, 22, 1.04%, 10, 0, 3, 431.03, 55866, 681
126, 0, 136, 193, 192, 22, 1.04%, 12, 0, 3, 427.17, 58010, 681
131, 0, 136, 194, 193, 22, 1.04%, 12, 0, 3, 418.17, 60130, 681
137, 0, 136, 195, 194, 22, 1.04%, 12, 0, 3, 416.56, 62242, 681
142, 0, 136, 197, 196, 22, 1.04%, 12, 0, 3, 414.00, 64314, 681
147, 0, 136, 198, 197, 22, 1.04%, 12, 0, 3, 404.06, 66370, 681
152, 0, 158, 200, 197, 18, 1.04%, 12, 0, 4, 393.46, 68314, 681
157, 0, 158, 210, 207, 18, 1.04%, 13, 0, 4, 409.01, 70447, 681
162, 0, 158, 211, 208, 18, 1.04%, 14, 0, 4, 408.27, 72511, 681
167, 0, 158, 215, 212, 18, 1.04%, 14, 0, 4, 424.21, 74663, 681
172, 0, 158, 219, 216, 18, 1.04%, 14, 0, 4, 414.67, 76759, 681
177, 0, 158, 221, 218, 18, 1.04%, 14, 0, 4, 400.43, 78716, 681
182, 0, 158, 223, 220, 18, 1.04%, 14, 0, 4, 421.99, 80870, 681
187, 0, 158, 226, 223, 18, 1.04%, 14, 0, 4, 400.92, 82943, 682
192, 0, 158, 227, 224, 18, 1.04%, 14, 0, 4, 405.59, 85039, 682
198, 0, 158, 228, 225, 18, 1.05%, 14, 0, 4, 414.95, 87175, 685
203, 0, 158, 228, 225, 18, 1.05%, 14, 0, 4, 408.27, 89231, 685
208, 0, 158, 229, 226, 18, 1.05%, 14, 0, 4, 425.08, 91391, 685
213, 0, 158, 231, 228, 18, 1.05%, 15, 0, 4, 411.70, 93447, 685
218, 0, 158, 231, 228, 18, 1.05%, 15, 0, 4, 413.89, 95527, 685
223, 0, 158, 234, 231, 18, 1.05%, 16, 0, 4, 413.98, 97599, 685
228, 0, 158, 237, 234, 18, 1.05%, 17, 0, 4, 419.43, 99711, 685
233, 0, 123, 244, 240, 21, 1.06%, 17, 0, 4, 431.82, 101896, 693
238, 0, 123, 244, 240, 21, 1.06%, 17, 0, 4, 435.75, 104112, 693
243, 0, 123, 244, 240, 21, 1.06%, 17, 0, 4, 434.75, 106296, 693
248, 0, 123, 244, 240, 21, 1.06%, 17, 0, 4, 442.56, 108600, 693
253, 0, 123, 244, 240, 21, 1.06%, 17, 0, 4, 442.89, 110816, 693
258, 0, 123, 244, 240, 21, 1.06%, 17, 0, 4, 441.71, 113112, 693
263, 0, 222, 246, 241, 21, 1.06%, 18, 0, 5, 437.62, 115311, 693
268, 0, 222, 246, 241, 21, 1.06%, 19, 0, 5, 432.23, 117487, 693
273, 0, 237, 247, 241, 20, 1.06%, 19, 0, 5, 431.09, 119720, 693
278, 0, 87, 247, 239, 18, 1.06%, 19, 0, 5, 409.42, 121764, 693
284, 0, 214, 248, 237, 15, 1.07%, 19, 0, 5, 432.44, 123942, 699
289, 0, 241, 248, 236, 14, 1.07%, 19, 0, 5, 393.19, 125943, 699
294, 0, 223, 253, 240, 13, 1.07%, 19, 0, 5, 413.91, 127990, 699
299, 0, 223, 255, 242, 13, 1.07%, 20, 0, 5, 425.92, 130150, 699
304, 0, 223, 256, 243, 13, 1.07%, 21, 0, 5, 424.14, 132374, 699
309, 0, 223, 258, 245, 13, 1.07%, 21, 0, 5, 420.58, 134510, 699
314, 0, 223, 259, 246, 13, 1.07%, 21, 0, 5, 428.12, 136678, 699
319, 0, 223, 259, 246, 13, 1.07%, 21, 0, 5, 435.15, 138886, 699
324, 0, 223, 260, 247, 13, 1.07%, 21, 0, 5, 433.54, 141078, 699
329, 0, 223, 261, 248, 13, 1.07%, 21, 0, 5, 438.01, 143350, 699
334, 0, 223, 261, 248, 13, 1.07%, 21, 0, 5, 425.40, 145494, 699
339, 0, 223, 261, 248, 13, 1.07%, 22, 0, 5, 433.49, 147758, 699
345, 0, 223, 265, 252, 13, 1.07%, 22, 0, 5, 419.85, 149942, 699
350, 0, 223, 265, 252, 13, 1.07%, 22, 0, 5, 427.44, 152150, 699
355, 0, 223, 265, 252, 13, 1.07%, 23, 0, 5, 418.76, 154238, 699
360, 0, 223, 267, 254, 13, 1.07%, 23, 0, 5, 427.95, 156398, 699
365, 0, 223, 267, 254, 13, 1.07%, 23, 0, 5, 429.51, 158606, 699
370, 0, 247, 267, 253, 12, 1.07%, 23, 0, 5, 412.09, 160654, 699
375, 0, 247, 267, 253, 12, 1.07%, 23, 0, 5, 416.21, 162734, 699
380, 0, 247, 267, 253, 12, 1.07%, 23, 0, 5, 432.04, 164918, 699
385, 0, 232, 269, 255, 12, 1.07%, 23, 0, 5, 423.98, 167109, 699
390, 0, 78, 269, 254, 11, 1.07%, 23, 0, 5, 420.81, 169237, 699
395, 0, 253, 270, 253, 9, 1.07%, 23, 0, 6, 410.97, 171388, 699
401, 0, 253, 273, 256, 9, 1.07%, 23, 0, 6, 402.25, 173444, 699
406, 0, 253, 275, 258, 9, 1.07%, 23, 0, 6, 399.09, 175454, 699
411, 0, 253, 276, 259, 9, 1.07%, 23, 0, 6, 387.05, 177394, 699
416, 0, 253, 276, 259, 9, 1.07%, 23, 0, 6, 402.93, 179436, 699
421, 0, 253, 276, 259, 9, 1.07%, 23, 0, 6, 413.17, 181500, 699
426, 0, 253, 277, 260, 9, 1.07%, 23, 0, 6, 421.49, 183620, 699
431, 0, 253, 277, 260, 9, 1.07%, 23, 0, 6, 413.98, 185716, 699
436, 0, 253, 277, 260, 9, 1.07%, 23, 0, 6, 422.41, 187836, 699
441, 0, 253, 278, 261, 9, 1.07%, 23, 0, 6, 421.29, 189948, 699
446, 0, 253, 278, 261, 9, 1.07%, 23, 0, 6, 411.43, 192036, 699
451, 0, 253, 278, 261, 9, 1.07%, 23, 0, 6, 410.24, 194124, 699
456, 0, 253, 279, 262, 9, 1.07%, 23, 0, 6, 420.43, 196308, 699
461, 0, 253, 279, 262, 9, 1.07%, 23, 0, 6, 423.63, 198460, 699
466, 0, 253, 281, 264, 9, 1.07%, 23, 0, 6, 424.06, 200588, 700
471, 0, 253, 282, 265, 9, 1.07%, 23, 0, 6, 410.45, 202660, 700
476, 0, 194, 282, 264, 9, 1.07%, 23, 0, 6, 401.40, 204667, 700
481, 0, 155, 282, 261, 5, 1.07%, 23, 0, 6, 402.01, 206676, 700
486, 0, 245, 283, 260, 3, 1.07%, 24, 0, 6, 397.09, 208656, 700
491, 0, 245, 283, 260, 3, 1.07%, 24, 0, 6, 403.78, 210702, 700
496, 0, 245, 284, 261, 3, 1.07%, 24, 0, 6, 403.73, 212734, 700
501, 0, 245, 284, 261, 3, 1.07%, 24, 0, 6, 407.39, 214790, 700
506, 0, 245, 285, 262, 3, 1.07%, 24, 0, 6, 393.69, 216750, 700
511, 0, 245, 285, 262, 3, 1.07%, 25, 0, 6, 409.18, 218814, 700
517, 0, 245, 285, 262, 3, 1.07%, 25, 0, 6, 407.87, 220942, 700
522, 0, 245, 285, 262, 3, 1.07%, 25, 0, 6, 410.45, 222982, 700
527, 0, 245, 285, 262, 3, 1.07%, 25, 0, 6, 415.62, 225078, 700
532, 0, 245, 285, 262, 3, 1.07%, 25, 0, 6, 408.38, 227118, 700
537, 0, 245, 286, 263, 3, 1.07%, 25, 0, 6, 407.61, 229158, 700
542, 0, 245, 286, 263, 3, 1.07%, 25, 0, 6, 392.53, 231122, 700
547, 0, 245, 287, 264, 3, 1.07%, 25, 0, 6, 400.12, 233125, 700
552, 0, 245, 287, 264, 3, 1.07%, 25, 0, 6, 399.52, 235204, 700
557, 0, 242, 287, 263, 3, 1.07%, 25, 0, 6, 399.32, 237237, 700
562, 0, 279, 288, 263, 2, 1.07%, 25, 0, 7, 393.77, 239221, 700
567, 0, 279, 290, 265, 2, 1.07%, 26, 0, 7, 410.27, 241299, 700
572, 0, 279, 291, 266, 2, 1.07%, 26, 0, 7, 411.28, 243443, 700
578, 0, 279, 291, 266, 2, 1.07%, 26, 0, 7, 418.85, 245643, 700
583, 0, 279, 291, 266, 2, 1.07%, 26, 0, 7, 417.62, 247803, 700
588, 0, 279, 291, 266, 2, 1.07%, 26, 0, 7, 419.39, 249923, 700
593, 0, 279, 291, 266, 2, 1.07%, 27, 0, 7, 411.78, 252003, 700
598, 0, 279, 291, 266, 2, 1.07%, 27, 0, 7, 399.20, 253980, 700
603, 0, 242, 291, 264, 0, 1.07%, 27, 0, 7, 405.43, 256075, 700
608, 0, 34, 291, 264, 0, 1.07%, 27, 0, 7, 391.67, 258054, 700
613, 0, 245, 292, 265, 0, 1.07%, 27, 0, 7, 415.70, 260231, 700
618, 0, 34, 292, 265, 0, 1.07%, 27, 0, 7, 410.19, 262311, 700
623, 0, 34, 292, 265, 0, 1.07%, 27, 0, 7, 412.98, 264435, 700
628, 0, 242, 292, 265, 0, 1.07%, 27, 0, 7, 409.35, 266473, 700
633, 0, 34, 294, 267, 0, 1.07%, 27, 0, 7, 415.09, 268599, 700
639, 0, 34, 294, 267, 0, 1.07%, 27, 0, 7, 402.86, 270663, 700
644, 0, 34, 294, 267, 0, 1.07%, 27, 0, 7, 402.05, 272663, 700
649, 0, 34, 295, 268, 0, 1.07%, 27, 0, 7, 403.70, 274711, 700
654, 0, 34, 295, 268, 0, 1.07%, 27, 0, 7, 416.67, 276815, 700
659, 0, 34, 295, 268, 0, 1.07%, 27, 0, 7, 407.68, 278879, 700
664, 0, 34, 295, 268, 0, 1.07%, 27, 0, 7, 408.63, 280895, 700
669, 0, 34, 295, 268, 0, 1.07%, 27, 0, 7, 416.90, 282983, 700
674, 0, 34, 295, 268, 0, 1.07%, 27, 0, 7, 406.30, 285031, 700
679, 0, 34, 295, 268, 0, 1.07%, 27, 0, 7, 411.74, 287151, 700
684, 0, 123, 295, 268, 0, 1.07%, 27, 0, 7, 416.32, 289301, 700
690, 0, 222, 295, 268, 0, 1.07%, 27, 0, 7, 430.65, 291547, 700
695, 0, 222, 295, 268, 0, 1.07%, 27, 0, 7, 429.14, 293691, 700
700, 0, 243, 295, 268, 0, 1.07%, 27, 0, 7, 430.43, 295865, 700
705, 0, 242, 295, 268, 0, 1.07%, 27, 0, 7, 433.32, 298055, 700
710, 0, 34, 295, 268, 0, 1.07%, 27, 0, 7, 430.45, 300269, 700
715, 0, 34, 295, 268, 0, 1.07%, 27, 0, 7, 422.66, 302371, 700
720, 0, 242, 295, 268, 0, 1.07%, 27, 0, 7, 420.20, 304451, 700
725, 0, 123, 295, 268, 0, 1.07%, 27, 0, 7, 421.97, 306585, 700
730, 0, 222, 295, 268, 0, 1.07%, 27, 0, 7, 424.56, 308711, 700
735, 0, 222, 295, 268, 0, 1.07%, 27, 0, 7, 409.28, 310759, 700
740, 0, 34, 296, 269, 0, 1.07%, 27, 0, 7, 392.66, 312775, 700
745, 0, 34, 296, 269, 0, 1.07%, 27, 0, 7, 398.51, 314840, 700
750, 0, 123, 296, 269, 0, 1.07%, 27, 0, 7, 419.25, 317035, 700
755, 0, 284, 296, 269, 0, 1.07%, 27, 0, 7, 405.32, 319079, 700
761, 0, 284, 297, 270, 0, 1.07%, 27, 0, 7, 414.75, 321231, 700
766, 0, 243, 297, 270, 0, 1.07%, 27, 0, 7, 406.44, 323339, 700
771, 0, 34, 297, 270, 0, 1.07%, 27, 0, 7, 410.97, 325485, 700
776, 0, 247, 297, 270, 0, 1.07%, 27, 0, 7, 400.22, 327499, 700
781, 0, 247, 297, 270, 0, 1.07%, 27, 0, 7, 405.73, 329539, 700
786, 0, 222, 297, 270, 0, 1.07%, 27, 0, 7, 402.92, 331627, 700
791, 0, 222, 297, 270, 0, 1.07%, 27, 0, 7, 402.25, 333683, 700
797, 0, 222, 298, 271, 0, 1.07%, 27, 0, 7, 398.65, 335705, 700
802, 0, 222, 298, 271, 0, 1.07%, 27, 0, 7, 395.79, 337693, 700
807, 0, 222, 298, 271, 0, 1.07%, 27, 0, 7, 390.16, 339709, 700
812, 0, 298, 299, 272, 1, 1.07%, 27, 0, 7, 406.91, 341801, 700
817, 0, 242, 299, 271, 0, 1.07%, 27, 0, 7, 420.35, 343985, 700
822, 0, 298, 299, 271, 0, 1.07%, 27, 0, 7, 422.33, 346097, 700
827, 0, 298, 299, 271, 0, 1.07%, 27, 0, 7, 419.36, 348257, 700
832, 0, 242, 299, 271, 0, 1.07%, 27, 0, 7, 385.50, 350244, 700
837, 0, 223, 299, 271, 0, 1.07%, 27, 0, 7, 422.27, 352415, 700
843, 0, 223, 299, 271, 0, 1.07%, 27, 0, 7, 425.10, 354567, 700
848, 0, 298, 299, 271, 0, 1.07%, 27, 0, 7, 432.04, 356805, 700
853, 0, 298, 299, 271, 0, 1.07%, 27, 0, 7, 422.67, 358885, 700
858, 0, 243, 299, 271, 0, 1.07%, 27, 0, 7, 431.64, 361079, 700
863, 0, 247, 299, 271, 0, 1.07%, 27, 0, 7, 437.48, 363293, 700
868, 0, 247, 299, 271, 0, 1.07%, 27, 0, 7, 423.16, 365429, 700
873, 0, 247, 299, 271, 0, 1.07%, 27, 0, 7, 402.41, 367397, 700
878, 0, 247, 299, 271, 0, 1.07%, 27, 0, 7, 426.43, 369541, 700
883, 0, 247, 299, 271, 0, 1.07%, 27, 0, 7, 442.93, 371781, 700
888, 0, 34, 299, 271, 0, 1.07%, 27, 0, 7, 471.61, 374211, 700
893, 0, 34, 300, 272, 0, 1.07%, 27, 0, 7, 503.71, 376875, 700
899, 0, 243, 300, 272, 0, 1.07%, 27, 0, 7, 511.97, 379478, 700
904, 0, 34, 300, 272, 0, 1.07%, 27, 0, 7, 516.61, 382071, 700
909, 0, 245, 300, 272, 0, 1.07%, 27, 0, 7, 492.68, 384581, 700
914, 0, 34, 300, 272, 0, 1.07%, 27, 0, 7, 485.43, 387013, 700
919, 0, 34, 300, 272, 0, 1.07%, 27, 0, 7, 485.18, 389426, 700
924, 0, 242, 300, 272, 0, 1.07%, 27, 0, 7, 506.57, 392079, 700
929, 0, 247, 300, 272, 0, 1.07%, 27, 0, 7, 508.76, 394741, 700
934, 0, 247, 300, 272, 0, 1.07%, 27, 0, 7, 487.34, 397213, 700
939, 0, 242, 300, 272, 0, 1.07%, 27, 0, 7, 473.02, 399550, 700
944, 0, 243, 300, 272, 0, 1.07%, 27, 0, 7, 501.26, 402199, 700
949, 0, 34, 300, 272, 0, 1.07%, 27, 0, 7, 472.54, 404612, 700
954, 0, 34, 300, 271, 0, 1.07%, 27, 0, 7, 476.38, 407025, 700
959, 0, 34, 300, 271, 0, 1.07%, 27, 0, 7, 486.57, 409492, 700
965, 0, 247, 300, 271, 0, 1.07%, 27, 0, 7, 493.39, 411994, 700
970, 0, 247, 300, 271, 0, 1.07%, 27, 0, 7, 490.93, 414433, 700
975, 0, 17, 300, 271, 0, 1.07%, 27, 0, 7, 468.15, 416776, 700
980, 0, 34, 300, 270, 0, 1.07%, 27, 0, 7, 478.51, 419191, 700
985, 0, 34, 300, 270, 0, 1.07%, 27, 0, 7, 485.55, 421631, 700
990, 0, 34, 300, 270, 0, 1.07%, 27, 0, 7, 481.82, 424152, 700
995, 0, 243, 300, 270, 0, 1.07%, 27, 0, 7, 481.64, 426576, 700
1000, 0, 34, 300, 270, 0, 1.07%, 27, 0, 7, 474.09, 428974, 700
1005, 0, 200, 300, 270, 0, 1.07%, 27, 0, 7, 476.53, 431451, 700
1010, 0, 242, 300, 270, 0, 1.07%, 27, 0, 7, 501.42, 434054, 700
1015, 0, 34, 300, 270, 0, 1.07%, 27, 0, 7, 493.48, 436535, 700
1020, 0, 34, 300, 270, 0, 1.07%, 27, 0, 7, 506.21, 439119, 700
1025, 0, 243, 300, 270, 0, 1.07%, 27, 0, 7, 506.76, 441659, 700
1030, 0, 237, 300, 270, 0, 1.07%, 27, 0, 7, 509.71, 444251, 700
1036, 0, 34, 300, 270, 0, 1.07%, 27, 0, 7, 507.64, 446865, 700
1041, 0, 298, 300, 270, 0, 1.07%, 27, 0, 7, 505.44, 449475, 700
1046, 0, 298, 300, 270, 0, 1.07%, 27, 0, 7, 519.45, 452075, 700
1051, 0, 34, 300, 270, 0, 1.07%, 27, 0, 7, 506.81, 454647, 700
1056, 0, 245, 301, 271, 0, 1.07%, 27, 0, 7, 496.19, 457166, 700
1061, 0, 191, 301, 271, 0, 1.07%, 27, 0, 7, 504.43, 459683, 700
1066, 0, 191, 302, 272, 0, 1.07%, 27, 0, 7, 487.38, 462116, 700
1071, 0, 191, 303, 273, 0, 1.07%, 27, 0, 7, 481.76, 464509, 700
1076, 0, 191, 303, 273, 0, 1.07%, 27, 0, 7, 488.77, 467047, 700
1081, 0, 34, 303, 273, 0, 1.07%, 27, 0, 7, 512.38, 469669, 700
1086, 0, 27, 303, 273, 0, 1.07%, 27, 0, 7, 552.33, 472477, 700
1091, 0, 242, 303, 273, 0, 1.07%, 27, 0, 7, 523.96, 475079, 700
1096, 0, 34, 303, 273, 0, 1.07%, 27, 0, 7, 520.18, 477721, 700
1101, 0, 242, 304, 274, 0, 1.07%, 27, 0, 7, 519.79, 480439, 700
1106, 0, 284, 304, 274, 0, 1.07%, 27, 0, 7, 516.79, 483045, 700
1112, 0, 34, 304, 274, 0, 1.07%, 27, 0, 7, 502.16, 485557, 700
1117, 0, 243, 304, 274, 0, 1.07%, 27, 0, 7, 517.01, 488175, 700
1122, 0, 245, 304, 274, 0, 1.07%, 27, 0, 7, 517.28, 490789, 700
1127, 0, 214, 304, 274, 0, 1.07%, 27, 0, 7, 529.05, 493413, 700
1132, 0, 214, 304, 274, 0, 1.07%, 27, 0, 7, 536.65, 496133, 700
1137, 0, 242, 304, 274, 0, 1.07%, 27, 0, 7, 509.29, 498753, 700
1142, 0, 243, 304, 274, 0, 1.07%, 27, 0, 7, 499.56, 501271, 700
1147, 0, 34, 304, 274, 0, 1.07%, 27, 0, 7, 497.25, 503772, 700
1152, 0, 34, 304, 274, 0, 1.07%, 27, 0, 7, 510.19, 506363, 700
1157, 0, 242, 304, 274, 0, 1.07%, 27, 0, 7, 518.84, 508979, 700
1162, 0, 298, 304, 274, 0, 1.07%, 27, 0, 7, 532.25, 511753, 700
1167, 0, 242, 304, 274, 0, 1.07%, 27, 0, 7, 534.15, 514415, 700
1172, 0, 245, 304, 273, 0, 1.07%, 27, 0, 7, 519.10, 516968, 700
1177, 0, 34, 304, 273, 0, 1.07%, 27, 0, 7, 519.25, 519690, 700
1182, 0, 304, 305, 274, 1, 1.09%, 28, 0, 7, 509.17, 522233, 712
1188, 0, 222, 305, 273, 0, 1.09%, 28, 0, 7, 508.57, 524799, 712
1193, 0, 247, 305, 273, 0, 1.09%, 28, 0, 7, 509.69, 527373, 712
1198, 0, 247, 305, 273, 0, 1.09%, 28, 0, 7, 518.54, 530003, 712
1203, 0, 34, 305, 273, 0, 1.09%, 28, 0, 7, 497.92, 532490, 712
1208, 0, 191, 305, 273, 0, 1.09%, 28, 0, 7, 512.49, 535143, 712
1213, 0, 34, 305, 273, 0, 1.09%, 28, 0, 7, 506.60, 537705, 712
1218, 0, 34, 305, 273, 0, 1.09%, 28, 0, 7, 534.67, 540385, 712
1223, 0, 34, 305, 273, 0, 1.09%, 28, 0, 7, 527.89, 543011, 712
1228, 0, 242, 305, 273, 0, 1.09%, 28, 0, 7, 535.03, 545683, 712
1233, 0, 242, 305, 273, 0, 1.09%, 28, 0, 7, 538.06, 548381, 712
1238, 0, 34, 305, 273, 0, 1.09%, 28, 0, 7, 531.08, 551081, 712
1243, 0, 34, 305, 273, 0, 1.09%, 28, 0, 7, 535.38, 553759, 712
1248, 0, 245, 305, 273, 0, 1.09%, 28, 0, 7, 545.89, 556495, 712
1253, 0, 238, 305, 272, 0, 1.09%, 28, 0, 7, 478.40, 558729, 712
1258, 0, 242, 305, 271, 0, 1.09%, 28, 0, 7, 528.10, 561439, 712
1263, 0, 227, 305, 271, 0, 1.09%, 28, 0, 7, 505.83, 563987, 712
1268, 0, 227, 305, 271, 0, 1.09%, 28, 0, 7, 496.07, 566460, 712
1273, 0, 227, 306, 272, 0, 1.09%, 28, 0, 7, 517.62, 569075, 716
1278, 0, 34, 306, 272, 1, 1.09%, 28, 0, 7, 525.28, 571709, 716
1283, 0, 305, 309, 275, 1, 1.10%, 28, 0, 7, 523.75, 574335, 722
1288, 0, 305, 311, 277, 1, 1.10%, 29, 0, 7, 496.65, 576863, 722
1293, 0, 305, 313, 279, 1, 1.10%, 29, 0, 7, 500.45, 579377, 722
1298, 0, 305, 315, 281, 1, 1.10%, 29, 0, 7, 491.53, 581908, 722
1303, 0, 305, 315, 281, 1, 1.10%, 29, 0, 7, 493.01, 584374, 722
1308, 0, 305, 315, 281, 1, 1.10%, 29, 0, 7, 486.09, 586795, 722
1314, 0, 305, 315, 281, 1, 1.10%, 29, 0, 7, 485.34, 589288, 722
1319, 0, 305, 315, 281, 1, 1.10%, 29, 0, 7, 488.01, 591754, 722
1324, 0, 305, 315, 281, 1, 1.10%, 30, 0, 7, 469.05, 594076, 722
1329, 0, 305, 315, 281, 1, 1.10%, 30, 0, 7, 464.74, 596398, 722
1334, 0, 305, 316, 282, 1, 1.10%, 30, 0, 7, 456.36, 598683, 722
1339, 0, 305, 317, 283, 1, 1.10%, 30, 0, 7, 464.70, 601058, 722
1344, 0, 305, 318, 284, 1, 1.10%, 30, 0, 7, 481.51, 603505, 722
1349, 0, 243, 318, 283, 2, 1.10%, 31, 0, 7, 487.26, 606026, 722
1354, 0, 307, 318, 283, 2, 1.10%, 31, 0, 7, 482.66, 608544, 722
1359, 0, 243, 318, 281, 0, 1.10%, 31, 0, 7, 495.91, 611050, 722
1364, 0, 242, 318, 281, 0, 1.10%, 31, 0, 7, 475.76, 613414, 722
1369, 0, 243, 318, 281, 0, 1.10%, 31, 0, 7, 472.88, 615890, 722
1374, 0, 155, 318, 281, 0, 1.10%, 31, 0, 7, 507.66, 618513, 722
1379, 0, 245, 318, 281, 0, 1.10%, 31, 0, 7, 506.47, 621063, 722
1385, 0, 34, 318, 281, 0, 1.10%, 31, 0, 7, 482.22, 623566, 722
1390, 0, 194, 318, 281, 0, 1.10%, 31, 0, 7, 499.32, 626071, 722
1395, 0, 34, 318, 281, 0, 1.10%, 31, 0, 7, 488.76, 628556, 722
1400, 0, 34, 319, 282, 0, 1.10%, 31, 0, 7, 475.17, 630958, 722
1405, 0, 298, 319, 282, 0, 1.10%, 31, 0, 7, 510.01, 633547, 722
1410, 0, 242, 319, 282, 0, 1.10%, 31, 0, 7, 521.17, 636209, 722
1415, 0, 242, 319, 282, 0, 1.10%, 31, 0, 7, 523.24, 638847, 722
1420, 0, 34, 319, 282, 0, 1.10%, 31, 0, 7, 512.68, 641419, 722
1425, 0, 34, 319, 282, 0, 1.10%, 31, 0, 7, 528.03, 644191, 722
1430, 0, 214, 320, 283, 0, 1.10%, 31, 0, 7, 543.51, 646925, 722
1435, 0, 214, 320, 283, 0, 1.10%, 31, 0, 7, 553.47, 649849, 722
1440, 0, 214, 320, 283, 0, 1.10%, 31, 0, 7, 566.44, 652720, 722
1446, 0, 243, 321, 283, 0, 1.10%, 31, 0, 7, 545.13, 655446, 722
1451, 0, 34, 321, 283, 0, 1.10%, 31, 0, 7, 531.90, 658122, 722
1456, 1, 245, 321, 283, 0, 1.10%, 31, 0, 7, 528.39, 660880, 722
1461, 1, 245, 321, 283, 0, 1.10%, 31, 0, 7, 517.09, 663484, 722
1466, 1, 298, 321, 283, 0, 1.10%, 31, 0, 7, 512.54, 666012, 722
1471, 1, 298, 321, 283, 0, 1.10%, 31, 0, 7, 520.00, 668752, 722
1476, 1, 27, 321, 283, 0, 1.10%, 31, 0, 7, 531.51, 671404, 722
1481, 1, 87, 321, 283, 0, 1.10%, 31, 0, 7, 500.95, 674018, 722
1486, 1, 242, 321, 283, 0, 1.10%, 31, 0, 7, 487.52, 676497, 722
1492, 1, 242, 321, 283, 0, 1.10%, 31, 0, 7, 501.24, 679132, 722
1497, 1, 243, 321, 283, 0, 1.10%, 31, 0, 7, 505.41, 681660, 722
1502, 1, 245, 321, 282, 0, 1.10%, 31, 0, 7, 499.01, 684246, 722
1507, 1, 222, 321, 282, 0, 1.10%, 31, 0, 7, 485.09, 686655, 722
1512, 1, 222, 321, 282, 0, 1.10%, 31, 0, 7, 490.47, 689130, 722
1517, 1, 34, 321, 282, 0, 1.10%, 31, 0, 7, 494.85, 691656, 722
1522, 1, 34, 321, 282, 0, 1.10%, 31, 0, 7, 505.59, 694212, 722
1527, 1, 223, 321, 282, 0, 1.10%, 31, 0, 7, 488.80, 696692, 722
1532, 1, 223, 321, 282, 0, 1.10%, 31, 0, 7, 481.11, 699086, 722
1537, 1, 242, 321, 282, 0, 1.10%, 31, 0, 7, 495.27, 701576, 722
1542, 1, 34, 321, 282, 0, 1.10%, 31, 0, 7, 489.66, 704101, 722
1547, 1, 34, 321, 282, 0, 1.10%, 31, 0, 7, 495.02, 706695, 722
1552, 1, 305, 321, 282, 0, 1.10%, 31, 0, 7, 504.05, 709212, 722
1557, 1, 243, 321, 282, 0, 1.10%, 31, 0, 7, 497.73, 711698, 722
1563, 1, 34, 321, 282, 0, 1.10%, 31, 0, 7, 497.66, 714236, 722
1568, 1, 87, 321, 282, 0, 1.10%, 31, 0, 7, 507.59, 716802, 722
1573, 1, 34, 321, 282, 0, 1.10%, 31, 0, 7, 509.48, 719374, 722
1578, 1, 34, 321, 282, 0, 1.10%, 31, 0, 7, 514.62, 721970, 722
1583, 1, 87, 321, 282, 0, 1.10%, 31, 0, 7, 499.93, 724478, 722
1588, 1, 34, 321, 282, 0, 1.10%, 31, 0, 7, 507.95, 727128, 722
1593, 1, 34, 321, 282, 0, 1.10%, 31, 0, 7, 489.64, 729584, 722
1598, 1, 34, 321, 282, 0, 1.10%, 31, 0, 7, 499.07, 732178, 722
1603, 1, 78, 321, 282, 0, 1.10%, 31, 0, 7, 539.27, 734990, 722
1608, 1, 298, 321, 282, 0, 1.10%, 31, 0, 7, 541.20, 737710, 722
1613, 1, 34, 321, 282, 0, 1.10%, 31, 0, 7, 539.83, 740422, 722
1618, 1, 34, 321, 282, 0, 1.10%, 31, 0, 7, 521.84, 743128, 722
1623, 1, 34, 321, 282, 0, 1.10%, 31, 0, 7, 513.13, 745666, 722
1629, 1, 242, 321, 282, 0, 1.10%, 31, 0, 7, 522.30, 748288, 722
1634, 1, 295, 321, 281, 0, 1.10%, 31, 0, 7, 447.53, 750551, 722
1639, 1, 242, 321, 279, 0, 1.10%, 31, 0, 7, 479.19, 752933, 722
1644, 1, 34, 321, 279, 0, 1.10%, 31, 0, 7, 515.51, 755612, 722
1649, 1, 34, 321, 279, 0, 1.10%, 31, 0, 7, 518.74, 758228, 722
1654, 1, 242, 321, 279, 0, 1.10%, 31, 0, 7, 492.13, 760700, 722
1659, 1, 243, 321, 278, 0, 1.10%, 31, 0, 7, 471.50, 763133, 722
1664, 1, 191, 321, 278, 0, 1.10%, 31, 0, 7, 489.63, 765677, 722
1669, 1, 223, 321, 278, 0, 1.10%, 31, 0, 7, 501.34, 768224, 722
1674, 1, 223, 321, 278, 0, 1.10%, 31, 0, 7, 498.22, 770724, 722
1679, 1, 34, 321, 278, 0, 1.10%, 31, 0, 7, 505.88, 773248, 722
1684, 1, 103, 321, 278, 0, 1.10%, 31, 0, 7, 490.12, 775729, 722
1689, 1, 87, 321, 277, 0, 1.10%, 31, 0, 7, 510.21, 778441, 722
1695, 1, 34, 321, 277, 0, 1.10%, 31, 0, 7, 515.40, 781081, 722
1700, 1, 34, 321, 277, 0, 1.10%, 31, 0, 7, 527.11, 783719, 722
1705, 1, 34, 321, 277, 0, 1.10%, 31, 0, 7, 511.05, 786317, 722
1710, 1, 34, 322, 278, 0, 1.10%, 31, 0, 7, 509.10, 788951, 722
1715, 1, 156, 322, 278, 0, 1.10%, 31, 0, 7, 526.76, 791638, 722
1720, 1, 34, 322, 277, 0, 1.10%, 31, 0, 7, 519.55, 794242, 722
1725, 1, 34, 322, 277, 0, 1.10%, 31, 0, 7, 511.01, 796900, 722
1730, 1, 34, 322, 277, 0, 1.10%, 31, 0, 7, 493.20, 799330, 722
1735, 1, 34, 322, 277, 0, 1.10%, 31, 0, 7, 490.36, 801818, 722
1740, 1, 245, 322, 277, 0, 1.10%, 31, 0, 7, 486.42, 804341, 722
1746, 1, 232, 322, 277, 0, 1.10%, 31, 0, 7, 476.26, 806791, 722
1751, 1, 243, 322, 277, 0, 1.10%, 31, 0, 7, 488.54, 809326, 722
1756, 1, 34, 322, 277, 0, 1.10%, 31, 0, 7, 471.25, 811683, 722
1761, 1, 34, 322, 277, 0, 1.10%, 31, 0, 7, 492.67, 814202, 722
1766, 1, 305, 322, 277, 0, 1.10%, 31, 0, 7, 479.48, 816600, 722
1771, 1, 245, 322, 277, 0, 1.10%, 31, 0, 7, 468.73, 818948, 722
1776, 1, 308, 322, 277, 0, 1.10%, 31, 0, 7, 461.29, 821258, 722
1781, 1, 308, 323, 278, 0, 1.10%, 31, 0, 7, 470.69, 823624, 722
1786, 1, 308, 323, 278, 0, 1.10%, 31, 0, 7, 473.39, 826063, 722
1791, 1, 308, 323, 278, 0, 1.10%, 31, 0, 7, 443.46, 828274, 722
1796, 1, 78, 323, 278, 0, 1.10%, 31, 0, 7, 477.12, 830647, 722
1801, 1, 242, 323, 278, 0, 1.10%, 31, 0, 7, 482.43, 833074, 722
1806, 1, 34, 323, 278, 0, 1.10%, 31, 0, 7, 496.29, 835566, 722
1811, 1, 243, 323, 278, 0, 1.10%, 31, 0, 7, 482.31, 838047, 722
1816, 1, 237, 323, 278, 0, 1.10%, 31, 0, 7, 474.90, 840407, 722
1821, 1, 242, 323, 278, 0, 1.10%, 31, 0, 7, 489.61, 842861, 722
1826, 1, 242, 323, 278, 0, 1.10%, 31, 0, 7, 476.67, 845249, 722
1831, 1, 243, 323, 278, 0, 1.10%, 31, 0, 7, 480.40, 847749, 722
1836, 1, 34, 323, 277, 0, 1.10%, 31, 0, 7, 484.89, 850165, 722
1841, 1, 34, 323, 277, 0, 1.10%, 31, 0, 7, 488.97, 852615, 722
1847, 1, 279, 323, 277, 0, 1.10%, 31, 0, 7, 482.17, 855127, 722
1852, 1, 279, 323, 277, 0, 1.10%, 31, 0, 7, 475.01, 857593, 722
1857, 1, 242, 323, 277, 0, 1.10%, 31, 0, 7, 478.28, 860020, 722
1862, 1, 214, 323, 277, 0, 1.10%, 31, 0, 7, 491.09, 862487, 722
1867, 1, 214, 323, 277, 0, 1.10%, 31, 0, 7, 524.08, 865231, 722
1872, 1, 243, 323, 276, 0, 1.10%, 31, 0, 7, 517.95, 867875, 722
1877, 1, 243, 323, 276, 0, 1.10%, 31, 0, 7, 523.86, 870583, 722
1883, 1, 223, 323, 276, 0, 1.10%, 31, 0, 7, 531.06, 873345, 722
1888, 1, 223, 323, 276, 0, 1.10%, 31, 0, 7, 526.61, 875975, 722
1893, 1, 34, 323, 276, 0, 1.10%, 31, 0, 7, 532.73, 878655, 722
1898, 1, 34, 323, 275, 0, 1.10%, 31, 0, 7, 531.21, 881366, 722
1903, 1, 34, 323, 275, 0, 1.10%, 31, 0, 7, 531.00, 884042, 722
1908, 1, 222, 323, 275, 0, 1.10%, 31, 0, 7, 543.57, 886782, 722
1913, 1, 222, 323, 275, 0, 1.10%, 31, 0, 7, 535.89, 889552, 722
1918, 1, 34, 323, 275, 0, 1.10%, 31, 0, 7, 537.60, 892246, 722
1923, 1, 243, 323, 275, 0, 1.10%, 31, 0, 7, 504.54, 894798, 722
1928, 1, 242, 323, 275, 0, 1.10%, 31, 0, 7, 518.57, 897374, 722
1933, 1, 34, 323, 275, 0, 1.10%, 31, 0, 7, 512.62, 899978, 722
1938, 1, 242, 323, 275, 0, 1.10%, 31, 0, 7, 500.37, 902510, 722
1943, 1, 243, 323, 275, 0, 1.10%, 31, 0, 7, 503.81, 905138, 722
1949, 1, 298, 323, 275, 0, 1.10%, 31, 0, 7, 511.58, 907828, 722
1954, 1, 242, 323, 275, 0, 1.10%, 31, 0, 7, 517.96, 910454, 722
1959, 1, 243, 323, 275, 0, 1.10%, 31, 0, 7, 493.69, 912866, 722
1964, 1, 27, 323, 275, 0, 1.10%, 31, 0, 7, 498.15, 915350, 722
1969, 1, 79, 323, 275, 0, 1.10%, 31, 0, 7, 485.15, 917799, 722
1974, 1, 27, 323, 274, 0, 1.10%, 31, 0, 7, 487.01, 920272, 722
1979, 1, 34, 323, 274, 0, 1.10%, 31, 0, 7, 490.84, 922867, 722
1984, 1, 243, 323, 274, 0, 1.10%, 31, 0, 7, 494.87, 925341, 722
1989, 1, 34, 323, 274, 0, 1.10%, 31, 0, 7, 465.87, 927680, 722
1994, 1, 237, 323, 274, 0, 1.10%, 31, 0, 7, 486.79, 930140, 722
1999, 1, 34, 323, 274, 0, 1.10%, 31, 0, 7, 489.06, 932700, 722
2005, 1, 34, 323, 274, 0, 1.10%, 31, 0, 7, 474.14, 935168, 722
2010, 1, 305, 323, 274, 0, 1.10%, 31, 0, 7, 476.62, 937590, 722
2015, 1, 242, 323, 273, 0, 1.10%, 31, 0, 7, 504.50, 940153, 722
2020, 1, 34, 323, 272, 0, 1.10%, 31, 0, 7, 493.90, 942632, 722
2025, 1, 34, 324, 273, 0, 1.10%, 31, 0, 7, 480.96, 945035, 722
2030, 1, 223, 324, 273, 0, 1.10%, 31, 0, 7, 492.55, 947562, 722
2035, 1, 223, 324, 273, 0, 1.10%, 31, 0, 7, 501.60, 950098, 722
2040, 1, 242, 324, 273, 0, 1.10%, 31, 0, 7, 514.15, 952764, 722
2045, 1, 34, 324, 273, 0, 1.10%, 31, 0, 7, 510.94, 955438, 722
2050, 1, 34, 324, 273, 0, 1.10%, 31, 0, 7, 506.34, 958026, 722
2055, 1, 307, 325, 274, 0, 1.10%, 31, 0, 7, 475.16, 960442, 722
2060, 1, 307, 325, 274, 0, 1.10%, 31, 0, 7, 484.80, 962863, 722
2066, 1, 307, 325, 274, 0, 1.10%, 31, 0, 7, 500.50, 965410, 722
2071, 1, 307, 326, 275, 0, 1.11%, 31, 0, 7, 494.08, 967965, 726
2076, 1, 307, 326, 275, 0, 1.11%, 31, 0, 7, 499.08, 970557, 726
2081, 1, 307, 326, 275, 0, 1.11%, 31, 0, 7, 508.32, 973140, 726
2086, 1, 307, 326, 275, 0, 1.11%, 31, 0, 7, 506.30, 975770, 726
2091, 1, 325, 327, 276, 1, 1.11%, 31, 0, 7, 493.44, 978212, 726
2096, 1, 325, 329, 278, 1, 1.11%, 31, 0, 8, 506.96, 980733, 726
2101, 1, 325, 330, 279, 1, 1.11%, 31, 0, 8, 508.24, 983311, 726
2106, 1, 325, 330, 279, 1, 1.11%, 32, 0, 8, 511.67, 985891, 726
2111, 1, 325, 330, 279, 1, 1.11%, 32, 0, 8, 502.79, 988441, 726
2116, 1, 325, 330, 279, 1, 1.11%, 32, 0, 8, 505.45, 991011, 726
2122, 1, 325, 330, 279, 1, 1.11%, 32, 0, 8, 485.04, 993438, 726
2127, 1, 298, 330, 278, 0, 1.11%, 32, 0, 8, 525.12, 996045, 726
2132, 1, 242, 330, 278, 0, 1.11%, 32, 0, 8, 532.89, 998777, 726
2137, 1, 283, 331, 279, 0, 1.11%, 32, 0, 8, 463.08, 1001079, 726
2142, 1, 245, 331, 278, 0, 1.11%, 32, 0, 8, 478.09, 1003462, 726
2147, 1, 305, 331, 278, 0, 1.11%, 32, 0, 8, 488.64, 1005956, 726
2152, 1, 298, 331, 278, 0, 1.11%, 32, 0, 8, 525.74, 1008603, 726
2157, 1, 27, 331, 278, 0, 1.11%, 32, 0, 8, 544.01, 1011355, 726
2162, 1, 34, 331, 278, 0, 1.11%, 32, 0, 8, 525.74, 1014035, 726
2167, 1, 242, 331, 278, 0, 1.11%, 32, 0, 8, 517.40, 1016713, 726
2172, 1, 319, 331, 278, 0, 1.11%, 32, 0, 8, 463.58, 1018979, 726
2177, 1, 243, 331, 277, 0, 1.11%, 32, 0, 8, 508.44, 1021621, 726
2182, 1, 155, 331, 277, 0, 1.11%, 32, 0, 8, 513.77, 1024191, 726
2187, 1, 242, 331, 277, 0, 1.11%, 32, 0, 8, 481.76, 1026651, 726
2192, 1, 247, 331, 277, 0, 1.11%, 32, 0, 8, 504.94, 1029203, 726
2198, 1, 247, 331, 277, 0, 1.11%, 32, 0, 8, 518.95, 1031933, 726
2203, 1, 298, 331, 277, 0, 1.11%, 32, 0, 8, 534.60, 1034641, 726
2208, 1, 53, 331, 277, 0, 1.11%, 32, 0, 8, 544.02, 1037393, 726
2213, 1, 243, 331, 276, 0, 1.11%, 32, 0, 8, 514.36, 1039959, 726
2218, 1, 242, 331, 276, 0, 1.11%, 32, 0, 8, 516.68, 1042645, 726
2223, 1, 223, 331, 276, 0, 1.11%, 32, 0, 8, 515.05, 1045229, 726
2228, 1, 223, 331, 276, 0, 1.11%, 32, 0, 8, 473.74, 1047630, 726
2233, 1, 243, 331, 276, 0, 1.11%, 32, 0, 8, 498.89, 1050136, 726
2238, 1, 34, 331, 276, 0, 1.11%, 32, 0, 8, 511.99, 1052679, 726
2243, 2, 34, 331, 276, 0, 1.11%, 32, 0, 8, 511.23, 1055257, 726
2248, 2, 243, 331, 276, 0, 1.11%, 32, 0, 8, 509.99, 1057825, 726
2253, 2, 243, 331, 275, 0, 1.11%, 32, 0, 8, 468.65, 1060161, 726
2258, 2, 242, 331, 275, 0, 1.11%, 32, 0, 8, 480.07, 1062579, 726
2263, 2, 34, 331, 275, 0, 1.11%, 32, 0, 8, 484.38, 1065012, 726
2268, 2, 243, 331, 275, 0, 1.11%, 32, 0, 8, 490.32, 1067493, 726
2274, 2, 243, 331, 275, 0, 1.11%, 32, 0, 8, 483.62, 1070021, 726
2279, 2, 242, 331, 275, 0, 1.11%, 32, 0, 8, 496.94, 1072554, 726
2284, 2, 34, 331, 275, 0, 1.11%, 32, 0, 8, 489.42, 1075025, 726
2289, 2, 298, 331, 275, 0, 1.11%, 32, 0, 8, 507.22, 1077596, 726
2294, 2, 242, 331, 275, 0, 1.11%, 32, 0, 8, 507.51, 1080170, 726
2299, 2, 247, 331, 275, 0, 1.11%, 32, 0, 8, 504.78, 1082698, 726
2304, 2, 247, 331, 275, 0, 1.11%, 32, 0, 8, 497.76, 1085193, 726
2309, 2, 87, 331, 275, 0, 1.11%, 32, 0, 8, 517.47, 1087834, 726
2314, 2, 34, 331, 275, 0, 1.11%, 32, 0, 8, 498.56, 1090308, 726
2319, 2, 321, 331, 275, 0, 1.11%, 32, 0, 8, 439.33, 1092562, 726
2324, 2, 222, 331, 274, 0, 1.11%, 32, 0, 8, 472.15, 1094824, 726
2329, 2, 222, 331, 274, 0, 1.11%, 32, 0, 8, 513.75, 1097460, 726
2334, 2, 242, 331, 274, 0, 1.11%, 32, 0, 8, 531.06, 1100154, 726
2339, 2, 279, 331, 274, 0, 1.11%, 32, 0, 8, 517.30, 1102786, 726
2344, 2, 245, 331, 274, 0, 1.11%, 32, 0, 8, 519.19, 1105490, 726
2349, 2, 325, 331, 274, 0, 1.11%, 32, 0, 8, 543.36, 1108346, 726
2354, 2, 325, 331, 274, 0, 1.11%, 32, 0, 8, 499.90, 1110806, 726
2359, 2, 222, 331, 274, 0, 1.11%, 32, 0, 8, 500.12, 1113281, 726
2364, 2, 222, 331, 274, 0, 1.11%, 32, 0, 8, 528.28, 1115970, 726
2370, 2, 34, 331, 274, 0, 1.11%, 32, 0, 8, 535.25, 1118754, 726
2375, 2, 34, 331, 274, 0, 1.11%, 32, 0, 8, 522.89, 1121382, 726
2380, 2, 243, 331, 273, 0, 1.11%, 32, 0, 8, 496.24, 1123850, 726
2385, 2, 34, 331, 273, 0, 1.11%, 32, 0, 8, 476.12, 1126315, 726
2390, 2, 34, 331, 273, 0, 1.11%, 32, 0, 8, 503.58, 1128958, 726
2395, 2, 34, 331, 273, 0, 1.11%, 32, 0, 8, 522.31, 1131594, 726
2400, 2, 87, 331, 273, 0, 1.11%, 32, 0, 8, 515.56, 1134206, 726
2405, 2, 289, 331, 273, 0, 1.11%, 32, 0, 8, 494.83, 1136714, 726
2410, 2, 289, 332, 274, 0, 1.11%, 32, 0, 8, 473.73, 1139044, 726
2415, 2, 272, 332, 273, 0, 1.11%, 32, 0, 8, 482.02, 1141516, 726
2420, 2, 272, 333, 274, 0, 1.11%, 32, 0, 8, 476.22, 1143935, 726
2426, 2, 242, 333, 273, 0, 1.11%, 32, 0, 8, 506.07, 1146599, 726
2431, 2, 34, 333, 273, 0, 1.11%, 32, 0, 8, 508.43, 1149179, 726
2436, 2, 34, 333, 273, 0, 1.11%, 32, 0, 8, 515.20, 1151765, 726
2441, 2, 243, 333, 272, 0, 1.11%, 32, 0, 8, 520.31, 1154333, 726
2446, 2, 34, 333, 272, 0, 1.11%, 32, 0, 8, 512.65, 1156905, 726
2451, 2, 305, 333, 272, 0, 1.11%, 32, 0, 8, 479.83, 1159282, 726
2456, 2, 298, 333, 272, 0, 1.11%, 32, 0, 8, 507.91, 1161911, 726
2461, 2, 298, 333, 272, 0, 1.11%, 32, 0, 8, 523.38, 1164551, 726
2466, 2, 9, 333, 272, 0, 1.11%, 32, 0, 8, 519.41, 1167148, 726
2471, 2, 34, 333, 271, 0, 1.11%, 32, 0, 8, 507.43, 1169716, 726
2476, 2, 34, 333, 270, 0, 1.11%, 32, 0, 8, 500.47, 1172204, 726
2481, 2, 242, 333, 270, 0, 1.11%, 32, 0, 8, 516.72, 1174787, 726
2486, 2, 243, 333, 270, 0, 1.11%, 32, 0, 8, 538.72, 1177509, 726
2491, 2, 223, 333, 270, 0, 1.11%, 32, 0, 8, 524.55, 1180139, 726
2496, 2, 243, 333, 270, 0, 1.11%, 32, 0, 8, 520.80, 1182743, 726
2501, 2, 242, 333, 270, 0, 1.11%, 32, 0, 8, 493.46, 1185219, 726
2506, 2, 242, 333, 270, 0, 1.11%, 32, 0, 8, 506.39, 1187885, 726
2511, 2, 243, 333, 270, 0, 1.11%, 32, 0, 8, 492.68, 1190369, 726
2517, 2, 223, 333, 270, 0, 1.11%, 32, 0, 8, 483.21, 1192893, 726
2522, 2, 223, 333, 270, 0, 1.11%, 32, 0, 8, 479.19, 1195287, 726
2527, 2, 34, 333, 270, 0, 1.11%, 32, 0, 8, 496.27, 1197878, 726
2532, 2, 34, 333, 270, 0, 1.11%, 32, 0, 8, 498.67, 1200391, 726
2537, 2, 34, 333, 270, 0, 1.11%, 32, 0, 8, 515.18, 1203081, 726
2542, 2, 167, 333, 270, 0, 1.11%, 32, 0, 8, 497.28, 1205566, 726
2547, 2, 34, 333, 270, 0, 1.11%, 32, 0, 8, 507.58, 1208153, 726
2552, 2, 243, 333, 270, 0, 1.11%, 32, 0, 8, 506.54, 1210745, 726
2557, 2, 34, 333, 270, 0, 1.11%, 32, 0, 8, 497.36, 1213225, 726
2562, 2, 242, 333, 270, 0, 1.11%, 32, 0, 8, 500.60, 1215759, 726
2568, 2, 27, 333, 270, 0, 1.11%, 32, 0, 8, 522.59, 1218493, 726
2573, 2, 243, 333, 270, 0, 1.11%, 32, 0, 8, 507.54, 1221069, 726
2578, 2, 34, 333, 270, 0, 1.11%, 32, 0, 8, 493.52, 1223576, 726
2583, 2, 266, 333, 270, 0, 1.11%, 32, 0, 8, 386.85, 1225465, 726
2588, 2, 325, 333, 269, 0, 1.11%, 32, 0, 8, 452.66, 1227827, 726
2593, 2, 325, 333, 269, 0, 1.11%, 32, 0, 8, 450.53, 1230104, 726
2598, 2, 243, 333, 269, 0, 1.11%, 32, 0, 8, 494.58, 1232590, 726
2603, 2, 325, 333, 269, 0, 1.11%, 32, 0, 8, 489.17, 1235067, 726
2608, 2, 325, 333, 269, 0, 1.11%, 32, 0, 8, 463.87, 1237380, 726
2613, 2, 277, 333, 269, 0, 1.11%, 32, 0, 8, 447.23, 1239674, 726
2618, 2, 13, 333, 268, 0, 1.11%, 32, 0, 8, 469.24, 1242110, 726
2623, 2, 34, 333, 267, 0, 1.11%, 32, 0, 8, 487.50, 1244583, 726
2628, 2, 34, 333, 267, 0, 1.11%, 32, 0, 8, 491.34, 1247156, 726
2633, 2, 305, 333, 267, 0, 1.11%, 32, 0, 8, 492.24, 1249651, 726
2638, 2, 237, 333, 267, 0, 1.11%, 32, 0, 8, 497.86, 1252136, 726
2643, 2, 247, 333, 267, 0, 1.11%, 32, 0, 8, 494.44, 1254588, 726
2648, 2, 247, 333, 267, 0, 1.11%, 32, 0, 8, 480.45, 1256991, 726
2653, 2, 27, 333, 267, 0, 1.11%, 32, 0, 8, 513.31, 1259577, 726
2658, 2, 242, 333, 267, 0, 1.11%, 32, 0, 8, 508.03, 1262163, 726
2663, 2, 245, 333, 267, 0, 1.11%, 32, 0, 8, 496.82, 1264649, 726
2668, 2, 237, 333, 267, 0, 1.11%, 32, 0, 8, 479.26, 1267056, 726
2673, 2, 222, 333, 267, 0, 1.11%, 32, 0, 8, 498.23, 1269553, 726
2679, 2, 222, 333, 267, 0, 1.11%, 32, 0, 8, 503.31, 1272165, 726
2684, 2, 242, 333, 267, 0, 1.11%, 32, 0, 8, 504.24, 1274689, 726
2689, 2, 155, 333, 267, 0, 1.11%, 32, 0, 8, 497.63, 1277290, 726
2694, 2, 34, 333, 267, 0, 1.11%, 32, 0, 8, 493.46, 1279761, 726
2699, 2, 245, 333, 267, 0, 1.11%, 32, 0, 8, 501.98, 1282291, 726
2704, 2, 34, 333, 267, 0, 1.11%, 32, 0, 8, 500.61, 1284905, 726
2709, 2, 27, 333, 267, 0, 1.11%, 32, 0, 8, 513.99, 1287521, 726
2714, 2, 243, 333, 267, 0, 1.11%, 32, 0, 8, 501.45, 1290073, 726
2719, 2, 230, 333, 267, 0, 1.11%, 32, 0, 8, 515.53, 1292695, 726
2724, 2, 230, 333, 267, 0, 1.11%, 32, 0, 8, 514.17, 1295285, 726
2730, 2, 34, 333, 267, 0, 1.11%, 32, 0, 8, 507.56, 1297851, 726
2735, 2, 34, 333, 267, 0, 1.11%, 32, 0, 8, 522.62, 1300563, 726
2740, 2, 298, 333, 267, 0, 1.11%, 32, 0, 8, 532.67, 1303239, 726
2745, 2, 242, 333, 267, 0, 1.11%, 32, 0, 8, 552.86, 1306025, 726
2750, 2, 34, 333, 267, 0, 1.11%, 32, 0, 8, 537.09, 1308795, 726
2755, 2, 34, 333, 267, 0, 1.11%, 32, 0, 8, 532.31, 1311481, 726
2760, 2, 294, 333, 267, 0, 1.11%, 32, 0, 8, 458.31, 1313872, 726
2765, 2, 294, 337, 271, 0, 1.11%, 32, 0, 8, 397.90, 1315814, 728
2771, 2, 294, 339, 273, 0, 1.11%, 32, 0, 8, 414.72, 1318007, 728
2776, 2, 294, 340, 274, 0, 1.11%, 32, 0, 8, 423.35, 1320143, 728
2781, 2, 294, 340, 274, 0, 1.11%, 32, 0, 8, 416.42, 1322215, 728
2786, 2, 294, 340, 274, 0, 1.11%, 32, 0, 8, 422.30, 1324335, 728
2791, 2, 294, 340, 274, 0, 1.11%, 32, 0, 8, 417.04, 1326439, 728
2796, 2, 294, 340, 274, 0, 1.11%, 32, 0, 8, 421.23, 1328623, 728
2801, 2, 294, 340, 274, 0, 1.11%, 32, 0, 8, 414.05, 1330695, 728
2806, 2, 294, 340, 274, 0, 1.11%, 32, 0, 8, 415.48, 1332791, 728
2811, 2, 294, 340, 274, 0, 1.11%, 32, 0, 8, 423.02, 1334991, 728
2816, 2, 294, 340, 274, 0, 1.11%, 32, 0, 8, 423.57, 1337111, 728
2821, 2, 294, 340, 274, 0, 1.11%, 32, 0, 8, 425.89, 1339319, 728
2826, 2, 339, 340, 273, 1, 1.11%, 32, 0, 8, 376.99, 1341175, 728
2831, 2, 339, 341, 274, 1, 1.11%, 32, 0, 8, 405.93, 1343267, 728
2837, 2, 167, 341, 273, 0, 1.11%, 32, 0, 8, 430.59, 1345491, 728
2842, 2, 245, 341, 272, 0, 1.11%, 32, 0, 8, 500.45, 1348183, 728
2847, 2, 243, 341, 272, 0, 1.11%, 32, 0, 8, 523.37, 1350913, 728
2852, 2, 245, 341, 272, 0, 1.11%, 32, 0, 8, 527.16, 1353637, 728
2857, 2, 214, 341, 272, 0, 1.11%, 32, 0, 8, 543.96, 1356461, 728
2862, 2, 298, 341, 272, 0, 1.11%, 32, 0, 8, 544.51, 1359213, 728
2868, 2, 298, 341, 272, 0, 1.11%, 32, 0, 8, 529.89, 1361973, 728
2873, 2, 34, 341, 272, 0, 1.11%, 32, 0, 8, 499.50, 1364461, 728
2878, 2, 34, 341, 272, 0, 1.11%, 32, 0, 8, 470.27, 1366873, 728
2883, 2, 34, 341, 272, 0, 1.11%, 32, 0, 8, 477.28, 1369251, 728
2888, 2, 34, 341, 272, 0, 1.11%, 32, 0, 8, 485.10, 1371698, 728
2893, 2, 34, 341, 272, 0, 1.11%, 32, 0, 8, 482.23, 1374132, 728
2898, 2, 34, 341, 272, 0, 1.11%, 32, 0, 8, 491.91, 1376599, 728
2903, 2, 242, 341, 272, 0, 1.11%, 32, 0, 8, 472.05, 1378945, 728
2908, 2, 232, 341, 272, 0, 1.11%, 32, 0, 8, 473.86, 1381347, 728
2913, 2, 232, 341, 272, 0, 1.11%, 32, 0, 8, 473.34, 1383705, 728
2918, 2, 242, 341, 272, 0, 1.11%, 32, 0, 8, 484.30, 1386188, 728
2923, 2, 222, 341, 272, 0, 1.11%, 32, 0, 8, 478.58, 1388591, 728
2928, 2, 222, 341, 272, 0, 1.11%, 32, 0, 8, 483.33, 1391039, 728
2933, 2, 243, 341, 272, 0, 1.11%, 32, 0, 8, 485.84, 1393472, 728
2938, 2, 34, 341, 272, 0, 1.11%, 32, 0, 8, 478.36, 1395990, 728
2943, 2, 243, 341, 272, 0, 1.11%, 32, 0, 8, 495.06, 1398471, 728
2948, 2, 308, 341, 272, 0, 1.11%, 32, 0, 8, 492.03, 1400948, 728
2953, 2, 308, 341, 272, 0, 1.11%, 32, 0, 8, 487.64, 1403387, 728
2958, 2, 34, 341, 272, 0, 1.11%, 32, 0, 8, 498.20, 1405958, 728
2963, 2, 34, 341, 272, 0, 1.11%, 32, 0, 8, 500.35, 1408471, 728
2969, 2, 325, 341, 272, 0, 1.11%, 32, 0, 8, 516.66, 1411061, 728
2974, 2, 325, 341, 272, 0, 1.11%, 32, 0, 8, 498.78, 1413571, 728
2979, 2, 325, 342, 273, 0, 1.11%, 32, 0, 8, 475.99, 1415914, 728
2984, 2, 325, 342, 273, 0, 1.11%, 32, 0, 8, 496.40, 1418443, 728
2989, 2, 34, 342, 273, 0, 1.11%, 32, 0, 8, 505.01, 1420977, 728
2994, 2, 247, 342, 273, 0, 1.11%, 32, 0, 8, 524.76, 1423633, 728
2999, 2, 325, 342, 273, 0, 1.11%, 32, 0, 8, 510.08, 1426195, 728
3004, 2, 325, 343, 274, 0, 1.11%, 32, 0, 8, 511.00, 1428773, 728
3009, 2, 325, 343, 274, 0, 1.11%, 32, 0, 8, 512.18, 1431363, 728
3014, 2, 325, 343, 274, 0, 1.11%, 32, 0, 8, 505.67, 1433903, 728
3019, 2, 34, 343, 274, 0, 1.11%, 32, 0, 8, 532.08, 1436655, 728
3024, 2, 242, 343, 274, 0, 1.11%, 32, 0, 8, 544.42, 1439393, 728
3029, 2, 243, 343, 274, 0, 1.11%, 32, 0, 8, 541.30, 1442091, 728
3034, 2, 243, 343, 274, 0, 1.11%, 32, 0, 8, 521.19, 1444705, 728
3039, 2, 298, 343, 274, 0, 1.11%, 32, 0, 8, 536.79, 1447445, 728
3044, 2, 305, 343, 274, 0, 1.11%, 32, 0, 8, 518.13, 1450127, 728
3050, 2, 214, 343, 274, 0, 1.11%, 32, 0, 8, 550.43, 1452999, 728
3055, 2, 27, 343, 274, 0, 1.11%, 32, 0, 8, 545.93, 1455853, 728
3060, 2, 242, 343, 274, 0, 1.11%, 32, 0, 8, 544.24, 1458615, 728
3065, 2, 232, 343, 274, 0, 1.11%, 32, 0, 8, 519.16, 1461179, 728
3070, 2, 232, 343, 274, 0, 1.11%, 32, 0, 8, 506.52, 1463709, 728
3075, 3, 162, 343, 274, 0, 1.11%, 32, 0, 8, 516.65, 1466311, 728
3080, 3, 34, 343, 273, 0, 1.11%, 32, 0, 8, 492.24, 1468790, 728
3085, 3, 247, 343, 273, 0, 1.11%, 32, 0, 8, 503.24, 1471295, 728
3090, 3, 247, 343, 273, 0, 1.11%, 32, 0, 8, 506.28, 1473845, 728
3095, 3, 247, 343, 273, 0, 1.11%, 32, 0, 8, 510.83, 1476427, 728
3100, 3, 245, 343, 273, 0, 1.11%, 32, 0, 8, 499.57, 1478920, 728
3105, 3, 34, 343, 273, 0, 1.11%, 32, 0, 8, 487.59, 1481398, 728
3110, 3, 222, 343, 273, 0, 1.11%, 32, 0, 8, 491.77, 1483919, 728
3115, 3, 222, 343, 273, 0, 1.11%, 32, 0, 8, 500.03, 1486439, 728
3120, 3, 34, 343, 273, 0, 1.11%, 32, 0, 8, 504.98, 1488987, 728
3125, 3, 34, 343, 273, 0, 1.11%, 32, 0, 8, 500.93, 1491523, 728
3131, 3, 245, 343, 273, 0, 1.11%, 32, 0, 8, 502.10, 1494075, 728
3136, 3, 34, 343, 273, 0, 1.11%, 32, 0, 8, 500.27, 1496617, 728
3141, 3, 34, 343, 273, 0, 1.11%, 32, 0, 8, 500.74, 1499259, 728
3146, 3, 34, 344, 274, 0, 1.11%, 32, 0, 8, 490.01, 1501706, 730
3151, 3, 237, 344, 273, 0, 1.11%, 32, 0, 8, 476.15, 1504069, 730
3156, 3, 237, 344, 273, 0, 1.11%, 32, 0, 8, 489.39, 1506562, 730
3161, 3, 34, 344, 273, 0, 1.11%, 32, 0, 8, 480.50, 1508960, 730
3166, 3, 305, 344, 273, 0, 1.11%, 32, 0, 8, 475.93, 1511350, 730
3171, 3, 34, 344, 273, 0, 1.11%, 32, 0, 8, 461.62, 1513721, 730
3176, 3, 243, 344, 273, 0, 1.11%, 32, 0, 8, 466.53, 1516101, 730
3182, 3, 242, 344, 273, 0, 1.11%, 32, 0, 8, 485.41, 1518658, 730
3187, 3, 34, 344, 273, 0, 1.11%, 32, 0, 8, 492.15, 1521250, 730
3192, 3, 34, 345, 274, 0, 1.11%, 32, 0, 8, 493.42, 1523787, 730
3197, 3, 243, 345, 274, 0, 1.11%, 32, 0, 8, 499.11, 1526293, 730
3202, 3, 298, 345, 274, 0, 1.11%, 32, 0, 8, 519.21, 1528933, 730
3207, 3, 87, 345, 274, 0, 1.11%, 32, 0, 8, 506.13, 1531495, 730
3212, 3, 247, 345, 274, 0, 1.11%, 32, 0, 8, 497.51, 1534055, 730
3217, 3, 247, 345, 274, 0, 1.11%, 32, 0, 8, 490.27, 1536620, 730
3223, 3, 34, 346, 275, 0, 1.11%, 32, 0, 8, 500.43, 1539235, 730
3228, 3, 242, 346, 274, 0, 1.11%, 33, 0, 8, 491.34, 1541694, 730
3233, 3, 243, 346, 274, 0, 1.11%, 33, 0, 8, 497.00, 1544181, 730
3238, 3, 242, 346, 274, 0, 1.11%, 33, 0, 8, 459.87, 1546464, 730
3243, 3, 242, 346, 274, 0, 1.11%, 33, 0, 8, 486.32, 1549005, 730
3248, 3, 243, 346, 274, 0, 1.11%, 33, 0, 8, 486.10, 1551451, 730
3253, 3, 242, 346, 274, 0, 1.11%, 33, 0, 8, 497.01, 1553968, 730
3258, 3, 242, 346, 273, 0, 1.11%, 33, 0, 8, 513.11, 1556568, 730
3263, 3, 34, 346, 273, 0, 1.11%, 33, 0, 8, 515.49, 1559254, 730
3268, 3, 200, 346, 273, 0, 1.11%, 33, 0, 8, 492.23, 1561719, 730
3273, 3, 242, 346, 273, 0, 1.11%, 33, 0, 8, 500.63, 1564218, 730
3278, 3, 298, 346, 273, 0, 1.11%, 33, 0, 8, 486.14, 1566652, 730
3283, 3, 298, 346, 273, 0, 1.11%, 33, 0, 8, 497.00, 1569181, 730
3288, 3, 305, 346, 273, 0, 1.11%, 33, 0, 8, 473.67, 1571558, 730
3293, 3, 34, 346, 273, 0, 1.11%, 33, 0, 8, 462.07, 1573942, 730
3298, 3, 34, 346, 273, 0, 1.11%, 33, 0, 8, 480.35, 1576373, 730
3303, 3, 34, 346, 273, 0, 1.11%, 33, 0, 8, 449.32, 1578588, 730
3309, 3, 34, 346, 273, 0, 1.11%, 33, 0, 8, 471.51, 1580955, 730
3314, 3, 307, 346, 273, 0, 1.11%, 33, 0, 8, 461.47, 1583351, 730
3319, 3, 34, 347, 274, 0, 1.11%, 33, 0, 8, 452.69, 1585685, 730
3324, 3, 34, 347, 274, 0, 1.11%, 33, 0, 8, 469.52, 1588070, 730
3329, 3, 34, 347, 274, 0, 1.11%, 33, 0, 8, 472.59, 1590464, 730
3334, 3, 242, 347, 274, 0, 1.11%, 33, 0, 8, 497.28, 1593052, 730
3339, 3, 27, 347, 274, 0, 1.11%, 33, 0, 8, 507.31, 1595622, 730
3344, 3, 242, 347, 274, 0, 1.11%, 33, 0, 8, 493.76, 1598121, 730
3349, 3, 243, 347, 274, 0, 1.11%, 33, 0, 8, 493.47, 1600616, 730
3354, 3, 243, 347, 273, 0, 1.11%, 33, 0, 8, 475.79, 1602961, 730
3359, 3, 247, 347, 273, 0, 1.11%, 33, 0, 8, 490.90, 1605420, 730
3365, 3, 247, 347, 273, 0, 1.11%, 33, 0, 8, 479.36, 1607868, 730
3370, 3, 27, 347, 273, 0, 1.11%, 33, 0, 8, 485.66, 1610338, 730
3375, 3, 243, 347, 273, 0, 1.11%, 33, 0, 8, 475.43, 1612706, 730
3380, 3, 305, 347, 273, 0, 1.11%, 33, 0, 8, 482.04, 1615230, 730
3385, 3, 243, 347, 273, 0, 1.11%, 33, 0, 8, 466.34, 1617569, 730
3390, 3, 245, 347, 273, 0, 1.11%, 33, 0, 8, 486.14, 1620101, 730
3395, 3, 34, 347, 273, 0, 1.11%, 33, 0, 8, 508.66, 1622781, 730
3400, 3, 325, 347, 273, 0, 1.11%, 33, 0, 8, 493.58, 1625287, 730
3405, 3, 325, 347, 273, 0, 1.11%, 33, 0, 8, 488.87, 1627753, 730
3410, 3, 34, 347, 273, 0, 1.11%, 33, 0, 8, 502.31, 1630261, 730
3415, 3, 34, 347, 273, 0, 1.11%, 33, 0, 8, 489.98, 1632719, 730
3420, 3, 34, 347, 273, 0, 1.11%, 33, 0, 8, 495.94, 1635204, 730
3425, 3, 242, 347, 273, 0, 1.11%, 33, 0, 8, 495.27, 1637674, 730
3430, 3, 247, 347, 273, 0, 1.11%, 33, 0, 8, 508.08, 1640237, 730
3436, 3, 305, 347, 273, 0, 1.11%, 33, 0, 8, 479.98, 1642737, 730
3441, 3, 222, 347, 273, 0, 1.11%, 33, 0, 8, 486.58, 1645140, 730
3446, 3, 222, 347, 273, 0, 1.11%, 33, 0, 8, 494.94, 1647669, 730
3451, 3, 34, 347, 273, 0, 1.11%, 33, 0, 8, 494.06, 1650150, 730
3456, 3, 34, 347, 273, 0, 1.11%, 33, 0, 8, 489.73, 1652582, 730
3461, 3, 343, 347, 273, 0, 1.11%, 33, 0, 8, 496.76, 1655164, 730
3466, 3, 242, 347, 272, 0, 1.11%, 33, 0, 8, 502.01, 1657770, 730
3471, 3, 27, 347, 272, 0, 1.11%, 33, 0, 8, 528.79, 1660452, 730
3476, 3, 34, 347, 271, 0, 1.11%, 33, 0, 8, 518.34, 1663027, 730
3481, 3, 34, 347, 271, 0, 1.11%, 33, 0, 8, 493.70, 1665497, 730
3486, 3, 34, 347, 271, 0, 1.11%, 33, 0, 8, 493.05, 1668068, 730
3492, 3, 87, 347, 271, 0, 1.11%, 33, 0, 8, 485.61, 1670608, 730
3497, 3, 242, 347, 271, 0, 1.11%, 33, 0, 8, 497.15, 1673095, 730
3502, 3, 343, 347, 271, 0, 1.11%, 33, 0, 8, 482.06, 1675532, 730
3507, 3, 243, 347, 271, 0, 1.11%, 33, 0, 8, 494.87, 1678008, 730
3512, 3, 222, 347, 271, 0, 1.11%, 33, 0, 8, 498.43, 1680522, 730
3517, 3, 222, 347, 271, 0, 1.11%, 33, 0, 8, 501.51, 1683019, 730
3522, 3, 242, 347, 271, 0, 1.11%, 33, 0, 8, 504.66, 1685533, 730
3527, 3, 298, 347, 271, 0, 1.11%, 33, 0, 8, 508.16, 1688077, 730
3532, 3, 34, 347, 271, 0, 1.11%, 33, 0, 8, 516.50, 1690769, 730
3537, 3, 34, 347, 271, 0, 1.11%, 33, 0, 8, 482.47, 1693144, 730
3542, 3, 245, 347, 271, 0, 1.11%, 33, 0, 8, 470.76, 1695579, 730
3547, 3, 308, 347, 271, 0, 1.11%, 33, 0, 8, 467.47, 1697939, 730
3552, 3, 308, 347, 271, 0, 1.11%, 33, 0, 8, 465.06, 1700288, 730
3557, 3, 34, 347, 271, 0, 1.11%, 33, 0, 8, 463.53, 1702618, 730
3563, 3, 223, 347, 271, 0, 1.11%, 33, 0, 8, 450.51, 1704851, 730
3568, 3, 223, 347, 271, 0, 1.11%, 33, 0, 8, 447.26, 1707127, 730
3573, 3, 34, 347, 271, 0, 1.11%, 33, 0, 8, 462.65, 1709465, 730
3578, 3, 242, 347, 271, 0, 1.11%, 33, 0, 8, 472.93, 1711822, 730
3583, 3, 242, 347, 271, 0, 1.11%, 33, 0, 8, 478.82, 1714320, 730
3588, 3, 245, 347, 271, 0, 1.11%, 33, 0, 8, 481.66, 1716739, 730
3593, 3, 279, 347, 271, 0, 1.11%, 33, 0, 8, 491.50, 1719235, 730
3598, 3, 279, 347, 271, 0, 1.11%, 33, 0, 8, 477.48, 1721674, 730
3603, 3, 243, 347, 271, 0, 1.11%, 33, 0, 8, 485.38, 1724119, 730
3608, 3, 243, 347, 271, 0, 1.11%, 33, 0, 8, 480.72, 1726550, 730
3613, 3, 324, 347, 271, 0, 1.11%, 33, 0, 8, 473.70, 1728941, 730
3618, 3, 324, 347, 271, 0, 1.11%, 33, 0, 8, 404.62, 1730876, 730
3623, 3, 34, 347, 269, 0, 1.11%, 33, 0, 8, 469.09, 1733298, 730
3628, 3, 242, 347, 269, 0, 1.11%, 33, 0, 8, 486.11, 1735810, 730
3633, 3, 305, 347, 269, 0, 1.11%, 33, 0, 8, 453.12, 1738061, 730
3638, 3, 243, 347, 269, 0, 1.11%, 33, 0, 8, 474.32, 1740468, 730
3643, 3, 245, 347, 269, 0, 1.11%, 33, 0, 8, 492.26, 1742953, 730
3649, 3, 34, 347, 269, 0, 1.11%, 33, 0, 8, 485.55, 1745484, 730
3654, 3, 243, 347, 269, 0, 1.11%, 33, 0, 8, 489.58, 1748046, 730
3659, 3, 305, 347, 269, 0, 1.11%, 33, 0, 8, 478.12, 1750529, 730
3664, 3, 307, 347, 269, 0, 1.11%, 33, 0, 8, 465.98, 1752871, 730
3669, 3, 34, 347, 269, 0, 1.11%, 33, 0, 8, 474.49, 1755242, 730
3674, 3, 242, 347, 269, 0, 1.11%, 33, 0, 8, 481.47, 1757704, 730
3679, 3, 101, 347, 269, 0, 1.11%, 33, 0, 8, 463.92, 1760055, 730
3684, 3, 325, 347, 268, 0, 1.11%, 33, 0, 8, 457.33, 1762363, 730
3689, 3, 325, 347, 268, 0, 1.11%, 33, 0, 8, 467.64, 1764730, 730
3694, 3, 34, 347, 268, 0, 1.11%, 33, 0, 8, 489.85, 1767217, 730
3699, 3, 34, 347, 268, 0, 1.11%, 33, 0, 8, 458.02, 1769502, 730
3704, 3, 245, 347, 268, 0, 1.11%, 33, 0, 8, 471.15, 1771897, 730
3709, 3, 247, 347, 268, 0, 1.11%, 33, 0, 8, 478.03, 1774407, 730
3715, 3, 52, 347, 268, 0, 1.11%, 33, 0, 8, 475.00, 1776814, 730
3720, 3, 34, 347, 266, 0, 1.11%, 33, 0, 8, 470.37, 1779214, 730
3725, 3, 242, 347, 266, 0, 1.11%, 33, 0, 8, 481.49, 1781699, 730
3730, 3, 34, 347, 266, 0, 1.11%, 33, 0, 8, 471.14, 1784042, 730
3735, 3, 233, 347, 266, 0, 1.11%, 33, 0, 8, 486.26, 1786533, 730
3740, 3, 243, 347, 265, 0, 1.11%, 33, 0, 8, 437.74, 1788705, 730
3745, 3, 34, 347, 265, 0, 1.11%, 33, 0, 8, 487.25, 1791305, 730
3750, 3, 34, 347, 265, 0, 1.11%, 33, 0, 8, 481.77, 1793691, 730
3755, 3, 34, 347, 265, 0, 1.11%, 33, 0, 8, 484.85, 1796109, 730
3760, 3, 243, 347, 265, 0, 1.11%, 33, 0, 8, 480.59, 1798576, 730
3765, 3, 335, 347, 265, 0, 1.11%, 33, 0, 8, 367.04, 1800458, 730
3771, 3, 335, 347, 265, 0, 1.11%, 33, 0, 8, 359.58, 1802209, 730
3776, 3, 243, 347, 264, 0, 1.11%, 33, 0, 8, 449.00, 1804628, 730
3781, 3, 243, 347, 264, 0, 1.11%, 33, 0, 8, 480.78, 1807082, 730
3786, 3, 242, 347, 264, 0, 1.11%, 33, 0, 8, 482.03, 1809511, 730
3791, 3, 285, 347, 264, 0, 1.11%, 33, 0, 8, 438.96, 1811856, 730
3796, 3, 242, 348, 264, 0, 1.11%, 33, 0, 8, 443.49, 1814016, 730
3801, 3, 27, 348, 264, 0, 1.11%, 33, 0, 8, 490.60, 1816597, 730
3806, 3, 242, 348, 264, 0, 1.11%, 33, 0, 8, 522.45, 1819362, 730
3812, 4, 243, 348, 264, 0, 1.11%, 33, 0, 8, 530.80, 1822106, 730
3817, 4, 339, 350, 266, 0, 1.11%, 33, 0, 8, 435.38, 1824280, 730
3822, 4, 339, 350, 266, 0, 1.11%, 33, 0, 8, 413.49, 1826336, 730
3827, 4, 243, 350, 266, 0, 1.11%, 33, 0, 8, 482.01, 1828745, 730
3832, 4, 34, 350, 266, 0, 1.11%, 33, 0, 8, 487.62, 1831260, 730
3837, 4, 247, 350, 266, 0, 1.11%, 33, 0, 8, 517.09, 1833860, 730
3842, 4, 34, 350, 266, 0, 1.11%, 33, 0, 8, 517.51, 1836552, 730
3847, 4, 34, 350, 266, 0, 1.11%, 33, 0, 8, 493.58, 1839019, 730
3852, 4, 34, 350, 266, 0, 1.11%, 33, 0, 8, 490.02, 1841477, 730
3857, 4, 245, 350, 266, 0, 1.11%, 33, 0, 8, 487.72, 1843947, 730
3863, 4, 34, 350, 266, 0, 1.11%, 33, 0, 8, 478.18, 1846421, 730
3868, 4, 247, 350, 266, 0, 1.11%, 33, 0, 8, 473.54, 1848900, 730
3873, 4, 247, 350, 266, 0, 1.11%, 33, 0, 8, 491.37, 1851492, 730
3878, 4, 87, 350, 266, 0, 1.11%, 33, 0, 8, 474.25, 1853935, 730
3883, 4, 34, 350, 266, 0, 1.11%, 33, 0, 8, 480.25, 1856354, 730
3888, 4, 242, 350, 266, 0, 1.11%, 33, 0, 8, 481.87, 1858780, 730
3893, 4, 222, 350, 266, 0, 1.11%, 33, 0, 8, 464.60, 1861120, 730
3898, 4, 222, 350, 266, 0, 1.11%, 33, 0, 8, 458.42, 1863415, 730
3903, 4, 245, 350, 266, 0, 1.11%, 33, 0, 8, 455.84, 1865680, 730
3908, 4, 34, 350, 265, 0, 1.11%, 33, 0, 8, 462.58, 1867989, 730
3913, 4, 305, 350, 265, 0, 1.11%, 33, 0, 8, 481.48, 1870448, 730
3918, 4, 34, 350, 265, 0, 1.11%, 33, 0, 8, 468.07, 1872792, 730
3923, 4, 87, 350, 265, 0, 1.11%, 33, 0, 8, 470.14, 1875152, 730
3928, 4, 305, 350, 265, 0, 1.11%, 33, 0, 8, 456.84, 1877411, 730
3933, 4, 87, 350, 265, 0, 1.11%, 33, 0, 8, 474.30, 1879798, 730
3939, 4, 242, 350, 265, 0, 1.11%, 33, 0, 8, 462.52, 1882170, 730
3944, 4, 34, 350, 265, 0, 1.11%, 33, 0, 8, 462.36, 1884578, 730
3949, 4, 243, 350, 265, 0, 1.11%, 33, 0, 8, 487.58, 1887051, 730
3954, 4, 27, 350, 265, 0, 1.11%, 33, 0, 8, 504.05, 1889581, 730
3959, 4, 243, 350, 265, 0, 1.11%, 33, 0, 8, 500.10, 1892213, 730
3964, 4, 87, 350, 265, 0, 1.11%, 33, 0, 8, 477.43, 1894600, 730
3969, 4, 34, 350, 265, 0, 1.11%, 33, 0, 8, 478.67, 1897003, 730
3974, 4, 305, 350, 265, 0, 1.11%, 33, 0, 8, 486.07, 1899462, 730
3979, 4, 247, 350, 265, 0, 1.11%, 33, 0, 8, 493.67, 1902022, 730
3985, 4, 247, 350, 265, 0, 1.11%, 33, 0, 8, 495.99, 1904605, 730
3990, 4, 243, 350, 265, 0, 1.11%, 33, 0, 8, 478.22, 1906953, 730
3995, 4, 307, 351, 266, 0, 1.11%, 33, 0, 8, 446.46, 1909219, 730
4000, 4, 307, 352, 267, 0, 1.11%, 33, 0, 8, 440.73, 1911410, 730
4005, 4, 307, 352, 267, 0, 1.11%, 33, 0, 8, 446.00, 1913739, 730
4010, 4, 307, 352, 267, 0, 1.11%, 33, 0, 8, 458.14, 1916009, 730
4015, 4, 307, 352, 267, 0, 1.11%, 33, 0, 8, 429.42, 1918123, 730
4020, 4, 307, 352, 267, 0, 1.11%, 33, 0, 8, 441.39, 1920403, 730
4025, 4, 247, 352, 267, 0, 1.11%, 33, 0, 8, 450.20, 1922691, 730
4030, 4, 247, 352, 267, 0, 1.11%, 33, 0, 8, 469.14, 1925007, 730
4035, 4, 222, 352, 267, 0, 1.11%, 33, 0, 8, 463.16, 1927437, 730
4040, 4, 222, 352, 267, 0, 1.11%, 33, 0, 8, 471.12, 1929903, 730
4045, 4, 27, 352, 267, 0, 1.11%, 33, 0, 8, 484.66, 1932294, 730
4051, 4, 34, 352, 267, 0, 1.11%, 33, 0, 8, 473.56, 1934797, 730
4056, 4, 298, 352, 267, 0, 1.11%, 33, 0, 8, 477.78, 1937251, 730
4061, 4, 34, 352, 267, 0, 1.11%, 33, 0, 8, 482.04, 1939658, 730
4066, 4, 242, 352, 267, 0, 1.11%, 33, 0, 8, 484.17, 1942069, 730
4071, 4, 34, 352, 267, 0, 1.11%, 33, 0, 8, 472.59, 1944394, 730
4076, 4, 247, 352, 267, 0, 1.11%, 33, 0, 8, 483.80, 1946928, 730
4081, 4, 247, 352, 267, 0, 1.11%, 33, 0, 8, 460.27, 1949214, 730
4086, 4, 34, 352, 267, 0, 1.11%, 33, 0, 8, 469.70, 1951578, 730
4091, 4, 243, 352, 267, 0, 1.11%, 33, 0, 8, 452.45, 1953820, 730
4096, 4, 184, 352, 267, 0, 1.11%, 33, 0, 8, 428.25, 1955993, 730
4101, 4, 242, 352, 266, 0, 1.11%, 33, 0, 8, 455.01, 1958270, 730
4106, 4, 325, 352, 266, 0, 1.11%, 33, 0, 8, 463.29, 1960699, 730
4112, 4, 325, 352, 266, 0, 1.11%, 33, 0, 8, 459.99, 1963012, 730
4117, 4, 242, 352, 266, 0, 1.11%, 33, 0, 8, 469.25, 1965439, 730
4122, 4, 34, 352, 265, 0, 1.11%, 33, 0, 8, 483.68, 1967874, 730
4127, 4, 34, 352, 265, 0, 1.11%, 33, 0, 8, 486.87, 1970344, 730
4132, 4, 34, 352, 265, 0, 1.11%, 33, 0, 8, 493.34, 1972877, 730
4137, 4, 298, 352, 265, 0, 1.11%, 33, 0, 8, 494.92, 1975434, 730
4142, 4, 298, 352, 265, 0, 1.11%, 33, 0, 8, 477.76, 1977801, 730
4147, 4, 222, 352, 265, 0, 1.11%, 33, 0, 8, 461.42, 1980136, 730
4152, 4, 222, 352, 265, 0, 1.11%, 33, 0, 8, 480.25, 1982566, 730
4157, 4, 298, 352, 265, 0, 1.11%, 33, 0, 8, 467.95, 1984896, 730
4162, 4, 172, 352, 265, 0, 1.11%, 33, 0, 8, 483.39, 1987405, 730
4168, 4, 298, 352, 264, 0, 1.11%, 33, 0, 8, 490.75, 1989962, 730
4173, 4, 242, 352, 264, 0, 1.11%, 33, 0, 8, 495.57, 1992436, 730
4178, 4, 298, 352, 264, 0, 1.11%, 33, 0, 8, 501.58, 1994943, 730
4183, 4, 247, 352, 264, 0, 1.11%, 33, 0, 8, 489.62, 1997418, 730
4188, 4, 247, 352, 264, 0, 1.11%, 33, 0, 8, 485.06, 1999857, 730
4193, 4, 298, 352, 264, 0, 1.11%, 33, 0, 8, 488.32, 2002383, 730
4198, 4, 298, 352, 264, 0, 1.11%, 33, 0, 8, 507.74, 2004963, 730
4203, 4, 222, 352, 264, 0, 1.11%, 33, 0, 8, 498.27, 2007573, 730
4208, 4, 222, 352, 264, 0, 1.11%, 33, 0, 8, 487.85, 2010021, 730
4213, 4, 34, 352, 264, 0, 1.11%, 33, 0, 8, 488.51, 2012483, 730
4218, 4, 34, 352, 264, 0, 1.11%, 33, 0, 8, 403.61, 2014475, 730
4223, 4, 34, 352, 264, 0, 1.11%, 33, 0, 8, 388.00, 2016473, 730
4229, 4, 58, 352, 264, 0, 1.11%, 33, 0, 8, 416.78, 2018611, 730
4234, 4, 247, 352, 263, 0, 1.11%, 33, 0, 8, 448.34, 2020854, 730
4239, 4, 247, 352, 263, 0, 1.11%, 33, 0, 8, 461.83, 2023196, 730
4244, 4, 242, 352, 263, 0, 1.11%, 33, 0, 8, 448.78, 2025430, 730
4249, 4, 298, 352, 263, 0, 1.11%, 33, 0, 8, 444.82, 2027772, 730
4254, 4, 247, 352, 263, 0, 1.11%, 33, 0, 8, 469.87, 2030148, 730
4259, 4, 247, 352, 263, 0, 1.11%, 33, 0, 8, 477.39, 2032569, 730
4264, 4, 242, 352, 263, 0, 1.11%, 33, 0, 8, 434.13, 2034806, 730
4269, 4, 242, 352, 263, 0, 1.11%, 33, 0, 8, 468.21, 2037205, 730
4274, 4, 242, 352, 263, 0, 1.11%, 33, 0, 8, 485.73, 2039635, 730
4279, 4, 328, 352, 263, 0, 1.11%, 33, 0, 8, 439.76, 2041893, 730
4284, 4, 328, 353, 264, 0, 1.11%, 33, 0, 9, 430.80, 2044045, 730
4289, 4, 34, 353, 263, 0, 1.11%, 33, 0, 9, 459.40, 2046434, 730
4294, 4, 222, 353, 263, 0, 1.11%, 33, 0, 9, 474.39, 2048830, 730
4299, 4, 222, 353, 263, 0, 1.11%, 33, 0, 9, 472.43, 2051224, 730
4304, 4, 247, 353, 263, 0, 1.11%, 33, 0, 9, 499.11, 2053770, 730
4310, 4, 305, 353, 263, 0, 1.11%, 33, 0, 9, 485.06, 2056309, 730
4315, 4, 34, 353, 263, 0, 1.11%, 33, 0, 9, 491.04, 2058758, 730
4320, 4, 242, 353, 263, 0, 1.11%, 33, 0, 9, 495.90, 2061240, 730
4325, 4, 325, 353, 263, 0, 1.11%, 33, 0, 9, 480.37, 2063633, 730
4330, 4, 325, 353, 263, 0, 1.11%, 33, 0, 9, 469.52, 2065973, 730
4335, 4, 242, 353, 263, 0, 1.11%, 33, 0, 9, 479.05, 2068488, 730
4340, 4, 298, 353, 263, 0, 1.11%, 33, 0, 9, 487.38, 2070933, 730
4345, 4, 34, 353, 263, 0, 1.11%, 33, 0, 9, 489.63, 2073421, 730
4350, 4, 34, 353, 263, 0, 1.11%, 33, 0, 9, 480.44, 2075808, 730
4355, 4, 34, 353, 263, 0, 1.11%, 33, 0, 9, 467.41, 2078154, 730
4360, 4, 34, 353, 263, 0, 1.11%, 33, 0, 9, 475.43, 2080590, 730
4365, 4, 34, 353, 263, 0, 1.11%, 33, 0, 9, 489.01, 2083046, 730
4370, 4, 305, 353, 263, 0, 1.11%, 33, 0, 9, 483.21, 2085457, 730
4375, 4, 34, 353, 263, 0, 1.11%, 33, 0, 9, 496.57, 2087948, 730
4380, 4, 34, 353, 263, 0, 1.11%, 33, 0, 9, 485.82, 2090470, 730
4386, 4, 243, 353, 263, 0, 1.11%, 33, 0, 9, 497.99, 2092983, 730
4391, 4, 34, 353, 263, 0, 1.11%, 33, 0, 9, 486.23, 2095423, 730
4396, 4, 222, 353, 263, 0, 1.11%, 33, 0, 9, 473.07, 2097882, 730
4401, 4, 222, 353, 263, 0, 1.11%, 33, 0, 9, 459.31, 2100204, 730
4406, 4, 242, 353, 263, 0, 1.11%, 33, 0, 9, 466.12, 2102558, 730
4411, 4, 305, 353, 263, 0, 1.11%, 33, 0, 9, 474.37, 2104973, 730
4416, 4, 34, 353, 263, 0, 1.11%, 33, 0, 9, 449.50, 2107198, 730
4421, 4, 34, 353, 263, 0, 1.11%, 33, 0, 9, 442.18, 2109477, 730
4426, 4, 222, 353, 263, 0, 1.11%, 33, 0, 9, 459.29, 2111861, 730
4431, 4, 222, 353, 263, 0, 1.11%, 33, 0, 9, 482.91, 2114300, 730
4436, 4, 34, 353, 263, 0, 1.11%, 33, 0, 9, 490.17, 2116868, 730
4442, 4, 34, 353, 263, 0, 1.11%, 33, 0, 9, 503.89, 2119491, 730
4447, 4, 34, 353, 263, 0, 1.11%, 33, 0, 9, 492.88, 2121962, 730
4452, 4, 305, 353, 263, 0, 1.11%, 33, 0, 9, 486.16, 2124459, 730
4457, 4, 243, 353, 263, 0, 1.11%, 33, 0, 9, 495.03, 2127019, 730
4462, 4, 34, 353, 263, 0, 1.11%, 33, 0, 9, 486.17, 2129490, 730
4467, 4, 223, 353, 263, 0, 1.11%, 33, 0, 9, 484.00, 2131951, 730
4472, 4, 223, 353, 263, 0, 1.11%, 33, 0, 9, 475.47, 2134363, 730
4477, 4, 27, 353, 263, 0, 1.11%, 33, 0, 9, 514.85, 2137047, 730
4482, 4, 34, 353, 263, 0, 1.11%, 33, 0, 9, 492.40, 2139522, 730
4487, 4, 237, 353, 263, 0, 1.11%, 33, 0, 9, 484.56, 2141943, 730
4492, 4, 237, 353, 263, 0, 1.11%, 33, 0, 9, 460.02, 2144229, 730
4497, 4, 245, 353, 262, 0, 1.11%, 33, 0, 9, 457.35, 2146523, 730
4503, 4, 78, 353, 262, 0, 1.11%, 33, 0, 9, 476.58, 2148919, 730
4508, 4, 34, 353, 262, 0, 1.11%, 33, 0, 9, 480.50, 2151404, 730
4513, 4, 242, 353, 262, 0, 1.11%, 33, 0, 9, 492.90, 2153878, 730
4518, 4, 298, 353, 262, 0, 1.11%, 33, 0, 9, 480.67, 2156352, 730
4523, 4, 298, 353, 262, 0, 1.11%, 33, 0, 9, 485.49, 2158818, 730
4528, 4, 298, 353, 262, 0, 1.11%, 33, 0, 9, 470.51, 2161218, 730
4533, 4, 298, 353, 262, 0, 1.11%, 33, 0, 9, 499.02, 2163846, 730
4538, 4, 34, 353, 262, 0, 1.11%, 33, 0, 9, 474.55, 2166217, 730
4543, 4, 34, 353, 262, 0, 1.11%, 33, 0, 9, 445.13, 2168429, 730
4548, 4, 242, 353, 262, 0, 1.11%, 33, 0, 9, 476.35, 2170850, 730
4553, 4, 34, 353, 262, 0, 1.11%, 33, 0, 9, 451.70, 2173146, 730
4558, 4, 34, 353, 262, 0, 1.11%, 33, 0, 9, 443.59, 2175351, 730
4564, 4, 242, 353, 262, 0, 1.11%, 33, 0, 9, 462.70, 2177784, 730
4569, 4, 242, 353, 262, 0, 1.11%, 33, 0, 9, 460.47, 2180087, 730
4574, 4, 34, 353, 262, 0, 1.11%, 33, 0, 9, 460.85, 2182453, 730
4579, 4, 243, 353, 262, 0, 1.11%, 33, 0, 9, 465.93, 2184772, 730
4584, 4, 242, 353, 262, 0, 1.11%, 33, 0, 9, 470.94, 2187161, 730
4589, 4, 34, 353, 262, 0, 1.11%, 33, 0, 9, 456.77, 2189446, 730
4594, 4, 242, 353, 262, 0, 1.11%, 33, 0, 9, 469.49, 2191844, 730
4599, 4, 243, 353, 262, 0, 1.11%, 33, 0, 9, 486.93, 2194362, 730
4604, 4, 308, 353, 262, 0, 1.11%, 33, 0, 9, 480.51, 2196745, 730
4609, 4, 308, 353, 262, 0, 1.11%, 33, 0, 9, 463.83, 2199121, 730
4614, 4, 34, 353, 262, 0, 1.11%, 33, 0, 9, 469.79, 2201469, 730
4620, 4, 34, 353, 262, 0, 1.11%, 33, 0, 9, 445.10, 2203779, 730
4625, 4, 307, 353, 262, 0, 1.11%, 33, 0, 9, 447.83, 2206033, 730
4630, 4, 305, 353, 262, 0, 1.11%, 33, 0, 9, 457.11, 2208362, 730
4635, 4, 34, 353, 262, 0, 1.11%, 33, 0, 9, 477.20, 2210767, 730
4640, 4, 325, 353, 261, 0, 1.11%, 33, 0, 9, 480.68, 2213197, 730
4645, 4, 325, 353, 261, 0, 1.11%, 33, 0, 9, 473.09, 2215645, 730
4650, 4, 34, 353, 261, 0, 1.11%, 33, 0, 9, 476.35, 2218119, 730
4655, 4, 254, 353, 260, 0, 1.11%, 33, 0, 9, 480.71, 2220542, 730
4660, 4, 243, 353, 258, 0, 1.11%, 33, 0, 9, 490.57, 2222981, 730
4665, 4, 245, 353, 258, 0, 1.11%, 33, 0, 9, 483.75, 2225414, 730
4670, 4, 34, 353, 257, 0, 1.11%, 33, 0, 9, 488.26, 2227952, 730
4675, 4, 242, 353, 257, 0, 1.11%, 33, 0, 9, 480.89, 2230361, 730
4680, 4, 242, 353, 257, 0, 1.11%, 33, 0, 9, 472.20, 2232736, 730
4685, 4, 305, 353, 256, 0, 1.11%, 33, 0, 9, 457.81, 2235000, 730
4691, 4, 27, 353, 256, 0, 1.11%, 33, 0, 9, 488.70, 2237531, 730
4696, 4, 34, 353, 256, 0, 1.11%, 33, 0, 9, 477.78, 2240034, 730
4701, 5, 90, 353, 256, 0, 1.11%, 33, 0, 9, 441.08, 2242267, 730
4706, 5, 87, 353, 255, 0, 1.11%, 33, 0, 9, 442.54, 2244449, 730
4711, 5, 34, 353, 255, 0, 1.11%, 33, 0, 9, 452.54, 2246749, 730
4716, 5, 241, 353, 255, 0, 1.11%, 33, 0, 9, 471.19, 2249124, 730
4721, 5, 34, 353, 255, 0, 1.11%, 33, 0, 9, 462.62, 2251440, 730
4726, 5, 34, 353, 255, 0, 1.11%, 33, 0, 9, 463.05, 2253854, 730
4731, 5, 262, 353, 255, 0, 1.11%, 33, 0, 9, 466.05, 2256280, 730
4737, 5, 262, 354, 256, 0, 1.12%, 33, 0, 9, 441.78, 2258549, 735
4742, 5, 353, 354, 255, 1, 1.12%, 33, 0, 9, 412.43, 2260605, 735
4747, 5, 353, 354, 255, 1, 1.12%, 33, 0, 9, 410.44, 2262741, 735
4752, 5, 245, 354, 254, 0, 1.12%, 33, 0, 9, 433.99, 2264983, 735
4757, 5, 27, 354, 254, 0, 1.12%, 33, 0, 9, 463.43, 2267421, 735
4762, 5, 245, 354, 254, 0, 1.12%, 33, 0, 9, 441.32, 2269687, 735
4767, 5, 223, 354, 254, 0, 1.12%, 33, 0, 9, 344.85, 2271389, 735
4773, 5, 223, 354, 254, 0, 1.12%, 33, 0, 9, 403.93, 2273531, 735
4778, 5, 222, 354, 254, 0, 1.12%, 33, 0, 9, 413.16, 2275653, 735
4783, 5, 222, 354, 254, 0, 1.12%, 33, 0, 9, 418.49, 2277789, 735
4788, 5, 222, 355, 255, 0, 1.12%, 33, 0, 9, 395.11, 2279764, 735
4793, 5, 222, 355, 255, 0, 1.12%, 33, 0, 9, 409.12, 2281885, 735
4798, 5, 222, 355, 255, 0, 1.12%, 33, 0, 9, 422.26, 2284013, 735
4803, 5, 242, 355, 255, 0, 1.12%, 33, 0, 9, 401.03, 2285963, 735
4808, 5, 247, 355, 255, 0, 1.12%, 33, 0, 9, 388.52, 2287930, 735
4813, 5, 247, 355, 255, 0, 1.12%, 33, 0, 9, 369.56, 2289757, 735
4818, 5, 247, 355, 255, 0, 1.12%, 33, 0, 9, 419.29, 2292005, 735
4823, 5, 247, 355, 255, 0, 1.12%, 33, 0, 9, 403.95, 2294053, 735
4828, 5, 305, 355, 254, 0, 1.12%, 33, 0, 9, 399.98, 2296047, 735
4833, 5, 242, 355, 254, 0, 1.12%, 33, 0, 9, 426.51, 2298200, 735
4838, 5, 87, 355, 254, 0, 1.12%, 33, 0, 9, 400.60, 2300177, 735
4843, 5, 167, 355, 254, 0, 1.12%, 33, 0, 9, 414.70, 2302250, 735
4848, 5, 242, 355, 254, 0, 1.12%, 33, 0, 9, 438.88, 2304462, 735
4853, 5, 27, 355, 254, 0, 1.12%, 33, 0, 9, 451.39, 2306727, 735
4858, 5, 242, 355, 254, 0, 1.12%, 33, 0, 9, 451.82, 2309032, 735
4863, 5, 307, 355, 254, 0, 1.12%, 33, 0, 9, 408.89, 2310976, 735
4868, 5, 307, 355, 254, 0, 1.12%, 33, 0, 9, 407.82, 2313016, 735
4874, 5, 243, 355, 254, 0, 1.12%, 33, 0, 9, 438.43, 2315284, 735
4879, 5, 243, 355, 254, 0, 1.12%, 33, 0, 9, 394.76, 2317255, 735
