# relative_time, cycles_done, cur_item, corpus_count, pending_total, pending_favs, map_size, saved_crashes, saved_hangs, max_depth, execs_per_sec, total_execs, edges_found
60, 0, 4, 180, 178, 6, 1.91%, 0, 0, 2, 142.67, 10135, 1253
65, 0, 4, 183, 181, 6, 1.92%, 0, 0, 2, 161.94, 10966, 1259
70, 0, 4, 188, 186, 6, 1.93%, 0, 0, 2, 151.50, 11732, 1267
76, 0, 4, 189, 187, 6, 1.94%, 0, 0, 2, 157.95, 12520, 1269
81, 0, 4, 192, 190, 6, 1.94%, 0, 0, 2, 153.32, 13315, 1271
86, 0, 4, 194, 192, 6, 1.94%, 0, 0, 2, 144.92, 14069, 1271
91, 0, 4, 195, 193, 6, 1.94%, 0, 0, 2, 143.58, 14805, 1271
96, 0, 4, 197, 195, 6, 1.94%, 0, 0, 2, 135.04, 15477, 1271
101, 0, 4, 201, 199, 6, 1.94%, 0, 0, 2, 148.99, 16225, 1272
106, 0, 4, 204, 202, 6, 1.94%, 0, 0, 2, 144.62, 16951, 1274
111, 0, 4, 206, 204, 6, 1.94%, 0, 0, 2, 142.38, 17699, 1274
116, 0, 5, 208, 205, 59, 1.95%, 0, 0, 2, 245.01, 18867, 1275
121, 0, 5, 217, 214, 59, 1.95%, 0, 0, 2, 415.56, 21183, 1280
126, 0, 5, 220, 217, 59, 1.95%, 0, 0, 2, 438.03, 23471, 1281
132, 0, 5, 224, 221, 59, 1.95%, 0, 0, 2, 455.00, 25836, 1281
137, 0, 5, 226, 223, 59, 1.96%, 0, 0, 2, 443.39, 28119, 1284
142, 0, 5, 228, 225, 59, 1.96%, 0, 0, 2, 456.26, 30503, 1284
147, 0, 15, 230, 225, 56, 1.96%, 0, 0, 2, 67.21, 31976, 1284
152, 0, 221, 235, 228, 53, 1.96%, 0, 0, 3, 323.88, 33640, 1284
157, 0, 221, 247, 240, 53, 1.96%, 0, 0, 3, 429.48, 35920, 1286
162, 0, 221, 249, 242, 53, 1.96%, 0, 0, 3, 452.63, 38240, 1287
167, 0, 221, 251, 244, 53, 1.96%, 0, 0, 3, 469.21, 40596, 1287
172, 0, 221, 254, 247, 53, 1.96%, 0, 0, 3, 480.53, 43014, 1287
178, 0, 221, 256, 249, 53, 1.96%, 0, 0, 3, 472.51, 45478, 1287
183, 0, 221, 258, 251, 53, 1.96%, 0, 0, 3, 481.22, 48005, 1287
188, 0, 60, 260, 252, 52, 1.96%, 0, 0, 3, 466.54, 50348, 1287
193, 0, 60, 266, 258, 52, 1.97%, 0, 0, 3, 463.80, 52637, 1290
198, 0, 60, 268, 260, 52, 1.99%, 0, 0, 3, 460.72, 54966, 1305
203, 0, 60, 272, 264, 52, 1.99%, 0, 0, 3, 448.18, 57225, 1305
208, 0, 60, 275, 267, 52, 1.99%, 0, 0, 3, 448.24, 59497, 1306
213, 0, 60, 278, 270, 52, 1.99%, 0, 0, 3, 426.83, 61673, 1306
218, 0, 219, 280, 270, 55, 1.99%, 0, 0, 3, 442.72, 63963, 1306
224, 0, 265, 286, 275, 54, 2.00%, 0, 0, 4, 278.56, 65390, 1308
229, 0, 281, 288, 274, 51, 2.00%, 0, 0, 5, 391.30, 67405, 1308
234, 0, 281, 293, 279, 51, 2.00%, 0, 0, 5, 439.53, 69648, 1309
239, 0, 281, 295, 281, 51, 2.00%, 0, 0, 5, 450.26, 71920, 1309
244, 0, 281, 297, 283, 51, 2.00%, 0, 0, 5, 454.89, 74265, 1309
249, 0, 281, 299, 285, 51, 2.00%, 0, 0, 5, 463.93, 76621, 1309
254, 0, 281, 301, 287, 51, 2.00%, 0, 0, 5, 447.51, 78920, 1309
259, 0, 163, 303, 288, 50, 2.00%, 0, 0, 5, 444.09, 81138, 1310
264, 0, 267, 308, 290, 48, 2.01%, 0, 0, 5, 460.91, 83438, 1314
269, 0, 71, 310, 289, 47, 2.01%, 0, 0, 5, 437.93, 85699, 1314
274, 0, 303, 312, 289, 45, 2.01%, 0, 0, 5, 400.27, 87673, 1314
280, 0, 7, 316, 289, 41, 2.01%, 0, 0, 5, 386.77, 89632, 1314
285, 0, 100, 320, 290, 38, 2.01%, 0, 0, 5, 443.13, 91926, 1314
290, 0, 114, 323, 290, 36, 2.01%, 0, 0, 5, 457.03, 94343, 1314
295, 0, 170, 324, 288, 33, 2.01%, 0, 0, 5, 66.78, 96299, 1314
300, 0, 170, 327, 291, 33, 2.01%, 0, 0, 5, 103.44, 96809, 1317
305, 0, 170, 327, 291, 33, 2.01%, 0, 0, 5, 156.93, 97622, 1317
310, 0, 307, 330, 291, 31, 2.01%, 0, 0, 5, 400.14, 99997, 1317
315, 0, 307, 332, 293, 31, 2.01%, 0, 0, 5, 439.60, 102261, 1317
320, 0, 307, 332, 293, 31, 2.01%, 0, 0, 5, 421.85, 104381, 1317
325, 0, 307, 333, 294, 31, 2.01%, 0, 0, 5, 431.82, 106549, 1317
330, 0, 307, 334, 295, 31, 2.01%, 0, 0, 5, 446.33, 108821, 1317
336, 0, 307, 334, 295, 31, 2.01%, 0, 0, 5, 441.31, 111101, 1317
341, 0, 307, 335, 296, 31, 2.01%, 0, 0, 5, 455.95, 113392, 1317
346, 0, 307, 335, 296, 31, 2.01%, 0, 0, 5, 437.39, 115661, 1317
351, 0, 330, 338, 296, 31, 2.01%, 0, 0, 6, 453.64, 118012, 1317
356, 0, 330, 339, 297, 31, 2.01%, 0, 0, 6, 463.59, 120351, 1317
361, 0, 330, 340, 298, 31, 2.01%, 0, 0, 6, 452.14, 122636, 1317
366, 0, 330, 340, 298, 31, 2.01%, 0, 0, 6, 466.56, 125003, 1317
371, 0, 330, 342, 300, 31, 2.01%, 0, 0, 6, 455.00, 127278, 1317
376, 0, 330, 342, 300, 31, 2.01%, 0, 0, 6, 468.29, 129609, 1317
381, 0, 314, 344, 301, 30, 2.01%, 0, 0, 6, 469.53, 132020, 1317
386, 0, 317, 345, 299, 27, 2.01%, 0, 0, 6, 482.49, 134506, 1317
391, 0, 338, 348, 299, 24, 2.01%, 0, 0, 7, 472.01, 136813, 1317
397, 0, 338, 349, 300, 24, 2.01%, 0, 0, 7, 472.47, 139206, 1317
402, 0, 191, 349, 298, 22, 2.01%, 0, 0, 7, 465.57, 141551, 1317
407, 0, 292, 351, 299, 21, 2.01%, 0, 0, 7, 468.97, 143883, 1317
412, 0, 306, 352, 299, 20, 2.01%, 0, 0, 7, 439.40, 146023, 1317
417, 0, 334, 354, 299, 18, 2.01%, 0, 0, 7, 453.44, 148297, 1317
422, 0, 327, 354, 298, 17, 2.01%, 0, 0, 7, 458.68, 150678, 1317
427, 0, 328, 354, 297, 16, 2.01%, 0, 0, 7, 465.24, 153041, 1317
432, 0, 328, 357, 300, 16, 2.01%, 0, 0, 7, 458.75, 155322, 1318
437, 0, 348, 357, 296, 16, 2.01%, 0, 0, 7, 463.08, 157716, 1318
442, 0, 356, 358, 296, 15, 2.01%, 0, 0, 8, 460.06, 159993, 1318
447, 0, 339, 359, 294, 12, 2.01%, 0, 0, 8, 467.75, 162303, 1318
452, 0, 9, 360, 293, 11, 2.01%, 0, 0, 8, 42.40, 164209, 1318
457, 0, 9, 360, 293, 11, 2.01%, 0, 0, 8, 42.36, 164419, 1318
462, 0, 9, 360, 293, 11, 2.01%, 0, 0, 8, 37.74, 164605, 1318
467, 0, 210, 363, 295, 13, 2.02%, 0, 0, 8, 140.19, 165239, 1322
472, 0, 93, 363, 295, 13, 2.02%, 0, 0, 8, 63.83, 166894, 1322
478, 0, 256, 363, 294, 12, 2.02%, 0, 0, 8, 162.98, 167645, 1322
483, 0, 359, 364, 295, 12, 2.02%, 0, 0, 8, 279.85, 169176, 1322
488, 0, 359, 365, 296, 12, 2.02%, 0, 0, 8, 323.64, 170778, 1322
493, 0, 331, 366, 293, 9, 2.02%, 0, 0, 8, 452.78, 172480, 1325
498, 0, 146, 368, 294, 8, 2.02%, 0, 0, 8, 73.51, 174147, 1325
503, 0, 79, 369, 294, 7, 2.02%, 0, 0, 8, 432.42, 175081, 1325
508, 0, 172, 370, 293, 7, 2.03%, 0, 0, 8, 446.89, 177443, 1330
513, 0, 173, 370, 293, 8, 2.03%, 0, 0, 8, 425.95, 179643, 1330
519, 0, 15, 370, 291, 6, 2.03%, 0, 0, 8, 383.20, 181659, 1330
524, 0, 362, 371, 292, 6, 2.03%, 0, 0, 8, 307.41, 182928, 1330
529, 0, 360, 371, 291, 5, 2.03%, 0, 0, 8, 52.96, 183389, 1330
534, 0, 360, 371, 291, 5, 2.03%, 0, 0, 8, 51.24, 183646, 1330
539, 0, 143, 371, 290, 4, 2.03%, 0, 0, 8, 75.87, 184102, 1330
544, 0, 25, 371, 289, 3, 2.03%, 0, 0, 8, 122.04, 184676, 1330
549, 0, 293, 371, 288, 2, 2.03%, 0, 0, 8, 178.68, 185383, 1330
554, 0, 356, 372, 287, 2, 2.03%, 0, 0, 8, 387.63, 187581, 1330
560, 0, 356, 372, 287, 2, 2.03%, 0, 0, 8, 456.73, 190029, 1330
565, 0, 221, 372, 287, 2, 2.03%, 0, 0, 8, 529.38, 192693, 1330
570, 0, 359, 374, 289, 2, 2.03%, 0, 0, 8, 477.99, 194893, 1330
575, 0, 372, 374, 289, 2, 2.03%, 0, 0, 8, 166.51, 196164, 1330
580, 0, 365, 375, 288, 1, 2.03%, 0, 0, 8, 32.82, 198650, 1330
585, 0, 92, 375, 287, 1, 2.03%, 0, 0, 8, 412.20, 199743, 1330
590, 0, 186, 376, 287, 1, 2.03%, 0, 0, 8, 503.00, 202373, 1330
595, 0, 254, 376, 286, 1, 2.03%, 0, 0, 8, 569.57, 205303, 1330
600, 0, 92, 377, 286, 0, 2.03%, 0, 0, 8, 566.58, 208122, 1330
605, 0, 328, 378, 286, 0, 2.03%, 0, 0, 8, 570.58, 210950, 1330
610, 0, 328, 378, 286, 0, 2.03%, 0, 0, 8, 557.64, 213794, 1330
616, 0, 92, 379, 287, 0, 2.03%, 0, 0, 8, 537.01, 216578, 1330
621, 0, 92, 379, 287, 0, 2.03%, 0, 0, 8, 481.45, 218997, 1330
626, 0, 369, 380, 288, 0, 2.03%, 0, 0, 8, 513.93, 221621, 1330
631, 0, 379, 382, 290, 1, 2.03%, 0, 0, 8, 554.37, 224456, 1333
636, 0, 380, 382, 288, 1, 2.03%, 0, 0, 8, 583.53, 227397, 1333
641, 0, 348, 382, 287, 0, 2.03%, 0, 0, 8, 549.10, 230128, 1333
646, 0, 92, 382, 287, 0, 2.03%, 0, 0, 8, 516.71, 232731, 1333
651, 0, 92, 382, 287, 0, 2.03%, 0, 0, 8, 540.49, 235429, 1333
656, 0, 92, 383, 288, 0, 2.03%, 0, 0, 8, 540.26, 238126, 1333
661, 0, 45, 384, 289, 0, 2.03%, 0, 0, 8, 610.58, 241264, 1333
666, 0, 314, 385, 290, 0, 2.03%, 0, 0, 8, 642.50, 244511, 1333
671, 0, 92, 386, 291, 0, 2.03%, 0, 0, 8, 601.24, 247544, 1333
676, 0, 105, 387, 292, 0, 2.03%, 0, 0, 8, 523.27, 250044, 1333
681, 0, 314, 387, 292, 0, 2.03%, 0, 0, 8, 580.84, 252956, 1333
686, 0, 92, 387, 292, 0, 2.03%, 0, 0, 8, 606.86, 255988, 1333
691, 0, 339, 388, 293, 0, 2.03%, 0, 0, 8, 620.68, 259114, 1333
696, 0, 339, 389, 294, 0, 2.03%, 0, 0, 8, 648.06, 262498, 1333
701, 0, 387, 389, 294, 2, 2.03%, 0, 0, 8, 642.08, 265712, 1333
707, 0, 92, 389, 293, 1, 2.03%, 0, 0, 8, 580.14, 268651, 1333
712, 0, 6, 389, 291, 1, 2.03%, 0, 0, 8, 650.70, 272084, 1333
717, 0, 312, 390, 291, 1, 2.03%, 0, 0, 8, 582.55, 274888, 1333
722, 0, 388, 391, 291, 1, 2.03%, 0, 0, 8, 587.83, 277769, 1333
727, 0, 320, 391, 290, 0, 2.03%, 0, 0, 8, 610.95, 280845, 1333
732, 0, 92, 391, 290, 0, 2.03%, 0, 0, 8, 617.96, 284069, 1333
737, 0, 45, 391, 290, 0, 2.03%, 0, 0, 8, 597.73, 286965, 1333
742, 0, 92, 391, 290, 0, 2.03%, 0, 0, 8, 637.79, 290321, 1333
748, 0, 233, 392, 291, 1, 2.03%, 0, 0, 8, 610.50, 293335, 1333
753, 0, 348, 392, 288, 1, 2.03%, 0, 0, 8, 593.57, 296479, 1333
758, 0, 391, 393, 289, 1, 2.03%, 0, 0, 8, 622.14, 299659, 1333
763, 0, 356, 394, 289, 0, 2.03%, 0, 0, 8, 596.62, 302683, 1333
768, 0, 356, 395, 290, 0, 2.04%, 0, 0, 8, 639.94, 306061, 1339
773, 0, 92, 396, 291, 1, 2.04%, 0, 0, 8, 644.23, 309389, 1339
778, 0, 15, 396, 291, 1, 2.04%, 0, 0, 8, 413.36, 311110, 1339
784, 0, 92, 397, 291, 0, 2.04%, 0, 0, 8, 560.12, 313966, 1339
789, 0, 15, 398, 292, 0, 2.04%, 0, 0, 8, 456.45, 316349, 1339
794, 0, 388, 400, 294, 0, 2.04%, 0, 0, 8, 548.58, 319041, 1339
799, 0, 92, 400, 294, 0, 2.04%, 0, 0, 8, 615.44, 322232, 1339
804, 0, 146, 400, 294, 0, 2.04%, 0, 0, 8, 400.80, 324381, 1339
809, 0, 334, 401, 295, 0, 2.04%, 0, 0, 8, 517.48, 326773, 1339
814, 0, 334, 403, 297, 0, 2.04%, 0, 0, 8, 602.68, 329923, 1339
819, 0, 334, 403, 297, 0, 2.04%, 0, 0, 8, 627.51, 333079, 1339
824, 0, 334, 403, 297, 0, 2.04%, 0, 0, 8, 632.77, 336379, 1339
829, 0, 334, 403, 297, 0, 2.04%, 0, 0, 8, 633.33, 339547, 1339
834, 0, 334, 403, 297, 0, 2.04%, 0, 0, 8, 646.35, 342783, 1339
839, 0, 92, 403, 296, 0, 2.04%, 0, 0, 8, 590.87, 345839, 1339
845, 0, 45, 404, 297, 0, 2.04%, 0, 0, 8, 635.52, 349205, 1339
850, 0, 233, 405, 298, 0, 2.04%, 0, 0, 8, 589.24, 352193, 1339
855, 0, 92, 405, 298, 0, 2.04%, 0, 0, 8, 638.91, 355561, 1339
860, 0, 38, 405, 298, 0, 2.04%, 0, 0, 8, 492.92, 357608, 1339
865, 0, 256, 405, 297, 0, 2.04%, 0, 0, 8, 524.25, 360425, 1339
870, 0, 15, 405, 297, 0, 2.04%, 0, 0, 8, 541.51, 362585, 1339
875, 0, 92, 405, 297, 0, 2.04%, 0, 0, 8, 468.62, 364621, 1339
880, 0, 92, 405, 297, 0, 2.04%, 0, 0, 8, 496.16, 367145, 1339
885, 0, 92, 405, 297, 0, 2.04%, 0, 0, 8, 508.65, 369748, 1339
891, 0, 92, 405, 297, 0, 2.04%, 0, 0, 8, 610.33, 372969, 1339
896, 0, 45, 405, 297, 0, 2.04%, 0, 0, 8, 612.07, 375912, 1339
901, 0, 15, 405, 297, 0, 2.04%, 0, 0, 8, 494.37, 378421, 1339
906, 0, 293, 405, 297, 0, 2.04%, 0, 0, 8, 592.33, 381485, 1339
911, 0, 303, 406, 298, 0, 2.04%, 0, 0, 8, 595.90, 384520, 1340
916, 0, 92, 406, 298, 1, 2.04%, 0, 0, 8, 636.75, 387748, 1340
921, 0, 92, 406, 297, 0, 2.04%, 0, 0, 8, 626.41, 390833, 1340
926, 0, 92, 406, 297, 0, 2.04%, 0, 0, 8, 510.92, 393134, 1340
931, 0, 320, 406, 297, 0, 2.04%, 0, 0, 8, 548.91, 395950, 1340
936, 0, 92, 406, 297, 0, 2.04%, 0, 0, 8, 538.17, 398761, 1340
941, 0, 405, 406, 297, 0, 2.04%, 0, 0, 8, 601.29, 401851, 1340
946, 0, 113, 406, 297, 0, 2.04%, 0, 0, 8, 617.86, 404971, 1340
951, 0, 254, 406, 297, 0, 2.04%, 0, 0, 8, 611.74, 408078, 1340
956, 0, 125, 406, 297, 0, 2.04%, 0, 0, 8, 603.60, 410948, 1340
962, 0, 137, 407, 298, 0, 2.04%, 0, 0, 8, 584.62, 414010, 1340
967, 0, 92, 407, 298, 0, 2.04%, 0, 0, 8, 612.16, 417147, 1340
972, 0, 113, 408, 299, 0, 2.04%, 0, 0, 8, 590.43, 420092, 1340
977, 0, 113, 408, 299, 0, 2.04%, 0, 0, 8, 640.63, 423332, 1340
982, 0, 92, 408, 299, 0, 2.04%, 0, 0, 8, 580.53, 426217, 1340
987, 0, 92, 408, 299, 0, 2.04%, 0, 0, 8, 558.51, 429014, 1340
992, 0, 356, 408, 299, 0, 2.04%, 0, 0, 8, 632.41, 432391, 1340
997, 0, 356, 408, 299, 0, 2.04%, 0, 0, 8, 641.81, 435636, 1340
1002, 0, 92, 408, 299, 0, 2.04%, 0, 0, 8, 559.40, 438433, 1340
1007, 0, 92, 408, 299, 0, 2.04%, 0, 0, 8, 569.44, 441347, 1340
1012, 0, 380, 409, 300, 0, 2.04%, 0, 0, 8, 564.63, 444094, 1340
1017, 0, 380, 409, 300, 0, 2.04%, 0, 0, 8, 613.10, 447226, 1340
1022, 0, 408, 410, 301, 1, 2.05%, 0, 0, 8, 634.08, 450463, 1343
1028, 0, 409, 412, 302, 1, 2.05%, 0, 0, 8, 586.29, 453406, 1343
1033, 0, 409, 417, 307, 1, 2.05%, 0, 0, 8, 615.06, 456542, 1344
1038, 0, 409, 417, 307, 1, 2.05%, 0, 0, 8, 621.62, 459710, 1344
1043, 0, 409, 417, 307, 1, 2.05%, 0, 0, 8, 623.82, 462878, 1344
1048, 0, 414, 417, 306, 3, 2.05%, 0, 0, 8, 628.68, 466022, 1344
1053, 0, 92, 417, 304, 1, 2.05%, 0, 0, 8, 634.40, 469322, 1344
1058, 0, 410, 418, 305, 1, 2.05%, 0, 0, 9, 621.70, 472318, 1344
1063, 0, 113, 418, 304, 0, 2.05%, 0, 0, 9, 620.88, 475577, 1344
1068, 0, 45, 418, 304, 0, 2.05%, 0, 0, 9, 621.21, 478727, 1344
1073, 0, 92, 418, 304, 0, 2.05%, 0, 0, 9, 570.14, 481634, 1344
1078, 0, 92, 418, 304, 0, 2.05%, 0, 0, 9, 623.17, 484832, 1344
1083, 0, 92, 418, 304, 0, 2.05%, 0, 0, 9, 514.50, 487428, 1344
1089, 0, 92, 418, 304, 0, 2.05%, 0, 0, 9, 538.27, 490189, 1344
1094, 0, 412, 419, 305, 0, 2.05%, 0, 0, 9, 565.50, 493030, 1344
1099, 0, 412, 421, 307, 0, 2.05%, 0, 0, 9, 615.26, 496197, 1344
1104, 0, 412, 421, 307, 0, 2.05%, 0, 0, 9, 632.10, 499497, 1344
1109, 0, 412, 421, 307, 0, 2.05%, 0, 0, 9, 632.47, 502785, 1344
1114, 0, 412, 421, 307, 0, 2.05%, 0, 0, 9, 631.65, 505941, 1344
1119, 0, 412, 421, 307, 0, 2.05%, 0, 0, 9, 645.99, 509173, 1344
1124, 0, 405, 421, 307, 0, 2.05%, 0, 0, 9, 659.38, 512510, 1344
1129, 0, 92, 421, 307, 0, 2.05%, 0, 0, 9, 540.69, 515234, 1344
1134, 0, 394, 421, 307, 0, 2.05%, 0, 0, 9, 588.06, 518317, 1344
1140, 0, 394, 421, 307, 0, 2.05%, 0, 0, 9, 633.83, 521624, 1344
1145, 0, 92, 421, 307, 0, 2.05%, 0, 0, 9, 593.84, 524578, 1344
1150, 0, 412, 422, 307, 0, 2.05%, 0, 0, 9, 555.61, 527343, 1344
1155, 0, 238, 423, 308, 0, 2.05%, 0, 0, 9, 629.85, 530690, 1344
1160, 0, 125, 423, 308, 0, 2.05%, 0, 0, 9, 591.93, 533661, 1344
1165, 0, 92, 423, 308, 0, 2.05%, 0, 0, 9, 610.48, 536962, 1344
1170, 0, 92, 423, 307, 0, 2.05%, 0, 0, 9, 593.16, 539981, 1344
1175, 0, 412, 423, 307, 0, 2.05%, 0, 0, 9, 640.25, 543346, 1344
1180, 0, 92, 423, 307, 0, 2.05%, 0, 0, 9, 553.62, 546011, 1344
1185, 0, 100, 424, 308, 0, 2.05%, 0, 0, 9, 577.77, 548979, 1345
1191, 0, 233, 424, 307, 0, 2.05%, 0, 0, 9, 631.51, 552345, 1345
1196, 0, 92, 424, 307, 0, 2.05%, 0, 0, 9, 582.04, 555190, 1345
1201, 0, 100, 424, 307, 0, 2.05%, 0, 0, 9, 592.51, 558137, 1345
1206, 0, 92, 424, 307, 0, 2.05%, 0, 0, 9, 504.36, 560355, 1345
1211, 0, 92, 425, 308, 0, 2.05%, 0, 0, 9, 547.63, 563168, 1345
1216, 1, 233, 428, 311, 0, 2.05%, 0, 0, 9, 591.53, 566281, 1345
1221, 1, 429, 433, 316, 1, 2.05%, 0, 0, 9, 584.85, 569227, 1345
1226, 1, 429, 435, 318, 1, 2.05%, 0, 0, 9, 620.36, 572500, 1345
1231, 1, 429, 437, 320, 1, 2.05%, 0, 0, 9, 628.02, 575648, 1345
1236, 1, 429, 437, 320, 1, 2.05%, 0, 0, 9, 627.02, 578804, 1345
1241, 1, 432, 438, 320, 4, 2.05%, 0, 0, 9, 640.63, 582116, 1345
1246, 1, 92, 439, 319, 3, 2.05%, 0, 0, 9, 643.06, 585366, 1345
1252, 1, 92, 441, 319, 1, 2.05%, 0, 0, 9, 637.63, 588646, 1345
1257, 1, 436, 442, 320, 1, 2.05%, 0, 0, 9, 604.80, 591522, 1345
1262, 1, 79, 444, 321, 0, 2.05%, 0, 0, 9, 600.45, 594547, 1345
1267, 1, 79, 446, 323, 0, 2.05%, 0, 0, 9, 572.12, 597505, 1345
1272, 1, 79, 447, 324, 0, 2.05%, 0, 0, 9, 588.48, 600571, 1345
1277, 1, 79, 447, 324, 0, 2.05%, 0, 0, 9, 597.54, 603684, 1345
1283, 1, 79, 447, 324, 0, 2.05%, 0, 0, 9, 596.39, 606797, 1345
1288, 1, 92, 447, 324, 0, 2.05%, 0, 0, 9, 627.05, 609975, 1345
1293, 1, 92, 449, 326, 0, 2.07%, 0, 0, 9, 559.84, 612777, 1357
1298, 1, 191, 449, 325, 0, 2.07%, 0, 0, 9, 563.37, 615676, 1357
1303, 1, 92, 449, 325, 0, 2.07%, 0, 0, 9, 568.74, 618702, 1357
1308, 1, 140, 450, 325, 0, 2.07%, 0, 0, 9, 608.09, 621759, 1357
1313, 1, 140, 450, 325, 0, 2.07%, 0, 0, 9, 632.64, 624945, 1357
1318, 1, 92, 450, 325, 0, 2.07%, 0, 0, 9, 651.66, 628325, 1357
1323, 1, 412, 452, 327, 0, 2.07%, 0, 0, 9, 613.27, 631318, 1357
1328, 1, 414, 452, 327, 0, 2.07%, 0, 0, 9, 632.46, 634532, 1357
1333, 1, 414, 453, 328, 0, 2.07%, 0, 0, 9, 612.32, 637568, 1357
1338, 1, 365, 453, 328, 0, 2.07%, 0, 0, 9, 111.20, 640300, 1357
1344, 1, 365, 453, 328, 0, 2.07%, 0, 0, 9, 199.80, 641223, 1357
1349, 1, 394, 455, 330, 0, 2.07%, 0, 0, 9, 514.98, 644036, 1358
1354, 1, 394, 455, 330, 0, 2.07%, 0, 0, 9, 616.17, 647362, 1358
1359, 1, 394, 455, 330, 0, 2.07%, 0, 0, 9, 640.86, 650586, 1358
1364, 1, 454, 455, 330, 1, 2.07%, 0, 0, 9, 631.98, 653766, 1358
1369, 1, 15, 456, 330, 0, 2.07%, 0, 0, 9, 538.25, 656619, 1358
1374, 1, 92, 456, 330, 0, 2.07%, 0, 0, 9, 590.13, 659696, 1358
1379, 1, 405, 456, 330, 0, 2.07%, 0, 0, 9, 493.53, 662037, 1358
1384, 1, 92, 456, 330, 0, 2.07%, 0, 0, 9, 547.30, 665085, 1358
1389, 1, 454, 458, 332, 0, 2.10%, 0, 0, 9, 608.48, 668247, 1378
1394, 1, 454, 459, 333, 0, 2.10%, 0, 0, 9, 608.58, 671351, 1378
1399, 1, 454, 460, 334, 0, 2.10%, 0, 0, 9, 611.48, 674419, 1378
1404, 1, 454, 460, 334, 0, 2.10%, 0, 0, 9, 641.26, 677639, 1378
1410, 1, 454, 460, 334, 0, 2.10%, 0, 0, 9, 655.29, 680945, 1378
1415, 1, 457, 469, 343, 1, 2.11%, 0, 0, 10, 627.38, 684065, 1385
1420, 1, 457, 471, 345, 1, 2.12%, 0, 0, 10, 611.10, 687141, 1388
1425, 1, 457, 472, 346, 1, 2.12%, 0, 0, 10, 602.85, 690257, 1390
1430, 1, 471, 474, 347, 5, 2.13%, 0, 0, 11, 605.52, 693453, 1393
1435, 1, 471, 477, 350, 5, 2.13%, 0, 0, 11, 593.50, 696524, 1395
1440, 1, 471, 478, 351, 5, 2.13%, 0, 0, 11, 597.92, 699524, 1395
1445, 1, 471, 479, 352, 5, 2.13%, 0, 0, 11, 614.63, 702709, 1395
1450, 1, 465, 479, 351, 7, 2.13%, 0, 0, 11, 623.22, 705839, 1395
1455, 1, 478, 482, 353, 6, 2.13%, 0, 0, 12, 593.66, 708814, 1397
1461, 1, 478, 482, 353, 6, 2.13%, 0, 0, 12, 610.53, 711992, 1397
1466, 1, 475, 482, 351, 6, 2.13%, 0, 0, 12, 594.52, 715045, 1397
1471, 1, 481, 483, 350, 4, 2.13%, 0, 0, 12, 605.99, 718152, 1397
1476, 1, 464, 483, 349, 3, 2.13%, 0, 0, 12, 619.14, 721259, 1397
1481, 1, 481, 483, 348, 2, 2.13%, 0, 0, 12, 627.84, 724410, 1397
1486, 1, 480, 483, 348, 2, 2.13%, 0, 0, 12, 638.68, 727651, 1397
1491, 1, 474, 484, 348, 1, 2.13%, 0, 0, 12, 593.56, 730635, 1399
1496, 1, 474, 488, 352, 1, 2.13%, 0, 0, 12, 599.03, 733675, 1399
1501, 1, 474, 489, 353, 1, 2.13%, 0, 0, 12, 597.44, 736659, 1399
1506, 1, 474, 491, 355, 1, 2.13%, 0, 0, 12, 601.35, 739765, 1399
1512, 1, 92, 491, 352, 0, 2.13%, 0, 0, 12, 623.54, 743020, 1399
1517, 1, 92, 492, 353, 0, 2.13%, 0, 0, 12, 597.09, 745928, 1399
1522, 1, 475, 492, 353, 0, 2.13%, 0, 0, 12, 603.95, 748907, 1399
1527, 1, 15, 494, 355, 0, 2.13%, 0, 0, 12, 595.18, 752038, 1399
1532, 1, 92, 495, 356, 0, 2.13%, 0, 0, 12, 518.57, 754217, 1399
1537, 1, 394, 495, 356, 0, 2.13%, 0, 0, 12, 619.91, 757550, 1399
1542, 1, 92, 496, 357, 0, 2.13%, 0, 0, 12, 628.60, 760758, 1399
1547, 1, 454, 496, 357, 0, 2.13%, 0, 0, 12, 611.63, 763744, 1399
1552, 1, 454, 496, 357, 0, 2.13%, 0, 0, 12, 623.70, 766896, 1399
1557, 1, 92, 496, 357, 0, 2.13%, 0, 0, 12, 638.21, 770110, 1399
1562, 1, 481, 496, 357, 0, 2.13%, 0, 0, 12, 636.39, 773313, 1399
1567, 1, 405, 496, 357, 0, 2.13%, 0, 0, 12, 645.27, 776569, 1399
1572, 1, 405, 496, 357, 0, 2.13%, 0, 0, 12, 571.66, 779320, 1399
1578, 1, 264, 496, 357, 0, 2.13%, 0, 0, 12, 618.69, 782484, 1399
1583, 1, 15, 496, 357, 0, 2.13%, 0, 0, 12, 529.13, 785394, 1399
1588, 1, 412, 496, 357, 0, 2.13%, 0, 0, 12, 559.58, 788002, 1399
1593, 1, 45, 496, 357, 0, 2.13%, 0, 0, 12, 532.49, 790744, 1399
1598, 1, 93, 497, 358, 0, 2.13%, 0, 0, 12, 478.35, 793351, 1399
1603, 1, 92, 497, 358, 0, 2.13%, 0, 0, 12, 426.89, 795142, 1399
1608, 1, 92, 497, 358, 0, 2.13%, 0, 0, 12, 563.94, 798208, 1399
1613, 1, 454, 497, 358, 0, 2.13%, 0, 0, 12, 595.11, 801142, 1399
1618, 1, 454, 497, 358, 0, 2.13%, 0, 0, 12, 632.48, 804465, 1399
1623, 1, 92, 498, 359, 0, 2.13%, 0, 0, 12, 624.99, 807620, 1399
1629, 1, 372, 500, 360, 0, 2.13%, 0, 0, 12, 590.72, 810571, 1399
1634, 1, 372, 500, 360, 0, 2.13%, 0, 0, 12, 296.48, 811740, 1399
1639, 1, 372, 500, 360, 0, 2.13%, 0, 0, 12, 451.90, 813830, 1399
1644, 1, 387, 501, 361, 1, 2.13%, 0, 0, 12, 596.70, 817079, 1399
1649, 1, 387, 501, 361, 1, 2.13%, 0, 0, 12, 627.53, 820279, 1399
1654, 1, 48, 501, 361, 1, 2.13%, 0, 0, 12, 588.05, 823248, 1399
1659, 1, 394, 501, 360, 1, 2.13%, 0, 0, 12, 609.43, 826418, 1399
1664, 1, 394, 501, 360, 1, 2.13%, 0, 0, 12, 608.45, 829460, 1399
1669, 1, 499, 503, 362, 1, 2.13%, 0, 0, 12, 608.99, 832550, 1399
1674, 1, 475, 503, 361, 0, 2.13%, 0, 0, 12, 623.86, 835671, 1399
1679, 1, 454, 503, 361, 0, 2.13%, 0, 0, 12, 624.31, 838848, 1399
1685, 1, 454, 503, 361, 0, 2.13%, 0, 0, 12, 635.54, 842146, 1399
1690, 1, 429, 503, 361, 0, 2.13%, 0, 0, 12, 630.63, 845296, 1399
1695, 1, 454, 504, 362, 0, 2.18%, 0, 0, 12, 613.89, 848418, 1427
1700, 1, 454, 505, 363, 0, 2.18%, 0, 0, 12, 614.75, 851522, 1427
1705, 1, 454, 505, 363, 0, 2.18%, 0, 0, 12, 615.33, 854630, 1427
1710, 1, 454, 505, 363, 0, 2.18%, 0, 0, 12, 619.60, 857740, 1427
1715, 1, 454, 505, 363, 0, 2.18%, 0, 0, 12, 647.71, 861042, 1427
1720, 1, 503, 508, 366, 2, 2.20%, 0, 0, 12, 257.89, 863026, 1445
1725, 1, 503, 508, 366, 2, 2.20%, 0, 0, 12, 348.60, 864909, 1445
1730, 1, 503, 509, 367, 2, 2.21%, 0, 0, 12, 326.52, 866527, 1446
1735, 1, 503, 511, 369, 2, 2.21%, 0, 0, 12, 351.69, 868322, 1446
1740, 1, 503, 512, 370, 2, 2.21%, 0, 0, 12, 360.21, 870087, 1447
1745, 1, 503, 512, 370, 2, 2.21%, 0, 0, 12, 417.62, 872176, 1447
1750, 1, 507, 514, 371, 6, 2.22%, 0, 0, 12, 556.43, 875140, 1456
1755, 1, 507, 514, 371, 6, 2.22%, 0, 0, 12, 581.24, 878066, 1456
1760, 1, 507, 515, 372, 6, 2.22%, 0, 0, 12, 596.64, 881077, 1456
1766, 1, 507, 517, 374, 6, 2.22%, 0, 0, 12, 584.51, 884063, 1456
1771, 1, 507, 518, 375, 6, 2.22%, 0, 0, 12, 606.88, 887114, 1456
1776, 1, 513, 518, 374, 8, 2.22%, 0, 0, 12, 603.91, 890194, 1456
1781, 1, 513, 521, 377, 8, 2.23%, 0, 0, 12, 593.87, 893165, 1460
1786, 1, 513, 521, 377, 8, 2.23%, 0, 0, 12, 603.99, 896290, 1460
1791, 1, 513, 523, 379, 8, 2.23%, 0, 0, 12, 571.86, 899110, 1461
1796, 1, 513, 523, 379, 8, 2.23%, 0, 0, 12, 586.85, 902069, 1461
1801, 1, 513, 524, 380, 8, 2.23%, 0, 0, 12, 617.51, 905194, 1464
1806, 1, 517, 524, 379, 10, 2.23%, 0, 0, 12, 626.18, 908336, 1464
1811, 1, 509, 525, 378, 9, 2.23%, 0, 0, 12, 148.46, 911231, 1464
1816, 1, 512, 527, 379, 8, 2.23%, 0, 0, 12, 487.85, 914081, 1464
1821, 1, 526, 527, 378, 8, 2.23%, 0, 0, 12, 564.88, 917095, 1464
1826, 1, 526, 529, 380, 8, 2.23%, 0, 0, 13, 586.71, 920077, 1464
1831, 1, 526, 529, 380, 8, 2.23%, 0, 0, 13, 584.22, 923113, 1464
1836, 1, 526, 529, 380, 8, 2.23%, 0, 0, 13, 629.39, 926327, 1464
1842, 1, 517, 529, 378, 6, 2.23%, 0, 0, 13, 407.87, 929186, 1464
1847, 1, 517, 529, 378, 6, 2.23%, 0, 0, 13, 596.89, 932402, 1464
1852, 1, 517, 529, 378, 6, 2.23%, 0, 0, 13, 642.56, 935648, 1464
1857, 1, 506, 530, 379, 6, 2.24%, 0, 0, 13, 594.06, 938639, 1465
1862, 1, 523, 530, 378, 6, 2.24%, 0, 0, 13, 626.35, 941926, 1465
1867, 1, 435, 530, 377, 5, 2.24%, 0, 0, 13, 653.19, 945224, 1465
1872, 1, 522, 530, 377, 5, 2.24%, 0, 0, 13, 130.32, 948130, 1465
1877, 1, 432, 530, 376, 4, 2.24%, 0, 0, 13, 538.66, 951304, 1465
1882, 1, 327, 531, 377, 4, 2.24%, 0, 0, 13, 636.70, 954658, 1465
1887, 1, 92, 532, 378, 6, 2.24%, 0, 0, 13, 605.37, 957767, 1465
1892, 1, 526, 534, 379, 5, 2.24%, 0, 0, 13, 620.10, 960814, 1465
1897, 1, 530, 535, 380, 5, 2.24%, 0, 0, 13, 637.91, 964144, 1465
1903, 1, 481, 535, 379, 4, 2.24%, 0, 0, 13, 659.45, 967571, 1465
1908, 1, 93, 535, 379, 4, 2.24%, 0, 0, 13, 521.48, 970342, 1465
1913, 1, 454, 535, 379, 4, 2.24%, 0, 0, 13, 459.29, 972234, 1465
1918, 1, 454, 535, 379, 4, 2.24%, 0, 0, 13, 621.49, 975654, 1465
1923, 1, 517, 535, 379, 4, 2.24%, 0, 0, 13, 599.54, 978685, 1465
1928, 1, 517, 535, 379, 4, 2.24%, 0, 0, 13, 624.94, 981832, 1465
1933, 1, 517, 535, 379, 4, 2.24%, 0, 0, 13, 657.21, 985183, 1465
1938, 1, 412, 535, 378, 3, 2.24%, 0, 0, 13, 418.65, 987851, 1465
1943, 1, 140, 536, 378, 2, 2.24%, 0, 0, 13, 444.59, 990092, 1465
1948, 1, 517, 536, 378, 2, 2.24%, 0, 0, 13, 600.10, 993381, 1465
1954, 1, 401, 536, 378, 2, 2.24%, 0, 0, 13, 634.49, 996718, 1465
1959, 1, 254, 536, 378, 2, 2.24%, 0, 0, 13, 653.46, 1000092, 1465
1964, 1, 517, 536, 378, 2, 2.24%, 0, 0, 13, 634.27, 1003203, 1465
1969, 1, 100, 536, 378, 2, 2.24%, 0, 0, 13, 648.46, 1006486, 1465
1974, 1, 517, 536, 378, 2, 2.24%, 0, 0, 13, 650.60, 1009845, 1465
1979, 1, 517, 536, 378, 2, 2.24%, 0, 0, 13, 634.12, 1013036, 1465
1984, 1, 508, 536, 378, 2, 2.24%, 0, 0, 13, 203.57, 1015748, 1465
1989, 1, 517, 536, 377, 1, 2.24%, 0, 0, 13, 537.28, 1018930, 1465
1994, 1, 324, 536, 376, 1, 2.24%, 0, 0, 13, 551.18, 1021767, 1465
1999, 1, 517, 536, 376, 1, 2.24%, 0, 0, 13, 625.41, 1025010, 1465
2004, 1, 517, 536, 376, 1, 2.24%, 0, 0, 13, 644.91, 1028304, 1465
2009, 1, 517, 536, 376, 1, 2.24%, 0, 0, 13, 645.92, 1031677, 1465
2015, 1, 414, 536, 375, 1, 2.24%, 0, 0, 13, 648.50, 1034932, 1465
2020, 1, 414, 536, 375, 1, 2.24%, 0, 0, 13, 655.30, 1038204, 1465
2025, 1, 401, 536, 374, 1, 2.24%, 0, 0, 13, 655.90, 1041609, 1465
2030, 1, 401, 536, 374, 1, 2.24%, 0, 0, 13, 662.33, 1045019, 1465
2035, 1, 517, 536, 374, 1, 2.24%, 0, 0, 13, 649.34, 1048258, 1465
2040, 1, 517, 536, 374, 1, 2.24%, 0, 0, 13, 636.02, 1051448, 1465
2045, 1, 454, 536, 374, 1, 2.24%, 0, 0, 13, 638.22, 1054774, 1465
2050, 1, 454, 536, 374, 1, 2.24%, 0, 0, 13, 653.87, 1058076, 1465
2055, 1, 517, 536, 374, 1, 2.24%, 0, 0, 13, 565.69, 1060908, 1465
2060, 1, 412, 536, 374, 1, 2.24%, 0, 0, 13, 615.75, 1064028, 1465
2065, 1, 412, 537, 375, 1, 2.24%, 0, 0, 13, 631.62, 1067243, 1465
2070, 1, 481, 537, 375, 1, 2.24%, 0, 0, 13, 643.86, 1070502, 1465
2075, 1, 513, 537, 375, 1, 2.24%, 0, 0, 13, 597.99, 1073558, 1465
2080, 1, 517, 537, 375, 1, 2.24%, 0, 0, 13, 618.83, 1076694, 1465
2086, 1, 405, 537, 375, 1, 2.24%, 0, 0, 13, 625.18, 1079996, 1465
2091, 1, 454, 537, 375, 1, 2.24%, 0, 0, 13, 630.00, 1083196, 1465
2096, 1, 348, 537, 375, 1, 2.24%, 0, 0, 13, 641.24, 1086556, 1465
2101, 1, 170, 537, 374, 1, 2.24%, 0, 0, 13, 500.34, 1089145, 1465
2106, 1, 517, 537, 374, 1, 2.24%, 0, 0, 13, 603.09, 1092317, 1465
2111, 1, 394, 537, 374, 1, 2.24%, 0, 0, 13, 609.35, 1095360, 1465
2116, 1, 359, 538, 375, 1, 2.24%, 0, 0, 13, 630.72, 1098584, 1465
2121, 1, 537, 539, 376, 2, 2.24%, 0, 0, 13, 610.67, 1101658, 1465
2126, 1, 517, 539, 375, 1, 2.24%, 0, 0, 13, 629.81, 1104850, 1465
2132, 1, 517, 539, 375, 1, 2.24%, 0, 0, 13, 625.89, 1108099, 1465
2137, 1, 170, 539, 375, 1, 2.24%, 0, 0, 13, 483.38, 1110696, 1465
2142, 1, 414, 539, 375, 1, 2.24%, 0, 0, 13, 582.92, 1113649, 1465
2147, 1, 521, 539, 375, 1, 2.24%, 0, 0, 13, 108.39, 1115822, 1465
2152, 1, 517, 539, 374, 0, 2.24%, 0, 0, 13, 510.71, 1118781, 1465
2157, 1, 517, 539, 374, 0, 2.24%, 0, 0, 13, 586.56, 1121853, 1465
2162, 1, 517, 540, 375, 0, 2.24%, 0, 0, 13, 634.99, 1125209, 1465
2167, 1, 498, 540, 375, 0, 2.24%, 0, 0, 13, 643.74, 1128556, 1465
2172, 1, 254, 540, 374, 0, 2.24%, 0, 0, 13, 640.52, 1131743, 1465
2177, 1, 432, 540, 374, 0, 2.24%, 0, 0, 13, 634.17, 1134913, 1465
2182, 1, 432, 540, 374, 0, 2.24%, 0, 0, 13, 636.87, 1138083, 1465
2187, 1, 92, 540, 374, 0, 2.24%, 0, 0, 13, 614.65, 1141136, 1465
2193, 1, 517, 540, 374, 0, 2.24%, 0, 0, 13, 611.57, 1144259, 1465
2198, 1, 517, 541, 375, 0, 2.24%, 0, 0, 13, 623.96, 1147440, 1465
2203, 1, 92, 541, 375, 0, 2.24%, 0, 0, 13, 642.42, 1150680, 1465
2208, 1, 517, 541, 375, 0, 2.24%, 0, 0, 13, 633.53, 1153962, 1465
2213, 1, 517, 541, 375, 0, 2.24%, 0, 0, 13, 632.40, 1157267, 1465
2218, 1, 481, 541, 375, 0, 2.24%, 0, 0, 13, 638.93, 1160479, 1465
2223, 1, 517, 541, 375, 0, 2.24%, 0, 0, 13, 643.30, 1163796, 1465
2228, 1, 517, 541, 375, 0, 2.24%, 0, 0, 13, 644.21, 1167009, 1465
2233, 1, 92, 542, 376, 0, 2.24%, 0, 0, 13, 616.20, 1170137, 1465
2238, 1, 517, 542, 376, 0, 2.24%, 0, 0, 13, 639.30, 1173359, 1465
2243, 1, 517, 542, 376, 0, 2.24%, 0, 0, 13, 641.03, 1176548, 1465
2249, 1, 320, 542, 376, 0, 2.24%, 0, 0, 13, 630.06, 1179819, 1465
2254, 1, 517, 542, 376, 0, 2.24%, 0, 0, 13, 585.89, 1182775, 1465
2259, 1, 517, 542, 376, 0, 2.24%, 0, 0, 13, 631.30, 1186131, 1465
2264, 1, 517, 542, 376, 0, 2.24%, 0, 0, 13, 628.27, 1189413, 1465
2269, 1, 517, 542, 376, 0, 2.24%, 0, 0, 13, 616.06, 1192538, 1465
2274, 1, 233, 542, 376, 0, 2.24%, 0, 0, 13, 621.59, 1195796, 1465
2279, 1, 92, 542, 376, 0, 2.24%, 0, 0, 13, 636.83, 1198990, 1465
2284, 1, 517, 542, 376, 0, 2.24%, 0, 0, 13, 634.48, 1202171, 1465
2289, 1, 92, 542, 376, 0, 2.24%, 0, 0, 13, 637.89, 1205344, 1465
2295, 1, 517, 542, 376, 0, 2.24%, 0, 0, 13, 626.81, 1208398, 1465
2300, 1, 517, 543, 377, 0, 2.24%, 0, 0, 13, 635.73, 1211567, 1465
2305, 1, 92, 543, 377, 0, 2.24%, 0, 0, 13, 643.59, 1214892, 1465
2310, 1, 92, 543, 377, 0, 2.24%, 0, 0, 13, 599.63, 1217998, 1465
2315, 1, 387, 543, 377, 0, 2.24%, 0, 0, 13, 620.83, 1221122, 1465
2320, 1, 125, 544, 378, 0, 2.24%, 0, 0, 13, 628.27, 1224271, 1465
2325, 1, 517, 544, 378, 0, 2.24%, 0, 0, 13, 635.84, 1227451, 1465
2330, 1, 210, 544, 378, 0, 2.24%, 0, 0, 13, 619.39, 1230599, 1465
2335, 1, 517, 544, 378, 0, 2.24%, 0, 0, 13, 650.45, 1233882, 1465
2340, 1, 412, 544, 378, 0, 2.24%, 0, 0, 13, 651.63, 1237263, 1465
2345, 1, 517, 544, 378, 0, 2.24%, 0, 0, 13, 638.83, 1240471, 1465
2350, 1, 517, 544, 378, 0, 2.24%, 0, 0, 13, 640.55, 1243796, 1465
2355, 1, 475, 544, 377, 0, 2.24%, 0, 0, 13, 631.16, 1247004, 1465
2361, 1, 517, 544, 377, 0, 2.24%, 0, 0, 13, 640.51, 1250264, 1465
2366, 1, 256, 544, 377, 0, 2.24%, 0, 0, 13, 593.49, 1253337, 1465
2371, 1, 92, 544, 376, 0, 2.24%, 0, 0, 13, 634.22, 1256693, 1465
2376, 1, 92, 544, 376, 0, 2.24%, 0, 0, 13, 581.27, 1259518, 1465
2381, 1, 517, 544, 376, 0, 2.24%, 0, 0, 13, 617.28, 1262790, 1465
2386, 1, 92, 544, 376, 0, 2.24%, 0, 0, 13, 613.60, 1265935, 1465
2391, 1, 356, 545, 377, 0, 2.24%, 0, 0, 13, 635.46, 1269152, 1465
2396, 1, 356, 545, 377, 0, 2.24%, 0, 0, 13, 640.90, 1272376, 1465
2401, 1, 517, 545, 377, 0, 2.24%, 0, 0, 13, 649.05, 1275621, 1465
2406, 1, 481, 545, 377, 0, 2.24%, 0, 0, 13, 619.31, 1278634, 1465
2412, 1, 434, 545, 377, 0, 2.24%, 0, 0, 13, 647.53, 1282024, 1465
2417, 1, 434, 545, 377, 0, 2.24%, 0, 0, 13, 571.98, 1283470, 1465
2422, 1, 400, 545, 377, 0, 2.24%, 0, 0, 13, 620.39, 1286657, 1465
2427, 1, 105, 545, 377, 0, 2.24%, 0, 0, 13, 608.34, 1289784, 1465
2432, 1, 517, 545, 377, 0, 2.24%, 0, 0, 13, 627.17, 1292915, 1465
2437, 1, 517, 545, 377, 0, 2.24%, 0, 0, 13, 603.27, 1295874, 1465
2442, 1, 92, 545, 377, 0, 2.24%, 0, 0, 13, 608.23, 1298984, 1465
2447, 1, 517, 545, 377, 0, 2.24%, 0, 0, 13, 619.36, 1302129, 1465
2452, 1, 517, 545, 377, 0, 2.24%, 0, 0, 13, 603.71, 1305156, 1465
2457, 1, 92, 545, 376, 0, 2.24%, 0, 0, 13, 629.78, 1308352, 1465
2462, 1, 92, 545, 376, 0, 2.24%, 0, 0, 13, 589.87, 1311360, 1465
2467, 1, 92, 545, 376, 0, 2.24%, 0, 0, 13, 566.20, 1314217, 1465
2472, 1, 92, 545, 376, 0, 2.24%, 0, 0, 13, 621.34, 1317312, 1465
2477, 1, 517, 546, 377, 0, 2.24%, 0, 0, 13, 637.40, 1320626, 1465
2482, 1, 240, 546, 377, 0, 2.24%, 0, 0, 13, 649.38, 1323959, 1465
2488, 1, 356, 546, 377, 0, 2.24%, 0, 0, 13, 638.17, 1327232, 1465
2493, 1, 356, 546, 377, 0, 2.24%, 0, 0, 13, 641.63, 1330470, 1465
2498, 1, 125, 546, 377, 0, 2.24%, 0, 0, 13, 639.87, 1333672, 1465
2503, 1, 517, 546, 377, 0, 2.24%, 0, 0, 13, 642.54, 1337022, 1465
2508, 1, 517, 546, 377, 0, 2.24%, 0, 0, 13, 638.84, 1340335, 1465
2513, 1, 517, 546, 377, 0, 2.24%, 0, 0, 13, 637.76, 1343684, 1465
2518, 1, 526, 547, 378, 0, 2.24%, 0, 0, 13, 621.19, 1346766, 1465
2524, 1, 481, 547, 377, 0, 2.24%, 0, 0, 13, 645.52, 1350133, 1465
2529, 1, 517, 547, 377, 0, 2.24%, 0, 0, 13, 636.55, 1353347, 1465
2534, 1, 517, 547, 377, 0, 2.24%, 0, 0, 13, 622.88, 1356596, 1465
2539, 1, 517, 547, 377, 0, 2.24%, 0, 0, 13, 605.75, 1359616, 1465
2544, 1, 517, 547, 377, 0, 2.24%, 0, 0, 13, 628.71, 1362930, 1465
2549, 1, 92, 547, 377, 0, 2.24%, 0, 0, 13, 595.51, 1365834, 1465
2554, 1, 517, 547, 377, 0, 2.24%, 0, 0, 13, 604.27, 1368878, 1465
2559, 1, 517, 547, 377, 0, 2.24%, 0, 0, 13, 629.45, 1372063, 1465
2564, 1, 517, 547, 377, 0, 2.24%, 0, 0, 13, 612.89, 1375064, 1465
2569, 1, 517, 547, 377, 0, 2.24%, 0, 0, 13, 625.05, 1378217, 1465
2574, 1, 517, 547, 377, 0, 2.24%, 0, 0, 13, 626.51, 1381359, 1465
2579, 1, 517, 547, 377, 0, 2.24%, 0, 0, 13, 619.92, 1384498, 1465
2584, 1, 517, 547, 377, 0, 2.24%, 0, 0, 13, 620.53, 1387615, 1465
2589, 1, 517, 547, 377, 0, 2.24%, 0, 0, 13, 619.15, 1390761, 1465
2594, 1, 92, 547, 377, 0, 2.24%, 0, 0, 13, 646.90, 1393991, 1465
2600, 1, 517, 548, 378, 1, 2.24%, 0, 0, 13, 647.94, 1397366, 1466
2605, 1, 92, 548, 378, 1, 2.24%, 0, 0, 13, 632.77, 1400560, 1466
2610, 1, 92, 548, 377, 0, 2.24%, 0, 0, 13, 643.51, 1403883, 1466
2615, 1, 320, 549, 378, 0, 2.24%, 0, 0, 13, 630.53, 1406973, 1466
2620, 1, 517, 549, 378, 0, 2.24%, 0, 0, 13, 639.40, 1410191, 1466
2625, 1, 511, 549, 378, 0, 2.24%, 0, 0, 13, 489.72, 1412731, 1466
2630, 1, 92, 549, 378, 0, 2.24%, 0, 0, 13, 578.77, 1415586, 1466
2635, 1, 517, 549, 378, 0, 2.24%, 0, 0, 13, 627.68, 1418859, 1466
2640, 1, 517, 549, 378, 0, 2.24%, 0, 0, 13, 641.99, 1422187, 1466
2645, 1, 435, 549, 378, 0, 2.24%, 0, 0, 13, 625.04, 1425328, 1466
2651, 1, 435, 550, 379, 0, 2.24%, 0, 0, 13, 640.09, 1428628, 1466
2656, 1, 526, 550, 379, 0, 2.24%, 0, 0, 13, 640.22, 1431868, 1466
2661, 1, 517, 550, 379, 0, 2.24%, 0, 0, 13, 629.96, 1435081, 1466
2666, 1, 517, 550, 379, 0, 2.24%, 0, 0, 13, 629.50, 1438258, 1466
2671, 1, 517, 550, 379, 0, 2.24%, 0, 0, 13, 642.85, 1441644, 1466
2676, 1, 481, 550, 379, 0, 2.24%, 0, 0, 13, 661.49, 1445107, 1466
2681, 1, 401, 550, 379, 0, 2.24%, 0, 0, 13, 616.57, 1448150, 1466
2687, 1, 517, 550, 379, 0, 2.24%, 0, 0, 13, 649.89, 1451565, 1466
2692, 1, 92, 550, 379, 0, 2.24%, 0, 0, 13, 647.34, 1454914, 1466
2697, 1, 78, 550, 379, 0, 2.24%, 0, 0, 13, 652.92, 1458169, 1466
2702, 1, 481, 550, 377, 0, 2.24%, 0, 0, 13, 605.19, 1461161, 1466
2707, 1, 517, 550, 377, 0, 2.24%, 0, 0, 13, 638.93, 1464513, 1466
2712, 1, 517, 550, 377, 0, 2.24%, 0, 0, 13, 623.64, 1467650, 1466
2717, 1, 517, 550, 377, 0, 2.24%, 0, 0, 13, 622.69, 1470756, 1466
2722, 1, 517, 550, 377, 0, 2.24%, 0, 0, 13, 645.02, 1474029, 1466
2727, 1, 517, 550, 377, 0, 2.24%, 0, 0, 13, 651.87, 1477324, 1466
2732, 1, 92, 550, 376, 0, 2.24%, 0, 0, 13, 624.57, 1480407, 1466
2737, 1, 435, 550, 376, 0, 2.24%, 0, 0, 13, 653.12, 1483698, 1466
2742, 1, 92, 550, 376, 0, 2.24%, 0, 0, 13, 632.10, 1486923, 1466
2747, 1, 517, 550, 376, 0, 2.24%, 0, 0, 13, 633.96, 1490147, 1466
2753, 1, 475, 550, 376, 0, 2.24%, 0, 0, 13, 642.27, 1493515, 1466
2758, 1, 517, 550, 376, 0, 2.24%, 0, 0, 13, 637.26, 1496710, 1466
2763, 1, 517, 550, 376, 0, 2.24%, 0, 0, 13, 651.66, 1500046, 1466
2768, 1, 517, 550, 376, 0, 2.24%, 0, 0, 13, 654.28, 1503463, 1466
2773, 1, 517, 550, 376, 0, 2.24%, 0, 0, 13, 633.35, 1506522, 1466
2778, 1, 92, 551, 377, 0, 2.24%, 0, 0, 13, 612.60, 1509704, 1466
2783, 1, 517, 551, 377, 0, 2.24%, 0, 0, 13, 625.55, 1512770, 1466
2788, 1, 517, 551, 377, 0, 2.24%, 0, 0, 13, 641.78, 1516103, 1466
2793, 1, 92, 551, 377, 0, 2.24%, 0, 0, 13, 628.63, 1519410, 1466
2799, 1, 412, 551, 377, 0, 2.24%, 0, 0, 13, 596.77, 1522231, 1466
2804, 1, 517, 551, 377, 0, 2.24%, 0, 0, 13, 634.95, 1525487, 1466
2809, 1, 517, 551, 377, 0, 2.24%, 0, 0, 13, 645.45, 1528836, 1466
2814, 1, 517, 551, 377, 0, 2.24%, 0, 0, 13, 654.81, 1532199, 1466
2819, 1, 140, 551, 377, 0, 2.24%, 0, 0, 13, 657.59, 1535510, 1466
2824, 1, 517, 551, 377, 0, 2.24%, 0, 0, 13, 659.21, 1538943, 1466
2829, 1, 517, 551, 377, 0, 2.24%, 0, 0, 13, 654.77, 1542360, 1466
2834, 1, 388, 551, 377, 0, 2.24%, 0, 0, 13, 653.48, 1545646, 1466
2840, 1, 517, 551, 377, 0, 2.24%, 0, 0, 13, 601.32, 1548536, 1466
2845, 1, 517, 551, 377, 0, 2.24%, 0, 0, 13, 613.98, 1551634, 1466
2850, 1, 92, 551, 377, 0, 2.24%, 0, 0, 13, 611.01, 1554684, 1466
2855, 2, 551, 552, 378, 1, 2.25%, 0, 0, 13, 574.61, 1557603, 1473
2860, 2, 517, 552, 377, 0, 2.25%, 0, 0, 13, 584.93, 1560448, 1473
2865, 2, 92, 553, 378, 0, 2.25%, 0, 0, 13, 612.29, 1563498, 1473
2870, 2, 517, 554, 379, 1, 2.26%, 0, 0, 13, 610.57, 1566569, 1483
2875, 2, 553, 554, 379, 1, 2.26%, 0, 0, 13, 623.92, 1569735, 1483
2880, 2, 517, 555, 379, 0, 2.26%, 0, 0, 13, 627.29, 1572893, 1483
2885, 2, 140, 556, 380, 0, 2.26%, 0, 0, 13, 630.82, 1576066, 1483
2890, 2, 517, 556, 380, 0, 2.26%, 0, 0, 13, 612.59, 1579158, 1483
2895, 2, 401, 558, 382, 0, 2.26%, 0, 0, 13, 618.69, 1582271, 1483
2900, 2, 401, 558, 382, 0, 2.26%, 0, 0, 13, 623.34, 1585414, 1483
2905, 2, 92, 558, 382, 0, 2.26%, 0, 0, 13, 644.46, 1588673, 1483
2910, 2, 517, 558, 382, 0, 2.26%, 0, 0, 13, 592.62, 1591479, 1483
2915, 2, 517, 559, 383, 0, 2.26%, 0, 0, 13, 612.57, 1594604, 1483
2920, 2, 551, 560, 384, 0, 2.26%, 0, 0, 13, 564.86, 1597377, 1483
2925, 2, 92, 563, 387, 0, 2.26%, 0, 0, 13, 575.91, 1600468, 1483
2931, 2, 140, 563, 387, 0, 2.26%, 0, 0, 13, 623.29, 1603706, 1483
2936, 2, 517, 563, 387, 0, 2.26%, 0, 0, 13, 632.88, 1606918, 1483
2941, 2, 517, 563, 387, 0, 2.26%, 0, 0, 13, 591.07, 1609900, 1483
2946, 2, 481, 564, 388, 0, 2.26%, 0, 0, 13, 621.03, 1613169, 1483
2951, 2, 517, 571, 395, 0, 2.26%, 0, 0, 13, 603.81, 1616162, 1483
2956, 2, 517, 571, 395, 0, 2.26%, 0, 0, 13, 629.67, 1619483, 1483
2961, 2, 517, 577, 401, 0, 2.26%, 0, 0, 13, 567.74, 1622374, 1483
2966, 2, 449, 578, 402, 0, 2.26%, 0, 0, 13, 593.36, 1625309, 1483
2971, 2, 517, 578, 401, 0, 2.26%, 0, 0, 13, 619.85, 1628498, 1483
2976, 2, 517, 578, 401, 0, 2.26%, 0, 0, 13, 604.44, 1631572, 1483
2981, 2, 517, 578, 401, 0, 2.26%, 0, 0, 13, 628.79, 1634737, 1483
2986, 2, 517, 579, 402, 0, 2.26%, 0, 0, 13, 631.26, 1637890, 1483
2992, 2, 410, 579, 402, 0, 2.26%, 0, 0, 13, 644.98, 1641223, 1483
2997, 2, 410, 580, 403, 0, 2.26%, 0, 0, 13, 600.36, 1644231, 1483
3002, 2, 410, 581, 404, 0, 2.26%, 0, 0, 13, 648.91, 1647598, 1483
3007, 2, 517, 581, 404, 0, 2.26%, 0, 0, 13, 636.77, 1650853, 1483
3012, 2, 517, 582, 405, 0, 2.26%, 0, 0, 13, 621.58, 1654094, 1483
3017, 2, 517, 582, 405, 1, 2.26%, 0, 0, 13, 596.70, 1657072, 1483
3022, 2, 356, 583, 406, 1, 2.26%, 0, 0, 13, 640.30, 1660325, 1483
3027, 2, 356, 583, 406, 1, 2.26%, 0, 0, 13, 647.58, 1663583, 1483
3032, 2, 517, 585, 408, 1, 2.26%, 0, 0, 13, 626.43, 1666836, 1483
3037, 2, 517, 586, 409, 1, 2.26%, 0, 0, 13, 618.02, 1669952, 1483
3042, 2, 517, 586, 409, 1, 2.26%, 0, 0, 13, 590.61, 1672933, 1483
3048, 2, 546, 587, 410, 1, 2.26%, 0, 0, 13, 577.25, 1675846, 1483
3053, 2, 517, 587, 409, 1, 2.26%, 0, 0, 13, 610.02, 1678873, 1483
3058, 2, 581, 587, 409, 1, 2.26%, 0, 0, 13, 581.96, 1681855, 1483
3063, 2, 581, 599, 421, 1, 2.26%, 0, 0, 13, 502.48, 1684284, 1483
3068, 2, 581, 600, 422, 1, 2.26%, 0, 0, 13, 488.77, 1686724, 1483
3073, 2, 581, 602, 424, 1, 2.26%, 0, 0, 13, 476.83, 1689197, 1483
3078, 2, 581, 602, 424, 1, 2.26%, 0, 0, 13, 486.31, 1691635, 1483
3083, 2, 600, 606, 427, 1, 2.26%, 0, 0, 14, 521.04, 1694433, 1483
3088, 2, 600, 606, 427, 1, 2.26%, 0, 0, 14, 528.20, 1697103, 1483
3093, 2, 600, 608, 429, 1, 2.26%, 0, 0, 14, 525.88, 1699749, 1483
3098, 2, 600, 610, 431, 1, 2.26%, 0, 0, 14, 561.52, 1702615, 1483
3104, 2, 517, 610, 430, 2, 2.26%, 0, 0, 14, 585.40, 1705770, 1483
3109, 2, 605, 610, 428, 2, 2.26%, 0, 0, 14, 566.88, 1708685, 1483
3114, 2, 605, 610, 428, 2, 2.26%, 0, 0, 14, 608.58, 1711769, 1483
3119, 2, 517, 610, 427, 1, 2.26%, 0, 0, 14, 622.11, 1714874, 1483
3124, 2, 481, 610, 427, 1, 2.26%, 0, 0, 14, 621.23, 1718027, 1483
3129, 2, 454, 610, 427, 1, 2.26%, 0, 0, 14, 581.06, 1720922, 1483
3134, 2, 454, 610, 427, 1, 2.26%, 0, 0, 14, 605.48, 1723957, 1483
3139, 2, 517, 610, 427, 1, 2.26%, 0, 0, 14, 583.93, 1726864, 1483
3144, 2, 517, 612, 429, 1, 2.26%, 0, 0, 14, 614.00, 1730002, 1483
3149, 2, 517, 612, 429, 1, 2.26%, 0, 0, 14, 558.08, 1732736, 1483
3154, 2, 481, 612, 429, 1, 2.26%, 0, 0, 14, 608.16, 1735925, 1483
3159, 2, 481, 612, 429, 1, 2.26%, 0, 0, 14, 568.68, 1738818, 1483
3165, 2, 517, 612, 429, 1, 2.26%, 0, 0, 14, 619.83, 1742002, 1483
3170, 2, 480, 614, 431, 2, 2.26%, 0, 0, 14, 358.52, 1745052, 1484
3175, 2, 480, 614, 431, 2, 2.26%, 0, 0, 14, 573.74, 1748184, 1484
3180, 2, 480, 614, 431, 2, 2.26%, 0, 0, 14, 650.69, 1751534, 1484
3185, 2, 226, 615, 431, 2, 2.26%, 0, 0, 14, 614.91, 1754540, 1484
3190, 2, 614, 618, 432, 1, 2.26%, 0, 0, 14, 628.24, 1757766, 1484
3195, 2, 614, 620, 434, 1, 2.26%, 0, 0, 14, 645.81, 1761064, 1484
3200, 2, 603, 622, 435, 1, 2.26%, 0, 0, 15, 587.17, 1764112, 1484
3205, 2, 603, 622, 435, 1, 2.26%, 0, 0, 15, 562.06, 1766972, 1484
3211, 2, 405, 622, 434, 0, 2.26%, 0, 0, 15, 595.41, 1769957, 1484
3216, 2, 517, 623, 435, 0, 2.26%, 0, 0, 15, 629.55, 1773178, 1484
3221, 2, 517, 623, 435, 0, 2.26%, 0, 0, 15, 633.46, 1776358, 1484
3226, 2, 481, 623, 435, 0, 2.26%, 0, 0, 15, 647.38, 1779747, 1484
3231, 2, 517, 623, 435, 0, 2.26%, 0, 0, 15, 644.52, 1782941, 1484
3236, 2, 517, 623, 435, 0, 2.26%, 0, 0, 15, 637.97, 1786118, 1484
3241, 2, 517, 624, 436, 0, 2.26%, 0, 0, 15, 629.72, 1789342, 1484
3246, 2, 517, 624, 436, 0, 2.26%, 0, 0, 15, 637.06, 1792551, 1484
3251, 2, 92, 624, 436, 0, 2.26%, 0, 0, 15, 592.47, 1795473, 1484
3256, 2, 517, 624, 436, 0, 2.26%, 0, 0, 15, 620.92, 1798704, 1484
3262, 2, 517, 624, 436, 0, 2.26%, 0, 0, 15, 629.79, 1801965, 1484
3267, 2, 551, 624, 436, 0, 2.26%, 0, 0, 15, 637.70, 1805177, 1484
3272, 2, 517, 624, 436, 0, 2.26%, 0, 0, 15, 644.90, 1808390, 1484
3277, 2, 517, 624, 436, 0, 2.26%, 0, 0, 15, 637.27, 1811661, 1484
3282, 2, 517, 624, 436, 0, 2.26%, 0, 0, 15, 644.27, 1815010, 1484
3287, 2, 517, 624, 436, 0, 2.26%, 0, 0, 15, 642.23, 1818303, 1484
3292, 2, 517, 625, 437, 0, 2.26%, 0, 0, 15, 605.20, 1821457, 1484
3297, 2, 517, 625, 437, 0, 2.26%, 0, 0, 15, 607.01, 1824550, 1484
3302, 2, 412, 625, 437, 0, 2.26%, 0, 0, 15, 618.24, 1827668, 1484
3307, 2, 464, 625, 437, 0, 2.26%, 0, 0, 15, 599.15, 1830611, 1484
3312, 2, 464, 625, 437, 0, 2.26%, 0, 0, 15, 627.48, 1833773, 1484
3318, 2, 92, 625, 437, 0, 2.26%, 0, 0, 15, 616.41, 1837017, 1484
3323, 2, 356, 625, 437, 0, 2.26%, 0, 0, 15, 622.09, 1840146, 1484
3328, 2, 356, 625, 437, 0, 2.26%, 0, 0, 15, 618.35, 1843368, 1484
3333, 2, 92, 625, 437, 0, 2.26%, 0, 0, 15, 621.57, 1846546, 1484
3338, 2, 537, 625, 436, 0, 2.26%, 0, 0, 15, 639.55, 1849862, 1484
3343, 2, 517, 625, 436, 0, 2.26%, 0, 0, 15, 628.30, 1853023, 1484
3348, 2, 465, 626, 437, 0, 2.26%, 0, 0, 15, 629.51, 1856300, 1484
3353, 2, 191, 626, 437, 0, 2.26%, 0, 0, 15, 650.48, 1859737, 1484
3359, 2, 92, 626, 437, 0, 2.26%, 0, 0, 15, 641.25, 1863037, 1484
3364, 2, 475, 626, 437, 0, 2.26%, 0, 0, 15, 645.16, 1866201, 1484
3369, 2, 105, 626, 437, 0, 2.26%, 0, 0, 15, 605.66, 1869235, 1484
3374, 2, 605, 626, 437, 0, 2.26%, 0, 0, 15, 571.82, 1872090, 1484
3379, 2, 92, 627, 438, 0, 2.26%, 0, 0, 15, 628.70, 1875278, 1484
3384, 2, 517, 629, 440, 0, 2.26%, 0, 0, 15, 612.44, 1878363, 1484
3389, 2, 517, 629, 440, 0, 2.26%, 0, 0, 15, 635.82, 1881701, 1484
3394, 2, 92, 629, 440, 0, 2.26%, 0, 0, 15, 627.68, 1885009, 1484
3399, 2, 481, 630, 441, 0, 2.26%, 0, 0, 15, 603.23, 1887910, 1484
3404, 2, 517, 631, 442, 0, 2.26%, 0, 0, 15, 619.47, 1891044, 1484
3410, 2, 526, 631, 442, 0, 2.26%, 0, 0, 15, 549.34, 1893903, 1484
3415, 2, 517, 631, 442, 0, 2.26%, 0, 0, 15, 620.93, 1897198, 1484
3420, 2, 434, 631, 442, 0, 2.26%, 0, 0, 15, 646.60, 1900568, 1484
3425, 2, 434, 631, 442, 0, 2.26%, 0, 0, 15, 649.43, 1903906, 1484
3430, 2, 517, 631, 442, 0, 2.26%, 0, 0, 15, 610.42, 1906860, 1484
3435, 2, 517, 631, 442, 0, 2.26%, 0, 0, 15, 613.65, 1909961, 1484
3440, 2, 481, 631, 441, 0, 2.26%, 0, 0, 15, 625.52, 1913187, 1484
3446, 2, 435, 632, 442, 0, 2.26%, 0, 0, 15, 614.02, 1916333, 1484
3451, 2, 435, 632, 442, 0, 2.26%, 0, 0, 15, 652.78, 1919695, 1484
3456, 2, 517, 632, 442, 0, 2.26%, 0, 0, 15, 653.85, 1922965, 1484
3461, 2, 92, 632, 442, 0, 2.26%, 0, 0, 15, 638.44, 1926205, 1484
3466, 2, 517, 632, 442, 0, 2.26%, 0, 0, 15, 640.96, 1929439, 1484
3471, 2, 92, 632, 442, 0, 2.26%, 0, 0, 15, 640.74, 1932636, 1484
3476, 2, 517, 632, 442, 0, 2.26%, 0, 0, 15, 644.86, 1935918, 1484
3481, 2, 517, 633, 443, 0, 2.26%, 0, 0, 15, 626.29, 1939028, 1484
3486, 2, 517, 633, 443, 1, 2.26%, 0, 0, 15, 657.88, 1942393, 1484
3491, 2, 632, 634, 444, 1, 2.26%, 0, 0, 15, 644.40, 1945637, 1484
3497, 2, 412, 634, 443, 0, 2.26%, 0, 0, 15, 653.69, 1949049, 1484
3502, 2, 481, 634, 443, 0, 2.26%, 0, 0, 15, 594.58, 1951977, 1484
3507, 2, 517, 634, 443, 0, 2.26%, 0, 0, 15, 640.72, 1955303, 1484
3512, 2, 517, 634, 443, 0, 2.26%, 0, 0, 15, 659.53, 1958727, 1484
3517, 2, 105, 634, 443, 0, 2.26%, 0, 0, 15, 608.33, 1961832, 1484
3522, 2, 517, 634, 443, 0, 2.26%, 0, 0, 15, 639.98, 1965187, 1484
3528, 2, 125, 634, 443, 0, 2.26%, 0, 0, 15, 647.86, 1968539, 1484
3533, 2, 412, 635, 444, 0, 2.26%, 0, 0, 15, 616.89, 1971612, 1484
3538, 2, 412, 635, 444, 0, 2.26%, 0, 0, 15, 636.59, 1974830, 1484
3543, 2, 92, 635, 444, 0, 2.26%, 0, 0, 15, 643.77, 1978191, 1484
3548, 2, 435, 635, 444, 0, 2.26%, 0, 0, 15, 661.05, 1981540, 1484
3553, 2, 517, 635, 444, 0, 2.26%, 0, 0, 15, 645.54, 1984767, 1484
3558, 2, 517, 635, 444, 0, 2.26%, 0, 0, 15, 641.30, 1988137, 1484
3563, 2, 517, 635, 444, 0, 2.26%, 0, 0, 15, 642.43, 1991345, 1484
3568, 2, 517, 635, 444, 0, 2.26%, 0, 0, 15, 628.37, 1994618, 1484
3573, 2, 465, 635, 444, 0, 2.26%, 0, 0, 15, 653.09, 1997938, 1484
3578, 2, 517, 635, 444, 0, 2.26%, 0, 0, 15, 591.63, 2000931, 1484
3583, 2, 517, 635, 444, 0, 2.26%, 0, 0, 15, 572.62, 2003875, 1484
3589, 2, 517, 635, 444, 0, 2.26%, 0, 0, 15, 619.54, 2006938, 1484
3594, 2, 517, 635, 444, 0, 2.26%, 0, 0, 15, 634.70, 2010259, 1484
3599, 2, 517, 635, 444, 0, 2.26%, 0, 0, 15, 606.53, 2013266, 1484
3604, 2, 481, 635, 444, 0, 2.26%, 0, 0, 15, 635.01, 2016496, 1484
3609, 2, 517, 636, 445, 0, 2.26%, 0, 0, 15, 632.07, 2019609, 1484
3614, 2, 517, 636, 445, 0, 2.26%, 0, 0, 15, 643.78, 2022863, 1484
3619, 2, 412, 636, 445, 0, 2.26%, 0, 0, 15, 639.51, 2026065, 1484
3624, 2, 517, 636, 445, 0, 2.26%, 0, 0, 15, 624.87, 2029193, 1484
3629, 2, 233, 636, 445, 0, 2.26%, 0, 0, 15, 596.92, 2032141, 1484
3634, 2, 92, 636, 445, 0, 2.26%, 0, 0, 15, 615.65, 2035297, 1484
3639, 2, 622, 636, 445, 0, 2.26%, 0, 0, 15, 623.80, 2038549, 1484
3644, 2, 622, 636, 445, 0, 2.26%, 0, 0, 15, 507.41, 2040821, 1484
3649, 2, 432, 636, 444, 0, 2.26%, 0, 0, 15, 609.41, 2044057, 1484
3654, 2, 517, 636, 444, 0, 2.26%, 0, 0, 15, 619.44, 2047249, 1484
3660, 2, 125, 636, 444, 0, 2.26%, 0, 0, 15, 638.83, 2050584, 1484
3665, 2, 517, 636, 444, 0, 2.26%, 0, 0, 15, 643.15, 2053917, 1484
3670, 2, 517, 636, 444, 0, 2.26%, 0, 0, 15, 651.05, 2057330, 1484
3675, 2, 553, 637, 445, 0, 2.29%, 0, 0, 15, 635.27, 2060628, 1501
3680, 2, 92, 637, 445, 1, 2.29%, 0, 0, 15, 646.22, 2063928, 1501
3685, 2, 435, 637, 445, 1, 2.29%, 0, 0, 15, 644.18, 2067179, 1501
3691, 2, 636, 637, 445, 1, 2.29%, 0, 0, 15, 617.22, 2070316, 1501
3696, 2, 517, 637, 444, 0, 2.29%, 0, 0, 15, 636.43, 2073657, 1501
3701, 2, 526, 637, 444, 0, 2.29%, 0, 0, 15, 618.19, 2076858, 1501
3706, 2, 517, 637, 444, 0, 2.29%, 0, 0, 15, 626.12, 2079959, 1501
3711, 2, 517, 637, 444, 0, 2.29%, 0, 0, 15, 634.64, 2083141, 1501
3716, 2, 517, 637, 444, 0, 2.29%, 0, 0, 15, 637.92, 2086354, 1501
3721, 2, 517, 637, 444, 0, 2.29%, 0, 0, 15, 641.66, 2089563, 1501
3726, 2, 517, 637, 444, 0, 2.29%, 0, 0, 15, 640.98, 2092902, 1501
3731, 2, 435, 637, 444, 0, 2.29%, 0, 0, 15, 653.54, 2096214, 1501
3736, 2, 435, 637, 444, 0, 2.29%, 0, 0, 15, 638.64, 2099441, 1501
3741, 2, 92, 637, 444, 0, 2.29%, 0, 0, 15, 645.23, 2102634, 1501
3746, 2, 517, 637, 444, 0, 2.29%, 0, 0, 15, 643.33, 2105966, 1501
3752, 2, 181, 637, 444, 0, 2.29%, 0, 0, 15, 644.98, 2109297, 1501
3757, 2, 517, 637, 444, 0, 2.29%, 0, 0, 15, 643.29, 2112615, 1501
3762, 2, 517, 637, 444, 0, 2.29%, 0, 0, 15, 637.22, 2115816, 1501
3767, 2, 517, 637, 444, 0, 2.29%, 0, 0, 15, 627.26, 2118941, 1501
3772, 2, 526, 637, 444, 0, 2.29%, 0, 0, 15, 629.85, 2122250, 1501
3777, 2, 517, 637, 444, 0, 2.29%, 0, 0, 15, 644.10, 2125628, 1501
3782, 2, 517, 637, 444, 0, 2.29%, 0, 0, 15, 627.52, 2128813, 1501
3787, 2, 517, 637, 444, 0, 2.29%, 0, 0, 15, 627.01, 2131966, 1501
3792, 2, 517, 637, 444, 0, 2.29%, 0, 0, 15, 604.79, 2134956, 1501
3798, 2, 92, 637, 444, 0, 2.29%, 0, 0, 15, 589.16, 2138080, 1501
3803, 2, 517, 637, 444, 0, 2.29%, 0, 0, 15, 621.55, 2141160, 1501
3808, 2, 517, 637, 444, 0, 2.29%, 0, 0, 15, 614.03, 2144206, 1501
3813, 2, 412, 638, 445, 0, 2.29%, 0, 0, 15, 593.71, 2147244, 1501
3818, 2, 412, 638, 445, 0, 2.29%, 0, 0, 15, 548.15, 2149988, 1501
3823, 2, 481, 639, 446, 0, 2.29%, 0, 0, 15, 530.98, 2152614, 1501
3828, 2, 92, 639, 446, 0, 2.29%, 0, 0, 15, 535.64, 2155349, 1501
3833, 2, 517, 639, 446, 0, 2.29%, 0, 0, 15, 529.80, 2157943, 1501
3838, 2, 632, 639, 446, 0, 2.29%, 0, 0, 15, 567.38, 2160803, 1501
3843, 2, 632, 639, 446, 0, 2.29%, 0, 0, 15, 572.41, 2163709, 1501
3848, 2, 632, 639, 446, 0, 2.29%, 0, 0, 15, 618.94, 2166929, 1501
3853, 2, 517, 639, 446, 0, 2.29%, 0, 0, 15, 628.44, 2170086, 1501
3859, 2, 517, 639, 446, 0, 2.29%, 0, 0, 15, 637.03, 2173375, 1501
3864, 2, 92, 639, 446, 0, 2.29%, 0, 0, 15, 614.18, 2176585, 1501
3869, 2, 517, 639, 446, 0, 2.29%, 0, 0, 15, 605.20, 2179594, 1501
3874, 2, 632, 640, 447, 0, 2.29%, 0, 0, 15, 620.10, 2182751, 1501
3879, 2, 632, 640, 447, 0, 2.29%, 0, 0, 15, 636.60, 2185937, 1501
3884, 2, 632, 640, 447, 0, 2.29%, 0, 0, 15, 635.41, 2189127, 1501
3889, 2, 517, 640, 447, 0, 2.29%, 0, 0, 15, 607.07, 2192115, 1501
3894, 2, 605, 640, 447, 0, 2.29%, 0, 0, 15, 523.82, 2194783, 1501
3899, 2, 92, 640, 447, 0, 2.29%, 0, 0, 15, 544.08, 2197532, 1501
3904, 2, 517, 640, 447, 0, 2.29%, 0, 0, 15, 537.05, 2200229, 1501
3909, 2, 92, 640, 446, 0, 2.29%, 0, 0, 15, 547.41, 2203050, 1501
3914, 2, 517, 640, 446, 0, 2.29%, 0, 0, 15, 566.97, 2205868, 1501
3919, 2, 537, 640, 446, 0, 2.29%, 0, 0, 15, 597.50, 2208834, 1501
3925, 2, 517, 640, 446, 0, 2.29%, 0, 0, 15, 557.73, 2211631, 1501
3930, 2, 423, 640, 446, 0, 2.29%, 0, 0, 15, 555.42, 2214385, 1501
3935, 2, 517, 640, 446, 0, 2.29%, 0, 0, 15, 593.82, 2217391, 1501
3940, 2, 517, 640, 446, 0, 2.29%, 0, 0, 15, 566.67, 2220407, 1501
3945, 2, 605, 640, 446, 0, 2.29%, 0, 0, 15, 587.21, 2223293, 1501
3950, 2, 605, 640, 446, 0, 2.29%, 0, 0, 15, 550.38, 2226014, 1501
