# relative_time, cycles_done, cur_item, corpus_count, pending_total, pending_favs, map_size, saved_crashes, saved_hangs, max_depth, execs_per_sec, total_execs, edges_found
61, 0, 60, 103, 97, 15, 1.72%, 0, 0, 3, 524.74, 27769, 1126
66, 0, 99, 117, 110, 17, 1.72%, 0, 0, 4, 405.46, 29634, 1126
71, 0, 99, 123, 116, 17, 1.72%, 0, 0, 4, 408.55, 31685, 1127
76, 0, 99, 124, 117, 17, 1.72%, 0, 0, 4, 427.87, 33882, 1127
81, 0, 99, 126, 119, 17, 1.72%, 0, 0, 4, 424.82, 36050, 1128
86, 0, 124, 130, 122, 16, 1.73%, 0, 0, 5, 476.47, 38405, 1134
91, 0, 124, 135, 127, 16, 1.73%, 0, 0, 5, 570.62, 41468, 1134
96, 0, 124, 135, 127, 16, 1.73%, 0, 0, 5, 592.16, 44515, 1134
101, 0, 124, 135, 127, 16, 1.73%, 0, 0, 5, 596.45, 47584, 1134
106, 0, 97, 137, 128, 17, 1.74%, 0, 0, 5, 535.64, 50439, 1140
112, 0, 97, 143, 134, 17, 1.74%, 0, 0, 5, 316.57, 51779, 1141
117, 0, 97, 144, 135, 17, 1.74%, 0, 0, 5, 278.48, 53120, 1141
122, 0, 97, 144, 135, 17, 1.74%, 0, 0, 5, 281.54, 54585, 1141
127, 0, 97, 149, 140, 17, 1.75%, 0, 0, 5, 261.82, 55840, 1145
132, 0, 97, 149, 140, 17, 1.75%, 0, 0, 5, 261.95, 57215, 1145
137, 0, 97, 149, 140, 17, 1.75%, 0, 0, 5, 273.29, 58595, 1145
142, 0, 97, 151, 142, 17, 1.75%, 0, 0, 5, 256.58, 59881, 1145
147, 0, 97, 151, 142, 17, 1.75%, 0, 0, 5, 249.04, 61169, 1145
152, 0, 97, 151, 142, 17, 1.75%, 0, 0, 5, 252.80, 62471, 1145
157, 0, 148, 155, 145, 17, 1.75%, 0, 0, 5, 237.50, 63746, 1145
162, 0, 148, 155, 145, 17, 1.75%, 0, 0, 5, 232.30, 64910, 1145
168, 0, 148, 158, 148, 17, 1.75%, 0, 0, 5, 221.73, 66054, 1145
173, 0, 148, 159, 149, 17, 1.75%, 0, 0, 5, 215.31, 67150, 1145
178, 0, 148, 161, 151, 17, 1.75%, 0, 0, 5, 237.11, 68358, 1147
183, 0, 148, 161, 151, 17, 1.75%, 0, 0, 5, 234.77, 69514, 1147
188, 0, 148, 163, 153, 17, 1.76%, 0, 0, 5, 229.44, 70666, 1152
193, 0, 148, 163, 153, 17, 1.76%, 0, 0, 5, 241.80, 71890, 1152
198, 0, 148, 163, 153, 17, 1.76%, 0, 0, 5, 231.60, 73086, 1152
203, 0, 148, 163, 153, 17, 1.76%, 0, 0, 5, 215.73, 74154, 1152
209, 0, 148, 163, 153, 17, 1.76%, 0, 0, 5, 218.41, 75290, 1152
214, 0, 9, 163, 152, 18, 1.76%, 0, 0, 5, 38.56, 75554, 1152
219, 0, 9, 163, 152, 18, 1.76%, 0, 0, 5, 42.95, 75783, 1152
224, 0, 9, 165, 154, 18, 1.76%, 0, 0, 5, 99.75, 76341, 1152
229, 0, 160, 169, 157, 17, 1.76%, 0, 0, 6, 173.01, 77286, 1153
234, 0, 160, 169, 157, 17, 1.76%, 0, 0, 6, 194.81, 78324, 1153
239, 0, 160, 170, 158, 17, 1.76%, 0, 0, 6, 218.96, 79418, 1153
244, 0, 160, 173, 161, 17, 1.76%, 0, 0, 6, 224.45, 80558, 1153
250, 0, 160, 175, 163, 17, 1.76%, 0, 0, 6, 231.45, 81698, 1153
255, 0, 160, 176, 164, 17, 1.76%, 0, 0, 6, 225.40, 82834, 1153
260, 0, 160, 177, 165, 17, 1.76%, 0, 0, 6, 222.59, 83958, 1153
265, 0, 160, 178, 166, 17, 1.76%, 0, 0, 6, 224.38, 85102, 1153
270, 0, 160, 179, 167, 17, 1.76%, 0, 0, 6, 222.61, 86218, 1155
275, 0, 160, 180, 168, 17, 1.76%, 0, 0, 6, 209.45, 87346, 1155
280, 0, 160, 181, 169, 17, 1.76%, 0, 0, 6, 194.69, 88329, 1156
285, 0, 132, 183, 170, 18, 1.76%, 0, 0, 6, 283.58, 89701, 1156
290, 0, 132, 185, 172, 18, 1.76%, 0, 0, 6, 426.91, 91997, 1156
295, 0, 132, 185, 172, 18, 1.76%, 0, 0, 6, 466.72, 94384, 1156
300, 0, 118, 185, 171, 18, 1.76%, 0, 0, 6, 307.72, 96007, 1156
305, 0, 118, 186, 172, 18, 1.76%, 0, 0, 6, 206.31, 96903, 1156
311, 0, 118, 187, 173, 18, 1.76%, 0, 0, 6, 182.80, 97814, 1156
316, 0, 118, 188, 174, 18, 1.76%, 0, 0, 6, 184.53, 98782, 1156
321, 0, 118, 188, 174, 18, 1.76%, 0, 0, 6, 190.78, 99745, 1156
326, 0, 118, 189, 175, 18, 1.77%, 0, 0, 6, 179.70, 100629, 1158
331, 0, 118, 189, 175, 18, 1.77%, 0, 0, 6, 187.80, 101592, 1158
336, 0, 118, 190, 176, 18, 1.77%, 0, 0, 6, 183.30, 102515, 1158
341, 0, 118, 191, 177, 18, 1.77%, 0, 0, 6, 183.40, 103435, 1158
346, 0, 118, 191, 177, 18, 1.77%, 0, 0, 6, 177.25, 104302, 1158
351, 0, 118, 191, 177, 18, 1.77%, 0, 0, 6, 175.22, 105187, 1158
356, 0, 118, 191, 177, 18, 1.77%, 0, 0, 6, 176.77, 106087, 1158
361, 0, 118, 192, 178, 18, 1.77%, 0, 0, 6, 183.01, 107034, 1158
367, 0, 134, 193, 178, 19, 1.77%, 0, 0, 6, 194.91, 108016, 1158
372, 0, 101, 194, 178, 18, 1.77%, 0, 0, 6, 335.00, 109947, 1158
377, 0, 101, 196, 180, 18, 1.77%, 0, 0, 6, 354.94, 111723, 1159
382, 0, 101, 196, 180, 18, 1.77%, 0, 0, 6, 341.70, 113497, 1159
387, 0, 192, 196, 179, 18, 1.77%, 0, 0, 6, 403.73, 115421, 1159
392, 0, 180, 196, 177, 16, 1.77%, 0, 0, 6, 173.94, 116367, 1159
397, 0, 180, 197, 178, 16, 1.77%, 0, 0, 7, 243.05, 117698, 1159
402, 0, 180, 198, 179, 16, 1.77%, 0, 0, 7, 234.85, 118878, 1159
407, 0, 180, 198, 179, 16, 1.77%, 0, 0, 7, 236.35, 120094, 1159
412, 0, 180, 198, 179, 16, 1.77%, 0, 0, 7, 230.52, 121234, 1159
418, 0, 180, 199, 180, 16, 1.77%, 0, 0, 7, 247.96, 122534, 1159
423, 0, 180, 199, 180, 16, 1.77%, 0, 0, 7, 260.74, 123863, 1159
428, 0, 180, 199, 180, 16, 1.77%, 0, 0, 7, 262.33, 125183, 1159
433, 0, 180, 199, 180, 16, 1.77%, 0, 0, 7, 251.97, 126473, 1159
438, 0, 180, 199, 180, 16, 1.77%, 0, 0, 7, 243.39, 127682, 1159
443, 0, 191, 199, 179, 16, 1.77%, 0, 0, 7, 252.04, 128981, 1159
448, 0, 98, 199, 178, 15, 1.77%, 0, 0, 7, 238.75, 130156, 1159
453, 0, 5, 199, 177, 14, 1.77%, 0, 0, 7, 458.93, 132508, 1159
458, 0, 187, 200, 178, 14, 1.77%, 0, 0, 7, 94.80, 134351, 1159
463, 0, 187, 202, 180, 14, 1.77%, 0, 0, 7, 116.09, 134978, 1159
469, 0, 187, 202, 180, 14, 1.77%, 0, 0, 7, 118.01, 135600, 1159
474, 0, 187, 202, 180, 14, 1.77%, 0, 0, 7, 124.17, 136256, 1159
479, 0, 187, 202, 180, 14, 1.77%, 0, 0, 7, 120.06, 136874, 1159
484, 0, 195, 202, 179, 14, 1.77%, 0, 0, 7, 116.75, 137492, 1159
489, 0, 178, 202, 178, 13, 1.77%, 0, 0, 7, 347.24, 139166, 1159
494, 0, 197, 202, 177, 12, 1.77%, 0, 0, 7, 318.71, 140953, 1159
499, 0, 197, 204, 179, 12, 1.77%, 0, 0, 8, 266.65, 142200, 1159
504, 0, 197, 204, 179, 12, 1.77%, 0, 0, 8, 258.81, 143525, 1159
509, 0, 197, 204, 179, 12, 1.77%, 0, 0, 8, 252.33, 144780, 1159
514, 0, 197, 204, 179, 12, 1.77%, 0, 0, 8, 262.86, 146100, 1159
520, 0, 117, 205, 179, 11, 1.77%, 0, 0, 8, 192.12, 146963, 1159
525, 0, 192, 205, 177, 9, 1.77%, 0, 0, 8, 405.63, 149154, 1159
530, 0, 192, 206, 178, 9, 1.77%, 0, 0, 8, 539.76, 152040, 1159
535, 0, 192, 206, 178, 9, 1.77%, 0, 0, 8, 570.18, 155049, 1159
540, 0, 147, 206, 178, 9, 1.77%, 0, 0, 8, 83.29, 156450, 1159
545, 0, 166, 206, 177, 8, 1.77%, 0, 0, 8, 102.93, 157025, 1159
550, 0, 192, 206, 176, 7, 1.77%, 0, 0, 8, 567.97, 157971, 1159
555, 0, 192, 206, 176, 7, 1.77%, 0, 0, 8, 579.92, 160985, 1159
561, 0, 188, 208, 178, 7, 1.78%, 0, 0, 8, 112.61, 161582, 1166
566, 0, 188, 208, 178, 7, 1.78%, 0, 0, 8, 125.12, 162230, 1166
571, 0, 188, 209, 179, 7, 1.78%, 0, 0, 8, 127.32, 162856, 1166
576, 0, 188, 209, 179, 7, 1.78%, 0, 0, 8, 125.63, 163486, 1166
581, 0, 188, 209, 179, 7, 1.78%, 0, 0, 8, 124.79, 164098, 1166
586, 0, 208, 210, 179, 8, 1.78%, 0, 0, 8, 115.84, 164671, 1166
591, 0, 208, 211, 180, 8, 1.78%, 0, 0, 8, 122.09, 165301, 1166
596, 0, 208, 211, 180, 8, 1.78%, 0, 0, 8, 124.87, 165919, 1166
601, 0, 208, 212, 181, 8, 1.78%, 0, 0, 8, 123.34, 166531, 1166
606, 0, 208, 212, 181, 8, 1.78%, 0, 0, 8, 123.11, 167151, 1166
611, 0, 5, 212, 180, 8, 1.78%, 0, 0, 8, 368.94, 168856, 1166
616, 0, 138, 212, 180, 8, 1.78%, 0, 0, 8, 96.10, 171725, 1166
621, 0, 138, 212, 180, 8, 1.78%, 0, 0, 8, 110.86, 172258, 1166
626, 0, 206, 212, 179, 7, 1.78%, 0, 0, 8, 111.41, 173016, 1166
632, 0, 5, 212, 178, 6, 1.78%, 0, 0, 8, 442.73, 175376, 1166
637, 0, 5, 212, 178, 6, 1.78%, 0, 0, 8, 556.61, 178353, 1166
642, 0, 5, 212, 178, 6, 1.78%, 0, 0, 8, 572.83, 181236, 1166
647, 0, 199, 212, 178, 6, 1.78%, 0, 0, 8, 105.65, 182755, 1166
652, 0, 207, 212, 177, 5, 1.78%, 0, 0, 8, 107.57, 183321, 1166
657, 0, 9, 212, 176, 4, 1.78%, 0, 0, 8, 127.36, 183995, 1166
662, 0, 9, 213, 177, 4, 1.78%, 0, 0, 8, 132.53, 184663, 1166
667, 0, 10, 213, 177, 4, 1.78%, 0, 0, 8, 172.19, 185511, 1166
672, 0, 5, 213, 176, 3, 1.78%, 0, 0, 8, 251.86, 186590, 1166
677, 0, 5, 213, 176, 3, 1.78%, 0, 0, 8, 525.21, 189630, 1166
683, 0, 192, 213, 175, 2, 1.78%, 0, 0, 8, 321.49, 191375, 1166
688, 0, 10, 213, 175, 2, 1.78%, 0, 0, 8, 516.79, 194311, 1166
693, 0, 192, 213, 175, 2, 1.78%, 0, 0, 8, 556.44, 197212, 1166
698, 0, 192, 213, 175, 2, 1.78%, 0, 0, 8, 549.87, 199975, 1166
703, 0, 192, 213, 175, 2, 1.78%, 0, 0, 8, 531.65, 202667, 1166
708, 0, 192, 213, 175, 2, 1.78%, 0, 0, 8, 540.60, 205377, 1166
713, 0, 10, 213, 174, 1, 1.78%, 0, 0, 8, 186.20, 206873, 1166
718, 0, 5, 213, 173, 0, 1.78%, 0, 0, 8, 288.09, 208284, 1166
723, 0, 5, 213, 173, 0, 1.78%, 0, 0, 8, 525.82, 211304, 1166
728, 0, 5, 213, 173, 0, 1.78%, 0, 0, 8, 584.96, 214316, 1166
733, 0, 117, 214, 174, 0, 1.78%, 0, 0, 8, 442.61, 216732, 1166
739, 0, 117, 214, 174, 0, 1.78%, 0, 0, 8, 220.38, 217566, 1166
744, 0, 117, 214, 174, 0, 1.78%, 0, 0, 8, 191.96, 218499, 1166
749, 0, 117, 214, 174, 0, 1.78%, 0, 0, 8, 194.09, 219483, 1166
754, 0, 5, 214, 174, 0, 1.78%, 0, 0, 8, 447.81, 221744, 1166
759, 0, 5, 214, 174, 0, 1.78%, 0, 0, 8, 574.55, 224888, 1166
764, 0, 5, 214, 174, 0, 1.78%, 0, 0, 8, 609.97, 228016, 1166
769, 0, 5, 214, 174, 0, 1.78%, 0, 0, 8, 601.36, 231050, 1166
775, 0, 192, 214, 174, 0, 1.78%, 0, 0, 8, 578.37, 233977, 1166
780, 0, 10, 214, 174, 0, 1.78%, 0, 0, 8, 563.04, 236772, 1166
785, 0, 5, 214, 174, 0, 1.78%, 0, 0, 8, 600.32, 239860, 1166
790, 0, 5, 214, 174, 0, 1.78%, 0, 0, 8, 607.15, 242908, 1166
795, 0, 5, 214, 174, 0, 1.78%, 0, 0, 8, 606.40, 246008, 1166
800, 0, 10, 214, 174, 0, 1.78%, 0, 0, 8, 599.97, 249068, 1166
805, 0, 5, 214, 174, 0, 1.78%, 0, 0, 8, 582.16, 251977, 1166
810, 0, 9, 214, 174, 0, 1.78%, 0, 0, 8, 471.11, 254547, 1166
815, 0, 10, 214, 174, 0, 1.78%, 0, 0, 8, 216.23, 255270, 1166
820, 0, 10, 214, 174, 0, 1.78%, 0, 0, 8, 495.64, 258169, 1166
825, 0, 10, 214, 174, 0, 1.78%, 0, 0, 8, 558.66, 261045, 1166
830, 0, 192, 214, 174, 0, 1.78%, 0, 0, 8, 548.33, 263810, 1166
835, 0, 192, 214, 174, 0, 1.78%, 0, 0, 8, 555.37, 266634, 1166
841, 0, 134, 214, 174, 0, 1.78%, 0, 0, 8, 558.03, 269495, 1166
846, 0, 191, 214, 174, 0, 1.78%, 0, 0, 8, 338.56, 271070, 1166
851, 0, 191, 214, 174, 0, 1.78%, 0, 0, 8, 243.20, 272196, 1166
856, 0, 98, 214, 174, 0, 1.78%, 0, 0, 8, 282.35, 273598, 1166
861, 0, 98, 214, 174, 0, 1.78%, 0, 0, 8, 226.98, 274648, 1166
866, 0, 98, 214, 174, 0, 1.78%, 0, 0, 8, 211.98, 275700, 1166
871, 0, 199, 214, 174, 0, 1.78%, 0, 0, 8, 191.70, 276796, 1166
876, 0, 199, 215, 175, 0, 1.78%, 0, 0, 8, 139.35, 277432, 1166
881, 0, 199, 215, 175, 0, 1.78%, 0, 0, 8, 128.19, 278086, 1166
886, 0, 199, 215, 175, 0, 1.78%, 0, 0, 8, 122.23, 278688, 1166
892, 0, 199, 215, 175, 0, 1.78%, 0, 0, 8, 119.00, 279308, 1166
897, 0, 199, 215, 175, 0, 1.78%, 0, 0, 8, 120.87, 279932, 1166
902, 0, 199, 215, 175, 0, 1.78%, 0, 0, 8, 126.10, 280562, 1166
907, 0, 10, 215, 175, 0, 1.78%, 0, 0, 8, 177.05, 281358, 1166
912, 0, 5, 215, 175, 0, 1.78%, 0, 0, 8, 502.22, 284337, 1166
917, 0, 5, 215, 175, 0, 1.78%, 0, 0, 8, 575.73, 287309, 1166
922, 0, 5, 215, 175, 0, 1.78%, 0, 0, 8, 586.58, 290258, 1166
927, 0, 134, 215, 175, 0, 1.78%, 0, 0, 8, 573.18, 293163, 1166
932, 0, 5, 215, 175, 0, 1.78%, 0, 0, 8, 568.54, 296106, 1166
937, 0, 5, 215, 175, 0, 1.78%, 0, 0, 8, 563.65, 298933, 1166
942, 0, 192, 215, 175, 0, 1.78%, 0, 0, 8, 557.25, 301772, 1166
948, 0, 206, 215, 175, 0, 1.78%, 0, 0, 8, 100.18, 304187, 1166
953, 0, 206, 215, 175, 0, 1.78%, 0, 0, 8, 114.30, 304794, 1166
958, 0, 10, 215, 175, 0, 1.78%, 0, 0, 8, 296.29, 306133, 1166
963, 0, 210, 216, 176, 0, 1.78%, 0, 0, 8, 305.09, 307752, 1166
968, 0, 210, 216, 176, 0, 1.78%, 0, 0, 8, 316.31, 309366, 1166
973, 0, 10, 216, 176, 1, 1.78%, 0, 0, 8, 375.90, 311234, 1166
978, 0, 108, 216, 176, 1, 1.78%, 0, 0, 8, 380.93, 313365, 1166
983, 0, 5, 216, 175, 1, 1.78%, 0, 0, 8, 527.51, 316220, 1166
988, 0, 5, 216, 175, 1, 1.78%, 0, 0, 8, 573.44, 319178, 1166
993, 0, 215, 216, 175, 1, 1.78%, 0, 0, 8, 590.64, 320512, 1166
999, 0, 215, 216, 175, 1, 1.78%, 0, 0, 8, 151.41, 321283, 1166
1004, 0, 5, 216, 174, 0, 1.78%, 0, 0, 8, 475.30, 323924, 1166
1009, 0, 191, 216, 174, 0, 1.78%, 0, 0, 8, 499.73, 326681, 1166
1014, 0, 191, 216, 174, 0, 1.78%, 0, 0, 8, 276.69, 327786, 1166
1019, 0, 5, 216, 174, 0, 1.78%, 0, 0, 8, 532.75, 330803, 1166
1024, 0, 192, 216, 174, 0, 1.78%, 0, 0, 8, 557.99, 333665, 1166
1029, 0, 134, 216, 174, 0, 1.78%, 0, 0, 8, 564.96, 336460, 1166
1034, 0, 192, 216, 174, 0, 1.78%, 0, 0, 8, 552.17, 339249, 1166
1039, 0, 192, 216, 174, 0, 1.78%, 0, 0, 8, 542.72, 342005, 1166
1044, 0, 192, 216, 174, 0, 1.78%, 0, 0, 8, 546.69, 344785, 1166
1049, 0, 5, 216, 174, 0, 1.78%, 0, 0, 8, 577.88, 347699, 1166
1054, 0, 5, 216, 174, 0, 1.78%, 0, 0, 8, 597.23, 350736, 1166
1059, 0, 178, 216, 174, 0, 1.78%, 0, 0, 8, 579.92, 353707, 1166
1064, 0, 178, 216, 174, 0, 1.78%, 0, 0, 8, 533.34, 356421, 1166
1070, 0, 197, 216, 174, 0, 1.78%, 0, 0, 8, 451.25, 358823, 1166
1075, 0, 197, 216, 174, 0, 1.78%, 0, 0, 8, 301.04, 360134, 1166
1080, 0, 197, 216, 174, 0, 1.78%, 0, 0, 8, 276.42, 361529, 1166
1085, 0, 197, 216, 174, 0, 1.78%, 0, 0, 8, 263.46, 362829, 1166
1090, 0, 197, 216, 174, 0, 1.78%, 0, 0, 8, 263.88, 364164, 1166
1095, 0, 197, 216, 174, 0, 1.78%, 0, 0, 8, 257.08, 365484, 1166
1100, 0, 192, 216, 174, 0, 1.78%, 0, 0, 8, 491.61, 368280, 1166
1105, 1, 5, 216, 174, 0, 1.78%, 0, 0, 8, 557.64, 371141, 1166
1110, 1, 5, 216, 174, 0, 1.78%, 0, 0, 8, 592.06, 374166, 1166
1115, 1, 60, 216, 174, 0, 1.78%, 0, 0, 8, 539.79, 376961, 1166
1120, 1, 11, 216, 174, 0, 1.78%, 0, 0, 8, 530.45, 379505, 1166
1126, 1, 11, 228, 186, 0, 1.78%, 0, 0, 8, 540.31, 382273, 1169
1131, 1, 11, 228, 186, 0, 1.78%, 0, 0, 8, 528.89, 385023, 1169
1136, 1, 11, 228, 186, 0, 1.78%, 0, 0, 8, 535.63, 387683, 1169
1141, 1, 11, 228, 186, 0, 1.78%, 0, 0, 8, 545.52, 390523, 1169
1146, 1, 224, 228, 184, 1, 1.78%, 0, 0, 8, 550.49, 393300, 1169
1151, 1, 224, 228, 183, 0, 1.78%, 0, 0, 8, 595.20, 396331, 1169
1156, 1, 10, 228, 182, 0, 1.78%, 0, 0, 8, 562.11, 399123, 1169
1161, 1, 138, 228, 182, 0, 1.78%, 0, 0, 8, 117.84, 399874, 1169
1166, 1, 138, 228, 182, 0, 1.78%, 0, 0, 8, 125.08, 400506, 1169
1171, 1, 192, 228, 182, 0, 1.78%, 0, 0, 8, 161.82, 401246, 1169
1176, 1, 192, 228, 182, 0, 1.78%, 0, 0, 8, 477.81, 404127, 1169
1181, 1, 192, 228, 182, 0, 1.78%, 0, 0, 8, 538.99, 406918, 1169
1186, 1, 227, 228, 182, 0, 1.78%, 0, 0, 8, 572.95, 409815, 1169
1192, 1, 224, 228, 181, 0, 1.78%, 0, 0, 8, 583.86, 412791, 1169
1197, 1, 10, 228, 181, 0, 1.78%, 0, 0, 8, 307.08, 414121, 1169
1202, 1, 224, 228, 181, 0, 1.78%, 0, 0, 8, 529.62, 417131, 1169
1207, 1, 227, 228, 181, 0, 1.78%, 0, 0, 8, 575.01, 420095, 1169
1212, 1, 227, 228, 181, 0, 1.78%, 0, 0, 8, 573.40, 422985, 1169
1217, 1, 224, 228, 181, 0, 1.78%, 0, 0, 8, 570.02, 425853, 1169
1222, 1, 10, 228, 181, 0, 1.78%, 0, 0, 8, 576.03, 428756, 1169
1227, 1, 227, 228, 181, 0, 1.78%, 0, 0, 8, 567.90, 431595, 1169
1232, 1, 224, 228, 181, 0, 1.78%, 0, 0, 8, 573.52, 434474, 1169
1237, 1, 10, 228, 181, 0, 1.78%, 0, 0, 8, 576.15, 437397, 1169
1242, 1, 224, 228, 181, 0, 1.78%, 0, 0, 8, 582.83, 440434, 1169
1247, 1, 114, 228, 181, 0, 1.78%, 0, 0, 8, 349.98, 442186, 1169
1253, 1, 10, 228, 181, 0, 1.78%, 0, 0, 8, 304.85, 443471, 1169
1258, 1, 227, 228, 181, 0, 1.78%, 0, 0, 8, 530.09, 446511, 1169
1263, 1, 227, 228, 181, 0, 1.78%, 0, 0, 8, 556.17, 449382, 1169
1268, 1, 224, 228, 181, 0, 1.78%, 0, 0, 8, 578.55, 452285, 1169
1273, 1, 197, 228, 181, 0, 1.78%, 0, 0, 8, 397.36, 454237, 1169
1278, 1, 197, 228, 181, 0, 1.78%, 0, 0, 8, 295.37, 455614, 1169
1283, 1, 197, 228, 181, 0, 1.78%, 0, 0, 8, 268.80, 456944, 1169
1288, 1, 197, 228, 181, 0, 1.78%, 0, 0, 8, 257.46, 458254, 1169
1293, 1, 197, 228, 181, 0, 1.78%, 0, 0, 8, 262.43, 459609, 1169
1298, 1, 10, 228, 181, 0, 1.78%, 0, 0, 8, 372.39, 461335, 1169
1304, 1, 227, 228, 181, 0, 1.78%, 0, 0, 8, 542.74, 464363, 1169
1309, 1, 227, 228, 181, 0, 1.78%, 0, 0, 8, 593.67, 467409, 1169
1314, 1, 224, 228, 181, 0, 1.78%, 0, 0, 8, 593.10, 470398, 1169
1319, 1, 60, 228, 181, 0, 1.78%, 0, 0, 8, 571.77, 473291, 1169
1324, 1, 60, 228, 181, 0, 1.78%, 0, 0, 8, 498.81, 475729, 1169
1329, 1, 227, 228, 181, 0, 1.78%, 0, 0, 8, 542.72, 478561, 1169
1334, 1, 227, 228, 181, 0, 1.78%, 0, 0, 8, 582.71, 481539, 1169
1339, 1, 227, 228, 181, 0, 1.78%, 0, 0, 8, 587.99, 484517, 1169
1344, 1, 227, 228, 181, 0, 1.78%, 0, 0, 8, 603.53, 487605, 1169
1349, 1, 227, 228, 181, 0, 1.78%, 0, 0, 8, 603.24, 490661, 1169
1354, 1, 224, 228, 181, 0, 1.78%, 0, 0, 8, 601.48, 493693, 1169
1359, 1, 178, 228, 181, 0, 1.78%, 0, 0, 8, 562.15, 496509, 1169
1364, 1, 178, 228, 181, 0, 1.78%, 0, 0, 8, 554.38, 499281, 1169
1369, 1, 227, 228, 181, 0, 1.78%, 0, 0, 8, 567.82, 502121, 1169
1374, 1, 224, 228, 181, 0, 1.78%, 0, 0, 8, 596.81, 505176, 1169
1379, 1, 165, 228, 181, 0, 1.78%, 0, 0, 8, 437.47, 507502, 1169
1385, 1, 227, 228, 180, 0, 1.78%, 0, 0, 8, 368.49, 509066, 1169
1390, 1, 10, 228, 180, 0, 1.78%, 0, 0, 8, 552.20, 512152, 1169
1395, 1, 227, 228, 180, 0, 1.78%, 0, 0, 8, 572.50, 515144, 1169
1400, 1, 10, 228, 180, 0, 1.78%, 0, 0, 8, 600.20, 518284, 1169
1405, 1, 224, 228, 180, 0, 1.78%, 0, 0, 8, 597.35, 521320, 1169
1410, 1, 224, 228, 180, 0, 1.78%, 0, 0, 8, 598.29, 524345, 1169
1415, 1, 227, 228, 180, 0, 1.78%, 0, 0, 8, 613.01, 527452, 1169
1420, 1, 224, 228, 180, 0, 1.78%, 0, 0, 8, 606.42, 530552, 1169
1425, 1, 60, 228, 180, 0, 1.78%, 0, 0, 8, 522.44, 533118, 1169
1430, 1, 224, 228, 180, 0, 1.78%, 0, 0, 8, 517.71, 535620, 1169
1436, 1, 191, 228, 180, 0, 1.78%, 0, 0, 8, 355.58, 537541, 1169
1441, 1, 10, 228, 180, 0, 1.78%, 0, 0, 8, 415.73, 539370, 1169
1446, 1, 197, 228, 180, 0, 1.78%, 0, 0, 8, 382.21, 541542, 1169
1451, 1, 197, 228, 180, 0, 1.78%, 0, 0, 8, 287.11, 542897, 1169
1456, 1, 197, 228, 180, 0, 1.78%, 0, 0, 8, 257.79, 544197, 1169
1461, 1, 197, 229, 181, 0, 1.78%, 0, 0, 8, 229.49, 545354, 1169
1466, 1, 197, 229, 181, 0, 1.78%, 0, 0, 8, 265.82, 546730, 1169
1471, 1, 197, 229, 181, 0, 1.78%, 0, 0, 8, 258.43, 548040, 1169
1477, 1, 197, 229, 181, 0, 1.78%, 0, 0, 8, 259.81, 549385, 1169
1482, 1, 197, 230, 182, 0, 1.78%, 0, 0, 8, 256.76, 550713, 1169
1487, 1, 197, 230, 182, 0, 1.78%, 0, 0, 8, 265.84, 552063, 1169
1492, 1, 197, 230, 182, 0, 1.78%, 0, 0, 8, 266.23, 553403, 1169
1497, 1, 197, 230, 182, 0, 1.78%, 0, 0, 8, 265.65, 554723, 1169
1502, 1, 10, 230, 182, 1, 1.78%, 0, 0, 8, 558.37, 557901, 1169
1507, 1, 215, 232, 184, 1, 1.78%, 0, 0, 9, 274.11, 558905, 1169
1512, 1, 215, 232, 184, 1, 1.78%, 0, 0, 9, 216.15, 559914, 1169
1517, 1, 215, 232, 184, 1, 1.78%, 0, 0, 9, 201.26, 560926, 1169
1522, 1, 215, 232, 184, 1, 1.78%, 0, 0, 9, 202.13, 561950, 1169
1527, 1, 215, 233, 185, 1, 1.78%, 0, 0, 9, 187.31, 562911, 1169
1532, 1, 215, 233, 185, 1, 1.78%, 0, 0, 9, 188.77, 563859, 1169
1537, 1, 215, 233, 185, 1, 1.78%, 0, 0, 9, 190.72, 564798, 1169
1543, 1, 215, 233, 185, 1, 1.78%, 0, 0, 9, 188.84, 565755, 1169
1548, 1, 215, 233, 185, 1, 1.78%, 0, 0, 9, 188.00, 566715, 1169
1553, 1, 215, 233, 185, 1, 1.78%, 0, 0, 9, 200.19, 567738, 1169
1558, 1, 229, 233, 185, 1, 1.78%, 0, 0, 9, 228.50, 568816, 1169
1563, 1, 229, 235, 187, 1, 1.78%, 0, 0, 9, 262.71, 570216, 1169
1568, 1, 229, 235, 187, 1, 1.78%, 0, 0, 9, 274.98, 571631, 1169
1573, 1, 229, 235, 187, 1, 1.78%, 0, 0, 9, 283.96, 573081, 1169
1578, 1, 229, 235, 187, 1, 1.78%, 0, 0, 9, 269.70, 574461, 1169
1583, 1, 229, 235, 187, 1, 1.78%, 0, 0, 9, 279.38, 575876, 1169
1588, 1, 229, 235, 187, 1, 1.78%, 0, 0, 9, 268.79, 577246, 1169
1593, 2, 10, 235, 186, 0, 1.78%, 0, 0, 9, 419.69, 579208, 1169
1599, 2, 227, 235, 186, 0, 1.78%, 0, 0, 9, 598.94, 582504, 1169
1604, 2, 227, 235, 186, 0, 1.78%, 0, 0, 9, 628.92, 585680, 1169
1609, 2, 224, 235, 186, 0, 1.78%, 0, 0, 9, 632.84, 588968, 1169
1614, 2, 227, 235, 186, 0, 1.78%, 0, 0, 9, 637.36, 592272, 1169
1619, 2, 227, 235, 186, 0, 1.78%, 0, 0, 9, 617.43, 595392, 1169
1624, 2, 223, 235, 186, 0, 1.78%, 0, 0, 9, 595.11, 598360, 1169
1629, 2, 224, 235, 185, 0, 1.78%, 0, 0, 9, 604.92, 601384, 1169
1634, 2, 5, 235, 185, 0, 1.78%, 0, 0, 9, 625.48, 604656, 1169
1639, 2, 224, 235, 185, 0, 1.78%, 0, 0, 9, 635.25, 607960, 1169
1644, 2, 5, 235, 185, 0, 1.78%, 0, 0, 9, 630.07, 611120, 1169
1650, 2, 224, 235, 185, 0, 1.78%, 0, 0, 9, 635.62, 614428, 1169
1655, 2, 5, 235, 185, 0, 1.78%, 0, 0, 9, 629.53, 617688, 1169
1660, 2, 224, 235, 185, 0, 1.78%, 0, 0, 9, 619.54, 620764, 1169
1665, 2, 10, 235, 185, 0, 1.78%, 0, 0, 9, 632.75, 623936, 1169
1670, 2, 192, 235, 184, 0, 1.78%, 0, 0, 9, 600.00, 624619, 1169
1675, 2, 192, 235, 184, 0, 1.78%, 0, 0, 9, 590.14, 627643, 1169
1680, 2, 192, 235, 184, 0, 1.78%, 0, 0, 9, 620.90, 630791, 1169
1685, 2, 192, 235, 184, 0, 1.78%, 0, 0, 9, 598.01, 633870, 1169
1690, 2, 224, 236, 184, 0, 1.78%, 0, 0, 9, 621.00, 637106, 1169
1696, 2, 224, 236, 184, 0, 1.78%, 0, 0, 9, 635.87, 640414, 1169
1701, 2, 10, 236, 184, 0, 1.78%, 0, 0, 9, 642.30, 643754, 1169
1706, 2, 60, 236, 183, 0, 1.78%, 0, 0, 9, 314.32, 645945, 1169
1711, 2, 60, 236, 183, 0, 1.78%, 0, 0, 9, 487.43, 648654, 1169
1716, 2, 197, 236, 183, 0, 1.78%, 0, 0, 9, 577.01, 651719, 1169
1721, 2, 197, 236, 183, 0, 1.78%, 0, 0, 9, 337.43, 653123, 1169
1726, 2, 197, 237, 184, 0, 1.78%, 0, 0, 9, 281.10, 654449, 1169
1731, 2, 197, 237, 184, 0, 1.78%, 0, 0, 9, 271.71, 655784, 1169
1736, 2, 197, 237, 184, 0, 1.78%, 0, 0, 9, 269.27, 657139, 1169
1741, 2, 197, 237, 184, 0, 1.78%, 0, 0, 9, 271.70, 658534, 1169
1746, 2, 197, 237, 184, 0, 1.78%, 0, 0, 9, 274.19, 659939, 1169
1751, 2, 197, 237, 184, 0, 1.78%, 0, 0, 9, 297.36, 661429, 1169
1756, 2, 197, 237, 184, 0, 1.78%, 0, 0, 9, 271.02, 662739, 1169
1762, 2, 197, 237, 184, 0, 1.78%, 0, 0, 9, 289.80, 664274, 1169
1767, 2, 197, 237, 184, 0, 1.78%, 0, 0, 9, 279.67, 665724, 1169
1772, 2, 236, 239, 186, 1, 1.78%, 0, 0, 9, 274.13, 667158, 1169
1777, 2, 236, 240, 187, 1, 1.78%, 0, 0, 9, 269.59, 668526, 1169
1782, 2, 236, 240, 187, 1, 1.78%, 0, 0, 9, 285.37, 670021, 1169
1787, 2, 236, 241, 188, 1, 1.78%, 0, 0, 9, 273.10, 671429, 1169
1792, 2, 236, 241, 188, 1, 1.78%, 0, 0, 9, 253.98, 672734, 1169
1797, 2, 236, 241, 188, 1, 1.78%, 0, 0, 9, 265.61, 674119, 1169
1802, 2, 114, 241, 187, 0, 1.78%, 0, 0, 9, 301.22, 675594, 1169
1808, 2, 114, 241, 187, 0, 1.78%, 0, 0, 9, 246.54, 676784, 1169
1813, 2, 60, 241, 187, 0, 1.78%, 0, 0, 9, 421.75, 678854, 1169
1818, 2, 60, 241, 187, 0, 1.78%, 0, 0, 9, 506.11, 681536, 1169
1823, 2, 198, 242, 187, 0, 1.78%, 0, 0, 9, 509.80, 684387, 1169
1828, 2, 198, 242, 187, 0, 1.78%, 0, 0, 9, 338.60, 685805, 1169
1833, 2, 198, 242, 187, 0, 1.78%, 0, 0, 9, 292.75, 687195, 1169
1838, 2, 133, 242, 186, 0, 1.78%, 0, 0, 9, 554.02, 690307, 1169
1843, 2, 224, 242, 185, 0, 1.78%, 0, 0, 9, 618.06, 693534, 1169
1848, 2, 192, 242, 185, 0, 1.78%, 0, 0, 9, 623.73, 696790, 1169
1853, 2, 10, 242, 185, 0, 1.78%, 0, 0, 9, 589.64, 699746, 1169
1859, 2, 224, 242, 185, 0, 1.78%, 0, 0, 9, 617.46, 702978, 1169
1864, 2, 191, 242, 184, 0, 1.78%, 0, 0, 9, 400.11, 704995, 1169
1869, 2, 125, 242, 184, 0, 1.78%, 0, 0, 9, 431.79, 706953, 1169
1874, 2, 125, 242, 184, 0, 1.78%, 0, 0, 9, 465.13, 709413, 1169
1879, 2, 125, 242, 184, 0, 1.78%, 0, 0, 9, 476.13, 711825, 1169
1884, 2, 224, 242, 184, 0, 1.78%, 0, 0, 9, 542.67, 714535, 1169
1889, 2, 10, 242, 184, 0, 1.78%, 0, 0, 9, 617.42, 717829, 1169
1895, 2, 229, 242, 184, 0, 1.78%, 0, 0, 9, 392.09, 719797, 1169
1900, 2, 229, 242, 184, 0, 1.78%, 0, 0, 9, 306.06, 721233, 1169
1905, 2, 229, 243, 185, 0, 1.78%, 0, 0, 9, 290.90, 722673, 1169
1910, 2, 229, 243, 185, 0, 1.78%, 0, 0, 9, 285.21, 724078, 1169
1915, 2, 229, 243, 185, 0, 1.78%, 0, 0, 9, 274.60, 725448, 1169
1920, 2, 229, 243, 185, 0, 1.78%, 0, 0, 9, 267.12, 726823, 1169
1925, 2, 229, 243, 185, 0, 1.78%, 0, 0, 9, 286.19, 728293, 1169
1930, 2, 224, 243, 185, 0, 1.78%, 0, 0, 9, 357.53, 729955, 1169
1935, 2, 10, 243, 185, 0, 1.78%, 0, 0, 9, 582.25, 733235, 1169
1940, 2, 114, 243, 185, 0, 1.78%, 0, 0, 9, 333.18, 734869, 1169
1945, 2, 224, 243, 185, 0, 1.78%, 0, 0, 9, 335.55, 736305, 1169
1951, 2, 236, 245, 187, 0, 1.78%, 0, 0, 9, 287.64, 737773, 1169
1956, 2, 236, 246, 188, 0, 1.78%, 0, 0, 9, 270.56, 739166, 1169
1961, 2, 236, 247, 189, 0, 1.78%, 0, 0, 9, 274.18, 740574, 1169
1966, 2, 236, 247, 189, 0, 1.78%, 0, 0, 9, 262.04, 741909, 1169
1971, 2, 236, 247, 189, 0, 1.78%, 0, 0, 9, 290.49, 743419, 1169
1976, 2, 236, 247, 189, 0, 1.78%, 0, 0, 9, 271.13, 744789, 1169
1981, 2, 236, 248, 190, 0, 1.79%, 0, 0, 9, 284.90, 746237, 1170
1986, 2, 236, 248, 190, 0, 1.79%, 0, 0, 9, 265.96, 747552, 1170
1991, 2, 236, 248, 190, 0, 1.79%, 0, 0, 9, 278.58, 748982, 1170
1996, 2, 236, 248, 190, 0, 1.79%, 0, 0, 9, 276.58, 750367, 1170
2001, 2, 236, 248, 190, 0, 1.79%, 0, 0, 9, 274.37, 751752, 1170
2006, 2, 243, 248, 190, 3, 1.79%, 0, 0, 9, 309.84, 753364, 1170
2012, 2, 243, 248, 190, 3, 1.79%, 0, 0, 9, 270.96, 754704, 1170
2017, 2, 243, 248, 190, 3, 1.79%, 0, 0, 9, 259.50, 756034, 1170
2022, 2, 243, 248, 190, 3, 1.79%, 0, 0, 9, 270.39, 757429, 1170
2027, 2, 245, 248, 188, 2, 1.79%, 0, 0, 9, 437.98, 760100, 1170
2032, 2, 245, 248, 188, 2, 1.79%, 0, 0, 9, 317.04, 761554, 1170
2037, 2, 247, 248, 187, 1, 1.79%, 0, 0, 9, 316.02, 763171, 1170
2042, 2, 247, 248, 187, 1, 1.79%, 0, 0, 9, 292.79, 764617, 1170
2047, 2, 224, 248, 186, 0, 1.79%, 0, 0, 9, 553.61, 767621, 1170
2052, 2, 10, 248, 185, 0, 1.79%, 0, 0, 9, 424.66, 769882, 1170
2057, 3, 224, 248, 185, 0, 1.79%, 0, 0, 9, 591.27, 773082, 1170
2063, 3, 206, 248, 185, 0, 1.79%, 0, 0, 9, 292.82, 774320, 1170
2068, 3, 114, 248, 185, 0, 1.79%, 0, 0, 9, 438.19, 776216, 1170
2073, 3, 114, 248, 185, 0, 1.79%, 0, 0, 9, 258.13, 777283, 1170
2078, 3, 224, 248, 185, 0, 1.79%, 0, 0, 9, 398.66, 779092, 1170
2083, 3, 10, 248, 185, 0, 1.79%, 0, 0, 9, 592.95, 782396, 1170
2088, 3, 224, 248, 185, 0, 1.79%, 0, 0, 9, 625.15, 785694, 1170
2093, 3, 125, 248, 185, 0, 1.79%, 0, 0, 9, 564.86, 788633, 1170
2098, 3, 125, 248, 185, 0, 1.79%, 0, 0, 9, 494.31, 791065, 1170
2103, 3, 114, 248, 185, 0, 1.79%, 0, 0, 9, 478.69, 793491, 1170
2108, 3, 114, 248, 185, 0, 1.79%, 0, 0, 9, 274.81, 794607, 1170
2114, 3, 224, 248, 185, 0, 1.79%, 0, 0, 9, 462.13, 796820, 1170
2119, 3, 224, 248, 185, 0, 1.79%, 0, 0, 9, 571.24, 799943, 1170
2124, 3, 224, 248, 184, 0, 1.79%, 0, 0, 9, 599.80, 802943, 1170
2129, 3, 182, 248, 184, 0, 1.79%, 0, 0, 9, 631.03, 806231, 1170
2134, 3, 191, 248, 183, 0, 1.79%, 0, 0, 9, 466.02, 808711, 1170
2139, 3, 114, 248, 183, 0, 1.79%, 0, 0, 9, 305.95, 810025, 1170
2144, 3, 114, 248, 183, 0, 1.79%, 0, 0, 9, 238.61, 811137, 1170
2149, 3, 191, 248, 183, 0, 1.79%, 0, 0, 9, 230.24, 812379, 1170
2155, 3, 193, 248, 183, 0, 1.79%, 0, 0, 9, 466.36, 814865, 1170
2160, 3, 193, 249, 184, 0, 1.79%, 0, 0, 9, 409.56, 816904, 1170
2165, 3, 10, 249, 183, 0, 1.79%, 0, 0, 9, 521.17, 819390, 1170
2170, 3, 125, 249, 183, 0, 1.79%, 0, 0, 9, 496.90, 822030, 1170
2175, 3, 125, 249, 183, 0, 1.79%, 0, 0, 9, 480.30, 824525, 1170
2180, 3, 60, 249, 183, 0, 1.79%, 0, 0, 9, 485.63, 826934, 1170
2185, 3, 9, 249, 183, 0, 1.79%, 0, 0, 9, 418.14, 829206, 1170
2190, 3, 168, 249, 183, 0, 1.79%, 0, 0, 9, 223.17, 829980, 1170
2196, 3, 5, 249, 182, 0, 1.79%, 0, 0, 9, 325.43, 831583, 1170
2201, 3, 5, 249, 182, 0, 1.79%, 0, 0, 9, 573.60, 834848, 1170
2206, 3, 10, 249, 181, 0, 1.79%, 0, 0, 9, 623.94, 838040, 1170
2211, 3, 192, 249, 181, 0, 1.79%, 0, 0, 9, 604.27, 841096, 1170
2216, 3, 10, 249, 181, 0, 1.79%, 0, 0, 9, 632.80, 844312, 1170
2221, 3, 10, 249, 181, 0, 1.79%, 0, 0, 9, 632.92, 847600, 1170
2226, 3, 5, 249, 181, 0, 1.79%, 0, 0, 9, 656.78, 850949, 1170
2231, 3, 114, 249, 181, 0, 1.79%, 0, 0, 9, 623.02, 854202, 1170
2236, 3, 114, 249, 181, 0, 1.79%, 0, 0, 9, 308.05, 855288, 1170
2242, 3, 125, 249, 181, 0, 1.79%, 0, 0, 9, 439.55, 857704, 1170
2247, 3, 10, 249, 181, 0, 1.79%, 0, 0, 9, 507.70, 860285, 1170
2252, 3, 10, 249, 180, 0, 1.79%, 0, 0, 9, 599.48, 863382, 1170
2257, 3, 10, 249, 180, 0, 1.79%, 0, 0, 9, 629.63, 866694, 1170
2262, 3, 186, 249, 180, 0, 1.79%, 0, 0, 9, 108.02, 868866, 1170
2267, 3, 114, 249, 179, 0, 1.79%, 0, 0, 9, 476.33, 870380, 1170
2272, 3, 114, 249, 179, 0, 1.79%, 0, 0, 9, 316.92, 871646, 1170
2277, 3, 114, 249, 179, 0, 1.79%, 0, 0, 9, 236.11, 872744, 1170
2282, 3, 10, 249, 178, 0, 1.79%, 0, 0, 9, 527.33, 875672, 1170
2287, 3, 191, 249, 178, 0, 1.79%, 0, 0, 9, 450.31, 878139, 1170
2292, 3, 191, 250, 179, 0, 1.79%, 0, 0, 9, 288.77, 879337, 1170
2297, 3, 10, 250, 179, 1, 1.79%, 0, 0, 9, 347.57, 880880, 1170
2303, 3, 10, 250, 178, 1, 1.79%, 0, 0, 9, 568.43, 884116, 1170
2308, 3, 114, 250, 178, 1, 1.79%, 0, 0, 9, 308.32, 885323, 1170
2313, 3, 249, 251, 179, 1, 1.79%, 0, 0, 9, 168.04, 885979, 1170
2318, 3, 249, 251, 179, 1, 1.79%, 0, 0, 9, 136.20, 886616, 1170
2323, 3, 249, 251, 179, 1, 1.79%, 0, 0, 9, 130.88, 887262, 1170
2328, 3, 241, 251, 178, 0, 1.79%, 0, 0, 9, 118.07, 887817, 1170
2333, 3, 114, 251, 177, 0, 1.79%, 0, 0, 9, 432.11, 889025, 1170
2338, 3, 10, 251, 177, 0, 1.79%, 0, 0, 9, 412.53, 890727, 1170
2343, 4, 6, 251, 177, 0, 1.79%, 0, 0, 9, 593.14, 893999, 1170
2349, 4, 178, 251, 177, 0, 1.79%, 0, 0, 9, 585.37, 897059, 1170
2354, 4, 178, 251, 177, 0, 1.79%, 0, 0, 9, 581.69, 900073, 1170
2359, 4, 60, 251, 177, 0, 1.79%, 0, 0, 9, 544.60, 902825, 1170
2364, 4, 178, 251, 177, 0, 1.79%, 0, 0, 9, 529.43, 905447, 1170
2369, 4, 178, 251, 177, 0, 1.79%, 0, 0, 9, 567.85, 908447, 1170
2374, 4, 178, 251, 177, 0, 1.79%, 0, 0, 9, 582.06, 911483, 1170
2379, 4, 60, 251, 177, 0, 1.79%, 0, 0, 9, 518.38, 914111, 1170
2384, 4, 10, 251, 177, 0, 1.79%, 0, 0, 9, 540.87, 916753, 1170
2389, 4, 5, 251, 177, 0, 1.79%, 0, 0, 9, 624.15, 920061, 1170
2395, 4, 85, 251, 177, 0, 1.79%, 0, 0, 9, 631.55, 923381, 1170
2400, 4, 10, 251, 177, 0, 1.79%, 0, 0, 9, 569.07, 925888, 1170
2405, 4, 191, 251, 177, 0, 1.79%, 0, 0, 9, 374.63, 927787, 1170
2410, 4, 10, 251, 177, 0, 1.79%, 0, 0, 9, 488.09, 930048, 1170
2415, 4, 114, 251, 177, 0, 1.79%, 0, 0, 9, 560.42, 933095, 1170
2420, 4, 114, 251, 177, 0, 1.79%, 0, 0, 9, 291.90, 934219, 1170
2425, 4, 29, 251, 177, 0, 1.79%, 0, 0, 9, 189.55, 935142, 1170
2430, 4, 73, 251, 175, 0, 1.79%, 0, 0, 9, 249.42, 936618, 1170
2435, 4, 114, 251, 174, 0, 1.79%, 0, 0, 9, 217.81, 937489, 1170
2440, 4, 5, 251, 174, 0, 1.79%, 0, 0, 9, 252.44, 938687, 1170
2445, 4, 5, 251, 174, 0, 1.79%, 0, 0, 9, 554.17, 941965, 1170
2451, 4, 10, 251, 174, 0, 1.79%, 0, 0, 9, 589.31, 945032, 1170
2456, 4, 125, 251, 174, 0, 1.79%, 0, 0, 9, 498.29, 947461, 1170
2461, 4, 10, 251, 174, 0, 1.79%, 0, 0, 9, 538.24, 950073, 1170
2466, 4, 114, 251, 174, 0, 1.79%, 0, 0, 9, 308.13, 951377, 1170
2471, 4, 72, 251, 174, 0, 1.79%, 0, 0, 9, 267.65, 952800, 1170
2476, 4, 6, 251, 173, 0, 1.79%, 0, 0, 9, 477.48, 955015, 1170
2481, 4, 114, 251, 173, 0, 1.79%, 0, 0, 9, 322.90, 956795, 1170
2486, 4, 10, 251, 173, 0, 1.79%, 0, 0, 9, 469.47, 958924, 1170
2491, 4, 164, 251, 173, 0, 1.79%, 0, 0, 9, 73.53, 959338, 1170
2497, 4, 125, 251, 172, 0, 1.79%, 0, 0, 9, 563.58, 961567, 1170
2502, 4, 125, 252, 173, 0, 1.79%, 0, 0, 9, 480.35, 963943, 1170
2507, 4, 125, 252, 173, 0, 1.79%, 0, 0, 9, 482.67, 966346, 1170
2512, 4, 60, 252, 173, 0, 1.79%, 0, 0, 9, 530.22, 968973, 1170
2517, 4, 60, 252, 173, 0, 1.79%, 0, 0, 9, 512.85, 971503, 1170
2522, 4, 10, 252, 173, 0, 1.79%, 0, 0, 9, 604.84, 974661, 1170
2527, 4, 114, 252, 173, 0, 1.79%, 0, 0, 9, 354.40, 976479, 1170
2532, 4, 223, 252, 173, 0, 1.79%, 0, 0, 9, 465.92, 978564, 1170
2537, 4, 114, 252, 173, 0, 1.79%, 0, 0, 9, 476.22, 981225, 1170
2542, 4, 114, 252, 173, 0, 1.79%, 0, 0, 9, 275.75, 982307, 1170
2547, 4, 207, 252, 173, 0, 1.79%, 0, 0, 9, 207.95, 983497, 1170
2552, 4, 223, 252, 173, 0, 1.79%, 0, 0, 9, 360.84, 985061, 1170
2558, 4, 114, 252, 173, 0, 1.79%, 0, 0, 9, 374.54, 987312, 1170
2563, 4, 152, 252, 173, 0, 1.79%, 0, 0, 9, 350.37, 988880, 1170
2568, 4, 152, 253, 174, 0, 1.79%, 0, 0, 9, 396.68, 990967, 1170
2573, 4, 114, 253, 173, 0, 1.79%, 0, 0, 9, 327.55, 992702, 1170
2578, 4, 10, 253, 173, 0, 1.79%, 0, 0, 9, 448.97, 994702, 1170
2583, 4, 10, 253, 173, 0, 1.79%, 0, 0, 9, 596.30, 997942, 1170
2588, 4, 10, 253, 173, 0, 1.79%, 0, 0, 9, 627.07, 1001146, 1170
2593, 4, 114, 253, 173, 0, 1.79%, 0, 0, 9, 315.16, 1002338, 1170
2598, 4, 10, 253, 173, 0, 1.79%, 0, 0, 9, 560.67, 1005179, 1170
2604, 4, 191, 253, 173, 0, 1.79%, 0, 0, 9, 443.39, 1007704, 1170
2609, 4, 10, 253, 173, 0, 1.79%, 0, 0, 9, 467.07, 1009685, 1170
2614, 4, 192, 253, 173, 0, 1.79%, 0, 0, 9, 602.04, 1012986, 1170
2619, 4, 101, 253, 173, 0, 1.79%, 0, 0, 9, 526.22, 1015740, 1170
2624, 4, 182, 253, 173, 0, 1.79%, 0, 0, 9, 522.10, 1018178, 1170
2629, 4, 10, 253, 172, 0, 1.79%, 0, 0, 9, 467.05, 1020222, 1170
2634, 4, 125, 253, 172, 0, 1.79%, 0, 0, 9, 507.19, 1023055, 1170
2639, 4, 10, 253, 172, 0, 1.79%, 0, 0, 9, 541.91, 1025687, 1170
2644, 4, 114, 253, 172, 0, 1.79%, 0, 0, 9, 371.93, 1027636, 1170
2649, 4, 125, 253, 172, 0, 1.79%, 0, 0, 9, 494.34, 1030249, 1170
2654, 4, 125, 253, 172, 0, 1.79%, 0, 0, 9, 499.81, 1032730, 1170
2660, 4, 125, 253, 172, 0, 1.79%, 0, 0, 9, 504.37, 1035341, 1170
2665, 4, 178, 253, 172, 0, 1.79%, 0, 0, 9, 538.21, 1038063, 1170
2670, 4, 178, 253, 172, 0, 1.79%, 0, 0, 9, 591.86, 1041078, 1170
2675, 4, 224, 253, 172, 0, 1.79%, 0, 0, 9, 595.84, 1044127, 1170
2680, 5, 114, 253, 172, 0, 1.79%, 0, 0, 9, 446.92, 1046580, 1170
2685, 5, 10, 253, 172, 0, 1.79%, 0, 0, 9, 552.82, 1049073, 1170
2690, 5, 114, 253, 171, 0, 1.79%, 0, 0, 9, 549.85, 1051871, 1170
2695, 5, 125, 253, 171, 0, 1.79%, 0, 0, 9, 423.79, 1053507, 1170
2701, 5, 144, 253, 171, 0, 1.79%, 0, 0, 9, 517.11, 1056293, 1170
2706, 5, 144, 254, 172, 0, 1.79%, 0, 0, 9, 333.84, 1057705, 1170
2711, 5, 144, 254, 172, 0, 1.79%, 0, 0, 9, 275.13, 1059051, 1170
2716, 5, 114, 254, 171, 0, 1.79%, 0, 0, 9, 321.83, 1060959, 1170
2721, 5, 223, 254, 171, 0, 1.79%, 0, 0, 9, 509.67, 1063445, 1170
2726, 5, 191, 255, 171, 1, 1.79%, 0, 0, 9, 453.91, 1066022, 1171
2731, 5, 254, 255, 171, 1, 1.79%, 0, 0, 9, 352.65, 1067429, 1171
2736, 5, 191, 255, 170, 0, 1.79%, 0, 0, 9, 328.95, 1069397, 1171
2741, 5, 114, 255, 170, 0, 1.79%, 0, 0, 9, 290.79, 1070867, 1171
2746, 5, 10, 255, 170, 0, 1.79%, 0, 0, 9, 526.72, 1073479, 1171
2751, 5, 114, 255, 170, 0, 1.79%, 0, 0, 9, 377.41, 1075494, 1171
2757, 5, 227, 255, 170, 0, 1.79%, 0, 0, 9, 595.44, 1078593, 1171
2762, 5, 114, 255, 169, 0, 1.79%, 0, 0, 9, 467.13, 1081205, 1171
2767, 5, 114, 255, 169, 0, 1.79%, 0, 0, 9, 441.65, 1083254, 1171
2772, 5, 114, 255, 169, 0, 1.79%, 0, 0, 9, 423.24, 1085080, 1171
2777, 5, 114, 255, 169, 0, 1.79%, 0, 0, 9, 407.24, 1086754, 1171
2782, 5, 192, 255, 169, 0, 1.79%, 0, 0, 9, 382.67, 1088356, 1171
2788, 5, 114, 255, 169, 0, 1.79%, 0, 0, 9, 585.21, 1091622, 1171
2793, 5, 10, 255, 169, 0, 1.79%, 0, 0, 9, 473.73, 1093479, 1171
2798, 5, 192, 255, 169, 0, 1.79%, 0, 0, 9, 607.37, 1096866, 1171
2803, 5, 5, 255, 169, 0, 1.79%, 0, 0, 9, 663.89, 1100320, 1171
2808, 5, 114, 255, 169, 0, 1.79%, 0, 0, 9, 562.77, 1103308, 1171
2813, 5, 114, 255, 169, 0, 1.79%, 0, 0, 9, 484.27, 1105376, 1171
2819, 5, 114, 255, 169, 0, 1.79%, 0, 0, 9, 302.52, 1106682, 1171
2824, 5, 206, 255, 169, 0, 1.79%, 0, 0, 9, 487.87, 1109021, 1171
2829, 5, 191, 255, 169, 0, 1.79%, 0, 0, 9, 344.87, 1110301, 1171
2834, 5, 10, 255, 169, 0, 1.79%, 0, 0, 9, 263.63, 1111469, 1171
2839, 5, 223, 255, 168, 0, 1.79%, 0, 0, 9, 563.44, 1114798, 1171
2844, 5, 247, 255, 168, 0, 1.79%, 0, 0, 9, 379.86, 1116627, 1171
2849, 5, 247, 256, 169, 0, 1.79%, 0, 0, 10, 300.88, 1118066, 1171
2854, 5, 247, 256, 169, 0, 1.79%, 0, 0, 10, 288.98, 1119516, 1171
2859, 5, 247, 256, 169, 0, 1.79%, 0, 0, 10, 308.57, 1121042, 1171
2864, 5, 247, 256, 169, 0, 1.79%, 0, 0, 10, 287.59, 1122496, 1171
2870, 5, 247, 256, 169, 0, 1.79%, 0, 0, 10, 274.59, 1123851, 1171
2875, 5, 247, 256, 169, 0, 1.79%, 0, 0, 10, 295.03, 1125346, 1171
2880, 5, 169, 256, 169, 0, 1.79%, 0, 0, 10, 463.50, 1127677, 1171
2885, 5, 169, 256, 169, 0, 1.79%, 0, 0, 10, 314.79, 1129140, 1171
2890, 5, 10, 256, 168, 0, 1.79%, 0, 0, 10, 355.05, 1130720, 1171
2895, 5, 60, 256, 168, 0, 1.79%, 0, 0, 10, 522.08, 1133658, 1171
2900, 5, 207, 256, 168, 0, 1.79%, 0, 0, 10, 93.12, 1136033, 1171
2905, 5, 10, 256, 168, 0, 1.79%, 0, 0, 10, 663.48, 1138339, 1171
2910, 5, 10, 256, 167, 0, 1.79%, 0, 0, 10, 526.68, 1140964, 1171
2915, 5, 191, 256, 167, 0, 1.79%, 0, 0, 10, 309.10, 1142412, 1171
2921, 5, 60, 256, 167, 0, 1.79%, 0, 0, 10, 506.27, 1145136, 1171
2926, 5, 60, 256, 167, 0, 1.79%, 0, 0, 10, 539.98, 1147886, 1171
2931, 5, 114, 256, 167, 0, 1.79%, 0, 0, 10, 352.84, 1149664, 1171
2936, 5, 206, 256, 167, 0, 1.79%, 0, 0, 10, 290.82, 1151412, 1171
2941, 5, 114, 256, 167, 0, 1.79%, 0, 0, 10, 320.27, 1153372, 1171
2946, 5, 191, 256, 167, 0, 1.79%, 0, 0, 10, 253.40, 1154574, 1171
2951, 5, 114, 256, 167, 0, 1.79%, 0, 0, 10, 232.41, 1155742, 1171
2956, 5, 182, 256, 167, 0, 1.79%, 0, 0, 10, 566.46, 1158935, 1171
2962, 5, 101, 256, 167, 0, 1.79%, 0, 0, 10, 449.86, 1161069, 1171
2967, 5, 223, 256, 167, 0, 1.79%, 0, 0, 10, 594.59, 1164124, 1171
2972, 5, 10, 256, 167, 0, 1.79%, 0, 0, 10, 619.91, 1167278, 1171
2977, 5, 247, 256, 167, 0, 1.79%, 0, 0, 10, 390.79, 1169247, 1171
2982, 5, 247, 256, 167, 0, 1.79%, 0, 0, 10, 317.00, 1170724, 1171
2987, 5, 247, 256, 167, 0, 1.79%, 0, 0, 10, 272.59, 1172061, 1171
2992, 5, 247, 256, 167, 0, 1.79%, 0, 0, 10, 278.64, 1173511, 1171
2997, 5, 247, 256, 167, 0, 1.79%, 0, 0, 10, 290.70, 1174996, 1171
3002, 5, 125, 256, 167, 0, 1.79%, 0, 0, 10, 337.65, 1176624, 1171
3007, 5, 114, 256, 167, 0, 1.79%, 0, 0, 10, 543.73, 1179533, 1171
3012, 5, 10, 256, 167, 0, 1.79%, 0, 0, 10, 418.86, 1181122, 1171
3018, 5, 10, 256, 167, 0, 1.79%, 0, 0, 10, 324.89, 1182712, 1171
3023, 6, 60, 256, 167, 0, 1.79%, 0, 0, 10, 535.75, 1185832, 1171
3028, 6, 10, 256, 167, 0, 1.79%, 0, 0, 10, 625.59, 1189060, 1171
3033, 6, 101, 256, 167, 0, 1.79%, 0, 0, 10, 541.22, 1191935, 1171
3038, 6, 10, 256, 167, 0, 1.79%, 0, 0, 10, 428.57, 1193896, 1171
3043, 6, 196, 256, 167, 0, 1.79%, 0, 0, 10, 328.21, 1195426, 1171
3048, 6, 196, 256, 167, 0, 1.79%, 0, 0, 10, 276.38, 1196791, 1171
3053, 6, 114, 256, 166, 0, 1.79%, 0, 0, 10, 318.91, 1198599, 1171
3059, 6, 10, 256, 166, 0, 1.79%, 0, 0, 10, 537.37, 1201375, 1171
3064, 6, 191, 256, 166, 0, 1.79%, 0, 0, 10, 460.38, 1203975, 1171
3069, 6, 101, 256, 166, 0, 1.79%, 0, 0, 10, 380.08, 1205591, 1171
3074, 6, 101, 256, 166, 0, 1.79%, 0, 0, 10, 389.54, 1207628, 1171
3079, 6, 215, 256, 166, 0, 1.79%, 0, 0, 10, 264.51, 1208957, 1171
3084, 6, 114, 256, 166, 0, 1.79%, 0, 0, 10, 304.97, 1210461, 1171
3089, 6, 114, 256, 166, 0, 1.79%, 0, 0, 10, 281.48, 1211871, 1171
3094, 6, 10, 256, 166, 0, 1.79%, 0, 0, 10, 499.88, 1214339, 1171
3099, 6, 245, 256, 166, 0, 1.79%, 0, 0, 10, 378.12, 1216289, 1171
3105, 6, 245, 256, 166, 0, 1.79%, 0, 0, 10, 292.94, 1217693, 1171
3110, 6, 245, 256, 166, 0, 1.79%, 0, 0, 10, 274.21, 1219108, 1171
3115, 6, 245, 256, 166, 0, 1.79%, 0, 0, 10, 290.53, 1220598, 1171
3120, 6, 245, 256, 166, 0, 1.79%, 0, 0, 10, 272.93, 1221953, 1171
3125, 6, 245, 256, 166, 0, 1.79%, 0, 0, 10, 264.90, 1223263, 1171
3130, 6, 245, 256, 166, 0, 1.79%, 0, 0, 10, 292.86, 1224753, 1171
3135, 6, 10, 256, 166, 0, 1.79%, 0, 0, 10, 417.87, 1226717, 1171
3140, 6, 10, 256, 166, 0, 1.79%, 0, 0, 10, 359.29, 1228359, 1171
3145, 6, 247, 256, 165, 0, 1.79%, 0, 0, 10, 364.31, 1230525, 1171
3150, 6, 247, 256, 165, 0, 1.79%, 0, 0, 10, 302.11, 1231978, 1171
3155, 6, 247, 256, 165, 0, 1.79%, 0, 0, 10, 285.30, 1233477, 1171
3161, 6, 247, 256, 165, 0, 1.79%, 0, 0, 10, 271.85, 1234837, 1171
3166, 6, 247, 256, 165, 0, 1.79%, 0, 0, 10, 282.61, 1236267, 1171
3171, 6, 191, 256, 165, 0, 1.79%, 0, 0, 10, 271.91, 1237648, 1171
3176, 6, 191, 256, 165, 0, 1.79%, 0, 0, 10, 240.57, 1238798, 1171
3181, 6, 249, 257, 166, 0, 1.79%, 0, 0, 10, 194.41, 1239900, 1171
3186, 6, 249, 257, 166, 0, 1.79%, 0, 0, 10, 148.43, 1240606, 1171
3191, 6, 249, 257, 166, 0, 1.79%, 0, 0, 10, 138.43, 1241282, 1171
3196, 6, 249, 257, 166, 0, 1.79%, 0, 0, 10, 133.70, 1241948, 1171
3201, 6, 249, 257, 166, 0, 1.79%, 0, 0, 10, 129.13, 1242598, 1171
3206, 6, 114, 257, 166, 0, 1.79%, 0, 0, 10, 175.01, 1243480, 1171
3211, 6, 114, 257, 166, 0, 1.79%, 0, 0, 10, 257.62, 1244987, 1171
3217, 6, 10, 257, 166, 0, 1.79%, 0, 0, 10, 528.74, 1247656, 1171
3222, 6, 10, 257, 166, 0, 1.79%, 0, 0, 10, 348.47, 1249388, 1171
3227, 6, 247, 257, 166, 0, 1.79%, 0, 0, 10, 365.69, 1251579, 1171
3232, 6, 247, 257, 166, 0, 1.79%, 0, 0, 10, 297.94, 1253008, 1171
3237, 6, 247, 257, 166, 0, 1.79%, 0, 0, 10, 278.57, 1254378, 1171
3242, 6, 247, 257, 166, 0, 1.79%, 0, 0, 10, 274.14, 1255768, 1171
3247, 6, 247, 257, 166, 0, 1.79%, 0, 0, 10, 269.70, 1257123, 1171
3252, 6, 247, 257, 166, 0, 1.79%, 0, 0, 10, 278.61, 1258568, 1171
3257, 6, 207, 257, 166, 0, 1.79%, 0, 0, 10, 292.72, 1260464, 1171
3262, 6, 191, 257, 166, 0, 1.79%, 0, 0, 10, 226.08, 1261362, 1171
3267, 6, 191, 257, 166, 0, 1.79%, 0, 0, 10, 223.35, 1262486, 1171
3273, 6, 10, 257, 166, 0, 1.79%, 0, 0, 10, 581.94, 1265855, 1171
3278, 6, 191, 258, 166, 0, 1.81%, 0, 0, 10, 620.02, 1269133, 1183
3283, 6, 191, 258, 166, 0, 1.81%, 0, 0, 10, 325.59, 1270351, 1183
3288, 6, 60, 258, 166, 0, 1.81%, 0, 0, 10, 499.39, 1273074, 1183
3293, 6, 114, 258, 166, 0, 1.81%, 0, 0, 10, 517.58, 1275905, 1183
3298, 6, 114, 258, 166, 0, 1.81%, 0, 0, 10, 374.37, 1277525, 1183
3303, 6, 192, 258, 166, 0, 1.81%, 0, 0, 10, 478.80, 1279740, 1183
3308, 6, 247, 258, 166, 0, 1.81%, 0, 0, 10, 501.84, 1282521, 1183
3313, 6, 247, 258, 166, 0, 1.81%, 0, 0, 10, 322.22, 1283923, 1183
3319, 6, 247, 258, 166, 0, 1.81%, 0, 0, 10, 290.10, 1285361, 1183
3324, 6, 247, 258, 166, 0, 1.81%, 0, 0, 10, 283.43, 1286786, 1183
3329, 6, 247, 258, 166, 0, 1.81%, 0, 0, 10, 282.86, 1288236, 1183
3334, 6, 247, 258, 166, 0, 1.81%, 0, 0, 10, 287.27, 1289676, 1183
3339, 6, 125, 258, 166, 0, 1.81%, 0, 0, 10, 441.03, 1291945, 1183
3344, 6, 10, 258, 166, 0, 1.81%, 0, 0, 10, 633.00, 1295327, 1183
3349, 6, 114, 258, 166, 0, 1.81%, 0, 0, 10, 398.29, 1297359, 1183
3354, 6, 229, 258, 166, 0, 1.81%, 0, 0, 10, 318.12, 1298989, 1183
3359, 6, 229, 258, 166, 0, 1.81%, 0, 0, 10, 281.17, 1300385, 1183
3365, 6, 229, 258, 166, 0, 1.81%, 0, 0, 10, 288.87, 1301855, 1183
3370, 6, 229, 258, 166, 0, 1.81%, 0, 0, 10, 270.66, 1303255, 1183
3375, 6, 229, 258, 166, 0, 1.81%, 0, 0, 10, 269.57, 1304650, 1183
3380, 6, 229, 258, 166, 0, 1.81%, 0, 0, 10, 262.44, 1305960, 1183
3385, 6, 229, 258, 166, 0, 1.81%, 0, 0, 10, 283.25, 1307425, 1183
3390, 6, 114, 258, 166, 0, 1.81%, 0, 0, 10, 254.84, 1308738, 1183
3395, 6, 114, 258, 166, 0, 1.81%, 0, 0, 10, 289.06, 1310205, 1183
3400, 6, 191, 258, 166, 0, 1.81%, 0, 0, 10, 231.88, 1311291, 1183
3405, 6, 5, 258, 166, 0, 1.81%, 0, 0, 10, 417.39, 1313205, 1183
3410, 6, 85, 258, 166, 0, 1.81%, 0, 0, 10, 509.45, 1316151, 1183
3415, 6, 229, 258, 166, 0, 1.81%, 0, 0, 10, 347.37, 1317819, 1183
3420, 6, 229, 258, 166, 0, 1.81%, 0, 0, 10, 283.79, 1319198, 1183
3425, 6, 229, 258, 166, 0, 1.81%, 0, 0, 10, 274.49, 1320558, 1183
3430, 6, 229, 258, 166, 0, 1.81%, 0, 0, 10, 273.67, 1321948, 1183
3436, 6, 229, 258, 166, 0, 1.81%, 0, 0, 10, 278.34, 1323368, 1183
3441, 6, 229, 258, 166, 0, 1.81%, 0, 0, 10, 270.18, 1324723, 1183
3446, 6, 229, 258, 166, 0, 1.81%, 0, 0, 10, 282.47, 1326133, 1183
3451, 6, 114, 258, 166, 0, 1.81%, 0, 0, 10, 341.62, 1327867, 1183
3456, 6, 142, 258, 166, 0, 1.81%, 0, 0, 10, 287.67, 1329176, 1183
3461, 6, 114, 258, 165, 0, 1.81%, 0, 0, 10, 307.58, 1330763, 1183
3466, 6, 207, 258, 165, 0, 1.81%, 0, 0, 10, 201.42, 1331685, 1183
3471, 6, 114, 258, 165, 0, 1.81%, 0, 0, 10, 215.75, 1332733, 1183
3476, 6, 125, 258, 165, 0, 1.81%, 0, 0, 10, 459.76, 1335283, 1183
3481, 6, 125, 258, 165, 0, 1.81%, 0, 0, 10, 555.81, 1338174, 1183
3487, 6, 10, 258, 165, 0, 1.81%, 0, 0, 10, 582.57, 1341095, 1183
3492, 6, 114, 258, 165, 0, 1.81%, 0, 0, 10, 331.08, 1342641, 1183
3497, 6, 9, 259, 166, 0, 1.81%, 0, 0, 10, 327.81, 1344687, 1183
3502, 6, 9, 259, 166, 0, 1.81%, 0, 0, 10, 192.40, 1345485, 1183
3507, 6, 114, 259, 166, 0, 1.81%, 0, 0, 10, 216.67, 1346541, 1183
3512, 6, 5, 259, 166, 0, 1.81%, 0, 0, 10, 458.00, 1348763, 1183
3517, 6, 114, 259, 166, 0, 1.81%, 0, 0, 10, 557.66, 1351925, 1183
3522, 6, 60, 259, 166, 0, 1.81%, 0, 0, 10, 423.13, 1353597, 1183
3528, 6, 192, 259, 166, 0, 1.81%, 0, 0, 10, 514.19, 1356285, 1183
3533, 6, 192, 259, 166, 0, 1.81%, 0, 0, 10, 596.34, 1359397, 1183
3538, 6, 10, 259, 166, 0, 1.81%, 0, 0, 10, 416.69, 1361060, 1183
3543, 6, 206, 259, 166, 0, 1.81%, 0, 0, 10, 319.83, 1362957, 1183
3548, 7, 10, 259, 166, 0, 1.81%, 0, 0, 10, 307.52, 1364261, 1183
3553, 7, 254, 259, 166, 0, 1.81%, 0, 0, 10, 319.94, 1365809, 1183
3558, 7, 223, 259, 166, 0, 1.81%, 0, 0, 10, 574.67, 1369108, 1183
3563, 7, 125, 259, 166, 0, 1.81%, 0, 0, 10, 537.79, 1371903, 1183
3568, 7, 114, 259, 166, 0, 1.81%, 0, 0, 10, 325.55, 1373499, 1183
3573, 7, 242, 259, 166, 0, 1.81%, 0, 0, 10, 354.82, 1375463, 1183
3578, 7, 242, 259, 166, 0, 1.81%, 0, 0, 10, 296.28, 1376876, 1183
3583, 7, 191, 259, 165, 0, 1.81%, 0, 0, 10, 257.67, 1378235, 1183
3589, 7, 114, 259, 165, 0, 1.81%, 0, 0, 10, 230.12, 1379384, 1183
3594, 7, 114, 259, 164, 0, 1.81%, 0, 0, 10, 338.53, 1381252, 1183
3599, 7, 257, 259, 164, 0, 1.81%, 0, 0, 10, 418.78, 1383100, 1183
3604, 7, 114, 259, 163, 0, 1.81%, 0, 0, 10, 430.54, 1385730, 1183
3609, 7, 10, 259, 163, 0, 1.81%, 0, 0, 10, 488.41, 1387795, 1183
3614, 7, 10, 259, 163, 0, 1.81%, 0, 0, 10, 609.44, 1391132, 1183
3619, 7, 114, 259, 163, 0, 1.81%, 0, 0, 10, 605.73, 1394284, 1183
3624, 7, 60, 259, 163, 0, 1.81%, 0, 0, 10, 426.19, 1395838, 1183
3629, 7, 60, 259, 163, 0, 1.81%, 0, 0, 10, 497.24, 1398444, 1183
3634, 7, 114, 259, 163, 0, 1.81%, 0, 0, 10, 303.30, 1399840, 1183
3640, 7, 191, 259, 163, 0, 1.81%, 0, 0, 10, 302.85, 1401692, 1183
3645, 7, 247, 259, 163, 0, 1.81%, 0, 0, 10, 320.19, 1403250, 1183
3650, 7, 247, 259, 163, 0, 1.81%, 0, 0, 10, 293.61, 1404713, 1183
3655, 7, 247, 259, 163, 0, 1.81%, 0, 0, 10, 291.80, 1406143, 1183
3660, 7, 247, 259, 163, 0, 1.81%, 0, 0, 10, 282.60, 1407528, 1183
3665, 7, 247, 259, 163, 0, 1.81%, 0, 0, 10, 286.07, 1408958, 1183
3670, 7, 247, 259, 163, 0, 1.81%, 0, 0, 10, 290.34, 1410433, 1183
3675, 7, 6, 259, 163, 0, 1.81%, 0, 0, 10, 567.50, 1413473, 1183
3680, 7, 114, 259, 163, 0, 1.81%, 0, 0, 10, 361.63, 1415333, 1183
3685, 7, 114, 259, 163, 0, 1.81%, 0, 0, 10, 243.92, 1416426, 1183
3691, 7, 245, 259, 163, 0, 1.81%, 0, 0, 10, 334.44, 1418532, 1183
3696, 7, 245, 259, 163, 0, 1.81%, 0, 0, 10, 289.29, 1419915, 1183
3701, 7, 245, 260, 164, 0, 1.81%, 0, 0, 10, 286.60, 1421333, 1183
3706, 7, 245, 260, 164, 0, 1.81%, 0, 0, 10, 275.38, 1422723, 1183
3711, 7, 245, 260, 164, 0, 1.81%, 0, 0, 10, 281.79, 1424163, 1183
3716, 7, 245, 260, 164, 0, 1.81%, 0, 0, 10, 284.37, 1425623, 1183
3721, 7, 245, 260, 164, 0, 1.81%, 0, 0, 10, 277.86, 1427043, 1183
3726, 7, 259, 260, 164, 1, 1.81%, 0, 0, 10, 291.82, 1428478, 1183
3731, 7, 259, 260, 164, 1, 1.81%, 0, 0, 10, 275.20, 1429848, 1183
3736, 7, 259, 260, 164, 1, 1.81%, 0, 0, 10, 286.51, 1431318, 1183
3741, 7, 259, 260, 164, 1, 1.81%, 0, 0, 10, 275.00, 1432698, 1183
3746, 7, 259, 260, 164, 1, 1.81%, 0, 0, 10, 283.44, 1434138, 1183
3751, 7, 259, 261, 165, 1, 1.81%, 0, 0, 11, 283.68, 1435566, 1183
3756, 7, 259, 261, 165, 1, 1.81%, 0, 0, 11, 290.60, 1437026, 1183
3762, 7, 10, 261, 164, 0, 1.81%, 0, 0, 11, 533.47, 1439827, 1183
3767, 7, 10, 261, 163, 0, 1.81%, 0, 0, 11, 560.28, 1442424, 1183
3772, 7, 114, 261, 163, 0, 1.81%, 0, 0, 11, 611.52, 1445697, 1183
3777, 7, 114, 261, 163, 0, 1.81%, 0, 0, 11, 340.08, 1446931, 1183
3782, 7, 114, 261, 163, 0, 1.81%, 0, 0, 11, 255.03, 1448119, 1183
3787, 7, 5, 261, 163, 0, 1.81%, 0, 0, 11, 528.31, 1450781, 1183
3792, 7, 247, 261, 163, 0, 1.81%, 0, 0, 11, 474.15, 1453479, 1183
3797, 7, 247, 261, 163, 0, 1.81%, 0, 0, 11, 319.09, 1454919, 1183
3802, 7, 247, 261, 163, 0, 1.81%, 0, 0, 11, 295.74, 1456348, 1183
3807, 7, 247, 261, 163, 0, 1.81%, 0, 0, 11, 285.36, 1457778, 1183
3812, 7, 247, 261, 163, 0, 1.81%, 0, 0, 11, 275.50, 1459168, 1183
3817, 7, 247, 261, 163, 0, 1.81%, 0, 0, 11, 288.98, 1460638, 1183
3822, 7, 125, 261, 163, 0, 1.81%, 0, 0, 11, 468.48, 1463280, 1183
3827, 7, 257, 261, 163, 0, 1.81%, 0, 0, 11, 582.09, 1466201, 1183
3832, 7, 259, 261, 163, 0, 1.81%, 0, 0, 11, 437.74, 1468567, 1183
3838, 7, 259, 261, 163, 0, 1.81%, 0, 0, 11, 318.05, 1470019, 1183
3843, 7, 259, 261, 163, 0, 1.81%, 0, 0, 11, 279.67, 1471440, 1183
3848, 7, 259, 263, 165, 0, 1.81%, 0, 0, 11, 264.92, 1472816, 1183
3853, 7, 259, 263, 165, 0, 1.81%, 0, 0, 11, 281.00, 1474271, 1183
3858, 7, 259, 263, 165, 0, 1.81%, 0, 0, 11, 279.90, 1475691, 1183
3863, 7, 259, 263, 165, 0, 1.81%, 0, 0, 11, 279.12, 1477081, 1183
3868, 7, 259, 263, 165, 0, 1.81%, 0, 0, 11, 285.56, 1478516, 1183
3873, 7, 259, 263, 165, 0, 1.81%, 0, 0, 11, 287.68, 1479976, 1183
3878, 7, 259, 263, 165, 0, 1.81%, 0, 0, 11, 277.75, 1481376, 1183
3883, 7, 259, 263, 165, 0, 1.81%, 0, 0, 11, 290.08, 1482836, 1183
3888, 7, 259, 263, 165, 0, 1.81%, 0, 0, 11, 278.56, 1484256, 1183
3893, 7, 5, 263, 165, 0, 1.81%, 0, 0, 11, 583.74, 1487650, 1183
3899, 7, 9, 263, 165, 0, 1.81%, 0, 0, 11, 519.24, 1490273, 1183
3904, 7, 9, 263, 165, 0, 1.81%, 0, 0, 11, 249.97, 1491113, 1183
3909, 7, 114, 263, 165, 0, 1.81%, 0, 0, 11, 253.44, 1492600, 1183
3914, 7, 114, 263, 165, 0, 1.81%, 0, 0, 11, 265.19, 1494217, 1183
3919, 7, 259, 263, 165, 0, 1.81%, 0, 0, 11, 309.25, 1495933, 1183
3924, 7, 259, 263, 165, 0, 1.81%, 0, 0, 11, 275.99, 1497279, 1183
3929, 7, 259, 263, 165, 0, 1.81%, 0, 0, 11, 288.93, 1498734, 1183
3934, 7, 259, 263, 165, 0, 1.81%, 0, 0, 11, 279.92, 1500109, 1183
3939, 7, 259, 263, 165, 0, 1.81%, 0, 0, 11, 285.33, 1501534, 1183
3944, 7, 259, 263, 165, 0, 1.81%, 0, 0, 11, 283.06, 1502949, 1183
3949, 7, 259, 263, 165, 0, 1.81%, 0, 0, 11, 281.10, 1504344, 1183
3954, 7, 259, 263, 165, 0, 1.81%, 0, 0, 11, 274.46, 1505764, 1183
3960, 7, 259, 263, 165, 0, 1.81%, 0, 0, 11, 273.63, 1507159, 1183
3965, 7, 259, 263, 165, 0, 1.81%, 0, 0, 11, 288.46, 1508639, 1183
3970, 7, 259, 263, 165, 0, 1.81%, 0, 0, 11, 294.31, 1510094, 1183
3975, 7, 259, 263, 165, 0, 1.81%, 0, 0, 11, 280.12, 1511482, 1183
3980, 7, 10, 263, 165, 0, 1.81%, 0, 0, 11, 327.52, 1513169, 1183
3985, 7, 10, 263, 164, 0, 1.81%, 0, 0, 11, 598.69, 1516603, 1183
3990, 7, 10, 263, 164, 0, 1.81%, 0, 0, 11, 377.84, 1518315, 1183
3995, 7, 114, 263, 164, 0, 1.81%, 0, 0, 11, 383.95, 1520666, 1183
4001, 7, 114, 263, 164, 0, 1.81%, 0, 0, 11, 381.66, 1522679, 1183
4006, 7, 10, 263, 164, 0, 1.81%, 0, 0, 11, 508.03, 1524955, 1183
4011, 7, 201, 263, 164, 0, 1.81%, 0, 0, 11, 99.29, 1527702, 1183
4016, 7, 259, 263, 163, 0, 1.81%, 0, 0, 11, 497.13, 1528647, 1183
4021, 7, 259, 263, 163, 0, 1.81%, 0, 0, 11, 313.34, 1529989, 1183
4026, 7, 259, 263, 163, 0, 1.81%, 0, 0, 11, 291.11, 1531427, 1183
4031, 7, 259, 263, 163, 0, 1.81%, 0, 0, 11, 275.57, 1532817, 1183
4036, 7, 259, 263, 163, 0, 1.81%, 0, 0, 11, 284.08, 1534262, 1183
4041, 7, 259, 263, 163, 0, 1.81%, 0, 0, 11, 272.67, 1535632, 1183
4046, 7, 10, 263, 163, 0, 1.81%, 0, 0, 11, 505.16, 1538162, 1183
4051, 7, 60, 263, 163, 0, 1.81%, 0, 0, 11, 608.53, 1541417, 1183
4056, 7, 60, 263, 163, 0, 1.81%, 0, 0, 11, 548.37, 1544105, 1183
4062, 8, 114, 263, 163, 0, 1.81%, 0, 0, 11, 295.62, 1545411, 1183
4067, 8, 10, 263, 163, 0, 1.81%, 0, 0, 11, 390.04, 1547143, 1183
4072, 8, 125, 263, 163, 0, 1.81%, 0, 0, 11, 322.15, 1548817, 1183
4077, 8, 10, 263, 163, 0, 1.81%, 0, 0, 11, 532.65, 1551629, 1183
4082, 8, 114, 263, 163, 0, 1.81%, 0, 0, 11, 368.89, 1553627, 1183
4087, 8, 125, 263, 163, 0, 1.81%, 0, 0, 11, 509.83, 1556461, 1183
4092, 8, 10, 263, 163, 0, 1.81%, 0, 0, 11, 586.81, 1559448, 1183
4097, 8, 178, 263, 163, 0, 1.81%, 0, 0, 11, 592.96, 1562440, 1183
4102, 8, 178, 263, 163, 0, 1.81%, 0, 0, 11, 596.18, 1565509, 1183
4107, 8, 259, 263, 163, 0, 1.81%, 0, 0, 11, 528.47, 1568351, 1183
4113, 8, 259, 263, 163, 0, 1.81%, 0, 0, 11, 341.30, 1569859, 1183
4118, 8, 259, 263, 163, 0, 1.81%, 0, 0, 11, 292.55, 1571346, 1183
4123, 8, 259, 263, 163, 0, 1.81%, 0, 0, 11, 292.61, 1572826, 1183
4128, 8, 259, 263, 163, 0, 1.81%, 0, 0, 11, 276.29, 1574206, 1183
4133, 8, 259, 263, 163, 0, 1.81%, 0, 0, 11, 261.13, 1575501, 1183
4138, 8, 108, 263, 163, 0, 1.81%, 0, 0, 11, 307.50, 1577097, 1183
4143, 8, 125, 263, 163, 0, 1.81%, 0, 0, 11, 429.14, 1579427, 1183
4148, 8, 247, 263, 163, 0, 1.81%, 0, 0, 11, 350.35, 1581341, 1183
4153, 8, 247, 263, 163, 0, 1.81%, 0, 0, 11, 289.18, 1582729, 1183
4159, 8, 247, 263, 163, 0, 1.81%, 0, 0, 11, 276.72, 1584134, 1183
4164, 8, 247, 263, 163, 0, 1.81%, 0, 0, 11, 275.44, 1585494, 1183
4169, 8, 247, 263, 163, 0, 1.81%, 0, 0, 11, 271.12, 1586899, 1183
4174, 8, 10, 263, 163, 0, 1.81%, 0, 0, 11, 309.47, 1588500, 1183
4179, 8, 10, 263, 163, 0, 1.81%, 0, 0, 11, 326.29, 1590181, 1183
4184, 8, 114, 263, 163, 0, 1.81%, 0, 0, 11, 294.55, 1591935, 1183
4189, 8, 10, 263, 163, 0, 1.81%, 0, 0, 11, 472.30, 1594339, 1183
4194, 8, 260, 263, 163, 0, 1.81%, 0, 0, 11, 375.04, 1596299, 1183
4199, 8, 192, 263, 162, 0, 1.81%, 0, 0, 11, 388.11, 1598060, 1183
4204, 8, 10, 263, 162, 0, 1.81%, 0, 0, 11, 573.37, 1601282, 1183
4210, 8, 114, 263, 162, 0, 1.81%, 0, 0, 11, 344.08, 1602941, 1183
4215, 8, 114, 263, 162, 0, 1.81%, 0, 0, 11, 427.25, 1605485, 1183
4220, 8, 10, 263, 162, 0, 1.81%, 0, 0, 11, 489.26, 1607586, 1183
4225, 8, 10, 263, 162, 0, 1.81%, 0, 0, 11, 323.12, 1609077, 1183
4230, 8, 5, 263, 162, 0, 1.81%, 0, 0, 11, 606.87, 1612565, 1183
4235, 8, 60, 263, 162, 0, 1.81%, 0, 0, 11, 612.57, 1615789, 1183
4240, 8, 60, 263, 162, 0, 1.81%, 0, 0, 11, 543.07, 1618433, 1183
4245, 8, 191, 263, 162, 0, 1.81%, 0, 0, 11, 520.10, 1621385, 1183
4250, 8, 182, 263, 162, 0, 1.81%, 0, 0, 11, 526.14, 1623637, 1183
4255, 8, 206, 263, 162, 0, 1.81%, 0, 0, 11, 114.68, 1625773, 1183
4260, 8, 114, 263, 162, 0, 1.81%, 0, 0, 11, 214.23, 1627051, 1183
4265, 8, 60, 263, 162, 0, 1.81%, 0, 0, 11, 428.05, 1629283, 1183
4271, 8, 60, 263, 162, 0, 1.81%, 0, 0, 11, 516.81, 1632005, 1183
4276, 8, 10, 263, 162, 0, 1.81%, 0, 0, 11, 629.73, 1635355, 1183
4281, 8, 119, 263, 162, 0, 1.81%, 0, 0, 11, 332.83, 1636699, 1183
4286, 8, 114, 263, 162, 0, 1.81%, 0, 0, 11, 225.56, 1637693, 1183
4291, 8, 10, 263, 162, 0, 1.81%, 0, 0, 11, 497.87, 1640166, 1183
4296, 8, 259, 263, 162, 0, 1.81%, 0, 0, 11, 370.60, 1642160, 1183
4301, 8, 259, 263, 162, 0, 1.81%, 0, 0, 11, 296.25, 1643573, 1183
4306, 8, 259, 263, 162, 0, 1.81%, 0, 0, 11, 290.44, 1645026, 1183
4311, 8, 259, 263, 162, 0, 1.81%, 0, 0, 11, 275.98, 1646421, 1183
4316, 8, 259, 263, 162, 0, 1.81%, 0, 0, 11, 274.40, 1647801, 1183
4321, 8, 125, 263, 162, 0, 1.81%, 0, 0, 11, 316.72, 1649359, 1183
4327, 8, 114, 263, 162, 0, 1.81%, 0, 0, 11, 526.39, 1652193, 1183
4332, 8, 10, 263, 162, 0, 1.81%, 0, 0, 11, 420.72, 1653833, 1183
4337, 8, 114, 263, 162, 0, 1.81%, 0, 0, 11, 361.89, 1655986, 1183
4342, 8, 114, 263, 162, 0, 1.81%, 0, 0, 11, 258.93, 1657207, 1183
4347, 8, 114, 263, 162, 0, 1.81%, 0, 0, 11, 240.00, 1658447, 1183
4352, 8, 259, 263, 162, 0, 1.81%, 0, 0, 11, 266.02, 1659846, 1183
4357, 8, 259, 263, 162, 0, 1.81%, 0, 0, 11, 262.64, 1661156, 1183
4362, 8, 259, 263, 162, 0, 1.81%, 0, 0, 11, 278.12, 1662616, 1183
4368, 8, 259, 263, 162, 0, 1.81%, 0, 0, 11, 291.10, 1664071, 1183
4373, 8, 259, 263, 162, 0, 1.81%, 0, 0, 11, 285.57, 1665506, 1183
4378, 8, 159, 263, 162, 0, 1.81%, 0, 0, 11, 382.75, 1667335, 1183
4383, 8, 159, 263, 162, 0, 1.81%, 0, 0, 11, 189.83, 1668025, 1183
4388, 8, 159, 264, 163, 0, 1.81%, 0, 0, 11, 143.09, 1668695, 1183
4393, 8, 159, 264, 163, 0, 1.81%, 0, 0, 11, 130.26, 1669352, 1183
4398, 8, 159, 264, 163, 0, 1.81%, 0, 0, 11, 127.24, 1670016, 1183
4403, 8, 6, 264, 162, 0, 1.81%, 0, 0, 11, 321.89, 1671397, 1183
4408, 8, 9, 264, 162, 0, 1.81%, 0, 0, 11, 236.14, 1672690, 1183
4413, 8, 114, 264, 162, 0, 1.81%, 0, 0, 11, 265.05, 1674211, 1183
4419, 8, 114, 264, 162, 0, 1.81%, 0, 0, 11, 272.50, 1675748, 1183
4424, 8, 136, 264, 162, 0, 1.81%, 0, 0, 11, 317.11, 1677479, 1183
4429, 8, 114, 264, 161, 0, 1.81%, 0, 0, 11, 258.52, 1678752, 1183
4434, 8, 114, 264, 161, 0, 1.81%, 0, 0, 11, 313.49, 1680311, 1183
4439, 8, 114, 264, 161, 0, 1.81%, 0, 0, 11, 300.73, 1681805, 1183
4444, 8, 10, 264, 161, 0, 1.81%, 0, 0, 11, 493.65, 1684152, 1183
4449, 8, 182, 264, 161, 0, 1.81%, 0, 0, 11, 629.99, 1687493, 1183
4454, 8, 114, 264, 161, 0, 1.81%, 0, 0, 11, 354.87, 1689165, 1183
4459, 8, 227, 264, 161, 0, 1.81%, 0, 0, 11, 582.51, 1692223, 1183
4465, 8, 114, 264, 161, 0, 1.81%, 0, 0, 11, 565.69, 1695330, 1183
4470, 8, 10, 264, 161, 0, 1.81%, 0, 0, 11, 483.58, 1697190, 1183
4475, 8, 114, 264, 161, 0, 1.81%, 0, 0, 11, 357.40, 1699140, 1183
4480, 9, 6, 264, 161, 0, 1.81%, 0, 0, 11, 579.62, 1702156, 1183
4485, 9, 182, 264, 161, 0, 1.81%, 0, 0, 11, 650.89, 1705647, 1183
4490, 9, 10, 264, 161, 0, 1.81%, 0, 0, 11, 533.03, 1708117, 1183
4495, 9, 10, 264, 161, 0, 1.81%, 0, 0, 11, 631.18, 1711375, 1183
4500, 9, 223, 264, 161, 0, 1.81%, 0, 0, 11, 413.71, 1713125, 1183
4505, 9, 249, 264, 161, 0, 1.81%, 0, 0, 11, 450.74, 1715755, 1183
4511, 9, 249, 264, 161, 0, 1.81%, 0, 0, 11, 199.12, 1716405, 1183
4516, 9, 249, 264, 161, 0, 1.81%, 0, 0, 11, 144.90, 1717069, 1183
4521, 9, 10, 264, 161, 0, 1.81%, 0, 0, 11, 437.42, 1719143, 1183
4526, 9, 10, 264, 161, 0, 1.81%, 0, 0, 11, 383.86, 1720629, 1183
4531, 9, 60, 264, 161, 0, 1.81%, 0, 0, 11, 298.12, 1722152, 1183
4536, 9, 60, 264, 161, 0, 1.81%, 0, 0, 11, 494.41, 1724978, 1183
4541, 9, 10, 264, 161, 0, 1.81%, 0, 0, 11, 628.59, 1728237, 1183
4546, 9, 259, 264, 161, 0, 1.81%, 0, 0, 11, 612.45, 1731449, 1183
4552, 9, 259, 264, 161, 0, 1.81%, 0, 0, 11, 338.20, 1732829, 1183
4557, 9, 259, 264, 161, 0, 1.81%, 0, 0, 11, 295.67, 1734289, 1183
4562, 9, 259, 264, 161, 0, 1.81%, 0, 0, 11, 288.09, 1735694, 1183
4567, 9, 259, 264, 161, 0, 1.81%, 0, 0, 11, 285.87, 1737119, 1183
4572, 9, 259, 264, 161, 0, 1.81%, 0, 0, 11, 290.48, 1738579, 1183
4577, 9, 114, 264, 161, 0, 1.81%, 0, 0, 11, 298.88, 1740141, 1183
4582, 9, 5, 264, 161, 0, 1.81%, 0, 0, 11, 527.56, 1742687, 1183
4587, 9, 178, 264, 161, 0, 1.81%, 0, 0, 11, 621.19, 1746097, 1183
4592, 9, 178, 264, 161, 0, 1.81%, 0, 0, 11, 602.36, 1749097, 1183
4597, 9, 178, 264, 161, 0, 1.81%, 0, 0, 11, 593.35, 1752176, 1183
4602, 9, 114, 264, 161, 0, 1.81%, 0, 0, 11, 372.30, 1754040, 1183
4607, 9, 101, 264, 161, 0, 1.81%, 0, 0, 11, 465.67, 1756538, 1183
4612, 9, 10, 264, 161, 0, 1.81%, 0, 0, 11, 400.80, 1758452, 1183
4617, 9, 114, 264, 161, 0, 1.81%, 0, 0, 11, 510.93, 1761433, 1183
4623, 9, 101, 264, 161, 0, 1.81%, 0, 0, 11, 459.90, 1763299, 1183
4628, 9, 101, 264, 161, 0, 1.81%, 0, 0, 11, 385.39, 1765156, 1183
4633, 9, 259, 264, 161, 0, 1.81%, 0, 0, 11, 546.28, 1767917, 1183
4638, 9, 259, 264, 161, 0, 1.81%, 0, 0, 11, 333.28, 1769265, 1183
4643, 9, 259, 264, 161, 0, 1.81%, 0, 0, 11, 294.12, 1770728, 1183
