# relative_time, cycles_done, cur_item, corpus_count, pending_total, pending_favs, map_size, saved_crashes, saved_hangs, max_depth, execs_per_sec, total_execs, edges_found
61, 0, 68, 120, 114, 15, 1.72%, 0, 0, 3, 136.13, 21095, 1128
66, 0, 68, 123, 117, 15, 1.72%, 0, 0, 3, 133.97, 21787, 1130
71, 0, 68, 127, 121, 15, 1.73%, 0, 0, 3, 137.66, 22479, 1132
76, 0, 68, 128, 122, 15, 1.73%, 0, 0, 3, 141.08, 23195, 1132
81, 0, 68, 131, 125, 15, 1.73%, 0, 0, 3, 136.27, 23875, 1132
86, 0, 68, 133, 127, 15, 1.73%, 0, 0, 3, 143.84, 24627, 1132
91, 0, 68, 133, 127, 15, 1.73%, 0, 0, 3, 136.21, 25305, 1132
96, 0, 68, 135, 129, 15, 1.73%, 0, 0, 3, 134.06, 25979, 1132
102, 0, 68, 136, 130, 15, 1.73%, 0, 0, 3, 142.27, 26693, 1132
107, 0, 68, 138, 132, 15, 1.73%, 0, 0, 3, 143.83, 27427, 1132
112, 0, 68, 138, 132, 15, 1.73%, 0, 0, 3, 135.43, 28113, 1132
117, 0, 68, 139, 133, 15, 1.73%, 0, 0, 3, 136.73, 28810, 1132
122, 0, 68, 140, 134, 15, 1.73%, 0, 0, 3, 132.91, 29485, 1132
127, 0, 68, 143, 137, 15, 1.73%, 0, 0, 3, 130.86, 30119, 1132
132, 0, 68, 143, 137, 15, 1.73%, 0, 0, 3, 133.63, 30791, 1132
137, 0, 68, 144, 138, 15, 1.73%, 0, 0, 3, 139.14, 31513, 1134
142, 0, 68, 145, 139, 15, 1.73%, 0, 0, 3, 148.73, 32255, 1134
147, 0, 68, 146, 140, 15, 1.73%, 0, 0, 3, 147.45, 32971, 1134
152, 0, 68, 146, 140, 15, 1.73%, 0, 0, 3, 140.47, 33665, 1134
157, 0, 68, 147, 141, 15, 1.73%, 0, 0, 3, 139.54, 34389, 1134
163, 0, 68, 151, 145, 15, 1.73%, 0, 0, 3, 138.06, 35085, 1135
168, 0, 60, 152, 145, 21, 1.73%, 0, 0, 3, 173.08, 35915, 1135
173, 0, 94, 152, 144, 20, 1.73%, 0, 0, 3, 141.34, 36694, 1135
178, 0, 119, 152, 142, 18, 1.73%, 0, 0, 3, 174.60, 37551, 1135
183, 0, 9, 153, 142, 17, 1.73%, 0, 0, 4, 211.32, 39036, 1135
188, 0, 40, 153, 141, 16, 1.73%, 0, 0, 4, 180.21, 39669, 1135
193, 0, 40, 158, 146, 16, 1.73%, 0, 0, 4, 522.46, 42785, 1135
198, 0, 40, 160, 148, 16, 1.73%, 0, 0, 4, 602.56, 45917, 1135
203, 0, 40, 160, 148, 16, 1.73%, 0, 0, 4, 621.82, 49085, 1135
208, 0, 147, 160, 147, 17, 1.73%, 0, 0, 4, 96.00, 52085, 1135
213, 0, 147, 164, 151, 17, 1.73%, 0, 0, 4, 112.22, 52622, 1135
219, 0, 147, 165, 152, 17, 1.73%, 0, 0, 4, 139.40, 53382, 1135
224, 0, 147, 165, 152, 17, 1.73%, 0, 0, 4, 143.47, 54112, 1135
229, 0, 147, 165, 152, 17, 1.73%, 0, 0, 4, 140.35, 54814, 1135
234, 0, 147, 167, 154, 17, 1.73%, 0, 0, 4, 139.67, 55522, 1135
239, 0, 147, 168, 155, 17, 1.73%, 0, 0, 4, 143.01, 56256, 1135
244, 0, 147, 169, 156, 17, 1.73%, 0, 0, 4, 147.37, 57002, 1135
249, 0, 147, 169, 156, 17, 1.73%, 0, 0, 4, 147.27, 57742, 1135
254, 0, 147, 169, 156, 17, 1.73%, 0, 0, 4, 155.64, 58544, 1135
259, 0, 147, 170, 157, 17, 1.74%, 0, 0, 4, 143.75, 59264, 1141
264, 0, 147, 171, 158, 17, 1.74%, 0, 0, 4, 142.72, 60012, 1141
269, 0, 147, 172, 159, 17, 1.76%, 0, 0, 4, 136.63, 60712, 1153
274, 0, 147, 172, 159, 17, 1.76%, 0, 0, 4, 132.30, 61368, 1153
280, 0, 147, 174, 161, 17, 1.76%, 0, 0, 4, 137.66, 62064, 1156
285, 0, 147, 174, 161, 17, 1.76%, 0, 0, 4, 140.32, 62768, 1156
290, 0, 147, 175, 162, 17, 1.77%, 0, 0, 4, 152.00, 63542, 1157
295, 0, 147, 175, 162, 17, 1.77%, 0, 0, 4, 148.40, 64276, 1157
300, 0, 147, 175, 162, 17, 1.77%, 0, 0, 4, 154.14, 65057, 1157
305, 0, 147, 175, 162, 17, 1.77%, 0, 0, 4, 146.94, 65808, 1157
310, 0, 147, 175, 162, 17, 1.77%, 0, 0, 4, 139.53, 66512, 1157
315, 0, 147, 175, 162, 17, 1.77%, 0, 0, 4, 147.13, 67258, 1157
320, 0, 147, 175, 162, 17, 1.77%, 0, 0, 4, 143.53, 67998, 1157
325, 0, 147, 175, 162, 17, 1.77%, 0, 0, 4, 139.80, 68694, 1157
330, 0, 125, 176, 162, 18, 1.77%, 0, 0, 4, 117.06, 69253, 1157
335, 0, 169, 176, 160, 16, 1.77%, 0, 0, 4, 88.15, 70119, 1157
341, 0, 169, 176, 160, 16, 1.77%, 0, 0, 4, 116.91, 70717, 1157
346, 0, 62, 176, 158, 14, 1.77%, 0, 0, 4, 90.10, 71415, 1157
351, 0, 173, 176, 157, 13, 1.77%, 0, 0, 4, 105.58, 71985, 1157
356, 0, 173, 177, 158, 13, 1.77%, 0, 0, 5, 125.00, 72626, 1157
361, 0, 173, 178, 159, 13, 1.77%, 0, 0, 5, 139.71, 73370, 1157
367, 0, 173, 178, 159, 13, 1.77%, 0, 0, 5, 138.47, 74096, 1157
372, 0, 114, 178, 157, 12, 1.77%, 0, 0, 5, 165.87, 75228, 1157
377, 0, 58, 178, 156, 11, 1.77%, 0, 0, 5, 120.50, 75776, 1157
382, 0, 172, 178, 155, 10, 1.77%, 0, 0, 5, 121.13, 76358, 1157
387, 0, 172, 182, 159, 10, 1.77%, 0, 0, 5, 135.04, 77055, 1157
392, 0, 172, 185, 162, 10, 1.77%, 0, 0, 5, 138.90, 77762, 1157
397, 0, 172, 185, 162, 10, 1.77%, 0, 0, 5, 140.50, 78476, 1157
402, 0, 172, 185, 162, 10, 1.77%, 0, 0, 5, 149.63, 79241, 1157
407, 0, 172, 185, 162, 10, 1.77%, 0, 0, 5, 146.98, 79994, 1157
412, 0, 172, 185, 162, 10, 1.77%, 0, 0, 5, 145.15, 80738, 1157
417, 0, 172, 185, 162, 10, 1.77%, 0, 0, 5, 148.02, 81508, 1157
423, 0, 172, 185, 162, 10, 1.77%, 0, 0, 5, 148.93, 82286, 1157
428, 0, 172, 185, 162, 10, 1.77%, 0, 0, 5, 147.87, 83038, 1157
433, 0, 172, 185, 162, 10, 1.77%, 0, 0, 5, 138.28, 83726, 1157
438, 0, 172, 185, 162, 10, 1.77%, 0, 0, 5, 148.78, 84486, 1157
443, 0, 172, 185, 162, 10, 1.77%, 0, 0, 5, 144.83, 85218, 1157
448, 0, 172, 185, 162, 10, 1.77%, 0, 0, 5, 161.18, 86009, 1157
453, 0, 172, 185, 162, 10, 1.77%, 0, 0, 5, 148.72, 86756, 1157
458, 0, 172, 185, 162, 10, 1.77%, 0, 0, 5, 144.91, 87480, 1157
463, 0, 172, 185, 162, 10, 1.77%, 0, 0, 5, 149.93, 88244, 1157
468, 0, 172, 186, 163, 10, 1.77%, 0, 0, 5, 147.64, 88992, 1157
473, 0, 172, 186, 163, 10, 1.77%, 0, 0, 5, 150.22, 89746, 1157
478, 0, 172, 186, 163, 10, 1.77%, 0, 0, 5, 137.99, 90438, 1157
483, 0, 172, 186, 163, 10, 1.77%, 0, 0, 5, 146.47, 91182, 1157
488, 0, 172, 186, 163, 10, 1.77%, 0, 0, 5, 149.70, 91975, 1157
494, 0, 158, 186, 162, 10, 1.77%, 0, 0, 5, 293.77, 93284, 1157
499, 0, 143, 186, 162, 10, 1.77%, 0, 0, 5, 91.22, 95792, 1157
504, 0, 5, 186, 161, 9, 1.77%, 0, 0, 5, 719.57, 97275, 1157
509, 0, 181, 186, 161, 9, 1.77%, 0, 0, 5, 91.52, 99114, 1157
514, 0, 181, 187, 162, 9, 1.77%, 0, 0, 6, 134.19, 99843, 1157
519, 0, 5, 187, 161, 8, 1.77%, 0, 0, 6, 494.21, 102372, 1157
524, 0, 133, 187, 161, 8, 1.77%, 0, 0, 6, 96.25, 104539, 1157
529, 0, 118, 187, 160, 7, 1.77%, 0, 0, 6, 96.15, 105073, 1157
534, 0, 5, 188, 160, 7, 1.77%, 0, 0, 6, 720.02, 106004, 1157
539, 0, 187, 188, 160, 7, 1.77%, 0, 0, 6, 92.93, 108870, 1157
544, 0, 187, 190, 162, 7, 1.77%, 0, 0, 6, 115.72, 109445, 1157
549, 0, 187, 190, 162, 7, 1.77%, 0, 0, 6, 137.94, 110173, 1157
555, 0, 187, 191, 163, 7, 1.77%, 0, 0, 6, 144.43, 110899, 1157
560, 0, 187, 191, 163, 7, 1.77%, 0, 0, 6, 146.98, 111625, 1157
565, 0, 187, 192, 164, 7, 1.77%, 0, 0, 6, 138.20, 112313, 1157
570, 0, 187, 192, 164, 7, 1.77%, 0, 0, 6, 135.57, 113001, 1157
575, 0, 187, 192, 164, 7, 1.77%, 0, 0, 6, 138.05, 113703, 1157
580, 0, 187, 192, 164, 7, 1.77%, 0, 0, 6, 139.52, 114421, 1157
585, 0, 187, 193, 165, 7, 1.77%, 0, 0, 6, 138.36, 115143, 1157
590, 0, 187, 193, 165, 7, 1.77%, 0, 0, 6, 134.51, 115811, 1157
595, 0, 187, 193, 165, 7, 1.77%, 0, 0, 6, 138.55, 116505, 1157
600, 0, 187, 193, 165, 7, 1.77%, 0, 0, 6, 136.19, 117195, 1157
605, 0, 187, 193, 165, 7, 1.77%, 0, 0, 6, 140.88, 117915, 1157
610, 0, 187, 193, 165, 7, 1.77%, 0, 0, 6, 143.95, 118653, 1157
615, 0, 187, 193, 165, 7, 1.77%, 0, 0, 6, 145.71, 119409, 1157
620, 0, 187, 193, 165, 7, 1.77%, 0, 0, 6, 136.31, 120093, 1157
625, 0, 187, 193, 165, 7, 1.77%, 0, 0, 6, 137.88, 120799, 1157
631, 0, 187, 193, 165, 7, 1.77%, 0, 0, 6, 141.92, 121537, 1157
636, 0, 187, 193, 165, 7, 1.77%, 0, 0, 6, 140.82, 122271, 1157
641, 0, 187, 193, 165, 7, 1.77%, 0, 0, 6, 138.27, 122981, 1157
646, 0, 187, 193, 165, 7, 1.77%, 0, 0, 6, 150.55, 123737, 1157
651, 0, 187, 193, 165, 7, 1.77%, 0, 0, 6, 145.36, 124453, 1157
656, 0, 187, 193, 165, 7, 1.77%, 0, 0, 6, 145.54, 125195, 1157
661, 0, 108, 193, 164, 6, 1.77%, 0, 0, 6, 110.88, 125778, 1157
666, 0, 45, 193, 163, 5, 1.77%, 0, 0, 6, 113.82, 126369, 1157
671, 0, 174, 193, 162, 4, 1.77%, 0, 0, 6, 163.02, 127368, 1157
677, 0, 176, 193, 161, 3, 1.77%, 0, 0, 6, 113.52, 127918, 1157
682, 0, 176, 195, 163, 3, 1.77%, 0, 0, 6, 130.56, 128620, 1157
687, 0, 176, 196, 164, 3, 1.77%, 0, 0, 6, 137.89, 129336, 1157
692, 0, 176, 197, 165, 3, 1.77%, 0, 0, 6, 140.00, 130060, 1157
697, 0, 176, 197, 165, 3, 1.77%, 0, 0, 6, 145.35, 130774, 1157
702, 0, 176, 197, 165, 3, 1.77%, 0, 0, 6, 143.78, 131508, 1157
707, 0, 176, 198, 166, 3, 1.77%, 0, 0, 6, 139.18, 132241, 1157
712, 0, 176, 198, 166, 3, 1.77%, 0, 0, 6, 142.51, 132962, 1157
717, 0, 176, 198, 166, 3, 1.77%, 0, 0, 6, 138.36, 133666, 1157
722, 0, 176, 198, 166, 3, 1.77%, 0, 0, 6, 140.68, 134414, 1157
728, 0, 176, 198, 166, 3, 1.77%, 0, 0, 6, 142.18, 135164, 1157
733, 0, 176, 198, 166, 3, 1.77%, 0, 0, 6, 137.24, 135882, 1157
738, 0, 176, 198, 166, 3, 1.77%, 0, 0, 6, 138.53, 136600, 1157
743, 0, 176, 198, 166, 3, 1.77%, 0, 0, 6, 141.13, 137342, 1157
748, 0, 176, 198, 166, 3, 1.77%, 0, 0, 6, 144.17, 138066, 1157
753, 0, 176, 198, 166, 3, 1.77%, 0, 0, 6, 145.76, 138826, 1157
758, 0, 176, 198, 166, 3, 1.77%, 0, 0, 6, 146.57, 139578, 1157
763, 0, 176, 198, 166, 3, 1.77%, 0, 0, 6, 147.42, 140316, 1157
768, 0, 176, 198, 166, 3, 1.77%, 0, 0, 6, 145.40, 141056, 1157
773, 0, 176, 198, 166, 3, 1.77%, 0, 0, 6, 147.85, 141810, 1157
779, 0, 176, 198, 166, 3, 1.77%, 0, 0, 6, 142.03, 142538, 1157
784, 0, 176, 198, 166, 3, 1.77%, 0, 0, 6, 146.03, 143276, 1157
789, 0, 176, 198, 166, 3, 1.77%, 0, 0, 6, 152.86, 144033, 1157
794, 0, 129, 198, 164, 4, 1.77%, 0, 0, 6, 167.97, 145002, 1157
799, 0, 197, 198, 163, 3, 1.77%, 0, 0, 6, 125.26, 145577, 1157
804, 0, 197, 199, 164, 3, 1.77%, 0, 0, 7, 135.31, 146269, 1159
809, 0, 198, 200, 164, 4, 1.77%, 0, 0, 8, 124.45, 146889, 1159
814, 0, 198, 200, 164, 4, 1.77%, 0, 0, 8, 142.76, 147655, 1159
819, 0, 193, 201, 164, 3, 1.77%, 0, 0, 8, 133.65, 148304, 1159
825, 0, 193, 202, 165, 3, 1.77%, 0, 0, 8, 131.53, 148982, 1159
830, 0, 193, 202, 165, 3, 1.77%, 0, 0, 8, 134.24, 149656, 1159
835, 0, 5, 202, 164, 2, 1.77%, 0, 0, 8, 713.25, 151834, 1159
840, 0, 10, 202, 164, 2, 1.77%, 0, 0, 8, 711.07, 155478, 1159
845, 0, 5, 202, 164, 2, 1.77%, 0, 0, 8, 700.52, 159088, 1159
850, 0, 196, 202, 164, 2, 1.77%, 0, 0, 8, 98.43, 161093, 1159
855, 0, 174, 203, 164, 1, 1.77%, 0, 0, 8, 193.18, 162142, 1159
860, 0, 174, 204, 165, 1, 1.77%, 0, 0, 8, 145.01, 162817, 1159
865, 0, 174, 205, 166, 1, 1.77%, 0, 0, 8, 140.07, 163529, 1159
870, 0, 174, 206, 167, 1, 1.77%, 0, 0, 8, 135.93, 164209, 1159
876, 0, 174, 207, 168, 1, 1.77%, 0, 0, 8, 141.70, 164911, 1159
881, 0, 174, 207, 168, 1, 1.77%, 0, 0, 8, 137.35, 165593, 1159
886, 0, 174, 207, 168, 1, 1.77%, 0, 0, 8, 133.57, 166261, 1159
891, 0, 174, 207, 168, 1, 1.77%, 0, 0, 8, 137.20, 166949, 1159
896, 0, 174, 207, 168, 1, 1.77%, 0, 0, 8, 136.64, 167663, 1159
901, 0, 174, 207, 168, 1, 1.77%, 0, 0, 8, 133.78, 168329, 1159
906, 0, 174, 207, 168, 1, 1.77%, 0, 0, 8, 128.27, 168967, 1159
911, 0, 174, 207, 168, 1, 1.77%, 0, 0, 8, 128.28, 169609, 1159
916, 0, 174, 207, 168, 1, 1.77%, 0, 0, 8, 130.89, 170263, 1159
921, 0, 174, 207, 168, 1, 1.77%, 0, 0, 8, 134.35, 170949, 1159
926, 0, 205, 207, 168, 4, 1.77%, 0, 0, 8, 133.53, 171611, 1159
931, 0, 122, 207, 167, 3, 1.77%, 0, 0, 8, 110.69, 172169, 1159
936, 0, 5, 207, 165, 1, 1.77%, 0, 0, 8, 425.74, 174193, 1159
942, 0, 205, 207, 165, 1, 1.77%, 0, 0, 8, 424.54, 176841, 1159
947, 0, 205, 207, 165, 1, 1.77%, 0, 0, 8, 193.02, 177485, 1159
952, 0, 205, 207, 165, 1, 1.77%, 0, 0, 8, 142.52, 178117, 1159
957, 0, 205, 208, 166, 1, 1.77%, 0, 0, 8, 128.43, 178737, 1159
962, 0, 205, 208, 166, 1, 1.77%, 0, 0, 8, 130.00, 179431, 1159
967, 0, 205, 208, 166, 1, 1.77%, 0, 0, 8, 126.86, 180055, 1159
972, 0, 205, 208, 166, 1, 1.77%, 0, 0, 8, 123.36, 180689, 1159
977, 0, 207, 208, 166, 2, 1.77%, 0, 0, 8, 678.22, 181466, 1159
983, 0, 207, 208, 165, 1, 1.77%, 0, 0, 8, 679.21, 184931, 1159
988, 0, 38, 208, 165, 1, 1.77%, 0, 0, 8, 685.85, 188499, 1159
993, 0, 206, 209, 165, 1, 1.77%, 0, 0, 8, 124.52, 189710, 1159
998, 0, 206, 210, 166, 1, 1.77%, 0, 0, 8, 125.81, 190362, 1159
1003, 0, 206, 210, 166, 1, 1.77%, 0, 0, 8, 128.76, 191018, 1159
1008, 0, 206, 211, 167, 1, 1.77%, 0, 0, 8, 127.94, 191660, 1159
1013, 0, 206, 211, 167, 1, 1.77%, 0, 0, 8, 134.16, 192334, 1159
1018, 0, 206, 212, 168, 1, 1.77%, 0, 0, 8, 135.48, 193012, 1159
1024, 0, 206, 212, 168, 1, 1.77%, 0, 0, 8, 129.69, 193672, 1159
1029, 0, 206, 212, 168, 1, 1.77%, 0, 0, 8, 138.49, 194388, 1159
1034, 0, 206, 212, 168, 1, 1.77%, 0, 0, 8, 131.66, 195040, 1159
1039, 0, 206, 212, 168, 1, 1.77%, 0, 0, 8, 128.67, 195674, 1159
1044, 0, 206, 212, 168, 1, 1.77%, 0, 0, 8, 134.41, 196378, 1159
1049, 0, 206, 212, 168, 1, 1.77%, 0, 0, 8, 130.41, 197052, 1159
1054, 0, 207, 212, 167, 0, 1.77%, 0, 0, 8, 697.46, 199009, 1159
1059, 0, 207, 212, 167, 0, 1.77%, 0, 0, 8, 701.37, 202616, 1159
1064, 0, 207, 212, 167, 0, 1.77%, 0, 0, 8, 698.89, 206204, 1159
1070, 0, 207, 212, 167, 0, 1.77%, 0, 0, 8, 699.05, 209786, 1159
1075, 0, 207, 212, 167, 0, 1.77%, 0, 0, 8, 700.47, 213376, 1159
1080, 0, 207, 212, 167, 0, 1.77%, 0, 0, 8, 700.76, 217028, 1159
1085, 0, 10, 212, 166, 0, 1.77%, 0, 0, 8, 685.62, 220557, 1159
1090, 0, 6, 212, 166, 0, 1.77%, 0, 0, 8, 706.79, 224199, 1159
1095, 0, 60, 212, 166, 0, 1.77%, 0, 0, 8, 376.73, 225879, 1159
1100, 0, 60, 212, 166, 0, 1.77%, 0, 0, 8, 246.69, 226907, 1159
1105, 0, 5, 212, 166, 0, 1.77%, 0, 0, 8, 393.90, 228655, 1159
1110, 0, 207, 212, 166, 0, 1.77%, 0, 0, 8, 623.97, 232203, 1159
1116, 0, 207, 212, 166, 0, 1.77%, 0, 0, 8, 675.75, 235748, 1159
1121, 0, 207, 212, 166, 0, 1.77%, 0, 0, 8, 696.75, 239330, 1159
1126, 0, 119, 212, 166, 0, 1.77%, 0, 0, 8, 679.98, 242870, 1159
1131, 0, 10, 212, 166, 0, 1.77%, 0, 0, 8, 653.21, 246063, 1159
1136, 0, 60, 212, 166, 0, 1.77%, 0, 0, 8, 331.05, 247539, 1159
1141, 0, 60, 212, 166, 0, 1.77%, 0, 0, 8, 227.61, 248587, 1159
1146, 0, 119, 212, 165, 0, 1.77%, 0, 0, 8, 431.27, 250562, 1159
1151, 0, 10, 212, 165, 0, 1.77%, 0, 0, 8, 604.06, 253744, 1159
1156, 0, 207, 212, 165, 0, 1.77%, 0, 0, 8, 687.09, 257387, 1159
1162, 0, 10, 212, 165, 0, 1.77%, 0, 0, 8, 698.97, 260969, 1159
1167, 0, 6, 212, 165, 0, 1.77%, 0, 0, 8, 701.70, 264496, 1159
1172, 0, 207, 212, 165, 0, 1.77%, 0, 0, 8, 703.24, 268040, 1159
1177, 0, 207, 212, 165, 0, 1.77%, 0, 0, 8, 658.12, 271345, 1159
1182, 0, 207, 212, 165, 0, 1.77%, 0, 0, 8, 684.26, 274896, 1159
1187, 0, 207, 212, 165, 0, 1.77%, 0, 0, 8, 696.23, 278471, 1159
1192, 0, 207, 212, 165, 0, 1.77%, 0, 0, 8, 701.63, 282140, 1159
1197, 0, 6, 212, 165, 0, 1.77%, 0, 0, 8, 704.94, 285694, 1159
1202, 0, 207, 212, 165, 0, 1.77%, 0, 0, 8, 713.13, 289344, 1159
1207, 0, 207, 212, 165, 0, 1.77%, 0, 0, 8, 708.65, 292956, 1159
1212, 0, 205, 212, 165, 0, 1.77%, 0, 0, 8, 128.50, 295148, 1159
1217, 0, 205, 212, 165, 0, 1.77%, 0, 0, 8, 127.52, 295778, 1159
1223, 0, 205, 212, 165, 0, 1.77%, 0, 0, 8, 130.80, 296434, 1159
1228, 0, 205, 212, 165, 0, 1.77%, 0, 0, 8, 121.47, 297050, 1159
1233, 0, 207, 212, 165, 0, 1.77%, 0, 0, 8, 688.41, 299826, 1159
1238, 0, 10, 212, 165, 0, 1.77%, 0, 0, 8, 693.79, 303408, 1159
1243, 0, 207, 212, 165, 0, 1.77%, 0, 0, 8, 678.55, 306902, 1159
1248, 0, 207, 212, 165, 0, 1.77%, 0, 0, 8, 690.01, 310457, 1159
1253, 0, 207, 212, 165, 0, 1.77%, 0, 0, 8, 697.61, 314032, 1159
1259, 0, 207, 212, 165, 0, 1.77%, 0, 0, 8, 698.04, 317613, 1159
1264, 0, 60, 212, 165, 0, 1.77%, 0, 0, 8, 566.96, 320596, 1159
1269, 0, 60, 212, 165, 0, 1.77%, 0, 0, 8, 296.28, 321676, 1159
1274, 0, 60, 212, 165, 0, 1.77%, 0, 0, 8, 224.95, 322720, 1159
1279, 0, 205, 212, 165, 0, 1.77%, 0, 0, 8, 156.16, 323477, 1159
1284, 0, 205, 212, 165, 0, 1.77%, 0, 0, 8, 132.03, 324116, 1159
1289, 0, 205, 212, 165, 0, 1.77%, 0, 0, 8, 123.83, 324728, 1159
1294, 0, 10, 212, 165, 0, 1.77%, 0, 0, 8, 130.38, 325382, 1159
1299, 0, 207, 212, 165, 0, 1.77%, 0, 0, 8, 705.84, 329040, 1159
1304, 0, 205, 212, 165, 0, 1.77%, 0, 0, 8, 118.97, 331376, 1159
1310, 0, 205, 212, 165, 0, 1.77%, 0, 0, 8, 123.80, 331996, 1159
1315, 0, 205, 212, 165, 0, 1.77%, 0, 0, 8, 127.77, 332662, 1159
1320, 0, 205, 212, 165, 0, 1.77%, 0, 0, 8, 132.56, 333358, 1159
1325, 0, 5, 212, 165, 0, 1.77%, 0, 0, 8, 705.55, 336482, 1159
1330, 0, 207, 212, 165, 0, 1.77%, 0, 0, 8, 687.47, 339955, 1159
1335, 0, 207, 212, 165, 0, 1.77%, 0, 0, 8, 691.45, 343530, 1159
1340, 0, 198, 213, 166, 0, 1.77%, 0, 0, 8, 130.12, 345230, 1159
1345, 0, 198, 213, 166, 0, 1.77%, 0, 0, 8, 142.41, 345970, 1159
1350, 0, 198, 213, 166, 0, 1.77%, 0, 0, 8, 150.68, 346741, 1159
1355, 0, 205, 213, 166, 0, 1.77%, 0, 0, 8, 136.26, 347430, 1159
1360, 0, 205, 213, 166, 0, 1.77%, 0, 0, 8, 130.70, 348086, 1159
1365, 0, 205, 213, 166, 0, 1.77%, 0, 0, 8, 128.08, 348728, 1159
1371, 0, 205, 213, 166, 0, 1.77%, 0, 0, 8, 120.19, 349326, 1159
1376, 0, 207, 213, 166, 0, 1.77%, 0, 0, 8, 537.39, 352408, 1159
1381, 0, 10, 213, 166, 0, 1.77%, 0, 0, 8, 670.90, 356008, 1159
1386, 0, 207, 213, 166, 0, 1.77%, 0, 0, 8, 698.95, 359603, 1159
1391, 0, 207, 213, 166, 0, 1.77%, 0, 0, 8, 701.00, 363248, 1159
1396, 0, 207, 213, 166, 0, 1.77%, 0, 0, 8, 699.75, 366810, 1159
1401, 0, 207, 213, 166, 0, 1.77%, 0, 0, 8, 702.29, 370342, 1159
1406, 0, 207, 213, 166, 0, 1.77%, 0, 0, 8, 699.05, 373961, 1159
1412, 1, 174, 213, 166, 0, 1.77%, 0, 0, 8, 133.97, 375324, 1159
1417, 1, 174, 213, 166, 0, 1.77%, 0, 0, 8, 139.36, 376016, 1159
1422, 1, 174, 213, 166, 0, 1.77%, 0, 0, 8, 133.74, 376692, 1159
1427, 1, 205, 213, 166, 0, 1.77%, 0, 0, 8, 131.38, 377362, 1159
1432, 1, 205, 214, 167, 0, 1.77%, 0, 0, 8, 122.77, 377984, 1159
1437, 1, 205, 214, 167, 0, 1.77%, 0, 0, 8, 124.46, 378608, 1159
1442, 1, 205, 214, 167, 0, 1.77%, 0, 0, 8, 121.84, 379220, 1159
1447, 1, 205, 214, 167, 0, 1.77%, 0, 0, 8, 117.59, 379828, 1159
1452, 1, 205, 214, 167, 0, 1.77%, 0, 0, 8, 119.78, 380460, 1159
1457, 1, 205, 214, 167, 0, 1.77%, 0, 0, 8, 126.71, 381102, 1159
1462, 1, 205, 214, 167, 0, 1.77%, 0, 0, 8, 122.87, 381722, 1159
1468, 1, 207, 214, 167, 0, 1.77%, 0, 0, 8, 700.22, 384810, 1159
1473, 1, 207, 214, 167, 0, 1.77%, 0, 0, 8, 703.70, 388392, 1159
1478, 1, 207, 214, 167, 0, 1.77%, 0, 0, 8, 710.96, 392060, 1159
1483, 1, 5, 214, 167, 0, 1.77%, 0, 0, 8, 711.84, 395694, 1159
1488, 1, 205, 214, 167, 0, 1.77%, 0, 0, 8, 133.92, 398586, 1159
1493, 1, 205, 214, 167, 0, 1.77%, 0, 0, 8, 125.74, 399208, 1159
1498, 1, 205, 214, 167, 0, 1.77%, 0, 0, 8, 126.37, 399842, 1159
1503, 1, 205, 214, 167, 0, 1.77%, 0, 0, 8, 125.53, 400498, 1159
1508, 1, 205, 214, 167, 0, 1.77%, 0, 0, 8, 96.12, 401211, 1159
1513, 1, 205, 214, 167, 0, 1.77%, 0, 0, 8, 107.81, 401754, 1159
1518, 1, 205, 214, 167, 0, 1.77%, 0, 0, 8, 126.59, 402402, 1159
1524, 1, 205, 214, 167, 0, 1.77%, 0, 0, 8, 119.78, 403016, 1159
1529, 1, 5, 214, 167, 0, 1.77%, 0, 0, 8, 688.97, 405194, 1159
1534, 1, 5, 214, 167, 0, 1.77%, 0, 0, 8, 698.32, 408786, 1159
1539, 1, 207, 214, 167, 0, 1.77%, 0, 0, 8, 696.16, 412355, 1159
1544, 1, 207, 214, 167, 0, 1.77%, 0, 0, 8, 697.01, 415924, 1159
1549, 1, 207, 214, 167, 0, 1.77%, 0, 0, 8, 697.72, 419499, 1159
1554, 1, 207, 214, 167, 0, 1.77%, 0, 0, 8, 699.81, 423120, 1159
1560, 1, 5, 214, 167, 0, 1.77%, 0, 0, 8, 711.07, 426776, 1159
1565, 1, 9, 214, 167, 0, 1.77%, 0, 0, 8, 486.49, 429324, 1159
1570, 1, 9, 216, 169, 0, 1.77%, 0, 0, 8, 247.24, 430250, 1159
1575, 1, 9, 216, 169, 0, 1.77%, 0, 0, 8, 194.98, 431182, 1159
1580, 1, 9, 216, 169, 0, 1.77%, 0, 0, 8, 194.40, 432163, 1159
1585, 1, 9, 216, 169, 0, 1.77%, 0, 0, 8, 201.69, 433250, 1159
1590, 1, 215, 216, 169, 1, 1.77%, 0, 0, 8, 159.64, 434103, 1159
1595, 1, 215, 216, 169, 1, 1.77%, 0, 0, 8, 163.77, 434825, 1159
1600, 1, 10, 216, 168, 0, 1.77%, 0, 0, 8, 602.63, 438449, 1159
1606, 1, 205, 216, 168, 0, 1.77%, 0, 0, 8, 262.65, 439391, 1159
1611, 1, 205, 216, 168, 0, 1.77%, 0, 0, 8, 148.81, 440004, 1159
1616, 1, 205, 216, 168, 0, 1.77%, 0, 0, 8, 127.02, 440619, 1159
1621, 1, 10, 216, 168, 0, 1.77%, 0, 0, 8, 723.71, 441607, 1159
1626, 1, 133, 216, 168, 0, 1.77%, 0, 0, 8, 356.33, 443246, 1159
1631, 1, 5, 216, 168, 0, 1.77%, 0, 0, 8, 342.97, 444551, 1159
1636, 1, 207, 216, 168, 0, 1.77%, 0, 0, 8, 634.08, 448255, 1159
1641, 1, 207, 216, 168, 0, 1.77%, 0, 0, 8, 686.13, 451852, 1159
1647, 1, 5, 216, 168, 0, 1.77%, 0, 0, 8, 717.19, 455533, 1159
1652, 1, 10, 216, 168, 0, 1.77%, 0, 0, 8, 726.84, 459229, 1159
1657, 1, 27, 216, 168, 0, 1.77%, 0, 0, 8, 92.79, 462478, 1159
1662, 1, 96, 216, 167, 0, 1.77%, 0, 0, 8, 619.34, 463629, 1159
1667, 1, 207, 216, 166, 0, 1.77%, 0, 0, 8, 700.29, 467383, 1159
1672, 1, 5, 216, 166, 0, 1.77%, 0, 0, 8, 720.40, 471056, 1159
1677, 1, 108, 216, 166, 0, 1.77%, 0, 0, 8, 139.99, 473870, 1159
1682, 1, 108, 216, 166, 0, 1.77%, 0, 0, 8, 146.06, 474610, 1159
1687, 1, 207, 216, 166, 0, 1.77%, 0, 0, 8, 723.36, 477418, 1159
1693, 1, 207, 216, 166, 0, 1.77%, 0, 0, 8, 724.12, 481088, 1159
1698, 1, 207, 216, 166, 0, 1.77%, 0, 0, 8, 721.95, 484784, 1159
1703, 1, 203, 216, 166, 0, 1.77%, 0, 0, 8, 704.21, 488402, 1159
1708, 1, 207, 216, 166, 0, 1.77%, 0, 0, 8, 706.19, 491940, 1159
1713, 1, 207, 216, 166, 0, 1.77%, 0, 0, 8, 722.90, 495638, 1159
1718, 1, 207, 216, 166, 0, 1.77%, 0, 0, 8, 723.24, 499320, 1159
1723, 1, 207, 216, 166, 0, 1.77%, 0, 0, 8, 724.40, 502992, 1159
1728, 1, 10, 216, 166, 0, 1.77%, 0, 0, 8, 720.21, 506650, 1159
1733, 1, 5, 216, 166, 0, 1.77%, 0, 0, 8, 730.94, 510466, 1159
1738, 1, 207, 216, 166, 0, 1.77%, 0, 0, 8, 726.75, 514142, 1159
1744, 1, 207, 216, 166, 0, 1.77%, 0, 0, 8, 726.10, 517838, 1159
1749, 1, 205, 216, 166, 0, 1.77%, 0, 0, 8, 126.42, 518938, 1159
1754, 1, 205, 216, 166, 0, 1.77%, 0, 0, 8, 131.62, 519592, 1159
1759, 1, 205, 216, 166, 0, 1.77%, 0, 0, 8, 128.46, 520222, 1159
1764, 1, 205, 216, 166, 0, 1.77%, 0, 0, 8, 126.04, 520850, 1159
1769, 1, 205, 216, 166, 0, 1.77%, 0, 0, 8, 129.57, 521486, 1159
1774, 1, 205, 216, 166, 0, 1.77%, 0, 0, 8, 127.15, 522118, 1159
1779, 1, 205, 216, 166, 0, 1.77%, 0, 0, 8, 124.80, 522762, 1159
1784, 1, 207, 216, 166, 0, 1.77%, 0, 0, 8, 703.23, 524638, 1159
1789, 1, 207, 216, 166, 0, 1.77%, 0, 0, 8, 700.03, 528225, 1159
1794, 1, 5, 216, 166, 0, 1.77%, 0, 0, 8, 700.17, 531742, 1159
1799, 1, 207, 216, 166, 0, 1.77%, 0, 0, 8, 699.71, 535364, 1159
1804, 1, 207, 216, 166, 0, 1.77%, 0, 0, 8, 700.03, 538956, 1159
1810, 1, 207, 216, 166, 0, 1.77%, 0, 0, 8, 698.78, 542534, 1159
1815, 1, 207, 216, 166, 0, 1.77%, 0, 0, 8, 696.11, 546113, 1159
1820, 1, 60, 216, 166, 0, 1.77%, 0, 0, 8, 630.80, 549499, 1159
1825, 1, 60, 216, 166, 0, 1.77%, 0, 0, 8, 301.99, 550552, 1159
1830, 1, 60, 216, 166, 0, 1.77%, 0, 0, 8, 231.02, 551654, 1159
1835, 1, 10, 216, 166, 0, 1.77%, 0, 0, 8, 525.02, 554382, 1159
1840, 1, 5, 216, 166, 0, 1.77%, 0, 0, 8, 669.28, 557904, 1159
1846, 1, 5, 216, 166, 0, 1.77%, 0, 0, 8, 697.86, 561540, 1159
1851, 1, 205, 216, 166, 0, 1.77%, 0, 0, 8, 130.91, 563278, 1159
1856, 1, 205, 216, 166, 0, 1.77%, 0, 0, 8, 129.69, 563922, 1159
1861, 1, 205, 216, 166, 0, 1.77%, 0, 0, 8, 126.39, 564566, 1159
1866, 1, 207, 216, 166, 0, 1.77%, 0, 0, 8, 176.90, 565380, 1159
1871, 1, 207, 216, 166, 0, 1.77%, 0, 0, 8, 596.36, 568950, 1159
1876, 1, 108, 216, 166, 0, 1.77%, 0, 0, 8, 470.62, 571636, 1159
1882, 1, 108, 217, 167, 0, 1.77%, 0, 0, 8, 222.71, 572406, 1159
1887, 1, 108, 218, 168, 0, 1.77%, 0, 0, 8, 157.38, 573125, 1159
1892, 1, 108, 219, 169, 0, 1.77%, 0, 0, 8, 154.51, 573892, 1159
1897, 1, 108, 219, 169, 0, 1.77%, 0, 0, 8, 150.82, 574648, 1159
1902, 1, 108, 219, 169, 0, 1.77%, 0, 0, 8, 144.82, 575368, 1159
1907, 1, 108, 219, 169, 0, 1.77%, 0, 0, 8, 140.79, 576100, 1159
1912, 1, 108, 219, 169, 0, 1.77%, 0, 0, 8, 144.43, 576836, 1159
1917, 1, 108, 220, 170, 0, 1.77%, 0, 0, 8, 140.33, 577534, 1160
1922, 1, 108, 220, 170, 0, 1.77%, 0, 0, 8, 149.31, 578318, 1160
1927, 1, 108, 220, 170, 0, 1.77%, 0, 0, 8, 146.85, 579058, 1160
1932, 1, 108, 220, 170, 0, 1.77%, 0, 0, 8, 154.44, 579837, 1160
1937, 1, 108, 220, 170, 0, 1.77%, 0, 0, 8, 144.71, 580540, 1160
1942, 1, 219, 220, 170, 2, 1.77%, 0, 0, 8, 238.04, 581938, 1160
1948, 1, 219, 220, 170, 2, 1.77%, 0, 0, 8, 160.23, 582606, 1160
1953, 1, 207, 220, 169, 0, 1.77%, 0, 0, 8, 412.56, 584510, 1160
1958, 1, 207, 220, 169, 0, 1.77%, 0, 0, 8, 640.29, 588093, 1160
1963, 1, 207, 220, 169, 0, 1.77%, 0, 0, 8, 685.63, 591674, 1160
1968, 1, 207, 220, 169, 0, 1.77%, 0, 0, 8, 672.73, 595145, 1160
1973, 1, 207, 220, 169, 0, 1.77%, 0, 0, 8, 692.32, 598709, 1160
1979, 1, 207, 220, 169, 0, 1.77%, 0, 0, 8, 697.02, 602284, 1160
1984, 1, 5, 220, 169, 0, 1.77%, 0, 0, 8, 709.91, 605913, 1160
1989, 1, 207, 220, 169, 0, 1.77%, 0, 0, 8, 711.50, 609581, 1160
1994, 1, 207, 220, 169, 0, 1.77%, 0, 0, 8, 701.81, 613221, 1160
1999, 1, 10, 220, 169, 0, 1.77%, 0, 0, 8, 712.64, 616897, 1160
2004, 1, 60, 220, 169, 0, 1.77%, 0, 0, 8, 346.36, 618165, 1160
2009, 1, 60, 220, 169, 0, 1.77%, 0, 0, 8, 232.33, 619209, 1160
2014, 1, 60, 220, 169, 0, 1.77%, 0, 0, 8, 209.45, 620257, 1160
2020, 1, 60, 220, 169, 0, 1.77%, 0, 0, 8, 212.24, 621325, 1160
2025, 1, 10, 220, 169, 0, 1.77%, 0, 0, 8, 239.21, 622489, 1160
2030, 1, 207, 220, 169, 0, 1.77%, 0, 0, 8, 616.56, 626153, 1160
2035, 1, 207, 220, 169, 0, 1.77%, 0, 0, 8, 667.11, 629681, 1160
2040, 1, 207, 220, 169, 0, 1.77%, 0, 0, 8, 702.77, 633247, 1160
2045, 1, 207, 220, 168, 0, 1.77%, 0, 0, 8, 710.81, 636863, 1160
2050, 1, 207, 220, 168, 0, 1.77%, 0, 0, 8, 707.96, 640531, 1160
2055, 1, 207, 220, 168, 0, 1.77%, 0, 0, 8, 703.64, 644065, 1160
2060, 1, 215, 220, 168, 0, 1.77%, 0, 0, 8, 483.81, 646566, 1160
2065, 1, 5, 220, 168, 0, 1.77%, 0, 0, 8, 537.38, 648891, 1160
2070, 1, 60, 220, 168, 0, 1.77%, 0, 0, 8, 501.47, 651729, 1160
2076, 1, 60, 220, 168, 0, 1.77%, 0, 0, 8, 269.18, 652784, 1160
2081, 1, 60, 220, 168, 0, 1.77%, 0, 0, 8, 223.04, 653887, 1160
2086, 1, 5, 220, 168, 0, 1.77%, 0, 0, 8, 505.83, 656685, 1160
2091, 1, 10, 220, 167, 0, 1.77%, 0, 0, 8, 668.02, 660373, 1160
2096, 1, 205, 220, 167, 0, 1.77%, 0, 0, 8, 264.71, 661111, 1160
2101, 1, 205, 220, 167, 0, 1.77%, 0, 0, 8, 153.60, 661745, 1160
2106, 1, 205, 220, 167, 0, 1.77%, 0, 0, 8, 129.63, 662370, 1160
2111, 1, 174, 220, 167, 0, 1.77%, 0, 0, 8, 129.37, 663018, 1160
2116, 1, 174, 220, 167, 0, 1.77%, 0, 0, 8, 134.35, 663702, 1160
2122, 1, 174, 220, 167, 0, 1.77%, 0, 0, 8, 129.62, 664348, 1160
2127, 1, 174, 220, 167, 0, 1.77%, 0, 0, 8, 127.41, 664996, 1160
2132, 1, 129, 220, 167, 0, 1.77%, 0, 0, 8, 147.27, 665744, 1160
2137, 1, 129, 221, 168, 0, 1.77%, 0, 0, 8, 148.46, 666510, 1160
2142, 1, 129, 221, 168, 0, 1.77%, 0, 0, 8, 151.71, 667276, 1160
2147, 1, 207, 221, 168, 1, 1.77%, 0, 0, 8, 513.12, 669916, 1160
2152, 1, 207, 221, 168, 1, 1.77%, 0, 0, 8, 660.42, 673497, 1160
2157, 1, 207, 221, 168, 1, 1.77%, 0, 0, 8, 691.41, 677072, 1160
2162, 1, 220, 221, 168, 1, 1.77%, 0, 0, 8, 89.56, 678823, 1160
2167, 1, 220, 221, 168, 1, 1.77%, 0, 0, 8, 140.75, 679584, 1160
2172, 1, 220, 222, 169, 1, 1.77%, 0, 0, 8, 146.83, 680322, 1160
2178, 1, 5, 222, 168, 0, 1.77%, 0, 0, 8, 346.82, 681880, 1160
2183, 1, 207, 222, 168, 0, 1.77%, 0, 0, 8, 630.31, 685464, 1160
2188, 1, 5, 222, 168, 0, 1.77%, 0, 0, 8, 684.66, 689048, 1160
2193, 2, 207, 222, 168, 0, 1.77%, 0, 0, 8, 684.40, 692603, 1160
2198, 2, 207, 222, 168, 0, 1.77%, 0, 0, 8, 696.73, 696178, 1160
2203, 2, 5, 222, 168, 0, 1.77%, 0, 0, 8, 706.75, 699740, 1160
2208, 2, 207, 222, 168, 0, 1.77%, 0, 0, 8, 705.87, 703312, 1160
2213, 2, 207, 222, 168, 0, 1.77%, 0, 0, 8, 704.71, 706888, 1160
2218, 2, 207, 222, 168, 0, 1.77%, 0, 0, 8, 702.55, 710458, 1160
2223, 2, 207, 222, 168, 0, 1.77%, 0, 0, 8, 704.45, 714040, 1160
2228, 2, 5, 222, 168, 0, 1.77%, 0, 0, 8, 691.29, 717543, 1160
2234, 2, 207, 222, 168, 0, 1.77%, 0, 0, 8, 691.25, 721084, 1160
2239, 2, 207, 222, 168, 0, 1.77%, 0, 0, 8, 701.23, 724674, 1160
2244, 2, 207, 222, 168, 0, 1.77%, 0, 0, 8, 702.55, 728260, 1160
2249, 2, 207, 222, 168, 0, 1.77%, 0, 0, 8, 702.79, 731794, 1160
2254, 2, 207, 222, 168, 0, 1.77%, 0, 0, 8, 704.29, 735420, 1160
2259, 2, 207, 222, 168, 0, 1.77%, 0, 0, 8, 697.88, 738924, 1160
2264, 2, 207, 222, 168, 0, 1.77%, 0, 0, 8, 709.63, 742520, 1160
2269, 2, 207, 222, 168, 0, 1.77%, 0, 0, 8, 713.57, 746178, 1160
2274, 2, 60, 222, 168, 0, 1.77%, 0, 0, 8, 614.49, 749478, 1160
2279, 2, 60, 222, 168, 0, 1.77%, 0, 0, 8, 317.23, 750618, 1160
2285, 2, 60, 222, 168, 0, 1.77%, 0, 0, 8, 228.06, 751662, 1160
2290, 2, 198, 222, 168, 0, 1.77%, 0, 0, 8, 237.32, 753022, 1160
2295, 2, 207, 222, 168, 0, 1.77%, 0, 0, 8, 523.82, 755748, 1160
2300, 2, 207, 222, 168, 0, 1.77%, 0, 0, 8, 662.18, 759318, 1160
2305, 2, 207, 222, 168, 0, 1.77%, 0, 0, 8, 694.20, 762893, 1160
2310, 2, 5, 222, 168, 0, 1.77%, 0, 0, 8, 703.33, 766452, 1160
2315, 2, 205, 222, 168, 0, 1.77%, 0, 0, 8, 124.85, 768386, 1160
2320, 2, 205, 222, 168, 0, 1.77%, 0, 0, 8, 123.84, 769018, 1160
2325, 2, 205, 222, 168, 0, 1.77%, 0, 0, 8, 130.46, 769708, 1160
2330, 2, 10, 222, 168, 0, 1.77%, 0, 0, 8, 141.42, 770412, 1160
2336, 2, 119, 222, 168, 0, 1.77%, 0, 0, 8, 695.82, 774008, 1160
2341, 2, 10, 222, 168, 0, 1.77%, 0, 0, 8, 637.40, 777124, 1160
2346, 2, 215, 222, 168, 0, 1.77%, 0, 0, 8, 383.38, 778988, 1160
2351, 2, 207, 222, 168, 0, 1.77%, 0, 0, 8, 588.91, 781962, 1160
2356, 2, 207, 222, 168, 0, 1.77%, 0, 0, 8, 681.24, 785548, 1160
2361, 2, 207, 222, 167, 0, 1.77%, 0, 0, 8, 668.75, 788987, 1160
2366, 2, 5, 222, 167, 0, 1.77%, 0, 0, 8, 694.28, 792543, 1160
2371, 2, 205, 222, 167, 0, 1.77%, 0, 0, 8, 584.18, 795621, 1160
2376, 2, 205, 222, 167, 0, 1.77%, 0, 0, 8, 238.84, 796269, 1160
2381, 2, 205, 222, 167, 0, 1.77%, 0, 0, 8, 155.47, 796941, 1160
2387, 2, 205, 222, 167, 0, 1.77%, 0, 0, 8, 131.58, 797565, 1160
2392, 2, 5, 222, 167, 0, 1.77%, 0, 0, 8, 706.80, 799853, 1160
2397, 2, 207, 222, 167, 0, 1.77%, 0, 0, 8, 705.00, 803449, 1160
2402, 2, 10, 222, 167, 0, 1.77%, 0, 0, 8, 702.51, 806997, 1160
2407, 2, 205, 222, 167, 0, 1.77%, 0, 0, 8, 128.01, 808111, 1160
2412, 2, 205, 222, 167, 0, 1.77%, 0, 0, 8, 131.28, 808771, 1160
2417, 2, 205, 222, 167, 0, 1.77%, 0, 0, 8, 127.62, 809405, 1160
2422, 2, 205, 222, 167, 0, 1.77%, 0, 0, 8, 130.63, 810057, 1160
2427, 2, 205, 222, 167, 0, 1.77%, 0, 0, 8, 124.29, 810667, 1160
2432, 2, 205, 222, 167, 0, 1.77%, 0, 0, 8, 127.13, 811307, 1160
2437, 2, 205, 222, 167, 0, 1.77%, 0, 0, 8, 124.16, 811917, 1160
2442, 2, 207, 222, 167, 0, 1.77%, 0, 0, 8, 452.13, 814095, 1160
2447, 2, 207, 222, 167, 0, 1.77%, 0, 0, 8, 648.75, 817693, 1160
2452, 2, 207, 222, 167, 0, 1.77%, 0, 0, 8, 690.94, 821266, 1160
2458, 2, 205, 222, 167, 0, 1.77%, 0, 0, 8, 112.36, 823563, 1160
2463, 2, 205, 222, 167, 0, 1.77%, 0, 0, 8, 127.52, 824255, 1160
2468, 2, 205, 222, 167, 0, 1.77%, 0, 0, 8, 124.86, 824891, 1160
2473, 2, 205, 222, 167, 0, 1.77%, 0, 0, 8, 121.38, 825513, 1160
2478, 2, 207, 222, 167, 0, 1.77%, 0, 0, 8, 701.34, 828481, 1160
2483, 2, 207, 222, 167, 0, 1.77%, 0, 0, 8, 699.93, 832094, 1160
2488, 2, 205, 222, 167, 0, 1.77%, 0, 0, 8, 122.08, 833245, 1160
2493, 2, 205, 222, 167, 0, 1.77%, 0, 0, 8, 125.31, 833881, 1160
2498, 2, 205, 222, 167, 0, 1.77%, 0, 0, 8, 125.41, 834507, 1160
2503, 2, 207, 222, 167, 0, 1.77%, 0, 0, 8, 703.43, 835647, 1160
2508, 2, 207, 222, 167, 0, 1.77%, 0, 0, 8, 701.62, 839175, 1160
2514, 2, 119, 222, 167, 0, 1.77%, 0, 0, 8, 665.22, 842543, 1160
2519, 2, 207, 222, 167, 0, 1.77%, 0, 0, 8, 680.55, 845996, 1160
2524, 2, 10, 222, 167, 0, 1.77%, 0, 0, 8, 700.68, 849589, 1160
2529, 2, 207, 222, 167, 0, 1.77%, 0, 0, 8, 703.07, 853175, 1160
2534, 2, 10, 222, 167, 0, 1.77%, 0, 0, 8, 705.47, 856755, 1160
2539, 2, 215, 222, 167, 0, 1.77%, 0, 0, 8, 452.01, 859077, 1160
2544, 2, 207, 222, 167, 0, 1.77%, 0, 0, 8, 534.53, 861421, 1160
2549, 2, 207, 222, 167, 0, 1.77%, 0, 0, 8, 669.26, 865015, 1160
2554, 2, 207, 222, 167, 0, 1.77%, 0, 0, 8, 697.22, 868609, 1160
2560, 2, 119, 222, 167, 0, 1.77%, 0, 0, 8, 635.53, 871917, 1160
2565, 2, 5, 222, 167, 0, 1.77%, 0, 0, 8, 673.59, 875341, 1160
2570, 2, 10, 222, 167, 0, 1.77%, 0, 0, 8, 704.82, 879036, 1160
2575, 2, 207, 222, 167, 0, 1.77%, 0, 0, 8, 706.73, 882679, 1160
2580, 2, 207, 222, 167, 0, 1.77%, 0, 0, 8, 704.46, 886263, 1160
2585, 2, 207, 222, 167, 0, 1.77%, 0, 0, 8, 705.37, 889867, 1160
2590, 2, 5, 222, 167, 0, 1.77%, 0, 0, 8, 706.00, 893473, 1160
2596, 2, 207, 222, 167, 0, 1.77%, 0, 0, 8, 706.93, 897103, 1160
2601, 2, 207, 222, 167, 0, 1.77%, 0, 0, 8, 705.55, 900729, 1160
2606, 2, 207, 222, 167, 0, 1.77%, 0, 0, 8, 704.69, 904333, 1160
2611, 2, 5, 222, 167, 0, 1.77%, 0, 0, 8, 704.25, 907933, 1160
2616, 2, 60, 222, 167, 0, 1.77%, 0, 0, 8, 517.85, 910693, 1160
2621, 2, 60, 222, 167, 0, 1.77%, 0, 0, 8, 281.71, 911763, 1160
2626, 2, 60, 222, 167, 0, 1.77%, 0, 0, 8, 208.84, 912729, 1160
2631, 2, 198, 222, 167, 0, 1.77%, 0, 0, 8, 194.71, 913784, 1160
2636, 2, 60, 222, 167, 0, 1.77%, 0, 0, 8, 213.98, 914991, 1160
2642, 2, 60, 222, 167, 0, 1.77%, 0, 0, 8, 204.55, 916027, 1160
2647, 2, 5, 222, 167, 0, 1.77%, 0, 0, 8, 434.83, 918047, 1160
2652, 2, 207, 222, 166, 0, 1.77%, 0, 0, 8, 639.65, 921598, 1160
2657, 2, 207, 222, 166, 0, 1.77%, 0, 0, 8, 689.87, 925184, 1160
2662, 2, 207, 222, 166, 0, 1.77%, 0, 0, 8, 700.77, 928784, 1160
2667, 2, 207, 222, 166, 0, 1.77%, 0, 0, 8, 702.16, 932388, 1160
2672, 2, 207, 222, 166, 0, 1.77%, 0, 0, 8, 708.19, 936042, 1160
2677, 2, 207, 222, 166, 0, 1.77%, 0, 0, 8, 704.49, 939624, 1160
2682, 2, 5, 222, 166, 0, 1.77%, 0, 0, 8, 706.34, 943262, 1160
2688, 2, 10, 222, 166, 0, 1.77%, 0, 0, 8, 703.87, 946880, 1160
2693, 2, 207, 222, 166, 0, 1.77%, 0, 0, 8, 691.44, 950390, 1160
2698, 2, 207, 222, 166, 0, 1.77%, 0, 0, 8, 703.35, 954072, 1160
2703, 2, 207, 222, 166, 0, 1.77%, 0, 0, 8, 704.08, 957698, 1160
2708, 2, 207, 222, 166, 0, 1.77%, 0, 0, 8, 704.55, 961274, 1160
2713, 2, 207, 222, 166, 0, 1.77%, 0, 0, 8, 709.89, 964934, 1160
2718, 2, 207, 222, 166, 0, 1.77%, 0, 0, 8, 705.07, 968490, 1160
2724, 2, 60, 222, 166, 0, 1.77%, 0, 0, 8, 385.36, 970413, 1160
2729, 2, 60, 222, 166, 0, 1.77%, 0, 0, 8, 244.48, 971494, 1160
2734, 2, 207, 222, 166, 0, 1.77%, 0, 0, 8, 382.97, 973229, 1160
2739, 2, 207, 222, 166, 0, 1.77%, 0, 0, 8, 639.93, 976814, 1160
2744, 2, 207, 222, 166, 0, 1.77%, 0, 0, 8, 690.80, 980405, 1160
2749, 2, 207, 222, 166, 0, 1.77%, 0, 0, 8, 701.14, 984010, 1160
2754, 2, 207, 222, 166, 0, 1.77%, 0, 0, 8, 689.40, 987562, 1160
2759, 2, 207, 222, 166, 0, 1.77%, 0, 0, 8, 684.28, 991027, 1160
2765, 2, 5, 222, 166, 0, 1.77%, 0, 0, 8, 698.96, 994609, 1160
2770, 2, 5, 222, 166, 0, 1.77%, 0, 0, 8, 704.64, 998192, 1160
2775, 2, 207, 222, 166, 0, 1.77%, 0, 0, 8, 702.40, 1001732, 1160
2780, 2, 10, 222, 166, 0, 1.77%, 0, 0, 8, 704.48, 1005296, 1160
2785, 2, 207, 222, 166, 0, 1.77%, 0, 0, 8, 693.26, 1008799, 1160
2790, 2, 207, 222, 166, 0, 1.77%, 0, 0, 8, 702.23, 1012442, 1160
2795, 2, 207, 222, 166, 0, 1.77%, 0, 0, 8, 703.57, 1016068, 1160
2800, 2, 207, 222, 166, 0, 1.77%, 0, 0, 8, 705.13, 1019650, 1160
2805, 2, 10, 222, 166, 0, 1.77%, 0, 0, 8, 699.40, 1023151, 1160
2810, 2, 119, 222, 166, 0, 1.77%, 0, 0, 8, 637.82, 1026414, 1160
2816, 2, 207, 222, 166, 0, 1.77%, 0, 0, 8, 690.78, 1030003, 1160
2821, 2, 5, 222, 166, 0, 1.77%, 0, 0, 8, 686.79, 1033546, 1160
2826, 2, 5, 222, 166, 0, 1.77%, 0, 0, 8, 698.07, 1037102, 1160
2831, 2, 5, 222, 166, 0, 1.77%, 0, 0, 8, 706.34, 1040694, 1160
2836, 3, 205, 222, 166, 0, 1.77%, 0, 0, 8, 116.59, 1042814, 1160
2841, 3, 205, 222, 166, 0, 1.77%, 0, 0, 8, 128.25, 1043470, 1160
2846, 3, 205, 222, 166, 0, 1.77%, 0, 0, 8, 127.26, 1044124, 1160
2851, 3, 205, 222, 166, 0, 1.77%, 0, 0, 8, 126.81, 1044766, 1160
2856, 3, 60, 222, 166, 0, 1.77%, 0, 0, 8, 451.62, 1046719, 1160
2862, 3, 60, 222, 166, 0, 1.77%, 0, 0, 8, 265.05, 1047825, 1160
2867, 3, 10, 222, 166, 0, 1.77%, 0, 0, 8, 253.58, 1048986, 1160
2872, 3, 207, 222, 166, 0, 1.77%, 0, 0, 8, 612.35, 1052594, 1160
2877, 3, 207, 222, 166, 0, 1.77%, 0, 0, 8, 687.58, 1056232, 1160
2882, 3, 207, 222, 166, 0, 1.77%, 0, 0, 8, 701.42, 1059830, 1160
2887, 3, 207, 222, 166, 0, 1.77%, 0, 0, 8, 689.47, 1063324, 1160
2892, 3, 205, 222, 166, 0, 1.77%, 0, 0, 8, 123.53, 1065982, 1160
2897, 3, 205, 222, 166, 0, 1.77%, 0, 0, 8, 117.39, 1066566, 1160
2902, 3, 205, 222, 166, 0, 1.77%, 0, 0, 8, 123.60, 1067222, 1160
2907, 3, 205, 222, 166, 0, 1.77%, 0, 0, 8, 124.97, 1067844, 1160
2913, 3, 207, 222, 166, 0, 1.77%, 0, 0, 8, 452.84, 1070008, 1160
2918, 3, 207, 222, 166, 0, 1.77%, 0, 0, 8, 655.23, 1073634, 1160
2923, 3, 207, 222, 166, 0, 1.77%, 0, 0, 8, 696.33, 1077241, 1160
2928, 3, 207, 222, 166, 0, 1.77%, 0, 0, 8, 706.37, 1080822, 1160
2933, 3, 207, 222, 166, 0, 1.77%, 0, 0, 8, 705.00, 1084406, 1160
2938, 3, 207, 222, 166, 0, 1.77%, 0, 0, 8, 707.18, 1088014, 1160
2943, 3, 207, 222, 166, 0, 1.77%, 0, 0, 8, 705.75, 1091612, 1160
2948, 3, 207, 222, 166, 0, 1.77%, 0, 0, 8, 705.70, 1095184, 1160
2953, 3, 207, 222, 166, 0, 1.77%, 0, 0, 8, 689.54, 1098676, 1160
2958, 3, 5, 222, 166, 0, 1.77%, 0, 0, 8, 697.60, 1102255, 1160
2964, 3, 205, 222, 166, 0, 1.77%, 0, 0, 8, 124.10, 1103822, 1160
2969, 3, 205, 222, 166, 0, 1.77%, 0, 0, 8, 129.00, 1104500, 1160
2974, 3, 205, 222, 166, 0, 1.77%, 0, 0, 8, 124.01, 1105140, 1160
2979, 3, 10, 222, 166, 0, 1.77%, 0, 0, 8, 716.37, 1106064, 1160
2984, 3, 207, 222, 166, 0, 1.77%, 0, 0, 8, 713.75, 1109748, 1160
2989, 3, 207, 222, 166, 0, 1.77%, 0, 0, 8, 708.19, 1113358, 1160
2994, 3, 207, 222, 166, 0, 1.77%, 0, 0, 8, 704.29, 1116956, 1160
2999, 3, 10, 222, 166, 0, 1.77%, 0, 0, 8, 398.16, 1118566, 1160
3005, 3, 207, 222, 166, 0, 1.77%, 0, 0, 8, 641.69, 1122180, 1160
3010, 3, 60, 222, 166, 0, 1.77%, 0, 0, 8, 459.75, 1124683, 1160
3015, 3, 60, 222, 166, 0, 1.77%, 0, 0, 8, 261.29, 1125711, 1160
3020, 3, 60, 222, 166, 0, 1.77%, 0, 0, 8, 213.09, 1126742, 1160
3025, 3, 205, 222, 166, 0, 1.77%, 0, 0, 8, 144.68, 1127412, 1160
3030, 3, 205, 222, 166, 0, 1.77%, 0, 0, 8, 134.06, 1128068, 1160
3035, 3, 205, 222, 166, 0, 1.77%, 0, 0, 8, 126.73, 1128704, 1160
3040, 3, 207, 222, 166, 0, 1.77%, 0, 0, 8, 301.42, 1129991, 1160
3045, 3, 207, 222, 166, 0, 1.77%, 0, 0, 8, 630.28, 1133630, 1160
3050, 3, 207, 222, 166, 0, 1.77%, 0, 0, 8, 691.87, 1137283, 1160
3055, 3, 207, 222, 166, 0, 1.77%, 0, 0, 8, 706.08, 1140854, 1160
3061, 3, 207, 222, 166, 0, 1.77%, 0, 0, 8, 707.25, 1144480, 1160
3066, 3, 207, 222, 166, 0, 1.77%, 0, 0, 8, 701.96, 1147994, 1160
3071, 3, 207, 222, 166, 0, 1.77%, 0, 0, 8, 706.11, 1151564, 1160
3076, 3, 207, 222, 166, 0, 1.77%, 0, 0, 8, 708.64, 1155210, 1160
3081, 3, 207, 222, 166, 0, 1.77%, 0, 0, 8, 706.61, 1158810, 1160
3086, 3, 207, 222, 166, 0, 1.77%, 0, 0, 8, 609.27, 1161900, 1160
3091, 3, 207, 222, 166, 0, 1.77%, 0, 0, 8, 680.25, 1165442, 1160
3096, 3, 207, 222, 166, 0, 1.77%, 0, 0, 8, 697.04, 1169036, 1160
3101, 3, 207, 222, 166, 0, 1.77%, 0, 0, 8, 703.91, 1172572, 1160
3106, 3, 207, 222, 166, 0, 1.77%, 0, 0, 8, 703.31, 1176126, 1160
3112, 3, 207, 222, 166, 0, 1.77%, 0, 0, 8, 710.35, 1179780, 1160
3117, 3, 207, 222, 166, 0, 1.77%, 0, 0, 8, 713.26, 1183422, 1160
3122, 3, 207, 222, 166, 0, 1.77%, 0, 0, 8, 716.09, 1187076, 1160
3127, 3, 207, 222, 166, 0, 1.77%, 0, 0, 8, 711.93, 1190744, 1160
3132, 3, 207, 222, 166, 0, 1.77%, 0, 0, 8, 714.22, 1194418, 1160
3137, 3, 207, 222, 166, 0, 1.77%, 0, 0, 8, 710.08, 1198064, 1160
3142, 3, 207, 222, 166, 0, 1.77%, 0, 0, 8, 706.99, 1201704, 1160
3147, 3, 219, 222, 166, 0, 1.77%, 0, 0, 8, 140.19, 1203224, 1160
3152, 3, 219, 222, 166, 0, 1.77%, 0, 0, 8, 144.79, 1203976, 1160
3158, 3, 219, 222, 166, 0, 1.77%, 0, 0, 8, 143.74, 1204724, 1160
3163, 3, 5, 222, 166, 0, 1.77%, 0, 0, 8, 476.81, 1207050, 1160
3168, 3, 5, 222, 166, 0, 1.77%, 0, 0, 8, 662.30, 1210675, 1160
3173, 3, 6, 222, 166, 0, 1.77%, 0, 0, 8, 700.44, 1214317, 1160
3178, 3, 5, 222, 166, 0, 1.77%, 0, 0, 8, 706.69, 1217950, 1160
3183, 3, 205, 222, 166, 0, 1.77%, 0, 0, 8, 125.46, 1219420, 1160
3189, 3, 205, 222, 166, 0, 1.77%, 0, 0, 8, 127.42, 1220082, 1160
3194, 3, 205, 222, 166, 0, 1.77%, 0, 0, 8, 124.78, 1220708, 1160
3199, 3, 5, 222, 166, 0, 1.77%, 0, 0, 8, 676.83, 1221714, 1160
3204, 3, 205, 222, 166, 0, 1.77%, 0, 0, 8, 120.81, 1224156, 1160
3209, 3, 205, 222, 166, 0, 1.77%, 0, 0, 8, 125.78, 1224802, 1160
3214, 3, 205, 222, 166, 0, 1.77%, 0, 0, 8, 121.02, 1225410, 1160
3219, 3, 205, 222, 166, 0, 1.77%, 0, 0, 8, 122.95, 1226028, 1160
3224, 3, 5, 222, 166, 0, 1.77%, 0, 0, 8, 710.21, 1228286, 1160
3229, 3, 5, 222, 166, 0, 1.77%, 0, 0, 8, 704.61, 1231846, 1160
3234, 3, 182, 222, 166, 0, 1.77%, 0, 0, 8, 94.57, 1234402, 1160
3239, 3, 182, 223, 167, 0, 1.77%, 0, 0, 8, 125.55, 1235032, 1160
3244, 3, 41, 223, 166, 0, 1.77%, 0, 0, 8, 122.64, 1235704, 1160
3250, 3, 6, 223, 165, 0, 1.77%, 0, 0, 8, 650.82, 1237000, 1160
3255, 3, 5, 223, 165, 0, 1.77%, 0, 0, 8, 692.96, 1240600, 1160
3260, 3, 205, 223, 165, 0, 1.77%, 0, 0, 8, 123.66, 1242648, 1160
3265, 3, 205, 223, 165, 0, 1.77%, 0, 0, 8, 126.19, 1243296, 1160
3270, 3, 205, 223, 165, 0, 1.77%, 0, 0, 8, 126.31, 1243950, 1160
3275, 3, 205, 223, 165, 0, 1.77%, 0, 0, 8, 122.44, 1244580, 1160
3280, 3, 5, 223, 164, 0, 1.77%, 0, 0, 8, 694.79, 1247796, 1160
3285, 3, 5, 223, 164, 0, 1.77%, 0, 0, 8, 685.69, 1251324, 1160
3290, 3, 10, 223, 164, 0, 1.77%, 0, 0, 8, 710.17, 1255033, 1160
3296, 3, 5, 223, 164, 0, 1.77%, 0, 0, 8, 708.01, 1258671, 1160
3301, 3, 207, 223, 164, 0, 1.77%, 0, 0, 8, 703.65, 1262229, 1160
3306, 3, 207, 223, 164, 0, 1.77%, 0, 0, 8, 702.56, 1265763, 1160
3311, 3, 207, 223, 164, 0, 1.77%, 0, 0, 8, 712.03, 1269417, 1160
3316, 3, 207, 223, 164, 0, 1.77%, 0, 0, 8, 710.47, 1273077, 1160
3321, 3, 205, 223, 164, 0, 1.77%, 0, 0, 8, 608.93, 1276329, 1160
3326, 3, 205, 223, 164, 0, 1.77%, 0, 0, 8, 128.91, 1276999, 1160
3331, 3, 205, 223, 164, 0, 1.77%, 0, 0, 8, 121.78, 1277605, 1160
3336, 3, 205, 223, 164, 0, 1.77%, 0, 0, 8, 129.14, 1278259, 1160
3341, 3, 5, 223, 164, 0, 1.77%, 0, 0, 8, 447.10, 1280381, 1160
3347, 3, 5, 223, 164, 0, 1.77%, 0, 0, 8, 644.05, 1283965, 1160
3352, 3, 186, 224, 165, 0, 1.77%, 0, 0, 8, 108.59, 1284791, 1160
3357, 3, 186, 224, 165, 0, 1.77%, 0, 0, 8, 140.69, 1285551, 1160
3362, 3, 207, 224, 164, 0, 1.77%, 0, 0, 8, 574.54, 1288884, 1160
3367, 3, 207, 224, 164, 0, 1.77%, 0, 0, 8, 678.49, 1292476, 1160
3372, 3, 5, 224, 164, 0, 1.77%, 0, 0, 8, 702.44, 1296099, 1160
3377, 3, 207, 224, 164, 0, 1.77%, 0, 0, 8, 703.64, 1299687, 1160
3382, 3, 10, 224, 164, 0, 1.77%, 0, 0, 8, 705.06, 1303259, 1160
3387, 3, 205, 224, 164, 0, 1.77%, 0, 0, 8, 129.31, 1303951, 1160
3393, 3, 205, 224, 164, 0, 1.77%, 0, 0, 8, 132.06, 1304633, 1160
3398, 3, 205, 224, 164, 0, 1.77%, 0, 0, 8, 132.66, 1305311, 1160
3403, 3, 119, 224, 164, 0, 1.77%, 0, 0, 8, 403.34, 1307252, 1160
3408, 3, 207, 224, 164, 0, 1.77%, 0, 0, 8, 626.49, 1310689, 1160
3413, 3, 207, 224, 164, 0, 1.77%, 0, 0, 8, 667.98, 1314248, 1160
3418, 3, 10, 224, 164, 0, 1.77%, 0, 0, 8, 690.60, 1317797, 1160
3424, 3, 207, 224, 164, 0, 1.77%, 0, 0, 8, 699.42, 1321384, 1160
3429, 3, 207, 224, 164, 0, 1.77%, 0, 0, 8, 703.08, 1324937, 1160
3434, 3, 207, 224, 164, 0, 1.77%, 0, 0, 8, 702.82, 1328479, 1160
3439, 3, 5, 224, 164, 0, 1.77%, 0, 0, 8, 704.54, 1332011, 1160
3444, 3, 207, 224, 164, 0, 1.77%, 0, 0, 8, 704.81, 1335623, 1160
3449, 3, 5, 224, 164, 0, 1.77%, 0, 0, 8, 705.18, 1339191, 1160
3454, 3, 207, 224, 164, 0, 1.77%, 0, 0, 8, 710.45, 1342859, 1160
3459, 3, 207, 224, 164, 0, 1.77%, 0, 0, 8, 705.19, 1346429, 1160
3464, 3, 5, 224, 164, 0, 1.77%, 0, 0, 8, 701.42, 1350029, 1160
3469, 3, 60, 224, 164, 0, 1.77%, 0, 0, 8, 344.76, 1351501, 1160
3474, 3, 60, 224, 164, 0, 1.77%, 0, 0, 8, 246.48, 1352619, 1160
3480, 3, 5, 224, 164, 0, 1.77%, 0, 0, 8, 412.66, 1354466, 1160
3485, 3, 207, 224, 164, 0, 1.77%, 0, 0, 8, 642.41, 1358031, 1160
3490, 3, 207, 224, 164, 0, 1.77%, 0, 0, 8, 692.22, 1361608, 1160
3495, 3, 207, 224, 164, 0, 1.77%, 0, 0, 8, 701.73, 1365233, 1160
3500, 3, 207, 224, 164, 0, 1.77%, 0, 0, 8, 703.96, 1368865, 1160
3505, 3, 207, 224, 164, 0, 1.77%, 0, 0, 8, 704.91, 1372435, 1160
3510, 3, 60, 224, 164, 0, 1.77%, 0, 0, 8, 320.13, 1373517, 1160
3515, 3, 60, 224, 164, 0, 1.77%, 0, 0, 8, 245.00, 1374669, 1160
3520, 3, 205, 224, 164, 0, 1.77%, 0, 0, 8, 225.24, 1375861, 1160
3526, 3, 205, 224, 164, 0, 1.77%, 0, 0, 8, 138.56, 1376459, 1160
3531, 3, 205, 224, 164, 0, 1.77%, 0, 0, 8, 123.47, 1377079, 1160
3536, 3, 205, 224, 164, 0, 1.77%, 0, 0, 8, 120.38, 1377705, 1160
3541, 3, 207, 224, 164, 0, 1.77%, 0, 0, 8, 493.09, 1380191, 1160
3546, 3, 207, 224, 164, 0, 1.77%, 0, 0, 8, 638.31, 1383707, 1160
3551, 3, 207, 224, 164, 0, 1.77%, 0, 0, 8, 685.11, 1387264, 1160
3556, 3, 205, 224, 164, 0, 1.77%, 0, 0, 8, 115.85, 1389095, 1160
3561, 3, 205, 224, 164, 0, 1.77%, 0, 0, 8, 124.87, 1389733, 1160
3566, 3, 205, 224, 164, 0, 1.77%, 0, 0, 8, 123.27, 1390363, 1160
3571, 3, 205, 224, 164, 0, 1.77%, 0, 0, 8, 126.85, 1391003, 1160
3577, 3, 205, 224, 164, 0, 1.77%, 0, 0, 8, 136.68, 1391789, 1160
3582, 3, 205, 224, 164, 0, 1.77%, 0, 0, 8, 124.76, 1392397, 1160
3587, 3, 205, 224, 164, 0, 1.77%, 0, 0, 8, 125.89, 1393055, 1160
3592, 4, 10, 224, 164, 0, 1.77%, 0, 0, 8, 215.04, 1394026, 1160
3597, 4, 207, 224, 164, 0, 1.77%, 0, 0, 8, 602.59, 1397615, 1160
3602, 4, 207, 224, 164, 0, 1.77%, 0, 0, 8, 684.71, 1401271, 1160
3607, 4, 207, 224, 164, 0, 1.77%, 0, 0, 8, 694.82, 1404846, 1160
3613, 4, 207, 224, 164, 0, 1.77%, 0, 0, 8, 680.74, 1408359, 1160
3618, 4, 207, 224, 164, 0, 1.77%, 0, 0, 8, 693.45, 1411927, 1160
3623, 4, 207, 224, 164, 0, 1.77%, 0, 0, 8, 701.11, 1415523, 1160
3628, 4, 199, 224, 164, 0, 1.77%, 0, 0, 8, 84.90, 1417911, 1160
3633, 4, 199, 225, 165, 0, 1.77%, 0, 0, 9, 127.41, 1418604, 1160
3638, 4, 199, 225, 165, 0, 1.77%, 0, 0, 9, 144.73, 1419380, 1160
3643, 4, 169, 225, 164, 1, 1.77%, 0, 0, 9, 141.97, 1420106, 1160
3648, 4, 169, 225, 164, 1, 1.77%, 0, 0, 9, 133.58, 1420796, 1160
3653, 4, 169, 225, 164, 1, 1.77%, 0, 0, 9, 135.83, 1421474, 1160
3659, 4, 207, 225, 164, 1, 1.77%, 0, 0, 9, 526.07, 1424500, 1160
3664, 4, 207, 225, 164, 1, 1.77%, 0, 0, 9, 672.12, 1428069, 1160
3669, 4, 207, 225, 164, 1, 1.77%, 0, 0, 9, 705.48, 1431648, 1160
3674, 4, 5, 225, 164, 1, 1.77%, 0, 0, 9, 711.60, 1435322, 1160
3679, 4, 224, 225, 164, 1, 1.77%, 0, 0, 9, 86.51, 1437780, 1160
3684, 4, 224, 226, 165, 1, 1.77%, 0, 0, 10, 128.67, 1438464, 1160
3689, 4, 224, 227, 166, 1, 1.77%, 0, 0, 10, 142.74, 1439228, 1160
3694, 4, 224, 228, 167, 1, 1.77%, 0, 0, 10, 145.80, 1439988, 1160
3699, 4, 224, 229, 168, 1, 1.77%, 0, 0, 10, 147.47, 1440710, 1160
3705, 4, 224, 229, 168, 1, 1.77%, 0, 0, 10, 142.14, 1441442, 1160
3710, 4, 224, 229, 168, 1, 1.77%, 0, 0, 10, 147.85, 1442212, 1160
3715, 4, 224, 229, 168, 1, 1.77%, 0, 0, 10, 138.56, 1442904, 1160
3720, 4, 224, 229, 168, 1, 1.77%, 0, 0, 10, 145.85, 1443648, 1160
3725, 4, 224, 229, 168, 1, 1.77%, 0, 0, 10, 143.76, 1444362, 1160
3730, 4, 224, 229, 168, 1, 1.77%, 0, 0, 10, 143.71, 1445088, 1160
3735, 4, 224, 229, 168, 1, 1.77%, 0, 0, 10, 143.13, 1445814, 1160
3740, 4, 224, 230, 169, 1, 1.77%, 0, 0, 10, 143.64, 1446570, 1160
3745, 4, 224, 230, 169, 1, 1.77%, 0, 0, 10, 146.76, 1447302, 1160
3750, 4, 224, 230, 169, 1, 1.77%, 0, 0, 10, 139.89, 1448024, 1160
3755, 4, 224, 230, 169, 1, 1.77%, 0, 0, 10, 148.71, 1448804, 1160
3761, 4, 224, 230, 169, 1, 1.77%, 0, 0, 10, 143.08, 1449532, 1160
3766, 4, 5, 230, 168, 0, 1.77%, 0, 0, 10, 268.74, 1450716, 1160
3771, 4, 10, 230, 168, 0, 1.77%, 0, 0, 10, 617.71, 1454316, 1160
3776, 4, 207, 230, 168, 0, 1.77%, 0, 0, 10, 688.80, 1457930, 1160
3781, 4, 207, 230, 168, 0, 1.77%, 0, 0, 10, 699.79, 1461507, 1160
3786, 4, 207, 230, 168, 0, 1.77%, 0, 0, 10, 705.46, 1465062, 1160
3791, 4, 60, 230, 168, 0, 1.77%, 0, 0, 10, 417.95, 1467124, 1160
3796, 4, 60, 230, 168, 0, 1.77%, 0, 0, 10, 262.52, 1468242, 1160
3801, 4, 5, 230, 168, 0, 1.77%, 0, 0, 10, 330.34, 1469696, 1160
3806, 4, 207, 230, 168, 0, 1.77%, 0, 0, 10, 624.74, 1473284, 1160
3812, 4, 207, 230, 168, 0, 1.77%, 0, 0, 10, 663.20, 1476739, 1160
3817, 4, 205, 230, 168, 0, 1.77%, 0, 0, 10, 122.03, 1478044, 1160
3822, 4, 205, 230, 168, 0, 1.77%, 0, 0, 10, 124.63, 1478672, 1160
3827, 4, 205, 230, 168, 0, 1.77%, 0, 0, 10, 126.57, 1479342, 1160
3832, 4, 207, 230, 168, 0, 1.77%, 0, 0, 10, 670.12, 1480580, 1160
3837, 4, 207, 230, 168, 0, 1.77%, 0, 0, 10, 692.60, 1484155, 1160
3842, 4, 219, 230, 168, 0, 1.77%, 0, 0, 10, 137.60, 1485882, 1160
3847, 4, 219, 230, 168, 0, 1.77%, 0, 0, 10, 150.06, 1486653, 1160
3853, 4, 219, 230, 168, 0, 1.77%, 0, 0, 10, 152.62, 1487433, 1160
3858, 4, 207, 230, 168, 0, 1.77%, 0, 0, 10, 474.34, 1489746, 1160
3863, 4, 5, 230, 168, 0, 1.77%, 0, 0, 10, 657.50, 1493332, 1160
3868, 4, 207, 230, 168, 0, 1.77%, 0, 0, 10, 707.14, 1496994, 1160
3873, 4, 207, 230, 168, 0, 1.77%, 0, 0, 10, 695.08, 1500552, 1160
3878, 4, 207, 230, 168, 0, 1.77%, 0, 0, 10, 696.24, 1504108, 1160
3883, 4, 10, 230, 168, 0, 1.77%, 0, 0, 10, 704.51, 1507722, 1160
3888, 4, 60, 230, 168, 0, 1.77%, 0, 0, 10, 333.67, 1509034, 1160
3894, 4, 60, 230, 168, 0, 1.77%, 0, 0, 10, 223.12, 1510082, 1160
3899, 4, 5, 230, 168, 0, 1.77%, 0, 0, 10, 470.04, 1512291, 1160
3904, 4, 5, 230, 168, 0, 1.77%, 0, 0, 10, 660.31, 1515928, 1160
3909, 4, 205, 230, 168, 0, 1.77%, 0, 0, 10, 124.54, 1518086, 1160
3914, 4, 205, 230, 168, 0, 1.77%, 0, 0, 10, 127.59, 1518728, 1160
3919, 4, 205, 230, 168, 0, 1.77%, 0, 0, 10, 125.31, 1519356, 1160
3924, 4, 205, 230, 168, 0, 1.77%, 0, 0, 10, 126.14, 1520016, 1160
3929, 4, 207, 230, 168, 0, 1.77%, 0, 0, 10, 705.11, 1523132, 1160
3934, 4, 207, 230, 168, 0, 1.77%, 0, 0, 10, 702.71, 1526662, 1160
3939, 4, 207, 230, 168, 0, 1.77%, 0, 0, 10, 686.97, 1530189, 1160
3945, 4, 207, 230, 168, 0, 1.77%, 0, 0, 10, 698.12, 1533766, 1160
3950, 4, 10, 230, 168, 0, 1.77%, 0, 0, 10, 703.04, 1537350, 1160
3955, 4, 207, 230, 168, 0, 1.77%, 0, 0, 10, 708.62, 1540990, 1160
3960, 4, 207, 230, 168, 0, 1.77%, 0, 0, 10, 705.33, 1544588, 1160
3965, 4, 198, 230, 168, 0, 1.77%, 0, 0, 10, 136.12, 1546552, 1160
3970, 4, 207, 230, 168, 0, 1.77%, 0, 0, 10, 546.26, 1549520, 1160
3975, 4, 207, 230, 168, 0, 1.77%, 0, 0, 10, 681.89, 1553111, 1160
3980, 4, 207, 230, 168, 0, 1.77%, 0, 0, 10, 702.69, 1556732, 1160
3985, 4, 5, 230, 168, 0, 1.77%, 0, 0, 10, 704.09, 1560308, 1160
3990, 4, 207, 230, 168, 0, 1.77%, 0, 0, 10, 705.23, 1563922, 1160
3996, 4, 207, 230, 168, 0, 1.77%, 0, 0, 10, 706.99, 1567562, 1160
4001, 4, 207, 230, 168, 0, 1.77%, 0, 0, 10, 705.47, 1571176, 1160
4006, 4, 205, 230, 168, 0, 1.77%, 0, 0, 10, 118.19, 1573852, 1160
4011, 4, 205, 230, 168, 0, 1.77%, 0, 0, 10, 121.50, 1574462, 1160
4016, 4, 205, 230, 168, 0, 1.77%, 0, 0, 10, 124.50, 1575086, 1160
4021, 4, 205, 230, 168, 0, 1.77%, 0, 0, 10, 122.46, 1575712, 1160
4026, 4, 207, 230, 168, 0, 1.77%, 0, 0, 10, 675.88, 1578012, 1160
4031, 4, 207, 230, 168, 0, 1.77%, 0, 0, 10, 698.39, 1581587, 1160
4036, 4, 119, 231, 169, 0, 1.77%, 0, 0, 10, 606.86, 1584518, 1160
4041, 4, 5, 231, 169, 0, 1.77%, 0, 0, 10, 633.07, 1587802, 1160
4046, 4, 119, 231, 169, 0, 1.77%, 0, 0, 10, 671.18, 1591373, 1160
4052, 4, 5, 231, 169, 0, 1.77%, 0, 0, 10, 653.66, 1594567, 1160
4057, 4, 207, 231, 169, 0, 1.77%, 0, 0, 10, 696.21, 1598151, 1160
4062, 4, 224, 231, 169, 0, 1.77%, 0, 0, 10, 132.30, 1601644, 1160
4067, 4, 224, 232, 170, 0, 1.77%, 0, 0, 10, 144.73, 1602388, 1160
4072, 4, 224, 232, 170, 0, 1.77%, 0, 0, 10, 147.87, 1603136, 1160
4077, 4, 207, 232, 170, 0, 1.77%, 0, 0, 10, 488.26, 1605620, 1160
4082, 4, 10, 232, 170, 0, 1.77%, 0, 0, 10, 664.15, 1609230, 1160
4087, 4, 60, 232, 170, 0, 1.77%, 0, 0, 10, 393.30, 1611136, 1160
4092, 4, 60, 232, 170, 0, 1.77%, 0, 0, 10, 241.99, 1612200, 1160
4097, 4, 6, 232, 170, 0, 1.77%, 0, 0, 10, 320.27, 1613616, 1160
4102, 4, 205, 232, 170, 0, 1.77%, 0, 0, 10, 109.02, 1615976, 1160
4108, 4, 205, 232, 170, 0, 1.77%, 0, 0, 10, 118.35, 1616614, 1160
4113, 4, 205, 232, 170, 0, 1.77%, 0, 0, 10, 125.58, 1617274, 1160
4118, 4, 205, 232, 170, 0, 1.77%, 0, 0, 10, 123.31, 1617886, 1160
4123, 4, 5, 232, 170, 0, 1.77%, 0, 0, 10, 504.76, 1620459, 1160
4128, 4, 207, 232, 170, 0, 1.77%, 0, 0, 10, 660.29, 1624067, 1160
4133, 4, 207, 232, 170, 0, 1.77%, 0, 0, 10, 692.46, 1627661, 1160
4138, 4, 207, 232, 170, 0, 1.77%, 0, 0, 10, 679.71, 1631184, 1160
4143, 4, 205, 232, 170, 0, 1.77%, 0, 0, 10, 115.05, 1632276, 1160
4148, 4, 205, 232, 170, 0, 1.77%, 0, 0, 10, 116.89, 1632874, 1160
4154, 4, 205, 232, 170, 0, 1.77%, 0, 0, 10, 126.20, 1633530, 1160
4159, 4, 207, 232, 170, 0, 1.77%, 0, 0, 10, 702.97, 1634300, 1160
4164, 4, 207, 232, 170, 0, 1.77%, 0, 0, 10, 704.05, 1637866, 1160
4169, 4, 215, 232, 170, 0, 1.77%, 0, 0, 10, 459.82, 1640204, 1160
4174, 4, 207, 232, 170, 0, 1.77%, 0, 0, 10, 520.31, 1642410, 1160
4179, 4, 207, 232, 170, 0, 1.77%, 0, 0, 10, 667.42, 1646031, 1160
4184, 4, 207, 232, 170, 0, 1.77%, 0, 0, 10, 695.54, 1649623, 1160
4189, 4, 207, 232, 170, 0, 1.77%, 0, 0, 10, 703.51, 1653282, 1160
4194, 4, 207, 232, 170, 0, 1.77%, 0, 0, 10, 748.72, 1657202, 1160
4199, 4, 203, 232, 170, 0, 1.77%, 0, 0, 10, 756.06, 1661019, 1160
4205, 4, 207, 232, 170, 0, 1.77%, 0, 0, 10, 742.21, 1664730, 1160
4210, 4, 94, 232, 170, 0, 1.77%, 0, 0, 10, 570.03, 1667730, 1160
4215, 4, 205, 232, 170, 0, 1.77%, 0, 0, 10, 104.49, 1670098, 1160
4220, 4, 205, 232, 170, 0, 1.77%, 0, 0, 10, 123.79, 1670744, 1160
4225, 4, 205, 232, 170, 0, 1.77%, 0, 0, 10, 124.03, 1671368, 1160
4230, 4, 205, 232, 170, 0, 1.77%, 0, 0, 10, 124.40, 1671984, 1160
