# relative_time, cycles_done, cur_item, corpus_count, pending_total, pending_favs, map_size, saved_crashes, saved_hangs, max_depth, execs_per_sec, total_execs, edges_found
61, 0, 0, 25, 22, 0, 0.91%, 2, 0, 2, 222.96, 13582, 598
66, 0, 0, 25, 22, 0, 0.91%, 2, 0, 2, 221.19, 14694, 598
71, 0, 0, 25, 22, 0, 0.91%, 2, 0, 2, 222.32, 15846, 598
76, 0, 0, 25, 22, 0, 0.91%, 2, 0, 2, 217.71, 16942, 598
81, 0, 0, 26, 23, 0, 0.91%, 2, 0, 2, 220.99, 18058, 599
86, 0, 0, 26, 23, 0, 0.91%, 2, 0, 2, 224.47, 19222, 599
91, 0, 0, 26, 23, 0, 0.91%, 3, 0, 2, 221.04, 20370, 599
97, 0, 0, 26, 23, 0, 0.91%, 3, 0, 2, 220.62, 21518, 599
102, 0, 0, 26, 23, 0, 0.91%, 3, 0, 2, 219.84, 22626, 599
107, 0, 0, 26, 23, 0, 0.91%, 3, 0, 2, 222.68, 23746, 599
112, 0, 0, 26, 23, 0, 0.91%, 3, 0, 2, 220.28, 24850, 599
117, 0, 0, 26, 23, 0, 0.91%, 3, 0, 2, 223.02, 26014, 599
122, 0, 0, 26, 23, 0, 0.91%, 3, 0, 2, 222.02, 27130, 599
127, 0, 0, 26, 23, 0, 0.91%, 3, 0, 2, 218.38, 28226, 599
132, 0, 0, 26, 23, 0, 0.91%, 3, 0, 2, 220.92, 29338, 599
137, 0, 0, 26, 23, 0, 0.91%, 3, 0, 2, 221.07, 30450, 599
142, 0, 0, 26, 23, 0, 0.91%, 3, 0, 2, 221.46, 31570, 599
147, 0, 0, 26, 23, 0, 0.91%, 3, 0, 2, 223.08, 32734, 599
153, 0, 0, 36, 33, 0, 0.96%, 3, 0, 2, 219.43, 33854, 632
158, 0, 0, 40, 37, 0, 0.97%, 3, 0, 2, 219.14, 34950, 634
163, 0, 0, 44, 41, 0, 0.97%, 4, 0, 2, 213.02, 36058, 634
168, 0, 0, 50, 47, 0, 1.07%, 4, 0, 2, 216.53, 37166, 703
173, 0, 0, 53, 50, 0, 1.09%, 4, 0, 2, 214.53, 38238, 714
178, 0, 0, 53, 50, 0, 1.09%, 4, 0, 2, 220.17, 39350, 714
183, 0, 0, 54, 51, 0, 1.09%, 4, 0, 2, 220.07, 40470, 716
188, 0, 0, 55, 52, 0, 1.09%, 4, 0, 2, 219.16, 41610, 716
193, 0, 0, 55, 52, 0, 1.09%, 4, 0, 2, 217.70, 42742, 716
198, 0, 0, 55, 52, 0, 1.09%, 4, 0, 2, 218.43, 43838, 716
204, 0, 0, 55, 52, 0, 1.09%, 4, 0, 2, 218.23, 44966, 716
209, 0, 0, 55, 52, 0, 1.09%, 4, 0, 2, 218.48, 46066, 716
214, 0, 0, 55, 52, 0, 1.09%, 5, 0, 2, 216.29, 47190, 716
219, 0, 0, 55, 52, 0, 1.09%, 5, 0, 2, 223.00, 48314, 716
224, 0, 0, 56, 53, 0, 1.10%, 6, 0, 2, 217.27, 49402, 718
229, 0, 0, 59, 56, 0, 1.10%, 6, 0, 2, 216.12, 50490, 720
234, 0, 0, 59, 56, 0, 1.10%, 6, 0, 2, 217.51, 51626, 720
239, 0, 0, 59, 56, 0, 1.10%, 6, 0, 2, 218.72, 52722, 720
244, 0, 0, 59, 56, 0, 1.10%, 6, 0, 2, 219.21, 53866, 720
249, 0, 0, 59, 56, 0, 1.10%, 6, 0, 2, 218.51, 54962, 720
254, 0, 0, 59, 56, 0, 1.10%, 6, 0, 2, 220.39, 56066, 720
259, 0, 0, 59, 56, 0, 1.10%, 6, 0, 2, 218.74, 57166, 720
264, 0, 0, 62, 59, 0, 1.10%, 6, 0, 2, 218.82, 58262, 723
269, 0, 0, 63, 60, 0, 1.10%, 6, 0, 2, 216.14, 59342, 724
274, 0, 0, 63, 60, 0, 1.10%, 6, 0, 2, 218.25, 60482, 724
280, 0, 0, 64, 61, 0, 1.11%, 6, 0, 2, 217.76, 61614, 725
285, 0, 0, 64, 61, 0, 1.11%, 6, 0, 2, 218.74, 62706, 725
290, 0, 0, 64, 61, 0, 1.11%, 6, 0, 2, 220.07, 63842, 725
295, 0, 0, 64, 61, 0, 1.11%, 6, 0, 2, 217.82, 64970, 725
300, 0, 0, 64, 61, 0, 1.11%, 6, 0, 2, 219.47, 66070, 725
305, 0, 0, 64, 61, 0, 1.11%, 6, 0, 2, 209.87, 67118, 725
310, 0, 0, 65, 62, 0, 1.11%, 6, 0, 2, 203.53, 68138, 725
315, 0, 0, 65, 62, 0, 1.11%, 6, 0, 2, 202.35, 69170, 725
320, 0, 0, 65, 62, 0, 1.11%, 6, 0, 2, 202.27, 70202, 725
325, 0, 0, 65, 62, 0, 1.11%, 6, 0, 2, 203.03, 71222, 725
330, 0, 0, 65, 62, 0, 1.11%, 6, 0, 2, 203.28, 72246, 725
335, 0, 0, 65, 62, 0, 1.11%, 6, 0, 2, 205.45, 73282, 725
340, 0, 0, 65, 62, 0, 1.11%, 6, 0, 2, 205.98, 74314, 725
345, 0, 0, 66, 63, 0, 1.11%, 6, 0, 2, 204.12, 75350, 725
351, 0, 0, 66, 63, 0, 1.11%, 6, 0, 2, 205.08, 76386, 725
356, 0, 0, 66, 63, 0, 1.11%, 6, 0, 2, 202.86, 77422, 725
361, 0, 0, 66, 63, 0, 1.11%, 6, 0, 2, 203.35, 78438, 725
366, 0, 0, 66, 63, 0, 1.11%, 6, 0, 2, 203.32, 79458, 725
371, 0, 0, 66, 63, 0, 1.11%, 6, 0, 2, 203.25, 80474, 725
376, 0, 0, 66, 63, 0, 1.11%, 6, 0, 2, 201.72, 81514, 725
381, 0, 0, 67, 64, 0, 1.11%, 6, 0, 2, 199.10, 82510, 725
386, 0, 0, 67, 64, 0, 1.11%, 6, 0, 2, 201.87, 83546, 725
391, 0, 0, 69, 66, 0, 1.11%, 6, 0, 2, 204.11, 84574, 725
396, 0, 0, 69, 66, 0, 1.11%, 6, 0, 2, 200.49, 85590, 725
401, 0, 0, 69, 66, 0, 1.11%, 6, 0, 2, 201.31, 86634, 725
406, 0, 0, 69, 66, 0, 1.11%, 6, 0, 2, 202.61, 87698, 725
412, 0, 0, 69, 66, 0, 1.11%, 6, 0, 2, 203.51, 88726, 725
417, 0, 0, 69, 66, 0, 1.11%, 6, 0, 2, 203.22, 89746, 725
422, 0, 0, 69, 66, 0, 1.11%, 6, 0, 2, 202.61, 90770, 725
427, 0, 0, 69, 66, 0, 1.11%, 6, 0, 2, 201.61, 91778, 725
432, 0, 0, 69, 66, 0, 1.11%, 6, 0, 2, 200.68, 92794, 725
437, 0, 0, 69, 66, 0, 1.11%, 6, 0, 2, 201.04, 93806, 725
442, 0, 0, 69, 66, 0, 1.11%, 6, 0, 2, 202.19, 94826, 725
447, 0, 0, 69, 66, 0, 1.11%, 6, 0, 2, 200.53, 95846, 725
452, 0, 0, 69, 66, 0, 1.11%, 6, 0, 2, 201.94, 96866, 725
457, 0, 0, 69, 66, 0, 1.11%, 6, 0, 2, 201.65, 97882, 725
462, 0, 0, 69, 66, 0, 1.11%, 6, 0, 2, 201.09, 98890, 725
467, 0, 0, 69, 66, 0, 1.11%, 6, 0, 2, 209.94, 99946, 725
472, 0, 0, 69, 66, 0, 1.11%, 6, 0, 2, 217.89, 101038, 725
477, 0, 0, 70, 67, 0, 1.11%, 6, 0, 2, 214.36, 102114, 727
482, 0, 0, 70, 67, 0, 1.11%, 6, 0, 2, 212.82, 103202, 727
487, 0, 61, 71, 67, 22, 1.12%, 6, 0, 3, 227.61, 104390, 731
492, 0, 10, 71, 66, 22, 1.12%, 7, 0, 3, 203.22, 105406, 731
497, 0, 10, 71, 66, 22, 1.12%, 7, 0, 3, 216.40, 106516, 731
502, 0, 10, 71, 66, 22, 1.12%, 7, 0, 3, 191.85, 107373, 731
508, 0, 10, 71, 66, 22, 1.12%, 7, 0, 3, 201.63, 108432, 731
513, 0, 10, 71, 66, 22, 1.12%, 7, 0, 3, 235.52, 109648, 731
518, 0, 10, 71, 66, 22, 1.12%, 7, 0, 3, 228.41, 110756, 731
523, 0, 9, 71, 65, 21, 1.12%, 7, 0, 3, 226.57, 111899, 731
528, 0, 9, 71, 65, 21, 1.12%, 7, 0, 3, 230.63, 113095, 731
533, 0, 9, 71, 65, 21, 1.12%, 7, 0, 3, 238.63, 114347, 731
538, 0, 9, 71, 65, 21, 1.12%, 7, 0, 3, 230.68, 115547, 731
543, 0, 9, 71, 65, 21, 1.12%, 7, 0, 3, 236.39, 116779, 731
549, 0, 11, 71, 64, 20, 1.12%, 7, 0, 3, 249.91, 118087, 731
554, 0, 63, 71, 63, 19, 1.12%, 7, 0, 3, 237.76, 119301, 731
559, 0, 63, 71, 63, 19, 1.12%, 7, 0, 3, 231.79, 120453, 731
564, 0, 63, 71, 63, 19, 1.12%, 7, 0, 3, 242.51, 121725, 731
569, 0, 63, 71, 63, 19, 1.12%, 7, 0, 3, 226.39, 122873, 731
574, 0, 63, 71, 63, 19, 1.12%, 7, 0, 3, 237.29, 124113, 731
579, 0, 5, 72, 63, 18, 1.12%, 8, 0, 3, 230.68, 125308, 732
585, 0, 5, 73, 64, 18, 1.12%, 8, 0, 3, 37.50, 126100, 732
590, 0, 45, 73, 63, 18, 1.12%, 8, 0, 3, 159.71, 127070, 732
595, 0, 45, 73, 63, 18, 1.12%, 8, 0, 3, 204.76, 128197, 732
600, 0, 45, 73, 63, 18, 1.12%, 9, 0, 3, 219.20, 129333, 732
605, 0, 45, 73, 63, 18, 1.12%, 9, 0, 3, 210.22, 130373, 732
610, 0, 45, 73, 63, 18, 1.12%, 9, 0, 3, 204.64, 131405, 732
615, 0, 45, 73, 63, 18, 1.12%, 9, 0, 3, 228.11, 132209, 732
620, 0, 45, 73, 63, 18, 1.12%, 9, 0, 3, 210.78, 133241, 732
625, 0, 45, 73, 63, 18, 1.12%, 9, 0, 3, 208.96, 134285, 732
630, 0, 45, 73, 63, 18, 1.12%, 9, 0, 3, 213.32, 135337, 732
635, 0, 69, 73, 62, 17, 1.12%, 9, 0, 3, 213.70, 136399, 732
640, 0, 69, 73, 62, 17, 1.12%, 9, 0, 3, 226.28, 137583, 732
645, 0, 69, 73, 62, 17, 1.12%, 9, 0, 3, 215.91, 138683, 732
650, 0, 69, 73, 62, 17, 1.12%, 9, 0, 3, 196.42, 139671, 732
656, 0, 69, 73, 62, 17, 1.12%, 9, 0, 3, 219.78, 140839, 732
661, 0, 39, 73, 61, 16, 1.12%, 9, 0, 3, 227.91, 142018, 732
666, 0, 39, 73, 61, 16, 1.12%, 9, 0, 3, 29.12, 142875, 732
671, 0, 39, 75, 63, 16, 1.12%, 9, 0, 3, 198.02, 143870, 737
676, 0, 39, 78, 66, 16, 1.12%, 9, 0, 3, 125.45, 144420, 737
681, 0, 39, 79, 67, 16, 1.12%, 9, 0, 3, 111.37, 144956, 737
686, 0, 39, 80, 68, 16, 1.12%, 9, 0, 3, 107.45, 145508, 737
692, 0, 39, 80, 68, 16, 1.12%, 9, 0, 3, 106.80, 146058, 737
697, 0, 39, 80, 68, 16, 1.12%, 9, 0, 3, 105.80, 146608, 737
702, 0, 39, 80, 68, 16, 1.12%, 9, 0, 3, 106.76, 147158, 737
707, 0, 39, 80, 68, 16, 1.12%, 9, 0, 3, 106.80, 147708, 737
712, 0, 39, 80, 68, 16, 1.12%, 9, 0, 3, 106.89, 148260, 737
717, 0, 39, 80, 68, 16, 1.12%, 9, 0, 3, 107.22, 148812, 737
723, 0, 39, 80, 68, 16, 1.12%, 9, 0, 3, 105.59, 149358, 737
728, 0, 39, 80, 68, 16, 1.12%, 9, 0, 3, 106.47, 149906, 737
733, 0, 39, 80, 68, 16, 1.12%, 9, 0, 3, 107.17, 150460, 737
738, 0, 39, 80, 68, 16, 1.12%, 9, 0, 3, 106.26, 151010, 737
743, 0, 39, 80, 68, 16, 1.12%, 9, 0, 3, 106.82, 151560, 737
748, 0, 39, 80, 68, 16, 1.12%, 9, 0, 3, 106.81, 152108, 737
753, 0, 39, 80, 68, 16, 1.12%, 9, 0, 3, 105.71, 152636, 737
758, 0, 39, 80, 68, 16, 1.12%, 9, 0, 3, 107.15, 153190, 737
764, 0, 39, 80, 68, 16, 1.12%, 9, 0, 3, 107.29, 153742, 737
769, 0, 39, 80, 68, 16, 1.12%, 9, 0, 3, 107.29, 154292, 737
774, 0, 39, 80, 68, 16, 1.12%, 9, 0, 3, 107.79, 154850, 737
779, 0, 39, 80, 68, 16, 1.12%, 9, 0, 3, 107.68, 155406, 737
784, 0, 39, 80, 68, 16, 1.12%, 9, 0, 3, 108.61, 155964, 737
789, 0, 39, 80, 68, 16, 1.12%, 9, 0, 3, 106.55, 156516, 737
794, 0, 39, 80, 68, 16, 1.12%, 9, 0, 3, 105.62, 157044, 737
800, 0, 39, 80, 68, 16, 1.12%, 9, 0, 3, 105.82, 157594, 737
805, 0, 39, 80, 68, 16, 1.12%, 9, 0, 3, 107.89, 158152, 737
810, 0, 39, 80, 68, 16, 1.12%, 9, 0, 3, 106.75, 158704, 737
815, 0, 39, 80, 68, 16, 1.12%, 9, 0, 3, 106.73, 159254, 737
820, 0, 39, 80, 68, 16, 1.12%, 9, 0, 3, 107.23, 159806, 737
825, 0, 39, 80, 68, 16, 1.12%, 9, 0, 3, 108.09, 160360, 737
831, 0, 39, 80, 68, 16, 1.12%, 9, 0, 3, 108.37, 160916, 737
836, 0, 39, 80, 68, 16, 1.12%, 9, 0, 3, 108.48, 161472, 737
841, 0, 39, 80, 68, 16, 1.12%, 9, 0, 3, 107.59, 162026, 737
846, 0, 39, 80, 68, 16, 1.12%, 9, 0, 3, 107.73, 162578, 737
851, 0, 39, 80, 68, 16, 1.12%, 9, 0, 3, 106.10, 163128, 737
856, 0, 39, 81, 69, 16, 1.12%, 9, 0, 3, 101.32, 163620, 737
861, 0, 39, 81, 69, 16, 1.12%, 9, 0, 3, 105.02, 164170, 737
867, 0, 39, 81, 69, 16, 1.12%, 9, 0, 3, 106.97, 164722, 737
872, 0, 39, 81, 69, 16, 1.12%, 9, 0, 3, 108.13, 165272, 737
877, 0, 39, 81, 69, 16, 1.12%, 9, 0, 3, 106.98, 165826, 737
882, 0, 39, 81, 69, 16, 1.12%, 9, 0, 3, 108.50, 166384, 737
887, 0, 39, 81, 69, 16, 1.12%, 9, 0, 3, 108.02, 166940, 737
892, 0, 39, 81, 69, 16, 1.12%, 9, 0, 3, 107.32, 167476, 737
897, 0, 39, 81, 69, 16, 1.12%, 9, 0, 3, 106.34, 168028, 737
903, 0, 39, 81, 69, 16, 1.12%, 9, 0, 3, 106.38, 168578, 737
908, 0, 39, 81, 69, 16, 1.12%, 9, 0, 3, 106.37, 169128, 737
913, 0, 39, 81, 69, 16, 1.12%, 9, 0, 3, 108.70, 169688, 737
918, 0, 39, 81, 69, 16, 1.12%, 9, 0, 3, 106.83, 170238, 737
923, 0, 39, 81, 69, 16, 1.12%, 9, 0, 3, 107.12, 170790, 737
928, 0, 39, 81, 69, 16, 1.12%, 9, 0, 3, 106.43, 171338, 737
933, 0, 39, 81, 69, 16, 1.12%, 9, 0, 3, 107.56, 171890, 737
939, 0, 39, 81, 69, 16, 1.12%, 9, 0, 3, 108.49, 172448, 737
944, 0, 39, 81, 69, 16, 1.12%, 9, 0, 3, 107.21, 172998, 737
949, 0, 39, 81, 69, 16, 1.12%, 9, 0, 3, 107.89, 173548, 737
954, 0, 39, 81, 69, 16, 1.12%, 9, 0, 3, 105.78, 174092, 737
959, 0, 39, 81, 69, 16, 1.12%, 9, 0, 3, 105.42, 174642, 737
964, 0, 39, 81, 69, 16, 1.12%, 9, 0, 3, 106.50, 175194, 737
969, 0, 39, 81, 69, 16, 1.12%, 9, 0, 3, 107.78, 175750, 737
975, 0, 39, 81, 69, 16, 1.12%, 9, 0, 3, 107.79, 176302, 737
980, 0, 39, 81, 69, 16, 1.12%, 9, 0, 3, 145.14, 176968, 737
985, 0, 39, 81, 69, 16, 1.12%, 9, 0, 3, 184.95, 177909, 737
990, 0, 39, 81, 69, 16, 1.12%, 9, 0, 3, 221.76, 179090, 737
995, 0, 38, 81, 68, 16, 1.12%, 9, 0, 3, 223.19, 180224, 737
1000, 0, 38, 81, 68, 16, 1.12%, 10, 0, 3, 208.51, 181256, 737
1005, 0, 38, 81, 68, 16, 1.12%, 10, 0, 3, 215.75, 182284, 737
1010, 0, 38, 81, 68, 16, 1.12%, 10, 0, 3, 211.74, 183392, 737
1016, 0, 38, 81, 68, 16, 1.12%, 10, 0, 3, 225.87, 184572, 737
1021, 0, 35, 81, 67, 15, 1.12%, 10, 0, 3, 208.99, 185630, 737
1026, 0, 35, 81, 67, 15, 1.12%, 11, 0, 3, 209.41, 186678, 737
1031, 0, 35, 81, 67, 15, 1.12%, 11, 0, 3, 222.27, 187794, 737
1036, 0, 35, 81, 67, 15, 1.12%, 11, 0, 3, 223.81, 188930, 737
1041, 0, 35, 81, 67, 15, 1.12%, 11, 0, 3, 238.31, 190130, 737
1046, 0, 35, 81, 67, 15, 1.12%, 11, 0, 3, 233.56, 191338, 737
1051, 0, 35, 81, 67, 15, 1.12%, 11, 0, 3, 180.64, 192200, 737
1056, 0, 35, 81, 67, 15, 1.12%, 11, 0, 3, 212.93, 193382, 737
1061, 0, 50, 81, 66, 14, 1.12%, 11, 0, 3, 177.12, 194137, 737
1066, 0, 50, 82, 67, 14, 1.12%, 12, 0, 3, 208.61, 195250, 737
1071, 0, 50, 82, 67, 14, 1.12%, 12, 0, 3, 212.92, 196326, 737
1076, 0, 50, 82, 67, 14, 1.12%, 12, 0, 3, 189.05, 197280, 737
1082, 0, 50, 82, 67, 14, 1.12%, 12, 0, 3, 193.33, 198213, 737
1087, 0, 50, 82, 67, 14, 1.12%, 12, 0, 3, 202.02, 199275, 737
1092, 0, 50, 82, 67, 14, 1.12%, 12, 0, 3, 180.60, 200250, 737
1097, 0, 50, 82, 67, 14, 1.12%, 12, 0, 3, 126.25, 200824, 737
1102, 0, 50, 82, 67, 14, 1.12%, 12, 0, 3, 184.86, 201666, 737
1107, 0, 50, 82, 67, 14, 1.12%, 12, 0, 3, 224.33, 202830, 737
1112, 0, 71, 82, 66, 13, 1.12%, 12, 0, 3, 228.23, 204010, 737
1117, 0, 71, 82, 66, 13, 1.12%, 12, 0, 3, 208.63, 205015, 737
1122, 0, 71, 83, 67, 13, 1.12%, 12, 0, 4, 206.95, 206055, 737
1127, 0, 71, 83, 67, 13, 1.12%, 12, 0, 4, 192.79, 207002, 737
1132, 0, 71, 83, 67, 13, 1.12%, 12, 0, 4, 222.81, 208195, 737
1137, 0, 71, 83, 67, 13, 1.12%, 12, 0, 4, 211.82, 208805, 737
1142, 0, 71, 83, 67, 13, 1.12%, 12, 0, 4, 184.91, 209740, 737
1147, 0, 71, 83, 67, 13, 1.12%, 12, 0, 4, 203.90, 210783, 737
1152, 0, 52, 83, 66, 12, 1.12%, 12, 0, 4, 219.35, 211892, 737
1158, 0, 52, 83, 66, 12, 1.12%, 12, 0, 4, 222.00, 213016, 737
1163, 0, 52, 84, 67, 12, 1.12%, 12, 0, 4, 211.57, 214084, 737
1168, 0, 52, 84, 67, 12, 1.12%, 12, 0, 4, 234.23, 215292, 737
1173, 0, 52, 84, 67, 12, 1.12%, 12, 0, 4, 219.67, 216404, 737
1178, 0, 52, 84, 67, 12, 1.12%, 12, 0, 4, 231.88, 217580, 737
1183, 0, 52, 84, 67, 12, 1.12%, 12, 0, 4, 182.85, 218469, 737
1188, 0, 52, 84, 67, 12, 1.12%, 12, 0, 4, 221.17, 219648, 737
1193, 0, 44, 84, 66, 11, 1.12%, 12, 0, 4, 206.41, 220615, 737
1198, 0, 44, 84, 66, 11, 1.12%, 12, 0, 4, 223.24, 221787, 737
1203, 0, 44, 84, 66, 11, 1.12%, 12, 0, 4, 196.63, 222671, 737
1208, 0, 44, 84, 66, 11, 1.12%, 12, 0, 4, 28.04, 222813, 737
1214, 0, 70, 84, 65, 10, 1.12%, 12, 0, 4, 204.53, 223883, 737
1219, 0, 70, 84, 65, 10, 1.12%, 12, 0, 4, 209.46, 224939, 737
1224, 0, 70, 84, 65, 10, 1.12%, 14, 0, 4, 222.42, 226051, 737
1229, 0, 70, 84, 65, 10, 1.12%, 14, 0, 4, 220.43, 227207, 737
1234, 0, 70, 84, 65, 10, 1.12%, 14, 0, 4, 218.01, 228279, 737
1239, 0, 70, 84, 65, 10, 1.12%, 14, 0, 4, 165.15, 229178, 737
1244, 0, 70, 84, 65, 10, 1.12%, 14, 0, 4, 200.27, 230156, 737
1249, 0, 70, 84, 65, 10, 1.12%, 14, 0, 4, 209.59, 231259, 737
1255, 0, 25, 84, 64, 9, 1.12%, 14, 0, 4, 186.68, 232199, 737
1260, 0, 25, 84, 64, 9, 1.12%, 14, 0, 4, 204.50, 233260, 737
1265, 0, 25, 84, 64, 9, 1.12%, 14, 0, 4, 198.78, 234257, 737
1270, 0, 25, 84, 64, 9, 1.12%, 14, 0, 4, 212.12, 235316, 737
1275, 0, 25, 84, 64, 9, 1.12%, 14, 0, 4, 222.28, 236448, 737
1280, 0, 25, 84, 64, 9, 1.12%, 14, 0, 4, 219.45, 237560, 737
1285, 0, 25, 84, 64, 9, 1.12%, 14, 0, 4, 238.86, 238768, 737
1290, 0, 25, 84, 64, 9, 1.12%, 14, 0, 4, 164.01, 239564, 737
1295, 0, 25, 84, 64, 9, 1.12%, 14, 0, 4, 208.46, 240640, 737
1300, 0, 55, 84, 63, 8, 1.12%, 14, 0, 4, 221.40, 241756, 737
1305, 0, 55, 84, 63, 8, 1.12%, 14, 0, 4, 198.12, 242796, 737
1310, 0, 55, 84, 63, 8, 1.12%, 14, 0, 4, 196.10, 243717, 737
1316, 0, 55, 84, 63, 8, 1.12%, 14, 0, 4, 223.50, 244928, 737
1321, 0, 55, 84, 63, 8, 1.12%, 14, 0, 4, 234.12, 246092, 737
1326, 0, 30, 84, 62, 7, 1.12%, 14, 0, 4, 226.26, 247228, 737
1331, 0, 30, 84, 62, 7, 1.12%, 14, 0, 4, 240.62, 248424, 737
1336, 0, 30, 84, 62, 7, 1.12%, 14, 0, 4, 236.09, 249636, 737
1341, 0, 30, 84, 62, 7, 1.12%, 14, 0, 4, 241.21, 250860, 737
1346, 0, 30, 84, 62, 7, 1.12%, 14, 0, 4, 231.85, 252000, 737
1351, 0, 79, 84, 61, 6, 1.12%, 14, 0, 4, 149.48, 252766, 737
1356, 0, 79, 84, 61, 6, 1.12%, 14, 0, 4, 108.21, 253278, 737
1361, 0, 79, 84, 61, 6, 1.12%, 14, 0, 4, 100.46, 253778, 737
1366, 0, 79, 84, 61, 6, 1.12%, 14, 0, 4, 99.59, 254293, 737
1372, 0, 79, 84, 61, 6, 1.12%, 14, 0, 4, 169.08, 255105, 737
1377, 0, 70, 84, 60, 5, 1.12%, 14, 0, 4, 212.29, 256225, 737
1382, 0, 70, 84, 60, 5, 1.12%, 14, 0, 4, 221.83, 257385, 737
1387, 0, 70, 84, 60, 5, 1.12%, 14, 0, 4, 220.40, 258525, 737
1392, 0, 70, 84, 60, 5, 1.12%, 14, 0, 4, 218.33, 259633, 737
1397, 0, 70, 84, 60, 5, 1.12%, 15, 0, 4, 213.30, 260737, 737
1402, 0, 70, 84, 60, 5, 1.12%, 15, 0, 4, 210.03, 261793, 737
1407, 0, 70, 84, 60, 5, 1.12%, 15, 0, 4, 207.96, 262885, 737
1412, 0, 70, 84, 60, 5, 1.12%, 15, 0, 4, 202.69, 263893, 737
1418, 0, 70, 84, 60, 5, 1.12%, 15, 0, 4, 203.06, 264917, 737
1423, 0, 70, 84, 60, 5, 1.12%, 15, 0, 4, 198.03, 265939, 737
1428, 0, 70, 84, 60, 5, 1.12%, 15, 0, 4, 233.27, 267173, 737
1433, 0, 70, 84, 60, 5, 1.12%, 15, 0, 4, 242.67, 268443, 737
1438, 0, 70, 84, 60, 5, 1.12%, 15, 0, 4, 226.80, 269567, 737
1443, 0, 70, 84, 60, 5, 1.12%, 15, 0, 4, 221.65, 270681, 737
1448, 0, 70, 84, 60, 5, 1.12%, 15, 0, 4, 218.75, 271769, 737
1453, 0, 70, 84, 60, 5, 1.12%, 15, 0, 4, 237.13, 272971, 737
1458, 0, 70, 84, 60, 5, 1.12%, 15, 0, 4, 243.64, 274197, 737
1463, 0, 70, 84, 60, 5, 1.12%, 15, 0, 4, 211.81, 275229, 737
1468, 0, 70, 84, 60, 5, 1.12%, 15, 0, 4, 218.38, 276299, 737
1473, 0, 70, 84, 60, 5, 1.12%, 15, 0, 4, 224.21, 277435, 737
1479, 0, 70, 85, 61, 5, 1.12%, 15, 0, 4, 200.55, 278497, 737
1484, 0, 70, 85, 61, 5, 1.12%, 15, 0, 4, 218.79, 279629, 737
1489, 0, 70, 85, 61, 5, 1.12%, 15, 0, 4, 223.26, 280749, 737
1494, 0, 70, 85, 61, 5, 1.12%, 15, 0, 4, 224.95, 281885, 737
1499, 0, 70, 85, 61, 5, 1.12%, 15, 0, 4, 234.14, 283049, 737
1504, 0, 70, 85, 61, 5, 1.12%, 15, 0, 4, 233.63, 284239, 737
1509, 0, 70, 85, 61, 5, 1.12%, 15, 0, 4, 227.76, 285375, 737
1514, 0, 70, 85, 61, 5, 1.12%, 15, 0, 4, 221.27, 286477, 737
1519, 0, 70, 85, 61, 5, 1.12%, 15, 0, 4, 224.26, 287637, 737
1524, 0, 70, 85, 61, 5, 1.12%, 15, 0, 4, 216.99, 288751, 737
1529, 0, 70, 85, 61, 5, 1.12%, 15, 0, 4, 205.13, 289775, 737
1534, 0, 70, 85, 61, 5, 1.12%, 15, 0, 4, 27.10, 290256, 737
1539, 0, 70, 85, 61, 5, 1.12%, 15, 0, 4, 27.84, 290396, 737
1544, 0, 70, 85, 61, 5, 1.12%, 15, 0, 4, 28.10, 290540, 737
1549, 0, 70, 85, 61, 5, 1.12%, 15, 0, 4, 27.51, 290682, 737
1554, 0, 70, 85, 61, 5, 1.12%, 15, 0, 4, 27.82, 290822, 737
1560, 0, 70, 85, 61, 5, 1.12%, 15, 0, 4, 27.04, 290963, 737
1565, 0, 70, 85, 61, 5, 1.12%, 15, 0, 4, 27.63, 291103, 737
1570, 0, 70, 85, 61, 5, 1.12%, 15, 0, 4, 27.14, 291239, 737
1575, 0, 70, 85, 61, 5, 1.12%, 15, 0, 4, 26.73, 291375, 737
1580, 0, 70, 85, 61, 5, 1.12%, 15, 0, 4, 27.11, 291513, 737
1585, 0, 70, 85, 61, 5, 1.12%, 15, 0, 4, 27.60, 291657, 737
1590, 0, 70, 85, 61, 5, 1.12%, 15, 0, 4, 28.18, 291801, 737
1595, 0, 70, 85, 61, 5, 1.12%, 15, 0, 4, 27.58, 291942, 737
1600, 0, 70, 85, 61, 5, 1.12%, 15, 0, 4, 29.99, 292099, 737
1606, 0, 70, 85, 61, 5, 1.12%, 15, 0, 4, 77.64, 292446, 737
1611, 0, 70, 85, 61, 5, 1.12%, 15, 0, 4, 130.77, 293187, 737
1616, 0, 70, 85, 61, 5, 1.12%, 15, 0, 4, 140.59, 293929, 737
1621, 0, 70, 85, 61, 5, 1.12%, 15, 0, 4, 173.09, 294758, 737
1626, 0, 70, 85, 61, 5, 1.12%, 15, 0, 4, 210.66, 295905, 737
1631, 0, 81, 85, 61, 5, 1.12%, 15, 0, 4, 212.22, 296978, 737
1636, 0, 81, 85, 61, 5, 1.12%, 15, 0, 4, 202.73, 297982, 737
1641, 0, 81, 85, 61, 5, 1.12%, 15, 0, 4, 197.00, 298918, 737
1646, 0, 81, 85, 61, 5, 1.12%, 15, 0, 4, 226.25, 300082, 737
1651, 0, 81, 85, 61, 5, 1.12%, 15, 0, 4, 24.61, 300999, 737
1656, 0, 81, 85, 61, 5, 1.12%, 15, 0, 4, 27.11, 301140, 737
1662, 0, 81, 85, 61, 5, 1.12%, 15, 0, 4, 58.43, 301396, 737
1667, 0, 32, 85, 60, 4, 1.12%, 15, 0, 4, 178.21, 302399, 737
1672, 0, 32, 85, 60, 4, 1.12%, 15, 0, 4, 214.21, 303561, 737
1677, 0, 32, 85, 60, 4, 1.12%, 15, 0, 4, 223.39, 304689, 737
1682, 0, 32, 85, 60, 4, 1.12%, 15, 0, 4, 227.28, 305789, 737
1687, 0, 32, 85, 60, 4, 1.12%, 15, 0, 4, 239.23, 307001, 737
1692, 0, 32, 85, 60, 4, 1.12%, 15, 0, 4, 232.22, 308185, 737
1697, 0, 32, 85, 60, 4, 1.12%, 16, 0, 4, 229.47, 309325, 737
1702, 0, 53, 85, 59, 3, 1.12%, 16, 0, 4, 224.64, 310505, 737
1707, 0, 53, 85, 59, 3, 1.12%, 17, 0, 4, 222.35, 311613, 737
1712, 0, 53, 85, 59, 3, 1.12%, 17, 0, 4, 224.18, 312769, 737
1718, 0, 53, 85, 59, 3, 1.12%, 17, 0, 4, 232.13, 313945, 737
1723, 0, 53, 85, 59, 3, 1.12%, 17, 0, 4, 237.59, 315137, 737
1728, 0, 53, 85, 59, 3, 1.12%, 17, 0, 4, 219.09, 316205, 737
1733, 0, 53, 85, 59, 3, 1.12%, 17, 0, 4, 223.50, 317325, 737
1738, 0, 53, 85, 59, 3, 1.12%, 17, 0, 4, 229.72, 318473, 737
1743, 0, 62, 85, 58, 2, 1.12%, 17, 0, 4, 224.68, 319581, 737
1748, 0, 62, 85, 58, 2, 1.12%, 17, 0, 4, 215.66, 320669, 737
1753, 0, 62, 85, 58, 2, 1.12%, 17, 0, 4, 185.70, 321619, 737
1758, 0, 62, 85, 58, 2, 1.12%, 17, 0, 4, 223.90, 322849, 737
1763, 0, 62, 85, 58, 2, 1.12%, 17, 0, 4, 228.11, 324009, 737
1768, 0, 58, 85, 57, 1, 1.12%, 17, 0, 4, 223.28, 325152, 737
1773, 0, 58, 85, 57, 1, 1.12%, 17, 0, 4, 237.67, 326368, 737
1778, 0, 58, 85, 57, 1, 1.12%, 17, 0, 4, 229.89, 327508, 737
1784, 0, 58, 85, 57, 1, 1.12%, 17, 0, 4, 233.40, 328672, 737
1789, 0, 58, 85, 57, 1, 1.12%, 17, 0, 4, 183.49, 329333, 737
1794, 0, 58, 85, 57, 1, 1.12%, 17, 0, 4, 216.49, 330460, 737
1799, 0, 44, 85, 56, 0, 1.12%, 17, 0, 4, 170.73, 331366, 737
1804, 0, 44, 85, 56, 0, 1.12%, 17, 0, 4, 183.10, 332295, 737
1809, 0, 44, 85, 56, 0, 1.12%, 17, 0, 4, 215.32, 333462, 737
1814, 0, 81, 85, 56, 0, 1.12%, 17, 0, 4, 220.18, 334568, 737
1819, 0, 81, 85, 56, 0, 1.12%, 17, 0, 4, 216.98, 335664, 737
1824, 0, 81, 85, 56, 0, 1.12%, 17, 0, 4, 219.75, 336760, 737
1829, 0, 81, 85, 56, 0, 1.12%, 17, 0, 4, 230.92, 337919, 737
1834, 0, 81, 85, 56, 0, 1.12%, 17, 0, 4, 156.48, 338651, 737
1840, 0, 81, 85, 56, 0, 1.12%, 17, 0, 4, 168.49, 339646, 737
1845, 0, 81, 85, 56, 0, 1.12%, 17, 0, 4, 192.86, 340573, 737
1850, 0, 81, 85, 56, 0, 1.12%, 17, 0, 4, 222.52, 341751, 737
1855, 0, 81, 85, 56, 0, 1.12%, 17, 0, 4, 234.57, 342933, 737
1860, 0, 81, 85, 56, 0, 1.12%, 17, 0, 4, 225.79, 344115, 737
1865, 0, 81, 85, 56, 0, 1.12%, 17, 0, 4, 242.30, 345329, 737
1870, 0, 81, 85, 56, 0, 1.12%, 17, 0, 4, 212.78, 346436, 737
1875, 0, 81, 85, 56, 0, 1.12%, 17, 0, 4, 208.46, 347427, 737
1880, 0, 81, 85, 56, 0, 1.12%, 17, 0, 4, 213.89, 348559, 737
1886, 0, 81, 85, 56, 0, 1.12%, 17, 0, 4, 225.04, 349731, 737
1891, 0, 81, 85, 56, 0, 1.12%, 17, 0, 4, 214.08, 350807, 737
1896, 0, 81, 85, 56, 0, 1.12%, 17, 0, 4, 208.89, 351806, 737
1901, 0, 81, 85, 56, 0, 1.12%, 17, 0, 4, 26.49, 352784, 737
1906, 0, 81, 85, 56, 0, 1.12%, 17, 0, 4, 27.19, 352924, 737
1911, 0, 81, 85, 56, 0, 1.12%, 17, 0, 4, 27.54, 353064, 737
1916, 0, 81, 85, 56, 0, 1.12%, 17, 0, 4, 26.73, 353198, 737
1921, 0, 81, 85, 56, 0, 1.12%, 17, 0, 4, 25.85, 353327, 737
1926, 0, 81, 85, 56, 0, 1.12%, 17, 0, 4, 256.43, 353886, 737
1931, 0, 81, 85, 56, 0, 1.12%, 17, 0, 4, 243.65, 355105, 737
1936, 0, 81, 85, 56, 0, 1.12%, 17, 0, 4, 239.42, 356323, 737
1941, 0, 81, 85, 56, 0, 1.12%, 17, 0, 4, 228.98, 357537, 737
1947, 0, 81, 85, 56, 0, 1.12%, 17, 0, 4, 235.25, 358743, 737
1952, 0, 6, 85, 56, 0, 1.12%, 17, 0, 4, 219.87, 359911, 737
1957, 0, 44, 85, 55, 0, 1.12%, 17, 0, 4, 222.50, 361024, 737
1962, 0, 44, 85, 55, 0, 1.12%, 17, 0, 4, 222.38, 362153, 737
1967, 0, 35, 85, 55, 0, 1.12%, 17, 0, 4, 218.25, 363268, 737
1972, 0, 35, 85, 55, 0, 1.12%, 17, 0, 4, 210.39, 364352, 737
1977, 0, 35, 85, 55, 0, 1.12%, 17, 0, 4, 230.07, 365552, 737
1983, 0, 35, 85, 55, 0, 1.12%, 17, 0, 4, 237.65, 366789, 737
1988, 0, 35, 85, 55, 0, 1.12%, 17, 0, 4, 237.29, 368043, 737
1993, 0, 35, 85, 55, 0, 1.12%, 17, 0, 4, 173.38, 368809, 737
1998, 0, 35, 85, 55, 0, 1.12%, 17, 0, 4, 135.15, 369514, 737
2003, 0, 35, 85, 55, 0, 1.12%, 17, 0, 4, 208.69, 370601, 737
2008, 0, 35, 85, 55, 0, 1.12%, 17, 0, 4, 232.65, 371827, 737
2013, 0, 62, 85, 55, 0, 1.12%, 17, 0, 4, 230.24, 373013, 737
2018, 0, 62, 85, 55, 0, 1.12%, 17, 0, 4, 227.56, 374146, 737
2024, 0, 62, 85, 55, 0, 1.12%, 17, 0, 4, 112.08, 374635, 737
2029, 0, 62, 85, 55, 0, 1.12%, 18, 0, 4, 207.86, 375761, 737
2034, 0, 62, 85, 55, 0, 1.12%, 18, 0, 4, 219.19, 376882, 737
2039, 0, 62, 85, 55, 0, 1.12%, 18, 0, 4, 222.02, 377982, 737
2044, 0, 81, 85, 55, 0, 1.12%, 18, 0, 4, 216.60, 379083, 737
2049, 0, 81, 85, 55, 0, 1.12%, 18, 0, 4, 216.02, 380216, 737
2054, 0, 81, 85, 55, 0, 1.12%, 18, 0, 4, 229.68, 381361, 737
2059, 0, 81, 85, 55, 0, 1.12%, 18, 0, 4, 198.04, 382223, 737
2065, 0, 81, 85, 55, 0, 1.12%, 18, 0, 4, 223.67, 383415, 737
2070, 0, 81, 85, 55, 0, 1.12%, 18, 0, 4, 225.26, 384556, 737
2075, 0, 81, 85, 55, 0, 1.12%, 18, 0, 4, 230.27, 385733, 737
2080, 0, 81, 85, 55, 0, 1.12%, 18, 0, 4, 237.95, 386930, 737
2085, 0, 81, 85, 55, 0, 1.12%, 18, 0, 4, 239.91, 388198, 737
2090, 0, 81, 85, 55, 0, 1.12%, 18, 0, 4, 234.67, 389426, 737
2095, 0, 81, 85, 55, 0, 1.12%, 18, 0, 4, 158.65, 390190, 737
2100, 0, 81, 85, 55, 0, 1.12%, 18, 0, 4, 196.77, 391189, 737
2105, 0, 81, 85, 55, 0, 1.12%, 18, 0, 4, 215.82, 392309, 737
2110, 0, 81, 85, 55, 0, 1.12%, 18, 0, 4, 207.41, 393356, 737
2116, 0, 81, 85, 55, 0, 1.12%, 18, 0, 4, 179.92, 394329, 737
2121, 0, 81, 85, 55, 0, 1.12%, 18, 0, 4, 173.39, 395199, 737
2126, 0, 81, 85, 55, 0, 1.12%, 18, 0, 4, 216.13, 396346, 737
2131, 0, 81, 85, 55, 0, 1.12%, 18, 0, 4, 177.12, 397266, 737
2136, 0, 5, 85, 55, 0, 1.12%, 18, 0, 4, 194.62, 398253, 737
2141, 0, 5, 85, 55, 0, 1.12%, 18, 0, 4, 195.06, 399146, 737
2146, 0, 81, 85, 55, 0, 1.12%, 18, 0, 4, 215.79, 400306, 737
2151, 0, 81, 85, 55, 0, 1.12%, 18, 0, 4, 27.03, 401118, 737
2156, 0, 81, 85, 55, 0, 1.12%, 18, 0, 4, 27.72, 401257, 737
2161, 0, 81, 85, 55, 0, 1.12%, 18, 0, 4, 28.34, 401398, 737
2166, 0, 81, 85, 55, 0, 1.12%, 18, 0, 4, 206.79, 402452, 737
2171, 0, 81, 85, 55, 0, 1.12%, 18, 0, 4, 224.11, 403118, 737
2177, 0, 81, 85, 55, 0, 1.12%, 18, 0, 4, 224.20, 404215, 737
2182, 0, 81, 85, 55, 0, 1.12%, 18, 0, 4, 219.03, 405327, 737
2187, 0, 81, 85, 55, 0, 1.12%, 18, 0, 4, 194.42, 406193, 737
2192, 0, 81, 85, 55, 0, 1.12%, 18, 0, 4, 216.37, 407291, 737
2197, 0, 81, 85, 55, 0, 1.12%, 18, 0, 4, 197.39, 408199, 737
2202, 0, 81, 85, 55, 0, 1.12%, 18, 0, 4, 191.37, 409225, 737
2207, 0, 81, 85, 55, 0, 1.12%, 18, 0, 4, 148.07, 409863, 737
2212, 0, 81, 85, 55, 0, 1.12%, 18, 0, 4, 206.76, 411003, 737
2217, 0, 5, 85, 55, 0, 1.12%, 18, 0, 4, 217.75, 412112, 737
2222, 0, 5, 85, 55, 0, 1.12%, 18, 0, 4, 210.66, 413191, 737
2227, 0, 81, 85, 55, 0, 1.12%, 18, 0, 4, 214.13, 414297, 737
2232, 0, 81, 85, 55, 0, 1.12%, 18, 0, 4, 210.95, 415351, 737
2237, 0, 81, 85, 55, 0, 1.12%, 18, 0, 4, 170.47, 416266, 737
2243, 0, 81, 85, 55, 0, 1.12%, 18, 0, 4, 28.02, 416943, 737
2248, 0, 81, 85, 55, 0, 1.12%, 18, 0, 4, 213.36, 417967, 737
2253, 0, 81, 85, 55, 0, 1.12%, 18, 0, 4, 179.77, 418819, 737
2258, 0, 81, 85, 55, 0, 1.12%, 18, 0, 4, 189.69, 419728, 737
2263, 0, 35, 85, 55, 0, 1.12%, 18, 0, 4, 201.86, 420761, 737
2268, 0, 35, 85, 55, 0, 1.12%, 18, 0, 4, 209.18, 421833, 737
2273, 0, 35, 85, 55, 0, 1.12%, 18, 0, 4, 199.69, 422810, 737
2278, 0, 35, 85, 55, 0, 1.12%, 18, 0, 4, 230.59, 424006, 737
2283, 0, 35, 85, 55, 0, 1.12%, 18, 0, 4, 235.14, 425223, 737
2288, 0, 35, 85, 55, 0, 1.12%, 18, 0, 4, 245.33, 426497, 737
2293, 0, 35, 86, 56, 0, 1.12%, 18, 0, 4, 187.15, 427445, 737
2298, 0, 35, 86, 56, 0, 1.12%, 18, 0, 4, 167.87, 428218, 737
2303, 0, 35, 86, 56, 0, 1.12%, 18, 0, 4, 234.27, 429511, 737
2308, 0, 81, 86, 56, 0, 1.12%, 18, 0, 4, 228.22, 430667, 737
2313, 0, 81, 86, 56, 0, 1.12%, 18, 0, 4, 223.21, 431777, 737
2319, 0, 81, 86, 56, 0, 1.12%, 18, 0, 4, 221.06, 432858, 737
2324, 0, 81, 86, 56, 0, 1.12%, 18, 0, 4, 170.93, 433665, 737
2329, 0, 81, 86, 56, 0, 1.12%, 18, 0, 4, 215.54, 434836, 737
2334, 0, 81, 86, 56, 0, 1.12%, 18, 0, 4, 227.18, 435993, 737
2339, 0, 35, 86, 56, 0, 1.12%, 18, 0, 4, 187.23, 436827, 737
2344, 0, 35, 86, 56, 0, 1.12%, 18, 0, 4, 210.79, 437939, 737
2349, 0, 35, 86, 56, 0, 1.12%, 18, 0, 4, 218.54, 439055, 737
2354, 0, 35, 86, 56, 0, 1.12%, 18, 0, 4, 233.47, 440304, 737
2359, 0, 35, 86, 56, 0, 1.12%, 18, 0, 4, 228.74, 441426, 737
2364, 0, 35, 86, 56, 0, 1.12%, 18, 0, 4, 222.27, 442559, 737
2369, 0, 35, 86, 56, 0, 1.12%, 18, 0, 4, 156.53, 443212, 737
2374, 0, 35, 86, 56, 0, 1.12%, 18, 0, 4, 222.74, 444404, 737
2380, 0, 35, 86, 56, 0, 1.12%, 18, 0, 4, 233.03, 445633, 737
2385, 0, 81, 86, 56, 0, 1.12%, 18, 0, 4, 222.45, 446782, 737
2390, 0, 81, 86, 56, 0, 1.12%, 18, 0, 4, 233.95, 447984, 737
2395, 0, 81, 86, 56, 0, 1.12%, 18, 0, 4, 223.04, 449068, 737
2400, 0, 81, 86, 56, 0, 1.12%, 18, 0, 4, 172.33, 449820, 737
2405, 0, 81, 86, 56, 0, 1.12%, 18, 0, 4, 191.82, 450885, 737
2410, 0, 81, 86, 56, 0, 1.12%, 18, 0, 4, 226.72, 452047, 737
2415, 0, 81, 86, 56, 0, 1.12%, 18, 0, 4, 222.84, 453168, 737
2421, 0, 81, 86, 56, 0, 1.12%, 18, 0, 4, 223.48, 454330, 737
2426, 0, 81, 86, 56, 0, 1.12%, 18, 0, 4, 228.75, 455534, 737
2431, 0, 81, 86, 56, 0, 1.12%, 18, 0, 4, 215.10, 456639, 737
2436, 0, 81, 86, 56, 0, 1.12%, 18, 0, 4, 231.68, 457827, 737
2441, 0, 44, 86, 56, 0, 1.12%, 18, 0, 4, 222.10, 458956, 737
2446, 0, 44, 86, 56, 0, 1.12%, 18, 0, 4, 191.26, 459984, 737
2451, 0, 44, 86, 56, 0, 1.12%, 18, 0, 4, 211.76, 461010, 737
2456, 0, 35, 86, 56, 0, 1.12%, 18, 0, 4, 216.93, 462128, 737
2461, 0, 35, 86, 56, 0, 1.12%, 18, 0, 4, 211.91, 463184, 737
2466, 0, 35, 86, 56, 0, 1.12%, 18, 0, 4, 218.09, 464276, 737
2471, 0, 35, 86, 56, 0, 1.12%, 18, 0, 4, 236.81, 465478, 737
2476, 0, 35, 86, 56, 0, 1.12%, 18, 0, 4, 164.30, 466321, 737
2481, 0, 35, 86, 56, 0, 1.12%, 18, 0, 4, 158.02, 467043, 737
2487, 0, 35, 86, 56, 0, 1.12%, 18, 0, 4, 200.13, 468112, 737
2492, 0, 35, 86, 56, 0, 1.12%, 18, 0, 4, 229.80, 469278, 737
2497, 0, 35, 86, 56, 0, 1.12%, 18, 0, 4, 236.82, 470520, 737
2502, 0, 35, 86, 56, 0, 1.12%, 18, 0, 4, 177.76, 471307, 737
2507, 0, 10, 86, 56, 0, 1.12%, 18, 0, 4, 218.60, 472473, 737
2512, 0, 10, 86, 56, 0, 1.12%, 18, 0, 4, 233.88, 473673, 737
2518, 0, 10, 86, 56, 0, 1.12%, 18, 0, 4, 240.24, 474959, 737
2523, 0, 10, 86, 56, 0, 1.12%, 18, 0, 4, 215.95, 476021, 737
2528, 0, 10, 86, 56, 0, 1.12%, 18, 0, 4, 209.46, 477063, 737
2533, 0, 10, 86, 56, 0, 1.12%, 18, 0, 4, 210.98, 478128, 737
2538, 0, 10, 86, 56, 0, 1.12%, 18, 0, 4, 233.99, 479362, 737
2543, 0, 10, 86, 56, 0, 1.12%, 18, 0, 4, 222.13, 480544, 737
2548, 0, 81, 86, 56, 0, 1.12%, 18, 0, 4, 220.93, 481706, 737
2553, 0, 81, 86, 56, 0, 1.12%, 18, 0, 4, 225.84, 482855, 737
2559, 0, 81, 86, 56, 0, 1.12%, 18, 0, 4, 226.51, 484043, 737
2564, 0, 81, 86, 56, 0, 1.12%, 18, 0, 4, 138.58, 484719, 737
2569, 0, 81, 86, 56, 0, 1.12%, 18, 0, 4, 149.79, 485431, 737
2574, 0, 81, 86, 56, 0, 1.12%, 18, 0, 4, 202.54, 486488, 737
2579, 0, 81, 86, 56, 0, 1.12%, 18, 0, 4, 216.85, 487644, 737
2584, 0, 81, 86, 56, 0, 1.12%, 18, 0, 4, 219.23, 488745, 737
2589, 0, 81, 86, 56, 0, 1.12%, 18, 0, 4, 231.74, 489930, 737
2594, 0, 81, 86, 56, 0, 1.12%, 18, 0, 4, 216.46, 491027, 737
2599, 0, 81, 86, 56, 0, 1.12%, 18, 0, 4, 221.76, 492152, 737
2604, 0, 81, 86, 56, 0, 1.12%, 18, 0, 4, 164.25, 493023, 737
2609, 0, 81, 86, 56, 0, 1.12%, 18, 0, 4, 167.55, 493707, 737
2614, 0, 11, 86, 56, 0, 1.12%, 18, 0, 4, 236.45, 494994, 737
2619, 0, 35, 86, 56, 0, 1.12%, 19, 0, 4, 218.70, 496097, 737
2625, 0, 35, 86, 56, 0, 1.12%, 19, 0, 4, 213.25, 497153, 737
2630, 0, 35, 86, 56, 0, 1.12%, 19, 0, 4, 200.51, 498196, 737
2635, 0, 35, 86, 56, 0, 1.12%, 19, 0, 4, 193.84, 499060, 737
2640, 0, 35, 86, 56, 0, 1.12%, 19, 0, 4, 153.51, 499743, 737
2645, 0, 35, 86, 56, 0, 1.12%, 19, 0, 4, 207.60, 500875, 737
2650, 0, 35, 86, 56, 0, 1.12%, 19, 0, 4, 224.35, 502021, 737
2655, 0, 35, 86, 56, 0, 1.12%, 19, 0, 4, 227.23, 503246, 737
2660, 0, 35, 86, 56, 0, 1.12%, 19, 0, 4, 230.00, 504424, 737
2665, 0, 81, 86, 56, 0, 1.12%, 19, 0, 4, 225.74, 505562, 737
2670, 0, 81, 86, 56, 0, 1.12%, 19, 0, 4, 218.99, 506647, 737
2675, 0, 81, 86, 56, 0, 1.12%, 19, 0, 4, 221.96, 507767, 737
2680, 0, 81, 86, 56, 0, 1.12%, 19, 0, 4, 243.10, 508984, 737
2686, 0, 81, 86, 56, 0, 1.12%, 19, 0, 4, 181.37, 509935, 737
2691, 0, 81, 86, 56, 0, 1.12%, 19, 0, 4, 185.48, 510877, 737
2696, 0, 35, 86, 56, 0, 1.12%, 19, 0, 4, 192.66, 511831, 737
2701, 0, 35, 86, 56, 0, 1.12%, 19, 0, 4, 207.68, 512937, 737
2706, 0, 35, 86, 56, 0, 1.12%, 19, 0, 4, 187.92, 513881, 737
2711, 0, 35, 86, 56, 0, 1.12%, 19, 0, 4, 224.60, 515066, 737
2717, 0, 35, 86, 56, 0, 1.12%, 19, 0, 4, 213.78, 516204, 737
2722, 0, 35, 86, 56, 0, 1.12%, 19, 0, 4, 232.25, 517389, 737
2727, 0, 35, 86, 56, 0, 1.12%, 19, 0, 4, 220.49, 518507, 737
2732, 0, 35, 86, 56, 0, 1.12%, 19, 0, 4, 237.93, 519732, 737
2737, 0, 11, 86, 56, 0, 1.12%, 19, 0, 4, 251.67, 521002, 737
2742, 0, 11, 86, 56, 0, 1.12%, 19, 0, 4, 208.96, 522027, 737
2747, 0, 81, 86, 56, 0, 1.12%, 19, 0, 4, 218.48, 523006, 737
2752, 0, 81, 86, 56, 0, 1.12%, 19, 0, 4, 224.07, 524128, 737
2757, 0, 81, 86, 56, 0, 1.12%, 19, 0, 4, 233.48, 525344, 737
2762, 0, 81, 86, 56, 0, 1.12%, 19, 0, 4, 234.96, 526553, 737
2767, 0, 81, 86, 56, 0, 1.12%, 19, 0, 4, 235.59, 527757, 737
2772, 0, 81, 86, 56, 0, 1.12%, 19, 0, 4, 229.11, 528913, 737
2777, 0, 81, 86, 56, 0, 1.12%, 19, 0, 4, 221.94, 530012, 737
2782, 0, 81, 86, 56, 0, 1.12%, 19, 0, 4, 201.03, 531009, 737
2788, 0, 81, 86, 56, 0, 1.12%, 19, 0, 4, 177.17, 531975, 737
2793, 0, 81, 86, 56, 0, 1.12%, 19, 0, 4, 90.82, 532341, 737
2798, 0, 81, 86, 56, 0, 1.12%, 19, 0, 4, 190.00, 533376, 737
2803, 0, 81, 86, 56, 0, 1.12%, 19, 0, 4, 221.73, 534570, 737
2808, 0, 81, 86, 56, 0, 1.12%, 19, 0, 4, 220.30, 535691, 737
2813, 0, 81, 86, 56, 0, 1.12%, 19, 0, 4, 229.35, 536856, 737
2818, 0, 81, 86, 56, 0, 1.12%, 19, 0, 4, 117.88, 537373, 737
2823, 0, 81, 86, 56, 0, 1.12%, 19, 0, 4, 141.83, 538122, 737
2828, 0, 81, 86, 56, 0, 1.12%, 19, 0, 4, 210.68, 539285, 737
2833, 0, 81, 86, 56, 0, 1.12%, 19, 0, 4, 219.48, 540369, 737
2838, 0, 11, 86, 56, 0, 1.12%, 19, 0, 4, 238.16, 541578, 737
2843, 0, 81, 86, 56, 0, 1.12%, 19, 0, 4, 236.69, 542785, 737
2848, 0, 81, 86, 56, 0, 1.12%, 19, 0, 4, 220.70, 543890, 737
2853, 0, 81, 86, 56, 0, 1.12%, 19, 0, 4, 230.49, 545046, 737
2859, 0, 81, 86, 56, 0, 1.12%, 19, 0, 4, 239.30, 546284, 737
2864, 0, 81, 86, 56, 0, 1.12%, 19, 0, 4, 198.59, 547171, 737
2869, 0, 81, 86, 56, 0, 1.12%, 19, 0, 4, 221.06, 548302, 737
2874, 0, 10, 86, 56, 0, 1.12%, 19, 0, 4, 224.37, 549423, 737
2879, 0, 10, 86, 56, 0, 1.12%, 19, 0, 4, 224.43, 550555, 737
2884, 0, 10, 86, 56, 0, 1.12%, 19, 0, 4, 210.78, 551607, 737
2889, 0, 10, 86, 56, 0, 1.12%, 19, 0, 4, 191.40, 552620, 737
2894, 0, 10, 86, 56, 0, 1.12%, 19, 0, 4, 199.26, 553589, 737
2899, 0, 10, 86, 56, 0, 1.12%, 19, 0, 4, 221.88, 554800, 737
2904, 0, 10, 86, 56, 0, 1.12%, 19, 0, 4, 219.40, 555914, 737
2909, 0, 10, 86, 56, 0, 1.12%, 19, 0, 4, 236.86, 557108, 737
2914, 0, 10, 86, 56, 0, 1.12%, 19, 0, 4, 217.88, 558225, 737
2919, 0, 81, 86, 56, 0, 1.12%, 19, 0, 4, 218.93, 559386, 737
2925, 0, 81, 86, 56, 0, 1.12%, 19, 0, 4, 216.40, 560480, 737
2930, 0, 81, 86, 56, 0, 1.12%, 19, 0, 4, 215.55, 561561, 737
2935, 0, 81, 86, 56, 0, 1.12%, 19, 0, 4, 206.73, 562669, 737
2940, 0, 81, 86, 56, 0, 1.12%, 19, 0, 4, 228.39, 563607, 737
2945, 0, 81, 86, 56, 0, 1.12%, 19, 0, 4, 138.40, 564295, 737
2950, 0, 53, 86, 56, 0, 1.12%, 19, 0, 4, 207.15, 565414, 737
2955, 0, 53, 86, 56, 0, 1.12%, 19, 0, 4, 226.26, 566618, 737
2960, 0, 53, 86, 56, 0, 1.12%, 19, 0, 4, 228.53, 567784, 737
2965, 0, 53, 86, 56, 0, 1.12%, 19, 0, 4, 223.38, 568900, 737
2970, 0, 53, 86, 56, 0, 1.12%, 19, 0, 4, 220.64, 570008, 737
2975, 0, 53, 86, 56, 0, 1.12%, 19, 0, 4, 212.59, 571083, 737
2981, 0, 53, 86, 56, 0, 1.12%, 19, 0, 4, 215.28, 572203, 737
2986, 0, 53, 86, 56, 0, 1.12%, 19, 0, 4, 199.68, 573227, 737
2991, 0, 53, 86, 56, 0, 1.12%, 19, 0, 4, 154.35, 573942, 737
2996, 0, 53, 86, 56, 0, 1.12%, 19, 0, 4, 125.29, 574574, 737
3001, 0, 53, 86, 56, 0, 1.12%, 19, 0, 4, 201.01, 575706, 737
3006, 0, 53, 86, 56, 0, 1.12%, 19, 0, 4, 196.68, 576624, 737
3011, 0, 53, 86, 56, 0, 1.12%, 19, 0, 4, 231.63, 577847, 737
3016, 0, 53, 86, 56, 0, 1.12%, 19, 0, 4, 247.60, 579179, 737
3021, 0, 53, 86, 56, 0, 1.12%, 19, 0, 4, 215.01, 580207, 737
3026, 0, 53, 86, 56, 0, 1.12%, 19, 0, 4, 220.62, 581319, 737
3031, 0, 53, 86, 56, 0, 1.12%, 19, 0, 4, 236.15, 582503, 737
3036, 0, 53, 86, 56, 0, 1.12%, 19, 0, 4, 245.43, 583731, 737
3042, 0, 53, 86, 56, 0, 1.12%, 19, 0, 4, 259.30, 585098, 737
3047, 0, 53, 86, 56, 0, 1.12%, 19, 0, 4, 249.00, 586334, 737
3052, 0, 53, 86, 56, 0, 1.12%, 19, 0, 4, 260.85, 587696, 737
3057, 0, 53, 86, 56, 0, 1.12%, 19, 0, 4, 211.60, 588731, 737
3062, 0, 53, 86, 56, 0, 1.12%, 19, 0, 4, 141.48, 589469, 737
3067, 0, 53, 86, 56, 0, 1.12%, 19, 0, 4, 207.62, 590627, 737
3072, 0, 53, 86, 56, 0, 1.12%, 19, 0, 4, 219.27, 591751, 737
3077, 0, 81, 86, 56, 0, 1.12%, 19, 0, 4, 219.26, 592859, 737
3082, 0, 81, 86, 56, 0, 1.12%, 19, 0, 4, 217.19, 593948, 737
3087, 0, 81, 86, 56, 0, 1.12%, 19, 0, 4, 141.95, 594666, 737
3093, 0, 81, 86, 56, 0, 1.12%, 19, 0, 4, 177.03, 595475, 737
3098, 0, 81, 86, 56, 0, 1.12%, 19, 0, 4, 169.97, 596405, 737
3103, 0, 81, 86, 56, 0, 1.12%, 19, 0, 4, 225.32, 597298, 737
3108, 0, 81, 86, 56, 0, 1.12%, 19, 0, 4, 229.12, 598502, 737
3113, 0, 81, 86, 56, 0, 1.12%, 19, 0, 4, 217.31, 599615, 737
3118, 0, 81, 86, 56, 0, 1.12%, 19, 0, 4, 132.46, 600268, 737
3123, 0, 81, 86, 56, 0, 1.12%, 19, 0, 4, 125.09, 600799, 737
3128, 0, 81, 86, 56, 0, 1.12%, 19, 0, 4, 209.16, 601973, 737
3134, 0, 81, 86, 56, 0, 1.12%, 19, 0, 4, 207.75, 603066, 737
3139, 0, 81, 86, 56, 0, 1.12%, 19, 0, 4, 226.59, 604242, 737
3144, 0, 35, 86, 56, 0, 1.12%, 19, 0, 4, 213.59, 605339, 737
3149, 0, 35, 86, 56, 0, 1.12%, 19, 0, 4, 207.50, 606383, 737
3154, 0, 35, 86, 56, 0, 1.12%, 19, 0, 4, 238.10, 607619, 737
3159, 0, 35, 86, 56, 0, 1.12%, 19, 0, 4, 185.01, 608582, 737
3164, 0, 35, 86, 56, 0, 1.12%, 19, 0, 4, 190.48, 609461, 737
3169, 0, 35, 86, 56, 0, 1.12%, 19, 0, 4, 236.13, 610194, 737
3175, 0, 35, 86, 56, 0, 1.12%, 19, 0, 4, 227.09, 611375, 737
3180, 0, 35, 86, 56, 0, 1.12%, 19, 0, 4, 215.43, 612513, 737
3185, 0, 35, 86, 56, 0, 1.12%, 19, 0, 4, 32.24, 613292, 737
3190, 0, 35, 86, 56, 0, 1.12%, 19, 0, 4, 189.89, 614189, 737
3195, 0, 9, 86, 56, 0, 1.12%, 19, 0, 4, 196.98, 615161, 737
3200, 0, 9, 86, 56, 0, 1.12%, 19, 0, 4, 234.17, 616393, 737
3205, 0, 9, 86, 56, 0, 1.12%, 19, 0, 4, 207.87, 617362, 737
3211, 0, 9, 86, 56, 0, 1.12%, 19, 0, 4, 228.79, 618537, 737
3216, 0, 9, 86, 56, 0, 1.12%, 19, 0, 4, 239.88, 619775, 737
3221, 0, 9, 86, 56, 0, 1.12%, 19, 0, 4, 229.92, 620995, 737
3226, 0, 81, 86, 56, 0, 1.12%, 19, 0, 4, 156.93, 621895, 737
3231, 0, 81, 86, 56, 0, 1.12%, 19, 0, 4, 187.46, 622914, 737
3236, 0, 81, 86, 56, 0, 1.12%, 19, 0, 4, 163.07, 623793, 737
3241, 0, 81, 87, 57, 0, 1.12%, 19, 0, 4, 29.38, 624559, 737
3246, 0, 81, 87, 57, 0, 1.12%, 19, 0, 4, 229.14, 625336, 737
3252, 0, 81, 87, 57, 0, 1.12%, 19, 0, 4, 199.63, 626413, 737
3257, 0, 81, 87, 57, 0, 1.12%, 19, 0, 4, 149.08, 627165, 737
3262, 0, 81, 87, 57, 0, 1.12%, 19, 0, 4, 92.49, 627692, 737
3267, 0, 81, 87, 57, 0, 1.12%, 19, 0, 4, 179.01, 628638, 737
3272, 0, 81, 87, 57, 0, 1.12%, 19, 0, 4, 209.91, 629728, 737
3277, 0, 81, 87, 57, 0, 1.12%, 19, 0, 4, 184.96, 630725, 737
3282, 0, 81, 87, 57, 0, 1.12%, 19, 0, 4, 182.72, 631502, 737
3287, 0, 81, 87, 57, 0, 1.12%, 19, 0, 4, 200.29, 632547, 737
3292, 0, 81, 87, 57, 0, 1.12%, 19, 0, 4, 210.84, 633628, 737
3298, 0, 63, 87, 57, 0, 1.12%, 19, 0, 4, 223.40, 634786, 737
3303, 0, 63, 87, 57, 0, 1.12%, 19, 0, 4, 228.82, 635970, 737
3308, 0, 63, 87, 57, 0, 1.12%, 19, 0, 4, 225.85, 637104, 737
3313, 0, 63, 87, 57, 0, 1.12%, 19, 0, 4, 224.20, 638224, 737
3318, 0, 63, 87, 57, 0, 1.12%, 19, 0, 4, 212.58, 639298, 737
3323, 0, 63, 87, 57, 0, 1.12%, 19, 0, 4, 207.84, 640346, 737
3328, 0, 63, 87, 57, 0, 1.12%, 19, 0, 4, 209.22, 641430, 737
3333, 0, 63, 87, 57, 0, 1.12%, 19, 0, 4, 133.91, 642012, 737
3338, 0, 63, 87, 57, 0, 1.12%, 19, 0, 4, 117.33, 642585, 737
3343, 0, 63, 87, 57, 0, 1.12%, 19, 0, 4, 47.05, 642730, 737
3349, 0, 63, 87, 57, 0, 1.12%, 19, 0, 4, 226.55, 643934, 737
3354, 0, 63, 87, 57, 0, 1.12%, 19, 0, 4, 197.96, 644793, 737
3359, 0, 63, 87, 57, 0, 1.12%, 19, 0, 4, 225.76, 645977, 737
3364, 0, 63, 87, 57, 0, 1.12%, 19, 0, 4, 235.35, 647214, 737
3369, 0, 63, 87, 57, 0, 1.12%, 19, 0, 4, 242.76, 648427, 737
3374, 0, 63, 87, 57, 0, 1.12%, 19, 0, 4, 250.09, 649706, 737
3379, 0, 63, 87, 57, 0, 1.12%, 19, 0, 4, 238.03, 650901, 737
3384, 0, 63, 87, 57, 0, 1.12%, 19, 0, 4, 219.61, 652018, 737
3389, 0, 63, 87, 57, 0, 1.12%, 19, 0, 4, 130.34, 652564, 737
3394, 0, 63, 87, 57, 0, 1.12%, 19, 0, 4, 110.43, 653114, 737
3400, 0, 63, 87, 57, 0, 1.12%, 19, 0, 4, 58.47, 653333, 737
3405, 0, 63, 87, 57, 0, 1.12%, 19, 0, 4, 100.15, 653898, 737
3410, 0, 63, 87, 57, 0, 1.12%, 19, 0, 4, 107.99, 654478, 737
3415, 0, 63, 87, 57, 0, 1.12%, 19, 0, 4, 47.10, 654622, 737
3420, 0, 63, 87, 57, 0, 1.12%, 19, 0, 4, 177.89, 655700, 737
3425, 0, 63, 87, 57, 0, 1.12%, 19, 0, 4, 233.64, 656957, 737
3430, 0, 63, 87, 57, 0, 1.12%, 19, 0, 4, 214.83, 657986, 737
3435, 0, 63, 87, 57, 0, 1.12%, 19, 0, 4, 219.39, 659139, 737
3440, 0, 81, 87, 57, 0, 1.12%, 19, 0, 4, 214.84, 660208, 737
3445, 0, 81, 87, 57, 0, 1.12%, 19, 0, 4, 218.01, 661305, 737
3451, 0, 81, 87, 57, 0, 1.12%, 19, 0, 4, 223.72, 662438, 737
3456, 0, 81, 87, 57, 0, 1.12%, 19, 0, 4, 203.39, 663467, 737
3461, 0, 81, 87, 57, 0, 1.12%, 19, 0, 4, 217.07, 664584, 737
3466, 0, 81, 87, 57, 0, 1.12%, 19, 0, 4, 216.43, 665652, 737
3471, 0, 81, 87, 57, 0, 1.12%, 19, 0, 4, 208.59, 666710, 737
3476, 0, 81, 87, 57, 0, 1.12%, 19, 0, 4, 169.67, 667608, 737
3481, 0, 81, 87, 57, 0, 1.12%, 19, 0, 4, 145.64, 668232, 737
3486, 0, 81, 87, 57, 0, 1.12%, 19, 0, 4, 179.27, 669151, 737
3491, 0, 81, 87, 57, 0, 1.12%, 19, 0, 4, 198.93, 670224, 737
3496, 0, 81, 87, 57, 0, 1.12%, 19, 0, 4, 239.79, 671205, 737
3501, 0, 81, 87, 57, 0, 1.12%, 19, 0, 4, 212.87, 672269, 737
3506, 0, 35, 87, 57, 0, 1.12%, 19, 0, 4, 200.52, 673260, 737
3511, 0, 35, 87, 57, 0, 1.12%, 19, 0, 4, 209.25, 674308, 737
3517, 0, 35, 87, 57, 0, 1.12%, 19, 0, 4, 157.72, 675054, 737
3522, 0, 35, 87, 57, 0, 1.12%, 19, 0, 4, 201.93, 676061, 737
3527, 0, 35, 87, 57, 0, 1.12%, 19, 0, 4, 216.74, 677176, 737
3532, 0, 35, 87, 57, 0, 1.12%, 19, 0, 4, 183.81, 678035, 737
3537, 0, 35, 87, 57, 0, 1.12%, 19, 0, 4, 195.86, 679076, 737
3542, 0, 35, 87, 57, 0, 1.12%, 19, 0, 4, 242.85, 679890, 737
3547, 0, 35, 87, 57, 0, 1.12%, 19, 0, 4, 229.88, 681020, 737
3552, 0, 35, 87, 57, 0, 1.12%, 19, 0, 4, 232.24, 682186, 737
3557, 0, 81, 87, 57, 0, 1.12%, 19, 0, 4, 218.92, 683311, 737
3562, 0, 81, 87, 57, 0, 1.12%, 19, 0, 4, 25.81, 684381, 737
3567, 0, 81, 87, 57, 0, 1.12%, 19, 0, 4, 27.04, 684520, 737
3572, 0, 81, 87, 57, 0, 1.12%, 19, 0, 4, 27.08, 684659, 737
3577, 0, 81, 87, 57, 0, 1.12%, 19, 0, 4, 216.02, 685557, 737
3583, 0, 81, 87, 57, 0, 1.12%, 19, 0, 4, 177.06, 686554, 737
3588, 0, 81, 87, 57, 0, 1.12%, 19, 0, 4, 189.32, 687346, 737
3593, 0, 81, 87, 57, 0, 1.12%, 19, 0, 4, 197.82, 688363, 737
3598, 0, 35, 87, 57, 0, 1.12%, 19, 0, 4, 201.42, 689399, 737
3603, 0, 35, 87, 57, 0, 1.12%, 19, 0, 4, 217.86, 690539, 737
3608, 0, 35, 87, 57, 0, 1.12%, 19, 0, 4, 227.71, 691710, 737
3613, 0, 35, 87, 57, 0, 1.12%, 19, 0, 4, 237.10, 692879, 737
3618, 0, 35, 87, 57, 0, 1.12%, 19, 0, 4, 229.60, 694033, 737
3623, 0, 35, 87, 57, 0, 1.12%, 19, 0, 4, 220.05, 695163, 737
3629, 0, 35, 87, 57, 0, 1.12%, 19, 0, 4, 215.10, 696288, 737
3634, 0, 35, 87, 57, 0, 1.12%, 19, 0, 4, 112.18, 696722, 737
3639, 0, 35, 87, 57, 0, 1.12%, 19, 0, 4, 198.50, 697802, 737
3644, 0, 81, 87, 57, 0, 1.12%, 19, 0, 4, 213.43, 698890, 737
