# relative_time, cycles_done, cur_item, corpus_count, pending_total, pending_favs, map_size, saved_crashes, saved_hangs, max_depth, execs_per_sec, total_execs, edges_found
60, 0, 178, 202, 199, 48, 1.80%, 0, 0, 3, 760.70, 43611, 1179
65, 0, 178, 204, 201, 48, 1.80%, 0, 0, 3, 770.33, 47527, 1179
70, 0, 178, 207, 204, 48, 1.80%, 0, 0, 3, 763.16, 51421, 1179
75, 0, 178, 208, 205, 48, 1.80%, 0, 0, 3, 767.57, 55359, 1179
81, 0, 26, 213, 206, 44, 1.80%, 0, 0, 4, 747.98, 59253, 1179
86, 0, 130, 216, 205, 42, 1.82%, 0, 0, 4, 728.21, 62755, 1194
91, 0, 202, 224, 212, 40, 1.82%, 0, 0, 4, 730.36, 66452, 1194
96, 0, 202, 225, 213, 40, 1.82%, 0, 0, 4, 759.20, 70357, 1194
101, 0, 202, 226, 214, 40, 1.82%, 0, 0, 4, 755.90, 74175, 1194
106, 0, 202, 228, 216, 40, 1.82%, 0, 0, 4, 766.13, 78106, 1194
111, 0, 202, 228, 216, 40, 1.82%, 0, 0, 4, 760.11, 81931, 1194
116, 0, 202, 230, 218, 40, 1.82%, 0, 0, 4, 774.77, 85882, 1195
121, 0, 202, 230, 218, 40, 1.82%, 0, 0, 4, 771.38, 89837, 1195
126, 0, 202, 230, 218, 40, 1.82%, 0, 0, 4, 774.57, 93797, 1195
132, 0, 137, 233, 220, 39, 1.82%, 0, 0, 4, 751.81, 97605, 1196
137, 0, 137, 236, 223, 39, 1.82%, 0, 0, 4, 725.17, 101253, 1196
142, 0, 137, 238, 225, 39, 1.82%, 0, 0, 4, 716.74, 104867, 1196
147, 0, 137, 241, 228, 39, 1.82%, 0, 0, 4, 720.42, 108545, 1196
152, 0, 137, 242, 229, 39, 1.82%, 0, 0, 4, 720.50, 112221, 1196
157, 0, 137, 244, 231, 39, 1.82%, 0, 0, 4, 697.51, 115803, 1196
162, 0, 137, 244, 231, 39, 1.82%, 0, 0, 4, 712.15, 119489, 1196
167, 0, 219, 249, 235, 38, 1.82%, 0, 0, 5, 735.41, 123192, 1196
172, 0, 219, 251, 237, 38, 1.82%, 0, 0, 5, 742.76, 127044, 1196
178, 0, 219, 252, 238, 38, 1.82%, 0, 0, 5, 740.30, 130874, 1196
183, 0, 219, 252, 238, 38, 1.82%, 0, 0, 5, 748.72, 134724, 1196
188, 0, 219, 253, 239, 38, 1.82%, 0, 0, 5, 750.66, 138612, 1196
193, 0, 219, 253, 239, 38, 1.82%, 0, 0, 5, 747.60, 142376, 1196
198, 0, 219, 253, 239, 38, 1.82%, 0, 0, 5, 739.43, 146072, 1196
203, 0, 219, 253, 239, 38, 1.82%, 0, 0, 5, 735.51, 149754, 1196
208, 0, 219, 254, 240, 38, 1.82%, 0, 0, 5, 741.31, 153612, 1196
213, 0, 71, 255, 239, 39, 1.82%, 0, 0, 5, 743.48, 157338, 1196
218, 0, 213, 255, 236, 36, 1.82%, 0, 0, 5, 33.06, 159855, 1196
223, 0, 213, 258, 239, 36, 1.82%, 0, 0, 5, 35.87, 160035, 1196
228, 0, 213, 265, 246, 36, 1.83%, 0, 0, 5, 53.63, 160313, 1199
233, 0, 213, 269, 250, 36, 1.83%, 0, 0, 5, 57.35, 160595, 1199
239, 0, 213, 269, 250, 36, 1.83%, 0, 0, 5, 62.09, 160912, 1199
244, 0, 213, 270, 251, 36, 1.83%, 0, 0, 5, 59.87, 161209, 1199
249, 0, 213, 271, 252, 36, 1.83%, 0, 0, 5, 63.75, 161545, 1199
254, 0, 213, 272, 253, 36, 1.83%, 0, 0, 5, 72.46, 161903, 1199
259, 0, 213, 272, 253, 36, 1.83%, 0, 0, 5, 65.86, 162240, 1199
264, 0, 213, 272, 253, 36, 1.83%, 0, 0, 5, 72.68, 162630, 1199
269, 0, 213, 273, 254, 36, 1.83%, 0, 0, 5, 68.15, 162947, 1199
274, 0, 213, 273, 254, 36, 1.83%, 0, 0, 5, 70.26, 163304, 1199
280, 0, 213, 274, 255, 36, 1.86%, 0, 0, 5, 63.81, 163632, 1216
285, 0, 213, 275, 256, 36, 1.86%, 0, 0, 5, 70.89, 163988, 1216
290, 0, 213, 275, 256, 36, 1.86%, 0, 0, 5, 66.86, 164319, 1216
295, 0, 213, 275, 256, 36, 1.86%, 0, 0, 5, 66.74, 164647, 1216
300, 0, 213, 277, 258, 36, 1.86%, 0, 0, 5, 59.61, 164945, 1219
305, 0, 213, 277, 258, 36, 1.86%, 0, 0, 5, 67.70, 165297, 1219
310, 0, 213, 277, 258, 36, 1.86%, 0, 0, 5, 65.14, 165638, 1219
315, 0, 213, 278, 259, 36, 1.86%, 0, 0, 5, 62.64, 165950, 1219
320, 0, 213, 278, 259, 36, 1.86%, 0, 0, 5, 67.60, 166301, 1219
325, 0, 213, 278, 259, 36, 1.86%, 0, 0, 5, 71.52, 166651, 1219
330, 0, 213, 278, 259, 36, 1.86%, 0, 0, 5, 63.18, 166984, 1219
335, 0, 213, 278, 259, 36, 1.86%, 0, 0, 5, 61.60, 167294, 1219
340, 0, 213, 279, 260, 36, 1.86%, 0, 0, 5, 64.58, 167613, 1219
345, 0, 213, 279, 260, 36, 1.86%, 0, 0, 5, 67.78, 167949, 1219
351, 0, 213, 279, 260, 36, 1.86%, 0, 0, 5, 69.43, 168296, 1219
356, 0, 213, 279, 260, 36, 1.86%, 0, 0, 5, 67.39, 168637, 1219
361, 0, 213, 279, 260, 36, 1.86%, 0, 0, 5, 73.73, 169008, 1219
366, 0, 213, 279, 260, 36, 1.86%, 0, 0, 5, 63.83, 169345, 1219
371, 0, 213, 279, 260, 36, 1.86%, 0, 0, 5, 60.97, 169655, 1219
376, 0, 213, 279, 260, 36, 1.86%, 0, 0, 5, 65.25, 170009, 1219
381, 0, 213, 279, 260, 36, 1.86%, 0, 0, 5, 64.18, 170333, 1219
386, 0, 213, 281, 262, 36, 1.86%, 0, 0, 5, 60.27, 170618, 1220
391, 0, 213, 281, 262, 36, 1.86%, 0, 0, 5, 64.30, 170957, 1220
396, 0, 213, 281, 262, 36, 1.86%, 0, 0, 5, 68.17, 171313, 1220
401, 0, 213, 281, 262, 36, 1.86%, 0, 0, 5, 67.26, 171659, 1220
406, 0, 213, 281, 262, 36, 1.86%, 0, 0, 5, 67.85, 171997, 1220
411, 0, 213, 281, 262, 36, 1.86%, 0, 0, 5, 67.14, 172315, 1220
416, 0, 213, 281, 262, 36, 1.86%, 0, 0, 5, 66.33, 172655, 1220
421, 0, 213, 281, 262, 36, 1.86%, 0, 0, 5, 66.45, 172999, 1220
426, 0, 213, 281, 262, 36, 1.86%, 0, 0, 5, 61.82, 173309, 1220
432, 0, 213, 281, 262, 36, 1.86%, 0, 0, 5, 65.62, 173660, 1220
437, 0, 213, 281, 262, 36, 1.86%, 0, 0, 5, 62.03, 173965, 1220
442, 0, 213, 281, 262, 36, 1.86%, 0, 0, 5, 70.36, 174327, 1220
447, 0, 213, 281, 262, 36, 1.86%, 0, 0, 5, 67.83, 174676, 1220
452, 0, 213, 281, 262, 36, 1.86%, 0, 0, 5, 63.40, 175007, 1220
457, 0, 213, 281, 262, 36, 1.86%, 0, 0, 5, 62.63, 175324, 1220
462, 0, 213, 281, 262, 36, 1.86%, 0, 0, 5, 53.66, 175595, 1220
467, 0, 213, 281, 262, 36, 1.86%, 0, 0, 5, 64.64, 175930, 1220
472, 0, 213, 281, 262, 36, 1.86%, 0, 0, 5, 66.03, 176268, 1220
477, 0, 213, 281, 262, 36, 1.86%, 0, 0, 5, 70.70, 176624, 1220
482, 0, 213, 281, 262, 36, 1.86%, 0, 0, 5, 64.37, 176949, 1220
488, 0, 213, 281, 262, 36, 1.86%, 0, 0, 5, 64.25, 177288, 1220
493, 0, 213, 281, 262, 36, 1.86%, 0, 0, 5, 71.90, 177650, 1220
498, 0, 213, 281, 262, 36, 1.86%, 0, 0, 5, 65.40, 177976, 1220
503, 0, 213, 281, 262, 36, 1.86%, 0, 0, 5, 63.39, 178310, 1220
508, 0, 213, 281, 262, 36, 1.86%, 0, 0, 5, 68.43, 178667, 1220
513, 0, 213, 281, 262, 36, 1.86%, 0, 0, 5, 73.60, 179040, 1220
518, 0, 213, 281, 262, 36, 1.86%, 0, 0, 5, 67.82, 179384, 1220
523, 0, 213, 281, 262, 36, 1.86%, 0, 0, 5, 68.56, 179741, 1220
529, 0, 213, 281, 262, 36, 1.86%, 0, 0, 5, 70.40, 180111, 1220
534, 0, 213, 281, 262, 36, 1.86%, 0, 0, 5, 66.42, 180432, 1220
539, 0, 213, 281, 262, 36, 1.86%, 0, 0, 5, 68.35, 180770, 1220
544, 0, 213, 281, 262, 36, 1.86%, 0, 0, 5, 65.55, 181104, 1220
549, 0, 213, 282, 263, 36, 1.86%, 0, 0, 5, 61.66, 181413, 1220
554, 0, 213, 282, 263, 36, 1.86%, 0, 0, 5, 72.08, 181786, 1220
559, 0, 213, 282, 263, 36, 1.86%, 0, 0, 5, 67.74, 182121, 1220
564, 0, 213, 282, 263, 36, 1.86%, 0, 0, 5, 67.86, 182463, 1220
570, 0, 213, 283, 264, 36, 1.86%, 0, 0, 5, 58.46, 182747, 1220
575, 0, 213, 283, 264, 36, 1.86%, 0, 0, 5, 69.27, 183114, 1220
580, 0, 213, 283, 264, 36, 1.86%, 0, 0, 5, 67.46, 183449, 1220
585, 0, 213, 283, 264, 36, 1.86%, 0, 0, 5, 69.32, 183791, 1220
590, 0, 213, 283, 264, 36, 1.86%, 0, 0, 5, 67.15, 184121, 1220
595, 0, 213, 283, 264, 36, 1.86%, 0, 0, 5, 64.96, 184449, 1220
600, 0, 213, 283, 264, 36, 1.86%, 0, 0, 5, 68.85, 184805, 1220
605, 0, 213, 283, 264, 36, 1.86%, 0, 0, 5, 60.45, 185130, 1220
611, 0, 213, 283, 264, 36, 1.86%, 0, 0, 5, 62.76, 185460, 1220
616, 0, 213, 283, 264, 36, 1.86%, 0, 0, 5, 64.53, 185783, 1220
621, 0, 213, 283, 264, 36, 1.86%, 0, 0, 5, 63.46, 186104, 1220
626, 0, 230, 283, 262, 39, 1.86%, 0, 0, 5, 668.88, 187722, 1220
631, 0, 121, 283, 260, 37, 1.86%, 0, 0, 5, 718.79, 191437, 1220
636, 0, 262, 284, 259, 35, 1.86%, 0, 0, 5, 57.65, 194026, 1220
641, 0, 262, 284, 259, 35, 1.86%, 0, 0, 5, 65.63, 194314, 1220
646, 0, 250, 284, 258, 34, 1.86%, 0, 0, 5, 652.93, 197199, 1220
651, 0, 140, 285, 256, 32, 1.86%, 0, 0, 5, 714.62, 200994, 1220
656, 0, 196, 288, 258, 31, 1.86%, 0, 0, 5, 357.22, 203596, 1220
662, 0, 120, 290, 258, 30, 1.86%, 0, 0, 5, 627.59, 207100, 1220
667, 0, 238, 293, 260, 29, 1.86%, 0, 0, 5, 702.60, 210744, 1220
672, 0, 142, 293, 259, 29, 1.86%, 0, 0, 5, 730.94, 214437, 1220
677, 0, 173, 293, 257, 27, 1.86%, 0, 0, 5, 734.69, 218147, 1220
682, 0, 273, 293, 256, 26, 1.86%, 0, 0, 5, 32.48, 219348, 1220
687, 0, 273, 293, 256, 26, 1.86%, 0, 0, 5, 59.53, 219645, 1220
692, 0, 44, 293, 253, 23, 1.86%, 0, 0, 5, 758.53, 223187, 1220
697, 0, 290, 293, 251, 21, 1.86%, 0, 0, 5, 730.74, 226839, 1220
702, 0, 94, 293, 249, 19, 1.86%, 0, 0, 5, 733.14, 230551, 1220
707, 0, 191, 293, 248, 18, 1.86%, 0, 0, 5, 749.31, 234445, 1220
712, 0, 275, 293, 247, 17, 1.86%, 0, 0, 5, 30.61, 237273, 1220
718, 0, 275, 293, 247, 17, 1.86%, 0, 0, 5, 36.07, 237450, 1220
723, 0, 275, 296, 250, 17, 1.87%, 0, 0, 6, 244.99, 238064, 1226
728, 0, 275, 299, 253, 17, 1.88%, 0, 0, 6, 164.56, 238786, 1229
733, 0, 275, 300, 254, 17, 1.88%, 0, 0, 6, 145.54, 239469, 1229
738, 0, 275, 302, 256, 17, 1.88%, 0, 0, 6, 131.02, 240115, 1229
743, 0, 275, 302, 256, 17, 1.88%, 0, 0, 6, 139.27, 240837, 1229
748, 0, 275, 303, 257, 17, 1.88%, 0, 0, 6, 134.33, 241529, 1230
753, 0, 275, 305, 259, 17, 1.88%, 0, 0, 6, 119.59, 242169, 1234
758, 0, 298, 305, 258, 20, 1.88%, 0, 0, 6, 665.01, 244532, 1234
763, 0, 170, 306, 257, 18, 1.88%, 0, 0, 6, 721.28, 248241, 1234
768, 0, 216, 306, 255, 16, 1.88%, 0, 0, 6, 742.73, 252002, 1234
774, 0, 293, 306, 254, 15, 1.88%, 0, 0, 6, 705.49, 255530, 1234
779, 0, 279, 306, 253, 14, 1.88%, 0, 0, 6, 33.02, 257171, 1234
784, 0, 279, 306, 253, 14, 1.88%, 0, 0, 6, 49.26, 257408, 1234
789, 0, 297, 306, 252, 13, 1.88%, 0, 0, 6, 703.81, 260003, 1234
794, 0, 300, 306, 250, 11, 1.88%, 0, 0, 6, 78.80, 263326, 1234
799, 0, 300, 306, 250, 11, 1.88%, 0, 0, 6, 82.24, 263747, 1234
804, 0, 154, 306, 249, 10, 1.88%, 0, 0, 6, 701.57, 265678, 1234
809, 0, 83, 306, 248, 9, 1.88%, 0, 0, 6, 669.32, 269033, 1234
815, 0, 196, 306, 247, 8, 1.88%, 0, 0, 6, 73.82, 271339, 1234
820, 0, 79, 306, 247, 8, 1.88%, 0, 0, 6, 657.18, 274573, 1234
825, 0, 141, 307, 246, 6, 1.88%, 0, 0, 6, 673.92, 278034, 1234
830, 0, 112, 308, 246, 5, 1.88%, 0, 0, 6, 667.57, 281469, 1234
835, 0, 15, 308, 246, 5, 1.88%, 0, 0, 6, 724.90, 285273, 1234
840, 0, 15, 308, 246, 5, 1.88%, 0, 0, 6, 733.58, 288955, 1234
845, 0, 196, 308, 246, 5, 1.88%, 0, 0, 6, 743.51, 292806, 1234
850, 0, 302, 308, 246, 5, 1.88%, 0, 0, 6, 68.99, 293852, 1234
856, 0, 302, 308, 246, 5, 1.88%, 0, 0, 6, 98.78, 294344, 1234
861, 0, 137, 309, 246, 4, 1.88%, 0, 0, 6, 726.34, 297133, 1234
866, 0, 137, 309, 246, 4, 1.88%, 0, 0, 6, 731.11, 300899, 1234
871, 0, 171, 309, 245, 5, 1.88%, 0, 0, 6, 736.72, 304702, 1234
876, 0, 195, 309, 243, 4, 1.88%, 0, 0, 6, 748.32, 308457, 1234
881, 0, 252, 309, 243, 4, 1.88%, 0, 0, 6, 725.23, 312238, 1234
886, 0, 252, 309, 243, 4, 1.88%, 0, 0, 6, 729.73, 315868, 1234
891, 0, 252, 310, 244, 4, 1.88%, 0, 0, 6, 716.60, 319418, 1234
897, 0, 252, 311, 245, 4, 1.88%, 0, 0, 6, 64.40, 321590, 1234
902, 0, 252, 311, 245, 4, 1.88%, 0, 0, 6, 558.95, 322723, 1234
907, 0, 252, 312, 246, 4, 1.88%, 0, 0, 6, 698.04, 326498, 1234
912, 0, 304, 312, 246, 4, 1.88%, 0, 0, 6, 742.68, 330043, 1234
917, 0, 88, 312, 245, 3, 1.88%, 0, 0, 6, 735.23, 333748, 1234
922, 0, 230, 312, 245, 3, 1.88%, 0, 0, 6, 728.47, 337438, 1234
927, 0, 163, 312, 244, 3, 1.88%, 0, 0, 6, 742.01, 341169, 1234
932, 0, 252, 312, 243, 3, 1.88%, 0, 0, 6, 742.72, 344901, 1234
937, 0, 173, 315, 246, 3, 1.90%, 0, 0, 6, 724.02, 348583, 1242
942, 0, 173, 316, 247, 3, 1.90%, 0, 0, 6, 711.13, 352161, 1242
947, 0, 173, 316, 247, 3, 1.90%, 0, 0, 6, 698.34, 355733, 1242
952, 0, 173, 317, 248, 3, 1.90%, 0, 0, 6, 703.57, 359253, 1242
958, 0, 173, 317, 248, 3, 1.90%, 0, 0, 6, 711.00, 362893, 1242
963, 0, 173, 318, 249, 3, 1.90%, 0, 0, 6, 711.35, 366541, 1242
968, 0, 173, 320, 251, 3, 1.91%, 0, 0, 6, 704.59, 370141, 1253
973, 0, 173, 320, 251, 3, 1.91%, 0, 0, 6, 706.75, 373697, 1253
978, 0, 173, 320, 251, 3, 1.91%, 0, 0, 6, 741.00, 377485, 1253
983, 0, 15, 322, 252, 6, 1.91%, 0, 0, 6, 732.58, 381150, 1254
988, 0, 15, 322, 252, 6, 1.91%, 0, 0, 6, 735.04, 384846, 1254
993, 0, 15, 322, 252, 6, 1.91%, 0, 0, 6, 752.02, 388712, 1254
998, 0, 314, 323, 252, 6, 1.91%, 0, 0, 6, 733.46, 392366, 1254
1003, 0, 62, 324, 252, 5, 1.93%, 0, 0, 6, 712.23, 395872, 1263
1009, 0, 62, 324, 252, 5, 1.93%, 0, 0, 6, 743.19, 399760, 1263
1014, 0, 323, 324, 251, 4, 1.93%, 0, 0, 6, 118.32, 403028, 1263
1019, 0, 317, 324, 249, 2, 1.93%, 0, 0, 6, 579.82, 406343, 1263
1024, 0, 318, 326, 250, 2, 1.93%, 0, 0, 6, 685.76, 409993, 1264
1029, 0, 318, 326, 250, 2, 1.93%, 0, 0, 6, 707.82, 413588, 1264
1034, 0, 318, 327, 251, 2, 1.93%, 0, 0, 6, 702.37, 417166, 1264
1039, 0, 318, 328, 252, 2, 1.93%, 0, 0, 6, 709.11, 420814, 1265
1044, 0, 318, 329, 253, 2, 1.93%, 0, 0, 6, 707.55, 424462, 1265
1049, 0, 318, 329, 253, 2, 1.93%, 0, 0, 6, 735.17, 428158, 1265
1055, 0, 327, 329, 253, 4, 1.93%, 0, 0, 6, 729.13, 431949, 1265
1060, 0, 303, 329, 252, 3, 1.93%, 0, 0, 6, 31.72, 433142, 1265
1065, 0, 303, 329, 252, 3, 1.93%, 0, 0, 6, 31.84, 433300, 1265
1070, 0, 303, 329, 252, 3, 1.93%, 0, 0, 6, 30.68, 433455, 1265
1075, 0, 303, 329, 252, 3, 1.93%, 0, 0, 6, 41.54, 433658, 1265
1080, 0, 139, 329, 251, 2, 1.93%, 0, 0, 6, 632.37, 434798, 1265
1085, 0, 3, 329, 250, 2, 1.93%, 0, 0, 6, 45.14, 435963, 1265
1090, 0, 297, 329, 249, 1, 1.93%, 0, 0, 6, 542.71, 436952, 1265
1095, 0, 297, 329, 249, 1, 1.93%, 0, 0, 6, 630.54, 440300, 1265
1101, 0, 297, 329, 249, 1, 1.93%, 0, 0, 6, 678.62, 443801, 1265
1106, 0, 297, 329, 249, 1, 1.93%, 0, 0, 6, 703.59, 447413, 1265
1111, 0, 297, 329, 249, 1, 1.93%, 0, 0, 6, 711.46, 451035, 1265
1116, 0, 325, 332, 252, 1, 1.96%, 0, 0, 6, 702.88, 454547, 1284
1121, 0, 325, 332, 252, 1, 1.96%, 0, 0, 6, 706.04, 458173, 1284
1126, 0, 331, 338, 257, 1, 1.97%, 0, 0, 6, 713.69, 461813, 1289
1131, 0, 331, 343, 262, 1, 1.99%, 0, 0, 6, 705.04, 465381, 1301
1136, 0, 331, 347, 266, 1, 1.99%, 0, 0, 6, 704.20, 468955, 1304
1141, 0, 331, 347, 266, 1, 1.99%, 0, 0, 6, 703.66, 472511, 1304
1146, 0, 331, 348, 267, 1, 1.99%, 0, 0, 6, 681.19, 476012, 1305
1151, 0, 331, 349, 268, 1, 1.99%, 0, 0, 6, 698.91, 479634, 1305
1157, 0, 331, 351, 270, 1, 1.99%, 0, 0, 6, 701.02, 483267, 1305
1162, 0, 331, 351, 270, 1, 1.99%, 0, 0, 6, 703.01, 486781, 1305
1167, 0, 331, 351, 270, 1, 1.99%, 0, 0, 6, 697.72, 490271, 1305
1172, 0, 331, 351, 270, 1, 1.99%, 0, 0, 6, 713.23, 493959, 1305
1177, 0, 340, 353, 271, 7, 1.99%, 0, 0, 7, 710.46, 497548, 1306
1182, 0, 293, 353, 270, 8, 1.99%, 0, 0, 7, 720.48, 501324, 1306
1187, 0, 293, 354, 271, 8, 1.99%, 0, 0, 7, 716.20, 504853, 1306
1192, 0, 351, 359, 276, 8, 2.00%, 0, 0, 8, 714.59, 508505, 1309
1197, 0, 351, 359, 276, 8, 2.00%, 0, 0, 8, 712.34, 512173, 1309
1203, 0, 351, 359, 276, 8, 2.00%, 0, 0, 8, 712.55, 515869, 1309
1208, 0, 351, 359, 276, 8, 2.00%, 0, 0, 8, 709.71, 519495, 1309
1213, 0, 351, 359, 276, 8, 2.00%, 0, 0, 8, 693.59, 522970, 1309
1218, 0, 351, 359, 276, 8, 2.00%, 0, 0, 8, 701.57, 526509, 1309
1223, 0, 351, 359, 276, 8, 2.00%, 0, 0, 8, 708.72, 530155, 1309
1228, 0, 345, 359, 274, 7, 2.00%, 0, 0, 8, 724.55, 533951, 1309
1233, 0, 345, 361, 276, 7, 2.00%, 0, 0, 8, 699.02, 537425, 1311
1238, 0, 358, 362, 276, 7, 2.00%, 0, 0, 9, 719.35, 541086, 1312
1243, 0, 358, 362, 276, 7, 2.00%, 0, 0, 9, 737.63, 544836, 1312
1248, 0, 354, 366, 279, 7, 2.00%, 0, 0, 9, 727.90, 548518, 1312
1253, 0, 354, 366, 279, 7, 2.00%, 0, 0, 9, 723.63, 552200, 1312
1259, 0, 354, 368, 281, 7, 2.00%, 0, 0, 9, 721.58, 555884, 1312
1264, 0, 354, 369, 282, 7, 2.00%, 0, 0, 9, 720.16, 559560, 1312
1269, 0, 354, 369, 282, 7, 2.00%, 0, 0, 9, 723.36, 563256, 1312
1274, 0, 354, 369, 282, 7, 2.00%, 0, 0, 9, 720.48, 566924, 1312
1279, 0, 354, 369, 282, 7, 2.00%, 0, 0, 9, 706.58, 570494, 1312
1284, 0, 368, 370, 282, 7, 2.00%, 0, 0, 9, 723.47, 574182, 1312
1289, 0, 368, 370, 282, 7, 2.00%, 0, 0, 9, 739.80, 577910, 1312
1294, 0, 364, 372, 283, 6, 2.00%, 0, 0, 10, 719.38, 581548, 1312
1299, 0, 364, 373, 284, 6, 2.00%, 0, 0, 10, 718.37, 585224, 1312
1304, 0, 364, 373, 284, 6, 2.00%, 0, 0, 10, 714.94, 588864, 1312
1309, 0, 364, 373, 284, 6, 2.00%, 0, 0, 10, 734.66, 592604, 1312
1314, 0, 371, 374, 283, 5, 2.00%, 0, 0, 11, 732.62, 596339, 1312
1320, 0, 344, 375, 283, 4, 2.00%, 0, 0, 11, 727.71, 600047, 1312
1325, 0, 83, 375, 282, 3, 2.00%, 0, 0, 11, 732.61, 603749, 1312
1330, 0, 361, 376, 283, 3, 2.00%, 0, 0, 11, 734.00, 607465, 1312
1335, 0, 361, 376, 283, 3, 2.00%, 0, 0, 11, 738.31, 611149, 1312
1340, 0, 360, 376, 282, 2, 2.00%, 0, 0, 11, 733.83, 614897, 1312
1345, 0, 338, 378, 283, 1, 2.00%, 0, 0, 11, 703.56, 618450, 1312
1350, 0, 245, 379, 283, 0, 2.00%, 0, 0, 11, 734.77, 622156, 1312
1355, 0, 245, 379, 283, 0, 2.00%, 0, 0, 11, 748.17, 626038, 1312
1360, 0, 245, 379, 283, 0, 2.00%, 0, 0, 11, 755.69, 629849, 1312
1365, 0, 252, 379, 283, 0, 2.00%, 0, 0, 11, 744.67, 633708, 1312
1370, 0, 252, 379, 283, 0, 2.00%, 0, 0, 11, 752.93, 637630, 1312
1375, 0, 317, 379, 283, 0, 2.00%, 0, 0, 11, 744.13, 641334, 1312
1380, 0, 112, 379, 283, 0, 2.00%, 0, 0, 11, 753.44, 645156, 1312
1386, 0, 252, 379, 283, 0, 2.00%, 0, 0, 11, 755.51, 649037, 1312
1391, 0, 142, 379, 283, 0, 2.00%, 0, 0, 11, 746.54, 652760, 1312
1396, 0, 293, 379, 283, 0, 2.00%, 0, 0, 11, 725.47, 656493, 1312
1401, 0, 15, 379, 283, 0, 2.00%, 0, 0, 11, 743.18, 660385, 1312
1406, 0, 15, 379, 283, 0, 2.00%, 0, 0, 11, 758.12, 664207, 1312
1411, 0, 252, 380, 284, 0, 2.00%, 0, 0, 11, 728.36, 667837, 1312
1416, 0, 252, 380, 284, 0, 2.00%, 0, 0, 11, 740.03, 671538, 1312
1421, 0, 252, 380, 284, 0, 2.00%, 0, 0, 11, 745.47, 675425, 1312
1426, 0, 137, 380, 284, 0, 2.00%, 0, 0, 11, 739.16, 679287, 1312
1431, 0, 252, 380, 284, 0, 2.00%, 0, 0, 11, 741.27, 683071, 1312
1436, 0, 15, 380, 284, 0, 2.00%, 0, 0, 11, 749.79, 686819, 1312
1442, 0, 15, 380, 284, 0, 2.00%, 0, 0, 11, 739.98, 690561, 1312
1447, 0, 358, 381, 285, 0, 2.00%, 0, 0, 11, 750.40, 694382, 1312
1452, 0, 360, 382, 286, 0, 2.00%, 0, 0, 11, 736.16, 697753, 1312
1457, 0, 360, 382, 286, 0, 2.00%, 0, 0, 11, 726.43, 701437, 1312
1462, 0, 100, 382, 286, 1, 2.00%, 0, 0, 11, 746.05, 705215, 1312
1467, 0, 15, 382, 285, 1, 2.00%, 0, 0, 11, 747.35, 709087, 1312
1472, 0, 381, 385, 288, 1, 2.00%, 0, 0, 11, 734.78, 712715, 1312
1477, 0, 381, 386, 289, 1, 2.00%, 0, 0, 11, 702.77, 716251, 1312
1482, 0, 381, 387, 290, 1, 2.00%, 0, 0, 11, 711.17, 719885, 1312
1487, 0, 381, 387, 290, 1, 2.00%, 0, 0, 11, 716.44, 723581, 1312
1493, 0, 381, 388, 291, 1, 2.00%, 0, 0, 11, 716.96, 727271, 1312
1498, 0, 381, 388, 291, 1, 2.00%, 0, 0, 11, 728.36, 730919, 1312
1503, 0, 252, 388, 290, 0, 2.00%, 0, 0, 11, 755.48, 734071, 1312
1508, 0, 15, 388, 290, 0, 2.00%, 0, 0, 11, 751.37, 737859, 1312
1513, 0, 94, 388, 290, 0, 2.00%, 0, 0, 11, 738.24, 741658, 1312
1518, 0, 316, 388, 290, 0, 2.00%, 0, 0, 11, 756.35, 745520, 1312
1523, 0, 316, 388, 290, 0, 2.00%, 0, 0, 11, 762.10, 749456, 1312
1528, 0, 252, 388, 290, 0, 2.00%, 0, 0, 11, 750.20, 753232, 1312
1533, 0, 371, 388, 290, 0, 2.00%, 0, 0, 11, 742.24, 757098, 1312
1539, 0, 371, 388, 290, 0, 2.00%, 0, 0, 11, 751.86, 760970, 1312
1544, 0, 371, 388, 290, 0, 2.00%, 0, 0, 11, 751.15, 764777, 1312
1549, 0, 371, 388, 290, 0, 2.00%, 0, 0, 11, 762.88, 768597, 1312
1554, 0, 196, 388, 290, 0, 2.00%, 0, 0, 11, 751.60, 772465, 1312
1559, 0, 297, 388, 290, 0, 2.00%, 0, 0, 11, 726.53, 776168, 1312
1564, 0, 297, 388, 290, 0, 2.00%, 0, 0, 11, 697.14, 779578, 1312
1569, 0, 297, 388, 290, 0, 2.00%, 0, 0, 11, 746.50, 783396, 1312
1574, 0, 252, 388, 290, 0, 2.00%, 0, 0, 11, 755.81, 787214, 1312
1579, 0, 216, 388, 290, 0, 2.00%, 0, 0, 11, 761.55, 790024, 1312
1584, 0, 216, 390, 292, 0, 2.00%, 0, 0, 11, 775.29, 793970, 1312
1589, 0, 216, 390, 292, 0, 2.00%, 0, 0, 11, 774.00, 797915, 1312
1594, 0, 216, 390, 292, 0, 2.00%, 0, 0, 11, 773.55, 801870, 1312
1599, 0, 196, 390, 292, 0, 2.00%, 0, 0, 11, 771.69, 805832, 1312
1605, 0, 371, 391, 293, 0, 2.00%, 0, 0, 11, 744.02, 809643, 1312
1610, 0, 371, 391, 293, 0, 2.00%, 0, 0, 11, 718.11, 813255, 1312
1615, 0, 371, 392, 294, 0, 2.01%, 0, 0, 11, 713.41, 816861, 1315
1620, 0, 371, 392, 294, 0, 2.01%, 0, 0, 11, 716.53, 820487, 1315
1625, 0, 371, 392, 294, 0, 2.01%, 0, 0, 11, 717.17, 824141, 1315
1630, 0, 371, 393, 295, 0, 2.01%, 0, 0, 11, 719.52, 827803, 1315
1635, 0, 371, 393, 295, 0, 2.01%, 0, 0, 11, 742.42, 831663, 1315
1640, 0, 371, 393, 295, 0, 2.01%, 0, 0, 11, 741.56, 835537, 1315
1645, 0, 390, 395, 297, 2, 2.01%, 0, 0, 12, 714.50, 839150, 1315
1651, 0, 390, 396, 298, 2, 2.01%, 0, 0, 12, 708.19, 842728, 1315
1656, 0, 390, 396, 298, 2, 2.01%, 0, 0, 12, 702.03, 846256, 1315
1661, 0, 392, 397, 298, 2, 2.01%, 0, 0, 12, 721.39, 849954, 1315
1666, 0, 391, 397, 297, 2, 2.01%, 0, 0, 12, 726.65, 853631, 1315
1671, 0, 396, 397, 296, 1, 2.01%, 0, 0, 12, 731.58, 857353, 1315
1676, 0, 327, 397, 295, 0, 2.01%, 0, 0, 12, 714.50, 860984, 1315
1681, 0, 327, 397, 295, 0, 2.01%, 0, 0, 12, 708.97, 864593, 1315
1686, 0, 327, 397, 295, 0, 2.01%, 0, 0, 12, 742.99, 868485, 1315
1691, 0, 112, 397, 295, 0, 2.01%, 0, 0, 12, 739.43, 872216, 1315
1696, 0, 252, 397, 295, 0, 2.01%, 0, 0, 12, 734.04, 876041, 1315
1702, 0, 82, 397, 295, 0, 2.01%, 0, 0, 12, 724.70, 879807, 1315
1707, 0, 250, 397, 295, 0, 2.01%, 0, 0, 12, 738.62, 883531, 1315
1712, 0, 250, 397, 295, 0, 2.01%, 0, 0, 12, 740.13, 887367, 1315
1717, 0, 194, 398, 296, 0, 2.01%, 0, 0, 12, 742.61, 891196, 1315
1722, 0, 252, 398, 296, 0, 2.01%, 0, 0, 12, 741.33, 894938, 1315
1727, 0, 252, 398, 296, 0, 2.01%, 0, 0, 12, 742.41, 898667, 1315
1732, 0, 304, 398, 296, 0, 2.01%, 0, 0, 12, 742.79, 902382, 1315
1737, 0, 200, 398, 296, 0, 2.01%, 0, 0, 12, 741.31, 905436, 1315
1742, 0, 252, 398, 296, 0, 2.01%, 0, 0, 12, 728.49, 909073, 1315
1747, 0, 196, 398, 296, 0, 2.01%, 0, 0, 12, 744.28, 912949, 1315
1752, 0, 203, 398, 296, 0, 2.01%, 0, 0, 12, 751.55, 916756, 1315
1758, 0, 15, 398, 296, 0, 2.01%, 0, 0, 12, 741.37, 920470, 1315
1763, 0, 252, 398, 296, 0, 2.01%, 0, 0, 12, 733.43, 924289, 1315
1768, 0, 252, 399, 297, 0, 2.01%, 0, 0, 12, 740.00, 928009, 1315
1773, 0, 200, 399, 297, 0, 2.01%, 0, 0, 12, 749.04, 931917, 1315
1778, 0, 146, 399, 297, 0, 2.01%, 0, 0, 12, 726.32, 935686, 1315
1783, 0, 146, 399, 297, 0, 2.01%, 0, 0, 12, 741.47, 939412, 1315
1788, 0, 252, 400, 298, 0, 2.01%, 0, 0, 12, 742.53, 943185, 1315
1793, 0, 252, 400, 298, 0, 2.01%, 0, 0, 12, 745.45, 946974, 1315
1798, 0, 248, 401, 299, 0, 2.01%, 0, 0, 12, 733.06, 950674, 1315
1804, 0, 248, 401, 299, 0, 2.01%, 0, 0, 12, 730.34, 954370, 1315
1809, 0, 248, 401, 299, 0, 2.01%, 0, 0, 12, 705.55, 957927, 1315
1814, 0, 248, 401, 299, 0, 2.01%, 0, 0, 12, 725.89, 961679, 1315
1819, 0, 252, 401, 299, 0, 2.01%, 0, 0, 12, 738.70, 965436, 1315
1824, 0, 15, 401, 299, 0, 2.01%, 0, 0, 12, 739.74, 969270, 1315
1829, 0, 314, 401, 299, 0, 2.01%, 0, 0, 12, 730.03, 973089, 1315
1834, 0, 314, 401, 299, 0, 2.01%, 0, 0, 12, 743.98, 976931, 1315
1839, 0, 15, 401, 299, 0, 2.01%, 0, 0, 12, 746.77, 980702, 1315
1844, 0, 15, 401, 299, 0, 2.01%, 0, 0, 12, 749.79, 984481, 1315
1850, 0, 304, 401, 299, 0, 2.01%, 0, 0, 12, 749.63, 988267, 1315
1855, 0, 252, 401, 299, 0, 2.01%, 0, 0, 12, 746.07, 992116, 1315
1860, 0, 368, 402, 300, 0, 2.01%, 0, 0, 12, 729.14, 995810, 1315
1865, 0, 252, 402, 300, 0, 2.01%, 0, 0, 12, 743.34, 999685, 1315
1870, 0, 252, 402, 300, 0, 2.01%, 0, 0, 12, 737.83, 1003377, 1315
1875, 0, 252, 402, 300, 0, 2.01%, 0, 0, 12, 724.50, 1006994, 1315
1880, 0, 371, 402, 300, 0, 2.01%, 0, 0, 12, 730.10, 1010681, 1315
1885, 0, 371, 403, 301, 0, 2.01%, 0, 0, 12, 730.75, 1014371, 1316
1890, 0, 371, 403, 301, 0, 2.01%, 0, 0, 12, 729.59, 1018067, 1316
1895, 0, 371, 403, 301, 0, 2.01%, 0, 0, 12, 732.21, 1021739, 1316
1900, 0, 371, 404, 302, 0, 2.03%, 0, 0, 12, 763.15, 1025631, 1328
1905, 0, 371, 404, 302, 0, 2.03%, 0, 0, 12, 772.90, 1029558, 1328
1910, 0, 403, 404, 302, 2, 2.03%, 0, 0, 12, 764.77, 1033415, 1328
1916, 0, 392, 404, 300, 0, 2.03%, 0, 0, 12, 766.89, 1037336, 1328
1921, 0, 392, 404, 300, 0, 2.03%, 0, 0, 12, 748.71, 1041166, 1328
1926, 0, 392, 404, 300, 0, 2.03%, 0, 0, 12, 747.79, 1044932, 1328
1931, 0, 15, 404, 300, 0, 2.03%, 0, 0, 12, 755.12, 1048794, 1328
1936, 0, 198, 404, 300, 0, 2.03%, 0, 0, 12, 750.81, 1052582, 1328
1941, 0, 15, 404, 300, 0, 2.03%, 0, 0, 12, 730.51, 1056205, 1328
1946, 0, 194, 404, 300, 0, 2.03%, 0, 0, 12, 750.23, 1060090, 1328
1951, 0, 252, 404, 299, 0, 2.03%, 0, 0, 12, 758.09, 1063943, 1328
1956, 0, 195, 404, 299, 0, 2.03%, 0, 0, 12, 759.81, 1067753, 1328
1961, 0, 252, 404, 299, 0, 2.03%, 0, 0, 12, 734.49, 1071199, 1328
1966, 0, 200, 404, 299, 0, 2.03%, 0, 0, 12, 750.92, 1075114, 1328
1972, 0, 318, 404, 299, 0, 2.03%, 0, 0, 12, 749.64, 1078888, 1328
1977, 0, 396, 404, 299, 0, 2.03%, 0, 0, 12, 738.11, 1082611, 1328
1982, 0, 396, 404, 299, 0, 2.03%, 0, 0, 12, 744.86, 1086332, 1328
1987, 0, 396, 404, 299, 0, 2.03%, 0, 0, 12, 759.46, 1090252, 1328
1992, 0, 396, 404, 299, 0, 2.03%, 0, 0, 12, 761.61, 1094089, 1328
1997, 0, 252, 404, 299, 0, 2.03%, 0, 0, 12, 760.00, 1097946, 1328
2002, 0, 358, 404, 299, 0, 2.03%, 0, 0, 12, 719.71, 1101611, 1328
2007, 0, 198, 404, 299, 0, 2.03%, 0, 0, 12, 666.89, 1104896, 1328
2012, 0, 88, 404, 299, 0, 2.03%, 0, 0, 12, 732.96, 1108294, 1328
2017, 0, 198, 404, 299, 0, 2.03%, 0, 0, 12, 741.78, 1112134, 1328
2022, 0, 15, 404, 299, 0, 2.03%, 0, 0, 12, 745.47, 1115879, 1328
2028, 0, 38, 405, 300, 0, 2.03%, 0, 0, 12, 720.64, 1119329, 1328
2033, 0, 44, 405, 300, 0, 2.03%, 0, 0, 12, 743.31, 1123186, 1328
2038, 0, 190, 405, 300, 0, 2.03%, 0, 0, 12, 756.24, 1127035, 1328
2043, 0, 94, 405, 300, 0, 2.03%, 0, 0, 12, 733.21, 1130737, 1328
2048, 0, 252, 405, 300, 0, 2.03%, 0, 0, 12, 744.47, 1134492, 1328
2053, 0, 252, 405, 300, 0, 2.03%, 0, 0, 12, 749.01, 1138401, 1328
2058, 0, 44, 405, 300, 0, 2.03%, 0, 0, 12, 749.70, 1142193, 1328
2063, 0, 371, 405, 300, 0, 2.03%, 0, 0, 12, 747.86, 1146052, 1328
2068, 0, 371, 405, 300, 0, 2.03%, 0, 0, 12, 737.15, 1149748, 1328
2074, 0, 371, 405, 300, 0, 2.03%, 0, 0, 12, 735.38, 1153569, 1328
2079, 0, 371, 405, 300, 0, 2.03%, 0, 0, 12, 724.05, 1157201, 1328
2084, 0, 368, 405, 300, 0, 2.03%, 0, 0, 12, 730.73, 1160998, 1328
2089, 0, 195, 405, 300, 0, 2.03%, 0, 0, 12, 745.63, 1164773, 1328
2094, 0, 297, 405, 300, 0, 2.03%, 0, 0, 12, 675.96, 1168265, 1328
2099, 0, 297, 405, 300, 0, 2.03%, 0, 0, 12, 738.59, 1172152, 1328
2104, 0, 198, 405, 300, 0, 2.03%, 0, 0, 12, 742.79, 1176009, 1328
2110, 0, 15, 405, 300, 0, 2.03%, 0, 0, 12, 758.00, 1179845, 1328
2115, 0, 391, 405, 300, 0, 2.03%, 0, 0, 12, 744.35, 1183538, 1328
2120, 0, 391, 406, 301, 0, 2.03%, 0, 0, 12, 735.69, 1187228, 1328
2125, 0, 391, 406, 301, 0, 2.03%, 0, 0, 12, 737.10, 1190924, 1328
2130, 0, 391, 406, 301, 0, 2.03%, 0, 0, 12, 747.64, 1194778, 1328
2135, 0, 391, 406, 301, 0, 2.03%, 0, 0, 12, 760.54, 1198674, 1328
2140, 0, 391, 406, 301, 0, 2.03%, 0, 0, 12, 726.34, 1202316, 1328
2145, 0, 293, 406, 301, 0, 2.03%, 0, 0, 12, 718.29, 1206074, 1328
2150, 0, 304, 406, 301, 0, 2.03%, 0, 0, 12, 736.14, 1209929, 1328
2156, 0, 44, 406, 301, 0, 2.03%, 0, 0, 12, 753.20, 1213847, 1328
2161, 0, 203, 406, 301, 0, 2.03%, 0, 0, 12, 282.48, 1216984, 1328
2166, 0, 371, 406, 301, 0, 2.03%, 0, 0, 12, 647.13, 1220806, 1328
2171, 0, 371, 406, 301, 0, 2.03%, 0, 0, 12, 713.60, 1224520, 1328
2176, 0, 371, 406, 301, 0, 2.03%, 0, 0, 12, 746.94, 1228291, 1328
2181, 0, 371, 406, 301, 0, 2.03%, 0, 0, 12, 749.09, 1232193, 1328
2186, 0, 198, 406, 301, 0, 2.03%, 0, 0, 12, 757.88, 1236047, 1328
2191, 0, 396, 406, 301, 0, 2.03%, 0, 0, 12, 734.81, 1239732, 1328
2196, 0, 396, 407, 302, 0, 2.03%, 0, 0, 13, 725.87, 1243408, 1328
2201, 0, 396, 407, 302, 0, 2.03%, 0, 0, 13, 726.08, 1247090, 1328
2206, 0, 396, 407, 302, 0, 2.03%, 0, 0, 13, 729.04, 1250708, 1328
2211, 0, 396, 407, 302, 0, 2.03%, 0, 0, 13, 754.14, 1254496, 1328
2216, 0, 252, 407, 302, 0, 2.03%, 0, 0, 13, 752.55, 1258348, 1328
2222, 0, 116, 407, 302, 0, 2.03%, 0, 0, 13, 735.18, 1262051, 1328
2227, 0, 118, 407, 302, 0, 2.03%, 0, 0, 13, 747.23, 1265918, 1328
2232, 0, 252, 407, 301, 0, 2.03%, 0, 0, 13, 753.38, 1269717, 1328
2237, 0, 252, 407, 301, 0, 2.03%, 0, 0, 13, 750.59, 1273475, 1328
2242, 0, 371, 407, 301, 0, 2.03%, 0, 0, 13, 732.78, 1277102, 1328
2247, 0, 371, 407, 301, 0, 2.03%, 0, 0, 13, 735.88, 1280798, 1328
2252, 0, 371, 407, 301, 0, 2.03%, 0, 0, 13, 758.41, 1284645, 1328
2257, 0, 371, 407, 301, 0, 2.03%, 0, 0, 13, 762.71, 1288542, 1328
2262, 0, 120, 407, 301, 0, 2.03%, 0, 0, 13, 752.63, 1292392, 1328
2267, 0, 120, 407, 301, 0, 2.03%, 0, 0, 13, 751.25, 1296268, 1328
2272, 0, 293, 407, 301, 0, 2.03%, 0, 0, 13, 703.10, 1299745, 1328
2277, 0, 391, 407, 301, 0, 2.03%, 0, 0, 13, 729.31, 1303580, 1328
2282, 0, 391, 407, 301, 0, 2.03%, 0, 0, 13, 738.30, 1307287, 1328
2288, 0, 391, 407, 301, 0, 2.03%, 0, 0, 13, 744.64, 1311133, 1328
2293, 0, 391, 407, 301, 0, 2.03%, 0, 0, 13, 745.51, 1314993, 1328
2298, 0, 252, 407, 300, 0, 2.03%, 0, 0, 13, 740.61, 1318861, 1328
2303, 0, 368, 407, 300, 0, 2.03%, 0, 0, 13, 740.09, 1322686, 1328
2308, 0, 198, 407, 300, 0, 2.03%, 0, 0, 13, 748.97, 1326598, 1328
2313, 0, 368, 407, 300, 0, 2.03%, 0, 0, 13, 742.19, 1330332, 1328
2319, 0, 252, 407, 300, 0, 2.03%, 0, 0, 13, 749.13, 1334223, 1328
2324, 0, 15, 407, 300, 0, 2.03%, 0, 0, 13, 744.51, 1338097, 1328
2329, 0, 252, 407, 300, 0, 2.03%, 0, 0, 13, 750.83, 1341939, 1328
2334, 0, 252, 407, 300, 0, 2.03%, 0, 0, 13, 748.12, 1345713, 1328
2339, 0, 252, 407, 300, 0, 2.03%, 0, 0, 13, 733.66, 1349346, 1328
2344, 0, 252, 407, 300, 0, 2.03%, 0, 0, 13, 743.30, 1353213, 1328
2349, 0, 371, 407, 300, 0, 2.03%, 0, 0, 13, 732.11, 1356902, 1328
2354, 0, 371, 407, 300, 0, 2.03%, 0, 0, 13, 732.85, 1360585, 1328
2359, 0, 371, 407, 300, 0, 2.03%, 0, 0, 13, 747.94, 1364459, 1328
2364, 0, 371, 407, 300, 0, 2.03%, 0, 0, 13, 732.41, 1368119, 1328
2369, 0, 252, 407, 300, 0, 2.03%, 0, 0, 13, 739.51, 1371864, 1328
2375, 0, 293, 409, 302, 0, 2.04%, 0, 0, 13, 703.04, 1375569, 1334
2380, 0, 293, 409, 302, 0, 2.04%, 0, 0, 13, 702.56, 1379037, 1334
2385, 0, 391, 409, 301, 0, 2.04%, 0, 0, 13, 708.64, 1382659, 1334
2390, 0, 391, 409, 301, 0, 2.04%, 0, 0, 13, 727.70, 1386355, 1334
2395, 0, 391, 409, 301, 0, 2.04%, 0, 0, 13, 750.75, 1390266, 1334
2400, 0, 391, 410, 302, 0, 2.04%, 0, 0, 13, 757.11, 1394138, 1334
2405, 0, 391, 410, 302, 0, 2.04%, 0, 0, 13, 737.16, 1397910, 1334
2410, 0, 319, 410, 302, 0, 2.04%, 0, 0, 13, 679.77, 1401350, 1334
2416, 0, 319, 410, 302, 0, 2.04%, 0, 0, 13, 663.84, 1404410, 1334
2421, 0, 196, 410, 302, 0, 2.04%, 0, 0, 13, 721.05, 1408221, 1334
2426, 1, 252, 410, 302, 0, 2.04%, 0, 0, 13, 640.23, 1411715, 1334
2431, 1, 407, 411, 303, 0, 2.04%, 0, 0, 13, 722.39, 1415547, 1334
2436, 1, 407, 412, 304, 0, 2.04%, 0, 0, 13, 670.38, 1418867, 1334
2441, 1, 407, 414, 306, 0, 2.04%, 0, 0, 13, 659.12, 1422185, 1334
2446, 1, 407, 415, 307, 0, 2.04%, 0, 0, 13, 656.82, 1425534, 1334
2451, 1, 407, 415, 307, 0, 2.04%, 0, 0, 13, 655.99, 1428875, 1334
2456, 1, 407, 415, 307, 0, 2.04%, 0, 0, 13, 658.15, 1432216, 1334
2462, 1, 407, 415, 307, 0, 2.04%, 0, 0, 13, 658.42, 1435570, 1334
2467, 1, 407, 415, 307, 0, 2.04%, 0, 0, 13, 651.16, 1438911, 1334
2472, 1, 407, 416, 308, 0, 2.04%, 0, 0, 13, 646.82, 1442269, 1334
2477, 1, 407, 417, 309, 0, 2.04%, 0, 0, 13, 711.98, 1445951, 1334
2482, 1, 407, 417, 309, 0, 2.04%, 0, 0, 13, 740.61, 1449794, 1334
2487, 1, 252, 418, 310, 0, 2.04%, 0, 0, 13, 739.80, 1453619, 1334
2493, 1, 368, 421, 313, 0, 2.04%, 0, 0, 13, 735.34, 1457454, 1334
2498, 1, 368, 421, 313, 0, 2.04%, 0, 0, 13, 734.56, 1461152, 1334
2503, 1, 196, 421, 313, 0, 2.04%, 0, 0, 13, 750.67, 1464938, 1334
2508, 1, 290, 421, 313, 0, 2.04%, 0, 0, 13, 743.47, 1468682, 1334
2513, 1, 15, 422, 314, 0, 2.04%, 0, 0, 13, 747.47, 1472469, 1334
2518, 1, 357, 422, 314, 0, 2.04%, 0, 0, 13, 742.99, 1476222, 1334
2523, 1, 252, 423, 314, 0, 2.04%, 0, 0, 13, 744.95, 1479980, 1334
2528, 1, 230, 424, 315, 0, 2.04%, 0, 0, 13, 731.70, 1483196, 1334
2533, 1, 402, 425, 314, 0, 2.04%, 0, 0, 13, 732.45, 1486905, 1334
2538, 1, 402, 425, 314, 0, 2.04%, 0, 0, 13, 721.47, 1490503, 1334
2543, 1, 402, 425, 314, 0, 2.04%, 0, 0, 13, 732.62, 1494199, 1334
2548, 1, 402, 425, 314, 0, 2.04%, 0, 0, 13, 743.29, 1498053, 1334
2553, 1, 402, 425, 314, 0, 2.04%, 0, 0, 13, 754.96, 1501994, 1334
2559, 1, 402, 425, 314, 0, 2.04%, 0, 0, 13, 751.39, 1505891, 1334
2564, 1, 194, 425, 314, 0, 2.04%, 0, 0, 13, 748.17, 1509731, 1334
2569, 1, 319, 425, 314, 0, 2.04%, 0, 0, 13, 636.45, 1512734, 1334
2574, 1, 353, 426, 315, 1, 2.08%, 0, 0, 13, 659.38, 1516042, 1362
2579, 1, 425, 427, 315, 1, 2.08%, 0, 0, 13, 56.88, 1517970, 1363
2584, 1, 425, 431, 319, 1, 2.10%, 0, 0, 13, 112.73, 1518580, 1379
2590, 1, 425, 436, 324, 1, 2.11%, 0, 0, 13, 123.78, 1519251, 1382
2595, 1, 425, 437, 325, 1, 2.11%, 0, 0, 13, 141.15, 1519996, 1382
2600, 1, 425, 439, 327, 1, 2.13%, 0, 0, 13, 121.84, 1520560, 1393
2605, 1, 425, 439, 327, 1, 2.13%, 0, 0, 13, 141.34, 1521334, 1393
2610, 1, 425, 439, 327, 1, 2.13%, 0, 0, 13, 141.44, 1522046, 1393
2615, 1, 425, 439, 327, 1, 2.13%, 0, 0, 13, 116.93, 1522630, 1393
2620, 1, 425, 440, 328, 1, 2.13%, 0, 0, 13, 125.66, 1523252, 1393
2625, 1, 425, 441, 329, 1, 2.13%, 0, 0, 13, 133.83, 1523954, 1393
2631, 1, 425, 442, 330, 1, 2.13%, 0, 0, 13, 125.32, 1524570, 1396
2636, 1, 425, 445, 333, 1, 2.13%, 0, 0, 13, 120.88, 1525150, 1399
2641, 1, 425, 445, 333, 1, 2.13%, 0, 0, 13, 128.74, 1525826, 1399
2646, 1, 425, 446, 334, 1, 2.14%, 0, 0, 13, 127.69, 1526478, 1400
2651, 1, 425, 446, 334, 1, 2.14%, 0, 0, 13, 132.74, 1527160, 1400
2656, 1, 425, 446, 334, 1, 2.14%, 0, 0, 13, 119.38, 1527754, 1400
2661, 1, 425, 446, 334, 1, 2.14%, 0, 0, 13, 119.84, 1528364, 1400
2666, 1, 425, 447, 335, 1, 2.14%, 0, 0, 13, 120.42, 1528950, 1400
2671, 1, 425, 447, 335, 1, 2.14%, 0, 0, 13, 132.25, 1529686, 1400
2677, 1, 425, 448, 336, 1, 2.14%, 0, 0, 13, 125.53, 1530340, 1400
2682, 1, 425, 448, 336, 1, 2.14%, 0, 0, 13, 136.44, 1531002, 1400
2687, 1, 425, 448, 336, 1, 2.14%, 0, 0, 13, 128.31, 1531642, 1400
2692, 1, 425, 448, 336, 1, 2.14%, 0, 0, 13, 128.72, 1532312, 1400
2697, 1, 425, 448, 336, 1, 2.14%, 0, 0, 13, 127.46, 1532960, 1400
2702, 1, 425, 448, 336, 1, 2.14%, 0, 0, 13, 137.95, 1533654, 1400
2707, 1, 425, 448, 336, 1, 2.14%, 0, 0, 13, 127.69, 1534280, 1400
2712, 1, 425, 448, 336, 1, 2.14%, 0, 0, 13, 131.57, 1534944, 1400
2717, 1, 425, 449, 337, 1, 2.14%, 0, 0, 13, 127.75, 1535556, 1400
2722, 1, 425, 449, 337, 1, 2.14%, 0, 0, 13, 128.63, 1536206, 1400
2728, 1, 425, 449, 337, 1, 2.14%, 0, 0, 13, 126.52, 1536840, 1400
2733, 1, 425, 450, 338, 1, 2.14%, 0, 0, 13, 123.64, 1537454, 1400
2738, 1, 425, 450, 338, 1, 2.14%, 0, 0, 13, 140.01, 1538192, 1400
2743, 1, 425, 450, 338, 1, 2.14%, 0, 0, 13, 123.70, 1538792, 1400
2748, 1, 425, 450, 338, 1, 2.14%, 0, 0, 13, 127.16, 1539434, 1400
2753, 1, 425, 450, 338, 1, 2.14%, 0, 0, 13, 119.66, 1540052, 1400
2758, 1, 425, 450, 338, 1, 2.14%, 0, 0, 13, 117.37, 1540666, 1400
2763, 1, 425, 450, 338, 1, 2.14%, 0, 0, 13, 134.56, 1541352, 1400
2768, 1, 425, 450, 338, 1, 2.14%, 0, 0, 13, 118.31, 1541930, 1400
2773, 1, 425, 450, 338, 1, 2.14%, 0, 0, 13, 120.85, 1542534, 1400
2778, 1, 425, 450, 338, 1, 2.14%, 0, 0, 13, 123.02, 1543178, 1400
2783, 1, 425, 450, 338, 1, 2.14%, 0, 0, 13, 134.63, 1543874, 1400
2788, 1, 425, 450, 338, 1, 2.14%, 0, 0, 13, 133.61, 1544592, 1400
2794, 1, 425, 450, 338, 1, 2.14%, 0, 0, 13, 130.13, 1545228, 1400
2799, 1, 425, 450, 338, 1, 2.14%, 0, 0, 13, 141.86, 1545924, 1400
2804, 1, 425, 450, 338, 1, 2.14%, 0, 0, 13, 143.37, 1546632, 1400
2809, 1, 425, 450, 338, 1, 2.14%, 0, 0, 13, 139.14, 1547282, 1400
2814, 1, 425, 450, 338, 1, 2.14%, 0, 0, 13, 136.36, 1547954, 1400
2819, 1, 425, 450, 338, 1, 2.14%, 0, 0, 13, 136.11, 1548652, 1400
2824, 1, 425, 450, 338, 1, 2.14%, 0, 0, 13, 132.50, 1549346, 1400
2829, 1, 425, 450, 338, 1, 2.14%, 0, 0, 13, 125.39, 1549958, 1400
2834, 1, 425, 450, 338, 1, 2.14%, 0, 0, 13, 126.30, 1550600, 1400
2839, 1, 440, 450, 337, 12, 2.14%, 0, 0, 13, 392.95, 1552614, 1400
2844, 1, 440, 450, 337, 12, 2.14%, 0, 0, 13, 596.55, 1555778, 1400
2850, 1, 440, 450, 337, 12, 2.14%, 0, 0, 13, 689.97, 1559466, 1400
2855, 1, 432, 450, 336, 11, 2.14%, 0, 0, 13, 544.51, 1562031, 1400
2860, 1, 88, 450, 335, 10, 2.14%, 0, 0, 13, 669.10, 1565579, 1400
2865, 1, 433, 450, 335, 10, 2.14%, 0, 0, 13, 688.76, 1569096, 1400
2870, 1, 252, 450, 334, 9, 2.14%, 0, 0, 13, 711.50, 1572684, 1400
2875, 1, 440, 450, 334, 9, 2.14%, 0, 0, 13, 612.80, 1575812, 1400
2880, 1, 440, 450, 334, 9, 2.14%, 0, 0, 13, 688.12, 1579315, 1400
2885, 1, 439, 452, 336, 9, 2.14%, 0, 0, 13, 572.26, 1582111, 1400
2890, 1, 439, 452, 336, 9, 2.14%, 0, 0, 13, 564.87, 1584905, 1400
2895, 1, 439, 453, 337, 9, 2.14%, 0, 0, 13, 556.31, 1587933, 1401
2900, 1, 445, 453, 336, 9, 2.14%, 0, 0, 13, 664.39, 1591396, 1401
2905, 1, 293, 453, 335, 8, 2.14%, 0, 0, 13, 700.12, 1594928, 1401
2910, 1, 99, 454, 336, 8, 2.14%, 0, 0, 13, 729.13, 1598634, 1401
2915, 1, 99, 454, 336, 8, 2.14%, 0, 0, 13, 728.52, 1602428, 1401
2921, 1, 196, 454, 336, 8, 2.14%, 0, 0, 13, 737.33, 1606251, 1401
2926, 1, 440, 455, 337, 8, 2.14%, 0, 0, 13, 636.71, 1609083, 1401
2931, 1, 440, 455, 337, 8, 2.14%, 0, 0, 13, 653.40, 1612492, 1401
2936, 1, 440, 455, 337, 8, 2.14%, 0, 0, 13, 656.12, 1615641, 1401
2941, 1, 437, 455, 337, 8, 2.14%, 0, 0, 13, 231.51, 1617640, 1401
2946, 1, 447, 455, 335, 7, 2.14%, 0, 0, 13, 603.21, 1621317, 1401
2951, 1, 391, 455, 334, 6, 2.14%, 0, 0, 13, 542.85, 1623891, 1401
2956, 1, 391, 455, 334, 6, 2.14%, 0, 0, 13, 684.81, 1627537, 1401
2961, 1, 391, 455, 334, 6, 2.14%, 0, 0, 13, 718.94, 1631184, 1401
2967, 1, 391, 455, 334, 6, 2.14%, 0, 0, 13, 734.27, 1634996, 1401
2972, 1, 391, 455, 334, 6, 2.14%, 0, 0, 13, 725.64, 1638612, 1401
2977, 1, 391, 457, 336, 6, 2.14%, 0, 0, 13, 742.91, 1642481, 1401
2982, 1, 252, 457, 336, 6, 2.14%, 0, 0, 13, 739.68, 1646336, 1401
2987, 1, 119, 457, 336, 6, 2.14%, 0, 0, 13, 724.62, 1649995, 1401
2992, 1, 119, 458, 337, 6, 2.14%, 0, 0, 13, 736.86, 1653719, 1401
2997, 1, 140, 458, 337, 6, 2.14%, 0, 0, 13, 706.92, 1657337, 1401
3002, 1, 140, 458, 337, 6, 2.14%, 0, 0, 13, 733.44, 1661145, 1401
3007, 1, 199, 459, 337, 6, 2.14%, 0, 0, 13, 740.98, 1664868, 1401
3013, 1, 440, 459, 336, 6, 2.14%, 0, 0, 13, 685.31, 1668088, 1401
3018, 1, 368, 459, 336, 6, 2.14%, 0, 0, 13, 705.08, 1671704, 1401
3023, 1, 252, 459, 336, 6, 2.14%, 0, 0, 13, 729.90, 1675538, 1401
3028, 1, 440, 459, 336, 6, 2.14%, 0, 0, 13, 689.59, 1679096, 1401
3033, 1, 440, 459, 336, 6, 2.14%, 0, 0, 13, 667.82, 1682374, 1401
3038, 1, 440, 460, 337, 7, 2.14%, 0, 0, 13, 626.96, 1685607, 1403
3043, 1, 194, 460, 337, 7, 2.14%, 0, 0, 13, 713.11, 1689291, 1403
3048, 1, 440, 460, 337, 7, 2.14%, 0, 0, 13, 671.06, 1692576, 1403
3053, 1, 440, 460, 337, 7, 2.14%, 0, 0, 13, 660.31, 1696061, 1403
3058, 1, 440, 460, 337, 7, 2.14%, 0, 0, 13, 714.21, 1699700, 1403
3063, 1, 459, 461, 338, 7, 2.14%, 0, 0, 13, 689.50, 1703159, 1403
3068, 1, 459, 462, 339, 7, 2.14%, 0, 0, 13, 691.73, 1706703, 1403
3074, 1, 459, 462, 339, 7, 2.14%, 0, 0, 13, 730.73, 1710476, 1403
3079, 1, 440, 462, 338, 6, 2.14%, 0, 0, 13, 674.98, 1714114, 1403
3084, 1, 440, 462, 338, 6, 2.14%, 0, 0, 13, 667.42, 1717354, 1403
3089, 1, 441, 462, 338, 6, 2.14%, 0, 0, 13, 62.32, 1719312, 1403
3094, 1, 356, 465, 340, 5, 2.14%, 0, 0, 13, 586.50, 1722112, 1403
3099, 1, 356, 465, 340, 5, 2.14%, 0, 0, 13, 685.02, 1725729, 1403
3105, 1, 356, 465, 340, 5, 2.14%, 0, 0, 13, 708.26, 1729346, 1403
3110, 1, 356, 465, 340, 5, 2.14%, 0, 0, 13, 720.10, 1733012, 1403
3115, 1, 316, 465, 338, 5, 2.14%, 0, 0, 13, 733.75, 1736864, 1403
3120, 1, 316, 466, 339, 5, 2.14%, 0, 0, 13, 716.78, 1740456, 1403
3125, 1, 316, 466, 339, 5, 2.14%, 0, 0, 13, 737.19, 1744292, 1403
3130, 1, 214, 466, 339, 5, 2.14%, 0, 0, 13, 721.96, 1747910, 1403
3135, 1, 440, 466, 337, 5, 2.14%, 0, 0, 13, 687.69, 1751411, 1403
3140, 1, 440, 466, 337, 5, 2.14%, 0, 0, 13, 663.83, 1754598, 1403
3145, 1, 371, 466, 337, 5, 2.14%, 0, 0, 13, 714.88, 1758301, 1403
3150, 1, 371, 466, 337, 5, 2.14%, 0, 0, 13, 720.50, 1761997, 1403
3155, 1, 371, 466, 337, 5, 2.14%, 0, 0, 13, 738.07, 1765830, 1403
3161, 1, 371, 466, 337, 5, 2.14%, 0, 0, 13, 747.01, 1769685, 1403
3166, 1, 371, 466, 337, 5, 2.14%, 0, 0, 13, 747.87, 1773525, 1403
3171, 1, 73, 466, 337, 5, 2.14%, 0, 0, 13, 753.33, 1777326, 1403
3176, 1, 252, 467, 337, 5, 2.14%, 0, 0, 13, 737.81, 1781027, 1403
3181, 1, 440, 467, 336, 5, 2.14%, 0, 0, 13, 665.51, 1784468, 1403
3186, 1, 440, 467, 336, 5, 2.14%, 0, 0, 13, 709.09, 1787926, 1403
3191, 1, 440, 468, 337, 5, 2.14%, 0, 0, 13, 628.24, 1791082, 1403
3196, 1, 440, 468, 337, 5, 2.14%, 0, 0, 13, 608.84, 1794058, 1403
3201, 1, 196, 468, 337, 5, 2.14%, 0, 0, 13, 475.57, 1796926, 1403
3206, 1, 440, 468, 337, 5, 2.14%, 0, 0, 13, 442.06, 1798883, 1403
3211, 1, 252, 468, 337, 5, 2.14%, 0, 0, 13, 669.97, 1802612, 1403
3217, 1, 440, 468, 337, 5, 2.14%, 0, 0, 13, 677.59, 1806159, 1403
3222, 1, 440, 468, 337, 5, 2.14%, 0, 0, 13, 682.39, 1809425, 1403
3227, 1, 440, 468, 337, 5, 2.14%, 0, 0, 13, 629.43, 1812690, 1403
3232, 1, 304, 468, 337, 5, 2.14%, 0, 0, 13, 726.48, 1816470, 1403
3237, 1, 442, 468, 337, 5, 2.14%, 0, 0, 13, 44.10, 1818548, 1403
3242, 1, 391, 468, 336, 4, 2.14%, 0, 0, 13, 732.01, 1820045, 1403
3247, 1, 391, 468, 336, 4, 2.14%, 0, 0, 13, 735.92, 1823741, 1403
3252, 1, 391, 469, 337, 4, 2.14%, 0, 0, 13, 738.29, 1827585, 1403
3257, 1, 391, 469, 337, 4, 2.14%, 0, 0, 13, 739.98, 1831435, 1403
3263, 1, 391, 469, 337, 4, 2.14%, 0, 0, 13, 733.19, 1835249, 1403
3268, 1, 391, 469, 337, 4, 2.14%, 0, 0, 13, 755.68, 1839098, 1403
3273, 1, 391, 469, 337, 4, 2.14%, 0, 0, 13, 760.49, 1843005, 1403
3278, 1, 196, 469, 337, 4, 2.14%, 0, 0, 13, 760.87, 1846850, 1403
3283, 1, 368, 469, 337, 4, 2.14%, 0, 0, 13, 689.62, 1850340, 1403
3288, 1, 195, 469, 337, 4, 2.14%, 0, 0, 13, 743.36, 1854145, 1403
3293, 1, 440, 471, 339, 4, 2.14%, 0, 0, 13, 504.90, 1857131, 1403
3298, 1, 116, 471, 339, 4, 2.14%, 0, 0, 13, 688.82, 1860968, 1403
3303, 1, 116, 471, 339, 4, 2.14%, 0, 0, 13, 733.04, 1864800, 1403
3309, 1, 440, 471, 339, 4, 2.14%, 0, 0, 13, 632.54, 1868118, 1403
3314, 1, 180, 471, 339, 4, 2.14%, 0, 0, 13, 712.04, 1871882, 1403
3319, 1, 440, 471, 338, 4, 2.14%, 0, 0, 13, 601.49, 1874893, 1403
3324, 1, 440, 471, 338, 4, 2.14%, 0, 0, 13, 637.87, 1878444, 1403
3329, 1, 440, 473, 340, 4, 2.14%, 0, 0, 13, 36.25, 1881499, 1403
3334, 1, 440, 473, 340, 4, 2.14%, 0, 0, 13, 65.11, 1881882, 1403
3340, 1, 440, 473, 340, 4, 2.14%, 0, 0, 13, 627.14, 1884842, 1403
3345, 1, 440, 473, 340, 4, 2.14%, 0, 0, 13, 711.46, 1888490, 1403
3350, 1, 440, 473, 340, 4, 2.14%, 0, 0, 13, 650.68, 1891526, 1403
3355, 1, 426, 473, 340, 4, 2.14%, 0, 0, 13, 250.67, 1893791, 1403
3360, 1, 440, 473, 339, 3, 2.14%, 0, 0, 13, 456.78, 1896267, 1403
3365, 1, 318, 473, 339, 3, 2.14%, 0, 0, 13, 647.58, 1899919, 1403
3370, 1, 318, 474, 340, 3, 2.14%, 0, 0, 13, 711.62, 1903583, 1403
3375, 1, 440, 474, 340, 3, 2.14%, 0, 0, 13, 677.35, 1907135, 1403
3381, 1, 440, 474, 340, 3, 2.14%, 0, 0, 13, 698.80, 1910541, 1403
3386, 1, 440, 474, 340, 3, 2.14%, 0, 0, 13, 647.75, 1913855, 1403
3391, 1, 391, 474, 340, 3, 2.14%, 0, 0, 13, 726.11, 1917729, 1403
3396, 1, 391, 474, 340, 3, 2.14%, 0, 0, 13, 701.06, 1921257, 1403
3401, 1, 391, 474, 340, 3, 2.14%, 0, 0, 13, 737.79, 1925103, 1403
3406, 1, 391, 474, 340, 3, 2.14%, 0, 0, 13, 755.21, 1929015, 1403
3411, 1, 391, 474, 340, 3, 2.14%, 0, 0, 13, 758.46, 1932890, 1403
3416, 1, 391, 475, 341, 3, 2.14%, 0, 0, 13, 747.86, 1936716, 1403
3422, 1, 252, 475, 341, 3, 2.14%, 0, 0, 13, 746.92, 1940607, 1403
3427, 1, 440, 475, 341, 3, 2.14%, 0, 0, 13, 643.05, 1943755, 1403
3432, 1, 433, 475, 341, 3, 2.14%, 0, 0, 13, 711.29, 1947571, 1403
3437, 1, 433, 475, 341, 3, 2.14%, 0, 0, 13, 707.59, 1951197, 1403
3442, 1, 433, 476, 342, 3, 2.14%, 0, 0, 13, 749.05, 1955086, 1403
3447, 1, 433, 476, 342, 3, 2.14%, 0, 0, 13, 745.98, 1958964, 1403
3453, 1, 440, 476, 342, 3, 2.14%, 0, 0, 13, 664.18, 1962422, 1403
3458, 1, 440, 476, 342, 3, 2.14%, 0, 0, 13, 692.62, 1966088, 1403
3463, 1, 440, 476, 342, 3, 2.14%, 0, 0, 13, 682.77, 1969326, 1403
3468, 1, 440, 476, 342, 3, 2.14%, 0, 0, 13, 644.48, 1972708, 1403
3473, 1, 316, 476, 342, 3, 2.14%, 0, 0, 13, 723.85, 1976584, 1403
3478, 1, 316, 476, 342, 3, 2.14%, 0, 0, 13, 744.69, 1980434, 1403
3483, 1, 440, 476, 342, 3, 2.14%, 0, 0, 13, 660.92, 1983864, 1403
3488, 1, 440, 476, 342, 3, 2.14%, 0, 0, 13, 721.94, 1987506, 1403
3493, 1, 440, 477, 343, 3, 2.14%, 0, 0, 13, 610.36, 1990486, 1403
3499, 1, 433, 478, 344, 3, 2.14%, 0, 0, 13, 715.51, 1994354, 1403
3504, 1, 433, 478, 344, 3, 2.14%, 0, 0, 13, 724.12, 1998025, 1403
3509, 1, 433, 478, 344, 3, 2.14%, 0, 0, 13, 755.26, 2001848, 1403
3514, 1, 433, 478, 344, 3, 2.14%, 0, 0, 13, 760.37, 2005724, 1403
3519, 1, 440, 478, 344, 3, 2.14%, 0, 0, 13, 667.97, 2008963, 1403
3524, 1, 252, 478, 344, 3, 2.14%, 0, 0, 13, 702.92, 2012527, 1403
3529, 1, 198, 478, 344, 3, 2.14%, 0, 0, 13, 729.02, 2016184, 1403
3534, 1, 440, 478, 344, 3, 2.14%, 0, 0, 13, 647.84, 2019210, 1403
3539, 1, 440, 478, 344, 3, 2.14%, 0, 0, 13, 637.51, 2022578, 1403
3544, 1, 440, 478, 344, 3, 2.14%, 0, 0, 13, 692.99, 2026019, 1403
3549, 1, 252, 478, 344, 3, 2.14%, 0, 0, 13, 730.10, 2029773, 1403
3554, 1, 340, 478, 343, 3, 2.14%, 0, 0, 13, 746.38, 2033535, 1403
3559, 1, 440, 478, 343, 3, 2.14%, 0, 0, 13, 696.71, 2036872, 1403
3564, 1, 440, 478, 343, 3, 2.14%, 0, 0, 13, 644.09, 2040267, 1403
3569, 1, 440, 478, 343, 3, 2.14%, 0, 0, 13, 690.07, 2043722, 1403
3575, 1, 440, 478, 343, 3, 2.14%, 0, 0, 13, 655.50, 2046869, 1403
3580, 1, 252, 478, 343, 3, 2.14%, 0, 0, 13, 723.17, 2050710, 1403
3585, 1, 252, 478, 343, 3, 2.14%, 0, 0, 13, 738.73, 2054437, 1403
3590, 1, 252, 478, 343, 3, 2.14%, 0, 0, 13, 745.95, 2058184, 1403
3595, 1, 471, 479, 344, 3, 2.14%, 0, 0, 13, 233.21, 2060545, 1403
3600, 1, 403, 479, 343, 3, 2.14%, 0, 0, 13, 588.57, 2063681, 1403
3605, 1, 252, 479, 343, 3, 2.14%, 0, 0, 13, 716.52, 2067552, 1403
3610, 1, 252, 479, 343, 3, 2.14%, 0, 0, 13, 740.20, 2071314, 1403
3615, 1, 252, 479, 343, 3, 2.14%, 0, 0, 13, 584.11, 2073491, 1403
3620, 1, 440, 479, 343, 3, 2.14%, 0, 0, 13, 650.56, 2076687, 1403
3626, 1, 440, 479, 343, 3, 2.14%, 0, 0, 13, 53.11, 2078522, 1403
3631, 1, 440, 479, 343, 3, 2.14%, 0, 0, 13, 598.80, 2081239, 1403
3636, 1, 80, 479, 342, 3, 2.14%, 0, 0, 13, 722.43, 2085146, 1403
3641, 1, 354, 479, 341, 3, 2.14%, 0, 0, 13, 736.56, 2088864, 1403
3646, 1, 354, 480, 342, 3, 2.14%, 0, 0, 13, 731.15, 2092554, 1403
3651, 1, 354, 480, 342, 3, 2.14%, 0, 0, 13, 729.62, 2096236, 1403
3656, 1, 354, 480, 342, 3, 2.14%, 0, 0, 13, 729.13, 2099918, 1403
3661, 1, 354, 480, 342, 3, 2.14%, 0, 0, 13, 710.17, 2103436, 1403
3666, 1, 354, 480, 342, 3, 2.14%, 0, 0, 13, 737.85, 2107276, 1403
3671, 1, 354, 480, 342, 3, 2.14%, 0, 0, 13, 746.57, 2111144, 1403
3677, 1, 440, 480, 342, 3, 2.14%, 0, 0, 13, 675.69, 2114538, 1403
3682, 1, 252, 480, 342, 3, 2.14%, 0, 0, 13, 728.47, 2118348, 1403
3687, 1, 293, 480, 342, 3, 2.14%, 0, 0, 13, 697.57, 2121937, 1403
3692, 1, 440, 480, 342, 3, 2.14%, 0, 0, 13, 652.61, 2125412, 1403
3697, 1, 440, 480, 342, 3, 2.14%, 0, 0, 13, 708.88, 2129126, 1403
3702, 1, 384, 481, 342, 2, 2.14%, 0, 0, 13, 581.93, 2132001, 1403
3707, 1, 384, 481, 342, 2, 2.14%, 0, 0, 13, 728.97, 2135948, 1403
3712, 1, 252, 481, 341, 2, 2.14%, 0, 0, 13, 750.06, 2139741, 1403
3717, 1, 456, 481, 341, 2, 2.14%, 0, 0, 13, 759.72, 2143593, 1403
3723, 1, 331, 481, 340, 2, 2.14%, 0, 0, 13, 733.50, 2147429, 1403
3728, 1, 331, 481, 340, 2, 2.14%, 0, 0, 13, 735.57, 2151067, 1403
3733, 1, 331, 481, 340, 2, 2.14%, 0, 0, 13, 764.10, 2154992, 1403
3738, 1, 71, 481, 340, 2, 2.14%, 0, 0, 13, 751.94, 2158766, 1403
3743, 1, 153, 481, 340, 2, 2.14%, 0, 0, 13, 762.10, 2162606, 1403
3748, 1, 443, 481, 339, 2, 2.14%, 0, 0, 13, 735.25, 2163876, 1403
3753, 1, 252, 481, 338, 1, 2.14%, 0, 0, 13, 744.66, 2167384, 1403
3758, 1, 248, 481, 338, 1, 2.14%, 0, 0, 13, 750.49, 2171174, 1403
3763, 1, 440, 481, 338, 1, 2.14%, 0, 0, 13, 719.69, 2174846, 1403
3768, 1, 440, 481, 338, 1, 2.14%, 0, 0, 13, 689.85, 2178063, 1403
3773, 1, 62, 481, 338, 1, 2.14%, 0, 0, 13, 733.56, 2181897, 1403
3778, 1, 62, 481, 338, 1, 2.14%, 0, 0, 13, 742.59, 2185759, 1403
3784, 1, 252, 481, 338, 1, 2.14%, 0, 0, 13, 713.51, 2189571, 1403
3789, 1, 440, 481, 338, 1, 2.14%, 0, 0, 13, 645.74, 2192350, 1403
3794, 1, 440, 481, 338, 1, 2.14%, 0, 0, 13, 673.54, 2195848, 1403
3799, 1, 440, 481, 338, 1, 2.14%, 0, 0, 13, 687.19, 2199270, 1403
3804, 1, 440, 481, 338, 1, 2.14%, 0, 0, 13, 625.54, 2202470, 1403
3809, 1, 119, 481, 338, 1, 2.14%, 0, 0, 13, 691.34, 2206084, 1403
3814, 1, 119, 481, 338, 1, 2.14%, 0, 0, 13, 725.85, 2209754, 1403
3819, 1, 252, 481, 338, 1, 2.14%, 0, 0, 13, 741.85, 2213519, 1403
3824, 1, 440, 481, 338, 1, 2.14%, 0, 0, 13, 686.82, 2217062, 1403
3829, 1, 440, 481, 338, 1, 2.14%, 0, 0, 13, 709.61, 2220724, 1403
3835, 1, 195, 481, 338, 1, 2.14%, 0, 0, 13, 742.02, 2224589, 1403
3840, 1, 440, 482, 339, 1, 2.14%, 0, 0, 13, 654.52, 2227648, 1403
3845, 1, 440, 483, 340, 1, 2.14%, 0, 0, 13, 698.62, 2231112, 1403
3850, 1, 440, 483, 340, 1, 2.14%, 0, 0, 13, 632.13, 2234277, 1403
3855, 1, 440, 483, 340, 1, 2.14%, 0, 0, 13, 675.22, 2237850, 1403
3860, 1, 440, 483, 340, 1, 2.14%, 0, 0, 13, 684.78, 2241115, 1403
3865, 1, 440, 483, 340, 1, 2.14%, 0, 0, 13, 670.70, 2244550, 1403
3870, 1, 440, 483, 340, 1, 2.14%, 0, 0, 13, 681.46, 2248164, 1403
3875, 1, 440, 483, 340, 1, 2.14%, 0, 0, 13, 722.07, 2251821, 1403
3880, 1, 62, 484, 341, 1, 2.14%, 0, 0, 13, 739.65, 2255533, 1403
3885, 1, 62, 484, 341, 1, 2.14%, 0, 0, 13, 749.14, 2259387, 1403
3890, 1, 196, 484, 341, 1, 2.14%, 0, 0, 13, 738.10, 2262478, 1403
3896, 1, 440, 484, 341, 1, 2.14%, 0, 0, 13, 621.02, 2265124, 1403
3901, 1, 252, 484, 341, 1, 2.14%, 0, 0, 13, 720.21, 2268947, 1403
3906, 1, 440, 484, 341, 1, 2.14%, 0, 0, 13, 644.10, 2272301, 1403
3911, 1, 40, 484, 341, 1, 2.14%, 0, 0, 13, 730.27, 2276130, 1403
3916, 1, 440, 484, 340, 1, 2.14%, 0, 0, 13, 622.08, 2279316, 1403
3921, 1, 433, 484, 340, 1, 2.14%, 0, 0, 13, 720.54, 2283160, 1403
3926, 1, 433, 484, 340, 1, 2.14%, 0, 0, 13, 698.61, 2286646, 1403
3931, 1, 433, 484, 340, 1, 2.14%, 0, 0, 13, 748.19, 2290597, 1403
3936, 1, 433, 484, 340, 1, 2.14%, 0, 0, 13, 747.45, 2294293, 1403
3941, 1, 318, 484, 340, 1, 2.14%, 0, 0, 13, 742.46, 2298087, 1403
3947, 1, 440, 485, 341, 1, 2.14%, 0, 0, 13, 730.16, 2301827, 1403
3952, 1, 440, 485, 341, 1, 2.14%, 0, 0, 13, 701.21, 2305313, 1403
3957, 1, 334, 485, 341, 1, 2.14%, 0, 0, 13, 735.93, 2309045, 1403
3962, 1, 440, 485, 340, 1, 2.14%, 0, 0, 13, 683.52, 2312543, 1403
3967, 1, 196, 485, 340, 1, 2.14%, 0, 0, 13, 726.10, 2316320, 1403
3972, 1, 440, 485, 340, 1, 2.14%, 0, 0, 13, 690.09, 2319534, 1403
3977, 1, 440, 485, 340, 1, 2.14%, 0, 0, 13, 643.91, 2322891, 1403
3982, 1, 440, 485, 340, 1, 2.14%, 0, 0, 13, 723.46, 2326524, 1403
3987, 1, 44, 485, 340, 1, 2.14%, 0, 0, 13, 742.36, 2330284, 1403
3992, 1, 84, 486, 341, 1, 2.14%, 0, 0, 13, 624.43, 2333410, 1403
3997, 1, 440, 486, 340, 1, 2.14%, 0, 0, 13, 640.94, 2336560, 1403
4002, 1, 440, 486, 340, 1, 2.14%, 0, 0, 13, 639.13, 2339992, 1403
4008, 1, 440, 486, 340, 1, 2.14%, 0, 0, 13, 707.42, 2343574, 1403
4013, 1, 252, 486, 340, 1, 2.14%, 0, 0, 13, 746.01, 2347355, 1403
4018, 1, 200, 486, 340, 1, 2.14%, 0, 0, 13, 739.33, 2350964, 1403
4023, 1, 403, 486, 339, 1, 2.14%, 0, 0, 13, 742.01, 2354711, 1403
4028, 1, 88, 486, 339, 1, 2.14%, 0, 0, 13, 748.97, 2358510, 1403
4033, 1, 440, 487, 340, 1, 2.14%, 0, 0, 13, 646.83, 2361643, 1403
4038, 1, 238, 487, 340, 1, 2.14%, 0, 0, 13, 722.18, 2365480, 1403
4043, 1, 440, 487, 340, 1, 2.14%, 0, 0, 13, 701.55, 2368809, 1403
4048, 1, 440, 487, 340, 1, 2.14%, 0, 0, 13, 623.96, 2372130, 1403
4053, 1, 293, 487, 340, 1, 2.14%, 0, 0, 13, 707.65, 2375982, 1403
4059, 1, 247, 487, 340, 1, 2.14%, 0, 0, 13, 738.60, 2379720, 1403
4064, 1, 121, 487, 339, 1, 2.14%, 0, 0, 13, 755.97, 2383543, 1403
4069, 1, 440, 487, 339, 1, 2.14%, 0, 0, 13, 682.07, 2386771, 1403
4074, 1, 440, 487, 339, 1, 2.14%, 0, 0, 13, 645.68, 2390207, 1403
4079, 1, 440, 488, 340, 1, 2.14%, 0, 0, 13, 725.89, 2393869, 1403
4084, 1, 440, 488, 340, 1, 2.14%, 0, 0, 13, 693.64, 2397196, 1403
4089, 1, 62, 488, 340, 1, 2.14%, 0, 0, 13, 729.82, 2400891, 1403
4094, 1, 62, 488, 340, 1, 2.14%, 0, 0, 13, 742.94, 2404643, 1403
4099, 1, 440, 488, 340, 1, 2.14%, 0, 0, 13, 683.91, 2407904, 1403
4104, 1, 440, 488, 340, 1, 2.14%, 0, 0, 13, 674.18, 2411545, 1403
4109, 1, 440, 488, 340, 1, 2.14%, 0, 0, 13, 720.92, 2415067, 1403
4114, 1, 293, 488, 340, 1, 2.14%, 0, 0, 13, 728.28, 2418646, 1403
4119, 1, 440, 488, 340, 1, 2.14%, 0, 0, 13, 679.28, 2421906, 1403
4125, 1, 252, 488, 340, 1, 2.14%, 0, 0, 13, 54.17, 2425202, 1403
4130, 1, 252, 490, 342, 1, 2.14%, 0, 0, 13, 85.13, 2426380, 1403
