# relative_time, cycles_done, cur_item, corpus_count, pending_total, pending_favs, map_size, saved_crashes, saved_hangs, max_depth, execs_per_sec, total_execs, edges_found
61, 0, 80, 130, 125, 20, 1.59%, 0, 0, 4, 508.17, 14903, 1042
66, 0, 80, 135, 130, 20, 1.59%, 0, 0, 4, 544.27, 17753, 1042
71, 0, 86, 139, 129, 16, 1.61%, 0, 0, 6, 103.64, 20454, 1055
76, 0, 111, 142, 131, 15, 1.61%, 0, 0, 6, 110.27, 21029, 1055
81, 0, 111, 144, 133, 15, 1.61%, 0, 0, 6, 119.77, 21643, 1055
86, 0, 82, 144, 132, 14, 1.61%, 0, 0, 6, 113.19, 22233, 1055
91, 0, 131, 148, 135, 13, 1.61%, 0, 0, 6, 397.82, 24217, 1055
97, 0, 135, 150, 136, 12, 1.61%, 0, 0, 6, 526.34, 27018, 1055
102, 0, 128, 150, 134, 10, 1.61%, 0, 0, 6, 560.00, 28098, 1055
107, 0, 128, 155, 139, 10, 1.61%, 0, 0, 6, 526.23, 30696, 1056
112, 0, 156, 157, 139, 11, 1.64%, 0, 0, 6, 540.44, 33387, 1077
117, 0, 156, 158, 138, 10, 1.65%, 0, 0, 6, 569.31, 35129, 1079
122, 0, 157, 158, 138, 10, 1.65%, 0, 0, 6, 546.46, 37878, 1079
127, 0, 153, 158, 136, 9, 1.65%, 0, 0, 6, 85.27, 40648, 1079
132, 0, 93, 159, 136, 8, 1.65%, 0, 0, 6, 599.64, 42725, 1079
137, 0, 25, 159, 134, 7, 1.65%, 0, 0, 6, 89.95, 43156, 1079
142, 0, 159, 160, 134, 6, 1.65%, 0, 0, 6, 99.85, 44311, 1079
148, 0, 159, 165, 139, 6, 1.65%, 0, 0, 6, 115.85, 44912, 1081
153, 0, 159, 168, 142, 6, 1.66%, 0, 0, 6, 127.95, 45586, 1085
158, 0, 159, 172, 146, 6, 1.66%, 0, 0, 6, 127.38, 46228, 1087
163, 0, 159, 172, 146, 6, 1.66%, 0, 0, 6, 129.09, 46884, 1087
168, 0, 159, 172, 146, 6, 1.66%, 0, 0, 6, 129.49, 47542, 1087
173, 0, 170, 173, 146, 10, 1.66%, 0, 0, 6, 125.28, 48184, 1087
178, 0, 170, 175, 148, 10, 1.66%, 0, 0, 6, 128.69, 48804, 1087
183, 0, 166, 176, 148, 10, 1.66%, 0, 0, 6, 181.53, 49996, 1089
188, 0, 166, 179, 151, 10, 1.66%, 0, 0, 6, 136.63, 50601, 1090
193, 0, 166, 179, 151, 10, 1.66%, 0, 0, 6, 132.24, 51265, 1090
198, 0, 166, 179, 151, 10, 1.66%, 0, 0, 6, 126.98, 51923, 1090
203, 0, 166, 181, 153, 10, 1.66%, 0, 0, 6, 129.26, 52579, 1090
208, 0, 166, 182, 154, 10, 1.66%, 0, 0, 6, 129.65, 53219, 1090
214, 0, 166, 185, 157, 10, 1.66%, 0, 0, 6, 134.91, 53909, 1090
219, 0, 166, 186, 158, 10, 1.66%, 0, 0, 6, 134.46, 54611, 1090
224, 0, 166, 187, 159, 10, 1.66%, 0, 0, 6, 136.00, 55289, 1090
229, 0, 166, 188, 160, 10, 1.66%, 0, 0, 6, 127.97, 55941, 1090
234, 0, 179, 189, 160, 14, 1.66%, 0, 0, 6, 120.33, 56547, 1090
239, 0, 179, 191, 162, 14, 1.66%, 0, 0, 6, 123.41, 57159, 1090
244, 0, 175, 191, 160, 12, 1.66%, 0, 0, 6, 182.27, 58225, 1090
249, 0, 2, 191, 158, 10, 1.66%, 0, 0, 6, 189.87, 59346, 1090
254, 0, 86, 191, 157, 9, 1.66%, 0, 0, 6, 114.88, 59752, 1090
259, 0, 138, 192, 156, 8, 1.67%, 0, 0, 6, 429.34, 62078, 1092
265, 0, 156, 193, 155, 7, 1.67%, 0, 0, 7, 561.68, 65191, 1092
270, 0, 169, 193, 155, 7, 1.67%, 0, 0, 7, 96.54, 68030, 1092
275, 0, 115, 195, 156, 6, 1.67%, 0, 0, 7, 107.09, 68585, 1092
280, 0, 115, 196, 157, 6, 1.67%, 0, 0, 7, 121.28, 69231, 1092
285, 0, 44, 196, 155, 5, 1.67%, 0, 0, 7, 116.01, 69819, 1092
290, 0, 185, 197, 154, 4, 1.67%, 0, 0, 7, 279.11, 71217, 1092
295, 0, 5, 208, 164, 3, 1.67%, 0, 0, 7, 404.79, 72924, 1097
301, 0, 5, 208, 164, 3, 1.67%, 0, 0, 7, 570.27, 76090, 1097
306, 0, 126, 208, 160, 4, 1.67%, 0, 0, 7, 573.91, 79088, 1097
311, 0, 205, 208, 159, 3, 1.67%, 0, 0, 7, 634.79, 80760, 1097
316, 0, 207, 208, 158, 2, 1.67%, 0, 0, 7, 611.32, 83847, 1097
321, 0, 168, 208, 158, 2, 1.67%, 0, 0, 7, 102.43, 86359, 1097
326, 0, 135, 208, 157, 1, 1.67%, 0, 0, 7, 611.80, 88533, 1097
331, 0, 11, 208, 157, 1, 1.67%, 0, 0, 7, 82.37, 89996, 1097
336, 0, 207, 209, 157, 0, 1.67%, 0, 0, 7, 601.38, 92089, 1097
341, 0, 207, 209, 157, 0, 1.67%, 0, 0, 7, 607.32, 95161, 1097
346, 0, 194, 209, 157, 0, 1.67%, 0, 0, 7, 593.84, 98203, 1097
351, 0, 159, 209, 157, 0, 1.67%, 0, 0, 7, 389.71, 100151, 1097
357, 0, 86, 209, 157, 0, 1.67%, 0, 0, 7, 401.15, 102219, 1097
362, 0, 198, 210, 158, 0, 1.67%, 0, 0, 7, 507.26, 104528, 1097
367, 0, 120, 210, 158, 0, 1.67%, 0, 0, 7, 591.28, 107588, 1097
372, 0, 207, 210, 158, 0, 1.67%, 0, 0, 7, 593.92, 110595, 1097
377, 0, 198, 210, 158, 0, 1.67%, 0, 0, 7, 551.46, 113435, 1097
382, 0, 135, 210, 158, 0, 1.67%, 0, 0, 7, 516.29, 116194, 1097
387, 0, 81, 210, 158, 0, 1.67%, 0, 0, 7, 375.49, 118218, 1097
392, 0, 207, 210, 158, 0, 1.67%, 0, 0, 7, 566.55, 121384, 1097
398, 0, 135, 210, 158, 0, 1.67%, 0, 0, 7, 592.71, 124538, 1097
403, 0, 191, 210, 158, 0, 1.67%, 0, 0, 7, 519.06, 126889, 1097
408, 0, 207, 210, 158, 0, 1.67%, 0, 0, 7, 588.55, 129877, 1097
413, 0, 198, 210, 158, 0, 1.67%, 0, 0, 7, 611.01, 133005, 1097
418, 0, 207, 210, 158, 0, 1.67%, 0, 0, 7, 621.24, 135815, 1097
423, 0, 135, 210, 158, 0, 1.67%, 0, 0, 7, 599.14, 138803, 1097
428, 0, 135, 211, 159, 0, 1.67%, 0, 0, 7, 611.19, 141911, 1097
433, 0, 207, 212, 160, 0, 1.67%, 0, 0, 7, 614.15, 145037, 1097
438, 0, 198, 212, 160, 0, 1.67%, 0, 0, 7, 613.25, 148147, 1097
443, 0, 207, 212, 160, 0, 1.67%, 0, 0, 7, 612.78, 151249, 1097
448, 0, 198, 212, 160, 0, 1.67%, 0, 0, 7, 559.91, 154090, 1097
453, 0, 135, 212, 160, 0, 1.67%, 0, 0, 7, 536.50, 156557, 1097
458, 1, 196, 212, 160, 0, 1.67%, 0, 0, 7, 565.05, 159412, 1097
463, 1, 201, 212, 158, 0, 1.67%, 0, 0, 7, 590.76, 162228, 1097
468, 1, 212, 213, 158, 1, 1.69%, 0, 0, 7, 579.07, 165187, 1106
473, 1, 179, 214, 157, 0, 1.69%, 0, 0, 7, 119.30, 167555, 1106
478, 1, 179, 214, 157, 0, 1.69%, 0, 0, 7, 136.96, 168269, 1106
484, 1, 203, 214, 157, 0, 1.69%, 0, 0, 7, 245.01, 169345, 1106
489, 1, 207, 214, 157, 0, 1.69%, 0, 0, 7, 538.48, 172495, 1106
494, 1, 135, 214, 157, 0, 1.69%, 0, 0, 7, 626.82, 175245, 1106
499, 1, 207, 214, 157, 0, 1.69%, 0, 0, 7, 609.42, 178269, 1106
504, 1, 123, 214, 157, 0, 1.69%, 0, 0, 7, 460.14, 180340, 1106
509, 1, 175, 214, 157, 0, 1.69%, 0, 0, 7, 455.61, 182777, 1106
514, 1, 175, 215, 158, 0, 1.69%, 0, 0, 7, 213.70, 183491, 1106
519, 1, 212, 215, 158, 0, 1.69%, 0, 0, 7, 228.51, 184427, 1106
524, 1, 207, 215, 157, 0, 1.69%, 0, 0, 7, 509.23, 187200, 1106
529, 1, 135, 215, 157, 0, 1.69%, 0, 0, 7, 613.29, 190390, 1106
535, 1, 203, 215, 157, 0, 1.69%, 0, 0, 7, 627.20, 193593, 1106
540, 1, 135, 215, 156, 0, 1.69%, 0, 0, 7, 610.00, 196770, 1106
545, 1, 207, 215, 156, 0, 1.69%, 0, 0, 7, 616.83, 199914, 1106
550, 1, 203, 215, 156, 0, 1.69%, 0, 0, 7, 628.61, 203122, 1106
555, 1, 192, 215, 156, 0, 1.69%, 0, 0, 7, 627.80, 206262, 1106
560, 1, 86, 215, 156, 0, 1.69%, 0, 0, 7, 511.66, 208764, 1106
565, 1, 203, 215, 156, 0, 1.69%, 0, 0, 7, 584.97, 211743, 1106
570, 1, 207, 215, 155, 0, 1.69%, 0, 0, 7, 608.88, 214838, 1106
575, 1, 207, 215, 155, 0, 1.69%, 0, 0, 7, 650.53, 217689, 1106
581, 1, 191, 215, 155, 0, 1.69%, 0, 0, 7, 594.95, 220362, 1106
586, 1, 203, 215, 155, 0, 1.69%, 0, 0, 7, 618.81, 223458, 1106
591, 1, 201, 215, 154, 0, 1.69%, 0, 0, 7, 658.63, 225994, 1106
596, 1, 86, 215, 154, 0, 1.69%, 0, 0, 7, 572.88, 228598, 1106
601, 2, 207, 215, 154, 0, 1.69%, 0, 0, 7, 649.33, 231435, 1106
606, 2, 207, 215, 154, 0, 1.69%, 0, 0, 7, 623.72, 234578, 1106
611, 2, 135, 215, 154, 0, 1.69%, 0, 0, 7, 540.99, 237388, 1106
616, 2, 86, 215, 154, 0, 1.69%, 0, 0, 7, 117.02, 240290, 1106
621, 2, 86, 215, 154, 0, 1.69%, 0, 0, 7, 347.64, 242288, 1106
626, 2, 169, 215, 154, 0, 1.69%, 0, 0, 7, 205.65, 243262, 1106
632, 2, 207, 215, 154, 0, 1.69%, 0, 0, 7, 509.47, 246050, 1106
637, 2, 207, 215, 154, 0, 1.69%, 0, 0, 7, 594.47, 249129, 1106
642, 2, 203, 215, 154, 0, 1.69%, 0, 0, 7, 643.56, 251924, 1106
647, 2, 135, 215, 154, 0, 1.69%, 0, 0, 7, 594.51, 254912, 1106
652, 2, 203, 215, 154, 0, 1.69%, 0, 0, 7, 596.55, 257761, 1106
657, 2, 135, 215, 153, 0, 1.69%, 0, 0, 7, 661.58, 260544, 1106
662, 2, 203, 215, 153, 0, 1.69%, 0, 0, 7, 630.12, 263709, 1106
667, 2, 203, 215, 153, 0, 1.69%, 0, 0, 7, 618.78, 266809, 1106
672, 2, 203, 215, 152, 0, 1.69%, 0, 0, 7, 592.88, 269638, 1106
677, 2, 207, 215, 152, 0, 1.69%, 0, 0, 7, 613.20, 272796, 1106
683, 2, 135, 215, 152, 0, 1.69%, 0, 0, 7, 119.95, 275674, 1106
688, 2, 135, 215, 151, 0, 1.69%, 0, 0, 7, 579.91, 278574, 1106
693, 2, 203, 215, 151, 0, 1.69%, 0, 0, 7, 620.77, 281761, 1106
698, 2, 203, 215, 151, 0, 1.69%, 0, 0, 7, 608.09, 284793, 1106
703, 2, 86, 215, 151, 0, 1.69%, 0, 0, 7, 612.31, 287981, 1106
708, 2, 196, 216, 152, 0, 1.69%, 0, 0, 7, 583.90, 290775, 1106
713, 2, 196, 216, 152, 0, 1.69%, 0, 0, 7, 545.18, 293529, 1106
718, 2, 215, 217, 153, 1, 1.69%, 0, 0, 7, 527.19, 296163, 1106
723, 2, 203, 217, 152, 0, 1.69%, 0, 0, 7, 611.27, 299359, 1106
728, 2, 203, 218, 153, 0, 1.69%, 0, 0, 7, 618.29, 302479, 1106
733, 2, 21, 218, 153, 0, 1.69%, 0, 0, 7, 89.57, 304063, 1106
738, 2, 179, 218, 152, 0, 1.69%, 0, 0, 7, 431.97, 305717, 1106
743, 2, 212, 218, 152, 0, 1.69%, 0, 0, 7, 283.42, 306653, 1106
748, 2, 212, 218, 152, 0, 1.69%, 0, 0, 7, 527.89, 309733, 1106
754, 3, 212, 218, 152, 0, 1.69%, 0, 0, 7, 525.82, 312549, 1106
759, 3, 212, 218, 152, 0, 1.69%, 0, 0, 7, 581.56, 315571, 1106
764, 3, 135, 218, 152, 0, 1.69%, 0, 0, 7, 616.11, 318781, 1106
769, 3, 207, 218, 152, 0, 1.69%, 0, 0, 7, 213.42, 321326, 1106
774, 3, 135, 218, 152, 0, 1.69%, 0, 0, 7, 523.15, 324401, 1106
779, 3, 181, 218, 152, 0, 1.69%, 0, 0, 7, 116.54, 326267, 1106
784, 3, 185, 219, 152, 1, 1.69%, 0, 0, 7, 365.93, 327978, 1106
789, 3, 185, 219, 152, 1, 1.69%, 0, 0, 7, 175.16, 328585, 1106
794, 3, 218, 221, 154, 1, 1.69%, 0, 0, 7, 169.66, 329468, 1106
799, 3, 218, 223, 156, 1, 1.69%, 0, 0, 7, 163.87, 330297, 1107
805, 3, 218, 226, 159, 1, 1.69%, 0, 0, 7, 157.28, 331080, 1107
810, 3, 218, 226, 159, 1, 1.69%, 0, 0, 7, 143.74, 331798, 1107
815, 3, 218, 227, 160, 1, 1.69%, 0, 0, 7, 148.43, 332546, 1107
820, 3, 218, 227, 160, 1, 1.69%, 0, 0, 7, 162.44, 333383, 1107
825, 3, 120, 228, 160, 2, 1.69%, 0, 0, 7, 235.83, 334424, 1107
830, 3, 227, 229, 161, 2, 1.69%, 0, 0, 8, 216.43, 335748, 1107
835, 3, 135, 229, 160, 0, 1.69%, 0, 0, 8, 464.41, 338055, 1107
840, 3, 207, 229, 160, 0, 1.69%, 0, 0, 8, 578.92, 341114, 1107
845, 3, 207, 229, 160, 0, 1.69%, 0, 0, 8, 600.67, 344198, 1107
850, 3, 135, 229, 159, 0, 1.69%, 0, 0, 8, 656.38, 346223, 1107
855, 3, 205, 232, 162, 0, 1.70%, 0, 0, 8, 625.12, 349321, 1114
860, 3, 231, 234, 164, 2, 1.70%, 0, 0, 8, 616.45, 352445, 1114
865, 3, 229, 234, 163, 2, 1.70%, 0, 0, 8, 614.71, 355577, 1114
871, 3, 229, 235, 163, 1, 1.70%, 0, 0, 8, 619.66, 358725, 1114
876, 3, 232, 236, 164, 2, 1.70%, 0, 0, 8, 616.67, 361864, 1116
881, 3, 232, 237, 165, 2, 1.70%, 0, 0, 8, 610.79, 364968, 1116
886, 3, 236, 238, 164, 2, 1.70%, 0, 0, 8, 607.72, 368045, 1116
891, 3, 236, 239, 162, 0, 1.70%, 0, 0, 8, 595.58, 371009, 1116
896, 3, 203, 239, 162, 0, 1.70%, 0, 0, 8, 608.35, 374219, 1116
901, 3, 201, 240, 162, 0, 1.70%, 0, 0, 8, 600.74, 377240, 1116
906, 3, 203, 240, 162, 0, 1.70%, 0, 0, 8, 581.25, 380239, 1116
911, 3, 135, 240, 162, 0, 1.70%, 0, 0, 8, 601.20, 383446, 1116
917, 3, 135, 240, 160, 0, 1.70%, 0, 0, 8, 634.76, 386030, 1116
922, 3, 203, 240, 160, 0, 1.70%, 0, 0, 8, 618.78, 389206, 1116
927, 3, 203, 241, 161, 1, 1.70%, 0, 0, 8, 506.18, 391303, 1116
932, 3, 203, 241, 160, 1, 1.70%, 0, 0, 8, 457.99, 393779, 1116
937, 3, 240, 241, 160, 1, 1.70%, 0, 0, 8, 97.37, 396380, 1116
942, 3, 240, 242, 161, 1, 1.70%, 0, 0, 8, 118.46, 396996, 1116
947, 3, 86, 242, 160, 0, 1.70%, 0, 0, 8, 486.08, 399735, 1116
953, 3, 203, 242, 160, 0, 1.70%, 0, 0, 8, 527.06, 402292, 1116
958, 3, 86, 242, 160, 0, 1.70%, 0, 0, 8, 552.57, 405237, 1116
963, 3, 238, 242, 160, 0, 1.70%, 0, 0, 8, 625.16, 407802, 1116
968, 3, 238, 242, 160, 0, 1.70%, 0, 0, 8, 625.54, 410638, 1116
973, 3, 86, 242, 160, 0, 1.70%, 0, 0, 8, 107.46, 413184, 1116
978, 4, 203, 242, 160, 0, 1.70%, 0, 0, 8, 509.36, 416258, 1116
983, 4, 203, 242, 160, 0, 1.70%, 0, 0, 8, 621.76, 419018, 1116
988, 4, 86, 242, 159, 0, 1.70%, 0, 0, 8, 536.50, 420605, 1116
993, 4, 135, 242, 159, 0, 1.70%, 0, 0, 8, 609.66, 423650, 1116
998, 4, 86, 242, 159, 0, 1.70%, 0, 0, 8, 96.43, 426445, 1116
1003, 4, 185, 242, 158, 0, 1.70%, 0, 0, 8, 108.11, 429424, 1116
1008, 4, 185, 242, 158, 0, 1.70%, 0, 0, 8, 114.15, 430008, 1116
1014, 4, 227, 243, 159, 0, 1.70%, 0, 0, 8, 230.50, 431520, 1116
1019, 4, 227, 245, 161, 0, 1.70%, 0, 0, 8, 175.02, 432355, 1116
1024, 4, 227, 245, 161, 0, 1.70%, 0, 0, 8, 166.24, 433192, 1116
1029, 4, 227, 247, 163, 0, 1.70%, 0, 0, 8, 163.00, 434021, 1116
1034, 4, 227, 247, 163, 0, 1.70%, 0, 0, 8, 163.16, 434828, 1116
1039, 4, 227, 248, 164, 0, 1.70%, 0, 0, 8, 166.82, 435673, 1116
1044, 4, 227, 248, 164, 0, 1.70%, 0, 0, 8, 158.91, 436453, 1116
1049, 4, 244, 248, 164, 1, 1.70%, 0, 0, 8, 440.71, 438616, 1116
1054, 4, 244, 250, 166, 1, 1.70%, 0, 0, 9, 142.23, 439363, 1116
1060, 4, 244, 250, 166, 1, 1.70%, 0, 0, 9, 162.22, 440200, 1116
1065, 4, 244, 251, 167, 1, 1.70%, 0, 0, 9, 168.56, 441066, 1116
1070, 4, 244, 252, 168, 1, 1.70%, 0, 0, 9, 170.14, 441923, 1116
1075, 4, 238, 252, 167, 0, 1.70%, 0, 0, 9, 359.25, 443613, 1116
1080, 4, 201, 252, 167, 0, 1.70%, 0, 0, 9, 496.65, 446441, 1116
1085, 4, 86, 252, 167, 0, 1.70%, 0, 0, 9, 545.71, 449399, 1116
1090, 4, 86, 252, 167, 0, 1.70%, 0, 0, 9, 570.05, 452182, 1116
1095, 4, 135, 252, 167, 0, 1.70%, 0, 0, 9, 565.18, 454778, 1116
1100, 4, 135, 252, 167, 0, 1.70%, 0, 0, 9, 613.42, 457955, 1116
1106, 4, 215, 252, 167, 0, 1.70%, 0, 0, 9, 560.72, 460942, 1116
1111, 4, 203, 252, 167, 0, 1.70%, 0, 0, 9, 589.88, 463852, 1116
1116, 4, 205, 252, 167, 0, 1.70%, 0, 0, 9, 596.66, 466536, 1116
1121, 4, 203, 252, 167, 0, 1.70%, 0, 0, 9, 614.02, 469699, 1116
1126, 4, 13, 252, 167, 0, 1.70%, 0, 0, 9, 87.51, 472581, 1116
1131, 4, 135, 252, 166, 0, 1.70%, 0, 0, 9, 539.49, 473863, 1116
1136, 4, 185, 252, 166, 0, 1.70%, 0, 0, 9, 115.91, 475663, 1116
1141, 4, 203, 252, 165, 0, 1.70%, 0, 0, 9, 316.36, 477083, 1116
1146, 4, 203, 252, 165, 0, 1.70%, 0, 0, 9, 505.08, 479923, 1116
1151, 4, 238, 252, 165, 0, 1.70%, 0, 0, 9, 575.23, 482887, 1116
1156, 4, 201, 252, 165, 0, 1.70%, 0, 0, 9, 605.40, 485980, 1116
1161, 4, 203, 252, 165, 0, 1.70%, 0, 0, 9, 629.71, 489168, 1116
1166, 4, 203, 252, 165, 0, 1.70%, 0, 0, 9, 555.49, 491900, 1116
1171, 4, 226, 252, 165, 0, 1.70%, 0, 0, 9, 100.00, 494334, 1116
1177, 5, 238, 252, 164, 0, 1.70%, 0, 0, 9, 427.49, 496465, 1116
1182, 5, 113, 252, 164, 0, 1.70%, 0, 0, 9, 157.60, 499147, 1116
1187, 5, 120, 252, 164, 0, 1.70%, 0, 0, 9, 500.25, 501901, 1116
1192, 5, 203, 252, 164, 0, 1.70%, 0, 0, 9, 618.01, 505251, 1116
1197, 5, 239, 252, 164, 0, 1.70%, 0, 0, 9, 628.33, 507475, 1116
1202, 5, 135, 252, 163, 0, 1.70%, 0, 0, 9, 307.48, 508914, 1116
1207, 5, 203, 252, 163, 0, 1.70%, 0, 0, 9, 519.54, 511712, 1116
1212, 5, 238, 252, 163, 0, 1.70%, 0, 0, 9, 625.46, 514592, 1116
1217, 5, 203, 252, 163, 0, 1.70%, 0, 0, 9, 635.51, 517752, 1116
1223, 5, 203, 252, 163, 0, 1.70%, 0, 0, 9, 636.96, 520148, 1116
1228, 5, 203, 252, 163, 0, 1.70%, 0, 0, 9, 591.71, 523078, 1116
1233, 5, 238, 252, 163, 0, 1.70%, 0, 0, 9, 607.09, 526202, 1116
1238, 5, 135, 252, 163, 0, 1.70%, 0, 0, 9, 542.15, 528926, 1116
1243, 5, 203, 252, 163, 0, 1.70%, 0, 0, 9, 510.01, 531104, 1116
1248, 5, 238, 252, 163, 0, 1.70%, 0, 0, 9, 507.20, 533648, 1116
1253, 5, 217, 252, 163, 0, 1.70%, 0, 0, 9, 545.49, 536572, 1116
1258, 5, 238, 252, 162, 0, 1.70%, 0, 0, 9, 597.50, 539673, 1116
1263, 5, 203, 252, 162, 0, 1.70%, 0, 0, 9, 582.22, 542401, 1116
1268, 5, 86, 252, 162, 0, 1.70%, 0, 0, 9, 534.46, 545297, 1116
1273, 5, 238, 252, 162, 0, 1.70%, 0, 0, 9, 554.26, 548096, 1116
1279, 5, 238, 252, 162, 0, 1.70%, 0, 0, 9, 572.18, 550912, 1116
1284, 5, 135, 252, 162, 0, 1.70%, 0, 0, 9, 450.69, 553734, 1116
1289, 5, 203, 252, 162, 0, 1.70%, 0, 0, 9, 593.51, 557006, 1116
1294, 5, 203, 252, 162, 0, 1.70%, 0, 0, 9, 562.18, 560031, 1116
1299, 5, 86, 252, 162, 0, 1.70%, 0, 0, 9, 106.62, 562541, 1116
1304, 6, 203, 252, 161, 0, 1.70%, 0, 0, 9, 460.39, 565402, 1116
1309, 6, 120, 252, 161, 0, 1.70%, 0, 0, 9, 574.60, 568289, 1116
1314, 6, 203, 252, 161, 0, 1.70%, 0, 0, 9, 529.79, 571076, 1116
1319, 6, 203, 252, 161, 0, 1.70%, 0, 0, 9, 615.41, 574294, 1116
1324, 6, 203, 252, 161, 0, 1.70%, 0, 0, 9, 621.16, 577442, 1116
1329, 6, 203, 252, 161, 0, 1.70%, 0, 0, 9, 626.48, 580654, 1116
1335, 6, 238, 252, 161, 0, 1.70%, 0, 0, 9, 590.30, 583552, 1116
1340, 6, 203, 252, 161, 0, 1.70%, 0, 0, 9, 580.27, 586467, 1116
1345, 6, 86, 252, 161, 0, 1.70%, 0, 0, 9, 522.76, 589292, 1116
1350, 6, 238, 252, 161, 0, 1.70%, 0, 0, 9, 586.25, 592198, 1116
1355, 6, 203, 252, 161, 0, 1.70%, 0, 0, 9, 619.28, 594656, 1116
1360, 6, 179, 252, 161, 0, 1.70%, 0, 0, 9, 123.95, 595364, 1116
1365, 6, 238, 252, 161, 0, 1.70%, 0, 0, 9, 518.42, 598360, 1116
1370, 6, 203, 252, 161, 0, 1.70%, 0, 0, 9, 595.39, 601442, 1116
1375, 6, 135, 252, 161, 0, 1.70%, 0, 0, 9, 627.62, 604600, 1116
1380, 6, 215, 252, 161, 0, 1.70%, 0, 0, 9, 596.09, 607626, 1116
1386, 6, 215, 253, 162, 0, 1.70%, 0, 0, 9, 539.54, 610362, 1116
1391, 6, 238, 253, 162, 0, 1.70%, 0, 0, 9, 590.23, 613439, 1116
1396, 6, 238, 253, 162, 0, 1.70%, 0, 0, 9, 599.52, 616474, 1116
1401, 6, 203, 253, 162, 0, 1.70%, 0, 0, 9, 609.71, 619486, 1116
1406, 6, 236, 253, 162, 0, 1.70%, 0, 0, 9, 581.25, 622448, 1116
1411, 6, 179, 253, 162, 0, 1.70%, 0, 0, 9, 357.84, 624344, 1116
1416, 6, 135, 253, 162, 0, 1.70%, 0, 0, 9, 469.66, 626355, 1116
1421, 6, 238, 253, 162, 0, 1.70%, 0, 0, 9, 560.31, 629226, 1116
1426, 6, 203, 253, 162, 0, 1.70%, 0, 0, 9, 605.33, 632295, 1116
1431, 6, 135, 253, 162, 0, 1.70%, 0, 0, 9, 620.00, 634936, 1116
1436, 6, 179, 253, 162, 0, 1.70%, 0, 0, 9, 107.32, 637733, 1116
1441, 6, 179, 253, 162, 0, 1.70%, 0, 0, 9, 122.05, 638376, 1116
1447, 6, 179, 254, 163, 0, 1.70%, 0, 0, 9, 131.46, 639058, 1116
1452, 7, 203, 254, 163, 0, 1.70%, 0, 0, 9, 497.72, 641778, 1116
1457, 7, 238, 254, 163, 0, 1.70%, 0, 0, 9, 623.64, 643660, 1116
1462, 7, 244, 254, 163, 0, 1.70%, 0, 0, 9, 133.21, 645252, 1116
1467, 7, 236, 254, 163, 0, 1.70%, 0, 0, 9, 353.87, 646928, 1116
1472, 7, 238, 254, 163, 0, 1.70%, 0, 0, 9, 569.42, 650177, 1116
1477, 7, 238, 254, 163, 0, 1.70%, 0, 0, 9, 592.75, 653202, 1116
1482, 7, 135, 254, 162, 0, 1.70%, 0, 0, 9, 610.70, 656264, 1116
1487, 7, 192, 254, 161, 0, 1.70%, 0, 0, 9, 612.07, 659313, 1116
1493, 7, 86, 255, 160, 0, 1.71%, 0, 0, 9, 572.65, 661918, 1118
1498, 7, 201, 255, 160, 0, 1.71%, 0, 0, 9, 480.44, 664877, 1118
1503, 7, 203, 255, 160, 0, 1.71%, 0, 0, 9, 581.70, 667974, 1118
1508, 7, 203, 255, 160, 0, 1.71%, 0, 0, 9, 603.40, 671010, 1118
1513, 7, 135, 255, 160, 0, 1.71%, 0, 0, 9, 612.46, 674140, 1118
1518, 7, 203, 255, 160, 0, 1.71%, 0, 0, 9, 590.28, 677049, 1118
1523, 7, 136, 255, 160, 0, 1.71%, 0, 0, 9, 678.78, 679416, 1118
1528, 7, 238, 255, 159, 0, 1.71%, 0, 0, 9, 535.00, 682283, 1118
1533, 7, 203, 255, 159, 0, 1.71%, 0, 0, 9, 613.08, 685533, 1118
1539, 7, 203, 255, 159, 0, 1.71%, 0, 0, 9, 548.26, 688157, 1118
1544, 7, 135, 255, 159, 0, 1.71%, 0, 0, 9, 592.51, 691230, 1118
1549, 7, 203, 255, 159, 0, 1.71%, 0, 0, 9, 622.23, 694501, 1118
1554, 7, 203, 255, 159, 0, 1.71%, 0, 0, 9, 610.97, 697453, 1118
1559, 7, 135, 255, 158, 0, 1.71%, 0, 0, 9, 628.59, 700727, 1118
1564, 7, 203, 255, 158, 0, 1.71%, 0, 0, 9, 396.97, 703247, 1118
1569, 7, 203, 255, 157, 0, 1.71%, 0, 0, 9, 538.72, 705974, 1118
1574, 8, 203, 255, 157, 0, 1.71%, 0, 0, 9, 601.23, 708970, 1118
1579, 8, 203, 255, 157, 0, 1.71%, 0, 0, 9, 636.16, 712208, 1118
1585, 8, 17, 255, 157, 0, 1.71%, 0, 0, 9, 86.70, 714307, 1118
1590, 8, 203, 256, 157, 1, 1.72%, 0, 0, 9, 680.00, 716096, 1130
1595, 8, 185, 256, 157, 1, 1.72%, 0, 0, 9, 113.92, 716992, 1130
1600, 8, 255, 256, 157, 1, 1.72%, 0, 0, 9, 138.17, 717753, 1130
1605, 8, 255, 256, 157, 1, 1.72%, 0, 0, 9, 126.33, 718385, 1130
1610, 8, 203, 256, 156, 0, 1.72%, 0, 0, 9, 405.79, 720297, 1130
1615, 8, 203, 256, 156, 0, 1.72%, 0, 0, 9, 303.01, 721809, 1130
1620, 8, 135, 256, 155, 0, 1.72%, 0, 0, 9, 571.71, 725096, 1130
1625, 8, 86, 256, 155, 0, 1.72%, 0, 0, 9, 571.64, 727859, 1130
1630, 8, 235, 256, 155, 0, 1.72%, 0, 0, 9, 504.29, 730798, 1130
1635, 8, 238, 256, 155, 0, 1.72%, 0, 0, 9, 561.27, 733688, 1130
1641, 8, 185, 256, 155, 0, 1.72%, 0, 0, 9, 113.44, 734407, 1130
1646, 8, 86, 256, 155, 0, 1.72%, 0, 0, 9, 362.00, 736503, 1130
1651, 8, 135, 256, 155, 0, 1.72%, 0, 0, 9, 557.42, 739412, 1130
1656, 8, 238, 256, 155, 0, 1.72%, 0, 0, 9, 602.85, 742531, 1130
1661, 8, 203, 256, 155, 0, 1.72%, 0, 0, 9, 623.59, 745687, 1130
1666, 8, 238, 256, 155, 0, 1.72%, 0, 0, 9, 184.73, 748576, 1130
1671, 8, 135, 256, 155, 0, 1.72%, 0, 0, 9, 500.82, 751559, 1130
1676, 8, 238, 256, 155, 0, 1.72%, 0, 0, 9, 567.98, 754493, 1130
1681, 8, 203, 256, 155, 0, 1.72%, 0, 0, 9, 615.13, 757367, 1130
1686, 8, 238, 256, 155, 0, 1.72%, 0, 0, 9, 269.01, 760151, 1130
1692, 8, 135, 256, 155, 0, 1.72%, 0, 0, 9, 555.37, 763381, 1130
1697, 8, 255, 256, 155, 0, 1.72%, 0, 0, 9, 113.59, 765707, 1130
1702, 8, 255, 256, 155, 0, 1.72%, 0, 0, 9, 118.33, 766315, 1130
1707, 8, 255, 256, 155, 0, 1.72%, 0, 0, 9, 121.90, 766941, 1130
1712, 8, 135, 256, 155, 0, 1.72%, 0, 0, 9, 571.55, 769525, 1130
1717, 8, 238, 256, 155, 0, 1.72%, 0, 0, 9, 602.58, 772613, 1130
1722, 8, 203, 256, 155, 0, 1.72%, 0, 0, 9, 582.64, 775200, 1130
1727, 8, 215, 256, 154, 0, 1.72%, 0, 0, 9, 663.78, 777706, 1130
1732, 8, 215, 256, 154, 0, 1.72%, 0, 0, 9, 552.28, 780364, 1130
1737, 9, 135, 256, 154, 0, 1.72%, 0, 0, 9, 596.70, 783360, 1130
1742, 9, 135, 256, 153, 0, 1.72%, 0, 0, 9, 596.95, 784902, 1130
1747, 9, 236, 256, 153, 0, 1.72%, 0, 0, 9, 586.35, 787696, 1130
1752, 9, 215, 256, 153, 0, 1.72%, 0, 0, 9, 606.99, 790808, 1130
1758, 9, 254, 256, 153, 0, 1.72%, 0, 0, 9, 571.05, 793563, 1130
1763, 9, 179, 256, 152, 0, 1.72%, 0, 0, 9, 350.76, 795364, 1130
1768, 9, 179, 256, 152, 0, 1.72%, 0, 0, 9, 318.35, 796631, 1130
1773, 9, 135, 256, 152, 0, 1.72%, 0, 0, 9, 173.47, 797316, 1130
1778, 9, 86, 256, 152, 0, 1.72%, 0, 0, 9, 447.51, 800104, 1130
1783, 9, 255, 256, 152, 0, 1.72%, 0, 0, 9, 283.77, 801531, 1130
1788, 9, 255, 256, 152, 0, 1.72%, 0, 0, 9, 168.65, 802204, 1130
1793, 9, 203, 256, 152, 0, 1.72%, 0, 0, 9, 436.70, 804287, 1130
1798, 9, 238, 256, 152, 0, 1.72%, 0, 0, 9, 542.88, 807103, 1130
1803, 9, 215, 256, 152, 0, 1.72%, 0, 0, 9, 571.54, 810163, 1130
1809, 9, 169, 256, 152, 0, 1.72%, 0, 0, 9, 106.19, 812897, 1130
1814, 9, 203, 256, 152, 0, 1.72%, 0, 0, 9, 197.69, 813801, 1130
1819, 9, 238, 256, 152, 0, 1.72%, 0, 0, 9, 445.44, 816489, 1130
1824, 9, 135, 256, 152, 0, 1.72%, 0, 0, 9, 530.96, 819147, 1130
1829, 9, 249, 257, 153, 0, 1.72%, 0, 0, 10, 123.89, 819971, 1130
1834, 9, 135, 257, 152, 0, 1.72%, 0, 0, 10, 434.90, 822453, 1130
1839, 9, 135, 257, 152, 0, 1.72%, 0, 0, 10, 635.24, 824897, 1130
1844, 9, 203, 257, 152, 0, 1.72%, 0, 0, 10, 615.43, 827841, 1130
1849, 9, 86, 257, 152, 0, 1.72%, 0, 0, 10, 564.10, 830649, 1130
1854, 9, 255, 257, 152, 0, 1.72%, 0, 0, 10, 437.18, 832554, 1130
1860, 9, 255, 257, 152, 0, 1.72%, 0, 0, 10, 208.29, 833217, 1130
1865, 9, 179, 257, 152, 0, 1.72%, 0, 0, 10, 182.39, 833989, 1130
1870, 9, 179, 257, 152, 0, 1.72%, 0, 0, 10, 137.01, 834613, 1130
1875, 9, 86, 257, 152, 0, 1.72%, 0, 0, 10, 459.10, 837423, 1130
1880, 9, 153, 257, 152, 0, 1.72%, 0, 0, 10, 461.96, 839764, 1130
1885, 9, 86, 257, 152, 0, 1.72%, 0, 0, 10, 498.54, 842367, 1130
1890, 9, 203, 257, 152, 0, 1.72%, 0, 0, 10, 543.12, 844883, 1130
1895, 9, 203, 257, 152, 0, 1.72%, 0, 0, 10, 599.17, 848004, 1130
1900, 9, 238, 257, 152, 0, 1.72%, 0, 0, 10, 602.05, 851089, 1130
1905, 10, 238, 257, 152, 0, 1.72%, 0, 0, 10, 616.90, 854273, 1130
1910, 10, 255, 257, 152, 0, 1.72%, 0, 0, 10, 119.76, 856563, 1130
1915, 10, 255, 257, 152, 0, 1.72%, 0, 0, 10, 130.16, 857243, 1130
1920, 10, 203, 257, 152, 0, 1.72%, 0, 0, 10, 321.09, 858651, 1130
1926, 10, 237, 258, 153, 0, 1.72%, 0, 0, 10, 609.34, 861382, 1130
1931, 10, 257, 260, 154, 1, 1.72%, 0, 0, 10, 604.50, 864457, 1130
1936, 10, 257, 260, 154, 1, 1.72%, 0, 0, 10, 602.79, 867529, 1130
1941, 10, 259, 265, 158, 1, 1.72%, 0, 0, 10, 596.46, 870524, 1130
1946, 10, 257, 265, 157, 0, 1.72%, 0, 0, 10, 594.85, 873506, 1130
1951, 10, 257, 265, 157, 0, 1.72%, 0, 0, 10, 598.75, 876586, 1130
1956, 10, 203, 265, 157, 0, 1.72%, 0, 0, 10, 622.16, 879739, 1130
1961, 10, 198, 265, 157, 0, 1.72%, 0, 0, 10, 615.48, 882887, 1130
1966, 10, 203, 265, 157, 0, 1.72%, 0, 0, 10, 570.45, 885633, 1130
1971, 10, 203, 265, 157, 0, 1.72%, 0, 0, 10, 578.15, 888497, 1130
1976, 10, 215, 265, 157, 0, 1.72%, 0, 0, 10, 612.30, 891235, 1130
1981, 10, 259, 265, 157, 0, 1.72%, 0, 0, 10, 599.57, 894166, 1130
1986, 10, 135, 265, 157, 0, 1.72%, 0, 0, 10, 598.81, 897216, 1130
1991, 10, 238, 265, 157, 0, 1.72%, 0, 0, 10, 599.40, 900161, 1130
1997, 10, 135, 265, 157, 0, 1.72%, 0, 0, 10, 194.82, 903125, 1130
2002, 10, 238, 265, 157, 0, 1.72%, 0, 0, 10, 525.86, 906285, 1130
2007, 10, 135, 265, 157, 0, 1.72%, 0, 0, 10, 542.11, 909151, 1130
2012, 10, 179, 265, 157, 0, 1.72%, 0, 0, 10, 477.79, 911843, 1130
2017, 10, 203, 265, 157, 0, 1.72%, 0, 0, 10, 306.27, 912846, 1130
2022, 10, 259, 266, 158, 0, 1.72%, 0, 0, 10, 539.80, 915953, 1130
2027, 10, 259, 266, 158, 0, 1.72%, 0, 0, 10, 578.14, 919020, 1130
2032, 10, 238, 266, 158, 0, 1.72%, 0, 0, 10, 590.50, 922018, 1130
2038, 10, 238, 266, 158, 0, 1.72%, 0, 0, 10, 594.36, 924955, 1130
2043, 10, 238, 266, 158, 0, 1.72%, 0, 0, 10, 608.06, 928021, 1130
2048, 10, 221, 266, 157, 0, 1.72%, 0, 0, 10, 99.06, 930360, 1130
2053, 10, 135, 266, 156, 0, 1.72%, 0, 0, 10, 574.49, 932455, 1130
2058, 10, 135, 266, 156, 0, 1.72%, 0, 0, 10, 602.65, 935555, 1130
2063, 10, 215, 266, 156, 0, 1.72%, 0, 0, 10, 568.13, 938408, 1130
2068, 10, 121, 266, 156, 0, 1.72%, 0, 0, 10, 597.01, 941167, 1130
2073, 10, 238, 266, 156, 0, 1.72%, 0, 0, 10, 612.38, 944285, 1130
2078, 10, 238, 266, 156, 0, 1.72%, 0, 0, 10, 606.84, 947415, 1130
2083, 10, 238, 266, 156, 0, 1.72%, 0, 0, 10, 550.98, 950197, 1130
2088, 10, 86, 266, 156, 0, 1.72%, 0, 0, 10, 109.88, 952899, 1130
2093, 10, 135, 266, 156, 0, 1.72%, 0, 0, 10, 392.11, 955745, 1130
2099, 11, 215, 266, 156, 0, 1.72%, 0, 0, 10, 491.74, 958480, 1130
2104, 11, 203, 266, 156, 0, 1.72%, 0, 0, 10, 420.70, 960693, 1130
2109, 11, 254, 266, 156, 0, 1.72%, 0, 0, 10, 588.01, 963931, 1130
2114, 11, 203, 266, 156, 0, 1.72%, 0, 0, 10, 562.73, 966760, 1130
2119, 11, 259, 266, 156, 0, 1.72%, 0, 0, 10, 588.95, 969743, 1130
2124, 11, 259, 266, 156, 0, 1.72%, 0, 0, 10, 610.49, 972831, 1130
2129, 11, 86, 266, 156, 0, 1.72%, 0, 0, 10, 606.88, 975987, 1130
2134, 11, 86, 266, 156, 0, 1.72%, 0, 0, 10, 447.16, 977692, 1130
2139, 11, 86, 266, 156, 0, 1.72%, 0, 0, 10, 510.98, 980457, 1130
2145, 11, 259, 267, 157, 0, 1.72%, 0, 0, 10, 519.41, 983219, 1130
2150, 11, 135, 267, 157, 0, 1.72%, 0, 0, 10, 587.94, 986232, 1130
2155, 11, 259, 267, 157, 0, 1.72%, 0, 0, 10, 608.96, 989315, 1130
2160, 11, 259, 267, 157, 0, 1.72%, 0, 0, 10, 474.72, 991449, 1130
2165, 11, 259, 267, 157, 0, 1.72%, 0, 0, 10, 572.60, 994552, 1130
2170, 11, 203, 267, 157, 0, 1.72%, 0, 0, 10, 560.10, 997535, 1130
2175, 11, 135, 267, 157, 0, 1.72%, 0, 0, 10, 610.00, 999987, 1130
2180, 11, 215, 267, 157, 0, 1.72%, 0, 0, 10, 282.64, 1002827, 1130
2185, 11, 259, 267, 157, 0, 1.72%, 0, 0, 10, 539.58, 1005815, 1130
2190, 11, 238, 267, 157, 0, 1.72%, 0, 0, 10, 588.02, 1008864, 1130
2195, 11, 203, 267, 157, 0, 1.72%, 0, 0, 10, 596.95, 1011682, 1130
2200, 11, 82, 267, 157, 0, 1.72%, 0, 0, 10, 343.73, 1013125, 1130
2206, 11, 159, 267, 157, 0, 1.72%, 0, 0, 10, 408.30, 1015403, 1130
2211, 11, 215, 267, 157, 0, 1.72%, 0, 0, 10, 487.71, 1017721, 1130
2216, 11, 257, 267, 157, 0, 1.72%, 0, 0, 10, 482.18, 1020095, 1130
2221, 11, 203, 267, 157, 0, 1.72%, 0, 0, 10, 591.88, 1023180, 1130
2226, 11, 86, 267, 157, 0, 1.72%, 0, 0, 10, 537.15, 1025974, 1130
2231, 11, 86, 267, 157, 0, 1.72%, 0, 0, 10, 544.00, 1028856, 1130
2236, 11, 135, 267, 157, 0, 1.72%, 0, 0, 10, 273.43, 1031491, 1130
2241, 11, 203, 267, 157, 0, 1.72%, 0, 0, 10, 503.48, 1034295, 1130
2246, 11, 238, 267, 157, 0, 1.72%, 0, 0, 10, 603.03, 1037557, 1130
2251, 11, 257, 267, 157, 0, 1.72%, 0, 0, 10, 604.84, 1040605, 1130
2256, 11, 135, 267, 157, 0, 1.72%, 0, 0, 10, 626.39, 1043787, 1130
2262, 11, 257, 267, 156, 0, 1.72%, 0, 0, 10, 610.71, 1046863, 1130
2267, 12, 135, 267, 156, 0, 1.72%, 0, 0, 10, 607.36, 1049963, 1130
2272, 12, 203, 267, 156, 0, 1.72%, 0, 0, 10, 633.64, 1053299, 1130
2277, 12, 86, 267, 156, 0, 1.72%, 0, 0, 10, 584.79, 1056188, 1130
2282, 12, 203, 267, 156, 0, 1.72%, 0, 0, 10, 611.58, 1058288, 1130
2287, 12, 130, 267, 156, 0, 1.72%, 0, 0, 10, 567.08, 1061162, 1130
2292, 12, 135, 267, 156, 0, 1.72%, 0, 0, 10, 581.85, 1064084, 1130
2297, 12, 127, 267, 156, 0, 1.72%, 0, 0, 10, 609.76, 1067191, 1130
2302, 12, 238, 267, 155, 0, 1.72%, 0, 0, 10, 638.92, 1069903, 1130
2307, 12, 135, 267, 155, 0, 1.72%, 0, 0, 10, 620.71, 1073011, 1130
2312, 12, 135, 267, 155, 0, 1.72%, 0, 0, 10, 633.96, 1076187, 1130
2317, 12, 86, 267, 155, 0, 1.72%, 0, 0, 10, 594.82, 1079179, 1130
2322, 12, 135, 267, 155, 0, 1.72%, 0, 0, 10, 569.34, 1081806, 1130
2327, 12, 135, 267, 155, 0, 1.72%, 0, 0, 10, 612.41, 1084943, 1130
2332, 12, 135, 267, 155, 0, 1.72%, 0, 0, 10, 604.51, 1087937, 1130
2337, 12, 203, 267, 155, 0, 1.72%, 0, 0, 10, 636.41, 1091153, 1130
2343, 12, 203, 267, 155, 0, 1.72%, 0, 0, 10, 616.73, 1094289, 1130
2348, 12, 179, 267, 155, 0, 1.72%, 0, 0, 10, 340.88, 1095960, 1130
2353, 12, 135, 267, 155, 0, 1.72%, 0, 0, 10, 475.55, 1098054, 1130
2358, 12, 238, 267, 155, 0, 1.72%, 0, 0, 10, 488.22, 1100436, 1130
2363, 12, 238, 267, 155, 0, 1.72%, 0, 0, 10, 469.00, 1102841, 1130
2368, 12, 235, 267, 155, 0, 1.72%, 0, 0, 10, 592.63, 1106123, 1130
2373, 12, 135, 267, 155, 0, 1.72%, 0, 0, 10, 536.23, 1108873, 1130
2378, 12, 203, 267, 154, 0, 1.72%, 0, 0, 10, 603.91, 1112069, 1130
2384, 12, 215, 267, 154, 0, 1.72%, 0, 0, 10, 546.50, 1114825, 1130
2389, 12, 259, 267, 154, 0, 1.72%, 0, 0, 10, 583.70, 1117819, 1130
2394, 12, 86, 267, 154, 0, 1.72%, 0, 0, 10, 117.42, 1120406, 1130
2399, 12, 238, 267, 154, 0, 1.72%, 0, 0, 10, 636.63, 1122635, 1130
2404, 12, 238, 267, 154, 0, 1.72%, 0, 0, 10, 227.18, 1125029, 1130
2409, 12, 135, 267, 154, 0, 1.72%, 0, 0, 10, 449.88, 1127713, 1130
2414, 13, 259, 267, 154, 0, 1.72%, 0, 0, 10, 661.14, 1130609, 1130
2419, 13, 203, 267, 154, 0, 1.72%, 0, 0, 10, 628.23, 1133719, 1130
2424, 13, 203, 267, 154, 0, 1.72%, 0, 0, 10, 625.19, 1136965, 1130
2429, 13, 86, 267, 154, 0, 1.72%, 0, 0, 10, 538.90, 1139741, 1130
2435, 13, 24, 267, 154, 0, 1.72%, 0, 0, 10, 386.47, 1142392, 1130
2440, 13, 259, 267, 153, 0, 1.72%, 0, 0, 10, 577.48, 1145666, 1130
2445, 13, 262, 267, 153, 0, 1.72%, 0, 0, 10, 596.52, 1148746, 1130
2450, 13, 238, 267, 152, 0, 1.72%, 0, 0, 10, 573.52, 1151625, 1130
2455, 13, 86, 267, 152, 0, 1.72%, 0, 0, 10, 555.00, 1154540, 1130
2460, 13, 259, 267, 152, 0, 1.72%, 0, 0, 10, 629.01, 1157510, 1130
2465, 13, 2, 267, 152, 0, 1.72%, 0, 0, 10, 556.42, 1160352, 1130
2470, 13, 82, 267, 152, 0, 1.72%, 0, 0, 10, 506.56, 1162812, 1130
2475, 13, 203, 267, 152, 0, 1.72%, 0, 0, 10, 547.16, 1164192, 1130
2480, 13, 238, 267, 152, 0, 1.72%, 0, 0, 10, 454.43, 1166318, 1130
2486, 13, 86, 267, 152, 0, 1.72%, 0, 0, 10, 526.02, 1169270, 1130
2491, 13, 238, 267, 152, 0, 1.72%, 0, 0, 10, 508.59, 1171668, 1130
2496, 13, 215, 267, 152, 0, 1.72%, 0, 0, 10, 554.18, 1174676, 1130
2501, 13, 179, 267, 152, 0, 1.72%, 0, 0, 10, 331.31, 1176298, 1130
2506, 13, 86, 267, 152, 0, 1.72%, 0, 0, 10, 348.36, 1177760, 1130
2511, 13, 203, 267, 152, 0, 1.72%, 0, 0, 10, 547.01, 1180784, 1130
2516, 13, 238, 267, 152, 0, 1.72%, 0, 0, 10, 558.02, 1183713, 1130
2522, 13, 10, 267, 152, 0, 1.72%, 0, 0, 10, 82.89, 1184973, 1130
2527, 13, 259, 267, 151, 0, 1.72%, 0, 0, 10, 566.22, 1187524, 1130
2532, 13, 203, 267, 151, 0, 1.72%, 0, 0, 10, 548.61, 1190252, 1130
2537, 13, 257, 267, 151, 0, 1.72%, 0, 0, 10, 560.48, 1192971, 1130
2542, 13, 238, 267, 151, 0, 1.72%, 0, 0, 10, 588.95, 1196017, 1130
2547, 13, 86, 267, 151, 0, 1.72%, 0, 0, 10, 591.11, 1199056, 1130
2552, 13, 215, 267, 151, 0, 1.72%, 0, 0, 10, 606.08, 1201912, 1130
2557, 13, 238, 267, 151, 0, 1.72%, 0, 0, 10, 578.56, 1204779, 1130
2562, 13, 203, 267, 151, 0, 1.72%, 0, 0, 10, 625.17, 1207448, 1130
2567, 13, 135, 267, 151, 0, 1.72%, 0, 0, 10, 507.65, 1209959, 1130
2572, 13, 215, 267, 151, 0, 1.72%, 0, 0, 10, 549.03, 1212886, 1130
2578, 14, 203, 267, 151, 0, 1.72%, 0, 0, 10, 619.62, 1216018, 1130
2583, 14, 135, 267, 151, 0, 1.72%, 0, 0, 10, 640.47, 1219268, 1130
2588, 14, 135, 267, 151, 0, 1.72%, 0, 0, 10, 618.10, 1222370, 1130
2593, 14, 203, 267, 151, 0, 1.72%, 0, 0, 10, 610.32, 1225456, 1130
2598, 14, 238, 267, 151, 0, 1.72%, 0, 0, 10, 622.90, 1228648, 1130
2603, 14, 259, 267, 151, 0, 1.72%, 0, 0, 10, 600.15, 1231501, 1130
2608, 14, 203, 267, 151, 0, 1.72%, 0, 0, 10, 532.07, 1234276, 1130
2613, 14, 257, 267, 151, 0, 1.72%, 0, 0, 10, 598.31, 1237487, 1130
2618, 14, 179, 267, 151, 0, 1.72%, 0, 0, 10, 495.00, 1240124, 1130
2623, 14, 259, 267, 151, 0, 1.72%, 0, 0, 10, 271.84, 1240970, 1130
2628, 14, 238, 267, 151, 0, 1.72%, 0, 0, 10, 492.33, 1243615, 1130
2634, 14, 203, 267, 151, 0, 1.72%, 0, 0, 10, 592.84, 1246787, 1130
2639, 14, 135, 267, 151, 0, 1.72%, 0, 0, 10, 634.83, 1250040, 1130
2644, 14, 238, 267, 151, 0, 1.72%, 0, 0, 10, 610.28, 1253132, 1130
2649, 14, 238, 267, 151, 0, 1.72%, 0, 0, 10, 197.44, 1255921, 1130
2654, 14, 135, 267, 151, 0, 1.72%, 0, 0, 10, 514.62, 1258966, 1130
2659, 14, 238, 267, 151, 0, 1.72%, 0, 0, 10, 538.79, 1261666, 1130
2664, 14, 179, 267, 151, 0, 1.72%, 0, 0, 10, 510.56, 1264214, 1130
2669, 14, 179, 267, 151, 0, 1.72%, 0, 0, 10, 118.04, 1264874, 1130
2674, 14, 203, 267, 151, 0, 1.72%, 0, 0, 10, 529.21, 1267946, 1130
2679, 14, 135, 267, 151, 0, 1.72%, 0, 0, 10, 626.26, 1270350, 1130
2684, 14, 135, 267, 151, 0, 1.72%, 0, 0, 10, 540.53, 1273134, 1130
2690, 14, 86, 267, 151, 0, 1.72%, 0, 0, 10, 435.40, 1274886, 1130
2695, 14, 185, 267, 151, 0, 1.72%, 0, 0, 10, 203.63, 1275630, 1130
2700, 14, 82, 267, 151, 0, 1.72%, 0, 0, 10, 142.17, 1276262, 1130
2705, 14, 86, 267, 151, 0, 1.72%, 0, 0, 10, 400.54, 1278794, 1130
2710, 14, 238, 267, 151, 0, 1.72%, 0, 0, 10, 563.15, 1281872, 1130
2715, 14, 121, 267, 151, 0, 1.72%, 0, 0, 10, 596.84, 1284899, 1130
2720, 14, 238, 267, 151, 0, 1.72%, 0, 0, 10, 576.06, 1287781, 1130
2725, 14, 179, 267, 151, 0, 1.72%, 0, 0, 10, 176.40, 1288978, 1130
2730, 14, 135, 267, 151, 0, 1.72%, 0, 0, 10, 395.36, 1290779, 1130
2735, 14, 135, 267, 151, 0, 1.72%, 0, 0, 10, 448.64, 1293160, 1130
2740, 15, 203, 267, 151, 0, 1.72%, 0, 0, 10, 548.39, 1296002, 1130
2745, 15, 257, 267, 151, 0, 1.72%, 0, 0, 10, 610.20, 1299184, 1130
2751, 15, 257, 267, 151, 0, 1.72%, 0, 0, 10, 598.30, 1302226, 1130
2756, 15, 257, 267, 151, 0, 1.72%, 0, 0, 10, 602.21, 1305259, 1130
2761, 15, 86, 267, 151, 0, 1.72%, 0, 0, 10, 566.91, 1308210, 1130
2766, 15, 203, 267, 151, 0, 1.72%, 0, 0, 10, 602.93, 1311160, 1130
2771, 15, 124, 268, 152, 0, 1.72%, 0, 0, 10, 591.77, 1314151, 1130
2776, 15, 86, 268, 152, 0, 1.72%, 0, 0, 10, 579.71, 1317159, 1130
2781, 15, 185, 268, 152, 0, 1.72%, 0, 0, 10, 109.24, 1319704, 1130
2786, 15, 185, 268, 152, 0, 1.72%, 0, 0, 10, 115.15, 1320278, 1130
2791, 15, 135, 268, 152, 0, 1.72%, 0, 0, 10, 491.37, 1323107, 1130
2796, 15, 203, 268, 152, 0, 1.72%, 0, 0, 10, 583.95, 1326307, 1130
2802, 15, 203, 268, 152, 0, 1.72%, 0, 0, 10, 556.69, 1328991, 1130
2807, 15, 86, 268, 152, 0, 1.72%, 0, 0, 10, 553.72, 1331807, 1130
2812, 15, 235, 268, 152, 0, 1.72%, 0, 0, 10, 588.31, 1334744, 1130
2817, 15, 259, 268, 152, 0, 1.72%, 0, 0, 10, 314.44, 1337462, 1130
2822, 15, 259, 268, 152, 0, 1.72%, 0, 0, 10, 538.53, 1340518, 1130
2827, 15, 179, 268, 152, 0, 1.72%, 0, 0, 10, 339.91, 1342336, 1130
2832, 15, 203, 268, 152, 0, 1.72%, 0, 0, 10, 403.34, 1344022, 1130
2837, 15, 203, 268, 152, 0, 1.72%, 0, 0, 10, 496.64, 1346738, 1130
2843, 15, 203, 268, 152, 0, 1.72%, 0, 0, 10, 561.01, 1349746, 1130
2848, 15, 135, 268, 152, 0, 1.72%, 0, 0, 10, 495.59, 1352316, 1130
2853, 15, 192, 268, 152, 0, 1.72%, 0, 0, 10, 497.51, 1354908, 1130
2858, 15, 203, 268, 152, 0, 1.72%, 0, 0, 10, 527.75, 1357680, 1130
2863, 15, 203, 268, 152, 0, 1.72%, 0, 0, 10, 598.19, 1360750, 1130
2868, 15, 257, 268, 152, 0, 1.72%, 0, 0, 10, 607.59, 1363870, 1130
2873, 15, 135, 268, 152, 0, 1.72%, 0, 0, 10, 395.82, 1366659, 1130
2878, 15, 203, 268, 151, 0, 1.72%, 0, 0, 10, 551.70, 1369671, 1130
2883, 15, 203, 268, 151, 0, 1.72%, 0, 0, 10, 549.12, 1372119, 1130
2888, 15, 215, 268, 151, 0, 1.72%, 0, 0, 10, 529.31, 1374823, 1130
2893, 15, 203, 268, 151, 0, 1.72%, 0, 0, 10, 580.95, 1377727, 1130
2899, 15, 86, 268, 151, 0, 1.72%, 0, 0, 10, 550.13, 1380664, 1130
2904, 15, 238, 268, 151, 0, 1.72%, 0, 0, 10, 536.06, 1383275, 1130
2909, 16, 135, 268, 150, 0, 1.72%, 0, 0, 10, 601.88, 1386404, 1130
2914, 16, 238, 268, 150, 0, 1.72%, 0, 0, 10, 603.12, 1389452, 1130
2919, 16, 259, 268, 150, 0, 1.72%, 0, 0, 10, 613.49, 1392566, 1130
2924, 16, 259, 268, 150, 0, 1.72%, 0, 0, 10, 612.11, 1395694, 1130
2929, 16, 86, 268, 150, 0, 1.72%, 0, 0, 10, 498.76, 1398364, 1130
2934, 16, 259, 268, 149, 0, 1.72%, 0, 0, 10, 607.68, 1401645, 1130
2939, 16, 135, 268, 149, 0, 1.72%, 0, 0, 10, 610.18, 1404753, 1130
2945, 16, 259, 268, 149, 0, 1.72%, 0, 0, 10, 600.67, 1407641, 1130
2950, 16, 203, 268, 149, 0, 1.72%, 0, 0, 10, 622.16, 1410883, 1130
2955, 16, 135, 268, 149, 0, 1.72%, 0, 0, 10, 590.92, 1413753, 1130
2960, 16, 238, 268, 149, 0, 1.72%, 0, 0, 10, 349.97, 1416463, 1130
2965, 16, 135, 268, 149, 0, 1.72%, 0, 0, 10, 548.89, 1419513, 1130
2970, 16, 203, 268, 149, 0, 1.72%, 0, 0, 10, 609.69, 1422645, 1130
2975, 16, 135, 268, 149, 0, 1.72%, 0, 0, 10, 586.21, 1425518, 1130
2981, 16, 203, 268, 149, 0, 1.72%, 0, 0, 10, 602.83, 1428652, 1130
2986, 16, 203, 268, 149, 0, 1.72%, 0, 0, 10, 661.09, 1431527, 1130
2991, 16, 86, 268, 149, 0, 1.72%, 0, 0, 10, 615.68, 1434651, 1130
2996, 16, 238, 268, 148, 0, 1.72%, 0, 0, 10, 261.88, 1436012, 1130
3001, 16, 179, 268, 148, 0, 1.72%, 0, 0, 10, 423.52, 1438624, 1130
3006, 16, 257, 269, 149, 0, 1.72%, 0, 0, 10, 321.52, 1439786, 1130
3011, 16, 257, 270, 150, 0, 1.72%, 0, 0, 10, 550.83, 1442932, 1130
3016, 16, 203, 270, 150, 0, 1.72%, 0, 0, 10, 575.54, 1445849, 1130
3021, 16, 86, 270, 150, 0, 1.72%, 0, 0, 10, 102.73, 1448710, 1130
3026, 16, 238, 270, 150, 0, 1.72%, 0, 0, 10, 344.25, 1451430, 1130
3032, 16, 257, 270, 150, 0, 1.72%, 0, 0, 10, 560.75, 1454651, 1130
3037, 16, 259, 270, 150, 0, 1.72%, 0, 0, 10, 241.27, 1457422, 1130
3042, 16, 179, 270, 150, 0, 1.72%, 0, 0, 10, 180.62, 1458451, 1130
3047, 16, 203, 270, 150, 0, 1.72%, 0, 0, 10, 330.28, 1460382, 1130
3052, 16, 135, 270, 150, 0, 1.72%, 0, 0, 10, 574.13, 1463670, 1130
3057, 16, 259, 270, 150, 0, 1.72%, 0, 0, 10, 630.23, 1466350, 1130
3062, 16, 86, 270, 150, 0, 1.72%, 0, 0, 10, 629.90, 1469524, 1130
3067, 16, 203, 270, 150, 0, 1.72%, 0, 0, 10, 600.85, 1472307, 1130
3072, 17, 135, 270, 150, 0, 1.72%, 0, 0, 10, 689.89, 1475159, 1130
3078, 17, 238, 270, 150, 0, 1.72%, 0, 0, 10, 578.36, 1477908, 1130
3083, 17, 259, 270, 150, 0, 1.72%, 0, 0, 10, 600.30, 1480955, 1130
3088, 17, 257, 270, 150, 0, 1.72%, 0, 0, 10, 618.68, 1484130, 1130
3093, 17, 135, 270, 150, 0, 1.72%, 0, 0, 10, 622.72, 1487284, 1130
3098, 17, 215, 270, 150, 0, 1.72%, 0, 0, 10, 582.87, 1490224, 1130
3103, 17, 135, 270, 150, 0, 1.72%, 0, 0, 10, 585.77, 1493143, 1130
3108, 17, 86, 270, 150, 0, 1.72%, 0, 0, 10, 559.09, 1495915, 1130
3113, 17, 257, 270, 150, 0, 1.72%, 0, 0, 10, 598.48, 1498973, 1130
3118, 17, 262, 270, 150, 0, 1.72%, 0, 0, 10, 617.20, 1502098, 1130
3123, 17, 135, 270, 149, 0, 1.72%, 0, 0, 10, 635.03, 1505267, 1130
3128, 17, 238, 270, 149, 0, 1.72%, 0, 0, 10, 636.80, 1508459, 1130
3133, 17, 203, 270, 149, 0, 1.72%, 0, 0, 10, 619.29, 1511515, 1130
3138, 17, 86, 270, 149, 0, 1.72%, 0, 0, 10, 512.83, 1514105, 1130
3143, 17, 259, 270, 149, 0, 1.72%, 0, 0, 10, 581.70, 1517124, 1130
3149, 17, 215, 270, 149, 0, 1.72%, 0, 0, 10, 548.99, 1519909, 1130
3154, 17, 86, 270, 149, 0, 1.72%, 0, 0, 10, 508.70, 1522415, 1130
3159, 17, 238, 270, 149, 0, 1.72%, 0, 0, 10, 506.65, 1524891, 1130
3164, 17, 203, 270, 149, 0, 1.72%, 0, 0, 10, 611.02, 1528025, 1130
3169, 17, 203, 270, 149, 0, 1.72%, 0, 0, 10, 627.28, 1531329, 1130
3174, 17, 135, 270, 149, 0, 1.72%, 0, 0, 10, 628.67, 1534557, 1130
3179, 17, 86, 270, 149, 0, 1.72%, 0, 0, 10, 219.64, 1537037, 1130
3184, 17, 238, 270, 149, 0, 1.72%, 0, 0, 10, 450.78, 1539749, 1130
3189, 17, 203, 270, 149, 0, 1.72%, 0, 0, 10, 549.18, 1542589, 1130
3194, 17, 238, 270, 149, 0, 1.72%, 0, 0, 10, 551.89, 1545402, 1130
3199, 17, 259, 270, 149, 0, 1.72%, 0, 0, 10, 591.68, 1548517, 1130
3205, 17, 238, 270, 149, 0, 1.72%, 0, 0, 10, 604.08, 1551685, 1130
3210, 17, 259, 270, 149, 0, 1.72%, 0, 0, 10, 599.11, 1554713, 1130
3215, 17, 257, 270, 149, 0, 1.72%, 0, 0, 10, 589.40, 1557651, 1130
3220, 17, 203, 270, 149, 0, 1.72%, 0, 0, 10, 621.52, 1560785, 1130
3225, 17, 86, 270, 149, 0, 1.72%, 0, 0, 10, 585.48, 1563661, 1130
3230, 17, 185, 270, 149, 0, 1.72%, 0, 0, 10, 248.94, 1564466, 1130
3235, 17, 257, 270, 149, 0, 1.72%, 0, 0, 10, 451.54, 1566603, 1130
3240, 18, 238, 270, 149, 0, 1.72%, 0, 0, 10, 589.13, 1569832, 1130
3245, 18, 203, 270, 149, 0, 1.72%, 0, 0, 10, 626.52, 1572971, 1130
3250, 18, 86, 270, 149, 0, 1.72%, 0, 0, 10, 616.14, 1576095, 1130
3255, 18, 203, 270, 148, 0, 1.72%, 0, 0, 10, 550.00, 1576878, 1130
3260, 18, 86, 270, 148, 0, 1.72%, 0, 0, 10, 104.27, 1579816, 1130
3265, 18, 203, 270, 148, 0, 1.72%, 0, 0, 10, 615.56, 1582730, 1130
3270, 18, 257, 270, 148, 0, 1.72%, 0, 0, 10, 618.54, 1585398, 1130
3276, 18, 135, 270, 148, 0, 1.72%, 0, 0, 10, 603.55, 1588440, 1130
3281, 18, 259, 270, 148, 0, 1.72%, 0, 0, 10, 613.45, 1591552, 1130
3286, 18, 203, 270, 148, 0, 1.72%, 0, 0, 10, 613.23, 1594666, 1130
3291, 18, 135, 270, 148, 0, 1.72%, 0, 0, 10, 630.94, 1597874, 1130
3296, 18, 259, 270, 148, 0, 1.72%, 0, 0, 10, 636.27, 1601090, 1130
3301, 18, 235, 270, 148, 0, 1.72%, 0, 0, 10, 576.32, 1603845, 1130
3306, 18, 203, 270, 148, 0, 1.72%, 0, 0, 10, 621.12, 1606974, 1130
3311, 18, 135, 270, 148, 0, 1.72%, 0, 0, 10, 577.44, 1609806, 1130
3316, 18, 86, 270, 148, 0, 1.72%, 0, 0, 10, 590.14, 1612900, 1130
3321, 18, 266, 271, 149, 0, 1.72%, 0, 0, 11, 612.11, 1615770, 1130
3326, 18, 259, 271, 148, 0, 1.72%, 0, 0, 11, 452.92, 1618564, 1130
3331, 18, 203, 271, 148, 0, 1.72%, 0, 0, 11, 595.37, 1621780, 1130
3337, 18, 135, 271, 148, 0, 1.72%, 0, 0, 11, 619.49, 1624925, 1130
3342, 18, 135, 271, 148, 0, 1.72%, 0, 0, 11, 609.15, 1627974, 1130
3347, 18, 203, 271, 148, 0, 1.72%, 0, 0, 11, 608.42, 1631006, 1130
3352, 18, 259, 271, 148, 0, 1.72%, 0, 0, 11, 595.21, 1633926, 1130
3357, 18, 86, 271, 148, 0, 1.72%, 0, 0, 11, 112.56, 1636372, 1130
3362, 18, 235, 272, 149, 0, 1.72%, 0, 0, 11, 602.61, 1639118, 1130
3367, 18, 135, 272, 149, 0, 1.72%, 0, 0, 11, 600.69, 1642166, 1130
3372, 18, 238, 272, 149, 0, 1.72%, 0, 0, 11, 636.48, 1644930, 1130
3377, 18, 203, 272, 149, 0, 1.72%, 0, 0, 11, 534.47, 1647412, 1130
3382, 18, 86, 272, 149, 0, 1.72%, 0, 0, 11, 128.91, 1649536, 1130
3387, 18, 238, 272, 149, 0, 1.72%, 0, 0, 11, 425.92, 1652072, 1130
3392, 18, 203, 272, 149, 0, 1.72%, 0, 0, 11, 556.55, 1654884, 1130
3397, 19, 135, 272, 149, 0, 1.72%, 0, 0, 11, 599.40, 1657694, 1130
3402, 19, 203, 272, 149, 0, 1.72%, 0, 0, 11, 469.23, 1660491, 1130
3408, 19, 135, 272, 149, 0, 1.72%, 0, 0, 11, 467.50, 1662910, 1130
3413, 19, 254, 272, 149, 0, 1.72%, 0, 0, 11, 577.23, 1666016, 1130
3418, 19, 82, 272, 149, 0, 1.72%, 0, 0, 11, 371.32, 1667942, 1130
3423, 19, 82, 272, 149, 0, 1.72%, 0, 0, 11, 383.02, 1669832, 1130
3428, 19, 238, 272, 149, 0, 1.72%, 0, 0, 11, 469.94, 1671896, 1130
3433, 19, 86, 272, 149, 0, 1.72%, 0, 0, 11, 563.32, 1674894, 1130
3438, 19, 86, 272, 149, 0, 1.72%, 0, 0, 11, 582.35, 1677800, 1130
3443, 19, 238, 272, 149, 0, 1.72%, 0, 0, 11, 604.12, 1680698, 1130
3449, 19, 86, 272, 149, 0, 1.72%, 0, 0, 11, 558.34, 1683597, 1130
3454, 19, 259, 272, 149, 0, 1.72%, 0, 0, 11, 552.34, 1686118, 1130
3459, 19, 257, 272, 149, 0, 1.72%, 0, 0, 11, 591.59, 1689145, 1130
3464, 19, 86, 272, 149, 0, 1.72%, 0, 0, 11, 97.67, 1692083, 1130
3469, 19, 238, 272, 149, 0, 1.72%, 0, 0, 11, 619.94, 1694984, 1130
3474, 19, 215, 272, 149, 0, 1.72%, 0, 0, 11, 547.18, 1697827, 1130
3479, 19, 259, 272, 149, 0, 1.72%, 0, 0, 11, 552.87, 1700464, 1130
3484, 19, 43, 272, 149, 0, 1.72%, 0, 0, 11, 91.67, 1701470, 1130
3489, 19, 238, 272, 148, 0, 1.72%, 0, 0, 11, 492.60, 1704063, 1130
3494, 19, 135, 273, 148, 0, 1.72%, 0, 0, 11, 591.88, 1707152, 1130
3499, 19, 272, 273, 148, 0, 1.72%, 0, 0, 11, 621.93, 1710361, 1130
3504, 19, 272, 274, 149, 0, 1.72%, 0, 0, 11, 611.62, 1713457, 1130
3510, 19, 86, 274, 148, 0, 1.72%, 0, 0, 11, 588.30, 1716489, 1130
3515, 19, 259, 274, 148, 0, 1.72%, 0, 0, 11, 559.49, 1719138, 1130
3520, 19, 238, 274, 148, 0, 1.72%, 0, 0, 11, 612.36, 1722427, 1130
3525, 19, 250, 274, 148, 0, 1.72%, 0, 0, 11, 93.93, 1724626, 1130
3530, 19, 250, 276, 150, 0, 1.72%, 0, 0, 11, 148.39, 1725414, 1130
3535, 19, 259, 276, 149, 0, 1.72%, 0, 0, 11, 471.06, 1728013, 1130
3540, 19, 238, 276, 149, 0, 1.72%, 0, 0, 11, 570.69, 1731133, 1130
3546, 19, 259, 276, 149, 0, 1.72%, 0, 0, 11, 252.87, 1733842, 1130
3551, 19, 203, 276, 149, 0, 1.72%, 0, 0, 11, 542.06, 1736980, 1130
3556, 19, 259, 276, 149, 0, 1.72%, 0, 0, 11, 557.92, 1739478, 1130
3561, 19, 238, 276, 149, 0, 1.72%, 0, 0, 11, 591.03, 1742617, 1130
3566, 19, 238, 276, 148, 0, 1.72%, 0, 0, 11, 565.14, 1745497, 1130
3571, 19, 259, 276, 148, 0, 1.72%, 0, 0, 11, 597.12, 1748557, 1130
3576, 19, 49, 276, 148, 0, 1.72%, 0, 0, 11, 97.30, 1750112, 1130
3582, 19, 135, 276, 147, 0, 1.72%, 0, 0, 11, 434.53, 1752404, 1130
3587, 19, 86, 276, 147, 0, 1.72%, 0, 0, 11, 452.70, 1754767, 1130
3592, 19, 86, 276, 147, 0, 1.72%, 0, 0, 11, 339.09, 1756457, 1130
3597, 20, 86, 276, 147, 0, 1.72%, 0, 0, 11, 361.36, 1758583, 1130
3602, 20, 203, 276, 147, 0, 1.72%, 0, 0, 11, 556.07, 1761676, 1130
3607, 20, 135, 276, 147, 0, 1.72%, 0, 0, 11, 374.89, 1763113, 1130
3612, 20, 203, 276, 147, 0, 1.72%, 0, 0, 11, 576.51, 1766329, 1130
3618, 20, 259, 276, 147, 0, 1.72%, 0, 0, 11, 530.21, 1769056, 1130
3623, 20, 238, 276, 147, 0, 1.72%, 0, 0, 11, 573.41, 1771998, 1130
3628, 20, 238, 276, 147, 0, 1.72%, 0, 0, 11, 556.18, 1774704, 1130
3633, 20, 203, 276, 147, 0, 1.72%, 0, 0, 11, 290.68, 1777565, 1130
3638, 20, 238, 276, 147, 0, 1.72%, 0, 0, 11, 529.83, 1780630, 1130
3643, 20, 86, 276, 147, 0, 1.72%, 0, 0, 11, 470.45, 1783034, 1130
3648, 20, 268, 276, 147, 0, 1.72%, 0, 0, 11, 551.32, 1785876, 1130
3653, 20, 203, 276, 147, 0, 1.72%, 0, 0, 11, 600.53, 1788974, 1130
3658, 20, 238, 276, 147, 0, 1.72%, 0, 0, 11, 595.75, 1791856, 1130
3663, 20, 86, 276, 147, 0, 1.72%, 0, 0, 11, 527.44, 1794540, 1130
3669, 20, 238, 276, 147, 0, 1.72%, 0, 0, 11, 528.24, 1796856, 1130
3674, 20, 135, 276, 147, 0, 1.72%, 0, 0, 11, 596.68, 1799910, 1130
3679, 20, 238, 276, 147, 0, 1.72%, 0, 0, 11, 648.93, 1802784, 1130
3684, 20, 268, 276, 147, 0, 1.72%, 0, 0, 11, 628.38, 1805972, 1130
3689, 20, 138, 276, 147, 0, 1.72%, 0, 0, 11, 278.33, 1808905, 1130
3694, 20, 203, 276, 147, 0, 1.72%, 0, 0, 11, 558.47, 1812141, 1130
3699, 20, 201, 276, 147, 0, 1.72%, 0, 0, 11, 673.80, 1814740, 1130
3704, 20, 86, 276, 147, 0, 1.72%, 0, 0, 11, 116.87, 1817398, 1130
3710, 20, 215, 276, 147, 0, 1.72%, 0, 0, 11, 435.65, 1819932, 1130
3715, 20, 259, 276, 147, 0, 1.72%, 0, 0, 11, 590.98, 1823171, 1130
3720, 20, 135, 276, 146, 0, 1.72%, 0, 0, 11, 609.75, 1826279, 1130
3725, 20, 235, 276, 146, 0, 1.72%, 0, 0, 11, 605.49, 1829319, 1130
3730, 20, 169, 276, 146, 0, 1.72%, 0, 0, 11, 361.78, 1831046, 1130
3735, 20, 138, 276, 146, 0, 1.72%, 0, 0, 11, 379.39, 1832742, 1130
3740, 20, 203, 276, 146, 0, 1.72%, 0, 0, 11, 544.63, 1835755, 1130
3745, 20, 203, 276, 146, 0, 1.72%, 0, 0, 11, 567.69, 1838207, 1130
3750, 20, 135, 276, 146, 0, 1.72%, 0, 0, 11, 562.80, 1840924, 1130
3756, 20, 259, 276, 146, 0, 1.72%, 0, 0, 11, 510.81, 1843657, 1130
3761, 21, 203, 276, 146, 0, 1.72%, 0, 0, 11, 605.45, 1846825, 1130
3766, 21, 135, 276, 146, 0, 1.72%, 0, 0, 11, 540.96, 1849497, 1130
3771, 21, 203, 276, 146, 0, 1.72%, 0, 0, 11, 581.53, 1852392, 1130
3776, 21, 203, 276, 146, 0, 1.72%, 0, 0, 11, 628.44, 1855699, 1130
3781, 21, 268, 276, 146, 0, 1.72%, 0, 0, 11, 607.72, 1858739, 1130
3786, 21, 215, 276, 146, 0, 1.72%, 0, 0, 11, 583.72, 1861743, 1130
3791, 21, 201, 276, 146, 0, 1.72%, 0, 0, 11, 607.15, 1864791, 1130
3796, 21, 203, 276, 146, 0, 1.72%, 0, 0, 11, 636.07, 1868015, 1130
3801, 21, 86, 276, 146, 0, 1.72%, 0, 0, 11, 98.65, 1870854, 1130
3807, 21, 235, 276, 146, 0, 1.72%, 0, 0, 11, 605.14, 1873879, 1130
3812, 21, 268, 276, 146, 0, 1.72%, 0, 0, 11, 615.86, 1877001, 1130
3817, 21, 171, 276, 146, 0, 1.72%, 0, 0, 11, 92.11, 1879912, 1130
3822, 21, 203, 276, 145, 0, 1.72%, 0, 0, 11, 636.51, 1882009, 1130
3827, 21, 215, 276, 145, 0, 1.72%, 0, 0, 11, 628.37, 1884841, 1130
3832, 21, 135, 276, 145, 0, 1.72%, 0, 0, 11, 627.29, 1887881, 1130
3837, 21, 203, 276, 145, 0, 1.72%, 0, 0, 11, 614.38, 1890967, 1130
3842, 21, 238, 276, 145, 0, 1.72%, 0, 0, 11, 594.75, 1894063, 1130
3847, 21, 268, 276, 145, 0, 1.72%, 0, 0, 11, 601.69, 1897099, 1130
3853, 21, 86, 276, 145, 0, 1.72%, 0, 0, 11, 182.96, 1899572, 1130
3858, 21, 203, 276, 144, 0, 1.72%, 0, 0, 11, 483.03, 1902432, 1130
3863, 21, 203, 276, 144, 0, 1.72%, 0, 0, 11, 568.90, 1905419, 1130
3868, 21, 203, 276, 144, 0, 1.72%, 0, 0, 11, 612.81, 1908595, 1130
3873, 21, 259, 276, 144, 0, 1.72%, 0, 0, 11, 621.43, 1911775, 1130
3878, 21, 259, 276, 144, 0, 1.72%, 0, 0, 11, 221.76, 1914553, 1130
3883, 21, 203, 276, 144, 0, 1.72%, 0, 0, 11, 546.20, 1917743, 1130
3888, 21, 238, 276, 144, 0, 1.72%, 0, 0, 11, 551.15, 1920524, 1130
3893, 21, 86, 276, 144, 0, 1.72%, 0, 0, 11, 660.62, 1923343, 1130
3898, 21, 203, 276, 144, 0, 1.72%, 0, 0, 11, 619.38, 1926301, 1130
3903, 21, 259, 276, 144, 0, 1.72%, 0, 0, 11, 611.71, 1929353, 1130
3909, 21, 203, 276, 144, 0, 1.72%, 0, 0, 11, 610.00, 1932453, 1130
3914, 21, 268, 276, 144, 0, 1.72%, 0, 0, 11, 601.76, 1934993, 1130
3919, 21, 203, 276, 144, 0, 1.72%, 0, 0, 11, 615.00, 1938111, 1130
3924, 22, 203, 276, 144, 0, 1.72%, 0, 0, 11, 635.00, 1941331, 1130
3929, 22, 238, 276, 144, 0, 1.72%, 0, 0, 11, 629.20, 1944523, 1130
3934, 22, 238, 276, 144, 0, 1.72%, 0, 0, 11, 581.67, 1947308, 1130
3939, 22, 269, 277, 145, 0, 1.72%, 0, 0, 11, 607.32, 1950451, 1130
3944, 22, 86, 277, 144, 0, 1.72%, 0, 0, 11, 554.49, 1953316, 1130
3949, 22, 135, 277, 144, 0, 1.72%, 0, 0, 11, 273.59, 1956069, 1130
3955, 22, 259, 277, 144, 0, 1.72%, 0, 0, 11, 552.40, 1959321, 1130
3960, 22, 135, 277, 144, 0, 1.72%, 0, 0, 11, 571.60, 1962156, 1130
3965, 22, 135, 277, 144, 0, 1.72%, 0, 0, 11, 374.82, 1965003, 1130
3970, 22, 135, 277, 143, 0, 1.72%, 0, 0, 11, 582.84, 1968282, 1130
3975, 22, 203, 277, 143, 0, 1.72%, 0, 0, 11, 638.18, 1971575, 1130
3980, 22, 259, 277, 143, 0, 1.72%, 0, 0, 11, 677.38, 1974077, 1130
3985, 22, 238, 277, 143, 0, 1.72%, 0, 0, 11, 627.24, 1977207, 1130
3990, 22, 201, 277, 143, 0, 1.72%, 0, 0, 11, 615.95, 1980269, 1130
3995, 22, 138, 277, 142, 0, 1.72%, 0, 0, 11, 602.51, 1983250, 1130
4000, 22, 135, 277, 142, 0, 1.72%, 0, 0, 11, 612.32, 1986362, 1130
4005, 22, 215, 277, 142, 0, 1.72%, 0, 0, 11, 572.42, 1989305, 1130
4010, 22, 135, 277, 141, 0, 1.72%, 0, 0, 11, 312.53, 1991037, 1130
4015, 22, 82, 277, 141, 0, 1.72%, 0, 0, 11, 434.53, 1993611, 1130
4020, 22, 135, 277, 141, 0, 1.72%, 0, 0, 11, 508.95, 1995914, 1130
