# relative_time, cycles_done, cur_item, corpus_count, pending_total, pending_favs, map_size, saved_crashes, saved_hangs, max_depth, execs_per_sec, total_execs, edges_found
61, 0, 0, 9, 8, 0, 1.17%, 0, 0, 2, 208.72, 12442, 768
66, 0, 0, 9, 8, 0, 1.17%, 0, 0, 2, 208.38, 13490, 768
71, 0, 0, 9, 8, 0, 1.17%, 0, 0, 2, 209.36, 14578, 768
76, 0, 0, 9, 8, 0, 1.17%, 0, 0, 2, 208.64, 15662, 768
81, 0, 0, 9, 8, 0, 1.17%, 0, 0, 2, 207.84, 16702, 768
86, 0, 4, 11, 7, 4, 1.28%, 0, 0, 3, 212.20, 17761, 842
91, 0, 8, 11, 5, 2, 1.28%, 0, 0, 3, 212.59, 18848, 842
96, 0, 3, 11, 3, 0, 1.28%, 0, 0, 3, 218.57, 19937, 842
101, 0, 5, 11, 3, 0, 1.28%, 0, 0, 3, 219.60, 21045, 842
106, 0, 8, 11, 3, 0, 1.28%, 0, 0, 3, 217.28, 22135, 842
111, 0, 6, 11, 3, 0, 1.28%, 0, 0, 3, 220.50, 23245, 842
116, 1, 6, 11, 2, 0, 1.28%, 0, 0, 3, 216.81, 24320, 842
121, 1, 10, 11, 2, 0, 1.28%, 0, 0, 3, 220.40, 25472, 842
127, 1, 7, 11, 2, 0, 1.28%, 0, 0, 3, 221.22, 26634, 842
132, 1, 7, 11, 2, 0, 1.28%, 0, 0, 3, 221.02, 27788, 842
137, 2, 7, 11, 2, 0, 1.28%, 0, 0, 3, 230.42, 28952, 842
142, 2, 7, 11, 2, 0, 1.28%, 0, 0, 3, 223.43, 30076, 842
147, 2, 7, 12, 3, 0, 1.28%, 0, 0, 4, 219.22, 31224, 842
152, 2, 10, 12, 3, 0, 1.28%, 0, 0, 4, 221.11, 32320, 842
157, 2, 4, 12, 3, 0, 1.28%, 0, 0, 4, 219.49, 33420, 842
162, 3, 7, 12, 3, 0, 1.28%, 0, 0, 4, 219.88, 34570, 842
167, 3, 7, 12, 3, 0, 1.28%, 0, 0, 4, 223.01, 35690, 842
172, 3, 7, 12, 3, 0, 1.28%, 0, 0, 4, 219.40, 36786, 842
177, 3, 10, 12, 3, 0, 1.28%, 0, 0, 4, 228.01, 37938, 842
182, 3, 7, 12, 3, 0, 1.28%, 0, 0, 4, 218.94, 39018, 842
187, 3, 6, 12, 3, 0, 1.28%, 0, 0, 4, 216.78, 40110, 842
192, 3, 5, 12, 3, 0, 1.28%, 0, 0, 4, 219.68, 41214, 842
197, 3, 6, 12, 3, 0, 1.28%, 0, 0, 4, 220.95, 42342, 842
202, 4, 10, 12, 3, 0, 1.28%, 0, 0, 4, 222.30, 43458, 842
208, 4, 7, 12, 3, 0, 1.28%, 0, 0, 4, 220.53, 44614, 842
213, 4, 8, 12, 3, 0, 1.28%, 0, 0, 4, 215.73, 45706, 842
218, 4, 8, 12, 3, 0, 1.28%, 0, 0, 4, 215.80, 46814, 842
223, 4, 3, 12, 3, 0, 1.28%, 0, 0, 4, 221.55, 47924, 842
228, 4, 7, 12, 3, 0, 1.28%, 0, 0, 4, 220.49, 49070, 842
233, 4, 7, 12, 3, 0, 1.28%, 0, 0, 4, 220.07, 50178, 842
238, 4, 7, 12, 3, 0, 1.28%, 0, 0, 4, 218.61, 51270, 842
243, 5, 3, 12, 3, 0, 1.28%, 0, 0, 4, 227.26, 52440, 842
248, 5, 7, 12, 3, 0, 1.28%, 0, 0, 4, 221.71, 53558, 842
253, 5, 7, 12, 3, 0, 1.28%, 0, 0, 4, 219.88, 54698, 842
259, 5, 7, 12, 3, 0, 1.28%, 0, 0, 4, 218.18, 55826, 842
264, 5, 10, 12, 3, 0, 1.28%, 0, 0, 4, 222.52, 56980, 842
269, 5, 10, 12, 3, 0, 1.28%, 0, 0, 4, 220.70, 58096, 842
274, 5, 7, 12, 3, 0, 1.28%, 0, 0, 4, 218.59, 59204, 842
279, 6, 7, 12, 3, 0, 1.28%, 0, 0, 4, 217.51, 60336, 842
284, 6, 7, 12, 3, 0, 1.28%, 0, 0, 4, 215.12, 61412, 842
289, 6, 7, 12, 3, 0, 1.28%, 0, 0, 4, 216.64, 62532, 842
295, 6, 3, 12, 3, 0, 1.28%, 0, 0, 4, 219.78, 63672, 842
300, 6, 10, 12, 3, 0, 1.28%, 0, 0, 4, 221.83, 64836, 842
305, 6, 5, 12, 3, 0, 1.28%, 0, 0, 4, 219.85, 65938, 842
310, 7, 3, 12, 3, 0, 1.28%, 0, 0, 4, 218.92, 67038, 842
315, 7, 8, 12, 3, 0, 1.28%, 0, 0, 4, 214.92, 68120, 842
320, 7, 10, 12, 3, 0, 1.28%, 0, 0, 4, 207.42, 69158, 842
325, 7, 7, 12, 3, 0, 1.28%, 0, 0, 4, 215.74, 70250, 842
330, 7, 10, 12, 3, 0, 1.28%, 0, 0, 4, 218.01, 71350, 842
335, 7, 3, 12, 3, 0, 1.28%, 0, 0, 4, 218.38, 72478, 842
340, 7, 7, 12, 3, 0, 1.28%, 0, 0, 4, 220.96, 73582, 842
345, 7, 5, 12, 3, 0, 1.28%, 0, 0, 4, 218.23, 74718, 842
350, 7, 7, 12, 3, 0, 1.28%, 0, 0, 4, 218.95, 75818, 842
355, 8, 7, 12, 3, 0, 1.28%, 0, 0, 4, 227.85, 77006, 842
360, 8, 10, 12, 3, 0, 1.28%, 0, 0, 4, 221.69, 78106, 842
366, 8, 8, 12, 3, 0, 1.28%, 0, 0, 4, 217.74, 79240, 842
371, 8, 7, 12, 3, 0, 1.28%, 0, 0, 4, 218.83, 80346, 842
376, 8, 7, 12, 3, 0, 1.28%, 0, 0, 4, 219.89, 81458, 842
381, 8, 7, 12, 3, 0, 1.28%, 0, 0, 4, 218.84, 82590, 842
386, 8, 5, 12, 3, 0, 1.28%, 0, 0, 4, 224.03, 83770, 842
391, 9, 6, 12, 3, 0, 1.28%, 0, 0, 4, 222.58, 84900, 842
396, 9, 7, 12, 3, 0, 1.28%, 0, 0, 4, 219.88, 86028, 842
401, 9, 7, 12, 3, 0, 1.28%, 0, 0, 4, 218.25, 87124, 842
406, 9, 10, 12, 3, 0, 1.28%, 0, 0, 4, 223.13, 88280, 842
412, 9, 6, 12, 3, 0, 1.28%, 0, 0, 4, 223.72, 89468, 842
417, 10, 8, 12, 3, 0, 1.28%, 0, 0, 4, 219.67, 90556, 842
422, 10, 8, 12, 3, 0, 1.28%, 0, 0, 4, 218.57, 91676, 842
427, 10, 10, 12, 3, 0, 1.28%, 0, 0, 4, 223.19, 92806, 842
432, 10, 10, 12, 3, 0, 1.28%, 0, 0, 4, 226.33, 93952, 842
437, 10, 7, 12, 3, 0, 1.28%, 0, 0, 4, 221.55, 95064, 842
442, 10, 7, 12, 3, 0, 1.28%, 0, 0, 4, 219.71, 96166, 842
447, 10, 7, 12, 3, 0, 1.28%, 0, 0, 4, 221.85, 97274, 842
452, 11, 7, 12, 3, 0, 1.28%, 0, 0, 4, 227.26, 98462, 842
457, 11, 5, 12, 3, 0, 1.28%, 0, 0, 4, 225.94, 99638, 842
462, 11, 7, 12, 3, 0, 1.28%, 0, 0, 4, 227.64, 100780, 842
467, 11, 7, 12, 3, 0, 1.28%, 0, 0, 4, 221.01, 101884, 842
473, 11, 7, 12, 3, 0, 1.28%, 0, 0, 4, 220.61, 103024, 842
478, 11, 7, 12, 3, 0, 1.28%, 0, 0, 4, 213.89, 104124, 842
483, 11, 8, 12, 3, 0, 1.28%, 0, 0, 4, 219.40, 105268, 842
488, 11, 5, 12, 3, 0, 1.28%, 0, 0, 4, 224.19, 106434, 842
493, 12, 10, 12, 3, 0, 1.28%, 0, 0, 4, 224.85, 107570, 842
498, 12, 5, 12, 3, 0, 1.28%, 0, 0, 4, 227.49, 108712, 842
503, 12, 4, 12, 3, 0, 1.28%, 0, 0, 4, 233.55, 109918, 842
508, 12, 7, 12, 3, 0, 1.28%, 0, 0, 4, 221.55, 111012, 842
513, 12, 8, 12, 3, 0, 1.28%, 0, 0, 4, 223.47, 112134, 842
519, 12, 8, 12, 3, 0, 1.28%, 0, 0, 4, 222.71, 113262, 842
524, 12, 7, 12, 3, 0, 1.28%, 0, 0, 4, 222.78, 114384, 842
529, 13, 7, 12, 3, 0, 1.28%, 0, 0, 4, 217.80, 115472, 842
534, 13, 7, 12, 3, 0, 1.28%, 0, 0, 4, 218.59, 116570, 842
539, 13, 7, 12, 3, 0, 1.28%, 0, 0, 4, 219.04, 117706, 842
544, 13, 7, 12, 3, 0, 1.28%, 0, 0, 4, 213.79, 118776, 842
549, 13, 7, 12, 3, 0, 1.28%, 0, 0, 4, 218.58, 119908, 842
554, 13, 3, 12, 3, 0, 1.28%, 0, 0, 4, 221.53, 121052, 842
559, 13, 8, 12, 3, 0, 1.28%, 0, 0, 4, 222.66, 122186, 842
564, 13, 8, 12, 3, 0, 1.28%, 0, 0, 4, 221.75, 123334, 842
570, 13, 7, 12, 3, 0, 1.28%, 0, 0, 4, 217.81, 124456, 842
575, 14, 3, 12, 3, 0, 1.28%, 0, 0, 4, 220.80, 125596, 842
580, 14, 7, 12, 3, 0, 1.28%, 0, 0, 4, 221.68, 126730, 842
585, 14, 7, 12, 3, 0, 1.28%, 0, 0, 4, 222.94, 127844, 842
590, 14, 7, 12, 3, 0, 1.28%, 0, 0, 4, 220.18, 128956, 842
595, 14, 6, 12, 3, 0, 1.28%, 0, 0, 4, 220.75, 130056, 842
600, 14, 7, 12, 3, 0, 1.28%, 0, 0, 4, 222.46, 131220, 842
605, 14, 8, 12, 3, 0, 1.28%, 0, 0, 4, 222.93, 132336, 842
610, 14, 7, 12, 3, 0, 1.28%, 0, 0, 4, 214.25, 133442, 842
615, 14, 10, 12, 3, 0, 1.28%, 0, 0, 4, 221.99, 134560, 842
620, 15, 6, 12, 3, 0, 1.28%, 0, 0, 4, 223.47, 135684, 842
625, 15, 7, 12, 3, 0, 1.28%, 0, 0, 4, 224.66, 136826, 842
631, 15, 7, 12, 3, 0, 1.28%, 0, 0, 4, 218.54, 137962, 842
636, 15, 10, 12, 3, 0, 1.28%, 0, 0, 4, 222.05, 139114, 842
641, 15, 7, 12, 3, 0, 1.28%, 0, 0, 4, 223.09, 140284, 842
646, 15, 7, 12, 3, 0, 1.28%, 0, 0, 4, 222.45, 141406, 842
651, 16, 8, 12, 3, 0, 1.28%, 0, 0, 4, 222.40, 142572, 842
656, 16, 8, 12, 3, 0, 1.28%, 0, 0, 4, 222.93, 143684, 842
661, 16, 10, 12, 3, 0, 1.28%, 0, 0, 4, 225.55, 144870, 842
666, 16, 7, 12, 3, 0, 1.28%, 0, 0, 4, 221.30, 145980, 842
671, 16, 3, 12, 3, 0, 1.28%, 0, 0, 4, 226.89, 147114, 842
676, 17, 7, 12, 3, 0, 1.28%, 0, 0, 4, 222.66, 148236, 842
681, 17, 7, 12, 3, 0, 1.28%, 0, 0, 4, 223.53, 149358, 842
687, 17, 7, 12, 3, 0, 1.28%, 0, 0, 4, 219.50, 150498, 842
692, 17, 7, 12, 3, 0, 1.28%, 0, 0, 4, 223.65, 151672, 842
697, 17, 7, 12, 3, 0, 1.28%, 0, 0, 4, 220.53, 152818, 842
702, 17, 7, 12, 3, 0, 1.28%, 0, 0, 4, 220.20, 153924, 842
707, 18, 7, 12, 3, 0, 1.28%, 0, 0, 4, 221.13, 155048, 842
712, 18, 7, 12, 3, 0, 1.28%, 0, 0, 4, 219.48, 156184, 842
717, 18, 7, 12, 3, 0, 1.28%, 0, 0, 4, 219.40, 157332, 842
723, 18, 7, 12, 3, 0, 1.28%, 0, 0, 4, 220.01, 158436, 842
728, 18, 10, 12, 3, 0, 1.28%, 0, 0, 4, 232.36, 159604, 842
733, 18, 10, 12, 3, 0, 1.28%, 0, 0, 4, 228.68, 160746, 842
738, 19, 5, 12, 3, 0, 1.28%, 0, 0, 4, 225.90, 161930, 842
743, 19, 7, 12, 3, 0, 1.28%, 0, 0, 4, 218.90, 163012, 842
748, 19, 11, 12, 3, 0, 1.28%, 0, 0, 4, 242.38, 164288, 842
753, 19, 7, 12, 2, 0, 1.28%, 0, 0, 4, 227.11, 165428, 842
758, 19, 7, 12, 2, 0, 1.28%, 0, 0, 4, 224.97, 166562, 842
763, 19, 11, 12, 2, 0, 1.28%, 0, 0, 4, 240.79, 167770, 842
768, 19, 11, 12, 2, 0, 1.28%, 0, 0, 4, 247.18, 169018, 842
773, 19, 11, 12, 2, 0, 1.28%, 0, 0, 4, 249.38, 170318, 842
778, 19, 8, 12, 2, 0, 1.28%, 0, 0, 4, 226.15, 171430, 842
783, 19, 11, 12, 2, 0, 1.28%, 0, 0, 4, 235.22, 172636, 842
789, 19, 11, 12, 2, 0, 1.28%, 0, 0, 4, 247.60, 173936, 842
794, 19, 11, 12, 2, 0, 1.28%, 0, 0, 4, 249.96, 175239, 842
799, 20, 7, 12, 2, 0, 1.28%, 0, 0, 4, 231.58, 176400, 842
804, 20, 3, 12, 2, 0, 1.28%, 0, 0, 4, 223.36, 177508, 842
809, 20, 11, 12, 2, 0, 1.28%, 0, 0, 4, 239.72, 178726, 842
814, 20, 11, 12, 2, 0, 1.28%, 0, 0, 4, 247.41, 179974, 842
819, 20, 3, 12, 2, 0, 1.28%, 0, 0, 4, 248.46, 181222, 842
824, 20, 11, 12, 2, 0, 1.28%, 0, 0, 4, 241.74, 182438, 842
829, 20, 11, 12, 2, 0, 1.28%, 0, 0, 4, 241.90, 183650, 842
834, 20, 3, 12, 2, 0, 1.28%, 0, 0, 4, 246.29, 184934, 842
839, 20, 7, 12, 2, 0, 1.28%, 0, 0, 4, 216.89, 186018, 842
844, 20, 7, 12, 2, 0, 1.28%, 0, 0, 4, 217.94, 187110, 842
849, 21, 11, 12, 2, 0, 1.28%, 0, 0, 4, 219.64, 188246, 842
854, 21, 11, 12, 2, 0, 1.28%, 0, 0, 4, 233.23, 189450, 842
859, 21, 11, 12, 2, 0, 1.28%, 0, 0, 4, 239.50, 190658, 842
865, 21, 7, 12, 2, 0, 1.28%, 0, 0, 4, 233.34, 191854, 842
870, 21, 7, 12, 2, 0, 1.28%, 0, 0, 4, 221.24, 192952, 842
875, 21, 3, 12, 2, 0, 1.28%, 0, 0, 4, 223.95, 194094, 842
880, 21, 4, 12, 2, 0, 1.28%, 0, 0, 4, 223.92, 195246, 842
885, 21, 11, 12, 2, 0, 1.28%, 0, 0, 4, 244.98, 196540, 842
890, 21, 11, 12, 2, 0, 1.28%, 0, 0, 4, 248.20, 197788, 842
895, 21, 7, 12, 2, 0, 1.28%, 0, 0, 4, 241.78, 199012, 842
900, 21, 11, 12, 2, 0, 1.28%, 0, 0, 4, 237.09, 200180, 842
905, 21, 11, 12, 2, 0, 1.28%, 0, 0, 4, 246.42, 201428, 842
911, 21, 11, 12, 2, 0, 1.28%, 0, 0, 4, 248.62, 202720, 842
916, 22, 7, 12, 2, 0, 1.28%, 0, 0, 4, 234.71, 203898, 842
921, 22, 7, 12, 2, 0, 1.28%, 0, 0, 4, 226.86, 205040, 842
926, 22, 7, 12, 2, 0, 1.28%, 0, 0, 4, 219.75, 206128, 842
931, 22, 7, 12, 2, 0, 1.28%, 0, 0, 4, 220.83, 207250, 842
936, 22, 11, 12, 2, 0, 1.28%, 0, 0, 4, 240.24, 208466, 842
941, 22, 11, 12, 2, 0, 1.28%, 0, 0, 4, 241.35, 209674, 842
946, 22, 11, 12, 2, 0, 1.28%, 0, 0, 4, 247.67, 210974, 842
951, 22, 7, 12, 2, 0, 1.28%, 0, 0, 4, 226.63, 212096, 842
956, 22, 8, 12, 2, 0, 1.28%, 0, 0, 4, 224.12, 213216, 842
961, 22, 8, 12, 2, 0, 1.28%, 0, 0, 4, 222.24, 214364, 842
966, 23, 7, 12, 2, 0, 1.28%, 0, 0, 4, 214.10, 215422, 842
971, 23, 3, 12, 2, 0, 1.28%, 0, 0, 4, 219.55, 216522, 842
976, 23, 7, 12, 2, 0, 1.28%, 0, 0, 4, 220.72, 217680, 842
981, 23, 11, 12, 2, 0, 1.28%, 0, 0, 4, 231.64, 218834, 842
986, 23, 11, 12, 2, 0, 1.28%, 0, 0, 4, 245.49, 220082, 842
991, 23, 11, 12, 2, 0, 1.28%, 0, 0, 4, 247.87, 221330, 842
997, 23, 6, 12, 2, 0, 1.28%, 0, 0, 4, 239.38, 222582, 842
1002, 23, 7, 12, 2, 0, 1.28%, 0, 0, 4, 219.61, 223674, 842
1007, 23, 11, 12, 2, 0, 1.28%, 0, 0, 4, 233.59, 224838, 842
1012, 23, 11, 12, 2, 0, 1.28%, 0, 0, 4, 246.36, 226086, 842
1017, 23, 11, 12, 2, 0, 1.28%, 0, 0, 4, 249.88, 227386, 842
1022, 23, 11, 12, 2, 0, 1.28%, 0, 0, 4, 249.46, 228634, 842
1027, 23, 11, 12, 2, 0, 1.28%, 0, 0, 4, 249.21, 229926, 842
1032, 23, 7, 12, 2, 0, 1.28%, 0, 0, 4, 245.88, 231206, 842
1037, 24, 8, 12, 2, 0, 1.28%, 0, 0, 4, 226.64, 232354, 842
1042, 24, 8, 12, 2, 0, 1.28%, 0, 0, 4, 225.00, 233482, 842
1047, 24, 7, 12, 2, 0, 1.28%, 0, 0, 4, 224.09, 234614, 842
1052, 24, 7, 12, 2, 0, 1.28%, 0, 0, 4, 221.69, 235722, 842
1057, 24, 7, 12, 2, 0, 1.28%, 0, 0, 4, 219.91, 236826, 842
1063, 24, 7, 12, 2, 0, 1.28%, 0, 0, 4, 215.75, 237934, 842
1068, 24, 11, 12, 2, 0, 1.28%, 0, 0, 4, 236.18, 239166, 842
1073, 24, 11, 12, 2, 0, 1.28%, 0, 0, 4, 242.24, 240382, 842
1078, 24, 11, 12, 2, 0, 1.28%, 0, 0, 4, 248.24, 241682, 842
1083, 24, 7, 12, 2, 0, 1.28%, 0, 0, 4, 223.23, 242782, 842
1088, 24, 7, 12, 2, 0, 1.28%, 0, 0, 4, 218.70, 243882, 842
1093, 24, 7, 12, 2, 0, 1.28%, 0, 0, 4, 222.37, 244996, 842
1098, 25, 7, 12, 2, 0, 1.28%, 0, 0, 4, 219.96, 246138, 842
1104, 25, 7, 12, 2, 0, 1.28%, 0, 0, 4, 217.87, 247262, 842
1109, 25, 6, 12, 2, 0, 1.28%, 0, 0, 4, 220.66, 248420, 842
1114, 25, 7, 12, 2, 0, 1.28%, 0, 0, 4, 224.47, 249552, 842
1119, 25, 11, 12, 2, 0, 1.28%, 0, 0, 4, 242.06, 250806, 842
1124, 25, 11, 12, 2, 0, 1.28%, 0, 0, 4, 247.91, 252054, 842
1129, 25, 11, 12, 2, 0, 1.28%, 0, 0, 4, 250.44, 253359, 842
1134, 25, 3, 12, 2, 0, 1.28%, 0, 0, 4, 227.26, 254486, 842
1139, 26, 7, 12, 2, 0, 1.28%, 0, 0, 4, 218.70, 255608, 842
1144, 26, 7, 12, 2, 0, 1.28%, 0, 0, 4, 230.97, 256802, 842
1150, 26, 11, 12, 2, 0, 1.28%, 0, 0, 4, 234.15, 257994, 842
1155, 26, 11, 12, 2, 0, 1.28%, 0, 0, 4, 247.08, 259294, 842
1160, 26, 11, 12, 2, 0, 1.28%, 0, 0, 4, 248.81, 260594, 842
1165, 26, 7, 12, 2, 0, 1.28%, 0, 0, 4, 231.60, 261806, 842
1170, 26, 7, 12, 2, 0, 1.28%, 0, 0, 4, 221.97, 262906, 842
1175, 26, 7, 12, 2, 0, 1.28%, 0, 0, 4, 220.78, 264018, 842
1180, 26, 3, 12, 2, 0, 1.28%, 0, 0, 4, 220.65, 265124, 842
1186, 27, 11, 12, 2, 0, 1.28%, 0, 0, 4, 244.11, 266420, 842
1191, 27, 11, 12, 2, 0, 1.28%, 0, 0, 4, 248.65, 267720, 842
1196, 27, 11, 12, 2, 0, 1.28%, 0, 0, 4, 249.99, 268973, 842
1201, 27, 11, 12, 2, 0, 1.28%, 0, 0, 4, 247.13, 270264, 842
1206, 27, 11, 12, 2, 0, 1.28%, 0, 0, 4, 244.12, 271476, 842
1211, 27, 7, 12, 2, 0, 1.28%, 0, 0, 4, 241.48, 272704, 842
1216, 27, 7, 12, 2, 0, 1.28%, 0, 0, 4, 226.14, 273816, 842
1221, 27, 6, 12, 2, 0, 1.28%, 0, 0, 4, 221.27, 274960, 842
1226, 27, 3, 12, 2, 0, 1.28%, 0, 0, 4, 224.00, 276116, 842
1232, 27, 7, 12, 2, 0, 1.28%, 0, 0, 4, 220.09, 277258, 842
1237, 27, 7, 12, 2, 0, 1.28%, 0, 0, 4, 221.67, 278366, 842
1242, 27, 7, 12, 2, 0, 1.28%, 0, 0, 4, 226.02, 279554, 842
1247, 28, 11, 12, 2, 0, 1.28%, 0, 0, 4, 239.75, 280786, 842
1252, 28, 11, 12, 2, 0, 1.28%, 0, 0, 4, 248.47, 282086, 842
1257, 28, 11, 12, 2, 0, 1.28%, 0, 0, 4, 250.32, 283386, 842
1262, 28, 7, 12, 2, 0, 1.28%, 0, 0, 4, 234.57, 284532, 842
1268, 28, 7, 12, 2, 0, 1.28%, 0, 0, 4, 217.56, 285652, 842
1273, 28, 7, 12, 2, 0, 1.28%, 0, 0, 4, 219.38, 286786, 842
1278, 28, 7, 12, 2, 0, 1.28%, 0, 0, 4, 222.89, 287910, 842
1283, 28, 7, 12, 2, 0, 1.28%, 0, 0, 4, 219.44, 289010, 842
1288, 28, 11, 12, 2, 0, 1.28%, 0, 0, 4, 236.46, 290190, 842
1293, 28, 11, 12, 2, 0, 1.28%, 0, 0, 4, 247.68, 291490, 842
1298, 28, 11, 12, 2, 0, 1.28%, 0, 0, 4, 250.10, 292786, 842
1303, 29, 11, 12, 2, 0, 1.28%, 0, 0, 4, 248.72, 294076, 842
1309, 29, 11, 12, 2, 0, 1.28%, 0, 0, 4, 250.32, 295379, 842
1314, 29, 11, 12, 2, 0, 1.28%, 0, 0, 4, 249.87, 296676, 842
1319, 29, 6, 12, 2, 0, 1.28%, 0, 0, 4, 230.30, 297817, 842
1324, 29, 11, 12, 2, 0, 1.28%, 0, 0, 4, 226.92, 298964, 842
1329, 29, 11, 12, 2, 0, 1.28%, 0, 0, 4, 240.53, 300196, 842
1334, 29, 11, 12, 2, 0, 1.28%, 0, 0, 4, 241.02, 301408, 842
1339, 29, 3, 12, 2, 0, 1.28%, 0, 0, 4, 241.00, 302626, 842
1344, 29, 5, 12, 2, 0, 1.28%, 0, 0, 4, 224.04, 303776, 842
1349, 29, 8, 12, 2, 0, 1.28%, 0, 0, 4, 219.94, 304876, 842
1355, 29, 5, 12, 2, 0, 1.28%, 0, 0, 4, 215.38, 305990, 842
1360, 30, 7, 12, 2, 0, 1.28%, 0, 0, 4, 214.59, 307066, 842
1365, 30, 8, 12, 2, 0, 1.28%, 0, 0, 4, 214.96, 308146, 842
1370, 30, 7, 12, 2, 0, 1.28%, 0, 0, 4, 211.96, 309204, 842
1375, 30, 8, 12, 2, 0, 1.28%, 0, 0, 4, 213.76, 310276, 842
1380, 30, 8, 12, 2, 0, 1.28%, 0, 0, 4, 215.07, 311360, 842
1385, 30, 7, 12, 2, 0, 1.28%, 0, 0, 4, 215.01, 312442, 842
1390, 30, 7, 12, 2, 0, 1.28%, 0, 0, 4, 215.76, 313568, 842
1395, 30, 7, 12, 2, 0, 1.28%, 0, 0, 4, 215.48, 314694, 842
1400, 30, 11, 12, 2, 0, 1.28%, 0, 0, 4, 236.86, 315932, 842
1405, 30, 11, 12, 2, 0, 1.28%, 0, 0, 4, 241.26, 317156, 842
1410, 30, 11, 12, 2, 0, 1.28%, 0, 0, 4, 243.09, 318384, 842
1415, 31, 11, 12, 2, 0, 1.28%, 0, 0, 4, 243.35, 319606, 842
1420, 31, 11, 12, 2, 0, 1.28%, 0, 0, 4, 243.32, 320838, 842
1425, 31, 11, 12, 2, 0, 1.28%, 0, 0, 4, 243.31, 322054, 842
1431, 31, 11, 12, 2, 0, 1.28%, 0, 0, 4, 244.28, 323286, 842
1436, 31, 11, 12, 2, 0, 1.28%, 0, 0, 4, 243.29, 324506, 842
1441, 31, 11, 12, 2, 0, 1.28%, 0, 0, 4, 243.28, 325742, 842
1446, 31, 7, 12, 2, 0, 1.28%, 0, 0, 4, 223.48, 326848, 842
1451, 31, 6, 12, 2, 0, 1.28%, 0, 0, 4, 221.41, 328002, 842
1456, 31, 11, 12, 2, 0, 1.28%, 0, 0, 4, 236.63, 329206, 842
1461, 31, 11, 12, 2, 0, 1.28%, 0, 0, 4, 240.67, 330426, 842
1466, 31, 11, 12, 2, 0, 1.28%, 0, 0, 4, 242.47, 331658, 842
1471, 32, 7, 12, 2, 0, 1.28%, 0, 0, 4, 230.68, 332824, 842
1476, 32, 5, 12, 2, 0, 1.28%, 0, 0, 4, 225.29, 333940, 842
1481, 32, 7, 12, 2, 0, 1.28%, 0, 0, 4, 217.15, 335032, 842
1486, 32, 7, 12, 2, 0, 1.28%, 0, 0, 4, 219.03, 336140, 842
1491, 32, 11, 12, 2, 0, 1.28%, 0, 0, 4, 234.23, 337318, 842
1496, 32, 11, 12, 2, 0, 1.28%, 0, 0, 4, 240.44, 338534, 842
1501, 32, 11, 12, 2, 0, 1.28%, 0, 0, 4, 243.43, 339762, 842
1506, 32, 7, 12, 2, 0, 1.28%, 0, 0, 4, 228.00, 340922, 842
1511, 32, 7, 12, 2, 0, 1.28%, 0, 0, 4, 216.99, 341994, 842
1516, 33, 7, 12, 2, 0, 1.28%, 0, 0, 4, 217.23, 343088, 842
1521, 33, 11, 12, 2, 0, 1.28%, 0, 0, 4, 235.45, 344292, 842
1526, 33, 11, 12, 2, 0, 1.28%, 0, 0, 4, 242.55, 345532, 842
1531, 33, 11, 12, 2, 0, 1.28%, 0, 0, 4, 242.48, 346760, 842
1537, 33, 3, 12, 2, 0, 1.28%, 0, 0, 4, 224.95, 347870, 842
1542, 33, 8, 12, 2, 0, 1.28%, 0, 0, 4, 216.89, 348948, 842
1547, 33, 11, 12, 2, 0, 1.28%, 0, 0, 4, 225.40, 350066, 842
1552, 33, 11, 12, 2, 0, 1.28%, 0, 0, 4, 240.47, 351306, 842
1557, 33, 11, 12, 2, 0, 1.28%, 0, 0, 4, 241.70, 352522, 842
1562, 33, 7, 12, 2, 0, 1.28%, 0, 0, 4, 229.74, 353690, 842
1567, 33, 11, 12, 2, 0, 1.28%, 0, 0, 4, 237.36, 354874, 842
1572, 33, 11, 12, 2, 0, 1.28%, 0, 0, 4, 242.99, 356118, 842
1577, 33, 11, 12, 2, 0, 1.28%, 0, 0, 4, 244.70, 357354, 842
1582, 33, 7, 12, 2, 0, 1.28%, 0, 0, 4, 224.25, 358476, 842
1587, 33, 7, 12, 2, 0, 1.28%, 0, 0, 4, 217.99, 359604, 842
1592, 34, 3, 12, 2, 0, 1.28%, 0, 0, 4, 219.56, 360690, 842
1597, 34, 7, 12, 2, 0, 1.28%, 0, 0, 4, 218.87, 361840, 842
1602, 34, 7, 12, 2, 0, 1.28%, 0, 0, 4, 218.02, 362922, 842
1607, 34, 4, 12, 2, 0, 1.28%, 0, 0, 4, 218.87, 364012, 842
1613, 34, 11, 12, 2, 0, 1.28%, 0, 0, 4, 223.85, 365168, 842
1618, 34, 11, 12, 2, 0, 1.28%, 0, 0, 4, 240.06, 366400, 842
1623, 34, 11, 12, 2, 0, 1.28%, 0, 0, 4, 242.54, 367632, 842
1628, 35, 4, 12, 2, 0, 1.28%, 0, 0, 4, 239.83, 368842, 842
1633, 35, 4, 12, 2, 0, 1.28%, 0, 0, 4, 222.24, 369978, 842
1638, 35, 6, 12, 2, 0, 1.28%, 0, 0, 4, 222.94, 371150, 842
1643, 35, 7, 12, 2, 0, 1.28%, 0, 0, 4, 216.24, 372240, 842
1648, 35, 3, 12, 2, 0, 1.28%, 0, 0, 4, 221.88, 373392, 842
1653, 35, 7, 12, 2, 0, 1.28%, 0, 0, 4, 213.50, 374470, 842
1658, 36, 7, 12, 2, 0, 1.28%, 0, 0, 4, 214.90, 375544, 842
1663, 36, 3, 12, 2, 0, 1.28%, 0, 0, 4, 219.62, 376674, 842
1669, 36, 11, 12, 1, 0, 1.28%, 0, 0, 4, 227.36, 377858, 842
1674, 37, 6, 12, 1, 0, 1.28%, 0, 0, 4, 234.89, 379072, 842
1679, 37, 7, 12, 1, 0, 1.28%, 0, 0, 4, 219.77, 380196, 842
1684, 37, 7, 12, 1, 0, 1.28%, 0, 0, 4, 215.00, 381308, 842
1689, 37, 7, 12, 1, 0, 1.28%, 0, 0, 4, 211.66, 382376, 842
1694, 37, 3, 12, 1, 0, 1.28%, 0, 0, 4, 214.13, 383456, 842
1699, 37, 6, 12, 1, 0, 1.28%, 0, 0, 4, 214.30, 384582, 842
1704, 37, 5, 12, 1, 0, 1.28%, 0, 0, 4, 220.03, 385688, 842
1709, 37, 11, 12, 1, 0, 1.28%, 0, 0, 4, 226.81, 386814, 842
1715, 37, 7, 12, 1, 0, 1.28%, 0, 0, 4, 224.34, 387966, 842
1720, 38, 7, 12, 1, 0, 1.28%, 0, 0, 4, 217.76, 389038, 842
1725, 38, 7, 12, 1, 0, 1.28%, 0, 0, 4, 229.33, 390230, 842
1730, 38, 7, 12, 1, 0, 1.28%, 0, 0, 4, 218.04, 391352, 842
1735, 38, 11, 12, 1, 0, 1.28%, 0, 0, 4, 229.95, 392496, 842
1740, 38, 6, 12, 1, 0, 1.28%, 0, 0, 4, 221.73, 393648, 842
1745, 38, 11, 12, 1, 0, 1.28%, 0, 0, 4, 222.99, 394756, 842
1750, 38, 8, 12, 1, 0, 1.28%, 0, 0, 4, 224.49, 395924, 842
1755, 38, 8, 12, 1, 0, 1.28%, 0, 0, 4, 214.47, 396988, 842
1760, 38, 7, 12, 1, 0, 1.28%, 0, 0, 4, 213.75, 398062, 842
1765, 38, 7, 12, 1, 0, 1.28%, 0, 0, 4, 226.62, 399234, 842
1770, 39, 7, 12, 1, 0, 1.28%, 0, 0, 4, 221.35, 400340, 842
1775, 39, 5, 12, 1, 0, 1.28%, 0, 0, 4, 222.89, 401472, 842
1780, 39, 7, 12, 1, 0, 1.28%, 0, 0, 4, 215.21, 402548, 842
1785, 39, 7, 12, 1, 0, 1.28%, 0, 0, 4, 211.76, 403604, 842
1790, 39, 7, 12, 1, 0, 1.28%, 0, 0, 4, 215.90, 404706, 842
1796, 39, 4, 12, 1, 0, 1.28%, 0, 0, 4, 232.10, 405928, 842
1801, 39, 3, 12, 1, 0, 1.28%, 0, 0, 4, 219.56, 407052, 842
1806, 40, 7, 12, 1, 0, 1.28%, 0, 0, 4, 218.49, 408186, 842
1811, 40, 7, 12, 1, 0, 1.28%, 0, 0, 4, 216.82, 409270, 842
1816, 40, 5, 12, 1, 0, 1.28%, 0, 0, 4, 216.39, 410362, 842
1821, 40, 5, 12, 1, 0, 1.28%, 0, 0, 4, 219.28, 411502, 842
1826, 40, 7, 12, 1, 0, 1.28%, 0, 0, 4, 232.37, 412704, 842
1831, 40, 11, 12, 1, 0, 1.28%, 0, 0, 4, 227.43, 413816, 842
1836, 40, 6, 12, 1, 0, 1.28%, 0, 0, 4, 225.17, 414964, 842
1841, 40, 6, 12, 1, 0, 1.28%, 0, 0, 4, 218.14, 416056, 842
1846, 40, 7, 12, 1, 0, 1.28%, 0, 0, 4, 218.44, 417184, 842
1851, 41, 6, 12, 1, 0, 1.28%, 0, 0, 4, 219.13, 418272, 842
1857, 41, 7, 12, 1, 0, 1.28%, 0, 0, 4, 218.53, 419370, 842
1862, 41, 5, 12, 1, 0, 1.28%, 0, 0, 4, 218.24, 420492, 842
1867, 41, 11, 12, 1, 0, 1.28%, 0, 0, 4, 231.31, 421648, 842
1872, 41, 7, 12, 1, 0, 1.28%, 0, 0, 4, 220.07, 422760, 842
1877, 41, 11, 12, 1, 0, 1.28%, 0, 0, 4, 236.54, 424004, 842
1882, 41, 7, 12, 1, 0, 1.28%, 0, 0, 4, 226.55, 425162, 842
1887, 41, 11, 12, 1, 0, 1.28%, 0, 0, 4, 234.15, 426366, 842
1892, 42, 7, 12, 1, 0, 1.28%, 0, 0, 4, 220.74, 427470, 842
1897, 42, 6, 12, 1, 0, 1.28%, 0, 0, 4, 216.41, 428550, 842
1902, 42, 11, 12, 1, 0, 1.28%, 0, 0, 4, 226.98, 429708, 842
1907, 42, 7, 12, 1, 0, 1.28%, 0, 0, 4, 225.23, 430860, 842
1912, 42, 11, 12, 1, 0, 1.28%, 0, 0, 4, 233.61, 432024, 842
1918, 42, 6, 12, 1, 0, 1.28%, 0, 0, 4, 234.67, 433216, 842
1923, 42, 11, 12, 1, 0, 1.28%, 0, 0, 4, 230.51, 434390, 842
1928, 42, 7, 12, 1, 0, 1.28%, 0, 0, 4, 222.12, 435562, 842
1933, 43, 11, 12, 1, 0, 1.28%, 0, 0, 4, 235.89, 436752, 842
1938, 43, 7, 12, 1, 0, 1.28%, 0, 0, 4, 221.35, 437860, 842
1943, 43, 11, 12, 1, 0, 1.28%, 0, 0, 4, 236.70, 439058, 842
1948, 43, 7, 12, 1, 0, 1.28%, 0, 0, 4, 216.06, 440114, 842
1953, 43, 7, 12, 1, 0, 1.28%, 0, 0, 4, 223.67, 441242, 842
1958, 43, 7, 12, 1, 0, 1.28%, 0, 0, 4, 219.25, 442326, 842
1963, 44, 3, 12, 1, 0, 1.28%, 0, 0, 4, 218.97, 443412, 842
1968, 44, 3, 12, 1, 0, 1.28%, 0, 0, 4, 218.97, 444540, 842
1973, 44, 4, 12, 1, 0, 1.28%, 0, 0, 4, 215.54, 445619, 842
1978, 44, 5, 12, 1, 0, 1.28%, 0, 0, 4, 213.60, 446690, 842
1984, 44, 7, 12, 1, 0, 1.28%, 0, 0, 4, 213.95, 447806, 842
1989, 44, 7, 12, 1, 0, 1.28%, 0, 0, 4, 216.29, 448894, 842
1994, 44, 7, 12, 1, 0, 1.28%, 0, 0, 4, 214.64, 449994, 842
1999, 45, 7, 12, 1, 0, 1.28%, 0, 0, 4, 230.41, 451182, 842
2004, 45, 7, 12, 1, 0, 1.28%, 0, 0, 4, 218.97, 452262, 842
2009, 45, 11, 12, 1, 0, 1.28%, 0, 0, 4, 232.94, 453458, 842
2014, 45, 11, 12, 1, 0, 1.28%, 0, 0, 4, 241.86, 454696, 842
2019, 45, 7, 12, 1, 0, 1.28%, 0, 0, 4, 224.93, 455822, 842
2024, 45, 8, 12, 1, 0, 1.28%, 0, 0, 4, 217.64, 456906, 842
2029, 45, 7, 12, 1, 0, 1.28%, 0, 0, 4, 217.13, 458028, 842
2034, 45, 8, 12, 1, 0, 1.28%, 0, 0, 4, 215.47, 459104, 842
2039, 45, 8, 12, 1, 0, 1.28%, 0, 0, 4, 215.34, 460220, 842
2045, 46, 7, 12, 1, 0, 1.28%, 0, 0, 4, 223.94, 461394, 842
2050, 46, 11, 12, 1, 0, 1.28%, 0, 0, 4, 234.89, 462562, 842
2055, 46, 4, 12, 1, 0, 1.28%, 0, 0, 4, 236.65, 463770, 842
2060, 46, 11, 12, 1, 0, 1.28%, 0, 0, 4, 223.42, 464856, 842
2065, 46, 7, 12, 1, 0, 1.28%, 0, 0, 4, 223.24, 466012, 842
2070, 46, 7, 12, 1, 0, 1.28%, 0, 0, 4, 216.15, 467128, 842
2075, 46, 7, 12, 1, 0, 1.28%, 0, 0, 4, 215.27, 468208, 842
2080, 46, 11, 12, 1, 0, 1.28%, 0, 0, 4, 220.19, 469344, 842
2085, 47, 6, 12, 1, 0, 1.28%, 0, 0, 4, 227.97, 470526, 842
2090, 47, 7, 12, 1, 0, 1.28%, 0, 0, 4, 227.63, 471704, 842
2095, 47, 7, 12, 1, 0, 1.28%, 0, 0, 4, 221.07, 472842, 842
2100, 47, 5, 12, 1, 0, 1.28%, 0, 0, 4, 218.07, 473926, 842
2106, 47, 7, 12, 1, 0, 1.28%, 0, 0, 4, 222.71, 475054, 842
2111, 47, 11, 12, 1, 0, 1.28%, 0, 0, 4, 235.07, 476234, 842
2116, 48, 8, 12, 1, 0, 1.28%, 0, 0, 4, 220.38, 477372, 842
2121, 48, 3, 12, 1, 0, 1.28%, 0, 0, 4, 222.16, 478508, 842
2126, 48, 11, 12, 1, 0, 1.28%, 0, 0, 4, 239.46, 479774, 842
2131, 48, 7, 12, 1, 0, 1.28%, 0, 0, 4, 223.81, 480890, 842
2136, 48, 11, 12, 1, 0, 1.28%, 0, 0, 4, 223.92, 481992, 842
2141, 49, 11, 12, 1, 0, 1.28%, 0, 0, 4, 239.40, 483218, 842
2146, 49, 7, 12, 1, 0, 1.28%, 0, 0, 4, 234.35, 484410, 842
2151, 49, 11, 12, 1, 0, 1.28%, 0, 0, 4, 235.54, 485610, 842
2157, 49, 11, 12, 1, 0, 1.28%, 0, 0, 4, 238.70, 486810, 842
2162, 49, 11, 12, 1, 0, 1.28%, 0, 0, 4, 225.28, 487934, 842
2167, 49, 7, 12, 1, 0, 1.28%, 0, 0, 4, 227.04, 489102, 842
2172, 49, 11, 12, 1, 0, 1.28%, 0, 0, 4, 233.00, 490252, 842
2177, 50, 11, 12, 1, 0, 1.28%, 0, 0, 4, 241.59, 491478, 842
2182, 50, 6, 12, 1, 0, 1.28%, 0, 0, 4, 230.68, 492654, 842
2187, 50, 11, 12, 1, 0, 1.28%, 0, 0, 4, 234.02, 493816, 842
2192, 50, 5, 12, 1, 0, 1.28%, 0, 0, 4, 222.42, 494976, 842
2197, 50, 6, 12, 1, 0, 1.28%, 0, 0, 4, 217.83, 496060, 842
2202, 50, 11, 12, 1, 0, 1.28%, 0, 0, 4, 218.80, 497160, 842
2207, 51, 3, 12, 1, 0, 1.28%, 0, 0, 4, 238.90, 498393, 842
2212, 51, 11, 12, 1, 0, 1.28%, 0, 0, 4, 225.76, 499540, 842
2217, 51, 8, 12, 1, 0, 1.28%, 0, 0, 4, 226.75, 500708, 842
2222, 51, 8, 12, 1, 0, 1.28%, 0, 0, 4, 218.03, 501792, 842
2227, 51, 7, 12, 1, 0, 1.28%, 0, 0, 4, 218.90, 502938, 842
2232, 51, 7, 12, 1, 0, 1.28%, 0, 0, 4, 217.60, 504026, 842
2238, 51, 4, 12, 1, 0, 1.28%, 0, 0, 4, 232.69, 505224, 842
2243, 52, 7, 12, 1, 0, 1.28%, 0, 0, 4, 223.66, 506396, 842
2248, 52, 7, 12, 1, 0, 1.28%, 0, 0, 4, 217.66, 507484, 842
2253, 52, 7, 12, 1, 0, 1.28%, 0, 0, 4, 217.36, 508590, 842
2258, 52, 7, 12, 1, 0, 1.28%, 0, 0, 4, 215.01, 509714, 842
2263, 52, 7, 12, 1, 0, 1.28%, 0, 0, 4, 229.29, 510886, 842
2268, 52, 11, 12, 1, 0, 1.28%, 0, 0, 4, 226.65, 511994, 842
2273, 53, 7, 12, 1, 0, 1.28%, 0, 0, 4, 221.17, 513166, 842
2278, 53, 7, 12, 1, 0, 1.28%, 0, 0, 4, 215.99, 514246, 842
2283, 53, 7, 12, 1, 0, 1.28%, 0, 0, 4, 214.75, 515358, 842
2289, 53, 11, 12, 1, 0, 1.28%, 0, 0, 4, 225.90, 516480, 842
2294, 53, 8, 12, 1, 0, 1.28%, 0, 0, 4, 223.33, 517624, 842
2299, 53, 8, 12, 1, 0, 1.28%, 0, 0, 4, 217.25, 518700, 842
2304, 53, 3, 12, 1, 0, 1.28%, 0, 0, 4, 218.51, 519830, 842
2309, 53, 7, 12, 1, 0, 1.28%, 0, 0, 4, 216.97, 520958, 842
2314, 53, 11, 12, 1, 0, 1.28%, 0, 0, 4, 221.41, 522054, 842
2319, 53, 7, 12, 1, 0, 1.28%, 0, 0, 4, 220.97, 523190, 842
2324, 54, 6, 12, 1, 0, 1.28%, 0, 0, 4, 217.53, 524266, 842
2329, 54, 3, 12, 1, 0, 1.28%, 0, 0, 4, 217.33, 525362, 842
2334, 54, 3, 12, 1, 0, 1.28%, 0, 0, 4, 238.66, 526594, 842
2339, 54, 7, 12, 1, 0, 1.28%, 0, 0, 4, 227.96, 527724, 842
2344, 54, 7, 12, 1, 0, 1.28%, 0, 0, 4, 218.71, 528848, 842
2349, 55, 7, 12, 1, 0, 1.28%, 0, 0, 4, 216.51, 529934, 842
2354, 55, 7, 12, 1, 0, 1.28%, 0, 0, 4, 218.18, 531068, 842
2360, 55, 7, 12, 1, 0, 1.28%, 0, 0, 4, 217.68, 532194, 842
2365, 55, 7, 12, 1, 0, 1.28%, 0, 0, 4, 230.66, 533378, 842
2370, 55, 7, 12, 1, 0, 1.28%, 0, 0, 4, 217.65, 534450, 842
2375, 55, 11, 12, 1, 0, 1.28%, 0, 0, 4, 229.39, 535594, 842
2380, 55, 7, 12, 1, 0, 1.28%, 0, 0, 4, 223.62, 536730, 842
2385, 56, 11, 12, 1, 0, 1.28%, 0, 0, 4, 235.13, 537916, 842
2390, 56, 7, 12, 1, 0, 1.28%, 0, 0, 4, 221.96, 539028, 842
2395, 56, 7, 12, 1, 0, 1.28%, 0, 0, 4, 214.46, 540096, 842
2400, 56, 11, 12, 1, 0, 1.28%, 0, 0, 4, 219.22, 541222, 842
2405, 56, 7, 12, 1, 0, 1.28%, 0, 0, 4, 224.41, 542386, 842
2410, 56, 11, 12, 1, 0, 1.28%, 0, 0, 4, 232.58, 543536, 842
2415, 56, 7, 12, 1, 0, 1.28%, 0, 0, 4, 221.88, 544656, 842
2420, 57, 3, 12, 1, 0, 1.28%, 0, 0, 4, 216.84, 545774, 842
2425, 57, 7, 12, 1, 0, 1.28%, 0, 0, 4, 215.57, 546864, 842
2430, 57, 7, 12, 1, 0, 1.28%, 0, 0, 4, 210.82, 547924, 842
2435, 57, 7, 12, 1, 0, 1.28%, 0, 0, 4, 213.91, 549028, 842
2441, 57, 7, 12, 1, 0, 1.28%, 0, 0, 4, 220.54, 550182, 842
2446, 57, 7, 12, 1, 0, 1.28%, 0, 0, 4, 222.15, 551300, 842
2451, 58, 11, 12, 1, 0, 1.28%, 0, 0, 4, 227.39, 552420, 842
2456, 58, 11, 12, 1, 0, 1.28%, 0, 0, 4, 240.67, 553686, 842
2461, 58, 7, 12, 1, 0, 1.28%, 0, 0, 4, 226.21, 554830, 842
2466, 58, 7, 12, 1, 0, 1.28%, 0, 0, 4, 222.03, 555950, 842
2471, 58, 8, 12, 1, 0, 1.28%, 0, 0, 4, 214.66, 557052, 842
2476, 58, 8, 12, 1, 0, 1.28%, 0, 0, 4, 217.95, 558152, 842
2481, 58, 11, 12, 1, 0, 1.28%, 0, 0, 4, 215.71, 559224, 842
2486, 59, 7, 12, 1, 0, 1.28%, 0, 0, 4, 228.88, 560418, 842
2491, 59, 7, 12, 1, 0, 1.28%, 0, 0, 4, 219.35, 561506, 842
2496, 59, 11, 12, 1, 0, 1.28%, 0, 0, 4, 232.85, 562668, 842
2501, 59, 3, 12, 1, 0, 1.28%, 0, 0, 4, 240.21, 563924, 842
2507, 59, 11, 12, 1, 0, 1.28%, 0, 0, 4, 225.84, 565066, 842
2512, 59, 7, 12, 1, 0, 1.28%, 0, 0, 4, 233.41, 566264, 842
2517, 60, 7, 12, 1, 0, 1.28%, 0, 0, 4, 225.06, 567404, 842
2522, 60, 8, 12, 1, 0, 1.28%, 0, 0, 4, 216.57, 568512, 842
2527, 60, 8, 12, 1, 0, 1.28%, 0, 0, 4, 215.26, 569632, 842
2532, 60, 7, 12, 1, 0, 1.28%, 0, 0, 4, 214.30, 570706, 842
2537, 60, 7, 12, 1, 0, 1.28%, 0, 0, 4, 230.64, 571886, 842
2542, 60, 11, 12, 1, 0, 1.28%, 0, 0, 4, 228.86, 573042, 842
2547, 60, 7, 12, 1, 0, 1.28%, 0, 0, 4, 228.13, 574210, 842
2553, 60, 11, 12, 1, 0, 1.28%, 0, 0, 4, 235.45, 575386, 842
2558, 60, 8, 12, 1, 0, 1.28%, 0, 0, 4, 222.25, 576490, 842
2563, 60, 7, 12, 1, 0, 1.28%, 0, 0, 4, 214.19, 577592, 842
2568, 60, 7, 12, 1, 0, 1.28%, 0, 0, 4, 216.86, 578708, 842
2573, 61, 7, 12, 1, 0, 1.28%, 0, 0, 4, 218.44, 579846, 842
2578, 61, 7, 12, 1, 0, 1.28%, 0, 0, 4, 214.73, 580958, 842
2583, 61, 7, 12, 1, 0, 1.28%, 0, 0, 4, 212.52, 582068, 842
2588, 61, 7, 12, 1, 0, 1.28%, 0, 0, 4, 211.64, 583128, 842
2594, 61, 3, 12, 1, 0, 1.28%, 0, 0, 4, 219.72, 584284, 842
2599, 62, 11, 12, 1, 0, 1.28%, 0, 0, 4, 236.65, 585494, 842
2604, 62, 7, 12, 1, 0, 1.28%, 0, 0, 4, 227.35, 586688, 842
2609, 62, 7, 12, 1, 0, 1.28%, 0, 0, 4, 217.00, 587764, 842
2614, 62, 11, 12, 1, 0, 1.28%, 0, 0, 4, 234.59, 588942, 842
2619, 62, 7, 12, 1, 0, 1.28%, 0, 0, 4, 219.49, 590030, 842
2624, 62, 7, 12, 1, 0, 1.28%, 0, 0, 4, 215.86, 591110, 842
2629, 62, 7, 12, 1, 0, 1.28%, 0, 0, 4, 213.99, 592186, 842
2634, 62, 5, 12, 1, 0, 1.28%, 0, 0, 4, 216.50, 593266, 842
2639, 63, 7, 12, 1, 0, 1.28%, 0, 0, 4, 216.41, 594368, 842
2644, 63, 11, 12, 1, 0, 1.28%, 0, 0, 4, 235.05, 595566, 842
2649, 63, 11, 12, 1, 0, 1.28%, 0, 0, 4, 244.58, 596802, 842
2654, 63, 11, 12, 1, 0, 1.28%, 0, 0, 4, 242.74, 598022, 842
2659, 63, 5, 12, 1, 0, 1.28%, 0, 0, 4, 227.72, 599162, 842
2664, 63, 7, 12, 1, 0, 1.28%, 0, 0, 4, 215.57, 600230, 842
2669, 63, 11, 12, 1, 0, 1.28%, 0, 0, 4, 224.74, 601382, 842
2674, 64, 7, 12, 1, 0, 1.28%, 0, 0, 4, 224.46, 602538, 842
2680, 64, 11, 12, 1, 0, 1.28%, 0, 0, 4, 231.13, 603682, 842
2685, 64, 11, 12, 1, 0, 1.28%, 0, 0, 4, 238.08, 604902, 842
2690, 64, 11, 12, 1, 0, 1.28%, 0, 0, 4, 242.48, 606136, 842
2695, 64, 6, 12, 1, 0, 1.28%, 0, 0, 4, 223.63, 607252, 842
2700, 64, 7, 12, 1, 0, 1.28%, 0, 0, 4, 222.47, 608386, 842
2705, 65, 11, 12, 1, 0, 1.28%, 0, 0, 4, 237.55, 609590, 842
2710, 65, 11, 12, 1, 0, 1.28%, 0, 0, 4, 242.32, 610822, 842
2715, 65, 7, 12, 1, 0, 1.28%, 0, 0, 4, 219.22, 611930, 842
2720, 65, 1, 12, 1, 0, 1.28%, 0, 0, 4, 216.36, 613004, 842
2725, 65, 7, 12, 0, 0, 1.28%, 0, 0, 4, 216.42, 614094, 842
2730, 65, 7, 12, 0, 0, 1.28%, 0, 0, 4, 214.44, 615166, 842
2735, 65, 7, 12, 0, 0, 1.28%, 0, 0, 4, 215.89, 616246, 842
2740, 65, 7, 12, 0, 0, 1.28%, 0, 0, 4, 215.63, 617326, 842
2745, 66, 7, 12, 0, 0, 1.28%, 0, 0, 4, 217.49, 618416, 842
2750, 66, 11, 12, 0, 0, 1.28%, 0, 0, 4, 232.72, 619582, 842
2755, 66, 6, 12, 0, 0, 1.28%, 0, 0, 4, 224.19, 620706, 842
2760, 66, 8, 12, 0, 0, 1.28%, 0, 0, 4, 220.08, 621834, 842
2765, 66, 8, 12, 0, 0, 1.28%, 0, 0, 4, 218.13, 622958, 842
2770, 66, 8, 12, 0, 0, 1.28%, 0, 0, 4, 215.24, 624036, 842
2776, 66, 3, 12, 0, 0, 1.28%, 0, 0, 4, 219.24, 625174, 842
2781, 66, 7, 12, 0, 0, 1.28%, 0, 0, 4, 230.46, 626372, 842
2786, 66, 7, 12, 0, 0, 1.28%, 0, 0, 4, 219.05, 627460, 842
2791, 67, 3, 12, 0, 0, 1.28%, 0, 0, 4, 224.81, 628580, 842
2796, 67, 4, 12, 0, 0, 1.28%, 0, 0, 4, 219.86, 629712, 842
2801, 67, 11, 12, 0, 0, 1.28%, 0, 0, 4, 222.38, 630826, 842
2806, 67, 8, 12, 0, 0, 1.28%, 0, 0, 4, 226.81, 632002, 842
2811, 67, 8, 12, 0, 0, 1.28%, 0, 0, 4, 217.83, 633118, 842
2816, 67, 11, 12, 0, 0, 1.28%, 0, 0, 4, 236.88, 634332, 842
2821, 67, 7, 12, 0, 0, 1.28%, 0, 0, 4, 233.11, 635530, 842
2826, 67, 7, 12, 0, 0, 1.28%, 0, 0, 4, 220.41, 636660, 842
2831, 68, 11, 12, 0, 0, 1.28%, 0, 0, 4, 234.49, 637838, 842
2837, 68, 7, 12, 0, 0, 1.28%, 0, 0, 4, 222.51, 638970, 842
2842, 68, 8, 12, 0, 0, 1.28%, 0, 0, 4, 218.13, 640094, 842
2847, 68, 8, 12, 0, 0, 1.28%, 0, 0, 4, 215.57, 641178, 842
2852, 68, 7, 12, 0, 0, 1.28%, 0, 0, 4, 215.76, 642248, 842
2857, 68, 5, 12, 0, 0, 1.28%, 0, 0, 4, 218.22, 643380, 842
2862, 68, 11, 12, 0, 0, 1.28%, 0, 0, 4, 223.64, 644536, 842
2867, 68, 7, 12, 0, 0, 1.28%, 0, 0, 4, 226.77, 645704, 842
2872, 68, 7, 12, 0, 0, 1.28%, 0, 0, 4, 217.71, 646780, 842
2877, 68, 7, 12, 0, 0, 1.28%, 0, 0, 4, 218.15, 647884, 842
2882, 69, 5, 12, 0, 0, 1.28%, 0, 0, 4, 221.52, 649008, 842
2887, 69, 7, 12, 0, 0, 1.28%, 0, 0, 4, 216.79, 650100, 842
2892, 69, 11, 12, 0, 0, 1.28%, 0, 0, 4, 216.53, 651222, 842
2898, 69, 7, 12, 0, 0, 1.28%, 0, 0, 4, 226.80, 652410, 842
2903, 69, 7, 12, 0, 0, 1.28%, 0, 0, 4, 222.40, 653558, 842
2908, 69, 7, 12, 0, 0, 1.28%, 0, 0, 4, 215.78, 654666, 842
2913, 69, 6, 12, 0, 0, 1.28%, 0, 0, 4, 213.94, 655778, 842
2918, 70, 11, 12, 0, 0, 1.28%, 0, 0, 4, 235.51, 656994, 842
2923, 70, 7, 12, 0, 0, 1.28%, 0, 0, 4, 227.77, 658154, 842
2928, 70, 8, 12, 0, 0, 1.28%, 0, 0, 4, 219.87, 659246, 842
2933, 70, 3, 12, 0, 0, 1.28%, 0, 0, 4, 220.06, 660340, 842
2938, 70, 4, 12, 0, 0, 1.28%, 0, 0, 4, 219.11, 661460, 842
2943, 70, 5, 12, 0, 0, 1.28%, 0, 0, 4, 219.40, 662572, 842
2948, 70, 11, 12, 0, 0, 1.28%, 0, 0, 4, 220.66, 663678, 842
2953, 70, 11, 12, 0, 0, 1.28%, 0, 0, 4, 239.39, 664916, 842
2958, 71, 7, 12, 0, 0, 1.28%, 0, 0, 4, 225.62, 666060, 842
2964, 71, 7, 12, 0, 0, 1.28%, 0, 0, 4, 222.32, 667212, 842
2969, 71, 11, 12, 0, 0, 1.28%, 0, 0, 4, 236.11, 668400, 842
2974, 71, 11, 12, 0, 0, 1.28%, 0, 0, 4, 225.83, 669548, 842
2979, 71, 7, 12, 0, 0, 1.28%, 0, 0, 4, 224.95, 670708, 842
2984, 71, 7, 12, 0, 0, 1.28%, 0, 0, 4, 228.41, 671846, 842
2989, 72, 7, 12, 0, 0, 1.28%, 0, 0, 4, 216.51, 672958, 842
2994, 72, 3, 12, 0, 0, 1.28%, 0, 0, 4, 228.68, 674100, 842
2999, 72, 6, 12, 0, 0, 1.28%, 0, 0, 4, 225.22, 675250, 842
3004, 72, 11, 12, 0, 0, 1.28%, 0, 0, 4, 236.42, 676430, 842
3009, 72, 7, 12, 0, 0, 1.28%, 0, 0, 4, 221.89, 677534, 842
3014, 72, 7, 12, 0, 0, 1.28%, 0, 0, 4, 216.88, 678610, 842
3019, 73, 7, 12, 0, 0, 1.28%, 0, 0, 4, 216.79, 679708, 842
3024, 73, 6, 12, 0, 0, 1.28%, 0, 0, 4, 220.98, 680826, 842
3030, 73, 7, 12, 0, 0, 1.28%, 0, 0, 4, 215.63, 681942, 842
3035, 73, 6, 12, 0, 0, 1.28%, 0, 0, 4, 223.30, 683120, 842
3040, 73, 8, 12, 0, 0, 1.28%, 0, 0, 4, 216.01, 684236, 842
3045, 73, 8, 12, 0, 0, 1.28%, 0, 0, 4, 212.37, 685304, 842
3050, 73, 11, 12, 0, 0, 1.28%, 0, 0, 4, 227.66, 686434, 842
3055, 74, 11, 12, 0, 0, 1.28%, 0, 0, 4, 237.80, 687646, 842
3060, 74, 6, 12, 0, 0, 1.28%, 0, 0, 4, 229.38, 688852, 842
3065, 74, 7, 12, 0, 0, 1.28%, 0, 0, 4, 218.57, 689980, 842
3070, 74, 5, 12, 0, 0, 1.28%, 0, 0, 4, 216.89, 691068, 842
3075, 74, 7, 12, 0, 0, 1.28%, 0, 0, 4, 214.31, 692154, 842
3081, 74, 5, 12, 0, 0, 1.28%, 0, 0, 4, 217.64, 693286, 842
3086, 74, 7, 12, 0, 0, 1.28%, 0, 0, 4, 216.55, 694374, 842
3091, 74, 7, 12, 0, 0, 1.28%, 0, 0, 4, 215.87, 695494, 842
3096, 75, 4, 12, 0, 0, 1.28%, 0, 0, 4, 216.58, 696590, 842
3101, 75, 6, 12, 0, 0, 1.28%, 0, 0, 4, 220.72, 697724, 842
3106, 75, 8, 12, 0, 0, 1.28%, 0, 0, 4, 216.99, 698808, 842
3111, 75, 7, 12, 0, 0, 1.28%, 0, 0, 4, 215.34, 699884, 842
3116, 75, 7, 12, 0, 0, 1.28%, 0, 0, 4, 211.86, 700952, 842
3121, 75, 7, 12, 0, 0, 1.28%, 0, 0, 4, 220.53, 702100, 842
3126, 75, 7, 12, 0, 0, 1.28%, 0, 0, 4, 213.75, 703208, 842
3131, 75, 6, 12, 0, 0, 1.28%, 0, 0, 4, 215.09, 704326, 842
3137, 76, 7, 12, 0, 0, 1.28%, 0, 0, 4, 216.92, 705456, 842
3142, 76, 7, 12, 0, 0, 1.28%, 0, 0, 4, 215.46, 706528, 842
3147, 76, 7, 12, 0, 0, 1.28%, 0, 0, 4, 217.50, 707662, 842
3152, 76, 11, 12, 0, 0, 1.28%, 0, 0, 4, 226.43, 708786, 842
3157, 76, 7, 12, 0, 0, 1.28%, 0, 0, 4, 221.37, 709914, 842
3162, 76, 7, 12, 0, 0, 1.28%, 0, 0, 4, 214.96, 710986, 842
3167, 76, 1, 12, 0, 0, 1.28%, 0, 0, 4, 220.80, 712126, 842
3172, 76, 1, 12, 0, 0, 1.28%, 0, 0, 4, 219.73, 713226, 842
3177, 76, 1, 12, 0, 0, 1.28%, 0, 0, 4, 214.09, 714330, 842
3182, 76, 7, 12, 0, 0, 1.28%, 0, 0, 4, 214.59, 715422, 842
3187, 76, 7, 12, 0, 0, 1.28%, 0, 0, 4, 215.07, 716546, 842
3193, 77, 11, 12, 0, 0, 1.28%, 0, 0, 4, 224.01, 717706, 842
3198, 77, 7, 12, 0, 0, 1.28%, 0, 0, 4, 229.36, 718888, 842
3203, 77, 11, 12, 0, 0, 1.28%, 0, 0, 4, 233.99, 720040, 842
3208, 77, 6, 12, 0, 0, 1.28%, 0, 0, 4, 227.38, 721194, 842
3213, 77, 11, 12, 0, 0, 1.28%, 0, 0, 4, 235.84, 722382, 842
3218, 77, 3, 12, 0, 0, 1.28%, 0, 0, 4, 221.03, 723464, 842
3223, 78, 3, 12, 0, 0, 1.28%, 0, 0, 4, 222.07, 724578, 842
3228, 78, 11, 12, 0, 0, 1.28%, 0, 0, 4, 220.40, 725666, 842
3233, 78, 7, 12, 0, 0, 1.28%, 0, 0, 4, 226.90, 726846, 842
3238, 78, 7, 12, 0, 0, 1.28%, 0, 0, 4, 222.94, 727996, 842
3243, 78, 11, 12, 0, 0, 1.28%, 0, 0, 4, 232.07, 729188, 842
3248, 78, 8, 12, 0, 0, 1.28%, 0, 0, 4, 233.13, 730392, 842
3254, 78, 8, 12, 0, 0, 1.28%, 0, 0, 4, 219.14, 731508, 842
3259, 78, 5, 12, 0, 0, 1.28%, 0, 0, 4, 219.41, 732614, 842
3264, 78, 7, 12, 0, 0, 1.28%, 0, 0, 4, 214.56, 733722, 842
3269, 78, 11, 12, 0, 0, 1.28%, 0, 0, 4, 222.24, 734866, 842
3274, 79, 7, 12, 0, 0, 1.28%, 0, 0, 4, 222.95, 736018, 842
3279, 79, 6, 12, 0, 0, 1.28%, 0, 0, 4, 220.23, 737124, 842
3284, 79, 11, 12, 0, 0, 1.28%, 0, 0, 4, 236.73, 738320, 842
3289, 79, 3, 12, 0, 0, 1.28%, 0, 0, 4, 224.17, 739436, 842
3294, 79, 8, 12, 0, 0, 1.28%, 0, 0, 4, 218.39, 740548, 842
3299, 79, 5, 12, 0, 0, 1.28%, 0, 0, 4, 222.69, 741668, 842
3304, 79, 7, 12, 0, 0, 1.28%, 0, 0, 4, 216.03, 742756, 842
3309, 79, 7, 12, 0, 0, 1.28%, 0, 0, 4, 212.75, 743824, 842
3314, 80, 5, 12, 0, 0, 1.28%, 0, 0, 4, 213.03, 744924, 842
3320, 80, 11, 12, 0, 0, 1.28%, 0, 0, 4, 234.59, 746130, 842
3325, 80, 8, 12, 0, 0, 1.28%, 0, 0, 4, 221.65, 747222, 842
3330, 80, 11, 12, 0, 0, 1.28%, 0, 0, 4, 227.41, 748340, 842
3335, 80, 7, 12, 0, 0, 1.28%, 0, 0, 4, 223.73, 749488, 842
3340, 80, 4, 12, 0, 0, 1.28%, 0, 0, 4, 233.49, 750676, 842
3345, 80, 3, 12, 0, 0, 1.28%, 0, 0, 4, 221.64, 751796, 842
3350, 80, 5, 12, 0, 0, 1.28%, 0, 0, 4, 219.79, 752918, 842
3355, 80, 7, 12, 0, 0, 1.28%, 0, 0, 4, 215.21, 754030, 842
3360, 81, 7, 12, 0, 0, 1.28%, 0, 0, 4, 215.26, 755116, 842
3365, 81, 7, 12, 0, 0, 1.28%, 0, 0, 4, 215.20, 756196, 842
3370, 81, 5, 12, 0, 0, 1.28%, 0, 0, 4, 216.80, 757279, 842
3375, 81, 1, 12, 0, 0, 1.28%, 0, 0, 4, 216.48, 758364, 842
3380, 81, 1, 12, 0, 0, 1.28%, 0, 0, 4, 217.02, 759496, 842
3385, 81, 1, 12, 0, 0, 1.28%, 0, 0, 4, 216.59, 760588, 842
3390, 81, 3, 12, 0, 0, 1.28%, 0, 0, 4, 236.07, 761792, 842
3395, 81, 6, 12, 0, 0, 1.28%, 0, 0, 4, 218.93, 762866, 842
3400, 81, 11, 12, 0, 0, 1.28%, 0, 0, 4, 228.72, 764010, 842
3406, 81, 7, 12, 0, 0, 1.28%, 0, 0, 4, 225.47, 765176, 842
3411, 81, 7, 12, 0, 0, 1.28%, 0, 0, 4, 214.91, 766284, 842
3416, 82, 3, 12, 0, 0, 1.28%, 0, 0, 4, 219.29, 767376, 842
3421, 82, 7, 12, 0, 0, 1.28%, 0, 0, 4, 236.43, 768598, 842
3426, 82, 7, 12, 0, 0, 1.28%, 0, 0, 4, 221.90, 769688, 842
3431, 82, 11, 12, 0, 0, 1.28%, 0, 0, 4, 223.87, 770794, 842
3436, 82, 6, 12, 0, 0, 1.28%, 0, 0, 4, 224.72, 771950, 842
3441, 82, 7, 12, 0, 0, 1.28%, 0, 0, 4, 216.06, 773066, 842
3446, 82, 3, 12, 0, 0, 1.28%, 0, 0, 4, 236.35, 774267, 842
3451, 83, 7, 12, 0, 0, 1.28%, 0, 0, 4, 224.52, 775366, 842
3456, 83, 7, 12, 0, 0, 1.28%, 0, 0, 4, 216.01, 776468, 842
3461, 83, 11, 12, 0, 0, 1.28%, 0, 0, 4, 227.20, 777632, 842
3466, 83, 7, 12, 0, 0, 1.28%, 0, 0, 4, 218.98, 778748, 842
3471, 83, 11, 12, 0, 0, 1.28%, 0, 0, 4, 235.84, 779940, 842
3477, 83, 11, 12, 0, 0, 1.28%, 0, 0, 4, 241.72, 781172, 842
3482, 83, 7, 12, 0, 0, 1.28%, 0, 0, 4, 232.58, 782386, 842
3487, 84, 7, 12, 0, 0, 1.28%, 0, 0, 4, 222.56, 783524, 842
3492, 84, 7, 12, 0, 0, 1.28%, 0, 0, 4, 216.13, 784644, 842
3497, 84, 7, 12, 0, 0, 1.28%, 0, 0, 4, 234.73, 785846, 842
3502, 84, 7, 12, 0, 0, 1.28%, 0, 0, 4, 219.71, 786930, 842
3507, 84, 7, 12, 0, 0, 1.28%, 0, 0, 4, 212.97, 787986, 842
3512, 84, 5, 12, 0, 0, 1.28%, 0, 0, 4, 216.07, 789110, 842
3517, 84, 11, 12, 0, 0, 1.28%, 0, 0, 4, 233.96, 790294, 842
3522, 84, 3, 12, 0, 0, 1.28%, 0, 0, 4, 220.21, 791394, 842
3527, 85, 4, 12, 0, 0, 1.28%, 0, 0, 4, 236.44, 792618, 842
3533, 85, 5, 12, 0, 0, 1.28%, 0, 0, 4, 224.24, 793772, 842
3538, 85, 11, 12, 0, 0, 1.28%, 0, 0, 4, 234.28, 794940, 842
3543, 85, 11, 12, 0, 0, 1.28%, 0, 0, 4, 242.46, 796176, 842
3548, 86, 8, 12, 0, 0, 1.28%, 0, 0, 4, 226.14, 797350, 842
3553, 86, 11, 12, 0, 0, 1.28%, 0, 0, 4, 221.29, 798480, 842
3558, 86, 7, 12, 0, 0, 1.28%, 0, 0, 4, 228.64, 799662, 842
3563, 86, 7, 12, 0, 0, 1.28%, 0, 0, 4, 218.29, 800772, 842
3568, 86, 7, 12, 0, 0, 1.28%, 0, 0, 4, 212.87, 801842, 842
3573, 86, 11, 12, 0, 0, 1.28%, 0, 0, 4, 230.03, 803028, 842
3579, 86, 5, 12, 0, 0, 1.28%, 0, 0, 4, 224.20, 804204, 842
3584, 86, 7, 12, 0, 0, 1.28%, 0, 0, 4, 217.02, 805288, 842
3589, 87, 7, 12, 0, 0, 1.28%, 0, 0, 4, 215.32, 806404, 842
3594, 87, 4, 12, 0, 0, 1.28%, 0, 0, 4, 213.66, 807476, 842
3599, 87, 7, 12, 0, 0, 1.28%, 0, 0, 4, 211.56, 808536, 842
3604, 87, 7, 12, 0, 0, 1.28%, 0, 0, 4, 224.85, 809744, 842
3609, 87, 6, 12, 0, 0, 1.28%, 0, 0, 4, 214.20, 810840, 842
