# relative_time, cycles_done, cur_item, corpus_count, pending_total, pending_favs, map_size, saved_crashes, saved_hangs, max_depth, execs_per_sec, total_execs, edges_found
61, 0, 83, 114, 109, 14, 1.57%, 0, 0, 4, 642.91, 30427, 1028
66, 0, 83, 119, 114, 14, 1.57%, 0, 0, 4, 657.05, 33875, 1029
71, 0, 83, 120, 115, 14, 1.57%, 0, 0, 4, 649.58, 37146, 1029
76, 0, 83, 123, 118, 14, 1.57%, 0, 0, 4, 657.16, 40472, 1031
81, 0, 121, 132, 126, 16, 1.59%, 0, 0, 5, 601.61, 43392, 1039
86, 0, 121, 135, 129, 16, 1.59%, 0, 0, 5, 579.57, 46250, 1039
91, 0, 121, 137, 131, 16, 1.59%, 0, 0, 5, 580.66, 49192, 1039
96, 0, 121, 137, 131, 16, 1.59%, 0, 0, 5, 597.94, 52228, 1039
101, 0, 132, 138, 131, 16, 1.59%, 0, 0, 6, 109.92, 53757, 1039
106, 0, 132, 141, 134, 16, 1.59%, 0, 0, 6, 118.92, 54379, 1043
111, 0, 132, 143, 136, 16, 1.59%, 0, 0, 6, 125.03, 55007, 1043
116, 0, 132, 143, 136, 16, 1.59%, 0, 0, 6, 122.21, 55621, 1043
121, 0, 132, 143, 136, 16, 1.59%, 0, 0, 6, 125.25, 56259, 1043
126, 0, 132, 143, 136, 16, 1.59%, 0, 0, 6, 124.27, 56871, 1043
132, 0, 132, 143, 136, 16, 1.59%, 0, 0, 6, 121.58, 57477, 1043
137, 0, 132, 143, 136, 16, 1.59%, 0, 0, 6, 121.48, 58093, 1043
142, 0, 132, 143, 136, 16, 1.59%, 0, 0, 6, 123.24, 58703, 1043
147, 0, 132, 144, 137, 16, 1.59%, 0, 0, 6, 122.73, 59333, 1043
152, 0, 132, 144, 137, 16, 1.59%, 0, 0, 6, 121.19, 59945, 1043
157, 0, 132, 144, 137, 16, 1.59%, 0, 0, 6, 119.09, 60539, 1043
162, 0, 132, 144, 137, 16, 1.59%, 0, 0, 6, 116.94, 61131, 1043
167, 0, 132, 144, 137, 16, 1.59%, 0, 0, 6, 118.07, 61729, 1043
172, 0, 132, 144, 137, 16, 1.59%, 0, 0, 6, 121.11, 62337, 1043
177, 0, 141, 145, 137, 18, 1.59%, 0, 0, 6, 111.27, 62924, 1043
182, 0, 141, 145, 136, 17, 1.59%, 0, 0, 6, 119.95, 63554, 1043
187, 0, 141, 145, 136, 17, 1.59%, 0, 0, 6, 116.74, 64144, 1043
192, 0, 141, 145, 136, 17, 1.59%, 0, 0, 6, 119.41, 64742, 1043
197, 0, 2, 145, 136, 17, 1.59%, 0, 0, 6, 89.66, 65209, 1043
203, 0, 139, 147, 137, 16, 1.60%, 0, 0, 7, 215.99, 66390, 1049
208, 0, 139, 148, 138, 16, 1.60%, 0, 0, 7, 251.38, 67703, 1049
213, 0, 139, 148, 138, 16, 1.60%, 0, 0, 7, 244.58, 68942, 1049
218, 0, 139, 148, 138, 16, 1.60%, 0, 0, 7, 251.35, 70246, 1049
223, 0, 139, 148, 138, 16, 1.60%, 0, 0, 7, 254.41, 71498, 1049
228, 0, 139, 148, 138, 16, 1.60%, 0, 0, 7, 254.57, 72782, 1049
233, 0, 139, 149, 139, 16, 1.60%, 0, 0, 7, 244.93, 74010, 1049
238, 0, 145, 150, 139, 16, 1.60%, 0, 0, 8, 259.28, 75332, 1050
243, 0, 145, 151, 140, 16, 1.60%, 0, 0, 8, 253.73, 76595, 1050
249, 0, 145, 151, 140, 16, 1.60%, 0, 0, 8, 263.49, 77970, 1050
254, 0, 145, 151, 140, 16, 1.60%, 0, 0, 8, 253.34, 79240, 1050
259, 0, 145, 153, 142, 16, 1.60%, 0, 0, 8, 259.46, 80551, 1050
264, 0, 145, 154, 143, 16, 1.60%, 0, 0, 8, 250.56, 81835, 1050
269, 0, 145, 154, 143, 16, 1.60%, 0, 0, 8, 257.75, 83174, 1050
274, 0, 145, 154, 143, 16, 1.60%, 0, 0, 8, 253.31, 84444, 1050
279, 0, 145, 154, 143, 16, 1.60%, 0, 0, 8, 251.94, 85739, 1050
284, 0, 145, 154, 143, 16, 1.60%, 0, 0, 8, 265.41, 87119, 1050
289, 0, 133, 158, 146, 16, 1.60%, 0, 0, 8, 496.09, 89733, 1050
294, 0, 133, 158, 146, 16, 1.60%, 0, 0, 8, 545.86, 92567, 1050
299, 0, 133, 159, 147, 16, 1.60%, 0, 0, 8, 560.51, 95377, 1050
304, 0, 133, 159, 147, 16, 1.60%, 0, 0, 8, 558.01, 98160, 1050
309, 0, 136, 159, 146, 15, 1.60%, 0, 0, 8, 551.37, 100929, 1050
314, 0, 153, 162, 148, 14, 1.63%, 0, 0, 9, 601.11, 103962, 1071
319, 0, 153, 163, 149, 14, 1.63%, 0, 0, 9, 624.17, 107140, 1071
324, 0, 153, 163, 149, 14, 1.63%, 0, 0, 9, 623.98, 110308, 1071
329, 0, 120, 165, 150, 14, 1.63%, 0, 0, 9, 630.78, 113498, 1071
335, 0, 120, 165, 150, 14, 1.63%, 0, 0, 9, 630.89, 116678, 1071
340, 0, 159, 166, 150, 13, 1.63%, 0, 0, 10, 625.00, 119820, 1071
345, 0, 152, 166, 149, 12, 1.63%, 0, 0, 10, 96.06, 122214, 1071
350, 0, 152, 167, 150, 12, 1.63%, 0, 0, 10, 112.04, 122800, 1071
355, 0, 152, 167, 150, 12, 1.63%, 0, 0, 10, 119.58, 123408, 1071
360, 0, 152, 168, 151, 12, 1.63%, 0, 0, 10, 122.36, 124018, 1071
365, 0, 152, 168, 151, 12, 1.63%, 0, 0, 10, 123.30, 124630, 1071
370, 0, 152, 168, 151, 12, 1.63%, 0, 0, 10, 124.46, 125250, 1071
375, 0, 165, 175, 157, 11, 1.64%, 0, 0, 11, 275.46, 126417, 1074
380, 0, 165, 183, 165, 11, 1.64%, 0, 0, 11, 576.48, 129764, 1078
385, 0, 165, 189, 171, 11, 1.65%, 0, 0, 11, 635.87, 133119, 1079
390, 0, 183, 193, 174, 14, 1.65%, 0, 0, 12, 640.06, 136417, 1079
396, 0, 183, 193, 174, 14, 1.65%, 0, 0, 12, 646.80, 139729, 1079
401, 0, 188, 200, 180, 14, 1.65%, 0, 0, 12, 651.73, 143039, 1083
406, 0, 188, 203, 183, 14, 1.65%, 0, 0, 12, 652.36, 146417, 1083
411, 0, 188, 204, 184, 14, 1.65%, 0, 0, 12, 653.50, 149714, 1083
416, 0, 196, 204, 183, 16, 1.65%, 0, 0, 12, 652.98, 153004, 1083
421, 0, 174, 206, 184, 15, 1.65%, 0, 0, 12, 650.16, 156371, 1083
426, 0, 174, 207, 185, 15, 1.65%, 0, 0, 12, 652.68, 159772, 1083
431, 0, 174, 207, 185, 15, 1.65%, 0, 0, 12, 641.96, 163007, 1083
436, 0, 198, 207, 183, 13, 1.65%, 0, 0, 12, 648.03, 166350, 1083
442, 0, 198, 209, 185, 13, 1.65%, 0, 0, 13, 658.59, 169724, 1083
447, 0, 198, 209, 185, 13, 1.65%, 0, 0, 13, 657.54, 173065, 1083
452, 0, 195, 210, 185, 12, 1.65%, 0, 0, 13, 652.91, 176379, 1083
457, 0, 210, 216, 189, 11, 1.68%, 0, 0, 13, 649.00, 179698, 1101
462, 0, 210, 216, 189, 11, 1.68%, 0, 0, 13, 672.16, 183090, 1101
467, 0, 109, 216, 188, 12, 1.68%, 0, 0, 13, 94.64, 185828, 1101
472, 0, 161, 216, 185, 9, 1.68%, 0, 0, 13, 428.20, 187907, 1101
477, 0, 161, 219, 188, 9, 1.68%, 0, 0, 13, 619.30, 191368, 1101
483, 0, 161, 219, 188, 9, 1.68%, 0, 0, 13, 650.45, 194800, 1101
488, 0, 161, 220, 189, 9, 1.68%, 0, 0, 13, 657.99, 198139, 1101
493, 0, 205, 222, 190, 8, 1.68%, 0, 0, 13, 652.28, 201481, 1101
498, 0, 205, 223, 191, 8, 1.68%, 0, 0, 13, 648.39, 204755, 1101
503, 0, 121, 223, 190, 7, 1.68%, 0, 0, 13, 617.38, 207947, 1101
508, 0, 135, 223, 189, 6, 1.68%, 0, 0, 13, 209.30, 209671, 1101
513, 0, 191, 226, 191, 5, 1.68%, 0, 0, 13, 565.06, 213039, 1101
518, 0, 191, 227, 192, 5, 1.68%, 0, 0, 13, 638.73, 216441, 1101
523, 0, 191, 227, 192, 5, 1.68%, 0, 0, 13, 645.35, 219789, 1101
529, 0, 156, 227, 191, 5, 1.68%, 0, 0, 13, 637.99, 223101, 1101
534, 0, 156, 228, 192, 5, 1.68%, 0, 0, 13, 114.01, 223740, 1101
539, 0, 156, 228, 192, 5, 1.68%, 0, 0, 13, 129.47, 224408, 1101
544, 0, 156, 229, 193, 5, 1.68%, 0, 0, 13, 125.72, 225046, 1101
549, 0, 156, 229, 193, 5, 1.68%, 0, 0, 13, 127.34, 225710, 1101
554, 0, 156, 229, 193, 5, 1.68%, 0, 0, 13, 127.07, 226340, 1101
559, 0, 156, 229, 193, 5, 1.68%, 0, 0, 13, 123.80, 226956, 1101
564, 0, 171, 229, 192, 4, 1.68%, 0, 0, 13, 661.59, 228942, 1101
569, 0, 49, 229, 190, 2, 1.68%, 0, 0, 13, 119.33, 231688, 1101
574, 0, 121, 229, 189, 1, 1.68%, 0, 0, 13, 606.74, 232827, 1101
579, 0, 135, 229, 189, 1, 1.68%, 0, 0, 13, 646.68, 236005, 1101
585, 0, 135, 229, 189, 1, 1.68%, 0, 0, 13, 690.31, 239654, 1101
590, 0, 121, 229, 189, 1, 1.68%, 0, 0, 13, 657.32, 243017, 1101
595, 0, 121, 229, 189, 1, 1.68%, 0, 0, 13, 584.87, 245858, 1101
600, 0, 212, 229, 189, 1, 1.68%, 0, 0, 13, 659.70, 249251, 1101
605, 0, 143, 230, 190, 1, 1.68%, 0, 0, 13, 106.36, 250421, 1101
610, 0, 143, 231, 191, 1, 1.68%, 0, 0, 13, 121.20, 251065, 1101
615, 0, 143, 231, 191, 1, 1.68%, 0, 0, 13, 120.66, 251671, 1101
620, 0, 224, 231, 189, 0, 1.68%, 0, 0, 13, 144.47, 252338, 1101
625, 0, 224, 233, 191, 0, 1.68%, 0, 0, 14, 548.36, 255657, 1101
631, 0, 121, 233, 190, 0, 1.68%, 0, 0, 14, 608.63, 258935, 1101
636, 0, 212, 233, 190, 0, 1.68%, 0, 0, 14, 639.24, 262093, 1101
641, 0, 175, 233, 190, 0, 1.68%, 0, 0, 14, 663.46, 265493, 1101
646, 0, 196, 233, 190, 0, 1.68%, 0, 0, 14, 658.30, 268787, 1101
651, 0, 196, 233, 190, 0, 1.68%, 0, 0, 14, 655.30, 272102, 1101
656, 0, 196, 233, 190, 0, 1.68%, 0, 0, 14, 654.69, 275417, 1101
661, 0, 212, 233, 190, 0, 1.68%, 0, 0, 14, 676.00, 278841, 1101
666, 0, 121, 233, 190, 0, 1.68%, 0, 0, 14, 602.61, 281767, 1101
671, 0, 210, 233, 190, 0, 1.68%, 0, 0, 14, 637.91, 284925, 1101
676, 0, 210, 233, 190, 0, 1.68%, 0, 0, 14, 420.14, 286497, 1101
681, 0, 212, 233, 190, 0, 1.68%, 0, 0, 14, 581.24, 289773, 1101
686, 0, 121, 233, 190, 0, 1.68%, 0, 0, 14, 648.70, 293158, 1101
691, 0, 121, 233, 190, 0, 1.68%, 0, 0, 14, 596.54, 296051, 1101
696, 0, 215, 233, 190, 0, 1.68%, 0, 0, 14, 586.35, 298966, 1101
702, 0, 212, 233, 190, 0, 1.68%, 0, 0, 14, 658.59, 302495, 1101
707, 0, 212, 233, 190, 0, 1.68%, 0, 0, 14, 679.79, 305923, 1101
712, 0, 210, 233, 190, 0, 1.68%, 0, 0, 14, 681.59, 309345, 1101
717, 0, 212, 233, 190, 0, 1.68%, 0, 0, 14, 673.31, 312708, 1101
722, 0, 210, 233, 190, 0, 1.68%, 0, 0, 14, 675.87, 316136, 1101
727, 0, 212, 233, 190, 0, 1.68%, 0, 0, 14, 659.90, 319443, 1101
732, 0, 196, 233, 190, 0, 1.68%, 0, 0, 14, 672.67, 322858, 1101
737, 0, 196, 233, 190, 0, 1.68%, 0, 0, 14, 659.10, 326147, 1101
742, 0, 196, 233, 190, 0, 1.68%, 0, 0, 14, 657.75, 329449, 1101
747, 0, 121, 233, 190, 0, 1.68%, 0, 0, 14, 612.42, 332445, 1101
752, 0, 196, 233, 190, 0, 1.68%, 0, 0, 14, 633.22, 335611, 1101
757, 0, 196, 233, 190, 0, 1.68%, 0, 0, 14, 652.48, 339014, 1101
762, 0, 212, 233, 190, 0, 1.68%, 0, 0, 14, 668.33, 342425, 1101
767, 0, 215, 233, 190, 0, 1.68%, 0, 0, 14, 685.13, 345979, 1101
772, 0, 196, 233, 190, 0, 1.68%, 0, 0, 14, 646.73, 349145, 1101
777, 0, 196, 234, 191, 0, 1.68%, 0, 0, 14, 657.74, 352520, 1101
783, 0, 196, 234, 191, 0, 1.68%, 0, 0, 14, 661.11, 355913, 1101
788, 0, 196, 234, 191, 0, 1.68%, 0, 0, 14, 659.49, 359280, 1101
793, 0, 215, 234, 191, 0, 1.68%, 0, 0, 14, 662.08, 362644, 1101
798, 0, 196, 234, 191, 0, 1.68%, 0, 0, 14, 658.80, 365983, 1101
803, 0, 121, 234, 191, 0, 1.68%, 0, 0, 14, 610.24, 369163, 1101
808, 0, 196, 234, 191, 0, 1.68%, 0, 0, 14, 664.07, 372614, 1101
813, 0, 196, 234, 191, 0, 1.68%, 0, 0, 14, 658.67, 375955, 1101
818, 0, 215, 234, 191, 0, 1.68%, 0, 0, 14, 666.89, 379323, 1101
824, 0, 121, 234, 191, 0, 1.68%, 0, 0, 14, 656.85, 382801, 1101
829, 0, 121, 234, 191, 0, 1.68%, 0, 0, 14, 582.96, 385674, 1101
834, 0, 196, 234, 191, 0, 1.68%, 0, 0, 14, 604.87, 388757, 1101
839, 0, 196, 234, 191, 0, 1.68%, 0, 0, 14, 645.91, 392153, 1101
844, 0, 121, 234, 191, 0, 1.68%, 0, 0, 14, 606.95, 395227, 1101
849, 0, 196, 234, 191, 0, 1.68%, 0, 0, 14, 642.58, 398589, 1101
854, 0, 205, 234, 191, 0, 1.68%, 0, 0, 14, 646.63, 401907, 1101
859, 0, 121, 234, 191, 0, 1.68%, 0, 0, 14, 655.00, 405352, 1101
865, 0, 121, 234, 191, 0, 1.68%, 0, 0, 14, 586.21, 408210, 1101
870, 0, 196, 234, 191, 0, 1.68%, 0, 0, 14, 640.19, 411581, 1101
875, 0, 121, 234, 191, 0, 1.68%, 0, 0, 14, 653.90, 414958, 1101
880, 0, 196, 234, 191, 0, 1.68%, 0, 0, 14, 626.34, 417989, 1101
885, 0, 196, 234, 191, 0, 1.68%, 0, 0, 14, 650.62, 421404, 1101
890, 0, 121, 234, 191, 0, 1.68%, 0, 0, 14, 610.43, 424405, 1101
895, 0, 121, 234, 191, 0, 1.68%, 0, 0, 14, 593.91, 427454, 1101
900, 0, 121, 234, 191, 0, 1.68%, 0, 0, 14, 566.50, 430271, 1101
905, 0, 212, 234, 191, 0, 1.68%, 0, 0, 14, 652.82, 433706, 1101
911, 0, 121, 234, 191, 0, 1.68%, 0, 0, 14, 663.62, 437215, 1101
916, 0, 121, 234, 191, 0, 1.68%, 0, 0, 14, 597.26, 440259, 1101
921, 0, 121, 234, 191, 0, 1.68%, 0, 0, 14, 573.72, 443129, 1101
926, 0, 141, 234, 191, 0, 1.68%, 0, 0, 14, 378.40, 445118, 1101
931, 0, 141, 234, 191, 0, 1.68%, 0, 0, 14, 171.28, 445695, 1101
936, 0, 141, 234, 191, 0, 1.68%, 0, 0, 14, 126.48, 446273, 1101
942, 0, 196, 234, 191, 0, 1.68%, 0, 0, 14, 381.96, 448018, 1101
947, 0, 196, 234, 191, 0, 1.68%, 0, 0, 14, 606.02, 451439, 1101
952, 0, 121, 234, 191, 0, 1.68%, 0, 0, 14, 598.51, 454544, 1101
957, 0, 212, 234, 191, 0, 1.68%, 0, 0, 14, 665.03, 457955, 1101
962, 0, 121, 235, 192, 0, 1.70%, 0, 0, 14, 610.18, 461075, 1113
967, 0, 121, 235, 192, 1, 1.70%, 0, 0, 14, 582.39, 463961, 1113
972, 0, 215, 235, 191, 0, 1.70%, 0, 0, 14, 608.26, 467078, 1113
977, 0, 212, 235, 191, 0, 1.70%, 0, 0, 14, 670.03, 470519, 1113
982, 0, 196, 235, 191, 0, 1.70%, 0, 0, 14, 662.53, 473908, 1113
987, 0, 212, 235, 191, 0, 1.70%, 0, 0, 14, 669.42, 477256, 1113
992, 0, 234, 235, 191, 0, 1.70%, 0, 0, 14, 721.69, 481010, 1113
997, 0, 196, 235, 191, 0, 1.70%, 0, 0, 14, 676.36, 484396, 1113
1003, 0, 212, 235, 191, 0, 1.70%, 0, 0, 14, 669.76, 487848, 1113
1008, 0, 198, 235, 191, 0, 1.70%, 0, 0, 14, 675.83, 491404, 1113
1013, 0, 121, 236, 192, 0, 1.70%, 0, 0, 14, 650.21, 494721, 1113
1018, 0, 121, 236, 192, 0, 1.70%, 0, 0, 14, 629.18, 497918, 1113
1023, 0, 121, 236, 192, 0, 1.70%, 0, 0, 14, 585.91, 500785, 1113
1028, 0, 196, 236, 192, 0, 1.70%, 0, 0, 14, 632.94, 504100, 1113
1033, 0, 196, 236, 192, 0, 1.70%, 0, 0, 14, 649.11, 507460, 1113
1039, 0, 121, 236, 192, 0, 1.70%, 0, 0, 14, 605.86, 510562, 1113
1044, 0, 196, 236, 192, 0, 1.70%, 0, 0, 14, 640.68, 513900, 1113
1049, 0, 234, 236, 192, 0, 1.70%, 0, 0, 14, 693.15, 517484, 1113
1054, 0, 136, 236, 192, 0, 1.70%, 0, 0, 14, 619.41, 520678, 1113
1059, 0, 196, 236, 192, 0, 1.70%, 0, 0, 14, 590.88, 523523, 1113
1064, 0, 196, 236, 192, 0, 1.70%, 0, 0, 14, 643.34, 526814, 1113
1069, 0, 212, 236, 192, 0, 1.70%, 0, 0, 14, 668.47, 530171, 1113
1074, 0, 121, 236, 192, 0, 1.70%, 0, 0, 14, 613.62, 533270, 1113
1079, 0, 121, 236, 192, 0, 1.70%, 0, 0, 14, 583.49, 536156, 1113
1084, 0, 156, 236, 192, 0, 1.70%, 0, 0, 14, 120.20, 537174, 1113
1089, 0, 156, 236, 192, 0, 1.70%, 0, 0, 14, 120.72, 537800, 1113
1094, 0, 156, 236, 192, 0, 1.70%, 0, 0, 14, 124.64, 538426, 1113
1100, 0, 156, 236, 192, 0, 1.70%, 0, 0, 14, 126.85, 539080, 1113
1105, 0, 156, 236, 192, 0, 1.70%, 0, 0, 14, 127.26, 539736, 1113
1110, 0, 156, 236, 192, 0, 1.70%, 0, 0, 14, 126.00, 540368, 1113
1115, 0, 156, 236, 192, 0, 1.70%, 0, 0, 14, 127.34, 541010, 1113
1120, 0, 121, 236, 192, 0, 1.70%, 0, 0, 14, 374.40, 542794, 1113
1125, 0, 210, 236, 192, 0, 1.70%, 0, 0, 14, 632.04, 546396, 1113
1130, 0, 141, 236, 192, 0, 1.70%, 0, 0, 14, 250.05, 547230, 1113
1135, 0, 141, 236, 192, 0, 1.70%, 0, 0, 14, 145.81, 547828, 1113
1140, 0, 141, 236, 192, 0, 1.70%, 0, 0, 14, 118.27, 548400, 1113
1145, 0, 121, 236, 192, 0, 1.70%, 0, 0, 14, 661.86, 551649, 1113
1150, 0, 212, 236, 192, 0, 1.70%, 0, 0, 14, 662.25, 554897, 1113
1156, 0, 196, 236, 192, 0, 1.70%, 0, 0, 14, 624.84, 557976, 1113
1161, 0, 196, 236, 192, 0, 1.70%, 0, 0, 14, 648.56, 561360, 1113
1166, 0, 212, 236, 192, 0, 1.70%, 0, 0, 14, 611.32, 564512, 1113
1171, 0, 121, 236, 192, 0, 1.70%, 0, 0, 14, 631.16, 567808, 1113
1176, 0, 171, 236, 192, 0, 1.70%, 0, 0, 14, 602.33, 570785, 1113
1181, 0, 171, 236, 192, 0, 1.70%, 0, 0, 14, 637.83, 574124, 1113
1186, 0, 171, 236, 192, 0, 1.70%, 0, 0, 14, 651.37, 577534, 1113
1191, 0, 121, 236, 192, 0, 1.70%, 0, 0, 14, 626.81, 580748, 1113
1196, 0, 202, 237, 193, 0, 1.70%, 0, 0, 14, 635.53, 583913, 1113
1202, 0, 205, 237, 192, 0, 1.70%, 0, 0, 14, 645.78, 587233, 1113
1207, 0, 121, 237, 192, 0, 1.70%, 0, 0, 14, 615.78, 590437, 1113
1212, 0, 39, 237, 192, 0, 1.70%, 0, 0, 14, 298.05, 591719, 1113
1217, 0, 215, 237, 191, 0, 1.70%, 0, 0, 14, 538.65, 594753, 1113
1222, 0, 196, 238, 192, 0, 1.70%, 0, 0, 14, 618.04, 598065, 1113
1227, 0, 196, 238, 192, 0, 1.70%, 0, 0, 14, 652.83, 601399, 1113
1232, 0, 196, 238, 192, 0, 1.70%, 0, 0, 14, 659.80, 604766, 1113
1237, 0, 121, 238, 192, 0, 1.70%, 0, 0, 14, 636.09, 608061, 1113
1242, 0, 198, 238, 192, 0, 1.70%, 0, 0, 14, 632.98, 611147, 1113
1247, 0, 196, 238, 192, 0, 1.70%, 0, 0, 14, 615.62, 614151, 1113
1252, 0, 196, 238, 192, 0, 1.70%, 0, 0, 14, 647.86, 617451, 1113
1258, 1, 121, 238, 192, 0, 1.70%, 0, 0, 14, 673.61, 620975, 1113
1263, 1, 196, 238, 192, 0, 1.70%, 0, 0, 14, 627.32, 624007, 1113
1268, 1, 196, 238, 192, 0, 1.70%, 0, 0, 14, 655.13, 627356, 1113
1273, 1, 121, 238, 192, 0, 1.70%, 0, 0, 14, 603.30, 630425, 1113
1278, 1, 196, 238, 192, 0, 1.70%, 0, 0, 14, 648.92, 633727, 1113
1283, 1, 196, 238, 192, 0, 1.70%, 0, 0, 14, 659.42, 637045, 1113
1288, 1, 196, 238, 192, 0, 1.70%, 0, 0, 14, 660.38, 640412, 1113
1293, 1, 121, 238, 192, 0, 1.70%, 0, 0, 14, 615.30, 643571, 1113
1298, 1, 196, 238, 192, 0, 1.70%, 0, 0, 14, 644.97, 646821, 1113
1303, 1, 121, 238, 192, 0, 1.70%, 0, 0, 14, 641.75, 650079, 1113
1308, 1, 121, 238, 192, 0, 1.70%, 0, 0, 14, 577.60, 652904, 1113
1313, 1, 121, 238, 192, 0, 1.70%, 0, 0, 14, 563.17, 655831, 1113
1318, 1, 121, 238, 192, 0, 1.70%, 0, 0, 14, 574.16, 658763, 1113
1323, 1, 175, 238, 192, 0, 1.70%, 0, 0, 14, 596.74, 661712, 1113
1328, 1, 121, 238, 192, 0, 1.70%, 0, 0, 14, 598.11, 664897, 1113
1334, 1, 121, 238, 192, 0, 1.70%, 0, 0, 14, 654.21, 668396, 1113
1339, 1, 196, 238, 192, 0, 1.70%, 0, 0, 14, 634.25, 671485, 1113
1344, 1, 196, 238, 192, 0, 1.70%, 0, 0, 14, 649.61, 674881, 1113
1349, 1, 198, 238, 192, 0, 1.70%, 0, 0, 14, 610.82, 677905, 1113
1354, 1, 173, 238, 192, 0, 1.70%, 0, 0, 14, 640.00, 681250, 1113
1359, 1, 196, 238, 191, 0, 1.70%, 0, 0, 14, 653.77, 684593, 1113
1364, 1, 121, 238, 191, 0, 1.70%, 0, 0, 14, 640.81, 687836, 1113
1369, 1, 210, 238, 191, 0, 1.70%, 0, 0, 14, 646.55, 691030, 1113
1374, 1, 196, 238, 191, 0, 1.70%, 0, 0, 14, 652.34, 694320, 1113
1379, 1, 121, 238, 191, 0, 1.70%, 0, 0, 14, 613.08, 697482, 1113
1384, 1, 196, 238, 191, 0, 1.70%, 0, 0, 14, 636.18, 700640, 1113
1389, 1, 121, 238, 191, 0, 1.70%, 0, 0, 14, 631.97, 703886, 1113
1394, 1, 121, 238, 191, 0, 1.70%, 0, 0, 14, 575.53, 706734, 1113
1399, 1, 121, 238, 191, 0, 1.70%, 0, 0, 14, 583.93, 709639, 1113
1404, 1, 121, 238, 191, 0, 1.70%, 0, 0, 14, 618.48, 712788, 1113
1410, 1, 121, 238, 191, 0, 1.70%, 0, 0, 14, 584.53, 715718, 1113
1415, 1, 196, 238, 191, 0, 1.70%, 0, 0, 14, 637.89, 719052, 1113
1420, 1, 141, 238, 191, 0, 1.70%, 0, 0, 14, 119.11, 722024, 1113
1425, 1, 141, 238, 191, 0, 1.70%, 0, 0, 14, 119.97, 722650, 1113
1430, 1, 196, 238, 191, 0, 1.70%, 0, 0, 14, 281.35, 723855, 1113
1435, 1, 196, 238, 191, 0, 1.70%, 0, 0, 14, 576.65, 727212, 1113
1440, 1, 121, 238, 191, 0, 1.70%, 0, 0, 14, 627.76, 730580, 1113
1445, 1, 121, 238, 191, 0, 1.70%, 0, 0, 14, 597.81, 733512, 1113
1451, 1, 196, 238, 191, 0, 1.70%, 0, 0, 14, 642.25, 736884, 1113
1456, 1, 121, 238, 191, 0, 1.70%, 0, 0, 14, 620.93, 740070, 1113
1461, 1, 212, 238, 191, 0, 1.70%, 0, 0, 14, 659.69, 743480, 1113
1466, 1, 121, 238, 191, 0, 1.70%, 0, 0, 14, 624.30, 746700, 1113
1471, 1, 121, 238, 191, 0, 1.70%, 0, 0, 14, 613.58, 749804, 1113
1476, 1, 196, 238, 191, 0, 1.70%, 0, 0, 14, 602.82, 752773, 1113
1481, 1, 196, 238, 191, 0, 1.70%, 0, 0, 14, 642.54, 756164, 1113
1486, 1, 196, 238, 191, 0, 1.70%, 0, 0, 14, 652.08, 759448, 1113
1491, 1, 196, 238, 191, 0, 1.70%, 0, 0, 14, 652.22, 762724, 1113
1496, 1, 141, 238, 191, 0, 1.70%, 0, 0, 14, 538.63, 765553, 1113
1502, 1, 141, 238, 191, 0, 1.70%, 0, 0, 14, 215.52, 766182, 1113
1507, 1, 196, 238, 191, 0, 1.70%, 0, 0, 14, 296.21, 767387, 1113
1512, 1, 196, 238, 191, 0, 1.70%, 0, 0, 14, 576.75, 770731, 1113
1517, 1, 121, 238, 191, 0, 1.70%, 0, 0, 14, 585.30, 773862, 1113
1522, 1, 121, 238, 191, 0, 1.70%, 0, 0, 14, 614.95, 776836, 1113
1527, 1, 30, 238, 191, 0, 1.70%, 0, 0, 14, 114.62, 779086, 1113
1532, 1, 121, 238, 190, 0, 1.70%, 0, 0, 14, 470.41, 781919, 1113
1538, 1, 196, 238, 190, 0, 1.70%, 0, 0, 14, 617.40, 785272, 1113
1543, 1, 205, 238, 190, 0, 1.70%, 0, 0, 14, 645.30, 788626, 1113
1548, 1, 196, 238, 190, 0, 1.70%, 0, 0, 14, 600.97, 791649, 1113
1553, 1, 196, 238, 190, 0, 1.70%, 0, 0, 14, 650.24, 795002, 1113
1558, 1, 212, 238, 190, 0, 1.70%, 0, 0, 14, 670.11, 798383, 1113
1563, 1, 196, 238, 190, 0, 1.70%, 0, 0, 14, 674.72, 801796, 1113
1568, 1, 196, 238, 190, 0, 1.70%, 0, 0, 14, 667.31, 805202, 1113
1573, 1, 212, 238, 190, 0, 1.70%, 0, 0, 14, 687.11, 808752, 1113
1578, 1, 212, 238, 190, 0, 1.70%, 0, 0, 14, 689.20, 812336, 1113
1584, 1, 121, 238, 190, 0, 1.70%, 0, 0, 14, 644.72, 815750, 1113
1589, 1, 210, 238, 190, 0, 1.70%, 0, 0, 14, 671.91, 819186, 1113
1594, 1, 196, 238, 190, 0, 1.70%, 0, 0, 14, 680.09, 822729, 1113
1599, 1, 196, 238, 190, 0, 1.70%, 0, 0, 14, 672.59, 826135, 1113
1604, 1, 196, 238, 190, 0, 1.70%, 0, 0, 14, 611.48, 829214, 1113
1609, 1, 196, 238, 190, 0, 1.70%, 0, 0, 14, 652.49, 832601, 1113
1614, 1, 121, 238, 190, 0, 1.70%, 0, 0, 14, 641.32, 835896, 1113
1619, 1, 196, 238, 190, 0, 1.70%, 0, 0, 14, 647.65, 839138, 1113
1624, 1, 121, 238, 190, 0, 1.70%, 0, 0, 14, 652.50, 842463, 1113
1630, 1, 205, 238, 190, 0, 1.70%, 0, 0, 14, 641.90, 845722, 1113
1635, 1, 196, 238, 190, 0, 1.70%, 0, 0, 14, 666.20, 849163, 1113
1640, 1, 212, 238, 190, 0, 1.70%, 0, 0, 14, 661.48, 852485, 1113
1645, 1, 212, 238, 190, 0, 1.70%, 0, 0, 14, 682.48, 856054, 1113
1650, 1, 196, 238, 190, 0, 1.70%, 0, 0, 14, 668.08, 859415, 1113
1655, 1, 196, 238, 190, 0, 1.70%, 0, 0, 14, 663.64, 862821, 1113
1660, 1, 121, 238, 190, 0, 1.70%, 0, 0, 14, 619.28, 865986, 1113
1665, 1, 121, 238, 190, 0, 1.70%, 0, 0, 14, 199.57, 867285, 1113
1670, 1, 121, 238, 190, 0, 1.70%, 0, 0, 14, 502.73, 870274, 1113
1675, 1, 141, 238, 190, 0, 1.70%, 0, 0, 14, 217.57, 871000, 1113
1680, 1, 141, 238, 190, 0, 1.70%, 0, 0, 14, 141.57, 871620, 1113
1686, 1, 121, 238, 190, 0, 1.70%, 0, 0, 14, 529.91, 874850, 1113
1691, 1, 121, 238, 190, 0, 1.70%, 0, 0, 14, 575.23, 877845, 1113
1696, 1, 121, 238, 190, 0, 1.70%, 0, 0, 14, 574.60, 880777, 1113
1701, 1, 121, 238, 190, 0, 1.70%, 0, 0, 14, 626.25, 884134, 1113
1706, 1, 215, 238, 190, 0, 1.70%, 0, 0, 14, 598.40, 887122, 1113
1711, 1, 121, 238, 190, 0, 1.70%, 0, 0, 14, 642.99, 890478, 1113
1716, 1, 212, 238, 190, 0, 1.70%, 0, 0, 14, 652.63, 893778, 1113
1722, 1, 196, 238, 190, 0, 1.70%, 0, 0, 14, 660.69, 897154, 1113
1727, 1, 175, 238, 190, 0, 1.70%, 0, 0, 14, 664.35, 900554, 1113
1732, 1, 141, 238, 190, 0, 1.70%, 0, 0, 14, 117.13, 902436, 1113
1737, 1, 141, 238, 190, 0, 1.70%, 0, 0, 14, 126.28, 903078, 1113
1742, 1, 196, 238, 190, 0, 1.70%, 0, 0, 14, 496.29, 905715, 1113
1747, 1, 121, 238, 190, 0, 1.70%, 0, 0, 14, 606.25, 908964, 1113
1752, 1, 196, 238, 190, 0, 1.70%, 0, 0, 14, 629.57, 912190, 1113
1757, 1, 196, 238, 190, 0, 1.70%, 0, 0, 14, 647.76, 915562, 1113
1763, 1, 212, 238, 190, 0, 1.70%, 0, 0, 14, 680.22, 919113, 1113
1768, 1, 196, 238, 190, 0, 1.70%, 0, 0, 14, 651.51, 920418, 1113
1773, 1, 196, 238, 190, 0, 1.70%, 0, 0, 14, 654.24, 923759, 1113
1778, 1, 198, 238, 190, 0, 1.70%, 0, 0, 14, 657.28, 927081, 1113
1783, 1, 212, 238, 190, 0, 1.70%, 0, 0, 14, 645.08, 930234, 1113
1788, 1, 121, 238, 190, 0, 1.70%, 0, 0, 14, 615.70, 933410, 1113
1793, 1, 196, 238, 190, 0, 1.70%, 0, 0, 14, 649.85, 936696, 1113
1798, 1, 205, 238, 190, 0, 1.70%, 0, 0, 14, 652.64, 940009, 1113
1803, 1, 175, 238, 190, 0, 1.70%, 0, 0, 14, 652.25, 943281, 1113
1808, 1, 121, 238, 190, 0, 1.70%, 0, 0, 14, 598.55, 946244, 1113
1813, 1, 196, 238, 190, 0, 1.70%, 0, 0, 14, 604.99, 949316, 1113
1818, 1, 196, 238, 190, 0, 1.70%, 0, 0, 14, 640.94, 952676, 1113
1824, 1, 212, 238, 190, 0, 1.70%, 0, 0, 14, 664.32, 956135, 1113
1829, 1, 121, 238, 190, 0, 1.70%, 0, 0, 14, 607.45, 959214, 1113
1834, 1, 215, 238, 190, 0, 1.70%, 0, 0, 14, 622.75, 962354, 1113
1839, 1, 121, 238, 190, 0, 1.70%, 0, 0, 14, 584.67, 965264, 1113
1844, 1, 196, 238, 190, 0, 1.70%, 0, 0, 14, 585.28, 968246, 1113
1849, 1, 196, 238, 190, 0, 1.70%, 0, 0, 14, 639.85, 971592, 1113
1854, 1, 196, 238, 190, 0, 1.70%, 0, 0, 14, 652.02, 974903, 1113
1859, 1, 196, 238, 190, 0, 1.70%, 0, 0, 14, 653.85, 978231, 1113
1864, 1, 120, 238, 190, 0, 1.70%, 0, 0, 14, 614.96, 981298, 1113
1870, 1, 120, 239, 191, 0, 1.70%, 0, 0, 14, 631.72, 984654, 1113
1875, 1, 120, 239, 191, 0, 1.70%, 0, 0, 14, 662.56, 988161, 1113
1880, 1, 121, 239, 191, 0, 1.70%, 0, 0, 14, 631.19, 991366, 1113
1885, 1, 121, 239, 191, 0, 1.70%, 0, 0, 14, 592.61, 994396, 1113
1890, 1, 212, 239, 191, 0, 1.70%, 0, 0, 14, 629.82, 997620, 1113
1895, 1, 215, 239, 191, 0, 1.70%, 0, 0, 14, 600.57, 1000697, 1113
1900, 1, 212, 239, 191, 0, 1.70%, 0, 0, 14, 663.85, 1004118, 1113
1905, 1, 212, 239, 191, 0, 1.70%, 0, 0, 14, 678.37, 1007542, 1113
1910, 1, 196, 239, 191, 0, 1.70%, 0, 0, 14, 662.31, 1010873, 1113
1915, 1, 196, 239, 191, 0, 1.70%, 0, 0, 14, 656.31, 1014188, 1113
1921, 1, 196, 239, 191, 0, 1.70%, 0, 0, 14, 626.07, 1017346, 1113
1926, 1, 196, 239, 191, 0, 1.70%, 0, 0, 14, 654.22, 1020652, 1113
1931, 1, 121, 239, 191, 0, 1.70%, 0, 0, 14, 629.91, 1023872, 1113
1936, 1, 196, 239, 191, 0, 1.70%, 0, 0, 14, 642.03, 1027162, 1113
1941, 1, 215, 239, 191, 0, 1.70%, 0, 0, 14, 663.05, 1030525, 1113
1946, 1, 196, 239, 191, 0, 1.70%, 0, 0, 14, 625.53, 1033662, 1113
1951, 1, 196, 239, 191, 0, 1.70%, 0, 0, 14, 651.35, 1037084, 1113
1956, 1, 136, 239, 191, 0, 1.70%, 0, 0, 14, 600.87, 1040172, 1113
1961, 1, 196, 239, 191, 0, 1.70%, 0, 0, 14, 648.12, 1043474, 1113
1966, 1, 89, 239, 191, 0, 1.70%, 0, 0, 14, 634.98, 1046766, 1113
1972, 1, 121, 239, 190, 0, 1.70%, 0, 0, 14, 576.23, 1049699, 1113
1977, 1, 212, 239, 190, 0, 1.70%, 0, 0, 14, 590.12, 1052582, 1113
1982, 1, 196, 239, 190, 0, 1.70%, 0, 0, 14, 651.24, 1056091, 1113
1987, 1, 196, 239, 190, 0, 1.70%, 0, 0, 14, 656.07, 1059419, 1113
1992, 1, 196, 239, 190, 0, 1.70%, 0, 0, 14, 656.59, 1062741, 1113
1997, 1, 132, 239, 190, 0, 1.70%, 0, 0, 14, 126.46, 1065459, 1113
2002, 1, 121, 239, 190, 0, 1.70%, 0, 0, 14, 417.43, 1067557, 1113
2007, 1, 196, 239, 190, 0, 1.70%, 0, 0, 14, 594.84, 1070738, 1113
2012, 1, 121, 239, 190, 0, 1.70%, 0, 0, 14, 644.23, 1074145, 1113
2018, 1, 175, 239, 190, 0, 1.70%, 0, 0, 14, 635.78, 1077375, 1113
2023, 1, 196, 239, 190, 0, 1.70%, 0, 0, 14, 657.58, 1080874, 1113
2028, 1, 212, 239, 190, 0, 1.70%, 0, 0, 14, 657.38, 1084235, 1113
2033, 1, 121, 239, 190, 0, 1.70%, 0, 0, 14, 637.54, 1087513, 1113
2038, 1, 196, 239, 190, 0, 1.70%, 0, 0, 14, 637.63, 1090731, 1113
2043, 1, 156, 239, 190, 0, 1.70%, 0, 0, 14, 120.62, 1093663, 1113
2048, 1, 156, 239, 190, 0, 1.70%, 0, 0, 14, 129.30, 1094309, 1113
2053, 1, 156, 239, 190, 0, 1.70%, 0, 0, 14, 129.22, 1094959, 1113
2059, 1, 156, 239, 190, 0, 1.70%, 0, 0, 14, 129.75, 1095627, 1113
2064, 1, 156, 239, 190, 0, 1.70%, 0, 0, 14, 135.46, 1096299, 1113
2069, 1, 156, 239, 190, 0, 1.70%, 0, 0, 14, 132.80, 1096939, 1113
2074, 1, 215, 239, 190, 0, 1.70%, 0, 0, 14, 470.27, 1099520, 1113
2079, 1, 121, 239, 190, 0, 1.70%, 0, 0, 14, 540.80, 1102331, 1113
2084, 2, 121, 239, 190, 0, 1.70%, 0, 0, 14, 557.54, 1105165, 1113
2089, 2, 121, 239, 190, 0, 1.70%, 0, 0, 14, 556.91, 1108031, 1113
2094, 2, 212, 239, 190, 0, 1.70%, 0, 0, 14, 597.74, 1111035, 1113
2099, 2, 121, 239, 190, 0, 1.70%, 0, 0, 14, 608.02, 1114203, 1113
2104, 2, 121, 239, 190, 0, 1.70%, 0, 0, 14, 627.03, 1117411, 1113
2109, 2, 215, 239, 190, 0, 1.70%, 0, 0, 14, 592.71, 1120340, 1113
2114, 2, 212, 239, 190, 0, 1.70%, 0, 0, 14, 616.67, 1123373, 1113
2119, 2, 121, 239, 190, 0, 1.70%, 0, 0, 14, 616.76, 1126597, 1113
2124, 2, 198, 239, 190, 0, 1.70%, 0, 0, 14, 604.83, 1129617, 1113
2129, 2, 121, 239, 190, 0, 1.70%, 0, 0, 14, 586.02, 1132632, 1113
2134, 2, 212, 239, 190, 0, 1.70%, 0, 0, 14, 622.32, 1135711, 1113
2140, 2, 141, 239, 190, 0, 1.70%, 0, 0, 14, 113.47, 1137581, 1113
2145, 2, 141, 239, 190, 0, 1.70%, 0, 0, 14, 122.19, 1138201, 1113
2150, 2, 121, 239, 190, 0, 1.70%, 0, 0, 14, 625.31, 1140497, 1113
2155, 2, 212, 239, 190, 0, 1.70%, 0, 0, 14, 607.47, 1143461, 1113
2160, 2, 161, 239, 190, 0, 1.70%, 0, 0, 14, 660.70, 1146865, 1113
2165, 2, 161, 239, 190, 0, 1.70%, 0, 0, 14, 663.59, 1150258, 1113
2170, 2, 210, 239, 190, 0, 1.70%, 0, 0, 14, 664.29, 1153630, 1113
2175, 2, 195, 239, 190, 0, 1.70%, 0, 0, 14, 613.52, 1156705, 1113
2180, 2, 121, 239, 190, 0, 1.70%, 0, 0, 14, 622.32, 1159883, 1113
2185, 2, 212, 239, 190, 0, 1.70%, 0, 0, 14, 665.15, 1163197, 1113
2190, 2, 121, 239, 190, 0, 1.70%, 0, 0, 14, 642.03, 1166585, 1113
2196, 2, 121, 239, 190, 0, 1.70%, 0, 0, 14, 582.71, 1169567, 1113
2201, 2, 145, 239, 190, 0, 1.70%, 0, 0, 14, 412.13, 1171643, 1113
2206, 2, 145, 239, 190, 0, 1.70%, 0, 0, 14, 280.90, 1172871, 1113
2211, 2, 145, 239, 190, 0, 1.70%, 0, 0, 14, 255.65, 1174136, 1113
2216, 2, 196, 239, 190, 0, 1.70%, 0, 0, 14, 516.89, 1176773, 1113
2221, 2, 215, 239, 190, 0, 1.70%, 0, 0, 14, 630.39, 1180173, 1113
2226, 2, 195, 239, 190, 0, 1.70%, 0, 0, 14, 608.44, 1183155, 1113
2231, 2, 132, 239, 190, 0, 1.70%, 0, 0, 14, 118.94, 1185103, 1113
2236, 2, 121, 239, 190, 0, 1.70%, 0, 0, 14, 462.89, 1187635, 1113
2241, 2, 121, 239, 190, 0, 1.70%, 0, 0, 14, 529.61, 1190435, 1113
2247, 2, 212, 239, 190, 0, 1.70%, 0, 0, 14, 646.49, 1193875, 1113
2252, 2, 121, 239, 190, 0, 1.70%, 0, 0, 14, 663.93, 1197283, 1113
2257, 2, 212, 239, 190, 0, 1.70%, 0, 0, 14, 648.81, 1200441, 1113
2262, 2, 212, 239, 190, 0, 1.70%, 0, 0, 14, 679.51, 1204011, 1113
2267, 2, 196, 239, 190, 0, 1.70%, 0, 0, 14, 662.17, 1207346, 1113
2272, 2, 215, 239, 190, 0, 1.70%, 0, 0, 14, 658.26, 1210679, 1113
2277, 2, 196, 239, 190, 0, 1.70%, 0, 0, 14, 657.13, 1214016, 1113
2282, 2, 212, 239, 190, 0, 1.70%, 0, 0, 14, 658.88, 1217325, 1113
2287, 2, 212, 239, 190, 0, 1.70%, 0, 0, 14, 678.82, 1220753, 1113
2292, 2, 121, 239, 190, 0, 1.70%, 0, 0, 14, 613.91, 1223853, 1113
2297, 2, 196, 239, 190, 0, 1.70%, 0, 0, 14, 658.37, 1227228, 1113
2302, 2, 196, 239, 190, 0, 1.70%, 0, 0, 14, 652.62, 1230491, 1113
2307, 2, 196, 239, 190, 0, 1.70%, 0, 0, 14, 650.06, 1233772, 1113
2312, 2, 196, 239, 190, 0, 1.70%, 0, 0, 14, 654.89, 1237087, 1113
2317, 2, 212, 239, 190, 0, 1.70%, 0, 0, 14, 660.50, 1240379, 1113
2322, 2, 212, 239, 190, 0, 1.70%, 0, 0, 14, 678.50, 1243935, 1113
2328, 2, 212, 239, 190, 0, 1.70%, 0, 0, 14, 686.01, 1247506, 1113
2333, 2, 215, 239, 190, 0, 1.70%, 0, 0, 14, 625.89, 1250659, 1113
2338, 2, 132, 239, 190, 0, 1.70%, 0, 0, 14, 111.20, 1252249, 1113
2343, 2, 121, 239, 190, 0, 1.70%, 0, 0, 14, 590.27, 1255021, 1113
2348, 2, 121, 239, 190, 0, 1.70%, 0, 0, 14, 584.35, 1257964, 1113
2353, 2, 196, 239, 190, 0, 1.70%, 0, 0, 14, 637.35, 1261189, 1113
2358, 2, 104, 239, 190, 0, 1.70%, 0, 0, 14, 657.43, 1264544, 1113
2363, 2, 121, 239, 189, 0, 1.70%, 0, 0, 14, 645.67, 1267870, 1113
2368, 2, 201, 239, 189, 0, 1.70%, 0, 0, 14, 634.45, 1270960, 1113
2373, 2, 132, 239, 188, 0, 1.70%, 0, 0, 14, 116.91, 1272244, 1113
2378, 2, 196, 239, 188, 0, 1.70%, 0, 0, 14, 507.66, 1275268, 1113
2383, 2, 196, 239, 188, 0, 1.70%, 0, 0, 14, 625.83, 1278634, 1113
2388, 2, 121, 239, 188, 0, 1.70%, 0, 0, 14, 599.77, 1281678, 1113
2393, 2, 196, 239, 188, 0, 1.70%, 0, 0, 14, 621.93, 1284772, 1113
2399, 2, 196, 239, 188, 0, 1.70%, 0, 0, 14, 646.64, 1288144, 1113
2404, 2, 215, 239, 188, 0, 1.70%, 0, 0, 14, 612.90, 1291280, 1113
2409, 2, 196, 239, 188, 0, 1.70%, 0, 0, 14, 598.31, 1294318, 1113
2414, 2, 196, 239, 188, 0, 1.70%, 0, 0, 14, 644.54, 1297694, 1113
2419, 2, 121, 239, 188, 0, 1.70%, 0, 0, 14, 604.64, 1300760, 1113
2424, 2, 136, 240, 189, 0, 1.70%, 0, 0, 14, 627.37, 1303940, 1113
2429, 2, 121, 240, 189, 0, 1.70%, 0, 0, 14, 585.60, 1306864, 1113
2434, 2, 196, 240, 189, 0, 1.70%, 0, 0, 14, 624.81, 1310078, 1113
2439, 2, 175, 240, 189, 0, 1.70%, 0, 0, 14, 645.81, 1313420, 1113
2445, 2, 121, 240, 189, 0, 1.70%, 0, 0, 14, 615.56, 1316646, 1113
2450, 2, 121, 240, 189, 0, 1.70%, 0, 0, 14, 599.90, 1319598, 1113
2455, 2, 121, 240, 189, 0, 1.70%, 0, 0, 14, 590.28, 1322554, 1113
2460, 2, 215, 240, 189, 0, 1.70%, 0, 0, 14, 597.62, 1325514, 1113
2465, 2, 121, 240, 189, 0, 1.70%, 0, 0, 14, 655.46, 1328912, 1113
2470, 2, 196, 240, 189, 0, 1.70%, 0, 0, 14, 633.03, 1331982, 1113
2475, 2, 196, 240, 189, 0, 1.70%, 0, 0, 14, 646.20, 1335366, 1113
2480, 2, 121, 240, 189, 0, 1.70%, 0, 0, 14, 610.98, 1338496, 1113
2485, 2, 212, 240, 189, 0, 1.70%, 0, 0, 14, 666.81, 1341868, 1113
2490, 2, 141, 240, 189, 0, 1.70%, 0, 0, 14, 632.73, 1345134, 1113
2495, 2, 141, 240, 189, 0, 1.70%, 0, 0, 14, 118.38, 1345736, 1113
2500, 2, 213, 240, 189, 0, 1.70%, 0, 0, 14, 675.50, 1346819, 1113
2506, 2, 135, 240, 188, 0, 1.70%, 0, 0, 14, 693.87, 1350430, 1113
2511, 2, 135, 240, 188, 0, 1.70%, 0, 0, 14, 713.69, 1354026, 1113
2516, 2, 196, 240, 188, 0, 1.70%, 0, 0, 14, 693.90, 1357613, 1113
2521, 2, 196, 240, 188, 0, 1.70%, 0, 0, 14, 670.00, 1361006, 1113
2526, 2, 132, 240, 188, 0, 1.70%, 0, 0, 14, 118.12, 1363094, 1113
2531, 2, 132, 240, 188, 0, 1.70%, 0, 0, 14, 208.17, 1364428, 1113
2536, 2, 215, 240, 188, 0, 1.70%, 0, 0, 14, 451.45, 1366698, 1113
2541, 2, 196, 240, 188, 0, 1.70%, 0, 0, 14, 569.35, 1369874, 1113
2546, 2, 196, 240, 188, 0, 1.70%, 0, 0, 14, 637.44, 1373238, 1113
2551, 2, 212, 240, 188, 0, 1.70%, 0, 0, 14, 661.81, 1376563, 1113
2557, 2, 196, 240, 188, 0, 1.70%, 0, 0, 14, 659.01, 1379900, 1113
2562, 2, 212, 240, 188, 0, 1.70%, 0, 0, 14, 654.64, 1383248, 1113
2567, 2, 212, 240, 188, 0, 1.70%, 0, 0, 14, 676.42, 1386676, 1113
2572, 2, 212, 240, 188, 0, 1.70%, 0, 0, 14, 681.93, 1390232, 1113
2577, 2, 196, 240, 188, 0, 1.70%, 0, 0, 14, 665.84, 1393606, 1113
2582, 2, 196, 240, 188, 0, 1.70%, 0, 0, 14, 657.88, 1396960, 1113
2587, 2, 121, 240, 188, 0, 1.70%, 0, 0, 14, 587.83, 1399886, 1113
2592, 2, 121, 240, 188, 0, 1.70%, 0, 0, 14, 581.82, 1402846, 1113
2597, 2, 121, 240, 188, 0, 1.70%, 0, 0, 14, 578.46, 1405745, 1113
2602, 2, 196, 240, 188, 0, 1.70%, 0, 0, 14, 636.49, 1409070, 1113
2607, 2, 212, 240, 188, 0, 1.70%, 0, 0, 14, 662.45, 1412408, 1113
2613, 2, 212, 240, 188, 0, 1.70%, 0, 0, 14, 676.95, 1415834, 1113
2618, 2, 212, 240, 188, 0, 1.70%, 0, 0, 14, 685.81, 1419405, 1113
2623, 2, 121, 240, 188, 0, 1.70%, 0, 0, 14, 670.34, 1422790, 1113
2628, 2, 195, 240, 188, 0, 1.70%, 0, 0, 14, 631.67, 1425866, 1113
2633, 2, 196, 240, 188, 0, 1.70%, 0, 0, 14, 647.94, 1429120, 1113
2638, 2, 121, 240, 188, 0, 1.70%, 0, 0, 14, 650.05, 1432526, 1113
2643, 2, 121, 240, 188, 0, 1.70%, 0, 0, 14, 610.54, 1435528, 1113
2648, 2, 196, 240, 188, 0, 1.70%, 0, 0, 14, 594.54, 1438442, 1113
2653, 2, 196, 240, 188, 0, 1.70%, 0, 0, 14, 648.25, 1441868, 1113
2658, 2, 141, 240, 188, 0, 1.70%, 0, 0, 14, 110.16, 1443514, 1113
2663, 2, 141, 240, 188, 0, 1.70%, 0, 0, 14, 122.88, 1444182, 1113
2668, 2, 109, 240, 188, 0, 1.70%, 0, 0, 14, 178.38, 1445118, 1113
2674, 2, 215, 240, 188, 0, 1.70%, 0, 0, 14, 240.80, 1446286, 1113
2679, 2, 121, 240, 188, 0, 1.70%, 0, 0, 14, 514.46, 1449352, 1113
