# relative_time, cycles_done, cur_item, corpus_count, pending_total, pending_favs, map_size, saved_crashes, saved_hangs, max_depth, execs_per_sec, total_execs, edges_found
60, 0, 1, 71, 71, 2, 0.64%, 0, 0, 2, 121.81, 7230, 422
66, 0, 1, 71, 71, 2, 0.64%, 0, 0, 2, 117.57, 7826, 422
71, 0, 1, 71, 71, 2, 0.64%, 0, 0, 2, 123.66, 8472, 422
76, 0, 1, 72, 72, 2, 0.64%, 0, 0, 2, 117.72, 9062, 422
81, 0, 1, 74, 74, 2, 0.64%, 0, 0, 2, 118.09, 9666, 422
86, 0, 1, 75, 75, 2, 0.64%, 0, 0, 2, 122.72, 10308, 422
91, 0, 1, 75, 75, 2, 0.64%, 0, 0, 2, 123.02, 10920, 422
96, 0, 1, 76, 76, 2, 0.64%, 0, 0, 2, 126.63, 11558, 422
101, 0, 1, 77, 77, 2, 0.64%, 0, 0, 2, 122.22, 12170, 422
107, 0, 1, 77, 77, 2, 0.64%, 0, 0, 2, 122.20, 12800, 422
112, 0, 1, 77, 77, 2, 0.64%, 0, 0, 2, 119.71, 13408, 422
117, 0, 1, 77, 77, 2, 0.64%, 0, 0, 2, 122.64, 14056, 422
122, 0, 1, 78, 78, 2, 0.64%, 0, 0, 2, 118.32, 14654, 422
127, 0, 1, 78, 78, 2, 0.64%, 0, 0, 2, 121.89, 15276, 422
132, 0, 1, 78, 78, 2, 0.64%, 0, 0, 2, 120.00, 15904, 422
137, 0, 1, 79, 79, 2, 0.65%, 0, 0, 2, 119.52, 16510, 423
142, 0, 1, 79, 79, 2, 0.65%, 0, 0, 2, 121.95, 17124, 423
147, 0, 37, 83, 82, 23, 0.65%, 0, 0, 3, 335.31, 18604, 427
152, 0, 19, 86, 83, 21, 0.65%, 0, 0, 3, 275.67, 20296, 427
157, 0, 12, 91, 86, 19, 0.65%, 0, 0, 3, 310.19, 22239, 427
163, 0, 40, 96, 88, 16, 0.65%, 0, 0, 4, 505.70, 24788, 427
168, 0, 94, 99, 90, 15, 0.65%, 0, 0, 5, 590.96, 27886, 427
173, 0, 78, 100, 90, 14, 0.65%, 0, 0, 5, 107.29, 30100, 427
178, 0, 35, 100, 89, 13, 0.65%, 0, 0, 5, 129.07, 30830, 427
183, 0, 95, 101, 88, 11, 0.65%, 0, 0, 5, 372.36, 32580, 427
188, 0, 93, 104, 90, 10, 0.65%, 0, 0, 5, 564.87, 35764, 427
193, 0, 93, 104, 90, 10, 0.65%, 0, 0, 5, 606.36, 38881, 427
199, 0, 4, 104, 88, 8, 0.65%, 0, 0, 5, 110.75, 39539, 427
204, 0, 8, 105, 88, 7, 0.65%, 0, 0, 5, 266.97, 41208, 427
209, 0, 66, 106, 88, 6, 0.65%, 0, 0, 5, 298.09, 42971, 427
214, 0, 10, 106, 87, 5, 0.65%, 0, 0, 5, 514.83, 45622, 427
219, 0, 81, 106, 86, 4, 0.65%, 0, 0, 5, 118.20, 47275, 427
224, 0, 14, 107, 87, 4, 0.65%, 0, 0, 5, 94.59, 50027, 427
230, 0, 91, 107, 86, 3, 0.65%, 0, 0, 5, 117.18, 50665, 427
235, 0, 37, 107, 83, 1, 0.65%, 0, 0, 5, 213.89, 52211, 427
240, 0, 19, 108, 83, 1, 0.65%, 0, 0, 5, 281.55, 54123, 427
245, 0, 37, 108, 82, 0, 0.65%, 0, 0, 5, 191.64, 54810, 427
250, 0, 37, 110, 84, 0, 0.65%, 0, 0, 5, 528.28, 57939, 427
255, 0, 34, 112, 86, 0, 0.65%, 0, 0, 5, 258.15, 59028, 427
260, 0, 94, 112, 86, 0, 0.65%, 0, 0, 5, 461.99, 61216, 427
265, 0, 94, 113, 87, 0, 0.65%, 0, 0, 5, 579.97, 64393, 427
270, 0, 81, 113, 87, 1, 0.65%, 0, 0, 5, 611.30, 67505, 427
275, 0, 81, 114, 87, 0, 0.65%, 0, 0, 5, 609.62, 70585, 427
280, 0, 94, 116, 89, 0, 0.65%, 0, 0, 5, 610.12, 73649, 427
285, 0, 40, 116, 89, 0, 0.65%, 0, 0, 5, 593.25, 76618, 427
291, 0, 40, 116, 89, 0, 0.65%, 0, 0, 5, 609.39, 79703, 427
296, 0, 19, 116, 89, 0, 0.65%, 0, 0, 5, 515.79, 82441, 427
301, 0, 35, 117, 90, 0, 0.65%, 0, 0, 5, 372.35, 84346, 427
306, 0, 35, 117, 90, 0, 0.65%, 0, 0, 5, 186.83, 85003, 427
311, 0, 10, 117, 90, 0, 0.65%, 0, 0, 5, 509.33, 87868, 427
316, 0, 117, 119, 92, 1, 0.67%, 0, 0, 5, 595.93, 91074, 439
321, 0, 118, 120, 92, 1, 0.67%, 0, 0, 5, 616.54, 94208, 439
326, 0, 35, 120, 91, 0, 0.67%, 0, 0, 5, 634.73, 96296, 439
331, 0, 15, 120, 91, 0, 0.67%, 0, 0, 5, 268.16, 97557, 439
337, 0, 40, 120, 91, 0, 0.67%, 0, 0, 5, 544.59, 100731, 439
342, 0, 35, 120, 91, 0, 0.67%, 0, 0, 5, 345.47, 102590, 439
347, 0, 118, 120, 91, 0, 0.67%, 0, 0, 5, 525.25, 105207, 439
352, 0, 10, 120, 91, 0, 0.67%, 0, 0, 5, 333.49, 106449, 439
357, 0, 118, 121, 92, 0, 0.67%, 0, 0, 5, 550.10, 109430, 439
362, 0, 35, 121, 92, 0, 0.67%, 0, 0, 5, 116.69, 111634, 439
367, 0, 15, 121, 92, 0, 0.67%, 0, 0, 5, 295.69, 113005, 439
373, 0, 118, 121, 92, 0, 0.67%, 0, 0, 5, 551.97, 116173, 439
378, 0, 10, 121, 92, 0, 0.67%, 0, 0, 5, 422.14, 117745, 439
383, 0, 80, 122, 93, 0, 0.67%, 0, 0, 5, 373.12, 119967, 439
388, 0, 80, 123, 94, 0, 0.68%, 0, 0, 5, 194.22, 120732, 443
393, 0, 37, 123, 94, 1, 0.68%, 0, 0, 5, 217.28, 121637, 443
398, 0, 81, 123, 93, 0, 0.68%, 0, 0, 5, 366.21, 123702, 443
403, 0, 40, 123, 93, 0, 0.68%, 0, 0, 5, 574.11, 126945, 443
408, 0, 118, 123, 93, 0, 0.68%, 0, 0, 5, 614.41, 130096, 443
413, 0, 118, 123, 93, 0, 0.68%, 0, 0, 5, 616.87, 133232, 443
418, 0, 93, 123, 93, 0, 0.68%, 0, 0, 5, 261.37, 135419, 443
423, 0, 93, 123, 93, 0, 0.68%, 0, 0, 5, 548.28, 138635, 443
429, 0, 93, 123, 93, 0, 0.68%, 0, 0, 5, 609.58, 141771, 443
434, 0, 40, 123, 93, 0, 0.68%, 0, 0, 5, 623.26, 144900, 443
439, 0, 118, 123, 93, 0, 0.68%, 0, 0, 5, 628.73, 147281, 443
444, 0, 113, 123, 93, 0, 0.68%, 0, 0, 5, 622.20, 150420, 443
449, 0, 113, 124, 94, 0, 0.68%, 0, 0, 5, 623.75, 153584, 443
454, 0, 113, 124, 94, 0, 0.68%, 0, 0, 5, 625.12, 156724, 443
459, 0, 15, 124, 94, 0, 0.68%, 0, 0, 5, 623.03, 159861, 443
464, 0, 10, 124, 94, 0, 0.68%, 0, 0, 5, 623.23, 162995, 443
469, 0, 40, 125, 95, 0, 0.68%, 0, 0, 5, 625.89, 166250, 443
474, 0, 118, 125, 95, 0, 0.68%, 0, 0, 5, 624.66, 169488, 443
479, 0, 93, 125, 95, 0, 0.68%, 0, 0, 5, 613.72, 172626, 443
484, 0, 93, 125, 95, 0, 0.68%, 0, 0, 5, 612.18, 175684, 443
489, 0, 37, 125, 95, 0, 0.68%, 0, 0, 5, 622.52, 178808, 443
494, 0, 81, 125, 95, 0, 0.68%, 0, 0, 5, 625.79, 181987, 443
499, 0, 81, 125, 95, 0, 0.68%, 0, 0, 5, 625.41, 185169, 443
505, 0, 118, 126, 96, 0, 0.69%, 0, 0, 5, 623.11, 188412, 451
510, 0, 125, 128, 98, 1, 0.69%, 0, 0, 6, 615.88, 191539, 455
515, 0, 122, 129, 98, 2, 0.70%, 0, 0, 6, 480.32, 194055, 456
520, 0, 127, 129, 98, 2, 0.70%, 0, 0, 6, 383.22, 195402, 456
525, 0, 118, 130, 98, 1, 0.70%, 0, 0, 7, 391.73, 197601, 456
530, 0, 128, 133, 101, 1, 0.70%, 0, 0, 7, 570.32, 200717, 456
535, 0, 128, 134, 102, 1, 0.70%, 0, 0, 7, 606.00, 203863, 456
540, 0, 128, 134, 102, 1, 0.70%, 0, 0, 7, 613.97, 207019, 456
545, 0, 128, 134, 102, 1, 0.70%, 0, 0, 7, 607.74, 210151, 456
550, 0, 128, 134, 102, 1, 0.70%, 0, 0, 7, 604.84, 213210, 456
555, 0, 19, 134, 101, 0, 0.70%, 0, 0, 7, 112.77, 215721, 456
561, 0, 94, 134, 101, 0, 0.70%, 0, 0, 7, 506.88, 218676, 456
566, 1, 118, 135, 102, 0, 0.70%, 0, 0, 7, 591.76, 221793, 456
571, 1, 118, 135, 102, 0, 0.70%, 0, 0, 7, 617.90, 224957, 456
576, 1, 118, 135, 102, 0, 0.70%, 0, 0, 7, 625.43, 227245, 456
581, 1, 93, 135, 102, 0, 0.70%, 0, 0, 7, 621.14, 230395, 456
586, 1, 81, 135, 102, 0, 0.70%, 0, 0, 7, 627.62, 233580, 456
591, 1, 81, 136, 103, 0, 0.70%, 0, 0, 7, 624.57, 236709, 456
596, 1, 136, 137, 104, 1, 0.70%, 0, 0, 7, 621.88, 239855, 456
601, 1, 136, 137, 104, 1, 0.70%, 0, 0, 7, 621.91, 242993, 456
606, 1, 34, 137, 103, 0, 0.70%, 0, 0, 7, 354.41, 244801, 456
611, 1, 137, 138, 104, 1, 0.70%, 0, 0, 7, 535.06, 247566, 462
616, 1, 137, 141, 107, 1, 0.71%, 0, 0, 7, 600.45, 250625, 463
622, 1, 137, 141, 107, 1, 0.71%, 0, 0, 7, 635.76, 253921, 463
627, 1, 137, 141, 107, 1, 0.71%, 0, 0, 7, 642.88, 257221, 463
632, 1, 137, 142, 108, 1, 0.71%, 0, 0, 7, 636.26, 260517, 463
637, 1, 139, 143, 108, 1, 0.71%, 0, 0, 7, 628.33, 263670, 463
642, 1, 139, 143, 108, 1, 0.71%, 0, 0, 7, 632.87, 266850, 463
647, 1, 127, 144, 108, 0, 0.71%, 0, 0, 7, 632.13, 270026, 463
652, 1, 127, 144, 108, 0, 0.71%, 0, 0, 7, 629.90, 273303, 463
657, 1, 127, 144, 108, 0, 0.71%, 0, 0, 7, 625.55, 276450, 463
662, 1, 37, 144, 108, 0, 0.71%, 0, 0, 7, 624.21, 279597, 463
667, 1, 10, 145, 109, 0, 0.71%, 0, 0, 7, 631.44, 282888, 463
672, 1, 104, 147, 111, 0, 0.71%, 0, 0, 7, 630.64, 286034, 463
678, 1, 118, 147, 111, 0, 0.71%, 0, 0, 7, 611.45, 289131, 463
683, 1, 35, 148, 112, 0, 0.74%, 0, 0, 7, 120.11, 290910, 483
688, 1, 147, 149, 113, 1, 0.74%, 0, 0, 7, 320.95, 292911, 483
693, 1, 136, 151, 114, 1, 0.75%, 0, 0, 7, 270.81, 293917, 492
698, 1, 136, 153, 116, 1, 0.75%, 0, 0, 7, 550.50, 297105, 492
703, 1, 136, 153, 116, 1, 0.75%, 0, 0, 7, 604.80, 300269, 492
708, 1, 136, 153, 116, 1, 0.75%, 0, 0, 7, 612.69, 303413, 492
713, 1, 127, 153, 116, 1, 0.75%, 0, 0, 7, 619.11, 306526, 492
718, 1, 127, 153, 116, 1, 0.75%, 0, 0, 7, 616.03, 309613, 492
723, 1, 118, 153, 116, 1, 0.75%, 0, 0, 7, 621.88, 312727, 492
728, 1, 150, 155, 118, 1, 0.75%, 0, 0, 7, 112.84, 314165, 493
734, 1, 150, 156, 119, 1, 0.75%, 0, 0, 7, 132.32, 314867, 493
739, 1, 150, 156, 119, 1, 0.75%, 0, 0, 7, 128.82, 315511, 493
744, 1, 155, 157, 119, 1, 0.75%, 0, 0, 7, 127.97, 316133, 493
749, 1, 155, 157, 119, 1, 0.75%, 0, 0, 7, 121.47, 316757, 493
754, 1, 69, 157, 118, 1, 0.75%, 0, 0, 7, 289.59, 318064, 493
759, 1, 146, 158, 117, 1, 0.75%, 0, 0, 7, 550.06, 321237, 493
764, 1, 156, 159, 117, 1, 0.75%, 0, 0, 7, 108.73, 323481, 493
769, 1, 118, 159, 116, 0, 0.75%, 0, 0, 7, 354.62, 325091, 493
774, 1, 10, 161, 118, 0, 0.75%, 0, 0, 7, 564.95, 328261, 493
780, 1, 37, 161, 118, 0, 0.75%, 0, 0, 7, 490.98, 330642, 493
785, 1, 118, 165, 122, 0, 0.75%, 0, 0, 7, 503.67, 333055, 493
790, 1, 40, 165, 122, 0, 0.75%, 0, 0, 7, 599.35, 336258, 493
795, 1, 40, 165, 122, 0, 0.75%, 0, 0, 7, 610.22, 339301, 493
800, 1, 118, 166, 123, 0, 0.75%, 0, 0, 7, 618.18, 342432, 493
805, 1, 136, 166, 123, 0, 0.75%, 0, 0, 7, 614.34, 345513, 493
810, 1, 127, 166, 123, 0, 0.75%, 0, 0, 7, 614.42, 348603, 493
815, 1, 127, 168, 125, 0, 0.75%, 0, 0, 7, 605.24, 351632, 493
820, 1, 127, 169, 126, 0, 0.75%, 0, 0, 7, 618.98, 354766, 493
825, 1, 118, 169, 126, 0, 0.75%, 0, 0, 7, 474.36, 356847, 493
830, 1, 136, 169, 126, 0, 0.75%, 0, 0, 7, 579.91, 359954, 493
835, 1, 35, 169, 126, 0, 0.75%, 0, 0, 7, 538.68, 362723, 493
840, 1, 118, 169, 126, 0, 0.75%, 0, 0, 7, 594.89, 364704, 493
846, 1, 81, 169, 126, 0, 0.75%, 0, 0, 7, 601.60, 367728, 493
851, 1, 81, 169, 126, 0, 0.75%, 0, 0, 7, 619.88, 370844, 493
856, 1, 128, 170, 127, 0, 0.75%, 0, 0, 7, 594.08, 373821, 493
861, 1, 140, 170, 127, 0, 0.75%, 0, 0, 7, 618.47, 376925, 493
866, 1, 140, 170, 127, 0, 0.75%, 0, 0, 7, 624.03, 380076, 493
871, 1, 140, 170, 127, 0, 0.75%, 0, 0, 7, 635.49, 383424, 493
876, 1, 50, 170, 127, 0, 0.75%, 0, 0, 7, 429.77, 385775, 493
881, 1, 50, 171, 128, 0, 0.75%, 0, 0, 7, 193.18, 386427, 493
886, 1, 93, 171, 128, 0, 0.75%, 0, 0, 7, 524.78, 389443, 493
891, 1, 81, 171, 128, 0, 0.75%, 0, 0, 7, 604.69, 392590, 493
896, 1, 113, 171, 128, 0, 0.75%, 0, 0, 7, 617.11, 395701, 493
902, 1, 37, 172, 129, 0, 0.75%, 0, 0, 7, 534.72, 398175, 493
907, 1, 140, 172, 129, 0, 0.75%, 0, 0, 7, 610.35, 401320, 493
912, 1, 140, 172, 129, 0, 0.75%, 0, 0, 7, 615.84, 404433, 493
917, 1, 118, 172, 129, 0, 0.75%, 0, 0, 7, 623.16, 407679, 493
922, 1, 127, 173, 130, 0, 0.75%, 0, 0, 7, 627.04, 410830, 493
927, 1, 19, 173, 130, 0, 0.75%, 0, 0, 7, 606.56, 413874, 493
932, 1, 140, 173, 130, 0, 0.75%, 0, 0, 7, 613.21, 416207, 493
937, 1, 140, 173, 130, 0, 0.75%, 0, 0, 7, 621.28, 419349, 493
942, 1, 118, 173, 130, 0, 0.75%, 0, 0, 7, 606.17, 422477, 493
947, 1, 118, 174, 131, 0, 0.75%, 0, 0, 7, 618.13, 425598, 493
952, 1, 118, 174, 131, 0, 0.75%, 0, 0, 7, 617.63, 428734, 493
957, 1, 40, 174, 131, 0, 0.75%, 0, 0, 7, 440.40, 430911, 493
962, 1, 118, 174, 131, 0, 0.75%, 0, 0, 7, 586.01, 434093, 493
968, 1, 35, 174, 131, 0, 0.75%, 0, 0, 7, 98.41, 436927, 493
973, 1, 118, 174, 131, 0, 0.75%, 0, 0, 7, 446.79, 439234, 493
978, 1, 127, 174, 131, 0, 0.75%, 0, 0, 7, 594.11, 442474, 493
983, 1, 10, 174, 131, 0, 0.75%, 0, 0, 7, 619.15, 445646, 493
988, 1, 19, 174, 131, 0, 0.75%, 0, 0, 7, 116.12, 447983, 493
993, 1, 140, 174, 131, 0, 0.75%, 0, 0, 7, 622.54, 451118, 493
998, 1, 118, 174, 131, 0, 0.75%, 0, 0, 7, 626.76, 454254, 493
1003, 1, 118, 174, 131, 0, 0.75%, 0, 0, 7, 623.97, 457387, 493
1008, 1, 118, 175, 132, 0, 0.75%, 0, 0, 7, 609.48, 460421, 493
1013, 1, 118, 175, 132, 0, 0.75%, 0, 0, 7, 623.53, 463593, 493
1018, 1, 140, 175, 131, 0, 0.75%, 0, 0, 7, 624.34, 466728, 493
1023, 1, 140, 175, 131, 0, 0.75%, 0, 0, 7, 632.38, 469910, 493
1028, 1, 127, 175, 131, 0, 0.75%, 0, 0, 7, 632.22, 473104, 493
1033, 1, 127, 175, 131, 0, 0.75%, 0, 0, 7, 623.67, 476230, 493
1038, 1, 128, 175, 131, 0, 0.75%, 0, 0, 7, 625.76, 479425, 493
1043, 1, 37, 175, 131, 0, 0.75%, 0, 0, 7, 623.31, 482652, 493
1049, 1, 128, 175, 131, 0, 0.75%, 0, 0, 7, 616.85, 485788, 493
1054, 1, 118, 175, 131, 0, 0.75%, 0, 0, 7, 625.19, 488953, 493
1059, 1, 127, 177, 133, 0, 0.75%, 0, 0, 7, 625.72, 492109, 493
1064, 1, 127, 177, 133, 0, 0.75%, 0, 0, 7, 627.56, 495254, 493
1069, 1, 81, 177, 133, 0, 0.75%, 0, 0, 7, 628.47, 498427, 493
1074, 1, 104, 178, 134, 0, 0.75%, 0, 0, 7, 343.80, 500314, 493
1079, 1, 81, 178, 134, 0, 0.75%, 0, 0, 7, 566.31, 503550, 493
1084, 1, 136, 179, 135, 0, 0.75%, 0, 0, 7, 611.75, 506793, 493
1089, 1, 93, 179, 135, 0, 0.75%, 0, 0, 7, 611.47, 509876, 493
1094, 1, 127, 179, 135, 0, 0.75%, 0, 0, 7, 624.07, 513047, 493
1099, 1, 136, 179, 135, 0, 0.75%, 0, 0, 7, 628.96, 516241, 493
1105, 1, 37, 179, 135, 0, 0.75%, 0, 0, 7, 624.92, 519389, 493
1110, 1, 118, 182, 137, 0, 0.75%, 0, 0, 7, 609.43, 522548, 493
1115, 1, 19, 182, 137, 0, 0.75%, 0, 0, 7, 539.66, 524432, 493
1120, 1, 127, 182, 137, 0, 0.75%, 0, 0, 7, 614.37, 527148, 493
1125, 1, 118, 182, 136, 0, 0.75%, 0, 0, 7, 621.17, 530290, 493
1130, 1, 127, 182, 136, 0, 0.75%, 0, 0, 7, 628.20, 533457, 493
1135, 1, 95, 182, 136, 0, 0.75%, 0, 0, 7, 619.92, 536576, 493
1140, 1, 127, 182, 136, 0, 0.75%, 0, 0, 7, 603.52, 539667, 493
1145, 1, 118, 182, 136, 0, 0.75%, 0, 0, 7, 621.39, 542846, 493
1150, 1, 118, 182, 136, 0, 0.75%, 0, 0, 7, 628.43, 546003, 493
1155, 1, 127, 182, 136, 0, 0.75%, 0, 0, 7, 625.37, 549161, 493
1161, 1, 37, 182, 136, 0, 0.75%, 0, 0, 7, 619.51, 552263, 493
1166, 2, 118, 185, 139, 1, 0.75%, 0, 0, 7, 619.57, 555392, 494
1171, 2, 136, 187, 141, 1, 0.76%, 0, 0, 7, 624.29, 558551, 496
1176, 2, 157, 193, 147, 2, 0.76%, 0, 0, 8, 613.59, 561605, 496
1181, 2, 182, 196, 149, 2, 0.76%, 0, 0, 8, 595.39, 564595, 496
1186, 2, 196, 197, 149, 1, 0.76%, 0, 0, 8, 577.07, 567453, 497
1191, 2, 35, 198, 149, 1, 0.76%, 0, 0, 8, 586.01, 570555, 498
1196, 2, 197, 198, 149, 1, 0.76%, 0, 0, 8, 623.37, 572688, 498
1201, 2, 197, 201, 152, 1, 0.76%, 0, 0, 8, 582.89, 575566, 501
1206, 2, 197, 202, 153, 1, 0.76%, 0, 0, 8, 563.77, 578368, 501
1211, 2, 197, 205, 156, 1, 0.77%, 0, 0, 8, 582.05, 581394, 502
1216, 2, 197, 205, 156, 1, 0.77%, 0, 0, 8, 580.05, 584299, 502
1221, 2, 197, 208, 159, 1, 0.77%, 0, 0, 8, 562.49, 587272, 502
1226, 2, 200, 209, 159, 4, 0.77%, 0, 0, 8, 552.31, 589861, 502
1232, 2, 200, 222, 172, 4, 0.77%, 0, 0, 8, 420.84, 592044, 502
1237, 2, 198, 226, 175, 4, 0.77%, 0, 0, 8, 483.24, 594311, 503
1242, 2, 198, 226, 175, 4, 0.77%, 0, 0, 8, 582.67, 597387, 503
1247, 2, 93, 227, 175, 3, 0.77%, 0, 0, 8, 547.40, 599952, 503
1252, 2, 93, 232, 180, 3, 0.77%, 0, 0, 8, 528.28, 602593, 503
1257, 2, 223, 232, 180, 3, 0.77%, 0, 0, 8, 455.80, 605036, 503
1262, 2, 203, 232, 179, 2, 0.77%, 0, 0, 8, 495.00, 607474, 503
1267, 2, 110, 233, 179, 1, 0.77%, 0, 0, 8, 542.24, 610295, 503
1272, 2, 110, 243, 189, 1, 0.77%, 0, 0, 8, 307.29, 611490, 503
1277, 2, 199, 244, 189, 1, 0.77%, 0, 0, 8, 344.27, 613018, 503
1282, 2, 147, 244, 188, 0, 0.77%, 0, 0, 8, 472.81, 615678, 503
1288, 2, 147, 244, 188, 0, 0.77%, 0, 0, 8, 208.10, 616372, 503
1293, 2, 40, 245, 189, 0, 0.77%, 0, 0, 8, 426.83, 618480, 503
1298, 2, 113, 247, 191, 0, 0.77%, 0, 0, 8, 528.63, 621400, 503
1303, 2, 35, 248, 192, 0, 0.77%, 0, 0, 8, 400.18, 623618, 503
1308, 2, 10, 248, 192, 0, 0.77%, 0, 0, 8, 358.01, 625000, 503
1313, 2, 141, 248, 192, 0, 0.77%, 0, 0, 8, 421.13, 627123, 503
1318, 2, 10, 249, 192, 0, 0.77%, 0, 0, 8, 466.09, 629418, 503
1324, 2, 127, 249, 192, 0, 0.77%, 0, 0, 8, 492.64, 631677, 503
1329, 2, 104, 251, 194, 0, 0.77%, 0, 0, 8, 372.12, 633677, 503
1334, 2, 127, 252, 195, 0, 0.77%, 0, 0, 8, 512.70, 636387, 503
1339, 2, 35, 252, 195, 0, 0.77%, 0, 0, 8, 480.08, 638878, 503
1344, 2, 196, 253, 196, 0, 0.77%, 0, 0, 8, 185.23, 639803, 503
1349, 2, 127, 253, 196, 0, 0.77%, 0, 0, 8, 522.12, 642845, 503
1354, 2, 127, 255, 198, 0, 0.77%, 0, 0, 8, 450.74, 644990, 503
1359, 2, 183, 256, 199, 0, 0.77%, 0, 0, 8, 488.92, 647649, 503
1364, 2, 136, 256, 198, 0, 0.77%, 0, 0, 8, 542.71, 650392, 503
1370, 2, 256, 257, 199, 1, 0.78%, 0, 0, 8, 405.73, 652418, 511
1375, 2, 256, 260, 202, 1, 0.78%, 0, 0, 8, 344.44, 654073, 512
1380, 2, 256, 260, 202, 1, 0.78%, 0, 0, 8, 335.70, 655741, 512
1385, 2, 256, 260, 202, 1, 0.78%, 0, 0, 8, 341.32, 657449, 512
1390, 2, 257, 260, 201, 2, 0.78%, 0, 0, 8, 377.29, 659496, 512
1395, 2, 257, 261, 202, 2, 0.78%, 0, 0, 8, 386.40, 661447, 512
1400, 2, 191, 261, 201, 1, 0.78%, 0, 0, 8, 521.34, 664168, 512
1405, 2, 118, 264, 203, 1, 0.78%, 0, 0, 8, 466.48, 666550, 512
1410, 2, 115, 264, 203, 1, 0.78%, 0, 0, 8, 532.33, 669332, 512
1415, 2, 196, 265, 203, 1, 0.78%, 0, 0, 8, 496.13, 671966, 512
1420, 2, 35, 265, 203, 1, 0.78%, 0, 0, 8, 475.83, 674461, 512
1426, 2, 83, 265, 203, 1, 0.78%, 0, 0, 8, 622.05, 675393, 512
1431, 2, 10, 265, 202, 1, 0.78%, 0, 0, 8, 562.24, 678174, 512
1436, 2, 263, 265, 202, 1, 0.78%, 0, 0, 8, 399.97, 680300, 512
1441, 2, 263, 265, 202, 1, 0.78%, 0, 0, 8, 293.08, 681683, 512
1446, 2, 35, 266, 202, 0, 0.78%, 0, 0, 8, 332.47, 683550, 512
1451, 2, 127, 267, 202, 0, 0.78%, 0, 0, 8, 435.60, 685588, 512
1456, 2, 127, 268, 203, 0, 0.78%, 0, 0, 8, 478.60, 688136, 512
1461, 2, 147, 269, 204, 0, 0.78%, 0, 0, 8, 238.55, 689180, 512
1466, 2, 127, 269, 204, 0, 0.78%, 0, 0, 8, 319.65, 690463, 512
1472, 2, 111, 269, 204, 0, 0.78%, 0, 0, 8, 527.42, 693334, 512
1477, 2, 136, 269, 203, 0, 0.78%, 0, 0, 8, 543.24, 696180, 512
1482, 2, 15, 269, 203, 0, 0.78%, 0, 0, 8, 563.02, 697968, 512
1487, 2, 127, 270, 204, 0, 0.78%, 0, 0, 8, 550.81, 700861, 512
1492, 2, 22, 270, 204, 0, 0.78%, 0, 0, 8, 418.64, 703141, 512
1497, 2, 22, 270, 204, 0, 0.78%, 0, 0, 8, 173.39, 703690, 512
1502, 2, 223, 270, 204, 0, 0.78%, 0, 0, 8, 293.86, 705080, 512
1507, 2, 223, 270, 204, 0, 0.78%, 0, 0, 8, 523.45, 707915, 512
1512, 2, 50, 270, 204, 0, 0.78%, 0, 0, 8, 71.46, 709414, 512
1517, 2, 127, 270, 204, 0, 0.78%, 0, 0, 8, 597.00, 712257, 512
1522, 2, 40, 270, 204, 0, 0.78%, 0, 0, 8, 521.35, 714793, 512
1528, 2, 37, 270, 204, 0, 0.78%, 0, 0, 8, 432.58, 716696, 512
1533, 2, 95, 270, 204, 0, 0.78%, 0, 0, 8, 509.82, 719385, 512
1538, 2, 40, 270, 204, 0, 0.78%, 0, 0, 8, 538.55, 722050, 512
1543, 2, 198, 270, 204, 0, 0.78%, 0, 0, 8, 521.35, 724621, 512
1548, 2, 40, 270, 204, 0, 0.78%, 0, 0, 8, 541.03, 727431, 512
1553, 2, 136, 270, 204, 0, 0.78%, 0, 0, 8, 526.04, 730105, 512
1558, 2, 37, 270, 204, 0, 0.78%, 0, 0, 8, 525.94, 732787, 512
1563, 2, 93, 270, 204, 0, 0.78%, 0, 0, 8, 464.19, 735392, 512
1568, 2, 127, 270, 204, 0, 0.78%, 0, 0, 8, 553.58, 738333, 512
1573, 2, 136, 270, 204, 0, 0.78%, 0, 0, 8, 560.21, 741121, 512
1579, 2, 136, 270, 204, 0, 0.78%, 0, 0, 8, 483.34, 743461, 512
1584, 2, 156, 270, 204, 0, 0.78%, 0, 0, 8, 269.32, 744712, 512
1589, 2, 156, 271, 205, 0, 0.78%, 0, 0, 8, 160.46, 745427, 512
1594, 2, 156, 271, 205, 0, 0.78%, 0, 0, 8, 112.08, 745950, 512
1599, 2, 156, 271, 205, 0, 0.78%, 0, 0, 8, 93.23, 746402, 512
1604, 2, 104, 271, 205, 0, 0.78%, 0, 0, 8, 269.18, 747676, 512
1609, 2, 136, 271, 205, 0, 0.78%, 0, 0, 8, 417.31, 749646, 512
1614, 2, 127, 271, 205, 0, 0.78%, 0, 0, 8, 509.43, 752445, 512
1619, 2, 216, 271, 205, 0, 0.78%, 0, 0, 8, 408.05, 754455, 512
1625, 2, 199, 271, 204, 0, 0.78%, 0, 0, 8, 468.43, 756724, 512
1630, 2, 199, 272, 205, 0, 0.78%, 0, 0, 8, 554.01, 759594, 512
1635, 2, 199, 273, 206, 0, 0.79%, 0, 0, 8, 435.75, 761700, 516
1640, 2, 92, 273, 206, 1, 0.79%, 0, 0, 8, 516.58, 764387, 516
1645, 2, 272, 274, 206, 1, 0.79%, 0, 0, 8, 501.86, 767049, 516
1650, 2, 127, 274, 205, 0, 0.79%, 0, 0, 8, 528.66, 769610, 516
1655, 2, 10, 274, 205, 0, 0.79%, 0, 0, 8, 524.71, 772206, 516
1660, 2, 37, 274, 205, 0, 0.79%, 0, 0, 8, 555.15, 775006, 516
1665, 2, 173, 274, 205, 0, 0.79%, 0, 0, 8, 322.83, 776233, 516
1670, 2, 2, 274, 204, 0, 0.79%, 0, 0, 8, 422.32, 778586, 516
1676, 2, 147, 275, 205, 0, 0.79%, 0, 0, 8, 197.44, 779355, 516
1681, 2, 272, 275, 205, 0, 0.79%, 0, 0, 8, 349.22, 780916, 516
1686, 2, 35, 276, 206, 0, 0.79%, 0, 0, 8, 344.68, 782863, 516
1691, 2, 10, 279, 209, 0, 0.79%, 0, 0, 8, 362.26, 784773, 516
1696, 2, 113, 280, 210, 0, 0.79%, 0, 0, 8, 449.58, 787173, 516
1701, 2, 10, 280, 210, 0, 0.79%, 0, 0, 8, 502.61, 789674, 516
1706, 2, 35, 281, 211, 0, 0.79%, 0, 0, 8, 380.15, 791289, 516
1711, 2, 95, 281, 211, 0, 0.79%, 0, 0, 8, 412.35, 793193, 516
1716, 2, 2, 281, 211, 0, 0.79%, 0, 0, 8, 368.97, 794823, 516
1721, 2, 136, 281, 211, 0, 0.79%, 0, 0, 8, 468.79, 797223, 516
1726, 2, 35, 281, 211, 0, 0.79%, 0, 0, 8, 484.89, 799690, 516
1731, 2, 272, 281, 211, 0, 0.79%, 0, 0, 8, 559.51, 801330, 516
1737, 2, 2, 281, 211, 0, 0.79%, 0, 0, 8, 528.26, 803895, 516
1742, 2, 127, 281, 211, 0, 0.79%, 0, 0, 8, 510.70, 806396, 516
1747, 2, 198, 281, 211, 0, 0.79%, 0, 0, 8, 480.37, 808461, 516
1752, 2, 136, 281, 210, 0, 0.79%, 0, 0, 8, 518.51, 811102, 516
1757, 2, 37, 281, 210, 0, 0.79%, 0, 0, 8, 490.72, 813559, 516
1762, 2, 147, 281, 210, 0, 0.79%, 0, 0, 8, 154.79, 815098, 516
1767, 2, 147, 281, 210, 0, 0.79%, 0, 0, 8, 125.18, 815736, 516
1772, 2, 22, 281, 210, 0, 0.79%, 0, 0, 8, 155.74, 816671, 516
1777, 2, 2, 281, 210, 0, 0.79%, 0, 0, 8, 152.29, 817302, 516
1782, 2, 2, 281, 210, 0, 0.79%, 0, 0, 8, 391.90, 819794, 516
1787, 2, 156, 281, 210, 0, 0.79%, 0, 0, 8, 219.44, 820796, 516
1792, 2, 104, 281, 210, 0, 0.79%, 0, 0, 8, 390.59, 822562, 516
1797, 2, 19, 281, 210, 0, 0.79%, 0, 0, 8, 342.42, 824413, 516
1803, 2, 136, 283, 212, 0, 0.79%, 0, 0, 8, 457.77, 826682, 516
1808, 2, 136, 283, 212, 0, 0.79%, 0, 0, 8, 540.79, 829466, 516
1813, 2, 19, 283, 212, 0, 0.79%, 0, 0, 8, 359.42, 831152, 516
1818, 2, 128, 283, 212, 0, 0.79%, 0, 0, 8, 518.59, 833786, 516
1823, 2, 2, 285, 214, 0, 0.79%, 0, 0, 8, 511.50, 836424, 516
1828, 2, 122, 285, 214, 0, 0.79%, 0, 0, 8, 254.37, 837452, 516
1833, 2, 35, 285, 213, 0, 0.79%, 0, 0, 8, 395.11, 839634, 516
1838, 2, 104, 285, 213, 0, 0.79%, 0, 0, 8, 333.26, 841000, 516
1843, 2, 35, 285, 213, 0, 0.79%, 0, 0, 8, 365.73, 843123, 516
1849, 2, 272, 285, 213, 0, 0.79%, 0, 0, 8, 424.87, 845157, 516
1854, 2, 19, 286, 214, 0, 0.79%, 0, 0, 8, 333.51, 847003, 516
1859, 2, 19, 286, 214, 0, 0.79%, 0, 0, 8, 79.18, 849074, 516
1864, 2, 217, 286, 214, 0, 0.79%, 0, 0, 8, 332.27, 850442, 516
1869, 2, 127, 286, 213, 0, 0.79%, 0, 0, 8, 364.29, 852115, 516
1874, 2, 127, 286, 213, 0, 0.79%, 0, 0, 8, 442.57, 854686, 516
1879, 2, 127, 286, 213, 0, 0.79%, 0, 0, 8, 495.96, 857122, 516
1884, 2, 15, 286, 213, 0, 0.79%, 0, 0, 8, 545.77, 860011, 516
1890, 2, 15, 286, 213, 0, 0.79%, 0, 0, 8, 507.42, 862487, 516
1895, 2, 50, 286, 213, 0, 0.79%, 0, 0, 8, 386.12, 864440, 516
1900, 2, 156, 286, 213, 0, 0.79%, 0, 0, 8, 177.31, 865031, 516
1905, 2, 272, 286, 213, 0, 0.79%, 0, 0, 8, 435.56, 867499, 516
1910, 2, 113, 286, 213, 0, 0.79%, 0, 0, 8, 483.52, 870111, 516
1915, 2, 272, 287, 214, 0, 0.79%, 0, 0, 8, 508.81, 871929, 516
1920, 3, 127, 287, 214, 0, 0.79%, 0, 0, 8, 464.74, 874390, 516
1925, 3, 104, 287, 214, 0, 0.79%, 0, 0, 8, 455.41, 876618, 516
1930, 3, 35, 287, 214, 0, 0.79%, 0, 0, 8, 79.60, 878365, 516
1935, 3, 272, 287, 214, 0, 0.79%, 0, 0, 8, 589.94, 880851, 516
1941, 3, 272, 287, 214, 0, 0.79%, 0, 0, 8, 516.23, 883405, 516
1946, 3, 2, 287, 214, 0, 0.79%, 0, 0, 8, 462.16, 885718, 516
1951, 3, 10, 287, 214, 0, 0.79%, 0, 0, 8, 499.32, 888252, 516
1956, 3, 93, 287, 214, 0, 0.79%, 0, 0, 8, 565.00, 889650, 516
1961, 3, 93, 287, 214, 0, 0.79%, 0, 0, 8, 531.29, 892431, 516
1966, 3, 127, 287, 214, 0, 0.79%, 0, 0, 8, 537.75, 895089, 516
1971, 3, 260, 287, 214, 0, 0.79%, 0, 0, 8, 382.02, 896980, 516
1976, 3, 260, 288, 215, 0, 0.79%, 0, 0, 9, 296.37, 898346, 516
1981, 3, 136, 288, 214, 0, 0.79%, 0, 0, 9, 464.49, 900857, 516
1986, 3, 127, 288, 214, 0, 0.79%, 0, 0, 9, 555.19, 903696, 516
1991, 3, 272, 288, 214, 0, 0.79%, 0, 0, 9, 455.70, 905857, 516
1997, 3, 10, 288, 214, 0, 0.79%, 0, 0, 9, 478.78, 908343, 516
2002, 3, 35, 288, 214, 0, 0.79%, 0, 0, 9, 460.35, 910710, 516
2007, 3, 223, 288, 214, 0, 0.79%, 0, 0, 9, 326.72, 912476, 516
2012, 3, 35, 288, 214, 0, 0.79%, 0, 0, 9, 461.76, 915056, 516
2017, 3, 2, 288, 214, 0, 0.79%, 0, 0, 9, 417.03, 916710, 516
2022, 3, 196, 288, 214, 0, 0.79%, 0, 0, 9, 335.02, 918079, 516
2027, 3, 104, 288, 214, 0, 0.79%, 0, 0, 9, 475.14, 920616, 516
2032, 3, 129, 289, 215, 0, 0.79%, 0, 0, 9, 497.89, 923049, 516
2037, 3, 19, 289, 214, 0, 0.79%, 0, 0, 9, 378.68, 924985, 516
2042, 3, 40, 289, 213, 0, 0.79%, 0, 0, 9, 275.74, 926066, 516
2048, 3, 129, 289, 213, 0, 0.79%, 0, 0, 9, 400.36, 928415, 516
2053, 3, 10, 289, 213, 0, 0.79%, 0, 0, 9, 459.66, 930812, 516
2058, 3, 10, 289, 213, 0, 0.79%, 0, 0, 9, 501.05, 933399, 516
2063, 3, 104, 289, 213, 0, 0.79%, 0, 0, 9, 564.58, 934956, 516
2068, 3, 66, 289, 213, 0, 0.79%, 0, 0, 9, 83.00, 935959, 516
2073, 3, 2, 289, 213, 0, 0.79%, 0, 0, 9, 533.83, 937567, 516
2078, 3, 136, 289, 213, 0, 0.79%, 0, 0, 9, 435.88, 939123, 516
2083, 3, 136, 289, 213, 0, 0.79%, 0, 0, 9, 447.24, 941455, 516
2088, 3, 272, 289, 213, 0, 0.79%, 0, 0, 9, 416.99, 943291, 516
2094, 3, 129, 289, 213, 0, 0.79%, 0, 0, 9, 465.46, 945762, 516
2099, 3, 37, 289, 213, 0, 0.79%, 0, 0, 9, 463.90, 948242, 516
2104, 3, 272, 289, 213, 0, 0.79%, 0, 0, 9, 459.88, 950480, 516
2109, 3, 113, 290, 214, 0, 0.79%, 0, 0, 9, 437.52, 952836, 516
2114, 3, 2, 290, 214, 0, 0.79%, 0, 0, 9, 485.97, 955431, 516
2119, 3, 10, 290, 214, 0, 0.79%, 0, 0, 9, 418.89, 957722, 516
2124, 3, 35, 290, 214, 0, 0.79%, 0, 0, 9, 318.99, 959441, 516
2129, 3, 147, 290, 214, 0, 0.79%, 0, 0, 9, 163.79, 960100, 516
2134, 3, 147, 290, 214, 0, 0.79%, 0, 0, 9, 136.08, 960769, 516
2139, 3, 93, 290, 214, 0, 0.79%, 0, 0, 9, 629.91, 961737, 516
2144, 3, 136, 290, 214, 0, 0.79%, 0, 0, 9, 560.03, 964418, 516
2150, 3, 93, 291, 215, 0, 0.79%, 0, 0, 9, 406.27, 966362, 516
2155, 3, 37, 291, 215, 0, 0.79%, 0, 0, 9, 461.18, 968726, 516
2160, 3, 136, 291, 215, 0, 0.79%, 0, 0, 9, 539.66, 971541, 516
2165, 3, 2, 291, 215, 0, 0.79%, 0, 0, 9, 507.54, 973874, 516
2170, 3, 2, 291, 215, 0, 0.79%, 0, 0, 9, 475.15, 976168, 516
2175, 3, 2, 291, 215, 0, 0.79%, 0, 0, 9, 419.15, 978205, 516
2180, 3, 35, 291, 215, 0, 0.79%, 0, 0, 9, 410.80, 980393, 516
2185, 3, 19, 291, 215, 0, 0.79%, 0, 0, 9, 374.52, 981370, 516
2190, 3, 35, 291, 215, 0, 0.79%, 0, 0, 9, 103.44, 982869, 516
2195, 3, 2, 291, 215, 0, 0.79%, 0, 0, 9, 134.13, 984916, 516
2200, 3, 196, 292, 216, 0, 0.79%, 0, 0, 9, 407.83, 987326, 516
2205, 3, 2, 292, 216, 0, 0.79%, 0, 0, 9, 453.80, 989811, 516
2211, 3, 2, 294, 218, 0, 0.79%, 0, 0, 9, 378.99, 991571, 516
2216, 3, 272, 294, 218, 0, 0.79%, 0, 0, 9, 382.67, 993286, 516
2221, 3, 10, 294, 218, 0, 0.79%, 0, 0, 9, 439.35, 995562, 516
2226, 3, 272, 294, 218, 0, 0.79%, 0, 0, 9, 486.88, 997997, 516
2231, 3, 93, 295, 219, 0, 0.79%, 0, 0, 9, 485.14, 1000373, 516
2236, 3, 294, 295, 219, 1, 0.79%, 0, 0, 9, 96.74, 1002427, 516
2241, 3, 294, 295, 219, 1, 0.79%, 0, 0, 9, 105.15, 1003017, 516
2246, 3, 2, 295, 218, 0, 0.79%, 0, 0, 9, 71.43, 1004988, 516
2251, 3, 113, 295, 218, 0, 0.79%, 0, 0, 9, 503.33, 1007332, 516
2256, 3, 95, 295, 218, 0, 0.79%, 0, 0, 9, 483.22, 1009713, 516
2261, 3, 198, 295, 218, 0, 0.79%, 0, 0, 9, 479.15, 1012116, 516
2266, 3, 196, 295, 218, 0, 0.79%, 0, 0, 9, 491.41, 1014445, 516
2271, 3, 93, 295, 218, 0, 0.79%, 0, 0, 9, 505.18, 1016893, 516
2277, 3, 2, 295, 218, 0, 0.79%, 0, 0, 9, 322.09, 1018316, 516
2282, 3, 19, 295, 218, 0, 0.79%, 0, 0, 9, 361.86, 1020414, 516
2287, 3, 198, 295, 217, 0, 0.79%, 0, 0, 9, 454.71, 1022719, 516
2292, 3, 136, 295, 217, 0, 0.79%, 0, 0, 9, 482.77, 1025166, 516
2297, 3, 10, 295, 217, 0, 0.79%, 0, 0, 9, 452.20, 1027426, 516
2302, 3, 35, 295, 217, 0, 0.79%, 0, 0, 9, 91.39, 1029168, 516
2307, 3, 113, 296, 218, 0, 0.79%, 0, 0, 9, 516.60, 1030727, 516
2312, 3, 129, 296, 218, 0, 0.79%, 0, 0, 9, 519.22, 1033086, 516
2317, 3, 129, 296, 218, 0, 0.79%, 0, 0, 9, 481.73, 1035199, 516
2322, 3, 14, 296, 218, 0, 0.79%, 0, 0, 9, 346.79, 1036982, 516
2327, 3, 14, 296, 218, 0, 0.79%, 0, 0, 9, 155.01, 1037490, 516
2333, 3, 113, 296, 218, 0, 0.79%, 0, 0, 9, 456.24, 1040073, 516
2338, 3, 35, 296, 218, 0, 0.79%, 0, 0, 9, 359.60, 1041979, 516
2343, 3, 37, 296, 218, 0, 0.79%, 0, 0, 9, 401.69, 1043746, 516
2348, 3, 50, 296, 217, 0, 0.79%, 0, 0, 9, 340.60, 1045551, 516
2353, 3, 221, 296, 217, 0, 0.79%, 0, 0, 9, 371.04, 1047440, 516
2358, 3, 104, 296, 216, 0, 0.79%, 0, 0, 9, 389.60, 1049344, 516
2363, 3, 15, 296, 216, 0, 0.79%, 0, 0, 9, 296.20, 1050790, 516
2368, 3, 35, 296, 216, 0, 0.79%, 0, 0, 9, 372.21, 1052860, 516
2374, 3, 2, 296, 216, 0, 0.79%, 0, 0, 9, 321.77, 1054285, 516
2379, 3, 2, 296, 216, 0, 0.79%, 0, 0, 9, 433.24, 1056655, 516
2384, 3, 2, 296, 215, 0, 0.79%, 0, 0, 9, 432.02, 1058841, 516
2389, 3, 136, 297, 216, 0, 0.79%, 0, 0, 9, 453.12, 1061223, 516
2394, 3, 19, 297, 216, 0, 0.79%, 0, 0, 9, 379.01, 1063357, 516
2399, 3, 272, 297, 216, 0, 0.79%, 0, 0, 9, 449.42, 1065533, 516
2404, 3, 129, 297, 216, 0, 0.79%, 0, 0, 9, 489.62, 1068073, 516
2409, 3, 136, 297, 216, 0, 0.79%, 0, 0, 9, 437.62, 1070329, 516
2414, 3, 272, 297, 216, 0, 0.79%, 0, 0, 9, 508.48, 1072952, 516
2419, 3, 136, 297, 216, 0, 0.79%, 0, 0, 9, 615.00, 1075245, 516
2424, 3, 15, 297, 216, 0, 0.79%, 0, 0, 9, 541.95, 1077958, 516
2430, 3, 10, 297, 216, 0, 0.79%, 0, 0, 9, 496.85, 1080424, 516
2435, 3, 136, 297, 216, 0, 0.79%, 0, 0, 9, 519.65, 1082982, 516
2440, 3, 129, 297, 216, 0, 0.79%, 0, 0, 9, 547.43, 1085755, 516
2445, 3, 15, 297, 216, 0, 0.79%, 0, 0, 9, 497.93, 1088135, 516
2450, 3, 10, 297, 216, 0, 0.79%, 0, 0, 9, 395.75, 1090021, 516
2455, 3, 104, 297, 216, 0, 0.79%, 0, 0, 9, 447.70, 1092215, 516
2460, 3, 223, 297, 216, 0, 0.79%, 0, 0, 9, 472.55, 1094415, 516
2465, 3, 136, 297, 216, 0, 0.79%, 0, 0, 9, 539.43, 1097285, 516
2470, 3, 129, 297, 216, 0, 0.79%, 0, 0, 9, 567.25, 1100173, 516
2475, 4, 196, 297, 216, 0, 0.79%, 0, 0, 9, 463.83, 1102290, 516
2480, 4, 272, 297, 216, 0, 0.79%, 0, 0, 9, 448.61, 1104492, 516
2485, 4, 10, 297, 216, 0, 0.79%, 0, 0, 9, 624.40, 1106518, 516
2490, 4, 37, 297, 216, 0, 0.79%, 0, 0, 9, 546.10, 1109212, 516
2495, 4, 50, 298, 217, 0, 0.79%, 0, 0, 9, 91.69, 1110871, 516
2501, 4, 129, 298, 217, 0, 0.79%, 0, 0, 9, 496.30, 1113266, 516
2506, 4, 19, 298, 217, 0, 0.79%, 0, 0, 9, 358.19, 1115107, 516
2511, 4, 128, 298, 217, 0, 0.79%, 0, 0, 9, 512.11, 1117822, 516
2516, 4, 66, 298, 216, 0, 0.79%, 0, 0, 9, 388.16, 1119923, 516
2521, 4, 40, 299, 217, 0, 0.79%, 0, 0, 9, 584.16, 1120555, 516
2526, 4, 2, 299, 217, 0, 0.79%, 0, 0, 9, 500.04, 1123079, 516
2531, 4, 113, 299, 217, 0, 0.79%, 0, 0, 9, 531.86, 1125319, 516
2536, 4, 2, 300, 218, 0, 0.79%, 0, 0, 9, 403.77, 1127263, 516
2541, 4, 202, 300, 218, 0, 0.79%, 0, 0, 9, 501.05, 1129767, 516
2546, 4, 196, 300, 217, 0, 0.79%, 0, 0, 9, 477.70, 1132143, 516
2552, 4, 2, 301, 218, 0, 0.79%, 0, 0, 9, 66.67, 1134345, 516
2557, 4, 104, 301, 218, 0, 0.79%, 0, 0, 9, 495.41, 1136807, 516
2562, 4, 129, 301, 218, 0, 0.79%, 0, 0, 9, 495.50, 1139207, 516
2567, 4, 19, 301, 218, 0, 0.79%, 0, 0, 9, 71.76, 1140956, 516
2572, 4, 198, 302, 219, 0, 0.79%, 0, 0, 9, 554.89, 1143317, 516
2577, 4, 37, 302, 219, 0, 0.79%, 0, 0, 9, 471.75, 1145531, 516
2582, 4, 196, 302, 219, 0, 0.79%, 0, 0, 9, 489.52, 1147926, 516
2587, 4, 198, 302, 219, 0, 0.79%, 0, 0, 9, 489.64, 1150424, 516
2593, 4, 37, 302, 219, 0, 0.79%, 0, 0, 9, 541.14, 1153297, 516
2598, 4, 35, 302, 219, 0, 0.79%, 0, 0, 9, 404.87, 1155367, 516
2603, 4, 35, 302, 218, 0, 0.79%, 0, 0, 9, 437.63, 1157130, 516
2608, 4, 35, 302, 218, 0, 0.79%, 0, 0, 9, 289.10, 1158295, 516
2613, 4, 15, 302, 218, 0, 0.79%, 0, 0, 9, 415.99, 1160385, 516
2618, 4, 10, 302, 218, 0, 0.79%, 0, 0, 9, 422.01, 1162199, 516
2623, 4, 136, 302, 218, 0, 0.79%, 0, 0, 9, 536.22, 1164959, 516
2629, 4, 93, 302, 218, 0, 0.79%, 0, 0, 9, 506.29, 1167370, 516
2634, 4, 113, 302, 218, 0, 0.79%, 0, 0, 9, 514.14, 1169753, 516
2639, 4, 95, 302, 218, 0, 0.79%, 0, 0, 9, 480.19, 1172007, 516
2644, 4, 272, 302, 218, 0, 0.79%, 0, 0, 9, 466.02, 1174275, 516
2649, 4, 35, 302, 218, 0, 0.79%, 0, 0, 9, 114.60, 1176044, 516
2654, 4, 196, 302, 218, 0, 0.79%, 0, 0, 9, 151.10, 1176924, 516
2659, 4, 136, 302, 218, 0, 0.79%, 0, 0, 9, 472.54, 1179786, 516
2664, 4, 198, 302, 218, 0, 0.79%, 0, 0, 9, 565.95, 1181514, 516
2670, 4, 128, 302, 218, 0, 0.79%, 0, 0, 9, 452.00, 1183689, 516
2675, 4, 128, 302, 218, 0, 0.79%, 0, 0, 9, 388.60, 1185934, 516
2680, 4, 37, 302, 218, 0, 0.79%, 0, 0, 9, 424.05, 1188220, 516
2685, 4, 2, 302, 218, 0, 0.79%, 0, 0, 9, 486.34, 1190851, 516
2690, 4, 10, 302, 218, 0, 0.79%, 0, 0, 9, 467.87, 1193316, 516
2695, 4, 2, 302, 218, 0, 0.79%, 0, 0, 9, 574.33, 1195794, 516
2700, 4, 128, 302, 218, 0, 0.79%, 0, 0, 9, 608.38, 1197749, 516
2705, 4, 37, 302, 218, 0, 0.79%, 0, 0, 9, 521.76, 1200231, 516
2710, 4, 2, 302, 218, 0, 0.79%, 0, 0, 9, 508.23, 1202736, 516
2716, 4, 37, 302, 218, 0, 0.79%, 0, 0, 9, 531.81, 1205357, 516
2721, 4, 275, 302, 218, 0, 0.79%, 0, 0, 9, 515.46, 1207856, 516
2726, 4, 40, 303, 218, 0, 0.79%, 0, 0, 9, 462.75, 1210068, 516
2731, 4, 19, 303, 218, 0, 0.79%, 0, 0, 9, 461.29, 1211715, 516
2736, 4, 129, 303, 218, 0, 0.79%, 0, 0, 9, 454.04, 1213920, 516
2741, 4, 2, 303, 218, 0, 0.79%, 0, 0, 9, 419.71, 1215925, 516
2746, 4, 199, 303, 218, 0, 0.79%, 0, 0, 9, 538.82, 1218734, 516
2751, 4, 2, 303, 218, 0, 0.79%, 0, 0, 9, 559.65, 1221506, 516
2756, 4, 136, 303, 218, 0, 0.79%, 0, 0, 9, 463.77, 1223654, 516
2761, 4, 2, 303, 218, 0, 0.79%, 0, 0, 9, 314.68, 1225150, 516
2767, 4, 113, 303, 218, 0, 0.79%, 0, 0, 9, 452.74, 1227595, 516
2772, 4, 15, 303, 218, 0, 0.79%, 0, 0, 9, 525.78, 1230320, 516
2777, 4, 113, 303, 218, 0, 0.79%, 0, 0, 9, 183.37, 1232685, 516
2782, 4, 18, 303, 218, 0, 0.79%, 0, 0, 9, 376.03, 1234827, 516
2787, 4, 272, 303, 217, 0, 0.79%, 0, 0, 9, 509.08, 1237583, 516
2792, 4, 257, 303, 217, 0, 0.79%, 0, 0, 9, 428.27, 1239714, 516
2797, 4, 257, 303, 217, 0, 0.79%, 0, 0, 9, 428.75, 1241866, 516
2803, 4, 2, 303, 217, 0, 0.79%, 0, 0, 9, 439.08, 1244157, 516
2808, 4, 93, 303, 217, 0, 0.79%, 0, 0, 9, 439.24, 1246282, 516
2813, 4, 37, 303, 217, 0, 0.79%, 0, 0, 9, 441.90, 1248657, 516
2818, 4, 136, 303, 217, 0, 0.79%, 0, 0, 9, 300.36, 1250587, 516
2823, 4, 136, 303, 217, 0, 0.79%, 0, 0, 9, 415.53, 1252872, 516
2828, 4, 199, 303, 217, 0, 0.79%, 0, 0, 9, 453.03, 1255250, 516
2833, 4, 199, 303, 217, 0, 0.79%, 0, 0, 9, 467.87, 1257769, 516
2838, 4, 199, 303, 217, 0, 0.79%, 0, 0, 9, 435.19, 1259624, 516
2843, 4, 40, 303, 217, 0, 0.79%, 0, 0, 9, 474.06, 1262262, 516
2848, 4, 87, 303, 217, 0, 0.79%, 0, 0, 9, 359.91, 1263878, 516
2853, 4, 272, 303, 216, 0, 0.79%, 0, 0, 9, 431.10, 1266084, 516
2859, 4, 2, 303, 216, 0, 0.79%, 0, 0, 9, 439.87, 1268227, 516
2864, 4, 2, 303, 215, 0, 0.79%, 0, 0, 9, 445.24, 1270481, 516
2869, 4, 129, 303, 215, 0, 0.79%, 0, 0, 9, 531.45, 1272766, 516
2874, 4, 15, 303, 215, 0, 0.79%, 0, 0, 9, 471.98, 1275169, 516
2879, 4, 2, 303, 215, 0, 0.79%, 0, 0, 9, 506.54, 1277767, 516
2884, 4, 35, 303, 215, 0, 0.79%, 0, 0, 9, 83.10, 1278911, 516
2889, 4, 129, 303, 215, 0, 0.79%, 0, 0, 9, 512.05, 1281443, 516
2894, 4, 2, 303, 215, 0, 0.79%, 0, 0, 9, 107.12, 1282864, 516
2900, 4, 95, 303, 215, 0, 0.79%, 0, 0, 9, 374.31, 1285111, 516
2905, 4, 272, 303, 215, 0, 0.79%, 0, 0, 9, 486.86, 1287671, 516
2910, 4, 245, 303, 215, 0, 0.79%, 0, 0, 9, 428.23, 1289487, 516
2915, 4, 129, 303, 214, 0, 0.79%, 0, 0, 9, 395.90, 1291717, 516
2920, 4, 272, 303, 214, 0, 0.79%, 0, 0, 9, 448.03, 1293833, 516
2925, 4, 272, 303, 214, 0, 0.79%, 0, 0, 9, 425.94, 1295929, 516
2930, 4, 136, 303, 214, 0, 0.79%, 0, 0, 9, 412.65, 1298039, 516
2935, 4, 191, 303, 214, 0, 0.79%, 0, 0, 9, 512.51, 1300420, 516
2940, 4, 191, 303, 214, 0, 0.79%, 0, 0, 9, 450.10, 1302955, 516
2945, 4, 191, 303, 214, 0, 0.79%, 0, 0, 9, 452.90, 1305548, 516
2950, 4, 191, 303, 214, 0, 0.79%, 0, 0, 9, 316.75, 1307096, 516
2956, 4, 272, 303, 214, 0, 0.79%, 0, 0, 9, 414.44, 1309519, 516
2961, 4, 272, 303, 214, 0, 0.79%, 0, 0, 9, 444.10, 1311629, 516
2966, 4, 198, 303, 214, 0, 0.79%, 0, 0, 9, 451.92, 1313997, 516
2971, 4, 104, 303, 214, 0, 0.79%, 0, 0, 9, 504.17, 1316547, 516
2976, 4, 2, 303, 213, 0, 0.79%, 0, 0, 9, 519.94, 1319224, 516
2981, 4, 50, 303, 213, 0, 0.79%, 0, 0, 9, 516.00, 1320890, 516
2986, 4, 40, 303, 213, 0, 0.79%, 0, 0, 9, 502.15, 1323107, 516
2992, 4, 136, 303, 213, 0, 0.79%, 0, 0, 9, 497.11, 1324830, 516
2997, 4, 2, 303, 213, 0, 0.79%, 0, 0, 9, 434.35, 1326843, 516
3002, 4, 198, 303, 213, 0, 0.79%, 0, 0, 9, 485.91, 1329336, 516
3007, 4, 129, 303, 213, 0, 0.79%, 0, 0, 9, 635.31, 1331080, 516
3012, 4, 19, 303, 213, 0, 0.79%, 0, 0, 9, 441.17, 1333123, 516
3017, 4, 113, 303, 213, 0, 0.79%, 0, 0, 9, 391.67, 1334815, 516
3022, 4, 18, 303, 213, 0, 0.79%, 0, 0, 9, 445.29, 1337041, 516
3027, 4, 122, 303, 213, 0, 0.79%, 0, 0, 9, 364.83, 1339052, 516
3032, 4, 130, 303, 213, 0, 0.79%, 0, 0, 9, 398.12, 1340924, 516
3037, 4, 2, 303, 212, 0, 0.79%, 0, 0, 9, 564.06, 1342703, 516
3042, 4, 19, 303, 212, 0, 0.79%, 0, 0, 9, 344.11, 1344389, 516
3047, 4, 18, 303, 212, 0, 0.79%, 0, 0, 9, 444.16, 1346704, 516
3053, 4, 18, 303, 212, 0, 0.79%, 0, 0, 9, 511.47, 1349465, 516
3058, 5, 136, 303, 212, 0, 0.79%, 0, 0, 9, 439.69, 1351768, 516
3063, 5, 129, 303, 212, 0, 0.79%, 0, 0, 9, 512.81, 1354342, 516
3068, 5, 37, 303, 212, 0, 0.79%, 0, 0, 9, 523.83, 1356973, 516
3073, 5, 80, 303, 212, 0, 0.79%, 0, 0, 9, 91.90, 1358284, 516
3078, 5, 19, 303, 212, 0, 0.79%, 0, 0, 9, 107.12, 1358819, 516
3083, 5, 129, 303, 212, 0, 0.79%, 0, 0, 9, 369.38, 1361133, 516
3088, 5, 230, 303, 212, 0, 0.79%, 0, 0, 9, 457.05, 1363409, 516
3093, 5, 230, 303, 212, 0, 0.79%, 0, 0, 9, 425.11, 1365565, 516
3099, 5, 199, 303, 211, 0, 0.79%, 0, 0, 9, 486.76, 1368275, 516
3104, 5, 199, 303, 211, 0, 0.79%, 0, 0, 9, 475.16, 1370562, 516
3109, 5, 93, 303, 211, 0, 0.79%, 0, 0, 9, 500.31, 1372992, 516
3114, 5, 128, 303, 211, 0, 0.79%, 0, 0, 9, 503.32, 1375521, 516
3119, 5, 128, 303, 211, 0, 0.79%, 0, 0, 9, 507.24, 1378134, 516
3124, 5, 199, 303, 211, 0, 0.79%, 0, 0, 9, 538.38, 1380828, 516
3129, 5, 199, 303, 211, 0, 0.79%, 0, 0, 9, 544.13, 1383664, 516
3134, 5, 2, 303, 211, 0, 0.79%, 0, 0, 9, 462.36, 1386002, 516
3139, 5, 35, 303, 211, 0, 0.79%, 0, 0, 9, 100.04, 1387520, 516
3144, 5, 129, 303, 211, 0, 0.79%, 0, 0, 9, 469.89, 1389689, 516
3149, 5, 93, 303, 211, 0, 0.79%, 0, 0, 9, 513.08, 1392359, 516
3154, 5, 263, 303, 211, 0, 0.79%, 0, 0, 9, 445.52, 1394501, 516
3159, 5, 263, 303, 211, 0, 0.79%, 0, 0, 9, 388.15, 1396176, 516
3164, 5, 2, 303, 211, 0, 0.79%, 0, 0, 9, 408.26, 1398225, 516
3169, 5, 136, 303, 211, 0, 0.79%, 0, 0, 9, 457.35, 1400519, 516
3175, 5, 93, 303, 211, 0, 0.79%, 0, 0, 9, 527.48, 1403109, 516
3180, 5, 19, 303, 211, 0, 0.79%, 0, 0, 9, 472.81, 1405308, 516
3185, 5, 113, 303, 211, 0, 0.79%, 0, 0, 9, 509.23, 1407147, 516
3190, 5, 196, 303, 211, 0, 0.79%, 0, 0, 9, 483.16, 1409431, 516
3195, 5, 136, 303, 211, 0, 0.79%, 0, 0, 9, 494.03, 1412064, 516
3200, 5, 19, 303, 211, 0, 0.79%, 0, 0, 9, 111.46, 1413692, 516
3205, 5, 2, 303, 211, 0, 0.79%, 0, 0, 9, 367.24, 1415704, 516
3210, 5, 294, 303, 211, 0, 0.79%, 0, 0, 9, 174.40, 1416405, 516
3215, 5, 294, 303, 211, 0, 0.79%, 0, 0, 9, 123.54, 1416965, 516
3220, 5, 18, 303, 211, 0, 0.79%, 0, 0, 9, 548.96, 1419137, 516
3226, 5, 2, 303, 211, 0, 0.79%, 0, 0, 9, 364.05, 1420830, 516
3231, 5, 196, 303, 211, 0, 0.79%, 0, 0, 9, 493.72, 1423367, 516
3236, 5, 35, 303, 211, 0, 0.79%, 0, 0, 9, 412.31, 1425354, 516
3241, 5, 2, 303, 211, 0, 0.79%, 0, 0, 9, 151.99, 1426437, 516
3246, 5, 93, 303, 211, 0, 0.79%, 0, 0, 9, 268.66, 1427748, 516
3251, 5, 129, 303, 211, 0, 0.79%, 0, 0, 9, 473.21, 1430233, 516
3256, 5, 113, 303, 211, 0, 0.79%, 0, 0, 9, 540.03, 1432960, 516
3261, 5, 129, 303, 211, 0, 0.79%, 0, 0, 9, 445.00, 1435123, 516
3266, 5, 151, 303, 211, 0, 0.79%, 0, 0, 9, 500.26, 1437504, 516
3271, 5, 294, 303, 210, 0, 0.79%, 0, 0, 9, 429.95, 1439642, 516
3276, 5, 294, 303, 210, 0, 0.79%, 0, 0, 9, 186.67, 1440303, 516
3282, 5, 294, 303, 210, 0, 0.79%, 0, 0, 9, 125.49, 1440863, 516
3287, 5, 113, 303, 210, 0, 0.79%, 0, 0, 9, 380.79, 1443112, 516
3292, 5, 129, 303, 210, 0, 0.79%, 0, 0, 9, 467.19, 1445664, 516
3297, 5, 129, 303, 210, 0, 0.79%, 0, 0, 9, 640.18, 1447868, 516
3302, 5, 128, 303, 210, 0, 0.79%, 0, 0, 9, 543.40, 1450333, 516
3307, 5, 128, 303, 210, 0, 0.79%, 0, 0, 9, 445.49, 1452479, 516
3312, 5, 19, 303, 210, 0, 0.79%, 0, 0, 9, 337.41, 1454250, 516
3317, 5, 204, 303, 210, 0, 0.79%, 0, 0, 9, 475.93, 1456784, 516
3323, 5, 18, 303, 209, 0, 0.79%, 0, 0, 9, 478.62, 1459233, 516
3328, 5, 113, 303, 209, 0, 0.79%, 0, 0, 9, 489.46, 1461626, 516
3333, 5, 199, 303, 209, 0, 0.79%, 0, 0, 9, 536.55, 1464350, 516
3338, 5, 199, 303, 209, 0, 0.79%, 0, 0, 9, 475.12, 1466865, 516
3343, 5, 152, 303, 209, 0, 0.79%, 0, 0, 9, 445.34, 1469153, 516
3348, 5, 2, 303, 208, 0, 0.79%, 0, 0, 9, 467.99, 1471664, 516
3353, 5, 35, 303, 208, 0, 0.79%, 0, 0, 9, 88.82, 1473883, 516
3358, 5, 272, 303, 208, 0, 0.79%, 0, 0, 9, 461.43, 1475703, 516
3363, 5, 2, 303, 208, 0, 0.79%, 0, 0, 9, 445.06, 1478123, 516
3369, 5, 196, 303, 208, 0, 0.79%, 0, 0, 9, 515.89, 1480872, 516
3374, 5, 2, 303, 208, 0, 0.79%, 0, 0, 9, 492.01, 1483325, 516
3379, 5, 129, 303, 208, 0, 0.79%, 0, 0, 9, 536.19, 1484727, 516
3384, 5, 18, 303, 208, 0, 0.79%, 0, 0, 9, 484.74, 1487124, 516
3389, 5, 129, 303, 208, 0, 0.79%, 0, 0, 9, 496.26, 1489620, 516
3394, 5, 219, 303, 208, 0, 0.79%, 0, 0, 9, 371.35, 1491621, 516
3399, 5, 219, 303, 208, 0, 0.79%, 0, 0, 9, 255.42, 1492759, 516
3404, 5, 2, 303, 207, 0, 0.79%, 0, 0, 9, 284.68, 1494126, 516
3409, 5, 129, 303, 206, 0, 0.79%, 0, 0, 9, 451.12, 1496650, 516
3414, 5, 196, 303, 206, 0, 0.79%, 0, 0, 9, 501.34, 1499232, 516
3420, 5, 19, 303, 206, 0, 0.79%, 0, 0, 9, 73.23, 1500537, 516
3425, 5, 37, 303, 206, 0, 0.79%, 0, 0, 9, 462.69, 1502589, 516
3430, 5, 18, 303, 206, 0, 0.79%, 0, 0, 9, 457.65, 1504271, 516
3435, 5, 185, 303, 206, 0, 0.79%, 0, 0, 9, 476.23, 1506801, 516
3440, 5, 129, 303, 205, 0, 0.79%, 0, 0, 9, 520.99, 1509499, 516
3445, 5, 15, 303, 205, 0, 0.79%, 0, 0, 9, 85.10, 1511187, 516
3450, 5, 2, 303, 205, 0, 0.79%, 0, 0, 9, 507.84, 1513771, 516
3455, 5, 196, 303, 205, 0, 0.79%, 0, 0, 9, 458.09, 1515975, 516
3461, 5, 122, 303, 204, 0, 0.79%, 0, 0, 9, 445.78, 1518272, 516
3466, 5, 2, 303, 204, 0, 0.79%, 0, 0, 9, 349.98, 1519730, 516
3471, 5, 136, 303, 204, 0, 0.79%, 0, 0, 9, 476.34, 1521430, 516
3476, 5, 129, 303, 204, 0, 0.79%, 0, 0, 9, 521.51, 1524020, 516
3481, 5, 113, 303, 204, 0, 0.79%, 0, 0, 9, 410.00, 1525332, 516
3486, 5, 18, 303, 204, 0, 0.79%, 0, 0, 9, 486.15, 1527833, 516
3491, 5, 66, 303, 204, 0, 0.79%, 0, 0, 9, 112.32, 1529016, 516
3496, 5, 95, 303, 204, 0, 0.79%, 0, 0, 9, 529.89, 1530252, 516
3502, 5, 4, 303, 204, 0, 0.79%, 0, 0, 9, 274.51, 1531455, 516
3507, 5, 37, 303, 203, 0, 0.79%, 0, 0, 9, 350.84, 1533140, 516
3512, 5, 272, 303, 202, 0, 0.79%, 0, 0, 9, 458.44, 1535635, 516
3517, 5, 113, 303, 202, 0, 0.79%, 0, 0, 9, 485.56, 1537965, 516
3522, 5, 19, 303, 202, 0, 0.79%, 0, 0, 9, 316.80, 1539614, 516
3527, 5, 272, 303, 202, 0, 0.79%, 0, 0, 9, 445.48, 1541952, 516
3532, 5, 18, 303, 202, 0, 0.79%, 0, 0, 9, 542.70, 1544217, 516
3537, 5, 2, 303, 202, 0, 0.79%, 0, 0, 9, 488.03, 1546739, 516
3542, 5, 18, 303, 202, 0, 0.79%, 0, 0, 9, 501.25, 1549259, 516
3547, 5, 128, 303, 202, 0, 0.79%, 0, 0, 9, 499.55, 1551721, 516
3553, 5, 2, 303, 202, 0, 0.79%, 0, 0, 9, 444.52, 1553864, 516
3558, 5, 2, 303, 202, 0, 0.79%, 0, 0, 9, 445.00, 1556142, 516
3563, 5, 196, 303, 202, 0, 0.79%, 0, 0, 9, 503.09, 1558708, 516
3568, 5, 211, 303, 202, 0, 0.79%, 0, 0, 9, 381.20, 1560498, 516
3573, 5, 95, 303, 201, 0, 0.79%, 0, 0, 9, 413.44, 1562662, 516
3578, 5, 40, 303, 201, 0, 0.79%, 0, 0, 9, 461.55, 1564974, 516
3583, 5, 57, 303, 201, 0, 0.79%, 0, 0, 9, 522.56, 1567748, 516
3588, 5, 196, 303, 200, 0, 0.79%, 0, 0, 9, 429.86, 1569681, 516
3593, 5, 272, 303, 200, 0, 0.79%, 0, 0, 9, 490.73, 1572103, 516
3598, 5, 113, 303, 199, 0, 0.79%, 0, 0, 9, 518.55, 1574567, 516
3603, 5, 2, 303, 199, 0, 0.79%, 0, 0, 9, 450.40, 1576105, 516
3609, 5, 2, 303, 199, 0, 0.79%, 0, 0, 9, 455.18, 1578410, 516
3614, 5, 15, 303, 199, 0, 0.79%, 0, 0, 9, 467.25, 1580637, 516
3619, 6, 113, 303, 199, 0, 0.79%, 0, 0, 9, 496.65, 1582366, 516
3624, 6, 129, 303, 199, 0, 0.79%, 0, 0, 9, 487.12, 1584916, 516
3629, 6, 272, 303, 199, 0, 0.79%, 0, 0, 9, 453.85, 1587241, 516
3634, 6, 93, 303, 199, 0, 0.79%, 0, 0, 9, 510.05, 1589769, 516
3639, 6, 198, 303, 199, 0, 0.79%, 0, 0, 9, 483.79, 1592123, 516
