# relative_time, cycles_done, cur_item, corpus_count, pending_total, pending_favs, map_size, saved_crashes, saved_hangs, max_depth, execs_per_sec, total_execs, edges_found
61, 0, 7, 11, 4, 0, 1.27%, 0, 0, 3, 237.36, 13891, 834
66, 0, 8, 11, 4, 0, 1.27%, 0, 0, 3, 236.95, 15107, 834
71, 1, 8, 11, 4, 0, 1.27%, 0, 0, 3, 243.11, 16335, 834
76, 1, 8, 11, 4, 0, 1.27%, 0, 0, 3, 242.31, 17549, 834
81, 1, 3, 11, 4, 0, 1.27%, 0, 0, 3, 242.67, 18763, 834
86, 1, 8, 11, 4, 0, 1.27%, 0, 0, 3, 242.50, 20023, 834
91, 1, 6, 11, 4, 0, 1.27%, 0, 0, 3, 240.99, 21229, 834
96, 1, 1, 11, 4, 0, 1.27%, 0, 0, 3, 229.55, 22373, 834
101, 1, 1, 11, 4, 0, 1.27%, 0, 0, 3, 224.60, 23489, 834
106, 1, 1, 11, 4, 0, 1.27%, 0, 0, 3, 223.13, 24621, 834
111, 1, 3, 11, 4, 0, 1.27%, 0, 0, 3, 223.30, 25741, 834
116, 2, 0, 11, 4, 0, 1.27%, 0, 0, 3, 214.44, 26851, 834
121, 2, 0, 12, 5, 0, 1.28%, 0, 0, 3, 205.34, 27816, 842
126, 2, 11, 12, 4, 1, 1.28%, 0, 0, 3, 204.58, 28853, 842
132, 2, 11, 12, 4, 1, 1.28%, 0, 0, 3, 218.26, 30005, 842
137, 2, 3, 12, 3, 0, 1.28%, 0, 0, 3, 235.62, 31237, 842
142, 2, 7, 12, 3, 0, 1.28%, 0, 0, 3, 230.11, 32441, 842
147, 2, 11, 12, 3, 0, 1.28%, 0, 0, 3, 225.75, 33605, 842
152, 2, 11, 12, 3, 0, 1.28%, 0, 0, 3, 223.74, 34713, 842
157, 2, 11, 12, 3, 0, 1.28%, 0, 0, 3, 223.05, 35877, 842
162, 2, 3, 12, 3, 0, 1.28%, 0, 0, 3, 229.73, 37021, 842
167, 3, 4, 12, 3, 0, 1.28%, 0, 0, 3, 233.95, 38258, 842
173, 3, 8, 12, 2, 0, 1.28%, 0, 0, 3, 229.80, 39392, 842
178, 3, 4, 12, 2, 0, 1.28%, 0, 0, 3, 221.48, 40508, 842
183, 3, 4, 12, 2, 0, 1.28%, 0, 0, 3, 227.10, 41642, 842
188, 3, 4, 12, 2, 0, 1.28%, 0, 0, 3, 223.52, 42758, 842
193, 3, 4, 12, 2, 0, 1.28%, 0, 0, 3, 221.31, 43870, 842
198, 3, 4, 12, 2, 0, 1.28%, 0, 0, 3, 221.50, 44989, 842
203, 3, 11, 12, 2, 0, 1.28%, 0, 0, 3, 222.10, 46098, 842
208, 3, 4, 12, 2, 0, 1.28%, 0, 0, 3, 224.20, 47232, 842
213, 3, 4, 12, 2, 0, 1.28%, 0, 0, 3, 222.33, 48380, 842
218, 4, 6, 12, 2, 0, 1.28%, 0, 0, 3, 237.74, 49588, 842
223, 4, 3, 12, 2, 0, 1.28%, 0, 0, 3, 226.94, 50706, 842
228, 4, 3, 12, 2, 0, 1.28%, 0, 0, 3, 226.33, 51836, 842
233, 4, 3, 12, 2, 0, 1.28%, 0, 0, 3, 242.08, 53106, 842
238, 5, 3, 12, 2, 0, 1.28%, 0, 0, 3, 232.74, 54254, 842
243, 5, 8, 12, 2, 0, 1.28%, 0, 0, 3, 230.82, 55406, 842
248, 5, 4, 12, 2, 0, 1.28%, 0, 0, 3, 222.68, 56566, 842
253, 5, 4, 12, 2, 0, 1.28%, 0, 0, 3, 232.96, 57760, 842
258, 5, 4, 12, 2, 0, 1.28%, 0, 0, 3, 227.10, 58898, 842
263, 5, 4, 12, 2, 0, 1.28%, 0, 0, 3, 222.99, 60014, 842
269, 6, 4, 12, 2, 0, 1.28%, 0, 0, 3, 234.67, 61256, 842
274, 6, 4, 12, 2, 0, 1.28%, 0, 0, 3, 222.83, 62396, 842
279, 6, 6, 12, 2, 0, 1.28%, 0, 0, 3, 236.61, 63630, 842
284, 6, 5, 12, 2, 0, 1.28%, 0, 0, 3, 227.16, 64762, 842
289, 6, 4, 12, 2, 0, 1.28%, 0, 0, 3, 231.17, 65952, 842
294, 6, 4, 12, 2, 0, 1.28%, 0, 0, 3, 223.96, 67108, 842
299, 6, 8, 12, 2, 0, 1.28%, 0, 0, 3, 221.96, 68244, 842
304, 6, 7, 12, 2, 0, 1.28%, 0, 0, 3, 224.59, 69392, 842
309, 7, 4, 12, 2, 0, 1.28%, 0, 0, 3, 223.10, 70520, 842
315, 7, 4, 12, 2, 0, 1.28%, 0, 0, 3, 222.05, 71676, 842
320, 7, 4, 12, 2, 0, 1.28%, 0, 0, 3, 223.70, 72800, 842
325, 7, 4, 12, 2, 0, 1.28%, 0, 0, 3, 223.32, 73960, 842
330, 7, 4, 12, 2, 0, 1.28%, 0, 0, 3, 234.22, 75140, 842
335, 7, 11, 12, 2, 0, 1.28%, 0, 0, 3, 226.48, 76268, 842
340, 7, 11, 12, 2, 0, 1.28%, 0, 0, 3, 224.15, 77392, 842
345, 7, 4, 12, 2, 0, 1.28%, 0, 0, 3, 221.44, 78542, 842
350, 7, 8, 12, 2, 0, 1.28%, 0, 0, 3, 222.09, 79668, 842
355, 8, 4, 12, 2, 0, 1.28%, 0, 0, 3, 225.20, 80816, 842
360, 8, 3, 12, 2, 0, 1.28%, 0, 0, 3, 226.26, 81976, 842
365, 8, 4, 12, 2, 0, 1.28%, 0, 0, 3, 222.61, 83096, 842
370, 8, 4, 12, 2, 0, 1.28%, 0, 0, 3, 218.16, 84196, 842
375, 8, 4, 12, 2, 0, 1.28%, 0, 0, 3, 221.78, 85318, 842
380, 8, 4, 12, 2, 0, 1.28%, 0, 0, 3, 221.31, 86426, 842
386, 8, 3, 12, 2, 0, 1.28%, 0, 0, 3, 241.37, 87682, 842
391, 9, 8, 12, 2, 0, 1.28%, 0, 0, 3, 231.91, 88866, 842
396, 9, 4, 12, 2, 0, 1.28%, 0, 0, 3, 227.23, 90018, 842
401, 9, 8, 12, 2, 0, 1.28%, 0, 0, 3, 226.09, 91152, 842
406, 9, 7, 12, 2, 0, 1.28%, 0, 0, 3, 228.79, 92366, 842
411, 9, 4, 12, 2, 0, 1.28%, 0, 0, 3, 225.61, 93500, 842
416, 9, 8, 12, 2, 0, 1.28%, 0, 0, 3, 226.81, 94672, 842
421, 10, 4, 12, 2, 0, 1.28%, 0, 0, 3, 241.59, 95932, 842
426, 10, 4, 12, 2, 0, 1.28%, 0, 0, 3, 225.91, 97048, 842
432, 10, 4, 12, 2, 0, 1.28%, 0, 0, 3, 221.42, 98192, 842
437, 10, 4, 12, 2, 0, 1.28%, 0, 0, 3, 228.91, 99394, 842
442, 10, 8, 12, 2, 0, 1.28%, 0, 0, 3, 232.97, 100550, 842
447, 10, 4, 12, 2, 0, 1.28%, 0, 0, 3, 228.81, 101744, 842
452, 10, 4, 12, 2, 0, 1.28%, 0, 0, 3, 224.83, 102868, 842
457, 11, 4, 12, 2, 0, 1.28%, 0, 0, 3, 222.10, 104024, 842
462, 11, 4, 12, 2, 0, 1.28%, 0, 0, 3, 220.92, 105136, 842
467, 11, 4, 12, 2, 0, 1.28%, 0, 0, 3, 224.71, 106312, 842
472, 11, 4, 12, 2, 0, 1.28%, 0, 0, 3, 229.99, 107470, 842
478, 11, 4, 12, 2, 0, 1.28%, 0, 0, 3, 220.82, 108578, 842
483, 11, 4, 12, 2, 0, 1.28%, 0, 0, 3, 222.52, 109706, 842
488, 11, 4, 12, 2, 0, 1.28%, 0, 0, 3, 225.03, 110836, 842
493, 11, 4, 12, 2, 0, 1.28%, 0, 0, 3, 223.57, 111952, 842
498, 11, 7, 12, 2, 0, 1.28%, 0, 0, 3, 224.40, 113112, 842
503, 12, 3, 12, 2, 0, 1.28%, 0, 0, 3, 238.14, 114310, 842
508, 12, 4, 12, 2, 0, 1.28%, 0, 0, 3, 229.12, 115464, 842
513, 12, 4, 12, 2, 0, 1.28%, 0, 0, 3, 233.31, 116642, 842
518, 12, 6, 12, 2, 0, 1.28%, 0, 0, 3, 238.08, 117858, 842
523, 12, 8, 12, 2, 0, 1.28%, 0, 0, 3, 244.25, 119092, 842
528, 12, 4, 12, 2, 0, 1.28%, 0, 0, 3, 227.96, 120232, 842
533, 13, 8, 12, 2, 0, 1.28%, 0, 0, 3, 239.29, 121488, 842
538, 13, 4, 12, 2, 0, 1.28%, 0, 0, 3, 233.52, 122676, 842
543, 13, 4, 12, 2, 0, 1.28%, 0, 0, 3, 232.59, 123846, 842
548, 13, 4, 12, 2, 0, 1.28%, 0, 0, 3, 224.25, 124962, 842
553, 13, 4, 12, 2, 0, 1.28%, 0, 0, 3, 223.40, 126078, 842
558, 13, 8, 12, 2, 0, 1.28%, 0, 0, 3, 228.61, 127258, 842
564, 13, 7, 12, 2, 0, 1.28%, 0, 0, 3, 233.70, 128450, 842
569, 13, 4, 12, 2, 0, 1.28%, 0, 0, 3, 227.09, 129570, 842
574, 14, 4, 12, 2, 0, 1.28%, 0, 0, 3, 221.16, 130688, 842
579, 14, 4, 12, 2, 0, 1.28%, 0, 0, 3, 222.81, 131812, 842
584, 14, 8, 12, 2, 0, 1.28%, 0, 0, 3, 234.34, 132984, 842
589, 14, 4, 12, 2, 0, 1.28%, 0, 0, 3, 229.64, 134192, 842
594, 14, 8, 12, 2, 0, 1.28%, 0, 0, 3, 228.83, 135368, 842
599, 14, 8, 12, 2, 0, 1.28%, 0, 0, 3, 224.83, 136524, 842
604, 14, 4, 12, 2, 0, 1.28%, 0, 0, 3, 227.48, 137736, 842
609, 15, 4, 12, 2, 0, 1.28%, 0, 0, 3, 220.56, 138832, 842
614, 15, 6, 12, 2, 0, 1.28%, 0, 0, 3, 225.15, 139956, 842
620, 15, 4, 12, 2, 0, 1.28%, 0, 0, 3, 227.52, 141164, 842
625, 15, 4, 12, 2, 0, 1.28%, 0, 0, 3, 223.66, 142280, 842
630, 15, 4, 12, 2, 0, 1.28%, 0, 0, 3, 226.90, 143470, 842
635, 15, 4, 12, 2, 0, 1.28%, 0, 0, 3, 228.01, 144626, 842
640, 15, 4, 12, 2, 0, 1.28%, 0, 0, 3, 224.31, 145786, 842
645, 15, 8, 12, 2, 0, 1.28%, 0, 0, 3, 223.73, 146906, 842
650, 16, 4, 12, 2, 0, 1.28%, 0, 0, 3, 228.64, 148114, 842
655, 16, 6, 12, 2, 0, 1.28%, 0, 0, 3, 240.54, 149338, 842
660, 16, 4, 12, 2, 0, 1.28%, 0, 0, 3, 237.50, 150582, 842
665, 16, 4, 12, 2, 0, 1.28%, 0, 0, 3, 226.20, 151702, 842
671, 16, 4, 12, 2, 0, 1.28%, 0, 0, 3, 223.27, 152858, 842
676, 16, 4, 12, 2, 0, 1.28%, 0, 0, 3, 219.04, 153946, 842
681, 16, 4, 12, 2, 0, 1.28%, 0, 0, 3, 226.10, 155124, 842
686, 16, 4, 12, 2, 0, 1.28%, 0, 0, 3, 231.63, 156288, 842
691, 16, 7, 12, 2, 0, 1.28%, 0, 0, 3, 223.38, 157396, 842
696, 17, 8, 12, 2, 0, 1.28%, 0, 0, 3, 235.77, 158570, 842
701, 17, 8, 12, 2, 0, 1.28%, 0, 0, 3, 231.17, 159722, 842
706, 17, 7, 12, 2, 0, 1.28%, 0, 0, 3, 228.99, 160918, 842
711, 17, 4, 12, 2, 0, 1.28%, 0, 0, 3, 236.54, 162132, 842
716, 17, 4, 12, 2, 0, 1.28%, 0, 0, 3, 226.12, 163256, 842
722, 17, 4, 12, 2, 0, 1.28%, 0, 0, 3, 225.29, 164416, 842
727, 17, 1, 12, 2, 0, 1.28%, 0, 0, 3, 230.16, 165584, 842
732, 17, 1, 12, 2, 0, 1.28%, 0, 0, 3, 223.80, 166704, 842
737, 17, 1, 12, 2, 0, 1.28%, 0, 0, 3, 226.25, 167840, 842
742, 18, 8, 12, 2, 0, 1.28%, 0, 0, 3, 233.98, 169040, 842
747, 18, 4, 12, 2, 0, 1.28%, 0, 0, 3, 227.33, 170234, 842
752, 18, 4, 12, 2, 0, 1.28%, 0, 0, 3, 226.50, 171404, 842
757, 18, 4, 12, 2, 0, 1.28%, 0, 0, 3, 229.12, 172578, 842
762, 18, 4, 12, 2, 0, 1.28%, 0, 0, 3, 221.89, 173682, 842
767, 19, 4, 12, 2, 0, 1.28%, 0, 0, 3, 228.29, 174884, 842
772, 19, 8, 12, 2, 0, 1.28%, 0, 0, 3, 225.27, 176012, 842
778, 19, 4, 12, 2, 0, 1.28%, 0, 0, 3, 224.76, 177200, 842
783, 19, 4, 12, 2, 0, 1.28%, 0, 0, 3, 228.40, 178362, 842
788, 19, 8, 12, 2, 0, 1.28%, 0, 0, 3, 229.96, 179506, 842
793, 19, 4, 12, 2, 0, 1.28%, 0, 0, 3, 231.44, 180728, 842
798, 19, 4, 12, 2, 0, 1.28%, 0, 0, 3, 224.45, 181884, 842
803, 20, 7, 12, 2, 0, 1.28%, 0, 0, 3, 235.33, 183126, 842
808, 20, 7, 12, 2, 0, 1.28%, 0, 0, 3, 231.54, 184280, 842
813, 20, 8, 12, 2, 0, 1.28%, 0, 0, 3, 235.76, 185494, 842
818, 20, 4, 12, 2, 0, 1.28%, 0, 0, 3, 227.77, 186638, 842
824, 20, 3, 12, 2, 0, 1.28%, 0, 0, 3, 232.87, 187824, 842
829, 20, 1, 12, 2, 0, 1.28%, 0, 0, 3, 226.53, 188954, 842
834, 20, 1, 12, 2, 0, 1.28%, 0, 0, 3, 226.45, 190094, 842
839, 20, 1, 12, 2, 0, 1.28%, 0, 0, 3, 227.65, 191238, 842
844, 21, 4, 12, 2, 0, 1.28%, 0, 0, 3, 224.67, 192358, 842
849, 21, 7, 12, 2, 0, 1.28%, 0, 0, 3, 235.30, 193566, 842
854, 21, 9, 12, 2, 0, 1.28%, 0, 0, 3, 230.76, 194707, 842
859, 21, 9, 12, 1, 0, 1.28%, 0, 0, 3, 238.97, 195905, 842
864, 21, 4, 12, 1, 0, 1.28%, 0, 0, 3, 225.75, 197029, 842
869, 21, 0, 12, 1, 0, 1.28%, 0, 0, 3, 215.95, 198111, 842
874, 21, 0, 12, 1, 0, 1.28%, 0, 0, 3, 212.48, 199171, 842
879, 21, 0, 12, 1, 0, 1.28%, 0, 0, 3, 212.63, 200235, 842
884, 22, 4, 12, 1, 0, 1.28%, 0, 0, 3, 221.74, 201351, 842
889, 22, 4, 12, 1, 0, 1.28%, 0, 0, 3, 221.74, 202459, 842
894, 22, 4, 12, 1, 0, 1.28%, 0, 0, 3, 222.22, 203607, 842
899, 22, 4, 12, 1, 0, 1.28%, 0, 0, 3, 223.85, 204735, 842
904, 22, 4, 12, 1, 0, 1.28%, 0, 0, 3, 220.88, 205883, 842
909, 22, 11, 12, 1, 0, 1.28%, 0, 0, 3, 223.39, 207007, 842
914, 22, 4, 12, 1, 0, 1.28%, 0, 0, 3, 227.33, 208153, 842
919, 22, 4, 12, 1, 0, 1.28%, 0, 0, 3, 222.77, 209269, 842
925, 22, 4, 12, 1, 0, 1.28%, 0, 0, 3, 226.65, 210417, 842
930, 23, 3, 12, 1, 0, 1.28%, 0, 0, 3, 239.37, 211609, 842
935, 23, 6, 12, 1, 0, 1.28%, 0, 0, 3, 240.35, 212845, 842
940, 23, 11, 12, 1, 0, 1.28%, 0, 0, 3, 234.73, 214031, 842
945, 23, 11, 12, 1, 0, 1.28%, 0, 0, 3, 225.74, 215151, 842
950, 23, 4, 12, 1, 0, 1.28%, 0, 0, 3, 225.03, 216323, 842
955, 23, 4, 12, 1, 0, 1.28%, 0, 0, 3, 228.85, 217531, 842
960, 24, 4, 12, 1, 0, 1.28%, 0, 0, 3, 223.97, 218651, 842
965, 24, 1, 12, 1, 0, 1.28%, 0, 0, 3, 225.51, 219779, 842
970, 24, 1, 12, 1, 0, 1.28%, 0, 0, 3, 222.58, 220927, 842
975, 24, 1, 12, 1, 0, 1.28%, 0, 0, 3, 223.69, 222059, 842
981, 24, 4, 12, 1, 0, 1.28%, 0, 0, 3, 225.79, 223247, 842
986, 24, 4, 12, 1, 0, 1.28%, 0, 0, 3, 221.95, 224399, 842
991, 24, 4, 12, 1, 0, 1.28%, 0, 0, 3, 222.87, 225523, 842
996, 24, 4, 12, 1, 0, 1.28%, 0, 0, 3, 240.54, 226791, 842
1001, 24, 7, 12, 1, 0, 1.28%, 0, 0, 3, 228.18, 227951, 842
1006, 24, 7, 12, 1, 0, 1.28%, 0, 0, 3, 224.80, 229079, 842
1011, 24, 4, 12, 1, 0, 1.28%, 0, 0, 3, 224.95, 230261, 842
1017, 25, 4, 12, 1, 0, 1.28%, 0, 0, 3, 228.06, 231461, 842
1022, 25, 9, 12, 1, 0, 1.28%, 0, 0, 3, 223.59, 232577, 842
1027, 25, 1, 12, 1, 0, 1.28%, 0, 0, 3, 224.06, 233745, 842
1032, 25, 1, 12, 1, 0, 1.28%, 0, 0, 3, 223.85, 234865, 842
1037, 25, 1, 12, 1, 0, 1.28%, 0, 0, 3, 222.21, 235989, 842
1042, 25, 4, 12, 1, 0, 1.28%, 0, 0, 3, 224.72, 237161, 842
1047, 25, 4, 12, 1, 0, 1.28%, 0, 0, 3, 223.72, 238285, 842
1052, 25, 4, 12, 1, 0, 1.28%, 0, 0, 3, 223.53, 239445, 842
1058, 25, 6, 12, 1, 0, 1.28%, 0, 0, 3, 235.33, 240657, 842
1063, 25, 9, 12, 1, 0, 1.28%, 0, 0, 3, 232.17, 241859, 842
1068, 26, 4, 12, 1, 0, 1.28%, 0, 0, 3, 225.52, 243031, 842
1073, 26, 9, 12, 1, 0, 1.28%, 0, 0, 3, 226.26, 244192, 842
1078, 26, 4, 12, 1, 0, 1.28%, 0, 0, 3, 223.29, 245341, 842
1083, 26, 4, 12, 1, 0, 1.28%, 0, 0, 3, 221.71, 246457, 842
1088, 26, 4, 12, 1, 0, 1.28%, 0, 0, 3, 223.62, 247621, 842
1094, 26, 4, 12, 1, 0, 1.28%, 0, 0, 3, 222.13, 248741, 842
1099, 27, 6, 12, 1, 0, 1.28%, 0, 0, 3, 239.19, 249989, 842
1104, 27, 4, 12, 1, 0, 1.28%, 0, 0, 3, 229.88, 251199, 842
1109, 27, 11, 12, 1, 0, 1.28%, 0, 0, 3, 223.44, 252347, 842
1114, 27, 6, 12, 1, 0, 1.28%, 0, 0, 3, 232.73, 253557, 842
1119, 27, 4, 12, 1, 0, 1.28%, 0, 0, 3, 239.24, 254783, 842
1124, 27, 4, 12, 1, 0, 1.28%, 0, 0, 3, 231.15, 255933, 842
1130, 28, 6, 12, 1, 0, 1.28%, 0, 0, 3, 239.94, 257161, 842
1135, 28, 4, 12, 1, 0, 1.28%, 0, 0, 3, 230.16, 258329, 842
1140, 28, 4, 12, 1, 0, 1.28%, 0, 0, 3, 223.68, 259485, 842
1145, 28, 5, 12, 1, 0, 1.28%, 0, 0, 3, 224.91, 260653, 842
1150, 28, 1, 12, 1, 0, 1.28%, 0, 0, 3, 225.67, 261823, 842
1155, 28, 1, 12, 1, 0, 1.28%, 0, 0, 3, 225.64, 262947, 842
1160, 28, 1, 12, 1, 0, 1.28%, 0, 0, 3, 227.43, 264087, 842
1165, 28, 9, 12, 1, 0, 1.28%, 0, 0, 3, 225.67, 265255, 842
1170, 28, 4, 12, 1, 0, 1.28%, 0, 0, 3, 224.37, 266383, 842
1176, 28, 9, 12, 1, 0, 1.28%, 0, 0, 3, 231.92, 267587, 842
1181, 29, 9, 12, 1, 0, 1.28%, 0, 0, 3, 232.17, 268741, 842
1186, 29, 4, 12, 1, 0, 1.28%, 0, 0, 3, 226.73, 269913, 842
1191, 29, 4, 12, 1, 0, 1.28%, 0, 0, 3, 224.73, 271033, 842
1196, 29, 4, 12, 1, 0, 1.28%, 0, 0, 3, 221.47, 272161, 842
1201, 29, 4, 12, 1, 0, 1.28%, 0, 0, 3, 219.82, 273261, 842
1206, 29, 4, 12, 1, 0, 1.28%, 0, 0, 3, 223.17, 274427, 842
1211, 29, 1, 12, 1, 0, 1.28%, 0, 0, 3, 225.57, 275551, 842
1216, 29, 1, 12, 1, 0, 1.28%, 0, 0, 3, 224.38, 276679, 842
1221, 29, 1, 12, 1, 0, 1.28%, 0, 0, 3, 226.26, 277847, 842
1226, 29, 4, 12, 1, 0, 1.28%, 0, 0, 3, 225.65, 278975, 842
1231, 30, 4, 12, 1, 0, 1.28%, 0, 0, 3, 228.34, 280113, 842
1236, 30, 9, 12, 1, 0, 1.28%, 0, 0, 3, 227.40, 281275, 842
1241, 30, 9, 12, 1, 0, 1.28%, 0, 0, 3, 232.96, 282441, 842
1247, 30, 4, 12, 1, 0, 1.28%, 0, 0, 3, 230.12, 283637, 842
1252, 30, 7, 12, 1, 0, 1.28%, 0, 0, 3, 225.39, 284767, 842
1257, 30, 4, 12, 1, 0, 1.28%, 0, 0, 3, 225.38, 285897, 842
1262, 31, 4, 12, 1, 0, 1.28%, 0, 0, 3, 222.59, 287065, 842
1267, 31, 4, 12, 1, 0, 1.28%, 0, 0, 3, 222.73, 288189, 842
1272, 31, 6, 12, 1, 0, 1.28%, 0, 0, 3, 240.61, 289467, 842
1277, 31, 3, 12, 1, 0, 1.28%, 0, 0, 3, 233.08, 290669, 842
1282, 31, 4, 12, 1, 0, 1.28%, 0, 0, 3, 226.88, 291807, 842
1287, 31, 4, 12, 1, 0, 1.28%, 0, 0, 3, 221.31, 292911, 842
1292, 32, 4, 12, 1, 0, 1.28%, 0, 0, 3, 224.90, 294059, 842
1298, 32, 4, 12, 1, 0, 1.28%, 0, 0, 3, 222.96, 295215, 842
1303, 32, 3, 12, 1, 0, 1.28%, 0, 0, 3, 223.63, 296331, 842
1308, 32, 4, 12, 1, 0, 1.28%, 0, 0, 3, 226.74, 297489, 842
1313, 32, 4, 12, 1, 0, 1.28%, 0, 0, 3, 225.39, 298609, 842
1318, 32, 4, 12, 1, 0, 1.28%, 0, 0, 3, 226.20, 299779, 842
1323, 32, 4, 12, 1, 0, 1.28%, 0, 0, 3, 224.42, 300903, 842
1328, 33, 7, 12, 1, 0, 1.28%, 0, 0, 3, 228.64, 302097, 842
1333, 33, 4, 12, 1, 0, 1.28%, 0, 0, 3, 226.84, 303233, 842
1338, 33, 6, 12, 1, 0, 1.28%, 0, 0, 3, 234.88, 304401, 842
1343, 33, 4, 12, 1, 0, 1.28%, 0, 0, 3, 229.13, 305577, 842
1348, 33, 4, 12, 1, 0, 1.28%, 0, 0, 3, 224.46, 306751, 842
1354, 33, 4, 12, 1, 0, 1.28%, 0, 0, 3, 227.73, 307955, 842
1359, 33, 4, 12, 1, 0, 1.28%, 0, 0, 3, 222.52, 309063, 842
1364, 34, 5, 12, 1, 0, 1.28%, 0, 0, 3, 227.44, 310243, 842
1369, 34, 4, 12, 1, 0, 1.28%, 0, 0, 3, 222.31, 311397, 842
1374, 34, 4, 12, 1, 0, 1.28%, 0, 0, 3, 223.92, 312537, 842
1379, 34, 4, 12, 1, 0, 1.28%, 0, 0, 3, 220.85, 313685, 842
1384, 34, 4, 12, 1, 0, 1.28%, 0, 0, 3, 222.25, 314811, 842
1389, 34, 4, 12, 1, 0, 1.28%, 0, 0, 3, 223.25, 315939, 842
1394, 34, 4, 12, 1, 0, 1.28%, 0, 0, 3, 225.17, 317107, 842
1400, 34, 9, 12, 1, 0, 1.28%, 0, 0, 3, 224.65, 318243, 842
1405, 35, 3, 12, 1, 0, 1.28%, 0, 0, 3, 231.57, 319407, 842
1410, 35, 9, 12, 1, 0, 1.28%, 0, 0, 3, 228.11, 320583, 842
1415, 35, 4, 12, 1, 0, 1.28%, 0, 0, 3, 223.91, 321753, 842
1420, 35, 11, 12, 1, 0, 1.28%, 0, 0, 3, 234.41, 322993, 842
1425, 35, 11, 12, 1, 0, 1.28%, 0, 0, 3, 225.83, 324109, 842
1430, 35, 7, 12, 1, 0, 1.28%, 0, 0, 3, 225.59, 325241, 842
1435, 35, 4, 12, 1, 0, 1.28%, 0, 0, 3, 222.80, 326361, 842
1440, 36, 4, 12, 1, 0, 1.28%, 0, 0, 3, 227.70, 327547, 842
1445, 36, 4, 12, 1, 0, 1.28%, 0, 0, 3, 224.21, 328675, 842
1451, 36, 3, 12, 1, 0, 1.28%, 0, 0, 3, 231.03, 329865, 842
1456, 36, 4, 12, 1, 0, 1.28%, 0, 0, 3, 227.74, 331033, 842
1461, 36, 4, 12, 1, 0, 1.28%, 0, 0, 3, 223.16, 332149, 842
1466, 36, 1, 12, 1, 0, 1.28%, 0, 0, 3, 223.35, 333271, 842
1471, 36, 1, 12, 1, 0, 1.28%, 0, 0, 3, 232.33, 334483, 842
1476, 36, 1, 12, 1, 0, 1.28%, 0, 0, 3, 233.14, 335655, 842
1481, 36, 4, 12, 1, 0, 1.28%, 0, 0, 3, 218.80, 336755, 842
1486, 36, 4, 12, 1, 0, 1.28%, 0, 0, 3, 221.50, 337875, 842
1491, 37, 7, 12, 1, 0, 1.28%, 0, 0, 3, 225.55, 339003, 842
1496, 37, 3, 12, 1, 0, 1.28%, 0, 0, 3, 228.88, 340193, 842
1501, 37, 1, 12, 1, 0, 1.28%, 0, 0, 3, 223.32, 341315, 842
1506, 37, 1, 12, 1, 0, 1.28%, 0, 0, 3, 230.88, 342483, 842
1512, 37, 1, 12, 1, 0, 1.28%, 0, 0, 3, 224.64, 343639, 842
1517, 37, 7, 12, 1, 0, 1.28%, 0, 0, 3, 227.14, 344779, 842
1522, 37, 4, 12, 1, 0, 1.28%, 0, 0, 3, 224.14, 345943, 842
1527, 37, 4, 12, 1, 0, 1.28%, 0, 0, 3, 223.51, 347067, 842
1532, 37, 7, 12, 1, 0, 1.28%, 0, 0, 3, 223.68, 348199, 842
1537, 37, 4, 12, 1, 0, 1.28%, 0, 0, 3, 225.19, 349335, 842
1542, 38, 4, 12, 1, 0, 1.28%, 0, 0, 3, 229.23, 350525, 842
1547, 38, 7, 12, 1, 0, 1.28%, 0, 0, 3, 227.13, 351651, 842
1552, 38, 7, 12, 1, 0, 1.28%, 0, 0, 3, 226.63, 352791, 842
1557, 38, 4, 12, 1, 0, 1.28%, 0, 0, 3, 225.25, 353955, 842
1562, 38, 1, 12, 1, 0, 1.28%, 0, 0, 3, 228.19, 355105, 842
1567, 38, 1, 12, 1, 0, 1.28%, 0, 0, 3, 224.49, 356233, 842
1572, 38, 1, 12, 1, 0, 1.28%, 0, 0, 3, 227.90, 357385, 842
1577, 38, 9, 12, 1, 0, 1.28%, 0, 0, 3, 225.43, 358553, 842
1583, 38, 4, 12, 1, 0, 1.28%, 0, 0, 3, 223.60, 359721, 842
1588, 38, 4, 12, 1, 0, 1.28%, 0, 0, 3, 224.16, 360845, 842
1593, 38, 4, 12, 1, 0, 1.28%, 0, 0, 3, 222.29, 362001, 842
1598, 39, 6, 12, 1, 0, 1.28%, 0, 0, 3, 225.69, 363129, 842
1603, 39, 4, 12, 1, 0, 1.28%, 0, 0, 3, 233.16, 364373, 842
1608, 39, 4, 12, 1, 0, 1.28%, 0, 0, 3, 224.98, 365493, 842
1613, 39, 3, 12, 1, 0, 1.28%, 0, 0, 3, 236.64, 366667, 842
1618, 39, 4, 12, 1, 0, 1.28%, 0, 0, 3, 228.87, 367859, 842
1624, 39, 9, 12, 1, 0, 1.28%, 0, 0, 3, 239.94, 369107, 842
1629, 39, 7, 12, 1, 0, 1.28%, 0, 0, 3, 229.18, 370239, 842
1634, 40, 5, 12, 1, 0, 1.28%, 0, 0, 3, 229.20, 371387, 842
1639, 40, 4, 12, 1, 0, 1.28%, 0, 0, 3, 228.63, 372587, 842
1644, 40, 4, 12, 1, 0, 1.28%, 0, 0, 3, 223.54, 373707, 842
1649, 40, 4, 12, 1, 0, 1.28%, 0, 0, 3, 241.89, 374943, 842
1654, 40, 4, 12, 1, 0, 1.28%, 0, 0, 3, 230.11, 376079, 842
1659, 40, 7, 12, 1, 0, 1.28%, 0, 0, 3, 228.46, 377251, 842
1664, 40, 4, 12, 1, 0, 1.28%, 0, 0, 3, 226.92, 378395, 842
1669, 41, 4, 12, 1, 0, 1.28%, 0, 0, 3, 222.71, 379547, 842
1674, 41, 6, 12, 1, 0, 1.28%, 0, 0, 3, 237.37, 380783, 842
1680, 41, 4, 12, 1, 0, 1.28%, 0, 0, 3, 231.91, 381955, 842
1685, 41, 4, 12, 1, 0, 1.28%, 0, 0, 3, 229.55, 383145, 842
1690, 41, 9, 12, 1, 0, 1.28%, 0, 0, 3, 233.75, 384319, 842
1695, 42, 9, 12, 1, 0, 1.28%, 0, 0, 3, 235.15, 385559, 842
1700, 42, 4, 12, 1, 0, 1.28%, 0, 0, 3, 227.79, 386719, 842
1705, 42, 7, 12, 1, 0, 1.28%, 0, 0, 3, 229.64, 387869, 842
1710, 42, 3, 12, 1, 0, 1.28%, 0, 0, 3, 234.92, 389047, 842
1715, 42, 4, 12, 1, 0, 1.28%, 0, 0, 3, 226.35, 390181, 842
1720, 43, 9, 12, 1, 0, 1.28%, 0, 0, 3, 229.45, 391385, 842
1725, 43, 9, 12, 1, 0, 1.28%, 0, 0, 3, 225.72, 392525, 842
1731, 43, 4, 12, 1, 0, 1.28%, 0, 0, 3, 226.00, 393707, 842
1736, 43, 9, 12, 1, 0, 1.28%, 0, 0, 3, 223.36, 394831, 842
1741, 43, 7, 12, 1, 0, 1.28%, 0, 0, 3, 224.56, 395979, 842
1746, 43, 4, 12, 1, 0, 1.28%, 0, 0, 3, 223.00, 397111, 842
1751, 43, 4, 12, 1, 0, 1.28%, 0, 0, 3, 222.76, 398275, 842
1756, 44, 4, 12, 1, 0, 1.28%, 0, 0, 3, 225.03, 399403, 842
1761, 44, 4, 12, 1, 0, 1.28%, 0, 0, 3, 224.48, 400571, 842
1766, 44, 7, 12, 1, 0, 1.28%, 0, 0, 3, 225.13, 401699, 842
1771, 44, 4, 12, 1, 0, 1.28%, 0, 0, 3, 223.50, 402863, 842
1776, 44, 9, 12, 1, 0, 1.28%, 0, 0, 3, 226.23, 403999, 842
1782, 44, 1, 12, 1, 0, 1.28%, 0, 0, 3, 234.19, 405225, 842
1787, 44, 1, 12, 1, 0, 1.28%, 0, 0, 3, 225.60, 406349, 842
1792, 44, 1, 12, 1, 0, 1.28%, 0, 0, 3, 226.65, 407489, 842
1797, 44, 4, 12, 1, 0, 1.28%, 0, 0, 3, 223.12, 408649, 842
1802, 44, 4, 12, 1, 0, 1.28%, 0, 0, 3, 224.05, 409813, 842
1807, 45, 4, 12, 1, 0, 1.28%, 0, 0, 3, 223.25, 410971, 842
1812, 45, 4, 12, 1, 0, 1.28%, 0, 0, 3, 224.51, 412137, 842
1818, 45, 6, 12, 1, 0, 1.28%, 0, 0, 3, 229.21, 413321, 842
1823, 45, 4, 12, 1, 0, 1.28%, 0, 0, 3, 234.71, 414521, 842
1828, 45, 4, 12, 1, 0, 1.28%, 0, 0, 3, 229.21, 415707, 842
1833, 45, 3, 12, 1, 0, 1.28%, 0, 0, 3, 226.47, 416835, 842
1838, 45, 4, 12, 1, 0, 1.28%, 0, 0, 3, 226.09, 418017, 842
1843, 45, 9, 12, 1, 0, 1.28%, 0, 0, 3, 230.31, 419219, 842
1848, 46, 11, 12, 1, 0, 1.28%, 0, 0, 3, 225.31, 420355, 842
1853, 46, 9, 12, 1, 0, 1.28%, 0, 0, 3, 225.25, 421485, 842
1858, 46, 4, 12, 1, 0, 1.28%, 0, 0, 3, 225.56, 422617, 842
1864, 46, 6, 12, 1, 0, 1.28%, 0, 0, 3, 227.56, 423785, 842
1869, 46, 4, 12, 1, 0, 1.28%, 0, 0, 3, 232.49, 424981, 842
1874, 46, 6, 12, 1, 0, 1.28%, 0, 0, 3, 238.65, 426181, 842
1879, 46, 9, 12, 1, 0, 1.28%, 0, 0, 3, 225.42, 427301, 842
1884, 46, 4, 12, 1, 0, 1.28%, 0, 0, 3, 225.12, 428445, 842
1889, 46, 3, 12, 1, 0, 1.28%, 0, 0, 3, 226.79, 429627, 842
1894, 47, 11, 12, 1, 0, 1.28%, 0, 0, 3, 224.48, 430801, 842
1899, 47, 11, 12, 1, 0, 1.28%, 0, 0, 3, 216.51, 431931, 842
1904, 47, 11, 12, 1, 0, 1.28%, 0, 0, 3, 213.70, 433003, 842
1910, 47, 4, 12, 1, 0, 1.28%, 0, 0, 3, 220.28, 434141, 842
1915, 47, 3, 12, 1, 0, 1.28%, 0, 0, 3, 233.01, 435349, 842
1920, 47, 3, 12, 1, 0, 1.28%, 0, 0, 3, 230.00, 436481, 842
1925, 47, 9, 12, 1, 0, 1.28%, 0, 0, 3, 222.38, 437627, 842
1930, 47, 4, 12, 1, 0, 1.28%, 0, 0, 3, 219.78, 438775, 842
1935, 48, 4, 12, 1, 0, 1.28%, 0, 0, 3, 217.85, 439871, 842
1940, 48, 7, 12, 1, 0, 1.28%, 0, 0, 3, 219.73, 440975, 842
1945, 48, 1, 12, 1, 0, 1.28%, 0, 0, 3, 220.96, 442087, 842
1950, 48, 1, 12, 1, 0, 1.28%, 0, 0, 3, 223.50, 443255, 842
1956, 48, 1, 12, 1, 0, 1.28%, 0, 0, 3, 224.19, 444419, 842
1961, 48, 7, 12, 1, 0, 1.28%, 0, 0, 3, 223.69, 445583, 842
1966, 48, 4, 12, 1, 0, 1.28%, 0, 0, 3, 228.98, 446783, 842
1971, 48, 7, 12, 1, 0, 1.28%, 0, 0, 3, 223.23, 447939, 842
1976, 48, 9, 12, 1, 0, 1.28%, 0, 0, 3, 222.93, 449059, 842
1981, 48, 9, 12, 1, 0, 1.28%, 0, 0, 3, 223.76, 450179, 842
1986, 48, 4, 12, 1, 0, 1.28%, 0, 0, 3, 223.01, 451303, 842
1991, 49, 9, 12, 1, 0, 1.28%, 0, 0, 3, 222.70, 452419, 842
1996, 49, 4, 12, 1, 0, 1.28%, 0, 0, 3, 220.10, 453527, 842
2001, 49, 6, 12, 1, 0, 1.28%, 0, 0, 3, 224.79, 454655, 842
2007, 49, 9, 12, 1, 0, 1.28%, 0, 0, 3, 232.54, 455889, 842
2012, 49, 4, 12, 1, 0, 1.28%, 0, 0, 3, 223.93, 457005, 842
2017, 49, 4, 12, 1, 0, 1.28%, 0, 0, 3, 220.69, 458117, 842
2022, 49, 11, 12, 1, 0, 1.28%, 0, 0, 3, 222.03, 459233, 842
2027, 49, 9, 12, 1, 0, 1.28%, 0, 0, 3, 223.77, 460359, 842
2032, 49, 4, 12, 1, 0, 1.28%, 0, 0, 3, 224.18, 461479, 842
2037, 50, 4, 12, 1, 0, 1.28%, 0, 0, 3, 224.40, 462615, 842
2042, 50, 9, 12, 1, 0, 1.28%, 0, 0, 3, 223.98, 463735, 842
2047, 50, 9, 12, 1, 0, 1.28%, 0, 0, 3, 224.42, 464903, 842
2052, 50, 4, 12, 1, 0, 1.28%, 0, 0, 3, 223.76, 466031, 842
2057, 50, 4, 12, 1, 0, 1.28%, 0, 0, 3, 222.78, 467183, 842
2062, 50, 6, 12, 1, 0, 1.28%, 0, 0, 3, 234.27, 468363, 842
2067, 50, 11, 12, 1, 0, 1.28%, 0, 0, 3, 225.53, 469535, 842
2072, 50, 11, 12, 1, 0, 1.28%, 0, 0, 3, 222.13, 470651, 842
2078, 50, 4, 12, 1, 0, 1.28%, 0, 0, 3, 223.71, 471823, 842
2083, 51, 4, 12, 1, 0, 1.28%, 0, 0, 3, 222.67, 472983, 842
2088, 51, 4, 12, 1, 0, 1.28%, 0, 0, 3, 225.61, 474153, 842
2093, 51, 4, 12, 1, 0, 1.28%, 0, 0, 3, 225.88, 475329, 842
2098, 51, 4, 12, 1, 0, 1.28%, 0, 0, 3, 225.93, 476513, 842
2103, 51, 4, 12, 1, 0, 1.28%, 0, 0, 3, 226.37, 477651, 842
2108, 52, 4, 12, 1, 0, 1.28%, 0, 0, 3, 229.29, 478853, 842
2114, 52, 6, 12, 1, 0, 1.28%, 0, 0, 3, 229.38, 479989, 842
2119, 52, 4, 12, 1, 0, 1.28%, 0, 0, 3, 229.13, 481159, 842
2124, 52, 4, 12, 1, 0, 1.28%, 0, 0, 3, 221.89, 482275, 842
2129, 52, 4, 12, 1, 0, 1.28%, 0, 0, 3, 222.77, 483423, 842
2134, 52, 6, 12, 1, 0, 1.28%, 0, 0, 3, 232.09, 484581, 842
2139, 53, 6, 12, 1, 0, 1.28%, 0, 0, 3, 243.15, 485817, 842
2144, 53, 4, 12, 1, 0, 1.28%, 0, 0, 3, 232.85, 486989, 842
2149, 53, 4, 12, 1, 0, 1.28%, 0, 0, 3, 224.14, 488113, 842
2154, 53, 7, 12, 1, 0, 1.28%, 0, 0, 3, 221.42, 489257, 842
2159, 53, 9, 12, 1, 0, 1.28%, 0, 0, 3, 221.48, 490409, 842
2164, 53, 4, 12, 1, 0, 1.28%, 0, 0, 3, 225.70, 491555, 842
2170, 53, 4, 12, 1, 0, 1.28%, 0, 0, 3, 224.28, 492715, 842
2175, 53, 7, 12, 1, 0, 1.28%, 0, 0, 3, 229.14, 493875, 842
2180, 54, 9, 12, 1, 0, 1.28%, 0, 0, 3, 229.95, 495073, 842
2185, 54, 4, 12, 1, 0, 1.28%, 0, 0, 3, 225.31, 496197, 842
2190, 54, 4, 12, 1, 0, 1.28%, 0, 0, 3, 221.60, 497305, 842
2195, 54, 11, 12, 1, 0, 1.28%, 0, 0, 3, 222.51, 498429, 842
2200, 54, 11, 12, 1, 0, 1.28%, 0, 0, 3, 223.68, 499549, 842
2205, 54, 4, 12, 1, 0, 1.28%, 0, 0, 3, 222.95, 500663, 842
2210, 54, 4, 12, 1, 0, 1.28%, 0, 0, 3, 221.67, 501775, 842
2215, 54, 9, 12, 1, 0, 1.28%, 0, 0, 3, 224.16, 502895, 842
2220, 55, 4, 12, 1, 0, 1.28%, 0, 0, 3, 228.93, 504065, 842
2225, 55, 7, 12, 1, 0, 1.28%, 0, 0, 3, 222.11, 505173, 842
2230, 55, 9, 12, 1, 0, 1.28%, 0, 0, 3, 222.12, 506329, 842
2235, 55, 4, 12, 0, 0, 1.28%, 0, 0, 3, 239.94, 507595, 842
2240, 55, 11, 12, 0, 0, 1.28%, 0, 0, 3, 224.92, 508739, 842
2246, 56, 4, 12, 0, 0, 1.28%, 0, 0, 3, 221.25, 509895, 842
2251, 56, 11, 12, 0, 0, 1.28%, 0, 0, 3, 227.13, 511087, 842
2256, 56, 6, 12, 0, 0, 1.28%, 0, 0, 3, 237.83, 512283, 842
2261, 56, 4, 12, 0, 0, 1.28%, 0, 0, 3, 229.16, 513487, 842
2266, 56, 4, 12, 0, 0, 1.28%, 0, 0, 3, 224.13, 514611, 842
2271, 56, 4, 12, 0, 0, 1.28%, 0, 0, 3, 219.68, 515715, 842
2276, 56, 4, 12, 0, 0, 1.28%, 0, 0, 3, 219.41, 516811, 842
2281, 56, 4, 12, 0, 0, 1.28%, 0, 0, 3, 220.99, 517925, 842
2286, 56, 11, 12, 0, 0, 1.28%, 0, 0, 3, 227.85, 519133, 842
2291, 57, 4, 12, 0, 0, 1.28%, 0, 0, 3, 222.06, 520245, 842
2297, 57, 4, 12, 0, 0, 1.28%, 0, 0, 3, 230.58, 521459, 842
2302, 57, 4, 12, 0, 0, 1.28%, 0, 0, 3, 221.12, 522605, 842
2307, 57, 4, 12, 0, 0, 1.28%, 0, 0, 3, 231.62, 523833, 842
2312, 57, 4, 12, 0, 0, 1.28%, 0, 0, 3, 224.93, 524995, 842
2317, 57, 4, 12, 0, 0, 1.28%, 0, 0, 3, 222.97, 526151, 842
2322, 58, 4, 12, 0, 0, 1.28%, 0, 0, 3, 222.58, 527259, 842
2328, 58, 11, 12, 0, 0, 1.28%, 0, 0, 3, 221.66, 528411, 842
2333, 58, 4, 12, 0, 0, 1.28%, 0, 0, 3, 222.99, 529573, 842
2338, 58, 6, 12, 0, 0, 1.28%, 0, 0, 3, 236.14, 530801, 842
2343, 58, 4, 12, 0, 0, 1.28%, 0, 0, 3, 229.10, 532009, 842
2348, 58, 4, 12, 0, 0, 1.28%, 0, 0, 3, 223.57, 533121, 842
2353, 58, 4, 12, 0, 0, 1.28%, 0, 0, 3, 223.46, 534245, 842
2358, 58, 4, 12, 0, 0, 1.28%, 0, 0, 3, 218.77, 535337, 842
2363, 58, 7, 12, 0, 0, 1.28%, 0, 0, 3, 226.73, 536489, 842
2368, 59, 4, 12, 0, 0, 1.28%, 0, 0, 3, 220.66, 537593, 842
2374, 59, 4, 12, 0, 0, 1.28%, 0, 0, 3, 220.93, 538745, 842
2379, 59, 4, 12, 0, 0, 1.28%, 0, 0, 3, 219.71, 539881, 842
2384, 59, 10, 12, 0, 0, 1.28%, 0, 0, 3, 224.21, 541041, 842
2389, 59, 4, 12, 0, 0, 1.28%, 0, 0, 3, 226.88, 542201, 842
2394, 59, 4, 12, 0, 0, 1.28%, 0, 0, 3, 229.51, 543371, 842
2399, 59, 6, 12, 0, 0, 1.28%, 0, 0, 3, 237.11, 544601, 842
2404, 59, 6, 12, 0, 0, 1.28%, 0, 0, 3, 230.28, 545785, 842
2409, 59, 4, 12, 0, 0, 1.28%, 0, 0, 3, 229.24, 546953, 842
2415, 60, 4, 12, 0, 0, 1.28%, 0, 0, 3, 224.91, 548113, 842
2420, 60, 3, 12, 0, 0, 1.28%, 0, 0, 3, 227.33, 549281, 842
2425, 60, 4, 12, 0, 0, 1.28%, 0, 0, 3, 222.15, 550427, 842
2430, 60, 1, 12, 0, 0, 1.28%, 0, 0, 3, 221.58, 551551, 842
2435, 60, 1, 12, 0, 0, 1.28%, 0, 0, 3, 223.66, 552679, 842
2440, 60, 1, 12, 0, 0, 1.28%, 0, 0, 3, 226.23, 553855, 842
2445, 60, 6, 12, 0, 0, 1.28%, 0, 0, 3, 232.56, 555015, 842
2450, 60, 4, 12, 0, 0, 1.28%, 0, 0, 3, 232.93, 556239, 842
2455, 60, 4, 12, 0, 0, 1.28%, 0, 0, 3, 224.43, 557355, 842
2460, 60, 7, 12, 0, 0, 1.28%, 0, 0, 3, 223.58, 558479, 842
2466, 60, 4, 12, 0, 0, 1.28%, 0, 0, 3, 230.13, 559703, 842
2471, 61, 10, 12, 0, 0, 1.28%, 0, 0, 3, 236.95, 560871, 842
2476, 61, 6, 12, 0, 0, 1.28%, 0, 0, 3, 231.20, 562053, 842
2481, 61, 6, 12, 0, 0, 1.28%, 0, 0, 3, 240.21, 563307, 842
2486, 61, 10, 12, 0, 0, 1.28%, 0, 0, 3, 245.78, 564539, 842
2491, 61, 4, 12, 0, 0, 1.28%, 0, 0, 3, 234.17, 565719, 842
2496, 61, 3, 12, 0, 0, 1.28%, 0, 0, 3, 226.54, 566875, 842
2501, 62, 4, 12, 0, 0, 1.28%, 0, 0, 3, 221.70, 567989, 842
2506, 62, 10, 12, 0, 0, 1.28%, 0, 0, 3, 233.15, 569149, 842
2511, 62, 4, 12, 0, 0, 1.28%, 0, 0, 3, 224.13, 570305, 842
2516, 62, 4, 12, 0, 0, 1.28%, 0, 0, 3, 223.10, 571425, 842
2522, 62, 4, 12, 0, 0, 1.28%, 0, 0, 3, 228.62, 572623, 842
2527, 62, 4, 12, 0, 0, 1.28%, 0, 0, 3, 223.00, 573775, 842
2532, 62, 4, 12, 0, 0, 1.28%, 0, 0, 3, 219.10, 574879, 842
2537, 62, 4, 12, 0, 0, 1.28%, 0, 0, 3, 219.86, 575983, 842
2542, 63, 4, 12, 0, 0, 1.28%, 0, 0, 3, 224.81, 577157, 842
2547, 63, 4, 12, 0, 0, 1.28%, 0, 0, 3, 221.05, 578261, 842
2552, 63, 4, 12, 0, 0, 1.28%, 0, 0, 3, 219.47, 579369, 842
2557, 63, 4, 12, 0, 0, 1.28%, 0, 0, 3, 222.33, 580481, 842
2562, 63, 11, 12, 0, 0, 1.28%, 0, 0, 3, 229.31, 581675, 842
2567, 63, 4, 12, 0, 0, 1.28%, 0, 0, 3, 224.18, 582791, 842
2573, 63, 6, 12, 0, 0, 1.28%, 0, 0, 3, 237.55, 583991, 842
2578, 63, 10, 12, 0, 0, 1.28%, 0, 0, 3, 230.15, 585175, 842
2583, 64, 4, 12, 0, 0, 1.28%, 0, 0, 3, 227.92, 586381, 842
2588, 64, 7, 12, 0, 0, 1.28%, 0, 0, 3, 222.76, 587537, 842
2593, 64, 4, 12, 0, 0, 1.28%, 0, 0, 3, 224.23, 588701, 842
2598, 64, 4, 12, 0, 0, 1.28%, 0, 0, 3, 223.99, 589859, 842
2604, 64, 4, 12, 0, 0, 1.28%, 0, 0, 3, 222.13, 590983, 842
2609, 64, 4, 12, 0, 0, 1.28%, 0, 0, 3, 233.54, 592227, 842
2614, 64, 4, 12, 0, 0, 1.28%, 0, 0, 3, 220.09, 593319, 842
2619, 64, 4, 12, 0, 0, 1.28%, 0, 0, 3, 226.39, 594501, 842
2624, 65, 11, 12, 0, 0, 1.28%, 0, 0, 3, 231.79, 595731, 842
2629, 65, 4, 12, 0, 0, 1.28%, 0, 0, 3, 227.00, 596863, 842
2634, 65, 5, 12, 0, 0, 1.28%, 0, 0, 3, 224.87, 598019, 842
2640, 65, 4, 12, 0, 0, 1.28%, 0, 0, 3, 223.47, 599173, 842
2645, 65, 6, 12, 0, 0, 1.28%, 0, 0, 3, 231.15, 600325, 842
2650, 65, 4, 12, 0, 0, 1.28%, 0, 0, 3, 245.19, 601617, 842
2655, 65, 4, 12, 0, 0, 1.28%, 0, 0, 3, 224.89, 602761, 842
2660, 65, 4, 12, 0, 0, 1.28%, 0, 0, 3, 234.19, 603977, 842
2665, 66, 7, 12, 0, 0, 1.28%, 0, 0, 3, 228.63, 605151, 842
2670, 66, 4, 12, 0, 0, 1.28%, 0, 0, 3, 225.44, 606281, 842
2675, 66, 6, 12, 0, 0, 1.28%, 0, 0, 3, 236.75, 607507, 842
2681, 66, 4, 12, 0, 0, 1.28%, 0, 0, 3, 237.15, 608767, 842
2686, 66, 4, 12, 0, 0, 1.28%, 0, 0, 3, 229.77, 609935, 842
2691, 66, 7, 12, 0, 0, 1.28%, 0, 0, 3, 225.77, 611055, 842
2696, 67, 4, 12, 0, 0, 1.28%, 0, 0, 3, 230.77, 612229, 842
2701, 67, 4, 12, 0, 0, 1.28%, 0, 0, 3, 236.08, 613451, 842
2706, 67, 4, 12, 0, 0, 1.28%, 0, 0, 3, 225.35, 614571, 842
2711, 67, 7, 12, 0, 0, 1.28%, 0, 0, 3, 227.01, 615709, 842
2716, 67, 4, 12, 0, 0, 1.28%, 0, 0, 3, 232.95, 616887, 842
2721, 67, 4, 12, 0, 0, 1.28%, 0, 0, 3, 223.42, 617999, 842
2726, 67, 6, 12, 0, 0, 1.28%, 0, 0, 3, 235.02, 619179, 842
2731, 68, 10, 12, 0, 0, 1.28%, 0, 0, 3, 230.85, 620365, 842
2736, 68, 4, 12, 0, 0, 1.28%, 0, 0, 3, 228.81, 621567, 842
2742, 68, 4, 12, 0, 0, 1.28%, 0, 0, 3, 223.79, 622725, 842
2747, 68, 4, 12, 0, 0, 1.28%, 0, 0, 3, 222.18, 623877, 842
2752, 68, 4, 12, 0, 0, 1.28%, 0, 0, 3, 220.68, 625025, 842
2757, 68, 4, 12, 0, 0, 1.28%, 0, 0, 3, 223.12, 626147, 842
2762, 68, 4, 12, 0, 0, 1.28%, 0, 0, 3, 223.12, 627277, 842
2767, 69, 4, 12, 0, 0, 1.28%, 0, 0, 3, 233.57, 628509, 842
2772, 69, 6, 12, 0, 0, 1.28%, 0, 0, 3, 231.99, 629653, 842
2777, 69, 4, 12, 0, 0, 1.28%, 0, 0, 3, 227.83, 630811, 842
2782, 69, 4, 12, 0, 0, 1.28%, 0, 0, 3, 221.90, 631911, 842
2788, 69, 4, 12, 0, 0, 1.28%, 0, 0, 3, 220.78, 633055, 842
2793, 69, 6, 12, 0, 0, 1.28%, 0, 0, 3, 228.45, 634195, 842
2798, 69, 4, 12, 0, 0, 1.28%, 0, 0, 3, 228.39, 635355, 842
2803, 69, 6, 12, 0, 0, 1.28%, 0, 0, 3, 227.17, 636519, 842
2808, 69, 4, 12, 0, 0, 1.28%, 0, 0, 3, 231.10, 637709, 842
2813, 70, 7, 12, 0, 0, 1.28%, 0, 0, 3, 224.64, 638861, 842
2818, 70, 4, 12, 0, 0, 1.28%, 0, 0, 3, 223.97, 639987, 842
2823, 70, 4, 12, 0, 0, 1.28%, 0, 0, 3, 225.17, 641159, 842
2828, 70, 4, 12, 0, 0, 1.28%, 0, 0, 3, 224.09, 642291, 842
2833, 70, 4, 12, 0, 0, 1.28%, 0, 0, 3, 226.74, 643465, 842
2839, 70, 4, 12, 0, 0, 1.28%, 0, 0, 3, 226.57, 644645, 842
2844, 70, 4, 12, 0, 0, 1.28%, 0, 0, 3, 221.28, 645749, 842
2849, 71, 4, 12, 0, 0, 1.28%, 0, 0, 3, 231.95, 646935, 842
2854, 71, 4, 12, 0, 0, 1.28%, 0, 0, 3, 223.54, 648043, 842
2859, 71, 10, 12, 0, 0, 1.28%, 0, 0, 3, 224.66, 649203, 842
2864, 71, 6, 12, 0, 0, 1.28%, 0, 0, 3, 239.55, 650431, 842
2869, 71, 10, 12, 0, 0, 1.28%, 0, 0, 3, 249.04, 651731, 842
2874, 71, 10, 12, 0, 0, 1.28%, 0, 0, 3, 235.18, 652911, 842
2879, 71, 4, 12, 0, 0, 1.28%, 0, 0, 3, 234.39, 654155, 842
2885, 72, 4, 12, 0, 0, 1.28%, 0, 0, 3, 227.44, 655319, 842
2890, 72, 4, 12, 0, 0, 1.28%, 0, 0, 3, 224.22, 656481, 842
2895, 72, 4, 12, 0, 0, 1.28%, 0, 0, 3, 221.27, 657597, 842
2900, 72, 5, 12, 0, 0, 1.28%, 0, 0, 3, 222.24, 658709, 842
2905, 72, 11, 12, 0, 0, 1.28%, 0, 0, 3, 239.00, 659941, 842
2910, 72, 10, 12, 0, 0, 1.28%, 0, 0, 3, 235.15, 661093, 842
2915, 73, 4, 12, 0, 0, 1.28%, 0, 0, 3, 230.63, 662301, 842
2920, 73, 1, 12, 0, 0, 1.28%, 0, 0, 3, 224.72, 663421, 842
2925, 73, 1, 12, 0, 0, 1.28%, 0, 0, 3, 222.27, 664569, 842
2930, 73, 1, 12, 0, 0, 1.28%, 0, 0, 3, 225.33, 665697, 842
2935, 73, 7, 12, 0, 0, 1.28%, 0, 0, 3, 228.81, 666903, 842
2940, 73, 4, 12, 0, 0, 1.28%, 0, 0, 3, 221.41, 668007, 842
2945, 73, 7, 12, 0, 0, 1.28%, 0, 0, 3, 221.85, 669123, 842
2951, 73, 4, 12, 0, 0, 1.28%, 0, 0, 3, 224.25, 670287, 842
2956, 73, 4, 12, 0, 0, 1.28%, 0, 0, 3, 224.47, 671447, 842
2961, 73, 3, 12, 0, 0, 1.28%, 0, 0, 3, 222.30, 672599, 842
2966, 74, 4, 12, 0, 0, 1.28%, 0, 0, 3, 227.34, 673817, 842
2971, 74, 4, 12, 0, 0, 1.28%, 0, 0, 3, 228.42, 675029, 842
2976, 74, 4, 12, 0, 0, 1.28%, 0, 0, 3, 221.09, 676129, 842
2982, 74, 4, 12, 0, 0, 1.28%, 0, 0, 3, 229.07, 677355, 842
2987, 74, 4, 12, 0, 0, 1.28%, 0, 0, 3, 221.73, 678467, 842
2992, 74, 6, 12, 0, 0, 1.28%, 0, 0, 3, 227.85, 679647, 842
2997, 74, 10, 12, 0, 0, 1.28%, 0, 0, 3, 243.48, 680915, 842
3002, 75, 4, 12, 0, 0, 1.28%, 0, 0, 3, 236.08, 682163, 842
3008, 75, 4, 12, 0, 0, 1.28%, 0, 0, 3, 222.92, 683307, 842
3013, 75, 7, 12, 0, 0, 1.28%, 0, 0, 3, 224.47, 684485, 842
3018, 75, 4, 12, 0, 0, 1.28%, 0, 0, 3, 222.10, 685597, 842
3023, 75, 4, 12, 0, 0, 1.28%, 0, 0, 3, 226.76, 686777, 842
3028, 75, 10, 12, 0, 0, 1.28%, 0, 0, 3, 242.98, 688031, 842
3033, 76, 7, 12, 0, 0, 1.28%, 0, 0, 3, 232.45, 689247, 842
3038, 76, 4, 12, 0, 0, 1.28%, 0, 0, 3, 237.66, 690441, 842
3043, 76, 10, 12, 0, 0, 1.28%, 0, 0, 3, 235.27, 691593, 842
3048, 76, 3, 12, 0, 0, 1.28%, 0, 0, 3, 240.54, 692807, 842
3053, 76, 4, 12, 0, 0, 1.28%, 0, 0, 3, 231.90, 693987, 842
3058, 76, 7, 12, 0, 0, 1.28%, 0, 0, 3, 224.58, 695099, 842
3063, 76, 5, 12, 0, 0, 1.28%, 0, 0, 3, 221.95, 696203, 842
3068, 77, 4, 12, 0, 0, 1.28%, 0, 0, 3, 220.03, 697313, 842
3074, 77, 4, 12, 0, 0, 1.28%, 0, 0, 3, 224.10, 698475, 842
3079, 77, 4, 12, 0, 0, 1.28%, 0, 0, 3, 227.19, 699615, 842
3084, 77, 4, 12, 0, 0, 1.28%, 0, 0, 3, 221.27, 700721, 842
3089, 77, 4, 12, 0, 0, 1.28%, 0, 0, 3, 231.50, 701937, 842
3094, 77, 6, 12, 0, 0, 1.28%, 0, 0, 3, 232.69, 703081, 842
3099, 77, 6, 12, 0, 0, 1.28%, 0, 0, 3, 240.21, 704293, 842
3104, 78, 4, 12, 0, 0, 1.28%, 0, 0, 3, 234.28, 705525, 842
3109, 78, 4, 12, 0, 0, 1.28%, 0, 0, 3, 225.92, 706689, 842
3114, 78, 3, 12, 0, 0, 1.28%, 0, 0, 3, 224.27, 707851, 842
3120, 78, 11, 12, 0, 0, 1.28%, 0, 0, 3, 226.35, 709057, 842
3125, 78, 4, 12, 0, 0, 1.28%, 0, 0, 3, 221.05, 710201, 842
3130, 78, 10, 12, 0, 0, 1.28%, 0, 0, 3, 228.79, 711369, 842
3135, 78, 7, 12, 0, 0, 1.28%, 0, 0, 3, 222.60, 712489, 842
3140, 79, 10, 12, 0, 0, 1.28%, 0, 0, 3, 234.80, 713661, 842
3145, 79, 4, 12, 0, 0, 1.28%, 0, 0, 3, 237.30, 714913, 842
3150, 79, 4, 12, 0, 0, 1.28%, 0, 0, 3, 224.73, 716045, 842
3155, 79, 4, 12, 0, 0, 1.28%, 0, 0, 3, 225.78, 717177, 842
3161, 79, 4, 12, 0, 0, 1.28%, 0, 0, 3, 222.44, 718325, 842
3166, 80, 3, 12, 0, 0, 1.28%, 0, 0, 3, 233.02, 719515, 842
3171, 80, 6, 12, 0, 0, 1.28%, 0, 0, 3, 239.68, 720779, 842
3176, 80, 4, 12, 0, 0, 1.28%, 0, 0, 3, 225.83, 721951, 842
3181, 80, 4, 12, 0, 0, 1.28%, 0, 0, 3, 224.77, 723109, 842
3186, 80, 10, 12, 0, 0, 1.28%, 0, 0, 3, 232.04, 724301, 842
3192, 80, 6, 12, 0, 0, 1.28%, 0, 0, 3, 226.88, 725425, 842
3197, 80, 7, 12, 0, 0, 1.28%, 0, 0, 3, 229.97, 726641, 842
3202, 81, 7, 12, 0, 0, 1.28%, 0, 0, 3, 234.59, 727867, 842
3207, 81, 1, 12, 0, 0, 1.28%, 0, 0, 3, 235.19, 729039, 842
3212, 81, 1, 12, 0, 0, 1.28%, 0, 0, 3, 222.83, 730151, 842
3217, 81, 1, 12, 0, 0, 1.28%, 0, 0, 3, 224.25, 731279, 842
3222, 81, 6, 12, 0, 0, 1.28%, 0, 0, 3, 224.93, 732415, 842
3227, 81, 3, 12, 0, 0, 1.28%, 0, 0, 3, 242.54, 733691, 842
3232, 81, 4, 12, 0, 0, 1.28%, 0, 0, 3, 226.37, 734805, 842
3237, 81, 6, 12, 0, 0, 1.28%, 0, 0, 3, 233.23, 736009, 842
3243, 81, 4, 12, 0, 0, 1.28%, 0, 0, 3, 226.48, 737189, 842
3248, 81, 4, 12, 0, 0, 1.28%, 0, 0, 3, 221.48, 738349, 842
3253, 82, 4, 12, 0, 0, 1.28%, 0, 0, 3, 222.45, 739461, 842
3258, 82, 4, 12, 0, 0, 1.28%, 0, 0, 3, 220.44, 740613, 842
3263, 82, 4, 12, 0, 0, 1.28%, 0, 0, 3, 219.66, 741713, 842
3268, 82, 4, 12, 0, 0, 1.28%, 0, 0, 3, 232.89, 742913, 842
3273, 82, 4, 12, 0, 0, 1.28%, 0, 0, 3, 222.65, 744057, 842
3278, 82, 4, 12, 0, 0, 1.28%, 0, 0, 3, 222.66, 745183, 842
3284, 82, 1, 12, 0, 0, 1.28%, 0, 0, 3, 230.57, 746375, 842
3289, 82, 1, 12, 0, 0, 1.28%, 0, 0, 3, 226.00, 747503, 842
3294, 82, 1, 12, 0, 0, 1.28%, 0, 0, 3, 224.91, 748627, 842
3299, 83, 4, 12, 0, 0, 1.28%, 0, 0, 3, 230.86, 749845, 842
3304, 83, 4, 12, 0, 0, 1.28%, 0, 0, 3, 223.76, 750957, 842
3309, 83, 5, 12, 0, 0, 1.28%, 0, 0, 3, 238.80, 752197, 842
3314, 83, 4, 12, 0, 0, 1.28%, 0, 0, 3, 224.02, 753307, 842
3319, 83, 4, 12, 0, 0, 1.28%, 0, 0, 3, 218.72, 754439, 842
3324, 83, 4, 12, 0, 0, 1.28%, 0, 0, 3, 220.81, 755591, 842
3330, 83, 4, 12, 0, 0, 1.28%, 0, 0, 3, 222.58, 756763, 842
3335, 83, 4, 12, 0, 0, 1.28%, 0, 0, 3, 219.35, 757867, 842
3340, 84, 3, 12, 0, 0, 1.28%, 0, 0, 3, 243.62, 759163, 842
3345, 84, 4, 12, 0, 0, 1.28%, 0, 0, 3, 227.03, 760281, 842
3350, 84, 4, 12, 0, 0, 1.28%, 0, 0, 3, 222.70, 761389, 842
3355, 84, 4, 12, 0, 0, 1.28%, 0, 0, 3, 222.14, 762501, 842
3360, 84, 4, 12, 0, 0, 1.28%, 0, 0, 3, 222.85, 763621, 842
3365, 84, 4, 12, 0, 0, 1.28%, 0, 0, 3, 220.08, 764761, 842
3370, 84, 4, 12, 0, 0, 1.28%, 0, 0, 3, 219.93, 765907, 842
3375, 84, 4, 12, 0, 0, 1.28%, 0, 0, 3, 220.43, 767055, 842
3381, 85, 7, 12, 0, 0, 1.28%, 0, 0, 3, 222.58, 768211, 842
3386, 85, 4, 12, 0, 0, 1.28%, 0, 0, 3, 222.71, 769375, 842
3391, 85, 3, 12, 0, 0, 1.28%, 0, 0, 3, 237.21, 770559, 842
3396, 85, 10, 12, 0, 0, 1.28%, 0, 0, 3, 232.51, 771745, 842
3401, 85, 4, 12, 0, 0, 1.28%, 0, 0, 3, 226.61, 772907, 842
3406, 86, 7, 12, 0, 0, 1.28%, 0, 0, 3, 234.33, 774159, 842
3411, 86, 4, 12, 0, 0, 1.28%, 0, 0, 3, 224.58, 775271, 842
3416, 86, 7, 12, 0, 0, 1.28%, 0, 0, 3, 225.68, 776399, 842
3421, 86, 4, 12, 0, 0, 1.28%, 0, 0, 3, 223.14, 777529, 842
3426, 86, 7, 12, 0, 0, 1.28%, 0, 0, 3, 223.73, 778645, 842
3432, 86, 4, 12, 0, 0, 1.28%, 0, 0, 3, 222.93, 779803, 842
3437, 86, 10, 12, 0, 0, 1.28%, 0, 0, 3, 238.46, 780990, 842
3442, 87, 4, 12, 0, 0, 1.28%, 0, 0, 3, 226.88, 782139, 842
3447, 87, 7, 12, 0, 0, 1.28%, 0, 0, 3, 221.69, 783279, 842
3452, 87, 4, 12, 0, 0, 1.28%, 0, 0, 3, 219.80, 784387, 842
3457, 87, 4, 12, 0, 0, 1.28%, 0, 0, 3, 219.66, 785491, 842
3462, 87, 6, 12, 0, 0, 1.28%, 0, 0, 3, 221.78, 786611, 842
3467, 87, 4, 12, 0, 0, 1.28%, 0, 0, 3, 226.83, 787783, 842
3472, 87, 4, 12, 0, 0, 1.28%, 0, 0, 3, 223.04, 788891, 842
3477, 87, 4, 12, 0, 0, 1.28%, 0, 0, 3, 219.97, 789991, 842
3482, 87, 3, 12, 0, 0, 1.28%, 0, 0, 3, 232.46, 791185, 842
3487, 88, 11, 12, 0, 0, 1.28%, 0, 0, 3, 224.58, 792339, 842
3493, 88, 6, 12, 0, 0, 1.28%, 0, 0, 3, 230.17, 793523, 842
3498, 88, 4, 12, 0, 0, 1.28%, 0, 0, 3, 243.83, 794763, 842
3503, 88, 4, 12, 0, 0, 1.28%, 0, 0, 3, 224.72, 795907, 842
3508, 88, 4, 12, 0, 0, 1.28%, 0, 0, 3, 218.77, 797037, 842
3513, 88, 4, 12, 0, 0, 1.28%, 0, 0, 3, 220.50, 798145, 842
3518, 88, 11, 12, 0, 0, 1.28%, 0, 0, 3, 229.79, 799319, 842
3523, 88, 6, 12, 0, 0, 1.28%, 0, 0, 3, 235.84, 800535, 842
3528, 89, 1, 12, 0, 0, 1.28%, 0, 0, 3, 224.85, 801699, 842
3533, 89, 1, 12, 0, 0, 1.28%, 0, 0, 3, 224.98, 802827, 842
3538, 89, 1, 12, 0, 0, 1.28%, 0, 0, 3, 222.58, 803943, 842
3544, 89, 1, 12, 0, 0, 1.28%, 0, 0, 3, 223.83, 805071, 842
3549, 89, 10, 12, 0, 0, 1.28%, 0, 0, 3, 227.33, 806233, 842
3554, 89, 4, 12, 0, 0, 1.28%, 0, 0, 3, 229.69, 807457, 842
3559, 89, 4, 12, 0, 0, 1.28%, 0, 0, 3, 220.50, 808545, 842
3564, 89, 4, 12, 0, 0, 1.28%, 0, 0, 3, 221.27, 809693, 842
3569, 89, 4, 12, 0, 0, 1.28%, 0, 0, 3, 220.57, 810839, 842
3574, 89, 4, 12, 0, 0, 1.28%, 0, 0, 3, 219.51, 811939, 842
3579, 89, 4, 12, 0, 0, 1.28%, 0, 0, 3, 221.47, 813087, 842
3585, 90, 10, 12, 0, 0, 1.28%, 0, 0, 3, 226.46, 814227, 842
3590, 90, 10, 12, 0, 0, 1.28%, 0, 0, 3, 240.62, 815509, 842
3595, 90, 7, 12, 0, 0, 1.28%, 0, 0, 3, 227.99, 816649, 842
3600, 90, 3, 12, 0, 0, 1.28%, 0, 0, 3, 224.76, 817811, 842
3605, 90, 4, 12, 0, 0, 1.28%, 0, 0, 3, 228.23, 818989, 842
3610, 90, 1, 12, 0, 0, 1.28%, 0, 0, 3, 225.32, 820113, 842
