# relative_time, cycles_done, cur_item, corpus_count, pending_total, pending_favs, map_size, saved_crashes, saved_hangs, max_depth, execs_per_sec, total_execs, edges_found
61, 0, 6, 11, 4, 0, 1.27%, 0, 0, 3, 228.98, 13483, 834
66, 0, 6, 11, 4, 0, 1.27%, 0, 0, 3, 238.81, 14729, 834
71, 1, 4, 11, 4, 0, 1.27%, 0, 0, 3, 240.88, 15981, 834
76, 1, 1, 11, 4, 0, 1.27%, 0, 0, 3, 236.42, 17209, 834
81, 1, 1, 11, 4, 0, 1.27%, 0, 0, 3, 227.36, 18333, 834
86, 1, 1, 11, 4, 0, 1.27%, 0, 0, 3, 224.24, 19465, 834
91, 1, 9, 11, 4, 0, 1.27%, 0, 0, 3, 222.24, 20589, 834
96, 1, 6, 11, 4, 0, 1.27%, 0, 0, 3, 229.68, 21727, 834
101, 1, 6, 11, 4, 0, 1.27%, 0, 0, 3, 238.74, 22935, 834
107, 1, 9, 11, 4, 0, 1.27%, 0, 0, 3, 228.79, 24143, 834
112, 1, 6, 11, 4, 0, 1.27%, 0, 0, 3, 236.63, 25355, 834
117, 2, 6, 11, 4, 0, 1.27%, 0, 0, 3, 240.51, 26561, 834
122, 2, 9, 11, 4, 0, 1.27%, 0, 0, 3, 230.91, 27743, 834
127, 2, 4, 11, 4, 0, 1.27%, 0, 0, 3, 236.50, 28953, 834
132, 2, 7, 11, 4, 0, 1.27%, 0, 0, 3, 233.40, 30157, 834
137, 2, 9, 11, 4, 0, 1.27%, 0, 0, 3, 220.72, 31269, 834
142, 2, 5, 11, 4, 0, 1.27%, 0, 0, 3, 232.78, 32435, 834
147, 3, 7, 11, 4, 0, 1.27%, 0, 0, 3, 223.46, 33535, 834
152, 3, 9, 11, 4, 0, 1.27%, 0, 0, 3, 218.35, 34639, 834
157, 3, 4, 11, 4, 0, 1.27%, 0, 0, 3, 218.48, 35729, 834
162, 3, 9, 11, 4, 0, 1.27%, 0, 0, 3, 229.60, 36945, 834
168, 3, 6, 11, 4, 0, 1.27%, 0, 0, 3, 234.82, 38111, 834
173, 3, 9, 11, 4, 0, 1.27%, 0, 0, 3, 232.42, 39291, 834
178, 3, 6, 11, 4, 0, 1.27%, 0, 0, 3, 233.92, 40441, 834
183, 4, 6, 11, 4, 0, 1.27%, 0, 0, 3, 230.32, 41625, 834
188, 4, 6, 11, 4, 0, 1.27%, 0, 0, 3, 240.22, 42855, 834
193, 4, 9, 11, 4, 0, 1.27%, 0, 0, 3, 222.09, 43977, 834
198, 4, 6, 11, 4, 0, 1.27%, 0, 0, 3, 233.38, 45171, 834
203, 4, 6, 11, 4, 0, 1.27%, 0, 0, 3, 242.00, 46437, 834
208, 5, 9, 11, 4, 0, 1.27%, 0, 0, 3, 222.84, 47553, 834
213, 5, 6, 11, 4, 0, 1.27%, 0, 0, 3, 228.86, 48695, 834
218, 5, 9, 11, 4, 0, 1.27%, 0, 0, 3, 220.70, 49819, 834
223, 5, 5, 11, 4, 0, 1.27%, 0, 0, 3, 224.14, 50951, 834
229, 5, 7, 11, 4, 0, 1.27%, 0, 0, 3, 234.25, 52187, 834
234, 5, 6, 11, 4, 0, 1.27%, 0, 0, 3, 233.61, 53387, 834
239, 5, 7, 11, 4, 0, 1.27%, 0, 0, 3, 228.93, 54587, 834
244, 6, 9, 11, 4, 0, 1.27%, 0, 0, 3, 236.09, 55825, 834
249, 6, 6, 11, 4, 0, 1.27%, 0, 0, 3, 233.58, 57003, 834
254, 6, 4, 11, 4, 0, 1.27%, 0, 0, 3, 241.35, 58219, 834
259, 6, 6, 11, 4, 0, 1.27%, 0, 0, 3, 232.91, 59345, 834
264, 6, 6, 11, 4, 0, 1.27%, 0, 0, 3, 220.04, 60459, 834
269, 6, 9, 11, 4, 0, 1.27%, 0, 0, 3, 225.48, 61631, 834
274, 6, 7, 11, 4, 0, 1.27%, 0, 0, 3, 234.35, 62801, 834
279, 7, 6, 11, 4, 0, 1.27%, 0, 0, 3, 233.40, 63965, 834
285, 7, 6, 11, 4, 0, 1.27%, 0, 0, 3, 239.48, 65213, 834
290, 7, 6, 11, 4, 0, 1.27%, 0, 0, 3, 229.42, 66339, 834
295, 7, 6, 11, 4, 0, 1.27%, 0, 0, 3, 220.09, 67457, 834
300, 7, 6, 11, 4, 0, 1.27%, 0, 0, 3, 238.04, 68693, 834
305, 7, 6, 11, 4, 0, 1.27%, 0, 0, 3, 225.94, 69835, 834
310, 7, 9, 11, 4, 0, 1.27%, 0, 0, 3, 228.31, 71015, 834
315, 7, 6, 11, 4, 0, 1.27%, 0, 0, 3, 220.24, 72089, 834
320, 8, 9, 11, 4, 0, 1.27%, 0, 0, 3, 224.82, 73289, 834
325, 8, 6, 11, 4, 0, 1.27%, 0, 0, 3, 225.63, 74393, 834
330, 8, 9, 11, 4, 0, 1.27%, 0, 0, 3, 218.67, 75507, 834
335, 8, 6, 11, 4, 0, 1.27%, 0, 0, 3, 230.41, 76687, 834
340, 8, 6, 11, 4, 0, 1.27%, 0, 0, 3, 239.24, 77899, 834
345, 8, 7, 11, 4, 0, 1.27%, 0, 0, 3, 241.95, 79155, 834
350, 8, 9, 11, 4, 0, 1.27%, 0, 0, 3, 225.20, 80271, 834
356, 9, 6, 11, 4, 0, 1.27%, 0, 0, 3, 222.43, 81403, 834
361, 9, 6, 11, 4, 0, 1.27%, 0, 0, 3, 236.43, 82653, 834
366, 9, 1, 11, 4, 0, 1.27%, 0, 0, 3, 233.56, 83835, 834
371, 9, 1, 11, 4, 0, 1.27%, 0, 0, 3, 226.13, 85007, 834
376, 9, 1, 11, 4, 0, 1.27%, 0, 0, 3, 225.65, 86135, 834
381, 9, 6, 11, 4, 0, 1.27%, 0, 0, 3, 235.28, 87323, 834
386, 9, 4, 11, 4, 0, 1.27%, 0, 0, 3, 242.06, 88551, 834
391, 10, 7, 11, 4, 0, 1.27%, 0, 0, 3, 233.43, 89685, 834
396, 10, 9, 11, 4, 0, 1.27%, 0, 0, 3, 222.75, 90797, 834
401, 10, 6, 11, 4, 0, 1.27%, 0, 0, 3, 223.58, 91931, 834
406, 10, 9, 11, 4, 0, 1.27%, 0, 0, 3, 224.44, 93083, 834
411, 10, 6, 11, 4, 0, 1.27%, 0, 0, 3, 236.99, 94281, 834
417, 10, 9, 11, 4, 0, 1.27%, 0, 0, 3, 227.81, 95485, 834
422, 10, 6, 11, 4, 0, 1.27%, 0, 0, 3, 236.96, 96673, 834
427, 11, 9, 11, 4, 0, 1.27%, 0, 0, 3, 239.16, 97925, 834
432, 11, 6, 11, 4, 0, 1.27%, 0, 0, 3, 234.66, 99075, 834
437, 11, 6, 11, 4, 0, 1.27%, 0, 0, 3, 228.35, 100197, 834
442, 11, 6, 11, 4, 0, 1.27%, 0, 0, 3, 240.08, 101463, 834
447, 11, 6, 11, 4, 0, 1.27%, 0, 0, 3, 240.75, 102677, 834
452, 11, 9, 11, 4, 0, 1.27%, 0, 0, 3, 235.47, 103869, 834
457, 11, 6, 11, 4, 0, 1.27%, 0, 0, 3, 236.74, 105079, 834
463, 12, 6, 11, 4, 0, 1.27%, 0, 0, 3, 232.67, 106269, 834
468, 12, 7, 11, 4, 0, 1.27%, 0, 0, 3, 232.77, 107489, 834
473, 12, 3, 11, 4, 0, 1.27%, 0, 0, 3, 225.85, 108609, 834
478, 12, 3, 11, 3, 0, 1.27%, 0, 0, 3, 225.70, 109737, 834
483, 12, 8, 11, 3, 0, 1.27%, 0, 0, 3, 226.62, 110880, 834
488, 12, 6, 11, 2, 0, 1.27%, 0, 0, 3, 228.50, 112020, 834
493, 12, 9, 11, 2, 0, 1.27%, 0, 0, 3, 226.09, 113176, 834
498, 12, 4, 11, 2, 0, 1.27%, 0, 0, 3, 226.75, 114342, 834
503, 13, 9, 11, 2, 0, 1.27%, 0, 0, 3, 220.05, 115432, 834
508, 13, 3, 11, 2, 0, 1.27%, 0, 0, 3, 224.05, 116556, 834
513, 13, 9, 11, 2, 0, 1.27%, 0, 0, 3, 214.80, 117630, 834
518, 13, 3, 11, 2, 0, 1.27%, 0, 0, 3, 220.77, 118740, 834
523, 13, 9, 11, 2, 0, 1.27%, 0, 0, 3, 217.82, 119840, 834
528, 13, 9, 11, 2, 0, 1.27%, 0, 0, 3, 213.90, 120916, 834
533, 13, 7, 11, 2, 0, 1.27%, 0, 0, 3, 221.91, 122034, 834
538, 14, 3, 11, 2, 0, 1.27%, 0, 0, 3, 224.58, 123178, 834
543, 14, 6, 11, 2, 0, 1.27%, 0, 0, 3, 220.97, 124276, 834
548, 14, 9, 11, 2, 0, 1.27%, 0, 0, 3, 224.83, 125480, 834
553, 14, 1, 11, 2, 0, 1.27%, 0, 0, 3, 224.47, 126602, 834
558, 14, 1, 11, 2, 0, 1.27%, 0, 0, 3, 224.75, 127738, 834
564, 14, 1, 11, 2, 0, 1.27%, 0, 0, 3, 225.94, 128890, 834
569, 14, 6, 11, 2, 0, 1.27%, 0, 0, 3, 224.75, 130008, 834
574, 14, 3, 11, 2, 0, 1.27%, 0, 0, 3, 228.01, 131172, 834
579, 14, 9, 11, 2, 0, 1.27%, 0, 0, 3, 224.77, 132350, 834
584, 15, 4, 11, 2, 0, 1.27%, 0, 0, 3, 226.79, 133512, 834
589, 15, 3, 11, 2, 0, 1.27%, 0, 0, 3, 222.79, 134666, 834
594, 15, 3, 11, 2, 0, 1.27%, 0, 0, 3, 223.45, 135778, 834
599, 15, 3, 11, 2, 0, 1.27%, 0, 0, 3, 224.17, 136948, 834
605, 15, 3, 11, 2, 0, 1.27%, 0, 0, 3, 219.71, 138086, 834
610, 15, 9, 11, 2, 0, 1.27%, 0, 0, 3, 219.29, 139198, 834
615, 16, 6, 11, 2, 0, 1.27%, 0, 0, 3, 219.73, 140276, 834
620, 16, 3, 11, 2, 0, 1.27%, 0, 0, 3, 230.63, 141504, 834
625, 16, 6, 11, 2, 0, 1.27%, 0, 0, 3, 234.61, 142714, 834
630, 16, 3, 11, 2, 0, 1.27%, 0, 0, 3, 229.66, 143878, 834
635, 16, 3, 11, 2, 0, 1.27%, 0, 0, 3, 223.50, 144994, 834
640, 16, 9, 11, 2, 0, 1.27%, 0, 0, 3, 219.72, 146140, 834
645, 17, 3, 11, 2, 0, 1.27%, 0, 0, 3, 214.97, 147204, 834
650, 17, 3, 11, 2, 0, 1.27%, 0, 0, 3, 221.98, 148330, 834
655, 17, 3, 11, 2, 0, 1.27%, 0, 0, 3, 222.11, 149486, 834
660, 17, 3, 11, 2, 0, 1.27%, 0, 0, 3, 216.67, 150564, 834
665, 17, 3, 11, 2, 0, 1.27%, 0, 0, 3, 224.18, 151696, 834
671, 17, 3, 11, 2, 0, 1.27%, 0, 0, 3, 217.02, 152822, 834
676, 17, 9, 11, 2, 0, 1.27%, 0, 0, 3, 218.84, 153970, 834
681, 17, 5, 11, 2, 0, 1.27%, 0, 0, 3, 215.34, 155060, 834
686, 18, 9, 11, 2, 0, 1.27%, 0, 0, 3, 219.73, 156170, 834
691, 18, 7, 11, 2, 0, 1.27%, 0, 0, 3, 214.23, 157230, 834
696, 18, 9, 11, 2, 0, 1.27%, 0, 0, 3, 216.97, 158334, 834
701, 18, 3, 11, 2, 0, 1.27%, 0, 0, 3, 214.42, 159404, 834
706, 18, 7, 11, 2, 0, 1.27%, 0, 0, 3, 229.18, 160556, 834
711, 18, 3, 11, 2, 0, 1.27%, 0, 0, 3, 226.12, 161684, 834
716, 18, 9, 11, 2, 0, 1.27%, 0, 0, 3, 217.86, 162808, 834
721, 19, 7, 11, 2, 0, 1.27%, 0, 0, 3, 230.74, 163990, 834
726, 19, 3, 11, 2, 0, 1.27%, 0, 0, 3, 225.51, 165110, 834
731, 19, 3, 11, 2, 0, 1.27%, 0, 0, 3, 220.01, 166242, 834
736, 19, 3, 11, 2, 0, 1.27%, 0, 0, 3, 221.22, 167350, 834
741, 19, 3, 11, 2, 0, 1.27%, 0, 0, 3, 221.32, 168470, 834
746, 19, 3, 11, 2, 0, 1.27%, 0, 0, 3, 221.75, 169586, 834
752, 19, 4, 11, 2, 0, 1.27%, 0, 0, 3, 224.48, 170710, 834
757, 19, 9, 11, 2, 0, 1.27%, 0, 0, 3, 220.13, 171864, 834
762, 20, 3, 11, 2, 0, 1.27%, 0, 0, 3, 214.73, 172960, 834
767, 20, 6, 11, 2, 0, 1.27%, 0, 0, 3, 226.48, 174098, 834
772, 20, 6, 11, 2, 0, 1.27%, 0, 0, 3, 238.70, 175354, 834
777, 20, 3, 11, 2, 0, 1.27%, 0, 0, 3, 223.98, 176464, 834
782, 20, 9, 11, 2, 0, 1.27%, 0, 0, 3, 221.22, 177578, 834
787, 20, 7, 11, 2, 0, 1.27%, 0, 0, 3, 216.10, 178660, 834
792, 20, 7, 11, 2, 0, 1.27%, 0, 0, 3, 221.84, 179816, 834
797, 21, 7, 11, 2, 0, 1.27%, 0, 0, 3, 223.60, 180928, 834
802, 21, 9, 11, 2, 0, 1.27%, 0, 0, 3, 216.74, 182024, 834
808, 21, 5, 11, 2, 0, 1.27%, 0, 0, 3, 214.70, 183128, 834
813, 21, 5, 11, 2, 0, 1.27%, 0, 0, 3, 227.20, 184316, 834
818, 21, 9, 11, 2, 0, 1.27%, 0, 0, 3, 220.63, 185462, 834
823, 21, 7, 11, 2, 0, 1.27%, 0, 0, 3, 222.38, 186604, 834
828, 22, 3, 11, 2, 0, 1.27%, 0, 0, 3, 224.75, 187772, 834
834, 22, 6, 11, 2, 0, 1.27%, 0, 0, 3, 231.52, 188962, 834
839, 22, 3, 11, 2, 0, 1.27%, 0, 0, 3, 231.21, 190184, 834
844, 22, 3, 11, 2, 0, 1.27%, 0, 0, 3, 227.10, 191320, 834
849, 22, 3, 11, 2, 0, 1.27%, 0, 0, 3, 225.32, 192452, 834
854, 22, 3, 11, 2, 0, 1.27%, 0, 0, 3, 217.48, 193522, 834
859, 22, 3, 11, 2, 0, 1.27%, 0, 0, 3, 214.41, 194644, 834
864, 23, 9, 11, 2, 0, 1.27%, 0, 0, 3, 218.31, 195760, 834
869, 23, 3, 11, 2, 0, 1.27%, 0, 0, 3, 217.55, 196884, 834
874, 23, 6, 11, 2, 0, 1.27%, 0, 0, 3, 230.02, 198044, 834
879, 23, 9, 11, 2, 0, 1.27%, 0, 0, 3, 220.90, 199156, 834
884, 23, 3, 11, 2, 0, 1.27%, 0, 0, 3, 219.23, 200250, 834
890, 23, 3, 11, 2, 0, 1.27%, 0, 0, 3, 224.51, 201418, 834
895, 23, 3, 11, 2, 0, 1.27%, 0, 0, 3, 220.05, 202504, 834
900, 23, 3, 11, 2, 0, 1.27%, 0, 0, 3, 220.81, 203624, 834
905, 24, 9, 11, 2, 0, 1.27%, 0, 0, 3, 218.54, 204764, 834
910, 24, 6, 11, 2, 0, 1.27%, 0, 0, 3, 230.28, 205950, 834
915, 24, 9, 11, 2, 0, 1.27%, 0, 0, 3, 218.04, 207044, 834
920, 24, 7, 11, 2, 0, 1.27%, 0, 0, 3, 213.64, 208100, 834
925, 24, 9, 11, 2, 0, 1.27%, 0, 0, 3, 214.06, 209192, 834
930, 24, 3, 11, 2, 0, 1.27%, 0, 0, 3, 222.36, 210314, 834
935, 24, 9, 11, 2, 0, 1.27%, 0, 0, 3, 222.19, 211428, 834
940, 24, 7, 12, 3, 0, 1.28%, 0, 0, 3, 221.02, 212530, 842
945, 24, 3, 12, 3, 1, 1.28%, 0, 0, 3, 224.94, 213710, 842
950, 24, 11, 12, 3, 1, 1.28%, 0, 0, 3, 222.06, 214824, 842
956, 24, 11, 12, 3, 1, 1.28%, 0, 0, 3, 224.09, 215988, 842
961, 24, 11, 12, 3, 1, 1.28%, 0, 0, 3, 225.58, 217120, 842
966, 25, 3, 12, 2, 0, 1.28%, 0, 0, 3, 224.38, 218288, 842
971, 25, 11, 12, 2, 0, 1.28%, 0, 0, 3, 224.66, 219412, 842
976, 25, 11, 12, 2, 0, 1.28%, 0, 0, 3, 224.43, 220532, 842
981, 25, 11, 12, 2, 0, 1.28%, 0, 0, 3, 225.96, 221668, 842
986, 25, 6, 12, 2, 0, 1.28%, 0, 0, 3, 234.95, 222848, 842
991, 25, 7, 12, 2, 0, 1.28%, 0, 0, 3, 236.45, 224056, 842
996, 25, 3, 12, 2, 0, 1.28%, 0, 0, 3, 226.67, 225180, 842
1001, 25, 3, 12, 2, 0, 1.28%, 0, 0, 3, 227.85, 226336, 842
1006, 25, 3, 12, 2, 0, 1.28%, 0, 0, 3, 228.72, 227534, 842
1011, 26, 3, 12, 2, 0, 1.28%, 0, 0, 3, 219.08, 228630, 842
1016, 26, 3, 12, 2, 0, 1.28%, 0, 0, 3, 218.54, 229766, 842
1021, 26, 6, 12, 2, 0, 1.28%, 0, 0, 3, 227.96, 230902, 842
1026, 26, 3, 12, 2, 0, 1.28%, 0, 0, 3, 229.88, 232074, 842
1032, 26, 3, 12, 2, 0, 1.28%, 0, 0, 3, 226.39, 233242, 842
1037, 26, 3, 12, 2, 0, 1.28%, 0, 0, 3, 228.43, 234444, 842
1042, 26, 9, 12, 2, 0, 1.28%, 0, 0, 3, 229.52, 235634, 842
1047, 27, 9, 12, 2, 0, 1.28%, 0, 0, 3, 216.68, 236712, 842
1052, 27, 1, 12, 2, 0, 1.28%, 0, 0, 3, 221.59, 237856, 842
1057, 27, 1, 12, 2, 0, 1.28%, 0, 0, 3, 222.53, 238984, 842
1062, 27, 1, 12, 2, 0, 1.28%, 0, 0, 3, 226.09, 240124, 842
1067, 27, 3, 12, 2, 0, 1.28%, 0, 0, 3, 219.94, 241224, 842
1073, 27, 6, 12, 2, 0, 1.28%, 0, 0, 3, 218.30, 242364, 842
1078, 27, 9, 12, 2, 0, 1.28%, 0, 0, 3, 229.44, 243586, 842
1083, 27, 3, 12, 2, 0, 1.28%, 0, 0, 3, 222.80, 244694, 842
1088, 27, 11, 12, 2, 0, 1.28%, 0, 0, 3, 225.05, 245826, 842
1093, 27, 11, 12, 2, 0, 1.28%, 0, 0, 3, 227.69, 246998, 842
1098, 27, 11, 12, 2, 0, 1.28%, 0, 0, 3, 226.22, 248178, 842
1103, 27, 6, 12, 2, 0, 1.28%, 0, 0, 3, 231.65, 249376, 842
1108, 28, 9, 12, 2, 0, 1.28%, 0, 0, 3, 225.36, 250528, 842
1113, 28, 3, 12, 2, 0, 1.28%, 0, 0, 3, 225.95, 251688, 842
1119, 28, 7, 12, 2, 0, 1.28%, 0, 0, 3, 226.03, 252866, 842
1124, 28, 3, 12, 2, 0, 1.28%, 0, 0, 3, 226.23, 254004, 842
1129, 28, 7, 12, 2, 0, 1.28%, 0, 0, 3, 226.87, 255146, 842
1134, 28, 7, 12, 2, 0, 1.28%, 0, 0, 3, 225.41, 256278, 842
1139, 29, 9, 12, 2, 0, 1.28%, 0, 0, 3, 235.21, 257452, 842
1144, 29, 6, 12, 2, 0, 1.28%, 0, 0, 3, 235.25, 258646, 842
1149, 29, 3, 12, 2, 0, 1.28%, 0, 0, 3, 230.21, 259844, 842
1154, 29, 4, 12, 2, 0, 1.28%, 0, 0, 3, 220.45, 260920, 842
1159, 29, 7, 12, 2, 0, 1.28%, 0, 0, 3, 223.05, 262042, 842
1164, 30, 9, 12, 2, 0, 1.28%, 0, 0, 3, 219.04, 263186, 842
1169, 30, 3, 12, 2, 0, 1.28%, 0, 0, 3, 221.83, 264294, 842
1175, 30, 3, 12, 2, 0, 1.28%, 0, 0, 3, 220.33, 265430, 842
1180, 30, 3, 12, 2, 0, 1.28%, 0, 0, 3, 223.59, 266560, 842
1185, 30, 3, 12, 2, 0, 1.28%, 0, 0, 3, 217.74, 267640, 842
1190, 30, 3, 12, 2, 0, 1.28%, 0, 0, 3, 221.79, 268760, 842
1195, 30, 3, 12, 2, 0, 1.28%, 0, 0, 3, 215.34, 269872, 842
1200, 30, 1, 12, 2, 0, 1.28%, 0, 0, 3, 222.48, 271008, 842
1205, 30, 1, 12, 2, 0, 1.28%, 0, 0, 3, 225.10, 272144, 842
1210, 30, 1, 12, 2, 0, 1.28%, 0, 0, 3, 224.77, 273304, 842
1215, 31, 9, 12, 2, 0, 1.28%, 0, 0, 3, 219.32, 274444, 842
1220, 31, 3, 12, 2, 0, 1.28%, 0, 0, 3, 236.52, 275646, 842
1225, 31, 9, 12, 2, 0, 1.28%, 0, 0, 3, 221.32, 276750, 842
1230, 31, 7, 12, 2, 0, 1.28%, 0, 0, 3, 223.07, 277862, 842
1235, 31, 3, 12, 2, 0, 1.28%, 0, 0, 3, 221.68, 278978, 842
1241, 31, 9, 12, 2, 0, 1.28%, 0, 0, 3, 216.65, 280102, 842
1246, 31, 3, 12, 2, 0, 1.28%, 0, 0, 3, 224.00, 281262, 842
1251, 31, 3, 12, 2, 0, 1.28%, 0, 0, 3, 223.20, 282418, 842
1256, 32, 3, 12, 2, 0, 1.28%, 0, 0, 3, 220.79, 283514, 842
1261, 32, 3, 12, 2, 0, 1.28%, 0, 0, 3, 224.18, 284685, 842
1266, 32, 6, 12, 2, 0, 1.28%, 0, 0, 3, 232.08, 285852, 842
1271, 32, 9, 12, 2, 0, 1.28%, 0, 0, 3, 221.94, 286980, 842
1276, 32, 3, 12, 2, 0, 1.28%, 0, 0, 3, 218.51, 288068, 842
1281, 32, 3, 12, 2, 0, 1.28%, 0, 0, 3, 219.66, 289172, 842
1287, 33, 11, 12, 2, 0, 1.28%, 0, 0, 3, 225.33, 290354, 842
1292, 33, 11, 12, 2, 0, 1.28%, 0, 0, 3, 226.68, 291530, 842
1297, 33, 11, 12, 2, 0, 1.28%, 0, 0, 3, 224.69, 292694, 842
1302, 33, 6, 12, 2, 0, 1.28%, 0, 0, 3, 235.04, 293882, 842
1307, 33, 9, 12, 2, 0, 1.28%, 0, 0, 3, 221.85, 295010, 842
1312, 33, 3, 12, 2, 0, 1.28%, 0, 0, 3, 221.07, 296158, 842
1317, 33, 3, 12, 2, 0, 1.28%, 0, 0, 3, 221.20, 297286, 842
1322, 33, 3, 12, 2, 0, 1.28%, 0, 0, 3, 222.67, 298408, 842
1327, 33, 9, 12, 2, 0, 1.28%, 0, 0, 3, 215.51, 299492, 842
1332, 33, 3, 12, 2, 0, 1.28%, 0, 0, 3, 219.63, 300600, 842
1337, 34, 3, 12, 2, 0, 1.28%, 0, 0, 3, 221.68, 301712, 842
1343, 34, 3, 12, 2, 0, 1.28%, 0, 0, 3, 223.58, 302872, 842
1348, 34, 9, 12, 2, 0, 1.28%, 0, 0, 3, 216.12, 303956, 842
1353, 34, 3, 12, 2, 0, 1.28%, 0, 0, 3, 219.08, 305108, 842
1358, 34, 3, 12, 2, 0, 1.28%, 0, 0, 3, 224.57, 306240, 842
1363, 34, 3, 12, 2, 0, 1.28%, 0, 0, 3, 223.22, 307404, 842
1368, 34, 3, 12, 2, 0, 1.28%, 0, 0, 3, 217.54, 308520, 842
1373, 35, 3, 12, 2, 0, 1.28%, 0, 0, 3, 222.65, 309680, 842
1378, 35, 3, 12, 2, 0, 1.28%, 0, 0, 3, 224.55, 310812, 842
1383, 35, 11, 12, 2, 0, 1.28%, 0, 0, 3, 226.45, 311954, 842
1388, 35, 11, 12, 2, 0, 1.28%, 0, 0, 3, 225.32, 313078, 842
1393, 35, 11, 12, 2, 0, 1.28%, 0, 0, 3, 224.18, 314210, 842
1399, 35, 3, 12, 2, 0, 1.28%, 0, 0, 3, 224.46, 315346, 842
1404, 35, 3, 12, 2, 0, 1.28%, 0, 0, 3, 230.69, 316508, 842
1409, 35, 6, 12, 2, 0, 1.28%, 0, 0, 3, 234.33, 317708, 842
1414, 35, 3, 12, 2, 0, 1.28%, 0, 0, 3, 224.65, 318828, 842
1419, 36, 4, 12, 2, 0, 1.28%, 0, 0, 3, 220.83, 319936, 842
1424, 36, 6, 12, 2, 0, 1.28%, 0, 0, 3, 230.38, 321082, 842
1429, 36, 9, 12, 2, 0, 1.28%, 0, 0, 3, 216.22, 322170, 842
1434, 36, 5, 12, 2, 0, 1.28%, 0, 0, 3, 221.65, 323328, 842
1439, 36, 3, 12, 2, 0, 1.28%, 0, 0, 3, 219.83, 324430, 842
1444, 36, 1, 12, 2, 0, 1.28%, 0, 0, 3, 224.69, 325570, 842
1449, 36, 1, 12, 2, 0, 1.28%, 0, 0, 3, 224.56, 326738, 842
1454, 36, 1, 12, 2, 0, 1.28%, 0, 0, 3, 224.45, 327874, 842
1459, 37, 7, 12, 2, 0, 1.28%, 0, 0, 3, 225.34, 329010, 842
1464, 37, 11, 12, 2, 0, 1.28%, 0, 0, 3, 229.30, 330166, 842
1469, 37, 11, 12, 2, 0, 1.28%, 0, 0, 3, 227.13, 331298, 842
1474, 37, 11, 12, 2, 0, 1.28%, 0, 0, 3, 227.22, 332438, 842
1479, 37, 9, 12, 2, 0, 1.28%, 0, 0, 3, 220.51, 333546, 842
1484, 37, 3, 12, 2, 0, 1.28%, 0, 0, 3, 223.43, 334674, 842
1489, 37, 11, 12, 2, 0, 1.28%, 0, 0, 3, 223.41, 335790, 842
1495, 37, 11, 12, 2, 0, 1.28%, 0, 0, 3, 222.24, 336914, 842
1500, 37, 11, 12, 2, 0, 1.28%, 0, 0, 3, 221.98, 338070, 842
1505, 37, 3, 12, 2, 0, 1.28%, 0, 0, 3, 223.13, 339202, 842
1510, 37, 9, 12, 2, 0, 1.28%, 0, 0, 3, 221.11, 340320, 842
1515, 37, 3, 12, 2, 0, 1.28%, 0, 0, 3, 219.30, 341410, 842
1520, 38, 7, 12, 2, 0, 1.28%, 0, 0, 3, 221.96, 342526, 842
1525, 38, 7, 12, 2, 0, 1.28%, 0, 0, 3, 224.71, 343662, 842
1530, 38, 3, 12, 2, 0, 1.28%, 0, 0, 3, 224.58, 344786, 842
1535, 38, 3, 12, 2, 0, 1.28%, 0, 0, 3, 223.59, 345944, 842
1540, 38, 3, 12, 2, 0, 1.28%, 0, 0, 3, 222.37, 347064, 842
1545, 38, 9, 12, 2, 0, 1.28%, 0, 0, 3, 214.23, 348136, 842
1550, 38, 3, 12, 2, 0, 1.28%, 0, 0, 3, 213.17, 349204, 842
1555, 39, 9, 12, 2, 0, 1.28%, 0, 0, 3, 212.86, 350292, 842
1560, 39, 11, 12, 2, 0, 1.28%, 0, 0, 3, 219.94, 351412, 842
1565, 39, 11, 12, 2, 0, 1.28%, 0, 0, 3, 224.73, 352556, 842
1570, 39, 11, 12, 2, 0, 1.28%, 0, 0, 3, 224.60, 353688, 842
1575, 39, 3, 12, 2, 0, 1.28%, 0, 0, 3, 224.04, 354814, 842
1581, 39, 3, 12, 2, 0, 1.28%, 0, 0, 3, 220.35, 355956, 842
1586, 39, 6, 12, 2, 0, 1.28%, 0, 0, 3, 219.51, 357100, 842
1591, 39, 9, 12, 2, 0, 1.28%, 0, 0, 3, 226.35, 358268, 842
1596, 39, 3, 12, 2, 0, 1.28%, 0, 0, 3, 219.89, 359394, 842
1601, 39, 6, 12, 2, 0, 1.28%, 0, 0, 3, 233.45, 360602, 842
1606, 40, 3, 12, 2, 0, 1.28%, 0, 0, 3, 222.50, 361706, 842
1611, 40, 6, 12, 2, 0, 1.28%, 0, 0, 3, 234.96, 362934, 842
1616, 40, 9, 12, 2, 0, 1.28%, 0, 0, 3, 225.71, 364064, 842
1622, 40, 11, 12, 2, 0, 1.28%, 0, 0, 3, 223.35, 365212, 842
1627, 40, 11, 12, 2, 0, 1.28%, 0, 0, 3, 222.93, 366368, 842
1632, 40, 11, 12, 2, 0, 1.28%, 0, 0, 3, 224.23, 367532, 842
1637, 40, 3, 12, 2, 0, 1.28%, 0, 0, 3, 224.95, 368696, 842
1642, 40, 3, 12, 2, 0, 1.28%, 0, 0, 3, 227.09, 369856, 842
1647, 40, 3, 12, 2, 0, 1.28%, 0, 0, 3, 223.46, 371016, 842
1652, 40, 6, 12, 2, 0, 1.28%, 0, 0, 3, 230.69, 372168, 842
1657, 41, 3, 12, 2, 0, 1.28%, 0, 0, 3, 227.35, 373324, 842
1662, 41, 3, 12, 2, 0, 1.28%, 0, 0, 3, 224.72, 374454, 842
1667, 41, 3, 12, 2, 0, 1.28%, 0, 0, 3, 223.37, 375566, 842
1672, 41, 3, 12, 2, 0, 1.28%, 0, 0, 3, 225.54, 376702, 842
1678, 41, 3, 12, 2, 0, 1.28%, 0, 0, 3, 222.79, 377818, 842
1683, 41, 4, 12, 2, 0, 1.28%, 0, 0, 3, 224.04, 378946, 842
1688, 41, 9, 12, 2, 0, 1.28%, 0, 0, 3, 229.86, 380128, 842
1693, 41, 3, 12, 2, 0, 1.28%, 0, 0, 3, 221.98, 381228, 842
1698, 41, 11, 12, 2, 0, 1.28%, 0, 0, 3, 224.89, 382360, 842
1703, 41, 11, 12, 2, 0, 1.28%, 0, 0, 3, 223.42, 383484, 842
1708, 41, 11, 12, 2, 0, 1.28%, 0, 0, 3, 222.85, 384604, 842
1713, 42, 3, 12, 2, 0, 1.28%, 0, 0, 3, 226.06, 385792, 842
1718, 42, 3, 12, 2, 0, 1.28%, 0, 0, 3, 222.53, 386944, 842
1723, 42, 7, 12, 2, 0, 1.28%, 0, 0, 3, 222.38, 388052, 842
1728, 42, 11, 12, 2, 0, 1.28%, 0, 0, 3, 225.95, 389198, 842
1733, 42, 11, 12, 2, 0, 1.28%, 0, 0, 3, 224.82, 390334, 842
1738, 42, 11, 12, 2, 0, 1.28%, 0, 0, 3, 222.80, 391450, 842
1743, 42, 6, 12, 2, 0, 1.28%, 0, 0, 3, 234.74, 392666, 842
1748, 42, 5, 12, 2, 0, 1.28%, 0, 0, 3, 228.78, 393818, 842
1754, 43, 3, 12, 2, 0, 1.28%, 0, 0, 3, 224.75, 394976, 842
1759, 43, 3, 12, 2, 0, 1.28%, 0, 0, 3, 215.64, 396064, 842
1764, 43, 6, 12, 2, 0, 1.28%, 0, 0, 3, 226.68, 397208, 842
1769, 43, 6, 12, 2, 0, 1.28%, 0, 0, 3, 236.92, 398416, 842
1774, 43, 3, 12, 2, 0, 1.28%, 0, 0, 3, 224.80, 399540, 842
1779, 43, 4, 12, 2, 0, 1.28%, 0, 0, 3, 227.93, 400682, 842
1784, 43, 3, 12, 2, 0, 1.28%, 0, 0, 3, 221.07, 401776, 842
1789, 43, 3, 12, 2, 0, 1.28%, 0, 0, 3, 221.12, 402896, 842
1794, 44, 9, 12, 2, 0, 1.28%, 0, 0, 3, 221.17, 404050, 842
1799, 44, 9, 12, 2, 0, 1.28%, 0, 0, 3, 214.03, 405124, 842
1804, 44, 3, 12, 2, 0, 1.28%, 0, 0, 3, 222.58, 406244, 842
1809, 44, 3, 12, 2, 0, 1.28%, 0, 0, 3, 223.74, 407352, 842
1814, 44, 3, 12, 2, 0, 1.28%, 0, 0, 3, 221.79, 408468, 842
1819, 44, 3, 12, 2, 0, 1.28%, 0, 0, 3, 223.52, 409636, 842
1824, 44, 3, 12, 2, 0, 1.28%, 0, 0, 3, 224.38, 410796, 842
1830, 44, 3, 12, 2, 0, 1.28%, 0, 0, 3, 225.00, 411956, 842
1835, 45, 3, 12, 2, 0, 1.28%, 0, 0, 3, 224.56, 413088, 842
1840, 45, 9, 12, 2, 0, 1.28%, 0, 0, 3, 214.49, 414168, 842
1845, 45, 9, 12, 2, 0, 1.28%, 0, 0, 3, 219.75, 415322, 842
1850, 45, 3, 12, 2, 0, 1.28%, 0, 0, 3, 216.07, 416398, 842
1855, 45, 7, 12, 2, 0, 1.28%, 0, 0, 3, 224.81, 417534, 842
1860, 45, 3, 12, 2, 0, 1.28%, 0, 0, 3, 220.71, 418670, 842
1865, 45, 1, 12, 2, 0, 1.28%, 0, 0, 3, 222.52, 419826, 842
1870, 45, 1, 12, 2, 0, 1.28%, 0, 0, 3, 226.94, 420970, 842
1875, 45, 1, 12, 2, 0, 1.28%, 0, 0, 3, 225.21, 422106, 842
1880, 45, 3, 12, 2, 0, 1.28%, 0, 0, 3, 223.15, 423230, 842
1886, 46, 3, 12, 2, 0, 1.28%, 0, 0, 3, 223.01, 424390, 842
1891, 46, 3, 12, 2, 0, 1.28%, 0, 0, 3, 225.65, 425544, 842
1896, 46, 3, 12, 2, 0, 1.28%, 0, 0, 3, 224.38, 426664, 842
1901, 46, 3, 12, 2, 0, 1.28%, 0, 0, 3, 220.31, 427750, 842
1906, 46, 7, 12, 2, 0, 1.28%, 0, 0, 3, 223.31, 428866, 842
1911, 46, 3, 12, 2, 0, 1.28%, 0, 0, 3, 222.40, 430022, 842
1916, 46, 3, 12, 2, 0, 1.28%, 0, 0, 3, 235.63, 431246, 842
1921, 46, 3, 12, 2, 0, 1.28%, 0, 0, 3, 225.60, 432362, 842
1926, 46, 3, 12, 2, 0, 1.28%, 0, 0, 3, 222.27, 433478, 842
1931, 47, 3, 12, 2, 0, 1.28%, 0, 0, 3, 224.64, 434610, 842
1936, 47, 3, 12, 2, 0, 1.28%, 0, 0, 3, 222.71, 435726, 842
1941, 47, 3, 12, 2, 0, 1.28%, 0, 0, 3, 223.01, 436846, 842
1946, 47, 1, 12, 2, 0, 1.28%, 0, 0, 3, 215.74, 437926, 842
1951, 47, 1, 12, 2, 0, 1.28%, 0, 0, 3, 222.59, 439058, 842
1956, 47, 1, 12, 2, 0, 1.28%, 0, 0, 3, 224.18, 440186, 842
1961, 47, 1, 12, 2, 0, 1.28%, 0, 0, 3, 225.43, 441314, 842
1967, 47, 3, 12, 2, 0, 1.28%, 0, 0, 3, 221.45, 442464, 842
1972, 47, 3, 12, 2, 0, 1.28%, 0, 0, 3, 221.37, 443604, 842
1977, 47, 6, 12, 2, 0, 1.28%, 0, 0, 3, 238.30, 444870, 842
1982, 48, 3, 12, 2, 0, 1.28%, 0, 0, 3, 227.16, 446000, 842
1987, 48, 3, 12, 2, 0, 1.28%, 0, 0, 3, 224.12, 447114, 842
1992, 48, 3, 12, 2, 0, 1.28%, 0, 0, 3, 221.59, 448222, 842
1997, 48, 1, 12, 2, 0, 1.28%, 0, 0, 3, 223.68, 449350, 842
2002, 48, 1, 12, 2, 0, 1.28%, 0, 0, 3, 224.95, 450474, 842
2007, 48, 1, 12, 2, 0, 1.28%, 0, 0, 3, 226.54, 451614, 842
2012, 48, 9, 12, 2, 0, 1.28%, 0, 0, 3, 221.48, 452756, 842
2017, 48, 3, 12, 2, 0, 1.28%, 0, 0, 3, 221.10, 453856, 842
2022, 48, 3, 12, 2, 0, 1.28%, 0, 0, 3, 224.76, 454996, 842
2027, 48, 3, 12, 2, 0, 1.28%, 0, 0, 3, 223.37, 456152, 842
2033, 48, 1, 12, 2, 0, 1.28%, 0, 0, 3, 225.05, 457316, 842
2038, 48, 1, 12, 2, 0, 1.28%, 0, 0, 3, 224.17, 458440, 842
2043, 48, 1, 12, 2, 0, 1.28%, 0, 0, 3, 224.78, 459572, 842
2048, 49, 7, 12, 2, 0, 1.28%, 0, 0, 3, 230.50, 460782, 842
2053, 49, 3, 12, 2, 0, 1.28%, 0, 0, 3, 226.58, 461950, 842
2058, 49, 5, 12, 2, 0, 1.28%, 0, 0, 3, 222.48, 463106, 842
2063, 49, 3, 12, 2, 0, 1.28%, 0, 0, 3, 222.31, 464256, 842
2068, 49, 9, 12, 2, 0, 1.28%, 0, 0, 3, 217.17, 465360, 842
2073, 49, 11, 12, 2, 0, 1.28%, 0, 0, 3, 221.26, 466476, 842
2079, 49, 11, 12, 2, 0, 1.28%, 0, 0, 3, 224.93, 467648, 842
2084, 49, 11, 12, 2, 0, 1.28%, 0, 0, 3, 222.74, 468804, 842
2089, 49, 3, 12, 2, 0, 1.28%, 0, 0, 3, 223.73, 469928, 842
2094, 49, 6, 12, 2, 0, 1.28%, 0, 0, 3, 230.74, 471076, 842
2099, 50, 9, 12, 2, 0, 1.28%, 0, 0, 3, 218.29, 472184, 842
2104, 50, 11, 12, 2, 0, 1.28%, 0, 0, 3, 220.19, 473320, 842
2109, 50, 11, 12, 2, 0, 1.28%, 0, 0, 3, 221.16, 474432, 842
2114, 50, 11, 12, 2, 0, 1.28%, 0, 0, 3, 222.62, 475548, 842
2119, 50, 3, 12, 2, 0, 1.28%, 0, 0, 3, 218.92, 476644, 842
2124, 50, 3, 12, 2, 0, 1.28%, 0, 0, 3, 220.42, 477752, 842
2129, 50, 3, 12, 2, 0, 1.28%, 0, 0, 3, 222.32, 478872, 842
2134, 50, 7, 12, 2, 0, 1.28%, 0, 0, 3, 222.48, 480024, 842
2140, 50, 9, 12, 2, 0, 1.28%, 0, 0, 3, 219.08, 481128, 842
2145, 50, 9, 12, 2, 0, 1.28%, 0, 0, 3, 221.23, 482284, 842
2150, 51, 3, 12, 2, 0, 1.28%, 0, 0, 3, 219.36, 483362, 842
2155, 51, 3, 12, 2, 0, 1.28%, 0, 0, 3, 222.65, 484522, 842
2160, 51, 7, 12, 2, 0, 1.28%, 0, 0, 3, 223.73, 485690, 842
2165, 51, 3, 12, 2, 0, 1.28%, 0, 0, 3, 222.64, 486810, 842
2170, 51, 11, 12, 2, 0, 1.28%, 0, 0, 3, 221.19, 487914, 842
2175, 51, 11, 12, 2, 0, 1.28%, 0, 0, 3, 223.80, 489038, 842
2180, 51, 11, 12, 2, 0, 1.28%, 0, 0, 3, 223.38, 490162, 842
2185, 51, 11, 12, 2, 0, 1.28%, 0, 0, 3, 223.29, 491318, 842
2190, 51, 5, 12, 2, 0, 1.28%, 0, 0, 3, 215.61, 492390, 842
2196, 51, 9, 12, 2, 0, 1.28%, 0, 0, 3, 219.16, 493542, 842
2201, 52, 9, 12, 2, 0, 1.28%, 0, 0, 3, 213.42, 494608, 842
2206, 52, 9, 12, 2, 0, 1.28%, 0, 0, 3, 209.07, 495652, 842
2211, 52, 3, 12, 2, 0, 1.28%, 0, 0, 3, 225.96, 496794, 842
2216, 52, 5, 12, 2, 0, 1.28%, 0, 0, 3, 230.31, 497970, 842
2221, 52, 3, 12, 2, 0, 1.28%, 0, 0, 3, 232.62, 499156, 842
2226, 52, 9, 12, 2, 0, 1.28%, 0, 0, 3, 219.45, 500244, 842
2231, 53, 3, 12, 2, 0, 1.28%, 0, 0, 3, 213.94, 501312, 842
2236, 53, 3, 12, 2, 0, 1.28%, 0, 0, 3, 219.94, 502456, 842
2241, 53, 9, 12, 2, 0, 1.28%, 0, 0, 3, 214.87, 503540, 842
2246, 53, 3, 12, 2, 0, 1.28%, 0, 0, 3, 217.98, 504634, 842
2251, 53, 3, 12, 2, 0, 1.28%, 0, 0, 3, 221.58, 505756, 842
2256, 53, 11, 12, 2, 0, 1.28%, 0, 0, 3, 224.28, 506884, 842
2261, 53, 11, 12, 2, 0, 1.28%, 0, 0, 3, 223.43, 508000, 842
2266, 53, 11, 12, 2, 0, 1.28%, 0, 0, 3, 221.44, 509152, 842
2272, 53, 3, 12, 2, 0, 1.28%, 0, 0, 3, 218.10, 510278, 842
2277, 54, 3, 12, 2, 0, 1.28%, 0, 0, 3, 219.28, 511422, 842
2282, 54, 3, 12, 2, 0, 1.28%, 0, 0, 3, 220.96, 512534, 842
2287, 54, 3, 12, 2, 0, 1.28%, 0, 0, 3, 222.83, 513720, 842
2292, 54, 4, 12, 2, 0, 1.28%, 0, 0, 3, 226.26, 514888, 842
2297, 54, 3, 12, 2, 0, 1.28%, 0, 0, 3, 222.57, 516006, 842
2302, 54, 9, 12, 2, 0, 1.28%, 0, 0, 3, 219.80, 517116, 842
2307, 55, 9, 12, 2, 0, 1.28%, 0, 0, 3, 236.17, 518322, 842
2312, 55, 9, 12, 2, 0, 1.28%, 0, 0, 3, 216.18, 519374, 842
2318, 55, 3, 12, 2, 0, 1.28%, 0, 0, 3, 220.54, 520532, 842
2323, 55, 3, 12, 2, 0, 1.28%, 0, 0, 3, 235.78, 521742, 842
2328, 55, 9, 12, 2, 0, 1.28%, 0, 0, 3, 223.89, 522858, 842
2333, 55, 3, 12, 2, 0, 1.28%, 0, 0, 3, 216.51, 523926, 842
2338, 55, 1, 12, 2, 0, 1.28%, 0, 0, 3, 221.60, 525078, 842
2343, 55, 1, 12, 2, 0, 1.28%, 0, 0, 3, 220.54, 526234, 842
2348, 55, 1, 12, 2, 0, 1.28%, 0, 0, 3, 222.92, 527354, 842
2353, 56, 3, 12, 2, 0, 1.28%, 0, 0, 3, 222.80, 528510, 842
2358, 56, 3, 12, 2, 0, 1.28%, 0, 0, 3, 220.23, 529602, 842
2363, 56, 3, 12, 2, 0, 1.28%, 0, 0, 3, 220.20, 530748, 842
2369, 56, 3, 12, 2, 0, 1.28%, 0, 0, 3, 230.90, 531960, 842
2374, 56, 3, 12, 2, 0, 1.28%, 0, 0, 3, 223.95, 533118, 842
2379, 56, 4, 12, 2, 0, 1.28%, 0, 0, 3, 219.69, 534222, 842
2384, 56, 4, 12, 2, 0, 1.28%, 0, 0, 3, 228.14, 535366, 842
2389, 57, 7, 12, 2, 0, 1.28%, 0, 0, 3, 226.28, 536506, 842
2394, 57, 7, 12, 2, 0, 1.28%, 0, 0, 3, 226.80, 537640, 842
2399, 57, 9, 12, 2, 0, 1.28%, 0, 0, 3, 217.95, 538732, 842
2404, 57, 0, 12, 2, 0, 1.28%, 0, 0, 3, 183.91, 539651, 842
2409, 57, 3, 12, 1, 0, 1.28%, 0, 0, 3, 208.53, 540753, 842
2414, 57, 6, 12, 1, 0, 1.28%, 0, 0, 3, 218.87, 541857, 842
2419, 57, 3, 12, 1, 0, 1.28%, 0, 0, 3, 226.15, 543021, 842
2424, 58, 9, 12, 1, 0, 1.28%, 0, 0, 3, 223.74, 544141, 842
2429, 58, 7, 12, 1, 0, 1.28%, 0, 0, 3, 214.41, 545201, 842
2435, 58, 3, 12, 1, 0, 1.28%, 0, 0, 3, 220.93, 546357, 842
2440, 58, 1, 12, 1, 0, 1.28%, 0, 0, 3, 221.41, 547497, 842
2445, 58, 1, 12, 1, 0, 1.28%, 0, 0, 3, 225.51, 548669, 842
2450, 58, 1, 12, 1, 0, 1.28%, 0, 0, 3, 227.17, 549809, 842
2455, 58, 9, 12, 1, 0, 1.28%, 0, 0, 3, 220.43, 550953, 842
2460, 58, 3, 12, 1, 0, 1.28%, 0, 0, 3, 225.96, 552103, 842
2465, 58, 3, 12, 1, 0, 1.28%, 0, 0, 3, 224.31, 553273, 842
2470, 58, 3, 12, 1, 0, 1.28%, 0, 0, 3, 221.80, 554385, 842
2475, 59, 3, 12, 1, 0, 1.28%, 0, 0, 3, 217.97, 555461, 842
2480, 59, 3, 12, 1, 0, 1.28%, 0, 0, 3, 221.31, 556577, 842
2485, 59, 9, 12, 1, 0, 1.28%, 0, 0, 3, 219.55, 557685, 842
2491, 59, 1, 12, 1, 0, 1.28%, 0, 0, 3, 221.50, 558829, 842
2496, 59, 1, 12, 1, 0, 1.28%, 0, 0, 3, 221.60, 559933, 842
2501, 59, 1, 12, 1, 0, 1.28%, 0, 0, 3, 222.48, 561085, 842
2506, 59, 9, 12, 1, 0, 1.28%, 0, 0, 3, 214.18, 562165, 842
2511, 59, 3, 12, 1, 0, 1.28%, 0, 0, 3, 212.98, 563265, 842
2516, 59, 9, 12, 1, 0, 1.28%, 0, 0, 3, 216.29, 564373, 842
2521, 60, 9, 12, 1, 0, 1.28%, 0, 0, 3, 213.04, 565443, 842
2526, 60, 11, 12, 1, 0, 1.28%, 0, 0, 3, 220.06, 566547, 842
2531, 60, 11, 12, 1, 0, 1.28%, 0, 0, 3, 224.55, 567683, 842
2536, 60, 11, 12, 1, 0, 1.28%, 0, 0, 3, 223.35, 568799, 842
2541, 60, 11, 12, 1, 0, 1.28%, 0, 0, 3, 220.91, 569911, 842
2546, 60, 3, 12, 1, 0, 1.28%, 0, 0, 3, 226.40, 571049, 842
2551, 60, 3, 12, 1, 0, 1.28%, 0, 0, 3, 223.58, 572173, 842
2556, 60, 7, 12, 1, 0, 1.28%, 0, 0, 3, 223.39, 573293, 842
2561, 60, 3, 12, 1, 0, 1.28%, 0, 0, 3, 224.60, 574445, 842
2566, 60, 3, 12, 1, 0, 1.28%, 0, 0, 3, 223.54, 575569, 842
2572, 60, 11, 12, 1, 0, 1.28%, 0, 0, 3, 224.34, 576733, 842
2577, 60, 11, 12, 1, 0, 1.28%, 0, 0, 3, 223.61, 577885, 842
2582, 60, 11, 12, 1, 0, 1.28%, 0, 0, 3, 224.40, 579017, 842
2587, 61, 3, 12, 1, 0, 1.28%, 0, 0, 3, 224.33, 580149, 842
2592, 61, 3, 12, 1, 0, 1.28%, 0, 0, 3, 226.60, 581323, 842
2597, 61, 3, 12, 1, 0, 1.28%, 0, 0, 3, 223.52, 582439, 842
2602, 61, 3, 12, 1, 0, 1.28%, 0, 0, 3, 221.74, 583561, 842
2607, 61, 3, 12, 1, 0, 1.28%, 0, 0, 3, 223.01, 584689, 842
2612, 61, 9, 12, 1, 0, 1.28%, 0, 0, 3, 215.53, 585775, 842
2617, 61, 3, 12, 1, 0, 1.28%, 0, 0, 3, 214.66, 586839, 842
2622, 61, 3, 12, 1, 0, 1.28%, 0, 0, 3, 219.91, 587959, 842
2627, 62, 3, 12, 1, 0, 1.28%, 0, 0, 3, 221.33, 589075, 842
2632, 62, 4, 12, 1, 0, 1.28%, 0, 0, 3, 222.81, 590195, 842
2638, 62, 7, 12, 1, 0, 1.28%, 0, 0, 3, 230.15, 591377, 842
2643, 62, 3, 12, 1, 0, 1.28%, 0, 0, 3, 225.48, 592505, 842
2648, 62, 3, 12, 1, 0, 1.28%, 0, 0, 3, 217.11, 593629, 842
2653, 62, 7, 12, 1, 0, 1.28%, 0, 0, 3, 220.95, 594741, 842
2658, 62, 3, 12, 1, 0, 1.28%, 0, 0, 3, 220.24, 595841, 842
2663, 63, 7, 12, 1, 0, 1.28%, 0, 0, 3, 224.52, 596981, 842
2668, 63, 9, 12, 1, 0, 1.28%, 0, 0, 3, 233.17, 598207, 842
2673, 63, 3, 12, 1, 0, 1.28%, 0, 0, 3, 224.09, 599307, 842
2678, 63, 9, 12, 1, 0, 1.28%, 0, 0, 3, 218.18, 600443, 842
2683, 63, 3, 12, 1, 0, 1.28%, 0, 0, 3, 216.15, 601531, 842
2688, 63, 9, 12, 1, 0, 1.28%, 0, 0, 3, 215.54, 602615, 842
2693, 63, 3, 12, 1, 0, 1.28%, 0, 0, 3, 218.56, 603715, 842
2698, 64, 9, 12, 1, 0, 1.28%, 0, 0, 3, 217.68, 604823, 842
2704, 64, 3, 12, 1, 0, 1.28%, 0, 0, 3, 222.95, 605991, 842
2709, 64, 3, 12, 1, 0, 1.28%, 0, 0, 3, 223.40, 607111, 842
2714, 64, 3, 12, 1, 0, 1.28%, 0, 0, 3, 223.50, 608231, 842
2719, 64, 3, 12, 1, 0, 1.28%, 0, 0, 3, 235.32, 609427, 842
2724, 64, 4, 12, 1, 0, 1.28%, 0, 0, 3, 230.21, 610599, 842
2729, 64, 3, 12, 1, 0, 1.28%, 0, 0, 3, 225.94, 611737, 842
2734, 65, 3, 12, 1, 0, 1.28%, 0, 0, 3, 220.49, 612829, 842
2739, 65, 3, 12, 1, 0, 1.28%, 0, 0, 3, 222.38, 613989, 842
2744, 65, 7, 12, 1, 0, 1.28%, 0, 0, 3, 221.55, 615085, 842
2749, 65, 9, 12, 1, 0, 1.28%, 0, 0, 3, 212.28, 616149, 842
2754, 65, 5, 12, 1, 0, 1.28%, 0, 0, 3, 217.00, 617279, 842
2759, 65, 9, 12, 1, 0, 1.28%, 0, 0, 3, 212.99, 618351, 842
2764, 65, 3, 12, 1, 0, 1.28%, 0, 0, 3, 222.31, 619467, 842
2769, 66, 9, 12, 1, 0, 1.28%, 0, 0, 3, 218.72, 620565, 842
2774, 66, 9, 12, 1, 0, 1.28%, 0, 0, 3, 212.49, 621621, 842
2779, 66, 7, 12, 1, 0, 1.28%, 0, 0, 3, 219.75, 622727, 842
2784, 66, 6, 12, 1, 0, 1.28%, 0, 0, 3, 223.37, 623835, 842
2790, 66, 7, 12, 1, 0, 1.28%, 0, 0, 3, 229.53, 625039, 842
2795, 66, 3, 12, 1, 0, 1.28%, 0, 0, 3, 233.93, 626259, 842
2800, 66, 3, 12, 1, 0, 1.28%, 0, 0, 3, 228.44, 627393, 842
2805, 67, 3, 12, 1, 0, 1.28%, 0, 0, 3, 225.75, 628557, 842
2810, 67, 3, 12, 1, 0, 1.28%, 0, 0, 3, 222.85, 629673, 842
2815, 67, 3, 12, 1, 0, 1.28%, 0, 0, 3, 222.77, 630831, 842
2820, 67, 3, 12, 1, 0, 1.28%, 0, 0, 3, 220.15, 631987, 842
2826, 67, 3, 12, 1, 0, 1.28%, 0, 0, 3, 217.77, 633115, 842
2831, 67, 3, 12, 1, 0, 1.28%, 0, 0, 3, 224.76, 634247, 842
2836, 67, 9, 12, 1, 0, 1.28%, 0, 0, 3, 216.64, 635371, 842
2841, 68, 3, 12, 1, 0, 1.28%, 0, 0, 3, 219.68, 636511, 842
2846, 68, 11, 12, 1, 0, 1.28%, 0, 0, 3, 223.11, 637631, 842
2851, 68, 11, 12, 1, 0, 1.28%, 0, 0, 3, 226.84, 638771, 842
2856, 68, 11, 12, 1, 0, 1.28%, 0, 0, 3, 223.54, 639891, 842
2861, 68, 7, 12, 1, 0, 1.28%, 0, 0, 3, 224.94, 641059, 842
2866, 68, 9, 12, 1, 0, 1.28%, 0, 0, 3, 221.17, 642213, 842
2871, 68, 11, 12, 1, 0, 1.28%, 0, 0, 3, 223.55, 643337, 842
2877, 68, 11, 12, 1, 0, 1.28%, 0, 0, 3, 223.82, 644457, 842
2882, 68, 11, 12, 1, 0, 1.28%, 0, 0, 3, 225.11, 645589, 842
2887, 68, 3, 12, 1, 0, 1.28%, 0, 0, 3, 224.38, 646717, 842
2892, 68, 9, 12, 1, 0, 1.28%, 0, 0, 3, 218.12, 647861, 842
2897, 68, 3, 12, 1, 0, 1.28%, 0, 0, 3, 217.52, 648941, 842
2902, 68, 6, 12, 1, 0, 1.28%, 0, 0, 3, 232.07, 650109, 842
2907, 69, 3, 12, 1, 0, 1.28%, 0, 0, 3, 225.59, 651285, 842
2912, 69, 3, 12, 1, 0, 1.28%, 0, 0, 3, 220.98, 652389, 842
2917, 69, 6, 12, 1, 0, 1.28%, 0, 0, 3, 232.93, 653599, 842
2922, 69, 3, 12, 1, 0, 1.28%, 0, 0, 3, 223.70, 654737, 842
2927, 69, 3, 12, 1, 0, 1.28%, 0, 0, 3, 221.22, 655841, 842
2932, 69, 4, 12, 1, 0, 1.28%, 0, 0, 3, 223.67, 656969, 842
2938, 69, 3, 12, 1, 0, 1.28%, 0, 0, 3, 219.53, 658071, 842
2943, 69, 3, 12, 1, 0, 1.28%, 0, 0, 3, 219.41, 659179, 842
2948, 70, 3, 12, 1, 0, 1.28%, 0, 0, 3, 221.40, 660303, 842
2953, 70, 9, 12, 1, 0, 1.28%, 0, 0, 3, 217.40, 661439, 842
2958, 70, 9, 12, 1, 0, 1.28%, 0, 0, 3, 216.74, 662535, 842
2963, 70, 3, 12, 1, 0, 1.28%, 0, 0, 3, 220.60, 663653, 842
2968, 70, 7, 12, 1, 0, 1.28%, 0, 0, 3, 222.63, 664805, 842
2973, 70, 9, 12, 1, 0, 1.28%, 0, 0, 3, 218.43, 665901, 842
2978, 70, 3, 12, 1, 0, 1.28%, 0, 0, 3, 211.89, 666953, 842
2983, 70, 7, 12, 1, 0, 1.28%, 0, 0, 3, 222.81, 668085, 842
2988, 71, 4, 12, 1, 0, 1.28%, 0, 0, 3, 219.12, 669185, 842
2993, 71, 3, 12, 1, 0, 1.28%, 0, 0, 3, 220.44, 670309, 842
2998, 71, 3, 12, 1, 0, 1.28%, 0, 0, 3, 222.82, 671429, 842
3003, 71, 6, 12, 1, 0, 1.28%, 0, 0, 3, 218.80, 672569, 842
3008, 71, 3, 12, 1, 0, 1.28%, 0, 0, 3, 235.63, 673777, 842
3013, 71, 3, 12, 1, 0, 1.28%, 0, 0, 3, 224.28, 674893, 842
3018, 72, 3, 12, 1, 0, 1.28%, 0, 0, 3, 229.20, 676043, 842
3023, 72, 3, 12, 1, 0, 1.28%, 0, 0, 3, 220.94, 677139, 842
3029, 72, 3, 12, 1, 0, 1.28%, 0, 0, 3, 223.49, 678275, 842
3034, 72, 7, 12, 1, 0, 1.28%, 0, 0, 3, 222.77, 679409, 842
3039, 72, 3, 12, 1, 0, 1.28%, 0, 0, 3, 227.29, 680551, 842
3044, 72, 9, 12, 1, 0, 1.28%, 0, 0, 3, 227.73, 681691, 842
3049, 73, 7, 12, 1, 0, 1.28%, 0, 0, 3, 225.05, 682821, 842
3054, 73, 7, 12, 1, 0, 1.28%, 0, 0, 3, 227.01, 683967, 842
3059, 73, 3, 12, 1, 0, 1.28%, 0, 0, 3, 223.52, 685087, 842
3064, 73, 3, 12, 1, 0, 1.28%, 0, 0, 3, 220.26, 686231, 842
3069, 73, 4, 12, 1, 0, 1.28%, 0, 0, 3, 220.00, 687325, 842
3074, 73, 3, 12, 1, 0, 1.28%, 0, 0, 3, 221.60, 688487, 842
3079, 74, 7, 12, 1, 0, 1.28%, 0, 0, 3, 225.43, 689623, 842
3084, 74, 3, 12, 1, 0, 1.28%, 0, 0, 3, 223.57, 690735, 842
3089, 74, 4, 12, 1, 0, 1.28%, 0, 0, 3, 219.93, 691809, 842
3094, 74, 3, 12, 1, 0, 1.28%, 0, 0, 3, 219.51, 692957, 842
3099, 74, 9, 12, 1, 0, 1.28%, 0, 0, 3, 214.62, 694033, 842
3104, 74, 6, 12, 1, 0, 1.28%, 0, 0, 3, 218.37, 695133, 842
3110, 74, 3, 12, 1, 0, 1.28%, 0, 0, 3, 229.84, 696353, 842
3115, 75, 9, 12, 1, 0, 1.28%, 0, 0, 3, 216.14, 697433, 842
3120, 75, 3, 12, 1, 0, 1.28%, 0, 0, 3, 219.75, 698535, 842
3125, 75, 11, 12, 1, 0, 1.28%, 0, 0, 3, 216.65, 699661, 842
3130, 75, 11, 12, 1, 0, 1.28%, 0, 0, 3, 220.70, 700781, 842
3135, 75, 11, 12, 1, 0, 1.28%, 0, 0, 3, 223.56, 701913, 842
3140, 75, 9, 12, 1, 0, 1.28%, 0, 0, 3, 221.38, 703025, 842
3145, 75, 9, 12, 1, 0, 1.28%, 0, 0, 3, 212.86, 704073, 842
3150, 75, 9, 12, 1, 0, 1.28%, 0, 0, 3, 214.07, 705157, 842
3155, 76, 3, 12, 1, 0, 1.28%, 0, 0, 3, 220.15, 706267, 842
3160, 76, 11, 12, 1, 0, 1.28%, 0, 0, 3, 221.94, 707421, 842
3165, 76, 11, 12, 1, 0, 1.28%, 0, 0, 3, 223.15, 708553, 842
3170, 76, 11, 12, 1, 0, 1.28%, 0, 0, 3, 223.40, 709685, 842
3175, 76, 11, 12, 1, 0, 1.28%, 0, 0, 3, 220.21, 710825, 842
3180, 76, 11, 12, 1, 0, 1.28%, 0, 0, 3, 222.83, 711953, 842
3185, 76, 11, 12, 1, 0, 1.28%, 0, 0, 3, 222.41, 713065, 842
3190, 76, 9, 12, 1, 0, 1.28%, 0, 0, 3, 229.09, 714215, 842
3196, 76, 3, 12, 1, 0, 1.28%, 0, 0, 3, 222.12, 715347, 842
3201, 76, 3, 12, 1, 0, 1.28%, 0, 0, 3, 219.74, 716483, 842
3206, 76, 3, 12, 1, 0, 1.28%, 0, 0, 3, 220.45, 717593, 842
3211, 76, 3, 12, 1, 0, 1.28%, 0, 0, 3, 221.30, 718721, 842
3216, 77, 3, 12, 1, 0, 1.28%, 0, 0, 3, 221.25, 719833, 842
3221, 77, 6, 12, 1, 0, 1.28%, 0, 0, 3, 229.69, 720963, 842
3226, 77, 9, 12, 1, 0, 1.28%, 0, 0, 3, 230.62, 722185, 842
3231, 77, 3, 12, 1, 0, 1.28%, 0, 0, 3, 222.48, 723277, 842
3236, 77, 3, 12, 1, 0, 1.28%, 0, 0, 3, 221.84, 724429, 842
3241, 77, 1, 12, 1, 0, 1.28%, 0, 0, 3, 220.41, 725537, 842
3247, 77, 1, 12, 1, 0, 1.28%, 0, 0, 3, 224.11, 726697, 842
3252, 77, 1, 12, 1, 0, 1.28%, 0, 0, 3, 223.51, 727821, 842
3257, 77, 3, 12, 1, 0, 1.28%, 0, 0, 3, 224.25, 728989, 842
3262, 78, 9, 12, 1, 0, 1.28%, 0, 0, 3, 221.90, 730131, 842
3267, 78, 6, 12, 1, 0, 1.28%, 0, 0, 3, 232.57, 731287, 842
3272, 78, 3, 12, 1, 0, 1.28%, 0, 0, 3, 222.48, 732427, 842
3277, 78, 1, 12, 1, 0, 1.28%, 0, 0, 3, 221.97, 733547, 842
3282, 78, 1, 12, 1, 0, 1.28%, 0, 0, 3, 221.71, 734663, 842
3287, 78, 1, 12, 1, 0, 1.28%, 0, 0, 3, 222.25, 735811, 842
3292, 78, 3, 12, 1, 0, 1.28%, 0, 0, 3, 223.55, 736931, 842
3297, 78, 4, 12, 1, 0, 1.28%, 0, 0, 3, 221.49, 738035, 842
3302, 78, 3, 12, 1, 0, 1.28%, 0, 0, 3, 222.00, 739153, 842
3307, 78, 6, 12, 1, 0, 1.28%, 0, 0, 3, 230.13, 740303, 842
3313, 79, 4, 12, 1, 0, 1.28%, 0, 0, 3, 227.13, 741451, 842
3318, 79, 3, 12, 1, 0, 1.28%, 0, 0, 3, 224.14, 742573, 842
3323, 79, 3, 12, 1, 0, 1.28%, 0, 0, 3, 222.11, 743729, 842
3328, 79, 3, 12, 1, 0, 1.28%, 0, 0, 3, 221.09, 744833, 842
3333, 79, 3, 12, 1, 0, 1.28%, 0, 0, 3, 223.85, 746001, 842
3338, 79, 3, 12, 1, 0, 1.28%, 0, 0, 3, 220.35, 747145, 842
3343, 79, 11, 12, 1, 0, 1.28%, 0, 0, 3, 225.45, 748319, 842
3348, 79, 11, 12, 1, 0, 1.28%, 0, 0, 3, 224.08, 749435, 842
3354, 79, 11, 12, 1, 0, 1.28%, 0, 0, 3, 223.91, 750599, 842
3359, 79, 9, 12, 1, 0, 1.28%, 0, 0, 3, 216.83, 751699, 842
3364, 79, 3, 12, 1, 0, 1.28%, 0, 0, 3, 217.53, 752795, 842
3369, 79, 9, 12, 1, 0, 1.28%, 0, 0, 3, 215.63, 753915, 842
3374, 80, 9, 12, 1, 0, 1.28%, 0, 0, 3, 219.73, 755017, 842
3379, 80, 3, 12, 1, 0, 1.28%, 0, 0, 3, 221.21, 756131, 842
3384, 80, 7, 12, 1, 0, 1.28%, 0, 0, 3, 232.61, 757337, 842
3389, 80, 9, 12, 1, 0, 1.28%, 0, 0, 3, 220.91, 758445, 842
3394, 80, 9, 12, 1, 0, 1.28%, 0, 0, 3, 218.63, 759549, 842
3399, 81, 9, 12, 1, 0, 1.28%, 0, 0, 3, 211.87, 760605, 842
3404, 81, 3, 12, 1, 0, 1.28%, 0, 0, 3, 221.26, 761717, 842
3409, 81, 9, 12, 1, 0, 1.28%, 0, 0, 3, 218.70, 762817, 842
3414, 81, 9, 12, 1, 0, 1.28%, 0, 0, 3, 219.45, 763913, 842
3419, 81, 9, 12, 1, 0, 1.28%, 0, 0, 3, 211.51, 764969, 842
3424, 81, 3, 12, 1, 0, 1.28%, 0, 0, 3, 219.25, 766077, 842
3429, 81, 7, 12, 1, 0, 1.28%, 0, 0, 3, 223.51, 767235, 842
3434, 81, 9, 12, 1, 0, 1.28%, 0, 0, 3, 222.66, 768357, 842
3439, 82, 4, 12, 1, 0, 1.28%, 0, 0, 3, 225.93, 769483, 842
3445, 82, 1, 12, 1, 0, 1.28%, 0, 0, 3, 225.26, 770661, 842
3450, 82, 1, 12, 1, 0, 1.28%, 0, 0, 3, 223.02, 771813, 842
3455, 82, 1, 12, 1, 0, 1.28%, 0, 0, 3, 224.37, 772929, 842
3460, 82, 6, 12, 1, 0, 1.28%, 0, 0, 3, 228.32, 774063, 842
3465, 82, 3, 12, 1, 0, 1.28%, 0, 0, 3, 221.83, 775227, 842
3470, 82, 6, 12, 1, 0, 1.28%, 0, 0, 3, 217.25, 776363, 842
3475, 83, 4, 12, 1, 0, 1.28%, 0, 0, 3, 235.49, 777599, 842
3480, 83, 9, 12, 1, 0, 1.28%, 0, 0, 3, 217.29, 778679, 842
3486, 83, 7, 12, 1, 0, 1.28%, 0, 0, 3, 223.25, 779833, 842
3491, 83, 3, 12, 1, 0, 1.28%, 0, 0, 3, 224.23, 780967, 842
3496, 83, 3, 12, 1, 0, 1.28%, 0, 0, 3, 225.18, 782139, 842
3501, 84, 3, 12, 1, 0, 1.28%, 0, 0, 3, 232.87, 783333, 842
3506, 84, 6, 12, 1, 0, 1.28%, 0, 0, 3, 232.12, 784521, 842
3511, 84, 9, 12, 1, 0, 1.28%, 0, 0, 3, 221.37, 785641, 842
3516, 84, 7, 12, 1, 0, 1.28%, 0, 0, 3, 224.32, 786767, 842
3521, 84, 11, 12, 1, 0, 1.28%, 0, 0, 3, 224.67, 787895, 842
3526, 84, 11, 12, 1, 0, 1.28%, 0, 0, 3, 224.89, 789019, 842
3531, 84, 11, 12, 1, 0, 1.28%, 0, 0, 3, 225.13, 790151, 842
3537, 84, 7, 12, 1, 0, 1.28%, 0, 0, 3, 222.14, 791303, 842
3542, 84, 11, 12, 1, 0, 1.28%, 0, 0, 3, 220.78, 792403, 842
3547, 84, 11, 12, 1, 0, 1.28%, 0, 0, 3, 221.18, 793555, 842
3552, 84, 11, 12, 1, 0, 1.28%, 0, 0, 3, 221.90, 794667, 842
3557, 84, 3, 12, 1, 0, 1.28%, 0, 0, 3, 224.02, 795787, 842
3562, 85, 9, 12, 1, 0, 1.28%, 0, 0, 3, 219.17, 796893, 842
3567, 85, 3, 12, 1, 0, 1.28%, 0, 0, 3, 231.14, 798049, 842
3572, 85, 3, 12, 1, 0, 1.28%, 0, 0, 3, 224.32, 799209, 842
3577, 85, 3, 12, 1, 0, 1.28%, 0, 0, 3, 226.48, 800389, 842
3582, 85, 3, 12, 1, 0, 1.28%, 0, 0, 3, 221.44, 801493, 842
3587, 85, 3, 12, 1, 0, 1.28%, 0, 0, 3, 220.10, 802629, 842
3592, 85, 9, 12, 1, 0, 1.28%, 0, 0, 3, 218.68, 803733, 842
3598, 86, 3, 12, 1, 0, 1.28%, 0, 0, 3, 219.99, 804855, 842
3603, 86, 3, 12, 1, 0, 1.28%, 0, 0, 3, 224.04, 806013, 842
3608, 86, 3, 12, 1, 0, 1.28%, 0, 0, 3, 221.87, 807125, 842
3613, 86, 7, 12, 1, 0, 1.28%, 0, 0, 3, 214.50, 808205, 842
3618, 86, 3, 12, 1, 0, 1.28%, 0, 0, 3, 218.86, 809317, 842
3623, 86, 7, 12, 1, 0, 1.28%, 0, 0, 3, 223.72, 810485, 842
3628, 86, 3, 12, 1, 0, 1.28%, 0, 0, 3, 222.94, 811611, 842
3633, 87, 7, 12, 1, 0, 1.28%, 0, 0, 3, 234.49, 812789, 842
3638, 87, 5, 12, 1, 0, 1.28%, 0, 0, 3, 230.45, 813931, 842
3643, 87, 4, 12, 1, 0, 1.28%, 0, 0, 3, 228.23, 815067, 842
3648, 87, 3, 12, 1, 0, 1.28%, 0, 0, 3, 226.41, 816199, 842
3653, 87, 7, 12, 1, 0, 1.28%, 0, 0, 3, 225.48, 817327, 842
3658, 87, 11, 12, 1, 0, 1.28%, 0, 0, 3, 226.21, 818465, 842
3663, 87, 11, 12, 1, 0, 1.28%, 0, 0, 3, 226.95, 819641, 842
3668, 87, 11, 12, 1, 0, 1.28%, 0, 0, 3, 225.53, 820769, 842
3674, 87, 9, 12, 1, 0, 1.28%, 0, 0, 3, 218.74, 821917, 842
3679, 88, 3, 12, 1, 0, 1.28%, 0, 0, 3, 215.47, 822985, 842
3684, 88, 3, 12, 1, 0, 1.28%, 0, 0, 3, 218.92, 824095, 842
3689, 88, 3, 12, 1, 0, 1.28%, 0, 0, 3, 221.97, 825203, 842
3694, 88, 3, 12, 1, 0, 1.28%, 0, 0, 3, 223.97, 826339, 842
3699, 88, 3, 12, 1, 0, 1.28%, 0, 0, 3, 219.52, 827451, 842
3704, 88, 3, 12, 1, 0, 1.28%, 0, 0, 3, 223.95, 828629, 842
3709, 88, 3, 12, 1, 0, 1.28%, 0, 0, 3, 222.67, 829745, 842
3714, 89, 3, 12, 1, 0, 1.28%, 0, 0, 3, 218.72, 830845, 842
3719, 89, 3, 12, 1, 0, 1.28%, 0, 0, 3, 219.58, 831985, 842
3724, 89, 3, 12, 1, 0, 1.28%, 0, 0, 3, 223.96, 833121, 842
3729, 89, 9, 12, 1, 0, 1.28%, 0, 0, 3, 214.01, 834193, 842
3734, 89, 3, 12, 1, 0, 1.28%, 0, 0, 3, 219.60, 835339, 842
3739, 90, 3, 12, 1, 0, 1.28%, 0, 0, 3, 234.56, 836525, 842
3745, 90, 9, 12, 1, 0, 1.28%, 0, 0, 3, 218.59, 837657, 842
3750, 90, 3, 12, 1, 0, 1.28%, 0, 0, 3, 217.68, 838737, 842
3755, 90, 7, 12, 1, 0, 1.28%, 0, 0, 3, 221.68, 839853, 842
3760, 90, 9, 12, 1, 0, 1.28%, 0, 0, 3, 222.42, 841021, 842
3765, 90, 3, 12, 1, 0, 1.28%, 0, 0, 3, 219.21, 842109, 842
3770, 90, 3, 12, 1, 0, 1.28%, 0, 0, 3, 229.57, 843289, 842
3775, 90, 3, 12, 1, 0, 1.28%, 0, 0, 3, 230.96, 844437, 842
3780, 90, 9, 12, 1, 0, 1.28%, 0, 0, 3, 219.27, 845541, 842
3785, 91, 9, 12, 1, 0, 1.28%, 0, 0, 3, 216.43, 846621, 842
3790, 91, 3, 12, 1, 0, 1.28%, 0, 0, 3, 220.90, 847737, 842
3795, 91, 9, 12, 1, 0, 1.28%, 0, 0, 3, 221.10, 848855, 842
3800, 91, 3, 12, 1, 0, 1.28%, 0, 0, 3, 222.14, 849963, 842
3805, 91, 9, 12, 1, 0, 1.28%, 0, 0, 3, 219.42, 851065, 842
3810, 92, 11, 12, 1, 0, 1.28%, 0, 0, 3, 221.94, 852207, 842
3815, 92, 11, 12, 1, 0, 1.28%, 0, 0, 3, 221.31, 853363, 842
3820, 92, 11, 12, 1, 0, 1.28%, 0, 0, 3, 222.00, 854499, 842
3826, 92, 3, 12, 1, 0, 1.28%, 0, 0, 3, 224.98, 855671, 842
3831, 92, 4, 12, 1, 0, 1.28%, 0, 0, 3, 222.25, 856779, 842
3836, 92, 3, 12, 1, 0, 1.28%, 0, 0, 3, 220.44, 857877, 842
3841, 92, 3, 12, 1, 0, 1.28%, 0, 0, 3, 217.94, 859001, 842
3846, 92, 3, 12, 1, 0, 1.28%, 0, 0, 3, 221.70, 860119, 842
3851, 92, 3, 12, 1, 0, 1.28%, 0, 0, 3, 221.93, 861273, 842
3856, 93, 9, 12, 1, 0, 1.28%, 0, 0, 3, 221.77, 862389, 842
3861, 93, 7, 12, 1, 0, 1.28%, 0, 0, 3, 219.77, 863485, 842
3866, 93, 11, 12, 1, 0, 1.28%, 0, 0, 3, 221.32, 864605, 842
3871, 93, 11, 12, 1, 0, 1.28%, 0, 0, 3, 225.28, 865773, 842
3876, 93, 11, 12, 1, 0, 1.28%, 0, 0, 3, 221.88, 866921, 842
3882, 93, 11, 12, 1, 0, 1.28%, 0, 0, 3, 223.26, 868045, 842
3887, 93, 3, 12, 1, 0, 1.28%, 0, 0, 3, 225.07, 869181, 842
3892, 93, 11, 12, 1, 0, 1.28%, 0, 0, 3, 226.18, 870357, 842
3897, 93, 11, 12, 1, 0, 1.28%, 0, 0, 3, 226.13, 871489, 842
3902, 93, 11, 12, 1, 0, 1.28%, 0, 0, 3, 225.60, 872629, 842
3907, 93, 3, 12, 1, 0, 1.28%, 0, 0, 3, 225.80, 873765, 842
3912, 93, 9, 12, 1, 0, 1.28%, 0, 0, 3, 220.32, 874909, 842
3917, 94, 4, 12, 1, 0, 1.28%, 0, 0, 3, 225.94, 876079, 842
3922, 94, 4, 12, 1, 0, 1.28%, 0, 0, 3, 230.81, 877271, 842
3927, 94, 4, 12, 1, 0, 1.28%, 0, 0, 3, 228.54, 878419, 842
3932, 94, 9, 12, 1, 0, 1.28%, 0, 0, 3, 223.40, 879553, 842
3938, 94, 3, 12, 1, 0, 1.28%, 0, 0, 3, 222.77, 880715, 842
3943, 94, 3, 12, 1, 0, 1.28%, 0, 0, 3, 216.89, 881799, 842
3948, 95, 3, 12, 1, 0, 1.28%, 0, 0, 3, 222.88, 882961, 842
3953, 95, 11, 12, 1, 0, 1.28%, 0, 0, 3, 221.99, 884073, 842
3958, 95, 11, 12, 1, 0, 1.28%, 0, 0, 3, 225.01, 885241, 842
3963, 95, 11, 12, 1, 0, 1.28%, 0, 0, 3, 224.35, 886409, 842
3968, 95, 3, 12, 1, 0, 1.28%, 0, 0, 3, 223.53, 887583, 842
3973, 95, 1, 12, 1, 0, 1.28%, 0, 0, 3, 226.99, 888737, 842
3979, 95, 1, 12, 1, 0, 1.28%, 0, 0, 3, 226.05, 889877, 842
3984, 95, 1, 12, 1, 0, 1.28%, 0, 0, 3, 225.47, 891045, 842
3989, 95, 3, 12, 1, 0, 1.28%, 0, 0, 3, 223.02, 892201, 842
3994, 95, 6, 12, 1, 0, 1.28%, 0, 0, 3, 229.29, 893345, 842
3999, 95, 9, 12, 1, 0, 1.28%, 0, 0, 3, 224.83, 894501, 842
4004, 95, 3, 12, 1, 0, 1.28%, 0, 0, 3, 221.44, 895637, 842
4009, 95, 4, 12, 1, 0, 1.28%, 0, 0, 3, 225.86, 896805, 842
4014, 96, 4, 12, 1, 0, 1.28%, 0, 0, 3, 217.46, 897885, 842
4019, 96, 9, 12, 1, 0, 1.28%, 0, 0, 3, 220.98, 899015, 842
4024, 96, 3, 12, 1, 0, 1.28%, 0, 0, 3, 223.28, 900131, 842
4030, 96, 9, 12, 1, 0, 1.28%, 0, 0, 3, 222.19, 901285, 842
4035, 96, 3, 12, 1, 0, 1.28%, 0, 0, 3, 223.27, 902399, 842
4040, 96, 3, 12, 1, 0, 1.28%, 0, 0, 3, 224.16, 903559, 842
4045, 97, 3, 12, 1, 0, 1.28%, 0, 0, 3, 222.69, 904667, 842
4050, 97, 11, 12, 1, 0, 1.28%, 0, 0, 3, 224.90, 905791, 842
4055, 97, 11, 12, 1, 0, 1.28%, 0, 0, 3, 225.33, 906963, 842
4060, 97, 11, 12, 1, 0, 1.28%, 0, 0, 3, 225.54, 908091, 842
4065, 97, 7, 12, 1, 0, 1.28%, 0, 0, 3, 223.20, 909207, 842
4070, 97, 9, 12, 1, 0, 1.28%, 0, 0, 3, 221.27, 910319, 842
4075, 97, 3, 12, 1, 0, 1.28%, 0, 0, 3, 223.24, 911487, 842
4080, 97, 3, 12, 1, 0, 1.28%, 0, 0, 3, 223.04, 912643, 842
4086, 97, 11, 12, 1, 0, 1.28%, 0, 0, 3, 224.40, 913807, 842
4091, 97, 11, 12, 1, 0, 1.28%, 0, 0, 3, 223.98, 914935, 842
4096, 97, 11, 12, 1, 0, 1.28%, 0, 0, 3, 225.28, 916111, 842
4101, 97, 3, 12, 1, 0, 1.28%, 0, 0, 3, 225.86, 917295, 842
4106, 97, 3, 12, 1, 0, 1.28%, 0, 0, 3, 221.54, 918419, 842
4111, 97, 3, 12, 1, 0, 1.28%, 0, 0, 3, 221.57, 919539, 842
4116, 98, 3, 12, 1, 0, 1.28%, 0, 0, 3, 222.74, 920689, 842
4121, 98, 5, 12, 1, 0, 1.28%, 0, 0, 3, 220.51, 921807, 842
4126, 98, 6, 12, 1, 0, 1.28%, 0, 0, 3, 229.90, 922955, 842
4132, 98, 3, 12, 1, 0, 1.28%, 0, 0, 3, 228.00, 924163, 842
4137, 98, 3, 12, 1, 0, 1.28%, 0, 0, 3, 224.74, 925291, 842
4142, 99, 3, 12, 1, 0, 1.28%, 0, 0, 3, 218.74, 926383, 842
4147, 99, 3, 12, 1, 0, 1.28%, 0, 0, 3, 221.48, 927503, 842
4152, 99, 4, 12, 1, 0, 1.28%, 0, 0, 3, 227.78, 928685, 842
4157, 99, 3, 12, 1, 0, 1.28%, 0, 0, 3, 230.30, 929869, 842
4162, 99, 9, 12, 1, 0, 1.28%, 0, 0, 3, 222.86, 930973, 842
4167, 99, 9, 12, 1, 0, 1.28%, 0, 0, 3, 214.88, 932077, 842
4172, 100, 4, 12, 1, 0, 1.28%, 0, 0, 3, 223.20, 933197, 842
4177, 100, 3, 12, 1, 0, 1.28%, 0, 0, 3, 225.65, 934331, 842
4182, 100, 9, 12, 1, 0, 1.28%, 0, 0, 3, 222.38, 935497, 842
4188, 100, 3, 12, 1, 0, 1.28%, 0, 0, 3, 221.62, 936645, 842
4193, 100, 11, 12, 1, 0, 1.28%, 0, 0, 3, 222.09, 937797, 842
4198, 100, 11, 12, 1, 0, 1.28%, 0, 0, 3, 222.83, 938925, 842
4203, 100, 11, 12, 1, 0, 1.28%, 0, 0, 3, 223.48, 940089, 842
4208, 100, 3, 12, 1, 0, 1.28%, 0, 0, 3, 223.24, 941213, 842
4213, 100, 3, 12, 1, 0, 1.28%, 0, 0, 3, 223.44, 942333, 842
4218, 100, 3, 12, 1, 0, 1.28%, 0, 0, 3, 224.84, 943469, 842
4223, 100, 9, 12, 1, 0, 1.28%, 0, 0, 3, 222.40, 944593, 842
4228, 101, 3, 12, 1, 0, 1.28%, 0, 0, 3, 217.24, 945665, 842
4233, 101, 1, 12, 1, 0, 1.28%, 0, 0, 3, 219.32, 946765, 842
4238, 101, 1, 12, 1, 0, 1.28%, 0, 0, 3, 223.97, 947937, 842
4243, 101, 1, 12, 1, 0, 1.28%, 0, 0, 3, 225.40, 949069, 842
4248, 101, 5, 12, 1, 0, 1.28%, 0, 0, 3, 225.42, 950193, 842
4253, 101, 3, 12, 1, 0, 1.28%, 0, 0, 3, 224.60, 951327, 842
4258, 101, 11, 12, 1, 0, 1.28%, 0, 0, 3, 226.44, 952471, 842
4263, 101, 11, 12, 1, 0, 1.28%, 0, 0, 3, 225.01, 953599, 842
4268, 101, 11, 12, 1, 0, 1.28%, 0, 0, 3, 225.56, 954731, 842
4274, 101, 11, 12, 1, 0, 1.28%, 0, 0, 3, 223.40, 955863, 842
4279, 101, 7, 12, 1, 0, 1.28%, 0, 0, 3, 225.63, 957003, 842
4284, 101, 3, 12, 1, 0, 1.28%, 0, 0, 3, 224.42, 958155, 842
4289, 101, 3, 12, 1, 0, 1.28%, 0, 0, 3, 225.03, 959283, 842
4294, 101, 11, 12, 1, 0, 1.28%, 0, 0, 3, 225.36, 960419, 842
4299, 101, 11, 12, 1, 0, 1.28%, 0, 0, 3, 223.95, 961579, 842
4304, 101, 11, 12, 1, 0, 1.28%, 0, 0, 3, 226.87, 962719, 842
4309, 102, 3, 12, 1, 0, 1.28%, 0, 0, 3, 224.37, 963883, 842
4314, 102, 3, 12, 1, 0, 1.28%, 0, 0, 3, 221.83, 964995, 842
4319, 102, 11, 12, 1, 0, 1.28%, 0, 0, 3, 223.63, 966119, 842
4324, 102, 11, 12, 1, 0, 1.28%, 0, 0, 3, 224.40, 967287, 842
4329, 102, 11, 12, 1, 0, 1.28%, 0, 0, 3, 223.86, 968415, 842
4334, 102, 9, 12, 1, 0, 1.28%, 0, 0, 3, 219.87, 969523, 842
4339, 102, 9, 12, 1, 0, 1.28%, 0, 0, 3, 216.00, 970619, 842
4345, 102, 7, 12, 1, 0, 1.28%, 0, 0, 3, 218.96, 971749, 842
4350, 102, 3, 12, 1, 0, 1.28%, 0, 0, 3, 222.58, 972877, 842
4355, 102, 3, 12, 1, 0, 1.28%, 0, 0, 3, 223.09, 973997, 842
4360, 102, 3, 12, 1, 0, 1.28%, 0, 0, 3, 223.21, 975123, 842
4365, 103, 1, 12, 1, 0, 1.28%, 0, 0, 3, 223.91, 976295, 842
4370, 103, 1, 12, 1, 0, 1.28%, 0, 0, 3, 224.76, 977415, 842
4375, 103, 1, 12, 1, 0, 1.28%, 0, 0, 3, 225.26, 978547, 842
4380, 103, 9, 12, 1, 0, 1.28%, 0, 0, 3, 221.43, 979699, 842
4385, 103, 3, 12, 1, 0, 1.28%, 0, 0, 3, 220.21, 980791, 842
4390, 103, 7, 12, 1, 0, 1.28%, 0, 0, 3, 222.85, 981905, 842
4395, 103, 3, 12, 1, 0, 1.28%, 0, 0, 3, 222.77, 983025, 842
4400, 103, 7, 12, 1, 0, 1.28%, 0, 0, 3, 225.52, 984165, 842
4405, 103, 3, 12, 1, 0, 1.28%, 0, 0, 3, 222.39, 985313, 842
4410, 103, 9, 12, 1, 0, 1.28%, 0, 0, 3, 217.09, 986405, 842
4416, 104, 7, 12, 1, 0, 1.28%, 0, 0, 3, 231.44, 987589, 842
4421, 104, 9, 12, 1, 0, 1.28%, 0, 0, 3, 219.72, 988685, 842
4426, 104, 3, 12, 1, 0, 1.28%, 0, 0, 3, 224.02, 989803, 842
4431, 104, 9, 12, 1, 0, 1.28%, 0, 0, 3, 215.91, 990923, 842
4436, 104, 11, 12, 1, 0, 1.28%, 0, 0, 3, 220.91, 992071, 842
4441, 104, 11, 12, 1, 0, 1.28%, 0, 0, 3, 223.27, 993231, 842
4446, 104, 11, 12, 1, 0, 1.28%, 0, 0, 3, 219.80, 994335, 842
4451, 104, 11, 12, 1, 0, 1.28%, 0, 0, 3, 231.57, 995513, 842
4456, 104, 11, 12, 1, 0, 1.28%, 0, 0, 3, 228.54, 996693, 842
4462, 104, 11, 12, 1, 0, 1.28%, 0, 0, 3, 224.19, 997813, 842
4467, 104, 11, 12, 1, 0, 1.28%, 0, 0, 3, 222.32, 998965, 842
4472, 105, 3, 12, 1, 0, 1.28%, 0, 0, 3, 216.24, 1000033, 842
4477, 105, 3, 12, 1, 0, 1.28%, 0, 0, 3, 216.59, 1001119, 842
4482, 105, 9, 12, 1, 0, 1.28%, 0, 0, 3, 218.57, 1002219, 842
4487, 105, 3, 12, 1, 0, 1.28%, 0, 0, 3, 216.42, 1003291, 842
4492, 105, 3, 12, 1, 0, 1.28%, 0, 0, 3, 218.07, 1004435, 842
4497, 105, 9, 12, 1, 0, 1.28%, 0, 0, 3, 216.46, 1005531, 842
4502, 106, 9, 12, 1, 0, 1.28%, 0, 0, 3, 218.24, 1006667, 842
4507, 106, 3, 12, 1, 0, 1.28%, 0, 0, 3, 217.98, 1007787, 842
4513, 106, 4, 12, 1, 0, 1.28%, 0, 0, 3, 223.09, 1008953, 842
4518, 106, 3, 12, 1, 0, 1.28%, 0, 0, 3, 220.50, 1010069, 842
4523, 106, 9, 12, 1, 0, 1.28%, 0, 0, 3, 213.36, 1011177, 842
4528, 106, 6, 12, 1, 0, 1.28%, 0, 0, 3, 224.64, 1012345, 842
4533, 106, 3, 12, 1, 0, 1.28%, 0, 0, 3, 229.95, 1013561, 842
4538, 107, 3, 12, 1, 0, 1.28%, 0, 0, 3, 225.33, 1014717, 842
4543, 107, 3, 12, 1, 0, 1.28%, 0, 0, 3, 223.30, 1015847, 842
4549, 107, 3, 12, 1, 0, 1.28%, 0, 0, 3, 223.23, 1017007, 842
4554, 107, 3, 12, 1, 0, 1.28%, 0, 0, 3, 222.53, 1018127, 842
4559, 107, 7, 12, 1, 0, 1.28%, 0, 0, 3, 226.76, 1019271, 842
4564, 107, 11, 12, 1, 0, 1.28%, 0, 0, 3, 224.52, 1020399, 842
4569, 107, 11, 12, 1, 0, 1.28%, 0, 0, 3, 225.41, 1021567, 842
4574, 107, 11, 12, 1, 0, 1.28%, 0, 0, 3, 225.57, 1022699, 842
4579, 107, 3, 12, 1, 0, 1.28%, 0, 0, 3, 226.55, 1023835, 842
4584, 107, 9, 12, 1, 0, 1.28%, 0, 0, 3, 219.93, 1024983, 842
4589, 107, 3, 12, 1, 0, 1.28%, 0, 0, 3, 222.75, 1026141, 842
4594, 108, 6, 12, 1, 0, 1.28%, 0, 0, 3, 220.14, 1027225, 842
4600, 108, 7, 12, 1, 0, 1.28%, 0, 0, 3, 230.43, 1028459, 842
4605, 108, 3, 12, 1, 0, 1.28%, 0, 0, 3, 222.18, 1029595, 842
4610, 108, 7, 12, 1, 0, 1.28%, 0, 0, 3, 221.24, 1030695, 842
4615, 108, 7, 12, 1, 0, 1.28%, 0, 0, 3, 224.81, 1031867, 842
4620, 108, 9, 12, 1, 0, 1.28%, 0, 0, 3, 222.31, 1032979, 842
4625, 108, 3, 12, 1, 0, 1.28%, 0, 0, 3, 217.71, 1034059, 842
4630, 108, 3, 12, 1, 0, 1.28%, 0, 0, 3, 221.51, 1035183, 842
4635, 109, 9, 12, 1, 0, 1.28%, 0, 0, 3, 214.37, 1036255, 842
4640, 109, 11, 12, 1, 0, 1.28%, 0, 0, 3, 220.45, 1037359, 842
4645, 109, 11, 12, 1, 0, 1.28%, 0, 0, 3, 224.20, 1038491, 842
4650, 109, 11, 12, 1, 0, 1.28%, 0, 0, 3, 223.75, 1039655, 842
4655, 109, 11, 12, 1, 0, 1.28%, 0, 0, 3, 226.11, 1040795, 842
4660, 109, 3, 12, 1, 0, 1.28%, 0, 0, 3, 219.34, 1041929, 842
4666, 109, 9, 12, 1, 0, 1.28%, 0, 0, 3, 215.60, 1043021, 842
4671, 109, 3, 12, 1, 0, 1.28%, 0, 0, 3, 220.73, 1044125, 842
4676, 109, 1, 12, 1, 0, 1.28%, 0, 0, 3, 223.29, 1045249, 842
4681, 109, 1, 12, 1, 0, 1.28%, 0, 0, 3, 226.27, 1046397, 842
4686, 109, 1, 12, 1, 0, 1.28%, 0, 0, 3, 224.20, 1047521, 842
4691, 110, 4, 12, 1, 0, 1.28%, 0, 0, 3, 231.91, 1048717, 842
4696, 110, 3, 12, 1, 0, 1.28%, 0, 0, 3, 230.32, 1049857, 842
4701, 110, 7, 12, 1, 0, 1.28%, 0, 0, 3, 226.39, 1050985, 842
4706, 110, 9, 12, 1, 0, 1.28%, 0, 0, 3, 221.95, 1052095, 842
4711, 110, 9, 12, 1, 0, 1.28%, 0, 0, 3, 213.56, 1053191, 842
4716, 110, 3, 12, 1, 0, 1.28%, 0, 0, 3, 219.39, 1054295, 842
4721, 110, 3, 12, 1, 0, 1.28%, 0, 0, 3, 224.83, 1055431, 842
4726, 111, 3, 12, 1, 0, 1.28%, 0, 0, 3, 224.38, 1056555, 842
4731, 111, 3, 12, 1, 0, 1.28%, 0, 0, 3, 220.12, 1057699, 842
4736, 111, 9, 12, 1, 0, 1.28%, 0, 0, 3, 218.40, 1058811, 842
4742, 111, 3, 12, 1, 0, 1.28%, 0, 0, 3, 219.96, 1059951, 842
4747, 111, 3, 12, 1, 0, 1.28%, 0, 0, 3, 223.79, 1061083, 842
4752, 111, 3, 12, 1, 0, 1.28%, 0, 0, 3, 222.93, 1062207, 842
4757, 111, 3, 12, 1, 0, 1.28%, 0, 0, 3, 224.81, 1063341, 842
4762, 111, 3, 12, 1, 0, 1.28%, 0, 0, 3, 234.10, 1064533, 842
4767, 112, 9, 12, 1, 0, 1.28%, 0, 0, 3, 221.85, 1065675, 842
4772, 112, 11, 12, 1, 0, 1.28%, 0, 0, 3, 221.09, 1066779, 842
4777, 112, 11, 12, 1, 0, 1.28%, 0, 0, 3, 224.52, 1067915, 842
4782, 112, 11, 12, 1, 0, 1.28%, 0, 0, 3, 223.92, 1069059, 842
4787, 112, 3, 12, 1, 0, 1.28%, 0, 0, 3, 225.27, 1070205, 842
4792, 112, 3, 12, 1, 0, 1.28%, 0, 0, 3, 219.96, 1071289, 842
4797, 112, 3, 12, 1, 0, 1.28%, 0, 0, 3, 222.92, 1072459, 842
4802, 112, 3, 12, 1, 0, 1.28%, 0, 0, 3, 218.59, 1073543, 842
4808, 112, 3, 12, 1, 0, 1.28%, 0, 0, 3, 220.55, 1074703, 842
4813, 112, 9, 12, 1, 0, 1.28%, 0, 0, 3, 211.21, 1075767, 842
4818, 113, 11, 12, 1, 0, 1.28%, 0, 0, 3, 220.18, 1076891, 842
4823, 113, 11, 12, 1, 0, 1.28%, 0, 0, 3, 223.85, 1078023, 842
4828, 113, 11, 12, 1, 0, 1.28%, 0, 0, 3, 225.14, 1079195, 842
4833, 113, 3, 12, 1, 0, 1.28%, 0, 0, 3, 223.54, 1080319, 842
4838, 113, 3, 12, 1, 0, 1.28%, 0, 0, 3, 224.79, 1081451, 842
4843, 113, 3, 12, 1, 0, 1.28%, 0, 0, 3, 223.61, 1082579, 842
4848, 113, 7, 12, 1, 0, 1.28%, 0, 0, 3, 222.14, 1083739, 842
4853, 113, 9, 12, 1, 0, 1.28%, 0, 0, 3, 217.57, 1084851, 842
4858, 113, 11, 12, 1, 0, 1.28%, 0, 0, 3, 223.29, 1085971, 842
4863, 113, 11, 12, 1, 0, 1.28%, 0, 0, 3, 224.58, 1087103, 842
4868, 113, 11, 12, 1, 0, 1.28%, 0, 0, 3, 223.24, 1088223, 842
4874, 113, 11, 12, 1, 0, 1.28%, 0, 0, 3, 220.83, 1089367, 842
4879, 113, 11, 12, 1, 0, 1.28%, 0, 0, 3, 224.32, 1090535, 842
4884, 113, 11, 12, 1, 0, 1.28%, 0, 0, 3, 225.71, 1091663, 842
4889, 113, 9, 12, 1, 0, 1.28%, 0, 0, 3, 222.82, 1092791, 842
4894, 113, 3, 12, 1, 0, 1.28%, 0, 0, 3, 219.83, 1093923, 842
4899, 114, 3, 12, 1, 0, 1.28%, 0, 0, 3, 222.20, 1095043, 842
4904, 114, 3, 12, 1, 0, 1.28%, 0, 0, 3, 222.80, 1096169, 842
4909, 114, 5, 12, 1, 0, 1.28%, 0, 0, 3, 227.13, 1097307, 842
4914, 114, 4, 12, 1, 0, 1.28%, 0, 0, 3, 227.52, 1098439, 842
4919, 114, 9, 12, 1, 0, 1.28%, 0, 0, 3, 224.83, 1099573, 842
4924, 114, 3, 12, 1, 0, 1.28%, 0, 0, 3, 216.93, 1100645, 842
4929, 114, 1, 12, 1, 0, 1.28%, 0, 0, 3, 222.27, 1101769, 842
4934, 114, 1, 12, 1, 0, 1.28%, 0, 0, 3, 221.78, 1102881, 842
4939, 114, 1, 12, 1, 0, 1.28%, 0, 0, 3, 222.97, 1104045, 842
4945, 115, 7, 12, 1, 0, 1.28%, 0, 0, 3, 223.77, 1105209, 842
4950, 115, 3, 12, 1, 0, 1.28%, 0, 0, 3, 225.12, 1106345, 842
4955, 115, 3, 12, 1, 0, 1.28%, 0, 0, 3, 216.09, 1107417, 842
4960, 115, 3, 12, 1, 0, 1.28%, 0, 0, 3, 220.40, 1108525, 842
4965, 115, 3, 12, 1, 0, 1.28%, 0, 0, 3, 222.28, 1109685, 842
4970, 115, 11, 12, 1, 0, 1.28%, 0, 0, 3, 220.29, 1110781, 842
4975, 115, 11, 12, 1, 0, 1.28%, 0, 0, 3, 222.27, 1111901, 842
4980, 115, 11, 12, 1, 0, 1.28%, 0, 0, 3, 224.65, 1113037, 842
4985, 115, 3, 12, 1, 0, 1.28%, 0, 0, 3, 225.15, 1114165, 842
4990, 115, 9, 12, 1, 0, 1.28%, 0, 0, 3, 218.89, 1115273, 842
4995, 115, 11, 12, 1, 0, 1.28%, 0, 0, 3, 209.61, 1116329, 842
5000, 115, 11, 12, 1, 0, 1.28%, 0, 0, 3, 219.82, 1117441, 842
5005, 115, 11, 12, 1, 0, 1.28%, 0, 0, 3, 220.10, 1118549, 842
5010, 115, 11, 12, 1, 0, 1.28%, 0, 0, 3, 223.83, 1119673, 842
5015, 116, 3, 12, 1, 0, 1.28%, 0, 0, 3, 218.67, 1120753, 842
5020, 116, 3, 12, 1, 0, 1.28%, 0, 0, 3, 228.67, 1121969, 842
5025, 116, 7, 12, 1, 0, 1.28%, 0, 0, 3, 226.13, 1123105, 842
5031, 116, 6, 12, 1, 0, 1.28%, 0, 0, 3, 229.79, 1124281, 842
5036, 116, 3, 12, 1, 0, 1.28%, 0, 0, 3, 224.88, 1125461, 842
5041, 116, 9, 12, 1, 0, 1.28%, 0, 0, 3, 222.25, 1126585, 842
5046, 116, 7, 12, 1, 0, 1.28%, 0, 0, 3, 221.73, 1127725, 842
5051, 117, 7, 12, 1, 0, 1.28%, 0, 0, 3, 223.71, 1128849, 842
5056, 117, 3, 12, 1, 0, 1.28%, 0, 0, 3, 225.16, 1129981, 842
5061, 117, 11, 12, 1, 0, 1.28%, 0, 0, 3, 221.69, 1131081, 842
5066, 117, 11, 12, 1, 0, 1.28%, 0, 0, 3, 225.24, 1132261, 842
5071, 117, 11, 12, 1, 0, 1.28%, 0, 0, 3, 225.83, 1133397, 842
5076, 117, 3, 12, 1, 0, 1.28%, 0, 0, 3, 222.47, 1134509, 842
5081, 117, 11, 12, 1, 0, 1.28%, 0, 0, 3, 225.19, 1135643, 842
5086, 117, 11, 12, 1, 0, 1.28%, 0, 0, 3, 224.70, 1136767, 842
5091, 117, 11, 12, 1, 0, 1.28%, 0, 0, 3, 224.80, 1137935, 842
5097, 117, 3, 12, 1, 0, 1.28%, 0, 0, 3, 225.41, 1139113, 842
5102, 118, 4, 12, 1, 0, 1.28%, 0, 0, 3, 223.87, 1140283, 842
5107, 118, 3, 12, 1, 0, 1.28%, 0, 0, 3, 224.68, 1141427, 842
5112, 118, 11, 12, 1, 0, 1.28%, 0, 0, 3, 227.56, 1142561, 842
5117, 118, 11, 12, 1, 0, 1.28%, 0, 0, 3, 227.18, 1143737, 842
5122, 118, 11, 12, 1, 0, 1.28%, 0, 0, 3, 225.77, 1144873, 842
5127, 118, 4, 12, 1, 0, 1.28%, 0, 0, 3, 223.40, 1145989, 842
5132, 118, 9, 12, 1, 0, 1.28%, 0, 0, 3, 220.28, 1147139, 842
5137, 118, 7, 12, 1, 0, 1.28%, 0, 0, 3, 223.33, 1148291, 842
5142, 118, 3, 12, 1, 0, 1.28%, 0, 0, 3, 227.20, 1149425, 842
5148, 119, 3, 12, 1, 0, 1.28%, 0, 0, 3, 222.24, 1150569, 842
5153, 119, 7, 12, 1, 0, 1.28%, 0, 0, 3, 221.50, 1151723, 842
5158, 119, 9, 12, 1, 0, 1.28%, 0, 0, 3, 220.07, 1152883, 842
5163, 119, 4, 12, 1, 0, 1.28%, 0, 0, 3, 216.12, 1153947, 842
5168, 119, 3, 12, 1, 0, 1.28%, 0, 0, 3, 223.05, 1155121, 842
5173, 119, 11, 12, 1, 0, 1.28%, 0, 0, 3, 222.25, 1156277, 842
5179, 119, 11, 12, 1, 0, 1.28%, 0, 0, 3, 223.39, 1157441, 842
5184, 119, 11, 12, 1, 0, 1.28%, 0, 0, 3, 222.11, 1158553, 842
5189, 119, 9, 12, 1, 0, 1.28%, 0, 0, 3, 220.00, 1159665, 842
5194, 120, 9, 12, 1, 0, 1.28%, 0, 0, 3, 225.77, 1160795, 842
5199, 120, 3, 12, 1, 0, 1.28%, 0, 0, 3, 221.34, 1161887, 842
5204, 120, 3, 12, 1, 0, 1.28%, 0, 0, 3, 223.64, 1163017, 842
5209, 120, 3, 12, 1, 0, 1.28%, 0, 0, 3, 226.63, 1164209, 842
5214, 120, 5, 12, 1, 0, 1.28%, 0, 0, 3, 224.75, 1165339, 842
5219, 120, 9, 12, 1, 0, 1.28%, 0, 0, 3, 219.43, 1166473, 842
5224, 120, 3, 12, 1, 0, 1.28%, 0, 0, 3, 219.06, 1167569, 842
5229, 121, 3, 12, 1, 0, 1.28%, 0, 0, 3, 219.83, 1168701, 842
5235, 121, 6, 12, 1, 0, 1.28%, 0, 0, 3, 234.53, 1169931, 842
5240, 121, 4, 12, 1, 0, 1.28%, 0, 0, 3, 233.92, 1171121, 842
5245, 121, 9, 12, 1, 0, 1.28%, 0, 0, 3, 233.51, 1172317, 842
5250, 121, 1, 12, 1, 0, 1.28%, 0, 0, 3, 226.84, 1173481, 842
5255, 121, 1, 12, 1, 0, 1.28%, 0, 0, 3, 224.72, 1174637, 842
5260, 121, 1, 12, 1, 0, 1.28%, 0, 0, 3, 223.16, 1175757, 842
5265, 121, 3, 12, 1, 0, 1.28%, 0, 0, 3, 223.28, 1176889, 842
5270, 121, 7, 12, 1, 0, 1.28%, 0, 0, 3, 226.17, 1178037, 842
5275, 122, 6, 12, 1, 0, 1.28%, 0, 0, 3, 226.59, 1179165, 842
5280, 122, 1, 12, 1, 0, 1.28%, 0, 0, 3, 230.65, 1180345, 842
5285, 122, 1, 12, 1, 0, 1.28%, 0, 0, 3, 226.17, 1181473, 842
5290, 122, 1, 12, 1, 0, 1.28%, 0, 0, 3, 223.44, 1182605, 842
5295, 122, 3, 12, 1, 0, 1.28%, 0, 0, 3, 225.63, 1183771, 842
5301, 122, 3, 12, 1, 0, 1.28%, 0, 0, 3, 222.92, 1184919, 842
5306, 122, 3, 12, 1, 0, 1.28%, 0, 0, 3, 224.17, 1186079, 842
5311, 122, 4, 12, 1, 0, 1.28%, 0, 0, 3, 224.37, 1187203, 842
5316, 122, 3, 12, 1, 0, 1.28%, 0, 0, 3, 219.06, 1188297, 842
5321, 122, 3, 12, 1, 0, 1.28%, 0, 0, 3, 222.85, 1189417, 842
5326, 123, 6, 12, 1, 0, 1.28%, 0, 0, 3, 228.76, 1190547, 842
5331, 123, 3, 12, 1, 0, 1.28%, 0, 0, 3, 229.36, 1191749, 842
5336, 123, 3, 12, 1, 0, 1.28%, 0, 0, 3, 221.32, 1192841, 842
5341, 123, 3, 12, 1, 0, 1.28%, 0, 0, 3, 222.64, 1193961, 842
5346, 123, 3, 12, 1, 0, 1.28%, 0, 0, 3, 221.42, 1195105, 842
5351, 123, 6, 12, 1, 0, 1.28%, 0, 0, 3, 230.70, 1196255, 842
5356, 123, 6, 12, 1, 0, 1.28%, 0, 0, 3, 238.53, 1197507, 842
5362, 123, 9, 12, 1, 0, 1.28%, 0, 0, 3, 220.02, 1198647, 842
5367, 124, 7, 12, 1, 0, 1.28%, 0, 0, 3, 227.83, 1199821, 842
5372, 124, 9, 12, 1, 0, 1.28%, 0, 0, 3, 217.97, 1200957, 842
5377, 124, 1, 12, 1, 0, 1.28%, 0, 0, 3, 223.75, 1202121, 842
5382, 124, 1, 12, 1, 0, 1.28%, 0, 0, 3, 223.13, 1203241, 842
5387, 124, 1, 12, 1, 0, 1.28%, 0, 0, 3, 224.88, 1204369, 842
5392, 124, 6, 12, 1, 0, 1.28%, 0, 0, 3, 236.78, 1205567, 842
5397, 124, 7, 12, 1, 0, 1.28%, 0, 0, 3, 224.16, 1206691, 842
5402, 124, 9, 12, 1, 0, 1.28%, 0, 0, 3, 217.25, 1207787, 842
5408, 124, 3, 12, 1, 0, 1.28%, 0, 0, 3, 221.41, 1208943, 842
5413, 124, 9, 12, 1, 0, 1.28%, 0, 0, 3, 219.97, 1210053, 842
5418, 125, 7, 12, 1, 0, 1.28%, 0, 0, 3, 222.07, 1211171, 842
5423, 125, 7, 12, 1, 0, 1.28%, 0, 0, 3, 222.10, 1212283, 842
5428, 125, 3, 12, 1, 0, 1.28%, 0, 0, 3, 221.80, 1213439, 842
5433, 125, 3, 12, 1, 0, 1.28%, 0, 0, 3, 221.80, 1214563, 842
5438, 125, 9, 12, 1, 0, 1.28%, 0, 0, 3, 221.89, 1215675, 842
5443, 125, 3, 12, 1, 0, 1.28%, 0, 0, 3, 222.69, 1216781, 842
5448, 125, 3, 12, 1, 0, 1.28%, 0, 0, 3, 222.90, 1217913, 842
5453, 126, 3, 12, 1, 0, 1.28%, 0, 0, 3, 220.23, 1219007, 842
5458, 126, 3, 12, 1, 0, 1.28%, 0, 0, 3, 221.99, 1220165, 842
5463, 126, 1, 12, 1, 0, 1.28%, 0, 0, 3, 228.88, 1221317, 842
5468, 126, 1, 12, 1, 0, 1.28%, 0, 0, 3, 225.50, 1222457, 842
5473, 126, 1, 12, 1, 0, 1.28%, 0, 0, 3, 224.72, 1223589, 842
5478, 126, 9, 12, 1, 0, 1.28%, 0, 0, 3, 220.79, 1224709, 842
5483, 126, 3, 12, 1, 0, 1.28%, 0, 0, 3, 218.71, 1225793, 842
5488, 126, 3, 12, 1, 0, 1.28%, 0, 0, 3, 222.17, 1226917, 842
5493, 126, 3, 12, 1, 0, 1.28%, 0, 0, 3, 220.37, 1228009, 842
5498, 127, 3, 12, 1, 0, 1.28%, 0, 0, 3, 223.36, 1229153, 842
5504, 127, 3, 12, 1, 0, 1.28%, 0, 0, 3, 220.35, 1230293, 842
5509, 127, 4, 12, 1, 0, 1.28%, 0, 0, 3, 225.28, 1231465, 842
5514, 127, 3, 12, 1, 0, 1.28%, 0, 0, 3, 222.38, 1232607, 842
5519, 127, 4, 12, 1, 0, 1.28%, 0, 0, 3, 225.03, 1233735, 842
5524, 127, 3, 12, 1, 0, 1.28%, 0, 0, 3, 220.64, 1234847, 842
5529, 127, 4, 12, 1, 0, 1.28%, 0, 0, 3, 218.28, 1235945, 842
5534, 128, 3, 12, 1, 0, 1.28%, 0, 0, 3, 219.89, 1237047, 842
5539, 128, 7, 12, 1, 0, 1.28%, 0, 0, 3, 221.85, 1238205, 842
5544, 128, 11, 12, 1, 0, 1.28%, 0, 0, 3, 219.76, 1239307, 842
5549, 128, 11, 12, 1, 0, 1.28%, 0, 0, 3, 222.60, 1240431, 842
5554, 128, 11, 12, 1, 0, 1.28%, 0, 0, 3, 221.73, 1241551, 842
5559, 128, 7, 12, 1, 0, 1.28%, 0, 0, 3, 226.32, 1242691, 842
5564, 128, 9, 12, 1, 0, 1.28%, 0, 0, 3, 223.88, 1243813, 842
5569, 128, 9, 12, 1, 0, 1.28%, 0, 0, 3, 222.27, 1244925, 842
5574, 129, 3, 12, 1, 0, 1.28%, 0, 0, 3, 220.23, 1246011, 842
5580, 129, 9, 12, 1, 0, 1.28%, 0, 0, 3, 215.95, 1247139, 842
5585, 129, 1, 12, 1, 0, 1.28%, 0, 0, 3, 221.32, 1248267, 842
5590, 129, 1, 12, 1, 0, 1.28%, 0, 0, 3, 223.08, 1249387, 842
5595, 129, 1, 12, 1, 0, 1.28%, 0, 0, 3, 226.06, 1250527, 842
5600, 129, 11, 12, 1, 0, 1.28%, 0, 0, 3, 222.05, 1251671, 842
5605, 129, 11, 12, 1, 0, 1.28%, 0, 0, 3, 222.77, 1252795, 842
5610, 129, 11, 12, 1, 0, 1.28%, 0, 0, 3, 223.57, 1253923, 842
5615, 129, 11, 12, 1, 0, 1.28%, 0, 0, 3, 223.28, 1255043, 842
5620, 129, 9, 12, 1, 0, 1.28%, 0, 0, 3, 223.24, 1256169, 842
5625, 129, 6, 12, 1, 0, 1.28%, 0, 0, 3, 231.21, 1257357, 842
5630, 129, 7, 12, 1, 0, 1.28%, 0, 0, 3, 225.20, 1258517, 842
5636, 129, 9, 12, 1, 0, 1.28%, 0, 0, 3, 216.99, 1259653, 842
5641, 129, 9, 12, 1, 0, 1.28%, 0, 0, 3, 214.76, 1260737, 842
5646, 130, 1, 12, 1, 0, 1.28%, 0, 0, 3, 222.69, 1261857, 842
5651, 130, 1, 12, 1, 0, 1.28%, 0, 0, 3, 222.35, 1262977, 842
5656, 130, 1, 12, 1, 0, 1.28%, 0, 0, 3, 221.39, 1264093, 842
5661, 130, 9, 12, 1, 0, 1.28%, 0, 0, 3, 214.20, 1265173, 842
5666, 130, 9, 12, 1, 0, 1.28%, 0, 0, 3, 213.51, 1266243, 842
5671, 130, 9, 12, 1, 0, 1.28%, 0, 0, 3, 226.97, 1267407, 842
5676, 130, 6, 12, 1, 0, 1.28%, 0, 0, 3, 224.37, 1268507, 842
5681, 130, 3, 12, 1, 0, 1.28%, 0, 0, 3, 227.35, 1269707, 842
5686, 130, 3, 12, 1, 0, 1.28%, 0, 0, 3, 225.61, 1270839, 842
5691, 130, 3, 12, 1, 0, 1.28%, 0, 0, 3, 222.30, 1271987, 842
5696, 131, 3, 12, 1, 0, 1.28%, 0, 0, 3, 221.46, 1273099, 842
5701, 131, 3, 12, 1, 0, 1.28%, 0, 0, 3, 218.65, 1274201, 842
5706, 131, 9, 12, 1, 0, 1.28%, 0, 0, 3, 216.21, 1275313, 842
5712, 131, 3, 12, 1, 0, 1.28%, 0, 0, 3, 220.40, 1276465, 842
5717, 131, 6, 12, 1, 0, 1.28%, 0, 0, 3, 230.03, 1277613, 842
5722, 131, 4, 12, 1, 0, 1.28%, 0, 0, 3, 229.78, 1278757, 842
5727, 131, 3, 12, 1, 0, 1.28%, 0, 0, 3, 223.16, 1279887, 842
5732, 132, 9, 12, 1, 0, 1.28%, 0, 0, 3, 214.97, 1280975, 842
5737, 132, 3, 12, 1, 0, 1.28%, 0, 0, 3, 217.54, 1282063, 842
5742, 132, 11, 12, 1, 0, 1.28%, 0, 0, 3, 222.34, 1283199, 842
5747, 132, 11, 12, 1, 0, 1.28%, 0, 0, 3, 225.07, 1284335, 842
5752, 132, 11, 12, 1, 0, 1.28%, 0, 0, 3, 224.04, 1285455, 842
5757, 132, 6, 12, 1, 0, 1.28%, 0, 0, 3, 228.14, 1286589, 842
5762, 132, 11, 12, 1, 0, 1.28%, 0, 0, 3, 230.29, 1287797, 842
5767, 132, 11, 12, 1, 0, 1.28%, 0, 0, 3, 224.46, 1288913, 842
5772, 132, 11, 12, 1, 0, 1.28%, 0, 0, 3, 224.55, 1290033, 842
5777, 132, 9, 12, 1, 0, 1.28%, 0, 0, 3, 219.54, 1291137, 842
5782, 132, 4, 12, 1, 0, 1.28%, 0, 0, 3, 223.33, 1292257, 842
5787, 132, 9, 12, 1, 0, 1.28%, 0, 0, 3, 220.23, 1293363, 842
5792, 133, 9, 12, 1, 0, 1.28%, 0, 0, 3, 219.84, 1294469, 842
5797, 133, 11, 12, 1, 0, 1.28%, 0, 0, 3, 219.09, 1295605, 842
5802, 133, 11, 12, 1, 0, 1.28%, 0, 0, 3, 223.08, 1296729, 842
5807, 133, 11, 12, 1, 0, 1.28%, 0, 0, 3, 222.19, 1297849, 842
5812, 133, 4, 12, 1, 0, 1.28%, 0, 0, 3, 222.95, 1298969, 842
5817, 133, 7, 12, 1, 0, 1.28%, 0, 0, 3, 222.34, 1300091, 842
5823, 133, 3, 12, 1, 0, 1.28%, 0, 0, 3, 221.62, 1301247, 842
5828, 133, 3, 12, 1, 0, 1.28%, 0, 0, 3, 220.02, 1302359, 842
5833, 133, 3, 12, 1, 0, 1.28%, 0, 0, 3, 218.80, 1303455, 842
5838, 133, 11, 12, 1, 0, 1.28%, 0, 0, 3, 221.66, 1304611, 842
5843, 133, 11, 12, 1, 0, 1.28%, 0, 0, 3, 226.09, 1305787, 842
5848, 133, 11, 12, 1, 0, 1.28%, 0, 0, 3, 225.00, 1306915, 842
5853, 133, 9, 12, 1, 0, 1.28%, 0, 0, 3, 218.07, 1308043, 842
5858, 134, 3, 12, 1, 0, 1.28%, 0, 0, 3, 216.87, 1309155, 842
5864, 134, 3, 12, 1, 0, 1.28%, 0, 0, 3, 221.56, 1310311, 842
5869, 134, 3, 12, 1, 0, 1.28%, 0, 0, 3, 225.54, 1311445, 842
5874, 134, 3, 12, 1, 0, 1.28%, 0, 0, 3, 219.46, 1312539, 842
5879, 134, 4, 12, 1, 0, 1.28%, 0, 0, 3, 216.01, 1313637, 842
5884, 134, 3, 12, 1, 0, 1.28%, 0, 0, 3, 221.74, 1314775, 842
5889, 134, 9, 12, 1, 0, 1.28%, 0, 0, 3, 216.12, 1315867, 842
5894, 135, 11, 12, 1, 0, 1.28%, 0, 0, 3, 221.95, 1316987, 842
5899, 135, 11, 12, 1, 0, 1.28%, 0, 0, 3, 223.32, 1318107, 842
5904, 135, 11, 12, 1, 0, 1.28%, 0, 0, 3, 223.29, 1319231, 842
5909, 135, 3, 12, 1, 0, 1.28%, 0, 0, 3, 219.67, 1320367, 842
5914, 135, 3, 12, 1, 0, 1.28%, 0, 0, 3, 214.79, 1321475, 842
5919, 135, 6, 12, 1, 0, 1.28%, 0, 0, 3, 228.63, 1322659, 842
5924, 135, 9, 12, 1, 0, 1.28%, 0, 0, 3, 218.64, 1323771, 842
5930, 135, 4, 12, 1, 0, 1.28%, 0, 0, 3, 216.62, 1324883, 842
5935, 135, 11, 12, 1, 0, 1.28%, 0, 0, 3, 221.64, 1326045, 842
5940, 135, 11, 12, 1, 0, 1.28%, 0, 0, 3, 221.49, 1327157, 842
5945, 135, 11, 12, 1, 0, 1.28%, 0, 0, 3, 225.73, 1328337, 842
5950, 135, 11, 12, 1, 0, 1.28%, 0, 0, 3, 221.95, 1329445, 842
5955, 135, 11, 12, 1, 0, 1.28%, 0, 0, 3, 222.68, 1330605, 842
5960, 135, 11, 12, 1, 0, 1.28%, 0, 0, 3, 224.18, 1331737, 842
5965, 135, 11, 12, 1, 0, 1.28%, 0, 0, 3, 221.82, 1332853, 842
5970, 136, 11, 12, 1, 0, 1.28%, 0, 0, 3, 225.29, 1333985, 842
5975, 136, 11, 12, 1, 0, 1.28%, 0, 0, 3, 225.51, 1335109, 842
5981, 136, 11, 12, 1, 0, 1.28%, 0, 0, 3, 223.69, 1336265, 842
5986, 136, 3, 12, 1, 0, 1.28%, 0, 0, 3, 221.65, 1337413, 842
5991, 136, 3, 12, 1, 0, 1.28%, 0, 0, 3, 225.60, 1338543, 842
5996, 136, 3, 12, 1, 0, 1.28%, 0, 0, 3, 218.36, 1339679, 842
6001, 136, 3, 12, 1, 0, 1.28%, 0, 0, 3, 221.78, 1340801, 842
6006, 136, 3, 12, 1, 0, 1.28%, 0, 0, 3, 220.56, 1341909, 842
6011, 136, 3, 12, 1, 0, 1.28%, 0, 0, 3, 220.97, 1343057, 842
6016, 137, 9, 12, 1, 0, 1.28%, 0, 0, 3, 222.12, 1344187, 842
6021, 137, 3, 12, 1, 0, 1.28%, 0, 0, 3, 218.57, 1345271, 842
6026, 137, 4, 12, 1, 0, 1.28%, 0, 0, 3, 221.27, 1346383, 842
6031, 137, 3, 12, 1, 0, 1.28%, 0, 0, 3, 222.80, 1347509, 842
6036, 137, 3, 12, 1, 0, 1.28%, 0, 0, 3, 223.47, 1348641, 842
6042, 137, 3, 12, 1, 0, 1.28%, 0, 0, 3, 223.81, 1349773, 842
6047, 137, 7, 12, 1, 0, 1.28%, 0, 0, 3, 219.35, 1350869, 842
6052, 137, 9, 12, 1, 0, 1.28%, 0, 0, 3, 209.74, 1351917, 842
6057, 137, 3, 12, 1, 0, 1.28%, 0, 0, 3, 218.55, 1353021, 842
6062, 138, 9, 12, 1, 0, 1.28%, 0, 0, 3, 218.31, 1354125, 842
6067, 138, 3, 12, 1, 0, 1.28%, 0, 0, 3, 219.65, 1355221, 842
6072, 138, 5, 12, 1, 0, 1.28%, 0, 0, 3, 232.80, 1356407, 842
6077, 138, 9, 12, 1, 0, 1.28%, 0, 0, 3, 221.97, 1357547, 842
6082, 138, 3, 12, 1, 0, 1.28%, 0, 0, 3, 220.67, 1358655, 842
6087, 138, 11, 12, 1, 0, 1.28%, 0, 0, 3, 222.11, 1359767, 842
6092, 138, 11, 12, 1, 0, 1.28%, 0, 0, 3, 222.31, 1360879, 842
6097, 138, 11, 12, 1, 0, 1.28%, 0, 0, 3, 222.98, 1362003, 842
6102, 138, 11, 12, 1, 0, 1.28%, 0, 0, 3, 226.64, 1363151, 842
6107, 139, 3, 12, 1, 0, 1.28%, 0, 0, 3, 226.22, 1364313, 842
6112, 139, 3, 12, 1, 0, 1.28%, 0, 0, 3, 221.63, 1365461, 842
6117, 139, 3, 12, 1, 0, 1.28%, 0, 0, 3, 220.14, 1366553, 842
6122, 139, 9, 12, 1, 0, 1.28%, 0, 0, 3, 212.66, 1367625, 842
6127, 139, 6, 12, 1, 0, 1.28%, 0, 0, 3, 224.38, 1368747, 842
6132, 139, 3, 12, 1, 0, 1.28%, 0, 0, 3, 228.21, 1369907, 842
6137, 139, 4, 12, 1, 0, 1.28%, 0, 0, 3, 227.02, 1371039, 842
6142, 139, 9, 12, 1, 0, 1.28%, 0, 0, 3, 221.40, 1372153, 842
6147, 140, 3, 12, 1, 0, 1.28%, 0, 0, 3, 220.71, 1373257, 842
6153, 140, 3, 12, 1, 0, 1.28%, 0, 0, 3, 220.54, 1374405, 842
6158, 140, 9, 12, 1, 0, 1.28%, 0, 0, 3, 220.93, 1375555, 842
6163, 140, 3, 12, 1, 0, 1.28%, 0, 0, 3, 215.07, 1376619, 842
6168, 140, 3, 12, 1, 0, 1.28%, 0, 0, 3, 219.38, 1377767, 842
6173, 140, 3, 12, 1, 0, 1.28%, 0, 0, 3, 223.26, 1378891, 842
6178, 140, 3, 12, 1, 0, 1.28%, 0, 0, 3, 233.18, 1380115, 842
6183, 140, 3, 12, 1, 0, 1.28%, 0, 0, 3, 222.74, 1381219, 842
6188, 141, 9, 12, 1, 0, 1.28%, 0, 0, 3, 219.87, 1382331, 842
6193, 141, 9, 12, 1, 0, 1.28%, 0, 0, 3, 217.23, 1383423, 842
6199, 141, 3, 12, 1, 0, 1.28%, 0, 0, 3, 231.46, 1384619, 842
6204, 141, 1, 12, 1, 0, 1.28%, 0, 0, 3, 223.51, 1385727, 842
6209, 141, 1, 12, 1, 0, 1.28%, 0, 0, 3, 222.45, 1386887, 842
6214, 141, 1, 12, 1, 0, 1.28%, 0, 0, 3, 223.13, 1388047, 842
6219, 141, 3, 12, 1, 0, 1.28%, 0, 0, 3, 222.00, 1389203, 842
6224, 141, 9, 12, 1, 0, 1.28%, 0, 0, 3, 215.70, 1390287, 842
6229, 141, 3, 12, 1, 0, 1.28%, 0, 0, 3, 220.98, 1391407, 842
6234, 141, 3, 12, 1, 0, 1.28%, 0, 0, 3, 221.68, 1392519, 842
6239, 141, 3, 12, 1, 0, 1.28%, 0, 0, 3, 221.00, 1393623, 842
6244, 142, 3, 12, 1, 0, 1.28%, 0, 0, 3, 220.00, 1394721, 842
6249, 142, 6, 12, 1, 0, 1.28%, 0, 0, 3, 230.70, 1395877, 842
6254, 142, 11, 12, 1, 0, 1.28%, 0, 0, 3, 226.31, 1397029, 842
6259, 142, 11, 12, 1, 0, 1.28%, 0, 0, 3, 224.32, 1398193, 842
6264, 142, 11, 12, 1, 0, 1.28%, 0, 0, 3, 222.79, 1399309, 842
6270, 142, 3, 12, 1, 0, 1.28%, 0, 0, 3, 221.88, 1400455, 842
6275, 142, 9, 12, 1, 0, 1.28%, 0, 0, 3, 215.65, 1401535, 842
6280, 142, 3, 12, 1, 0, 1.28%, 0, 0, 3, 218.41, 1402636, 842
6285, 142, 9, 12, 1, 0, 1.28%, 0, 0, 3, 218.36, 1403749, 842
6290, 143, 3, 12, 1, 0, 1.28%, 0, 0, 3, 219.56, 1404837, 842
6295, 143, 3, 12, 1, 0, 1.28%, 0, 0, 3, 219.93, 1405973, 842
6300, 143, 3, 12, 1, 0, 1.28%, 0, 0, 3, 222.19, 1407093, 842
6305, 143, 1, 12, 1, 0, 1.28%, 0, 0, 3, 222.67, 1408257, 842
6310, 143, 1, 12, 1, 0, 1.28%, 0, 0, 3, 219.08, 1409361, 842
6315, 143, 1, 12, 1, 0, 1.28%, 0, 0, 3, 223.62, 1410493, 842
6320, 143, 7, 12, 1, 0, 1.28%, 0, 0, 3, 224.47, 1411621, 842
6325, 143, 9, 12, 1, 0, 1.28%, 0, 0, 3, 217.69, 1412707, 842
6330, 143, 3, 12, 1, 0, 1.28%, 0, 0, 3, 233.96, 1413897, 842
6335, 143, 9, 12, 1, 0, 1.28%, 0, 0, 3, 219.51, 1414997, 842
6341, 144, 9, 12, 1, 0, 1.28%, 0, 0, 3, 216.96, 1416121, 842
6346, 144, 3, 12, 1, 0, 1.28%, 0, 0, 3, 220.09, 1417229, 842
6351, 144, 3, 12, 1, 0, 1.28%, 0, 0, 3, 222.17, 1418353, 842
6356, 144, 3, 12, 1, 0, 1.28%, 0, 0, 3, 220.73, 1419465, 842
6361, 144, 3, 12, 1, 0, 1.28%, 0, 0, 3, 209.67, 1420517, 842
6366, 144, 9, 12, 1, 0, 1.28%, 0, 0, 3, 216.40, 1421655, 842
6371, 144, 5, 12, 1, 0, 1.28%, 0, 0, 3, 222.34, 1422811, 842
6376, 145, 3, 12, 1, 0, 1.28%, 0, 0, 3, 220.11, 1423903, 842
6381, 145, 3, 12, 1, 0, 1.28%, 0, 0, 3, 220.93, 1425003, 842
6386, 145, 7, 12, 1, 0, 1.28%, 0, 0, 3, 222.80, 1426129, 842
6391, 145, 11, 12, 1, 0, 1.28%, 0, 0, 3, 219.98, 1427233, 842
6396, 145, 11, 12, 1, 0, 1.28%, 0, 0, 3, 223.60, 1428389, 842
6401, 145, 11, 12, 1, 0, 1.28%, 0, 0, 3, 223.03, 1429509, 842
6406, 145, 11, 12, 1, 0, 1.28%, 0, 0, 3, 223.31, 1430633, 842
6411, 145, 3, 12, 1, 0, 1.28%, 0, 0, 3, 221.53, 1431745, 842
6416, 145, 9, 12, 1, 0, 1.28%, 0, 0, 3, 215.30, 1432825, 842
6421, 145, 3, 12, 1, 0, 1.28%, 0, 0, 3, 220.56, 1433929, 842
6427, 146, 3, 12, 1, 0, 1.28%, 0, 0, 3, 221.30, 1435029, 842
6432, 146, 3, 12, 1, 0, 1.28%, 0, 0, 3, 215.79, 1436145, 842
6437, 146, 6, 12, 1, 0, 1.28%, 0, 0, 3, 228.29, 1437293, 842
6442, 146, 3, 12, 1, 0, 1.28%, 0, 0, 3, 227.94, 1438493, 842
6447, 146, 6, 12, 1, 0, 1.28%, 0, 0, 3, 223.81, 1439605, 842
6452, 146, 3, 12, 1, 0, 1.28%, 0, 0, 3, 233.51, 1440795, 842
6457, 146, 9, 12, 1, 0, 1.28%, 0, 0, 3, 218.67, 1441887, 842
6462, 146, 9, 12, 1, 0, 1.28%, 0, 0, 3, 219.71, 1442999, 842
6467, 147, 3, 12, 1, 0, 1.28%, 0, 0, 3, 217.11, 1444075, 842
6472, 147, 3, 12, 1, 0, 1.28%, 0, 0, 3, 223.42, 1445209, 842
6477, 147, 3, 12, 1, 0, 1.28%, 0, 0, 3, 223.74, 1446377, 842
6482, 147, 11, 12, 1, 0, 1.28%, 0, 0, 3, 224.84, 1447513, 842
6487, 147, 11, 12, 1, 0, 1.28%, 0, 0, 3, 224.76, 1448677, 842
6493, 147, 11, 12, 1, 0, 1.28%, 0, 0, 3, 223.71, 1449833, 842
6498, 147, 5, 12, 1, 0, 1.28%, 0, 0, 3, 224.53, 1450989, 842
6503, 147, 9, 12, 1, 0, 1.28%, 0, 0, 3, 222.81, 1452133, 842
6508, 148, 3, 12, 1, 0, 1.28%, 0, 0, 3, 210.28, 1453165, 842
