# relative_time, cycles_done, cur_item, corpus_count, pending_total, pending_favs, map_size, saved_crashes, saved_hangs, max_depth, execs_per_sec, total_execs, edges_found
61, 0, 1, 9, 8, 1, 1.15%, 0, 0, 2, 199.12, 8796, 751
66, 0, 1, 9, 8, 1, 1.15%, 0, 0, 2, 200.68, 9811, 751
71, 0, 1, 9, 8, 1, 1.15%, 0, 0, 2, 195.06, 10812, 751
76, 0, 1, 9, 8, 1, 1.15%, 0, 0, 2, 197.43, 11799, 751
82, 0, 1, 9, 8, 1, 1.15%, 0, 0, 2, 204.04, 12863, 751
87, 0, 1, 9, 8, 1, 1.15%, 0, 0, 2, 212.14, 13931, 751
92, 0, 1, 9, 8, 1, 1.15%, 0, 0, 2, 210.26, 14991, 751
97, 0, 1, 9, 8, 1, 1.15%, 0, 0, 2, 211.23, 16059, 751
102, 0, 1, 25, 24, 1, 1.39%, 0, 0, 2, 198.97, 17085, 913
107, 0, 1, 28, 27, 1, 1.41%, 0, 0, 2, 197.03, 18066, 922
112, 0, 1, 29, 28, 1, 1.41%, 0, 0, 2, 199.90, 19071, 923
117, 0, 1, 30, 29, 1, 1.41%, 0, 0, 2, 198.67, 20092, 923
122, 0, 1, 31, 30, 1, 1.43%, 0, 0, 2, 200.92, 21139, 935
127, 0, 1, 32, 31, 1, 1.43%, 0, 0, 2, 198.21, 22166, 936
133, 0, 1, 32, 31, 1, 1.43%, 0, 0, 2, 195.60, 23189, 936
138, 0, 1, 32, 31, 1, 1.43%, 0, 0, 2, 197.12, 24221, 936
143, 0, 1, 32, 31, 1, 1.43%, 0, 0, 2, 201.63, 25267, 936
148, 0, 1, 32, 31, 1, 1.43%, 0, 0, 2, 202.16, 26283, 936
153, 0, 1, 32, 31, 1, 1.43%, 0, 0, 2, 202.15, 27311, 936
158, 0, 1, 32, 31, 1, 1.43%, 0, 0, 2, 196.22, 28325, 936
163, 0, 1, 32, 31, 1, 1.43%, 0, 0, 2, 195.79, 29330, 936
169, 0, 1, 32, 31, 1, 1.43%, 0, 0, 2, 196.41, 30350, 936
174, 0, 1, 32, 31, 1, 1.43%, 0, 0, 2, 196.95, 31367, 936
179, 0, 1, 32, 31, 1, 1.43%, 0, 0, 2, 198.94, 32393, 936
184, 0, 1, 33, 32, 1, 1.43%, 0, 0, 2, 191.70, 33368, 937
189, 0, 1, 33, 32, 1, 1.43%, 0, 0, 2, 173.25, 34220, 937
194, 0, 1, 33, 32, 1, 1.43%, 0, 0, 2, 167.36, 35081, 937
199, 0, 1, 34, 33, 1, 1.45%, 0, 0, 2, 159.26, 35869, 949
204, 0, 1, 34, 33, 1, 1.45%, 0, 0, 2, 153.28, 36634, 949
209, 0, 1, 34, 33, 1, 1.45%, 0, 0, 2, 157.18, 37426, 949
214, 0, 1, 34, 33, 1, 1.45%, 0, 0, 2, 156.63, 38209, 949
219, 0, 1, 34, 33, 1, 1.45%, 0, 0, 2, 161.14, 39013, 949
224, 0, 1, 34, 33, 1, 1.45%, 0, 0, 2, 170.20, 39874, 949
229, 0, 1, 34, 33, 1, 1.45%, 0, 0, 2, 168.38, 40720, 949
234, 0, 1, 34, 33, 1, 1.45%, 0, 0, 2, 173.52, 41596, 949
239, 0, 1, 34, 33, 1, 1.45%, 0, 0, 2, 178.69, 42526, 949
245, 0, 1, 34, 33, 1, 1.45%, 0, 0, 2, 177.37, 43420, 949
250, 0, 1, 34, 33, 1, 1.45%, 0, 0, 2, 175.33, 44329, 949
255, 0, 1, 34, 33, 1, 1.45%, 0, 0, 2, 178.21, 45247, 949
260, 0, 1, 34, 33, 1, 1.45%, 0, 0, 2, 178.38, 46144, 949
265, 0, 1, 34, 33, 1, 1.45%, 0, 0, 2, 180.56, 47086, 949
270, 0, 1, 34, 33, 1, 1.45%, 0, 0, 2, 172.10, 47992, 949
275, 0, 1, 34, 33, 1, 1.45%, 0, 0, 2, 173.48, 48892, 949
281, 0, 1, 34, 33, 1, 1.45%, 0, 0, 2, 185.53, 49826, 949
286, 0, 1, 34, 33, 1, 1.45%, 0, 0, 2, 187.44, 50826, 949
291, 0, 16, 34, 32, 18, 1.45%, 0, 0, 2, 191.76, 51793, 949
296, 0, 16, 34, 32, 18, 1.45%, 0, 0, 2, 191.56, 52804, 949
301, 0, 16, 34, 32, 18, 1.45%, 0, 0, 2, 192.71, 53815, 949
307, 0, 16, 34, 32, 18, 1.45%, 0, 0, 2, 189.80, 54784, 949
312, 0, 16, 34, 32, 18, 1.45%, 0, 0, 2, 189.38, 55714, 949
317, 0, 31, 34, 31, 17, 1.45%, 0, 0, 2, 197.73, 56755, 949
322, 0, 31, 34, 31, 17, 1.45%, 0, 0, 2, 204.29, 57797, 949
327, 0, 27, 34, 30, 16, 1.45%, 0, 0, 2, 195.15, 58794, 949
332, 0, 27, 34, 30, 16, 1.45%, 0, 0, 2, 208.59, 59888, 949
337, 0, 27, 34, 30, 16, 1.45%, 0, 0, 2, 189.89, 60843, 949
342, 0, 27, 34, 30, 16, 1.45%, 0, 0, 2, 189.60, 61830, 949
348, 0, 27, 34, 30, 16, 1.45%, 0, 0, 2, 193.04, 62841, 949
353, 0, 25, 34, 29, 15, 1.45%, 0, 0, 2, 193.27, 63830, 949
358, 0, 25, 34, 29, 15, 1.45%, 0, 0, 2, 175.23, 64728, 949
363, 0, 25, 34, 29, 15, 1.45%, 0, 0, 2, 176.92, 65628, 949
368, 0, 30, 34, 27, 13, 1.45%, 0, 0, 2, 195.00, 66653, 949
373, 0, 30, 34, 27, 13, 1.45%, 0, 0, 2, 189.88, 67597, 949
378, 0, 30, 34, 27, 13, 1.45%, 0, 0, 2, 177.98, 68485, 949
383, 0, 12, 34, 26, 12, 1.45%, 0, 0, 2, 196.78, 69489, 949
389, 0, 12, 34, 26, 12, 1.45%, 0, 0, 2, 175.71, 70367, 949
394, 0, 12, 34, 26, 12, 1.45%, 0, 0, 2, 164.77, 71210, 949
399, 0, 7, 34, 25, 11, 1.45%, 0, 0, 2, 179.69, 72152, 949
404, 0, 7, 34, 25, 11, 1.45%, 0, 0, 2, 195.60, 73171, 949
409, 0, 7, 34, 25, 11, 1.45%, 0, 0, 2, 180.13, 74055, 949
414, 0, 3, 34, 24, 10, 1.45%, 0, 0, 2, 182.01, 74999, 949
419, 0, 13, 34, 23, 9, 1.45%, 0, 0, 2, 206.30, 76096, 949
425, 0, 13, 34, 23, 9, 1.45%, 0, 0, 2, 187.36, 77033, 949
430, 0, 13, 34, 23, 9, 1.45%, 0, 0, 2, 190.03, 77987, 949
435, 0, 23, 34, 22, 8, 1.45%, 0, 0, 2, 192.52, 78961, 949
440, 0, 23, 34, 22, 8, 1.45%, 0, 0, 2, 183.82, 79885, 949
445, 0, 23, 34, 22, 8, 1.45%, 0, 0, 2, 182.58, 80845, 949
450, 0, 28, 34, 21, 7, 1.45%, 0, 0, 2, 207.57, 81910, 949
455, 0, 28, 34, 21, 7, 1.45%, 0, 0, 2, 207.79, 82974, 949
460, 0, 29, 34, 20, 6, 1.45%, 0, 0, 2, 207.13, 84028, 949
466, 0, 29, 34, 20, 6, 1.45%, 0, 0, 2, 216.95, 85167, 949
471, 0, 29, 34, 20, 6, 1.45%, 0, 0, 2, 208.14, 86196, 949
476, 0, 20, 34, 19, 5, 1.45%, 0, 0, 2, 209.23, 87283, 949
481, 0, 20, 34, 19, 5, 1.45%, 0, 0, 2, 189.42, 88210, 949
486, 0, 20, 34, 19, 5, 1.45%, 0, 0, 2, 175.43, 89110, 949
491, 0, 33, 34, 18, 4, 1.45%, 0, 0, 2, 202.82, 90128, 949
496, 0, 33, 34, 18, 4, 1.45%, 0, 0, 2, 188.57, 91089, 949
501, 0, 33, 34, 18, 4, 1.45%, 0, 0, 2, 191.34, 92043, 949
507, 0, 33, 34, 18, 4, 1.45%, 0, 0, 2, 197.65, 93084, 949
512, 0, 8, 34, 17, 3, 1.45%, 0, 0, 2, 194.00, 94108, 949
517, 0, 8, 34, 17, 3, 1.45%, 0, 0, 2, 205.72, 95175, 949
522, 0, 32, 34, 16, 2, 1.45%, 0, 0, 2, 219.58, 96307, 949
527, 0, 32, 34, 16, 2, 1.45%, 0, 0, 2, 220.67, 97423, 949
532, 0, 3, 34, 15, 1, 1.45%, 0, 0, 2, 209.53, 98441, 949
537, 0, 26, 34, 15, 1, 1.45%, 0, 0, 2, 209.80, 99515, 949
542, 0, 26, 34, 15, 1, 1.45%, 0, 0, 2, 196.15, 100504, 949
547, 0, 26, 34, 15, 1, 1.45%, 0, 0, 2, 197.62, 101509, 949
553, 0, 26, 34, 15, 1, 1.45%, 0, 0, 2, 205.65, 102587, 949
558, 0, 7, 34, 14, 0, 1.45%, 0, 0, 2, 188.22, 103513, 949
563, 0, 7, 34, 14, 0, 1.45%, 0, 0, 2, 208.19, 104607, 949
568, 0, 7, 34, 14, 0, 1.45%, 0, 0, 2, 197.87, 105608, 949
573, 0, 7, 34, 14, 0, 1.45%, 0, 0, 2, 195.30, 106592, 949
578, 0, 13, 34, 14, 0, 1.45%, 0, 0, 2, 209.98, 107690, 949
583, 0, 13, 34, 14, 0, 1.45%, 0, 0, 2, 193.50, 108623, 949
588, 0, 13, 34, 14, 0, 1.45%, 0, 0, 2, 193.69, 109604, 949
593, 0, 20, 34, 14, 0, 1.45%, 0, 0, 2, 197.38, 110616, 949
599, 0, 20, 34, 14, 0, 1.45%, 0, 0, 2, 205.59, 111695, 949
604, 0, 20, 34, 14, 0, 1.45%, 0, 0, 2, 221.96, 112858, 949
609, 0, 20, 34, 14, 0, 1.45%, 0, 0, 2, 186.92, 113767, 949
614, 0, 20, 34, 14, 0, 1.45%, 0, 0, 2, 191.23, 114750, 949
619, 0, 20, 34, 14, 0, 1.45%, 0, 0, 2, 181.55, 115658, 949
624, 0, 20, 34, 14, 0, 1.45%, 0, 0, 2, 180.01, 116587, 949
629, 0, 20, 34, 14, 0, 1.45%, 0, 0, 2, 192.77, 117570, 949
634, 0, 20, 34, 14, 0, 1.45%, 0, 0, 2, 199.46, 118612, 949
639, 0, 4, 34, 14, 0, 1.45%, 0, 0, 2, 175.34, 119449, 949
645, 0, 32, 34, 14, 0, 1.45%, 0, 0, 2, 203.59, 120545, 949
650, 0, 32, 34, 14, 0, 1.45%, 0, 0, 2, 196.02, 121542, 949
655, 0, 32, 34, 14, 0, 1.45%, 0, 0, 2, 181.98, 122468, 949
660, 0, 28, 34, 14, 0, 1.45%, 0, 0, 2, 194.13, 123459, 949
665, 0, 28, 34, 14, 0, 1.45%, 0, 0, 2, 200.05, 124522, 949
670, 0, 28, 34, 14, 0, 1.45%, 0, 0, 2, 195.98, 125535, 949
675, 0, 28, 34, 14, 0, 1.45%, 0, 0, 2, 200.18, 126577, 949
680, 0, 28, 34, 14, 0, 1.45%, 0, 0, 2, 191.16, 127530, 949
686, 0, 28, 34, 14, 0, 1.45%, 0, 0, 2, 208.85, 128617, 949
691, 0, 28, 34, 14, 0, 1.45%, 0, 0, 2, 204.73, 129669, 949
696, 0, 28, 34, 14, 0, 1.45%, 0, 0, 2, 188.51, 130584, 949
701, 0, 28, 34, 14, 0, 1.45%, 0, 0, 2, 206.59, 131629, 949
706, 0, 28, 34, 14, 0, 1.45%, 0, 0, 2, 208.36, 132741, 949
711, 0, 28, 34, 14, 0, 1.45%, 0, 0, 2, 211.66, 133784, 949
716, 0, 28, 34, 14, 0, 1.45%, 0, 0, 2, 188.72, 134700, 949
721, 0, 27, 34, 14, 0, 1.45%, 0, 0, 2, 194.05, 135701, 949
726, 0, 27, 34, 14, 0, 1.45%, 0, 0, 2, 187.50, 136650, 949
731, 0, 27, 34, 14, 0, 1.45%, 0, 0, 2, 193.89, 137599, 949
736, 0, 27, 34, 14, 0, 1.45%, 0, 0, 2, 202.44, 138640, 949
741, 0, 27, 34, 14, 0, 1.45%, 0, 0, 2, 196.81, 139647, 949
747, 0, 17, 34, 14, 0, 1.45%, 0, 0, 2, 205.51, 140723, 949
752, 0, 17, 34, 14, 0, 1.45%, 0, 0, 2, 200.96, 141739, 949
757, 0, 17, 34, 14, 0, 1.45%, 0, 0, 2, 199.88, 142767, 949
762, 0, 33, 34, 13, 0, 1.45%, 0, 0, 2, 197.74, 143797, 949
767, 0, 33, 34, 13, 0, 1.45%, 0, 0, 2, 187.58, 144746, 949
772, 0, 33, 34, 13, 0, 1.45%, 0, 0, 2, 188.15, 145743, 949
777, 0, 33, 34, 13, 0, 1.45%, 0, 0, 2, 185.95, 146740, 949
783, 0, 27, 34, 13, 0, 1.45%, 0, 0, 2, 190.80, 147707, 949
788, 0, 27, 34, 13, 0, 1.45%, 0, 0, 2, 200.95, 148744, 949
793, 0, 27, 34, 13, 0, 1.45%, 0, 0, 2, 201.95, 149771, 949
798, 0, 27, 34, 13, 0, 1.45%, 0, 0, 2, 192.36, 150756, 949
803, 0, 27, 34, 13, 0, 1.45%, 0, 0, 2, 192.34, 151738, 949
808, 0, 12, 34, 13, 0, 1.45%, 0, 0, 2, 205.14, 152811, 949
813, 0, 12, 34, 13, 0, 1.45%, 0, 0, 2, 197.15, 153804, 949
818, 0, 12, 34, 13, 0, 1.45%, 0, 0, 2, 188.75, 154733, 949
823, 0, 32, 34, 13, 0, 1.45%, 0, 0, 2, 192.19, 155678, 949
828, 0, 32, 34, 13, 0, 1.45%, 0, 0, 2, 208.86, 156758, 949
833, 0, 32, 34, 13, 0, 1.45%, 0, 0, 2, 206.24, 157803, 949
838, 0, 29, 34, 13, 0, 1.45%, 0, 0, 2, 193.47, 158775, 949
843, 0, 29, 34, 13, 0, 1.45%, 0, 0, 2, 214.11, 159871, 949
848, 0, 29, 34, 13, 0, 1.45%, 0, 0, 2, 217.77, 160946, 949
854, 0, 29, 34, 13, 0, 1.45%, 0, 0, 2, 227.44, 162144, 949
859, 0, 29, 34, 13, 0, 1.45%, 0, 0, 2, 208.02, 163188, 949
864, 0, 29, 34, 13, 0, 1.45%, 0, 0, 2, 201.14, 164220, 949
869, 0, 29, 34, 13, 0, 1.45%, 0, 0, 2, 221.37, 165373, 949
874, 0, 29, 34, 13, 0, 1.45%, 0, 0, 2, 224.80, 166504, 949
879, 0, 29, 34, 13, 0, 1.45%, 0, 0, 2, 206.60, 167576, 949
884, 0, 27, 34, 13, 0, 1.45%, 0, 0, 2, 202.45, 168592, 949
889, 0, 27, 34, 13, 0, 1.45%, 0, 0, 2, 189.51, 169554, 949
894, 0, 27, 34, 13, 0, 1.45%, 0, 0, 2, 204.90, 170596, 949
899, 0, 27, 34, 13, 0, 1.45%, 0, 0, 2, 200.13, 171616, 949
905, 0, 27, 34, 13, 0, 1.45%, 0, 0, 2, 203.17, 172668, 949
910, 0, 27, 34, 13, 0, 1.45%, 0, 0, 2, 207.07, 173693, 949
915, 0, 27, 34, 13, 0, 1.45%, 0, 0, 2, 201.61, 174720, 949
920, 0, 27, 34, 13, 0, 1.45%, 0, 0, 2, 196.34, 175721, 949
925, 0, 27, 34, 13, 0, 1.45%, 0, 0, 2, 213.12, 176855, 949
930, 0, 27, 34, 13, 0, 1.45%, 0, 0, 2, 198.68, 177854, 949
935, 0, 27, 34, 13, 0, 1.45%, 0, 0, 2, 202.08, 178918, 949
940, 0, 27, 34, 13, 0, 1.45%, 0, 0, 2, 196.24, 179882, 949
945, 0, 27, 34, 13, 0, 1.45%, 0, 0, 2, 180.17, 180755, 949
950, 0, 27, 34, 13, 0, 1.45%, 0, 0, 2, 181.40, 181695, 949
956, 0, 27, 34, 13, 0, 1.45%, 0, 0, 2, 187.33, 182656, 949
961, 1, 33, 34, 13, 0, 1.45%, 0, 0, 2, 194.51, 183687, 949
966, 1, 33, 34, 13, 0, 1.45%, 0, 0, 2, 174.71, 184578, 949
971, 1, 33, 34, 13, 0, 1.45%, 0, 0, 2, 178.21, 185464, 949
976, 1, 33, 34, 13, 0, 1.45%, 0, 0, 2, 203.33, 186501, 949
981, 1, 33, 34, 13, 0, 1.45%, 0, 0, 2, 192.40, 187503, 949
986, 1, 13, 34, 13, 0, 1.45%, 0, 0, 2, 193.93, 188505, 949
991, 1, 13, 34, 13, 0, 1.45%, 0, 0, 2, 201.48, 189536, 949
996, 1, 13, 34, 13, 0, 1.45%, 0, 0, 2, 194.60, 190500, 949
1001, 1, 12, 35, 14, 0, 1.45%, 0, 0, 3, 203.00, 191506, 949
1006, 1, 12, 36, 15, 0, 1.45%, 0, 0, 3, 206.40, 192562, 949
1011, 1, 12, 36, 15, 0, 1.45%, 0, 0, 3, 203.49, 193567, 949
1016, 1, 12, 36, 15, 0, 1.45%, 0, 0, 3, 199.72, 194570, 949
1022, 1, 12, 36, 15, 0, 1.45%, 0, 0, 3, 192.91, 195557, 949
1027, 1, 13, 36, 15, 0, 1.45%, 0, 0, 3, 197.60, 196599, 949
1032, 1, 13, 36, 15, 0, 1.45%, 0, 0, 3, 191.66, 197583, 949
1037, 1, 13, 36, 15, 0, 1.45%, 0, 0, 3, 184.86, 198530, 949
1042, 1, 7, 36, 15, 0, 1.45%, 0, 0, 3, 211.05, 199631, 949
1047, 1, 7, 36, 15, 0, 1.45%, 0, 0, 3, 195.51, 200606, 949
1052, 1, 7, 36, 15, 0, 1.45%, 0, 0, 3, 204.80, 201676, 949
1057, 1, 32, 36, 15, 0, 1.45%, 0, 0, 3, 217.34, 202782, 949
1062, 1, 32, 36, 15, 0, 1.45%, 0, 0, 3, 204.02, 203804, 949
1067, 1, 32, 36, 15, 0, 1.45%, 0, 0, 3, 209.50, 204868, 949
1073, 1, 12, 36, 15, 0, 1.45%, 0, 0, 3, 204.45, 205930, 949
1078, 1, 12, 36, 15, 0, 1.45%, 0, 0, 3, 191.84, 206901, 949
1083, 1, 12, 36, 15, 0, 1.45%, 0, 0, 3, 189.09, 207888, 949
1088, 1, 27, 36, 15, 0, 1.45%, 0, 0, 3, 196.66, 208870, 949
1093, 1, 27, 36, 15, 0, 1.45%, 0, 0, 3, 188.49, 209869, 949
1098, 1, 27, 36, 15, 0, 1.45%, 0, 0, 3, 190.18, 210830, 949
1103, 1, 27, 36, 15, 0, 1.45%, 0, 0, 3, 196.68, 211788, 949
1108, 1, 27, 36, 15, 0, 1.45%, 0, 0, 3, 186.14, 212706, 949
1114, 1, 27, 36, 15, 0, 1.45%, 0, 0, 3, 199.05, 213725, 949
1119, 1, 27, 36, 15, 0, 1.45%, 0, 0, 3, 187.20, 214665, 949
1124, 1, 27, 36, 15, 0, 1.45%, 0, 0, 3, 195.40, 215656, 949
1129, 1, 27, 36, 15, 0, 1.45%, 0, 0, 3, 201.80, 216709, 949
1134, 1, 27, 36, 15, 0, 1.45%, 0, 0, 3, 194.52, 217743, 949
1139, 1, 29, 36, 15, 0, 1.45%, 0, 0, 3, 206.74, 218804, 949
1144, 1, 29, 36, 15, 0, 1.45%, 0, 0, 3, 209.88, 219872, 949
1149, 1, 29, 36, 15, 0, 1.45%, 0, 0, 3, 196.26, 220848, 949
1155, 1, 32, 36, 15, 0, 1.45%, 0, 0, 3, 218.55, 221988, 949
1160, 1, 32, 36, 15, 0, 1.45%, 0, 0, 3, 206.62, 223020, 949
1165, 1, 32, 36, 15, 0, 1.45%, 0, 0, 3, 215.30, 224133, 949
1170, 1, 32, 36, 15, 0, 1.45%, 0, 0, 3, 209.64, 225192, 949
1175, 1, 32, 36, 15, 0, 1.45%, 0, 0, 3, 221.71, 226323, 949
1180, 1, 32, 36, 15, 0, 1.45%, 0, 0, 3, 218.78, 227432, 949
1185, 1, 27, 36, 15, 0, 1.45%, 0, 0, 3, 217.24, 228559, 949
1190, 1, 27, 36, 15, 0, 1.45%, 0, 0, 3, 196.14, 229552, 949
1195, 1, 27, 36, 15, 0, 1.45%, 0, 0, 3, 202.26, 230560, 949
1200, 1, 27, 36, 15, 0, 1.45%, 0, 0, 3, 191.01, 231534, 949
1205, 1, 27, 36, 15, 0, 1.45%, 0, 0, 3, 199.60, 232561, 949
1210, 1, 27, 36, 15, 0, 1.45%, 0, 0, 3, 194.58, 233561, 949
1216, 1, 27, 36, 15, 0, 1.45%, 0, 0, 3, 186.88, 234511, 949
1221, 1, 27, 36, 15, 0, 1.45%, 0, 0, 3, 204.65, 235604, 949
1226, 1, 27, 36, 15, 0, 1.45%, 0, 0, 3, 191.94, 236574, 949
1231, 1, 20, 36, 15, 0, 1.45%, 0, 0, 3, 204.58, 237635, 949
1236, 1, 20, 36, 15, 0, 1.45%, 0, 0, 3, 200.58, 238608, 949
1241, 1, 20, 36, 15, 0, 1.45%, 0, 0, 3, 194.18, 239588, 949
1246, 1, 4, 36, 15, 0, 1.45%, 0, 0, 3, 198.08, 240590, 949
1251, 1, 32, 36, 15, 0, 1.45%, 0, 0, 3, 209.84, 241667, 949
1257, 1, 32, 36, 15, 0, 1.45%, 0, 0, 3, 214.63, 242784, 949
1262, 1, 27, 36, 15, 0, 1.45%, 0, 0, 3, 212.24, 243861, 949
1267, 1, 27, 36, 15, 0, 1.45%, 0, 0, 3, 215.18, 244989, 949
1272, 1, 27, 36, 15, 0, 1.45%, 0, 0, 3, 200.28, 246005, 949
1277, 1, 27, 36, 15, 0, 1.45%, 0, 0, 3, 190.96, 247001, 949
1282, 1, 27, 36, 15, 0, 1.45%, 0, 0, 3, 177.51, 247911, 949
1288, 1, 20, 36, 15, 0, 1.45%, 0, 0, 3, 192.27, 248945, 949
1293, 1, 20, 36, 15, 0, 1.45%, 0, 0, 3, 164.46, 249789, 949
1298, 1, 20, 36, 15, 0, 1.45%, 0, 0, 3, 178.32, 250779, 949
1303, 1, 20, 36, 15, 0, 1.45%, 0, 0, 3, 184.25, 251739, 949
1308, 1, 32, 36, 15, 0, 1.45%, 0, 0, 3, 212.72, 252841, 949
1313, 1, 32, 36, 15, 0, 1.45%, 0, 0, 3, 208.73, 253889, 949
1318, 1, 32, 36, 15, 0, 1.45%, 0, 0, 3, 194.58, 254911, 949
1323, 1, 28, 36, 15, 0, 1.45%, 0, 0, 3, 215.57, 256038, 949
1328, 1, 28, 36, 15, 0, 1.45%, 0, 0, 3, 211.52, 257092, 949
1333, 1, 28, 36, 15, 0, 1.45%, 0, 0, 3, 199.03, 258086, 949
1339, 1, 28, 36, 15, 0, 1.45%, 0, 0, 3, 198.05, 259094, 949
1344, 1, 28, 36, 15, 0, 1.45%, 0, 0, 3, 214.92, 260195, 949
1349, 1, 28, 36, 15, 0, 1.45%, 0, 0, 3, 216.04, 261327, 949
1354, 1, 28, 36, 15, 0, 1.45%, 0, 0, 3, 207.16, 262383, 949
1359, 1, 28, 36, 15, 0, 1.45%, 0, 0, 3, 193.56, 263327, 949
1364, 1, 28, 36, 15, 0, 1.45%, 0, 0, 3, 199.35, 264359, 949
1369, 1, 28, 36, 15, 0, 1.45%, 0, 0, 3, 193.10, 265361, 949
1374, 1, 28, 36, 15, 0, 1.45%, 0, 0, 3, 206.38, 266411, 949
1380, 1, 28, 36, 15, 0, 1.45%, 0, 0, 3, 219.99, 267579, 949
1385, 1, 27, 36, 15, 0, 1.45%, 0, 0, 3, 213.56, 268655, 949
1390, 1, 27, 36, 15, 0, 1.45%, 0, 0, 3, 209.88, 269712, 949
1395, 1, 27, 36, 15, 0, 1.45%, 0, 0, 3, 204.88, 270688, 949
1400, 1, 27, 36, 15, 0, 1.45%, 0, 0, 3, 207.94, 271740, 949
1405, 1, 32, 36, 15, 0, 1.45%, 0, 0, 3, 197.48, 272707, 949
1410, 1, 32, 36, 15, 0, 1.45%, 0, 0, 3, 207.76, 273826, 949
1415, 1, 32, 36, 15, 0, 1.45%, 0, 0, 3, 210.10, 274874, 949
1420, 1, 32, 36, 15, 0, 1.45%, 0, 0, 3, 218.25, 275976, 949
1425, 1, 32, 36, 15, 0, 1.45%, 0, 0, 3, 216.03, 277076, 949
1430, 1, 32, 36, 15, 0, 1.45%, 0, 0, 3, 214.99, 278189, 949
1436, 1, 13, 36, 15, 0, 1.45%, 0, 0, 3, 221.06, 279334, 949
1441, 1, 13, 36, 15, 0, 1.45%, 0, 0, 3, 215.70, 280443, 949
1446, 1, 13, 36, 15, 0, 1.45%, 0, 0, 3, 189.23, 281357, 949
1451, 1, 30, 36, 15, 0, 1.45%, 0, 0, 3, 198.55, 282373, 949
1456, 1, 30, 36, 15, 0, 1.45%, 0, 0, 3, 218.20, 283506, 949
1461, 1, 30, 36, 15, 0, 1.45%, 0, 0, 3, 216.24, 284625, 949
1466, 1, 30, 36, 15, 0, 1.45%, 0, 0, 3, 219.84, 285749, 949
1471, 1, 30, 36, 15, 0, 1.45%, 0, 0, 3, 190.62, 286726, 949
1477, 1, 30, 36, 15, 0, 1.45%, 0, 0, 3, 172.01, 287599, 949
1482, 1, 30, 36, 15, 0, 1.45%, 0, 0, 3, 177.77, 288478, 949
1487, 1, 30, 36, 15, 0, 1.45%, 0, 0, 3, 176.66, 289432, 949
1492, 1, 30, 36, 15, 0, 1.45%, 0, 0, 3, 165.72, 290245, 949
1497, 1, 30, 36, 15, 0, 1.45%, 0, 0, 3, 172.39, 291142, 949
1502, 1, 30, 36, 15, 0, 1.45%, 0, 0, 3, 206.47, 292189, 949
1507, 1, 30, 36, 15, 0, 1.45%, 0, 0, 3, 183.68, 293095, 949
1512, 1, 30, 36, 15, 0, 1.45%, 0, 0, 3, 203.51, 294105, 949
1517, 1, 3, 36, 15, 0, 1.45%, 0, 0, 3, 221.10, 295280, 949
1522, 1, 32, 36, 15, 0, 1.45%, 0, 0, 3, 223.97, 296397, 949
1528, 1, 32, 36, 15, 0, 1.45%, 0, 0, 3, 217.20, 297526, 949
1533, 1, 32, 36, 15, 0, 1.45%, 0, 0, 3, 208.85, 298572, 949
1538, 1, 32, 36, 15, 0, 1.45%, 0, 0, 3, 219.07, 299685, 949
1543, 1, 32, 36, 15, 0, 1.45%, 0, 0, 3, 204.07, 300706, 949
1548, 1, 32, 36, 15, 0, 1.45%, 0, 0, 3, 205.85, 301752, 949
1553, 1, 32, 36, 15, 0, 1.45%, 0, 0, 3, 216.50, 302901, 949
1558, 1, 32, 36, 15, 0, 1.45%, 0, 0, 3, 205.20, 303906, 949
1563, 1, 32, 36, 15, 0, 1.45%, 0, 0, 3, 216.09, 304999, 949
1568, 1, 32, 36, 15, 0, 1.45%, 0, 0, 3, 219.75, 306101, 949
1573, 1, 32, 36, 15, 0, 1.45%, 0, 0, 3, 218.20, 307237, 949
1578, 1, 32, 36, 15, 0, 1.45%, 0, 0, 3, 217.58, 308322, 949
1583, 1, 28, 36, 15, 0, 1.45%, 0, 0, 3, 221.51, 309427, 949
1588, 1, 28, 36, 15, 0, 1.45%, 0, 0, 3, 220.37, 310541, 949
1593, 1, 28, 36, 15, 0, 1.45%, 0, 0, 3, 210.14, 311592, 949
1598, 1, 28, 36, 15, 0, 1.45%, 0, 0, 3, 216.01, 312688, 949
1604, 1, 28, 36, 15, 0, 1.45%, 0, 0, 3, 214.77, 313804, 949
1609, 1, 28, 36, 15, 0, 1.45%, 0, 0, 3, 220.19, 314963, 949
1614, 1, 28, 36, 15, 0, 1.45%, 0, 0, 3, 209.68, 315984, 949
1619, 1, 28, 36, 15, 0, 1.45%, 0, 0, 3, 195.69, 316977, 949
1624, 1, 28, 36, 15, 0, 1.45%, 0, 0, 3, 217.85, 318132, 949
1629, 1, 28, 36, 15, 0, 1.45%, 0, 0, 3, 228.51, 319332, 949
1634, 1, 28, 36, 15, 0, 1.45%, 0, 0, 3, 211.58, 320416, 949
1639, 1, 28, 36, 15, 0, 1.45%, 0, 0, 3, 221.47, 321508, 949
1644, 1, 27, 36, 15, 0, 1.45%, 0, 0, 3, 211.10, 322568, 949
1649, 1, 27, 36, 15, 0, 1.45%, 0, 0, 3, 212.82, 323625, 949
1655, 1, 27, 36, 15, 0, 1.45%, 0, 0, 3, 222.73, 324772, 949
1660, 1, 27, 36, 15, 0, 1.45%, 0, 0, 3, 204.76, 325820, 949
1665, 1, 23, 36, 15, 0, 1.45%, 0, 0, 3, 207.60, 326857, 949
1670, 1, 23, 36, 15, 0, 1.45%, 0, 0, 3, 208.82, 327951, 949
1675, 1, 23, 36, 15, 0, 1.45%, 0, 0, 3, 202.39, 328970, 949
1680, 1, 23, 36, 15, 0, 1.45%, 0, 0, 3, 198.08, 329954, 949
1685, 1, 23, 36, 15, 0, 1.45%, 0, 0, 3, 187.88, 330894, 949
1690, 1, 23, 36, 15, 0, 1.45%, 0, 0, 3, 213.50, 331981, 949
1695, 1, 23, 36, 15, 0, 1.45%, 0, 0, 3, 180.63, 332856, 949
1700, 1, 23, 36, 15, 0, 1.45%, 0, 0, 3, 183.36, 333765, 949
1705, 1, 23, 36, 15, 0, 1.45%, 0, 0, 3, 181.41, 334680, 949
1710, 1, 23, 36, 15, 0, 1.45%, 0, 0, 3, 208.95, 335762, 949
1715, 1, 23, 36, 15, 0, 1.45%, 0, 0, 3, 186.43, 336669, 949
1721, 1, 23, 36, 15, 0, 1.45%, 0, 0, 3, 184.41, 337653, 949
1726, 1, 23, 36, 15, 0, 1.45%, 0, 0, 3, 205.09, 338746, 949
1731, 1, 4, 36, 15, 0, 1.45%, 0, 0, 3, 205.28, 339739, 949
1736, 1, 27, 36, 15, 0, 1.45%, 0, 0, 3, 200.36, 340772, 949
1741, 1, 27, 36, 15, 0, 1.45%, 0, 0, 3, 183.94, 341665, 949
1746, 1, 27, 36, 15, 0, 1.45%, 0, 0, 3, 199.39, 342698, 949
1751, 1, 27, 36, 15, 0, 1.45%, 0, 0, 3, 194.61, 343704, 949
1756, 1, 32, 36, 15, 0, 1.45%, 0, 0, 3, 191.02, 344671, 949
1761, 1, 32, 36, 15, 0, 1.45%, 0, 0, 3, 206.81, 345746, 949
1766, 1, 32, 36, 15, 0, 1.45%, 0, 0, 3, 211.99, 346831, 949
1771, 2, 30, 36, 15, 0, 1.45%, 0, 0, 3, 216.60, 347925, 949
1777, 2, 30, 37, 16, 0, 1.45%, 0, 0, 3, 222.39, 349067, 950
1784, 2, 30, 40, 19, 0, 1.45%, 0, 0, 3, 13.93, 349873, 950
1789, 2, 30, 41, 20, 0, 1.45%, 0, 0, 3, 213.16, 350971, 950
1795, 2, 30, 43, 22, 0, 1.45%, 0, 0, 3, 4.88, 351127, 950
1800, 2, 30, 43, 22, 0, 1.45%, 0, 0, 3, 213.15, 352119, 950
1805, 2, 30, 46, 25, 0, 1.45%, 0, 0, 3, 203.43, 353119, 950
1810, 2, 30, 46, 25, 0, 1.45%, 0, 0, 3, 199.61, 354135, 950
1815, 2, 30, 47, 26, 0, 1.45%, 0, 0, 3, 209.04, 355051, 950
1820, 2, 30, 48, 27, 0, 1.45%, 0, 0, 3, 222.28, 355867, 950
1826, 2, 30, 48, 27, 0, 1.45%, 0, 0, 3, 208.42, 356783, 950
1831, 2, 30, 48, 27, 0, 1.45%, 0, 0, 3, 212.20, 357883, 950
1836, 2, 30, 49, 28, 0, 1.45%, 0, 0, 3, 6.51, 358411, 950
1841, 2, 30, 50, 29, 0, 1.45%, 0, 0, 3, 5.34, 358439, 950
1847, 2, 30, 50, 29, 0, 1.45%, 0, 0, 3, 5.31, 358467, 950
1852, 2, 30, 50, 29, 0, 1.45%, 0, 0, 3, 5.02, 358494, 950
1857, 2, 30, 50, 29, 0, 1.45%, 0, 0, 3, 4.96, 358520, 950
1862, 2, 30, 51, 30, 0, 1.45%, 0, 0, 3, 4.97, 358546, 950
1867, 2, 30, 51, 30, 0, 1.45%, 0, 0, 3, 5.93, 358579, 950
1872, 2, 30, 51, 30, 0, 1.45%, 0, 0, 3, 5.87, 358609, 950
1878, 2, 30, 51, 30, 0, 1.45%, 0, 0, 3, 5.39, 358635, 950
1883, 2, 30, 52, 31, 0, 1.45%, 0, 0, 3, 5.20, 358665, 950
1888, 2, 30, 52, 31, 0, 1.45%, 0, 0, 3, 5.34, 358693, 950
1893, 2, 30, 52, 31, 0, 1.45%, 0, 0, 3, 5.95, 358724, 950
1899, 2, 30, 52, 31, 0, 1.45%, 0, 0, 3, 5.63, 358754, 950
1904, 2, 30, 52, 31, 0, 1.45%, 0, 0, 3, 5.98, 358786, 950
1910, 2, 30, 53, 32, 0, 1.45%, 0, 0, 3, 5.44, 358819, 950
1915, 2, 30, 53, 32, 0, 1.45%, 0, 0, 3, 5.03, 358845, 950
1921, 2, 30, 53, 32, 0, 1.45%, 0, 0, 3, 5.48, 358874, 950
1926, 2, 30, 53, 32, 0, 1.45%, 0, 0, 3, 5.28, 358903, 950
1931, 2, 30, 53, 32, 0, 1.45%, 0, 0, 3, 5.06, 358929, 950
1936, 2, 30, 53, 32, 0, 1.45%, 0, 0, 3, 5.37, 358959, 950
1941, 2, 30, 53, 32, 0, 1.45%, 0, 0, 3, 5.52, 358988, 950
1946, 2, 30, 53, 32, 0, 1.45%, 0, 0, 3, 5.28, 359014, 950
1952, 2, 30, 53, 32, 0, 1.45%, 0, 0, 3, 5.50, 359045, 950
1957, 2, 30, 53, 32, 0, 1.45%, 0, 0, 3, 5.50, 359074, 950
1962, 2, 30, 53, 32, 0, 1.45%, 0, 0, 3, 5.76, 359104, 950
1967, 2, 30, 53, 32, 0, 1.45%, 0, 0, 3, 5.76, 359132, 950
1972, 2, 30, 53, 32, 0, 1.45%, 0, 0, 3, 5.95, 359163, 950
1977, 2, 30, 53, 32, 0, 1.45%, 0, 0, 3, 5.37, 359190, 950
1983, 2, 30, 53, 32, 0, 1.45%, 0, 0, 3, 5.71, 359222, 950
1988, 2, 30, 53, 32, 0, 1.45%, 0, 0, 3, 5.65, 359250, 950
1993, 2, 30, 53, 32, 0, 1.45%, 0, 0, 3, 5.34, 359276, 950
1998, 2, 30, 53, 32, 0, 1.45%, 0, 0, 3, 5.28, 359304, 950
2003, 2, 30, 53, 32, 0, 1.45%, 0, 0, 3, 5.33, 359332, 950
2008, 2, 30, 53, 32, 0, 1.45%, 0, 0, 3, 5.12, 359359, 950
2013, 2, 30, 53, 32, 0, 1.45%, 0, 0, 3, 5.06, 359386, 950
2018, 2, 30, 53, 32, 0, 1.45%, 0, 0, 3, 5.58, 359414, 950
2024, 2, 30, 53, 32, 0, 1.45%, 0, 0, 3, 5.52, 359443, 950
2029, 2, 30, 53, 32, 0, 1.45%, 0, 0, 3, 5.36, 359470, 950
2034, 2, 30, 53, 32, 0, 1.45%, 0, 0, 3, 5.87, 359502, 950
2039, 2, 30, 53, 32, 0, 1.45%, 0, 0, 3, 5.63, 359530, 950
2044, 2, 30, 53, 32, 0, 1.45%, 0, 0, 3, 6.04, 359562, 950
2049, 2, 30, 53, 32, 0, 1.45%, 0, 0, 3, 5.88, 359593, 950
2055, 2, 30, 53, 32, 0, 1.45%, 0, 0, 3, 6.03, 359625, 950
2060, 2, 30, 53, 32, 0, 1.45%, 0, 0, 3, 6.48, 359659, 950
2065, 2, 30, 53, 32, 0, 1.45%, 0, 0, 3, 5.57, 359686, 950
2070, 2, 30, 53, 32, 0, 1.45%, 0, 0, 3, 5.59, 359716, 950
2075, 2, 30, 53, 32, 0, 1.45%, 0, 0, 3, 5.54, 359744, 950
2081, 2, 30, 53, 32, 0, 1.45%, 0, 0, 3, 6.04, 359778, 950
2086, 2, 30, 53, 32, 0, 1.45%, 0, 0, 3, 5.72, 359807, 950
2091, 2, 30, 53, 32, 0, 1.45%, 0, 0, 3, 5.94, 359838, 950
2096, 2, 30, 53, 32, 0, 1.45%, 0, 0, 3, 5.48, 359866, 950
2101, 2, 30, 53, 32, 0, 1.45%, 0, 0, 3, 5.28, 359893, 950
2106, 2, 30, 53, 32, 0, 1.45%, 0, 0, 3, 5.31, 359921, 950
2111, 2, 30, 53, 32, 0, 1.45%, 0, 0, 3, 5.12, 359947, 950
2117, 2, 30, 53, 32, 0, 1.45%, 0, 0, 3, 4.84, 359972, 950
2122, 2, 30, 53, 32, 0, 1.45%, 0, 0, 3, 5.08, 359999, 950
2127, 2, 30, 53, 32, 0, 1.45%, 0, 0, 3, 6.26, 360033, 950
2132, 2, 30, 53, 32, 0, 1.45%, 0, 0, 3, 5.92, 360063, 950
2137, 2, 30, 53, 32, 0, 1.45%, 0, 0, 3, 5.87, 360093, 950
2142, 2, 30, 53, 32, 0, 1.45%, 0, 0, 3, 5.51, 360121, 950
2147, 2, 30, 53, 32, 0, 1.45%, 0, 0, 3, 5.74, 360151, 950
2153, 2, 30, 53, 32, 0, 1.45%, 0, 0, 3, 5.33, 360178, 950
2158, 2, 30, 53, 32, 0, 1.45%, 0, 0, 3, 5.61, 360208, 950
2163, 2, 30, 53, 32, 0, 1.45%, 0, 0, 3, 5.75, 360237, 950
2168, 2, 30, 53, 32, 0, 1.45%, 0, 0, 3, 5.60, 360265, 950
2173, 2, 30, 53, 32, 0, 1.45%, 0, 0, 3, 5.91, 360297, 950
2178, 2, 30, 53, 32, 0, 1.45%, 0, 0, 3, 5.33, 360323, 950
2183, 2, 30, 53, 32, 0, 1.45%, 0, 0, 3, 6.11, 360356, 950
2189, 2, 30, 53, 32, 0, 1.45%, 0, 0, 3, 5.35, 360383, 950
2194, 2, 30, 53, 32, 0, 1.45%, 0, 0, 3, 5.38, 360410, 950
2199, 2, 30, 53, 32, 0, 1.45%, 0, 0, 3, 5.76, 360441, 950
2204, 2, 30, 53, 32, 0, 1.45%, 0, 0, 3, 5.72, 360471, 950
2209, 2, 30, 53, 32, 0, 1.45%, 0, 0, 3, 5.51, 360500, 950
2214, 2, 30, 53, 32, 0, 1.45%, 0, 0, 3, 5.31, 360527, 950
2219, 2, 30, 53, 32, 0, 1.45%, 0, 0, 3, 5.35, 360556, 950
2225, 2, 30, 53, 32, 0, 1.45%, 0, 0, 3, 5.47, 360585, 950
2230, 2, 30, 53, 32, 0, 1.45%, 0, 0, 3, 5.49, 360613, 950
2235, 2, 30, 53, 32, 0, 1.45%, 0, 0, 3, 5.69, 360642, 950
2240, 2, 30, 53, 32, 0, 1.45%, 0, 0, 3, 5.40, 360669, 950
2245, 2, 30, 53, 32, 0, 1.45%, 0, 0, 3, 5.67, 360698, 950
2250, 2, 30, 53, 32, 0, 1.45%, 0, 0, 3, 5.92, 360729, 950
2255, 2, 30, 53, 32, 0, 1.45%, 0, 0, 3, 6.08, 360761, 950
2260, 2, 30, 53, 32, 0, 1.45%, 0, 0, 3, 5.26, 360786, 950
2265, 2, 30, 53, 32, 0, 1.45%, 0, 0, 3, 5.77, 360817, 950
2270, 2, 30, 53, 32, 0, 1.45%, 0, 0, 3, 5.44, 360845, 950
2275, 2, 30, 53, 32, 0, 1.45%, 0, 0, 3, 5.64, 360874, 950
2280, 2, 30, 53, 32, 0, 1.45%, 0, 0, 3, 5.62, 360903, 950
2286, 2, 30, 53, 32, 0, 1.45%, 0, 0, 3, 5.36, 360930, 950
2291, 2, 30, 53, 32, 0, 1.45%, 0, 0, 3, 5.58, 360961, 950
2296, 2, 30, 53, 32, 0, 1.45%, 0, 0, 3, 5.54, 360990, 950
2301, 2, 30, 53, 32, 0, 1.45%, 0, 0, 3, 4.99, 361016, 950
2306, 2, 30, 53, 32, 0, 1.45%, 0, 0, 3, 5.21, 361044, 950
2312, 2, 30, 53, 32, 0, 1.45%, 0, 0, 3, 5.53, 361075, 950
2317, 2, 30, 53, 32, 0, 1.45%, 0, 0, 3, 5.61, 361105, 950
2322, 2, 30, 53, 32, 0, 1.45%, 0, 0, 3, 6.03, 361137, 950
2327, 2, 30, 53, 32, 0, 1.45%, 0, 0, 3, 5.72, 361166, 950
2332, 2, 30, 53, 32, 0, 1.45%, 0, 0, 3, 5.49, 361194, 950
2337, 2, 30, 53, 32, 0, 1.45%, 0, 0, 3, 5.41, 361221, 950
2343, 2, 30, 53, 32, 0, 1.45%, 0, 0, 3, 5.53, 361251, 950
2348, 2, 30, 53, 32, 0, 1.45%, 0, 0, 3, 5.87, 361282, 950
2353, 2, 30, 53, 32, 0, 1.45%, 0, 0, 3, 5.82, 361312, 950
2358, 2, 30, 53, 32, 0, 1.45%, 0, 0, 3, 5.47, 361340, 950
2363, 2, 30, 53, 32, 0, 1.45%, 0, 0, 3, 5.44, 361369, 950
2368, 2, 30, 53, 32, 0, 1.45%, 0, 0, 3, 5.41, 361396, 950
2373, 2, 30, 53, 32, 0, 1.45%, 0, 0, 3, 5.51, 361425, 950
2378, 2, 30, 53, 32, 0, 1.45%, 0, 0, 3, 5.50, 361455, 950
2383, 2, 30, 53, 32, 0, 1.45%, 0, 0, 3, 5.51, 361484, 950
2389, 2, 30, 53, 32, 0, 1.45%, 0, 0, 3, 5.27, 361512, 950
2394, 2, 30, 53, 32, 0, 1.45%, 0, 0, 3, 5.45, 361541, 950
2399, 2, 30, 53, 32, 0, 1.45%, 0, 0, 3, 5.43, 361568, 950
2404, 2, 30, 53, 32, 0, 1.45%, 0, 0, 3, 5.23, 361595, 950
2409, 2, 30, 53, 32, 0, 1.45%, 0, 0, 3, 5.45, 361624, 950
2414, 2, 30, 53, 32, 0, 1.45%, 0, 0, 3, 5.29, 361653, 950
2420, 2, 30, 53, 32, 0, 1.45%, 0, 0, 3, 5.60, 361683, 950
2425, 2, 30, 53, 32, 0, 1.45%, 0, 0, 3, 5.34, 361711, 950
2430, 2, 30, 53, 32, 0, 1.45%, 0, 0, 3, 5.52, 361743, 950
2435, 2, 30, 53, 32, 0, 1.45%, 0, 0, 3, 5.61, 361772, 950
2441, 2, 30, 53, 32, 0, 1.45%, 0, 0, 3, 6.12, 361806, 950
2446, 2, 30, 53, 32, 0, 1.45%, 0, 0, 3, 5.48, 361833, 950
2451, 2, 30, 53, 32, 0, 1.45%, 0, 0, 3, 5.06, 361858, 950
2456, 2, 30, 53, 32, 0, 1.45%, 0, 0, 3, 5.27, 361887, 950
2461, 2, 30, 54, 33, 0, 1.45%, 0, 0, 3, 5.69, 361916, 950
2466, 2, 30, 54, 33, 0, 1.45%, 0, 0, 3, 5.63, 361946, 950
2471, 2, 30, 54, 33, 0, 1.45%, 0, 0, 3, 5.57, 361975, 950
2476, 2, 30, 54, 33, 0, 1.45%, 0, 0, 3, 5.55, 362004, 950
2481, 2, 30, 54, 33, 0, 1.45%, 0, 0, 3, 6.09, 362035, 950
2487, 2, 30, 54, 33, 0, 1.45%, 0, 0, 3, 5.46, 362064, 950
2492, 2, 30, 54, 33, 0, 1.45%, 0, 0, 3, 5.59, 362093, 950
2497, 2, 30, 54, 33, 0, 1.45%, 0, 0, 3, 5.44, 362121, 950
2502, 2, 30, 54, 33, 0, 1.45%, 0, 0, 3, 5.27, 362149, 950
2507, 2, 30, 54, 33, 0, 1.45%, 0, 0, 3, 5.13, 362176, 950
2512, 2, 30, 54, 33, 0, 1.45%, 0, 0, 3, 5.67, 362205, 950
2518, 2, 30, 54, 33, 0, 1.45%, 0, 0, 3, 5.74, 362235, 950
2523, 2, 30, 54, 33, 0, 1.45%, 0, 0, 3, 5.49, 362263, 950
2528, 2, 30, 54, 33, 0, 1.45%, 0, 0, 3, 5.11, 362288, 950
2533, 2, 30, 54, 33, 0, 1.45%, 0, 0, 3, 5.61, 362318, 950
2538, 2, 30, 54, 33, 0, 1.45%, 0, 0, 3, 5.32, 362346, 950
2543, 2, 30, 54, 33, 0, 1.45%, 0, 0, 3, 5.47, 362374, 950
2548, 2, 30, 54, 33, 0, 1.45%, 0, 0, 3, 4.94, 362399, 950
2553, 2, 30, 55, 34, 0, 1.45%, 0, 0, 3, 5.25, 362432, 950
2558, 2, 30, 55, 34, 0, 1.45%, 0, 0, 3, 5.69, 362462, 950
2564, 2, 30, 55, 34, 0, 1.45%, 0, 0, 3, 5.00, 362488, 950
2569, 2, 30, 55, 34, 0, 1.45%, 0, 0, 3, 5.54, 362518, 950
2574, 2, 30, 55, 34, 0, 1.45%, 0, 0, 3, 5.92, 362549, 950
2579, 2, 30, 55, 34, 0, 1.45%, 0, 0, 3, 5.56, 362578, 950
2584, 2, 30, 55, 34, 0, 1.45%, 0, 0, 3, 6.13, 362611, 950
2589, 2, 30, 55, 34, 0, 1.45%, 0, 0, 3, 6.00, 362642, 950
2594, 2, 30, 55, 34, 0, 1.45%, 0, 0, 3, 5.49, 362668, 950
2599, 2, 30, 55, 34, 0, 1.45%, 0, 0, 3, 5.65, 362698, 950
2604, 2, 30, 55, 34, 0, 1.45%, 0, 0, 3, 5.23, 362725, 950
2610, 2, 30, 55, 34, 0, 1.45%, 0, 0, 3, 5.93, 362757, 950
2615, 2, 30, 55, 34, 0, 1.45%, 0, 0, 3, 5.38, 362784, 950
2620, 2, 30, 55, 34, 0, 1.45%, 0, 0, 3, 5.54, 362813, 950
2625, 2, 30, 55, 34, 0, 1.45%, 0, 0, 3, 5.78, 362844, 950
2630, 2, 30, 55, 34, 0, 1.45%, 0, 0, 3, 5.32, 362870, 950
2635, 2, 30, 55, 34, 0, 1.45%, 0, 0, 3, 5.07, 362896, 950
2640, 2, 30, 55, 34, 0, 1.45%, 0, 0, 3, 5.16, 362924, 950
2645, 2, 30, 55, 34, 0, 1.45%, 0, 0, 3, 5.32, 362952, 950
2650, 2, 30, 55, 34, 0, 1.45%, 0, 0, 3, 5.40, 362981, 950
2656, 2, 30, 55, 34, 0, 1.45%, 0, 0, 3, 4.98, 363007, 950
2661, 2, 30, 55, 34, 0, 1.45%, 0, 0, 3, 5.75, 363038, 950
2666, 2, 30, 55, 34, 0, 1.45%, 0, 0, 3, 5.42, 363064, 950
2671, 2, 30, 55, 34, 0, 1.45%, 0, 0, 3, 5.73, 363094, 950
2676, 2, 30, 55, 34, 0, 1.45%, 0, 0, 3, 5.36, 363121, 950
2681, 2, 30, 55, 34, 0, 1.45%, 0, 0, 3, 5.24, 363148, 950
2686, 2, 30, 55, 34, 0, 1.45%, 0, 0, 3, 5.30, 363177, 950
2692, 2, 30, 55, 34, 0, 1.45%, 0, 0, 3, 5.26, 363205, 950
2697, 2, 30, 55, 34, 0, 1.45%, 0, 0, 3, 5.69, 363234, 950
2702, 2, 30, 55, 34, 0, 1.45%, 0, 0, 3, 5.27, 363260, 950
2707, 2, 30, 55, 34, 0, 1.45%, 0, 0, 3, 5.86, 363291, 950
2712, 2, 30, 55, 34, 0, 1.45%, 0, 0, 3, 5.41, 363319, 950
2717, 2, 30, 55, 34, 0, 1.45%, 0, 0, 3, 5.95, 363351, 950
2722, 2, 30, 55, 34, 0, 1.45%, 0, 0, 3, 5.28, 363377, 950
2727, 2, 30, 55, 34, 0, 1.45%, 0, 0, 3, 5.61, 363408, 950
2733, 2, 30, 55, 34, 0, 1.45%, 0, 0, 3, 5.78, 363439, 950
2738, 2, 30, 55, 34, 0, 1.45%, 0, 0, 3, 4.97, 363463, 950
2743, 2, 30, 55, 34, 0, 1.45%, 0, 0, 3, 5.17, 363491, 950
2748, 2, 30, 55, 34, 0, 1.45%, 0, 0, 3, 5.26, 363518, 950
2753, 2, 30, 55, 34, 0, 1.45%, 0, 0, 3, 5.45, 363547, 950
2758, 2, 30, 55, 34, 0, 1.45%, 0, 0, 3, 5.31, 363574, 950
2763, 2, 30, 55, 34, 0, 1.45%, 0, 0, 3, 5.43, 363602, 950
2768, 2, 30, 55, 34, 0, 1.45%, 0, 0, 3, 5.96, 363633, 950
2774, 2, 30, 55, 34, 0, 1.45%, 0, 0, 3, 6.02, 363665, 950
2779, 2, 30, 55, 34, 0, 1.45%, 0, 0, 3, 6.08, 363696, 950
2784, 2, 30, 55, 34, 0, 1.45%, 0, 0, 3, 5.41, 363723, 950
2789, 2, 30, 55, 34, 0, 1.45%, 0, 0, 3, 5.70, 363752, 950
2794, 2, 30, 55, 34, 0, 1.45%, 0, 0, 3, 5.55, 363780, 950
2799, 2, 30, 55, 34, 0, 1.45%, 0, 0, 3, 5.16, 363807, 950
2804, 2, 30, 55, 34, 0, 1.45%, 0, 0, 3, 5.26, 363836, 950
2809, 2, 30, 55, 34, 0, 1.45%, 0, 0, 3, 5.55, 363864, 950
2814, 2, 30, 55, 34, 0, 1.45%, 0, 0, 3, 5.43, 363893, 950
2820, 2, 30, 55, 34, 0, 1.45%, 0, 0, 3, 5.53, 363923, 950
2825, 2, 30, 55, 34, 0, 1.45%, 0, 0, 3, 5.33, 363951, 950
2830, 2, 30, 55, 34, 0, 1.45%, 0, 0, 3, 5.35, 363979, 950
2835, 2, 30, 55, 34, 0, 1.45%, 0, 0, 3, 5.10, 364006, 950
2841, 2, 30, 55, 34, 0, 1.45%, 0, 0, 3, 5.24, 364035, 950
2846, 2, 30, 55, 34, 0, 1.45%, 0, 0, 3, 5.86, 364067, 950
2851, 2, 30, 55, 34, 0, 1.45%, 0, 0, 3, 5.38, 364095, 950
2856, 2, 30, 55, 34, 0, 1.45%, 0, 0, 3, 5.74, 364126, 950
2861, 2, 30, 55, 34, 0, 1.45%, 0, 0, 3, 5.57, 364155, 950
2866, 2, 30, 55, 34, 0, 1.45%, 0, 0, 3, 5.25, 364180, 950
2871, 2, 30, 55, 34, 0, 1.45%, 0, 0, 3, 5.37, 364209, 950
2876, 2, 30, 55, 34, 0, 1.45%, 0, 0, 3, 5.26, 364236, 950
2881, 2, 30, 55, 34, 0, 1.45%, 0, 0, 3, 5.59, 364265, 950
2886, 2, 30, 55, 34, 0, 1.45%, 0, 0, 3, 5.23, 364291, 950
2892, 2, 30, 55, 34, 0, 1.45%, 0, 0, 3, 5.74, 364321, 950
2897, 2, 30, 55, 34, 0, 1.45%, 0, 0, 3, 5.30, 364347, 950
2902, 2, 30, 55, 34, 0, 1.45%, 0, 0, 3, 5.17, 364375, 950
2907, 2, 30, 55, 34, 0, 1.45%, 0, 0, 3, 5.46, 364405, 950
2912, 2, 30, 55, 34, 0, 1.45%, 0, 0, 3, 5.16, 364431, 950
2917, 2, 30, 55, 34, 0, 1.45%, 0, 0, 3, 5.22, 364458, 950
2922, 2, 30, 55, 34, 0, 1.45%, 0, 0, 3, 5.10, 364485, 950
2927, 2, 30, 55, 34, 0, 1.45%, 0, 0, 3, 5.69, 364516, 950
2932, 2, 30, 55, 34, 0, 1.45%, 0, 0, 3, 5.64, 364545, 950
2938, 2, 30, 55, 34, 0, 1.45%, 0, 0, 3, 5.12, 364571, 950
2943, 2, 30, 55, 34, 0, 1.45%, 0, 0, 3, 5.19, 364598, 950
2948, 2, 30, 55, 34, 0, 1.45%, 0, 0, 3, 5.05, 364624, 950
2953, 2, 30, 55, 34, 0, 1.45%, 0, 0, 3, 5.39, 364652, 950
2958, 2, 30, 55, 34, 0, 1.45%, 0, 0, 3, 5.46, 364680, 950
2963, 2, 30, 55, 34, 0, 1.45%, 0, 0, 3, 5.93, 364712, 950
2968, 2, 30, 55, 34, 0, 1.45%, 0, 0, 3, 5.50, 364740, 950
2974, 2, 30, 55, 34, 0, 1.45%, 0, 0, 3, 5.36, 364768, 950
2979, 2, 30, 55, 34, 0, 1.45%, 0, 0, 3, 5.50, 364797, 950
2984, 2, 30, 55, 34, 0, 1.45%, 0, 0, 3, 5.40, 364824, 950
2989, 2, 30, 55, 34, 0, 1.45%, 0, 0, 3, 5.19, 364851, 950
2994, 2, 30, 55, 34, 0, 1.45%, 0, 0, 3, 5.87, 364882, 950
2999, 2, 30, 55, 34, 0, 1.45%, 0, 0, 3, 5.62, 364911, 950
3004, 2, 30, 55, 34, 0, 1.45%, 0, 0, 3, 5.93, 364944, 950
3010, 2, 30, 55, 34, 0, 1.45%, 0, 0, 3, 5.97, 364975, 950
3015, 2, 30, 55, 34, 0, 1.45%, 0, 0, 3, 5.74, 365005, 950
3020, 2, 30, 55, 34, 0, 1.45%, 0, 0, 3, 5.53, 365034, 950
3025, 2, 30, 55, 34, 0, 1.45%, 0, 0, 3, 5.69, 365064, 950
3030, 2, 30, 55, 34, 0, 1.45%, 0, 0, 3, 5.70, 365094, 950
3035, 2, 30, 55, 34, 0, 1.45%, 0, 0, 3, 5.75, 365124, 950
3040, 2, 30, 55, 34, 0, 1.45%, 0, 0, 3, 5.41, 365152, 950
3046, 2, 30, 55, 34, 0, 1.45%, 0, 0, 3, 5.32, 365180, 950
3051, 2, 30, 55, 34, 0, 1.45%, 0, 0, 3, 5.82, 365211, 950
3056, 2, 30, 55, 34, 0, 1.45%, 0, 0, 3, 5.44, 365238, 950
3061, 2, 30, 55, 34, 0, 1.45%, 0, 0, 3, 5.35, 365266, 950
3066, 2, 30, 55, 34, 0, 1.45%, 0, 0, 3, 5.59, 365294, 950
3071, 2, 30, 55, 34, 0, 1.45%, 0, 0, 3, 5.72, 365325, 950
3077, 2, 30, 55, 34, 0, 1.45%, 0, 0, 3, 5.23, 365352, 950
3082, 2, 30, 55, 34, 0, 1.45%, 0, 0, 3, 5.38, 365380, 950
3087, 2, 30, 55, 34, 0, 1.45%, 0, 0, 3, 5.51, 365410, 950
3092, 2, 30, 55, 34, 0, 1.45%, 0, 0, 3, 5.74, 365441, 950
3097, 2, 30, 55, 34, 0, 1.45%, 0, 0, 3, 5.82, 365471, 950
3102, 2, 30, 55, 34, 0, 1.45%, 0, 0, 3, 5.80, 365500, 950
3107, 2, 30, 55, 34, 0, 1.45%, 0, 0, 3, 5.49, 365528, 950
3112, 2, 30, 55, 34, 0, 1.45%, 0, 0, 3, 5.15, 365554, 950
3118, 2, 30, 55, 34, 0, 1.45%, 0, 0, 3, 5.02, 365580, 950
3123, 2, 30, 55, 34, 0, 1.45%, 0, 0, 3, 5.42, 365608, 950
3128, 2, 30, 55, 34, 0, 1.45%, 0, 0, 3, 5.13, 365633, 950
3133, 2, 30, 55, 34, 0, 1.45%, 0, 0, 3, 5.59, 365664, 950
3138, 2, 30, 55, 34, 0, 1.45%, 0, 0, 3, 5.52, 365693, 950
3143, 2, 30, 55, 34, 0, 1.45%, 0, 0, 3, 6.13, 365725, 950
3148, 2, 30, 55, 34, 0, 1.45%, 0, 0, 3, 5.68, 365753, 950
3153, 2, 30, 55, 34, 0, 1.45%, 0, 0, 3, 4.43, 365768, 950
3158, 2, 30, 55, 34, 0, 1.45%, 0, 0, 3, 3.46, 365779, 950
3164, 2, 30, 55, 34, 0, 1.45%, 0, 0, 3, 4.78, 365807, 950
3169, 2, 30, 55, 34, 0, 1.45%, 0, 0, 3, 5.17, 365834, 950
3174, 2, 30, 55, 34, 0, 1.45%, 0, 0, 3, 5.04, 365861, 950
3179, 2, 30, 55, 34, 0, 1.45%, 0, 0, 3, 5.65, 365892, 950
3184, 2, 30, 55, 34, 0, 1.45%, 0, 0, 3, 4.92, 365916, 950
3189, 2, 30, 55, 34, 0, 1.45%, 0, 0, 3, 5.18, 365943, 950
3194, 2, 30, 55, 34, 0, 1.45%, 0, 0, 3, 5.57, 365972, 950
3199, 2, 30, 55, 34, 0, 1.45%, 0, 0, 3, 5.85, 366002, 950
3205, 2, 30, 55, 34, 0, 1.45%, 0, 0, 3, 5.97, 366035, 950
3210, 2, 30, 55, 34, 0, 1.45%, 0, 0, 3, 5.31, 366060, 950
3215, 2, 30, 55, 34, 0, 1.45%, 0, 0, 3, 5.71, 366091, 950
3220, 2, 30, 55, 34, 0, 1.45%, 0, 0, 3, 5.84, 366122, 950
3225, 2, 30, 55, 34, 0, 1.45%, 0, 0, 3, 5.88, 366152, 950
3230, 2, 30, 55, 34, 0, 1.45%, 0, 0, 3, 5.21, 366179, 950
3236, 2, 30, 55, 34, 0, 1.45%, 0, 0, 3, 5.14, 366207, 950
3241, 2, 30, 55, 34, 0, 1.45%, 0, 0, 3, 5.37, 366235, 950
3246, 2, 30, 55, 34, 0, 1.45%, 0, 0, 3, 5.73, 366266, 950
3251, 2, 30, 55, 34, 0, 1.45%, 0, 0, 3, 5.69, 366294, 950
3256, 2, 30, 55, 34, 0, 1.45%, 0, 0, 3, 6.17, 366326, 950
3261, 2, 30, 55, 34, 0, 1.45%, 0, 0, 3, 5.57, 366355, 950
3267, 2, 30, 55, 34, 0, 1.45%, 0, 0, 3, 5.30, 366382, 950
3272, 2, 30, 55, 34, 0, 1.45%, 0, 0, 3, 5.25, 366410, 950
3277, 2, 30, 55, 34, 0, 1.45%, 0, 0, 3, 5.72, 366440, 950
3282, 2, 30, 55, 34, 0, 1.45%, 0, 0, 3, 5.77, 366469, 950
3287, 2, 30, 55, 34, 0, 1.45%, 0, 0, 3, 5.21, 366495, 950
3292, 2, 30, 55, 34, 0, 1.45%, 0, 0, 3, 5.23, 366523, 950
3297, 2, 30, 55, 34, 0, 1.45%, 0, 0, 3, 5.71, 366553, 950
3302, 2, 30, 55, 34, 0, 1.45%, 0, 0, 3, 6.04, 366584, 950
3308, 2, 30, 55, 34, 0, 1.45%, 0, 0, 3, 5.64, 366614, 950
3313, 2, 30, 55, 34, 0, 1.45%, 0, 0, 3, 6.28, 366648, 950
3318, 2, 30, 55, 34, 0, 1.45%, 0, 0, 3, 5.70, 366677, 950
3323, 2, 30, 55, 34, 0, 1.45%, 0, 0, 3, 5.53, 366707, 950
3328, 2, 30, 55, 34, 0, 1.45%, 0, 0, 3, 5.44, 366734, 950
3333, 2, 30, 55, 34, 0, 1.45%, 0, 0, 3, 5.88, 366765, 950
3339, 2, 30, 55, 34, 0, 1.45%, 0, 0, 3, 5.82, 366795, 950
3344, 2, 30, 55, 34, 0, 1.45%, 0, 0, 3, 5.39, 366823, 950
3349, 2, 30, 55, 34, 0, 1.45%, 0, 0, 3, 5.37, 366851, 950
3354, 2, 30, 55, 34, 0, 1.45%, 0, 0, 3, 5.48, 366881, 950
3359, 2, 30, 55, 34, 0, 1.45%, 0, 0, 3, 5.63, 366911, 950
3364, 2, 30, 55, 34, 0, 1.45%, 0, 0, 3, 5.97, 366942, 950
3370, 2, 30, 55, 34, 0, 1.45%, 0, 0, 3, 5.84, 366971, 950
3375, 2, 30, 55, 34, 0, 1.45%, 0, 0, 3, 5.86, 367001, 950
3380, 2, 30, 55, 34, 0, 1.45%, 0, 0, 3, 5.18, 367027, 950
3385, 2, 30, 55, 34, 0, 1.45%, 0, 0, 3, 5.98, 367060, 950
3390, 2, 30, 55, 34, 0, 1.45%, 0, 0, 3, 5.61, 367088, 950
3396, 2, 30, 55, 34, 0, 1.45%, 0, 0, 3, 5.18, 367114, 950
3401, 2, 30, 55, 34, 0, 1.45%, 0, 0, 3, 5.81, 367148, 950
3406, 2, 30, 55, 34, 0, 1.45%, 0, 0, 3, 6.34, 367182, 950
3411, 2, 30, 55, 34, 0, 1.45%, 0, 0, 3, 6.02, 367212, 950
3416, 2, 30, 55, 34, 0, 1.45%, 0, 0, 3, 5.62, 367240, 950
3421, 2, 30, 55, 34, 0, 1.45%, 0, 0, 3, 6.34, 367274, 950
3426, 2, 30, 55, 34, 0, 1.45%, 0, 0, 3, 5.88, 367302, 950
3431, 2, 30, 55, 34, 0, 1.45%, 0, 0, 3, 5.66, 367331, 950
3436, 2, 30, 55, 34, 0, 1.45%, 0, 0, 3, 5.24, 367359, 950
3442, 2, 30, 55, 34, 0, 1.45%, 0, 0, 3, 5.85, 367390, 950
3447, 2, 30, 55, 34, 0, 1.45%, 0, 0, 3, 5.48, 367417, 950
3452, 2, 30, 55, 34, 0, 1.45%, 0, 0, 3, 5.81, 367448, 950
3457, 2, 30, 55, 34, 0, 1.45%, 0, 0, 3, 5.46, 367477, 950
3462, 2, 30, 55, 34, 0, 1.45%, 0, 0, 3, 5.46, 367506, 950
3467, 2, 30, 55, 34, 0, 1.45%, 0, 0, 3, 5.32, 367533, 950
3472, 2, 30, 55, 34, 0, 1.45%, 0, 0, 3, 5.57, 367562, 950
3477, 2, 30, 55, 34, 0, 1.45%, 0, 0, 3, 5.42, 367592, 950
3483, 2, 30, 55, 34, 0, 1.45%, 0, 0, 3, 5.53, 367621, 950
3488, 2, 30, 55, 34, 0, 1.45%, 0, 0, 3, 5.70, 367650, 950
3493, 2, 30, 55, 34, 0, 1.45%, 0, 0, 3, 5.56, 367679, 950
3498, 2, 30, 55, 34, 0, 1.45%, 0, 0, 3, 5.66, 367710, 950
3503, 2, 30, 55, 34, 0, 1.45%, 0, 0, 3, 5.60, 367739, 950
3508, 2, 30, 55, 34, 0, 1.45%, 0, 0, 3, 5.28, 367766, 950
3513, 2, 30, 55, 34, 0, 1.45%, 0, 0, 3, 5.18, 367793, 950
3519, 2, 30, 55, 34, 0, 1.45%, 0, 0, 3, 5.84, 367826, 950
3524, 2, 30, 55, 34, 0, 1.45%, 0, 0, 3, 5.60, 367854, 950
3529, 2, 30, 55, 34, 0, 1.45%, 0, 0, 3, 5.59, 367883, 950
3534, 2, 30, 56, 35, 0, 1.45%, 0, 0, 3, 6.35, 367922, 950
3539, 2, 30, 57, 36, 0, 1.45%, 0, 0, 3, 6.03, 367950, 950
3548, 2, 30, 58, 37, 0, 1.45%, 0, 0, 3, 5.61, 367969, 950
3553, 2, 30, 60, 39, 0, 1.45%, 0, 0, 3, 5.10, 368006, 950
3558, 2, 30, 60, 39, 0, 1.45%, 0, 0, 3, 5.47, 368034, 950
3563, 2, 30, 60, 39, 0, 1.45%, 0, 0, 3, 6.61, 368074, 950
3568, 2, 30, 60, 39, 0, 1.45%, 0, 0, 3, 6.31, 368104, 950
3573, 2, 30, 60, 39, 0, 1.45%, 0, 0, 3, 6.12, 368135, 950
3579, 2, 30, 60, 39, 0, 1.45%, 0, 0, 3, 5.86, 368166, 950
3584, 2, 30, 60, 39, 0, 1.45%, 0, 0, 3, 5.42, 368194, 950
3589, 2, 30, 60, 39, 0, 1.45%, 0, 0, 3, 5.84, 368226, 950
3594, 2, 30, 60, 39, 0, 1.45%, 0, 0, 3, 6.26, 368259, 950
3599, 2, 30, 60, 39, 0, 1.45%, 0, 0, 3, 6.06, 368290, 950
3604, 2, 30, 60, 39, 0, 1.45%, 0, 0, 3, 5.80, 368320, 950
3609, 2, 30, 60, 39, 0, 1.45%, 0, 0, 3, 5.69, 368349, 950
3614, 2, 30, 60, 39, 0, 1.45%, 0, 0, 3, 6.25, 368380, 950
3620, 2, 30, 60, 39, 0, 1.45%, 0, 0, 3, 6.65, 368415, 950
3625, 2, 30, 60, 39, 0, 1.45%, 0, 0, 3, 5.82, 368444, 950
3630, 2, 30, 60, 39, 0, 1.45%, 0, 0, 3, 5.50, 368471, 950
3635, 2, 30, 60, 39, 0, 1.45%, 0, 0, 3, 5.80, 368503, 950
3640, 2, 30, 60, 39, 0, 1.45%, 0, 0, 3, 5.73, 368534, 950
3646, 2, 30, 60, 39, 0, 1.45%, 0, 0, 3, 6.15, 368568, 950
3651, 2, 30, 60, 39, 0, 1.45%, 0, 0, 3, 6.08, 368600, 950
3656, 2, 30, 60, 39, 0, 1.45%, 0, 0, 3, 6.53, 368634, 950
3661, 2, 30, 60, 39, 0, 1.45%, 0, 0, 3, 5.93, 368663, 950
3666, 2, 30, 60, 39, 0, 1.45%, 0, 0, 3, 5.77, 368694, 950
3671, 2, 30, 60, 39, 0, 1.45%, 0, 0, 3, 5.39, 368723, 950
3677, 2, 30, 60, 39, 0, 1.45%, 0, 0, 3, 5.92, 368755, 950
3682, 2, 30, 60, 39, 0, 1.45%, 0, 0, 3, 5.73, 368785, 950
3687, 2, 30, 60, 39, 0, 1.45%, 0, 0, 3, 5.78, 368815, 950
3692, 2, 30, 60, 39, 0, 1.45%, 0, 0, 3, 6.18, 368848, 950
3698, 2, 30, 61, 40, 0, 1.45%, 0, 0, 3, 5.78, 368884, 950
3704, 2, 30, 61, 40, 0, 1.45%, 0, 0, 3, 6.10, 368917, 950
3709, 2, 30, 61, 40, 0, 1.45%, 0, 0, 3, 5.99, 368949, 950
3714, 2, 30, 61, 40, 0, 1.45%, 0, 0, 3, 5.62, 368976, 950
3719, 2, 30, 61, 40, 0, 1.45%, 0, 0, 3, 5.66, 369005, 950
3724, 2, 30, 61, 40, 0, 1.45%, 0, 0, 3, 5.83, 369037, 950
3729, 2, 30, 61, 40, 0, 1.45%, 0, 0, 3, 6.09, 369070, 950
3734, 2, 30, 61, 40, 0, 1.45%, 0, 0, 3, 150.80, 369827, 950
3739, 2, 30, 61, 40, 0, 1.45%, 0, 0, 3, 151.63, 370601, 950
3744, 2, 30, 61, 40, 0, 1.45%, 0, 0, 3, 147.64, 371341, 950
3750, 2, 30, 61, 40, 0, 1.45%, 0, 0, 3, 147.88, 372107, 950
3755, 2, 30, 61, 40, 0, 1.45%, 0, 0, 3, 160.72, 372917, 950
3760, 2, 30, 61, 40, 0, 1.45%, 0, 0, 3, 164.06, 373748, 950
3765, 2, 30, 61, 40, 0, 1.45%, 0, 0, 3, 165.84, 374597, 950
3770, 2, 30, 61, 40, 0, 1.45%, 0, 0, 3, 163.79, 375410, 950
3775, 2, 30, 61, 40, 0, 1.45%, 0, 0, 3, 167.35, 376256, 950
3780, 2, 30, 61, 40, 0, 1.45%, 0, 0, 3, 164.30, 377099, 950
3785, 2, 30, 61, 40, 0, 1.45%, 0, 0, 3, 168.26, 377948, 950
3790, 2, 30, 61, 40, 0, 1.45%, 0, 0, 3, 172.37, 378850, 950
3795, 2, 30, 61, 40, 0, 1.45%, 0, 0, 3, 180.23, 379750, 950
3800, 2, 30, 61, 40, 0, 1.45%, 0, 0, 3, 159.39, 380590, 950
3806, 2, 30, 61, 40, 0, 1.45%, 0, 0, 3, 77.87, 380889, 950
3811, 2, 30, 61, 40, 0, 1.45%, 0, 0, 3, 76.86, 381240, 950
3816, 2, 30, 61, 40, 0, 1.45%, 0, 0, 3, 109.37, 381930, 950
3821, 2, 30, 61, 40, 0, 1.45%, 0, 0, 3, 69.42, 382223, 950
3826, 2, 30, 61, 40, 0, 1.45%, 0, 0, 3, 8.03, 382439, 950
3831, 2, 30, 62, 41, 0, 1.45%, 0, 0, 3, 7.15, 382452, 950
3836, 2, 30, 62, 41, 0, 1.45%, 0, 0, 3, 6.33, 382482, 950
3842, 2, 30, 62, 41, 0, 1.45%, 0, 0, 3, 6.65, 382517, 950
3847, 2, 30, 62, 41, 0, 1.45%, 0, 0, 3, 5.69, 382545, 950
3852, 2, 30, 62, 41, 0, 1.45%, 0, 0, 3, 6.15, 382578, 950
3857, 2, 30, 62, 41, 0, 1.45%, 0, 0, 3, 139.05, 383265, 950
3862, 2, 30, 62, 41, 0, 1.45%, 0, 0, 3, 144.45, 384035, 950
3867, 2, 30, 62, 41, 0, 1.45%, 0, 0, 3, 21.50, 384507, 950
3872, 2, 30, 62, 41, 0, 1.45%, 0, 0, 3, 12.42, 384546, 950
3877, 2, 30, 62, 41, 0, 1.45%, 0, 0, 3, 10.14, 384592, 950
3883, 2, 30, 62, 41, 0, 1.45%, 0, 0, 3, 9.03, 384636, 950
3888, 2, 30, 62, 41, 0, 1.45%, 0, 0, 3, 8.36, 384676, 950
3893, 2, 30, 62, 41, 0, 1.45%, 0, 0, 3, 8.40, 384719, 950
3898, 2, 30, 62, 41, 0, 1.45%, 0, 0, 3, 8.31, 384761, 950
3903, 2, 30, 62, 41, 0, 1.45%, 0, 0, 3, 8.84, 384804, 950
3908, 2, 30, 62, 41, 0, 1.45%, 0, 0, 3, 8.71, 384846, 950
3913, 2, 30, 62, 41, 0, 1.45%, 0, 0, 3, 8.19, 384887, 950
3919, 2, 30, 62, 41, 0, 1.45%, 0, 0, 3, 8.32, 384929, 950
3924, 2, 30, 62, 41, 0, 1.45%, 0, 0, 3, 8.47, 384974, 950
3929, 2, 30, 62, 41, 0, 1.45%, 0, 0, 3, 8.22, 385016, 950
3934, 2, 30, 62, 41, 0, 1.45%, 0, 0, 3, 8.29, 385058, 950
3939, 2, 30, 62, 41, 0, 1.45%, 0, 0, 3, 8.16, 385098, 950
3944, 2, 30, 62, 41, 0, 1.45%, 0, 0, 3, 8.42, 385142, 950
3949, 2, 30, 62, 41, 0, 1.45%, 0, 0, 3, 163.77, 385897, 950
3954, 2, 30, 62, 41, 0, 1.45%, 0, 0, 3, 79.98, 386185, 950
3960, 2, 30, 62, 41, 0, 1.45%, 0, 0, 3, 5.35, 386408, 950
3965, 2, 30, 62, 41, 0, 1.45%, 0, 0, 3, 5.90, 386438, 950
3970, 2, 30, 62, 41, 0, 1.45%, 0, 0, 3, 5.87, 386469, 950
3975, 2, 30, 62, 41, 0, 1.45%, 0, 0, 3, 58.02, 386736, 950
3980, 2, 30, 62, 41, 0, 1.45%, 0, 0, 3, 57.34, 387022, 950
3985, 2, 30, 62, 41, 0, 1.45%, 0, 0, 3, 6.91, 387085, 950
3991, 2, 30, 62, 41, 0, 1.45%, 0, 0, 3, 6.09, 387116, 950
3996, 2, 30, 62, 41, 0, 1.45%, 0, 0, 3, 238.11, 387768, 950
4001, 2, 12, 62, 41, 1, 1.45%, 0, 0, 3, 218.45, 388857, 950
4006, 2, 12, 62, 41, 1, 1.45%, 0, 0, 3, 201.84, 389855, 950
4011, 2, 12, 62, 41, 1, 1.45%, 0, 0, 3, 180.77, 390759, 950
4016, 2, 12, 62, 41, 1, 1.45%, 0, 0, 3, 173.94, 391623, 950
4021, 2, 12, 62, 41, 1, 1.45%, 0, 0, 3, 202.20, 392710, 950
4026, 2, 12, 62, 41, 1, 1.45%, 0, 0, 3, 6.38, 393336, 950
4031, 2, 12, 62, 41, 1, 1.45%, 0, 0, 3, 5.64, 393363, 950
4036, 2, 12, 62, 41, 1, 1.45%, 0, 0, 3, 5.15, 393389, 950
4042, 2, 12, 62, 41, 1, 1.45%, 0, 0, 3, 5.29, 393418, 950
4047, 2, 12, 62, 41, 1, 1.45%, 0, 0, 3, 5.51, 393447, 950
4052, 2, 12, 62, 41, 1, 1.45%, 0, 0, 3, 5.10, 393473, 950
4057, 2, 12, 62, 41, 1, 1.45%, 0, 0, 3, 5.81, 393505, 950
4062, 2, 12, 62, 41, 1, 1.45%, 0, 0, 3, 5.66, 393534, 950
4067, 2, 12, 62, 41, 1, 1.45%, 0, 0, 3, 5.16, 393560, 950
4073, 2, 12, 62, 41, 1, 1.45%, 0, 0, 3, 5.29, 393588, 950
4078, 2, 12, 62, 41, 1, 1.45%, 0, 0, 3, 5.40, 393617, 950
4083, 2, 12, 62, 41, 1, 1.45%, 0, 0, 3, 5.57, 393645, 950
4088, 2, 12, 62, 41, 1, 1.45%, 0, 0, 3, 5.30, 393671, 950
4093, 2, 12, 62, 41, 1, 1.45%, 0, 0, 3, 5.53, 393699, 950
4098, 2, 12, 62, 41, 1, 1.45%, 0, 0, 3, 5.15, 393724, 950
4103, 2, 12, 62, 41, 1, 1.45%, 0, 0, 3, 4.86, 393750, 950
4108, 2, 12, 62, 41, 1, 1.45%, 0, 0, 3, 5.37, 393779, 950
4113, 2, 12, 62, 41, 1, 1.45%, 0, 0, 3, 5.52, 393809, 950
4118, 2, 12, 62, 41, 1, 1.45%, 0, 0, 3, 4.89, 393833, 950
4123, 2, 12, 62, 41, 1, 1.45%, 0, 0, 3, 4.93, 393858, 950
4128, 2, 12, 62, 41, 1, 1.45%, 0, 0, 3, 4.63, 393882, 950
4134, 2, 12, 62, 41, 1, 1.45%, 0, 0, 3, 4.73, 393908, 950
4139, 2, 12, 62, 41, 1, 1.45%, 0, 0, 3, 5.54, 393938, 950
4144, 2, 12, 62, 41, 1, 1.45%, 0, 0, 3, 4.73, 393960, 950
4149, 2, 12, 62, 41, 1, 1.45%, 0, 0, 3, 5.17, 393989, 950
4154, 2, 12, 62, 41, 1, 1.45%, 0, 0, 3, 5.21, 394016, 950
4160, 2, 12, 62, 41, 1, 1.45%, 0, 0, 3, 5.57, 394045, 950
4165, 2, 12, 62, 41, 1, 1.45%, 0, 0, 3, 181.59, 394147, 950
4170, 2, 12, 62, 41, 1, 1.45%, 0, 0, 3, 159.96, 394983, 950
4175, 2, 12, 62, 41, 1, 1.45%, 0, 0, 3, 127.85, 395572, 950
4180, 2, 12, 63, 42, 1, 1.45%, 0, 0, 3, 131.40, 396247, 950
4185, 2, 12, 63, 42, 1, 1.45%, 0, 0, 3, 194.26, 397300, 950
4190, 2, 12, 63, 42, 1, 1.45%, 0, 0, 3, 6.00, 397813, 950
4195, 2, 12, 63, 42, 1, 1.45%, 0, 0, 3, 5.91, 397842, 950
4201, 2, 12, 63, 42, 1, 1.45%, 0, 0, 3, 5.42, 397869, 950
4206, 2, 12, 63, 42, 1, 1.45%, 0, 0, 3, 5.49, 397899, 950
4211, 2, 12, 63, 42, 1, 1.45%, 0, 0, 3, 5.15, 397926, 950
4216, 2, 12, 63, 42, 1, 1.45%, 0, 0, 3, 5.26, 397955, 950
4221, 2, 12, 63, 42, 1, 1.45%, 0, 0, 3, 5.53, 397984, 950
4226, 2, 12, 63, 42, 1, 1.45%, 0, 0, 3, 5.25, 398011, 950
4232, 2, 12, 63, 42, 1, 1.45%, 0, 0, 3, 5.53, 398040, 950
4237, 2, 12, 63, 42, 1, 1.45%, 0, 0, 3, 5.01, 398065, 950
4242, 2, 12, 63, 42, 1, 1.45%, 0, 0, 3, 5.38, 398093, 950
4247, 2, 12, 63, 42, 1, 1.45%, 0, 0, 3, 4.94, 398119, 950
4252, 2, 12, 63, 42, 1, 1.45%, 0, 0, 3, 5.01, 398145, 950
4257, 2, 12, 63, 42, 1, 1.45%, 0, 0, 3, 4.92, 398171, 950
4262, 2, 12, 63, 42, 1, 1.45%, 0, 0, 3, 5.12, 398198, 950
4267, 2, 12, 63, 42, 1, 1.45%, 0, 0, 3, 5.15, 398226, 950
4272, 2, 12, 63, 42, 1, 1.45%, 0, 0, 3, 5.47, 398255, 950
4277, 2, 12, 63, 42, 1, 1.45%, 0, 0, 3, 5.42, 398283, 950
4283, 2, 12, 63, 42, 1, 1.45%, 0, 0, 3, 5.25, 398311, 950
4288, 2, 12, 63, 42, 1, 1.45%, 0, 0, 3, 5.27, 398338, 950
4293, 2, 12, 63, 42, 1, 1.45%, 0, 0, 3, 5.27, 398365, 950
4298, 2, 12, 63, 42, 1, 1.45%, 0, 0, 3, 5.17, 398392, 950
4303, 2, 12, 63, 42, 1, 1.45%, 0, 0, 3, 5.44, 398420, 950
4309, 2, 12, 63, 42, 1, 1.45%, 0, 0, 3, 5.35, 398449, 950
4314, 2, 12, 63, 42, 1, 1.45%, 0, 0, 3, 5.02, 398475, 950
4319, 2, 12, 63, 42, 1, 1.45%, 0, 0, 3, 5.10, 398502, 950
4324, 2, 12, 63, 42, 1, 1.45%, 0, 0, 3, 5.06, 398528, 950
4329, 2, 12, 63, 42, 1, 1.45%, 0, 0, 3, 44.71, 398680, 950
4334, 2, 12, 63, 42, 1, 1.45%, 0, 0, 3, 44.95, 398905, 950
4339, 2, 12, 63, 42, 1, 1.45%, 0, 0, 3, 44.45, 399131, 950
4344, 2, 12, 63, 42, 1, 1.45%, 0, 0, 3, 33.16, 399311, 950
4349, 2, 12, 63, 42, 1, 1.45%, 0, 0, 3, 19.85, 399390, 950
4355, 2, 12, 63, 42, 1, 1.45%, 0, 0, 3, 16.49, 399471, 950
4360, 2, 12, 63, 42, 1, 1.45%, 0, 0, 3, 14.84, 399546, 950
4365, 2, 12, 63, 42, 1, 1.45%, 0, 0, 3, 14.64, 399621, 950
4370, 2, 12, 63, 42, 1, 1.45%, 0, 0, 3, 14.93, 399696, 950
4375, 2, 12, 63, 42, 1, 1.45%, 0, 0, 3, 14.50, 399771, 950
4380, 2, 12, 63, 42, 1, 1.45%, 0, 0, 3, 15.71, 399853, 950
4386, 2, 12, 63, 42, 1, 1.45%, 0, 0, 3, 15.53, 399931, 950
4391, 2, 12, 63, 42, 1, 1.45%, 0, 0, 3, 15.00, 400009, 950
4396, 2, 12, 63, 42, 1, 1.45%, 0, 0, 3, 46.36, 400267, 950
4401, 2, 12, 63, 42, 1, 1.45%, 0, 0, 3, 56.77, 400570, 950
4406, 2, 12, 63, 42, 1, 1.45%, 0, 0, 3, 55.65, 400864, 950
4411, 2, 12, 63, 42, 1, 1.45%, 0, 0, 3, 49.68, 401104, 950
4416, 2, 12, 63, 42, 1, 1.45%, 0, 0, 3, 50.59, 401358, 950
4421, 2, 12, 63, 42, 1, 1.45%, 0, 0, 3, 57.10, 401644, 950
4426, 2, 12, 63, 42, 1, 1.45%, 0, 0, 3, 60.57, 401965, 950
4431, 2, 12, 63, 42, 1, 1.45%, 0, 0, 3, 7.83, 402178, 950
4436, 2, 12, 63, 42, 1, 1.45%, 0, 0, 3, 6.45, 402207, 950
4441, 2, 12, 63, 42, 1, 1.45%, 0, 0, 3, 6.58, 402241, 950
4446, 2, 27, 63, 42, 1, 1.45%, 0, 0, 3, 195.61, 402908, 950
4451, 2, 27, 63, 42, 1, 1.45%, 0, 0, 3, 195.36, 403909, 950
4457, 2, 27, 63, 42, 1, 1.45%, 0, 0, 3, 199.47, 404902, 950
4462, 2, 27, 63, 42, 1, 1.45%, 0, 0, 3, 218.30, 406059, 950
4467, 2, 27, 63, 42, 1, 1.45%, 0, 0, 3, 175.03, 406904, 950
4472, 2, 27, 63, 42, 1, 1.45%, 0, 0, 3, 162.29, 407714, 950
4477, 2, 27, 63, 42, 1, 1.45%, 0, 0, 3, 182.26, 408638, 950
4482, 2, 27, 63, 42, 1, 1.45%, 0, 0, 3, 137.09, 409288, 950
4487, 2, 27, 63, 42, 1, 1.45%, 0, 0, 3, 58.82, 409480, 950
4492, 2, 27, 63, 42, 1, 1.45%, 0, 0, 3, 42.59, 409674, 950
4497, 2, 27, 63, 42, 1, 1.45%, 0, 0, 3, 39.07, 409865, 950
4503, 2, 27, 63, 42, 1, 1.45%, 0, 0, 3, 3.19, 409946, 950
4508, 2, 27, 63, 42, 1, 1.45%, 0, 0, 3, 2.72, 409958, 950
4514, 2, 27, 64, 43, 1, 1.45%, 0, 0, 3, 2.59, 409972, 950
4519, 2, 27, 64, 43, 1, 1.45%, 0, 0, 3, 2.42, 409984, 950
4525, 2, 27, 64, 43, 1, 1.45%, 0, 0, 3, 2.46, 409998, 950
4530, 2, 27, 64, 43, 1, 1.45%, 0, 0, 3, 2.41, 410010, 950
4535, 2, 27, 64, 43, 1, 1.45%, 0, 0, 3, 2.35, 410022, 950
4541, 2, 27, 64, 43, 1, 1.45%, 0, 0, 3, 2.21, 410033, 950
4546, 2, 27, 64, 43, 1, 1.45%, 0, 0, 3, 2.25, 410044, 950
4551, 2, 27, 64, 43, 1, 1.45%, 0, 0, 3, 2.33, 410056, 950
4556, 2, 27, 64, 43, 1, 1.45%, 0, 0, 3, 2.18, 410066, 950
4561, 2, 27, 64, 43, 1, 1.45%, 0, 0, 3, 2.29, 410079, 950
4567, 2, 27, 64, 43, 1, 1.45%, 0, 0, 3, 2.21, 410090, 950
4572, 2, 27, 64, 43, 1, 1.45%, 0, 0, 3, 2.39, 410103, 950
4577, 2, 27, 64, 43, 1, 1.45%, 0, 0, 3, 174.56, 410748, 950
4582, 2, 27, 64, 43, 1, 1.45%, 0, 0, 3, 202.77, 411818, 950
4587, 2, 27, 64, 43, 1, 1.45%, 0, 0, 3, 118.71, 412435, 950
4592, 2, 27, 64, 43, 1, 1.45%, 0, 0, 3, 70.32, 412735, 950
4597, 2, 27, 64, 43, 1, 1.45%, 0, 0, 3, 10.52, 412931, 950
4603, 2, 27, 64, 43, 1, 1.45%, 0, 0, 3, 7.33, 412963, 950
4608, 2, 27, 64, 43, 1, 1.45%, 0, 0, 3, 6.39, 412995, 950
4613, 2, 27, 64, 43, 1, 1.45%, 0, 0, 3, 169.94, 413794, 950
4618, 2, 27, 64, 43, 1, 1.45%, 0, 0, 3, 78.29, 414058, 950
4623, 2, 27, 64, 43, 1, 1.45%, 0, 0, 3, 58.36, 414336, 950
4628, 2, 27, 64, 43, 1, 1.45%, 0, 0, 3, 147.51, 415030, 950
4633, 2, 27, 64, 43, 1, 1.45%, 0, 0, 3, 172.41, 415993, 950
4638, 2, 27, 64, 43, 1, 1.45%, 0, 0, 3, 69.56, 416191, 950
4644, 2, 27, 64, 43, 1, 1.45%, 0, 0, 3, 46.59, 416397, 950
4649, 2, 27, 64, 43, 1, 1.45%, 0, 0, 3, 41.49, 416602, 950
4657, 2, 27, 65, 44, 1, 1.46%, 0, 0, 3, 2.66, 416651, 959
4662, 2, 27, 65, 44, 1, 1.46%, 0, 0, 3, 2.76, 416666, 959
4667, 2, 27, 65, 44, 1, 1.46%, 0, 0, 3, 2.65, 416679, 959
4673, 2, 27, 65, 44, 1, 1.46%, 0, 0, 3, 2.91, 416695, 959
4678, 2, 27, 65, 44, 1, 1.46%, 0, 0, 3, 2.83, 416709, 959
4683, 2, 27, 65, 44, 1, 1.46%, 0, 0, 3, 2.93, 416725, 959
4688, 2, 27, 65, 44, 1, 1.46%, 0, 0, 3, 2.86, 416740, 959
4694, 2, 27, 65, 44, 1, 1.46%, 0, 0, 3, 2.87, 416755, 959
4699, 2, 27, 65, 44, 1, 1.46%, 0, 0, 3, 2.83, 416770, 959
4704, 2, 27, 65, 44, 1, 1.46%, 0, 0, 3, 2.76, 416784, 959
4709, 2, 27, 66, 45, 1, 1.46%, 0, 0, 3, 3.07, 416804, 959
4714, 2, 27, 66, 45, 1, 1.46%, 0, 0, 3, 2.83, 416818, 959
4720, 2, 27, 66, 45, 1, 1.46%, 0, 0, 3, 3.24, 416834, 959
4725, 2, 27, 66, 45, 1, 1.46%, 0, 0, 3, 3.36, 416852, 959
4730, 2, 27, 66, 45, 1, 1.46%, 0, 0, 3, 3.09, 416867, 959
4735, 2, 27, 66, 45, 1, 1.46%, 0, 0, 3, 3.06, 416882, 959
4741, 2, 27, 66, 45, 1, 1.46%, 0, 0, 3, 2.91, 416897, 959
4746, 2, 27, 66, 45, 1, 1.46%, 0, 0, 3, 2.78, 416911, 959
4751, 2, 27, 66, 45, 1, 1.46%, 0, 0, 3, 2.84, 416925, 959
4756, 2, 27, 66, 45, 1, 1.46%, 0, 0, 3, 2.64, 416937, 959
4761, 2, 27, 67, 46, 1, 1.46%, 0, 0, 3, 3.19, 416958, 959
4767, 2, 27, 67, 46, 1, 1.46%, 0, 0, 3, 3.15, 416975, 959
4772, 2, 27, 67, 46, 1, 1.46%, 0, 0, 3, 3.28, 416992, 959
4777, 2, 27, 67, 46, 1, 1.46%, 0, 0, 3, 2.91, 417006, 959
4783, 2, 27, 67, 46, 1, 1.46%, 0, 0, 3, 2.95, 417022, 959
4788, 2, 27, 67, 46, 1, 1.46%, 0, 0, 3, 2.75, 417035, 959
4793, 2, 27, 67, 46, 1, 1.46%, 0, 0, 3, 2.69, 417049, 959
4798, 2, 27, 67, 46, 1, 1.46%, 0, 0, 3, 2.92, 417065, 959
4803, 2, 27, 67, 46, 1, 1.46%, 0, 0, 3, 2.71, 417078, 959
4808, 2, 27, 67, 46, 1, 1.46%, 0, 0, 3, 2.64, 417091, 959
4814, 2, 27, 67, 46, 1, 1.46%, 0, 0, 3, 2.77, 417106, 959
4819, 2, 27, 67, 46, 1, 1.46%, 0, 0, 3, 2.83, 417120, 959
4824, 2, 27, 67, 46, 1, 1.46%, 0, 0, 3, 2.97, 417135, 959
4829, 2, 27, 67, 46, 1, 1.46%, 0, 0, 3, 3.27, 417151, 959
4834, 2, 27, 67, 46, 1, 1.46%, 0, 0, 3, 2.96, 417165, 959
4839, 2, 27, 67, 46, 1, 1.46%, 0, 0, 3, 3.03, 417180, 959
4844, 2, 27, 67, 46, 1, 1.46%, 0, 0, 3, 2.82, 417194, 959
4849, 2, 27, 67, 46, 1, 1.46%, 0, 0, 3, 2.93, 417210, 959
4855, 2, 27, 67, 46, 1, 1.46%, 0, 0, 3, 2.94, 417225, 959
4860, 2, 27, 67, 46, 1, 1.46%, 0, 0, 3, 3.02, 417242, 959
4865, 2, 27, 67, 46, 1, 1.46%, 0, 0, 3, 3.04, 417257, 959
4870, 2, 27, 67, 46, 1, 1.46%, 0, 0, 3, 2.89, 417271, 959
4875, 2, 27, 67, 46, 1, 1.46%, 0, 0, 3, 2.81, 417285, 959
4880, 2, 27, 67, 46, 1, 1.46%, 0, 0, 3, 3.12, 417302, 959
4886, 2, 27, 68, 47, 1, 1.46%, 0, 0, 3, 3.06, 417317, 959
4891, 2, 27, 68, 47, 1, 1.46%, 0, 0, 3, 3.00, 417332, 959
4896, 2, 27, 68, 47, 1, 1.46%, 0, 0, 3, 2.76, 417346, 959
4901, 2, 27, 68, 47, 1, 1.46%, 0, 0, 3, 2.91, 417361, 959
4906, 2, 27, 68, 47, 1, 1.46%, 0, 0, 3, 2.87, 417375, 959
4912, 2, 27, 68, 47, 1, 1.46%, 0, 0, 3, 2.91, 417390, 959
4917, 2, 27, 68, 47, 1, 1.46%, 0, 0, 3, 2.82, 417405, 959
4922, 2, 27, 68, 47, 1, 1.46%, 0, 0, 3, 2.60, 417418, 959
4927, 2, 27, 68, 47, 1, 1.46%, 0, 0, 3, 2.61, 417431, 959
4933, 2, 27, 68, 47, 1, 1.46%, 0, 0, 3, 2.93, 417448, 959
4938, 2, 27, 68, 47, 1, 1.46%, 0, 0, 3, 3.19, 417465, 959
4943, 2, 27, 68, 47, 1, 1.46%, 0, 0, 3, 2.96, 417479, 959
4948, 2, 27, 68, 47, 1, 1.46%, 0, 0, 3, 3.01, 417495, 959
4953, 2, 27, 68, 47, 1, 1.46%, 0, 0, 3, 3.14, 417512, 959
4958, 2, 27, 68, 47, 1, 1.46%, 0, 0, 3, 2.95, 417527, 959
4964, 2, 27, 68, 47, 1, 1.46%, 0, 0, 3, 3.13, 417544, 959
4969, 2, 27, 68, 47, 1, 1.46%, 0, 0, 3, 3.15, 417560, 959
4974, 2, 27, 68, 47, 1, 1.46%, 0, 0, 3, 3.17, 417575, 959
4979, 2, 27, 68, 47, 1, 1.46%, 0, 0, 3, 3.31, 417591, 959
4984, 2, 27, 68, 47, 1, 1.46%, 0, 0, 3, 3.02, 417606, 959
4989, 2, 27, 68, 47, 1, 1.46%, 0, 0, 3, 2.85, 417620, 959
4994, 2, 27, 68, 47, 1, 1.46%, 0, 0, 3, 2.70, 417633, 959
5000, 2, 27, 68, 47, 1, 1.46%, 0, 0, 3, 2.93, 417648, 959
5005, 2, 27, 68, 47, 1, 1.46%, 0, 0, 3, 2.81, 417662, 959
5010, 2, 27, 68, 47, 1, 1.46%, 0, 0, 3, 2.76, 417676, 959
5015, 2, 27, 68, 47, 1, 1.46%, 0, 0, 3, 2.76, 417690, 959
5020, 2, 27, 68, 47, 1, 1.46%, 0, 0, 3, 2.85, 417705, 959
5026, 2, 27, 68, 47, 1, 1.46%, 0, 0, 3, 3.04, 417720, 959
5031, 2, 27, 68, 47, 1, 1.46%, 0, 0, 3, 3.15, 417736, 959
5036, 2, 27, 68, 47, 1, 1.46%, 0, 0, 3, 3.23, 417753, 959
5041, 2, 27, 68, 47, 1, 1.46%, 0, 0, 3, 3.06, 417769, 959
5047, 2, 27, 68, 47, 1, 1.46%, 0, 0, 3, 3.13, 417786, 959
5052, 2, 27, 68, 47, 1, 1.46%, 0, 0, 3, 3.01, 417800, 959
5057, 2, 27, 68, 47, 1, 1.46%, 0, 0, 3, 2.79, 417813, 959
5062, 2, 27, 68, 47, 1, 1.46%, 0, 0, 3, 2.79, 417827, 959
5067, 2, 27, 68, 47, 1, 1.46%, 0, 0, 3, 3.03, 417843, 959
5072, 2, 27, 68, 47, 1, 1.46%, 0, 0, 3, 2.96, 417858, 959
5077, 2, 27, 68, 47, 1, 1.46%, 0, 0, 3, 2.88, 417872, 959
5082, 2, 27, 68, 47, 1, 1.46%, 0, 0, 3, 2.80, 417886, 959
5088, 2, 27, 68, 47, 1, 1.46%, 0, 0, 3, 2.84, 417902, 959
5093, 2, 27, 68, 47, 1, 1.46%, 0, 0, 3, 3.01, 417918, 959
5098, 2, 27, 68, 47, 1, 1.46%, 0, 0, 3, 2.88, 417932, 959
5104, 2, 27, 68, 47, 1, 1.46%, 0, 0, 3, 2.83, 417947, 959
5109, 2, 27, 68, 47, 1, 1.46%, 0, 0, 3, 2.80, 417961, 959
5114, 2, 32, 68, 47, 1, 1.46%, 0, 0, 3, 186.90, 418115, 959
5119, 2, 32, 68, 47, 1, 1.46%, 0, 0, 3, 213.14, 419283, 959
5124, 2, 32, 68, 47, 1, 1.46%, 0, 0, 3, 127.30, 419944, 959
5129, 2, 32, 68, 47, 1, 1.46%, 0, 0, 3, 78.93, 420281, 959
5135, 2, 32, 68, 47, 1, 1.46%, 0, 0, 3, 67.53, 420625, 959
5140, 2, 32, 68, 47, 1, 1.46%, 0, 0, 3, 6.20, 420658, 959
5145, 2, 32, 68, 47, 1, 1.46%, 0, 0, 3, 7.31, 420694, 959
5150, 2, 32, 68, 47, 1, 1.46%, 0, 0, 3, 9.32, 420746, 959
5155, 2, 32, 68, 47, 1, 1.46%, 0, 0, 3, 9.77, 420796, 959
5160, 2, 32, 68, 47, 1, 1.46%, 0, 0, 3, 9.87, 420847, 959
5165, 2, 32, 68, 47, 1, 1.46%, 0, 0, 3, 10.02, 420900, 959
5170, 2, 32, 68, 47, 1, 1.46%, 0, 0, 3, 9.95, 420950, 959
5176, 2, 32, 68, 47, 1, 1.46%, 0, 0, 3, 9.99, 421001, 959
5181, 2, 32, 68, 47, 1, 1.46%, 0, 0, 3, 10.01, 421052, 959
5186, 2, 32, 68, 47, 1, 1.46%, 0, 0, 3, 9.98, 421103, 959
5191, 2, 32, 68, 47, 1, 1.46%, 0, 0, 3, 10.06, 421155, 959
5196, 2, 32, 68, 47, 1, 1.46%, 0, 0, 3, 172.05, 421696, 959
5201, 2, 32, 68, 47, 1, 1.46%, 0, 0, 3, 80.72, 421966, 959
5206, 2, 32, 68, 47, 1, 1.46%, 0, 0, 3, 62.98, 422248, 959
5211, 2, 32, 68, 47, 1, 1.46%, 0, 0, 3, 66.13, 422591, 959
5216, 2, 32, 68, 47, 1, 1.46%, 0, 0, 3, 10.22, 422703, 959
5222, 2, 32, 68, 47, 1, 1.46%, 0, 0, 3, 10.43, 422758, 959
5227, 2, 32, 68, 47, 1, 1.46%, 0, 0, 3, 10.99, 422817, 959
5232, 2, 32, 68, 47, 1, 1.46%, 0, 0, 3, 10.63, 422871, 959
5237, 2, 32, 68, 47, 1, 1.46%, 0, 0, 3, 10.54, 422926, 959
5242, 2, 32, 68, 47, 1, 1.46%, 0, 0, 3, 10.77, 422980, 959
5247, 2, 32, 68, 47, 1, 1.46%, 0, 0, 3, 10.59, 423033, 959
5252, 2, 32, 68, 47, 1, 1.46%, 0, 0, 3, 10.63, 423090, 959
5258, 2, 32, 68, 47, 1, 1.46%, 0, 0, 3, 10.43, 423144, 959
5263, 2, 32, 68, 47, 1, 1.46%, 0, 0, 3, 7.40, 423179, 959
5268, 2, 32, 68, 47, 1, 1.46%, 0, 0, 3, 5.95, 423207, 959
5273, 2, 32, 68, 47, 1, 1.46%, 0, 0, 3, 5.36, 423235, 959
5278, 2, 32, 68, 47, 1, 1.46%, 0, 0, 3, 5.30, 423263, 959
5283, 2, 32, 68, 47, 1, 1.46%, 0, 0, 3, 5.13, 423291, 959
5288, 2, 32, 68, 47, 1, 1.46%, 0, 0, 3, 5.29, 423318, 959
5294, 2, 32, 68, 47, 1, 1.46%, 0, 0, 3, 5.43, 423346, 959
5299, 2, 32, 68, 47, 1, 1.46%, 0, 0, 3, 5.50, 423376, 959
5304, 2, 32, 68, 47, 1, 1.46%, 0, 0, 3, 5.12, 423401, 959
5309, 2, 32, 68, 47, 1, 1.46%, 0, 0, 3, 5.69, 423432, 959
5314, 2, 32, 68, 47, 1, 1.46%, 0, 0, 3, 5.64, 423462, 959
5320, 2, 32, 68, 47, 1, 1.46%, 0, 0, 3, 5.79, 423494, 959
5325, 2, 32, 68, 47, 1, 1.46%, 0, 0, 3, 5.27, 423521, 959
5330, 2, 32, 68, 47, 1, 1.46%, 0, 0, 3, 6.02, 423555, 959
5335, 2, 32, 68, 47, 1, 1.46%, 0, 0, 3, 6.26, 423589, 959
5340, 2, 32, 68, 47, 1, 1.46%, 0, 0, 3, 5.45, 423616, 959
5346, 2, 32, 68, 47, 1, 1.46%, 0, 0, 3, 6.22, 423649, 959
5351, 2, 32, 68, 47, 1, 1.46%, 0, 0, 3, 197.24, 424524, 959
5356, 2, 32, 68, 47, 1, 1.46%, 0, 0, 3, 31.27, 424787, 959
5361, 2, 32, 68, 47, 1, 1.46%, 0, 0, 3, 30.96, 424942, 959
5366, 2, 32, 68, 47, 1, 1.46%, 0, 0, 3, 29.53, 425089, 959
