# relative_time, cycles_done, cur_item, corpus_count, pending_total, pending_favs, map_size, saved_crashes, saved_hangs, max_depth, execs_per_sec, total_execs, edges_found
60, 0, 3, 31, 29, 1, 1.32%, 0, 0, 2, 336.33, 20535, 862
65, 0, 3, 31, 29, 1, 1.32%, 0, 0, 2, 334.74, 22269, 862
70, 0, 3, 31, 29, 1, 1.32%, 0, 0, 2, 340.30, 23973, 862
75, 0, 3, 31, 29, 1, 1.32%, 0, 0, 2, 338.10, 25665, 862
81, 0, 3, 32, 30, 1, 1.32%, 0, 0, 2, 333.44, 27377, 862
86, 0, 3, 32, 30, 1, 1.32%, 0, 0, 2, 335.87, 29075, 862
91, 0, 3, 32, 30, 1, 1.32%, 0, 0, 2, 329.03, 30773, 862
96, 0, 3, 32, 30, 1, 1.32%, 0, 0, 2, 332.95, 32441, 862
101, 0, 3, 32, 30, 1, 1.32%, 0, 0, 2, 338.22, 34193, 862
106, 0, 3, 32, 30, 1, 1.32%, 0, 0, 2, 334.75, 35915, 862
111, 0, 3, 32, 30, 1, 1.32%, 0, 0, 2, 349.80, 37645, 862
116, 0, 3, 32, 30, 1, 1.32%, 0, 0, 2, 386.55, 39643, 862
121, 0, 3, 32, 30, 1, 1.32%, 0, 0, 2, 394.12, 41631, 862
126, 0, 3, 32, 30, 1, 1.32%, 0, 0, 2, 391.82, 43661, 862
131, 0, 3, 32, 30, 1, 1.32%, 0, 0, 2, 392.91, 45642, 862
136, 0, 3, 32, 30, 1, 1.32%, 0, 0, 2, 398.59, 47637, 862
142, 0, 3, 32, 30, 1, 1.32%, 0, 0, 2, 394.07, 49625, 862
147, 0, 3, 32, 30, 1, 1.32%, 0, 0, 2, 388.58, 51585, 862
152, 0, 3, 32, 30, 1, 1.32%, 0, 0, 2, 396.59, 53594, 862
157, 0, 3, 32, 30, 1, 1.32%, 0, 0, 2, 391.87, 55617, 862
162, 0, 3, 32, 30, 1, 1.32%, 0, 0, 2, 383.75, 57591, 862
167, 0, 3, 32, 30, 1, 1.32%, 0, 0, 2, 388.94, 59544, 862
172, 0, 3, 32, 30, 1, 1.32%, 0, 0, 2, 388.91, 61490, 862
177, 0, 3, 32, 30, 1, 1.32%, 0, 0, 2, 395.01, 63478, 862
182, 0, 3, 32, 30, 1, 1.32%, 0, 0, 2, 391.83, 65515, 862
187, 0, 3, 32, 30, 1, 1.32%, 0, 0, 2, 396.19, 67573, 862
192, 0, 3, 32, 30, 1, 1.32%, 0, 0, 2, 387.45, 69519, 862
198, 0, 3, 32, 30, 1, 1.32%, 0, 0, 2, 418.95, 71702, 862
203, 0, 3, 32, 30, 1, 1.32%, 0, 0, 2, 407.92, 73759, 862
208, 0, 24, 32, 29, 15, 1.32%, 0, 0, 2, 390.66, 75707, 862
213, 0, 24, 32, 29, 15, 1.32%, 0, 0, 2, 370.21, 77610, 862
218, 0, 24, 33, 30, 15, 1.32%, 0, 0, 3, 374.76, 79522, 863
223, 0, 28, 33, 29, 14, 1.32%, 0, 0, 3, 354.53, 81263, 863
228, 0, 28, 33, 29, 14, 1.32%, 0, 0, 3, 354.78, 83163, 863
233, 0, 28, 33, 29, 14, 1.32%, 0, 0, 3, 377.98, 85046, 863
238, 0, 27, 34, 29, 13, 1.32%, 0, 0, 3, 372.96, 87025, 867
243, 0, 27, 34, 29, 13, 1.32%, 0, 0, 3, 372.20, 88932, 867
249, 0, 27, 34, 29, 13, 1.32%, 0, 0, 3, 357.21, 90737, 867
254, 0, 8, 34, 28, 13, 1.32%, 0, 0, 3, 370.30, 92715, 867
259, 0, 33, 34, 27, 12, 1.32%, 0, 0, 3, 372.66, 94585, 867
264, 0, 33, 34, 27, 12, 1.32%, 0, 0, 3, 344.47, 96365, 867
269, 0, 33, 34, 27, 12, 1.32%, 0, 0, 3, 366.56, 98220, 867
274, 0, 18, 34, 25, 10, 1.32%, 0, 0, 3, 397.94, 100326, 867
279, 0, 18, 34, 25, 10, 1.32%, 0, 0, 3, 406.10, 102302, 867
284, 0, 18, 34, 25, 10, 1.32%, 0, 0, 3, 414.67, 104486, 867
289, 0, 7, 34, 24, 9, 1.32%, 0, 0, 3, 387.12, 106463, 867
294, 0, 7, 34, 24, 9, 1.32%, 0, 0, 3, 402.16, 108493, 867
300, 0, 7, 34, 24, 9, 1.32%, 0, 0, 3, 371.24, 110435, 867
305, 0, 22, 34, 23, 8, 1.32%, 0, 0, 3, 362.49, 112325, 867
310, 0, 22, 34, 23, 8, 1.32%, 0, 0, 3, 401.64, 114405, 867
315, 0, 22, 34, 23, 8, 1.32%, 0, 0, 3, 345.79, 116105, 867
320, 0, 21, 34, 22, 7, 1.32%, 0, 0, 3, 372.71, 117969, 867
325, 0, 21, 34, 22, 7, 1.32%, 0, 0, 3, 355.85, 119757, 867
330, 0, 21, 35, 23, 7, 1.32%, 0, 0, 3, 338.54, 121416, 868
335, 0, 25, 35, 22, 6, 1.32%, 0, 0, 3, 379.40, 123429, 868
340, 0, 25, 35, 22, 6, 1.32%, 0, 0, 3, 372.39, 125406, 868
346, 0, 25, 36, 23, 6, 1.32%, 0, 0, 3, 370.61, 127307, 868
351, 0, 34, 36, 22, 5, 1.32%, 0, 0, 3, 359.97, 129115, 868
356, 0, 34, 36, 22, 5, 1.32%, 0, 0, 3, 371.17, 130931, 868
361, 0, 34, 36, 22, 5, 1.32%, 0, 0, 3, 361.32, 132661, 868
366, 0, 30, 36, 21, 4, 1.32%, 0, 0, 3, 350.68, 134427, 868
371, 0, 30, 36, 21, 4, 1.32%, 0, 0, 3, 336.80, 136186, 868
376, 0, 30, 36, 21, 4, 1.32%, 0, 0, 3, 398.61, 138159, 868
381, 0, 30, 36, 21, 4, 1.32%, 0, 0, 3, 385.94, 140238, 868
386, 0, 21, 36, 20, 3, 1.32%, 0, 0, 3, 411.21, 142340, 868
391, 0, 21, 37, 21, 3, 1.33%, 0, 0, 3, 372.72, 144139, 874
396, 0, 21, 37, 21, 3, 1.33%, 0, 0, 3, 371.74, 145984, 874
401, 0, 21, 37, 21, 3, 1.33%, 0, 0, 3, 424.82, 148184, 874
406, 0, 21, 37, 21, 3, 1.33%, 0, 0, 3, 425.80, 150338, 874
411, 0, 21, 37, 21, 3, 1.33%, 0, 0, 3, 391.66, 152200, 874
416, 0, 21, 37, 21, 3, 1.33%, 0, 0, 3, 363.51, 154081, 874
421, 0, 21, 37, 21, 3, 1.33%, 0, 0, 3, 328.51, 155688, 874
426, 0, 21, 37, 21, 3, 1.33%, 0, 0, 3, 389.69, 157598, 874
431, 0, 21, 37, 21, 3, 1.33%, 0, 0, 3, 416.73, 159804, 874
436, 0, 21, 37, 21, 3, 1.33%, 0, 0, 3, 361.49, 161556, 874
442, 0, 20, 37, 21, 4, 1.33%, 0, 0, 3, 380.54, 163647, 874
