# relative_time, cycles_done, cur_item, corpus_count, pending_total, pending_favs, map_size, saved_crashes, saved_hangs, max_depth, execs_per_sec, total_execs, edges_found
61, 0, 9, 10, 5, 4, 0.88%, 0, 0, 3, 220.29, 14132, 577
66, 0, 2, 10, 3, 2, 0.88%, 0, 0, 3, 200.87, 15165, 577
71, 0, 2, 11, 4, 2, 0.88%, 0, 0, 3, 215.81, 16190, 577
76, 0, 9, 11, 2, 0, 0.88%, 0, 0, 3, 212.98, 17253, 577
81, 0, 9, 11, 2, 0, 0.88%, 0, 0, 3, 206.99, 18293, 577
86, 0, 9, 11, 2, 0, 0.88%, 0, 0, 3, 206.66, 19347, 577
91, 1, 9, 12, 3, 0, 0.88%, 0, 0, 4, 206.23, 20387, 579
96, 1, 11, 12, 3, 1, 0.88%, 0, 0, 4, 206.01, 21419, 579
101, 1, 11, 13, 4, 1, 0.89%, 0, 0, 5, 205.41, 22455, 581
106, 1, 11, 13, 4, 1, 0.89%, 0, 0, 5, 205.83, 23491, 581
111, 1, 11, 13, 4, 1, 0.89%, 0, 0, 5, 207.63, 24535, 581
116, 1, 12, 13, 3, 1, 0.89%, 0, 0, 5, 205.09, 25571, 581
121, 1, 12, 13, 3, 1, 0.89%, 0, 0, 5, 206.46, 26611, 581
126, 1, 12, 13, 2, 0, 0.89%, 0, 0, 5, 204.42, 27645, 581
131, 1, 12, 13, 2, 0, 0.89%, 0, 0, 5, 208.19, 28693, 581
137, 1, 8, 13, 2, 0, 0.89%, 0, 0, 5, 224.46, 29847, 581
142, 1, 2, 13, 2, 0, 0.89%, 0, 0, 5, 231.19, 31039, 581
147, 1, 2, 13, 2, 0, 0.89%, 0, 0, 5, 240.77, 32271, 581
152, 1, 2, 13, 2, 0, 0.89%, 0, 0, 5, 239.49, 33511, 581
157, 1, 8, 13, 2, 0, 0.89%, 0, 0, 5, 237.07, 34735, 581
162, 1, 2, 13, 2, 0, 0.89%, 0, 0, 5, 233.81, 35935, 581
168, 1, 2, 13, 2, 0, 0.89%, 0, 0, 5, 237.09, 37167, 581
173, 1, 2, 13, 2, 0, 0.89%, 0, 0, 5, 240.93, 38419, 581
178, 1, 12, 13, 2, 0, 0.89%, 0, 0, 5, 218.83, 39519, 581
183, 1, 12, 13, 2, 0, 0.89%, 0, 0, 5, 211.25, 40599, 581
188, 2, 12, 13, 2, 0, 0.89%, 0, 0, 5, 208.80, 41647, 581
193, 2, 8, 13, 2, 0, 0.89%, 0, 0, 5, 227.80, 42843, 581
198, 2, 12, 13, 2, 0, 0.89%, 0, 0, 5, 210.72, 43895, 581
203, 2, 7, 13, 2, 0, 0.89%, 0, 0, 5, 236.47, 45083, 581
208, 2, 2, 13, 2, 0, 0.89%, 0, 0, 5, 244.67, 46369, 581
213, 2, 2, 13, 2, 0, 0.89%, 0, 0, 5, 243.04, 47589, 581
219, 2, 2, 13, 2, 0, 0.89%, 0, 0, 5, 239.69, 48825, 581
224, 2, 8, 13, 2, 0, 0.89%, 0, 0, 5, 238.01, 50053, 581
229, 2, 8, 13, 2, 0, 0.89%, 0, 0, 5, 229.41, 51227, 581
234, 2, 8, 13, 2, 0, 0.89%, 0, 0, 5, 232.48, 52431, 581
239, 2, 6, 13, 2, 0, 0.89%, 0, 0, 5, 223.27, 53609, 581
244, 2, 4, 13, 2, 0, 0.89%, 0, 0, 5, 216.63, 54679, 581
250, 2, 4, 13, 2, 0, 0.89%, 0, 0, 5, 219.36, 55831, 581
255, 2, 4, 13, 2, 0, 0.89%, 0, 0, 5, 219.03, 56923, 581
260, 2, 2, 13, 2, 0, 0.89%, 0, 0, 5, 226.01, 58049, 581
265, 2, 2, 13, 2, 0, 0.89%, 0, 0, 5, 239.63, 59281, 581
270, 2, 2, 13, 2, 0, 0.89%, 0, 0, 5, 239.71, 60485, 581
275, 2, 12, 13, 2, 0, 0.89%, 0, 0, 5, 224.45, 61629, 581
280, 3, 8, 13, 2, 0, 0.89%, 0, 0, 5, 221.16, 62709, 581
285, 3, 7, 13, 2, 0, 0.89%, 0, 0, 5, 223.15, 63887, 581
290, 3, 7, 13, 2, 0, 0.89%, 0, 0, 5, 247.03, 65191, 581
295, 3, 12, 13, 2, 0, 0.89%, 0, 0, 5, 223.06, 66305, 581
300, 3, 12, 13, 2, 0, 0.89%, 0, 0, 5, 212.32, 67361, 581
305, 3, 8, 13, 2, 0, 0.89%, 0, 0, 5, 221.31, 68461, 581
310, 3, 10, 13, 2, 0, 0.89%, 0, 0, 5, 229.26, 69651, 581
316, 3, 8, 13, 1, 0, 0.89%, 0, 0, 5, 231.88, 70859, 581
321, 3, 7, 13, 1, 0, 0.89%, 0, 0, 5, 234.07, 72001, 581
326, 3, 12, 13, 1, 0, 0.89%, 0, 0, 5, 212.24, 73055, 581
331, 4, 8, 13, 1, 0, 0.89%, 0, 0, 5, 216.69, 74199, 581
336, 4, 12, 13, 1, 0, 0.89%, 0, 0, 5, 213.90, 75333, 581
341, 4, 12, 13, 1, 0, 0.89%, 0, 0, 5, 208.98, 76381, 581
346, 4, 12, 13, 1, 0, 0.89%, 0, 0, 5, 210.03, 77437, 581
351, 4, 12, 13, 1, 0, 0.89%, 0, 0, 5, 206.16, 78477, 581
356, 4, 6, 13, 1, 0, 0.89%, 0, 0, 5, 206.11, 79513, 581
361, 4, 12, 13, 1, 0, 0.89%, 0, 0, 5, 206.89, 80557, 581
366, 4, 4, 13, 1, 0, 0.89%, 0, 0, 5, 211.75, 81623, 581
371, 4, 4, 13, 1, 0, 0.89%, 0, 0, 5, 218.33, 82731, 581
377, 4, 4, 13, 1, 0, 0.89%, 0, 0, 5, 223.22, 83895, 581
382, 4, 7, 13, 1, 0, 0.89%, 0, 0, 5, 222.79, 85019, 581
387, 4, 7, 13, 1, 0, 0.89%, 0, 0, 5, 249.41, 86335, 581
392, 5, 7, 13, 1, 0, 0.89%, 0, 0, 5, 248.26, 87623, 581
397, 5, 8, 13, 1, 0, 0.89%, 0, 0, 5, 245.30, 88871, 581
402, 5, 8, 13, 1, 0, 0.89%, 0, 0, 5, 237.63, 90083, 581
407, 5, 12, 13, 1, 0, 0.89%, 0, 0, 5, 228.27, 91291, 581
412, 5, 4, 13, 1, 0, 0.89%, 0, 0, 5, 218.62, 92411, 581
418, 5, 4, 13, 1, 0, 0.89%, 0, 0, 5, 222.17, 93575, 581
423, 5, 4, 13, 1, 0, 0.89%, 0, 0, 5, 222.35, 94691, 581
428, 5, 6, 13, 1, 0, 0.89%, 0, 0, 5, 215.57, 95775, 581
433, 5, 4, 13, 1, 0, 0.89%, 0, 0, 5, 229.22, 97007, 581
438, 5, 4, 13, 1, 0, 0.89%, 0, 0, 5, 225.92, 98139, 581
443, 5, 4, 13, 1, 0, 0.89%, 0, 0, 5, 221.79, 99291, 581
448, 5, 12, 13, 1, 0, 0.89%, 0, 0, 5, 213.42, 100367, 581
453, 5, 8, 13, 1, 0, 0.89%, 0, 0, 5, 222.17, 101503, 581
458, 6, 12, 13, 1, 0, 0.89%, 0, 0, 5, 225.01, 102681, 581
464, 6, 12, 13, 1, 0, 0.89%, 0, 0, 5, 209.35, 103725, 581
469, 6, 12, 13, 1, 0, 0.89%, 0, 0, 5, 206.20, 104769, 581
474, 6, 12, 13, 1, 0, 0.89%, 0, 0, 5, 215.45, 105883, 581
479, 6, 8, 13, 1, 0, 0.89%, 0, 0, 5, 223.01, 107027, 581
484, 6, 2, 13, 1, 0, 0.89%, 0, 0, 5, 238.98, 108235, 581
489, 6, 2, 13, 1, 0, 0.89%, 0, 0, 5, 243.96, 109475, 581
494, 6, 2, 13, 1, 0, 0.89%, 0, 0, 5, 246.13, 110719, 581
499, 6, 12, 13, 1, 0, 0.89%, 0, 0, 5, 224.33, 111843, 581
504, 6, 7, 13, 1, 0, 0.89%, 0, 0, 5, 219.74, 112913, 581
509, 6, 12, 13, 1, 0, 0.89%, 0, 0, 5, 219.88, 114095, 581
514, 6, 7, 13, 1, 0, 0.89%, 0, 0, 5, 228.50, 115237, 581
519, 7, 8, 13, 1, 0, 0.89%, 0, 0, 5, 225.89, 116359, 581
524, 7, 12, 13, 1, 0, 0.89%, 0, 0, 5, 215.06, 117437, 581
529, 7, 12, 13, 1, 0, 0.89%, 0, 0, 5, 217.55, 118543, 581
535, 7, 4, 13, 1, 0, 0.89%, 0, 0, 5, 214.52, 119635, 581
540, 7, 4, 13, 1, 0, 0.89%, 0, 0, 5, 225.37, 120771, 581
545, 7, 4, 13, 1, 0, 0.89%, 0, 0, 5, 223.75, 121935, 581
550, 7, 6, 13, 1, 0, 0.89%, 0, 0, 5, 221.02, 123087, 581
555, 7, 12, 13, 1, 0, 0.89%, 0, 0, 5, 211.87, 124145, 581
560, 7, 4, 13, 1, 0, 0.89%, 0, 0, 5, 220.11, 125245, 581
565, 7, 4, 13, 1, 0, 0.89%, 0, 0, 5, 218.97, 126357, 581
570, 7, 4, 13, 1, 0, 0.89%, 0, 0, 5, 223.19, 127521, 581
575, 7, 2, 13, 1, 0, 0.89%, 0, 0, 5, 234.26, 128693, 581
580, 7, 2, 13, 1, 0, 0.89%, 0, 0, 5, 242.05, 129929, 581
586, 7, 2, 13, 1, 0, 0.89%, 0, 0, 5, 244.68, 131197, 581
591, 7, 2, 13, 1, 0, 0.89%, 0, 0, 5, 243.91, 132429, 581
596, 7, 2, 13, 1, 0, 0.89%, 0, 0, 5, 242.07, 133649, 581
601, 7, 2, 13, 1, 0, 0.89%, 0, 0, 5, 242.42, 134869, 581
606, 7, 8, 13, 1, 0, 0.89%, 0, 0, 5, 244.50, 136111, 581
611, 7, 8, 13, 1, 0, 0.89%, 0, 0, 5, 233.04, 137333, 581
616, 8, 6, 13, 1, 0, 0.89%, 0, 0, 5, 227.42, 138533, 581
621, 8, 12, 13, 1, 0, 0.89%, 0, 0, 5, 211.10, 139583, 581
626, 8, 8, 13, 1, 0, 0.89%, 0, 0, 5, 236.16, 140825, 581
632, 8, 6, 13, 1, 0, 0.89%, 0, 0, 5, 239.80, 142087, 581
637, 8, 4, 13, 1, 0, 0.89%, 0, 0, 5, 234.00, 143287, 581
642, 8, 4, 13, 1, 0, 0.89%, 0, 0, 5, 228.02, 144415, 581
647, 8, 4, 13, 1, 0, 0.89%, 0, 0, 5, 226.56, 145543, 581
652, 8, 12, 13, 1, 0, 0.89%, 0, 0, 5, 220.21, 146647, 581
657, 8, 7, 13, 1, 0, 0.89%, 0, 0, 5, 214.90, 147703, 581
662, 8, 12, 13, 1, 0, 0.89%, 0, 0, 5, 217.33, 148871, 581
667, 8, 8, 13, 1, 0, 0.89%, 0, 0, 5, 221.38, 149967, 581
672, 9, 7, 13, 1, 0, 0.89%, 0, 0, 5, 226.87, 151093, 581
677, 9, 12, 13, 1, 0, 0.89%, 0, 0, 5, 229.01, 152323, 581
682, 9, 12, 13, 1, 0, 0.89%, 0, 0, 5, 215.61, 153423, 581
688, 9, 8, 13, 1, 0, 0.89%, 0, 0, 5, 229.73, 154611, 581
693, 9, 4, 13, 1, 0, 0.89%, 0, 0, 5, 220.25, 155713, 581
698, 9, 4, 13, 1, 0, 0.89%, 0, 0, 5, 222.56, 156873, 581
703, 9, 4, 13, 1, 0, 0.89%, 0, 0, 5, 223.29, 158001, 581
708, 9, 8, 13, 1, 0, 0.89%, 0, 0, 5, 227.56, 159185, 581
713, 9, 12, 13, 1, 0, 0.89%, 0, 0, 5, 219.33, 160299, 581
718, 10, 4, 13, 1, 0, 0.89%, 0, 0, 5, 227.24, 161425, 581
723, 10, 4, 13, 1, 0, 0.89%, 0, 0, 5, 224.51, 162549, 581
728, 10, 4, 13, 1, 0, 0.89%, 0, 0, 5, 220.18, 163653, 581
733, 10, 4, 13, 1, 0, 0.89%, 0, 0, 5, 222.43, 164773, 581
738, 10, 12, 13, 1, 0, 0.89%, 0, 0, 5, 213.90, 165841, 581
743, 10, 12, 13, 1, 0, 0.89%, 0, 0, 5, 210.46, 166897, 581
748, 10, 12, 13, 1, 0, 0.89%, 0, 0, 5, 211.57, 167961, 581
753, 10, 4, 13, 1, 0, 0.89%, 0, 0, 5, 223.03, 169129, 581
758, 10, 4, 13, 1, 0, 0.89%, 0, 0, 5, 224.06, 170257, 581
764, 10, 4, 13, 1, 0, 0.89%, 0, 0, 5, 225.73, 171433, 581
769, 10, 8, 13, 1, 0, 0.89%, 0, 0, 5, 234.72, 172647, 581
774, 10, 6, 13, 1, 0, 0.89%, 0, 0, 5, 234.73, 173817, 581
779, 10, 8, 13, 1, 0, 0.89%, 0, 0, 5, 235.53, 175001, 581
784, 11, 12, 13, 1, 0, 0.89%, 0, 0, 5, 214.76, 176053, 581
789, 11, 6, 13, 1, 0, 0.89%, 0, 0, 5, 209.59, 177107, 581
794, 11, 4, 13, 1, 0, 0.89%, 0, 0, 5, 219.03, 178253, 581
799, 11, 4, 13, 1, 0, 0.89%, 0, 0, 5, 225.78, 179417, 581
804, 11, 4, 13, 1, 0, 0.89%, 0, 0, 5, 226.72, 180553, 581
809, 11, 4, 13, 1, 0, 0.89%, 0, 0, 5, 230.29, 181767, 581
814, 11, 4, 13, 1, 0, 0.89%, 0, 0, 5, 225.75, 182899, 581
820, 11, 4, 13, 1, 0, 0.89%, 0, 0, 5, 219.71, 184027, 581
825, 11, 4, 13, 1, 0, 0.89%, 0, 0, 5, 223.67, 185155, 581
830, 11, 4, 13, 1, 0, 0.89%, 0, 0, 5, 223.09, 186271, 581
835, 11, 4, 13, 1, 0, 0.89%, 0, 0, 5, 223.06, 187419, 581
840, 11, 6, 13, 1, 0, 0.89%, 0, 0, 5, 217.92, 188555, 581
845, 11, 12, 13, 1, 0, 0.89%, 0, 0, 5, 212.53, 189615, 581
850, 11, 12, 13, 1, 0, 0.89%, 0, 0, 5, 209.60, 190677, 581
855, 11, 6, 13, 1, 0, 0.89%, 0, 0, 5, 209.72, 191733, 581
860, 12, 7, 13, 1, 0, 0.89%, 0, 0, 5, 234.97, 192943, 581
866, 12, 12, 13, 1, 0, 0.89%, 0, 0, 5, 230.12, 194167, 581
871, 12, 12, 13, 1, 0, 0.89%, 0, 0, 5, 212.86, 195211, 581
876, 12, 6, 13, 1, 0, 0.89%, 0, 0, 5, 211.35, 196267, 581
881, 12, 4, 13, 1, 0, 0.89%, 0, 0, 5, 218.04, 197373, 581
886, 12, 4, 13, 1, 0, 0.89%, 0, 0, 5, 222.29, 198493, 581
891, 12, 4, 13, 1, 0, 0.89%, 0, 0, 5, 222.25, 199605, 581
896, 12, 2, 13, 1, 0, 0.89%, 0, 0, 5, 236.52, 200837, 581
901, 12, 2, 13, 1, 0, 0.89%, 0, 0, 5, 242.33, 202061, 581
906, 12, 2, 13, 1, 0, 0.89%, 0, 0, 5, 244.77, 203305, 581
911, 12, 4, 13, 1, 0, 0.89%, 0, 0, 5, 239.07, 204571, 581
916, 12, 4, 13, 1, 0, 0.89%, 0, 0, 5, 226.31, 205691, 581
921, 12, 4, 13, 1, 0, 0.89%, 0, 0, 5, 222.48, 206803, 581
926, 12, 12, 13, 1, 0, 0.89%, 0, 0, 5, 218.13, 207907, 581
931, 12, 12, 13, 1, 0, 0.89%, 0, 0, 5, 211.85, 208967, 581
936, 12, 7, 13, 1, 0, 0.89%, 0, 0, 5, 211.73, 210027, 581
942, 12, 2, 13, 1, 0, 0.89%, 0, 0, 5, 233.10, 211271, 581
947, 12, 2, 13, 1, 0, 0.89%, 0, 0, 5, 243.54, 212511, 581
952, 12, 2, 13, 1, 0, 0.89%, 0, 0, 5, 246.51, 213755, 581
957, 13, 4, 13, 1, 0, 0.89%, 0, 0, 5, 239.52, 214997, 581
962, 13, 4, 13, 1, 0, 0.89%, 0, 0, 5, 226.16, 216121, 581
967, 13, 4, 13, 1, 0, 0.89%, 0, 0, 5, 221.06, 217261, 581
972, 13, 4, 13, 1, 0, 0.89%, 0, 0, 5, 221.98, 218409, 581
977, 13, 12, 13, 1, 0, 0.89%, 0, 0, 5, 212.97, 219463, 581
982, 13, 12, 13, 1, 0, 0.89%, 0, 0, 5, 210.55, 220519, 581
987, 13, 4, 13, 1, 0, 0.89%, 0, 0, 5, 214.29, 221591, 581
992, 13, 4, 13, 1, 0, 0.89%, 0, 0, 5, 222.58, 222711, 581
997, 13, 4, 13, 1, 0, 0.89%, 0, 0, 5, 222.98, 223827, 581
1002, 13, 8, 13, 1, 0, 0.89%, 0, 0, 5, 226.56, 224999, 581
1008, 13, 4, 13, 1, 0, 0.89%, 0, 0, 5, 224.35, 226177, 581
1013, 13, 4, 13, 1, 0, 0.89%, 0, 0, 5, 223.55, 227333, 581
1018, 13, 4, 13, 1, 0, 0.89%, 0, 0, 5, 223.44, 228457, 581
1023, 13, 8, 13, 1, 0, 0.89%, 0, 0, 5, 243.11, 229723, 581
1028, 13, 12, 13, 1, 0, 0.89%, 0, 0, 5, 220.86, 230821, 581
1033, 13, 6, 13, 1, 0, 0.89%, 0, 0, 5, 232.33, 232015, 581
1038, 14, 6, 13, 1, 0, 0.89%, 0, 0, 5, 222.53, 233153, 581
1044, 14, 8, 13, 1, 0, 0.89%, 0, 0, 5, 215.90, 234189, 581
1049, 14, 12, 13, 1, 0, 0.89%, 0, 0, 5, 202.33, 235187, 581
1054, 14, 6, 13, 1, 0, 0.89%, 0, 0, 5, 204.71, 236245, 581
1059, 14, 8, 13, 1, 0, 0.89%, 0, 0, 5, 227.66, 237379, 581
1064, 14, 6, 13, 1, 0, 0.89%, 0, 0, 5, 217.77, 238483, 581
1069, 14, 12, 13, 1, 0, 0.89%, 0, 0, 5, 209.74, 239525, 581
1074, 14, 12, 13, 1, 0, 0.89%, 0, 0, 5, 205.02, 240565, 581
1079, 14, 4, 13, 1, 0, 0.89%, 0, 0, 5, 214.26, 241637, 581
1084, 14, 4, 13, 1, 0, 0.89%, 0, 0, 5, 220.43, 242789, 581
1089, 14, 4, 13, 1, 0, 0.89%, 0, 0, 5, 220.38, 243893, 581
1094, 15, 4, 13, 1, 0, 0.89%, 0, 0, 5, 220.68, 245001, 581
1099, 15, 4, 13, 1, 0, 0.89%, 0, 0, 5, 217.00, 246097, 581
1104, 15, 4, 13, 1, 0, 0.89%, 0, 0, 5, 218.75, 247205, 581
1109, 15, 8, 13, 1, 0, 0.89%, 0, 0, 5, 228.51, 248381, 581
1114, 15, 12, 13, 1, 0, 0.89%, 0, 0, 5, 211.41, 249437, 581
1119, 15, 6, 13, 1, 0, 0.89%, 0, 0, 5, 228.73, 250571, 581
1124, 15, 12, 13, 1, 0, 0.89%, 0, 0, 5, 225.86, 251747, 581
1130, 15, 12, 13, 1, 0, 0.89%, 0, 0, 5, 209.16, 252783, 581
1135, 15, 7, 13, 1, 0, 0.89%, 0, 0, 5, 208.70, 253827, 581
1140, 15, 2, 13, 1, 0, 0.89%, 0, 0, 5, 234.57, 255085, 581
1145, 15, 2, 13, 1, 0, 0.89%, 0, 0, 5, 239.62, 256333, 581
1150, 15, 2, 13, 1, 0, 0.89%, 0, 0, 5, 241.85, 257553, 581
1155, 15, 12, 13, 1, 0, 0.89%, 0, 0, 5, 219.62, 258647, 581
1160, 15, 12, 13, 1, 0, 0.89%, 0, 0, 5, 210.52, 259699, 581
1165, 15, 6, 13, 1, 0, 0.89%, 0, 0, 5, 205.37, 260735, 581
1170, 16, 12, 13, 1, 0, 0.89%, 0, 0, 5, 207.28, 261773, 581
1175, 16, 12, 13, 1, 0, 0.89%, 0, 0, 5, 208.78, 262821, 581
1180, 16, 12, 13, 1, 0, 0.89%, 0, 0, 5, 206.33, 263869, 581
1185, 16, 6, 13, 1, 0, 0.89%, 0, 0, 5, 204.32, 264905, 581
1190, 16, 7, 13, 1, 0, 0.89%, 0, 0, 5, 219.35, 266067, 581
1196, 16, 12, 13, 1, 0, 0.89%, 0, 0, 5, 218.64, 267245, 581
1201, 16, 12, 13, 1, 0, 0.89%, 0, 0, 5, 207.46, 268277, 581
1206, 16, 12, 13, 1, 0, 0.89%, 0, 0, 5, 207.31, 269325, 581
1211, 16, 12, 13, 1, 0, 0.89%, 0, 0, 5, 205.23, 270369, 581
1216, 16, 4, 13, 1, 0, 0.89%, 0, 0, 5, 209.41, 271425, 581
1221, 16, 4, 13, 1, 0, 0.89%, 0, 0, 5, 219.93, 272541, 581
1226, 16, 4, 13, 1, 0, 0.89%, 0, 0, 5, 220.08, 273641, 581
1231, 16, 4, 13, 1, 0, 0.89%, 0, 0, 5, 220.93, 274753, 581
1236, 16, 12, 13, 1, 0, 0.89%, 0, 0, 5, 211.06, 275813, 581
1241, 17, 12, 13, 1, 0, 0.89%, 0, 0, 5, 208.99, 276853, 581
1246, 17, 12, 13, 1, 0, 0.89%, 0, 0, 5, 207.35, 277903, 581
1251, 17, 7, 13, 1, 0, 0.89%, 0, 0, 5, 221.34, 278999, 581
1256, 17, 12, 13, 1, 0, 0.89%, 0, 0, 5, 221.58, 280139, 581
1261, 17, 12, 13, 1, 0, 0.89%, 0, 0, 5, 210.83, 281191, 581
1266, 17, 6, 13, 1, 0, 0.89%, 0, 0, 5, 214.59, 282295, 581
1271, 17, 12, 13, 1, 0, 0.89%, 0, 0, 5, 209.43, 283349, 581
1276, 17, 7, 13, 1, 0, 0.89%, 0, 0, 5, 237.09, 284579, 581
1282, 17, 7, 13, 1, 0, 0.89%, 0, 0, 5, 244.38, 285831, 581
1287, 18, 7, 13, 1, 0, 0.89%, 0, 0, 5, 236.27, 287049, 581
1292, 18, 2, 13, 1, 0, 0.89%, 0, 0, 5, 241.03, 288319, 581
1297, 18, 2, 13, 1, 0, 0.89%, 0, 0, 5, 241.09, 289543, 581
1302, 18, 2, 13, 1, 0, 0.89%, 0, 0, 5, 242.78, 290767, 581
1307, 18, 12, 13, 1, 0, 0.89%, 0, 0, 5, 217.95, 291859, 581
1312, 18, 4, 13, 1, 0, 0.89%, 0, 0, 5, 214.22, 292919, 581
1317, 18, 4, 13, 1, 0, 0.89%, 0, 0, 5, 217.93, 294015, 581
1322, 18, 4, 13, 1, 0, 0.89%, 0, 0, 5, 218.13, 295115, 581
1327, 18, 8, 13, 1, 0, 0.89%, 0, 0, 5, 225.02, 296251, 581
1332, 18, 6, 13, 1, 0, 0.89%, 0, 0, 5, 225.96, 297381, 581
1337, 18, 12, 13, 1, 0, 0.89%, 0, 0, 5, 210.82, 298423, 581
1342, 18, 12, 13, 1, 0, 0.89%, 0, 0, 5, 206.93, 299457, 581
1347, 18, 7, 13, 1, 0, 0.89%, 0, 0, 5, 223.99, 300565, 581
1353, 19, 8, 13, 1, 0, 0.89%, 0, 0, 5, 238.60, 301837, 581
1358, 19, 7, 13, 1, 0, 0.89%, 0, 0, 5, 232.71, 302963, 581
1363, 19, 4, 13, 1, 0, 0.89%, 0, 0, 5, 224.92, 304097, 581
1368, 19, 4, 13, 1, 0, 0.89%, 0, 0, 5, 222.67, 305249, 581
1373, 19, 4, 13, 1, 0, 0.89%, 0, 0, 5, 220.99, 306361, 581
1378, 19, 6, 13, 1, 0, 0.89%, 0, 0, 5, 212.06, 307457, 581
1383, 19, 12, 13, 1, 0, 0.89%, 0, 0, 5, 205.80, 308491, 581
1388, 19, 2, 13, 1, 0, 0.89%, 0, 0, 5, 224.28, 309609, 581
1393, 19, 2, 13, 1, 0, 0.89%, 0, 0, 5, 238.88, 310869, 581
1399, 19, 2, 13, 1, 0, 0.89%, 0, 0, 5, 241.87, 312129, 581
1404, 19, 6, 13, 1, 0, 0.89%, 0, 0, 5, 230.11, 313291, 581
1409, 19, 2, 13, 1, 0, 0.89%, 0, 0, 5, 238.42, 314497, 581
1414, 19, 2, 13, 1, 0, 0.89%, 0, 0, 5, 241.37, 315713, 581
1419, 19, 2, 13, 1, 0, 0.89%, 0, 0, 5, 241.72, 316929, 581
1424, 20, 7, 13, 1, 0, 0.89%, 0, 0, 5, 235.69, 318129, 581
1429, 20, 8, 13, 1, 0, 0.89%, 0, 0, 5, 238.70, 319329, 581
1434, 20, 7, 13, 1, 0, 0.89%, 0, 0, 5, 229.91, 320443, 581
1439, 20, 7, 13, 1, 0, 0.89%, 0, 0, 5, 242.91, 321707, 581
1444, 20, 12, 13, 1, 0, 0.89%, 0, 0, 5, 214.59, 322765, 581
1449, 20, 6, 13, 1, 0, 0.89%, 0, 0, 5, 206.52, 323801, 581
1454, 20, 4, 13, 1, 0, 0.89%, 0, 0, 5, 225.84, 325013, 581
1459, 20, 4, 13, 1, 0, 0.89%, 0, 0, 5, 222.06, 326121, 581
1464, 20, 4, 13, 1, 0, 0.89%, 0, 0, 5, 220.71, 327225, 581
1469, 21, 6, 13, 1, 0, 0.89%, 0, 0, 5, 215.36, 328321, 581
1474, 21, 4, 13, 1, 0, 0.89%, 0, 0, 5, 216.90, 329411, 581
1480, 21, 4, 13, 1, 0, 0.89%, 0, 0, 5, 217.63, 330555, 581
1485, 21, 4, 13, 1, 0, 0.89%, 0, 0, 5, 218.22, 331675, 581
1490, 21, 6, 13, 1, 0, 0.89%, 0, 0, 5, 218.61, 332791, 581
1495, 21, 12, 13, 1, 0, 0.89%, 0, 0, 5, 218.78, 333939, 581
1500, 21, 6, 13, 1, 0, 0.89%, 0, 0, 5, 210.14, 334995, 581
1505, 21, 12, 13, 1, 0, 0.89%, 0, 0, 5, 205.94, 336033, 581
1510, 21, 4, 13, 1, 0, 0.89%, 0, 0, 5, 216.14, 337125, 581
1515, 21, 4, 13, 1, 0, 0.89%, 0, 0, 5, 215.73, 338221, 581
1520, 21, 4, 13, 1, 0, 0.89%, 0, 0, 5, 219.24, 339357, 581
1525, 21, 12, 13, 1, 0, 0.89%, 0, 0, 5, 213.42, 340433, 581
1531, 21, 2, 13, 1, 0, 0.89%, 0, 0, 5, 227.57, 341573, 581
1536, 21, 2, 13, 1, 0, 0.89%, 0, 0, 5, 238.98, 342829, 581
1541, 21, 2, 13, 1, 0, 0.89%, 0, 0, 5, 241.80, 344045, 581
1546, 21, 7, 13, 1, 0, 0.89%, 0, 0, 5, 242.26, 345295, 581
1551, 21, 4, 13, 1, 0, 0.89%, 0, 0, 5, 227.63, 346473, 581
1556, 21, 4, 13, 1, 0, 0.89%, 0, 0, 5, 221.97, 347577, 581
1561, 21, 4, 13, 1, 0, 0.89%, 0, 0, 5, 220.73, 348717, 581
1566, 22, 4, 13, 1, 0, 0.89%, 0, 0, 5, 220.97, 349859, 581
1572, 22, 4, 13, 1, 0, 0.89%, 0, 0, 5, 221.32, 350971, 581
1577, 22, 4, 13, 1, 0, 0.89%, 0, 0, 5, 220.99, 352083, 581
1582, 22, 12, 13, 1, 0, 0.89%, 0, 0, 5, 213.79, 353151, 581
1587, 22, 8, 13, 1, 0, 0.89%, 0, 0, 5, 210.01, 354207, 581
1592, 22, 8, 13, 1, 0, 0.89%, 0, 0, 5, 237.88, 355467, 581
1597, 22, 8, 13, 1, 0, 0.89%, 0, 0, 5, 227.06, 356635, 581
1602, 22, 4, 13, 1, 0, 0.89%, 0, 0, 5, 222.54, 357761, 581
1607, 22, 4, 13, 1, 0, 0.89%, 0, 0, 5, 220.59, 358909, 581
1612, 22, 4, 13, 1, 0, 0.89%, 0, 0, 5, 222.75, 360029, 581
1617, 22, 12, 13, 1, 0, 0.89%, 0, 0, 5, 212.43, 361093, 581
1622, 22, 8, 13, 1, 0, 0.89%, 0, 0, 5, 232.04, 362251, 581
1627, 22, 8, 13, 1, 0, 0.89%, 0, 0, 5, 232.72, 363455, 581
1633, 22, 2, 13, 1, 0, 0.89%, 0, 0, 5, 240.36, 364705, 581
1638, 22, 2, 13, 1, 0, 0.89%, 0, 0, 5, 242.11, 365925, 581
1643, 22, 2, 13, 1, 0, 0.89%, 0, 0, 5, 241.99, 367141, 581
1648, 23, 7, 13, 1, 0, 0.89%, 0, 0, 5, 240.50, 368335, 581
1653, 23, 12, 13, 1, 0, 0.89%, 0, 0, 5, 228.30, 369547, 581
1658, 23, 6, 13, 1, 0, 0.89%, 0, 0, 5, 208.88, 370587, 581
1663, 23, 2, 13, 1, 0, 0.89%, 0, 0, 5, 231.97, 371809, 581
1668, 23, 2, 13, 1, 0, 0.89%, 0, 0, 5, 239.73, 373021, 581
1673, 23, 2, 13, 1, 0, 0.89%, 0, 0, 5, 242.15, 374241, 581
1678, 23, 6, 13, 1, 0, 0.89%, 0, 0, 5, 223.41, 375381, 581
1684, 23, 7, 13, 1, 0, 0.89%, 0, 0, 5, 230.24, 376531, 581
1689, 23, 12, 13, 1, 0, 0.89%, 0, 0, 5, 214.38, 377601, 581
1694, 23, 12, 13, 1, 0, 0.89%, 0, 0, 5, 209.89, 378661, 581
1699, 24, 12, 13, 1, 0, 0.89%, 0, 0, 5, 217.62, 379811, 581
1704, 24, 6, 13, 1, 0, 0.89%, 0, 0, 5, 207.19, 380839, 581
1709, 24, 12, 13, 1, 0, 0.89%, 0, 0, 5, 206.22, 381873, 581
1714, 24, 4, 13, 1, 0, 0.89%, 0, 0, 5, 212.61, 382949, 581
1719, 24, 4, 13, 1, 0, 0.89%, 0, 0, 5, 219.13, 384065, 581
1724, 24, 4, 13, 1, 0, 0.89%, 0, 0, 5, 220.35, 385213, 581
1729, 24, 2, 13, 1, 0, 0.89%, 0, 0, 5, 233.02, 386377, 581
1734, 24, 2, 13, 1, 0, 0.89%, 0, 0, 5, 240.24, 387601, 581
1739, 24, 2, 13, 1, 0, 0.89%, 0, 0, 5, 244.17, 388841, 581
1745, 24, 6, 13, 1, 0, 0.89%, 0, 0, 5, 229.61, 390043, 581
1750, 24, 12, 13, 1, 0, 0.89%, 0, 0, 5, 210.48, 391085, 581
1755, 24, 8, 13, 1, 0, 0.89%, 0, 0, 5, 232.71, 392311, 581
1760, 24, 4, 13, 1, 0, 0.89%, 0, 0, 5, 222.10, 393441, 581
1765, 24, 4, 13, 1, 0, 0.89%, 0, 0, 5, 221.56, 394589, 581
1770, 24, 4, 13, 1, 0, 0.89%, 0, 0, 5, 219.35, 395689, 581
1775, 24, 4, 13, 1, 0, 0.89%, 0, 0, 5, 221.00, 396801, 581
1780, 24, 4, 13, 1, 0, 0.89%, 0, 0, 5, 217.26, 397897, 581
1785, 24, 4, 13, 1, 0, 0.89%, 0, 0, 5, 217.52, 398989, 581
1791, 25, 6, 13, 1, 0, 0.89%, 0, 0, 5, 213.32, 400109, 581
1796, 25, 12, 13, 1, 0, 0.89%, 0, 0, 5, 207.52, 401155, 581
1801, 25, 12, 13, 1, 0, 0.89%, 0, 0, 5, 204.72, 402191, 581
1806, 25, 12, 13, 1, 0, 0.89%, 0, 0, 5, 205.90, 403239, 581
1811, 25, 8, 13, 1, 0, 0.89%, 0, 0, 5, 218.06, 404327, 581
1816, 25, 4, 13, 1, 0, 0.89%, 0, 0, 5, 224.38, 405511, 581
1821, 25, 4, 13, 1, 0, 0.89%, 0, 0, 5, 221.38, 406651, 581
1826, 25, 4, 13, 1, 0, 0.89%, 0, 0, 5, 219.80, 407791, 581
1831, 25, 4, 13, 1, 0, 0.89%, 0, 0, 5, 216.72, 408889, 581
1836, 25, 4, 13, 1, 0, 0.89%, 0, 0, 5, 221.64, 410021, 581
1842, 25, 4, 13, 1, 0, 0.89%, 0, 0, 5, 219.66, 411149, 581
1847, 25, 4, 13, 1, 0, 0.89%, 0, 0, 5, 219.04, 412245, 581
1852, 25, 6, 13, 1, 0, 0.89%, 0, 0, 5, 230.14, 413393, 581
1857, 25, 4, 13, 1, 0, 0.89%, 0, 0, 5, 224.51, 414543, 581
1862, 25, 4, 13, 1, 0, 0.89%, 0, 0, 5, 221.53, 415687, 581
1867, 25, 4, 13, 1, 0, 0.89%, 0, 0, 5, 221.87, 416803, 581
1872, 25, 6, 13, 1, 0, 0.89%, 0, 0, 5, 223.22, 417929, 581
1877, 26, 4, 13, 1, 0, 0.89%, 0, 0, 5, 224.28, 419127, 581
1882, 26, 4, 13, 1, 0, 0.89%, 0, 0, 5, 223.00, 420283, 581
1888, 26, 4, 13, 1, 0, 0.89%, 0, 0, 5, 223.87, 421403, 581
1893, 26, 8, 13, 1, 0, 0.89%, 0, 0, 5, 222.22, 422515, 581
1898, 26, 12, 13, 1, 0, 0.89%, 0, 0, 5, 213.90, 423603, 581
1903, 26, 12, 13, 1, 0, 0.89%, 0, 0, 5, 210.56, 424667, 581
1908, 26, 7, 13, 1, 0, 0.89%, 0, 0, 5, 216.91, 425739, 581
1913, 26, 12, 13, 1, 0, 0.89%, 0, 0, 5, 215.52, 426853, 581
1918, 26, 6, 13, 1, 0, 0.89%, 0, 0, 5, 207.02, 427887, 581
1923, 26, 12, 13, 1, 0, 0.89%, 0, 0, 5, 207.55, 428931, 581
1928, 26, 8, 13, 1, 0, 0.89%, 0, 0, 5, 217.24, 430009, 581
1933, 27, 7, 13, 1, 0, 0.89%, 0, 0, 5, 239.25, 431249, 581
1938, 27, 4, 13, 1, 0, 0.89%, 0, 0, 5, 226.32, 432411, 581
1943, 27, 4, 13, 1, 0, 0.89%, 0, 0, 5, 221.62, 433519, 581
1948, 27, 4, 13, 1, 0, 0.89%, 0, 0, 5, 221.46, 434659, 581
1953, 27, 12, 13, 1, 0, 0.89%, 0, 0, 5, 210.53, 435717, 581
1958, 27, 2, 13, 1, 0, 0.89%, 0, 0, 5, 220.46, 436813, 581
1963, 27, 2, 13, 1, 0, 0.89%, 0, 0, 5, 237.64, 438033, 581
1969, 27, 2, 13, 1, 0, 0.89%, 0, 0, 5, 239.80, 439277, 581
1974, 27, 2, 13, 1, 0, 0.89%, 0, 0, 5, 241.19, 440533, 581
1979, 27, 2, 13, 1, 0, 0.89%, 0, 0, 5, 241.21, 441749, 581
1984, 27, 2, 13, 1, 0, 0.89%, 0, 0, 5, 242.06, 443005, 581
1989, 27, 2, 13, 1, 0, 0.89%, 0, 0, 5, 246.30, 444251, 581
1994, 27, 2, 13, 1, 0, 0.89%, 0, 0, 5, 244.57, 445475, 581
1999, 27, 2, 13, 1, 0, 0.89%, 0, 0, 5, 243.76, 446707, 581
2004, 27, 6, 13, 1, 0, 0.89%, 0, 0, 5, 232.07, 447883, 581
2009, 27, 12, 13, 1, 0, 0.89%, 0, 0, 5, 213.37, 448941, 581
2014, 27, 12, 13, 0, 0, 0.89%, 0, 0, 5, 212.31, 450023, 581
2019, 28, 4, 13, 0, 0, 0.89%, 0, 0, 5, 225.21, 451173, 581
2025, 28, 4, 13, 0, 0, 0.89%, 0, 0, 5, 224.70, 452333, 581
2030, 28, 4, 13, 0, 0, 0.89%, 0, 0, 5, 222.69, 453449, 581
2035, 28, 4, 13, 0, 0, 0.89%, 0, 0, 5, 223.05, 454609, 581
2040, 28, 12, 13, 0, 0, 0.89%, 0, 0, 5, 208.32, 455645, 581
2045, 28, 6, 13, 0, 0, 0.89%, 0, 0, 5, 218.79, 456821, 581
2050, 28, 8, 13, 0, 0, 0.89%, 0, 0, 5, 234.02, 457971, 581
2055, 28, 12, 13, 0, 0, 0.89%, 0, 0, 5, 231.05, 459179, 581
2060, 28, 12, 13, 0, 0, 0.89%, 0, 0, 5, 214.18, 460227, 581
2065, 28, 12, 13, 0, 0, 0.89%, 0, 0, 5, 208.03, 461259, 581
2070, 28, 4, 13, 0, 0, 0.89%, 0, 0, 5, 215.61, 462351, 581
2075, 28, 4, 13, 0, 0, 0.89%, 0, 0, 5, 221.01, 463471, 581
2080, 28, 4, 13, 0, 0, 0.89%, 0, 0, 5, 220.68, 464579, 581
2085, 28, 6, 13, 0, 0, 0.89%, 0, 0, 5, 224.47, 465725, 581
2091, 29, 6, 13, 0, 0, 0.89%, 0, 0, 5, 241.60, 466981, 581
2096, 29, 7, 13, 0, 0, 0.89%, 0, 0, 5, 230.34, 468131, 581
2101, 29, 8, 13, 0, 0, 0.89%, 0, 0, 5, 236.86, 469387, 581
2106, 29, 2, 13, 0, 0, 0.89%, 0, 0, 5, 237.22, 470571, 581
2111, 29, 2, 13, 0, 0, 0.89%, 0, 0, 5, 241.54, 471791, 581
2116, 29, 2, 13, 0, 0, 0.89%, 0, 0, 5, 241.73, 473007, 581
2121, 29, 6, 13, 0, 0, 0.89%, 0, 0, 5, 230.35, 474187, 581
2126, 29, 4, 13, 0, 0, 0.89%, 0, 0, 5, 216.08, 475251, 581
2131, 29, 4, 13, 0, 0, 0.89%, 0, 0, 5, 219.63, 476363, 581
2136, 29, 4, 13, 0, 0, 0.89%, 0, 0, 5, 220.21, 477511, 581
2141, 29, 6, 13, 0, 0, 0.89%, 0, 0, 5, 226.01, 478657, 581
2146, 30, 2, 13, 0, 0, 0.89%, 0, 0, 5, 228.69, 479773, 581
2151, 30, 2, 13, 0, 0, 0.89%, 0, 0, 5, 239.64, 480997, 581
2156, 30, 2, 13, 0, 0, 0.89%, 0, 0, 5, 242.90, 482225, 581
2161, 30, 12, 13, 0, 0, 0.89%, 0, 0, 5, 222.11, 483341, 581
2166, 30, 12, 13, 0, 0, 0.89%, 0, 0, 5, 209.66, 484377, 581
2171, 30, 4, 13, 0, 0, 0.89%, 0, 0, 5, 208.13, 485431, 581
2177, 30, 4, 13, 0, 0, 0.89%, 0, 0, 5, 216.08, 486563, 581
2182, 30, 4, 13, 0, 0, 0.89%, 0, 0, 5, 222.44, 487691, 581
2187, 30, 4, 13, 0, 0, 0.89%, 0, 0, 5, 221.20, 488839, 581
2192, 30, 12, 13, 0, 0, 0.89%, 0, 0, 5, 207.99, 489871, 581
2197, 30, 8, 13, 0, 0, 0.89%, 0, 0, 5, 230.63, 491059, 581
2202, 30, 6, 13, 0, 0, 0.89%, 0, 0, 5, 229.82, 492259, 581
2207, 30, 12, 13, 0, 0, 0.89%, 0, 0, 5, 214.20, 493305, 581
2212, 30, 12, 13, 0, 0, 0.89%, 0, 0, 5, 212.34, 494365, 581
2218, 30, 12, 13, 0, 0, 0.89%, 0, 0, 5, 224.92, 495547, 581
2223, 31, 6, 13, 0, 0, 0.89%, 0, 0, 5, 211.27, 496587, 581
2228, 31, 6, 13, 0, 0, 0.89%, 0, 0, 5, 222.58, 497737, 581
2233, 31, 12, 13, 0, 0, 0.89%, 0, 0, 5, 210.24, 498781, 581
2238, 31, 7, 13, 0, 0, 0.89%, 0, 0, 5, 216.10, 499885, 581
2243, 31, 8, 13, 0, 0, 0.89%, 0, 0, 5, 216.89, 500999, 581
2248, 31, 6, 13, 0, 0, 0.89%, 0, 0, 5, 228.24, 502211, 581
2253, 31, 12, 13, 0, 0, 0.89%, 0, 0, 5, 212.01, 503257, 581
2258, 32, 2, 13, 0, 0, 0.89%, 0, 0, 5, 226.39, 504379, 581
2263, 32, 2, 13, 0, 0, 0.89%, 0, 0, 5, 239.11, 505599, 581
2268, 32, 2, 13, 0, 0, 0.89%, 0, 0, 5, 243.43, 506839, 581
2273, 32, 12, 13, 0, 0, 0.89%, 0, 0, 5, 221.15, 507963, 581
2278, 32, 12, 13, 0, 0, 0.89%, 0, 0, 5, 210.75, 509011, 581
2284, 32, 7, 13, 0, 0, 0.89%, 0, 0, 5, 236.83, 510245, 581
2289, 32, 12, 13, 0, 0, 0.89%, 0, 0, 5, 211.85, 511275, 581
2294, 32, 12, 14, 1, 0, 0.89%, 0, 0, 6, 208.94, 512323, 583
2299, 32, 13, 16, 3, 1, 0.89%, 0, 0, 7, 213.97, 513392, 583
2304, 32, 13, 16, 3, 1, 0.89%, 0, 0, 7, 242.15, 514688, 583
2309, 32, 13, 16, 3, 1, 0.89%, 0, 0, 7, 247.55, 515980, 583
2314, 32, 13, 16, 3, 1, 0.89%, 0, 0, 7, 249.89, 517272, 583
2320, 32, 13, 16, 3, 1, 0.89%, 0, 0, 7, 249.58, 518572, 583
2325, 32, 13, 16, 3, 1, 0.89%, 0, 0, 7, 249.36, 519868, 583
2330, 32, 13, 16, 3, 1, 0.89%, 0, 0, 7, 249.60, 521160, 583
2335, 32, 14, 16, 2, 0, 0.89%, 0, 0, 7, 251.61, 522460, 583
2340, 32, 14, 16, 2, 0, 0.89%, 0, 0, 7, 254.07, 523755, 583
2345, 32, 14, 16, 2, 0, 0.89%, 0, 0, 7, 254.52, 525055, 583
2350, 32, 8, 16, 1, 0, 0.89%, 0, 0, 7, 240.77, 526273, 583
2355, 32, 8, 16, 1, 0, 0.89%, 0, 0, 7, 242.07, 527463, 583
2361, 33, 4, 16, 1, 0, 0.89%, 0, 0, 7, 234.11, 528671, 583
2366, 33, 4, 16, 1, 0, 0.89%, 0, 0, 7, 220.33, 529799, 583
2371, 33, 4, 16, 1, 0, 0.89%, 0, 0, 7, 218.88, 530935, 583
2376, 33, 4, 16, 1, 0, 0.89%, 0, 0, 7, 220.13, 532035, 583
2381, 33, 2, 16, 1, 0, 0.89%, 0, 0, 7, 236.73, 533243, 583
2386, 33, 2, 16, 1, 0, 0.89%, 0, 0, 7, 240.11, 534499, 583
2391, 33, 4, 16, 1, 0, 0.89%, 0, 0, 7, 239.87, 535715, 583
2396, 33, 4, 16, 1, 0, 0.89%, 0, 0, 7, 223.66, 536819, 583
2401, 33, 4, 16, 1, 0, 0.89%, 0, 0, 7, 220.49, 537959, 583
2407, 33, 4, 16, 1, 0, 0.89%, 0, 0, 7, 219.02, 539099, 583
2412, 33, 12, 16, 1, 0, 0.89%, 0, 0, 7, 207.05, 540123, 583
2417, 33, 12, 16, 1, 0, 0.89%, 0, 0, 7, 218.47, 541293, 583
2422, 33, 8, 16, 1, 0, 0.89%, 0, 0, 7, 215.58, 542353, 583
2427, 33, 6, 16, 1, 0, 0.89%, 0, 0, 7, 222.26, 543495, 583
2432, 33, 13, 16, 1, 0, 0.89%, 0, 0, 7, 243.55, 544769, 583
2437, 33, 13, 16, 1, 0, 0.89%, 0, 0, 7, 245.74, 546013, 583
2442, 33, 13, 16, 1, 0, 0.89%, 0, 0, 7, 247.78, 547257, 583
2447, 33, 13, 16, 1, 0, 0.89%, 0, 0, 7, 249.53, 548549, 583
2452, 33, 13, 16, 1, 0, 0.89%, 0, 0, 7, 250.42, 549838, 583
2457, 33, 13, 16, 1, 0, 0.89%, 0, 0, 7, 248.23, 551085, 583
2462, 33, 13, 16, 1, 0, 0.89%, 0, 0, 7, 247.91, 552329, 583
2467, 33, 13, 16, 1, 0, 0.89%, 0, 0, 7, 250.55, 553588, 583
2473, 33, 13, 16, 1, 0, 0.89%, 0, 0, 7, 250.40, 554893, 583
2478, 33, 13, 16, 1, 0, 0.89%, 0, 0, 7, 249.05, 556181, 583
2483, 33, 13, 16, 1, 0, 0.89%, 0, 0, 7, 249.13, 557477, 583
2488, 33, 13, 16, 1, 0, 0.89%, 0, 0, 7, 249.16, 558773, 583
2493, 33, 13, 16, 1, 0, 0.89%, 0, 0, 7, 249.87, 560073, 583
2499, 33, 13, 16, 1, 0, 0.89%, 0, 0, 7, 249.97, 561373, 583
2504, 33, 14, 16, 1, 0, 0.89%, 0, 0, 7, 249.46, 562617, 583
2509, 33, 14, 16, 1, 0, 0.89%, 0, 0, 7, 252.62, 563904, 583
2514, 33, 13, 16, 1, 0, 0.89%, 0, 0, 7, 245.51, 565149, 583
2519, 33, 13, 16, 1, 0, 0.89%, 0, 0, 7, 246.38, 566433, 583
2524, 33, 13, 16, 1, 0, 0.89%, 0, 0, 7, 247.29, 567673, 583
2529, 33, 13, 16, 1, 0, 0.89%, 0, 0, 7, 249.24, 568977, 583
2535, 33, 13, 16, 1, 0, 0.89%, 0, 0, 7, 250.78, 570279, 583
2540, 33, 13, 16, 1, 0, 0.89%, 0, 0, 7, 250.48, 571539, 583
2545, 33, 13, 16, 1, 0, 0.89%, 0, 0, 7, 248.58, 572789, 583
2550, 33, 13, 16, 1, 0, 0.89%, 0, 0, 7, 249.03, 574033, 583
2555, 33, 13, 16, 1, 0, 0.89%, 0, 0, 7, 248.07, 575281, 583
2560, 33, 13, 16, 1, 0, 0.89%, 0, 0, 7, 246.10, 576561, 583
2565, 33, 13, 16, 1, 0, 0.89%, 0, 0, 7, 247.84, 577797, 583
2570, 33, 13, 16, 1, 0, 0.89%, 0, 0, 7, 244.11, 579025, 583
2575, 33, 13, 16, 1, 0, 0.89%, 0, 0, 7, 249.27, 580329, 583
2580, 33, 13, 16, 1, 0, 0.89%, 0, 0, 7, 249.96, 581621, 583
2585, 33, 13, 16, 1, 0, 0.89%, 0, 0, 7, 250.14, 582879, 583
2590, 33, 12, 16, 1, 0, 0.89%, 0, 0, 7, 239.73, 584083, 583
2595, 33, 12, 16, 1, 0, 0.89%, 0, 0, 7, 213.81, 585131, 583
2600, 33, 12, 16, 1, 0, 0.89%, 0, 0, 7, 206.63, 586169, 583
2606, 34, 12, 16, 1, 0, 0.89%, 0, 0, 7, 227.44, 587349, 583
2611, 34, 12, 16, 1, 0, 0.89%, 0, 0, 7, 207.98, 588373, 583
2616, 34, 12, 16, 1, 0, 0.89%, 0, 0, 7, 231.04, 589597, 583
2621, 34, 12, 16, 1, 0, 0.89%, 0, 0, 7, 211.34, 590637, 583
2626, 34, 7, 16, 1, 0, 0.89%, 0, 0, 7, 237.97, 591871, 583
2631, 34, 4, 16, 1, 0, 0.89%, 0, 0, 7, 224.62, 592991, 583
2636, 34, 4, 16, 1, 0, 0.89%, 0, 0, 7, 219.70, 594095, 583
2641, 34, 4, 16, 1, 0, 0.89%, 0, 0, 7, 218.58, 595223, 583
2647, 34, 14, 16, 1, 0, 0.89%, 0, 0, 7, 238.19, 596441, 583
2652, 34, 7, 16, 1, 0, 0.89%, 0, 0, 7, 249.44, 597747, 583
2657, 34, 12, 16, 1, 0, 0.89%, 0, 0, 7, 231.62, 598927, 583
2662, 34, 12, 16, 1, 0, 0.89%, 0, 0, 7, 212.83, 599987, 583
2667, 34, 7, 16, 1, 0, 0.89%, 0, 0, 7, 218.22, 601067, 583
2672, 35, 2, 16, 1, 0, 0.89%, 0, 0, 7, 243.86, 602359, 583
2677, 35, 2, 16, 1, 0, 0.89%, 0, 0, 7, 242.16, 603583, 583
2682, 35, 2, 16, 1, 0, 0.89%, 0, 0, 7, 241.33, 604803, 583
2687, 35, 8, 16, 1, 0, 0.89%, 0, 0, 7, 234.20, 606009, 583
2692, 35, 14, 16, 1, 0, 0.89%, 0, 0, 7, 237.64, 607231, 583
2698, 35, 14, 16, 1, 0, 0.89%, 0, 0, 7, 249.89, 608550, 583
2703, 35, 12, 16, 1, 0, 0.89%, 0, 0, 7, 215.03, 609599, 583
2708, 35, 12, 16, 1, 0, 0.89%, 0, 0, 7, 208.39, 610643, 583
2713, 35, 12, 16, 1, 0, 0.89%, 0, 0, 7, 205.43, 611683, 583
2718, 35, 12, 16, 1, 0, 0.89%, 0, 0, 7, 206.91, 612731, 583
2723, 35, 8, 16, 1, 0, 0.89%, 0, 0, 7, 211.46, 613789, 583
2728, 35, 4, 16, 1, 0, 0.89%, 0, 0, 7, 220.65, 614917, 583
2733, 35, 4, 16, 1, 0, 0.89%, 0, 0, 7, 218.39, 616017, 583
2738, 35, 4, 16, 1, 0, 0.89%, 0, 0, 7, 223.22, 617145, 583
2743, 35, 13, 16, 1, 0, 0.89%, 0, 0, 7, 230.98, 618293, 583
2748, 35, 13, 16, 1, 0, 0.89%, 0, 0, 7, 244.21, 619541, 583
2753, 35, 13, 16, 1, 0, 0.89%, 0, 0, 7, 246.60, 620785, 583
2758, 35, 13, 16, 1, 0, 0.89%, 0, 0, 7, 247.39, 622073, 583
2763, 35, 13, 16, 1, 0, 0.89%, 0, 0, 7, 248.75, 623321, 583
2768, 35, 13, 16, 1, 0, 0.89%, 0, 0, 7, 248.61, 624573, 583
2773, 35, 13, 16, 1, 0, 0.89%, 0, 0, 7, 248.58, 625821, 583
2778, 35, 13, 16, 1, 0, 0.89%, 0, 0, 7, 250.58, 627081, 583
2784, 35, 13, 16, 1, 0, 0.89%, 0, 0, 7, 249.48, 628377, 583
2789, 35, 13, 16, 1, 0, 0.89%, 0, 0, 7, 251.55, 629656, 583
2794, 35, 13, 16, 1, 0, 0.89%, 0, 0, 7, 250.45, 630946, 583
2799, 35, 13, 16, 1, 0, 0.89%, 0, 0, 7, 249.27, 632193, 583
2804, 35, 13, 16, 1, 0, 0.89%, 0, 0, 7, 249.38, 633485, 583
2809, 35, 13, 16, 1, 0, 0.89%, 0, 0, 7, 249.58, 634781, 583
2814, 35, 13, 16, 1, 0, 0.89%, 0, 0, 7, 250.61, 636081, 583
2819, 35, 12, 16, 1, 0, 0.89%, 0, 0, 7, 226.73, 637229, 583
2824, 36, 12, 16, 1, 0, 0.89%, 0, 0, 7, 211.43, 638275, 583
2830, 36, 12, 16, 1, 0, 0.89%, 0, 0, 7, 207.68, 639327, 583
2835, 36, 12, 16, 1, 0, 0.89%, 0, 0, 7, 205.67, 640363, 583
2840, 36, 6, 16, 1, 0, 0.89%, 0, 0, 7, 237.03, 641639, 583
2845, 36, 13, 16, 1, 0, 0.89%, 0, 0, 7, 231.83, 642791, 583
2850, 36, 13, 16, 1, 0, 0.89%, 0, 0, 7, 246.87, 644091, 583
2855, 36, 13, 16, 1, 0, 0.89%, 0, 0, 7, 251.56, 645357, 583
2860, 36, 13, 16, 1, 0, 0.89%, 0, 0, 7, 251.83, 646652, 583
2865, 36, 13, 16, 1, 0, 0.89%, 0, 0, 7, 248.45, 647899, 583
2870, 36, 13, 16, 1, 0, 0.89%, 0, 0, 7, 250.58, 649202, 583
2875, 36, 13, 16, 1, 0, 0.89%, 0, 0, 7, 249.60, 650447, 583
2881, 36, 13, 16, 1, 0, 0.89%, 0, 0, 7, 250.44, 651747, 583
2886, 36, 13, 16, 1, 0, 0.89%, 0, 0, 7, 250.76, 653007, 583
2891, 36, 13, 16, 1, 0, 0.89%, 0, 0, 7, 250.18, 654307, 583
2896, 36, 13, 16, 1, 0, 0.89%, 0, 0, 7, 251.51, 655582, 583
2901, 36, 13, 16, 1, 0, 0.89%, 0, 0, 7, 250.93, 656887, 583
2906, 36, 13, 16, 1, 0, 0.89%, 0, 0, 7, 250.94, 658192, 583
2911, 36, 13, 16, 1, 0, 0.89%, 0, 0, 7, 252.14, 659472, 583
2916, 36, 13, 16, 1, 0, 0.89%, 0, 0, 7, 251.81, 660757, 583
2921, 36, 4, 16, 1, 0, 0.89%, 0, 0, 7, 236.46, 661943, 583
2926, 36, 4, 16, 1, 0, 0.89%, 0, 0, 7, 223.91, 663055, 583
2931, 36, 4, 16, 1, 0, 0.89%, 0, 0, 7, 219.22, 664151, 583
2936, 36, 4, 16, 1, 0, 0.89%, 0, 0, 7, 219.78, 665261, 583
2942, 36, 4, 16, 1, 0, 0.89%, 0, 0, 7, 221.74, 666409, 583
2947, 36, 4, 16, 1, 0, 0.89%, 0, 0, 7, 224.04, 667521, 583
2952, 36, 6, 16, 1, 0, 0.89%, 0, 0, 7, 220.50, 668661, 583
2957, 36, 12, 16, 1, 0, 0.89%, 0, 0, 7, 210.09, 669703, 583
2962, 36, 12, 16, 1, 0, 0.89%, 0, 0, 7, 207.79, 670755, 583
2967, 36, 4, 16, 1, 0, 0.89%, 0, 0, 7, 218.38, 671875, 583
2972, 36, 4, 16, 1, 0, 0.89%, 0, 0, 7, 222.76, 672995, 583
2977, 36, 4, 16, 1, 0, 0.89%, 0, 0, 7, 221.57, 674143, 583
2982, 36, 4, 16, 1, 0, 0.89%, 0, 0, 7, 219.78, 675247, 583
2987, 37, 12, 16, 1, 0, 0.89%, 0, 0, 7, 210.48, 676299, 583
2993, 37, 8, 16, 1, 0, 0.89%, 0, 0, 7, 228.83, 677489, 583
2998, 37, 12, 16, 1, 0, 0.89%, 0, 0, 7, 211.66, 678543, 583
3003, 37, 12, 16, 1, 0, 0.89%, 0, 0, 7, 217.51, 679653, 583
3008, 37, 4, 16, 1, 0, 0.89%, 0, 0, 7, 211.09, 680697, 583
3013, 37, 4, 16, 1, 0, 0.89%, 0, 0, 7, 221.35, 681861, 583
3018, 37, 4, 16, 1, 0, 0.89%, 0, 0, 7, 220.37, 683001, 583
3023, 37, 4, 16, 1, 0, 0.89%, 0, 0, 7, 222.27, 684129, 583
3028, 37, 12, 16, 1, 0, 0.89%, 0, 0, 7, 211.31, 685175, 583
3033, 37, 8, 16, 1, 0, 0.89%, 0, 0, 7, 228.56, 686365, 583
3038, 37, 2, 16, 1, 0, 0.89%, 0, 0, 7, 242.05, 687637, 583
3044, 37, 2, 16, 1, 0, 0.89%, 0, 0, 7, 241.73, 688893, 583
3049, 37, 2, 16, 1, 0, 0.89%, 0, 0, 7, 241.41, 690109, 583
3054, 37, 8, 16, 1, 0, 0.89%, 0, 0, 7, 246.87, 691383, 583
3059, 37, 7, 16, 1, 0, 0.89%, 0, 0, 7, 243.38, 692623, 583
3064, 37, 12, 16, 1, 0, 0.89%, 0, 0, 7, 214.82, 693665, 583
3069, 38, 12, 16, 1, 0, 0.89%, 0, 0, 7, 207.59, 694709, 583
3074, 38, 12, 16, 1, 0, 0.89%, 0, 0, 7, 206.18, 695745, 583
3079, 38, 13, 16, 1, 0, 0.89%, 0, 0, 7, 233.97, 696921, 583
3084, 38, 13, 16, 1, 0, 0.89%, 0, 0, 7, 247.10, 698221, 583
3090, 38, 13, 16, 1, 0, 0.89%, 0, 0, 7, 249.22, 699521, 583
3095, 38, 13, 16, 1, 0, 0.89%, 0, 0, 7, 248.74, 700809, 583
3100, 38, 13, 16, 1, 0, 0.89%, 0, 0, 7, 250.46, 702071, 583
3105, 38, 13, 16, 1, 0, 0.89%, 0, 0, 7, 249.87, 703321, 583
3110, 38, 13, 16, 1, 0, 0.89%, 0, 0, 7, 250.35, 704621, 583
3115, 38, 13, 16, 1, 0, 0.89%, 0, 0, 7, 252.02, 705926, 583
3120, 38, 13, 16, 1, 0, 0.89%, 0, 0, 7, 250.75, 707196, 583
3125, 38, 13, 16, 1, 0, 0.89%, 0, 0, 7, 250.92, 708451, 583
3131, 38, 13, 16, 1, 0, 0.89%, 0, 0, 7, 250.60, 709751, 583
3136, 38, 13, 16, 1, 0, 0.89%, 0, 0, 7, 250.05, 711051, 583
3141, 38, 13, 16, 1, 0, 0.89%, 0, 0, 7, 246.81, 712333, 583
3146, 38, 13, 16, 1, 0, 0.89%, 0, 0, 7, 248.50, 713629, 583
3151, 38, 13, 16, 1, 0, 0.89%, 0, 0, 7, 252.28, 714906, 583
3156, 38, 7, 16, 1, 0, 0.89%, 0, 0, 7, 248.69, 716177, 583
3162, 38, 7, 16, 1, 0, 0.89%, 0, 0, 7, 241.69, 717429, 583
3167, 38, 8, 16, 1, 0, 0.89%, 0, 0, 7, 249.60, 718704, 583
3172, 38, 12, 16, 1, 0, 0.89%, 0, 0, 7, 231.74, 719861, 583
3177, 38, 8, 16, 1, 0, 0.89%, 0, 0, 7, 216.75, 720921, 583
3182, 38, 6, 16, 1, 0, 0.89%, 0, 0, 7, 228.02, 722101, 583
3187, 38, 6, 16, 1, 0, 0.89%, 0, 0, 7, 239.92, 723359, 583
3192, 39, 12, 16, 1, 0, 0.89%, 0, 0, 7, 213.09, 724389, 583
3197, 39, 12, 16, 1, 0, 0.89%, 0, 0, 7, 210.31, 725481, 583
3202, 39, 8, 16, 1, 0, 0.89%, 0, 0, 7, 226.12, 726625, 583
3207, 39, 12, 16, 1, 0, 0.89%, 0, 0, 7, 218.42, 727741, 583
3212, 39, 12, 16, 1, 0, 0.89%, 0, 0, 7, 211.27, 728797, 583
3217, 39, 14, 16, 1, 0, 0.89%, 0, 0, 7, 226.28, 729917, 583
3222, 39, 8, 16, 1, 0, 0.89%, 0, 0, 7, 249.26, 731231, 583
3227, 39, 12, 16, 1, 0, 0.89%, 0, 0, 7, 241.36, 732427, 583
3232, 39, 12, 16, 1, 0, 0.89%, 0, 0, 7, 218.67, 733491, 583
3237, 39, 12, 16, 1, 0, 0.89%, 0, 0, 7, 210.42, 734537, 583
3242, 39, 7, 16, 1, 0, 0.89%, 0, 0, 7, 227.27, 735717, 583
3248, 40, 7, 16, 1, 0, 0.89%, 0, 0, 7, 243.51, 737005, 583
3253, 40, 15, 16, 1, 0, 0.89%, 0, 0, 7, 252.15, 738328, 583
3258, 40, 15, 16, 1, 0, 0.89%, 0, 0, 7, 256.28, 739628, 583
3263, 40, 15, 16, 1, 0, 0.89%, 0, 0, 7, 257.82, 740938, 583
3268, 40, 12, 16, 0, 0, 0.89%, 0, 0, 7, 228.33, 742081, 583
3273, 40, 8, 16, 0, 0, 0.89%, 0, 0, 7, 226.33, 743181, 583
3278, 40, 6, 16, 0, 0, 0.89%, 0, 0, 7, 240.12, 744443, 583
3283, 40, 12, 16, 0, 0, 0.89%, 0, 0, 7, 247.90, 745749, 583
3288, 40, 12, 16, 0, 0, 0.89%, 0, 0, 7, 216.56, 746801, 583
3294, 40, 12, 16, 0, 0, 0.89%, 0, 0, 7, 208.60, 747849, 583
3299, 40, 2, 16, 0, 0, 0.89%, 0, 0, 7, 238.84, 749123, 583
3304, 40, 2, 16, 0, 0, 0.89%, 0, 0, 7, 244.73, 750363, 583
3309, 40, 2, 16, 0, 0, 0.89%, 0, 0, 7, 244.89, 751591, 583
3314, 40, 13, 16, 0, 0, 0.89%, 0, 0, 7, 236.61, 752777, 583
3319, 40, 13, 16, 0, 0, 0.89%, 0, 0, 7, 245.66, 754017, 583
3324, 40, 13, 16, 0, 0, 0.89%, 0, 0, 7, 248.97, 755313, 583
3329, 40, 13, 16, 0, 0, 0.89%, 0, 0, 7, 251.29, 756573, 583
3334, 40, 13, 16, 0, 0, 0.89%, 0, 0, 7, 250.16, 757878, 583
3339, 40, 13, 16, 0, 0, 0.89%, 0, 0, 7, 249.68, 759169, 583
3345, 40, 13, 16, 0, 0, 0.89%, 0, 0, 7, 249.81, 760465, 583
3350, 40, 13, 16, 0, 0, 0.89%, 0, 0, 7, 248.69, 761709, 583
3355, 40, 13, 16, 0, 0, 0.89%, 0, 0, 7, 248.92, 763001, 583
3360, 40, 13, 16, 0, 0, 0.89%, 0, 0, 7, 247.14, 764245, 583
3365, 40, 13, 16, 0, 0, 0.89%, 0, 0, 7, 250.40, 765543, 583
3370, 40, 13, 16, 0, 0, 0.89%, 0, 0, 7, 250.41, 766803, 583
3375, 40, 13, 16, 0, 0, 0.89%, 0, 0, 7, 249.82, 768101, 583
3380, 40, 13, 16, 0, 0, 0.89%, 0, 0, 7, 250.76, 769358, 583
3385, 40, 13, 16, 0, 0, 0.89%, 0, 0, 7, 246.34, 770629, 583
3391, 40, 7, 16, 0, 0, 0.89%, 0, 0, 7, 251.49, 771939, 583
3396, 40, 7, 16, 0, 0, 0.89%, 0, 0, 7, 247.44, 773169, 583
3401, 41, 14, 16, 0, 0, 0.89%, 0, 0, 7, 252.72, 774455, 583
3406, 41, 8, 16, 0, 0, 0.89%, 0, 0, 7, 241.22, 775707, 583
3411, 41, 8, 16, 0, 0, 0.89%, 0, 0, 7, 242.77, 776967, 583
3416, 41, 7, 16, 0, 0, 0.89%, 0, 0, 7, 240.07, 778195, 583
3421, 41, 8, 16, 0, 0, 0.89%, 0, 0, 7, 240.62, 779455, 583
3426, 41, 12, 16, 0, 0, 0.89%, 0, 0, 7, 214.57, 780509, 583
3432, 41, 4, 16, 0, 0, 0.89%, 0, 0, 7, 215.84, 781637, 583
3437, 41, 4, 16, 0, 0, 0.89%, 0, 0, 7, 218.70, 782741, 583
3442, 41, 4, 16, 0, 0, 0.89%, 0, 0, 7, 220.04, 783893, 583
3447, 41, 2, 16, 0, 0, 0.89%, 0, 0, 7, 230.98, 785087, 583
3452, 41, 2, 16, 0, 0, 0.89%, 0, 0, 7, 239.19, 786347, 583
3457, 41, 2, 16, 0, 0, 0.89%, 0, 0, 7, 241.36, 787563, 583
3462, 41, 12, 16, 0, 0, 0.89%, 0, 0, 7, 236.42, 788765, 583
3467, 41, 4, 16, 0, 0, 0.89%, 0, 0, 7, 216.90, 789829, 583
3472, 41, 4, 16, 0, 0, 0.89%, 0, 0, 7, 222.05, 790953, 583
3477, 41, 4, 16, 0, 0, 0.89%, 0, 0, 7, 221.47, 792061, 583
3483, 41, 4, 16, 0, 0, 0.89%, 0, 0, 7, 219.62, 793197, 583
3488, 42, 4, 16, 0, 0, 0.89%, 0, 0, 7, 229.86, 794409, 583
3493, 42, 4, 16, 0, 0, 0.89%, 0, 0, 7, 221.24, 795501, 583
3498, 42, 4, 16, 0, 0, 0.89%, 0, 0, 7, 221.52, 796653, 583
3503, 42, 4, 16, 0, 0, 0.89%, 0, 0, 7, 221.34, 797765, 583
3508, 42, 12, 16, 0, 0, 0.89%, 0, 0, 7, 224.74, 798969, 583
3513, 42, 12, 16, 0, 0, 0.89%, 0, 0, 7, 206.65, 799993, 583
3518, 42, 8, 16, 0, 0, 0.89%, 0, 0, 7, 208.96, 801045, 583
3523, 42, 12, 16, 0, 0, 0.89%, 0, 0, 7, 227.14, 802213, 583
3528, 42, 12, 16, 0, 0, 0.89%, 0, 0, 7, 210.19, 803253, 583
3534, 42, 4, 16, 0, 0, 0.89%, 0, 0, 7, 225.19, 804455, 583
3539, 42, 4, 16, 0, 0, 0.89%, 0, 0, 7, 220.29, 805551, 583
3544, 42, 4, 16, 0, 0, 0.89%, 0, 0, 7, 219.11, 806667, 583
3549, 42, 4, 16, 0, 0, 0.89%, 0, 0, 7, 220.47, 807783, 583
3554, 42, 4, 16, 0, 0, 0.89%, 0, 0, 7, 217.57, 808875, 583
3559, 42, 4, 16, 0, 0, 0.89%, 0, 0, 7, 221.71, 809987, 583
3564, 42, 4, 16, 0, 0, 0.89%, 0, 0, 7, 220.87, 811095, 583
3569, 42, 12, 16, 0, 0, 0.89%, 0, 0, 7, 208.57, 812131, 583
3574, 42, 12, 16, 0, 0, 0.89%, 0, 0, 7, 209.00, 813191, 583
3579, 42, 8, 16, 0, 0, 0.89%, 0, 0, 7, 222.13, 814293, 583
3584, 42, 12, 16, 0, 0, 0.89%, 0, 0, 7, 213.86, 815359, 583
3589, 43, 12, 16, 0, 0, 0.89%, 0, 0, 7, 207.67, 816391, 583
3594, 43, 8, 16, 0, 0, 0.89%, 0, 0, 7, 224.95, 817547, 583
3599, 43, 13, 16, 0, 0, 0.89%, 0, 0, 7, 241.95, 818813, 583
3604, 43, 13, 16, 0, 0, 0.89%, 0, 0, 7, 247.23, 820105, 583
3610, 43, 13, 16, 0, 0, 0.89%, 0, 0, 7, 249.90, 821401, 583
3615, 43, 13, 16, 0, 0, 0.89%, 0, 0, 7, 248.63, 822653, 583
3620, 43, 13, 16, 0, 0, 0.89%, 0, 0, 7, 247.41, 823941, 583
3625, 43, 13, 16, 0, 0, 0.89%, 0, 0, 7, 248.17, 825185, 583
3630, 43, 13, 16, 0, 0, 0.89%, 0, 0, 7, 249.35, 826481, 583
3635, 43, 13, 16, 0, 0, 0.89%, 0, 0, 7, 249.32, 827777, 583
3640, 43, 13, 16, 0, 0, 0.89%, 0, 0, 7, 249.52, 829069, 583
3646, 43, 13, 16, 0, 0, 0.89%, 0, 0, 7, 250.13, 830376, 583
3651, 43, 13, 16, 0, 0, 0.89%, 0, 0, 7, 250.32, 831661, 583
3656, 43, 13, 16, 0, 0, 0.89%, 0, 0, 7, 249.86, 832957, 583
3661, 43, 13, 16, 0, 0, 0.89%, 0, 0, 7, 249.40, 834257, 583
3666, 43, 13, 16, 0, 0, 0.89%, 0, 0, 7, 246.84, 835493, 583
3671, 43, 13, 16, 0, 0, 0.89%, 0, 0, 7, 241.95, 836733, 583
3676, 43, 12, 16, 0, 0, 0.89%, 0, 0, 7, 221.59, 837879, 583
