# relative_time, cycles_done, cur_item, corpus_count, pending_total, pending_favs, map_size, saved_crashes, saved_hangs, max_depth, execs_per_sec, total_execs, edges_found
60, 0, 133, 178, 176, 18, 1.04%, 4, 0, 3, 657.13, 41316, 682
65, 0, 133, 184, 182, 18, 1.04%, 4, 0, 3, 701.49, 44906, 682
70, 0, 133, 190, 188, 18, 1.04%, 5, 0, 3, 714.48, 48524, 682
75, 0, 133, 193, 191, 18, 1.04%, 5, 0, 3, 715.00, 52216, 682
80, 0, 133, 196, 194, 18, 1.04%, 6, 0, 3, 716.89, 55838, 682
86, 0, 133, 199, 197, 18, 1.04%, 7, 0, 3, 683.12, 59268, 682
91, 0, 133, 201, 199, 18, 1.04%, 7, 0, 3, 690.18, 62846, 682
96, 0, 133, 203, 201, 18, 1.04%, 7, 0, 3, 703.15, 66492, 682
101, 0, 178, 207, 204, 17, 1.04%, 8, 0, 4, 688.06, 69967, 682
106, 0, 178, 213, 210, 17, 1.04%, 9, 0, 4, 656.26, 73356, 682
111, 0, 178, 217, 214, 17, 1.04%, 9, 0, 4, 669.59, 76742, 682
116, 0, 178, 219, 216, 17, 1.05%, 9, 0, 4, 671.53, 80164, 685
121, 0, 178, 220, 217, 17, 1.05%, 9, 0, 4, 670.77, 83565, 685
126, 0, 178, 225, 222, 17, 1.05%, 9, 0, 4, 669.11, 86946, 685
132, 0, 178, 229, 226, 17, 1.05%, 10, 0, 4, 675.45, 90462, 686
137, 0, 178, 232, 229, 17, 1.05%, 10, 0, 4, 672.78, 93879, 686
142, 0, 178, 232, 229, 17, 1.05%, 11, 0, 4, 669.62, 97272, 686
147, 0, 178, 234, 231, 17, 1.05%, 11, 0, 4, 674.43, 100668, 686
152, 0, 12, 235, 229, 13, 1.05%, 11, 0, 4, 673.02, 104065, 686
157, 0, 234, 241, 234, 12, 1.05%, 12, 0, 4, 675.96, 107498, 686
162, 0, 234, 242, 235, 12, 1.05%, 13, 0, 4, 682.26, 110925, 686
167, 0, 234, 244, 237, 12, 1.05%, 13, 0, 4, 679.82, 114347, 686
172, 0, 234, 244, 237, 12, 1.05%, 13, 0, 4, 668.40, 117714, 686
177, 0, 234, 244, 237, 12, 1.05%, 13, 0, 4, 679.38, 121120, 686
182, 0, 234, 245, 238, 12, 1.05%, 14, 0, 4, 684.15, 124547, 686
187, 0, 234, 247, 240, 12, 1.05%, 14, 0, 4, 689.61, 128124, 686
192, 0, 234, 248, 241, 12, 1.05%, 14, 0, 4, 685.45, 131551, 686
197, 0, 234, 248, 241, 12, 1.05%, 14, 0, 4, 683.66, 134983, 686
202, 0, 232, 248, 240, 10, 1.05%, 15, 0, 4, 633.58, 138316, 686
207, 0, 240, 249, 240, 9, 1.05%, 15, 0, 5, 592.40, 141164, 686
213, 0, 239, 258, 248, 8, 1.05%, 16, 0, 5, 687.35, 144884, 690
218, 0, 239, 260, 250, 8, 1.05%, 16, 0, 5, 697.00, 148501, 690
223, 0, 239, 260, 250, 8, 1.05%, 16, 0, 5, 702.49, 152056, 690
228, 0, 239, 261, 251, 8, 1.05%, 16, 0, 5, 701.57, 155564, 690
233, 0, 239, 262, 252, 8, 1.05%, 16, 0, 5, 691.41, 159021, 690
238, 0, 239, 262, 252, 8, 1.05%, 16, 0, 5, 678.90, 162414, 690
243, 0, 239, 263, 253, 8, 1.06%, 17, 0, 5, 697.01, 166010, 692
248, 0, 239, 263, 253, 8, 1.06%, 17, 0, 5, 695.40, 169611, 692
253, 0, 239, 264, 254, 8, 1.06%, 18, 0, 5, 692.18, 173181, 692
258, 0, 75, 264, 252, 8, 1.06%, 18, 0, 5, 679.16, 176596, 692
263, 0, 225, 266, 253, 7, 1.06%, 18, 0, 5, 677.01, 179980, 692
268, 0, 225, 269, 256, 7, 1.06%, 19, 0, 5, 676.90, 183397, 692
273, 0, 225, 270, 257, 7, 1.06%, 19, 0, 5, 677.12, 186798, 692
279, 0, 225, 273, 260, 7, 1.06%, 20, 0, 5, 672.70, 190189, 692
284, 0, 225, 273, 260, 7, 1.06%, 20, 0, 5, 677.50, 193608, 692
289, 0, 225, 275, 262, 7, 1.06%, 21, 0, 5, 676.72, 197030, 692
294, 0, 225, 276, 263, 7, 1.06%, 21, 0, 5, 675.21, 200418, 692
299, 0, 225, 276, 263, 7, 1.06%, 21, 0, 5, 673.85, 203824, 692
304, 0, 225, 277, 264, 7, 1.06%, 21, 0, 5, 655.10, 207121, 692
309, 0, 225, 278, 265, 7, 1.06%, 21, 0, 5, 663.92, 210457, 692
314, 0, 261, 278, 263, 6, 1.06%, 21, 0, 5, 670.76, 213864, 692
319, 0, 239, 278, 259, 2, 1.06%, 21, 0, 5, 658.08, 217143, 692
324, 0, 239, 278, 258, 1, 1.06%, 21, 0, 5, 676.04, 220566, 692
329, 0, 226, 282, 262, 1, 1.06%, 22, 0, 5, 667.29, 223943, 692
334, 0, 226, 283, 263, 1, 1.06%, 22, 0, 5, 667.50, 227318, 692
339, 0, 226, 285, 265, 1, 1.06%, 22, 0, 5, 665.47, 230687, 692
344, 0, 226, 286, 266, 1, 1.06%, 22, 0, 5, 668.08, 234076, 692
349, 0, 226, 286, 266, 1, 1.06%, 22, 0, 5, 669.07, 237469, 692
354, 0, 226, 286, 266, 1, 1.06%, 22, 0, 5, 671.96, 240875, 692
359, 0, 226, 286, 266, 1, 1.06%, 22, 0, 5, 674.01, 244307, 692
364, 0, 226, 286, 266, 1, 1.06%, 22, 0, 5, 674.12, 247739, 692
369, 0, 226, 287, 267, 1, 1.06%, 22, 0, 5, 652.35, 251010, 692
375, 0, 107, 287, 266, 1, 1.06%, 22, 0, 5, 645.09, 254294, 692
380, 0, 251, 288, 266, 1, 1.06%, 22, 0, 5, 656.36, 257596, 692
385, 0, 216, 288, 266, 1, 1.06%, 22, 0, 5, 693.79, 261198, 692
390, 0, 83, 288, 265, 1, 1.06%, 22, 0, 5, 660.99, 264503, 692
395, 0, 251, 288, 263, 0, 1.06%, 22, 0, 5, 676.69, 267910, 692
400, 0, 251, 288, 263, 0, 1.06%, 22, 0, 5, 685.06, 271485, 692
405, 0, 251, 288, 263, 0, 1.06%, 22, 0, 5, 678.33, 274912, 692
410, 0, 251, 288, 263, 0, 1.06%, 22, 0, 5, 689.41, 278485, 692
415, 0, 251, 288, 263, 0, 1.06%, 22, 0, 5, 689.95, 282060, 692
421, 0, 251, 288, 263, 0, 1.06%, 22, 0, 5, 693.06, 285630, 692
426, 0, 251, 289, 264, 0, 1.06%, 23, 0, 6, 692.52, 289213, 692
431, 0, 239, 289, 264, 0, 1.06%, 23, 0, 6, 689.17, 292810, 692
436, 0, 251, 290, 264, 0, 1.06%, 24, 0, 6, 642.31, 295934, 692
441, 0, 239, 290, 264, 0, 1.06%, 24, 0, 6, 685.23, 299496, 692
446, 0, 251, 291, 265, 0, 1.06%, 24, 0, 6, 689.80, 303063, 692
451, 0, 251, 291, 265, 0, 1.06%, 24, 0, 6, 690.69, 306508, 692
456, 0, 251, 291, 265, 0, 1.06%, 24, 0, 6, 683.41, 309923, 692
462, 0, 251, 291, 265, 0, 1.06%, 25, 0, 6, 689.85, 313494, 692
467, 0, 251, 291, 265, 0, 1.06%, 25, 0, 6, 697.56, 317078, 692
472, 0, 239, 293, 267, 0, 1.06%, 25, 0, 6, 671.90, 320584, 692
477, 0, 251, 293, 267, 0, 1.06%, 25, 0, 6, 682.08, 324014, 692
482, 0, 41, 294, 268, 0, 1.06%, 25, 0, 6, 684.66, 327590, 692
487, 0, 251, 294, 268, 0, 1.06%, 25, 0, 6, 669.17, 330914, 692
492, 0, 251, 295, 269, 0, 1.06%, 25, 0, 6, 692.21, 334497, 692
497, 0, 251, 295, 269, 0, 1.06%, 25, 0, 6, 691.09, 338077, 692
503, 0, 239, 295, 269, 0, 1.06%, 25, 0, 6, 675.08, 341557, 692
508, 0, 239, 295, 269, 0, 1.06%, 25, 0, 6, 673.03, 345044, 692
513, 0, 251, 295, 269, 0, 1.06%, 25, 0, 6, 681.87, 348464, 692
518, 0, 251, 295, 269, 0, 1.06%, 25, 0, 6, 682.13, 352029, 692
523, 0, 251, 295, 269, 0, 1.06%, 25, 0, 6, 691.93, 355600, 692
528, 0, 239, 295, 269, 0, 1.06%, 25, 0, 6, 690.39, 359184, 692
534, 0, 251, 295, 269, 0, 1.06%, 25, 0, 6, 693.80, 362752, 692
539, 0, 251, 295, 269, 0, 1.06%, 25, 0, 6, 692.01, 366310, 692
544, 0, 220, 295, 269, 0, 1.06%, 25, 0, 6, 689.35, 369881, 692
549, 0, 220, 296, 270, 0, 1.06%, 25, 0, 6, 681.00, 373295, 692
554, 0, 220, 296, 270, 0, 1.06%, 25, 0, 6, 676.92, 376727, 692
559, 0, 239, 296, 270, 0, 1.06%, 25, 0, 6, 676.43, 380139, 692
564, 0, 251, 296, 270, 0, 1.06%, 25, 0, 6, 679.11, 383556, 692
569, 0, 251, 296, 270, 0, 1.06%, 25, 0, 6, 670.65, 386893, 692
574, 0, 251, 296, 270, 0, 1.06%, 25, 0, 6, 683.16, 390464, 692
579, 0, 251, 297, 271, 0, 1.07%, 25, 0, 6, 694.17, 394047, 699
584, 0, 296, 297, 271, 1, 1.07%, 25, 0, 6, 681.67, 397572, 699
589, 0, 251, 297, 270, 0, 1.07%, 26, 0, 6, 658.49, 400747, 699
595, 0, 217, 297, 270, 0, 1.07%, 26, 0, 6, 682.09, 404302, 699
600, 0, 217, 297, 270, 0, 1.07%, 26, 0, 6, 678.10, 407721, 699
605, 0, 270, 297, 270, 0, 1.07%, 26, 0, 6, 681.16, 411125, 699
610, 0, 225, 297, 270, 0, 1.07%, 26, 0, 6, 680.70, 414555, 699
615, 0, 225, 297, 270, 0, 1.07%, 26, 0, 6, 672.40, 417948, 699
620, 0, 251, 297, 270, 0, 1.07%, 26, 0, 6, 689.92, 421547, 699
625, 0, 251, 297, 270, 0, 1.07%, 26, 0, 6, 690.39, 425112, 699
630, 0, 251, 297, 270, 0, 1.07%, 26, 0, 6, 679.61, 428657, 699
636, 0, 251, 297, 270, 0, 1.07%, 26, 0, 6, 678.81, 432160, 699
641, 0, 142, 297, 270, 0, 1.07%, 26, 0, 6, 731.51, 435929, 699
646, 0, 251, 298, 271, 0, 1.07%, 26, 0, 6, 697.94, 439481, 699
651, 0, 251, 298, 271, 0, 1.07%, 26, 0, 6, 693.78, 443056, 699
656, 0, 251, 298, 271, 0, 1.07%, 26, 0, 6, 678.03, 446442, 699
661, 0, 232, 299, 272, 0, 1.07%, 26, 0, 6, 624.45, 449771, 699
666, 0, 232, 299, 272, 0, 1.07%, 26, 0, 6, 543.02, 452415, 699
671, 0, 232, 300, 273, 0, 1.07%, 26, 0, 6, 530.55, 455068, 699
676, 0, 232, 300, 273, 0, 1.07%, 26, 0, 6, 532.14, 457743, 699
681, 0, 232, 300, 273, 0, 1.07%, 26, 0, 6, 526.57, 460383, 699
686, 0, 232, 300, 273, 0, 1.07%, 26, 0, 6, 526.87, 463003, 699
691, 0, 251, 300, 273, 0, 1.07%, 26, 0, 6, 653.91, 466432, 699
696, 0, 142, 300, 273, 0, 1.07%, 26, 0, 6, 694.57, 469926, 699
701, 0, 251, 300, 273, 0, 1.07%, 26, 0, 6, 686.01, 473386, 699
707, 0, 239, 300, 273, 0, 1.07%, 26, 0, 6, 687.70, 476954, 699
712, 0, 251, 300, 273, 0, 1.07%, 26, 0, 6, 697.06, 480526, 699
717, 0, 261, 300, 273, 0, 1.07%, 26, 0, 6, 685.76, 483938, 699
722, 0, 251, 301, 274, 0, 1.07%, 26, 0, 6, 689.28, 487506, 699
727, 0, 251, 301, 274, 0, 1.07%, 26, 0, 6, 693.25, 491107, 699
732, 0, 251, 301, 274, 0, 1.07%, 26, 0, 6, 688.73, 494674, 699
737, 0, 251, 301, 274, 0, 1.07%, 26, 0, 6, 691.03, 498219, 699
743, 0, 251, 301, 274, 0, 1.07%, 26, 0, 6, 693.16, 501803, 699
748, 0, 251, 302, 275, 0, 1.07%, 26, 0, 6, 692.34, 505382, 699
753, 0, 251, 302, 275, 0, 1.07%, 26, 0, 6, 692.77, 508957, 699
758, 0, 251, 302, 275, 0, 1.07%, 27, 0, 6, 688.67, 512537, 699
763, 0, 251, 302, 275, 0, 1.07%, 27, 0, 6, 667.48, 516011, 699
769, 0, 251, 302, 275, 0, 1.07%, 27, 0, 6, 681.98, 519543, 699
774, 0, 251, 302, 275, 0, 1.07%, 27, 0, 6, 691.00, 523140, 699
779, 0, 251, 302, 275, 0, 1.07%, 27, 0, 6, 688.90, 526724, 699
784, 0, 251, 302, 275, 0, 1.07%, 27, 0, 6, 692.30, 530292, 699
789, 0, 239, 302, 275, 0, 1.07%, 27, 0, 6, 686.20, 533850, 699
794, 0, 251, 302, 275, 0, 1.07%, 27, 0, 6, 693.12, 537445, 699
800, 0, 251, 302, 275, 0, 1.07%, 27, 0, 6, 693.14, 541029, 699
805, 0, 239, 302, 275, 0, 1.07%, 27, 0, 6, 685.61, 544588, 699
810, 0, 251, 302, 275, 0, 1.07%, 27, 0, 6, 689.57, 548157, 699
815, 0, 234, 302, 275, 0, 1.07%, 27, 0, 6, 709.49, 551919, 699
820, 0, 251, 302, 275, 0, 1.07%, 27, 0, 6, 694.10, 555374, 699
825, 0, 251, 302, 275, 0, 1.07%, 27, 0, 6, 687.99, 558945, 699
830, 0, 251, 302, 275, 0, 1.07%, 27, 0, 6, 673.05, 562308, 699
836, 0, 251, 302, 275, 0, 1.07%, 27, 0, 6, 683.25, 565844, 699
841, 0, 239, 302, 275, 0, 1.07%, 27, 0, 6, 688.46, 569402, 699
846, 0, 239, 302, 275, 0, 1.07%, 27, 0, 6, 687.61, 572946, 699
851, 0, 251, 302, 275, 0, 1.07%, 27, 0, 6, 690.36, 576496, 699
856, 0, 280, 303, 276, 0, 1.07%, 27, 0, 6, 669.80, 579854, 699
861, 0, 251, 303, 276, 0, 1.07%, 27, 0, 6, 669.15, 583228, 699
866, 0, 251, 303, 276, 0, 1.07%, 27, 0, 6, 682.75, 586794, 699
872, 0, 239, 303, 276, 0, 1.07%, 27, 0, 6, 683.04, 590360, 699
877, 0, 251, 303, 276, 0, 1.07%, 27, 0, 6, 692.74, 593952, 699
882, 0, 239, 303, 276, 0, 1.07%, 27, 0, 6, 685.31, 597518, 699
887, 0, 142, 303, 276, 0, 1.07%, 27, 0, 6, 695.94, 600980, 699
892, 0, 251, 303, 276, 0, 1.07%, 27, 0, 6, 706.43, 604721, 699
897, 0, 280, 304, 277, 0, 1.07%, 27, 0, 6, 664.26, 608010, 699
902, 0, 239, 304, 275, 0, 1.07%, 27, 0, 6, 668.08, 611526, 699
907, 0, 251, 304, 275, 0, 1.07%, 27, 0, 6, 680.43, 614946, 699
913, 0, 251, 304, 275, 0, 1.07%, 27, 0, 6, 688.39, 618515, 699
918, 0, 251, 304, 275, 0, 1.07%, 27, 0, 6, 691.52, 622087, 699
923, 0, 239, 304, 275, 0, 1.07%, 27, 0, 6, 689.22, 625656, 699
928, 0, 142, 304, 275, 0, 1.07%, 27, 0, 6, 722.61, 629254, 699
933, 0, 239, 304, 275, 0, 1.07%, 27, 0, 6, 697.13, 632864, 699
938, 0, 251, 304, 275, 0, 1.07%, 27, 0, 6, 689.76, 636297, 699
943, 0, 251, 304, 275, 0, 1.07%, 27, 0, 6, 687.69, 639863, 699
949, 0, 251, 304, 275, 0, 1.07%, 27, 0, 6, 689.02, 643432, 699
954, 0, 251, 304, 275, 0, 1.07%, 27, 0, 6, 686.23, 646855, 699
959, 0, 251, 304, 275, 0, 1.07%, 27, 0, 6, 682.36, 650411, 699
964, 0, 239, 304, 275, 0, 1.07%, 27, 0, 6, 711.40, 654090, 699
969, 0, 239, 304, 275, 0, 1.07%, 27, 0, 6, 689.23, 657651, 699
974, 0, 232, 304, 275, 0, 1.07%, 27, 0, 6, 574.38, 660490, 699
979, 0, 75, 304, 275, 0, 1.07%, 27, 0, 6, 605.67, 663444, 699
984, 0, 142, 304, 275, 0, 1.07%, 27, 0, 6, 703.93, 667096, 699
990, 0, 251, 304, 275, 0, 1.07%, 27, 0, 6, 688.59, 670595, 699
995, 0, 212, 304, 275, 0, 1.07%, 27, 0, 6, 677.54, 673998, 699
1000, 0, 251, 304, 275, 0, 1.07%, 27, 0, 6, 686.67, 677415, 699
1005, 0, 251, 304, 275, 0, 1.07%, 27, 0, 6, 692.06, 680997, 699
1010, 0, 251, 304, 275, 0, 1.07%, 27, 0, 6, 688.78, 684433, 699
1015, 0, 239, 304, 275, 0, 1.07%, 27, 0, 6, 687.96, 687999, 699
1020, 0, 251, 304, 275, 0, 1.07%, 27, 0, 6, 687.55, 691568, 699
1025, 0, 251, 304, 275, 0, 1.07%, 27, 0, 6, 677.66, 695101, 699
1030, 0, 251, 304, 275, 0, 1.07%, 27, 0, 6, 680.74, 698482, 699
1036, 0, 251, 304, 275, 0, 1.07%, 27, 0, 6, 686.26, 702051, 699
1041, 0, 239, 304, 275, 0, 1.07%, 27, 0, 6, 687.63, 705604, 699
1046, 0, 251, 304, 275, 0, 1.07%, 27, 0, 6, 689.55, 709164, 699
1051, 0, 251, 304, 275, 0, 1.07%, 27, 0, 6, 685.72, 712603, 699
1056, 0, 251, 305, 276, 0, 1.07%, 27, 0, 6, 685.03, 716066, 699
1061, 0, 239, 306, 277, 1, 1.07%, 27, 0, 6, 689.26, 719650, 701
1066, 0, 142, 306, 276, 0, 1.07%, 27, 0, 6, 641.16, 722643, 701
1071, 0, 251, 306, 276, 0, 1.07%, 27, 0, 6, 681.34, 726206, 701
1076, 0, 251, 306, 276, 0, 1.07%, 27, 0, 6, 687.34, 729766, 701
1081, 0, 261, 306, 276, 0, 1.07%, 27, 0, 6, 679.95, 733187, 701
1087, 0, 142, 306, 276, 0, 1.07%, 27, 0, 6, 723.39, 736805, 701
1092, 0, 239, 306, 276, 0, 1.07%, 27, 0, 6, 679.15, 740191, 701
1097, 0, 41, 306, 276, 0, 1.07%, 27, 0, 6, 678.39, 743704, 701
1102, 0, 251, 306, 276, 0, 1.07%, 27, 0, 6, 681.17, 747126, 701
1107, 0, 239, 306, 276, 0, 1.07%, 27, 0, 6, 688.52, 750694, 701
1112, 1, 239, 306, 276, 0, 1.07%, 27, 0, 6, 688.93, 754246, 701
1117, 1, 251, 306, 275, 0, 1.07%, 27, 0, 6, 649.99, 757485, 701
1122, 1, 239, 307, 276, 0, 1.07%, 27, 0, 6, 685.04, 761053, 701
1127, 1, 251, 307, 276, 0, 1.07%, 27, 0, 6, 687.38, 764595, 701
1133, 1, 239, 307, 275, 0, 1.07%, 27, 0, 6, 689.59, 768165, 701
1138, 1, 251, 307, 275, 0, 1.07%, 27, 0, 6, 693.41, 771743, 701
1143, 1, 251, 307, 275, 0, 1.07%, 27, 0, 6, 697.43, 775337, 701
1148, 1, 251, 307, 275, 0, 1.07%, 27, 0, 6, 689.74, 778775, 701
1153, 1, 239, 307, 275, 0, 1.07%, 27, 0, 6, 694.24, 782366, 701
1158, 1, 239, 307, 275, 0, 1.07%, 27, 0, 6, 673.88, 785879, 701
1163, 1, 251, 307, 275, 0, 1.07%, 27, 0, 6, 686.04, 789439, 701
1169, 1, 251, 307, 275, 0, 1.07%, 27, 0, 6, 696.48, 793051, 701
1174, 1, 251, 307, 275, 0, 1.07%, 27, 0, 6, 689.98, 796621, 701
1179, 1, 251, 307, 275, 0, 1.07%, 27, 0, 6, 693.93, 800207, 701
1184, 1, 251, 307, 275, 0, 1.07%, 27, 0, 6, 695.44, 803788, 701
1189, 1, 240, 307, 275, 0, 1.07%, 27, 0, 6, 743.16, 807490, 701
1194, 1, 239, 307, 275, 0, 1.07%, 27, 0, 6, 735.24, 811286, 701
1199, 1, 251, 307, 275, 0, 1.07%, 27, 0, 6, 708.39, 814828, 701
1204, 1, 251, 307, 275, 0, 1.07%, 27, 0, 6, 694.58, 818426, 701
1210, 1, 251, 307, 275, 0, 1.07%, 27, 0, 6, 694.28, 822022, 701
1215, 1, 251, 307, 275, 0, 1.07%, 27, 0, 6, 692.66, 825590, 701
1220, 1, 251, 307, 275, 0, 1.07%, 27, 0, 6, 688.35, 829041, 701
1225, 1, 251, 307, 275, 0, 1.07%, 27, 0, 6, 676.81, 832554, 701
1230, 1, 269, 307, 274, 0, 1.07%, 27, 0, 6, 674.90, 836074, 701
1235, 1, 251, 307, 273, 0, 1.07%, 27, 0, 6, 708.80, 839716, 701
1240, 1, 239, 307, 273, 0, 1.07%, 27, 0, 6, 694.88, 843323, 701
1246, 1, 251, 307, 273, 0, 1.07%, 27, 0, 6, 685.80, 846891, 701
1251, 1, 251, 307, 273, 0, 1.07%, 27, 0, 6, 684.72, 850451, 701
1256, 1, 84, 307, 273, 0, 1.07%, 27, 0, 6, 694.16, 853918, 701
1261, 1, 251, 307, 273, 0, 1.07%, 27, 0, 6, 692.36, 857382, 701
1266, 1, 142, 307, 273, 0, 1.07%, 27, 0, 6, 697.35, 860848, 701
1271, 1, 251, 307, 273, 0, 1.07%, 27, 0, 6, 698.83, 864459, 701
1276, 1, 251, 307, 273, 0, 1.07%, 27, 0, 6, 690.99, 868014, 701
1281, 1, 251, 307, 273, 0, 1.07%, 27, 0, 6, 683.63, 871577, 701
1286, 1, 155, 307, 273, 0, 1.07%, 27, 0, 6, 678.08, 874985, 701
1291, 1, 251, 307, 272, 0, 1.07%, 27, 0, 6, 669.66, 878343, 701
1296, 1, 239, 307, 272, 0, 1.07%, 27, 0, 6, 686.52, 881917, 701
1302, 1, 251, 307, 272, 0, 1.07%, 27, 0, 6, 690.85, 885522, 701
1307, 1, 296, 308, 272, 0, 1.07%, 27, 0, 7, 651.56, 888843, 701
1312, 1, 296, 308, 272, 0, 1.07%, 27, 0, 7, 603.31, 891896, 701
1317, 1, 296, 308, 272, 0, 1.07%, 27, 0, 7, 597.44, 894948, 701
1322, 1, 251, 308, 272, 0, 1.07%, 27, 0, 7, 611.80, 897992, 701
1327, 1, 251, 308, 272, 0, 1.07%, 27, 0, 7, 670.15, 901424, 701
1332, 1, 251, 308, 272, 0, 1.07%, 27, 0, 7, 680.25, 904854, 701
1337, 1, 251, 308, 272, 0, 1.07%, 27, 0, 7, 680.10, 908279, 701
1342, 1, 239, 308, 272, 0, 1.07%, 27, 0, 7, 691.99, 911875, 701
1347, 1, 239, 308, 272, 0, 1.07%, 27, 0, 7, 704.78, 915600, 701
1353, 1, 142, 308, 271, 0, 1.07%, 27, 0, 7, 699.25, 919196, 701
1358, 1, 251, 308, 271, 0, 1.07%, 27, 0, 7, 687.11, 922680, 701
1363, 1, 251, 308, 271, 0, 1.07%, 27, 0, 7, 692.42, 926266, 701
1368, 1, 239, 308, 271, 0, 1.07%, 27, 0, 7, 687.53, 929810, 701
1373, 1, 239, 308, 271, 0, 1.07%, 27, 0, 7, 724.17, 933610, 701
1378, 1, 251, 308, 271, 0, 1.07%, 27, 0, 7, 692.20, 937168, 701
1384, 1, 251, 308, 271, 0, 1.07%, 27, 0, 7, 695.98, 940754, 701
1389, 1, 239, 308, 271, 0, 1.07%, 27, 0, 7, 692.31, 944332, 701
1394, 1, 296, 308, 271, 0, 1.07%, 27, 0, 7, 618.93, 947372, 701
1399, 1, 239, 308, 271, 0, 1.07%, 27, 0, 7, 639.90, 950528, 701
1404, 1, 251, 309, 272, 0, 1.07%, 27, 0, 7, 678.09, 954106, 701
1409, 1, 251, 309, 272, 0, 1.07%, 27, 0, 7, 688.97, 957674, 701
1414, 1, 239, 309, 272, 0, 1.07%, 27, 0, 7, 691.42, 961244, 701
1420, 1, 251, 309, 272, 0, 1.07%, 27, 0, 7, 686.54, 964820, 701
1425, 1, 251, 309, 272, 0, 1.07%, 27, 0, 7, 676.19, 968177, 701
1430, 1, 239, 309, 271, 0, 1.07%, 27, 0, 7, 707.71, 971874, 701
1435, 1, 7, 313, 275, 0, 1.07%, 27, 0, 7, 709.05, 975479, 701
1440, 1, 239, 313, 274, 0, 1.07%, 27, 0, 7, 721.98, 979057, 701
1445, 1, 239, 313, 274, 0, 1.07%, 27, 0, 7, 731.40, 982803, 701
1450, 1, 252, 313, 274, 0, 1.07%, 27, 0, 7, 748.33, 986577, 701
1455, 1, 142, 313, 274, 0, 1.07%, 27, 0, 7, 731.49, 990287, 701
1460, 1, 252, 313, 274, 0, 1.07%, 27, 0, 7, 745.81, 994025, 701
1465, 1, 252, 313, 274, 0, 1.07%, 27, 0, 7, 773.67, 997962, 701
1470, 1, 220, 314, 275, 0, 1.07%, 27, 0, 7, 694.04, 1001353, 701
1475, 1, 220, 314, 275, 0, 1.07%, 27, 0, 7, 680.02, 1004772, 701
1480, 1, 252, 314, 275, 0, 1.07%, 27, 0, 7, 698.83, 1008239, 701
1485, 1, 252, 314, 275, 0, 1.07%, 27, 0, 7, 755.70, 1012126, 701
1490, 1, 239, 314, 275, 0, 1.07%, 27, 0, 7, 730.88, 1015779, 701
1495, 1, 252, 314, 275, 0, 1.07%, 27, 0, 7, 745.08, 1019525, 701
1500, 1, 252, 314, 275, 0, 1.07%, 27, 0, 7, 774.23, 1023485, 701
1506, 1, 252, 314, 275, 0, 1.07%, 27, 0, 7, 730.59, 1027145, 701
1511, 1, 96, 314, 275, 0, 1.07%, 27, 0, 7, 708.43, 1030751, 701
1516, 1, 239, 314, 273, 0, 1.07%, 27, 0, 7, 693.18, 1034262, 701
1521, 1, 252, 314, 273, 0, 1.07%, 27, 0, 7, 745.13, 1038030, 701
1526, 1, 252, 314, 273, 0, 1.07%, 27, 0, 7, 758.87, 1041919, 701
1531, 1, 250, 314, 272, 0, 1.07%, 27, 0, 7, 731.07, 1045676, 701
1536, 1, 252, 314, 271, 0, 1.07%, 27, 0, 7, 763.59, 1049565, 701
1541, 1, 305, 314, 271, 0, 1.07%, 27, 0, 7, 629.61, 1052774, 701
1546, 1, 305, 314, 271, 0, 1.07%, 27, 0, 7, 563.49, 1055504, 701
1551, 1, 252, 314, 271, 0, 1.07%, 27, 0, 7, 673.12, 1059122, 701
1556, 1, 252, 314, 271, 0, 1.07%, 27, 0, 7, 732.70, 1062826, 701
1561, 1, 252, 314, 271, 0, 1.07%, 27, 0, 7, 755.28, 1066592, 701
1567, 2, 252, 314, 271, 0, 1.07%, 27, 0, 7, 764.93, 1070448, 701
1572, 2, 252, 314, 271, 0, 1.07%, 27, 0, 7, 734.43, 1074024, 701
1577, 2, 225, 314, 271, 0, 1.07%, 27, 0, 7, 684.53, 1077402, 701
1582, 2, 252, 314, 271, 0, 1.07%, 27, 0, 7, 718.23, 1081142, 701
1587, 2, 239, 314, 271, 0, 1.07%, 27, 0, 7, 732.16, 1084888, 701
1592, 2, 252, 314, 271, 0, 1.07%, 27, 0, 7, 757.70, 1088716, 701
1597, 2, 270, 314, 271, 0, 1.07%, 27, 0, 7, 706.75, 1092236, 701
1602, 2, 239, 314, 271, 0, 1.07%, 27, 0, 7, 724.38, 1095816, 701
1607, 2, 252, 314, 271, 0, 1.07%, 27, 0, 7, 760.18, 1099662, 701
1612, 2, 252, 314, 271, 0, 1.07%, 27, 0, 7, 753.46, 1103442, 701
1617, 2, 240, 314, 270, 0, 1.07%, 27, 0, 7, 730.64, 1107129, 701
1622, 2, 252, 314, 270, 0, 1.07%, 27, 0, 7, 753.65, 1110916, 701
1627, 2, 225, 314, 270, 0, 1.07%, 27, 0, 7, 721.99, 1114641, 701
1632, 2, 225, 314, 270, 0, 1.07%, 27, 0, 7, 680.95, 1118048, 701
1637, 2, 252, 314, 270, 0, 1.07%, 27, 0, 7, 718.94, 1121623, 701
1642, 2, 240, 314, 270, 0, 1.07%, 27, 0, 7, 768.77, 1125575, 701
1647, 2, 252, 314, 270, 0, 1.07%, 27, 0, 7, 773.19, 1129499, 701
1652, 2, 252, 314, 270, 0, 1.07%, 27, 0, 7, 756.36, 1133277, 701
1657, 2, 239, 316, 272, 0, 1.07%, 27, 0, 7, 719.84, 1136915, 701
1663, 2, 225, 316, 272, 0, 1.07%, 27, 0, 7, 679.50, 1140287, 701
1668, 2, 249, 316, 272, 0, 1.07%, 27, 0, 7, 724.32, 1143920, 701
1673, 2, 252, 316, 271, 0, 1.07%, 27, 0, 7, 764.81, 1147845, 701
1678, 2, 252, 316, 271, 0, 1.07%, 27, 0, 7, 772.28, 1151766, 701
1683, 2, 249, 316, 271, 0, 1.07%, 27, 0, 7, 768.05, 1155665, 701
1688, 2, 252, 316, 271, 0, 1.07%, 27, 0, 7, 765.64, 1159511, 701
1693, 2, 249, 316, 271, 0, 1.07%, 27, 0, 7, 778.12, 1163474, 701
1698, 2, 212, 316, 271, 0, 1.07%, 27, 0, 7, 704.38, 1167004, 701
1703, 2, 249, 316, 271, 0, 1.07%, 27, 0, 7, 731.69, 1170626, 701
1708, 2, 252, 316, 271, 0, 1.07%, 27, 0, 7, 768.57, 1174543, 701
1713, 2, 249, 316, 271, 0, 1.07%, 27, 0, 7, 777.12, 1178506, 701
1718, 2, 249, 316, 270, 0, 1.07%, 27, 0, 7, 772.96, 1182422, 701
1723, 2, 261, 316, 270, 0, 1.07%, 27, 0, 7, 697.55, 1185936, 701
1728, 2, 252, 316, 270, 0, 1.07%, 27, 0, 7, 740.57, 1189659, 701
1734, 2, 252, 316, 270, 0, 1.07%, 27, 0, 7, 765.10, 1193608, 701
1739, 2, 252, 316, 270, 0, 1.07%, 27, 0, 7, 775.78, 1197560, 701
1744, 2, 252, 316, 270, 0, 1.07%, 27, 0, 7, 776.01, 1201523, 701
1749, 2, 252, 316, 270, 0, 1.07%, 27, 0, 7, 770.15, 1205414, 701
1754, 2, 252, 316, 270, 0, 1.07%, 27, 0, 7, 762.73, 1209267, 701
1759, 2, 142, 316, 270, 0, 1.07%, 27, 0, 7, 776.48, 1213227, 701
1764, 2, 252, 316, 270, 0, 1.07%, 27, 0, 7, 775.78, 1217142, 701
1769, 2, 305, 316, 270, 0, 1.07%, 27, 0, 7, 615.23, 1220195, 701
1774, 2, 249, 316, 270, 0, 1.07%, 27, 0, 7, 577.96, 1223124, 701
1779, 2, 252, 316, 270, 0, 1.07%, 27, 0, 7, 740.02, 1227063, 701
1784, 2, 252, 316, 270, 0, 1.07%, 27, 0, 7, 768.55, 1231013, 701
1789, 2, 252, 316, 270, 0, 1.07%, 27, 0, 7, 777.71, 1234938, 701
1794, 2, 249, 316, 270, 0, 1.07%, 27, 0, 7, 778.50, 1238883, 701
1799, 2, 232, 316, 270, 0, 1.07%, 27, 0, 7, 591.94, 1241718, 701
1805, 2, 252, 316, 270, 0, 1.07%, 27, 0, 7, 691.71, 1245225, 701
1810, 2, 252, 316, 270, 0, 1.07%, 27, 0, 7, 761.28, 1249189, 701
1815, 2, 249, 316, 270, 0, 1.07%, 27, 0, 7, 763.12, 1253059, 701
1820, 2, 142, 316, 270, 0, 1.07%, 27, 0, 7, 765.15, 1256925, 701
1825, 2, 252, 316, 270, 0, 1.07%, 27, 0, 7, 776.47, 1260864, 701
1830, 2, 103, 316, 270, 0, 1.07%, 27, 0, 7, 728.83, 1264575, 701
1835, 2, 252, 316, 269, 0, 1.07%, 27, 0, 7, 752.88, 1268343, 701
1840, 2, 252, 316, 269, 0, 1.07%, 27, 0, 7, 775.72, 1272295, 701
1845, 2, 252, 316, 269, 0, 1.07%, 27, 0, 7, 781.38, 1276235, 701
1850, 2, 249, 316, 269, 0, 1.07%, 27, 0, 7, 782.04, 1280175, 701
1855, 2, 252, 316, 268, 0, 1.07%, 27, 0, 7, 766.99, 1283997, 701
1860, 2, 252, 316, 268, 0, 1.07%, 27, 0, 7, 773.92, 1287910, 701
1865, 2, 225, 316, 268, 0, 1.07%, 27, 0, 7, 764.58, 1291813, 701
1870, 2, 225, 316, 268, 0, 1.07%, 27, 0, 7, 688.97, 1295175, 701
1875, 2, 252, 316, 268, 0, 1.07%, 27, 0, 7, 747.42, 1298937, 701
1880, 2, 249, 316, 268, 0, 1.07%, 27, 0, 7, 760.23, 1302816, 701
1886, 2, 252, 316, 268, 0, 1.07%, 27, 0, 7, 769.47, 1306714, 701
1891, 2, 249, 316, 268, 0, 1.07%, 27, 0, 7, 774.51, 1310632, 701
1896, 2, 296, 317, 269, 0, 1.07%, 27, 0, 7, 634.99, 1313709, 701
1901, 2, 296, 317, 269, 0, 1.07%, 27, 0, 7, 601.84, 1316697, 701
1906, 2, 296, 317, 269, 0, 1.07%, 27, 0, 7, 596.78, 1319683, 701
1911, 2, 252, 317, 269, 0, 1.07%, 27, 0, 7, 727.20, 1323415, 701
1916, 2, 252, 317, 268, 0, 1.07%, 27, 0, 7, 738.66, 1327233, 701
1921, 2, 314, 317, 267, 0, 1.07%, 28, 0, 7, 602.20, 1330402, 701
1926, 2, 252, 318, 267, 0, 1.07%, 28, 0, 7, 625.04, 1333453, 701
1931, 2, 318, 319, 268, 1, 1.09%, 28, 0, 7, 742.64, 1337312, 713
1936, 2, 252, 319, 267, 0, 1.09%, 28, 0, 7, 762.47, 1341150, 713
1941, 2, 252, 319, 267, 0, 1.09%, 29, 0, 7, 760.58, 1345016, 713
1946, 2, 252, 319, 267, 0, 1.09%, 29, 0, 7, 775.96, 1348952, 713
1951, 2, 318, 319, 267, 0, 1.09%, 29, 0, 7, 771.21, 1352798, 713
1956, 2, 252, 319, 267, 0, 1.09%, 29, 0, 7, 742.64, 1356452, 713
1961, 2, 252, 319, 267, 0, 1.09%, 29, 0, 7, 780.14, 1360418, 713
1966, 2, 252, 320, 268, 0, 1.09%, 29, 0, 7, 760.17, 1364255, 713
1971, 2, 318, 320, 268, 0, 1.09%, 29, 0, 7, 779.11, 1368223, 713
1976, 2, 252, 320, 268, 0, 1.09%, 29, 0, 7, 780.13, 1372177, 713
1981, 2, 252, 320, 268, 0, 1.09%, 29, 0, 7, 781.57, 1376128, 713
1986, 2, 270, 320, 268, 0, 1.09%, 29, 0, 7, 715.35, 1379662, 713
1992, 2, 252, 320, 268, 0, 1.09%, 29, 0, 7, 740.25, 1383336, 713
1997, 2, 270, 320, 268, 0, 1.09%, 29, 0, 7, 747.08, 1387222, 713
2002, 2, 270, 320, 268, 0, 1.09%, 29, 0, 7, 702.92, 1390786, 713
2007, 2, 312, 320, 268, 0, 1.09%, 29, 0, 7, 746.71, 1394638, 713
2012, 2, 312, 320, 268, 0, 1.09%, 29, 0, 7, 749.46, 1398440, 713
2017, 2, 252, 320, 268, 0, 1.09%, 29, 0, 7, 765.90, 1402419, 713
2022, 2, 252, 320, 268, 0, 1.09%, 29, 0, 7, 773.18, 1406313, 713
2027, 2, 252, 320, 268, 0, 1.09%, 29, 0, 7, 737.24, 1410134, 713
2032, 2, 296, 320, 268, 0, 1.09%, 29, 0, 7, 639.51, 1413326, 713
2037, 2, 318, 320, 268, 0, 1.09%, 29, 0, 7, 672.12, 1416635, 713
2043, 2, 252, 320, 268, 0, 1.09%, 29, 0, 7, 761.91, 1420681, 713
2048, 2, 264, 320, 268, 0, 1.09%, 29, 0, 7, 692.34, 1424208, 713
2053, 3, 252, 320, 267, 0, 1.09%, 29, 0, 7, 739.20, 1427899, 713
2058, 3, 252, 320, 267, 0, 1.09%, 29, 0, 7, 776.52, 1431860, 713
2063, 3, 318, 320, 267, 0, 1.09%, 29, 0, 7, 783.49, 1435779, 713
2068, 3, 305, 320, 267, 0, 1.09%, 29, 0, 7, 597.49, 1438537, 713
2073, 3, 318, 320, 267, 0, 1.09%, 29, 0, 7, 649.61, 1441761, 713
2078, 3, 252, 320, 267, 0, 1.09%, 29, 0, 7, 746.09, 1445677, 713
2083, 3, 252, 320, 267, 0, 1.09%, 29, 0, 7, 766.70, 1449515, 713
2088, 3, 252, 320, 267, 0, 1.09%, 29, 0, 7, 781.25, 1453416, 713
2093, 3, 261, 320, 267, 0, 1.09%, 29, 0, 7, 749.03, 1457222, 713
2098, 3, 261, 320, 267, 0, 1.09%, 29, 0, 7, 699.40, 1460644, 713
2103, 3, 235, 320, 267, 0, 1.09%, 29, 0, 7, 727.75, 1464389, 713
2108, 3, 252, 320, 266, 0, 1.09%, 29, 0, 7, 772.68, 1468443, 713
2113, 3, 252, 320, 266, 0, 1.09%, 29, 0, 7, 775.31, 1472362, 713
2118, 3, 252, 320, 266, 0, 1.09%, 29, 0, 7, 784.51, 1476316, 713
2123, 3, 270, 320, 266, 0, 1.09%, 29, 0, 7, 737.58, 1480083, 713
2129, 3, 252, 320, 266, 0, 1.09%, 29, 0, 7, 702.40, 1483639, 713
2134, 3, 232, 320, 266, 0, 1.09%, 29, 0, 7, 662.93, 1487126, 713
2139, 3, 252, 320, 266, 0, 1.09%, 29, 0, 7, 576.80, 1489944, 713
2144, 3, 318, 320, 266, 0, 1.09%, 29, 0, 7, 726.05, 1493835, 713
2149, 3, 252, 320, 266, 0, 1.09%, 29, 0, 7, 760.27, 1497656, 713
2154, 3, 234, 320, 266, 0, 1.09%, 29, 0, 7, 724.23, 1501373, 713
2159, 3, 252, 320, 266, 0, 1.09%, 29, 0, 7, 759.31, 1505251, 713
2164, 3, 312, 320, 266, 0, 1.09%, 29, 0, 7, 775.49, 1509197, 713
2169, 3, 252, 320, 266, 0, 1.09%, 29, 0, 7, 777.75, 1513096, 713
2174, 3, 252, 320, 266, 0, 1.09%, 29, 0, 7, 786.22, 1517064, 713
2179, 3, 252, 320, 266, 0, 1.09%, 29, 0, 7, 786.67, 1521008, 713
2184, 3, 312, 320, 266, 0, 1.09%, 29, 0, 7, 784.30, 1524936, 713
2189, 3, 252, 320, 265, 0, 1.09%, 29, 0, 7, 753.66, 1528638, 713
2194, 3, 318, 320, 265, 0, 1.09%, 29, 0, 7, 772.80, 1532536, 713
2199, 3, 312, 320, 265, 0, 1.09%, 29, 0, 7, 735.40, 1536187, 713
2204, 3, 252, 320, 265, 0, 1.09%, 29, 0, 7, 776.48, 1540153, 713
2209, 3, 252, 320, 265, 0, 1.09%, 29, 0, 7, 760.22, 1543979, 713
2214, 3, 318, 320, 265, 0, 1.09%, 29, 0, 7, 761.19, 1547778, 713
2219, 3, 252, 320, 265, 0, 1.09%, 29, 0, 7, 776.18, 1551840, 713
2224, 3, 41, 320, 265, 0, 1.09%, 29, 0, 7, 758.01, 1555686, 713
2230, 3, 225, 320, 265, 0, 1.09%, 29, 0, 7, 725.70, 1559397, 713
2235, 3, 225, 320, 265, 0, 1.09%, 29, 0, 7, 675.52, 1562753, 713
2240, 3, 312, 320, 265, 0, 1.09%, 29, 0, 7, 747.31, 1566557, 713
2245, 3, 252, 320, 265, 0, 1.09%, 29, 0, 7, 747.77, 1570365, 713
2250, 3, 252, 320, 265, 0, 1.09%, 29, 0, 7, 770.09, 1574268, 713
2255, 3, 252, 320, 265, 0, 1.09%, 29, 0, 7, 772.94, 1578154, 713
2260, 3, 252, 320, 265, 0, 1.09%, 29, 0, 7, 777.87, 1582080, 713
2265, 3, 293, 320, 265, 0, 1.09%, 29, 0, 7, 590.20, 1585067, 713
2270, 3, 75, 320, 264, 0, 1.09%, 29, 0, 7, 674.59, 1588375, 713
2275, 3, 318, 320, 264, 0, 1.09%, 29, 0, 7, 723.72, 1592010, 713
2280, 3, 312, 320, 264, 0, 1.09%, 29, 0, 7, 756.56, 1595847, 713
2285, 3, 252, 320, 264, 0, 1.09%, 29, 0, 7, 777.83, 1599788, 713
2290, 3, 252, 320, 264, 0, 1.09%, 29, 0, 7, 774.59, 1603684, 713
2295, 3, 252, 320, 264, 0, 1.09%, 29, 0, 7, 785.97, 1607650, 713
2300, 3, 225, 320, 263, 0, 1.09%, 29, 0, 7, 726.65, 1611285, 713
2305, 3, 225, 320, 263, 0, 1.09%, 29, 0, 7, 679.95, 1614652, 713
2310, 3, 252, 320, 263, 0, 1.09%, 29, 0, 7, 749.65, 1618455, 713
2315, 3, 258, 320, 263, 0, 1.09%, 29, 0, 7, 746.20, 1622251, 713
2320, 3, 318, 320, 263, 0, 1.09%, 29, 0, 7, 731.93, 1625855, 713
2325, 3, 252, 320, 263, 0, 1.09%, 29, 0, 7, 773.33, 1629793, 713
2330, 3, 234, 320, 263, 0, 1.09%, 29, 0, 7, 736.14, 1633557, 713
2336, 3, 252, 320, 263, 0, 1.09%, 29, 0, 7, 742.55, 1637449, 713
2341, 3, 212, 320, 263, 0, 1.09%, 29, 0, 7, 687.39, 1640882, 713
2346, 3, 318, 321, 264, 0, 1.09%, 29, 0, 7, 711.98, 1644371, 713
2351, 3, 270, 322, 265, 0, 1.09%, 29, 0, 7, 702.93, 1647975, 713
2356, 3, 270, 322, 265, 0, 1.09%, 29, 0, 7, 694.56, 1651549, 713
2361, 3, 252, 322, 265, 0, 1.09%, 29, 0, 7, 712.23, 1655213, 713
2366, 3, 252, 322, 265, 0, 1.09%, 29, 0, 7, 744.62, 1659067, 713
2371, 3, 225, 322, 265, 0, 1.09%, 29, 0, 7, 723.50, 1662793, 713
2376, 3, 225, 322, 265, 0, 1.09%, 29, 0, 7, 681.74, 1666170, 713
2381, 3, 232, 322, 265, 0, 1.09%, 29, 0, 7, 608.92, 1669349, 713
2386, 3, 252, 322, 265, 0, 1.09%, 29, 0, 7, 623.75, 1672307, 713
2391, 3, 312, 322, 265, 0, 1.09%, 29, 0, 7, 741.56, 1676307, 713
2396, 3, 270, 322, 265, 0, 1.09%, 29, 0, 7, 748.72, 1680170, 713
2402, 3, 270, 322, 265, 0, 1.09%, 29, 0, 7, 702.63, 1683727, 713
2407, 3, 303, 322, 265, 0, 1.09%, 29, 0, 7, 578.50, 1686714, 713
2412, 3, 312, 322, 264, 0, 1.09%, 29, 0, 7, 689.27, 1690258, 713
2417, 3, 312, 322, 264, 0, 1.09%, 29, 0, 7, 752.60, 1694139, 713
2422, 3, 252, 322, 263, 0, 1.09%, 29, 0, 7, 774.60, 1698068, 713
2427, 3, 252, 322, 263, 0, 1.09%, 29, 0, 7, 780.51, 1701994, 713
2432, 3, 252, 322, 263, 0, 1.09%, 29, 0, 7, 769.89, 1705880, 713
2437, 3, 232, 322, 263, 0, 1.09%, 29, 0, 7, 674.67, 1709424, 713
2442, 3, 252, 322, 263, 0, 1.09%, 29, 0, 7, 578.24, 1712166, 713
2447, 3, 312, 322, 263, 0, 1.09%, 29, 0, 7, 723.05, 1716054, 713
2452, 3, 252, 322, 263, 0, 1.09%, 29, 0, 7, 773.92, 1720011, 713
2457, 3, 312, 322, 263, 0, 1.09%, 29, 0, 7, 769.87, 1723877, 713
2462, 3, 252, 322, 263, 0, 1.09%, 29, 0, 7, 778.16, 1727788, 713
2467, 3, 252, 322, 263, 0, 1.09%, 29, 0, 7, 788.56, 1731914, 713
2473, 3, 252, 322, 263, 0, 1.09%, 29, 0, 7, 770.32, 1735805, 713
2478, 3, 232, 322, 263, 0, 1.09%, 29, 0, 7, 738.91, 1739586, 713
2483, 3, 232, 322, 263, 0, 1.09%, 29, 0, 7, 575.13, 1742279, 713
2488, 3, 252, 322, 263, 0, 1.09%, 29, 0, 7, 708.88, 1745960, 713
2493, 3, 220, 322, 263, 0, 1.09%, 29, 0, 7, 691.54, 1749443, 713
2498, 3, 252, 322, 263, 0, 1.09%, 29, 0, 7, 740.60, 1753148, 713
2503, 3, 252, 322, 263, 0, 1.09%, 29, 0, 7, 769.55, 1757074, 713
2508, 3, 225, 322, 263, 0, 1.09%, 29, 0, 7, 765.83, 1760940, 713
2513, 3, 225, 322, 263, 0, 1.09%, 29, 0, 7, 691.30, 1764329, 713
2518, 3, 312, 322, 263, 0, 1.09%, 29, 0, 7, 742.39, 1768070, 713
2523, 3, 252, 322, 263, 0, 1.09%, 29, 0, 7, 776.48, 1772004, 713
2528, 3, 252, 322, 263, 0, 1.09%, 29, 0, 7, 783.61, 1776080, 713
2533, 3, 252, 322, 263, 0, 1.09%, 29, 0, 7, 786.88, 1780026, 713
2538, 3, 220, 322, 263, 0, 1.09%, 29, 0, 7, 706.61, 1783612, 713
2543, 3, 252, 322, 263, 0, 1.09%, 29, 0, 7, 707.39, 1787070, 713
2549, 4, 312, 322, 263, 0, 1.09%, 29, 0, 7, 742.32, 1790892, 713
2554, 4, 318, 322, 263, 0, 1.09%, 29, 0, 7, 753.16, 1794717, 713
2559, 4, 252, 322, 263, 0, 1.09%, 29, 0, 7, 772.92, 1798651, 713
2564, 4, 252, 322, 263, 0, 1.09%, 29, 0, 7, 775.18, 1802580, 713
2569, 4, 252, 322, 263, 0, 1.09%, 29, 0, 7, 778.88, 1806491, 713
2574, 4, 41, 322, 263, 0, 1.09%, 29, 0, 7, 784.47, 1810452, 713
2579, 4, 318, 322, 263, 0, 1.09%, 29, 0, 7, 773.57, 1814288, 713
2584, 4, 312, 322, 263, 0, 1.09%, 29, 0, 7, 770.42, 1818137, 713
2589, 4, 41, 322, 263, 0, 1.09%, 29, 0, 7, 767.58, 1822147, 713
2594, 4, 252, 323, 264, 0, 1.09%, 29, 0, 7, 762.83, 1825888, 713
2599, 4, 252, 323, 264, 0, 1.09%, 29, 0, 7, 777.83, 1829839, 713
2604, 4, 312, 323, 264, 0, 1.09%, 29, 0, 7, 746.94, 1833662, 713
2609, 4, 286, 323, 264, 0, 1.09%, 29, 0, 7, 671.70, 1837150, 713
2614, 4, 286, 325, 266, 0, 1.09%, 29, 0, 7, 583.94, 1839918, 713
2619, 4, 312, 325, 265, 0, 1.09%, 29, 0, 7, 652.96, 1843123, 713
2624, 4, 252, 325, 265, 0, 1.09%, 29, 0, 7, 745.60, 1846969, 713
2629, 4, 252, 325, 265, 0, 1.09%, 29, 0, 7, 767.43, 1850874, 713
2635, 4, 252, 325, 265, 0, 1.09%, 29, 0, 7, 782.14, 1854815, 713
2640, 4, 318, 325, 265, 0, 1.09%, 29, 0, 7, 778.30, 1858743, 713
2645, 4, 252, 325, 265, 0, 1.09%, 29, 0, 7, 776.90, 1862677, 713
2650, 4, 252, 325, 265, 0, 1.09%, 29, 0, 7, 770.07, 1866563, 713
2655, 4, 252, 325, 265, 0, 1.09%, 29, 0, 7, 777.82, 1870482, 713
2660, 4, 252, 325, 265, 0, 1.09%, 29, 0, 7, 781.70, 1874396, 713
2665, 4, 252, 325, 265, 0, 1.09%, 29, 0, 7, 777.48, 1878297, 713
2670, 4, 252, 325, 265, 0, 1.09%, 29, 0, 7, 714.81, 1881923, 713
2675, 4, 270, 325, 265, 0, 1.09%, 29, 0, 7, 716.25, 1885705, 713
2680, 4, 270, 326, 266, 0, 1.09%, 29, 0, 7, 701.84, 1889213, 713
2685, 4, 270, 326, 266, 0, 1.09%, 29, 0, 7, 693.34, 1892769, 713
2690, 4, 240, 326, 266, 0, 1.09%, 29, 0, 7, 742.93, 1896621, 713
2696, 4, 318, 326, 266, 0, 1.09%, 29, 0, 7, 779.58, 1900606, 713
2701, 4, 252, 326, 266, 0, 1.09%, 29, 0, 7, 782.24, 1904543, 713
2706, 4, 252, 326, 266, 0, 1.09%, 29, 0, 7, 775.52, 1908454, 713
2711, 4, 318, 326, 266, 0, 1.09%, 29, 0, 7, 769.84, 1912280, 713
2716, 4, 312, 326, 266, 0, 1.09%, 29, 0, 7, 763.89, 1916116, 713
2721, 4, 252, 326, 266, 0, 1.09%, 29, 0, 7, 777.61, 1920030, 713
2726, 4, 270, 326, 265, 0, 1.09%, 29, 0, 7, 705.40, 1923605, 713
2731, 4, 252, 326, 265, 0, 1.09%, 29, 0, 7, 718.40, 1927273, 713
2736, 4, 280, 327, 266, 0, 1.09%, 29, 0, 7, 684.54, 1930787, 713
2741, 4, 270, 327, 266, 0, 1.09%, 29, 0, 7, 684.90, 1934314, 713
2746, 4, 318, 327, 266, 0, 1.09%, 29, 0, 7, 747.03, 1938083, 713
2751, 4, 318, 327, 266, 0, 1.09%, 29, 0, 7, 778.26, 1942051, 713
2757, 4, 252, 327, 266, 0, 1.09%, 29, 0, 7, 768.18, 1945865, 713
2762, 4, 252, 327, 266, 0, 1.09%, 29, 0, 7, 779.19, 1949801, 713
2767, 4, 312, 327, 266, 0, 1.09%, 29, 0, 7, 778.00, 1953739, 713
2772, 4, 270, 327, 266, 0, 1.09%, 29, 0, 7, 726.54, 1957393, 713
2777, 4, 252, 327, 266, 0, 1.09%, 29, 0, 7, 710.11, 1960977, 713
2782, 4, 252, 327, 266, 0, 1.09%, 29, 0, 7, 720.12, 1964699, 713
2787, 4, 252, 327, 266, 0, 1.09%, 29, 0, 7, 754.99, 1968603, 713
2792, 4, 252, 327, 266, 0, 1.09%, 29, 0, 7, 771.99, 1972504, 713
2797, 4, 252, 327, 266, 0, 1.09%, 29, 0, 7, 771.04, 1976390, 713
2802, 4, 252, 327, 266, 0, 1.09%, 29, 0, 7, 767.10, 1980281, 713
2807, 4, 252, 327, 266, 0, 1.09%, 29, 0, 7, 780.15, 1984217, 713
2812, 4, 312, 327, 266, 0, 1.09%, 29, 0, 7, 780.78, 1988138, 713
2817, 4, 252, 327, 266, 0, 1.09%, 29, 0, 7, 774.07, 1991985, 713
2822, 4, 252, 327, 266, 0, 1.09%, 29, 0, 7, 788.28, 1995951, 713
2827, 4, 318, 327, 266, 0, 1.09%, 29, 0, 7, 785.19, 1999877, 713
2832, 4, 252, 327, 266, 0, 1.09%, 29, 0, 7, 773.11, 2003776, 713
2837, 4, 252, 327, 266, 0, 1.09%, 29, 0, 7, 770.51, 2007645, 713
2842, 4, 312, 327, 266, 0, 1.09%, 29, 0, 7, 771.26, 2011558, 713
2847, 4, 252, 327, 265, 0, 1.09%, 29, 0, 7, 773.27, 2015400, 713
2852, 4, 252, 327, 265, 0, 1.09%, 29, 0, 7, 770.41, 2019301, 713
2857, 4, 252, 327, 265, 0, 1.09%, 29, 0, 7, 778.46, 2023235, 713
2862, 4, 75, 327, 265, 0, 1.09%, 29, 0, 7, 769.99, 2027158, 713
2868, 4, 252, 327, 265, 0, 1.09%, 29, 0, 7, 742.27, 2030781, 713
2873, 4, 318, 327, 265, 0, 1.09%, 29, 0, 7, 753.51, 2034602, 713
2878, 4, 252, 327, 265, 0, 1.09%, 29, 0, 7, 771.50, 2038489, 713
2883, 4, 212, 327, 265, 0, 1.09%, 29, 0, 7, 728.38, 2042159, 713
2888, 4, 252, 327, 265, 0, 1.09%, 29, 0, 7, 690.80, 2045550, 713
2893, 4, 318, 327, 265, 0, 1.09%, 29, 0, 7, 762.71, 2049486, 713
2898, 4, 240, 327, 265, 0, 1.09%, 29, 0, 7, 777.86, 2053441, 713
2903, 4, 252, 327, 265, 0, 1.09%, 29, 0, 7, 769.54, 2057349, 713
2908, 4, 305, 327, 265, 0, 1.09%, 29, 0, 7, 623.34, 2060459, 713
2913, 4, 252, 327, 265, 0, 1.09%, 29, 0, 7, 604.94, 2063400, 713
2918, 4, 318, 327, 265, 0, 1.09%, 29, 0, 7, 741.70, 2067311, 713
2923, 4, 312, 327, 265, 0, 1.09%, 29, 0, 7, 779.03, 2071277, 713
2928, 4, 280, 327, 265, 0, 1.09%, 29, 0, 7, 747.21, 2075071, 713
2933, 4, 252, 327, 265, 0, 1.09%, 29, 0, 7, 754.53, 2078905, 713
2938, 4, 252, 327, 265, 0, 1.09%, 29, 0, 7, 774.76, 2082796, 713
2943, 4, 296, 327, 265, 0, 1.09%, 29, 0, 7, 633.83, 2085837, 713
2948, 4, 312, 327, 264, 0, 1.09%, 29, 0, 7, 643.80, 2088997, 713
2953, 4, 252, 327, 264, 0, 1.09%, 29, 0, 7, 754.32, 2092938, 713
2958, 4, 312, 327, 264, 0, 1.09%, 29, 0, 7, 774.27, 2096884, 713
2963, 4, 312, 327, 264, 0, 1.09%, 29, 0, 7, 767.76, 2100746, 713
2968, 4, 252, 327, 264, 0, 1.09%, 29, 0, 7, 779.75, 2104670, 713
2973, 4, 252, 327, 264, 0, 1.09%, 29, 0, 7, 758.93, 2108589, 713
2978, 4, 84, 327, 264, 0, 1.09%, 29, 0, 7, 774.05, 2112512, 713
2984, 4, 240, 327, 264, 0, 1.09%, 29, 0, 7, 777.16, 2116384, 713
2989, 4, 252, 327, 264, 0, 1.09%, 29, 0, 7, 779.86, 2120310, 713
2994, 5, 318, 327, 264, 0, 1.09%, 29, 0, 7, 767.31, 2124164, 713
2999, 5, 270, 327, 264, 0, 1.09%, 29, 0, 7, 722.39, 2127837, 713
3004, 5, 270, 328, 265, 0, 1.09%, 29, 0, 7, 684.60, 2131212, 713
3009, 5, 270, 328, 265, 0, 1.09%, 29, 0, 7, 694.03, 2134787, 713
3014, 5, 252, 328, 265, 0, 1.09%, 29, 0, 7, 740.49, 2138519, 713
3019, 5, 252, 328, 265, 0, 1.09%, 29, 0, 7, 777.08, 2142490, 713
3024, 5, 312, 328, 265, 0, 1.09%, 29, 0, 7, 771.51, 2146553, 713
3029, 5, 252, 328, 265, 0, 1.09%, 29, 0, 7, 751.59, 2150220, 713
3034, 5, 252, 328, 265, 0, 1.09%, 29, 0, 7, 772.35, 2154121, 713
3039, 5, 252, 328, 265, 0, 1.09%, 29, 0, 7, 766.75, 2157950, 713
3044, 5, 252, 328, 265, 0, 1.09%, 29, 0, 7, 777.26, 2161854, 713
3049, 5, 252, 328, 265, 0, 1.09%, 29, 0, 7, 769.47, 2165753, 713
3054, 5, 225, 328, 265, 0, 1.09%, 29, 0, 7, 725.95, 2169451, 713
3059, 5, 225, 328, 265, 0, 1.09%, 29, 0, 7, 680.16, 2172831, 713
3064, 5, 252, 328, 265, 0, 1.09%, 29, 0, 7, 738.43, 2176621, 713
3069, 5, 318, 328, 264, 0, 1.09%, 29, 0, 7, 735.70, 2180371, 713
3074, 5, 312, 328, 264, 0, 1.09%, 29, 0, 7, 738.76, 2184127, 713
3080, 5, 318, 328, 263, 0, 1.09%, 29, 0, 7, 642.26, 2187044, 713
3085, 5, 312, 328, 263, 0, 1.09%, 29, 0, 7, 742.19, 2190942, 713
3090, 5, 225, 328, 263, 0, 1.09%, 29, 0, 7, 715.62, 2194628, 713
3095, 5, 252, 328, 263, 0, 1.09%, 29, 0, 7, 681.82, 2197959, 713
3100, 5, 318, 328, 263, 0, 1.09%, 29, 0, 7, 760.88, 2201930, 713
3105, 5, 252, 328, 263, 0, 1.09%, 29, 0, 7, 769.03, 2205817, 713
3110, 5, 318, 328, 263, 0, 1.09%, 29, 0, 7, 784.78, 2209763, 713
3115, 5, 252, 328, 262, 0, 1.09%, 29, 0, 7, 763.84, 2213491, 713
3120, 5, 220, 328, 262, 0, 1.09%, 29, 0, 7, 761.03, 2217375, 713
3125, 5, 220, 328, 262, 0, 1.09%, 29, 0, 7, 693.72, 2220864, 713
3130, 5, 252, 328, 262, 0, 1.09%, 29, 0, 7, 732.61, 2224528, 713
3135, 5, 305, 328, 262, 0, 1.09%, 29, 0, 7, 738.18, 2228318, 713
3140, 5, 305, 328, 262, 0, 1.09%, 29, 0, 7, 596.26, 2231122, 713
3145, 5, 252, 328, 262, 0, 1.09%, 29, 0, 7, 657.68, 2234294, 713
3150, 5, 312, 328, 262, 0, 1.09%, 29, 0, 7, 737.32, 2238194, 713
3155, 5, 252, 328, 262, 0, 1.09%, 29, 0, 7, 764.38, 2242086, 713
3160, 5, 252, 328, 262, 0, 1.09%, 29, 0, 7, 773.24, 2246022, 713
3165, 5, 252, 328, 262, 0, 1.09%, 29, 0, 7, 784.36, 2249988, 713
3170, 5, 318, 328, 260, 0, 1.09%, 29, 0, 7, 729.20, 2253691, 713
3176, 5, 225, 328, 260, 0, 1.09%, 29, 0, 7, 754.48, 2257553, 713
3181, 5, 225, 328, 260, 0, 1.09%, 29, 0, 7, 690.18, 2261063, 713
3186, 5, 225, 328, 260, 0, 1.09%, 29, 0, 7, 731.63, 2264785, 713
3191, 5, 225, 328, 260, 0, 1.09%, 29, 0, 7, 679.40, 2268137, 713
3196, 5, 252, 328, 260, 0, 1.09%, 30, 0, 7, 734.12, 2271801, 713
3201, 5, 252, 328, 260, 0, 1.09%, 30, 0, 7, 763.83, 2275663, 713
3206, 5, 318, 328, 260, 0, 1.09%, 30, 0, 7, 773.09, 2279584, 713
3211, 5, 252, 328, 259, 0, 1.09%, 30, 0, 7, 760.31, 2283335, 713
3216, 5, 225, 328, 259, 0, 1.09%, 30, 0, 7, 743.83, 2287143, 713
3221, 5, 225, 328, 259, 0, 1.09%, 30, 0, 7, 688.26, 2290663, 713
3226, 5, 252, 328, 259, 0, 1.09%, 30, 0, 7, 760.21, 2294579, 713
3231, 5, 312, 328, 259, 0, 1.09%, 30, 0, 7, 760.38, 2298470, 713
3236, 5, 312, 328, 259, 0, 1.09%, 30, 0, 7, 771.12, 2302339, 713
3241, 5, 318, 328, 259, 0, 1.09%, 30, 0, 7, 777.25, 2306251, 713
3246, 5, 252, 328, 259, 0, 1.09%, 30, 0, 7, 774.52, 2310150, 713
3251, 5, 261, 328, 259, 0, 1.09%, 30, 0, 7, 734.68, 2313921, 713
3257, 5, 252, 328, 259, 0, 1.09%, 30, 0, 7, 716.72, 2317533, 713
3262, 5, 41, 328, 259, 0, 1.09%, 30, 0, 7, 722.35, 2321319, 713
3267, 5, 318, 328, 259, 0, 1.09%, 30, 0, 7, 714.32, 2324917, 713
3272, 5, 252, 328, 259, 0, 1.09%, 30, 0, 7, 760.09, 2328855, 713
3277, 5, 252, 328, 259, 0, 1.09%, 30, 0, 7, 775.42, 2332809, 713
3282, 5, 270, 328, 259, 0, 1.09%, 30, 0, 7, 722.35, 2336451, 713
3287, 5, 318, 328, 259, 0, 1.09%, 30, 0, 7, 731.04, 2340219, 713
3292, 5, 252, 328, 259, 0, 1.09%, 30, 0, 7, 755.88, 2344136, 713
3297, 5, 312, 328, 259, 0, 1.09%, 30, 0, 7, 766.99, 2348002, 713
3302, 5, 318, 328, 259, 0, 1.09%, 30, 0, 7, 783.67, 2352099, 713
3307, 5, 288, 328, 259, 0, 1.09%, 30, 0, 7, 762.83, 2355958, 713
3312, 5, 252, 328, 258, 0, 1.09%, 30, 0, 7, 729.04, 2359452, 713
3318, 5, 252, 328, 258, 0, 1.09%, 30, 0, 7, 768.64, 2363386, 713
3323, 5, 252, 328, 257, 0, 1.09%, 30, 0, 7, 760.95, 2367127, 713
3328, 5, 252, 328, 257, 0, 1.09%, 30, 0, 7, 748.90, 2370953, 713
3333, 5, 252, 328, 257, 0, 1.09%, 30, 0, 7, 770.00, 2374844, 713
3338, 5, 252, 328, 257, 0, 1.09%, 30, 0, 7, 774.39, 2378765, 713
3343, 5, 225, 328, 257, 0, 1.09%, 30, 0, 7, 721.07, 2382406, 713
3348, 5, 252, 328, 257, 0, 1.09%, 30, 0, 7, 705.81, 2385864, 713
3353, 5, 305, 328, 257, 0, 1.09%, 30, 0, 7, 595.55, 2388831, 713
3358, 5, 252, 328, 257, 0, 1.09%, 30, 0, 7, 615.84, 2391814, 713
3363, 5, 252, 328, 257, 0, 1.09%, 30, 0, 7, 749.77, 2395790, 713
3368, 5, 212, 328, 257, 0, 1.09%, 30, 0, 7, 773.22, 2399717, 713
3373, 5, 212, 328, 257, 0, 1.09%, 30, 0, 7, 696.24, 2403092, 713
3378, 5, 312, 328, 257, 0, 1.09%, 30, 0, 7, 737.24, 2406782, 713
3383, 5, 220, 328, 257, 0, 1.09%, 30, 0, 7, 731.70, 2410532, 713
3388, 5, 220, 328, 257, 0, 1.09%, 30, 0, 7, 685.18, 2413907, 713
3393, 5, 236, 328, 257, 0, 1.09%, 30, 0, 7, 717.20, 2417574, 713
3398, 5, 318, 328, 256, 0, 1.09%, 30, 0, 7, 753.31, 2421336, 713
3403, 5, 252, 328, 256, 0, 1.09%, 30, 0, 7, 778.93, 2425255, 713
3408, 5, 252, 328, 256, 0, 1.09%, 30, 0, 7, 781.87, 2429169, 713
3413, 5, 312, 328, 255, 0, 1.09%, 30, 0, 7, 743.39, 2432963, 713
3418, 5, 252, 328, 255, 0, 1.09%, 30, 0, 7, 767.84, 2436876, 713
3423, 5, 252, 328, 255, 0, 1.09%, 30, 0, 7, 772.72, 2440712, 713
3429, 5, 252, 328, 255, 0, 1.09%, 30, 0, 7, 788.67, 2444843, 713
3434, 5, 312, 328, 255, 0, 1.09%, 30, 0, 7, 763.25, 2448732, 713
3439, 5, 252, 328, 255, 0, 1.09%, 30, 0, 7, 749.92, 2452545, 713
3444, 5, 252, 328, 255, 0, 1.09%, 30, 0, 7, 771.85, 2456472, 713
3449, 5, 252, 328, 255, 0, 1.09%, 30, 0, 7, 783.89, 2460423, 713
3454, 5, 252, 328, 255, 0, 1.09%, 30, 0, 7, 777.23, 2464324, 713
3459, 6, 252, 328, 255, 0, 1.09%, 30, 0, 7, 743.66, 2468081, 713
3464, 6, 252, 328, 255, 0, 1.09%, 30, 0, 7, 763.78, 2471951, 713
3469, 6, 252, 328, 255, 0, 1.09%, 30, 0, 7, 783.25, 2475895, 713
3474, 6, 252, 328, 255, 0, 1.09%, 30, 0, 7, 775.79, 2479781, 713
3479, 6, 252, 328, 255, 0, 1.09%, 30, 0, 7, 774.85, 2483707, 713
3484, 6, 312, 328, 255, 0, 1.09%, 30, 0, 7, 780.10, 2487746, 713
3489, 6, 252, 328, 255, 0, 1.09%, 30, 0, 7, 775.45, 2491645, 713
3494, 6, 312, 328, 255, 0, 1.09%, 30, 0, 7, 777.95, 2495573, 713
3499, 6, 252, 328, 255, 0, 1.09%, 30, 0, 7, 780.32, 2499472, 713
3504, 6, 318, 328, 255, 0, 1.09%, 30, 0, 7, 769.16, 2503326, 713
3509, 6, 252, 328, 255, 0, 1.09%, 30, 0, 7, 768.55, 2507255, 713
3515, 6, 318, 328, 255, 0, 1.09%, 30, 0, 7, 785.09, 2511221, 713
3520, 6, 252, 328, 255, 0, 1.09%, 30, 0, 7, 763.10, 2515072, 713
3525, 6, 252, 328, 255, 0, 1.09%, 30, 0, 7, 747.40, 2518821, 713
3530, 6, 318, 328, 255, 0, 1.09%, 30, 0, 7, 770.85, 2522684, 713
3535, 6, 252, 328, 255, 0, 1.09%, 30, 0, 7, 776.60, 2526605, 713
3540, 6, 318, 328, 255, 0, 1.09%, 30, 0, 7, 778.80, 2530549, 713
3545, 6, 252, 328, 255, 0, 1.09%, 30, 0, 7, 775.70, 2534373, 713
3550, 6, 252, 328, 255, 0, 1.09%, 30, 0, 7, 771.39, 2538237, 713
3555, 6, 252, 328, 255, 0, 1.09%, 30, 0, 7, 784.18, 2542198, 713
3560, 6, 312, 328, 254, 0, 1.09%, 30, 0, 7, 766.36, 2546052, 713
3565, 6, 318, 328, 254, 0, 1.09%, 30, 0, 7, 760.46, 2549899, 713
3570, 6, 225, 328, 254, 0, 1.09%, 30, 0, 7, 698.49, 2553360, 713
3575, 6, 318, 328, 254, 0, 1.09%, 30, 0, 7, 732.27, 2556999, 713
3580, 6, 252, 328, 254, 0, 1.09%, 30, 0, 7, 775.33, 2560964, 713
3585, 6, 312, 328, 254, 0, 1.09%, 30, 0, 7, 770.48, 2564855, 713
3590, 6, 252, 328, 254, 0, 1.09%, 30, 0, 7, 764.04, 2568734, 713
3595, 6, 252, 328, 254, 0, 1.09%, 30, 0, 7, 769.15, 2572616, 713
3600, 6, 252, 328, 253, 0, 1.09%, 30, 0, 7, 743.59, 2576201, 713
3605, 6, 252, 328, 253, 0, 1.09%, 30, 0, 7, 745.62, 2580109, 713
3610, 6, 312, 328, 253, 0, 1.09%, 30, 0, 7, 769.05, 2584028, 713
3615, 6, 252, 328, 253, 0, 1.09%, 30, 0, 7, 734.20, 2587767, 713
3620, 6, 220, 328, 253, 0, 1.09%, 30, 0, 7, 690.03, 2591265, 713
3625, 6, 220, 328, 253, 0, 1.09%, 30, 0, 7, 672.65, 2594658, 713
3631, 6, 252, 328, 253, 0, 1.09%, 30, 0, 7, 754.12, 2598563, 713
3636, 6, 252, 328, 253, 0, 1.09%, 30, 0, 7, 760.10, 2602407, 713
3641, 6, 261, 328, 253, 0, 1.09%, 30, 0, 7, 736.11, 2606163, 713
3646, 6, 252, 328, 253, 0, 1.09%, 30, 0, 7, 697.55, 2609698, 713
3651, 6, 252, 328, 253, 0, 1.09%, 30, 0, 7, 768.80, 2613663, 713
3656, 6, 232, 328, 253, 0, 1.09%, 30, 0, 7, 632.70, 2616895, 713
3661, 6, 252, 328, 253, 0, 1.09%, 30, 0, 7, 621.51, 2619803, 713
3666, 6, 269, 328, 253, 0, 1.09%, 30, 0, 7, 689.06, 2623457, 713
3671, 6, 252, 328, 253, 0, 1.09%, 30, 0, 7, 716.84, 2627027, 713
3676, 6, 252, 328, 253, 0, 1.09%, 30, 0, 7, 759.91, 2630910, 713
3681, 6, 318, 328, 253, 0, 1.09%, 30, 0, 7, 781.82, 2634871, 713
3686, 6, 212, 328, 253, 0, 1.09%, 30, 0, 7, 748.30, 2638653, 713
3691, 6, 212, 328, 253, 0, 1.09%, 30, 0, 7, 689.53, 2642170, 713
3696, 6, 318, 328, 253, 0, 1.09%, 30, 0, 7, 755.39, 2646036, 713
3702, 6, 318, 328, 253, 0, 1.09%, 30, 0, 7, 780.16, 2650140, 713
3707, 6, 252, 328, 253, 0, 1.09%, 30, 0, 7, 774.79, 2654069, 713
3712, 6, 234, 328, 253, 0, 1.09%, 30, 0, 7, 732.45, 2657837, 713
3717, 6, 270, 328, 253, 0, 1.09%, 30, 0, 7, 700.50, 2661391, 713
3722, 6, 252, 328, 253, 0, 1.09%, 30, 0, 7, 730.87, 2665139, 713
3727, 6, 270, 328, 253, 0, 1.09%, 30, 0, 7, 694.58, 2668776, 713
3732, 6, 318, 328, 253, 0, 1.09%, 30, 0, 7, 715.90, 2672459, 713
3738, 6, 252, 328, 253, 0, 1.09%, 30, 0, 7, 767.21, 2676413, 713
3743, 6, 261, 328, 253, 0, 1.09%, 30, 0, 7, 711.25, 2679997, 713
3748, 6, 230, 328, 253, 0, 1.09%, 30, 0, 7, 715.11, 2683661, 713
3753, 6, 252, 328, 252, 0, 1.09%, 30, 0, 7, 734.94, 2687219, 713
3758, 6, 318, 328, 252, 0, 1.09%, 30, 0, 7, 771.43, 2691192, 713
3763, 6, 252, 328, 252, 0, 1.09%, 30, 0, 7, 779.97, 2695129, 713
3768, 6, 252, 328, 252, 0, 1.09%, 30, 0, 7, 721.94, 2698767, 713
3773, 6, 252, 328, 252, 0, 1.09%, 30, 0, 7, 717.87, 2702275, 713
