# relative_time, cycles_done, cur_item, corpus_count, pending_total, pending_favs, map_size, saved_crashes, saved_hangs, max_depth, execs_per_sec, total_execs, edges_found
61, 0, 0, 28, 27, 4, 1.42%, 0, 0, 2, 369.41, 22430, 929
66, 0, 0, 29, 28, 4, 1.42%, 0, 0, 2, 365.49, 24265, 931
71, 0, 28, 31, 29, 16, 1.45%, 0, 0, 3, 377.78, 26158, 950
76, 0, 12, 34, 30, 18, 1.45%, 0, 0, 3, 395.55, 28138, 953
81, 0, 30, 35, 26, 13, 1.45%, 0, 0, 3, 384.34, 30035, 953
86, 0, 25, 36, 25, 11, 1.46%, 0, 0, 3, 382.23, 32023, 955
91, 0, 23, 38, 25, 10, 1.46%, 0, 0, 3, 391.67, 34084, 955
96, 0, 2, 38, 22, 7, 1.46%, 0, 0, 3, 343.40, 35873, 955
101, 0, 31, 39, 22, 6, 1.46%, 0, 0, 3, 281.84, 37041, 955
106, 0, 27, 39, 19, 3, 1.46%, 0, 0, 3, 354.68, 38929, 955
111, 0, 35, 39, 17, 1, 1.46%, 0, 0, 3, 383.61, 40938, 955
116, 0, 35, 39, 17, 1, 1.46%, 0, 0, 3, 401.98, 42969, 955
122, 0, 16, 39, 16, 1, 1.46%, 0, 0, 3, 410.72, 45118, 955
127, 0, 5, 40, 16, 0, 1.46%, 0, 0, 3, 406.15, 47122, 955
132, 0, 35, 40, 16, 0, 1.46%, 0, 0, 3, 398.80, 49147, 955
137, 0, 35, 40, 16, 0, 1.46%, 0, 0, 3, 368.40, 51100, 955
142, 0, 5, 40, 16, 0, 1.46%, 0, 0, 3, 403.95, 53216, 955
147, 0, 16, 40, 16, 0, 1.46%, 0, 0, 3, 404.12, 55261, 955
152, 0, 1, 40, 16, 0, 1.46%, 0, 0, 3, 409.85, 57401, 955
157, 0, 32, 40, 16, 0, 1.46%, 0, 0, 3, 394.12, 59274, 955
162, 0, 40, 41, 17, 1, 1.46%, 0, 0, 3, 386.02, 61293, 956
167, 0, 19, 41, 16, 0, 1.46%, 0, 0, 3, 389.68, 63222, 956
172, 0, 19, 41, 16, 0, 1.46%, 0, 0, 3, 413.29, 65349, 956
177, 0, 27, 41, 16, 0, 1.46%, 0, 0, 3, 395.47, 67327, 956
182, 0, 27, 41, 16, 0, 1.46%, 0, 0, 3, 394.96, 69351, 956
188, 0, 16, 41, 16, 0, 1.46%, 0, 0, 3, 412.13, 71529, 956
193, 0, 2, 41, 16, 0, 1.46%, 0, 0, 3, 305.76, 72925, 956
198, 1, 1, 41, 16, 0, 1.46%, 0, 0, 3, 385.47, 75062, 956
203, 1, 35, 41, 16, 0, 1.46%, 0, 0, 3, 391.55, 77054, 956
208, 1, 16, 41, 16, 0, 1.46%, 0, 0, 3, 400.91, 79124, 956
213, 1, 27, 41, 16, 0, 1.46%, 0, 0, 3, 373.22, 80981, 956
218, 1, 16, 41, 16, 0, 1.46%, 0, 0, 3, 415.30, 83116, 956
223, 1, 21, 41, 16, 0, 1.46%, 0, 0, 3, 414.32, 85154, 956
228, 1, 30, 42, 17, 0, 1.46%, 0, 0, 4, 405.06, 87248, 957
233, 1, 30, 42, 17, 0, 1.46%, 0, 0, 4, 406.42, 89304, 957
238, 1, 41, 42, 17, 1, 1.46%, 0, 0, 4, 429.06, 91585, 957
243, 1, 41, 42, 17, 1, 1.46%, 0, 0, 4, 415.74, 93649, 957
249, 1, 35, 42, 16, 0, 1.46%, 0, 0, 4, 405.57, 95656, 957
254, 1, 35, 42, 16, 0, 1.46%, 0, 0, 4, 384.55, 97605, 957
259, 1, 16, 43, 17, 0, 1.46%, 0, 0, 4, 404.37, 99683, 959
264, 1, 42, 43, 17, 1, 1.46%, 0, 0, 4, 402.14, 101736, 959
269, 1, 16, 43, 16, 0, 1.46%, 0, 0, 4, 406.89, 103822, 959
274, 1, 16, 43, 16, 0, 1.46%, 0, 0, 4, 412.47, 105915, 959
279, 1, 26, 43, 16, 0, 1.46%, 0, 0, 4, 405.31, 108025, 959
284, 1, 26, 43, 16, 0, 1.46%, 0, 0, 4, 377.68, 109843, 959
289, 1, 26, 43, 16, 0, 1.46%, 0, 0, 4, 343.27, 111533, 959
294, 1, 23, 44, 17, 0, 1.47%, 0, 0, 4, 370.40, 113499, 965
299, 1, 23, 44, 17, 0, 1.47%, 0, 0, 4, 431.39, 115767, 965
304, 1, 43, 45, 18, 1, 1.48%, 0, 0, 4, 373.62, 117619, 972
309, 1, 44, 45, 17, 1, 1.48%, 0, 0, 4, 389.91, 119575, 972
314, 1, 16, 45, 16, 0, 1.48%, 0, 0, 4, 421.79, 121746, 972
320, 1, 16, 45, 16, 0, 1.48%, 0, 0, 4, 406.04, 123827, 972
325, 1, 16, 45, 16, 0, 1.48%, 0, 0, 4, 409.01, 125928, 972
330, 1, 1, 45, 16, 0, 1.48%, 0, 0, 4, 387.30, 127899, 972
335, 1, 16, 45, 16, 0, 1.48%, 0, 0, 4, 390.98, 129951, 972
340, 1, 1, 45, 16, 0, 1.48%, 0, 0, 4, 407.72, 131999, 972
345, 1, 16, 45, 16, 0, 1.48%, 0, 0, 4, 392.34, 133987, 972
350, 1, 35, 45, 16, 0, 1.48%, 0, 0, 4, 405.76, 136042, 972
355, 1, 40, 45, 16, 0, 1.48%, 0, 0, 4, 393.01, 137967, 972
360, 1, 40, 45, 16, 0, 1.48%, 0, 0, 4, 387.21, 139891, 972
365, 1, 40, 45, 16, 0, 1.48%, 0, 0, 4, 399.24, 141914, 972
370, 2, 16, 45, 16, 0, 1.48%, 0, 0, 4, 416.52, 143961, 972
375, 2, 42, 45, 16, 0, 1.48%, 0, 0, 4, 409.14, 145996, 972
380, 2, 25, 45, 16, 0, 1.48%, 0, 0, 4, 424.55, 148161, 972
385, 2, 16, 45, 16, 0, 1.48%, 0, 0, 4, 411.97, 150229, 972
391, 2, 16, 45, 16, 0, 1.48%, 0, 0, 4, 408.19, 152331, 972
396, 2, 25, 45, 16, 0, 1.48%, 0, 0, 4, 427.39, 154463, 972
401, 2, 22, 45, 16, 0, 1.48%, 0, 0, 4, 401.90, 156574, 972
406, 2, 22, 45, 16, 0, 1.48%, 0, 0, 4, 350.49, 158240, 972
411, 2, 22, 45, 16, 0, 1.48%, 0, 0, 4, 395.78, 160278, 972
416, 2, 16, 45, 16, 0, 1.48%, 0, 0, 4, 408.23, 162329, 972
421, 2, 35, 45, 16, 0, 1.48%, 0, 0, 4, 406.80, 164364, 972
426, 2, 16, 45, 16, 0, 1.48%, 0, 0, 4, 403.95, 166449, 972
431, 2, 16, 45, 16, 0, 1.48%, 0, 0, 4, 408.70, 168574, 972
436, 2, 16, 45, 16, 0, 1.48%, 0, 0, 4, 410.25, 170644, 972
442, 2, 4, 45, 16, 0, 1.48%, 0, 0, 4, 383.73, 172634, 972
447, 2, 4, 45, 16, 0, 1.48%, 0, 0, 4, 392.22, 174619, 972
452, 2, 35, 45, 16, 0, 1.48%, 0, 0, 4, 401.00, 176646, 972
457, 2, 35, 46, 17, 0, 1.49%, 0, 0, 4, 399.84, 178652, 974
462, 2, 45, 46, 17, 1, 1.49%, 0, 0, 4, 407.67, 180737, 974
467, 2, 2, 46, 16, 0, 1.49%, 0, 0, 4, 386.10, 182718, 974
472, 2, 2, 47, 17, 0, 1.49%, 0, 0, 4, 348.52, 184211, 978
477, 2, 46, 47, 17, 1, 1.49%, 0, 0, 4, 406.35, 186392, 978
482, 2, 2, 47, 16, 0, 1.49%, 0, 0, 4, 285.64, 187735, 978
487, 2, 32, 47, 16, 0, 1.49%, 0, 0, 4, 368.38, 189787, 978
492, 2, 42, 47, 16, 0, 1.49%, 0, 0, 4, 409.81, 191961, 978
497, 2, 26, 47, 16, 0, 1.49%, 0, 0, 4, 388.00, 193870, 978
503, 2, 16, 47, 16, 0, 1.49%, 0, 0, 4, 432.13, 196139, 978
508, 2, 16, 47, 16, 0, 1.49%, 0, 0, 4, 412.70, 198188, 978
513, 2, 40, 48, 17, 0, 1.50%, 0, 0, 4, 405.40, 200248, 980
518, 2, 47, 48, 17, 1, 1.50%, 0, 0, 4, 383.95, 202099, 980
523, 2, 47, 48, 17, 1, 1.50%, 0, 0, 4, 404.30, 204233, 980
528, 2, 41, 48, 16, 0, 1.50%, 0, 0, 4, 386.58, 206143, 980
533, 2, 41, 48, 16, 0, 1.50%, 0, 0, 4, 395.81, 208255, 980
538, 2, 16, 48, 16, 0, 1.50%, 0, 0, 4, 397.52, 210356, 980
544, 2, 16, 48, 16, 0, 1.50%, 0, 0, 4, 401.57, 212461, 980
549, 3, 41, 48, 15, 0, 1.50%, 0, 0, 4, 393.06, 214422, 980
554, 3, 2, 48, 15, 0, 1.50%, 0, 0, 4, 353.63, 216299, 980
559, 3, 2, 48, 15, 0, 1.50%, 0, 0, 4, 335.68, 217850, 980
564, 3, 27, 49, 16, 0, 1.52%, 0, 0, 4, 369.36, 219799, 998
569, 3, 27, 49, 16, 0, 1.52%, 0, 0, 4, 396.11, 221835, 998
574, 3, 48, 49, 16, 1, 1.52%, 0, 0, 4, 377.93, 223865, 998
579, 3, 19, 49, 15, 0, 1.52%, 0, 0, 4, 408.54, 226003, 998
584, 3, 16, 49, 15, 0, 1.52%, 0, 0, 4, 430.90, 228152, 998
589, 3, 35, 49, 15, 0, 1.52%, 0, 0, 4, 428.65, 230282, 998
594, 3, 16, 49, 15, 0, 1.52%, 0, 0, 4, 399.59, 232215, 998
599, 3, 42, 49, 15, 0, 1.52%, 0, 0, 4, 409.67, 234312, 998
604, 3, 16, 55, 21, 0, 1.52%, 0, 0, 4, 333.69, 235198, 998
615, 3, 16, 57, 23, 0, 1.52%, 0, 0, 4, 1.12, 235714, 998
620, 3, 16, 57, 23, 0, 1.52%, 0, 0, 4, 4.37, 235742, 998
626, 3, 16, 57, 23, 0, 1.52%, 0, 0, 4, 4.83, 235769, 998
631, 3, 16, 57, 23, 0, 1.52%, 0, 0, 4, 5.61, 235800, 998
636, 3, 16, 57, 23, 0, 1.52%, 0, 0, 4, 5.97, 235828, 998
641, 3, 16, 57, 23, 0, 1.52%, 0, 0, 4, 6.31, 235861, 998
646, 3, 16, 57, 23, 0, 1.52%, 0, 0, 4, 5.49, 235888, 998
651, 3, 16, 57, 23, 0, 1.52%, 0, 0, 4, 4.95, 235913, 998
656, 3, 16, 61, 27, 0, 1.52%, 0, 0, 4, 253.00, 236432, 998
663, 3, 16, 64, 30, 0, 1.73%, 0, 0, 4, 9.53, 237294, 1137
668, 3, 16, 67, 33, 0, 1.80%, 0, 0, 4, 170.76, 237851, 1180
674, 3, 16, 67, 33, 0, 1.80%, 0, 0, 4, 173.64, 238748, 1180
679, 3, 16, 67, 33, 0, 1.80%, 0, 0, 4, 160.33, 239540, 1180
684, 3, 16, 67, 33, 0, 1.80%, 0, 0, 4, 5.82, 239715, 1180
689, 3, 16, 67, 33, 0, 1.80%, 0, 0, 4, 460.40, 239837, 1180
694, 3, 16, 68, 34, 0, 1.80%, 0, 0, 4, 21.83, 240068, 1180
699, 3, 61, 69, 35, 2, 1.80%, 0, 0, 4, 230.86, 241014, 1180
704, 3, 61, 69, 35, 2, 1.80%, 0, 0, 4, 231.78, 242178, 1180
710, 3, 61, 71, 37, 2, 1.80%, 0, 0, 4, 5.35, 242615, 1180
716, 3, 61, 71, 37, 2, 1.80%, 0, 0, 4, 226.24, 243722, 1180
721, 3, 61, 71, 37, 2, 1.80%, 0, 0, 4, 220.93, 244818, 1180
726, 3, 61, 71, 37, 2, 1.80%, 0, 0, 4, 217.54, 245914, 1180
731, 3, 61, 71, 37, 2, 1.80%, 0, 0, 4, 227.43, 247122, 1180
736, 3, 61, 71, 37, 2, 1.80%, 0, 0, 4, 226.10, 248266, 1180
741, 3, 61, 71, 37, 2, 1.80%, 0, 0, 4, 216.46, 249358, 1180
746, 3, 61, 71, 37, 2, 1.80%, 0, 0, 4, 226.65, 250546, 1180
751, 3, 61, 71, 37, 2, 1.80%, 0, 0, 4, 229.37, 251678, 1180
757, 3, 61, 71, 37, 2, 1.80%, 0, 0, 4, 233.20, 252862, 1180
764, 3, 61, 72, 38, 2, 1.80%, 0, 0, 4, 7.80, 253374, 1180
769, 3, 61, 72, 38, 2, 1.80%, 0, 0, 4, 7.12, 253408, 1180
774, 3, 61, 72, 38, 2, 1.80%, 0, 0, 4, 7.51, 253448, 1180
779, 3, 61, 72, 38, 2, 1.80%, 0, 0, 4, 7.88, 253486, 1180
784, 3, 61, 72, 38, 2, 1.80%, 0, 0, 4, 7.69, 253524, 1180
789, 3, 61, 72, 38, 2, 1.80%, 0, 0, 4, 8.06, 253564, 1180
795, 3, 61, 72, 38, 2, 1.80%, 0, 0, 4, 8.10, 253606, 1180
800, 3, 61, 72, 38, 2, 1.80%, 0, 0, 4, 7.69, 253644, 1180
805, 3, 61, 72, 38, 2, 1.80%, 0, 0, 4, 8.45, 253688, 1180
810, 3, 61, 72, 38, 2, 1.80%, 0, 0, 4, 8.38, 253729, 1180
815, 3, 61, 72, 38, 2, 1.80%, 0, 0, 4, 348.90, 254893, 1180
820, 3, 61, 73, 39, 2, 1.80%, 0, 0, 4, 246.78, 256157, 1180
825, 3, 68, 73, 38, 2, 1.80%, 0, 0, 4, 225.71, 257214, 1180
831, 3, 68, 74, 39, 2, 1.80%, 0, 0, 5, 218.47, 258342, 1180
836, 3, 68, 76, 41, 2, 1.80%, 0, 0, 5, 222.48, 259478, 1180
841, 3, 68, 77, 42, 2, 1.80%, 0, 0, 5, 232.08, 260638, 1180
846, 3, 68, 77, 42, 2, 1.80%, 0, 0, 5, 224.33, 261754, 1180
851, 3, 68, 77, 42, 2, 1.80%, 0, 0, 5, 225.88, 262858, 1180
856, 3, 68, 77, 42, 2, 1.80%, 0, 0, 5, 222.12, 263970, 1180
861, 3, 68, 78, 43, 2, 1.80%, 0, 0, 5, 228.35, 265166, 1180
866, 3, 68, 79, 44, 2, 1.81%, 0, 0, 5, 223.03, 266282, 1187
871, 3, 68, 79, 44, 2, 1.81%, 0, 0, 5, 228.47, 267450, 1187
876, 3, 68, 79, 44, 2, 1.81%, 0, 0, 5, 231.59, 268630, 1187
882, 3, 68, 79, 44, 2, 1.81%, 0, 0, 5, 228.97, 269774, 1187
887, 3, 68, 79, 44, 2, 1.81%, 0, 0, 5, 222.47, 270854, 1187
892, 3, 68, 79, 44, 2, 1.81%, 0, 0, 5, 223.61, 272006, 1187
897, 3, 68, 79, 44, 2, 1.81%, 0, 0, 5, 224.99, 273106, 1187
902, 3, 68, 79, 44, 2, 1.81%, 0, 0, 5, 236.09, 274286, 1187
907, 3, 68, 79, 44, 2, 1.81%, 0, 0, 5, 229.60, 275426, 1187
912, 3, 68, 79, 44, 2, 1.81%, 0, 0, 5, 224.71, 276538, 1187
917, 3, 68, 79, 44, 2, 1.81%, 0, 0, 5, 11.76, 277694, 1187
923, 3, 68, 79, 44, 2, 1.81%, 0, 0, 5, 232.41, 278882, 1187
928, 3, 68, 79, 44, 2, 1.81%, 0, 0, 5, 222.00, 279954, 1187
933, 3, 68, 79, 44, 2, 1.81%, 0, 0, 5, 225.42, 281102, 1187
938, 3, 68, 79, 44, 2, 1.81%, 0, 0, 5, 284.29, 282696, 1187
943, 3, 68, 79, 44, 2, 1.81%, 0, 0, 5, 198.86, 283682, 1187
948, 3, 68, 79, 44, 2, 1.81%, 0, 0, 5, 173.80, 284476, 1187
953, 3, 68, 79, 44, 2, 1.81%, 0, 0, 5, 358.83, 286541, 1187
959, 3, 73, 79, 43, 2, 1.81%, 0, 0, 5, 233.86, 287650, 1187
964, 3, 73, 79, 43, 2, 1.81%, 0, 0, 5, 170.90, 288433, 1187
969, 3, 73, 80, 44, 2, 1.81%, 0, 0, 6, 170.34, 289287, 1187
974, 3, 73, 80, 44, 2, 1.81%, 0, 0, 6, 172.62, 290181, 1187
979, 3, 73, 80, 44, 2, 1.81%, 0, 0, 6, 175.41, 291054, 1187
984, 3, 73, 80, 44, 2, 1.81%, 0, 0, 6, 171.61, 291939, 1187
989, 3, 73, 80, 44, 2, 1.81%, 0, 0, 6, 174.83, 292815, 1187
994, 3, 73, 80, 44, 2, 1.81%, 0, 0, 6, 173.72, 293676, 1187
999, 3, 73, 80, 44, 2, 1.81%, 0, 0, 6, 172.94, 294543, 1187
1004, 3, 73, 80, 44, 2, 1.81%, 0, 0, 6, 274.07, 295876, 1187
1009, 3, 73, 80, 44, 2, 1.81%, 0, 0, 6, 323.09, 297585, 1187
1014, 3, 73, 81, 45, 2, 1.82%, 0, 0, 6, 139.35, 298337, 1192
1019, 3, 73, 81, 45, 2, 1.82%, 0, 0, 6, 142.80, 298871, 1192
1025, 3, 73, 82, 46, 2, 1.82%, 0, 0, 6, 137.79, 299568, 1192
1030, 3, 73, 82, 46, 2, 1.82%, 0, 0, 6, 160.52, 300373, 1192
1035, 3, 78, 82, 45, 2, 1.82%, 0, 0, 6, 179.87, 301393, 1192
1040, 3, 78, 83, 46, 2, 1.82%, 0, 0, 6, 208.52, 302497, 1192
1045, 3, 78, 83, 46, 2, 1.82%, 0, 0, 6, 227.82, 303709, 1192
1050, 3, 78, 83, 46, 2, 1.82%, 0, 0, 6, 224.06, 304821, 1192
1055, 3, 78, 83, 46, 2, 1.82%, 0, 0, 6, 228.08, 305977, 1192
1060, 3, 78, 84, 47, 2, 1.82%, 0, 0, 6, 237.57, 307177, 1192
1066, 3, 78, 84, 47, 2, 1.82%, 0, 0, 6, 225.18, 308333, 1192
1071, 3, 78, 84, 47, 2, 1.82%, 0, 0, 6, 210.53, 309425, 1192
1076, 3, 78, 85, 48, 2, 1.82%, 0, 0, 6, 217.95, 310557, 1192
1081, 3, 78, 85, 48, 2, 1.82%, 0, 0, 6, 215.45, 311661, 1192
1086, 3, 78, 86, 49, 2, 1.82%, 0, 0, 6, 225.38, 312769, 1192
1091, 3, 78, 86, 49, 2, 1.82%, 0, 0, 6, 213.64, 313845, 1192
1097, 3, 78, 86, 49, 2, 1.82%, 0, 0, 6, 234.78, 314957, 1192
1102, 3, 78, 86, 49, 2, 1.82%, 0, 0, 6, 236.84, 316085, 1192
1107, 3, 78, 86, 49, 2, 1.82%, 0, 0, 6, 221.87, 317193, 1192
1112, 3, 78, 86, 49, 2, 1.82%, 0, 0, 6, 224.03, 318365, 1192
1117, 3, 78, 86, 49, 2, 1.82%, 0, 0, 6, 214.97, 319425, 1192
1122, 3, 78, 86, 49, 2, 1.82%, 0, 0, 6, 229.87, 320597, 1192
1127, 3, 78, 86, 49, 2, 1.82%, 0, 0, 6, 218.58, 321693, 1192
1132, 3, 78, 86, 49, 2, 1.82%, 0, 0, 6, 227.92, 322889, 1192
1137, 3, 78, 86, 49, 2, 1.82%, 0, 0, 6, 218.72, 323981, 1192
1142, 3, 78, 86, 49, 2, 1.82%, 0, 0, 6, 233.85, 325177, 1192
1147, 3, 78, 86, 49, 2, 1.82%, 0, 0, 6, 227.10, 326289, 1192
1153, 3, 78, 86, 49, 2, 1.82%, 0, 0, 6, 96.28, 326664, 1192
1158, 3, 78, 86, 49, 2, 1.82%, 0, 0, 6, 388.18, 327042, 1192
1163, 3, 78, 86, 49, 2, 1.82%, 0, 0, 6, 5.01, 327260, 1192
1168, 3, 78, 86, 49, 2, 1.82%, 0, 0, 6, 5.39, 327289, 1192
1173, 3, 78, 86, 49, 2, 1.82%, 0, 0, 6, 5.06, 327315, 1192
1178, 3, 78, 86, 49, 2, 1.82%, 0, 0, 6, 5.06, 327341, 1192
1183, 3, 78, 86, 49, 2, 1.82%, 0, 0, 6, 5.43, 327370, 1192
1189, 3, 78, 86, 49, 2, 1.82%, 0, 0, 6, 5.18, 327397, 1192
1194, 3, 78, 86, 49, 2, 1.82%, 0, 0, 6, 5.40, 327427, 1192
1199, 3, 78, 86, 49, 2, 1.82%, 0, 0, 6, 6.06, 327460, 1192
1204, 3, 78, 86, 49, 2, 1.82%, 0, 0, 6, 5.46, 327487, 1192
1209, 3, 78, 86, 49, 2, 1.82%, 0, 0, 6, 5.47, 327513, 1192
1214, 3, 78, 86, 49, 2, 1.82%, 0, 0, 6, 5.50, 327542, 1192
1219, 3, 78, 86, 49, 2, 1.82%, 0, 0, 6, 5.83, 327572, 1192
1225, 3, 78, 86, 49, 2, 1.82%, 0, 0, 6, 7.03, 327609, 1192
1230, 3, 78, 87, 50, 2, 1.82%, 0, 0, 6, 44.13, 328276, 1192
1235, 3, 78, 87, 50, 2, 1.82%, 0, 0, 6, 124.83, 329003, 1192
1240, 3, 78, 88, 51, 2, 1.82%, 0, 0, 6, 22.02, 329343, 1192
1245, 3, 78, 88, 51, 2, 1.82%, 0, 0, 6, 89.55, 329860, 1192
1250, 3, 78, 88, 51, 2, 1.82%, 0, 0, 6, 161.38, 330607, 1192
1255, 3, 78, 88, 51, 2, 1.82%, 0, 0, 6, 263.20, 331502, 1192
1260, 3, 78, 88, 51, 2, 1.82%, 0, 0, 6, 209.20, 332457, 1192
1266, 3, 82, 88, 50, 2, 1.82%, 0, 0, 6, 216.67, 333441, 1192
1271, 3, 82, 88, 50, 2, 1.82%, 0, 0, 6, 276.46, 334942, 1192
1276, 3, 82, 88, 50, 2, 1.82%, 0, 0, 6, 55.67, 335694, 1192
1281, 3, 82, 89, 51, 2, 1.84%, 0, 0, 7, 30.45, 335826, 1209
1287, 3, 82, 91, 53, 2, 1.84%, 0, 0, 7, 24.97, 335953, 1209
1292, 3, 82, 91, 53, 2, 1.84%, 0, 0, 7, 23.25, 336059, 1209
1297, 3, 82, 91, 53, 2, 1.84%, 0, 0, 7, 23.56, 336180, 1209
1302, 3, 82, 92, 54, 2, 1.84%, 0, 0, 7, 22.65, 336297, 1209
1308, 3, 82, 92, 54, 2, 1.84%, 0, 0, 7, 23.53, 336419, 1209
1313, 3, 82, 92, 54, 2, 1.84%, 0, 0, 7, 22.85, 336530, 1209
1318, 3, 82, 93, 55, 2, 1.84%, 0, 0, 7, 23.39, 336650, 1209
1323, 3, 82, 93, 55, 2, 1.84%, 0, 0, 7, 23.70, 336771, 1209
1328, 3, 82, 93, 55, 2, 1.84%, 0, 0, 7, 24.20, 336886, 1209
1333, 3, 82, 93, 55, 2, 1.84%, 0, 0, 7, 23.11, 336983, 1209
1338, 3, 82, 93, 55, 2, 1.84%, 0, 0, 7, 23.10, 337097, 1209
1343, 3, 82, 93, 55, 2, 1.84%, 0, 0, 7, 23.80, 337219, 1209
1349, 3, 82, 93, 55, 2, 1.84%, 0, 0, 7, 23.86, 337341, 1209
1354, 3, 82, 94, 56, 2, 1.85%, 0, 0, 7, 0.99, 337448, 1211
1359, 3, 82, 94, 56, 2, 1.85%, 0, 0, 7, 23.57, 337549, 1211
1364, 3, 82, 94, 56, 2, 1.85%, 0, 0, 7, 23.50, 337661, 1211
1369, 3, 82, 94, 56, 2, 1.85%, 0, 0, 7, 23.59, 337761, 1211
1374, 3, 82, 94, 56, 2, 1.85%, 0, 0, 7, 23.83, 337883, 1211
1380, 3, 82, 94, 56, 2, 1.85%, 0, 0, 7, 23.37, 337990, 1211
1385, 3, 82, 94, 56, 2, 1.85%, 0, 0, 7, 23.74, 338111, 1211
1390, 3, 82, 94, 56, 2, 1.85%, 0, 0, 7, 23.93, 338233, 1211
1395, 3, 82, 94, 56, 2, 1.85%, 0, 0, 7, 23.60, 338354, 1211
1400, 3, 82, 94, 56, 2, 1.85%, 0, 0, 7, 23.61, 338458, 1211
1405, 3, 82, 94, 56, 2, 1.85%, 0, 0, 7, 23.67, 338580, 1211
1410, 3, 82, 94, 56, 2, 1.85%, 0, 0, 7, 22.67, 338694, 1211
1416, 3, 82, 94, 56, 2, 1.85%, 0, 0, 7, 292.69, 339233, 1211
1421, 3, 82, 94, 56, 2, 1.85%, 0, 0, 7, 40.88, 340034, 1211
1426, 3, 80, 94, 55, 3, 1.85%, 0, 0, 7, 174.67, 340878, 1211
1431, 3, 80, 94, 55, 3, 1.85%, 0, 0, 7, 132.50, 341370, 1211
1436, 3, 80, 94, 55, 3, 1.85%, 0, 0, 7, 138.09, 342072, 1211
1441, 3, 80, 94, 55, 3, 1.85%, 0, 0, 7, 140.48, 342780, 1211
1446, 3, 80, 95, 56, 3, 1.85%, 0, 0, 7, 128.97, 343361, 1211
1451, 3, 80, 95, 56, 3, 1.85%, 0, 0, 7, 121.87, 343827, 1211
1457, 3, 80, 95, 56, 3, 1.85%, 0, 0, 7, 123.18, 344383, 1211
1462, 3, 80, 96, 57, 3, 1.85%, 0, 0, 7, 2.88, 344425, 1211
1467, 3, 80, 96, 57, 3, 1.85%, 0, 0, 7, 36.64, 344780, 1211
1473, 3, 80, 97, 58, 3, 1.85%, 0, 0, 7, 105.51, 345337, 1211
1478, 3, 80, 98, 59, 3, 1.85%, 0, 0, 7, 133.26, 345819, 1211
1483, 3, 80, 98, 59, 3, 1.85%, 0, 0, 7, 125.72, 346363, 1211
1488, 3, 80, 98, 59, 3, 1.85%, 0, 0, 7, 21.24, 346993, 1211
1493, 3, 80, 98, 59, 3, 1.85%, 0, 0, 7, 133.27, 347579, 1211
1499, 3, 80, 99, 60, 3, 1.85%, 0, 0, 7, 116.65, 348139, 1211
1504, 3, 80, 99, 60, 3, 1.85%, 0, 0, 7, 128.07, 348751, 1211
1509, 3, 80, 99, 60, 3, 1.85%, 0, 0, 7, 117.92, 349225, 1211
1514, 3, 80, 99, 60, 3, 1.85%, 0, 0, 7, 131.42, 349805, 1211
1519, 3, 80, 99, 60, 3, 1.85%, 0, 0, 7, 140.00, 350261, 1211
1525, 3, 80, 99, 60, 3, 1.85%, 0, 0, 7, 23.05, 350875, 1211
1530, 3, 80, 99, 60, 3, 1.85%, 0, 0, 7, 130.62, 351463, 1211
1535, 3, 80, 99, 60, 3, 1.85%, 0, 0, 7, 118.48, 351979, 1211
1541, 3, 80, 99, 60, 3, 1.85%, 0, 0, 7, 15.38, 352429, 1211
1546, 3, 80, 99, 60, 3, 1.85%, 0, 0, 7, 140.14, 353015, 1211
1551, 3, 80, 99, 60, 3, 1.85%, 0, 0, 7, 68.26, 353394, 1211
1556, 3, 80, 99, 60, 3, 1.85%, 0, 0, 7, 130.31, 353945, 1211
1562, 3, 80, 99, 60, 3, 1.85%, 0, 0, 7, 126.63, 354549, 1211
1567, 3, 80, 99, 60, 3, 1.85%, 0, 0, 7, 126.17, 355081, 1211
1572, 3, 80, 99, 60, 3, 1.85%, 0, 0, 7, 130.92, 355737, 1211
1577, 3, 80, 99, 60, 3, 1.85%, 0, 0, 7, 137.25, 356229, 1211
1582, 3, 80, 99, 60, 3, 1.85%, 0, 0, 7, 129.35, 356599, 1211
1587, 3, 80, 99, 60, 3, 1.85%, 0, 0, 7, 132.78, 357051, 1211
1592, 3, 80, 99, 60, 3, 1.85%, 0, 0, 7, 132.67, 357649, 1211
1597, 3, 80, 99, 60, 3, 1.85%, 0, 0, 7, 133.05, 358281, 1211
1602, 3, 80, 99, 60, 3, 1.85%, 0, 0, 7, 125.40, 358827, 1211
1607, 3, 80, 99, 60, 3, 1.85%, 0, 0, 7, 129.54, 359291, 1211
1612, 3, 80, 99, 60, 3, 1.85%, 0, 0, 7, 130.17, 359783, 1211
1618, 3, 80, 99, 60, 3, 1.85%, 0, 0, 7, 132.12, 360357, 1211
1623, 3, 80, 99, 60, 3, 1.85%, 0, 0, 7, 129.64, 360757, 1211
1628, 3, 80, 99, 60, 3, 1.85%, 0, 0, 7, 135.47, 361269, 1211
1633, 3, 80, 99, 60, 3, 1.85%, 0, 0, 7, 134.33, 361837, 1211
1638, 3, 80, 99, 60, 3, 1.85%, 0, 0, 7, 127.45, 362293, 1211
1643, 3, 80, 99, 60, 3, 1.85%, 0, 0, 7, 139.16, 362859, 1211
1648, 3, 80, 99, 60, 3, 1.85%, 0, 0, 7, 129.29, 363393, 1211
1653, 3, 80, 99, 60, 3, 1.85%, 0, 0, 7, 128.89, 364007, 1211
1659, 3, 80, 99, 60, 3, 1.85%, 0, 0, 7, 6.85, 364375, 1211
1664, 3, 80, 99, 60, 3, 1.85%, 0, 0, 7, 136.40, 364849, 1211
1669, 3, 80, 99, 60, 3, 1.85%, 0, 0, 7, 136.47, 365305, 1211
1674, 3, 80, 99, 60, 3, 1.85%, 0, 0, 7, 133.24, 365841, 1211
1680, 3, 80, 99, 60, 3, 1.85%, 0, 0, 7, 127.91, 366293, 1211
1685, 3, 80, 99, 60, 3, 1.85%, 0, 0, 7, 135.85, 366981, 1211
1690, 3, 80, 99, 60, 3, 1.85%, 0, 0, 7, 133.58, 367497, 1211
1695, 3, 80, 99, 60, 3, 1.85%, 0, 0, 7, 232.80, 368519, 1211
1700, 3, 80, 99, 60, 3, 1.85%, 0, 0, 7, 166.80, 369372, 1211
1705, 3, 80, 99, 60, 3, 1.85%, 0, 0, 7, 233.49, 370539, 1211
1710, 3, 80, 99, 60, 3, 1.85%, 0, 0, 7, 94.93, 371138, 1211
1715, 3, 80, 99, 60, 3, 1.85%, 0, 0, 7, 176.53, 372144, 1211
1721, 3, 80, 99, 60, 3, 1.85%, 0, 0, 7, 37.47, 372993, 1211
1726, 3, 94, 99, 59, 2, 1.85%, 0, 0, 7, 104.95, 373317, 1211
1731, 3, 94, 99, 59, 2, 1.85%, 0, 0, 7, 55.52, 373525, 1211
1736, 3, 94, 99, 59, 2, 1.85%, 0, 0, 7, 43.80, 373731, 1211
1741, 3, 94, 99, 59, 2, 1.85%, 0, 0, 7, 41.91, 373948, 1211
1746, 3, 94, 99, 59, 2, 1.85%, 0, 0, 7, 41.36, 374155, 1211
1752, 3, 94, 99, 59, 2, 1.85%, 0, 0, 7, 41.75, 374372, 1211
1757, 3, 94, 99, 59, 2, 1.85%, 0, 0, 7, 40.99, 374578, 1211
1762, 3, 94, 99, 59, 2, 1.85%, 0, 0, 7, 40.75, 374785, 1211
1767, 3, 94, 99, 59, 2, 1.85%, 0, 0, 7, 41.10, 374992, 1211
1772, 3, 94, 99, 59, 2, 1.85%, 0, 0, 7, 40.73, 375198, 1211
1777, 3, 94, 99, 59, 2, 1.85%, 0, 0, 7, 41.05, 375405, 1211
1782, 3, 94, 100, 60, 2, 1.85%, 0, 0, 8, 40.65, 375597, 1211
1787, 3, 94, 100, 60, 2, 1.85%, 0, 0, 8, 41.85, 375781, 1211
1792, 3, 94, 100, 60, 2, 1.85%, 0, 0, 8, 41.20, 375992, 1211
1797, 3, 94, 100, 60, 2, 1.85%, 0, 0, 8, 40.62, 376201, 1211
1803, 3, 94, 100, 60, 2, 1.85%, 0, 0, 8, 281.25, 376651, 1211
1808, 3, 94, 100, 60, 2, 1.85%, 0, 0, 8, 273.63, 377223, 1211
1813, 3, 16, 100, 59, 1, 1.85%, 0, 0, 8, 5.36, 378793, 1211
1818, 3, 16, 100, 59, 1, 1.85%, 0, 0, 8, 6.41, 378827, 1211
1823, 3, 16, 100, 59, 1, 1.85%, 0, 0, 8, 7.07, 378861, 1211
1829, 3, 16, 100, 59, 1, 1.85%, 0, 0, 8, 6.90, 378893, 1211
1834, 3, 16, 100, 59, 1, 1.85%, 0, 0, 8, 7.00, 378927, 1211
1839, 3, 16, 100, 59, 1, 1.85%, 0, 0, 8, 19.81, 379138, 1211
1844, 3, 16, 101, 60, 1, 1.85%, 0, 0, 8, 19.03, 379235, 1211
1849, 3, 16, 101, 60, 1, 1.85%, 0, 0, 8, 19.37, 379328, 1211
1855, 3, 16, 101, 60, 1, 1.85%, 0, 0, 8, 18.32, 379417, 1211
1860, 3, 16, 102, 61, 1, 1.85%, 0, 0, 8, 18.38, 379513, 1211
1865, 3, 16, 102, 61, 1, 1.85%, 0, 0, 8, 18.89, 379607, 1211
1870, 3, 16, 102, 61, 1, 1.85%, 0, 0, 8, 19.28, 379705, 1211
1875, 3, 16, 102, 61, 1, 1.85%, 0, 0, 8, 243.98, 379930, 1211
1880, 3, 16, 102, 61, 1, 1.85%, 0, 0, 8, 20.65, 380483, 1211
1885, 3, 16, 102, 61, 1, 1.85%, 0, 0, 8, 19.60, 380583, 1211
1890, 3, 16, 102, 61, 1, 1.85%, 0, 0, 8, 4.15, 380634, 1211
1895, 3, 16, 102, 61, 1, 1.85%, 0, 0, 8, 4.35, 380657, 1211
1901, 3, 16, 102, 61, 1, 1.85%, 0, 0, 8, 4.49, 380681, 1211
1906, 3, 16, 102, 61, 1, 1.85%, 0, 0, 8, 4.63, 380705, 1211
1911, 3, 16, 102, 61, 1, 1.85%, 0, 0, 8, 4.96, 380733, 1211
1916, 3, 16, 102, 61, 1, 1.85%, 0, 0, 8, 5.25, 380761, 1211
1921, 3, 16, 102, 61, 1, 1.85%, 0, 0, 8, 310.67, 380949, 1211
1926, 3, 16, 102, 61, 1, 1.85%, 0, 0, 8, 6.95, 380984, 1211
1932, 3, 16, 102, 61, 1, 1.85%, 0, 0, 8, 7.75, 381023, 1211
1937, 3, 16, 102, 61, 1, 1.85%, 0, 0, 8, 6.61, 381054, 1211
1943, 3, 16, 102, 61, 1, 1.85%, 0, 0, 8, 6.41, 381085, 1211
1948, 3, 16, 102, 61, 1, 1.85%, 0, 0, 8, 439.22, 381391, 1211
1953, 3, 16, 102, 61, 1, 1.85%, 0, 0, 8, 31.09, 382946, 1211
1958, 3, 16, 102, 61, 1, 1.85%, 0, 0, 8, 236.36, 383185, 1211
1963, 3, 16, 102, 61, 1, 1.85%, 0, 0, 8, 31.33, 383853, 1211
1968, 3, 16, 102, 61, 1, 1.85%, 0, 0, 8, 19.75, 384434, 1211
1973, 3, 16, 102, 61, 1, 1.85%, 0, 0, 8, 19.57, 384526, 1211
1979, 3, 16, 102, 61, 1, 1.85%, 0, 0, 8, 36.85, 384937, 1211
1984, 3, 16, 102, 61, 1, 1.85%, 0, 0, 8, 445.68, 385362, 1211
1989, 3, 16, 102, 61, 1, 1.85%, 0, 0, 8, 29.62, 386779, 1211
1994, 3, 16, 102, 61, 1, 1.85%, 0, 0, 8, 57.58, 387094, 1211
1999, 3, 16, 102, 61, 1, 1.85%, 0, 0, 8, 19.73, 387430, 1211
2004, 3, 16, 102, 61, 1, 1.85%, 0, 1, 8, 19.87, 387514, 1211
2009, 3, 16, 102, 61, 1, 1.85%, 0, 1, 8, 152.94, 388053, 1211
2014, 3, 16, 102, 61, 1, 1.85%, 0, 1, 8, 19.55, 388151, 1211
2020, 3, 16, 102, 61, 1, 1.85%, 0, 1, 8, 24.79, 388710, 1211
2026, 3, 16, 102, 61, 1, 1.85%, 0, 1, 8, 1.30, 388717, 1211
2031, 3, 16, 102, 61, 1, 1.85%, 0, 1, 8, 1.32, 388724, 1211
2037, 3, 16, 102, 61, 1, 1.85%, 0, 1, 8, 1.63, 388734, 1211
2043, 3, 16, 102, 61, 1, 1.85%, 0, 1, 8, 1.89, 388744, 1211
2048, 3, 16, 102, 61, 1, 1.85%, 0, 1, 8, 1.78, 388752, 1211
2054, 3, 16, 102, 61, 1, 1.85%, 0, 1, 8, 1.57, 388758, 1211
2059, 3, 16, 102, 61, 1, 1.85%, 0, 1, 8, 1.44, 388764, 1211
2064, 3, 16, 102, 61, 1, 1.85%, 0, 1, 8, 1.55, 388772, 1211
2069, 3, 16, 102, 61, 1, 1.85%, 0, 1, 8, 1.66, 388780, 1211
2075, 3, 16, 102, 61, 1, 1.85%, 0, 1, 8, 1.87, 388789, 1211
2080, 3, 16, 102, 61, 1, 1.85%, 0, 1, 8, 1.67, 388796, 1211
2085, 3, 16, 102, 61, 1, 1.85%, 0, 1, 8, 1.58, 388803, 1211
2091, 3, 16, 102, 61, 1, 1.85%, 0, 1, 8, 1.82, 388812, 1211
2096, 3, 16, 102, 61, 1, 1.85%, 0, 1, 8, 1.74, 388821, 1211
2102, 3, 16, 102, 61, 1, 1.85%, 0, 2, 8, 1.60, 388828, 1211
2107, 3, 16, 102, 61, 1, 1.85%, 0, 2, 8, 1.72, 388836, 1211
2112, 3, 16, 102, 61, 1, 1.85%, 0, 2, 8, 1.55, 388842, 1211
2117, 3, 16, 102, 61, 1, 1.85%, 0, 2, 8, 1.44, 388848, 1211
2123, 3, 16, 102, 61, 1, 1.85%, 0, 2, 8, 1.66, 388857, 1211
2128, 3, 16, 102, 61, 1, 1.85%, 0, 2, 8, 1.52, 388863, 1211
2133, 3, 16, 102, 61, 1, 1.85%, 0, 2, 8, 1.39, 388869, 1211
2138, 3, 16, 102, 61, 1, 1.85%, 0, 2, 8, 368.80, 389457, 1211
2146, 3, 16, 102, 61, 1, 1.85%, 0, 2, 8, 2.05, 390864, 1211
2151, 3, 16, 102, 61, 1, 1.85%, 0, 2, 8, 1.95, 390873, 1211
2156, 3, 16, 102, 61, 1, 1.85%, 0, 2, 8, 1.93, 390883, 1211
2161, 3, 16, 102, 61, 1, 1.85%, 0, 2, 8, 1.89, 390892, 1211
2167, 3, 16, 102, 61, 1, 1.85%, 0, 2, 8, 2.12, 390904, 1211
2172, 3, 16, 102, 61, 1, 1.85%, 0, 2, 8, 2.39, 390916, 1211
2177, 3, 16, 102, 61, 1, 1.85%, 0, 2, 8, 2.34, 390927, 1211
2183, 3, 16, 102, 61, 1, 1.85%, 0, 2, 8, 2.30, 390939, 1211
2189, 3, 16, 102, 61, 1, 1.85%, 0, 2, 8, 2.16, 390949, 1211
2194, 3, 16, 102, 61, 1, 1.85%, 0, 2, 8, 1.99, 390958, 1211
2199, 3, 16, 102, 61, 1, 1.85%, 0, 2, 8, 2.01, 390968, 1211
2204, 3, 16, 102, 61, 1, 1.85%, 0, 2, 8, 2.07, 390979, 1211
2209, 3, 16, 102, 61, 1, 1.85%, 0, 2, 8, 2.04, 390988, 1211
2214, 3, 16, 102, 61, 1, 1.85%, 0, 2, 8, 1.92, 390998, 1211
2220, 3, 16, 102, 61, 1, 1.85%, 0, 2, 8, 1.92, 391008, 1211
2225, 3, 16, 102, 61, 1, 1.85%, 0, 2, 8, 1.90, 391017, 1211
2231, 3, 16, 102, 61, 1, 1.85%, 0, 2, 8, 1.63, 391191, 1211
2236, 3, 16, 102, 61, 1, 1.85%, 0, 2, 8, 1.75, 391201, 1211
2241, 3, 16, 102, 61, 1, 1.85%, 0, 2, 8, 1.77, 391210, 1211
2247, 3, 16, 102, 61, 1, 1.85%, 0, 2, 8, 1.77, 391220, 1211
2252, 3, 16, 102, 61, 1, 1.85%, 0, 2, 8, 1.85, 391230, 1211
2257, 3, 16, 102, 61, 1, 1.85%, 0, 2, 8, 2.05, 391241, 1211
2263, 3, 16, 102, 61, 1, 1.85%, 0, 2, 8, 2.09, 391252, 1211
2268, 3, 16, 102, 61, 1, 1.85%, 0, 2, 8, 2.08, 391262, 1211
2273, 3, 16, 102, 61, 1, 1.85%, 0, 2, 8, 2.04, 391272, 1211
2278, 3, 16, 102, 61, 1, 1.85%, 0, 2, 8, 2.02, 391282, 1211
2284, 3, 16, 102, 61, 1, 1.85%, 0, 2, 8, 1.93, 391291, 1211
2289, 3, 16, 102, 61, 1, 1.85%, 0, 2, 8, 1.85, 391300, 1211
2294, 3, 16, 102, 61, 1, 1.85%, 0, 2, 8, 1.85, 391310, 1211
2299, 3, 16, 102, 61, 1, 1.85%, 0, 2, 8, 1.84, 391319, 1211
2305, 3, 16, 102, 61, 1, 1.85%, 0, 2, 8, 1.80, 391328, 1211
2310, 3, 16, 102, 61, 1, 1.85%, 0, 2, 8, 1.91, 391338, 1211
2315, 3, 16, 102, 61, 1, 1.85%, 0, 2, 8, 2.02, 391349, 1211
2320, 3, 16, 102, 61, 1, 1.85%, 0, 2, 8, 8.23, 391538, 1211
2325, 3, 16, 102, 61, 1, 1.85%, 0, 2, 8, 8.18, 391576, 1211
2330, 3, 16, 102, 61, 1, 1.85%, 0, 2, 8, 8.22, 391619, 1211
2335, 3, 16, 102, 61, 1, 1.85%, 0, 2, 8, 8.28, 391662, 1211
2340, 3, 16, 102, 61, 1, 1.85%, 0, 2, 8, 13.71, 391731, 1211
2345, 3, 16, 102, 61, 1, 1.85%, 0, 2, 8, 17.19, 391823, 1211
2351, 3, 16, 102, 61, 1, 1.85%, 0, 2, 8, 303.48, 392898, 1211
2356, 3, 25, 102, 61, 1, 1.85%, 0, 2, 8, 318.37, 394437, 1211
2361, 3, 25, 102, 61, 1, 1.85%, 0, 2, 8, 341.09, 396099, 1211
2366, 3, 25, 102, 61, 1, 1.85%, 0, 2, 8, 234.42, 397284, 1211
2371, 3, 25, 102, 61, 1, 1.85%, 0, 2, 8, 249.29, 398484, 1211
2376, 3, 25, 102, 61, 1, 1.85%, 0, 2, 8, 107.47, 398794, 1211
2381, 3, 25, 102, 61, 1, 1.85%, 0, 2, 8, 160.13, 399528, 1211
2386, 3, 25, 102, 61, 1, 1.85%, 0, 2, 8, 17.23, 399991, 1211
2391, 3, 25, 102, 61, 1, 1.85%, 0, 2, 8, 18.72, 400088, 1211
2397, 3, 25, 102, 61, 1, 1.85%, 0, 2, 8, 19.33, 400170, 1211
2402, 3, 25, 102, 61, 1, 1.85%, 0, 2, 8, 19.25, 400267, 1211
2407, 3, 25, 102, 61, 1, 1.85%, 0, 2, 8, 19.05, 400347, 1211
2412, 3, 25, 102, 61, 1, 1.85%, 0, 2, 8, 19.10, 400444, 1211
2417, 3, 25, 102, 61, 1, 1.85%, 0, 2, 8, 3.44, 400956, 1211
2422, 3, 25, 102, 61, 1, 1.85%, 0, 2, 8, 3.39, 400972, 1211
2427, 3, 25, 102, 61, 1, 1.85%, 0, 2, 8, 3.41, 400987, 1211
2432, 3, 25, 102, 61, 1, 1.85%, 0, 3, 8, 3.11, 401001, 1211
2438, 3, 25, 102, 61, 1, 1.85%, 0, 3, 8, 3.02, 401017, 1211
2443, 3, 25, 102, 61, 1, 1.85%, 0, 3, 8, 3.43, 401036, 1211
2448, 3, 25, 102, 61, 1, 1.85%, 0, 3, 8, 3.66, 401056, 1211
2453, 3, 25, 102, 61, 1, 1.85%, 0, 3, 8, 3.43, 401071, 1211
2459, 3, 25, 102, 61, 1, 1.85%, 0, 3, 8, 3.29, 401088, 1211
2464, 3, 25, 102, 61, 1, 1.85%, 0, 3, 8, 3.20, 401104, 1211
2469, 3, 25, 102, 61, 1, 1.85%, 0, 3, 8, 3.26, 401120, 1211
2474, 3, 25, 102, 61, 1, 1.85%, 0, 3, 8, 3.10, 401136, 1211
2479, 3, 25, 102, 61, 1, 1.85%, 0, 3, 8, 3.48, 401155, 1211
2484, 3, 25, 102, 61, 1, 1.85%, 0, 3, 8, 3.09, 401168, 1211
2489, 3, 25, 102, 61, 1, 1.85%, 0, 3, 8, 3.00, 401183, 1211
2495, 3, 25, 102, 61, 1, 1.85%, 0, 3, 8, 3.28, 401203, 1211
2500, 3, 25, 102, 61, 1, 1.85%, 0, 3, 8, 3.40, 401220, 1211
2505, 3, 25, 102, 61, 1, 1.85%, 0, 3, 8, 3.30, 401236, 1211
2510, 3, 25, 102, 61, 1, 1.85%, 0, 3, 8, 3.23, 401252, 1211
2515, 3, 25, 102, 61, 1, 1.85%, 0, 3, 8, 3.77, 401272, 1211
2521, 3, 25, 102, 61, 1, 1.85%, 0, 3, 8, 3.64, 401291, 1211
2526, 3, 25, 102, 61, 1, 1.85%, 0, 3, 8, 3.18, 401306, 1211
2531, 3, 25, 102, 61, 1, 1.85%, 0, 3, 8, 3.09, 401321, 1211
2537, 3, 25, 102, 61, 1, 1.85%, 0, 3, 8, 3.10, 401337, 1211
2542, 3, 25, 102, 61, 1, 1.85%, 0, 3, 8, 3.03, 401352, 1211
2547, 3, 25, 102, 61, 1, 1.85%, 0, 3, 8, 3.69, 401373, 1211
2552, 3, 25, 102, 61, 1, 1.85%, 0, 3, 8, 3.43, 401389, 1211
2557, 3, 25, 102, 61, 1, 1.85%, 0, 3, 8, 3.35, 401407, 1211
2562, 3, 25, 102, 61, 1, 1.85%, 0, 3, 8, 3.24, 401423, 1211
2568, 3, 25, 102, 61, 1, 1.85%, 0, 3, 8, 3.05, 401439, 1211
2573, 3, 25, 102, 61, 1, 1.85%, 0, 3, 8, 22.98, 401559, 1211
2578, 3, 25, 102, 61, 1, 1.85%, 0, 3, 8, 22.46, 401665, 1211
2583, 3, 25, 102, 61, 1, 1.85%, 0, 3, 8, 23.00, 401772, 1211
2588, 3, 25, 102, 61, 1, 1.85%, 0, 3, 8, 22.76, 401874, 1211
2593, 3, 25, 102, 61, 1, 1.85%, 0, 3, 8, 143.94, 402230, 1211
2598, 3, 25, 102, 61, 1, 1.85%, 0, 3, 8, 4.66, 402444, 1211
2603, 3, 25, 102, 61, 1, 1.85%, 0, 3, 8, 3.64, 402459, 1211
2608, 3, 25, 102, 61, 1, 1.85%, 0, 3, 8, 3.63, 402477, 1211
2614, 3, 25, 102, 61, 1, 1.85%, 0, 3, 8, 3.43, 402495, 1211
2619, 3, 25, 102, 61, 1, 1.85%, 0, 3, 8, 3.55, 402513, 1211
2624, 3, 25, 102, 61, 1, 1.85%, 0, 3, 8, 3.33, 402530, 1211
2630, 3, 25, 102, 61, 1, 1.85%, 0, 3, 8, 3.08, 402545, 1211
2635, 3, 25, 102, 61, 1, 1.85%, 0, 3, 8, 2.98, 402560, 1211
2640, 3, 25, 102, 61, 1, 1.85%, 0, 3, 8, 3.11, 402577, 1211
2645, 3, 25, 102, 61, 1, 1.85%, 0, 3, 8, 2.97, 402592, 1211
2650, 3, 25, 102, 61, 1, 1.85%, 0, 3, 8, 2.87, 402606, 1211
2655, 3, 25, 102, 61, 1, 1.85%, 0, 3, 8, 3.05, 402622, 1211
2661, 3, 25, 102, 61, 1, 1.85%, 0, 3, 8, 3.15, 402639, 1211
2666, 3, 25, 102, 61, 1, 1.85%, 0, 3, 8, 3.82, 402659, 1211
2671, 3, 25, 102, 61, 1, 1.85%, 0, 3, 8, 3.61, 402677, 1211
2676, 3, 25, 102, 61, 1, 1.85%, 0, 3, 8, 3.29, 402692, 1211
2681, 3, 25, 102, 61, 1, 1.85%, 0, 3, 8, 3.13, 402708, 1211
2687, 3, 25, 102, 61, 1, 1.85%, 0, 3, 8, 3.40, 402726, 1211
2692, 3, 25, 102, 61, 1, 1.85%, 0, 3, 8, 3.26, 402743, 1211
2697, 3, 25, 102, 61, 1, 1.85%, 0, 3, 8, 3.32, 402761, 1211
2702, 3, 25, 102, 61, 1, 1.85%, 0, 3, 8, 3.22, 402777, 1211
2707, 3, 25, 102, 61, 1, 1.85%, 0, 3, 8, 3.09, 402792, 1211
2712, 3, 25, 102, 61, 1, 1.85%, 0, 3, 8, 2.75, 402804, 1211
2718, 3, 25, 102, 61, 1, 1.85%, 0, 3, 8, 2.88, 402820, 1211
2723, 3, 25, 102, 61, 1, 1.85%, 0, 3, 8, 2.84, 402835, 1211
2728, 3, 25, 102, 61, 1, 1.85%, 0, 3, 8, 3.02, 402851, 1211
2734, 3, 25, 102, 61, 1, 1.85%, 0, 3, 8, 2.85, 402866, 1211
2739, 3, 25, 102, 61, 1, 1.85%, 0, 3, 8, 3.09, 402881, 1211
2744, 3, 25, 102, 61, 1, 1.85%, 0, 3, 8, 2.94, 402896, 1211
2749, 3, 25, 102, 61, 1, 1.85%, 0, 3, 8, 3.49, 402914, 1211
2755, 3, 25, 102, 61, 1, 1.85%, 0, 3, 8, 22.67, 402942, 1211
2760, 3, 25, 102, 61, 1, 1.85%, 0, 3, 8, 22.89, 403057, 1211
2765, 3, 25, 102, 61, 1, 1.85%, 0, 3, 8, 22.80, 403172, 1211
2770, 3, 25, 102, 61, 1, 1.85%, 0, 3, 8, 23.05, 403266, 1211
2775, 3, 25, 102, 61, 1, 1.85%, 0, 3, 8, 23.07, 403386, 1211
2780, 3, 25, 103, 62, 1, 1.86%, 0, 3, 8, 85.77, 403826, 1220
2785, 3, 25, 103, 62, 1, 1.86%, 0, 3, 8, 130.65, 404410, 1220
2790, 3, 25, 104, 63, 2, 1.86%, 0, 3, 8, 285.81, 405948, 1221
2795, 3, 25, 104, 63, 2, 1.86%, 0, 3, 8, 353.71, 407882, 1221
2800, 3, 25, 104, 63, 2, 1.86%, 0, 3, 8, 389.23, 409555, 1221
2805, 3, 25, 104, 63, 2, 1.86%, 0, 3, 8, 324.96, 411048, 1221
2810, 3, 25, 104, 63, 2, 1.86%, 0, 3, 8, 329.92, 412686, 1221
2816, 3, 25, 104, 63, 2, 1.86%, 0, 3, 8, 2.70, 413872, 1221
2821, 3, 25, 104, 63, 2, 1.86%, 0, 3, 8, 2.69, 413884, 1221
2826, 3, 25, 104, 63, 2, 1.86%, 0, 3, 8, 3.14, 413903, 1221
2831, 3, 25, 104, 63, 2, 1.86%, 0, 3, 8, 3.50, 413923, 1221
2836, 3, 25, 104, 63, 2, 1.86%, 0, 3, 8, 3.34, 413937, 1221
2842, 3, 25, 104, 63, 2, 1.86%, 0, 3, 8, 3.07, 413953, 1221
2847, 3, 25, 104, 63, 2, 1.86%, 0, 3, 8, 3.53, 413971, 1221
2853, 3, 25, 104, 63, 2, 1.86%, 0, 3, 8, 3.33, 413988, 1221
2858, 3, 25, 104, 63, 2, 1.86%, 0, 3, 8, 3.30, 414005, 1221
2863, 3, 25, 104, 63, 2, 1.86%, 0, 3, 8, 3.15, 414022, 1221
2868, 3, 25, 104, 63, 2, 1.86%, 0, 3, 8, 3.01, 414037, 1221
2874, 3, 25, 104, 63, 2, 1.86%, 0, 3, 8, 3.15, 414055, 1221
2879, 3, 25, 104, 63, 2, 1.86%, 0, 3, 8, 3.08, 414071, 1221
2884, 3, 25, 104, 63, 2, 1.86%, 0, 3, 8, 3.13, 414086, 1221
2889, 3, 25, 104, 63, 2, 1.86%, 0, 3, 8, 3.01, 414101, 1221
2894, 3, 25, 104, 63, 2, 1.86%, 0, 3, 8, 3.08, 414117, 1221
2899, 3, 25, 104, 63, 2, 1.86%, 0, 3, 8, 3.04, 414132, 1221
2904, 3, 25, 104, 63, 2, 1.86%, 0, 3, 8, 3.17, 414149, 1221
2909, 3, 25, 104, 63, 2, 1.86%, 0, 3, 8, 3.32, 414166, 1221
2914, 3, 25, 104, 63, 2, 1.86%, 0, 3, 8, 3.17, 414182, 1221
2919, 3, 25, 104, 63, 2, 1.86%, 0, 3, 8, 3.37, 414198, 1221
2925, 3, 25, 104, 63, 2, 1.86%, 0, 3, 8, 3.30, 414215, 1221
2930, 3, 25, 104, 63, 2, 1.86%, 0, 3, 8, 2.88, 414228, 1221
2935, 3, 25, 104, 63, 2, 1.86%, 0, 3, 8, 2.74, 414242, 1221
2940, 3, 25, 104, 63, 2, 1.86%, 0, 3, 8, 3.00, 414259, 1221
2945, 3, 25, 104, 63, 2, 1.86%, 0, 3, 8, 3.31, 414277, 1221
2951, 3, 25, 104, 63, 2, 1.86%, 0, 3, 8, 3.47, 414294, 1221
2956, 3, 25, 104, 63, 2, 1.86%, 0, 3, 8, 3.38, 414311, 1221
2961, 3, 25, 104, 63, 2, 1.86%, 0, 3, 8, 3.01, 414325, 1221
2966, 3, 25, 104, 63, 2, 1.86%, 0, 3, 8, 3.14, 414341, 1221
2971, 3, 25, 104, 63, 2, 1.86%, 0, 3, 8, 3.54, 414359, 1221
2976, 3, 25, 104, 63, 2, 1.86%, 0, 3, 8, 26.32, 415385, 1221
2981, 3, 25, 104, 63, 2, 1.86%, 0, 3, 8, 20.41, 415479, 1221
2987, 3, 25, 104, 63, 2, 1.86%, 0, 3, 8, 19.33, 415575, 1221
2992, 3, 25, 104, 63, 2, 1.86%, 0, 3, 8, 18.66, 415668, 1221
2997, 3, 25, 104, 63, 2, 1.86%, 0, 3, 8, 18.49, 415761, 1221
3002, 3, 25, 104, 63, 2, 1.86%, 0, 3, 8, 17.23, 415851, 1221
3007, 3, 25, 104, 63, 2, 1.86%, 0, 3, 8, 8.05, 415875, 1221
3012, 3, 25, 104, 63, 2, 1.86%, 0, 3, 8, 6.65, 415904, 1221
3017, 3, 25, 104, 63, 2, 1.86%, 0, 3, 8, 5.72, 415931, 1221
3022, 3, 25, 104, 63, 2, 1.86%, 0, 3, 8, 5.28, 415959, 1221
3027, 3, 25, 104, 63, 2, 1.86%, 0, 3, 8, 5.91, 415991, 1221
3032, 3, 25, 104, 63, 2, 1.86%, 0, 3, 8, 5.61, 416019, 1221
3037, 3, 25, 104, 63, 2, 1.86%, 0, 3, 8, 5.69, 416048, 1221
3043, 3, 25, 104, 63, 2, 1.86%, 0, 3, 8, 5.57, 416078, 1221
3048, 3, 25, 104, 63, 2, 1.86%, 0, 3, 8, 5.57, 416106, 1221
3053, 3, 25, 104, 63, 2, 1.86%, 0, 3, 8, 5.46, 416134, 1221
3058, 3, 25, 104, 63, 2, 1.86%, 0, 3, 8, 5.96, 416165, 1221
3063, 3, 25, 104, 63, 2, 1.86%, 0, 3, 8, 5.60, 416194, 1221
3068, 3, 25, 104, 63, 2, 1.86%, 0, 3, 8, 5.04, 416220, 1221
3073, 3, 25, 104, 63, 2, 1.86%, 0, 3, 8, 5.14, 416248, 1221
3079, 3, 25, 104, 63, 2, 1.86%, 0, 3, 8, 5.64, 416278, 1221
3084, 3, 25, 104, 63, 2, 1.86%, 0, 3, 8, 5.84, 416308, 1221
3089, 3, 25, 104, 63, 2, 1.86%, 0, 3, 8, 5.60, 416336, 1221
3094, 3, 25, 104, 63, 2, 1.86%, 0, 3, 8, 107.47, 416898, 1221
3099, 3, 25, 104, 63, 2, 1.86%, 0, 3, 8, 61.54, 417143, 1221
3104, 3, 25, 104, 63, 2, 1.86%, 0, 3, 8, 50.44, 417384, 1221
3109, 3, 25, 104, 63, 2, 1.86%, 0, 3, 8, 47.17, 417620, 1221
3114, 3, 25, 104, 63, 2, 1.86%, 0, 3, 8, 379.29, 417960, 1221
3119, 3, 25, 104, 63, 2, 1.86%, 0, 3, 8, 66.12, 419850, 1221
3124, 3, 102, 104, 63, 3, 1.86%, 0, 3, 8, 110.57, 420456, 1221
3130, 3, 102, 104, 63, 3, 1.86%, 0, 3, 8, 126.69, 421128, 1221
3135, 3, 102, 104, 63, 3, 1.86%, 0, 3, 8, 146.43, 421871, 1221
3140, 3, 102, 104, 63, 3, 1.86%, 0, 3, 8, 160.01, 422694, 1221
3145, 3, 102, 104, 63, 3, 1.86%, 0, 3, 8, 148.90, 423531, 1221
3150, 3, 102, 104, 63, 3, 1.86%, 0, 3, 8, 188.99, 424440, 1221
3155, 3, 102, 104, 63, 3, 1.86%, 0, 3, 8, 19.57, 424835, 1221
3160, 3, 102, 104, 63, 3, 1.86%, 0, 3, 8, 19.89, 424937, 1221
3165, 3, 102, 104, 63, 3, 1.86%, 0, 3, 8, 280.59, 425689, 1221
3171, 3, 5, 104, 62, 2, 1.86%, 0, 3, 8, 279.21, 426661, 1221
3176, 3, 16, 104, 62, 2, 1.86%, 0, 3, 8, 332.78, 428246, 1221
3181, 3, 16, 104, 62, 2, 1.86%, 0, 3, 8, 13.75, 428529, 1221
3186, 3, 16, 104, 62, 2, 1.86%, 0, 3, 8, 8.07, 428560, 1221
3191, 3, 16, 104, 62, 2, 1.86%, 0, 3, 8, 6.13, 428589, 1221
3196, 3, 16, 104, 62, 2, 1.86%, 0, 3, 8, 5.78, 428619, 1221
3202, 3, 16, 104, 62, 2, 1.86%, 0, 3, 8, 5.76, 428649, 1221
3207, 3, 16, 104, 62, 2, 1.86%, 0, 3, 8, 5.69, 428678, 1221
3212, 3, 16, 104, 62, 2, 1.86%, 0, 3, 8, 6.20, 428711, 1221
3217, 3, 16, 104, 62, 2, 1.86%, 0, 3, 8, 5.67, 428738, 1221
3222, 3, 16, 104, 62, 2, 1.86%, 0, 3, 8, 5.85, 428768, 1221
3227, 3, 16, 104, 62, 2, 1.86%, 0, 3, 8, 5.77, 428797, 1221
3232, 3, 16, 104, 62, 2, 1.86%, 0, 3, 8, 5.36, 428824, 1221
3238, 3, 16, 104, 62, 2, 1.86%, 0, 3, 8, 266.78, 429899, 1221
3243, 3, 16, 104, 62, 2, 1.86%, 0, 3, 8, 5.27, 430334, 1221
3248, 3, 16, 104, 62, 2, 1.86%, 0, 3, 8, 4.96, 430359, 1221
3253, 3, 16, 104, 62, 2, 1.86%, 0, 3, 8, 4.83, 430383, 1221
3258, 3, 16, 104, 62, 2, 1.86%, 0, 3, 8, 5.26, 430412, 1221
3263, 3, 16, 104, 62, 2, 1.86%, 0, 3, 8, 5.20, 430437, 1221
3269, 3, 16, 104, 62, 2, 1.86%, 0, 3, 8, 5.13, 430464, 1221
3274, 3, 16, 104, 62, 2, 1.86%, 0, 3, 8, 185.78, 430592, 1221
3279, 3, 16, 104, 62, 2, 1.86%, 0, 3, 8, 47.42, 432161, 1221
3284, 3, 16, 104, 62, 2, 1.86%, 0, 3, 8, 25.42, 432264, 1221
3289, 3, 16, 104, 62, 2, 1.86%, 0, 3, 8, 20.60, 432661, 1221
3294, 3, 16, 104, 62, 2, 1.86%, 0, 3, 8, 20.44, 432751, 1221
3300, 3, 16, 104, 62, 2, 1.86%, 0, 3, 8, 1.13, 432800, 1221
3305, 3, 16, 104, 62, 2, 1.86%, 0, 3, 8, 1.26, 432807, 1221
3310, 3, 16, 104, 62, 2, 1.86%, 0, 3, 8, 1.37, 432815, 1221
3316, 3, 16, 104, 62, 2, 1.86%, 0, 3, 8, 1.49, 432824, 1221
3321, 3, 16, 104, 62, 2, 1.86%, 0, 3, 8, 1.55, 432831, 1221
3327, 3, 16, 104, 62, 2, 1.86%, 0, 3, 8, 1.70, 432840, 1221
3332, 3, 16, 104, 62, 2, 1.86%, 0, 3, 8, 1.60, 432847, 1221
3338, 3, 16, 104, 62, 2, 1.86%, 0, 3, 8, 1.50, 432854, 1221
3343, 3, 16, 104, 62, 2, 1.86%, 0, 3, 8, 1.44, 432861, 1221
3349, 3, 16, 104, 62, 2, 1.86%, 0, 3, 8, 1.49, 432868, 1221
3354, 3, 16, 104, 62, 2, 1.86%, 0, 3, 8, 1.58, 432876, 1221
3359, 3, 16, 104, 62, 2, 1.86%, 0, 3, 8, 1.63, 432883, 1221
3364, 3, 16, 104, 62, 2, 1.86%, 0, 3, 8, 1.67, 432892, 1221
3369, 3, 16, 104, 62, 2, 1.86%, 0, 3, 8, 1.63, 432900, 1221
3375, 3, 16, 104, 62, 2, 1.86%, 0, 3, 8, 1.58, 432908, 1221
3381, 3, 16, 104, 62, 2, 1.86%, 0, 3, 8, 1.43, 432914, 1221
3386, 3, 16, 104, 62, 2, 1.86%, 0, 3, 8, 1.39, 432921, 1221
3391, 3, 16, 104, 62, 2, 1.86%, 0, 3, 8, 1.45, 432928, 1221
3397, 3, 16, 104, 62, 2, 1.86%, 0, 3, 8, 1.35, 432934, 1221
3402, 3, 16, 104, 62, 2, 1.86%, 0, 3, 8, 1.39, 432941, 1221
3408, 3, 16, 104, 62, 2, 1.86%, 0, 3, 8, 1.58, 432950, 1221
3413, 3, 16, 104, 62, 2, 1.86%, 0, 3, 8, 1.52, 432957, 1221
3418, 3, 16, 104, 62, 2, 1.86%, 0, 3, 8, 5.10, 433138, 1221
3424, 3, 16, 104, 62, 2, 1.86%, 0, 3, 8, 5.99, 433172, 1221
3429, 3, 16, 104, 62, 2, 1.86%, 0, 3, 8, 5.32, 433198, 1221
3434, 3, 16, 104, 62, 2, 1.86%, 0, 3, 8, 5.84, 433228, 1221
3439, 3, 16, 104, 62, 2, 1.86%, 0, 3, 8, 5.51, 433253, 1221
3444, 3, 16, 104, 62, 2, 1.86%, 0, 3, 8, 5.40, 433281, 1221
3450, 3, 16, 104, 62, 2, 1.86%, 0, 3, 8, 201.24, 434117, 1221
3455, 3, 16, 104, 62, 2, 1.86%, 0, 3, 8, 2.15, 434128, 1221
3460, 3, 16, 104, 62, 2, 1.86%, 0, 3, 8, 2.00, 434137, 1221
3465, 3, 16, 104, 62, 2, 1.86%, 0, 3, 8, 2.20, 434148, 1221
3471, 3, 16, 104, 62, 2, 1.86%, 0, 3, 8, 2.10, 434159, 1221
3476, 3, 16, 104, 62, 2, 1.86%, 0, 3, 8, 1.94, 434168, 1221
3481, 3, 16, 104, 62, 2, 1.86%, 0, 3, 8, 1.92, 434178, 1221
3487, 3, 16, 104, 62, 2, 1.86%, 0, 3, 8, 2.13, 434190, 1221
3492, 3, 16, 104, 62, 2, 1.86%, 0, 3, 8, 2.03, 434199, 1221
3497, 3, 16, 104, 62, 2, 1.86%, 0, 3, 8, 1.92, 434209, 1221
3503, 3, 16, 104, 62, 2, 1.86%, 0, 3, 8, 1.83, 434218, 1221
3508, 3, 16, 104, 62, 2, 1.86%, 0, 3, 8, 1.82, 434228, 1221
3514, 3, 16, 104, 62, 2, 1.86%, 0, 3, 8, 2.08, 434240, 1221
3519, 3, 16, 104, 62, 2, 1.86%, 0, 3, 8, 1.89, 434249, 1221
3524, 3, 16, 104, 62, 2, 1.86%, 0, 3, 8, 2.19, 434260, 1221
3529, 3, 16, 104, 62, 2, 1.86%, 0, 3, 8, 2.20, 434270, 1221
3535, 3, 16, 104, 62, 2, 1.86%, 0, 3, 8, 2.02, 434280, 1221
3540, 3, 40, 104, 62, 2, 1.86%, 0, 3, 8, 385.76, 435949, 1221
3545, 3, 40, 104, 62, 2, 1.86%, 0, 3, 8, 375.95, 437846, 1221
3550, 3, 40, 104, 62, 2, 1.86%, 0, 3, 8, 391.06, 439855, 1221
3555, 3, 40, 104, 62, 2, 1.86%, 0, 3, 8, 224.49, 440761, 1221
3561, 3, 40, 104, 62, 2, 1.86%, 0, 3, 8, 212.07, 441707, 1221
3566, 3, 40, 105, 63, 2, 1.86%, 0, 3, 8, 221.52, 442911, 1222
3571, 3, 40, 105, 63, 2, 1.86%, 0, 3, 8, 326.14, 444545, 1222
3576, 3, 40, 105, 63, 2, 1.86%, 0, 3, 8, 3.61, 444562, 1222
3581, 3, 40, 105, 63, 2, 1.86%, 0, 3, 8, 2.84, 444571, 1222
3587, 3, 40, 105, 63, 2, 1.86%, 0, 3, 8, 2.47, 444581, 1222
3592, 3, 40, 105, 63, 2, 1.86%, 0, 3, 8, 2.29, 444591, 1222
3597, 3, 40, 105, 63, 2, 1.86%, 0, 3, 8, 2.07, 444600, 1222
3603, 3, 40, 105, 63, 2, 1.86%, 0, 3, 8, 2.03, 444610, 1222
3608, 3, 40, 105, 63, 2, 1.86%, 0, 3, 8, 2.05, 444620, 1222
3613, 3, 40, 105, 63, 2, 1.86%, 0, 3, 8, 1.88, 444629, 1222
3618, 3, 40, 105, 63, 2, 1.86%, 0, 3, 8, 1.77, 444637, 1222
3624, 3, 40, 105, 63, 2, 1.86%, 0, 3, 8, 1.75, 444646, 1222
3629, 3, 40, 105, 63, 2, 1.86%, 0, 3, 8, 1.74, 444655, 1222
3634, 3, 40, 105, 63, 2, 1.86%, 0, 3, 8, 1.77, 444665, 1222
3640, 3, 40, 105, 63, 2, 1.86%, 0, 3, 8, 1.82, 444675, 1222
3645, 3, 40, 105, 63, 2, 1.86%, 0, 3, 8, 1.99, 444686, 1222
3650, 3, 40, 105, 63, 2, 1.86%, 0, 3, 8, 2.03, 444696, 1222
3656, 3, 40, 105, 63, 2, 1.86%, 0, 3, 8, 1.88, 444706, 1222
3661, 3, 40, 105, 63, 2, 1.86%, 0, 3, 8, 1.95, 444716, 1222
3667, 3, 40, 105, 63, 2, 1.86%, 0, 3, 8, 2.04, 444727, 1222
3672, 3, 40, 105, 63, 2, 1.86%, 0, 3, 8, 2.05, 444737, 1222
3677, 3, 40, 105, 63, 2, 1.86%, 0, 3, 8, 1.91, 444746, 1222
3682, 3, 40, 105, 63, 2, 1.86%, 0, 3, 8, 1.85, 444755, 1222
3688, 3, 40, 105, 63, 2, 1.86%, 0, 3, 8, 1.86, 444765, 1222
3693, 3, 40, 105, 63, 2, 1.86%, 0, 3, 8, 1.83, 444775, 1222
3699, 3, 40, 105, 63, 2, 1.86%, 0, 3, 8, 1.80, 444785, 1222
3704, 3, 40, 105, 63, 2, 1.86%, 0, 3, 8, 1.73, 444794, 1222
3709, 3, 40, 105, 63, 2, 1.86%, 0, 3, 8, 1.81, 444803, 1222
3715, 3, 40, 105, 63, 2, 1.86%, 0, 3, 8, 2.33, 444815, 1222
3720, 3, 40, 105, 63, 2, 1.86%, 0, 3, 8, 2.12, 444824, 1222
3725, 3, 40, 105, 63, 2, 1.86%, 0, 3, 8, 2.18, 444835, 1222
3731, 3, 40, 105, 63, 2, 1.86%, 0, 3, 8, 2.04, 444845, 1222
3736, 3, 40, 105, 63, 2, 1.86%, 0, 3, 8, 1.97, 444855, 1222
3742, 3, 40, 105, 63, 2, 1.86%, 0, 3, 8, 1.84, 444864, 1222
3747, 3, 40, 105, 63, 2, 1.86%, 0, 3, 8, 2.08, 444876, 1222
3752, 3, 40, 105, 63, 2, 1.86%, 0, 3, 8, 2.02, 444886, 1222
3757, 3, 40, 105, 63, 2, 1.86%, 0, 3, 8, 2.09, 444897, 1222
3763, 3, 40, 105, 63, 2, 1.86%, 0, 3, 8, 1.90, 444906, 1222
3768, 3, 40, 105, 63, 2, 1.86%, 0, 3, 8, 1.90, 444915, 1222
3773, 3, 40, 105, 63, 2, 1.86%, 0, 3, 8, 2.13, 444925, 1222
3779, 3, 40, 105, 63, 2, 1.86%, 0, 3, 8, 2.03, 444935, 1222
3784, 3, 40, 105, 63, 2, 1.86%, 0, 3, 8, 2.10, 444947, 1222
3789, 3, 40, 105, 63, 2, 1.86%, 0, 3, 8, 2.03, 444956, 1222
3794, 3, 40, 105, 63, 2, 1.86%, 0, 3, 8, 1.88, 444965, 1222
3799, 3, 40, 105, 63, 2, 1.86%, 0, 3, 8, 1.98, 444975, 1222
3805, 3, 40, 105, 63, 2, 1.86%, 0, 3, 8, 1.82, 444984, 1222
3810, 3, 40, 105, 63, 2, 1.86%, 0, 3, 8, 1.76, 444993, 1222
3816, 3, 40, 105, 63, 2, 1.86%, 0, 3, 8, 1.98, 445003, 1222
3821, 3, 40, 105, 63, 2, 1.86%, 0, 3, 8, 1.97, 445013, 1222
3827, 3, 40, 105, 63, 2, 1.86%, 0, 3, 8, 2.21, 445025, 1222
3832, 3, 40, 105, 63, 2, 1.86%, 0, 3, 8, 2.01, 445034, 1222
3837, 3, 40, 105, 63, 2, 1.86%, 0, 3, 8, 1.86, 445043, 1222
3842, 3, 40, 105, 63, 2, 1.86%, 0, 3, 8, 1.88, 445052, 1222
3848, 3, 40, 105, 63, 2, 1.86%, 0, 3, 8, 1.87, 445062, 1222
3853, 3, 40, 105, 63, 2, 1.86%, 0, 3, 8, 1.86, 445071, 1222
3858, 3, 40, 105, 63, 2, 1.86%, 0, 3, 8, 1.91, 445081, 1222
3864, 3, 40, 105, 63, 2, 1.86%, 0, 3, 8, 2.20, 445093, 1222
3869, 3, 40, 105, 63, 2, 1.86%, 0, 3, 8, 2.13, 445103, 1222
3874, 3, 40, 105, 63, 2, 1.86%, 0, 3, 8, 2.08, 445113, 1222
3879, 3, 40, 105, 63, 2, 1.86%, 0, 3, 8, 1.97, 445123, 1222
3885, 3, 40, 105, 63, 2, 1.86%, 0, 3, 8, 1.81, 445132, 1222
3890, 3, 40, 105, 63, 2, 1.86%, 0, 3, 8, 2.46, 445145, 1222
3895, 3, 40, 105, 63, 2, 1.86%, 0, 3, 8, 2.22, 445155, 1222
3900, 3, 40, 105, 63, 2, 1.86%, 0, 3, 8, 2.07, 445164, 1222
3905, 3, 40, 105, 63, 2, 1.86%, 0, 3, 8, 2.03, 445174, 1222
3911, 3, 40, 105, 63, 2, 1.86%, 0, 3, 8, 2.10, 445185, 1222
3916, 3, 40, 105, 63, 2, 1.86%, 0, 3, 8, 2.05, 445195, 1222
3921, 3, 40, 105, 63, 2, 1.86%, 0, 3, 8, 2.04, 445206, 1222
3926, 3, 40, 105, 63, 2, 1.86%, 0, 3, 8, 130.20, 445349, 1222
3932, 3, 40, 105, 63, 2, 1.86%, 0, 3, 8, 221.19, 446365, 1222
3937, 3, 40, 105, 63, 2, 1.86%, 0, 3, 8, 16.22, 447869, 1222
3942, 3, 40, 105, 63, 2, 1.86%, 0, 3, 8, 10.38, 447911, 1222
3947, 3, 40, 105, 63, 2, 1.86%, 0, 3, 8, 5.09, 447949, 1222
3952, 3, 40, 105, 63, 2, 1.86%, 0, 3, 8, 7.79, 447994, 1222
3957, 3, 40, 105, 63, 2, 1.86%, 0, 3, 8, 8.36, 448038, 1222
3962, 3, 40, 105, 63, 2, 1.86%, 0, 3, 8, 8.06, 448076, 1222
3967, 3, 40, 105, 63, 2, 1.86%, 0, 3, 8, 8.31, 448119, 1222
3973, 3, 40, 105, 63, 2, 1.86%, 0, 3, 8, 8.39, 448162, 1222
3978, 3, 40, 105, 63, 2, 1.86%, 0, 3, 8, 8.55, 448206, 1222
3983, 3, 40, 105, 63, 2, 1.86%, 0, 3, 8, 8.39, 448249, 1222
3988, 3, 40, 105, 63, 2, 1.86%, 0, 3, 8, 8.09, 448289, 1222
3993, 3, 40, 105, 63, 2, 1.86%, 0, 3, 8, 8.41, 448333, 1222
3998, 3, 40, 105, 63, 2, 1.86%, 0, 3, 8, 8.42, 448376, 1222
4003, 3, 40, 105, 63, 2, 1.86%, 0, 3, 8, 8.20, 448414, 1222
4009, 3, 40, 105, 63, 2, 1.86%, 0, 3, 8, 8.37, 448458, 1222
4014, 3, 40, 105, 63, 2, 1.86%, 0, 3, 8, 8.74, 448504, 1222
4019, 3, 40, 105, 63, 2, 1.86%, 0, 3, 8, 284.69, 449307, 1222
4024, 3, 40, 105, 63, 2, 1.86%, 0, 3, 8, 252.76, 450474, 1222
4029, 3, 16, 105, 63, 3, 1.86%, 0, 3, 8, 305.79, 452143, 1222
4034, 3, 16, 105, 63, 3, 1.86%, 0, 3, 8, 40.35, 453194, 1222
4040, 3, 16, 105, 63, 3, 1.86%, 0, 3, 8, 23.82, 453297, 1222
4045, 3, 16, 105, 63, 3, 1.86%, 0, 3, 8, 1.64, 453652, 1222
4050, 3, 16, 105, 63, 3, 1.86%, 0, 3, 8, 1.93, 453664, 1222
4055, 3, 16, 105, 63, 3, 1.86%, 0, 3, 8, 2.17, 453676, 1222
4060, 3, 16, 105, 63, 3, 1.86%, 0, 3, 8, 2.11, 453686, 1222
4066, 3, 16, 105, 63, 3, 1.86%, 0, 3, 8, 2.10, 453697, 1222
4071, 3, 16, 105, 63, 3, 1.86%, 0, 3, 8, 1.95, 453706, 1222
4076, 3, 16, 105, 63, 3, 1.86%, 0, 3, 8, 1.98, 453716, 1222
4082, 3, 16, 105, 63, 3, 1.86%, 0, 3, 8, 1.97, 453726, 1222
4087, 3, 16, 105, 63, 3, 1.86%, 0, 3, 8, 2.01, 453737, 1222
4093, 3, 16, 105, 63, 3, 1.86%, 0, 3, 8, 2.04, 453748, 1222
4098, 3, 16, 105, 63, 3, 1.86%, 0, 3, 8, 2.02, 453758, 1222
4104, 3, 16, 105, 63, 3, 1.86%, 0, 3, 8, 2.00, 453769, 1222
4109, 3, 16, 105, 63, 3, 1.86%, 0, 3, 8, 2.01, 453779, 1222
4114, 3, 16, 105, 63, 3, 1.86%, 0, 3, 8, 2.02, 453789, 1222
4119, 3, 16, 105, 63, 3, 1.86%, 0, 3, 8, 1.88, 453797, 1222
4125, 3, 16, 105, 63, 3, 1.86%, 0, 3, 8, 1.87, 453807, 1222
4130, 3, 16, 105, 63, 3, 1.86%, 0, 3, 8, 167.39, 454162, 1222
4135, 3, 32, 105, 63, 3, 1.86%, 0, 3, 8, 252.32, 455725, 1222
4140, 3, 32, 105, 63, 3, 1.86%, 0, 3, 8, 344.73, 457273, 1222
4145, 3, 32, 105, 63, 3, 1.86%, 0, 3, 8, 255.33, 458587, 1222
4151, 3, 32, 105, 63, 3, 1.86%, 0, 3, 8, 18.51, 458850, 1222
4156, 3, 32, 105, 63, 3, 1.86%, 0, 3, 8, 18.50, 458945, 1222
4161, 3, 32, 105, 63, 3, 1.86%, 0, 3, 8, 18.11, 459035, 1222
4166, 3, 32, 105, 63, 3, 1.86%, 0, 3, 8, 18.70, 459131, 1222
4171, 3, 32, 105, 63, 3, 1.86%, 0, 3, 8, 18.18, 459222, 1222
4176, 3, 32, 105, 63, 3, 1.86%, 0, 3, 8, 49.58, 459808, 1222
4181, 3, 32, 105, 63, 3, 1.86%, 0, 3, 8, 30.32, 459949, 1222
4186, 3, 32, 105, 63, 3, 1.86%, 0, 3, 8, 30.30, 460095, 1222
4191, 3, 32, 105, 63, 3, 1.86%, 0, 3, 8, 32.94, 460264, 1222
4197, 3, 32, 105, 63, 3, 1.86%, 0, 3, 8, 33.41, 461498, 1222
4202, 3, 32, 105, 63, 3, 1.86%, 0, 3, 8, 118.15, 462314, 1222
4207, 3, 32, 105, 63, 3, 1.86%, 0, 3, 8, 55.14, 462518, 1222
4213, 3, 32, 105, 63, 3, 1.86%, 0, 3, 8, 42.76, 462725, 1222
4218, 3, 32, 105, 63, 3, 1.86%, 0, 3, 8, 33.69, 462886, 1222
4223, 3, 32, 106, 64, 3, 1.86%, 0, 3, 8, 29.97, 463019, 1222
4228, 3, 32, 106, 64, 3, 1.86%, 0, 3, 8, 30.14, 463171, 1222
4233, 3, 32, 106, 64, 3, 1.86%, 0, 3, 8, 30.55, 463330, 1222
4238, 3, 32, 106, 64, 3, 1.86%, 0, 3, 8, 31.02, 463491, 1222
4243, 3, 32, 106, 64, 3, 1.86%, 0, 3, 8, 30.34, 463649, 1222
4248, 3, 32, 106, 64, 3, 1.86%, 0, 3, 8, 22.11, 464254, 1222
4254, 3, 32, 106, 64, 3, 1.86%, 0, 3, 8, 1.90, 464351, 1222
4259, 3, 32, 106, 64, 3, 1.86%, 0, 3, 8, 20.64, 464455, 1222
4264, 3, 32, 106, 64, 3, 1.86%, 0, 3, 8, 20.65, 464560, 1222
4269, 3, 32, 106, 64, 3, 1.86%, 0, 3, 8, 19.67, 464639, 1222
4274, 3, 32, 106, 64, 3, 1.86%, 0, 3, 8, 432.84, 464824, 1222
4279, 3, 32, 106, 64, 3, 1.86%, 0, 3, 8, 112.79, 465764, 1222
4285, 3, 104, 106, 64, 3, 1.86%, 0, 3, 8, 303.66, 467537, 1222
4290, 3, 104, 106, 64, 3, 1.86%, 0, 3, 8, 344.99, 469389, 1222
4295, 3, 104, 106, 64, 3, 1.86%, 0, 3, 8, 224.63, 470315, 1222
4300, 3, 104, 106, 64, 3, 1.86%, 0, 3, 8, 101.28, 470685, 1222
4305, 3, 104, 106, 64, 3, 1.86%, 0, 3, 8, 451.12, 471632, 1222
4310, 3, 104, 106, 64, 3, 1.86%, 0, 3, 8, 41.92, 472811, 1222
4315, 3, 104, 106, 64, 3, 1.86%, 0, 3, 8, 39.92, 472974, 1222
4320, 3, 104, 106, 64, 3, 1.86%, 0, 3, 8, 447.76, 473248, 1222
4326, 3, 104, 106, 64, 3, 1.86%, 0, 3, 8, 349.10, 474933, 1222
4331, 3, 11, 106, 63, 2, 1.86%, 0, 3, 8, 330.54, 476642, 1222
4336, 3, 11, 106, 63, 2, 1.86%, 0, 3, 8, 5.40, 476729, 1222
4341, 3, 11, 106, 63, 2, 1.86%, 0, 3, 8, 6.00, 476761, 1222
4346, 3, 11, 106, 63, 2, 1.86%, 0, 3, 8, 6.55, 476795, 1222
4351, 3, 11, 106, 63, 2, 1.86%, 0, 3, 8, 6.05, 476824, 1222
4356, 3, 11, 106, 63, 2, 1.86%, 0, 3, 8, 5.65, 476853, 1222
4361, 3, 11, 106, 63, 2, 1.86%, 0, 3, 8, 4.74, 476875, 1222
4367, 3, 11, 106, 63, 2, 1.86%, 0, 3, 8, 5.08, 476901, 1222
4372, 3, 11, 106, 63, 2, 1.86%, 0, 3, 8, 4.84, 476925, 1222
4377, 3, 11, 106, 63, 2, 1.86%, 0, 3, 8, 4.71, 476950, 1222
4382, 3, 11, 106, 63, 2, 1.86%, 0, 3, 8, 4.55, 476974, 1222
4387, 3, 11, 106, 63, 2, 1.86%, 0, 3, 8, 5.84, 477005, 1222
4393, 3, 11, 106, 63, 2, 1.86%, 0, 3, 8, 6.22, 477039, 1222
4398, 3, 11, 106, 63, 2, 1.86%, 0, 3, 8, 7.08, 477077, 1222
4403, 3, 11, 106, 63, 2, 1.86%, 0, 3, 8, 6.77, 477110, 1222
4409, 3, 11, 106, 63, 2, 1.86%, 0, 3, 8, 4.56, 477574, 1222
4415, 3, 11, 106, 63, 2, 1.86%, 0, 3, 8, 4.62, 477599, 1222
4420, 3, 11, 106, 63, 2, 1.86%, 0, 3, 8, 4.49, 477622, 1222
4425, 3, 11, 106, 63, 2, 1.86%, 0, 3, 8, 5.06, 477649, 1222
4430, 3, 11, 106, 63, 2, 1.86%, 0, 3, 8, 4.26, 477668, 1222
4435, 3, 11, 106, 63, 2, 1.86%, 0, 3, 8, 4.01, 477688, 1222
