# relative_time, cycles_done, cur_item, corpus_count, pending_total, pending_favs, map_size, saved_crashes, saved_hangs, max_depth, execs_per_sec, total_execs, edges_found
61, 0, 0, 40, 40, 5, 0.62%, 0, 0, 2, 93.45, 5719, 408
66, 0, 0, 41, 41, 5, 0.62%, 0, 0, 2, 93.19, 6202, 408
71, 0, 0, 41, 41, 5, 0.62%, 0, 0, 2, 92.50, 6674, 408
76, 0, 0, 41, 41, 5, 0.62%, 0, 0, 2, 93.59, 7156, 408
82, 0, 0, 41, 41, 5, 0.62%, 0, 0, 2, 90.13, 7619, 408
87, 0, 0, 43, 43, 5, 0.62%, 0, 0, 2, 92.20, 8078, 408
92, 0, 0, 43, 43, 5, 0.62%, 0, 0, 2, 89.77, 8540, 408
97, 0, 0, 43, 43, 5, 0.62%, 0, 0, 2, 89.10, 8984, 408
102, 0, 0, 43, 43, 5, 0.62%, 0, 0, 2, 84.08, 9413, 408
107, 0, 0, 43, 43, 5, 0.62%, 0, 0, 2, 82.15, 9832, 408
112, 0, 0, 43, 43, 5, 0.62%, 0, 0, 2, 81.15, 10250, 408
117, 0, 0, 43, 43, 5, 0.62%, 0, 0, 2, 80.60, 10666, 408
123, 0, 0, 43, 43, 5, 0.62%, 0, 0, 2, 81.71, 11085, 408
128, 0, 0, 43, 43, 5, 0.62%, 0, 0, 2, 81.36, 11504, 408
133, 0, 0, 43, 43, 5, 0.62%, 0, 0, 2, 83.32, 11935, 408
138, 0, 0, 44, 44, 5, 0.62%, 0, 0, 2, 81.83, 12361, 409
143, 0, 0, 44, 44, 5, 0.62%, 0, 0, 2, 83.87, 12796, 409
148, 0, 0, 44, 44, 5, 0.62%, 0, 0, 2, 79.94, 13208, 409
154, 0, 0, 44, 44, 5, 0.62%, 0, 0, 2, 82.48, 13634, 409
159, 0, 0, 44, 44, 5, 0.62%, 0, 0, 2, 85.65, 14078, 409
164, 0, 0, 44, 44, 5, 0.62%, 0, 0, 2, 85.83, 14519, 409
169, 0, 0, 44, 44, 5, 0.62%, 0, 0, 2, 85.38, 14960, 409
174, 0, 0, 46, 46, 5, 0.62%, 0, 0, 2, 85.71, 15394, 409
179, 0, 0, 47, 47, 5, 0.62%, 0, 0, 2, 86.66, 15841, 409
184, 0, 0, 48, 48, 5, 0.63%, 0, 0, 2, 87.15, 16291, 410
189, 0, 0, 48, 48, 5, 0.63%, 0, 0, 2, 88.11, 16740, 410
194, 0, 0, 48, 48, 5, 0.63%, 0, 0, 2, 88.65, 17195, 410
200, 0, 0, 48, 48, 5, 0.63%, 0, 0, 2, 89.30, 17653, 410
205, 0, 0, 48, 48, 5, 0.63%, 0, 0, 2, 89.68, 18115, 410
210, 0, 0, 48, 48, 5, 0.63%, 0, 0, 2, 89.51, 18570, 410
215, 0, 0, 48, 48, 5, 0.63%, 0, 0, 2, 84.46, 19000, 410
220, 0, 0, 48, 48, 5, 0.63%, 0, 0, 2, 87.41, 19448, 410
225, 0, 0, 48, 48, 5, 0.63%, 0, 0, 2, 88.58, 19902, 410
230, 0, 0, 48, 48, 5, 0.63%, 0, 0, 2, 88.01, 20350, 410
235, 0, 0, 48, 48, 5, 0.63%, 0, 0, 2, 89.80, 20810, 410
241, 0, 0, 48, 48, 5, 0.63%, 0, 0, 2, 90.09, 21273, 410
246, 0, 0, 48, 48, 5, 0.63%, 0, 0, 2, 91.81, 21742, 410
251, 0, 0, 48, 48, 5, 0.63%, 0, 0, 2, 91.73, 22211, 410
256, 0, 0, 48, 48, 5, 0.63%, 0, 0, 2, 90.22, 22679, 410
261, 0, 0, 48, 48, 5, 0.63%, 0, 0, 2, 91.72, 23145, 410
266, 0, 0, 48, 48, 5, 0.63%, 0, 0, 2, 91.98, 23617, 410
271, 0, 0, 48, 48, 5, 0.63%, 0, 0, 2, 91.70, 24086, 410
276, 0, 0, 48, 48, 5, 0.63%, 0, 0, 2, 92.29, 24560, 410
282, 0, 0, 48, 48, 5, 0.63%, 0, 0, 2, 90.54, 25019, 410
287, 0, 0, 62, 62, 5, 0.68%, 0, 0, 2, 100.63, 25543, 447
292, 0, 0, 70, 70, 5, 0.70%, 0, 0, 2, 105.52, 26099, 462
297, 0, 0, 74, 74, 5, 0.71%, 0, 0, 2, 104.46, 26631, 467
302, 0, 0, 74, 74, 5, 0.71%, 0, 0, 2, 104.21, 27153, 467
307, 0, 0, 76, 76, 5, 0.71%, 0, 0, 2, 102.85, 27671, 467
312, 0, 0, 77, 77, 5, 0.71%, 0, 0, 2, 104.29, 28199, 467
317, 0, 0, 79, 79, 5, 0.72%, 0, 0, 2, 105.24, 28737, 470
322, 0, 0, 81, 81, 5, 0.72%, 0, 0, 2, 101.51, 29251, 470
327, 0, 0, 81, 81, 5, 0.72%, 0, 0, 2, 100.44, 29763, 470
332, 0, 0, 82, 82, 5, 0.72%, 0, 0, 2, 101.66, 30271, 470
337, 0, 0, 84, 84, 5, 0.72%, 0, 0, 2, 100.07, 30775, 474
343, 0, 0, 84, 84, 5, 0.72%, 0, 0, 2, 96.08, 31272, 474
348, 0, 0, 86, 86, 5, 0.74%, 0, 0, 2, 95.19, 31752, 482
353, 0, 0, 87, 87, 5, 0.74%, 0, 0, 2, 97.95, 32256, 483
358, 0, 0, 87, 87, 5, 0.74%, 0, 0, 2, 97.64, 32754, 483
363, 0, 0, 87, 87, 5, 0.74%, 0, 0, 2, 99.33, 33267, 483
368, 0, 0, 87, 87, 5, 0.74%, 0, 0, 2, 97.55, 33766, 483
373, 0, 0, 87, 87, 5, 0.74%, 0, 0, 2, 99.17, 34278, 483
379, 0, 0, 87, 87, 5, 0.74%, 0, 0, 2, 97.02, 34768, 483
384, 0, 0, 87, 87, 5, 0.74%, 0, 0, 2, 94.71, 35250, 483
389, 0, 0, 88, 88, 5, 0.74%, 0, 0, 2, 97.84, 35748, 483
394, 0, 0, 88, 88, 5, 0.74%, 0, 0, 2, 95.35, 36238, 483
399, 0, 0, 89, 89, 5, 0.74%, 0, 0, 2, 94.49, 36719, 483
404, 0, 0, 90, 90, 5, 0.74%, 0, 0, 2, 99.50, 37227, 483
409, 0, 0, 91, 91, 5, 0.74%, 0, 0, 2, 95.89, 37714, 487
415, 0, 0, 92, 92, 5, 0.75%, 0, 0, 2, 93.38, 38187, 493
420, 0, 0, 93, 93, 5, 0.75%, 0, 0, 2, 97.44, 38689, 493
425, 0, 0, 93, 93, 5, 0.75%, 0, 0, 2, 95.32, 39175, 493
430, 0, 0, 93, 93, 5, 0.75%, 0, 0, 2, 96.77, 39673, 493
435, 0, 0, 93, 93, 5, 0.75%, 0, 0, 2, 96.57, 40167, 493
440, 0, 0, 93, 93, 5, 0.75%, 0, 0, 2, 95.44, 40658, 493
445, 0, 0, 93, 93, 5, 0.75%, 0, 0, 2, 93.98, 41137, 493
450, 0, 0, 93, 93, 5, 0.75%, 0, 0, 2, 96.55, 41639, 493
456, 0, 0, 93, 93, 5, 0.75%, 0, 0, 2, 95.04, 42122, 493
461, 0, 0, 93, 93, 5, 0.75%, 0, 0, 2, 95.92, 42613, 493
466, 0, 0, 93, 93, 5, 0.75%, 0, 0, 2, 95.31, 43107, 493
471, 0, 0, 94, 94, 5, 0.75%, 0, 0, 2, 95.98, 43599, 493
476, 0, 0, 94, 94, 5, 0.75%, 0, 0, 2, 92.55, 44075, 493
481, 0, 0, 94, 94, 5, 0.75%, 0, 0, 2, 95.45, 44577, 493
487, 0, 0, 94, 94, 5, 0.75%, 0, 0, 2, 94.54, 45064, 493
492, 0, 0, 94, 94, 5, 0.75%, 0, 0, 2, 94.29, 45539, 493
497, 0, 0, 94, 94, 5, 0.75%, 0, 0, 2, 93.16, 46015, 493
502, 0, 0, 94, 94, 5, 0.75%, 0, 0, 2, 95.32, 46502, 493
507, 0, 0, 94, 94, 5, 0.75%, 0, 0, 2, 95.42, 46990, 493
512, 0, 0, 94, 94, 5, 0.75%, 0, 0, 2, 91.19, 47458, 493
517, 0, 0, 94, 94, 5, 0.75%, 0, 0, 2, 81.53, 47878, 493
523, 0, 0, 94, 94, 5, 0.75%, 0, 0, 2, 85.75, 48315, 493
528, 0, 0, 94, 94, 5, 0.75%, 0, 0, 2, 90.60, 48790, 493
533, 0, 0, 94, 94, 5, 0.75%, 0, 0, 2, 87.99, 49243, 493
538, 0, 0, 94, 94, 5, 0.75%, 0, 0, 2, 91.17, 49720, 493
543, 0, 0, 94, 94, 5, 0.75%, 0, 0, 2, 89.02, 50175, 493
548, 0, 0, 94, 94, 5, 0.75%, 0, 0, 2, 82.27, 50598, 493
553, 0, 0, 94, 94, 5, 0.75%, 0, 0, 2, 80.82, 51010, 493
559, 0, 0, 94, 94, 5, 0.75%, 0, 0, 2, 81.17, 51430, 493
564, 0, 0, 94, 94, 5, 0.75%, 0, 0, 2, 81.63, 51851, 493
569, 0, 0, 95, 95, 5, 0.75%, 0, 0, 2, 82.54, 52277, 493
574, 0, 0, 95, 95, 5, 0.75%, 0, 0, 2, 82.45, 52701, 493
579, 0, 0, 96, 96, 5, 0.75%, 0, 0, 2, 84.25, 53125, 494
584, 0, 0, 96, 96, 5, 0.75%, 0, 0, 2, 83.76, 53557, 494
589, 0, 0, 96, 96, 5, 0.75%, 0, 0, 2, 83.76, 53987, 494
594, 0, 0, 96, 96, 5, 0.75%, 0, 0, 2, 84.74, 54422, 494
600, 0, 0, 96, 96, 5, 0.75%, 0, 0, 2, 85.70, 54862, 494
605, 0, 0, 97, 97, 5, 0.75%, 0, 0, 2, 86.17, 55308, 494
610, 0, 0, 98, 98, 5, 0.76%, 0, 0, 2, 83.76, 55735, 496
615, 0, 0, 98, 98, 5, 0.76%, 0, 0, 2, 83.66, 56165, 496
620, 0, 0, 98, 98, 5, 0.76%, 0, 0, 2, 83.29, 56592, 496
625, 0, 0, 98, 98, 5, 0.76%, 0, 0, 2, 84.13, 57029, 496
630, 0, 0, 98, 98, 5, 0.76%, 0, 0, 2, 84.11, 57461, 496
635, 0, 0, 98, 98, 5, 0.76%, 0, 0, 2, 85.14, 57901, 496
641, 0, 0, 98, 98, 5, 0.76%, 0, 0, 2, 84.48, 58333, 496
646, 0, 0, 98, 98, 5, 0.76%, 0, 0, 2, 85.30, 58772, 496
651, 0, 0, 98, 98, 5, 0.76%, 0, 0, 2, 85.24, 59211, 496
656, 0, 0, 98, 98, 5, 0.76%, 0, 0, 2, 85.76, 59652, 496
661, 0, 0, 98, 98, 5, 0.76%, 0, 0, 2, 84.85, 60083, 496
666, 0, 0, 98, 98, 5, 0.76%, 0, 0, 2, 85.57, 60526, 496
671, 0, 0, 98, 98, 5, 0.76%, 0, 0, 2, 83.77, 60957, 496
677, 0, 0, 98, 98, 5, 0.76%, 0, 0, 2, 81.02, 61367, 496
682, 0, 0, 98, 98, 5, 0.76%, 0, 0, 2, 82.43, 61789, 496
687, 0, 0, 98, 98, 5, 0.76%, 0, 0, 2, 84.61, 62227, 496
692, 0, 0, 98, 98, 5, 0.76%, 0, 0, 2, 84.68, 62662, 496
697, 0, 0, 98, 98, 5, 0.76%, 0, 0, 2, 86.23, 63106, 496
702, 0, 0, 98, 98, 5, 0.76%, 0, 0, 2, 87.36, 63558, 496
707, 0, 0, 98, 98, 5, 0.76%, 0, 0, 2, 88.33, 64013, 496
713, 0, 0, 98, 98, 5, 0.76%, 0, 0, 2, 88.12, 64464, 496
718, 0, 0, 98, 98, 5, 0.76%, 0, 0, 2, 89.16, 64922, 496
723, 0, 0, 98, 98, 5, 0.76%, 0, 0, 2, 90.58, 65387, 496
728, 0, 0, 98, 98, 5, 0.76%, 0, 0, 2, 88.98, 65840, 496
733, 0, 0, 98, 98, 5, 0.76%, 0, 0, 2, 90.11, 66306, 496
738, 0, 0, 98, 98, 5, 0.76%, 0, 0, 2, 87.83, 66760, 496
743, 0, 0, 98, 98, 5, 0.76%, 0, 0, 2, 90.34, 67219, 496
748, 0, 0, 98, 98, 5, 0.76%, 0, 0, 2, 90.05, 67683, 496
754, 0, 0, 98, 98, 5, 0.76%, 0, 0, 2, 88.67, 68139, 496
759, 0, 0, 98, 98, 5, 0.76%, 0, 0, 2, 88.02, 68589, 496
764, 0, 0, 98, 98, 5, 0.76%, 0, 0, 2, 85.15, 69027, 496
769, 0, 0, 98, 98, 5, 0.76%, 0, 0, 2, 81.72, 69447, 496
774, 0, 0, 98, 98, 5, 0.76%, 0, 0, 2, 77.06, 69844, 496
779, 0, 0, 98, 98, 5, 0.76%, 0, 0, 2, 74.85, 70230, 496
784, 0, 0, 98, 98, 5, 0.76%, 0, 0, 2, 76.64, 70625, 496
790, 0, 0, 98, 98, 5, 0.76%, 0, 0, 2, 82.79, 71059, 496
795, 0, 0, 98, 98, 5, 0.76%, 0, 0, 2, 84.75, 71496, 496
800, 0, 0, 98, 98, 5, 0.76%, 0, 0, 2, 84.88, 71930, 496
805, 0, 0, 98, 98, 5, 0.76%, 0, 0, 2, 81.90, 72352, 496
810, 0, 0, 98, 98, 5, 0.76%, 0, 0, 2, 83.88, 72783, 496
815, 0, 0, 98, 98, 5, 0.76%, 0, 0, 2, 83.96, 73215, 496
820, 0, 0, 98, 98, 5, 0.76%, 0, 0, 2, 84.33, 73647, 496
826, 0, 0, 98, 98, 5, 0.76%, 0, 0, 2, 85.53, 74086, 496
831, 0, 0, 98, 98, 5, 0.76%, 0, 0, 2, 85.35, 74522, 496
836, 0, 0, 98, 98, 5, 0.76%, 0, 0, 2, 86.16, 74966, 496
841, 0, 0, 98, 98, 5, 0.76%, 0, 0, 2, 85.82, 75404, 496
846, 0, 0, 98, 98, 5, 0.76%, 0, 0, 2, 86.62, 75848, 496
851, 0, 0, 99, 99, 5, 0.76%, 0, 0, 2, 82.95, 76271, 496
856, 0, 0, 99, 99, 5, 0.76%, 0, 0, 2, 80.31, 76682, 496
862, 0, 0, 99, 99, 5, 0.76%, 0, 0, 2, 78.47, 77077, 496
867, 0, 0, 99, 99, 5, 0.76%, 0, 0, 2, 81.55, 77496, 496
872, 0, 0, 99, 99, 5, 0.76%, 0, 0, 2, 80.80, 77904, 496
877, 0, 0, 99, 99, 5, 0.76%, 0, 0, 2, 82.00, 78319, 496
882, 0, 0, 99, 99, 5, 0.76%, 0, 0, 2, 82.34, 78741, 496
887, 0, 0, 100, 100, 5, 0.76%, 0, 0, 2, 82.58, 79171, 496
893, 0, 0, 100, 100, 5, 0.76%, 0, 0, 2, 82.05, 79601, 496
898, 0, 0, 100, 100, 5, 0.76%, 0, 0, 2, 80.75, 80014, 496
903, 0, 0, 100, 100, 5, 0.76%, 0, 0, 2, 78.87, 80425, 496
908, 0, 0, 101, 101, 5, 0.76%, 0, 0, 2, 78.63, 80837, 496
913, 0, 0, 101, 101, 5, 0.76%, 0, 0, 2, 78.86, 81241, 496
918, 0, 0, 101, 101, 5, 0.76%, 0, 0, 2, 79.02, 81653, 496
924, 0, 0, 101, 101, 5, 0.76%, 0, 0, 2, 80.79, 82073, 496
929, 0, 52, 101, 100, 34, 0.76%, 0, 0, 2, 482.99, 83868, 496
934, 0, 52, 101, 100, 34, 0.76%, 0, 0, 2, 490.83, 86328, 496
939, 0, 52, 102, 101, 34, 0.76%, 0, 0, 3, 494.43, 88811, 496
944, 0, 52, 103, 102, 34, 0.76%, 0, 0, 3, 515.42, 91415, 498
949, 0, 52, 103, 102, 34, 0.76%, 0, 0, 3, 501.06, 93928, 498
954, 0, 52, 103, 102, 34, 0.76%, 0, 0, 3, 512.00, 96483, 498
959, 0, 52, 103, 102, 34, 0.76%, 0, 0, 3, 505.32, 99025, 498
964, 0, 52, 104, 103, 34, 0.76%, 0, 0, 3, 504.77, 101637, 498
969, 0, 47, 105, 103, 34, 0.76%, 0, 0, 3, 83.31, 102200, 498
974, 0, 47, 105, 103, 34, 0.76%, 0, 0, 3, 81.55, 102616, 498
979, 0, 47, 105, 103, 34, 0.76%, 0, 0, 3, 84.77, 103046, 498
985, 0, 47, 105, 103, 34, 0.76%, 0, 0, 3, 104.01, 103604, 498
990, 0, 47, 106, 104, 34, 0.76%, 0, 0, 3, 105.89, 104148, 498
995, 0, 47, 106, 104, 34, 0.76%, 0, 0, 3, 113.56, 104752, 498
1000, 0, 47, 106, 104, 34, 0.76%, 0, 0, 3, 96.23, 105245, 498
1005, 0, 47, 106, 104, 34, 0.76%, 0, 0, 3, 82.35, 105648, 498
1010, 0, 47, 108, 106, 34, 0.76%, 0, 0, 3, 81.47, 106070, 498
1015, 0, 47, 108, 106, 34, 0.76%, 0, 0, 3, 82.19, 106491, 498
1021, 0, 47, 108, 106, 34, 0.76%, 0, 0, 3, 82.77, 106917, 498
1026, 0, 47, 108, 106, 34, 0.76%, 0, 0, 3, 82.38, 107341, 498
1031, 0, 47, 108, 106, 34, 0.76%, 0, 0, 3, 82.00, 107762, 498
1036, 0, 47, 108, 106, 34, 0.76%, 0, 0, 3, 83.55, 108193, 498
1041, 0, 47, 108, 106, 34, 0.76%, 0, 0, 3, 84.24, 108624, 498
1046, 0, 47, 108, 106, 34, 0.76%, 0, 0, 3, 84.10, 109056, 498
1051, 0, 47, 108, 106, 34, 0.76%, 0, 0, 3, 83.47, 109486, 498
1057, 0, 47, 108, 106, 34, 0.76%, 0, 0, 3, 85.22, 109926, 498
1062, 0, 47, 108, 106, 34, 0.76%, 0, 0, 3, 83.58, 110354, 498
1067, 0, 47, 108, 106, 34, 0.76%, 0, 0, 3, 84.13, 110790, 498
1072, 0, 47, 108, 106, 34, 0.76%, 0, 0, 3, 86.33, 111229, 498
1077, 0, 47, 108, 106, 34, 0.76%, 0, 0, 3, 87.19, 111675, 498
1082, 0, 47, 108, 106, 34, 0.76%, 0, 0, 3, 88.76, 112131, 498
1087, 0, 47, 108, 106, 34, 0.76%, 0, 0, 3, 88.84, 112589, 498
1092, 0, 47, 108, 106, 34, 0.76%, 0, 0, 3, 89.82, 113050, 498
1098, 0, 47, 111, 109, 34, 0.76%, 0, 0, 3, 95.34, 113535, 498
1103, 0, 47, 112, 110, 34, 0.76%, 0, 0, 3, 89.81, 113993, 498
1108, 0, 47, 112, 110, 34, 0.76%, 0, 0, 3, 88.78, 114445, 498
1113, 0, 47, 112, 110, 34, 0.76%, 0, 0, 3, 89.78, 114908, 498
1118, 0, 47, 112, 110, 34, 0.76%, 0, 0, 3, 90.29, 115373, 498
1123, 0, 47, 112, 110, 34, 0.76%, 0, 0, 3, 84.98, 115804, 498
1128, 0, 47, 112, 110, 34, 0.76%, 0, 0, 3, 83.40, 116228, 498
1134, 0, 47, 112, 110, 34, 0.76%, 0, 0, 3, 81.13, 116647, 498
1139, 0, 47, 113, 111, 34, 0.76%, 0, 0, 3, 83.49, 117075, 498
1144, 0, 47, 113, 111, 34, 0.76%, 0, 0, 3, 85.70, 117519, 498
1149, 0, 47, 113, 111, 34, 0.76%, 0, 0, 3, 85.40, 117952, 498
1154, 0, 47, 113, 111, 34, 0.76%, 0, 0, 3, 84.86, 118389, 498
1159, 0, 47, 113, 111, 34, 0.76%, 0, 0, 3, 84.53, 118823, 498
1164, 0, 47, 113, 111, 34, 0.76%, 0, 0, 3, 85.56, 119263, 498
1170, 0, 47, 113, 111, 34, 0.76%, 0, 0, 3, 85.24, 119701, 498
1175, 0, 47, 113, 111, 34, 0.76%, 0, 0, 3, 83.93, 120135, 498
1180, 0, 47, 113, 111, 34, 0.76%, 0, 0, 3, 83.28, 120566, 498
1185, 0, 47, 113, 111, 34, 0.76%, 0, 0, 3, 83.04, 120992, 498
1190, 0, 47, 113, 111, 34, 0.76%, 0, 0, 3, 84.59, 121427, 498
1195, 0, 47, 113, 111, 34, 0.76%, 0, 0, 3, 85.25, 121863, 498
1201, 0, 47, 113, 111, 34, 0.76%, 0, 0, 3, 82.14, 122285, 498
1206, 0, 47, 113, 111, 34, 0.76%, 0, 0, 3, 85.45, 122725, 498
1211, 0, 47, 113, 111, 34, 0.76%, 0, 0, 3, 87.08, 123177, 498
1216, 0, 47, 113, 111, 34, 0.76%, 0, 0, 3, 88.18, 123634, 498
1221, 0, 47, 114, 112, 34, 0.76%, 0, 0, 3, 87.58, 124085, 498
1226, 0, 47, 114, 112, 34, 0.76%, 0, 0, 3, 85.93, 124534, 498
1231, 0, 47, 114, 112, 34, 0.76%, 0, 0, 3, 86.14, 124974, 498
1236, 0, 47, 114, 112, 34, 0.76%, 0, 0, 3, 85.03, 125412, 498
1242, 0, 48, 114, 111, 32, 0.76%, 0, 0, 3, 93.88, 125870, 498
1247, 0, 48, 117, 114, 32, 0.76%, 0, 0, 3, 518.94, 128527, 499
1252, 0, 48, 118, 115, 32, 0.76%, 0, 0, 3, 532.36, 131255, 499
1257, 0, 48, 118, 115, 32, 0.76%, 0, 0, 3, 524.05, 133875, 499
1262, 0, 48, 118, 115, 32, 0.76%, 0, 0, 3, 508.96, 136435, 499
1267, 0, 48, 118, 115, 32, 0.76%, 0, 0, 3, 493.93, 138912, 499
1272, 0, 48, 118, 115, 32, 0.76%, 0, 0, 3, 91.57, 139395, 499
1277, 0, 48, 118, 115, 32, 0.76%, 0, 0, 3, 92.13, 139866, 499
1282, 0, 48, 119, 116, 32, 0.76%, 0, 0, 3, 92.51, 140343, 499
1288, 0, 48, 119, 116, 32, 0.76%, 0, 0, 3, 92.41, 140820, 499
1293, 0, 48, 119, 116, 32, 0.76%, 0, 0, 3, 93.32, 141299, 499
1298, 0, 48, 119, 116, 32, 0.76%, 0, 0, 3, 94.09, 141782, 499
1303, 0, 48, 119, 116, 32, 0.76%, 0, 0, 3, 94.56, 142264, 499
1308, 0, 48, 119, 116, 32, 0.76%, 0, 0, 3, 94.13, 142743, 499
1313, 0, 48, 119, 116, 32, 0.76%, 0, 0, 3, 92.47, 143216, 499
1318, 0, 48, 119, 116, 32, 0.76%, 0, 0, 3, 92.60, 143692, 499
1323, 0, 48, 119, 116, 32, 0.76%, 0, 0, 3, 92.24, 144170, 499
1328, 0, 48, 119, 116, 32, 0.76%, 0, 0, 3, 92.33, 144645, 499
1334, 0, 48, 119, 116, 32, 0.76%, 0, 0, 3, 92.13, 145114, 499
1339, 0, 48, 119, 116, 32, 0.76%, 0, 0, 3, 93.30, 145594, 499
1344, 0, 48, 119, 116, 32, 0.76%, 0, 0, 3, 95.36, 146084, 499
1349, 0, 48, 119, 116, 32, 0.76%, 0, 0, 3, 94.13, 146568, 499
1354, 0, 48, 119, 116, 32, 0.76%, 0, 0, 3, 93.84, 147047, 499
1359, 0, 48, 119, 116, 32, 0.76%, 0, 0, 3, 95.56, 147539, 499
1364, 0, 48, 119, 116, 32, 0.76%, 0, 0, 3, 95.98, 148032, 499
1369, 0, 48, 119, 116, 32, 0.76%, 0, 0, 3, 96.12, 148523, 499
1375, 0, 48, 119, 116, 32, 0.76%, 0, 0, 3, 95.62, 149010, 499
1380, 0, 48, 119, 116, 32, 0.76%, 0, 0, 3, 97.33, 149508, 499
1385, 0, 48, 119, 116, 32, 0.76%, 0, 0, 3, 98.45, 150014, 499
1390, 0, 48, 119, 116, 32, 0.76%, 0, 0, 3, 96.18, 150505, 499
1395, 0, 48, 119, 116, 32, 0.76%, 0, 0, 3, 93.13, 150981, 499
1400, 0, 48, 119, 116, 32, 0.76%, 0, 0, 3, 91.27, 151442, 499
1405, 0, 48, 119, 116, 32, 0.76%, 0, 0, 3, 91.79, 151916, 499
1410, 0, 48, 119, 116, 32, 0.76%, 0, 0, 3, 91.60, 152387, 499
1415, 0, 48, 119, 116, 32, 0.76%, 0, 0, 3, 91.18, 152852, 499
1421, 0, 48, 119, 116, 32, 0.76%, 0, 0, 3, 91.95, 153322, 499
1426, 0, 48, 119, 116, 32, 0.76%, 0, 0, 3, 92.12, 153793, 499
1431, 0, 48, 119, 116, 32, 0.76%, 0, 0, 3, 92.34, 154267, 499
1436, 0, 48, 119, 116, 32, 0.76%, 0, 0, 3, 92.59, 154741, 499
1441, 0, 48, 119, 116, 32, 0.76%, 0, 0, 3, 91.97, 155211, 499
1446, 0, 48, 119, 116, 32, 0.76%, 0, 0, 3, 91.80, 155678, 499
1451, 0, 48, 119, 116, 32, 0.76%, 0, 0, 3, 91.29, 156147, 499
1456, 0, 48, 119, 116, 32, 0.76%, 0, 0, 3, 91.42, 156617, 499
1462, 0, 48, 119, 116, 32, 0.76%, 0, 0, 3, 89.65, 157077, 499
1467, 0, 48, 119, 116, 32, 0.76%, 0, 0, 3, 90.05, 157537, 499
1472, 0, 48, 119, 116, 32, 0.76%, 0, 0, 3, 93.16, 158016, 499
1477, 0, 48, 119, 116, 32, 0.76%, 0, 0, 3, 93.16, 158492, 499
1482, 0, 48, 119, 116, 32, 0.76%, 0, 0, 3, 93.82, 158970, 499
1487, 0, 48, 119, 116, 32, 0.76%, 0, 0, 3, 93.47, 159447, 499
1492, 0, 48, 119, 116, 32, 0.76%, 0, 0, 3, 94.38, 159931, 499
1497, 0, 48, 119, 116, 32, 0.76%, 0, 0, 3, 94.47, 160414, 499
1503, 0, 48, 119, 116, 32, 0.76%, 0, 0, 3, 94.77, 160902, 499
1508, 0, 48, 119, 116, 32, 0.76%, 0, 0, 3, 95.22, 161392, 499
1513, 0, 48, 119, 116, 32, 0.76%, 0, 0, 3, 96.07, 161882, 499
1518, 0, 48, 119, 116, 32, 0.76%, 0, 0, 3, 95.51, 162372, 499
1523, 0, 48, 119, 116, 32, 0.76%, 0, 0, 3, 96.09, 162863, 499
1528, 0, 48, 119, 116, 32, 0.76%, 0, 0, 3, 89.64, 163322, 499
1533, 0, 77, 119, 115, 27, 0.76%, 0, 0, 3, 491.01, 164899, 499
1538, 0, 77, 119, 115, 27, 0.76%, 0, 0, 3, 87.74, 165532, 499
1544, 0, 77, 119, 115, 27, 0.76%, 0, 0, 3, 88.71, 165985, 499
1549, 0, 77, 120, 116, 27, 0.76%, 0, 0, 3, 90.09, 166450, 499
1554, 0, 77, 120, 116, 27, 0.76%, 0, 0, 3, 88.82, 166904, 499
1559, 0, 77, 120, 116, 27, 0.76%, 0, 0, 3, 87.51, 167359, 499
1564, 0, 77, 120, 116, 27, 0.76%, 0, 0, 3, 86.14, 167798, 499
1569, 0, 77, 124, 120, 27, 0.76%, 0, 0, 3, 86.63, 168233, 499
1574, 0, 77, 124, 120, 27, 0.76%, 0, 0, 3, 88.51, 168688, 499
1579, 0, 77, 124, 120, 27, 0.76%, 0, 0, 3, 89.77, 169151, 499
1585, 0, 77, 124, 120, 27, 0.76%, 0, 0, 3, 89.01, 169605, 499
1590, 0, 77, 125, 121, 27, 0.76%, 0, 0, 3, 89.73, 170055, 499
1595, 0, 77, 125, 121, 27, 0.76%, 0, 0, 3, 85.95, 170492, 499
1600, 0, 77, 125, 121, 27, 0.76%, 0, 0, 3, 86.45, 170937, 499
1605, 0, 77, 125, 121, 27, 0.76%, 0, 0, 3, 87.77, 171386, 499
1610, 0, 77, 125, 121, 27, 0.76%, 0, 0, 3, 86.19, 171827, 499
1615, 0, 77, 125, 121, 27, 0.76%, 0, 0, 3, 87.03, 172272, 499
1620, 0, 77, 125, 121, 27, 0.76%, 0, 0, 3, 86.11, 172713, 499
1626, 0, 77, 125, 121, 27, 0.76%, 0, 0, 3, 87.81, 173167, 499
1631, 0, 77, 125, 121, 27, 0.76%, 0, 0, 3, 87.52, 173615, 499
1636, 0, 77, 125, 121, 27, 0.76%, 0, 0, 3, 88.89, 174073, 499
1641, 0, 77, 125, 121, 27, 0.76%, 0, 0, 3, 88.54, 174525, 499
1646, 0, 77, 125, 121, 27, 0.76%, 0, 0, 3, 88.76, 174978, 499
1651, 0, 77, 125, 121, 27, 0.76%, 0, 0, 3, 88.51, 175431, 499
1656, 0, 77, 125, 121, 27, 0.76%, 0, 0, 3, 89.43, 175893, 499
1661, 0, 77, 125, 121, 27, 0.76%, 0, 0, 3, 85.17, 176329, 499
1667, 0, 77, 125, 121, 27, 0.76%, 0, 0, 3, 87.34, 176781, 499
1672, 0, 77, 125, 121, 27, 0.76%, 0, 0, 3, 86.10, 177221, 499
1677, 0, 77, 125, 121, 27, 0.76%, 0, 0, 3, 86.46, 177665, 499
1682, 0, 77, 125, 121, 27, 0.76%, 0, 0, 3, 86.31, 178108, 499
1687, 0, 77, 126, 122, 27, 0.76%, 0, 0, 3, 86.00, 178553, 499
1692, 0, 77, 126, 122, 27, 0.76%, 0, 0, 3, 86.18, 178995, 499
1697, 0, 77, 126, 122, 27, 0.76%, 0, 0, 3, 87.98, 179450, 499
1703, 0, 77, 126, 122, 27, 0.76%, 0, 0, 3, 88.30, 179903, 499
1708, 0, 77, 126, 122, 27, 0.76%, 0, 0, 3, 88.04, 180352, 499
1713, 0, 77, 126, 122, 27, 0.76%, 0, 0, 3, 86.72, 180795, 499
1718, 0, 77, 126, 122, 27, 0.76%, 0, 0, 3, 87.30, 181243, 499
1723, 0, 77, 126, 122, 27, 0.76%, 0, 0, 3, 86.33, 181688, 499
1728, 0, 77, 126, 122, 27, 0.76%, 0, 0, 3, 85.14, 182118, 499
1733, 0, 77, 126, 122, 27, 0.76%, 0, 0, 3, 86.63, 182563, 499
1738, 0, 77, 126, 122, 27, 0.76%, 0, 0, 3, 84.52, 183000, 499
1744, 0, 77, 126, 122, 27, 0.76%, 0, 0, 3, 82.92, 183423, 499
1749, 0, 77, 126, 122, 27, 0.76%, 0, 0, 3, 84.26, 183857, 499
1754, 0, 77, 126, 122, 27, 0.76%, 0, 0, 3, 84.28, 184288, 499
1759, 0, 77, 126, 122, 27, 0.76%, 0, 0, 3, 84.32, 184720, 499
1764, 0, 77, 126, 122, 27, 0.76%, 0, 0, 3, 85.85, 185158, 499
1769, 0, 77, 126, 122, 27, 0.76%, 0, 0, 3, 85.01, 185594, 499
1774, 0, 77, 126, 122, 27, 0.76%, 0, 0, 3, 85.01, 186031, 499
1779, 0, 77, 126, 122, 27, 0.76%, 0, 0, 3, 85.24, 186471, 499
1785, 0, 77, 126, 122, 27, 0.76%, 0, 0, 3, 85.95, 186915, 499
1790, 0, 77, 126, 122, 27, 0.76%, 0, 0, 3, 84.16, 187350, 499
1795, 0, 77, 126, 122, 27, 0.76%, 0, 0, 3, 85.26, 187789, 499
1800, 0, 77, 126, 122, 27, 0.76%, 0, 0, 3, 86.36, 188235, 499
1805, 0, 77, 126, 122, 27, 0.76%, 0, 0, 3, 87.26, 188683, 499
1810, 0, 77, 126, 122, 27, 0.76%, 0, 0, 3, 87.54, 189135, 499
1815, 0, 77, 126, 122, 27, 0.76%, 0, 0, 3, 87.51, 189583, 499
1821, 0, 77, 126, 122, 27, 0.76%, 0, 0, 3, 87.82, 190038, 499
1826, 0, 77, 126, 122, 27, 0.76%, 0, 0, 3, 88.71, 190493, 499
1831, 0, 77, 126, 122, 27, 0.76%, 0, 0, 3, 89.70, 190955, 499
1836, 0, 77, 126, 122, 27, 0.76%, 0, 0, 3, 90.55, 191419, 499
1841, 0, 77, 126, 122, 27, 0.76%, 0, 0, 3, 89.05, 191877, 499
1846, 0, 77, 126, 122, 27, 0.76%, 0, 0, 3, 88.99, 192331, 499
1851, 0, 77, 126, 122, 27, 0.76%, 0, 0, 3, 90.62, 192790, 499
1857, 0, 77, 126, 122, 27, 0.76%, 0, 0, 3, 88.29, 193244, 499
1862, 0, 77, 126, 122, 27, 0.76%, 0, 0, 3, 88.96, 193696, 499
1867, 0, 77, 126, 122, 27, 0.76%, 0, 0, 3, 90.61, 194160, 499
1872, 0, 77, 126, 122, 27, 0.76%, 0, 0, 3, 90.88, 194624, 499
1877, 0, 77, 127, 123, 27, 0.76%, 0, 0, 3, 92.36, 195097, 499
1882, 0, 77, 127, 123, 27, 0.76%, 0, 0, 3, 92.77, 195577, 499
1887, 0, 77, 127, 123, 27, 0.76%, 0, 0, 3, 94.27, 196065, 499
1892, 0, 77, 127, 123, 27, 0.76%, 0, 0, 3, 93.12, 196544, 499
1898, 0, 77, 128, 124, 27, 0.76%, 0, 0, 3, 93.59, 197025, 499
1903, 0, 77, 129, 125, 27, 0.76%, 0, 0, 3, 93.63, 197510, 499
1908, 0, 77, 129, 125, 27, 0.76%, 0, 0, 3, 94.91, 197996, 499
1913, 0, 114, 129, 124, 26, 0.76%, 0, 0, 3, 644.74, 200301, 499
1918, 0, 114, 130, 125, 26, 0.76%, 0, 0, 4, 92.69, 200971, 499
1923, 0, 114, 130, 125, 26, 0.76%, 0, 0, 4, 92.37, 201441, 499
1928, 0, 114, 130, 125, 26, 0.76%, 0, 0, 4, 569.97, 202460, 499
1933, 0, 114, 130, 125, 26, 0.76%, 0, 0, 4, 576.39, 205363, 499
1938, 0, 57, 130, 124, 25, 0.76%, 0, 0, 4, 90.58, 207193, 499
1943, 0, 57, 130, 124, 25, 0.76%, 0, 0, 4, 93.98, 207664, 499
1949, 0, 57, 130, 124, 25, 0.76%, 0, 0, 4, 111.17, 208310, 499
1954, 0, 57, 130, 124, 25, 0.76%, 0, 0, 4, 96.65, 208774, 499
1959, 0, 57, 130, 124, 25, 0.76%, 0, 0, 4, 91.91, 209243, 499
1964, 0, 57, 130, 124, 25, 0.76%, 0, 0, 4, 88.68, 209700, 499
1969, 0, 57, 130, 124, 25, 0.76%, 0, 0, 4, 90.31, 210170, 499
1974, 0, 57, 130, 124, 25, 0.76%, 0, 0, 4, 89.83, 210632, 499
1979, 0, 57, 130, 124, 25, 0.76%, 0, 0, 4, 92.50, 211345, 499
1984, 0, 57, 130, 124, 25, 0.76%, 0, 0, 4, 93.85, 211827, 499
1990, 0, 57, 132, 126, 25, 0.76%, 0, 0, 4, 86.36, 212265, 499
1995, 0, 57, 132, 126, 25, 0.76%, 0, 0, 4, 86.12, 212710, 499
2000, 0, 57, 132, 126, 25, 0.76%, 0, 0, 4, 80.61, 213120, 499
2005, 0, 115, 132, 125, 24, 0.76%, 0, 0, 4, 525.41, 213827, 499
2010, 0, 115, 132, 125, 24, 0.76%, 0, 0, 4, 81.15, 214807, 499
2015, 0, 115, 132, 125, 24, 0.76%, 0, 0, 4, 80.75, 215218, 499
2020, 0, 115, 132, 125, 24, 0.76%, 0, 0, 4, 83.04, 215647, 499
2025, 0, 115, 132, 125, 24, 0.76%, 0, 0, 4, 83.93, 216078, 499
2030, 0, 115, 132, 125, 24, 0.76%, 0, 0, 4, 86.72, 216523, 499
2036, 0, 115, 132, 125, 24, 0.76%, 0, 0, 4, 85.49, 216961, 499
2041, 0, 115, 132, 125, 24, 0.76%, 0, 0, 4, 85.85, 217403, 499
2046, 0, 115, 132, 125, 24, 0.76%, 0, 0, 4, 85.77, 217838, 499
2051, 0, 115, 133, 126, 24, 0.76%, 0, 0, 4, 85.24, 218278, 499
2056, 0, 115, 133, 126, 24, 0.76%, 0, 0, 4, 82.59, 218699, 499
2061, 0, 101, 133, 125, 23, 0.76%, 0, 0, 4, 474.00, 219506, 499
2066, 0, 101, 134, 126, 23, 0.76%, 0, 0, 4, 516.70, 222150, 499
2072, 0, 101, 135, 127, 23, 0.76%, 0, 0, 4, 522.99, 224858, 499
2077, 0, 101, 135, 127, 23, 0.76%, 0, 0, 4, 541.86, 227592, 499
2082, 0, 101, 135, 127, 23, 0.76%, 0, 0, 4, 535.64, 230382, 499
2087, 0, 101, 135, 127, 23, 0.76%, 0, 0, 4, 532.96, 233086, 499
2092, 0, 101, 138, 130, 23, 0.76%, 0, 0, 4, 527.96, 235742, 499
2097, 0, 101, 140, 132, 23, 0.76%, 0, 0, 4, 541.90, 238558, 499
2102, 0, 101, 140, 132, 23, 0.76%, 0, 0, 4, 542.99, 241360, 499
2107, 0, 101, 140, 132, 23, 0.76%, 0, 0, 4, 554.84, 244137, 499
2112, 0, 101, 140, 132, 23, 0.76%, 0, 0, 4, 564.62, 247030, 499
2117, 0, 101, 140, 132, 23, 0.76%, 0, 0, 4, 557.70, 249901, 499
2123, 0, 101, 140, 132, 23, 0.76%, 0, 0, 4, 534.08, 252640, 499
2128, 0, 101, 140, 132, 23, 0.76%, 0, 0, 4, 543.83, 255380, 499
2133, 0, 101, 140, 132, 23, 0.76%, 0, 0, 4, 563.09, 258228, 499
2138, 0, 101, 140, 132, 23, 0.76%, 0, 0, 4, 544.31, 261050, 499
2143, 0, 101, 140, 132, 23, 0.76%, 0, 0, 4, 555.85, 263859, 499
2148, 0, 101, 140, 132, 23, 0.76%, 0, 0, 4, 556.38, 266627, 499
2153, 0, 101, 140, 132, 23, 0.76%, 0, 0, 4, 92.16, 267336, 499
2158, 0, 101, 140, 132, 23, 0.76%, 0, 0, 4, 541.53, 268512, 499
2163, 0, 101, 140, 132, 23, 0.76%, 0, 0, 4, 554.35, 271294, 499
2168, 0, 48, 140, 131, 22, 0.76%, 0, 0, 4, 554.43, 274072, 499
2174, 0, 48, 140, 131, 22, 0.76%, 0, 0, 4, 90.80, 275132, 499
2179, 0, 48, 140, 131, 22, 0.76%, 0, 0, 4, 89.90, 275593, 499
2184, 0, 53, 140, 131, 22, 0.76%, 0, 0, 4, 258.25, 276852, 499
2189, 0, 53, 140, 131, 22, 0.76%, 0, 0, 4, 440.41, 279292, 499
2194, 0, 53, 140, 131, 22, 0.76%, 0, 0, 4, 522.43, 281914, 499
2199, 0, 53, 140, 131, 22, 0.76%, 0, 0, 4, 564.07, 284803, 499
2204, 0, 53, 140, 131, 22, 0.76%, 0, 0, 4, 502.73, 287414, 499
2209, 0, 53, 140, 131, 22, 0.76%, 0, 0, 4, 504.91, 289946, 499
2214, 0, 53, 140, 131, 22, 0.76%, 0, 0, 4, 482.71, 292537, 499
2219, 0, 52, 140, 130, 21, 0.76%, 0, 0, 4, 486.81, 294949, 499
2224, 0, 52, 140, 130, 21, 0.76%, 0, 0, 4, 477.10, 297320, 499
2230, 0, 52, 140, 130, 21, 0.76%, 0, 0, 4, 516.20, 300043, 499
2235, 0, 52, 140, 130, 21, 0.76%, 0, 0, 4, 502.68, 302572, 499
2240, 0, 52, 140, 130, 21, 0.76%, 0, 0, 4, 456.51, 304929, 499
2245, 0, 52, 140, 130, 21, 0.76%, 0, 0, 4, 502.32, 307487, 499
2250, 0, 52, 140, 130, 21, 0.76%, 0, 0, 4, 485.52, 309894, 499
2255, 0, 52, 140, 130, 21, 0.76%, 0, 0, 4, 492.83, 312393, 499
2260, 0, 85, 140, 130, 21, 0.76%, 0, 0, 4, 79.66, 312910, 499
2265, 0, 85, 140, 130, 21, 0.76%, 0, 0, 4, 90.25, 313363, 499
2270, 0, 85, 140, 130, 21, 0.76%, 0, 0, 4, 90.47, 313854, 499
2275, 0, 85, 140, 130, 21, 0.76%, 0, 0, 4, 73.07, 314213, 499
2281, 0, 85, 140, 130, 21, 0.76%, 0, 0, 4, 79.24, 314624, 499
2286, 0, 85, 140, 130, 21, 0.76%, 0, 0, 4, 78.39, 315021, 499
2291, 0, 85, 140, 130, 21, 0.76%, 0, 0, 4, 80.83, 315438, 499
2296, 0, 85, 140, 130, 21, 0.76%, 0, 0, 4, 86.87, 315882, 499
2301, 0, 85, 140, 130, 21, 0.76%, 0, 0, 4, 598.57, 316590, 499
2306, 0, 85, 140, 130, 21, 0.76%, 0, 0, 4, 92.63, 317065, 499
2311, 0, 85, 140, 130, 21, 0.76%, 0, 0, 4, 93.81, 317546, 499
2316, 0, 85, 140, 130, 21, 0.76%, 0, 0, 4, 92.40, 318017, 499
2322, 0, 91, 140, 129, 20, 0.76%, 0, 0, 4, 94.25, 318497, 499
2327, 0, 91, 140, 129, 20, 0.76%, 0, 0, 4, 95.30, 318981, 499
2332, 0, 91, 140, 129, 20, 0.76%, 0, 0, 4, 111.65, 319590, 499
2337, 0, 91, 140, 129, 20, 0.76%, 0, 0, 4, 98.62, 320068, 499
2342, 0, 91, 140, 129, 20, 0.76%, 0, 0, 4, 96.96, 320562, 499
2347, 0, 91, 140, 129, 20, 0.76%, 0, 0, 4, 97.78, 321066, 499
2352, 0, 91, 140, 129, 20, 0.76%, 0, 0, 4, 99.55, 321576, 499
2357, 0, 91, 140, 129, 20, 0.76%, 0, 0, 4, 97.97, 322073, 499
2362, 0, 91, 140, 129, 20, 0.76%, 0, 0, 4, 99.01, 322579, 499
2367, 0, 91, 140, 129, 20, 0.76%, 0, 0, 4, 99.42, 323089, 499
2372, 0, 91, 140, 129, 20, 0.76%, 0, 0, 4, 103.73, 323820, 499
2378, 0, 2, 140, 128, 19, 0.76%, 0, 0, 4, 491.07, 324822, 499
2383, 0, 2, 140, 128, 19, 0.76%, 0, 0, 4, 386.96, 326398, 499
2388, 0, 2, 141, 129, 19, 0.76%, 0, 0, 4, 394.17, 328317, 500
2393, 0, 66, 141, 128, 19, 0.76%, 0, 0, 4, 336.59, 330073, 500
2398, 0, 66, 141, 128, 19, 0.76%, 0, 0, 4, 146.84, 330573, 500
2403, 0, 66, 141, 128, 19, 0.76%, 0, 0, 4, 130.52, 331224, 500
2408, 0, 66, 141, 128, 19, 0.76%, 0, 0, 4, 102.41, 331700, 500
2413, 0, 66, 141, 128, 19, 0.76%, 0, 0, 4, 96.43, 332409, 500
2418, 0, 66, 141, 128, 19, 0.76%, 0, 0, 4, 95.74, 332895, 500
2423, 0, 66, 141, 128, 19, 0.76%, 0, 0, 4, 94.40, 333378, 500
2429, 0, 66, 141, 128, 19, 0.76%, 0, 0, 4, 92.76, 333855, 500
2434, 0, 66, 141, 128, 19, 0.76%, 0, 0, 4, 93.45, 334329, 500
2439, 0, 66, 141, 128, 19, 0.76%, 0, 0, 4, 96.40, 334819, 500
2444, 0, 66, 141, 128, 19, 0.76%, 0, 0, 4, 97.00, 335315, 500
2449, 0, 102, 141, 127, 18, 0.76%, 0, 0, 4, 202.57, 336189, 500
2454, 0, 102, 141, 127, 18, 0.76%, 0, 0, 4, 545.01, 339409, 500
2459, 0, 102, 141, 127, 18, 0.76%, 0, 0, 4, 616.96, 342711, 500
2464, 0, 102, 141, 127, 18, 0.76%, 0, 0, 4, 632.27, 345999, 500
2470, 0, 102, 142, 128, 18, 0.76%, 0, 0, 4, 637.19, 349307, 500
2475, 0, 102, 142, 128, 18, 0.76%, 0, 0, 4, 638.03, 352607, 500
2480, 0, 140, 142, 127, 17, 0.76%, 0, 0, 4, 504.27, 354387, 500
2485, 0, 140, 142, 127, 17, 0.76%, 0, 0, 4, 400.04, 356095, 500
2490, 0, 140, 142, 127, 17, 0.76%, 0, 0, 4, 313.63, 357263, 500
2495, 0, 139, 142, 126, 16, 0.76%, 0, 0, 4, 423.29, 359552, 500
2500, 0, 139, 143, 127, 16, 0.76%, 0, 0, 5, 582.88, 362699, 500
2505, 0, 139, 143, 127, 16, 0.76%, 0, 0, 5, 601.15, 365768, 500
2510, 0, 139, 143, 127, 16, 0.76%, 0, 0, 5, 605.99, 368864, 500
2515, 0, 139, 143, 127, 16, 0.76%, 0, 0, 5, 602.52, 371912, 500
2521, 0, 139, 143, 127, 16, 0.76%, 0, 0, 5, 616.54, 375044, 500
2526, 0, 139, 143, 127, 16, 0.76%, 0, 0, 5, 612.42, 378128, 500
2531, 0, 139, 143, 127, 16, 0.76%, 0, 0, 5, 617.95, 381296, 500
2536, 0, 139, 143, 127, 16, 0.76%, 0, 0, 5, 618.41, 384428, 500
2541, 0, 139, 143, 127, 16, 0.76%, 0, 0, 5, 620.12, 387572, 500
2546, 0, 139, 143, 127, 16, 0.76%, 0, 0, 5, 611.80, 390644, 500
2551, 0, 139, 143, 127, 16, 0.76%, 0, 0, 5, 613.85, 393740, 500
2556, 0, 139, 143, 127, 16, 0.76%, 0, 0, 5, 608.83, 396848, 500
2561, 0, 84, 143, 126, 15, 0.76%, 0, 0, 5, 85.14, 399370, 500
2566, 0, 84, 143, 126, 15, 0.76%, 0, 0, 5, 87.77, 399815, 500
2571, 0, 84, 143, 126, 15, 0.76%, 0, 0, 5, 96.46, 400355, 500
2576, 0, 84, 143, 126, 15, 0.76%, 0, 0, 5, 89.88, 400802, 500
2582, 0, 84, 143, 126, 15, 0.76%, 0, 0, 5, 90.16, 401256, 500
2587, 0, 84, 143, 126, 15, 0.76%, 0, 0, 5, 92.07, 401731, 500
2592, 0, 84, 143, 126, 15, 0.76%, 0, 0, 5, 90.12, 402198, 500
2597, 0, 84, 143, 126, 15, 0.76%, 0, 0, 5, 89.52, 402664, 500
2602, 0, 84, 143, 126, 15, 0.76%, 0, 0, 5, 89.76, 403119, 500
2607, 0, 5, 143, 125, 14, 0.76%, 0, 0, 5, 95.64, 403608, 500
2612, 0, 5, 143, 125, 14, 0.76%, 0, 0, 5, 299.05, 404689, 500
2618, 0, 5, 143, 125, 14, 0.76%, 0, 0, 5, 137.42, 405171, 500
2623, 0, 5, 143, 125, 14, 0.76%, 0, 0, 5, 105.49, 405655, 500
2628, 0, 5, 143, 125, 14, 0.76%, 0, 0, 5, 98.45, 406154, 500
2633, 0, 5, 143, 125, 14, 0.76%, 0, 0, 5, 96.69, 406642, 500
2638, 0, 5, 143, 125, 14, 0.76%, 0, 0, 5, 96.52, 407139, 500
2643, 0, 5, 143, 125, 14, 0.76%, 0, 0, 5, 94.97, 407632, 500
2648, 0, 5, 143, 125, 14, 0.76%, 0, 0, 5, 96.47, 408118, 500
2653, 0, 5, 143, 125, 14, 0.76%, 0, 0, 5, 98.04, 408620, 500
2658, 0, 3, 143, 124, 13, 0.76%, 0, 0, 5, 620.19, 410049, 500
2664, 0, 3, 143, 124, 13, 0.76%, 0, 0, 5, 628.07, 412065, 500
2669, 0, 137, 143, 123, 12, 0.76%, 0, 0, 5, 595.89, 414081, 500
2674, 0, 137, 143, 123, 12, 0.76%, 0, 0, 5, 616.59, 417246, 500
2679, 0, 137, 143, 123, 12, 0.76%, 0, 0, 5, 617.26, 420366, 500
2684, 0, 137, 143, 123, 12, 0.76%, 0, 0, 5, 623.23, 423498, 500
2689, 0, 137, 143, 123, 12, 0.76%, 0, 0, 5, 624.78, 426666, 500
2694, 0, 137, 143, 123, 12, 0.76%, 0, 0, 5, 624.36, 429810, 500
2699, 0, 137, 143, 123, 12, 0.76%, 0, 0, 5, 625.08, 432966, 500
2704, 0, 137, 143, 123, 12, 0.76%, 0, 0, 5, 625.18, 436110, 500
2709, 0, 137, 143, 123, 12, 0.76%, 0, 0, 5, 618.30, 439230, 500
2714, 0, 137, 143, 123, 12, 0.76%, 0, 0, 5, 617.86, 442302, 500
2719, 0, 137, 143, 123, 12, 0.76%, 0, 0, 5, 628.00, 445590, 500
2724, 0, 82, 143, 122, 11, 0.76%, 0, 0, 5, 98.17, 447316, 500
2730, 0, 82, 143, 122, 11, 0.76%, 0, 0, 5, 108.43, 447851, 500
2735, 0, 82, 143, 122, 11, 0.76%, 0, 0, 5, 108.99, 448463, 500
2740, 0, 82, 143, 122, 11, 0.76%, 0, 0, 5, 107.95, 449171, 500
2745, 0, 82, 143, 122, 11, 0.76%, 0, 0, 5, 126.92, 449897, 500
2750, 0, 82, 143, 122, 11, 0.76%, 0, 0, 5, 100.35, 450371, 500
2755, 0, 82, 143, 122, 11, 0.76%, 0, 0, 5, 93.66, 450842, 500
