# relative_time, cycles_done, cur_item, corpus_count, pending_total, pending_favs, map_size, saved_crashes, saved_hangs, max_depth, execs_per_sec, total_execs, edges_found
60, 0, 137, 204, 203, 50, 1.23%, 21, 0, 3, 594.55, 36921, 804
65, 0, 137, 210, 209, 50, 1.23%, 21, 0, 3, 568.27, 39763, 804
71, 0, 137, 210, 209, 50, 1.23%, 21, 0, 3, 534.18, 42528, 804
76, 0, 137, 210, 209, 50, 1.23%, 21, 0, 3, 526.39, 45188, 804
81, 0, 137, 211, 210, 50, 1.23%, 21, 0, 3, 490.81, 47745, 804
86, 0, 137, 213, 212, 50, 1.23%, 21, 0, 3, 454.73, 50056, 804
91, 0, 137, 215, 214, 50, 1.23%, 21, 0, 3, 455.26, 52358, 804
96, 0, 137, 215, 214, 50, 1.23%, 21, 0, 3, 454.43, 54752, 804
102, 0, 137, 216, 215, 50, 1.23%, 21, 0, 3, 448.54, 57092, 804
107, 0, 137, 217, 216, 50, 1.23%, 21, 0, 3, 461.59, 59412, 804
112, 0, 137, 218, 217, 50, 1.23%, 21, 0, 3, 468.03, 61832, 804
117, 0, 137, 219, 218, 50, 1.23%, 21, 0, 3, 461.87, 64243, 804
122, 0, 137, 219, 218, 50, 1.23%, 21, 0, 3, 451.25, 66493, 804
127, 0, 161, 221, 219, 48, 1.23%, 21, 0, 3, 445.01, 68750, 804
132, 0, 97, 224, 220, 46, 1.23%, 21, 0, 4, 460.96, 71103, 804
137, 0, 200, 229, 223, 44, 1.23%, 21, 0, 4, 439.27, 73317, 804
142, 0, 96, 231, 224, 43, 1.23%, 22, 0, 4, 442.62, 75563, 804
147, 0, 96, 252, 245, 43, 1.25%, 22, 0, 4, 420.64, 77644, 818
152, 0, 202, 255, 247, 45, 1.25%, 23, 0, 4, 433.56, 79876, 818
158, 0, 103, 258, 247, 43, 1.25%, 25, 0, 4, 433.85, 82160, 821
163, 0, 1, 261, 249, 41, 1.26%, 25, 0, 4, 410.78, 84284, 826
168, 0, 1, 263, 251, 41, 1.27%, 25, 0, 4, 417.55, 86388, 835
173, 0, 1, 266, 254, 41, 1.28%, 25, 0, 4, 410.51, 88460, 838
178, 0, 1, 267, 255, 41, 1.28%, 25, 0, 4, 417.83, 90580, 838
183, 0, 1, 267, 255, 41, 1.28%, 25, 0, 4, 417.43, 92756, 838
188, 0, 1, 267, 255, 41, 1.28%, 26, 0, 4, 419.49, 94940, 838
194, 0, 1, 267, 255, 41, 1.28%, 26, 0, 4, 412.19, 97092, 838
199, 0, 1, 268, 256, 41, 1.28%, 26, 0, 4, 407.36, 99140, 838
204, 0, 1, 268, 256, 41, 1.28%, 26, 0, 4, 383.41, 101064, 838
209, 0, 1, 269, 257, 41, 1.29%, 27, 0, 4, 407.82, 103164, 845
214, 0, 1, 269, 257, 41, 1.29%, 27, 0, 4, 418.32, 105268, 845
219, 0, 1, 269, 257, 41, 1.29%, 27, 0, 4, 412.06, 107340, 845
224, 0, 182, 275, 261, 44, 1.29%, 29, 0, 4, 429.81, 109570, 845
229, 0, 182, 279, 265, 44, 1.29%, 29, 0, 4, 418.02, 111690, 845
234, 0, 182, 280, 266, 44, 1.29%, 29, 0, 4, 435.06, 113874, 845
239, 0, 182, 281, 267, 44, 1.29%, 29, 0, 4, 445.32, 116210, 845
244, 0, 182, 282, 268, 44, 1.29%, 29, 0, 4, 436.49, 118386, 845
249, 0, 182, 282, 268, 44, 1.29%, 29, 0, 4, 427.18, 120546, 845
254, 0, 182, 282, 268, 44, 1.29%, 29, 0, 4, 432.91, 122698, 845
259, 0, 182, 283, 269, 44, 1.29%, 29, 0, 4, 437.81, 124898, 845
264, 0, 182, 285, 271, 44, 1.29%, 29, 0, 4, 439.11, 127106, 845
269, 0, 182, 286, 272, 44, 1.29%, 29, 0, 4, 445.23, 129330, 845
274, 0, 182, 286, 272, 44, 1.29%, 29, 0, 4, 433.50, 131474, 845
279, 0, 182, 286, 272, 44, 1.29%, 29, 0, 4, 434.63, 133666, 845
285, 0, 182, 286, 272, 44, 1.29%, 29, 0, 4, 442.91, 135946, 845
290, 0, 182, 286, 272, 44, 1.29%, 29, 0, 4, 432.66, 138202, 845
295, 0, 182, 286, 272, 44, 1.29%, 29, 0, 4, 437.20, 140474, 845
300, 0, 182, 287, 273, 44, 1.29%, 29, 0, 4, 444.81, 142786, 845
305, 0, 281, 293, 275, 40, 1.29%, 29, 0, 4, 460.81, 145132, 846
310, 0, 239, 294, 273, 37, 1.29%, 29, 0, 4, 466.99, 147467, 846
315, 0, 191, 296, 273, 35, 1.29%, 29, 0, 4, 454.11, 149722, 846
320, 0, 9, 298, 274, 34, 1.29%, 30, 0, 4, 417.07, 151787, 846
325, 0, 90, 298, 272, 32, 1.29%, 30, 0, 4, 447.55, 154032, 846
330, 0, 123, 301, 273, 30, 1.29%, 30, 0, 4, 445.31, 156295, 846
335, 0, 198, 307, 277, 28, 1.29%, 32, 0, 4, 436.06, 158499, 846
341, 0, 262, 310, 279, 27, 1.29%, 37, 0, 4, 421.61, 160685, 846
346, 0, 48, 311, 277, 23, 1.29%, 37, 0, 4, 422.75, 162833, 846
351, 0, 285, 313, 276, 20, 1.29%, 37, 0, 4, 438.88, 165057, 846
356, 0, 288, 314, 274, 17, 1.29%, 37, 0, 4, 438.42, 167291, 846
361, 0, 288, 317, 277, 17, 1.29%, 38, 0, 5, 422.82, 169419, 846
366, 0, 288, 318, 278, 17, 1.29%, 38, 0, 5, 428.81, 171675, 846
371, 0, 288, 318, 278, 17, 1.29%, 38, 0, 5, 421.44, 173859, 846
376, 0, 288, 319, 279, 17, 1.29%, 38, 0, 5, 428.61, 176075, 846
381, 0, 288, 319, 279, 17, 1.29%, 38, 0, 5, 431.30, 178235, 846
386, 0, 288, 321, 281, 17, 1.29%, 38, 0, 5, 434.35, 180403, 847
392, 0, 288, 322, 282, 17, 1.29%, 38, 0, 5, 420.11, 182483, 847
397, 0, 288, 322, 282, 17, 1.29%, 39, 0, 5, 416.79, 184603, 847
402, 0, 288, 322, 282, 17, 1.29%, 39, 0, 5, 415.29, 186715, 847
407, 0, 288, 324, 284, 17, 1.29%, 39, 0, 5, 421.10, 188859, 847
412, 0, 288, 324, 284, 17, 1.29%, 39, 0, 5, 414.08, 190923, 847
417, 0, 288, 324, 284, 17, 1.29%, 39, 0, 5, 426.74, 193139, 847
422, 0, 318, 328, 286, 15, 1.30%, 39, 0, 6, 419.71, 195252, 850
427, 0, 318, 331, 289, 15, 1.30%, 39, 0, 6, 421.85, 197461, 850
432, 0, 318, 333, 291, 15, 1.30%, 40, 0, 6, 419.94, 199588, 850
437, 0, 318, 336, 294, 15, 1.30%, 40, 0, 6, 418.10, 201700, 850
442, 0, 318, 336, 294, 15, 1.30%, 40, 0, 6, 415.55, 203780, 850
448, 0, 318, 337, 295, 15, 1.30%, 40, 0, 6, 428.66, 206004, 850
453, 0, 318, 337, 295, 15, 1.30%, 41, 0, 6, 409.33, 208044, 850
458, 0, 318, 337, 295, 15, 1.30%, 42, 0, 6, 414.06, 210156, 850
463, 0, 318, 338, 296, 15, 1.30%, 42, 0, 6, 399.21, 212196, 850
468, 0, 318, 339, 297, 15, 1.30%, 42, 0, 6, 405.21, 214228, 850
473, 0, 318, 339, 297, 15, 1.30%, 42, 0, 6, 413.42, 216316, 850
478, 0, 318, 339, 297, 15, 1.30%, 42, 0, 6, 407.38, 218412, 850
483, 0, 318, 340, 298, 15, 1.30%, 42, 0, 6, 409.86, 220460, 850
488, 0, 318, 340, 298, 15, 1.30%, 42, 0, 6, 416.08, 222532, 850
493, 0, 318, 341, 299, 15, 1.30%, 42, 0, 6, 408.18, 224604, 850
498, 0, 318, 341, 299, 15, 1.30%, 42, 0, 6, 414.87, 226700, 850
503, 0, 318, 341, 298, 15, 1.30%, 42, 0, 6, 422.69, 228932, 850
508, 0, 318, 342, 299, 15, 1.30%, 42, 0, 6, 436.07, 231100, 851
513, 0, 318, 342, 299, 15, 1.30%, 42, 0, 6, 442.62, 233322, 851
518, 0, 318, 342, 299, 15, 1.30%, 42, 0, 6, 446.24, 235594, 851
523, 0, 137, 342, 299, 16, 1.30%, 43, 0, 6, 456.86, 237929, 851
529, 0, 341, 344, 300, 15, 1.30%, 43, 0, 6, 430.44, 240163, 851
534, 0, 179, 346, 301, 14, 1.30%, 43, 0, 6, 395.91, 242169, 851
539, 0, 147, 346, 298, 11, 1.30%, 43, 0, 6, 405.45, 244212, 851
544, 0, 137, 348, 298, 10, 1.30%, 43, 0, 6, 428.10, 246430, 851
549, 0, 346, 351, 301, 10, 1.30%, 43, 0, 6, 408.04, 248485, 853
554, 0, 346, 351, 301, 10, 1.30%, 43, 0, 6, 427.63, 250701, 853
559, 0, 245, 352, 299, 10, 1.30%, 43, 0, 6, 425.91, 252841, 854
564, 0, 104, 353, 298, 8, 1.30%, 43, 0, 6, 432.19, 255051, 854
569, 0, 320, 353, 297, 7, 1.30%, 43, 0, 6, 427.34, 257171, 854
574, 0, 311, 355, 298, 6, 1.30%, 43, 0, 6, 409.63, 259190, 854
579, 0, 311, 356, 299, 6, 1.30%, 43, 0, 6, 424.75, 261334, 854
584, 0, 351, 356, 297, 4, 1.30%, 43, 0, 6, 416.84, 263543, 854
590, 0, 351, 359, 300, 4, 1.30%, 44, 0, 6, 406.37, 265576, 854
595, 0, 351, 361, 302, 4, 1.30%, 44, 0, 6, 384.70, 267526, 854
600, 0, 351, 361, 302, 4, 1.30%, 44, 0, 6, 398.40, 269577, 854
605, 0, 351, 361, 302, 4, 1.30%, 45, 0, 6, 395.86, 271642, 854
610, 0, 351, 361, 302, 4, 1.30%, 45, 0, 6, 401.54, 273728, 854
615, 0, 351, 361, 302, 4, 1.30%, 45, 0, 6, 391.67, 275695, 854
620, 0, 351, 361, 302, 4, 1.30%, 45, 0, 6, 409.06, 277808, 854
625, 0, 351, 361, 302, 4, 1.30%, 45, 0, 6, 410.00, 279896, 854
631, 0, 351, 361, 302, 4, 1.30%, 45, 0, 6, 410.10, 281992, 854
636, 0, 348, 363, 303, 5, 1.30%, 46, 0, 6, 415.22, 284179, 854
641, 0, 361, 364, 303, 4, 1.30%, 46, 0, 6, 428.45, 286436, 854
646, 0, 357, 365, 302, 3, 1.30%, 46, 0, 6, 430.21, 288686, 854
651, 0, 357, 367, 304, 3, 1.30%, 46, 0, 6, 414.85, 290725, 854
656, 0, 357, 367, 304, 3, 1.30%, 47, 0, 6, 413.50, 292781, 854
661, 0, 137, 367, 303, 2, 1.30%, 47, 0, 6, 410.97, 294931, 854
666, 0, 361, 368, 304, 2, 1.30%, 47, 0, 6, 419.06, 297084, 854
671, 0, 361, 368, 304, 2, 1.30%, 48, 0, 6, 418.28, 299196, 854
676, 0, 361, 368, 304, 2, 1.30%, 48, 0, 6, 429.55, 301360, 854
682, 0, 361, 368, 304, 2, 1.30%, 48, 0, 6, 448.74, 303648, 854
687, 0, 368, 369, 304, 2, 1.30%, 48, 0, 7, 447.27, 305906, 854
692, 0, 257, 370, 304, 1, 1.30%, 48, 0, 8, 444.08, 308137, 854
697, 0, 86, 370, 303, 0, 1.30%, 48, 0, 8, 420.75, 310228, 854
702, 0, 86, 370, 303, 0, 1.30%, 48, 0, 8, 447.84, 312563, 854
707, 0, 137, 370, 303, 0, 1.30%, 48, 0, 8, 448.76, 314884, 854
712, 0, 202, 371, 304, 0, 1.30%, 48, 0, 8, 451.07, 317153, 854
717, 0, 341, 371, 304, 0, 1.30%, 48, 0, 8, 432.88, 319323, 854
722, 0, 341, 371, 304, 0, 1.30%, 48, 0, 8, 425.34, 321435, 854
727, 0, 341, 371, 304, 0, 1.30%, 48, 0, 8, 414.80, 323535, 854
732, 0, 341, 371, 304, 0, 1.30%, 48, 0, 8, 430.71, 325687, 854
738, 0, 202, 371, 304, 0, 1.30%, 49, 0, 8, 425.83, 327935, 854
743, 0, 85, 371, 304, 0, 1.30%, 49, 0, 8, 422.48, 330121, 854
748, 0, 197, 371, 304, 0, 1.30%, 49, 0, 8, 433.50, 332319, 854
753, 0, 361, 372, 305, 0, 1.30%, 49, 0, 8, 437.73, 334512, 854
758, 0, 346, 372, 305, 0, 1.30%, 49, 0, 8, 425.60, 336678, 854
763, 0, 262, 372, 305, 0, 1.30%, 51, 0, 8, 424.89, 338825, 854
768, 0, 137, 372, 305, 0, 1.30%, 51, 0, 8, 447.70, 341079, 854
773, 0, 219, 376, 309, 1, 1.30%, 51, 0, 8, 455.44, 343457, 854
778, 0, 374, 378, 311, 1, 1.30%, 51, 0, 8, 438.98, 345641, 854
783, 0, 137, 379, 311, 0, 1.30%, 51, 0, 8, 441.87, 347884, 854
788, 0, 105, 379, 310, 0, 1.30%, 51, 0, 8, 441.85, 350106, 854
793, 0, 197, 379, 310, 0, 1.30%, 51, 0, 8, 421.03, 352266, 854
798, 0, 197, 379, 310, 0, 1.30%, 51, 0, 8, 438.48, 354468, 854
804, 0, 137, 380, 311, 0, 1.30%, 51, 0, 8, 441.86, 356777, 854
809, 0, 137, 381, 312, 0, 1.30%, 51, 0, 8, 435.79, 358939, 854
814, 0, 90, 381, 312, 0, 1.30%, 51, 0, 8, 431.16, 361194, 854
819, 0, 137, 381, 312, 0, 1.30%, 51, 0, 8, 441.47, 363431, 854
824, 0, 51, 381, 312, 0, 1.30%, 51, 0, 8, 435.85, 365606, 854
829, 0, 51, 381, 312, 0, 1.30%, 51, 0, 8, 438.43, 367789, 854
834, 0, 9, 381, 312, 0, 1.30%, 51, 0, 8, 425.62, 369946, 854
839, 0, 288, 381, 312, 0, 1.30%, 51, 0, 8, 428.59, 372140, 854
844, 0, 199, 381, 312, 0, 1.30%, 51, 0, 8, 442.38, 374455, 854
849, 0, 288, 381, 312, 0, 1.30%, 51, 0, 8, 439.59, 376708, 854
855, 0, 374, 382, 313, 0, 1.30%, 51, 0, 8, 419.83, 378820, 854
860, 0, 374, 383, 314, 0, 1.30%, 51, 0, 8, 402.96, 380850, 854
865, 0, 137, 383, 314, 0, 1.30%, 51, 0, 8, 423.12, 383085, 854
870, 0, 137, 383, 314, 0, 1.30%, 51, 0, 8, 417.01, 385258, 854
875, 0, 100, 383, 314, 0, 1.30%, 51, 0, 8, 415.54, 387336, 854
880, 0, 197, 383, 313, 0, 1.30%, 51, 0, 8, 427.47, 389482, 854
885, 0, 137, 383, 313, 0, 1.30%, 51, 0, 8, 437.61, 391769, 854
890, 0, 100, 383, 313, 0, 1.30%, 51, 0, 8, 426.57, 393858, 854
895, 0, 359, 385, 315, 0, 1.30%, 51, 0, 8, 419.69, 396017, 854
900, 0, 359, 385, 315, 0, 1.30%, 51, 0, 8, 429.74, 398145, 854
905, 0, 368, 385, 314, 0, 1.30%, 51, 0, 8, 425.62, 400320, 854
910, 0, 368, 385, 314, 0, 1.30%, 51, 0, 8, 418.17, 402416, 854
915, 0, 368, 385, 314, 0, 1.30%, 51, 0, 8, 449.88, 404666, 854
920, 0, 197, 385, 314, 0, 1.30%, 51, 0, 8, 441.86, 406874, 854
926, 0, 137, 386, 314, 1, 1.30%, 51, 0, 8, 429.22, 409087, 854
931, 0, 385, 388, 315, 1, 1.30%, 51, 0, 8, 419.91, 411207, 854
936, 0, 361, 389, 315, 0, 1.30%, 51, 0, 8, 427.30, 413441, 854
941, 0, 191, 389, 315, 0, 1.30%, 51, 0, 8, 461.93, 415772, 854
946, 0, 134, 390, 316, 0, 1.30%, 51, 0, 8, 524.86, 418583, 854
951, 0, 137, 390, 316, 0, 1.30%, 51, 0, 8, 520.02, 421219, 854
956, 0, 346, 390, 316, 0, 1.30%, 51, 0, 8, 519.64, 423844, 854
961, 0, 137, 390, 316, 0, 1.30%, 51, 0, 8, 512.20, 426396, 854
966, 0, 148, 391, 317, 0, 1.30%, 51, 0, 8, 506.04, 428942, 854
971, 0, 148, 391, 317, 0, 1.30%, 51, 0, 8, 504.34, 431479, 854
976, 0, 361, 391, 317, 0, 1.30%, 51, 0, 8, 500.72, 434098, 854
982, 0, 197, 391, 317, 0, 1.30%, 51, 0, 8, 530.64, 436841, 854
987, 0, 146, 391, 317, 0, 1.30%, 51, 0, 8, 498.99, 439314, 854
992, 0, 202, 391, 317, 0, 1.30%, 51, 0, 8, 476.62, 441682, 854
997, 0, 219, 391, 317, 0, 1.30%, 51, 0, 8, 502.31, 444233, 854
1002, 0, 361, 391, 317, 0, 1.30%, 51, 0, 8, 492.53, 446784, 854
1007, 0, 346, 391, 317, 0, 1.30%, 51, 0, 8, 491.44, 449280, 854
1012, 0, 271, 391, 317, 0, 1.30%, 51, 0, 8, 497.12, 451791, 854
1017, 0, 385, 392, 317, 0, 1.30%, 51, 0, 8, 480.10, 454181, 854
1022, 0, 197, 393, 318, 1, 1.30%, 51, 0, 8, 501.46, 456698, 854
1027, 0, 137, 393, 317, 0, 1.30%, 51, 0, 8, 490.75, 459128, 854
1032, 0, 361, 393, 317, 0, 1.30%, 51, 0, 8, 492.76, 461714, 854
1037, 0, 361, 393, 317, 0, 1.30%, 51, 0, 8, 507.24, 464295, 854
1043, 0, 361, 393, 317, 0, 1.30%, 51, 0, 8, 498.19, 466898, 854
1048, 0, 85, 393, 317, 0, 1.30%, 51, 0, 8, 491.76, 469346, 854
1053, 0, 191, 393, 317, 0, 1.30%, 51, 0, 8, 512.92, 471953, 854
1058, 0, 137, 393, 317, 0, 1.30%, 51, 0, 8, 494.98, 474507, 854
1063, 0, 85, 393, 317, 0, 1.30%, 51, 0, 8, 520.57, 477124, 854
1068, 0, 137, 393, 317, 0, 1.30%, 51, 0, 8, 516.45, 479760, 854
1073, 0, 147, 393, 317, 0, 1.30%, 51, 0, 8, 531.27, 482447, 854
1078, 0, 202, 393, 317, 0, 1.30%, 51, 0, 8, 517.82, 485068, 854
1083, 0, 137, 393, 317, 0, 1.30%, 51, 0, 8, 527.94, 487707, 854
1088, 0, 85, 393, 317, 0, 1.30%, 51, 0, 8, 520.34, 490336, 854
1093, 0, 85, 393, 317, 0, 1.30%, 52, 0, 8, 531.78, 493043, 854
1098, 0, 197, 393, 317, 0, 1.30%, 52, 0, 8, 526.63, 495666, 854
1103, 0, 148, 393, 317, 0, 1.30%, 52, 0, 8, 542.22, 498412, 854
1108, 0, 137, 393, 317, 0, 1.30%, 52, 0, 8, 526.80, 501054, 854
1113, 0, 387, 394, 318, 0, 1.30%, 52, 0, 8, 504.77, 503573, 854
1118, 0, 387, 394, 318, 0, 1.30%, 52, 0, 8, 527.00, 506331, 854
1123, 0, 199, 394, 318, 1, 1.30%, 52, 0, 8, 515.81, 508895, 854
1128, 0, 393, 394, 318, 1, 1.30%, 52, 0, 8, 521.89, 511495, 854
1134, 0, 137, 394, 317, 0, 1.30%, 52, 0, 8, 540.91, 514311, 854
1139, 0, 318, 394, 317, 0, 1.30%, 52, 0, 8, 536.44, 517038, 854
1144, 0, 318, 394, 317, 0, 1.30%, 52, 0, 8, 540.00, 519796, 854
1149, 0, 318, 394, 317, 0, 1.30%, 52, 0, 8, 538.68, 522502, 854
1154, 0, 90, 394, 317, 0, 1.30%, 52, 0, 8, 541.25, 525322, 854
1159, 0, 137, 394, 317, 0, 1.30%, 52, 0, 8, 541.98, 528056, 854
1164, 0, 361, 394, 317, 0, 1.30%, 52, 0, 8, 516.00, 530649, 854
1169, 0, 137, 394, 317, 0, 1.30%, 52, 0, 8, 520.99, 533341, 854
1174, 0, 137, 394, 317, 0, 1.30%, 52, 0, 8, 535.18, 536028, 854
1179, 0, 320, 394, 317, 0, 1.30%, 53, 0, 8, 522.33, 538750, 854
1184, 0, 197, 394, 317, 0, 1.30%, 53, 0, 8, 537.90, 541445, 854
1190, 0, 219, 394, 317, 0, 1.30%, 53, 0, 8, 520.90, 544135, 854
1195, 0, 104, 394, 317, 0, 1.30%, 53, 0, 8, 527.35, 546793, 854
1200, 0, 202, 394, 317, 0, 1.30%, 53, 0, 8, 539.05, 549485, 854
1205, 0, 137, 394, 317, 0, 1.30%, 53, 0, 8, 546.82, 552299, 854
1210, 0, 137, 394, 317, 0, 1.30%, 53, 0, 8, 539.39, 554961, 854
1215, 0, 133, 394, 317, 0, 1.30%, 53, 0, 8, 532.78, 557575, 854
1220, 0, 191, 394, 317, 0, 1.30%, 53, 0, 8, 534.81, 560249, 854
1225, 0, 361, 394, 317, 0, 1.30%, 54, 0, 8, 552.79, 563001, 854
1230, 0, 9, 394, 317, 0, 1.30%, 54, 0, 8, 534.46, 565651, 854
1235, 0, 84, 395, 317, 0, 1.32%, 55, 0, 8, 527.68, 568415, 866
1240, 0, 84, 395, 317, 0, 1.32%, 55, 0, 8, 534.00, 571114, 866
1245, 0, 361, 395, 317, 0, 1.32%, 55, 0, 8, 537.24, 573932, 866
1250, 0, 137, 395, 317, 0, 1.32%, 55, 0, 8, 557.14, 576808, 866
1256, 0, 288, 395, 317, 0, 1.32%, 55, 0, 8, 514.37, 579456, 866
1261, 0, 84, 395, 317, 0, 1.32%, 55, 0, 8, 515.38, 582128, 866
1266, 0, 84, 395, 317, 0, 1.32%, 55, 0, 8, 542.58, 584939, 866
1271, 0, 137, 395, 317, 0, 1.32%, 55, 0, 8, 549.77, 587789, 866
1276, 0, 361, 395, 317, 0, 1.32%, 55, 0, 8, 542.01, 590612, 866
1282, 0, 137, 395, 317, 0, 1.32%, 55, 0, 8, 540.26, 593445, 866
1287, 0, 393, 395, 317, 0, 1.32%, 55, 0, 8, 527.16, 596087, 866
1292, 0, 393, 395, 317, 0, 1.32%, 55, 0, 8, 551.03, 598965, 866
1297, 0, 393, 395, 317, 0, 1.32%, 55, 0, 8, 562.84, 601901, 866
1302, 0, 99, 396, 318, 0, 1.32%, 55, 0, 8, 578.47, 604879, 866
1307, 0, 85, 396, 318, 0, 1.32%, 55, 0, 8, 568.29, 607744, 866
1312, 0, 137, 396, 318, 0, 1.32%, 55, 0, 8, 581.73, 610788, 866
1318, 0, 361, 396, 318, 0, 1.32%, 55, 0, 8, 554.18, 613640, 866
1323, 0, 85, 396, 318, 0, 1.32%, 55, 0, 8, 541.60, 616317, 866
1328, 0, 137, 396, 318, 0, 1.32%, 55, 0, 8, 556.00, 619225, 866
1333, 0, 368, 396, 318, 0, 1.32%, 55, 0, 8, 540.25, 621932, 866
1338, 0, 368, 396, 318, 0, 1.32%, 55, 0, 8, 568.74, 624782, 866
1343, 0, 137, 396, 318, 0, 1.32%, 55, 0, 8, 542.22, 627517, 866
1348, 0, 197, 396, 318, 0, 1.32%, 55, 0, 8, 530.96, 630272, 866
1353, 0, 148, 396, 318, 0, 1.32%, 55, 0, 8, 513.35, 632864, 866
1358, 0, 150, 396, 318, 0, 1.32%, 55, 0, 8, 517.01, 635459, 866
1363, 0, 150, 397, 319, 0, 1.33%, 55, 0, 8, 506.00, 637973, 869
1368, 0, 391, 397, 319, 1, 1.33%, 56, 0, 8, 500.98, 640617, 869
1373, 0, 85, 397, 319, 1, 1.33%, 56, 0, 8, 526.32, 643352, 869
1379, 0, 85, 397, 319, 1, 1.33%, 56, 0, 8, 523.26, 645947, 869
1384, 0, 136, 397, 318, 0, 1.33%, 56, 0, 8, 513.71, 648613, 869
1389, 0, 197, 397, 317, 0, 1.33%, 56, 0, 8, 533.14, 651239, 869
1394, 0, 147, 398, 318, 0, 1.33%, 56, 0, 8, 519.78, 653871, 872
1399, 0, 335, 398, 318, 1, 1.33%, 56, 0, 8, 521.02, 656560, 872
1404, 0, 397, 398, 316, 1, 1.33%, 56, 0, 8, 508.34, 659112, 872
1409, 0, 9, 398, 315, 0, 1.33%, 56, 0, 8, 498.72, 661602, 872
1414, 0, 346, 398, 315, 0, 1.33%, 56, 0, 8, 527.55, 664417, 872
1419, 1, 191, 398, 315, 0, 1.33%, 56, 0, 8, 516.46, 667002, 872
1424, 1, 137, 400, 317, 0, 1.33%, 56, 0, 8, 532.66, 669675, 872
1429, 1, 137, 401, 318, 0, 1.33%, 56, 0, 8, 521.02, 672398, 872
1435, 1, 318, 403, 319, 0, 1.33%, 56, 0, 8, 516.83, 675132, 872
1440, 1, 318, 406, 322, 0, 1.33%, 57, 0, 8, 495.51, 677562, 872
1445, 1, 318, 407, 323, 0, 1.33%, 57, 0, 8, 501.39, 680063, 872
1450, 1, 318, 408, 324, 0, 1.33%, 57, 0, 8, 484.40, 682528, 872
1455, 1, 318, 408, 324, 0, 1.33%, 57, 0, 8, 493.25, 685075, 872
1460, 1, 318, 409, 325, 0, 1.33%, 57, 0, 8, 504.77, 687690, 872
1465, 1, 318, 410, 326, 0, 1.33%, 57, 0, 8, 496.19, 690176, 872
1470, 1, 318, 410, 326, 0, 1.33%, 57, 0, 8, 519.08, 692798, 872
1475, 1, 318, 410, 326, 0, 1.33%, 57, 0, 8, 547.71, 695538, 872
1480, 1, 137, 410, 326, 0, 1.33%, 57, 0, 8, 553.92, 698284, 872
1485, 1, 279, 414, 330, 0, 1.33%, 57, 0, 8, 556.58, 701071, 872
1490, 1, 391, 415, 331, 0, 1.33%, 57, 0, 8, 554.85, 704011, 872
1495, 1, 391, 417, 333, 0, 1.33%, 57, 0, 8, 528.99, 706617, 872
1500, 1, 391, 417, 333, 0, 1.33%, 57, 0, 8, 527.38, 709357, 872
1506, 1, 391, 418, 334, 0, 1.33%, 57, 0, 8, 516.97, 711965, 872
1511, 1, 391, 418, 334, 0, 1.33%, 57, 0, 8, 516.77, 714545, 872
1516, 1, 391, 418, 334, 0, 1.33%, 57, 0, 8, 507.28, 717095, 872
1521, 1, 391, 419, 335, 0, 1.33%, 57, 0, 8, 499.33, 719549, 872
1526, 1, 391, 419, 335, 0, 1.33%, 57, 0, 8, 482.07, 722033, 872
1531, 1, 137, 419, 335, 1, 1.33%, 57, 0, 8, 536.36, 724763, 872
1536, 1, 222, 422, 338, 1, 1.33%, 57, 0, 8, 521.27, 727501, 872
1541, 1, 414, 422, 337, 1, 1.33%, 57, 0, 8, 503.27, 729986, 872
1546, 1, 137, 422, 336, 0, 1.33%, 58, 0, 8, 524.58, 732623, 872
1551, 1, 137, 422, 336, 0, 1.33%, 58, 0, 8, 525.78, 735268, 872
1556, 1, 361, 423, 337, 0, 1.33%, 58, 0, 8, 536.29, 738030, 872
1561, 1, 137, 423, 337, 0, 1.33%, 58, 0, 8, 541.75, 740731, 872
1566, 1, 201, 423, 337, 0, 1.33%, 58, 0, 8, 538.18, 743439, 872
1571, 1, 197, 423, 337, 0, 1.33%, 58, 0, 8, 530.76, 746112, 872
1576, 1, 346, 423, 337, 0, 1.33%, 58, 0, 8, 543.10, 748923, 872
1582, 1, 361, 423, 337, 0, 1.33%, 58, 0, 8, 529.93, 751695, 872
1587, 1, 361, 423, 337, 0, 1.33%, 58, 0, 8, 502.92, 754200, 872
1592, 1, 137, 423, 337, 0, 1.33%, 58, 0, 8, 520.28, 756943, 872
1597, 1, 197, 423, 337, 0, 1.33%, 58, 0, 8, 527.74, 759571, 872
1602, 1, 9, 423, 337, 0, 1.33%, 58, 0, 8, 507.92, 762115, 872
1607, 1, 137, 423, 337, 0, 1.33%, 58, 0, 8, 523.92, 764790, 872
1612, 1, 85, 423, 337, 0, 1.33%, 58, 0, 8, 514.30, 767494, 872
1617, 1, 197, 423, 337, 0, 1.33%, 58, 0, 8, 545.05, 770358, 872
1623, 1, 137, 425, 339, 0, 1.33%, 59, 0, 8, 552.21, 773258, 872
1628, 1, 137, 426, 340, 0, 1.33%, 59, 0, 8, 550.45, 776030, 872
1633, 1, 137, 426, 340, 0, 1.33%, 59, 0, 8, 536.53, 778808, 872
1638, 1, 137, 427, 340, 1, 1.33%, 59, 0, 8, 523.19, 781443, 872
1643, 1, 197, 427, 340, 1, 1.33%, 59, 0, 8, 544.23, 784316, 872
1648, 1, 137, 427, 339, 1, 1.33%, 60, 0, 8, 525.93, 786890, 872
1653, 1, 137, 427, 338, 0, 1.33%, 60, 0, 8, 523.00, 789519, 872
1658, 1, 361, 427, 338, 0, 1.33%, 60, 0, 8, 563.16, 792355, 872
1663, 1, 197, 428, 339, 0, 1.33%, 60, 0, 8, 566.58, 795183, 872
1668, 1, 146, 428, 339, 0, 1.33%, 60, 0, 8, 551.86, 797967, 872
1673, 1, 137, 428, 338, 0, 1.33%, 60, 0, 8, 541.02, 800687, 872
1678, 1, 318, 430, 340, 0, 1.33%, 60, 0, 8, 526.12, 803345, 872
1683, 1, 318, 430, 340, 0, 1.33%, 60, 0, 8, 518.08, 805945, 872
1688, 1, 318, 430, 340, 0, 1.33%, 60, 0, 8, 506.02, 808575, 872
1694, 1, 318, 430, 340, 0, 1.33%, 60, 0, 8, 499.35, 811077, 872
1699, 1, 318, 430, 340, 0, 1.33%, 60, 0, 8, 543.44, 813947, 872
1704, 1, 428, 431, 341, 1, 1.33%, 60, 0, 8, 529.88, 816628, 872
1709, 1, 137, 432, 341, 0, 1.33%, 60, 0, 8, 526.05, 819292, 872
1714, 1, 137, 432, 341, 0, 1.33%, 60, 0, 8, 502.94, 821809, 872
1719, 1, 190, 434, 343, 0, 1.33%, 60, 0, 8, 493.91, 824273, 872
1724, 1, 219, 435, 343, 0, 1.33%, 60, 0, 8, 517.78, 826901, 872
1729, 1, 161, 437, 345, 0, 1.33%, 60, 0, 8, 511.14, 829488, 873
1734, 1, 161, 437, 345, 0, 1.33%, 60, 0, 8, 516.04, 832060, 873
1739, 1, 197, 437, 345, 1, 1.33%, 60, 0, 8, 546.07, 834899, 873
1744, 1, 361, 438, 344, 1, 1.33%, 60, 0, 8, 544.36, 837734, 873
1749, 1, 288, 439, 345, 1, 1.33%, 60, 0, 8, 536.65, 840449, 873
1754, 1, 438, 440, 346, 2, 1.33%, 60, 0, 8, 531.07, 843140, 873
1759, 1, 197, 440, 345, 1, 1.33%, 60, 0, 8, 543.54, 845878, 873
1765, 1, 197, 441, 345, 0, 1.33%, 60, 0, 8, 540.98, 848666, 873
1770, 1, 85, 441, 345, 0, 1.33%, 60, 0, 8, 535.32, 851337, 873
1775, 1, 295, 441, 345, 0, 1.33%, 60, 0, 8, 564.58, 854258, 873
1780, 1, 201, 441, 344, 0, 1.33%, 60, 0, 8, 519.67, 856998, 873
1785, 1, 201, 442, 345, 0, 1.33%, 60, 0, 8, 516.53, 859544, 873
1790, 1, 100, 442, 345, 0, 1.33%, 60, 0, 8, 519.72, 862177, 873
1795, 1, 137, 443, 346, 0, 1.33%, 60, 0, 8, 504.24, 864714, 873
1800, 1, 48, 443, 346, 0, 1.33%, 60, 0, 8, 514.42, 867372, 873
1805, 1, 48, 443, 346, 0, 1.33%, 60, 0, 8, 523.90, 869993, 873
1810, 1, 51, 443, 346, 0, 1.33%, 60, 0, 8, 514.33, 872577, 873
1815, 1, 137, 443, 346, 0, 1.33%, 60, 0, 8, 503.17, 875133, 873
1820, 1, 361, 443, 346, 0, 1.33%, 60, 0, 8, 502.01, 877708, 873
1826, 1, 137, 445, 347, 0, 1.33%, 60, 0, 8, 511.96, 880380, 873
1831, 1, 85, 445, 347, 0, 1.33%, 60, 0, 8, 517.74, 883000, 873
1836, 1, 279, 445, 347, 0, 1.33%, 60, 0, 8, 507.51, 885576, 873
1841, 1, 200, 445, 347, 0, 1.33%, 60, 0, 8, 519.56, 888273, 873
1846, 1, 85, 445, 347, 0, 1.33%, 60, 0, 8, 488.70, 890682, 873
1851, 1, 25, 445, 347, 0, 1.33%, 60, 0, 8, 498.65, 893191, 873
1856, 1, 137, 445, 347, 0, 1.33%, 60, 0, 8, 513.27, 895763, 873
1861, 1, 137, 446, 348, 2, 1.33%, 60, 0, 8, 510.72, 898427, 873
1866, 1, 445, 447, 349, 2, 1.33%, 60, 0, 8, 466.43, 900679, 873
1871, 1, 8, 447, 348, 1, 1.33%, 60, 0, 8, 483.48, 903215, 873
1877, 1, 85, 447, 347, 0, 1.33%, 60, 0, 8, 515.76, 905942, 873
1882, 1, 137, 447, 347, 0, 1.33%, 60, 0, 8, 517.76, 908549, 873
1887, 1, 191, 447, 347, 0, 1.33%, 60, 0, 8, 518.75, 911101, 873
1892, 1, 146, 447, 347, 0, 1.33%, 60, 0, 8, 527.90, 913766, 873
1897, 1, 137, 449, 349, 1, 1.34%, 60, 0, 8, 526.19, 916491, 880
1902, 1, 191, 449, 349, 1, 1.34%, 60, 0, 8, 532.43, 919276, 880
1907, 1, 4, 449, 349, 1, 1.34%, 60, 0, 8, 507.92, 921838, 880
1912, 1, 368, 449, 347, 1, 1.34%, 60, 0, 8, 478.89, 924224, 880
1917, 1, 368, 449, 347, 1, 1.34%, 60, 0, 8, 506.14, 926867, 880
1922, 1, 134, 449, 347, 1, 1.34%, 60, 0, 8, 549.19, 929673, 880
1928, 1, 447, 450, 348, 1, 1.34%, 61, 0, 8, 525.01, 932347, 880
1933, 1, 99, 450, 347, 0, 1.34%, 61, 0, 8, 557.08, 935140, 880
1938, 1, 137, 450, 347, 0, 1.34%, 61, 0, 8, 567.48, 938006, 880
1943, 1, 137, 450, 347, 0, 1.34%, 61, 0, 8, 563.88, 940927, 880
1948, 1, 137, 450, 347, 0, 1.34%, 61, 0, 8, 564.24, 943768, 880
1953, 1, 137, 450, 347, 0, 1.34%, 61, 0, 8, 580.34, 946660, 880
1958, 1, 197, 450, 347, 0, 1.34%, 61, 0, 8, 586.09, 949670, 880
1963, 1, 148, 453, 350, 0, 1.34%, 61, 0, 8, 556.77, 952456, 880
1968, 1, 361, 453, 350, 0, 1.34%, 61, 0, 8, 568.98, 955411, 880
1973, 1, 197, 453, 350, 0, 1.34%, 61, 0, 8, 577.08, 958308, 880
1978, 1, 150, 453, 350, 0, 1.34%, 61, 0, 8, 521.39, 960894, 880
1983, 1, 153, 453, 350, 0, 1.34%, 61, 0, 8, 549.99, 963648, 880
1988, 1, 361, 453, 349, 0, 1.34%, 61, 0, 8, 545.31, 966394, 880
1993, 1, 447, 453, 349, 0, 1.34%, 61, 0, 8, 522.38, 969026, 880
1998, 1, 182, 453, 349, 0, 1.34%, 61, 0, 8, 524.04, 971626, 880
2003, 1, 328, 453, 349, 0, 1.34%, 61, 0, 8, 525.11, 974378, 880
2009, 1, 137, 453, 347, 0, 1.34%, 61, 0, 8, 516.90, 977086, 880
2014, 1, 86, 453, 347, 0, 1.34%, 61, 0, 8, 496.78, 979624, 880
2019, 1, 137, 453, 347, 0, 1.34%, 61, 0, 8, 485.45, 982127, 880
2024, 1, 85, 453, 347, 0, 1.34%, 61, 0, 8, 498.27, 984702, 880
2029, 1, 230, 453, 347, 0, 1.34%, 61, 0, 8, 503.22, 987238, 880
2034, 1, 148, 454, 347, 0, 1.34%, 61, 0, 8, 500.80, 989759, 880
2039, 1, 182, 455, 348, 0, 1.34%, 61, 0, 8, 522.72, 992393, 880
2044, 1, 447, 455, 348, 0, 1.34%, 61, 0, 8, 484.20, 994760, 880
2050, 1, 137, 455, 348, 0, 1.34%, 61, 0, 8, 508.90, 997444, 880
2055, 1, 361, 457, 350, 0, 1.34%, 61, 0, 8, 513.16, 1000025, 880
2060, 1, 137, 457, 350, 0, 1.34%, 61, 0, 8, 498.86, 1002497, 880
2065, 1, 320, 458, 351, 0, 1.34%, 61, 0, 8, 494.75, 1004975, 880
2070, 1, 137, 458, 351, 1, 1.34%, 61, 0, 8, 511.03, 1007575, 880
2075, 1, 201, 458, 351, 1, 1.34%, 61, 0, 8, 496.09, 1010149, 880
2080, 1, 457, 460, 353, 1, 1.34%, 61, 0, 8, 485.73, 1012547, 880
2085, 1, 457, 460, 353, 1, 1.34%, 61, 0, 8, 482.30, 1015029, 880
2090, 1, 137, 460, 352, 0, 1.34%, 61, 0, 8, 520.32, 1017812, 880
2095, 1, 137, 460, 352, 0, 1.34%, 61, 0, 8, 541.50, 1020611, 880
2101, 1, 197, 460, 352, 0, 1.34%, 61, 0, 8, 532.85, 1023381, 880
2106, 1, 368, 461, 353, 0, 1.34%, 61, 0, 8, 530.38, 1026019, 880
2111, 1, 368, 461, 353, 0, 1.34%, 61, 0, 8, 507.62, 1028517, 880
2116, 1, 368, 461, 353, 0, 1.34%, 61, 0, 8, 541.53, 1031343, 880
2121, 1, 99, 461, 353, 1, 1.34%, 61, 0, 8, 557.41, 1034162, 880
2126, 1, 460, 461, 353, 1, 1.34%, 61, 0, 8, 544.62, 1036918, 880
2131, 1, 460, 462, 354, 1, 1.34%, 61, 0, 9, 553.84, 1039677, 880
2136, 1, 137, 462, 353, 1, 1.34%, 61, 0, 9, 568.49, 1042562, 880
2141, 1, 461, 462, 353, 1, 1.34%, 61, 0, 9, 556.04, 1045305, 880
2146, 1, 176, 462, 352, 0, 1.34%, 61, 0, 9, 551.01, 1048065, 880
2151, 1, 148, 462, 351, 0, 1.34%, 61, 0, 9, 556.56, 1050887, 880
2156, 1, 197, 463, 352, 0, 1.34%, 61, 0, 9, 559.07, 1053712, 880
2161, 1, 461, 463, 352, 0, 1.34%, 61, 0, 9, 555.74, 1056504, 880
2166, 1, 461, 464, 353, 0, 1.34%, 61, 0, 10, 544.48, 1059267, 880
2171, 1, 461, 464, 353, 0, 1.34%, 61, 0, 10, 538.65, 1061977, 880
2176, 1, 461, 464, 353, 0, 1.34%, 61, 0, 10, 531.54, 1064646, 880
2181, 1, 461, 464, 353, 0, 1.34%, 61, 0, 10, 556.45, 1067459, 880
2186, 1, 438, 464, 353, 0, 1.34%, 61, 0, 10, 515.43, 1070017, 880
2191, 1, 197, 464, 353, 0, 1.34%, 61, 0, 10, 532.98, 1072679, 880
2197, 1, 202, 465, 354, 0, 1.34%, 61, 0, 10, 526.43, 1075426, 880
2202, 1, 137, 465, 354, 0, 1.34%, 61, 0, 10, 533.39, 1078199, 880
2207, 1, 146, 465, 354, 0, 1.34%, 61, 0, 10, 546.39, 1081045, 880
2212, 1, 393, 465, 354, 0, 1.34%, 61, 0, 10, 549.14, 1083831, 880
2217, 1, 393, 465, 354, 0, 1.34%, 61, 0, 10, 529.09, 1086435, 880
2222, 1, 393, 465, 354, 0, 1.34%, 61, 0, 10, 542.15, 1089181, 880
2227, 1, 137, 465, 354, 0, 1.34%, 61, 0, 10, 561.80, 1092050, 880
2232, 1, 137, 465, 354, 0, 1.34%, 61, 0, 10, 555.91, 1094937, 880
2238, 1, 148, 465, 354, 0, 1.34%, 61, 0, 10, 539.80, 1097701, 880
2243, 1, 137, 465, 354, 0, 1.34%, 61, 0, 10, 509.58, 1100314, 880
2248, 1, 137, 465, 354, 0, 1.34%, 61, 0, 10, 535.57, 1103036, 880
2253, 1, 361, 465, 353, 0, 1.34%, 61, 0, 10, 549.55, 1105839, 880
2258, 1, 85, 465, 353, 0, 1.34%, 61, 0, 10, 544.10, 1108677, 880
2263, 1, 85, 465, 353, 0, 1.34%, 61, 0, 10, 555.48, 1111551, 880
2268, 1, 137, 465, 353, 0, 1.34%, 61, 0, 10, 543.84, 1114311, 880
2273, 1, 25, 465, 353, 0, 1.34%, 61, 0, 10, 535.49, 1116954, 880
2278, 1, 461, 465, 353, 0, 1.34%, 61, 0, 10, 521.60, 1119581, 880
2283, 1, 461, 465, 353, 0, 1.34%, 61, 0, 10, 481.70, 1121992, 880
2288, 1, 461, 465, 353, 0, 1.34%, 61, 0, 10, 489.44, 1124471, 880
2293, 1, 461, 465, 353, 0, 1.34%, 61, 0, 10, 522.98, 1127132, 880
2299, 1, 361, 465, 353, 0, 1.34%, 61, 0, 10, 534.95, 1129943, 880
2304, 1, 199, 465, 353, 0, 1.34%, 61, 0, 10, 540.88, 1132658, 880
2309, 1, 85, 465, 353, 0, 1.34%, 61, 0, 10, 479.28, 1134975, 880
2314, 1, 361, 465, 353, 0, 1.34%, 61, 0, 10, 510.69, 1137548, 880
2319, 1, 147, 465, 353, 0, 1.34%, 61, 0, 10, 509.12, 1140098, 880
2324, 1, 396, 465, 353, 0, 1.34%, 61, 0, 10, 502.78, 1142679, 880
2329, 1, 202, 465, 353, 0, 1.34%, 61, 0, 10, 507.01, 1145293, 880
2334, 1, 148, 465, 353, 0, 1.34%, 61, 0, 10, 516.69, 1147905, 880
2339, 1, 148, 465, 353, 0, 1.34%, 61, 0, 10, 515.65, 1150484, 880
2344, 1, 85, 465, 353, 0, 1.34%, 61, 0, 10, 495.78, 1152992, 880
2349, 1, 85, 465, 353, 0, 1.34%, 61, 0, 10, 506.06, 1155601, 880
2354, 1, 51, 465, 353, 0, 1.34%, 61, 0, 10, 507.39, 1158166, 880
2359, 1, 201, 465, 353, 0, 1.34%, 61, 0, 10, 522.20, 1160759, 880
2364, 1, 82, 465, 353, 0, 1.34%, 62, 0, 10, 523.22, 1163405, 880
2369, 1, 197, 465, 353, 0, 1.34%, 62, 0, 10, 520.46, 1165990, 880
2375, 1, 191, 465, 353, 0, 1.34%, 62, 0, 10, 522.93, 1168704, 880
2380, 1, 202, 465, 353, 0, 1.34%, 62, 0, 10, 545.07, 1171559, 880
2385, 1, 197, 465, 353, 0, 1.34%, 62, 0, 10, 555.60, 1174448, 880
2390, 1, 137, 465, 353, 0, 1.34%, 62, 0, 10, 550.70, 1177229, 880
2395, 1, 146, 465, 353, 0, 1.34%, 62, 0, 10, 552.10, 1179971, 880
2400, 1, 137, 465, 353, 0, 1.34%, 62, 0, 10, 562.05, 1182841, 880
2405, 1, 197, 465, 353, 0, 1.34%, 62, 0, 10, 544.10, 1185577, 880
2410, 1, 281, 465, 353, 0, 1.34%, 62, 0, 10, 533.77, 1188370, 880
2415, 1, 99, 465, 353, 0, 1.34%, 62, 0, 10, 544.79, 1191176, 880
2420, 1, 137, 465, 353, 0, 1.34%, 62, 0, 10, 559.54, 1194012, 880
2425, 2, 461, 466, 354, 0, 1.35%, 62, 0, 10, 533.66, 1196643, 885
2430, 2, 461, 466, 354, 0, 1.35%, 62, 0, 10, 527.48, 1199253, 885
2436, 2, 461, 466, 354, 0, 1.35%, 62, 0, 10, 509.73, 1201807, 885
2441, 2, 461, 470, 358, 0, 1.35%, 62, 0, 10, 485.20, 1204245, 885
2446, 2, 461, 470, 358, 0, 1.35%, 62, 0, 10, 502.53, 1206843, 885
2451, 2, 461, 470, 358, 0, 1.35%, 62, 0, 10, 542.38, 1209627, 885
2456, 2, 461, 473, 361, 0, 1.35%, 62, 0, 10, 504.80, 1212183, 885
2461, 2, 465, 474, 362, 1, 1.35%, 62, 0, 10, 485.36, 1214618, 885
2466, 2, 465, 474, 362, 1, 1.35%, 62, 0, 10, 432.43, 1216703, 885
2471, 2, 465, 475, 363, 1, 1.35%, 62, 0, 11, 479.44, 1219189, 885
2476, 2, 197, 475, 361, 0, 1.35%, 62, 0, 11, 531.41, 1222000, 885
2481, 2, 396, 477, 363, 0, 1.35%, 62, 0, 11, 532.53, 1224661, 888
2486, 2, 396, 477, 363, 0, 1.35%, 62, 0, 11, 514.25, 1227223, 888
2492, 2, 137, 478, 364, 1, 1.35%, 62, 0, 11, 524.36, 1229926, 888
2497, 2, 148, 479, 365, 1, 1.35%, 62, 0, 11, 540.23, 1232725, 888
2502, 2, 476, 479, 365, 1, 1.35%, 62, 0, 11, 496.76, 1235255, 888
2507, 2, 370, 479, 364, 0, 1.35%, 62, 0, 11, 483.79, 1237684, 888
2512, 2, 104, 480, 364, 0, 1.35%, 62, 0, 11, 512.27, 1240402, 888
2517, 2, 104, 480, 364, 0, 1.35%, 62, 0, 11, 531.40, 1243042, 888
2522, 2, 361, 481, 365, 0, 1.35%, 62, 0, 11, 542.65, 1245888, 888
2527, 2, 137, 481, 364, 0, 1.35%, 62, 0, 11, 550.07, 1248742, 888
2532, 2, 137, 482, 365, 0, 1.35%, 62, 0, 11, 528.19, 1251397, 888
2537, 2, 191, 484, 367, 0, 1.35%, 62, 0, 11, 522.78, 1254031, 888
2542, 2, 148, 485, 368, 0, 1.35%, 62, 0, 11, 530.07, 1256704, 888
2547, 2, 436, 485, 368, 0, 1.35%, 62, 0, 11, 533.87, 1259405, 888
2553, 2, 137, 485, 368, 0, 1.35%, 62, 0, 11, 537.65, 1262123, 888
2558, 2, 361, 485, 368, 0, 1.35%, 62, 0, 11, 526.21, 1264743, 888
2563, 2, 281, 485, 368, 0, 1.35%, 62, 0, 11, 511.59, 1267315, 888
2568, 2, 104, 486, 369, 0, 1.35%, 62, 0, 11, 502.74, 1269854, 888
2573, 2, 104, 487, 370, 0, 1.35%, 62, 0, 11, 473.83, 1272184, 888
2578, 2, 104, 487, 370, 0, 1.35%, 62, 0, 11, 497.40, 1274792, 888
2583, 2, 361, 488, 371, 0, 1.35%, 62, 0, 11, 497.79, 1277361, 888
2588, 2, 137, 488, 371, 0, 1.35%, 62, 0, 11, 512.59, 1280024, 888
2593, 2, 137, 488, 371, 0, 1.35%, 62, 0, 11, 512.76, 1282617, 888
2598, 2, 137, 488, 371, 0, 1.35%, 62, 0, 11, 531.09, 1285390, 888
2604, 2, 281, 489, 372, 0, 1.35%, 62, 0, 11, 522.50, 1288097, 888
2609, 2, 100, 490, 373, 0, 1.35%, 62, 0, 11, 527.60, 1290867, 888
2614, 2, 85, 490, 373, 0, 1.35%, 62, 0, 11, 520.52, 1293516, 888
2619, 2, 137, 490, 373, 0, 1.35%, 62, 0, 11, 524.03, 1296148, 888
2624, 2, 82, 491, 374, 0, 1.35%, 62, 0, 11, 510.61, 1298684, 888
2629, 2, 137, 491, 374, 0, 1.35%, 62, 0, 11, 534.42, 1301359, 888
2634, 2, 361, 491, 374, 0, 1.35%, 62, 0, 11, 510.63, 1303927, 888
2639, 2, 341, 491, 374, 0, 1.35%, 62, 0, 11, 489.71, 1306376, 888
2644, 2, 341, 491, 374, 0, 1.35%, 62, 0, 11, 491.09, 1308941, 888
2649, 2, 341, 491, 374, 0, 1.35%, 62, 0, 11, 505.33, 1311581, 888
2655, 2, 137, 491, 374, 0, 1.35%, 62, 0, 11, 531.96, 1314267, 888
2660, 2, 361, 492, 375, 0, 1.35%, 62, 0, 11, 506.32, 1316810, 888
2665, 2, 85, 492, 375, 0, 1.35%, 62, 0, 11, 503.68, 1319336, 888
2670, 2, 85, 493, 376, 0, 1.35%, 62, 0, 11, 520.56, 1322043, 888
2675, 2, 137, 493, 376, 0, 1.35%, 62, 0, 11, 507.64, 1324568, 888
2680, 2, 279, 493, 376, 0, 1.35%, 62, 0, 11, 528.79, 1327219, 888
2685, 2, 279, 493, 376, 0, 1.35%, 62, 0, 11, 522.69, 1329816, 888
2690, 2, 247, 493, 376, 0, 1.35%, 62, 0, 11, 504.53, 1332369, 888
2695, 2, 198, 494, 376, 0, 1.35%, 62, 0, 11, 519.88, 1335026, 888
2700, 2, 445, 496, 378, 0, 1.35%, 62, 0, 11, 489.50, 1337520, 888
2705, 2, 137, 496, 378, 0, 1.35%, 62, 0, 11, 498.35, 1339969, 888
2710, 2, 137, 496, 378, 0, 1.35%, 62, 0, 11, 500.93, 1342571, 888
2715, 2, 215, 496, 378, 0, 1.35%, 62, 0, 11, 532.58, 1345279, 888
2720, 2, 361, 496, 377, 0, 1.35%, 62, 0, 11, 525.90, 1347903, 888
2725, 2, 134, 497, 378, 0, 1.35%, 62, 0, 11, 502.28, 1350470, 888
2730, 2, 361, 497, 378, 0, 1.35%, 62, 0, 11, 511.62, 1353069, 888
2736, 2, 202, 498, 379, 0, 1.35%, 62, 0, 11, 518.15, 1355786, 888
2741, 2, 285, 498, 379, 0, 1.35%, 62, 0, 11, 524.20, 1358433, 888
2746, 2, 361, 498, 379, 0, 1.35%, 62, 0, 11, 517.69, 1361109, 888
2751, 2, 134, 498, 379, 0, 1.35%, 62, 0, 11, 502.80, 1363722, 888
2756, 2, 219, 498, 379, 0, 1.35%, 62, 0, 11, 517.92, 1366353, 888
2761, 2, 104, 498, 378, 0, 1.35%, 62, 0, 11, 510.77, 1368990, 888
2766, 2, 104, 498, 378, 0, 1.35%, 62, 0, 11, 501.03, 1371572, 888
2772, 2, 439, 499, 379, 0, 1.35%, 62, 0, 11, 504.73, 1374072, 888
2777, 2, 137, 499, 378, 0, 1.35%, 62, 0, 11, 538.44, 1376899, 888
2782, 2, 137, 499, 378, 0, 1.35%, 62, 0, 11, 535.50, 1379547, 888
2787, 2, 239, 499, 378, 0, 1.35%, 62, 0, 11, 532.65, 1382314, 888
2792, 2, 361, 499, 378, 0, 1.35%, 62, 0, 11, 557.42, 1385140, 888
2797, 2, 85, 499, 378, 0, 1.35%, 62, 0, 11, 558.25, 1387922, 888
2802, 2, 85, 499, 378, 0, 1.35%, 62, 0, 11, 553.74, 1390695, 888
2807, 2, 191, 499, 378, 0, 1.35%, 62, 0, 11, 560.22, 1393516, 888
2812, 2, 137, 499, 378, 0, 1.35%, 62, 0, 11, 562.03, 1396361, 888
2817, 2, 137, 499, 378, 0, 1.35%, 62, 0, 11, 556.77, 1399163, 888
2822, 2, 8, 500, 379, 0, 1.35%, 62, 0, 11, 555.99, 1402006, 888
2827, 2, 137, 500, 379, 0, 1.35%, 62, 0, 11, 558.21, 1404852, 888
2832, 2, 75, 501, 380, 0, 1.35%, 62, 0, 11, 551.08, 1407606, 888
2837, 2, 75, 502, 381, 0, 1.35%, 62, 0, 11, 552.61, 1410425, 888
2842, 2, 75, 508, 387, 0, 1.35%, 62, 0, 11, 456.54, 1412605, 888
2848, 2, 100, 508, 386, 0, 1.35%, 62, 0, 11, 520.55, 1415405, 888
2853, 2, 393, 508, 386, 0, 1.35%, 62, 0, 11, 529.82, 1418176, 888
2858, 2, 393, 508, 386, 0, 1.35%, 62, 0, 11, 543.08, 1421020, 888
2863, 2, 438, 509, 387, 0, 1.35%, 62, 0, 11, 565.69, 1423947, 888
2868, 2, 137, 510, 388, 0, 1.35%, 62, 0, 11, 571.04, 1426798, 888
2873, 2, 361, 510, 387, 0, 1.35%, 62, 0, 11, 571.86, 1429693, 888
2878, 2, 461, 510, 387, 0, 1.35%, 62, 0, 11, 550.15, 1432474, 888
2883, 2, 461, 510, 387, 0, 1.35%, 62, 0, 11, 548.19, 1435184, 888
2888, 2, 461, 510, 387, 0, 1.35%, 62, 0, 11, 564.17, 1438016, 888
2893, 2, 197, 510, 387, 0, 1.35%, 62, 0, 11, 572.74, 1440872, 888
2898, 2, 396, 510, 387, 0, 1.35%, 62, 0, 11, 537.12, 1443552, 888
2903, 2, 197, 510, 387, 0, 1.35%, 62, 0, 11, 547.17, 1446289, 888
2908, 2, 461, 511, 388, 0, 1.35%, 62, 0, 11, 538.56, 1449031, 888
2914, 2, 461, 512, 389, 0, 1.35%, 62, 0, 11, 519.54, 1451639, 888
2919, 2, 461, 512, 389, 0, 1.35%, 62, 0, 11, 528.04, 1454319, 888
2924, 2, 461, 513, 390, 0, 1.35%, 62, 0, 11, 487.00, 1456726, 888
2929, 2, 461, 513, 390, 0, 1.35%, 62, 0, 11, 499.67, 1459347, 888
2934, 2, 461, 513, 390, 0, 1.35%, 62, 0, 11, 484.15, 1461730, 888
2939, 2, 461, 513, 390, 0, 1.35%, 62, 0, 11, 491.54, 1464185, 888
2944, 2, 461, 513, 390, 0, 1.35%, 62, 0, 11, 504.38, 1466843, 888
2949, 2, 461, 513, 390, 0, 1.35%, 62, 0, 11, 495.64, 1469369, 888
2954, 2, 279, 513, 390, 0, 1.35%, 62, 0, 11, 495.63, 1471949, 888
2959, 2, 279, 513, 390, 0, 1.35%, 62, 0, 11, 493.23, 1474453, 888
2964, 2, 137, 513, 390, 0, 1.35%, 62, 0, 11, 488.86, 1476916, 888
2969, 2, 361, 513, 390, 0, 1.35%, 62, 0, 11, 503.65, 1479447, 888
2974, 2, 100, 514, 391, 0, 1.35%, 62, 0, 11, 504.75, 1481997, 888
2980, 2, 85, 515, 392, 0, 1.35%, 62, 0, 11, 492.85, 1484501, 888
2985, 2, 85, 515, 392, 0, 1.35%, 62, 0, 11, 502.57, 1487078, 888
2990, 2, 137, 515, 392, 0, 1.35%, 62, 0, 11, 531.79, 1489851, 888
2995, 2, 361, 516, 393, 0, 1.35%, 62, 0, 11, 509.24, 1492355, 888
3000, 2, 197, 516, 391, 0, 1.35%, 62, 0, 11, 520.36, 1494970, 888
3005, 2, 137, 516, 391, 0, 1.35%, 62, 0, 11, 522.68, 1497588, 888
3010, 2, 137, 516, 391, 0, 1.35%, 62, 0, 11, 547.24, 1500355, 888
3015, 2, 97, 516, 391, 0, 1.35%, 62, 0, 11, 540.19, 1503046, 888
3020, 2, 191, 516, 391, 0, 1.35%, 62, 0, 11, 525.32, 1505691, 888
3025, 2, 191, 516, 391, 0, 1.35%, 62, 0, 11, 541.30, 1508538, 888
3030, 2, 197, 516, 391, 0, 1.35%, 62, 0, 11, 528.20, 1511231, 888
3035, 2, 137, 516, 391, 0, 1.35%, 62, 0, 11, 532.78, 1513881, 888
3040, 2, 137, 516, 391, 0, 1.35%, 62, 0, 11, 550.09, 1516650, 888
3045, 2, 361, 516, 391, 0, 1.35%, 62, 0, 11, 534.75, 1519413, 888
3050, 2, 182, 516, 391, 0, 1.35%, 62, 0, 11, 540.32, 1522154, 888
3056, 2, 133, 517, 392, 0, 1.35%, 62, 0, 11, 552.35, 1524948, 888
3061, 2, 137, 517, 392, 0, 1.35%, 62, 0, 11, 561.74, 1527876, 888
3066, 2, 137, 517, 392, 0, 1.35%, 62, 0, 11, 562.51, 1530771, 888
3071, 2, 201, 517, 392, 0, 1.35%, 62, 0, 11, 560.36, 1533675, 888
3076, 2, 137, 517, 392, 0, 1.35%, 62, 0, 11, 572.85, 1536658, 888
3081, 2, 361, 519, 394, 0, 1.35%, 62, 0, 11, 556.49, 1539440, 888
3086, 2, 137, 519, 394, 0, 1.35%, 62, 0, 11, 568.66, 1542389, 888
3092, 2, 361, 519, 394, 0, 1.35%, 62, 0, 11, 559.86, 1545273, 888
3097, 2, 281, 519, 394, 0, 1.35%, 62, 0, 11, 539.27, 1548001, 888
3102, 2, 133, 519, 394, 0, 1.35%, 62, 0, 11, 550.75, 1550794, 888
3107, 2, 137, 519, 394, 0, 1.35%, 62, 0, 11, 559.60, 1553666, 888
3112, 2, 48, 520, 395, 0, 1.35%, 62, 0, 11, 548.84, 1556442, 888
3117, 2, 48, 520, 395, 0, 1.35%, 62, 0, 11, 532.45, 1559133, 888
3122, 2, 461, 520, 395, 0, 1.35%, 62, 0, 11, 520.89, 1561728, 888
3127, 2, 461, 520, 395, 0, 1.35%, 62, 0, 11, 522.53, 1564320, 888
3132, 2, 461, 520, 395, 0, 1.35%, 62, 0, 11, 518.65, 1566986, 888
3137, 2, 461, 520, 395, 0, 1.35%, 62, 0, 11, 513.02, 1569602, 888
3142, 2, 361, 520, 395, 0, 1.35%, 62, 0, 11, 511.80, 1572116, 888
3147, 2, 160, 520, 395, 0, 1.35%, 62, 0, 11, 507.56, 1574668, 888
3152, 2, 461, 520, 395, 0, 1.35%, 62, 0, 11, 511.52, 1577256, 888
3157, 2, 461, 520, 395, 0, 1.35%, 62, 0, 11, 511.41, 1579829, 888
3163, 2, 461, 520, 395, 0, 1.35%, 62, 0, 11, 506.47, 1582485, 888
3168, 2, 461, 520, 395, 0, 1.35%, 62, 0, 11, 513.82, 1585171, 888
3173, 2, 465, 520, 395, 0, 1.35%, 62, 0, 11, 517.01, 1587749, 888
3178, 2, 461, 520, 395, 0, 1.35%, 62, 0, 11, 505.01, 1590273, 888
3183, 2, 461, 521, 396, 0, 1.35%, 62, 0, 11, 507.80, 1592851, 888
3188, 2, 461, 521, 396, 0, 1.35%, 62, 0, 11, 509.06, 1595396, 888
3193, 2, 461, 521, 396, 0, 1.35%, 62, 0, 11, 526.61, 1598012, 888
3198, 2, 461, 521, 396, 0, 1.35%, 62, 0, 11, 528.17, 1600698, 888
3203, 2, 137, 521, 396, 0, 1.35%, 62, 0, 11, 544.40, 1603436, 888
3208, 2, 137, 521, 396, 0, 1.35%, 62, 0, 11, 513.24, 1605996, 888
3213, 2, 207, 521, 396, 0, 1.35%, 62, 0, 11, 531.59, 1608700, 888
3218, 2, 361, 521, 395, 0, 1.35%, 62, 0, 11, 522.92, 1611299, 888
3223, 2, 137, 521, 395, 0, 1.35%, 62, 0, 11, 527.70, 1614026, 888
3228, 2, 137, 521, 395, 0, 1.35%, 62, 0, 11, 505.47, 1616605, 888
3233, 2, 521, 523, 397, 1, 1.36%, 62, 0, 11, 502.93, 1619110, 891
3239, 2, 361, 523, 396, 0, 1.36%, 62, 0, 11, 523.14, 1621876, 891
3244, 2, 438, 523, 396, 0, 1.36%, 62, 0, 11, 520.60, 1624451, 891
3249, 2, 85, 523, 396, 0, 1.36%, 62, 0, 11, 536.53, 1627185, 891
3254, 2, 85, 523, 396, 0, 1.36%, 62, 0, 11, 549.85, 1629980, 891
3259, 2, 137, 523, 396, 0, 1.36%, 62, 0, 11, 553.74, 1632877, 891
3264, 2, 137, 523, 396, 0, 1.36%, 62, 0, 11, 551.53, 1635616, 891
3269, 2, 396, 523, 396, 0, 1.36%, 62, 0, 11, 538.85, 1638321, 891
3274, 2, 461, 523, 396, 0, 1.36%, 62, 0, 11, 526.40, 1640983, 891
3279, 2, 461, 523, 396, 0, 1.36%, 62, 0, 11, 534.73, 1643757, 891
3284, 2, 461, 523, 396, 0, 1.36%, 62, 0, 11, 537.78, 1646443, 891
3289, 2, 461, 523, 396, 0, 1.36%, 62, 0, 11, 539.66, 1649199, 891
3294, 2, 85, 523, 396, 0, 1.36%, 62, 0, 11, 533.09, 1651833, 891
3299, 2, 137, 524, 397, 0, 1.36%, 62, 0, 11, 546.20, 1654666, 891
3304, 2, 85, 524, 397, 0, 1.36%, 62, 0, 11, 549.08, 1657422, 891
3310, 2, 100, 524, 397, 0, 1.36%, 62, 0, 11, 545.65, 1660133, 891
3315, 2, 438, 524, 397, 0, 1.36%, 62, 0, 11, 536.22, 1662833, 891
3320, 2, 85, 524, 397, 0, 1.36%, 62, 0, 11, 553.42, 1665643, 891
3325, 2, 137, 524, 397, 0, 1.36%, 62, 0, 11, 551.10, 1668491, 891
3330, 2, 100, 525, 398, 0, 1.36%, 62, 0, 11, 558.63, 1671340, 891
3335, 2, 85, 526, 399, 0, 1.36%, 62, 0, 11, 524.73, 1673915, 891
3340, 2, 85, 526, 399, 0, 1.36%, 62, 0, 11, 520.79, 1676500, 891
3345, 2, 521, 526, 399, 0, 1.36%, 62, 0, 11, 507.94, 1679095, 891
3350, 2, 137, 527, 400, 0, 1.36%, 62, 0, 11, 510.64, 1681660, 891
3355, 2, 438, 527, 399, 0, 1.36%, 62, 0, 11, 496.07, 1684270, 891
3361, 2, 197, 527, 399, 0, 1.36%, 62, 0, 11, 495.11, 1686831, 891
3366, 2, 137, 527, 399, 0, 1.36%, 62, 0, 11, 519.17, 1689475, 891
3371, 2, 134, 527, 399, 0, 1.36%, 62, 0, 11, 516.20, 1692069, 891
3376, 2, 438, 528, 400, 0, 1.36%, 62, 0, 11, 517.38, 1694652, 891
3381, 2, 239, 528, 400, 0, 1.36%, 62, 0, 11, 502.44, 1697174, 891
3386, 2, 426, 530, 402, 0, 1.36%, 62, 0, 11, 492.97, 1699643, 891
3391, 2, 426, 531, 403, 0, 1.36%, 62, 0, 11, 505.44, 1702181, 891
3396, 2, 426, 531, 403, 0, 1.36%, 62, 0, 11, 515.70, 1704783, 891
3401, 2, 201, 532, 404, 0, 1.36%, 62, 0, 11, 519.78, 1707405, 891
3406, 2, 201, 532, 404, 0, 1.36%, 62, 0, 11, 510.99, 1710043, 891
3411, 2, 202, 533, 405, 0, 1.36%, 62, 0, 11, 506.51, 1712575, 891
3416, 2, 48, 533, 405, 0, 1.36%, 62, 0, 11, 511.10, 1715201, 891
3421, 2, 137, 533, 405, 0, 1.36%, 62, 0, 11, 513.37, 1717911, 891
3426, 2, 461, 533, 405, 0, 1.36%, 62, 0, 11, 491.94, 1720367, 891
3431, 2, 461, 533, 405, 0, 1.36%, 62, 0, 11, 532.86, 1723116, 891
3436, 2, 461, 533, 405, 0, 1.36%, 62, 0, 11, 529.38, 1725792, 891
3441, 2, 461, 533, 405, 0, 1.36%, 62, 0, 11, 534.89, 1728468, 891
3446, 2, 202, 533, 405, 0, 1.36%, 62, 0, 11, 549.10, 1731232, 891
3451, 2, 191, 533, 405, 0, 1.36%, 62, 0, 11, 562.10, 1734051, 891
3456, 2, 461, 533, 405, 0, 1.36%, 62, 0, 11, 528.28, 1736684, 891
3461, 2, 461, 534, 406, 0, 1.36%, 62, 0, 11, 531.42, 1739352, 891
3466, 2, 461, 534, 406, 0, 1.36%, 62, 0, 11, 540.28, 1742092, 891
3472, 2, 461, 534, 406, 0, 1.36%, 62, 0, 11, 551.53, 1744952, 891
3477, 2, 461, 534, 406, 0, 1.36%, 62, 0, 11, 568.91, 1747900, 891
3482, 2, 137, 534, 406, 0, 1.36%, 62, 0, 11, 559.03, 1750690, 891
3487, 2, 148, 534, 406, 0, 1.36%, 62, 0, 11, 547.90, 1753443, 891
3492, 2, 137, 534, 406, 0, 1.36%, 62, 0, 11, 521.97, 1756120, 891
3497, 2, 100, 534, 406, 0, 1.36%, 62, 0, 11, 539.37, 1758870, 891
3502, 2, 137, 534, 406, 0, 1.36%, 62, 0, 11, 548.82, 1761734, 891
3508, 2, 100, 535, 407, 0, 1.36%, 62, 0, 11, 533.93, 1764507, 891
3513, 2, 137, 535, 407, 0, 1.36%, 62, 0, 11, 544.36, 1767256, 891
3518, 2, 457, 535, 407, 0, 1.36%, 62, 0, 11, 542.52, 1770083, 891
3523, 2, 202, 536, 407, 0, 1.36%, 62, 0, 11, 561.78, 1772969, 891
3528, 2, 407, 536, 407, 0, 1.36%, 62, 0, 11, 564.15, 1775895, 891
3533, 2, 361, 536, 406, 0, 1.36%, 62, 0, 11, 560.37, 1778706, 891
3538, 2, 361, 536, 406, 0, 1.36%, 62, 0, 11, 544.56, 1781408, 891
3543, 2, 100, 536, 406, 0, 1.36%, 62, 0, 11, 554.67, 1784281, 891
3548, 2, 295, 536, 406, 0, 1.36%, 62, 0, 11, 555.43, 1787102, 891
3553, 2, 262, 536, 406, 0, 1.36%, 62, 0, 11, 531.64, 1789899, 891
3559, 2, 428, 536, 406, 0, 1.36%, 62, 0, 11, 506.44, 1792398, 891
3564, 2, 428, 536, 406, 0, 1.36%, 62, 0, 11, 528.49, 1795168, 891
3569, 2, 148, 536, 406, 0, 1.36%, 62, 0, 11, 544.99, 1797955, 891
3574, 2, 148, 536, 406, 0, 1.36%, 62, 0, 11, 540.28, 1800628, 891
3579, 2, 137, 536, 406, 0, 1.36%, 62, 0, 11, 545.57, 1803502, 891
3584, 2, 137, 536, 405, 0, 1.36%, 62, 0, 11, 546.37, 1806205, 891
3589, 2, 8, 536, 405, 0, 1.36%, 62, 0, 11, 514.02, 1808773, 891
3594, 2, 137, 536, 405, 0, 1.36%, 62, 0, 11, 530.14, 1811432, 891
3599, 2, 147, 536, 405, 0, 1.36%, 62, 0, 11, 506.13, 1813951, 891
3604, 2, 197, 536, 405, 0, 1.36%, 62, 0, 11, 531.73, 1816638, 891
3609, 2, 201, 536, 405, 0, 1.36%, 62, 0, 11, 520.89, 1819389, 891
3614, 3, 279, 536, 405, 0, 1.36%, 62, 0, 11, 499.91, 1821953, 891
3620, 3, 279, 536, 405, 0, 1.36%, 62, 0, 11, 479.57, 1824477, 891
3625, 3, 393, 536, 405, 0, 1.36%, 62, 0, 11, 489.80, 1827019, 891
3630, 3, 393, 536, 405, 0, 1.36%, 62, 0, 11, 481.98, 1829437, 891
3635, 3, 393, 536, 405, 0, 1.36%, 62, 0, 11, 512.17, 1832011, 891
3640, 3, 457, 536, 405, 0, 1.36%, 62, 0, 11, 512.51, 1834698, 891
3645, 3, 536, 537, 406, 1, 1.37%, 62, 0, 11, 472.56, 1837113, 897
3650, 3, 536, 539, 408, 1, 1.37%, 63, 0, 11, 459.04, 1839395, 897
3655, 3, 536, 539, 408, 1, 1.37%, 63, 0, 11, 488.29, 1841814, 897
3660, 3, 438, 539, 407, 0, 1.37%, 63, 0, 11, 531.44, 1844621, 897
3665, 3, 152, 539, 407, 0, 1.37%, 63, 0, 11, 531.93, 1847258, 897
3670, 3, 84, 539, 406, 0, 1.37%, 63, 0, 11, 524.75, 1849898, 897
3676, 3, 438, 539, 406, 0, 1.37%, 63, 0, 11, 533.47, 1852630, 897
3681, 3, 361, 539, 406, 0, 1.37%, 63, 0, 11, 529.80, 1855304, 897
3686, 3, 104, 539, 406, 0, 1.37%, 63, 0, 11, 498.33, 1857856, 897
3691, 3, 281, 539, 406, 0, 1.37%, 63, 0, 11, 512.08, 1860509, 897
3696, 3, 137, 539, 406, 0, 1.37%, 63, 0, 11, 532.04, 1863264, 897
3701, 3, 137, 539, 405, 0, 1.37%, 63, 0, 11, 531.27, 1866031, 897
3707, 3, 393, 539, 405, 0, 1.37%, 63, 0, 11, 521.33, 1868717, 897
3712, 3, 393, 539, 405, 0, 1.37%, 63, 0, 11, 516.62, 1871303, 897
3717, 3, 279, 539, 405, 0, 1.37%, 63, 0, 11, 525.11, 1873932, 897
3722, 3, 197, 539, 405, 0, 1.37%, 63, 0, 11, 539.76, 1876632, 897
3727, 3, 465, 539, 405, 0, 1.37%, 63, 0, 11, 521.79, 1879190, 897
3732, 3, 182, 539, 405, 0, 1.37%, 63, 0, 11, 525.67, 1881840, 897
3737, 3, 182, 539, 405, 0, 1.37%, 63, 0, 11, 516.15, 1884445, 897
3742, 3, 361, 539, 405, 0, 1.37%, 63, 0, 11, 528.73, 1887081, 897
3747, 3, 196, 539, 405, 0, 1.37%, 63, 0, 11, 530.90, 1889739, 897
3752, 3, 137, 540, 405, 0, 1.37%, 63, 0, 11, 520.64, 1892480, 897
3757, 3, 75, 540, 405, 0, 1.37%, 63, 0, 11, 513.81, 1895056, 897
3762, 3, 285, 540, 405, 0, 1.37%, 63, 0, 11, 524.76, 1897801, 897
3767, 3, 137, 540, 405, 0, 1.37%, 63, 0, 11, 524.28, 1900425, 897
3772, 3, 361, 540, 405, 0, 1.37%, 63, 0, 11, 518.60, 1903015, 897
3777, 3, 460, 540, 404, 0, 1.37%, 63, 0, 11, 514.51, 1905600, 897
3783, 3, 148, 540, 404, 0, 1.37%, 63, 0, 11, 513.14, 1908266, 897
3788, 3, 137, 540, 404, 0, 1.37%, 63, 0, 11, 525.54, 1910919, 897
3793, 3, 150, 540, 404, 0, 1.37%, 63, 0, 11, 523.98, 1913625, 897
3798, 3, 85, 540, 404, 0, 1.37%, 63, 0, 11, 535.41, 1916331, 897
3803, 3, 85, 540, 404, 0, 1.37%, 64, 0, 11, 520.94, 1918906, 897
3808, 3, 281, 540, 404, 0, 1.37%, 64, 0, 11, 531.35, 1921599, 897
3813, 3, 197, 540, 403, 0, 1.37%, 64, 0, 11, 512.32, 1924153, 897
3818, 3, 361, 540, 403, 0, 1.37%, 64, 0, 11, 504.83, 1926796, 897
3823, 3, 447, 540, 403, 0, 1.37%, 64, 0, 11, 514.62, 1929496, 897
3828, 3, 536, 540, 403, 0, 1.37%, 64, 0, 11, 482.71, 1931946, 897
3833, 3, 536, 540, 403, 0, 1.37%, 64, 0, 11, 527.22, 1934712, 897
3839, 3, 137, 540, 403, 0, 1.37%, 64, 0, 11, 533.66, 1937489, 897
3844, 3, 179, 540, 402, 0, 1.37%, 64, 0, 11, 543.44, 1940312, 897
3849, 3, 179, 540, 402, 0, 1.37%, 64, 0, 11, 558.07, 1943116, 897
3854, 3, 137, 540, 402, 0, 1.37%, 64, 0, 11, 547.27, 1945883, 897
3859, 3, 134, 540, 402, 0, 1.37%, 64, 0, 11, 554.86, 1948664, 897
3864, 3, 85, 540, 402, 0, 1.37%, 64, 0, 11, 555.94, 1951456, 897
3869, 3, 85, 540, 402, 0, 1.37%, 64, 0, 11, 572.46, 1954433, 897
3874, 3, 75, 540, 402, 0, 1.37%, 64, 0, 11, 574.95, 1957347, 897
3879, 3, 445, 540, 402, 0, 1.37%, 64, 0, 11, 554.91, 1960192, 897
3885, 3, 137, 540, 402, 0, 1.37%, 64, 0, 11, 544.72, 1962981, 897
3890, 3, 465, 540, 402, 0, 1.37%, 64, 0, 11, 529.67, 1965640, 897
3895, 3, 137, 540, 401, 0, 1.37%, 64, 0, 11, 564.56, 1968600, 897
3900, 3, 197, 540, 401, 0, 1.37%, 64, 0, 11, 555.78, 1971425, 897
3905, 3, 438, 540, 401, 0, 1.37%, 64, 0, 11, 540.79, 1974163, 897
3910, 3, 239, 540, 401, 0, 1.37%, 64, 0, 11, 541.89, 1976835, 897
3915, 3, 440, 540, 401, 0, 1.37%, 64, 0, 11, 524.58, 1979471, 897
3920, 3, 137, 540, 400, 0, 1.37%, 64, 0, 11, 526.99, 1982212, 897
3925, 3, 179, 540, 400, 0, 1.37%, 64, 0, 11, 540.16, 1984934, 897
3930, 3, 179, 540, 400, 0, 1.37%, 64, 0, 11, 515.23, 1987571, 897
3935, 3, 137, 540, 400, 0, 1.37%, 64, 0, 11, 531.20, 1990309, 897
3941, 3, 361, 540, 400, 0, 1.37%, 64, 0, 11, 535.01, 1993085, 897
3946, 3, 425, 541, 401, 1, 1.37%, 64, 0, 11, 519.43, 1995680, 898
3951, 3, 540, 541, 400, 1, 1.37%, 64, 0, 11, 495.39, 1998190, 898
3956, 3, 447, 542, 400, 0, 1.37%, 64, 0, 11, 505.64, 2000819, 899
3961, 3, 541, 542, 400, 1, 1.37%, 64, 0, 11, 528.57, 2003493, 899
3966, 3, 465, 542, 399, 0, 1.37%, 64, 0, 11, 522.32, 2006145, 899
3971, 3, 137, 542, 399, 0, 1.37%, 64, 0, 11, 517.54, 2008841, 899
3976, 3, 97, 542, 399, 0, 1.37%, 64, 0, 11, 520.94, 2011469, 899
3981, 3, 393, 544, 401, 0, 1.37%, 64, 0, 11, 498.28, 2013967, 899
3986, 3, 393, 544, 401, 0, 1.37%, 64, 0, 11, 518.07, 2016547, 899
3991, 3, 393, 544, 401, 0, 1.37%, 64, 0, 11, 523.24, 2019203, 899
3996, 3, 361, 544, 401, 0, 1.37%, 64, 0, 11, 515.02, 2021806, 899
4001, 3, 461, 544, 401, 0, 1.37%, 64, 0, 11, 507.70, 2024315, 899
4006, 3, 461, 544, 401, 0, 1.37%, 64, 0, 11, 531.86, 2026960, 899
4012, 3, 461, 544, 401, 0, 1.37%, 64, 0, 11, 526.24, 2029656, 899
4017, 3, 461, 544, 401, 0, 1.37%, 64, 0, 11, 500.93, 2032111, 899
4022, 3, 137, 544, 401, 0, 1.37%, 64, 0, 11, 534.03, 2034879, 899
4027, 3, 541, 544, 401, 0, 1.37%, 64, 0, 11, 531.43, 2037586, 899
4032, 3, 541, 544, 401, 0, 1.37%, 64, 0, 11, 528.31, 2040248, 899
4037, 3, 541, 544, 401, 0, 1.37%, 64, 0, 11, 506.19, 2042754, 899
4042, 3, 541, 544, 401, 0, 1.37%, 64, 0, 11, 473.88, 2045162, 899
4047, 3, 137, 544, 401, 0, 1.37%, 64, 0, 11, 508.86, 2047789, 899
4052, 3, 541, 544, 401, 0, 1.37%, 64, 0, 11, 492.27, 2050370, 899
4057, 3, 541, 544, 401, 0, 1.37%, 64, 0, 11, 496.31, 2052858, 899
4062, 3, 541, 544, 401, 0, 1.37%, 64, 0, 11, 511.95, 2055419, 899
4068, 3, 137, 544, 401, 0, 1.37%, 64, 0, 11, 519.02, 2058136, 899
4073, 3, 86, 544, 401, 0, 1.37%, 64, 0, 11, 508.15, 2060698, 899
4078, 3, 137, 544, 401, 0, 1.37%, 64, 0, 11, 508.92, 2063350, 899
4083, 3, 100, 544, 401, 0, 1.37%, 64, 0, 11, 486.63, 2065733, 899
4088, 3, 461, 544, 401, 0, 1.37%, 64, 0, 11, 486.42, 2068226, 899
4093, 3, 461, 544, 401, 0, 1.37%, 64, 0, 11, 498.48, 2070723, 899
4098, 3, 461, 544, 401, 0, 1.37%, 64, 0, 11, 519.58, 2073434, 899
4103, 3, 197, 544, 401, 0, 1.37%, 64, 0, 11, 537.46, 2076125, 899
4108, 3, 471, 544, 401, 0, 1.37%, 64, 0, 11, 460.37, 2078362, 899
4113, 3, 85, 544, 400, 0, 1.37%, 64, 0, 11, 500.64, 2081003, 899
4118, 3, 28, 544, 400, 0, 1.37%, 64, 0, 11, 517.27, 2083597, 899
4123, 3, 137, 544, 399, 0, 1.37%, 64, 0, 11, 510.72, 2086115, 899
4128, 3, 361, 544, 399, 0, 1.37%, 64, 0, 11, 515.95, 2088709, 899
4133, 3, 147, 544, 399, 0, 1.37%, 64, 0, 11, 502.06, 2091216, 899
4138, 3, 197, 544, 399, 0, 1.37%, 64, 0, 11, 501.44, 2093738, 899
4143, 3, 137, 544, 399, 0, 1.37%, 64, 0, 11, 503.90, 2096300, 899
4148, 3, 137, 544, 399, 0, 1.37%, 64, 0, 11, 485.46, 2098682, 899
4153, 3, 137, 544, 399, 0, 1.37%, 64, 0, 11, 494.16, 2101159, 899
4158, 3, 197, 544, 399, 0, 1.37%, 64, 0, 11, 519.33, 2103760, 899
4163, 3, 541, 545, 400, 0, 1.37%, 64, 0, 11, 504.25, 2106310, 899
4168, 3, 461, 546, 401, 0, 1.37%, 64, 0, 11, 501.29, 2108857, 899
4173, 3, 461, 546, 401, 0, 1.37%, 64, 0, 11, 504.37, 2111407, 899
4179, 3, 461, 546, 401, 0, 1.37%, 64, 0, 11, 506.80, 2114047, 899
4184, 3, 461, 546, 401, 0, 1.37%, 64, 0, 11, 526.36, 2116706, 899
4189, 3, 461, 546, 401, 0, 1.37%, 64, 0, 11, 523.48, 2119372, 899
4194, 3, 541, 546, 401, 0, 1.37%, 65, 0, 11, 512.41, 2121920, 899
4199, 3, 541, 546, 400, 0, 1.37%, 65, 0, 11, 506.42, 2124476, 899
4204, 3, 541, 546, 400, 0, 1.37%, 65, 0, 11, 512.33, 2127113, 899
4209, 3, 146, 546, 400, 0, 1.37%, 65, 0, 11, 513.73, 2129708, 899
4214, 3, 137, 546, 400, 0, 1.37%, 65, 0, 11, 505.42, 2132231, 899
4219, 3, 123, 546, 400, 0, 1.37%, 65, 0, 11, 507.94, 2134808, 899
4224, 3, 160, 546, 400, 0, 1.37%, 65, 0, 11, 517.48, 2137423, 899
4229, 3, 137, 546, 400, 0, 1.37%, 65, 0, 11, 524.46, 2140090, 899
4234, 3, 393, 546, 400, 0, 1.37%, 65, 0, 11, 502.39, 2142617, 899
4239, 3, 393, 546, 400, 0, 1.37%, 65, 0, 11, 532.62, 2145415, 899
4244, 3, 281, 546, 400, 0, 1.37%, 65, 0, 11, 541.22, 2148242, 899
4250, 3, 201, 546, 400, 0, 1.37%, 65, 0, 11, 551.03, 2151108, 899
4255, 3, 137, 546, 400, 0, 1.37%, 65, 0, 11, 549.44, 2153832, 899
4260, 3, 393, 547, 401, 0, 1.37%, 65, 0, 11, 517.60, 2156476, 899
4265, 3, 393, 547, 401, 0, 1.37%, 65, 0, 11, 537.74, 2159294, 899
4270, 3, 339, 547, 401, 0, 1.37%, 65, 0, 11, 474.93, 2161777, 899
4275, 3, 536, 547, 400, 0, 1.37%, 65, 0, 11, 416.19, 2163823, 899
4280, 3, 536, 547, 400, 0, 1.37%, 65, 0, 11, 409.44, 2165779, 899
4285, 3, 536, 547, 400, 0, 1.37%, 65, 0, 11, 464.19, 2168235, 899
4291, 3, 191, 547, 400, 0, 1.37%, 65, 0, 11, 506.28, 2170912, 899
4296, 3, 438, 547, 400, 0, 1.37%, 65, 0, 11, 489.06, 2173402, 899
4301, 3, 198, 547, 400, 0, 1.37%, 65, 0, 11, 475.65, 2175833, 899
4306, 3, 137, 547, 400, 0, 1.37%, 65, 0, 11, 486.67, 2178319, 899
4311, 3, 540, 547, 400, 0, 1.37%, 65, 0, 11, 507.06, 2180963, 899
4316, 3, 461, 547, 400, 0, 1.37%, 65, 0, 11, 505.08, 2183530, 899
4321, 3, 461, 547, 400, 0, 1.37%, 65, 0, 11, 479.74, 2185926, 899
4326, 3, 461, 547, 400, 0, 1.37%, 65, 0, 11, 514.04, 2188526, 899
4331, 3, 461, 547, 400, 0, 1.37%, 65, 0, 11, 542.24, 2191283, 899
4336, 3, 541, 547, 400, 0, 1.37%, 65, 0, 11, 551.13, 2194084, 899
4341, 3, 25, 547, 400, 0, 1.37%, 65, 0, 11, 548.45, 2196829, 899
4346, 3, 25, 547, 400, 0, 1.37%, 65, 0, 11, 532.29, 2199490, 899
4352, 3, 123, 547, 400, 0, 1.37%, 65, 0, 11, 543.15, 2202352, 899
4357, 3, 137, 547, 400, 0, 1.37%, 65, 0, 11, 550.53, 2205174, 899
4362, 3, 361, 547, 400, 0, 1.37%, 65, 0, 11, 543.75, 2207917, 899
4367, 3, 134, 547, 400, 0, 1.37%, 65, 0, 11, 539.79, 2210704, 899
4372, 3, 541, 547, 400, 0, 1.37%, 65, 0, 11, 533.90, 2213362, 899
4377, 3, 197, 547, 399, 0, 1.37%, 65, 0, 11, 530.40, 2216015, 899
4382, 3, 137, 547, 399, 0, 1.37%, 65, 0, 11, 521.85, 2218672, 899
4387, 3, 148, 547, 399, 0, 1.37%, 65, 0, 11, 542.25, 2221398, 899
4392, 3, 361, 547, 399, 0, 1.37%, 65, 0, 11, 519.79, 2224071, 899
4398, 3, 137, 548, 400, 0, 1.37%, 65, 0, 11, 536.82, 2226869, 899
4403, 3, 541, 548, 400, 0, 1.37%, 65, 0, 11, 533.20, 2229623, 899
4408, 3, 361, 548, 400, 0, 1.37%, 65, 0, 11, 516.20, 2232214, 899
4413, 3, 137, 548, 400, 0, 1.37%, 65, 0, 11, 504.83, 2234734, 899
4418, 3, 137, 548, 400, 0, 1.37%, 65, 0, 11, 514.31, 2237301, 899
4423, 3, 521, 548, 400, 0, 1.37%, 65, 0, 11, 523.60, 2239936, 899
4428, 3, 521, 548, 400, 0, 1.37%, 65, 0, 11, 532.79, 2242599, 899
4433, 3, 197, 548, 400, 0, 1.37%, 65, 0, 11, 532.04, 2245283, 899
4438, 3, 48, 548, 400, 0, 1.37%, 65, 0, 11, 535.44, 2248058, 899
4443, 3, 137, 548, 400, 0, 1.37%, 65, 0, 11, 511.92, 2250746, 899
4448, 3, 85, 548, 400, 0, 1.37%, 65, 0, 11, 494.23, 2253210, 899
4453, 3, 85, 548, 400, 0, 1.37%, 65, 0, 11, 492.04, 2255665, 899
4459, 3, 438, 548, 400, 0, 1.37%, 65, 0, 11, 488.90, 2258221, 899
4464, 3, 137, 548, 400, 0, 1.37%, 65, 0, 11, 501.98, 2260745, 899
4469, 3, 445, 548, 400, 0, 1.37%, 65, 0, 11, 496.36, 2263310, 899
4474, 3, 85, 548, 400, 0, 1.37%, 65, 0, 11, 495.22, 2265881, 899
4479, 3, 262, 548, 400, 0, 1.37%, 65, 0, 11, 496.65, 2268445, 899
4484, 3, 197, 548, 400, 0, 1.37%, 65, 0, 11, 534.09, 2271191, 899
4489, 3, 541, 548, 399, 0, 1.37%, 65, 0, 11, 530.25, 2273826, 899
4494, 3, 146, 548, 399, 0, 1.37%, 65, 0, 11, 534.14, 2276529, 899
4499, 3, 361, 548, 399, 0, 1.37%, 65, 0, 11, 544.26, 2279253, 899
4504, 3, 123, 548, 399, 0, 1.37%, 65, 0, 11, 525.15, 2281894, 899
4509, 3, 137, 548, 399, 0, 1.37%, 65, 0, 11, 548.77, 2284667, 899
4515, 3, 179, 548, 399, 0, 1.37%, 65, 0, 11, 537.98, 2287439, 899
4520, 3, 137, 548, 399, 0, 1.37%, 65, 0, 11, 530.86, 2290217, 899
4525, 3, 361, 548, 399, 0, 1.37%, 65, 0, 11, 530.69, 2292875, 899
4530, 3, 541, 548, 399, 0, 1.37%, 65, 0, 11, 529.83, 2295543, 899
4535, 3, 239, 548, 399, 0, 1.37%, 65, 0, 11, 526.60, 2298284, 899
4540, 3, 541, 548, 399, 0, 1.37%, 65, 0, 11, 520.42, 2300944, 899
4545, 3, 361, 549, 400, 0, 1.37%, 65, 0, 11, 511.01, 2303581, 899
4550, 3, 541, 549, 399, 0, 1.37%, 65, 0, 11, 509.68, 2306136, 899
4555, 3, 279, 549, 399, 0, 1.37%, 65, 0, 11, 511.87, 2308712, 899
4560, 3, 133, 549, 399, 0, 1.37%, 65, 0, 11, 522.56, 2311327, 899
4565, 3, 541, 549, 399, 0, 1.37%, 65, 0, 11, 532.58, 2313990, 899
4570, 3, 202, 549, 399, 0, 1.37%, 65, 0, 11, 523.47, 2316731, 899
4576, 3, 148, 549, 399, 0, 1.37%, 65, 0, 11, 512.73, 2319320, 899
4581, 3, 197, 549, 399, 0, 1.37%, 65, 0, 11, 509.99, 2321878, 899
4586, 3, 397, 549, 399, 0, 1.37%, 65, 0, 11, 519.47, 2324495, 899
4591, 3, 397, 549, 399, 0, 1.37%, 65, 0, 11, 512.67, 2327060, 899
4596, 3, 361, 549, 398, 0, 1.37%, 65, 0, 11, 515.27, 2329641, 899
4601, 3, 541, 549, 398, 0, 1.37%, 65, 0, 11, 521.70, 2332272, 899
4606, 3, 541, 549, 397, 0, 1.37%, 65, 0, 11, 508.00, 2334840, 899
4611, 3, 541, 550, 398, 0, 1.37%, 65, 0, 11, 485.14, 2337226, 899
4616, 3, 160, 550, 398, 0, 1.37%, 65, 0, 11, 506.49, 2339851, 899
4621, 3, 160, 550, 398, 0, 1.37%, 65, 0, 11, 509.30, 2342392, 899
4626, 3, 104, 550, 398, 0, 1.37%, 65, 0, 11, 501.81, 2344920, 899
4631, 3, 137, 550, 398, 0, 1.37%, 65, 0, 11, 496.58, 2347446, 899
4636, 3, 361, 550, 398, 0, 1.37%, 65, 0, 11, 503.94, 2350023, 899
4641, 3, 85, 551, 399, 0, 1.37%, 65, 0, 11, 502.55, 2352538, 899
4646, 3, 85, 551, 399, 0, 1.37%, 65, 0, 11, 509.92, 2355139, 899
4651, 3, 465, 551, 399, 0, 1.37%, 65, 0, 11, 499.32, 2357664, 899
4657, 3, 137, 551, 399, 0, 1.37%, 65, 0, 11, 509.35, 2360280, 899
4662, 3, 85, 551, 399, 0, 1.37%, 65, 0, 11, 517.10, 2362965, 899
4667, 3, 148, 551, 399, 0, 1.37%, 65, 0, 11, 517.29, 2365576, 899
4672, 3, 148, 551, 399, 0, 1.37%, 65, 0, 11, 506.18, 2368147, 899
4677, 3, 430, 551, 399, 0, 1.37%, 65, 0, 11, 505.12, 2370651, 899
4682, 3, 541, 551, 398, 0, 1.37%, 66, 0, 11, 520.19, 2373281, 899
4687, 3, 361, 551, 398, 0, 1.37%, 66, 0, 11, 527.53, 2375961, 899
4692, 3, 85, 551, 398, 0, 1.37%, 66, 0, 11, 543.01, 2378802, 899
4697, 3, 137, 551, 398, 0, 1.37%, 66, 0, 11, 549.10, 2381599, 899
4702, 3, 541, 551, 398, 0, 1.37%, 66, 0, 11, 527.78, 2384314, 899
4707, 3, 59, 551, 398, 0, 1.37%, 66, 0, 11, 535.05, 2387124, 899
4712, 3, 146, 551, 397, 0, 1.37%, 66, 0, 11, 533.87, 2389787, 899
4717, 3, 97, 551, 397, 0, 1.37%, 66, 0, 11, 543.25, 2392514, 899
4723, 3, 146, 551, 397, 0, 1.37%, 66, 0, 11, 539.43, 2395311, 899
4728, 3, 201, 551, 397, 0, 1.37%, 66, 0, 11, 543.10, 2398050, 899
4733, 3, 341, 551, 397, 0, 1.37%, 66, 0, 11, 522.25, 2400664, 899
4738, 3, 341, 551, 397, 0, 1.37%, 66, 0, 11, 486.88, 2403088, 899
4743, 3, 341, 551, 397, 0, 1.37%, 66, 0, 11, 508.98, 2405662, 899
4748, 3, 134, 551, 397, 0, 1.37%, 66, 0, 11, 524.17, 2408323, 899
4753, 3, 461, 551, 397, 0, 1.37%, 66, 0, 11, 494.29, 2410760, 899
4758, 3, 461, 551, 397, 0, 1.37%, 66, 0, 11, 495.41, 2413302, 899
4763, 3, 461, 551, 397, 0, 1.37%, 66, 0, 11, 514.22, 2416036, 899
4768, 3, 461, 551, 397, 0, 1.37%, 66, 0, 11, 501.72, 2418549, 899
4773, 3, 541, 551, 397, 0, 1.37%, 66, 0, 11, 499.46, 2421108, 899
4778, 3, 137, 552, 398, 0, 1.37%, 66, 0, 11, 485.77, 2423550, 899
4783, 3, 137, 552, 398, 0, 1.37%, 66, 0, 11, 495.68, 2426025, 899
4789, 3, 361, 552, 398, 0, 1.37%, 66, 0, 11, 508.11, 2428667, 899
4794, 3, 461, 552, 398, 0, 1.37%, 66, 0, 11, 501.45, 2431188, 899
4799, 3, 461, 552, 398, 0, 1.37%, 66, 0, 11, 475.99, 2433520, 899
4804, 3, 461, 552, 398, 0, 1.37%, 66, 0, 11, 482.07, 2436026, 899
4809, 3, 461, 552, 398, 0, 1.37%, 66, 0, 11, 477.72, 2438420, 899
4814, 3, 137, 552, 398, 0, 1.37%, 66, 0, 11, 486.58, 2440871, 899
4819, 3, 75, 552, 398, 0, 1.37%, 66, 0, 11, 423.43, 2442992, 899
4824, 3, 137, 552, 398, 0, 1.37%, 66, 0, 11, 410.85, 2444887, 899
4829, 3, 84, 552, 398, 0, 1.37%, 66, 0, 11, 445.07, 2447210, 899
4834, 3, 202, 552, 398, 0, 1.37%, 66, 0, 11, 448.12, 2449415, 899
4839, 3, 461, 552, 398, 0, 1.37%, 66, 0, 11, 436.63, 2451709, 899
4844, 3, 461, 552, 398, 0, 1.37%, 66, 0, 11, 447.66, 2453922, 899
4849, 3, 461, 552, 398, 0, 1.37%, 66, 0, 11, 481.41, 2456361, 899
4854, 3, 461, 552, 398, 0, 1.37%, 66, 0, 11, 452.96, 2458629, 899
4859, 3, 393, 552, 398, 0, 1.37%, 66, 0, 11, 419.64, 2460744, 899
4864, 3, 393, 552, 398, 0, 1.37%, 66, 0, 11, 378.59, 2462594, 899
4869, 3, 393, 552, 398, 0, 1.37%, 66, 0, 11, 413.59, 2464648, 899
4874, 3, 137, 552, 398, 0, 1.37%, 66, 0, 11, 445.40, 2466949, 899
4879, 3, 541, 552, 398, 0, 1.37%, 66, 0, 11, 473.26, 2469314, 899
4885, 3, 137, 552, 398, 0, 1.37%, 66, 0, 11, 466.21, 2471670, 899
