# relative_time, cycles_done, cur_item, corpus_count, pending_total, pending_favs, map_size, saved_crashes, saved_hangs, max_depth, execs_per_sec, total_execs, edges_found
60, 2, 10, 14, 6, 0, 0.82%, 0, 0, 5, 427.83, 25603, 536
65, 3, 7, 14, 6, 0, 0.82%, 0, 0, 5, 421.36, 27721, 536
70, 3, 12, 14, 6, 0, 0.82%, 0, 0, 5, 441.43, 30031, 536
75, 3, 12, 14, 6, 0, 0.82%, 0, 0, 5, 437.17, 32247, 536
80, 3, 10, 14, 6, 0, 0.82%, 0, 0, 5, 430.59, 34419, 536
85, 3, 10, 14, 6, 0, 0.82%, 0, 0, 5, 439.88, 36617, 536
90, 4, 10, 14, 6, 0, 0.82%, 0, 0, 5, 430.56, 38831, 536
96, 4, 10, 14, 6, 0, 0.82%, 0, 0, 5, 431.47, 41117, 536
101, 4, 10, 14, 6, 0, 0.82%, 0, 0, 5, 428.76, 43331, 536
106, 4, 14, 16, 8, 1, 0.83%, 0, 0, 5, 419.81, 45498, 545
111, 4, 14, 16, 8, 1, 0.83%, 0, 0, 5, 417.20, 47610, 545
116, 4, 14, 16, 8, 1, 0.83%, 0, 0, 5, 421.14, 49722, 545
121, 4, 14, 16, 8, 1, 0.83%, 0, 0, 5, 425.99, 51938, 545
126, 4, 15, 16, 7, 1, 0.83%, 0, 0, 5, 445.53, 54224, 545
132, 4, 15, 16, 7, 1, 0.83%, 0, 0, 5, 475.49, 56712, 545
137, 5, 10, 16, 6, 0, 0.83%, 0, 0, 5, 451.51, 58983, 545
142, 5, 15, 16, 6, 0, 0.83%, 0, 0, 5, 451.77, 61330, 545
147, 5, 15, 16, 6, 0, 0.83%, 0, 0, 5, 474.67, 63796, 545
152, 5, 2, 16, 6, 0, 0.83%, 0, 0, 5, 461.51, 66196, 545
157, 5, 10, 16, 6, 0, 0.83%, 0, 0, 5, 436.87, 68456, 545
162, 5, 10, 16, 5, 0, 0.83%, 0, 0, 5, 433.66, 70604, 545
167, 6, 10, 16, 5, 0, 0.83%, 0, 0, 5, 425.19, 72730, 545
172, 6, 14, 16, 5, 0, 0.83%, 0, 0, 5, 431.89, 74902, 545
177, 6, 10, 16, 5, 0, 0.83%, 0, 0, 5, 421.79, 77008, 545
182, 6, 10, 16, 5, 0, 0.83%, 0, 0, 5, 421.45, 79120, 545
187, 6, 14, 16, 5, 0, 0.83%, 0, 0, 5, 420.67, 81226, 545
192, 7, 10, 16, 5, 0, 0.83%, 0, 0, 5, 418.33, 83352, 545
197, 7, 14, 16, 5, 0, 0.83%, 0, 0, 5, 419.46, 85442, 545
202, 7, 10, 16, 5, 0, 0.83%, 0, 0, 5, 420.85, 87554, 545
207, 7, 10, 16, 5, 0, 0.83%, 0, 0, 5, 419.58, 89684, 545
213, 7, 10, 16, 5, 0, 0.83%, 0, 0, 5, 422.08, 91868, 545
218, 8, 6, 16, 5, 0, 0.83%, 0, 0, 5, 433.08, 94174, 545
223, 8, 8, 16, 5, 0, 0.83%, 0, 0, 5, 428.80, 96318, 545
228, 8, 10, 16, 5, 0, 0.83%, 0, 0, 5, 424.80, 98478, 545
233, 9, 10, 16, 5, 0, 0.83%, 0, 0, 5, 429.66, 100610, 545
238, 9, 10, 16, 5, 0, 0.83%, 0, 0, 5, 427.34, 102786, 545
243, 9, 10, 16, 5, 0, 0.83%, 0, 0, 5, 425.23, 104934, 545
248, 9, 14, 16, 5, 0, 0.83%, 0, 0, 5, 415.41, 107024, 545
253, 9, 15, 16, 5, 0, 0.83%, 0, 0, 5, 433.74, 109182, 545
258, 9, 15, 16, 5, 0, 0.83%, 0, 0, 5, 471.61, 111671, 545
263, 9, 10, 16, 5, 0, 0.83%, 0, 0, 5, 456.68, 114080, 545
269, 10, 7, 16, 5, 0, 0.83%, 0, 0, 5, 448.64, 116298, 545
274, 10, 10, 16, 5, 0, 0.83%, 0, 0, 5, 412.54, 118322, 545
279, 10, 6, 16, 4, 0, 0.83%, 0, 0, 5, 415.11, 120389, 545
284, 10, 10, 16, 4, 0, 0.83%, 0, 0, 5, 439.20, 122631, 545
289, 11, 10, 16, 4, 0, 0.83%, 0, 0, 5, 417.03, 124711, 545
294, 11, 14, 16, 4, 0, 0.83%, 0, 0, 5, 416.62, 126801, 545
299, 11, 14, 16, 4, 0, 0.83%, 0, 0, 5, 417.37, 128967, 545
304, 11, 10, 16, 4, 0, 0.83%, 0, 0, 5, 417.81, 131077, 545
309, 12, 10, 16, 4, 0, 0.83%, 0, 0, 5, 420.05, 133225, 545
314, 12, 10, 16, 4, 0, 0.83%, 0, 0, 5, 412.94, 135321, 545
319, 12, 10, 16, 4, 0, 0.83%, 0, 0, 5, 418.34, 137453, 545
324, 12, 7, 16, 4, 0, 0.83%, 0, 0, 5, 444.90, 139697, 545
329, 13, 7, 16, 4, 0, 0.83%, 0, 0, 5, 436.08, 141909, 545
334, 13, 2, 16, 4, 0, 0.83%, 0, 0, 5, 418.76, 144011, 545
339, 13, 2, 16, 4, 0, 0.83%, 0, 0, 5, 420.10, 146147, 545
344, 13, 14, 16, 4, 0, 0.83%, 0, 0, 5, 419.82, 148309, 545
349, 13, 10, 16, 4, 0, 0.83%, 0, 0, 5, 404.19, 150323, 545
354, 14, 2, 16, 4, 0, 0.83%, 0, 0, 5, 426.04, 152535, 545
360, 14, 10, 16, 4, 0, 0.83%, 0, 0, 5, 428.97, 154779, 545
365, 14, 10, 16, 4, 0, 0.83%, 0, 0, 5, 426.51, 157001, 545
370, 14, 10, 16, 4, 0, 0.83%, 0, 0, 5, 433.87, 159263, 545
375, 14, 2, 16, 4, 0, 0.83%, 0, 0, 5, 445.48, 161507, 545
380, 15, 10, 16, 4, 0, 0.83%, 0, 0, 5, 446.62, 163849, 545
385, 15, 10, 16, 4, 0, 0.83%, 0, 0, 5, 431.22, 166057, 545
390, 15, 10, 16, 4, 0, 0.83%, 0, 0, 5, 430.37, 168247, 545
396, 15, 8, 16, 4, 0, 0.83%, 0, 0, 5, 450.47, 170565, 545
401, 16, 10, 16, 4, 0, 0.83%, 0, 0, 5, 455.46, 172842, 545
406, 16, 15, 16, 4, 0, 0.83%, 0, 0, 5, 465.36, 175152, 545
411, 16, 10, 16, 4, 0, 0.83%, 0, 0, 5, 452.09, 177529, 545
416, 16, 10, 16, 4, 0, 0.83%, 0, 0, 5, 433.10, 179747, 545
421, 16, 10, 16, 4, 0, 0.83%, 0, 0, 5, 427.96, 181927, 545
426, 17, 10, 16, 4, 0, 0.83%, 0, 0, 5, 437.57, 184211, 545
431, 17, 10, 16, 4, 0, 0.83%, 0, 0, 5, 424.83, 186339, 545
436, 17, 14, 16, 4, 0, 0.83%, 0, 0, 5, 423.68, 188463, 545
442, 17, 10, 16, 4, 0, 0.83%, 0, 0, 5, 440.67, 190749, 545
447, 18, 10, 16, 4, 0, 0.83%, 0, 0, 5, 446.16, 193055, 545
452, 18, 6, 16, 4, 0, 0.83%, 0, 0, 5, 435.89, 195221, 545
457, 18, 10, 16, 4, 0, 0.83%, 0, 0, 5, 438.23, 197481, 545
462, 18, 14, 16, 4, 0, 0.83%, 0, 0, 5, 429.17, 199693, 545
467, 19, 10, 16, 4, 0, 0.83%, 0, 0, 5, 425.92, 201943, 545
473, 19, 14, 16, 4, 0, 0.83%, 0, 0, 5, 413.79, 204059, 545
478, 19, 14, 16, 4, 0, 0.83%, 0, 0, 5, 440.20, 206389, 545
483, 19, 8, 16, 4, 0, 0.83%, 0, 0, 5, 449.32, 208613, 545
488, 19, 2, 16, 4, 0, 0.83%, 0, 0, 5, 451.32, 210915, 545
493, 19, 14, 16, 4, 0, 0.83%, 0, 0, 5, 440.97, 213121, 545
498, 20, 12, 16, 4, 0, 0.83%, 0, 0, 5, 441.02, 215383, 545
503, 20, 10, 16, 4, 0, 0.83%, 0, 0, 5, 434.10, 217581, 545
508, 20, 8, 16, 4, 0, 0.83%, 0, 0, 5, 450.51, 219909, 545
513, 20, 6, 16, 4, 0, 0.83%, 0, 0, 5, 439.02, 222117, 545
518, 21, 10, 16, 4, 0, 0.83%, 0, 0, 5, 439.83, 224377, 545
523, 21, 14, 16, 4, 0, 0.83%, 0, 0, 5, 431.03, 226515, 545
529, 21, 14, 16, 4, 0, 0.83%, 0, 0, 5, 431.60, 228753, 545
534, 21, 15, 16, 4, 0, 0.83%, 0, 0, 5, 449.95, 231067, 545
539, 21, 15, 16, 4, 0, 0.83%, 0, 0, 5, 466.13, 233490, 545
544, 21, 2, 16, 4, 0, 0.83%, 0, 0, 5, 440.85, 235679, 545
549, 21, 2, 16, 4, 0, 0.83%, 0, 0, 5, 443.60, 237919, 545
554, 21, 14, 16, 4, 0, 0.83%, 0, 0, 5, 430.67, 240119, 545
559, 22, 12, 16, 4, 0, 0.83%, 0, 0, 5, 435.72, 242293, 545
564, 22, 10, 16, 4, 0, 0.83%, 0, 0, 5, 435.61, 244589, 545
570, 22, 14, 16, 4, 0, 0.83%, 0, 0, 5, 430.87, 246801, 545
575, 22, 10, 16, 4, 0, 0.83%, 0, 0, 5, 434.15, 249045, 545
580, 22, 10, 16, 4, 0, 0.83%, 0, 0, 5, 427.96, 251189, 545
585, 23, 10, 16, 3, 0, 0.83%, 0, 0, 5, 469.10, 253675, 545
590, 23, 10, 16, 3, 0, 0.83%, 0, 0, 5, 457.81, 255993, 545
595, 23, 10, 16, 3, 0, 0.83%, 0, 0, 5, 461.69, 258273, 545
600, 23, 10, 16, 3, 0, 0.83%, 0, 0, 5, 439.64, 260490, 545
605, 23, 2, 16, 3, 0, 0.83%, 0, 0, 5, 430.86, 262616, 545
610, 24, 10, 16, 3, 0, 0.83%, 0, 0, 5, 434.66, 264880, 545
615, 24, 10, 16, 3, 0, 0.83%, 0, 0, 5, 427.97, 267110, 545
620, 24, 10, 16, 3, 0, 0.83%, 0, 0, 5, 427.75, 269262, 545
626, 24, 10, 16, 3, 0, 0.83%, 0, 0, 5, 434.50, 271516, 545
631, 25, 10, 16, 3, 0, 0.83%, 0, 0, 5, 430.17, 273746, 545
636, 25, 14, 16, 3, 0, 0.83%, 0, 0, 5, 426.58, 275874, 545
641, 25, 14, 16, 3, 0, 0.83%, 0, 0, 5, 423.88, 277998, 545
646, 25, 14, 16, 3, 0, 0.83%, 0, 0, 5, 432.43, 280254, 545
651, 25, 8, 16, 3, 0, 0.83%, 0, 0, 5, 450.76, 282626, 545
656, 25, 10, 16, 3, 0, 0.83%, 0, 0, 5, 443.48, 284864, 545
661, 26, 2, 16, 3, 0, 0.83%, 0, 0, 5, 439.29, 287116, 545
666, 26, 10, 16, 3, 0, 0.83%, 0, 0, 5, 448.48, 289370, 545
672, 26, 10, 16, 3, 0, 0.83%, 0, 0, 5, 425.09, 291464, 545
677, 26, 10, 16, 3, 0, 0.83%, 0, 0, 5, 426.09, 293682, 545
682, 27, 10, 16, 3, 0, 0.83%, 0, 0, 5, 445.55, 296008, 545
687, 27, 10, 16, 3, 0, 0.83%, 0, 0, 5, 428.49, 298166, 545
692, 27, 10, 16, 3, 0, 0.83%, 0, 0, 5, 432.01, 300380, 545
697, 27, 10, 16, 3, 0, 0.83%, 0, 0, 5, 432.65, 302634, 545
702, 28, 10, 16, 3, 0, 0.83%, 0, 0, 5, 441.31, 304894, 545
707, 28, 10, 16, 3, 0, 0.83%, 0, 0, 5, 437.65, 307148, 545
713, 28, 10, 16, 3, 0, 0.83%, 0, 0, 5, 430.04, 309354, 545
718, 28, 10, 16, 3, 0, 0.83%, 0, 0, 5, 431.24, 311570, 545
723, 29, 12, 16, 3, 0, 0.83%, 0, 0, 5, 431.81, 313714, 545
728, 29, 12, 16, 3, 0, 0.83%, 0, 0, 5, 432.16, 315920, 545
733, 29, 10, 16, 3, 0, 0.83%, 0, 0, 5, 425.96, 318104, 545
738, 29, 8, 16, 3, 0, 0.83%, 0, 0, 5, 447.36, 320386, 545
743, 30, 14, 16, 3, 0, 0.83%, 0, 0, 5, 434.29, 322564, 545
748, 30, 10, 16, 3, 0, 0.83%, 0, 0, 5, 462.66, 324884, 545
753, 30, 15, 16, 3, 0, 0.83%, 0, 0, 5, 461.46, 327153, 545
758, 30, 6, 16, 3, 0, 0.83%, 0, 0, 5, 478.79, 329668, 545
763, 30, 10, 16, 3, 0, 0.83%, 0, 0, 5, 438.77, 331824, 545
768, 30, 14, 16, 3, 0, 0.83%, 0, 0, 5, 430.66, 334088, 545
774, 31, 6, 16, 3, 0, 0.83%, 0, 0, 5, 433.62, 336352, 545
779, 31, 10, 16, 3, 0, 0.83%, 0, 0, 5, 429.73, 338568, 545
784, 31, 12, 16, 3, 0, 0.83%, 0, 0, 5, 456.79, 340927, 545
789, 31, 10, 16, 3, 0, 0.83%, 0, 0, 5, 444.88, 343172, 545
794, 32, 10, 16, 3, 0, 0.83%, 0, 0, 5, 443.66, 345440, 545
799, 32, 15, 16, 3, 0, 0.83%, 0, 0, 5, 451.82, 347685, 545
804, 32, 15, 16, 3, 0, 0.83%, 0, 0, 5, 473.42, 350160, 545
809, 32, 14, 16, 3, 0, 0.83%, 0, 0, 5, 434.71, 352290, 545
814, 32, 12, 16, 3, 0, 0.83%, 0, 0, 5, 440.48, 354546, 545
820, 32, 15, 16, 3, 0, 0.83%, 0, 0, 5, 475.50, 357050, 545
825, 32, 14, 16, 3, 0, 0.83%, 0, 0, 5, 452.22, 359358, 545
830, 32, 15, 16, 3, 0, 0.83%, 0, 0, 5, 478.12, 361842, 545
835, 33, 10, 16, 3, 0, 0.83%, 0, 0, 5, 453.66, 364219, 545
840, 33, 10, 16, 3, 0, 0.83%, 0, 0, 5, 440.74, 366412, 545
845, 33, 10, 16, 3, 0, 0.83%, 0, 0, 5, 447.81, 368768, 545
850, 33, 15, 16, 3, 0, 0.83%, 0, 0, 5, 476.01, 371252, 545
855, 33, 14, 16, 3, 0, 0.83%, 0, 0, 5, 450.39, 373542, 545
860, 33, 10, 16, 3, 0, 0.83%, 0, 0, 5, 460.53, 375839, 545
866, 34, 15, 16, 3, 0, 0.83%, 0, 0, 5, 458.40, 378180, 545
871, 34, 14, 16, 3, 0, 0.83%, 0, 0, 5, 462.43, 380605, 545
876, 34, 14, 16, 3, 0, 0.83%, 0, 0, 5, 437.06, 382774, 545
881, 34, 5, 16, 3, 0, 0.83%, 0, 0, 5, 450.88, 385031, 545
886, 34, 10, 16, 2, 0, 0.83%, 0, 0, 5, 453.55, 387331, 545
891, 35, 12, 16, 2, 0, 0.83%, 0, 0, 5, 450.29, 389564, 545
896, 35, 10, 16, 2, 0, 0.83%, 0, 0, 5, 433.94, 391786, 545
901, 35, 10, 16, 2, 0, 0.83%, 0, 0, 5, 449.98, 394026, 545
906, 36, 14, 16, 2, 0, 0.83%, 0, 0, 5, 445.05, 396266, 545
911, 36, 8, 16, 2, 0, 0.83%, 0, 0, 5, 454.97, 398533, 545
916, 36, 10, 16, 2, 0, 0.83%, 0, 0, 5, 477.74, 400976, 545
922, 36, 10, 16, 2, 0, 0.83%, 0, 0, 5, 438.72, 403206, 545
927, 36, 12, 16, 2, 0, 0.83%, 0, 0, 5, 445.05, 405450, 545
932, 37, 14, 16, 2, 0, 0.83%, 0, 0, 5, 426.54, 407598, 545
937, 37, 10, 16, 2, 0, 0.83%, 0, 0, 5, 422.95, 409730, 545
942, 37, 14, 16, 2, 0, 0.83%, 0, 0, 5, 427.80, 411954, 545
947, 37, 15, 16, 2, 0, 0.83%, 0, 0, 5, 454.63, 414214, 545
952, 37, 14, 16, 2, 0, 0.83%, 0, 0, 5, 449.61, 416604, 545
957, 37, 10, 16, 2, 0, 0.83%, 0, 0, 5, 429.95, 418806, 545
962, 37, 15, 16, 2, 0, 0.83%, 0, 0, 5, 473.85, 421286, 545
967, 38, 10, 16, 2, 0, 0.83%, 0, 0, 5, 446.17, 423532, 545
973, 38, 15, 16, 2, 0, 0.83%, 0, 0, 5, 476.48, 426009, 545
978, 38, 10, 16, 2, 0, 0.83%, 0, 0, 5, 446.88, 428260, 545
983, 38, 7, 16, 2, 0, 0.83%, 0, 0, 5, 434.80, 430404, 545
988, 38, 10, 16, 2, 0, 0.83%, 0, 0, 5, 430.19, 432556, 545
993, 39, 10, 16, 2, 0, 0.83%, 0, 0, 5, 432.88, 434810, 545
998, 39, 10, 16, 2, 0, 0.83%, 0, 0, 5, 411.19, 436852, 545
1003, 39, 10, 16, 2, 0, 0.83%, 0, 0, 5, 440.75, 439162, 545
1008, 39, 10, 16, 2, 0, 0.83%, 0, 0, 5, 443.18, 441466, 545
1013, 40, 6, 16, 2, 0, 0.83%, 0, 0, 5, 444.09, 443752, 545
1018, 40, 10, 16, 2, 0, 0.83%, 0, 0, 5, 447.14, 446012, 545
1023, 40, 12, 16, 2, 0, 0.83%, 0, 0, 5, 456.00, 448305, 545
1028, 40, 10, 16, 2, 0, 0.83%, 0, 0, 5, 441.17, 450608, 545
1033, 41, 10, 16, 2, 0, 0.83%, 0, 0, 5, 433.31, 452760, 545
1039, 41, 10, 16, 2, 0, 0.83%, 0, 0, 5, 449.04, 455078, 545
1044, 41, 10, 16, 2, 0, 0.83%, 0, 0, 5, 440.64, 457366, 545
1049, 41, 10, 16, 2, 0, 0.83%, 0, 0, 5, 446.09, 459644, 545
1054, 42, 10, 16, 2, 0, 0.83%, 0, 0, 5, 442.80, 461950, 545
1059, 42, 6, 16, 2, 0, 0.83%, 0, 0, 5, 440.82, 464154, 545
1064, 42, 10, 16, 2, 0, 0.83%, 0, 0, 5, 427.03, 466352, 545
1069, 42, 2, 16, 2, 0, 0.83%, 0, 0, 5, 446.62, 468600, 545
1074, 43, 2, 16, 2, 0, 0.83%, 0, 0, 5, 444.71, 470902, 545
1079, 43, 10, 16, 2, 0, 0.83%, 0, 0, 5, 447.18, 473142, 545
1084, 43, 10, 16, 2, 0, 0.83%, 0, 0, 5, 441.08, 475352, 545
1089, 43, 10, 16, 2, 0, 0.83%, 0, 0, 5, 448.80, 477600, 545
1095, 43, 10, 16, 2, 0, 0.83%, 0, 0, 5, 440.30, 479780, 545
1100, 44, 10, 16, 2, 0, 0.83%, 0, 0, 5, 435.37, 482042, 545
1105, 44, 14, 16, 2, 0, 0.83%, 0, 0, 5, 439.36, 484338, 545
1110, 44, 12, 16, 2, 0, 0.83%, 0, 0, 5, 434.15, 486490, 545
1115, 44, 14, 16, 2, 0, 0.83%, 0, 0, 5, 435.88, 488702, 545
1120, 44, 10, 16, 2, 0, 0.83%, 0, 0, 5, 427.99, 490908, 545
1125, 44, 10, 16, 2, 0, 0.83%, 0, 0, 5, 426.93, 493116, 545
1130, 45, 12, 16, 2, 0, 0.83%, 0, 0, 5, 425.12, 495238, 545
1135, 45, 2, 16, 2, 0, 0.83%, 0, 0, 5, 437.66, 497450, 545
1141, 45, 10, 16, 2, 0, 0.83%, 0, 0, 5, 442.40, 499752, 545
1146, 45, 6, 16, 2, 0, 0.83%, 0, 0, 5, 449.23, 502080, 545
1151, 45, 10, 16, 2, 0, 0.83%, 0, 0, 5, 442.43, 504290, 545
1156, 46, 10, 16, 2, 0, 0.83%, 0, 0, 5, 427.92, 506484, 545
1161, 46, 10, 16, 2, 0, 0.83%, 0, 0, 5, 434.60, 508744, 545
1166, 46, 14, 16, 2, 0, 0.83%, 0, 0, 5, 431.56, 510968, 545
1171, 46, 6, 16, 2, 0, 0.83%, 0, 0, 5, 440.67, 513204, 545
1176, 47, 14, 16, 2, 0, 0.83%, 0, 0, 5, 433.74, 515466, 545
1182, 47, 10, 16, 2, 0, 0.83%, 0, 0, 5, 425.36, 517658, 545
1187, 47, 10, 16, 2, 0, 0.83%, 0, 0, 5, 432.71, 519934, 545
1192, 47, 15, 16, 2, 0, 0.83%, 0, 0, 5, 445.33, 522158, 545
1197, 47, 10, 16, 2, 0, 0.83%, 0, 0, 5, 457.73, 524565, 545
1202, 48, 10, 16, 2, 0, 0.83%, 0, 0, 5, 432.35, 526702, 545
1207, 48, 12, 16, 2, 0, 0.83%, 0, 0, 5, 441.32, 528986, 545
1212, 48, 10, 16, 2, 0, 0.83%, 0, 0, 5, 446.43, 531370, 545
1217, 48, 6, 16, 2, 0, 0.83%, 0, 0, 5, 429.70, 533538, 545
1223, 49, 12, 16, 2, 0, 0.83%, 0, 0, 5, 442.74, 535842, 545
1228, 49, 10, 16, 2, 0, 0.83%, 0, 0, 5, 446.71, 538110, 545
1233, 49, 10, 16, 2, 0, 0.83%, 0, 0, 5, 439.17, 540364, 545
1238, 49, 10, 16, 2, 0, 0.83%, 0, 0, 5, 451.97, 542690, 545
1243, 50, 10, 16, 2, 0, 0.83%, 0, 0, 5, 454.58, 544963, 545
1248, 50, 10, 16, 2, 0, 0.83%, 0, 0, 5, 448.65, 547198, 545
1253, 50, 10, 16, 2, 0, 0.83%, 0, 0, 5, 437.23, 549366, 545
1258, 50, 14, 16, 2, 0, 0.83%, 0, 0, 5, 425.08, 551574, 545
1264, 50, 10, 16, 2, 0, 0.83%, 0, 0, 5, 415.45, 553718, 545
1269, 51, 10, 16, 2, 0, 0.83%, 0, 0, 5, 425.93, 555942, 545
1274, 51, 10, 16, 2, 0, 0.83%, 0, 0, 5, 426.27, 558158, 545
1279, 51, 10, 16, 2, 0, 0.83%, 0, 0, 5, 433.56, 560426, 545
1284, 52, 10, 16, 2, 0, 0.83%, 0, 0, 5, 429.90, 562584, 545
1289, 52, 14, 16, 2, 0, 0.83%, 0, 0, 5, 428.59, 564732, 545
1294, 52, 8, 16, 2, 0, 0.83%, 0, 0, 5, 439.71, 566950, 545
1299, 52, 12, 16, 2, 0, 0.83%, 0, 0, 5, 444.37, 569192, 545
1304, 52, 10, 16, 2, 0, 0.83%, 0, 0, 5, 442.22, 571426, 545
1309, 53, 10, 16, 2, 0, 0.83%, 0, 0, 5, 437.55, 573642, 545
1314, 53, 14, 16, 2, 0, 0.83%, 0, 0, 5, 428.86, 575792, 545
1319, 53, 10, 16, 2, 0, 0.83%, 0, 0, 5, 430.87, 577946, 545
1324, 53, 10, 16, 2, 0, 0.83%, 0, 0, 5, 426.14, 580160, 545
1329, 53, 10, 16, 2, 0, 0.83%, 0, 0, 5, 430.57, 582304, 545
1334, 54, 10, 16, 2, 0, 0.83%, 0, 0, 5, 428.70, 584442, 545
1339, 54, 2, 16, 2, 0, 0.83%, 0, 0, 5, 431.67, 586592, 545
1344, 54, 2, 16, 2, 0, 0.83%, 0, 0, 5, 443.37, 588824, 545
1350, 54, 15, 16, 2, 0, 0.83%, 0, 0, 5, 468.57, 591267, 545
1355, 54, 10, 16, 2, 0, 0.83%, 0, 0, 5, 459.83, 593693, 545
1360, 54, 15, 16, 2, 0, 0.83%, 0, 0, 5, 457.16, 595925, 545
1365, 55, 10, 16, 2, 0, 0.83%, 0, 0, 5, 453.05, 598335, 545
1370, 55, 10, 16, 2, 0, 0.83%, 0, 0, 5, 436.43, 600486, 545
1375, 55, 10, 16, 2, 0, 0.83%, 0, 0, 5, 440.63, 602702, 545
1380, 55, 7, 16, 2, 0, 0.83%, 0, 0, 5, 436.73, 604970, 545
1385, 56, 15, 16, 2, 0, 0.83%, 0, 0, 5, 457.91, 607231, 545
1390, 56, 14, 16, 2, 0, 0.83%, 0, 0, 5, 447.13, 609536, 545
1395, 56, 10, 16, 2, 0, 0.83%, 0, 0, 5, 436.44, 611698, 545
1401, 56, 2, 16, 2, 0, 0.83%, 0, 0, 5, 446.18, 614048, 545
1406, 56, 10, 16, 2, 0, 0.83%, 0, 0, 5, 432.48, 616298, 545
1411, 56, 15, 16, 2, 0, 0.83%, 0, 0, 5, 449.02, 618532, 545
1416, 57, 10, 16, 2, 0, 0.83%, 0, 0, 5, 455.01, 620964, 545
1421, 57, 6, 16, 2, 0, 0.83%, 0, 0, 5, 459.76, 623211, 545
1426, 57, 10, 16, 2, 0, 0.83%, 0, 0, 5, 444.05, 625504, 545
1431, 57, 8, 16, 2, 0, 0.83%, 0, 0, 5, 443.62, 627694, 545
1436, 57, 15, 16, 2, 0, 0.83%, 0, 0, 5, 478.84, 630122, 545
1441, 58, 10, 16, 2, 0, 0.83%, 0, 0, 5, 464.13, 632487, 545
1446, 58, 10, 16, 2, 0, 0.83%, 0, 0, 5, 450.77, 634724, 545
1452, 58, 10, 16, 2, 0, 0.83%, 0, 0, 5, 429.22, 636924, 545
1457, 58, 10, 16, 2, 0, 0.83%, 0, 0, 5, 430.74, 639122, 545
1462, 58, 10, 16, 2, 0, 0.83%, 0, 0, 5, 437.14, 641312, 545
1467, 58, 15, 16, 2, 0, 0.83%, 0, 0, 5, 475.43, 643819, 545
1472, 59, 10, 16, 2, 0, 0.83%, 0, 0, 5, 442.60, 646004, 545
1477, 59, 6, 16, 2, 0, 0.83%, 0, 0, 5, 439.61, 648266, 545
1482, 59, 10, 16, 2, 0, 0.83%, 0, 0, 5, 429.09, 650482, 545
1487, 59, 12, 16, 2, 0, 0.83%, 0, 0, 5, 441.59, 652700, 545
1492, 60, 6, 16, 2, 0, 0.83%, 0, 0, 5, 453.47, 654969, 545
1497, 60, 2, 16, 2, 0, 0.83%, 0, 0, 5, 450.26, 657233, 545
1502, 60, 6, 16, 2, 0, 0.83%, 0, 0, 5, 433.66, 659458, 545
1508, 60, 10, 16, 2, 0, 0.83%, 0, 0, 5, 431.17, 661710, 545
1513, 61, 10, 16, 2, 0, 0.83%, 0, 0, 5, 440.93, 663970, 545
1518, 61, 6, 16, 2, 0, 0.83%, 0, 0, 5, 427.22, 666106, 545
1523, 61, 6, 16, 2, 0, 0.83%, 0, 0, 5, 425.70, 668340, 545
1528, 61, 14, 16, 2, 0, 0.83%, 0, 0, 5, 422.50, 670490, 545
1533, 62, 10, 16, 2, 0, 0.83%, 0, 0, 5, 432.88, 672740, 545
1538, 62, 14, 16, 2, 0, 0.83%, 0, 0, 5, 431.23, 674900, 545
1543, 62, 15, 16, 2, 0, 0.83%, 0, 0, 5, 465.97, 677308, 545
1548, 62, 10, 16, 2, 0, 0.83%, 0, 0, 5, 446.19, 679568, 545
1553, 63, 12, 16, 2, 0, 0.83%, 0, 0, 5, 450.40, 681836, 545
1558, 63, 10, 16, 2, 0, 0.83%, 0, 0, 5, 438.11, 684026, 545
1563, 63, 10, 16, 2, 0, 0.83%, 0, 0, 5, 429.56, 686162, 545
1569, 63, 6, 16, 2, 0, 0.83%, 0, 0, 5, 429.87, 688386, 545
1574, 63, 10, 16, 2, 0, 0.83%, 0, 0, 5, 422.31, 690522, 545
1579, 64, 10, 16, 2, 0, 0.83%, 0, 0, 5, 433.74, 692804, 545
1584, 64, 10, 16, 2, 0, 0.83%, 0, 0, 5, 422.59, 694972, 545
1589, 64, 12, 16, 2, 0, 0.83%, 0, 0, 5, 426.77, 697132, 545
1594, 64, 14, 16, 2, 0, 0.83%, 0, 0, 5, 428.15, 699332, 545
1599, 64, 10, 16, 2, 0, 0.83%, 0, 0, 5, 429.43, 701562, 545
1604, 65, 10, 16, 2, 0, 0.83%, 0, 0, 5, 424.43, 703756, 545
1610, 65, 0, 17, 3, 0, 0.83%, 0, 0, 5, 377.54, 705632, 545
1615, 65, 10, 17, 2, 0, 0.83%, 0, 0, 5, 417.67, 707747, 545
1620, 65, 12, 17, 2, 0, 0.83%, 0, 0, 5, 436.00, 709949, 545
1625, 65, 10, 17, 2, 0, 0.83%, 0, 0, 5, 441.04, 712195, 545
1630, 65, 10, 17, 2, 0, 0.83%, 0, 0, 5, 432.49, 714347, 545
1635, 66, 12, 17, 2, 0, 0.83%, 0, 0, 5, 443.80, 716651, 545
1640, 66, 10, 17, 2, 0, 0.83%, 0, 0, 5, 433.02, 718881, 545
1645, 66, 14, 17, 2, 0, 0.83%, 0, 0, 5, 435.73, 721071, 545
1650, 66, 12, 17, 2, 0, 0.83%, 0, 0, 5, 427.77, 723205, 545
1655, 66, 10, 17, 2, 0, 0.83%, 0, 0, 5, 425.62, 725383, 545
1660, 67, 10, 17, 2, 0, 0.83%, 0, 0, 5, 418.50, 727455, 545
1665, 67, 10, 17, 2, 0, 0.83%, 0, 0, 5, 430.43, 729679, 545
1670, 67, 10, 17, 2, 0, 0.83%, 0, 0, 5, 438.23, 731951, 545
1676, 67, 14, 17, 2, 0, 0.83%, 0, 0, 5, 452.84, 734232, 545
1681, 67, 10, 17, 2, 0, 0.83%, 0, 0, 5, 433.07, 736378, 545
1686, 68, 12, 17, 2, 0, 0.83%, 0, 0, 5, 444.58, 738649, 545
1691, 68, 10, 17, 2, 0, 0.83%, 0, 0, 5, 439.88, 740879, 545
1696, 68, 12, 17, 2, 0, 0.83%, 0, 0, 5, 440.15, 743171, 545
1701, 68, 10, 17, 2, 0, 0.83%, 0, 0, 5, 434.01, 745353, 545
1706, 69, 15, 17, 2, 0, 0.83%, 0, 0, 5, 455.45, 747675, 545
1711, 69, 10, 17, 2, 0, 0.83%, 0, 0, 5, 447.89, 749959, 545
1716, 69, 10, 17, 2, 0, 0.83%, 0, 0, 5, 431.84, 752181, 545
1721, 69, 10, 17, 2, 0, 0.83%, 0, 0, 5, 421.82, 754301, 545
1726, 70, 7, 17, 2, 0, 0.83%, 0, 0, 5, 430.13, 756432, 545
1731, 70, 2, 17, 2, 0, 0.83%, 0, 0, 5, 438.93, 758711, 545
1737, 70, 10, 17, 2, 0, 0.83%, 0, 0, 5, 438.71, 760989, 545
1742, 70, 10, 17, 2, 0, 0.83%, 0, 0, 5, 428.41, 763127, 545
1747, 70, 10, 17, 2, 0, 0.83%, 0, 0, 5, 426.48, 765279, 545
1752, 70, 6, 17, 2, 0, 0.83%, 0, 0, 5, 445.86, 767531, 545
1757, 71, 10, 17, 2, 0, 0.83%, 0, 0, 5, 446.06, 769743, 545
1762, 71, 14, 17, 2, 0, 0.83%, 0, 0, 5, 435.25, 771985, 545
1767, 71, 14, 17, 2, 0, 0.83%, 0, 0, 5, 438.26, 774205, 545
1772, 71, 10, 17, 2, 0, 0.83%, 0, 0, 5, 429.77, 776441, 545
1777, 72, 10, 17, 2, 0, 0.83%, 0, 0, 5, 428.37, 778593, 545
1782, 72, 10, 17, 2, 0, 0.83%, 0, 0, 5, 425.50, 780751, 545
1787, 72, 14, 17, 2, 0, 0.83%, 0, 0, 5, 421.20, 782939, 545
1792, 72, 10, 17, 2, 0, 0.83%, 0, 0, 5, 414.14, 785005, 545
1798, 73, 12, 17, 2, 0, 0.83%, 0, 0, 5, 453.58, 787353, 545
1803, 73, 14, 17, 2, 0, 0.83%, 0, 0, 5, 431.68, 789525, 545
1808, 73, 10, 17, 2, 0, 0.83%, 0, 0, 5, 444.79, 791805, 545
1813, 73, 2, 17, 2, 0, 0.83%, 0, 0, 5, 437.33, 794059, 545
1818, 73, 10, 17, 2, 0, 0.83%, 0, 0, 5, 441.43, 796337, 545
1823, 74, 10, 17, 2, 0, 0.83%, 0, 0, 5, 429.39, 798545, 545
1828, 74, 10, 17, 2, 0, 0.83%, 0, 0, 5, 421.74, 800665, 545
1833, 74, 12, 17, 2, 0, 0.83%, 0, 0, 5, 418.23, 802761, 545
1838, 74, 10, 17, 2, 0, 0.83%, 0, 0, 5, 432.69, 805049, 545
1843, 74, 10, 17, 2, 0, 0.83%, 0, 0, 5, 426.21, 807169, 545
1848, 75, 10, 17, 2, 0, 0.83%, 0, 0, 5, 426.90, 809321, 545
1854, 75, 10, 17, 2, 0, 0.83%, 0, 0, 5, 419.34, 811497, 545
1859, 75, 12, 17, 2, 0, 0.83%, 0, 0, 5, 431.22, 813673, 545
1864, 75, 10, 17, 2, 0, 0.83%, 0, 0, 5, 441.81, 815999, 545
1869, 75, 14, 17, 2, 0, 0.83%, 0, 0, 5, 430.51, 818183, 545
1874, 76, 14, 17, 2, 0, 0.83%, 0, 0, 5, 426.71, 820319, 545
1879, 76, 10, 17, 2, 0, 0.83%, 0, 0, 5, 448.58, 822601, 545
1884, 76, 10, 17, 2, 0, 0.83%, 0, 0, 5, 424.88, 824777, 545
1889, 76, 10, 17, 2, 0, 0.83%, 0, 0, 5, 433.04, 826983, 545
1894, 76, 6, 17, 2, 0, 0.83%, 0, 0, 5, 454.17, 829375, 545
1899, 77, 12, 17, 2, 0, 0.83%, 0, 0, 5, 445.78, 831641, 545
1905, 77, 14, 17, 2, 0, 0.83%, 0, 0, 5, 459.38, 833915, 545
1910, 77, 10, 17, 2, 0, 0.83%, 0, 0, 5, 427.83, 836027, 545
1915, 77, 10, 17, 2, 0, 0.83%, 0, 0, 5, 426.51, 838241, 545
1920, 77, 14, 17, 2, 0, 0.83%, 0, 0, 5, 415.55, 840315, 545
1925, 78, 10, 17, 2, 0, 0.83%, 0, 0, 5, 429.10, 842471, 545
1930, 78, 12, 17, 2, 0, 0.83%, 0, 0, 5, 440.06, 844671, 545
1935, 78, 10, 17, 2, 0, 0.83%, 0, 0, 5, 434.03, 846923, 545
1940, 78, 6, 17, 2, 0, 0.83%, 0, 0, 5, 427.71, 849097, 545
1945, 79, 12, 17, 2, 0, 0.83%, 0, 0, 5, 424.91, 851289, 545
1950, 79, 10, 17, 2, 0, 0.83%, 0, 0, 5, 440.86, 853513, 545
1956, 79, 10, 17, 2, 0, 0.83%, 0, 0, 5, 450.26, 855791, 545
1961, 79, 8, 17, 2, 0, 0.83%, 0, 0, 5, 447.82, 858085, 545
1966, 79, 10, 17, 2, 0, 0.83%, 0, 0, 5, 433.02, 860267, 545
1971, 80, 12, 17, 2, 0, 0.83%, 0, 0, 5, 438.42, 862487, 545
1976, 80, 10, 17, 2, 0, 0.83%, 0, 0, 5, 428.30, 864623, 545
1981, 80, 2, 17, 2, 0, 0.83%, 0, 0, 5, 437.57, 866811, 545
1986, 80, 10, 17, 2, 0, 0.83%, 0, 0, 5, 424.11, 868943, 545
1991, 80, 10, 17, 2, 0, 0.83%, 0, 0, 5, 424.12, 871069, 545
1996, 81, 10, 17, 2, 0, 0.83%, 0, 0, 5, 443.93, 873409, 545
2001, 81, 10, 17, 2, 0, 0.83%, 0, 0, 5, 449.70, 875698, 545
2006, 81, 14, 17, 2, 0, 0.83%, 0, 0, 5, 424.17, 877815, 545
2011, 81, 10, 17, 2, 0, 0.83%, 0, 0, 5, 418.70, 879911, 545
2016, 81, 14, 17, 2, 0, 0.83%, 0, 0, 5, 424.03, 882135, 545
2021, 82, 10, 17, 2, 0, 0.83%, 0, 0, 5, 440.22, 884405, 545
2026, 82, 10, 17, 2, 0, 0.83%, 0, 0, 5, 437.27, 886599, 545
2032, 82, 14, 17, 2, 0, 0.83%, 0, 0, 5, 423.92, 888799, 545
2037, 83, 8, 17, 2, 0, 0.83%, 0, 0, 5, 462.74, 891190, 545
2042, 83, 10, 17, 2, 0, 0.83%, 0, 0, 5, 441.18, 893467, 545
2047, 83, 10, 17, 2, 0, 0.83%, 0, 0, 5, 438.95, 895653, 545
2052, 83, 10, 17, 2, 0, 0.83%, 0, 0, 5, 426.16, 897797, 545
2057, 83, 10, 17, 2, 0, 0.83%, 0, 0, 5, 423.75, 899909, 545
2062, 84, 10, 17, 2, 0, 0.83%, 0, 0, 5, 434.29, 902091, 545
2067, 84, 10, 17, 2, 0, 0.83%, 0, 0, 5, 446.13, 904401, 545
2072, 84, 14, 17, 2, 0, 0.83%, 0, 0, 5, 443.29, 906601, 545
2078, 84, 7, 17, 2, 0, 0.83%, 0, 0, 5, 428.93, 908791, 545
2083, 84, 14, 17, 2, 0, 0.83%, 0, 0, 5, 439.72, 911087, 545
2088, 84, 14, 17, 2, 0, 0.83%, 0, 0, 5, 427.39, 913289, 545
2093, 85, 10, 17, 2, 0, 0.83%, 0, 0, 5, 428.96, 915509, 545
2098, 85, 12, 17, 2, 0, 0.83%, 0, 0, 5, 431.01, 917665, 545
2103, 85, 12, 17, 2, 0, 0.83%, 0, 0, 5, 439.51, 919883, 545
2108, 85, 14, 17, 2, 0, 0.83%, 0, 0, 5, 430.26, 922041, 545
2113, 86, 14, 17, 2, 0, 0.83%, 0, 0, 5, 423.35, 924169, 545
2118, 86, 14, 17, 2, 0, 0.83%, 0, 0, 5, 421.99, 926341, 545
2124, 86, 10, 17, 2, 0, 0.83%, 0, 0, 5, 421.06, 928465, 545
2129, 86, 10, 17, 2, 0, 0.83%, 0, 0, 5, 425.31, 930601, 545
2134, 86, 10, 17, 2, 0, 0.83%, 0, 0, 5, 417.77, 932689, 545
2139, 86, 10, 17, 2, 0, 0.83%, 0, 0, 5, 427.23, 934873, 545
2144, 87, 10, 17, 2, 0, 0.83%, 0, 0, 5, 432.76, 937061, 545
2149, 87, 10, 17, 2, 0, 0.83%, 0, 0, 5, 426.97, 939235, 545
2154, 87, 10, 17, 2, 0, 0.83%, 0, 0, 5, 426.96, 941435, 545
2159, 87, 10, 17, 2, 0, 0.83%, 0, 0, 5, 416.58, 943531, 545
2164, 87, 2, 17, 2, 0, 0.83%, 0, 0, 5, 429.00, 945675, 545
2169, 88, 10, 17, 2, 0, 0.83%, 0, 0, 5, 428.80, 947921, 545
2174, 88, 2, 17, 2, 0, 0.83%, 0, 0, 5, 433.85, 950119, 545
2179, 88, 10, 17, 2, 0, 0.83%, 0, 0, 5, 446.47, 952362, 545
2184, 88, 10, 17, 2, 0, 0.83%, 0, 0, 5, 415.54, 954435, 545
2189, 88, 10, 17, 2, 0, 0.83%, 0, 0, 5, 424.62, 956577, 545
2194, 89, 10, 17, 2, 0, 0.83%, 0, 0, 5, 422.27, 958769, 545
2199, 89, 10, 17, 2, 0, 0.83%, 0, 0, 5, 428.31, 960991, 545
2205, 89, 14, 17, 2, 0, 0.83%, 0, 0, 5, 427.89, 963217, 545
2210, 89, 10, 17, 2, 0, 0.83%, 0, 0, 5, 445.04, 965439, 545
2215, 90, 2, 17, 2, 0, 0.83%, 0, 0, 5, 439.59, 967689, 545
2220, 90, 10, 17, 2, 0, 0.83%, 0, 0, 5, 440.97, 969975, 545
2225, 90, 10, 17, 2, 0, 0.83%, 0, 0, 5, 429.28, 972167, 545
2230, 90, 10, 17, 2, 0, 0.83%, 0, 0, 5, 415.56, 974255, 545
2235, 90, 10, 17, 2, 0, 0.83%, 0, 0, 5, 427.80, 976391, 545
2240, 91, 10, 17, 2, 0, 0.83%, 0, 0, 5, 423.36, 978533, 545
2245, 91, 10, 17, 2, 0, 0.83%, 0, 0, 5, 425.32, 980653, 545
2250, 91, 10, 17, 2, 0, 0.83%, 0, 0, 5, 418.43, 982741, 545
2255, 91, 10, 17, 2, 0, 0.83%, 0, 0, 5, 415.65, 984839, 545
2260, 91, 6, 17, 2, 0, 0.83%, 0, 0, 5, 430.51, 987005, 545
2265, 92, 6, 17, 2, 0, 0.83%, 0, 0, 5, 425.81, 989137, 545
2271, 92, 14, 17, 2, 0, 0.83%, 0, 0, 5, 431.29, 991405, 545
2276, 92, 14, 17, 2, 0, 0.83%, 0, 0, 5, 451.92, 993687, 545
2281, 92, 15, 17, 2, 0, 0.83%, 0, 0, 5, 460.63, 996008, 545
2286, 93, 10, 17, 2, 0, 0.83%, 0, 0, 5, 434.40, 998171, 545
2291, 93, 10, 17, 2, 0, 0.83%, 0, 0, 5, 434.81, 1000327, 545
2296, 93, 10, 17, 2, 0, 0.83%, 0, 0, 5, 417.82, 1002409, 545
2301, 93, 6, 17, 2, 0, 0.83%, 0, 0, 5, 421.30, 1004549, 545
2306, 94, 10, 17, 2, 0, 0.83%, 0, 0, 5, 427.32, 1006707, 545
2311, 94, 12, 17, 2, 0, 0.83%, 0, 0, 5, 432.91, 1008875, 545
2316, 94, 10, 17, 2, 0, 0.83%, 0, 0, 5, 428.72, 1011121, 545
2321, 94, 15, 17, 2, 0, 0.83%, 0, 0, 5, 448.34, 1013337, 545
2326, 94, 14, 17, 2, 0, 0.83%, 0, 0, 5, 435.56, 1015547, 545
2331, 94, 8, 17, 2, 0, 0.83%, 0, 0, 5, 447.60, 1017777, 545
2336, 95, 10, 17, 2, 0, 0.83%, 0, 0, 5, 449.52, 1020052, 545
2341, 95, 8, 17, 2, 0, 0.83%, 0, 0, 5, 449.63, 1022257, 545
2347, 95, 14, 17, 2, 0, 0.83%, 0, 0, 5, 435.59, 1024477, 545
2352, 95, 10, 17, 2, 0, 0.83%, 0, 0, 5, 437.18, 1026657, 545
2357, 96, 10, 17, 2, 0, 0.83%, 0, 0, 5, 425.88, 1028801, 545
2362, 96, 14, 17, 2, 0, 0.83%, 0, 0, 5, 420.82, 1030899, 545
2367, 96, 10, 17, 2, 0, 0.83%, 0, 0, 5, 414.62, 1032985, 545
2372, 96, 10, 17, 2, 0, 0.83%, 0, 0, 5, 427.56, 1035159, 545
2377, 96, 2, 17, 2, 0, 0.83%, 0, 0, 5, 426.77, 1037299, 545
2382, 96, 2, 17, 2, 0, 0.83%, 0, 0, 5, 431.26, 1039539, 545
2387, 97, 10, 17, 2, 0, 0.83%, 0, 0, 5, 425.85, 1041739, 545
2392, 97, 10, 17, 2, 0, 0.83%, 0, 0, 5, 424.33, 1043913, 545
2397, 97, 12, 17, 2, 0, 0.83%, 0, 0, 5, 431.37, 1046093, 545
2402, 98, 8, 17, 2, 0, 0.83%, 0, 0, 5, 443.77, 1048351, 545
2407, 98, 14, 17, 2, 0, 0.83%, 0, 0, 5, 445.97, 1050649, 545
2412, 98, 10, 17, 2, 0, 0.83%, 0, 0, 5, 433.20, 1052818, 545
2417, 98, 10, 17, 2, 0, 0.83%, 0, 0, 5, 435.43, 1055021, 545
2422, 99, 10, 17, 2, 0, 0.83%, 0, 0, 5, 432.18, 1057201, 545
2427, 99, 15, 17, 2, 0, 0.83%, 0, 0, 5, 449.72, 1059417, 545
2433, 99, 14, 17, 2, 0, 0.83%, 0, 0, 5, 443.69, 1061759, 545
2438, 99, 10, 17, 2, 0, 0.83%, 0, 0, 5, 432.79, 1063991, 545
2443, 99, 10, 17, 2, 0, 0.83%, 0, 0, 5, 418.43, 1066087, 545
2448, 100, 10, 17, 2, 0, 0.83%, 0, 0, 5, 413.18, 1068181, 545
2453, 100, 10, 17, 2, 0, 0.83%, 0, 0, 5, 434.75, 1070417, 545
2458, 100, 6, 17, 2, 0, 0.83%, 0, 0, 5, 447.31, 1072655, 545
2463, 100, 12, 17, 2, 0, 0.83%, 0, 0, 5, 446.69, 1074909, 545
2468, 101, 10, 17, 2, 0, 0.83%, 0, 0, 5, 434.49, 1077167, 545
2473, 101, 10, 17, 2, 0, 0.83%, 0, 0, 5, 405.45, 1079183, 545
2478, 101, 10, 17, 2, 0, 0.83%, 0, 0, 5, 403.26, 1081191, 545
2483, 101, 2, 17, 2, 0, 0.83%, 0, 0, 5, 412.87, 1083267, 545
2489, 101, 10, 17, 2, 0, 0.83%, 0, 0, 5, 407.81, 1085399, 545
2494, 102, 10, 17, 2, 0, 0.83%, 0, 0, 5, 414.74, 1087513, 545
2499, 102, 14, 17, 2, 0, 0.83%, 0, 0, 5, 437.33, 1089809, 545
2504, 102, 6, 17, 2, 0, 0.83%, 0, 0, 5, 457.44, 1092063, 545
2509, 103, 8, 17, 2, 0, 0.83%, 0, 0, 5, 436.65, 1094285, 545
2514, 103, 10, 17, 2, 0, 0.83%, 0, 0, 5, 423.86, 1096507, 545
2519, 103, 10, 17, 2, 0, 0.83%, 0, 0, 5, 428.97, 1098681, 545
2524, 103, 10, 17, 2, 0, 0.83%, 0, 0, 5, 439.14, 1100969, 545
2530, 104, 10, 17, 2, 0, 0.83%, 0, 0, 5, 418.73, 1103105, 545
2535, 104, 2, 17, 2, 0, 0.83%, 0, 0, 5, 426.35, 1105237, 545
2540, 104, 10, 17, 2, 0, 0.83%, 0, 0, 5, 425.42, 1107391, 545
2545, 104, 10, 17, 2, 0, 0.83%, 0, 0, 5, 443.42, 1109647, 545
2550, 104, 8, 17, 2, 0, 0.83%, 0, 0, 5, 445.29, 1111827, 545
2555, 105, 12, 17, 2, 0, 0.83%, 0, 0, 5, 450.32, 1114109, 545
2560, 105, 10, 17, 2, 0, 0.83%, 0, 0, 5, 429.53, 1116345, 545
2565, 105, 14, 17, 2, 0, 0.83%, 0, 0, 5, 426.04, 1118475, 545
2570, 105, 10, 17, 2, 0, 0.83%, 0, 0, 5, 423.39, 1120605, 545
2575, 105, 12, 17, 2, 0, 0.83%, 0, 0, 5, 431.07, 1122825, 545
2580, 106, 14, 17, 2, 0, 0.83%, 0, 0, 5, 434.63, 1125011, 545
2585, 106, 10, 17, 2, 0, 0.83%, 0, 0, 5, 418.67, 1127171, 545
2590, 106, 10, 17, 2, 0, 0.83%, 0, 0, 5, 412.46, 1129235, 545
2595, 106, 10, 17, 2, 0, 0.83%, 0, 0, 5, 424.36, 1131353, 545
2600, 106, 10, 17, 2, 0, 0.83%, 0, 0, 5, 434.22, 1133585, 545
2605, 107, 12, 17, 2, 0, 0.83%, 0, 0, 5, 438.47, 1135789, 545
2611, 107, 10, 17, 2, 0, 0.83%, 0, 0, 5, 429.86, 1137943, 545
2616, 107, 10, 17, 2, 0, 0.83%, 0, 0, 5, 432.30, 1140141, 545
2621, 107, 10, 17, 2, 0, 0.83%, 0, 0, 5, 421.50, 1142235, 545
2626, 108, 10, 17, 2, 0, 0.83%, 0, 0, 5, 427.91, 1144385, 545
2631, 108, 14, 17, 2, 0, 0.83%, 0, 0, 5, 429.82, 1146579, 545
2636, 108, 14, 17, 2, 0, 0.83%, 0, 0, 5, 419.60, 1148731, 545
2641, 108, 14, 17, 2, 0, 0.83%, 0, 0, 5, 418.26, 1150843, 545
2646, 108, 10, 17, 2, 0, 0.83%, 0, 0, 5, 429.67, 1153077, 545
2651, 109, 10, 17, 2, 0, 0.83%, 0, 0, 5, 446.03, 1155318, 545
2656, 109, 10, 17, 2, 0, 0.83%, 0, 0, 5, 424.65, 1157497, 545
2661, 109, 10, 17, 2, 0, 0.83%, 0, 0, 5, 414.45, 1159547, 545
2666, 109, 10, 17, 2, 0, 0.83%, 0, 0, 5, 417.42, 1161723, 545
2671, 109, 10, 17, 2, 0, 0.83%, 0, 0, 5, 423.21, 1163825, 545
2676, 110, 10, 17, 2, 0, 0.83%, 0, 0, 5, 424.53, 1165967, 545
2682, 110, 10, 17, 2, 0, 0.83%, 0, 0, 5, 422.68, 1168199, 545
2687, 110, 10, 17, 2, 0, 0.83%, 0, 0, 5, 425.64, 1170347, 545
2692, 110, 12, 17, 2, 0, 0.83%, 0, 0, 5, 444.23, 1172559, 545
2697, 111, 10, 17, 2, 0, 0.83%, 0, 0, 5, 428.94, 1174729, 545
2702, 111, 7, 17, 2, 0, 0.83%, 0, 0, 5, 429.94, 1176871, 545
2707, 111, 10, 17, 2, 0, 0.83%, 0, 0, 5, 418.04, 1179015, 545
2712, 111, 10, 17, 2, 0, 0.83%, 0, 0, 5, 422.78, 1181197, 545
2717, 111, 10, 17, 2, 0, 0.83%, 0, 0, 5, 428.49, 1183359, 545
2722, 112, 10, 17, 2, 0, 0.83%, 0, 0, 5, 421.91, 1185549, 545
2727, 112, 2, 17, 2, 0, 0.83%, 0, 0, 5, 424.95, 1187699, 545
2732, 112, 10, 17, 2, 0, 0.83%, 0, 0, 5, 428.90, 1189857, 545
2737, 112, 10, 17, 2, 0, 0.83%, 0, 0, 5, 414.73, 1191993, 545
2743, 112, 10, 17, 2, 0, 0.83%, 0, 0, 5, 421.10, 1194185, 545
2748, 113, 6, 17, 2, 0, 0.83%, 0, 0, 5, 415.89, 1196281, 545
2753, 113, 10, 17, 2, 0, 0.83%, 0, 0, 5, 431.17, 1198489, 545
2758, 113, 10, 17, 2, 0, 0.83%, 0, 0, 5, 428.11, 1200629, 545
2763, 113, 10, 17, 2, 0, 0.83%, 0, 0, 5, 414.29, 1202679, 545
2768, 114, 10, 17, 2, 0, 0.83%, 0, 0, 5, 414.22, 1204797, 545
2773, 114, 14, 17, 2, 0, 0.83%, 0, 0, 5, 422.05, 1207007, 545
2778, 114, 10, 17, 2, 0, 0.83%, 0, 0, 5, 420.66, 1209111, 545
2783, 114, 10, 17, 2, 0, 0.83%, 0, 0, 5, 419.11, 1211223, 545
2788, 115, 10, 17, 2, 0, 0.83%, 0, 0, 5, 421.60, 1213341, 545
2793, 115, 10, 17, 2, 0, 0.83%, 0, 0, 5, 428.43, 1215547, 545
2799, 115, 14, 17, 2, 0, 0.83%, 0, 0, 5, 414.54, 1217693, 545
2804, 115, 10, 17, 2, 0, 0.83%, 0, 0, 5, 419.78, 1219805, 545
2809, 116, 10, 17, 2, 0, 0.83%, 0, 0, 5, 433.07, 1222065, 545
2814, 116, 14, 17, 2, 0, 0.83%, 0, 0, 5, 422.32, 1224169, 545
2819, 116, 2, 17, 2, 0, 0.83%, 0, 0, 5, 423.93, 1226357, 545
2824, 116, 10, 17, 2, 0, 0.83%, 0, 0, 5, 428.88, 1228603, 545
2829, 116, 10, 17, 2, 0, 0.83%, 0, 0, 5, 423.50, 1230715, 545
2834, 116, 10, 17, 2, 0, 0.83%, 0, 0, 5, 434.60, 1232963, 545
2839, 117, 10, 17, 2, 0, 0.83%, 0, 0, 5, 446.18, 1235283, 545
2844, 117, 7, 17, 2, 0, 0.83%, 0, 0, 5, 422.88, 1237355, 545
2849, 117, 10, 17, 2, 0, 0.83%, 0, 0, 5, 425.75, 1239503, 545
2854, 117, 10, 17, 2, 0, 0.83%, 0, 0, 5, 442.24, 1241777, 545
2860, 117, 12, 17, 2, 0, 0.83%, 0, 0, 5, 437.69, 1243957, 545
2865, 118, 10, 17, 2, 0, 0.83%, 0, 0, 5, 441.95, 1246287, 545
2870, 118, 10, 17, 2, 0, 0.83%, 0, 0, 5, 420.80, 1248369, 545
2875, 118, 14, 17, 2, 0, 0.83%, 0, 0, 5, 415.34, 1250457, 545
2880, 118, 10, 17, 2, 0, 0.83%, 0, 0, 5, 426.00, 1252601, 545
2885, 118, 14, 17, 2, 0, 0.83%, 0, 0, 5, 419.76, 1254699, 545
2890, 119, 15, 17, 2, 0, 0.83%, 0, 0, 5, 450.35, 1257027, 545
2895, 119, 7, 17, 2, 0, 0.83%, 0, 0, 5, 468.21, 1259388, 545
2900, 119, 10, 17, 2, 0, 0.83%, 0, 0, 5, 440.79, 1261611, 545
2905, 119, 10, 17, 2, 0, 0.83%, 0, 0, 5, 430.36, 1263727, 545
2910, 120, 14, 17, 2, 0, 0.83%, 0, 0, 5, 413.76, 1265779, 545
2915, 120, 10, 17, 2, 0, 0.83%, 0, 0, 5, 447.76, 1268103, 545
2920, 120, 10, 17, 2, 0, 0.83%, 0, 0, 5, 425.60, 1270215, 545
2925, 120, 14, 17, 2, 0, 0.83%, 0, 0, 5, 419.38, 1272351, 545
2930, 120, 10, 17, 2, 0, 0.83%, 0, 0, 5, 429.74, 1274541, 545
2936, 120, 14, 17, 2, 0, 0.83%, 0, 0, 5, 419.52, 1276735, 545
2941, 121, 10, 17, 2, 0, 0.83%, 0, 0, 5, 422.38, 1278861, 545
2946, 121, 15, 17, 2, 0, 0.83%, 0, 0, 5, 424.09, 1281009, 545
2951, 121, 14, 17, 2, 0, 0.83%, 0, 0, 5, 426.63, 1283293, 545
2956, 121, 12, 17, 2, 0, 0.83%, 0, 0, 5, 434.03, 1285581, 545
2961, 122, 12, 17, 2, 0, 0.83%, 0, 0, 5, 432.50, 1287827, 545
2966, 122, 6, 17, 2, 0, 0.83%, 0, 0, 5, 448.74, 1290089, 545
2971, 122, 10, 17, 2, 0, 0.83%, 0, 0, 5, 443.19, 1292407, 545
2976, 122, 10, 17, 2, 0, 0.83%, 0, 0, 5, 418.67, 1294551, 545
2981, 122, 10, 17, 2, 0, 0.83%, 0, 0, 5, 418.90, 1296641, 545
2987, 123, 7, 17, 2, 0, 0.83%, 0, 0, 5, 434.68, 1298907, 545
2992, 123, 12, 17, 2, 0, 0.83%, 0, 0, 5, 426.08, 1301047, 545
2997, 123, 10, 17, 2, 0, 0.83%, 0, 0, 5, 421.19, 1303193, 545
3002, 123, 14, 17, 2, 0, 0.83%, 0, 0, 5, 454.43, 1305487, 545
3007, 124, 10, 17, 2, 0, 0.83%, 0, 0, 5, 442.91, 1307641, 545
3012, 124, 12, 17, 2, 0, 0.83%, 0, 0, 5, 427.90, 1309775, 545
3017, 124, 10, 17, 2, 0, 0.83%, 0, 0, 5, 422.40, 1311913, 545
3022, 124, 10, 17, 2, 0, 0.83%, 0, 0, 5, 418.02, 1314017, 545
3027, 125, 6, 17, 2, 0, 0.83%, 0, 0, 5, 451.90, 1316341, 545
3032, 125, 10, 17, 2, 0, 0.83%, 0, 0, 5, 440.71, 1318677, 545
3037, 125, 10, 17, 2, 0, 0.83%, 0, 0, 5, 428.57, 1320853, 545
3042, 125, 10, 17, 2, 0, 0.83%, 0, 0, 5, 423.14, 1322973, 545
3047, 125, 10, 17, 2, 0, 0.83%, 0, 0, 5, 424.23, 1325157, 545
3052, 125, 10, 17, 2, 0, 0.83%, 0, 0, 5, 434.42, 1327355, 545
3057, 126, 10, 17, 2, 0, 0.83%, 0, 0, 5, 443.62, 1329553, 545
3063, 126, 6, 17, 2, 0, 0.83%, 0, 0, 5, 425.76, 1331729, 545
3068, 126, 14, 17, 2, 0, 0.83%, 0, 0, 5, 441.89, 1333927, 545
3073, 126, 10, 17, 2, 0, 0.83%, 0, 0, 5, 426.11, 1336047, 545
3078, 126, 10, 17, 2, 0, 0.83%, 0, 0, 5, 418.23, 1338145, 545
3083, 127, 10, 17, 2, 0, 0.83%, 0, 0, 5, 418.76, 1340265, 545
3088, 127, 10, 17, 2, 0, 0.83%, 0, 0, 5, 420.16, 1342385, 545
3093, 127, 14, 17, 2, 0, 0.83%, 0, 0, 5, 418.94, 1344497, 545
3098, 127, 10, 17, 2, 0, 0.83%, 0, 0, 5, 423.72, 1346709, 545
3103, 128, 10, 17, 2, 0, 0.83%, 0, 0, 5, 441.53, 1348901, 545
3108, 128, 10, 17, 2, 0, 0.83%, 0, 0, 5, 424.00, 1351071, 545
3113, 128, 10, 17, 2, 0, 0.83%, 0, 0, 5, 432.73, 1353319, 545
3118, 128, 14, 17, 2, 0, 0.83%, 0, 0, 5, 429.60, 1355471, 545
3123, 128, 10, 17, 2, 0, 0.83%, 0, 0, 5, 423.64, 1357581, 545
3128, 128, 10, 17, 2, 0, 0.83%, 0, 0, 5, 437.36, 1359741, 545
3134, 129, 14, 17, 2, 0, 0.83%, 0, 0, 5, 426.04, 1361869, 545
3139, 129, 10, 17, 2, 0, 0.83%, 0, 0, 5, 418.12, 1363965, 545
3144, 129, 10, 17, 2, 0, 0.83%, 0, 0, 5, 419.00, 1366071, 545
3149, 129, 10, 17, 2, 0, 0.83%, 0, 0, 5, 426.18, 1368205, 545
3154, 129, 10, 17, 2, 0, 0.83%, 0, 0, 5, 425.10, 1370341, 545
3159, 130, 14, 17, 2, 0, 0.83%, 0, 0, 5, 425.22, 1372493, 545
3164, 130, 10, 17, 2, 0, 0.83%, 0, 0, 5, 418.09, 1374581, 545
3169, 130, 10, 17, 2, 0, 0.83%, 0, 0, 5, 423.02, 1376809, 545
3174, 130, 10, 17, 2, 0, 0.83%, 0, 0, 5, 421.45, 1378983, 545
3179, 130, 14, 17, 2, 0, 0.83%, 0, 0, 5, 418.51, 1381137, 545
3184, 131, 14, 17, 2, 0, 0.83%, 0, 0, 5, 428.18, 1383385, 545
3189, 131, 14, 17, 2, 0, 0.83%, 0, 0, 5, 426.52, 1385543, 545
3195, 131, 10, 17, 2, 0, 0.83%, 0, 0, 5, 423.33, 1387675, 545
3200, 131, 10, 17, 2, 0, 0.83%, 0, 0, 5, 416.02, 1389787, 545
3205, 131, 2, 17, 2, 0, 0.83%, 0, 0, 5, 435.32, 1392007, 545
3210, 131, 12, 17, 2, 0, 0.83%, 0, 0, 5, 430.62, 1394249, 545
3215, 132, 10, 17, 2, 0, 0.83%, 0, 0, 5, 435.34, 1396459, 545
3220, 132, 10, 17, 2, 0, 0.83%, 0, 0, 5, 436.80, 1398679, 545
3225, 132, 10, 17, 2, 0, 0.83%, 0, 0, 5, 420.26, 1400863, 545
3230, 132, 14, 17, 2, 0, 0.83%, 0, 0, 5, 415.89, 1402951, 545
3235, 133, 10, 17, 2, 0, 0.83%, 0, 0, 5, 417.61, 1405047, 545
3240, 133, 14, 17, 2, 0, 0.83%, 0, 0, 5, 417.26, 1407129, 545
3245, 133, 10, 17, 2, 0, 0.83%, 0, 0, 5, 427.53, 1409301, 545
3250, 133, 6, 17, 2, 0, 0.83%, 0, 0, 5, 425.85, 1411485, 545
3255, 133, 2, 17, 2, 0, 0.83%, 0, 0, 5, 436.07, 1413769, 545
3260, 133, 14, 17, 2, 0, 0.83%, 0, 0, 5, 428.36, 1415915, 545
3266, 134, 10, 17, 2, 0, 0.83%, 0, 0, 5, 418.25, 1418079, 545
3271, 134, 10, 17, 2, 0, 0.83%, 0, 0, 5, 418.25, 1420175, 545
3276, 134, 10, 17, 2, 0, 0.83%, 0, 0, 5, 427.62, 1422293, 545
3281, 134, 14, 17, 2, 0, 0.83%, 0, 0, 5, 419.63, 1424401, 545
3286, 134, 14, 17, 2, 0, 0.83%, 0, 0, 5, 415.62, 1426511, 545
3291, 135, 10, 17, 2, 0, 0.83%, 0, 0, 5, 422.37, 1428637, 545
3296, 135, 10, 17, 2, 0, 0.83%, 0, 0, 5, 433.67, 1430859, 545
3301, 135, 2, 17, 2, 0, 0.83%, 0, 0, 5, 421.72, 1432973, 545
3306, 135, 10, 17, 2, 0, 0.83%, 0, 0, 5, 428.86, 1435155, 545
3311, 135, 6, 17, 2, 0, 0.83%, 0, 0, 5, 436.98, 1437347, 545
3316, 135, 14, 17, 2, 0, 0.83%, 0, 0, 5, 418.91, 1439427, 545
3321, 136, 16, 17, 2, 0, 0.83%, 0, 0, 5, 416.72, 1441515, 545
3326, 136, 8, 17, 1, 0, 0.83%, 0, 0, 5, 457.76, 1443846, 545
3331, 136, 10, 17, 1, 0, 0.83%, 0, 0, 5, 432.82, 1446011, 545
3336, 136, 10, 17, 1, 0, 0.83%, 0, 0, 5, 421.95, 1448117, 545
3341, 136, 14, 17, 1, 0, 0.83%, 0, 0, 5, 423.12, 1450239, 545
3346, 137, 12, 17, 1, 0, 0.83%, 0, 0, 5, 437.53, 1452447, 545
3351, 137, 14, 17, 1, 0, 0.83%, 0, 0, 5, 425.91, 1454629, 545
3356, 137, 6, 17, 1, 0, 0.83%, 0, 0, 5, 428.21, 1456827, 545
3362, 137, 10, 17, 1, 0, 0.83%, 0, 0, 5, 437.52, 1459071, 545
3367, 137, 15, 17, 1, 0, 0.83%, 0, 0, 5, 438.99, 1461245, 545
3372, 138, 10, 17, 1, 0, 0.83%, 0, 0, 5, 446.45, 1463575, 545
3377, 138, 14, 17, 1, 0, 0.83%, 0, 0, 5, 427.19, 1465783, 545
3382, 138, 8, 17, 1, 0, 0.83%, 0, 0, 5, 453.76, 1468131, 545
3387, 139, 10, 17, 1, 0, 0.83%, 0, 0, 5, 438.79, 1470363, 545
3392, 139, 10, 17, 1, 0, 0.83%, 0, 0, 5, 422.85, 1472547, 545
3397, 139, 12, 17, 1, 0, 0.83%, 0, 0, 5, 431.95, 1474689, 545
3402, 139, 14, 17, 1, 0, 0.83%, 0, 0, 5, 426.31, 1476921, 545
3407, 139, 10, 17, 1, 0, 0.83%, 0, 0, 5, 419.31, 1479023, 545
3412, 140, 10, 17, 1, 0, 0.83%, 0, 0, 5, 428.48, 1481203, 545
3417, 140, 15, 17, 1, 0, 0.83%, 0, 0, 5, 449.64, 1483459, 545
3422, 140, 12, 17, 1, 0, 0.83%, 0, 0, 5, 463.26, 1485860, 545
3427, 140, 14, 17, 1, 0, 0.83%, 0, 0, 5, 432.21, 1487999, 545
3432, 140, 10, 17, 1, 0, 0.83%, 0, 0, 5, 418.63, 1490097, 545
3437, 141, 6, 17, 1, 0, 0.83%, 0, 0, 5, 437.29, 1492295, 545
3443, 141, 10, 17, 1, 0, 0.83%, 0, 0, 5, 423.24, 1494491, 545
3448, 141, 10, 17, 1, 0, 0.83%, 0, 0, 5, 421.38, 1496667, 545
3453, 141, 10, 17, 1, 0, 0.83%, 0, 0, 5, 450.06, 1498996, 545
3458, 142, 10, 17, 1, 0, 0.83%, 0, 0, 5, 420.54, 1501081, 545
3463, 142, 10, 17, 1, 0, 0.83%, 0, 0, 5, 441.01, 1503341, 545
3468, 142, 6, 17, 1, 0, 0.83%, 0, 0, 5, 466.19, 1505728, 545
3473, 143, 10, 17, 1, 0, 0.83%, 0, 0, 5, 452.33, 1507947, 545
3478, 143, 10, 17, 1, 0, 0.83%, 0, 0, 5, 449.82, 1510162, 545
3483, 143, 10, 17, 1, 0, 0.83%, 0, 0, 5, 436.68, 1512315, 545
3489, 143, 14, 17, 1, 0, 0.83%, 0, 0, 5, 429.21, 1514549, 545
3494, 143, 10, 17, 1, 0, 0.83%, 0, 0, 5, 417.21, 1516629, 545
3499, 144, 2, 17, 1, 0, 0.83%, 0, 0, 5, 423.10, 1518755, 545
3504, 144, 2, 17, 1, 0, 0.83%, 0, 0, 5, 434.59, 1520947, 545
3509, 144, 15, 17, 1, 0, 0.83%, 0, 0, 5, 429.50, 1523095, 545
3514, 144, 10, 17, 1, 0, 0.83%, 0, 0, 5, 436.83, 1525367, 545
3519, 144, 14, 17, 1, 0, 0.83%, 0, 0, 5, 428.03, 1527511, 545
3524, 145, 10, 17, 1, 0, 0.83%, 0, 0, 5, 417.31, 1529605, 545
3529, 145, 14, 17, 1, 0, 0.83%, 0, 0, 5, 418.92, 1531703, 545
3534, 145, 10, 17, 1, 0, 0.83%, 0, 0, 5, 425.51, 1533867, 545
3539, 145, 6, 17, 1, 0, 0.83%, 0, 0, 5, 425.01, 1536003, 545
3544, 145, 10, 17, 1, 0, 0.83%, 0, 0, 5, 429.06, 1538169, 545
3549, 146, 8, 17, 1, 0, 0.83%, 0, 0, 5, 449.35, 1540457, 545
3554, 146, 10, 17, 1, 0, 0.83%, 0, 0, 5, 432.85, 1542667, 545
3559, 146, 10, 17, 1, 0, 0.83%, 0, 0, 5, 464.66, 1545017, 545
3564, 146, 14, 17, 1, 0, 0.83%, 0, 0, 5, 422.91, 1547105, 545
3569, 146, 10, 17, 1, 0, 0.83%, 0, 0, 5, 422.09, 1549217, 545
3574, 146, 14, 17, 1, 0, 0.83%, 0, 0, 5, 419.44, 1551315, 545
3579, 147, 10, 17, 1, 0, 0.83%, 0, 0, 5, 429.93, 1553487, 545
3584, 147, 14, 18, 2, 0, 0.83%, 0, 0, 5, 417.91, 1555581, 545
3589, 147, 17, 18, 2, 1, 0.83%, 0, 0, 5, 413.12, 1557663, 545
3595, 147, 17, 18, 2, 1, 0.83%, 0, 0, 5, 418.68, 1559831, 545
3600, 147, 14, 18, 1, 0, 0.83%, 0, 0, 5, 418.05, 1561945, 545
3605, 147, 15, 18, 1, 0, 0.83%, 0, 0, 5, 425.86, 1564103, 545
3610, 147, 14, 18, 1, 0, 0.83%, 0, 0, 5, 454.89, 1566502, 545
3615, 147, 12, 18, 1, 0, 0.83%, 0, 0, 5, 439.51, 1568657, 545
3620, 148, 10, 18, 1, 0, 0.83%, 0, 0, 5, 425.02, 1570847, 545
3625, 148, 10, 18, 1, 0, 0.83%, 0, 0, 5, 416.67, 1572951, 545
3630, 148, 10, 18, 1, 0, 0.83%, 0, 0, 5, 424.81, 1575085, 545
3635, 148, 10, 18, 1, 0, 0.83%, 0, 0, 5, 427.75, 1577285, 545
3640, 148, 10, 18, 1, 0, 0.83%, 0, 0, 5, 436.68, 1579459, 545
3645, 149, 15, 18, 1, 0, 0.83%, 0, 0, 5, 444.78, 1581645, 545
3650, 149, 14, 18, 1, 0, 0.83%, 0, 0, 5, 434.58, 1583923, 545
3656, 149, 10, 18, 1, 0, 0.83%, 0, 0, 5, 426.15, 1586113, 545
3661, 149, 17, 18, 1, 0, 0.83%, 0, 0, 5, 454.50, 1588395, 545
3666, 149, 17, 18, 1, 0, 0.83%, 0, 0, 5, 420.22, 1590477, 545
3671, 149, 17, 18, 1, 0, 0.83%, 0, 0, 5, 415.71, 1592573, 545
3676, 150, 10, 18, 1, 0, 0.83%, 0, 0, 5, 428.11, 1594803, 545
3681, 150, 17, 18, 1, 0, 0.83%, 0, 0, 5, 425.86, 1596993, 545
3686, 150, 17, 18, 1, 0, 0.83%, 0, 0, 5, 415.13, 1599057, 545
3691, 150, 17, 18, 1, 0, 0.83%, 0, 0, 5, 409.98, 1601137, 545
3696, 150, 14, 18, 1, 0, 0.83%, 0, 0, 5, 414.82, 1603231, 545
3701, 150, 10, 18, 1, 0, 0.83%, 0, 0, 5, 432.79, 1605467, 545
3706, 150, 10, 18, 1, 0, 0.83%, 0, 0, 5, 420.25, 1607637, 545
3711, 151, 16, 18, 1, 0, 0.83%, 0, 0, 5, 420.27, 1609755, 545
3716, 151, 12, 18, 1, 0, 0.83%, 0, 0, 5, 442.62, 1611999, 545
3721, 151, 14, 18, 1, 0, 0.83%, 0, 0, 5, 435.02, 1614197, 545
3727, 151, 10, 18, 1, 0, 0.83%, 0, 0, 5, 420.29, 1616299, 545
3732, 152, 14, 18, 1, 0, 0.83%, 0, 0, 5, 422.52, 1618465, 545
3737, 152, 10, 18, 1, 0, 0.83%, 0, 0, 5, 448.15, 1620751, 545
3742, 152, 14, 18, 1, 0, 0.83%, 0, 0, 5, 419.76, 1622895, 545
3747, 152, 17, 18, 1, 0, 0.83%, 0, 0, 5, 424.45, 1625039, 545
3752, 152, 17, 18, 1, 0, 0.83%, 0, 0, 5, 419.27, 1627143, 545
3757, 152, 7, 18, 1, 0, 0.83%, 0, 0, 5, 426.25, 1629351, 545
3762, 152, 10, 18, 1, 0, 0.83%, 0, 0, 5, 426.99, 1631609, 545
3767, 153, 10, 18, 1, 0, 0.83%, 0, 0, 5, 438.07, 1633809, 545
3772, 153, 17, 18, 1, 0, 0.83%, 0, 0, 5, 416.24, 1635871, 545
3777, 153, 17, 18, 1, 0, 0.83%, 0, 0, 5, 416.05, 1637967, 545
3783, 153, 10, 18, 1, 0, 0.83%, 0, 0, 5, 414.25, 1640131, 545
3788, 153, 10, 18, 1, 0, 0.83%, 0, 0, 5, 420.91, 1642249, 545
3793, 153, 10, 18, 1, 0, 0.83%, 0, 0, 5, 409.76, 1644313, 545
3798, 153, 17, 18, 1, 0, 0.83%, 0, 0, 5, 403.48, 1646335, 545
3803, 153, 17, 18, 1, 0, 0.83%, 0, 0, 5, 406.28, 1648455, 545
3808, 153, 14, 18, 1, 0, 0.83%, 0, 0, 5, 403.78, 1650485, 545
3813, 154, 10, 18, 1, 0, 0.83%, 0, 0, 5, 408.24, 1652533, 545
3818, 154, 10, 18, 1, 0, 0.83%, 0, 0, 5, 410.44, 1654581, 545
3823, 154, 17, 18, 1, 0, 0.83%, 0, 0, 5, 418.79, 1656681, 545
3828, 154, 17, 18, 1, 0, 0.83%, 0, 0, 5, 400.35, 1658657, 545
3833, 154, 17, 18, 1, 0, 0.83%, 0, 0, 5, 413.70, 1660721, 545
3838, 154, 10, 18, 1, 0, 0.83%, 0, 0, 5, 417.38, 1662907, 545
3843, 154, 17, 18, 1, 0, 0.83%, 0, 0, 5, 418.56, 1665031, 545
3848, 154, 17, 18, 1, 0, 0.83%, 0, 0, 5, 421.98, 1667167, 545
3853, 154, 12, 18, 1, 0, 0.83%, 0, 0, 5, 426.60, 1669293, 545
3859, 155, 10, 18, 1, 0, 0.83%, 0, 0, 5, 432.50, 1671555, 545
3864, 155, 10, 18, 1, 0, 0.83%, 0, 0, 5, 420.71, 1673670, 545
3869, 155, 6, 18, 1, 0, 0.83%, 0, 0, 5, 423.54, 1675899, 545
3874, 155, 15, 18, 1, 0, 0.83%, 0, 0, 5, 463.65, 1678304, 545
3879, 156, 10, 18, 1, 0, 0.83%, 0, 0, 5, 439.47, 1680531, 545
3884, 156, 10, 18, 1, 0, 0.83%, 0, 0, 5, 425.91, 1682643, 545
3889, 156, 10, 18, 1, 0, 0.83%, 0, 0, 5, 431.80, 1684821, 545
3894, 156, 10, 18, 1, 0, 0.83%, 0, 0, 5, 413.53, 1686955, 545
3899, 156, 10, 18, 1, 0, 0.83%, 0, 0, 5, 417.63, 1689061, 545
3904, 157, 17, 18, 1, 0, 0.83%, 0, 0, 5, 429.60, 1691289, 545
3909, 157, 17, 18, 1, 0, 0.83%, 0, 0, 5, 417.34, 1693377, 545
3914, 157, 10, 18, 1, 0, 0.83%, 0, 0, 5, 425.91, 1695519, 545
3919, 157, 7, 18, 1, 0, 0.83%, 0, 0, 5, 429.67, 1697677, 545
3924, 157, 7, 18, 1, 0, 0.83%, 0, 0, 5, 448.66, 1699951, 545
3930, 158, 10, 18, 1, 0, 0.83%, 0, 0, 5, 429.21, 1702141, 545
3935, 158, 10, 18, 1, 0, 0.83%, 0, 0, 5, 439.46, 1704475, 545
3940, 158, 10, 18, 1, 0, 0.83%, 0, 0, 5, 416.59, 1706553, 545
3945, 158, 10, 18, 1, 0, 0.83%, 0, 0, 5, 431.09, 1708761, 545
3950, 159, 14, 18, 1, 0, 0.83%, 0, 0, 5, 437.48, 1710971, 545
3955, 159, 17, 18, 1, 0, 0.83%, 0, 0, 5, 428.30, 1713103, 545
3960, 159, 17, 18, 1, 0, 0.83%, 0, 0, 5, 415.72, 1715263, 545
3965, 159, 14, 18, 1, 0, 0.83%, 0, 0, 5, 415.11, 1717351, 545
3970, 159, 14, 18, 1, 0, 0.83%, 0, 0, 5, 422.62, 1719511, 545
3975, 159, 17, 18, 1, 0, 0.83%, 0, 0, 5, 424.40, 1721749, 545
3980, 159, 17, 18, 1, 0, 0.83%, 0, 0, 5, 415.16, 1723821, 545
3986, 159, 17, 18, 1, 0, 0.83%, 0, 0, 5, 419.28, 1726013, 545
3991, 159, 17, 18, 1, 0, 0.83%, 0, 0, 5, 418.28, 1728109, 545
3996, 159, 10, 18, 1, 0, 0.83%, 0, 0, 5, 424.12, 1730235, 545
4001, 159, 6, 18, 1, 0, 0.83%, 0, 0, 5, 427.28, 1732457, 545
4006, 160, 10, 18, 1, 0, 0.83%, 0, 0, 5, 427.29, 1734621, 545
4011, 160, 10, 18, 1, 0, 0.83%, 0, 0, 5, 418.89, 1736711, 545
4016, 160, 10, 18, 1, 0, 0.83%, 0, 0, 5, 435.51, 1738995, 545
4021, 160, 8, 18, 1, 0, 0.83%, 0, 0, 5, 445.79, 1741189, 545
4026, 160, 10, 18, 1, 0, 0.83%, 0, 0, 5, 425.54, 1743331, 545
4031, 161, 17, 18, 1, 0, 0.83%, 0, 0, 5, 425.68, 1745499, 545
4036, 161, 17, 18, 1, 0, 0.83%, 0, 0, 5, 416.94, 1747595, 545
4041, 161, 17, 18, 1, 0, 0.83%, 0, 0, 5, 415.59, 1749683, 545
4046, 161, 10, 18, 1, 0, 0.83%, 0, 0, 5, 419.25, 1751791, 545
4052, 161, 10, 18, 1, 0, 0.83%, 0, 0, 5, 435.52, 1754091, 545
4057, 161, 17, 18, 1, 0, 0.83%, 0, 0, 5, 418.78, 1756261, 545
4062, 161, 17, 18, 1, 0, 0.83%, 0, 0, 5, 417.49, 1758381, 545
4067, 161, 10, 18, 1, 0, 0.83%, 0, 0, 5, 419.51, 1760485, 545
4072, 161, 10, 18, 1, 0, 0.83%, 0, 0, 5, 426.19, 1762641, 545
4077, 162, 14, 18, 1, 0, 0.83%, 0, 0, 5, 420.84, 1764827, 545
4082, 162, 14, 18, 1, 0, 0.83%, 0, 0, 5, 437.99, 1767155, 545
4087, 162, 14, 18, 1, 0, 0.83%, 0, 0, 5, 424.58, 1769275, 545
4092, 162, 10, 18, 1, 0, 0.83%, 0, 0, 5, 412.89, 1771351, 545
4097, 162, 10, 18, 1, 0, 0.83%, 0, 0, 5, 417.79, 1773535, 545
4103, 162, 17, 18, 1, 0, 0.83%, 0, 0, 5, 426.56, 1775685, 545
4108, 162, 17, 18, 1, 0, 0.83%, 0, 0, 5, 413.53, 1777765, 545
4113, 162, 10, 18, 1, 0, 0.83%, 0, 0, 5, 438.45, 1779977, 545
4118, 163, 17, 18, 1, 0, 0.83%, 0, 0, 5, 419.10, 1782077, 545
4123, 163, 17, 18, 1, 0, 0.83%, 0, 0, 5, 413.20, 1784221, 545
4128, 163, 10, 18, 1, 0, 0.83%, 0, 0, 5, 413.08, 1786329, 545
4133, 163, 10, 18, 1, 0, 0.83%, 0, 0, 5, 433.43, 1788603, 545
4138, 163, 10, 18, 1, 0, 0.83%, 0, 0, 5, 419.89, 1790771, 545
4143, 163, 10, 18, 1, 0, 0.83%, 0, 0, 5, 424.49, 1792995, 545
4149, 164, 10, 18, 1, 0, 0.83%, 0, 0, 5, 421.36, 1795115, 545
4154, 164, 12, 18, 1, 0, 0.83%, 0, 0, 5, 433.60, 1797357, 545
4159, 164, 0, 18, 1, 0, 0.83%, 0, 0, 5, 383.83, 1799264, 545
4164, 164, 10, 18, 1, 0, 0.83%, 0, 0, 5, 415.72, 1801329, 545
4169, 164, 10, 18, 1, 0, 0.83%, 0, 0, 5, 448.09, 1803621, 545
4174, 165, 10, 18, 1, 0, 0.83%, 0, 0, 5, 430.22, 1805763, 545
4179, 165, 10, 18, 1, 0, 0.83%, 0, 0, 5, 424.18, 1807911, 545
4184, 165, 10, 18, 1, 0, 0.83%, 0, 0, 5, 429.71, 1810069, 545
4189, 166, 10, 18, 1, 0, 0.83%, 0, 0, 5, 443.79, 1812373, 545
4194, 166, 14, 18, 1, 0, 0.83%, 0, 0, 5, 432.50, 1814539, 545
4199, 166, 14, 18, 1, 0, 0.83%, 0, 0, 5, 421.36, 1816661, 545
4204, 166, 10, 18, 1, 0, 0.83%, 0, 0, 5, 413.10, 1818723, 545
4210, 166, 12, 18, 1, 0, 0.83%, 0, 0, 5, 438.63, 1821003, 545
4215, 166, 6, 18, 1, 0, 0.83%, 0, 0, 5, 431.96, 1823159, 545
4220, 167, 17, 18, 1, 0, 0.83%, 0, 0, 5, 426.30, 1825297, 545
4225, 167, 17, 18, 1, 0, 0.83%, 0, 0, 5, 416.09, 1827449, 545
4230, 167, 14, 18, 1, 0, 0.83%, 0, 0, 5, 413.19, 1829513, 545
4235, 167, 10, 18, 1, 0, 0.83%, 0, 0, 5, 417.74, 1831695, 545
4240, 167, 17, 18, 1, 0, 0.83%, 0, 0, 5, 419.73, 1833807, 545
4245, 167, 17, 18, 1, 0, 0.83%, 0, 0, 5, 416.03, 1835903, 545
4250, 167, 17, 18, 1, 0, 0.83%, 0, 0, 5, 414.84, 1838055, 545
4255, 167, 10, 18, 1, 0, 0.83%, 0, 0, 5, 438.98, 1840387, 545
4260, 168, 14, 18, 1, 0, 0.83%, 0, 0, 5, 431.87, 1842519, 545
4266, 168, 10, 18, 1, 0, 0.83%, 0, 0, 5, 437.54, 1844699, 545
4271, 168, 10, 18, 1, 0, 0.83%, 0, 0, 5, 416.93, 1846785, 545
4276, 168, 10, 18, 1, 0, 0.83%, 0, 0, 5, 449.82, 1849084, 545
4281, 169, 10, 18, 1, 0, 0.83%, 0, 0, 5, 450.95, 1851320, 545
4286, 169, 10, 18, 1, 0, 0.83%, 0, 0, 5, 428.16, 1853441, 545
4291, 169, 10, 18, 1, 0, 0.83%, 0, 0, 5, 423.20, 1855607, 545
4296, 169, 10, 18, 1, 0, 0.83%, 0, 0, 5, 425.88, 1857709, 545
4301, 170, 10, 18, 1, 0, 0.83%, 0, 0, 5, 421.93, 1859901, 545
4306, 170, 17, 18, 1, 0, 0.83%, 0, 0, 5, 440.68, 1862125, 545
4311, 170, 17, 18, 1, 0, 0.83%, 0, 0, 5, 415.56, 1864197, 545
4316, 170, 17, 18, 1, 0, 0.83%, 0, 0, 5, 414.22, 1866301, 545
4321, 170, 10, 18, 1, 0, 0.83%, 0, 0, 5, 417.23, 1868471, 545
4326, 170, 12, 18, 1, 0, 0.83%, 0, 0, 5, 438.39, 1870777, 545
4331, 170, 10, 18, 1, 0, 0.83%, 0, 0, 5, 432.65, 1872961, 545
4336, 171, 10, 18, 1, 0, 0.83%, 0, 0, 5, 430.39, 1875119, 545
4342, 171, 6, 18, 1, 0, 0.83%, 0, 0, 5, 423.72, 1877231, 545
4347, 171, 6, 18, 1, 0, 0.83%, 0, 0, 5, 449.09, 1879505, 545
4352, 171, 10, 18, 1, 0, 0.83%, 0, 0, 5, 437.96, 1881669, 545
4357, 172, 10, 18, 1, 0, 0.83%, 0, 0, 5, 417.31, 1883751, 545
4362, 172, 10, 18, 1, 0, 0.83%, 0, 0, 5, 427.87, 1885917, 545
4367, 172, 10, 18, 1, 0, 0.83%, 0, 0, 5, 452.24, 1888249, 545
4372, 172, 8, 18, 1, 0, 0.83%, 0, 0, 5, 448.31, 1890425, 545
4377, 173, 10, 18, 1, 0, 0.83%, 0, 0, 5, 438.19, 1892621, 545
4382, 173, 10, 18, 1, 0, 0.83%, 0, 0, 5, 433.01, 1894843, 545
4387, 173, 17, 18, 1, 0, 0.83%, 0, 0, 5, 417.49, 1896923, 545
4392, 173, 17, 18, 1, 0, 0.83%, 0, 0, 5, 419.69, 1899027, 545
4397, 173, 17, 18, 1, 0, 0.83%, 0, 0, 5, 421.42, 1901139, 545
4402, 173, 10, 18, 1, 0, 0.83%, 0, 0, 5, 422.90, 1903277, 545
4407, 173, 14, 18, 1, 0, 0.83%, 0, 0, 5, 421.05, 1905397, 545
4412, 174, 10, 18, 1, 0, 0.83%, 0, 0, 5, 440.76, 1907695, 545
4417, 174, 17, 18, 1, 0, 0.83%, 0, 0, 5, 430.49, 1909829, 545
4422, 174, 17, 18, 1, 0, 0.83%, 0, 0, 5, 414.97, 1911885, 545
4427, 174, 17, 18, 1, 0, 0.83%, 0, 0, 5, 420.33, 1914013, 545
4433, 174, 10, 18, 1, 0, 0.83%, 0, 0, 5, 417.68, 1916175, 545
4438, 174, 10, 18, 1, 0, 0.83%, 0, 0, 5, 434.24, 1918351, 545
4443, 174, 10, 18, 1, 0, 0.83%, 0, 0, 5, 417.26, 1920431, 545
4448, 175, 8, 18, 1, 0, 0.83%, 0, 0, 5, 417.25, 1922527, 545
4453, 175, 15, 18, 1, 0, 0.83%, 0, 0, 5, 475.08, 1925081, 545
4458, 175, 6, 18, 1, 0, 0.83%, 0, 0, 5, 444.95, 1927319, 545
4463, 175, 10, 18, 1, 0, 0.83%, 0, 0, 5, 432.87, 1929601, 545
4468, 175, 10, 18, 1, 0, 0.83%, 0, 0, 5, 427.70, 1931777, 545
4473, 175, 17, 18, 1, 0, 0.83%, 0, 0, 5, 416.18, 1933863, 545
4478, 175, 17, 18, 1, 0, 0.83%, 0, 0, 5, 416.40, 1935975, 545
4483, 176, 17, 18, 1, 0, 0.83%, 0, 0, 5, 418.92, 1938099, 545
4488, 176, 17, 18, 1, 0, 0.83%, 0, 0, 5, 415.49, 1940171, 545
4493, 176, 17, 18, 1, 0, 0.83%, 0, 0, 5, 413.02, 1942259, 545
4498, 176, 17, 18, 1, 0, 0.83%, 0, 0, 5, 418.84, 1944371, 545
4504, 176, 17, 18, 1, 0, 0.83%, 0, 0, 5, 415.68, 1946523, 545
4509, 176, 12, 18, 1, 0, 0.83%, 0, 0, 5, 432.06, 1948767, 545
4514, 176, 10, 18, 1, 0, 0.83%, 0, 0, 5, 439.64, 1951029, 545
4519, 176, 10, 18, 1, 0, 0.83%, 0, 0, 5, 441.92, 1953323, 545
4524, 176, 10, 18, 1, 0, 0.83%, 0, 0, 5, 421.61, 1955411, 545
4529, 176, 10, 18, 1, 0, 0.83%, 0, 0, 5, 439.03, 1957707, 545
4534, 177, 10, 18, 1, 0, 0.83%, 0, 0, 5, 422.80, 1959811, 545
4539, 177, 15, 18, 1, 0, 0.83%, 0, 0, 5, 440.82, 1961995, 545
4544, 177, 14, 18, 1, 0, 0.83%, 0, 0, 5, 435.73, 1964217, 545
4549, 177, 12, 18, 1, 0, 0.83%, 0, 0, 5, 424.25, 1966329, 545
4554, 177, 10, 18, 1, 0, 0.83%, 0, 0, 5, 427.58, 1968515, 545
4559, 177, 10, 18, 1, 0, 0.83%, 0, 0, 5, 429.04, 1970657, 545
4564, 178, 10, 18, 1, 0, 0.83%, 0, 0, 5, 430.17, 1972799, 545
4570, 178, 17, 18, 1, 0, 0.83%, 0, 0, 5, 418.60, 1974981, 545
4575, 178, 17, 18, 1, 0, 0.83%, 0, 0, 5, 420.05, 1977165, 545
4580, 178, 10, 18, 1, 0, 0.83%, 0, 0, 5, 425.30, 1979397, 545
4585, 178, 14, 18, 1, 0, 0.83%, 0, 0, 5, 420.57, 1981527, 545
4590, 178, 6, 18, 1, 0, 0.83%, 0, 0, 5, 453.75, 1983785, 545
4595, 179, 14, 18, 1, 0, 0.83%, 0, 0, 5, 441.10, 1986043, 545
4600, 179, 17, 18, 1, 0, 0.83%, 0, 0, 5, 425.41, 1988233, 545
4605, 179, 17, 18, 1, 0, 0.83%, 0, 0, 5, 417.58, 1990393, 545
4610, 179, 10, 18, 1, 0, 0.83%, 0, 0, 5, 414.28, 1992489, 545
4615, 179, 10, 18, 1, 0, 0.83%, 0, 0, 5, 418.75, 1994641, 545
4621, 179, 8, 18, 1, 0, 0.83%, 0, 0, 5, 439.42, 1996825, 545
4626, 179, 10, 18, 1, 0, 0.83%, 0, 0, 5, 427.73, 1999069, 545
4631, 180, 10, 18, 1, 0, 0.83%, 0, 0, 5, 438.48, 2001263, 545
4636, 180, 17, 18, 1, 0, 0.83%, 0, 0, 5, 450.80, 2003600, 545
4641, 180, 17, 18, 1, 0, 0.83%, 0, 0, 5, 421.56, 2005689, 545
4646, 180, 17, 18, 1, 0, 0.83%, 0, 0, 5, 414.68, 2007777, 545
4651, 180, 17, 18, 1, 0, 0.83%, 0, 0, 5, 414.54, 2009951, 545
4656, 180, 17, 18, 1, 0, 0.83%, 0, 0, 5, 421.95, 2012071, 545
4661, 180, 6, 18, 1, 0, 0.83%, 0, 0, 5, 438.81, 2014261, 545
4666, 181, 14, 18, 1, 0, 0.83%, 0, 0, 5, 436.91, 2016507, 545
4671, 181, 12, 18, 1, 0, 0.83%, 0, 0, 5, 430.02, 2018651, 545
4676, 181, 17, 18, 1, 0, 0.83%, 0, 0, 5, 423.92, 2020807, 545
4681, 181, 17, 18, 1, 0, 0.83%, 0, 0, 5, 413.27, 2022879, 545
4686, 181, 10, 18, 1, 0, 0.83%, 0, 0, 5, 421.07, 2025053, 545
4692, 181, 12, 18, 1, 0, 0.83%, 0, 0, 5, 430.76, 2027205, 545
4697, 181, 14, 18, 1, 0, 0.83%, 0, 0, 5, 425.85, 2029341, 545
4702, 181, 10, 18, 1, 0, 0.83%, 0, 0, 5, 421.47, 2031533, 545
4707, 181, 14, 18, 1, 0, 0.83%, 0, 0, 5, 450.32, 2033790, 545
4712, 181, 10, 18, 1, 0, 0.83%, 0, 0, 5, 428.12, 2035981, 545
4717, 182, 12, 18, 1, 0, 0.83%, 0, 0, 5, 423.75, 2038115, 545
4722, 182, 7, 18, 1, 0, 0.83%, 0, 0, 5, 446.17, 2040357, 545
4727, 182, 14, 18, 1, 0, 0.83%, 0, 0, 5, 450.14, 2042743, 545
4732, 182, 14, 18, 1, 0, 0.83%, 0, 0, 5, 427.58, 2044885, 545
4737, 182, 6, 18, 1, 0, 0.83%, 0, 0, 5, 422.04, 2046995, 545
4742, 183, 10, 18, 1, 0, 0.83%, 0, 0, 5, 428.68, 2049175, 545
4747, 183, 10, 18, 1, 0, 0.83%, 0, 0, 5, 418.79, 2051279, 545
4752, 183, 10, 18, 1, 0, 0.83%, 0, 0, 5, 416.11, 2053359, 545
4757, 183, 10, 18, 1, 0, 0.83%, 0, 0, 5, 414.49, 2055439, 545
4762, 183, 10, 18, 1, 0, 0.83%, 0, 0, 5, 440.06, 2057679, 545
4767, 184, 10, 18, 1, 0, 0.83%, 0, 0, 5, 420.53, 2059767, 545
4773, 184, 8, 18, 1, 0, 0.83%, 0, 0, 5, 423.23, 2061973, 545
4778, 184, 10, 18, 1, 0, 0.83%, 0, 0, 5, 425.98, 2064181, 545
4783, 184, 10, 18, 1, 0, 0.83%, 0, 0, 5, 428.25, 2066323, 545
4788, 185, 10, 18, 1, 0, 0.83%, 0, 0, 5, 415.61, 2068483, 545
4793, 185, 17, 18, 1, 0, 0.83%, 0, 0, 5, 417.41, 2070585, 545
4798, 185, 17, 18, 1, 0, 0.83%, 0, 0, 5, 413.34, 2072665, 545
4803, 185, 10, 18, 1, 0, 0.83%, 0, 0, 5, 420.85, 2074835, 545
4808, 185, 10, 18, 1, 0, 0.83%, 0, 0, 5, 430.43, 2076997, 545
4813, 185, 7, 18, 1, 0, 0.83%, 0, 0, 5, 449.45, 2079249, 545
4818, 185, 10, 18, 1, 0, 0.83%, 0, 0, 5, 437.38, 2081409, 545
4823, 185, 14, 18, 1, 0, 0.83%, 0, 0, 5, 433.07, 2083601, 545
4828, 186, 10, 18, 1, 0, 0.83%, 0, 0, 5, 422.08, 2085713, 545
4833, 186, 10, 18, 1, 0, 0.83%, 0, 0, 5, 425.16, 2087911, 545
4838, 186, 10, 18, 1, 0, 0.83%, 0, 0, 5, 425.23, 2090077, 545
4843, 186, 10, 18, 1, 0, 0.83%, 0, 0, 5, 442.43, 2092283, 545
4849, 186, 10, 18, 1, 0, 0.83%, 0, 0, 5, 424.93, 2094405, 545
4854, 187, 10, 18, 1, 0, 0.83%, 0, 0, 5, 433.82, 2096593, 545
4859, 187, 10, 18, 1, 0, 0.83%, 0, 0, 5, 427.60, 2098759, 545
4864, 187, 10, 18, 1, 0, 0.83%, 0, 0, 5, 432.36, 2100911, 545
4869, 187, 10, 18, 1, 0, 0.83%, 0, 0, 5, 433.03, 2103069, 545
4874, 188, 8, 18, 1, 0, 0.83%, 0, 0, 5, 457.13, 2105433, 545
4879, 188, 14, 18, 1, 0, 0.83%, 0, 0, 5, 429.17, 2107615, 545
4884, 188, 10, 18, 1, 0, 0.83%, 0, 0, 5, 445.23, 2109901, 545
4889, 188, 10, 18, 1, 0, 0.83%, 0, 0, 5, 422.08, 2112005, 545
4894, 188, 14, 18, 1, 0, 0.83%, 0, 0, 5, 419.75, 2114125, 545
4899, 188, 10, 18, 1, 0, 0.83%, 0, 0, 5, 427.18, 2116267, 545
4904, 189, 15, 18, 1, 0, 0.83%, 0, 0, 5, 453.74, 2118581, 545
4909, 189, 17, 18, 1, 0, 0.83%, 0, 0, 5, 446.65, 2120877, 545
4914, 189, 17, 18, 1, 0, 0.83%, 0, 0, 5, 423.50, 2122965, 545
4919, 189, 14, 18, 1, 0, 0.83%, 0, 0, 5, 419.21, 2125061, 545
4924, 189, 17, 18, 1, 0, 0.83%, 0, 0, 5, 418.02, 2127159, 545
4930, 189, 17, 18, 1, 0, 0.83%, 0, 0, 5, 413.33, 2129239, 545
4935, 189, 10, 18, 1, 0, 0.83%, 0, 0, 5, 417.81, 2131341, 545
4940, 189, 10, 18, 1, 0, 0.83%, 0, 0, 5, 420.98, 2133453, 545
4945, 189, 17, 18, 1, 0, 0.83%, 0, 0, 5, 413.59, 2135515, 545
4950, 189, 17, 18, 1, 0, 0.83%, 0, 0, 5, 415.04, 2137595, 545
4955, 189, 10, 18, 1, 0, 0.83%, 0, 0, 5, 417.03, 2139695, 545
4960, 190, 10, 18, 1, 0, 0.83%, 0, 0, 5, 418.10, 2141799, 545
4965, 190, 6, 18, 1, 0, 0.83%, 0, 0, 5, 422.08, 2143903, 545
4970, 190, 14, 18, 1, 0, 0.83%, 0, 0, 5, 421.34, 2146039, 545
4975, 190, 12, 18, 1, 0, 0.83%, 0, 0, 5, 438.51, 2148305, 545
4980, 190, 10, 18, 1, 0, 0.83%, 0, 0, 5, 443.20, 2150543, 545
4985, 190, 10, 18, 1, 0, 0.83%, 0, 0, 5, 425.06, 2152649, 545
4990, 191, 14, 18, 1, 0, 0.83%, 0, 0, 5, 427.04, 2154855, 545
4995, 191, 10, 18, 1, 0, 0.83%, 0, 0, 5, 425.64, 2156975, 545
5000, 191, 10, 18, 1, 0, 0.83%, 0, 0, 5, 454.23, 2159245, 545
5005, 191, 10, 18, 1, 0, 0.83%, 0, 0, 5, 475.68, 2161649, 545
5010, 192, 10, 18, 1, 0, 0.83%, 0, 0, 5, 430.01, 2163751, 545
5015, 192, 10, 18, 1, 0, 0.83%, 0, 0, 5, 419.89, 2165845, 545
5020, 192, 10, 18, 1, 0, 0.83%, 0, 0, 5, 418.90, 2167935, 545
5025, 192, 12, 18, 1, 0, 0.83%, 0, 0, 5, 431.77, 2170125, 545
5030, 192, 10, 18, 1, 0, 0.83%, 0, 0, 5, 428.48, 2172303, 545
5035, 193, 10, 18, 1, 0, 0.83%, 0, 0, 5, 423.47, 2174469, 545
5040, 193, 10, 18, 1, 0, 0.83%, 0, 0, 5, 416.47, 2176524, 545
5045, 193, 14, 18, 1, 0, 0.83%, 0, 0, 5, 422.93, 2178685, 545
5051, 193, 14, 18, 1, 0, 0.83%, 0, 0, 5, 411.42, 2180805, 545
5056, 193, 10, 18, 1, 0, 0.83%, 0, 0, 5, 412.62, 2182877, 545
5061, 193, 10, 18, 1, 0, 0.83%, 0, 0, 5, 423.34, 2185017, 545
5066, 194, 10, 18, 1, 0, 0.83%, 0, 0, 5, 422.24, 2187121, 545
5071, 194, 6, 18, 1, 0, 0.83%, 0, 0, 5, 439.32, 2189421, 545
5076, 194, 10, 18, 1, 0, 0.83%, 0, 0, 5, 424.03, 2191531, 545
5081, 194, 10, 18, 1, 0, 0.83%, 0, 0, 5, 419.79, 2193625, 545
5086, 195, 7, 18, 1, 0, 0.83%, 0, 0, 5, 418.37, 2195737, 545
5091, 195, 10, 18, 1, 0, 0.83%, 0, 0, 5, 425.26, 2197895, 545
5096, 195, 10, 18, 1, 0, 0.83%, 0, 0, 5, 425.43, 2200029, 545
5101, 195, 10, 18, 1, 0, 0.83%, 0, 0, 5, 427.65, 2202173, 545
5106, 196, 10, 18, 1, 0, 0.83%, 0, 0, 5, 427.83, 2204341, 545
5111, 196, 17, 18, 1, 0, 0.83%, 0, 0, 5, 420.98, 2206551, 545
5116, 196, 17, 18, 1, 0, 0.83%, 0, 0, 5, 422.25, 2208671, 545
5121, 196, 12, 18, 1, 0, 0.83%, 0, 0, 5, 431.67, 2210821, 545
5126, 196, 10, 18, 1, 0, 0.83%, 0, 0, 5, 424.85, 2212957, 545
5132, 196, 10, 18, 1, 0, 0.83%, 0, 0, 5, 425.52, 2215163, 545
5137, 196, 8, 18, 1, 0, 0.83%, 0, 0, 5, 449.04, 2217395, 545
5142, 197, 10, 18, 1, 0, 0.83%, 0, 0, 5, 435.13, 2219681, 545
5147, 197, 7, 18, 1, 0, 0.83%, 0, 0, 5, 418.69, 2221745, 545
5152, 197, 10, 18, 1, 0, 0.83%, 0, 0, 5, 425.22, 2223903, 545
5157, 197, 10, 18, 1, 0, 0.83%, 0, 0, 5, 421.45, 2226017, 545
5162, 197, 10, 18, 1, 0, 0.83%, 0, 0, 5, 425.65, 2228181, 545
5167, 198, 10, 18, 1, 0, 0.83%, 0, 0, 5, 422.57, 2230307, 545
5172, 198, 12, 18, 1, 0, 0.83%, 0, 0, 5, 423.52, 2232417, 545
5177, 198, 10, 18, 1, 0, 0.83%, 0, 0, 5, 432.88, 2234631, 545
5182, 198, 10, 18, 1, 0, 0.83%, 0, 0, 5, 439.43, 2236923, 545
5187, 198, 7, 18, 1, 0, 0.83%, 0, 0, 5, 435.86, 2239123, 545
5192, 199, 10, 18, 1, 0, 0.83%, 0, 0, 5, 424.53, 2241289, 545
5197, 199, 10, 18, 1, 0, 0.83%, 0, 0, 5, 422.25, 2243433, 545
5202, 199, 10, 18, 1, 0, 0.83%, 0, 0, 5, 442.27, 2245799, 545
5207, 199, 10, 18, 1, 0, 0.83%, 0, 0, 5, 429.17, 2247935, 545
5213, 199, 12, 18, 1, 0, 0.83%, 0, 0, 5, 434.95, 2250185, 545
5218, 200, 10, 18, 1, 0, 0.83%, 0, 0, 5, 460.20, 2252543, 545
5223, 200, 10, 18, 1, 0, 0.83%, 0, 0, 5, 443.40, 2254769, 545
5228, 200, 10, 18, 1, 0, 0.83%, 0, 0, 5, 421.85, 2256873, 545
5233, 200, 17, 18, 1, 0, 0.83%, 0, 0, 5, 422.69, 2259001, 545
5238, 200, 17, 18, 1, 0, 0.83%, 0, 0, 5, 419.19, 2261105, 545
5243, 200, 10, 18, 1, 0, 0.83%, 0, 0, 5, 423.84, 2263305, 545
5248, 200, 10, 18, 1, 0, 0.83%, 0, 0, 5, 417.30, 2265387, 545
5253, 200, 14, 18, 1, 0, 0.83%, 0, 0, 5, 418.42, 2267565, 545
5258, 201, 8, 18, 1, 0, 0.83%, 0, 0, 5, 425.33, 2269715, 545
5263, 201, 10, 18, 1, 0, 0.83%, 0, 0, 5, 428.71, 2271915, 545
5269, 201, 10, 18, 1, 0, 0.83%, 0, 0, 5, 446.39, 2274235, 545
5274, 201, 17, 18, 1, 0, 0.83%, 0, 0, 5, 423.84, 2276417, 545
5279, 201, 17, 18, 1, 0, 0.83%, 0, 0, 5, 415.92, 2278489, 545
5284, 201, 17, 18, 1, 0, 0.83%, 0, 0, 5, 415.92, 2280577, 545
5289, 202, 14, 18, 1, 0, 0.83%, 0, 0, 5, 428.52, 2282807, 545
5294, 202, 10, 18, 1, 0, 0.83%, 0, 0, 5, 422.46, 2284913, 545
5299, 202, 12, 18, 1, 0, 0.83%, 0, 0, 5, 437.55, 2287199, 545
5304, 202, 12, 18, 1, 0, 0.83%, 0, 0, 5, 449.63, 2289502, 545
5309, 202, 10, 18, 1, 0, 0.83%, 0, 0, 5, 423.22, 2291597, 545
5314, 202, 14, 18, 1, 0, 0.83%, 0, 0, 5, 422.85, 2293725, 545
5319, 203, 6, 18, 1, 0, 0.83%, 0, 0, 5, 424.06, 2295857, 545
5324, 203, 17, 18, 1, 0, 0.83%, 0, 0, 5, 419.85, 2297965, 545
5329, 203, 17, 18, 1, 0, 0.83%, 0, 0, 5, 420.40, 2300093, 545
5335, 203, 14, 18, 1, 0, 0.83%, 0, 0, 5, 419.05, 2302269, 545
5340, 203, 14, 18, 1, 0, 0.83%, 0, 0, 5, 424.93, 2304539, 545
5345, 203, 10, 18, 1, 0, 0.83%, 0, 0, 5, 445.49, 2306807, 545
5350, 204, 12, 18, 1, 0, 0.83%, 0, 0, 5, 439.43, 2308991, 545
5355, 204, 14, 18, 1, 0, 0.83%, 0, 0, 5, 442.78, 2311201, 545
5360, 204, 10, 18, 1, 0, 0.83%, 0, 0, 5, 427.08, 2313387, 545
5365, 204, 10, 18, 1, 0, 0.83%, 0, 0, 5, 423.21, 2315505, 545
5370, 204, 17, 18, 1, 0, 0.83%, 0, 0, 5, 412.12, 2317555, 545
5375, 204, 17, 18, 1, 0, 0.83%, 0, 0, 5, 420.69, 2319755, 545
5381, 204, 10, 18, 1, 0, 0.83%, 0, 0, 5, 414.53, 2321915, 545
5386, 205, 6, 18, 1, 0, 0.83%, 0, 0, 5, 426.43, 2324139, 545
5391, 205, 14, 18, 1, 0, 0.83%, 0, 0, 5, 438.04, 2326399, 545
5396, 205, 17, 18, 1, 0, 0.83%, 0, 0, 5, 422.81, 2328513, 545
5401, 205, 17, 18, 1, 0, 0.83%, 0, 0, 5, 419.85, 2330617, 545
5406, 205, 10, 18, 1, 0, 0.83%, 0, 0, 5, 417.54, 2332721, 545
5411, 205, 10, 18, 1, 0, 0.83%, 0, 0, 5, 447.16, 2335049, 545
5416, 205, 10, 18, 1, 0, 0.83%, 0, 0, 5, 445.62, 2337277, 545
5421, 206, 8, 18, 1, 0, 0.83%, 0, 0, 5, 442.13, 2339441, 545
5426, 206, 10, 18, 1, 0, 0.83%, 0, 0, 5, 419.94, 2341531, 545
5431, 206, 12, 18, 1, 0, 0.83%, 0, 0, 5, 434.64, 2343709, 545
5436, 206, 10, 18, 1, 0, 0.83%, 0, 0, 5, 424.89, 2345851, 545
5441, 206, 17, 18, 1, 0, 0.83%, 0, 0, 5, 428.37, 2348019, 545
5446, 206, 17, 18, 1, 0, 0.83%, 0, 0, 5, 417.17, 2350091, 545
5451, 206, 17, 18, 1, 0, 0.83%, 0, 0, 5, 416.05, 2352243, 545
5456, 207, 15, 18, 1, 0, 0.83%, 0, 0, 5, 427.77, 2354373, 545
5462, 207, 7, 18, 1, 0, 0.83%, 0, 0, 5, 433.21, 2356597, 545
5467, 207, 17, 18, 1, 0, 0.83%, 0, 0, 5, 426.37, 2358723, 545
5472, 207, 17, 18, 1, 0, 0.83%, 0, 0, 5, 420.75, 2360907, 545
5477, 207, 10, 18, 1, 0, 0.83%, 0, 0, 5, 435.02, 2363101, 545
5482, 207, 10, 18, 1, 0, 0.83%, 0, 0, 5, 431.74, 2365261, 545
5487, 207, 6, 18, 1, 0, 0.83%, 0, 0, 5, 417.62, 2367357, 545
5492, 208, 10, 18, 1, 0, 0.83%, 0, 0, 5, 441.85, 2369587, 545
5497, 208, 10, 18, 1, 0, 0.83%, 0, 0, 5, 418.40, 2371739, 545
5502, 208, 10, 18, 1, 0, 0.83%, 0, 0, 5, 416.22, 2373819, 545
5507, 208, 14, 18, 1, 0, 0.83%, 0, 0, 5, 401.44, 2375847, 545
