# relative_time, cycles_done, cur_item, corpus_count, pending_total, pending_favs, map_size, saved_crashes, saved_hangs, max_depth, execs_per_sec, total_execs, edges_found
61, 0, 4, 10, 2, 0, 0.87%, 0, 0, 3, 243.88, 13144, 568
66, 0, 4, 10, 2, 0, 0.87%, 0, 0, 3, 228.35, 14308, 568
71, 0, 4, 10, 2, 0, 0.87%, 0, 0, 3, 227.28, 15464, 568
76, 0, 4, 10, 2, 0, 0.87%, 0, 0, 3, 224.09, 16599, 568
81, 0, 0, 10, 2, 0, 0.87%, 0, 0, 3, 233.87, 17828, 568
86, 0, 0, 11, 3, 0, 0.88%, 0, 0, 3, 239.17, 19072, 576
91, 0, 0, 11, 3, 0, 0.88%, 0, 0, 3, 239.69, 20316, 576
97, 0, 0, 12, 4, 0, 0.88%, 0, 0, 3, 238.99, 21565, 578
102, 0, 0, 12, 4, 0, 0.88%, 0, 0, 3, 240.41, 22816, 578
107, 0, 0, 12, 4, 0, 0.88%, 0, 0, 3, 240.71, 24032, 578
112, 0, 0, 12, 4, 0, 0.88%, 0, 0, 3, 238.31, 25260, 578
117, 0, 0, 12, 4, 0, 0.88%, 0, 0, 3, 237.75, 26452, 578
122, 0, 0, 12, 4, 0, 0.88%, 0, 0, 3, 239.24, 27684, 578
127, 0, 0, 12, 4, 0, 0.88%, 0, 0, 3, 238.18, 28920, 578
133, 0, 0, 12, 4, 0, 0.88%, 0, 0, 3, 237.79, 30160, 578
138, 0, 11, 12, 4, 2, 0.88%, 0, 0, 3, 235.59, 31348, 578
143, 0, 10, 12, 2, 0, 0.88%, 0, 0, 3, 237.40, 32569, 578
148, 0, 10, 12, 2, 0, 0.88%, 0, 0, 3, 237.61, 33805, 578
153, 1, 10, 12, 2, 0, 0.88%, 0, 0, 3, 239.34, 35043, 578
158, 1, 10, 12, 2, 0, 0.88%, 0, 0, 3, 238.28, 36237, 578
163, 1, 10, 12, 2, 0, 0.88%, 0, 0, 3, 241.23, 37481, 578
168, 1, 10, 12, 2, 0, 0.88%, 0, 0, 3, 239.13, 38719, 578
173, 1, 10, 12, 2, 0, 0.88%, 0, 0, 3, 240.19, 39929, 578
179, 1, 10, 12, 2, 0, 0.88%, 0, 0, 3, 237.26, 41141, 578
184, 1, 9, 12, 2, 0, 0.88%, 0, 0, 3, 231.42, 42287, 578
189, 1, 10, 12, 2, 0, 0.88%, 0, 0, 3, 233.43, 43453, 578
194, 1, 10, 12, 2, 0, 0.88%, 0, 0, 3, 238.13, 44681, 578
199, 1, 10, 12, 2, 0, 0.88%, 0, 0, 3, 241.82, 45895, 578
204, 1, 10, 12, 2, 0, 0.88%, 0, 0, 3, 239.45, 47093, 578
209, 1, 10, 12, 2, 0, 0.88%, 0, 0, 3, 237.56, 48327, 578
214, 1, 10, 12, 2, 0, 0.88%, 0, 0, 3, 238.29, 49567, 578
219, 1, 10, 12, 2, 0, 0.88%, 0, 0, 3, 236.49, 50755, 578
224, 1, 11, 12, 2, 0, 0.88%, 0, 0, 3, 236.52, 51993, 578
229, 1, 10, 12, 2, 0, 0.88%, 0, 0, 3, 235.96, 53173, 578
235, 1, 10, 12, 2, 0, 0.88%, 0, 0, 3, 240.42, 54417, 578
240, 2, 10, 12, 2, 0, 0.88%, 0, 0, 3, 248.69, 55727, 578
245, 2, 10, 12, 2, 0, 0.88%, 0, 0, 3, 236.50, 56939, 578
250, 2, 10, 13, 3, 0, 0.89%, 0, 0, 3, 237.95, 58173, 580
255, 2, 10, 13, 3, 0, 0.89%, 0, 0, 3, 237.84, 59413, 580
261, 2, 10, 13, 3, 0, 0.89%, 0, 0, 3, 238.73, 60653, 580
266, 2, 12, 13, 3, 1, 0.89%, 0, 0, 3, 239.89, 61901, 580
271, 2, 10, 13, 2, 0, 0.89%, 0, 0, 3, 240.07, 63145, 580
276, 2, 6, 13, 2, 0, 0.89%, 0, 0, 3, 220.69, 64269, 580
281, 2, 6, 13, 2, 0, 0.89%, 0, 0, 3, 214.83, 65407, 580
286, 2, 4, 13, 2, 0, 0.89%, 0, 0, 3, 230.91, 66569, 580
291, 2, 4, 13, 2, 0, 0.89%, 0, 0, 3, 225.06, 67729, 580
296, 2, 4, 13, 2, 0, 0.89%, 0, 0, 3, 226.36, 68873, 580
302, 2, 10, 13, 2, 0, 0.89%, 0, 0, 3, 225.91, 70041, 580
307, 2, 10, 13, 2, 0, 0.89%, 0, 0, 3, 237.47, 71245, 580
312, 2, 10, 13, 2, 0, 0.89%, 0, 0, 3, 234.93, 72465, 580
317, 2, 10, 13, 2, 0, 0.89%, 0, 0, 3, 235.57, 73685, 580
322, 3, 7, 13, 2, 0, 0.89%, 0, 0, 3, 248.11, 74965, 580
327, 3, 10, 13, 2, 0, 0.89%, 0, 0, 3, 242.17, 76181, 580
332, 3, 10, 13, 2, 0, 0.89%, 0, 0, 3, 240.58, 77421, 580
337, 3, 10, 13, 2, 0, 0.89%, 0, 0, 3, 226.79, 78535, 580
342, 3, 12, 13, 2, 0, 0.89%, 0, 0, 3, 219.82, 79633, 580
348, 3, 12, 13, 2, 0, 0.89%, 0, 0, 3, 236.85, 80877, 580
353, 3, 12, 13, 2, 0, 0.89%, 0, 0, 3, 239.15, 82121, 580
358, 3, 10, 13, 2, 0, 0.89%, 0, 0, 3, 241.31, 83381, 580
363, 3, 10, 13, 2, 0, 0.89%, 0, 0, 3, 227.06, 84523, 580
368, 3, 10, 13, 2, 0, 0.89%, 0, 0, 3, 233.61, 85751, 580
374, 3, 12, 13, 2, 0, 0.89%, 0, 0, 3, 238.02, 86979, 580
379, 3, 12, 13, 2, 0, 0.89%, 0, 0, 3, 239.76, 88223, 580
384, 3, 12, 13, 2, 0, 0.89%, 0, 0, 3, 241.37, 89479, 580
389, 3, 10, 13, 2, 0, 0.89%, 0, 0, 3, 239.67, 90731, 580
394, 4, 10, 13, 2, 0, 0.89%, 0, 0, 3, 240.85, 91943, 580
399, 4, 6, 13, 2, 0, 0.89%, 0, 0, 3, 218.94, 93067, 580
404, 4, 10, 13, 2, 0, 0.89%, 0, 0, 3, 231.04, 94233, 580
409, 4, 10, 13, 2, 0, 0.89%, 0, 0, 3, 239.19, 95473, 580
415, 4, 10, 13, 2, 0, 0.89%, 0, 0, 3, 240.48, 96721, 580
420, 4, 10, 13, 2, 0, 0.89%, 0, 0, 3, 238.34, 97957, 580
425, 4, 10, 13, 2, 0, 0.89%, 0, 0, 3, 238.64, 99201, 580
430, 4, 10, 13, 2, 0, 0.89%, 0, 0, 3, 240.51, 100449, 580
435, 4, 10, 13, 2, 0, 0.89%, 0, 0, 3, 222.12, 101559, 580
440, 4, 10, 13, 2, 0, 0.89%, 0, 0, 3, 232.76, 102783, 580
445, 5, 10, 13, 2, 0, 0.89%, 0, 0, 3, 221.96, 103865, 580
451, 5, 10, 13, 2, 0, 0.89%, 0, 0, 3, 234.30, 105101, 580
456, 5, 10, 13, 2, 0, 0.89%, 0, 0, 3, 237.34, 106293, 580
461, 5, 10, 13, 2, 0, 0.89%, 0, 0, 3, 239.24, 107533, 580
466, 5, 12, 13, 2, 0, 0.89%, 0, 0, 3, 240.16, 108785, 580
471, 5, 12, 13, 2, 0, 0.89%, 0, 0, 3, 238.96, 110013, 580
476, 5, 12, 13, 2, 0, 0.89%, 0, 0, 3, 241.76, 111225, 580
481, 5, 10, 13, 2, 0, 0.89%, 0, 0, 3, 238.45, 112457, 580
486, 5, 7, 13, 2, 0, 0.89%, 0, 0, 3, 250.32, 113745, 580
491, 5, 12, 13, 1, 0, 0.89%, 0, 0, 3, 245.83, 114987, 580
496, 5, 4, 13, 1, 0, 0.89%, 0, 0, 3, 235.18, 116163, 580
502, 5, 4, 13, 1, 0, 0.89%, 0, 0, 3, 226.84, 117335, 580
507, 5, 4, 13, 1, 0, 0.89%, 0, 0, 3, 223.40, 118451, 580
512, 5, 10, 13, 1, 0, 0.89%, 0, 0, 3, 225.91, 119571, 580
517, 6, 7, 13, 1, 0, 0.89%, 0, 0, 3, 245.58, 120851, 580
522, 6, 10, 13, 1, 0, 0.89%, 0, 0, 3, 243.04, 122115, 580
527, 6, 10, 13, 1, 0, 0.89%, 0, 0, 3, 239.92, 123355, 580
532, 6, 10, 13, 1, 0, 0.89%, 0, 0, 3, 238.04, 124579, 580
537, 6, 6, 13, 1, 0, 0.89%, 0, 0, 3, 222.12, 125715, 580
543, 6, 10, 13, 1, 0, 0.89%, 0, 0, 3, 233.26, 126921, 580
548, 6, 7, 13, 1, 0, 0.89%, 0, 0, 3, 247.39, 128209, 580
553, 6, 10, 13, 1, 0, 0.89%, 0, 0, 3, 245.24, 129489, 580
558, 6, 10, 13, 1, 0, 0.89%, 0, 0, 3, 238.14, 130721, 580
563, 6, 10, 13, 1, 0, 0.89%, 0, 0, 3, 240.47, 131977, 580
568, 7, 10, 13, 1, 0, 0.89%, 0, 0, 3, 235.97, 133161, 580
573, 7, 10, 13, 1, 0, 0.89%, 0, 0, 3, 224.73, 134269, 580
579, 7, 10, 13, 1, 0, 0.89%, 0, 0, 3, 236.22, 135501, 580
584, 7, 9, 13, 1, 0, 0.89%, 0, 0, 3, 233.14, 136717, 580
589, 7, 10, 13, 1, 0, 0.89%, 0, 0, 3, 220.15, 137843, 580
594, 7, 10, 13, 1, 0, 0.89%, 0, 0, 3, 236.11, 139051, 580
599, 7, 10, 13, 1, 0, 0.89%, 0, 0, 3, 239.04, 140299, 580
604, 7, 10, 13, 1, 0, 0.89%, 0, 0, 3, 240.85, 141555, 580
610, 7, 10, 13, 1, 0, 0.89%, 0, 0, 3, 239.40, 142795, 580
615, 7, 10, 13, 1, 0, 0.89%, 0, 0, 3, 239.31, 144039, 580
620, 7, 10, 13, 1, 0, 0.89%, 0, 0, 3, 237.92, 145231, 580
625, 8, 10, 13, 1, 0, 0.89%, 0, 0, 3, 240.35, 146483, 580
630, 8, 10, 13, 1, 0, 0.89%, 0, 0, 3, 238.66, 147719, 580
635, 8, 10, 13, 1, 0, 0.89%, 0, 0, 3, 238.73, 148919, 580
640, 8, 9, 13, 1, 0, 0.89%, 0, 0, 3, 233.10, 150087, 580
645, 8, 12, 13, 1, 0, 0.89%, 0, 0, 3, 236.27, 151307, 580
650, 8, 10, 13, 1, 0, 0.89%, 0, 0, 3, 223.64, 152397, 580
656, 8, 10, 13, 1, 0, 0.89%, 0, 0, 3, 220.41, 153527, 580
661, 8, 10, 13, 1, 0, 0.89%, 0, 0, 3, 235.64, 154771, 580
666, 8, 10, 13, 1, 0, 0.89%, 0, 0, 3, 244.72, 156059, 580
671, 8, 10, 13, 1, 0, 0.89%, 0, 0, 3, 242.77, 157275, 580
676, 9, 10, 13, 1, 0, 0.89%, 0, 0, 3, 238.64, 158511, 580
681, 9, 10, 13, 1, 0, 0.89%, 0, 0, 3, 240.15, 159751, 580
686, 9, 10, 13, 1, 0, 0.89%, 0, 0, 3, 239.73, 160987, 580
691, 9, 6, 13, 1, 0, 0.89%, 0, 0, 3, 225.63, 162163, 580
697, 9, 10, 13, 1, 0, 0.89%, 0, 0, 3, 227.63, 163287, 580
702, 9, 10, 13, 1, 0, 0.89%, 0, 0, 3, 235.71, 164523, 580
707, 9, 10, 13, 1, 0, 0.89%, 0, 0, 3, 237.50, 165747, 580
712, 9, 10, 13, 1, 0, 0.89%, 0, 0, 3, 239.31, 166955, 580
717, 9, 7, 13, 1, 0, 0.89%, 0, 0, 3, 245.85, 168215, 580
722, 9, 12, 13, 1, 0, 0.89%, 0, 0, 3, 241.69, 169479, 580
728, 10, 10, 13, 1, 0, 0.89%, 0, 0, 3, 238.95, 170699, 580
733, 10, 10, 13, 1, 0, 0.89%, 0, 0, 3, 221.20, 171801, 580
738, 10, 10, 13, 1, 0, 0.89%, 0, 0, 3, 236.93, 173049, 580
743, 10, 10, 13, 1, 0, 0.89%, 0, 0, 3, 239.76, 174305, 580
748, 10, 10, 13, 1, 0, 0.89%, 0, 0, 3, 213.88, 175431, 580
753, 10, 10, 13, 1, 0, 0.89%, 0, 0, 3, 232.90, 176659, 580
758, 10, 9, 13, 1, 0, 0.89%, 0, 0, 3, 230.63, 177863, 580
764, 10, 12, 13, 1, 0, 0.89%, 0, 0, 3, 237.30, 179091, 580
769, 10, 10, 13, 1, 0, 0.89%, 0, 0, 3, 234.58, 180271, 580
774, 10, 12, 13, 1, 0, 0.89%, 0, 0, 3, 237.52, 181503, 580
779, 11, 10, 13, 1, 0, 0.89%, 0, 0, 3, 235.01, 182683, 580
784, 11, 10, 13, 1, 0, 0.89%, 0, 0, 3, 237.84, 183919, 580
789, 11, 10, 13, 1, 0, 0.89%, 0, 0, 3, 239.90, 185127, 580
794, 11, 10, 13, 1, 0, 0.89%, 0, 0, 3, 240.18, 186331, 580
799, 11, 10, 13, 1, 0, 0.89%, 0, 0, 3, 241.52, 187579, 580
805, 11, 12, 13, 1, 0, 0.89%, 0, 0, 3, 238.56, 188815, 580
810, 11, 10, 13, 1, 0, 0.89%, 0, 0, 3, 238.40, 190051, 580
815, 11, 12, 13, 1, 0, 0.89%, 0, 0, 3, 233.06, 191263, 580
820, 11, 10, 13, 1, 0, 0.89%, 0, 0, 3, 239.90, 192515, 580
825, 11, 10, 13, 1, 0, 0.89%, 0, 0, 3, 237.42, 193743, 580
830, 12, 10, 13, 1, 0, 0.89%, 0, 0, 3, 240.97, 194995, 580
836, 12, 7, 13, 1, 0, 0.89%, 0, 0, 3, 245.93, 196263, 580
841, 12, 4, 13, 1, 0, 0.89%, 0, 0, 3, 228.67, 197435, 580
846, 12, 4, 13, 1, 0, 0.89%, 0, 0, 3, 225.16, 198555, 580
851, 12, 4, 13, 1, 0, 0.89%, 0, 0, 3, 226.69, 199691, 580
856, 12, 10, 13, 1, 0, 0.89%, 0, 0, 3, 233.91, 200903, 580
861, 12, 10, 13, 1, 0, 0.89%, 0, 0, 3, 237.82, 202099, 580
866, 12, 10, 13, 1, 0, 0.89%, 0, 0, 3, 237.42, 203335, 580
871, 12, 10, 13, 1, 0, 0.89%, 0, 0, 3, 242.27, 204611, 580
877, 12, 4, 13, 1, 0, 0.89%, 0, 0, 3, 248.02, 205902, 580
882, 12, 4, 13, 1, 0, 0.89%, 0, 0, 3, 228.66, 207039, 580
887, 12, 4, 13, 1, 0, 0.89%, 0, 0, 3, 225.26, 208167, 580
892, 12, 4, 13, 1, 0, 0.89%, 0, 0, 3, 227.48, 209339, 580
897, 12, 7, 13, 1, 0, 0.89%, 0, 0, 3, 239.47, 210575, 580
902, 12, 10, 13, 1, 0, 0.89%, 0, 0, 3, 240.29, 211835, 580
907, 13, 10, 13, 1, 0, 0.89%, 0, 0, 3, 227.43, 212965, 580
913, 13, 10, 13, 1, 0, 0.89%, 0, 0, 3, 238.78, 214217, 580
918, 13, 10, 13, 1, 0, 0.89%, 0, 0, 3, 241.08, 215425, 580
923, 13, 10, 13, 1, 0, 0.89%, 0, 0, 3, 240.10, 216625, 580
928, 13, 10, 13, 1, 0, 0.89%, 0, 0, 3, 247.18, 217937, 580
933, 13, 7, 13, 1, 0, 0.89%, 0, 0, 3, 252.68, 219199, 580
938, 13, 10, 13, 1, 0, 0.89%, 0, 0, 3, 241.97, 220401, 580
943, 13, 10, 13, 1, 0, 0.89%, 0, 0, 3, 239.62, 221629, 580
948, 13, 10, 13, 1, 0, 0.89%, 0, 0, 3, 239.35, 222829, 580
953, 13, 10, 13, 1, 0, 0.89%, 0, 0, 3, 239.99, 224069, 580
958, 13, 10, 13, 1, 0, 0.89%, 0, 0, 3, 238.15, 225293, 580
963, 14, 6, 13, 1, 0, 0.89%, 0, 0, 3, 231.49, 226465, 580
969, 14, 10, 13, 1, 0, 0.89%, 0, 0, 3, 230.60, 227619, 580
974, 14, 10, 13, 1, 0, 0.89%, 0, 0, 3, 237.20, 228859, 580
979, 14, 10, 13, 1, 0, 0.89%, 0, 0, 3, 238.48, 230059, 580
984, 14, 12, 13, 1, 0, 0.89%, 0, 0, 3, 239.46, 231303, 580
989, 14, 10, 13, 1, 0, 0.89%, 0, 0, 3, 238.56, 232543, 580
994, 14, 10, 13, 1, 0, 0.89%, 0, 0, 3, 240.42, 233751, 580
999, 14, 10, 13, 1, 0, 0.89%, 0, 0, 3, 239.73, 234959, 580
1004, 14, 8, 13, 1, 0, 0.89%, 0, 0, 3, 229.63, 236109, 580
1009, 14, 12, 13, 0, 0, 0.89%, 0, 0, 3, 235.33, 237297, 580
1014, 15, 10, 13, 0, 0, 0.89%, 0, 0, 3, 237.78, 238533, 580
1020, 15, 10, 13, 0, 0, 0.89%, 0, 0, 3, 238.94, 239733, 580
1025, 15, 10, 13, 0, 0, 0.89%, 0, 0, 3, 238.30, 240981, 580
1030, 15, 10, 13, 0, 0, 0.89%, 0, 0, 3, 237.40, 242169, 580
1035, 15, 10, 13, 0, 0, 0.89%, 0, 0, 3, 236.31, 243353, 580
1040, 15, 10, 13, 0, 0, 0.89%, 0, 0, 3, 237.81, 244589, 580
1045, 15, 12, 13, 0, 0, 0.89%, 0, 0, 3, 237.19, 245781, 580
1050, 15, 4, 13, 0, 0, 0.89%, 0, 0, 3, 229.71, 246957, 580
1055, 15, 4, 13, 0, 0, 0.89%, 0, 0, 3, 227.53, 248101, 580
1060, 15, 4, 13, 0, 0, 0.89%, 0, 0, 3, 222.29, 249209, 580
1065, 15, 10, 13, 0, 0, 0.89%, 0, 0, 3, 233.71, 250381, 580
1070, 15, 10, 13, 0, 0, 0.89%, 0, 0, 3, 238.17, 251625, 580
1076, 15, 10, 13, 0, 0, 0.89%, 0, 0, 3, 239.84, 252861, 580
1081, 16, 10, 13, 0, 0, 0.89%, 0, 0, 3, 237.62, 254057, 580
1086, 16, 10, 13, 0, 0, 0.89%, 0, 0, 3, 237.77, 255281, 580
1091, 16, 10, 13, 0, 0, 0.89%, 0, 0, 3, 237.71, 256517, 580
1096, 16, 9, 13, 0, 0, 0.89%, 0, 0, 3, 245.65, 257801, 580
1101, 16, 10, 13, 0, 0, 0.89%, 0, 0, 3, 237.49, 258977, 580
1106, 16, 10, 13, 0, 0, 0.89%, 0, 0, 3, 241.15, 260229, 580
1111, 16, 9, 13, 0, 0, 0.89%, 0, 0, 3, 246.29, 261489, 580
1116, 16, 10, 13, 0, 0, 0.89%, 0, 0, 3, 239.40, 262705, 580
1122, 16, 4, 13, 0, 0, 0.89%, 0, 0, 3, 235.85, 263933, 580
1127, 16, 4, 13, 0, 0, 0.89%, 0, 0, 3, 229.23, 265069, 580
1132, 16, 4, 13, 0, 0, 0.89%, 0, 0, 3, 223.68, 266185, 580
1137, 16, 4, 13, 0, 0, 0.89%, 0, 0, 3, 222.52, 267313, 580
1142, 16, 10, 13, 0, 0, 0.89%, 0, 0, 3, 242.13, 268613, 580
1147, 17, 10, 13, 0, 0, 0.89%, 0, 0, 3, 239.38, 269853, 580
1152, 17, 10, 13, 0, 0, 0.89%, 0, 0, 3, 241.25, 271101, 580
1157, 17, 10, 13, 0, 0, 0.89%, 0, 0, 3, 239.70, 272341, 580
1162, 17, 10, 13, 0, 0, 0.89%, 0, 0, 3, 235.27, 273521, 580
1167, 17, 10, 13, 0, 0, 0.89%, 0, 0, 3, 236.51, 274705, 580
1173, 17, 12, 13, 0, 0, 0.89%, 0, 0, 3, 239.20, 275945, 580
1178, 17, 12, 13, 0, 0, 0.89%, 0, 0, 3, 238.21, 277169, 580
1183, 17, 10, 13, 0, 0, 0.89%, 0, 0, 3, 239.33, 278373, 580
1188, 17, 10, 13, 0, 0, 0.89%, 0, 0, 3, 237.25, 279601, 580
1193, 17, 7, 13, 0, 0, 0.89%, 0, 0, 3, 244.66, 280833, 580
1198, 17, 9, 13, 0, 0, 0.89%, 0, 0, 3, 240.16, 282101, 580
1203, 18, 6, 13, 0, 0, 0.89%, 0, 0, 3, 229.91, 283257, 580
1208, 18, 10, 13, 0, 0, 0.89%, 0, 0, 3, 231.46, 284427, 580
1214, 18, 10, 13, 0, 0, 0.89%, 0, 0, 3, 238.73, 285675, 580
1219, 18, 10, 13, 0, 0, 0.89%, 0, 0, 3, 241.89, 286927, 580
1224, 18, 10, 13, 0, 0, 0.89%, 0, 0, 3, 241.49, 288179, 580
1229, 18, 7, 13, 0, 0, 0.89%, 0, 0, 3, 246.89, 289447, 580
1234, 18, 6, 13, 0, 0, 0.89%, 0, 0, 3, 224.98, 290575, 580
1239, 18, 10, 13, 0, 0, 0.89%, 0, 0, 3, 232.86, 291717, 580
1244, 18, 10, 13, 0, 0, 0.89%, 0, 0, 3, 237.43, 292957, 580
1250, 18, 10, 13, 0, 0, 0.89%, 0, 0, 3, 239.94, 294209, 580
1255, 19, 10, 13, 0, 0, 0.89%, 0, 0, 3, 240.27, 295413, 580
1260, 19, 10, 13, 0, 0, 0.89%, 0, 0, 3, 218.96, 296543, 580
1265, 19, 10, 13, 0, 0, 0.89%, 0, 0, 3, 235.72, 297787, 580
1270, 19, 7, 13, 0, 0, 0.89%, 0, 0, 3, 251.21, 299098, 580
1275, 19, 10, 13, 0, 0, 0.89%, 0, 0, 3, 248.73, 300371, 580
1280, 19, 10, 13, 0, 0, 0.89%, 0, 0, 3, 238.98, 301599, 580
1285, 19, 12, 13, 0, 0, 0.89%, 0, 0, 3, 236.73, 302783, 580
1291, 19, 10, 13, 0, 0, 0.89%, 0, 0, 3, 239.81, 304035, 580
1296, 19, 10, 13, 0, 0, 0.89%, 0, 0, 3, 238.37, 305275, 580
1301, 19, 10, 13, 0, 0, 0.89%, 0, 0, 3, 237.76, 306459, 580
1306, 20, 7, 13, 0, 0, 0.89%, 0, 0, 3, 251.88, 307763, 580
1311, 20, 10, 13, 0, 0, 0.89%, 0, 0, 3, 241.93, 308963, 580
1316, 20, 10, 13, 0, 0, 0.89%, 0, 0, 3, 240.54, 310207, 580
1321, 20, 10, 13, 0, 0, 0.89%, 0, 0, 3, 237.85, 311443, 580
1326, 20, 10, 13, 0, 0, 0.89%, 0, 0, 3, 238.45, 312643, 580
1331, 20, 10, 13, 0, 0, 0.89%, 0, 0, 3, 238.77, 313843, 580
1337, 20, 10, 13, 0, 0, 0.89%, 0, 0, 3, 239.47, 315087, 580
1342, 20, 10, 13, 0, 0, 0.89%, 0, 0, 3, 238.45, 316283, 580
1347, 20, 10, 13, 0, 0, 0.89%, 0, 0, 3, 237.90, 317523, 580
1352, 20, 12, 13, 0, 0, 0.89%, 0, 0, 3, 237.82, 318719, 580
1357, 20, 10, 13, 0, 0, 0.89%, 0, 0, 3, 238.49, 319951, 580
1362, 21, 10, 13, 0, 0, 0.89%, 0, 0, 3, 235.84, 321171, 580
1367, 21, 10, 13, 0, 0, 0.89%, 0, 0, 3, 238.05, 322367, 580
1372, 21, 10, 13, 0, 0, 0.89%, 0, 0, 3, 250.05, 323658, 580
1378, 21, 7, 13, 0, 0, 0.89%, 0, 0, 3, 246.89, 324915, 580
1383, 21, 10, 13, 0, 0, 0.89%, 0, 0, 3, 243.55, 326151, 580
1388, 21, 10, 13, 0, 0, 0.89%, 0, 0, 3, 235.62, 327367, 580
1393, 21, 6, 13, 0, 0, 0.89%, 0, 0, 3, 208.10, 328441, 580
1398, 21, 10, 13, 0, 0, 0.89%, 0, 0, 3, 228.78, 329575, 580
1403, 21, 10, 13, 0, 0, 0.89%, 0, 0, 3, 237.67, 330775, 580
1408, 21, 10, 13, 0, 0, 0.89%, 0, 0, 3, 240.22, 331983, 580
1413, 22, 10, 13, 0, 0, 0.89%, 0, 0, 3, 238.10, 333215, 580
1418, 22, 10, 13, 0, 0, 0.89%, 0, 0, 3, 214.96, 334301, 580
1423, 22, 10, 13, 0, 0, 0.89%, 0, 0, 3, 231.44, 335521, 580
1428, 22, 10, 13, 0, 0, 0.89%, 0, 0, 3, 239.34, 336765, 580
1434, 22, 10, 13, 0, 0, 0.89%, 0, 0, 3, 239.78, 338005, 580
1439, 22, 10, 13, 0, 0, 0.89%, 0, 0, 3, 241.49, 339221, 580
1444, 22, 10, 13, 0, 0, 0.89%, 0, 0, 3, 237.54, 340409, 580
1449, 22, 10, 13, 0, 0, 0.89%, 0, 0, 3, 239.14, 341657, 580
1454, 22, 12, 13, 0, 0, 0.89%, 0, 0, 3, 221.94, 342783, 580
1459, 22, 10, 13, 0, 0, 0.89%, 0, 0, 3, 237.32, 344019, 580
1464, 23, 9, 13, 0, 0, 0.89%, 0, 0, 3, 237.11, 345207, 580
1469, 23, 10, 13, 0, 0, 0.89%, 0, 0, 3, 234.70, 346371, 580
1474, 23, 12, 13, 0, 0, 0.89%, 0, 0, 3, 236.46, 347599, 580
1479, 23, 4, 13, 0, 0, 0.89%, 0, 0, 3, 234.16, 348823, 580
1485, 23, 4, 13, 0, 0, 0.89%, 0, 0, 3, 228.73, 349967, 580
1490, 23, 4, 13, 0, 0, 0.89%, 0, 0, 3, 221.79, 351127, 580
1495, 23, 10, 13, 0, 0, 0.89%, 0, 0, 3, 225.03, 352255, 580
1500, 23, 10, 13, 0, 0, 0.89%, 0, 0, 3, 235.39, 353491, 580
1505, 23, 12, 13, 0, 0, 0.89%, 0, 0, 3, 238.19, 354727, 580
1510, 23, 4, 13, 0, 0, 0.89%, 0, 0, 3, 228.56, 355859, 580
1515, 23, 4, 13, 0, 0, 0.89%, 0, 0, 3, 222.57, 356967, 580
1520, 23, 4, 13, 0, 0, 0.89%, 0, 0, 3, 222.38, 358083, 580
1525, 23, 10, 13, 0, 0, 0.89%, 0, 0, 3, 236.80, 359315, 580
1531, 23, 10, 13, 0, 0, 0.89%, 0, 0, 3, 239.43, 360563, 580
1536, 23, 10, 13, 0, 0, 0.89%, 0, 0, 3, 237.29, 361786, 580
1541, 24, 10, 13, 0, 0, 0.89%, 0, 0, 3, 233.78, 362987, 580
1546, 24, 10, 13, 0, 0, 0.89%, 0, 0, 3, 236.59, 364227, 580
1551, 24, 12, 13, 0, 0, 0.89%, 0, 0, 3, 236.91, 365447, 580
1556, 24, 10, 13, 0, 0, 0.89%, 0, 0, 3, 236.61, 366671, 580
1561, 24, 10, 13, 0, 0, 0.89%, 0, 0, 3, 237.97, 367867, 580
1567, 24, 6, 13, 0, 0, 0.89%, 0, 0, 3, 218.60, 369019, 580
1572, 24, 4, 13, 0, 0, 0.89%, 0, 0, 3, 210.95, 370027, 580
1577, 24, 4, 13, 0, 0, 0.89%, 0, 0, 3, 221.86, 371191, 580
1582, 24, 4, 13, 0, 0, 0.89%, 0, 0, 3, 225.00, 372327, 580
1587, 24, 10, 13, 0, 0, 0.89%, 0, 0, 3, 233.36, 373539, 580
1592, 24, 12, 13, 0, 0, 0.89%, 0, 0, 3, 239.28, 374791, 580
1597, 24, 9, 13, 0, 0, 0.89%, 0, 0, 3, 236.65, 376023, 580
1603, 24, 10, 13, 0, 0, 0.89%, 0, 0, 3, 239.75, 377259, 580
1608, 25, 10, 13, 0, 0, 0.89%, 0, 0, 3, 239.49, 378507, 580
1613, 25, 10, 13, 0, 0, 0.89%, 0, 0, 3, 240.07, 379751, 580
1618, 25, 10, 13, 0, 0, 0.89%, 0, 0, 3, 228.55, 380861, 580
1623, 25, 10, 13, 0, 0, 0.89%, 0, 0, 3, 237.73, 382105, 580
1628, 25, 7, 13, 0, 0, 0.89%, 0, 0, 3, 245.21, 383365, 580
1633, 25, 7, 13, 0, 0, 0.89%, 0, 0, 3, 256.09, 384668, 580
1639, 25, 4, 13, 0, 0, 0.89%, 0, 0, 3, 232.64, 385857, 580
1644, 25, 4, 13, 0, 0, 0.89%, 0, 0, 3, 225.18, 387009, 580
1649, 25, 4, 13, 0, 0, 0.89%, 0, 0, 3, 225.73, 388181, 580
1654, 25, 10, 13, 0, 0, 0.89%, 0, 0, 3, 237.68, 389429, 580
1659, 25, 10, 13, 0, 0, 0.89%, 0, 0, 3, 240.51, 390641, 580
1664, 25, 10, 13, 0, 0, 0.89%, 0, 0, 3, 239.76, 391845, 580
1670, 26, 10, 13, 0, 0, 0.89%, 0, 0, 3, 238.94, 393093, 580
1675, 26, 6, 13, 0, 0, 0.89%, 0, 0, 3, 249.05, 394386, 580
1680, 26, 10, 14, 1, 0, 0.89%, 0, 0, 3, 234.08, 395495, 582
1685, 26, 13, 14, 1, 1, 0.89%, 0, 0, 3, 243.54, 396750, 582
1690, 26, 13, 14, 1, 1, 0.89%, 0, 0, 3, 253.15, 398047, 582
1695, 26, 9, 14, 0, 0, 0.89%, 0, 0, 3, 237.90, 399282, 582
1700, 26, 10, 14, 0, 0, 0.89%, 0, 0, 3, 239.56, 400524, 582
1705, 26, 10, 14, 0, 0, 0.89%, 0, 0, 3, 237.34, 401748, 582
1710, 26, 10, 14, 0, 0, 0.89%, 0, 0, 3, 238.77, 402950, 582
1716, 26, 4, 14, 0, 0, 0.89%, 0, 0, 3, 236.86, 404186, 582
1721, 26, 4, 14, 0, 0, 0.89%, 0, 0, 3, 227.57, 405354, 582
1726, 26, 4, 14, 0, 0, 0.89%, 0, 0, 3, 224.98, 406474, 582
1731, 26, 10, 14, 0, 0, 0.89%, 0, 0, 3, 226.31, 407650, 582
1736, 27, 7, 14, 0, 0, 0.89%, 0, 0, 3, 236.87, 408842, 582
1741, 27, 10, 14, 0, 0, 0.89%, 0, 0, 3, 244.95, 410134, 582
1746, 27, 10, 14, 0, 0, 0.89%, 0, 0, 3, 232.89, 411288, 582
1751, 27, 10, 14, 0, 0, 0.89%, 0, 0, 3, 237.01, 412524, 582
1757, 27, 10, 14, 0, 0, 0.89%, 0, 0, 3, 246.72, 413814, 582
1762, 27, 13, 14, 0, 0, 0.89%, 0, 0, 3, 230.52, 414970, 582
1767, 27, 13, 14, 0, 0, 0.89%, 0, 0, 3, 252.61, 416307, 582
1772, 27, 13, 14, 0, 0, 0.89%, 0, 0, 3, 257.84, 417627, 582
1777, 27, 13, 14, 0, 0, 0.89%, 0, 0, 3, 256.77, 418932, 582
1782, 27, 13, 14, 0, 0, 0.89%, 0, 0, 3, 258.55, 420252, 582
1787, 27, 13, 14, 0, 0, 0.89%, 0, 0, 3, 257.52, 421567, 582
1792, 27, 13, 14, 0, 0, 0.89%, 0, 0, 3, 258.52, 422882, 582
1798, 27, 10, 14, 0, 0, 0.89%, 0, 0, 3, 255.24, 424181, 582
1803, 27, 6, 14, 0, 0, 0.89%, 0, 0, 3, 230.38, 425332, 582
1808, 27, 10, 14, 0, 0, 0.89%, 0, 0, 3, 234.53, 426516, 582
1813, 28, 10, 14, 0, 0, 0.89%, 0, 0, 3, 216.57, 427622, 582
1818, 28, 10, 14, 0, 0, 0.89%, 0, 0, 3, 235.45, 428866, 582
1823, 28, 10, 14, 0, 0, 0.89%, 0, 0, 3, 235.93, 430086, 582
1828, 28, 9, 14, 0, 0, 0.89%, 0, 0, 3, 233.69, 431310, 582
1833, 28, 4, 14, 0, 0, 0.89%, 0, 0, 3, 228.43, 432454, 582
1838, 28, 4, 14, 0, 0, 0.89%, 0, 0, 3, 224.66, 433578, 582
1843, 28, 4, 14, 0, 0, 0.89%, 0, 0, 3, 223.65, 434702, 582
1848, 28, 12, 14, 0, 0, 0.89%, 0, 0, 3, 229.53, 435846, 582
1854, 28, 13, 14, 0, 0, 0.89%, 0, 0, 3, 244.32, 437118, 582
1859, 28, 13, 14, 0, 0, 0.89%, 0, 0, 3, 255.70, 438419, 582
1864, 28, 13, 14, 0, 0, 0.89%, 0, 0, 3, 257.68, 439729, 582
1869, 28, 13, 14, 0, 0, 0.89%, 0, 0, 3, 256.54, 441044, 582
1874, 28, 13, 14, 0, 0, 0.89%, 0, 0, 3, 262.13, 442364, 582
1879, 28, 13, 14, 0, 0, 0.89%, 0, 0, 3, 258.69, 443679, 582
1884, 28, 13, 14, 0, 0, 0.89%, 0, 0, 3, 257.81, 444989, 582
1889, 28, 10, 14, 0, 0, 0.89%, 0, 0, 3, 251.43, 446263, 582
1894, 28, 10, 14, 0, 0, 0.89%, 0, 0, 3, 241.87, 447492, 582
1899, 29, 10, 14, 0, 0, 0.89%, 0, 0, 3, 240.17, 448732, 582
1905, 29, 10, 14, 0, 0, 0.89%, 0, 0, 3, 239.11, 449964, 582
1910, 29, 10, 14, 0, 0, 0.89%, 0, 0, 3, 238.00, 451200, 582
1915, 29, 10, 14, 0, 0, 0.89%, 0, 0, 3, 239.97, 452446, 582
1920, 29, 10, 14, 0, 0, 0.89%, 0, 0, 3, 238.97, 453690, 582
1925, 29, 7, 14, 0, 0, 0.89%, 0, 0, 3, 242.05, 454930, 582
1930, 29, 10, 14, 0, 0, 0.89%, 0, 0, 3, 246.24, 456186, 582
1935, 30, 10, 14, 0, 0, 0.89%, 0, 0, 3, 237.31, 457412, 582
1941, 30, 10, 14, 0, 0, 0.89%, 0, 0, 3, 223.21, 458556, 582
1946, 30, 4, 14, 0, 0, 0.89%, 0, 0, 3, 229.91, 459736, 582
1951, 30, 4, 14, 0, 0, 0.89%, 0, 0, 3, 224.28, 460860, 582
1956, 30, 4, 14, 0, 0, 0.89%, 0, 0, 3, 220.61, 461960, 582
1961, 30, 6, 14, 0, 0, 0.89%, 0, 0, 3, 212.04, 463084, 582
1966, 30, 12, 14, 0, 0, 0.89%, 0, 0, 3, 226.83, 464224, 582
1971, 30, 10, 14, 0, 0, 0.89%, 0, 0, 3, 235.14, 465452, 582
1976, 30, 10, 14, 0, 0, 0.89%, 0, 0, 3, 232.96, 466650, 582
1982, 30, 10, 14, 0, 0, 0.89%, 0, 0, 3, 236.20, 467882, 582
1987, 30, 10, 14, 0, 0, 0.89%, 0, 0, 3, 237.57, 469110, 582
1992, 31, 13, 14, 0, 0, 0.89%, 0, 0, 3, 247.36, 470382, 582
1997, 31, 13, 14, 0, 0, 0.89%, 0, 0, 3, 255.48, 471677, 582
2002, 31, 13, 14, 0, 0, 0.89%, 0, 0, 3, 257.89, 472997, 582
2007, 31, 13, 14, 0, 0, 0.89%, 0, 0, 3, 259.32, 474317, 582
2012, 31, 13, 14, 0, 0, 0.89%, 0, 0, 3, 257.53, 475627, 582
2017, 31, 13, 14, 0, 0, 0.89%, 0, 0, 3, 256.57, 476942, 582
2022, 31, 13, 14, 0, 0, 0.89%, 0, 0, 3, 256.84, 478237, 582
2027, 31, 7, 14, 0, 0, 0.89%, 0, 0, 3, 257.62, 479551, 582
2033, 31, 10, 14, 0, 0, 0.89%, 0, 0, 3, 245.28, 480798, 582
2038, 31, 12, 14, 0, 0, 0.89%, 0, 0, 3, 240.38, 482042, 582
2043, 31, 9, 14, 0, 0, 0.89%, 0, 0, 3, 236.74, 483266, 582
2048, 31, 13, 14, 0, 0, 0.89%, 0, 0, 3, 241.44, 484502, 582
2053, 31, 13, 14, 0, 0, 0.89%, 0, 0, 3, 253.76, 485786, 582
2058, 31, 13, 14, 0, 0, 0.89%, 0, 0, 3, 257.62, 487101, 582
2063, 31, 13, 14, 0, 0, 0.89%, 0, 0, 3, 259.43, 488411, 582
2068, 31, 13, 14, 0, 0, 0.89%, 0, 0, 3, 259.01, 489726, 582
2073, 31, 13, 14, 0, 0, 0.89%, 0, 0, 3, 257.76, 491026, 582
2079, 31, 13, 14, 0, 0, 0.89%, 0, 0, 3, 255.88, 492336, 582
2084, 31, 13, 14, 0, 0, 0.89%, 0, 0, 3, 257.05, 493645, 582
2089, 31, 13, 14, 0, 0, 0.89%, 0, 0, 3, 257.98, 494955, 582
2094, 31, 13, 14, 0, 0, 0.89%, 0, 0, 3, 258.63, 496270, 582
2099, 31, 13, 14, 0, 0, 0.89%, 0, 0, 3, 257.17, 497570, 582
2104, 31, 13, 14, 0, 0, 0.89%, 0, 0, 3, 256.70, 498875, 582
2109, 31, 13, 14, 0, 0, 0.89%, 0, 0, 3, 259.73, 500195, 582
2114, 31, 13, 14, 0, 0, 0.89%, 0, 0, 3, 257.92, 501510, 582
2119, 31, 13, 14, 0, 0, 0.89%, 0, 0, 3, 258.26, 502825, 582
2124, 31, 6, 14, 0, 0, 0.89%, 0, 0, 3, 241.03, 504014, 582
2129, 31, 13, 14, 0, 0, 0.89%, 0, 0, 3, 237.11, 505182, 582
2135, 31, 13, 14, 0, 0, 0.89%, 0, 0, 3, 248.34, 506490, 582
2140, 31, 13, 14, 0, 0, 0.89%, 0, 0, 3, 252.15, 507765, 582
2145, 31, 13, 14, 0, 0, 0.89%, 0, 0, 3, 254.48, 509060, 582
2150, 31, 13, 14, 0, 0, 0.89%, 0, 0, 3, 250.71, 510325, 582
2155, 31, 13, 14, 0, 0, 0.89%, 0, 0, 3, 253.02, 511630, 582
2160, 31, 13, 14, 0, 0, 0.89%, 0, 0, 3, 252.37, 512935, 582
2165, 31, 13, 14, 0, 0, 0.89%, 0, 0, 3, 253.96, 514235, 582
2170, 32, 4, 14, 0, 0, 0.89%, 0, 0, 3, 232.87, 515386, 582
2175, 32, 4, 14, 0, 0, 0.89%, 0, 0, 3, 221.72, 516486, 582
2180, 32, 4, 14, 0, 0, 0.89%, 0, 0, 3, 219.71, 517622, 582
2185, 32, 10, 14, 0, 0, 0.89%, 0, 0, 3, 229.95, 518778, 582
2190, 32, 10, 14, 0, 0, 0.89%, 0, 0, 3, 237.91, 519978, 582
2196, 32, 10, 14, 0, 0, 0.89%, 0, 0, 3, 240.05, 521226, 582
2201, 32, 10, 14, 0, 0, 0.89%, 0, 0, 3, 235.27, 522440, 582
2206, 32, 12, 14, 0, 0, 0.89%, 0, 0, 3, 238.35, 523676, 582
2211, 32, 10, 14, 0, 0, 0.89%, 0, 0, 3, 237.80, 524916, 582
2216, 32, 10, 14, 0, 0, 0.89%, 0, 0, 3, 237.51, 526104, 582
2221, 33, 10, 14, 0, 0, 0.89%, 0, 0, 3, 238.42, 527344, 582
2227, 33, 10, 14, 0, 0, 0.89%, 0, 0, 3, 229.95, 528470, 582
2232, 33, 12, 14, 0, 0, 0.89%, 0, 0, 3, 221.53, 529566, 582
2237, 33, 10, 14, 0, 0, 0.89%, 0, 0, 3, 234.38, 530798, 582
2242, 33, 6, 14, 0, 0, 0.89%, 0, 0, 3, 218.90, 531960, 582
2247, 33, 10, 14, 0, 0, 0.89%, 0, 0, 3, 231.71, 533120, 582
2252, 33, 10, 14, 0, 0, 0.89%, 0, 0, 3, 238.79, 534332, 582
2257, 33, 10, 14, 0, 0, 0.89%, 0, 0, 3, 239.26, 535568, 582
2262, 34, 10, 14, 0, 0, 0.89%, 0, 0, 3, 238.47, 536810, 582
2268, 34, 6, 14, 0, 0, 0.89%, 0, 0, 3, 200.84, 537854, 582
2273, 34, 4, 14, 0, 0, 0.89%, 0, 0, 3, 229.54, 539076, 582
2278, 34, 4, 14, 0, 0, 0.89%, 0, 0, 3, 224.50, 540208, 582
2283, 34, 4, 14, 0, 0, 0.89%, 0, 0, 3, 223.39, 541340, 582
2288, 34, 4, 14, 0, 0, 0.89%, 0, 0, 3, 222.01, 542448, 582
2293, 34, 10, 14, 0, 0, 0.89%, 0, 0, 3, 223.41, 543564, 582
2298, 34, 10, 14, 0, 0, 0.89%, 0, 0, 3, 235.02, 544800, 582
2303, 34, 10, 14, 0, 0, 0.89%, 0, 0, 3, 238.04, 546036, 582
2309, 35, 12, 14, 0, 0, 0.89%, 0, 0, 3, 238.28, 547276, 582
2314, 35, 10, 14, 0, 0, 0.89%, 0, 0, 3, 239.07, 548520, 582
2319, 35, 10, 14, 0, 0, 0.89%, 0, 0, 3, 241.33, 549732, 582
2324, 35, 10, 14, 0, 0, 0.89%, 0, 0, 3, 239.42, 550972, 582
2329, 35, 9, 14, 0, 0, 0.89%, 0, 0, 3, 234.10, 552192, 582
2334, 35, 12, 14, 0, 0, 0.89%, 0, 0, 3, 235.16, 553402, 582
2340, 35, 10, 14, 0, 0, 0.89%, 0, 0, 3, 238.90, 554646, 582
2345, 35, 4, 14, 0, 0, 0.89%, 0, 0, 3, 232.43, 555844, 582
2350, 35, 4, 14, 0, 0, 0.89%, 0, 0, 3, 226.39, 556976, 582
2355, 35, 4, 14, 0, 0, 0.89%, 0, 0, 3, 223.36, 558128, 582
2360, 35, 10, 14, 0, 0, 0.89%, 0, 0, 3, 236.22, 559358, 582
2365, 36, 10, 14, 0, 0, 0.89%, 0, 0, 3, 233.71, 560568, 582
2371, 36, 9, 14, 0, 0, 0.89%, 0, 0, 3, 219.97, 561696, 582
2376, 36, 10, 14, 0, 0, 0.89%, 0, 0, 3, 233.56, 562914, 582
2381, 36, 10, 14, 0, 0, 0.89%, 0, 0, 3, 238.41, 564142, 582
2386, 36, 10, 14, 0, 0, 0.89%, 0, 0, 3, 237.86, 565378, 582
2391, 36, 10, 14, 0, 0, 0.89%, 0, 0, 3, 238.61, 566630, 582
2396, 36, 10, 14, 0, 0, 0.89%, 0, 0, 3, 240.36, 567834, 582
2402, 36, 10, 14, 0, 0, 0.89%, 0, 0, 3, 241.54, 569090, 582
2407, 37, 10, 14, 0, 0, 0.89%, 0, 0, 3, 238.44, 570316, 582
2412, 37, 10, 14, 0, 0, 0.89%, 0, 0, 3, 221.63, 571456, 582
2417, 37, 6, 14, 0, 0, 0.89%, 0, 0, 3, 214.94, 572568, 582
2422, 37, 10, 14, 0, 0, 0.89%, 0, 0, 3, 210.41, 573630, 582
2427, 37, 6, 14, 0, 0, 0.89%, 0, 0, 3, 220.46, 574798, 582
2432, 37, 10, 14, 0, 0, 0.89%, 0, 0, 3, 231.19, 575946, 582
2437, 37, 10, 14, 0, 0, 0.89%, 0, 0, 3, 238.55, 577190, 582
2442, 38, 10, 14, 0, 0, 0.89%, 0, 0, 3, 235.94, 578364, 582
2447, 38, 10, 14, 0, 0, 0.89%, 0, 0, 3, 240.05, 579612, 582
2452, 38, 6, 14, 0, 0, 0.89%, 0, 0, 3, 218.09, 580732, 582
2458, 38, 7, 14, 0, 0, 0.89%, 0, 0, 3, 235.81, 581970, 582
2463, 38, 10, 14, 0, 0, 0.89%, 0, 0, 3, 243.97, 583266, 582
2468, 38, 10, 14, 0, 0, 0.89%, 0, 0, 3, 241.32, 584510, 582
2473, 38, 10, 14, 0, 0, 0.89%, 0, 0, 3, 218.46, 585600, 582
2478, 39, 10, 14, 0, 0, 0.89%, 0, 0, 3, 232.68, 586788, 582
2483, 39, 7, 14, 0, 0, 0.89%, 0, 0, 3, 242.01, 588040, 582
2488, 39, 4, 14, 0, 0, 0.89%, 0, 0, 3, 241.27, 589306, 582
2493, 39, 4, 14, 0, 0, 0.89%, 0, 0, 3, 228.26, 590430, 582
2498, 39, 4, 14, 0, 0, 0.89%, 0, 0, 3, 224.22, 591546, 582
2504, 39, 4, 14, 0, 0, 0.89%, 0, 0, 3, 225.12, 592722, 582
2509, 39, 6, 14, 0, 0, 0.89%, 0, 0, 3, 233.05, 593950, 582
2514, 39, 10, 14, 0, 0, 0.89%, 0, 0, 3, 229.31, 595082, 582
2519, 39, 10, 14, 0, 0, 0.89%, 0, 0, 3, 237.02, 596326, 582
2524, 39, 10, 14, 0, 0, 0.89%, 0, 0, 3, 240.12, 597574, 582
2529, 39, 10, 14, 0, 0, 0.89%, 0, 0, 3, 237.78, 598810, 582
2535, 40, 12, 14, 0, 0, 0.89%, 0, 0, 3, 236.92, 600024, 582
2540, 40, 7, 14, 0, 0, 0.89%, 0, 0, 3, 249.96, 601308, 582
2545, 40, 9, 14, 0, 0, 0.89%, 0, 0, 3, 236.87, 602538, 582
2550, 40, 9, 14, 0, 0, 0.89%, 0, 0, 3, 234.78, 603756, 582
2555, 40, 10, 14, 0, 0, 0.89%, 0, 0, 3, 234.87, 604928, 582
2560, 40, 10, 14, 0, 0, 0.89%, 0, 0, 3, 239.20, 606140, 582
2565, 40, 10, 14, 0, 0, 0.89%, 0, 0, 3, 222.73, 607258, 582
2570, 41, 12, 14, 0, 0, 0.89%, 0, 0, 3, 220.47, 608386, 582
2576, 41, 10, 14, 0, 0, 0.89%, 0, 0, 3, 235.47, 609630, 582
2581, 41, 10, 14, 0, 0, 0.89%, 0, 0, 3, 239.63, 610842, 582
2586, 41, 10, 14, 0, 0, 0.89%, 0, 0, 3, 239.60, 612044, 582
2591, 41, 4, 14, 0, 0, 0.89%, 0, 0, 3, 236.52, 613234, 582
2596, 41, 4, 14, 0, 0, 0.89%, 0, 0, 3, 228.59, 614374, 582
2601, 41, 4, 14, 0, 0, 0.89%, 0, 0, 3, 227.98, 615558, 582
2606, 41, 10, 14, 0, 0, 0.89%, 0, 0, 3, 231.30, 616740, 582
2611, 41, 7, 14, 0, 0, 0.89%, 0, 0, 3, 237.86, 617968, 582
2616, 41, 7, 14, 0, 0, 0.89%, 0, 0, 3, 252.73, 619255, 582
2621, 41, 10, 14, 0, 0, 0.89%, 0, 0, 3, 244.21, 620526, 582
2626, 42, 10, 14, 0, 0, 0.89%, 0, 0, 3, 239.16, 621726, 582
2631, 42, 10, 14, 0, 0, 0.89%, 0, 0, 3, 230.65, 622874, 582
2637, 42, 10, 14, 0, 0, 0.89%, 0, 0, 3, 235.79, 624102, 582
2642, 42, 10, 14, 0, 0, 0.89%, 0, 0, 3, 238.92, 625350, 582
2647, 42, 10, 14, 0, 0, 0.89%, 0, 0, 3, 234.10, 626556, 582
2652, 42, 6, 14, 0, 0, 0.89%, 0, 0, 3, 219.35, 627712, 582
2657, 42, 10, 14, 0, 0, 0.89%, 0, 0, 3, 233.22, 628928, 582
2662, 42, 10, 14, 0, 0, 0.89%, 0, 0, 3, 245.22, 630194, 582
2667, 43, 10, 14, 0, 0, 0.89%, 0, 0, 3, 238.86, 631386, 582
2673, 43, 10, 14, 0, 0, 0.89%, 0, 0, 3, 235.23, 632608, 582
2678, 43, 10, 14, 0, 0, 0.89%, 0, 0, 3, 237.75, 633852, 582
2683, 43, 10, 14, 0, 0, 0.89%, 0, 0, 3, 237.53, 635084, 582
2688, 43, 10, 14, 0, 0, 0.89%, 0, 0, 3, 224.65, 636176, 582
2693, 43, 13, 14, 0, 0, 0.89%, 0, 0, 3, 250.79, 637496, 582
2698, 43, 13, 14, 0, 0, 0.89%, 0, 0, 3, 257.89, 638816, 582
2703, 43, 13, 14, 0, 0, 0.89%, 0, 0, 3, 260.04, 640136, 582
2708, 43, 13, 14, 0, 0, 0.89%, 0, 0, 3, 260.38, 641456, 582
2714, 43, 13, 14, 0, 0, 0.89%, 0, 0, 3, 261.43, 642776, 582
2719, 43, 13, 14, 0, 0, 0.89%, 0, 0, 3, 258.00, 644096, 582
2724, 43, 13, 14, 0, 0, 0.89%, 0, 0, 3, 260.35, 645416, 582
2729, 43, 12, 14, 0, 0, 0.89%, 0, 0, 3, 245.59, 646638, 582
2734, 43, 4, 14, 0, 0, 0.89%, 0, 0, 3, 233.62, 647854, 582
2739, 43, 4, 14, 0, 0, 0.89%, 0, 0, 3, 227.75, 648982, 582
2744, 43, 4, 14, 0, 0, 0.89%, 0, 0, 3, 223.43, 650098, 582
2749, 43, 10, 14, 0, 0, 0.89%, 0, 0, 3, 228.49, 651278, 582
2754, 44, 13, 14, 0, 0, 0.89%, 0, 0, 3, 250.96, 652580, 582
2759, 44, 13, 14, 0, 0, 0.89%, 0, 0, 3, 257.53, 653900, 582
2764, 44, 13, 14, 0, 0, 0.89%, 0, 0, 3, 259.61, 655220, 582
2770, 44, 13, 14, 0, 0, 0.89%, 0, 0, 3, 258.84, 656535, 582
2775, 44, 13, 14, 0, 0, 0.89%, 0, 0, 3, 258.36, 657855, 582
2780, 44, 13, 14, 0, 0, 0.89%, 0, 0, 3, 260.00, 659170, 582
2785, 44, 13, 14, 0, 0, 0.89%, 0, 0, 3, 259.99, 660490, 582
2790, 44, 10, 14, 0, 0, 0.89%, 0, 0, 3, 244.75, 661716, 582
2795, 44, 4, 14, 0, 0, 0.89%, 0, 0, 3, 234.93, 662936, 582
2800, 44, 4, 14, 0, 0, 0.89%, 0, 0, 3, 225.15, 664052, 582
2805, 44, 4, 14, 0, 0, 0.89%, 0, 0, 3, 226.16, 665228, 582
2810, 44, 10, 14, 0, 0, 0.89%, 0, 0, 3, 227.69, 666360, 582
2815, 44, 10, 14, 0, 0, 0.89%, 0, 0, 3, 234.96, 667540, 582
2820, 44, 10, 14, 0, 0, 0.89%, 0, 0, 3, 238.82, 668744, 582
2825, 44, 10, 14, 0, 0, 0.89%, 0, 0, 3, 239.88, 669948, 582
2830, 44, 10, 14, 0, 0, 0.89%, 0, 0, 3, 239.34, 671188, 582
2835, 44, 10, 14, 0, 0, 0.89%, 0, 0, 3, 224.13, 672280, 582
2841, 45, 10, 14, 0, 0, 0.89%, 0, 0, 3, 237.02, 673484, 582
2846, 45, 4, 14, 0, 0, 0.89%, 0, 0, 3, 228.28, 674658, 582
2851, 45, 4, 14, 0, 0, 0.89%, 0, 0, 3, 224.74, 675814, 582
2856, 45, 4, 14, 0, 0, 0.89%, 0, 0, 3, 223.81, 676974, 582
2861, 45, 10, 14, 0, 0, 0.89%, 0, 0, 3, 235.89, 678200, 582
2866, 45, 10, 14, 0, 0, 0.89%, 0, 0, 3, 238.38, 679438, 582
2872, 45, 10, 14, 0, 0, 0.89%, 0, 0, 3, 237.80, 680670, 582
2877, 45, 10, 14, 0, 0, 0.89%, 0, 0, 3, 236.27, 681846, 582
2882, 45, 10, 14, 0, 0, 0.89%, 0, 0, 3, 240.58, 683090, 582
2887, 45, 10, 14, 0, 0, 0.89%, 0, 0, 3, 250.46, 684395, 582
2892, 46, 7, 14, 0, 0, 0.89%, 0, 0, 3, 242.43, 685596, 582
2897, 46, 10, 14, 0, 0, 0.89%, 0, 0, 3, 244.86, 686872, 582
2902, 46, 10, 14, 0, 0, 0.89%, 0, 0, 3, 239.98, 688068, 582
2907, 46, 7, 14, 0, 0, 0.89%, 0, 0, 3, 222.52, 689170, 582
2912, 46, 7, 14, 0, 0, 0.89%, 0, 0, 3, 240.36, 690452, 582
2917, 46, 12, 14, 0, 0, 0.89%, 0, 0, 3, 246.53, 691712, 582
2923, 46, 10, 14, 0, 0, 0.89%, 0, 0, 3, 233.39, 692914, 582
2928, 46, 9, 14, 0, 0, 0.89%, 0, 0, 3, 234.96, 694142, 582
2933, 46, 10, 14, 0, 0, 0.89%, 0, 0, 3, 235.45, 695358, 582
2938, 47, 4, 14, 0, 0, 0.89%, 0, 0, 3, 236.30, 696584, 582
2943, 47, 4, 14, 0, 0, 0.89%, 0, 0, 3, 226.03, 697704, 582
2948, 47, 4, 14, 0, 0, 0.89%, 0, 0, 3, 227.42, 698848, 582
2953, 47, 4, 14, 0, 0, 0.89%, 0, 0, 3, 225.40, 700024, 582
2959, 47, 9, 14, 0, 0, 0.89%, 0, 0, 3, 239.45, 701308, 582
2964, 47, 10, 14, 0, 0, 0.89%, 0, 0, 3, 236.18, 702482, 582
2969, 47, 9, 14, 0, 0, 0.89%, 0, 0, 3, 237.07, 703718, 582
2974, 47, 7, 14, 0, 0, 0.89%, 0, 0, 3, 242.27, 704962, 582
2979, 47, 10, 14, 0, 0, 0.89%, 0, 0, 3, 241.30, 706224, 582
2984, 47, 10, 14, 0, 0, 0.89%, 0, 0, 3, 239.61, 707456, 582
2989, 47, 10, 14, 0, 0, 0.89%, 0, 0, 3, 226.18, 708552, 582
2995, 48, 7, 14, 0, 0, 0.89%, 0, 0, 3, 239.31, 709806, 582
3000, 48, 10, 14, 0, 0, 0.89%, 0, 0, 3, 243.29, 711102, 582
3005, 48, 12, 14, 0, 0, 0.89%, 0, 0, 3, 237.86, 712334, 582
3010, 48, 10, 14, 0, 0, 0.89%, 0, 0, 3, 233.07, 713484, 582
3015, 48, 10, 14, 0, 0, 0.89%, 0, 0, 3, 238.42, 714684, 582
3020, 48, 9, 14, 0, 0, 0.89%, 0, 0, 3, 236.82, 715876, 582
3025, 48, 12, 14, 0, 0, 0.89%, 0, 0, 3, 237.54, 717090, 582
3030, 48, 10, 14, 0, 0, 0.89%, 0, 0, 3, 239.64, 718338, 582
3036, 49, 10, 14, 0, 0, 0.89%, 0, 0, 3, 238.11, 719570, 582
3041, 49, 10, 14, 0, 0, 0.89%, 0, 0, 3, 236.80, 720790, 582
3046, 49, 10, 14, 0, 0, 0.89%, 0, 0, 3, 238.83, 721990, 582
3051, 49, 4, 14, 0, 0, 0.89%, 0, 0, 3, 225.34, 723148, 582
3056, 49, 4, 14, 0, 0, 0.89%, 0, 0, 3, 225.79, 724324, 582
3061, 49, 4, 14, 0, 0, 0.89%, 0, 0, 3, 227.22, 725504, 582
3066, 49, 10, 14, 0, 0, 0.89%, 0, 0, 3, 235.43, 726686, 582
3071, 49, 10, 14, 0, 0, 0.89%, 0, 0, 3, 237.11, 727886, 582
3076, 49, 10, 14, 0, 0, 0.89%, 0, 0, 3, 238.19, 729078, 582
3082, 49, 10, 14, 0, 0, 0.89%, 0, 0, 3, 238.59, 730310, 582
3087, 50, 10, 14, 0, 0, 0.89%, 0, 0, 3, 241.65, 731562, 582
3092, 50, 7, 14, 0, 0, 0.89%, 0, 0, 3, 250.52, 732850, 582
3097, 50, 12, 14, 0, 0, 0.89%, 0, 0, 3, 243.99, 734076, 582
3102, 50, 6, 14, 0, 0, 0.89%, 0, 0, 3, 225.61, 735202, 582
3107, 50, 10, 14, 0, 0, 0.89%, 0, 0, 3, 230.26, 736330, 582
3112, 50, 10, 14, 0, 0, 0.89%, 0, 0, 3, 236.76, 737574, 582
3117, 50, 12, 14, 0, 0, 0.89%, 0, 0, 3, 235.24, 738788, 582
3123, 50, 10, 14, 0, 0, 0.89%, 0, 0, 3, 238.81, 740028, 582
3128, 51, 9, 14, 0, 0, 0.89%, 0, 0, 3, 235.87, 741248, 582
3133, 51, 4, 14, 0, 0, 0.89%, 0, 0, 3, 236.65, 742434, 582
3138, 51, 4, 14, 0, 0, 0.89%, 0, 0, 3, 224.14, 743542, 582
3143, 51, 4, 14, 0, 0, 0.89%, 0, 0, 3, 224.34, 744670, 582
3148, 51, 4, 14, 0, 0, 0.89%, 0, 0, 3, 222.31, 745786, 582
3153, 51, 7, 14, 0, 0, 0.89%, 0, 0, 3, 242.58, 747040, 582
3158, 51, 10, 14, 0, 0, 0.89%, 0, 0, 3, 242.81, 748266, 582
3163, 51, 10, 14, 0, 0, 0.89%, 0, 0, 3, 240.01, 749466, 582
3168, 51, 10, 14, 0, 0, 0.89%, 0, 0, 3, 240.30, 750670, 582
3173, 51, 10, 14, 0, 0, 0.89%, 0, 0, 3, 237.45, 751902, 582
3178, 51, 10, 14, 0, 0, 0.89%, 0, 0, 3, 239.12, 753102, 582
3183, 52, 10, 14, 0, 0, 0.89%, 0, 0, 3, 239.21, 754338, 582
3188, 52, 12, 14, 0, 0, 0.89%, 0, 0, 3, 237.70, 755526, 582
3194, 52, 10, 14, 0, 0, 0.89%, 0, 0, 3, 240.34, 756780, 582
3199, 52, 4, 14, 0, 0, 0.89%, 0, 0, 3, 215.81, 757848, 582
3204, 52, 4, 14, 0, 0, 0.89%, 0, 0, 3, 218.19, 758984, 582
3209, 52, 4, 14, 0, 0, 0.89%, 0, 0, 3, 220.60, 760136, 582
3214, 52, 10, 14, 0, 0, 0.89%, 0, 0, 3, 227.76, 761316, 582
3219, 52, 10, 14, 0, 0, 0.89%, 0, 0, 3, 236.81, 762512, 582
3224, 52, 7, 14, 0, 0, 0.89%, 0, 0, 3, 243.41, 763756, 582
3229, 52, 10, 14, 0, 0, 0.89%, 0, 0, 3, 240.99, 764978, 582
3235, 52, 7, 14, 0, 0, 0.89%, 0, 0, 3, 251.12, 766280, 582
3240, 53, 10, 14, 0, 0, 0.89%, 0, 0, 3, 250.17, 767555, 582
3245, 53, 4, 14, 0, 0, 0.89%, 0, 0, 3, 229.28, 768698, 582
3250, 53, 4, 14, 0, 0, 0.89%, 0, 0, 3, 225.70, 769822, 582
3255, 53, 4, 14, 0, 0, 0.89%, 0, 0, 3, 219.59, 770970, 582
3260, 53, 6, 14, 0, 0, 0.89%, 0, 0, 3, 219.18, 772092, 582
3265, 53, 10, 14, 0, 0, 0.89%, 0, 0, 3, 240.04, 773286, 582
3270, 53, 9, 14, 0, 0, 0.89%, 0, 0, 3, 235.46, 774510, 582
3275, 53, 12, 14, 0, 0, 0.89%, 0, 0, 3, 236.75, 775722, 582
3281, 53, 10, 14, 0, 0, 0.89%, 0, 0, 3, 247.52, 777032, 582
3286, 53, 9, 14, 0, 0, 0.89%, 0, 0, 3, 235.44, 778236, 582
3291, 53, 10, 14, 0, 0, 0.89%, 0, 0, 3, 236.14, 779462, 582
3296, 54, 9, 14, 0, 0, 0.89%, 0, 0, 3, 235.90, 780694, 582
3301, 54, 10, 14, 0, 0, 0.89%, 0, 0, 3, 234.32, 781904, 582
3306, 54, 10, 14, 0, 0, 0.89%, 0, 0, 3, 236.78, 783096, 582
3311, 54, 6, 14, 0, 0, 0.89%, 0, 0, 3, 228.38, 784292, 582
3317, 54, 10, 14, 0, 0, 0.89%, 0, 0, 3, 230.41, 785448, 582
3322, 54, 10, 14, 0, 0, 0.89%, 0, 0, 3, 239.25, 786672, 582
3327, 54, 10, 14, 0, 0, 0.89%, 0, 0, 3, 239.92, 787912, 582
3332, 54, 4, 14, 0, 0, 0.89%, 0, 0, 3, 230.20, 789112, 582
3337, 54, 4, 14, 0, 0, 0.89%, 0, 0, 3, 221.67, 790248, 582
3342, 54, 4, 14, 0, 0, 0.89%, 0, 0, 3, 221.94, 791364, 582
3347, 55, 10, 14, 0, 0, 0.89%, 0, 0, 3, 226.60, 792492, 582
3353, 55, 10, 14, 0, 0, 0.89%, 0, 0, 3, 236.72, 793732, 582
3358, 55, 10, 14, 0, 0, 0.89%, 0, 0, 3, 226.80, 794858, 582
3363, 55, 6, 14, 0, 0, 0.89%, 0, 0, 3, 221.53, 796042, 582
3368, 55, 10, 14, 0, 0, 0.89%, 0, 0, 3, 241.44, 797256, 582
3373, 55, 10, 14, 0, 0, 0.89%, 0, 0, 3, 240.69, 798500, 582
3378, 55, 10, 14, 0, 0, 0.89%, 0, 0, 3, 238.60, 799732, 582
3383, 55, 10, 14, 0, 0, 0.89%, 0, 0, 3, 239.39, 800968, 582
3389, 56, 10, 14, 0, 0, 0.89%, 0, 0, 3, 238.94, 802196, 582
3394, 56, 9, 14, 0, 0, 0.89%, 0, 0, 3, 234.48, 803368, 582
3399, 56, 10, 14, 0, 0, 0.89%, 0, 0, 3, 234.35, 804526, 582
3404, 56, 9, 14, 0, 0, 0.89%, 0, 0, 3, 233.81, 805742, 582
3409, 56, 10, 14, 0, 0, 0.89%, 0, 0, 3, 236.02, 806910, 582
3414, 56, 4, 14, 0, 0, 0.89%, 0, 0, 3, 230.13, 808110, 582
3419, 56, 4, 14, 0, 0, 0.89%, 0, 0, 3, 224.14, 809262, 582
3424, 56, 4, 14, 0, 0, 0.89%, 0, 0, 3, 224.93, 810390, 582
3429, 56, 10, 14, 0, 0, 0.89%, 0, 0, 3, 230.34, 811574, 582
3435, 56, 10, 14, 0, 0, 0.89%, 0, 0, 3, 228.38, 812716, 582
3440, 57, 10, 14, 0, 0, 0.89%, 0, 0, 3, 238.48, 813932, 582
3445, 57, 10, 14, 0, 0, 0.89%, 0, 0, 3, 237.49, 815168, 582
3450, 57, 13, 14, 0, 0, 0.89%, 0, 0, 3, 244.80, 816436, 582
3455, 57, 13, 14, 0, 0, 0.89%, 0, 0, 3, 255.18, 817728, 582
3460, 57, 13, 14, 0, 0, 0.89%, 0, 0, 3, 251.08, 818998, 582
3465, 57, 13, 14, 0, 0, 0.89%, 0, 0, 3, 251.73, 820258, 582
3470, 57, 13, 14, 0, 0, 0.89%, 0, 0, 3, 258.30, 821573, 582
