# relative_time, cycles_done, cur_item, corpus_count, pending_total, pending_favs, map_size, saved_crashes, saved_hangs, max_depth, execs_per_sec, total_execs, edges_found
61, 0, 12, 187, 184, 45, 1.85%, 0, 0, 3, 643.04, 39628, 1210
66, 0, 12, 193, 190, 45, 1.85%, 0, 0, 3, 642.69, 42964, 1211
71, 0, 12, 198, 195, 45, 1.85%, 0, 0, 3, 644.58, 46292, 1212
76, 0, 12, 198, 195, 45, 1.85%, 0, 0, 3, 663.21, 49688, 1212
81, 0, 12, 198, 195, 45, 1.85%, 0, 0, 3, 665.61, 53055, 1212
86, 0, 12, 198, 195, 45, 1.85%, 0, 0, 3, 660.26, 56448, 1212
91, 0, 12, 200, 197, 45, 1.85%, 0, 0, 3, 671.70, 59863, 1212
96, 0, 198, 206, 202, 46, 1.85%, 0, 0, 4, 675.34, 63247, 1214
102, 0, 198, 211, 207, 46, 1.85%, 0, 0, 4, 679.31, 66784, 1215
107, 0, 198, 211, 207, 46, 1.85%, 0, 0, 4, 680.14, 70203, 1215
112, 0, 198, 212, 208, 46, 1.85%, 0, 0, 4, 670.54, 73565, 1215
117, 0, 198, 213, 209, 46, 1.85%, 0, 0, 4, 677.15, 76982, 1215
122, 0, 198, 213, 209, 46, 1.85%, 0, 0, 4, 662.72, 80284, 1215
127, 0, 198, 213, 209, 46, 1.85%, 0, 0, 4, 669.88, 83677, 1215
132, 0, 198, 213, 209, 46, 1.85%, 0, 0, 4, 673.57, 87109, 1215
137, 0, 140, 214, 209, 46, 1.86%, 0, 0, 4, 659.14, 90522, 1220
142, 0, 140, 215, 210, 46, 1.86%, 0, 0, 4, 668.56, 93867, 1221
147, 0, 207, 221, 215, 47, 1.86%, 0, 0, 5, 681.62, 97274, 1221
152, 0, 207, 224, 218, 47, 1.86%, 0, 0, 5, 666.28, 100652, 1221
157, 0, 207, 224, 218, 47, 1.86%, 0, 0, 5, 659.26, 103980, 1221
162, 0, 207, 225, 219, 47, 1.86%, 0, 0, 5, 658.20, 107345, 1221
167, 0, 207, 225, 219, 47, 1.86%, 0, 0, 5, 644.32, 110628, 1221
172, 0, 207, 225, 219, 47, 1.86%, 0, 0, 5, 631.59, 113808, 1221
178, 0, 207, 225, 219, 47, 1.86%, 0, 0, 5, 635.21, 117096, 1221
183, 0, 207, 225, 219, 47, 1.86%, 0, 0, 5, 649.65, 120456, 1221
188, 0, 90, 226, 219, 46, 1.86%, 0, 0, 5, 637.75, 123747, 1221
193, 0, 215, 229, 221, 45, 1.86%, 0, 0, 6, 653.88, 127138, 1221
198, 0, 76, 229, 220, 44, 1.86%, 0, 0, 6, 649.70, 130442, 1221
203, 0, 208, 230, 220, 43, 1.86%, 0, 0, 6, 653.71, 133764, 1221
208, 0, 208, 249, 239, 43, 1.88%, 0, 0, 6, 616.66, 136866, 1234
213, 0, 208, 249, 239, 43, 1.88%, 0, 0, 6, 646.78, 140234, 1234
219, 0, 208, 249, 239, 43, 1.88%, 0, 0, 6, 643.18, 143534, 1234
224, 0, 208, 249, 239, 43, 1.88%, 0, 0, 6, 644.09, 146750, 1234
229, 0, 208, 249, 239, 43, 1.88%, 0, 0, 6, 652.66, 150071, 1234
234, 0, 208, 249, 239, 43, 1.88%, 0, 0, 6, 650.36, 153414, 1234
239, 0, 175, 250, 238, 44, 1.88%, 0, 0, 6, 648.73, 156767, 1234
244, 0, 244, 252, 239, 43, 1.88%, 0, 0, 6, 627.55, 159919, 1234
249, 0, 244, 256, 243, 43, 1.88%, 0, 0, 6, 605.82, 162939, 1234
254, 0, 244, 258, 245, 43, 1.89%, 0, 0, 6, 586.04, 165890, 1238
259, 0, 244, 262, 249, 43, 1.89%, 0, 0, 6, 601.05, 168951, 1239
264, 0, 244, 266, 253, 43, 1.90%, 0, 0, 6, 600.43, 171971, 1242
269, 0, 244, 266, 253, 43, 1.90%, 0, 0, 6, 635.86, 175319, 1242
275, 0, 244, 266, 253, 43, 1.90%, 0, 0, 6, 656.80, 178667, 1242
280, 0, 244, 266, 253, 43, 1.90%, 0, 0, 6, 663.44, 182086, 1242
285, 0, 244, 266, 253, 43, 1.90%, 0, 0, 6, 650.83, 185363, 1242
290, 0, 244, 266, 253, 43, 1.90%, 0, 0, 6, 655.89, 188651, 1242
295, 0, 106, 266, 252, 44, 1.90%, 0, 0, 6, 651.68, 192042, 1242
300, 0, 172, 267, 252, 43, 1.90%, 0, 0, 6, 76.93, 194275, 1242
305, 0, 221, 267, 251, 44, 1.90%, 0, 0, 6, 593.22, 196673, 1242
310, 0, 221, 268, 252, 44, 1.90%, 0, 0, 6, 606.87, 199898, 1242
315, 0, 240, 268, 251, 43, 1.90%, 0, 0, 6, 595.08, 202868, 1242
320, 0, 240, 268, 251, 43, 1.90%, 0, 0, 6, 631.86, 206216, 1242
326, 0, 153, 268, 249, 41, 1.90%, 0, 0, 6, 642.37, 209517, 1242
331, 0, 191, 269, 249, 40, 1.90%, 0, 0, 6, 650.03, 212792, 1242
336, 0, 191, 276, 256, 40, 1.90%, 0, 0, 6, 635.89, 216076, 1242
341, 0, 191, 279, 259, 40, 1.90%, 0, 0, 6, 630.80, 219220, 1242
346, 0, 191, 281, 261, 40, 1.90%, 0, 0, 6, 634.59, 222512, 1242
351, 0, 191, 286, 266, 40, 1.90%, 0, 0, 6, 636.94, 225804, 1248
356, 0, 191, 286, 266, 40, 1.90%, 0, 0, 6, 645.73, 229164, 1248
361, 0, 191, 286, 266, 40, 1.90%, 0, 0, 6, 652.28, 232431, 1248
367, 0, 191, 286, 266, 40, 1.90%, 0, 0, 6, 652.53, 235785, 1248
372, 0, 191, 287, 267, 40, 1.90%, 0, 0, 6, 643.58, 239083, 1248
377, 0, 279, 288, 267, 40, 1.90%, 0, 0, 6, 632.46, 242355, 1248
382, 0, 279, 289, 268, 40, 1.90%, 0, 0, 6, 644.48, 245699, 1248
387, 0, 266, 292, 270, 39, 1.92%, 0, 0, 6, 103.22, 247774, 1257
392, 0, 266, 295, 273, 39, 1.92%, 0, 0, 6, 110.27, 248328, 1258
397, 0, 266, 296, 274, 39, 1.92%, 0, 0, 6, 115.28, 248916, 1258
402, 0, 266, 297, 275, 39, 1.92%, 0, 0, 6, 117.94, 249516, 1261
407, 0, 266, 297, 275, 39, 1.92%, 0, 0, 6, 120.81, 250118, 1261
412, 0, 266, 298, 276, 39, 1.92%, 0, 0, 6, 123.29, 250760, 1261
418, 0, 266, 299, 277, 39, 1.92%, 0, 0, 6, 120.00, 251372, 1261
423, 0, 266, 300, 278, 39, 1.92%, 0, 0, 6, 118.72, 251964, 1261
428, 0, 266, 300, 278, 39, 1.92%, 0, 0, 6, 120.10, 252592, 1261
433, 0, 266, 301, 279, 39, 1.95%, 0, 0, 6, 116.85, 253164, 1278
438, 0, 266, 301, 279, 39, 1.95%, 0, 0, 6, 117.99, 253762, 1278
443, 0, 266, 302, 280, 39, 1.95%, 0, 0, 6, 118.56, 254364, 1278
448, 0, 266, 302, 280, 39, 1.95%, 0, 0, 6, 121.33, 254980, 1278
453, 0, 266, 302, 280, 39, 1.95%, 0, 0, 6, 123.08, 255588, 1278
458, 0, 266, 303, 281, 39, 1.95%, 0, 0, 6, 121.98, 256196, 1278
463, 0, 266, 303, 281, 39, 1.95%, 0, 0, 6, 117.36, 256796, 1278
468, 0, 266, 304, 282, 39, 1.95%, 0, 0, 6, 112.57, 257356, 1278
473, 0, 266, 304, 282, 39, 1.95%, 0, 0, 6, 115.60, 257962, 1278
478, 0, 266, 304, 282, 39, 1.95%, 0, 0, 6, 115.03, 258552, 1278
483, 0, 266, 304, 282, 39, 1.95%, 0, 0, 6, 120.13, 259168, 1278
489, 0, 266, 305, 283, 39, 1.95%, 0, 0, 6, 113.69, 259738, 1278
494, 0, 266, 305, 283, 39, 1.95%, 0, 0, 6, 119.92, 260340, 1278
499, 0, 266, 305, 283, 39, 1.95%, 0, 0, 6, 121.33, 260946, 1278
504, 0, 266, 306, 284, 39, 1.95%, 0, 0, 6, 121.81, 261556, 1278
509, 0, 266, 306, 284, 39, 1.95%, 0, 0, 6, 118.44, 262166, 1278
514, 0, 266, 306, 284, 39, 1.95%, 0, 0, 6, 122.33, 262780, 1278
519, 0, 266, 307, 285, 39, 1.95%, 0, 0, 6, 117.62, 263364, 1278
524, 0, 266, 307, 285, 39, 1.95%, 0, 0, 6, 117.03, 263948, 1278
529, 0, 266, 311, 289, 39, 1.96%, 0, 0, 6, 377.37, 265888, 1287
534, 0, 266, 312, 290, 39, 1.96%, 0, 0, 6, 501.52, 268647, 1287
539, 0, 266, 312, 290, 39, 1.96%, 0, 0, 6, 523.87, 271404, 1287
544, 0, 266, 312, 290, 39, 1.96%, 0, 0, 6, 541.01, 274154, 1287
549, 0, 266, 312, 290, 39, 1.96%, 0, 0, 6, 547.83, 276904, 1287
555, 0, 266, 313, 291, 39, 1.99%, 0, 0, 6, 524.16, 279442, 1302
560, 0, 266, 313, 291, 39, 1.99%, 0, 0, 6, 355.84, 281252, 1302
565, 0, 266, 313, 291, 39, 1.99%, 0, 0, 6, 258.70, 282451, 1302
570, 0, 266, 313, 291, 39, 1.99%, 0, 0, 6, 244.25, 283650, 1302
575, 0, 266, 313, 291, 39, 1.99%, 0, 0, 6, 243.58, 284906, 1302
580, 0, 266, 313, 291, 39, 1.99%, 0, 0, 6, 242.74, 286110, 1302
585, 0, 266, 313, 291, 39, 1.99%, 0, 0, 6, 241.85, 287386, 1302
590, 0, 266, 313, 291, 39, 1.99%, 0, 0, 6, 236.33, 288562, 1302
595, 0, 266, 313, 291, 39, 1.99%, 0, 0, 6, 227.54, 289678, 1302
600, 0, 266, 313, 291, 39, 1.99%, 0, 0, 6, 228.83, 290826, 1302
606, 0, 266, 313, 291, 39, 1.99%, 0, 0, 6, 233.19, 292054, 1302
611, 0, 266, 313, 291, 39, 1.99%, 0, 0, 6, 228.72, 293218, 1302
616, 0, 266, 314, 292, 39, 1.99%, 0, 0, 6, 223.05, 294362, 1302
621, 0, 266, 314, 292, 39, 1.99%, 0, 0, 6, 245.10, 295622, 1302
626, 0, 266, 314, 292, 39, 1.99%, 0, 0, 6, 226.95, 296770, 1302
631, 0, 266, 314, 292, 39, 1.99%, 0, 0, 6, 249.69, 297854, 1302
636, 0, 266, 315, 293, 39, 1.99%, 0, 0, 6, 221.18, 298862, 1302
641, 0, 178, 318, 295, 45, 1.99%, 0, 0, 6, 511.78, 301568, 1306
646, 0, 178, 318, 295, 45, 1.99%, 0, 0, 6, 636.52, 304907, 1306
651, 0, 309, 318, 294, 46, 1.99%, 0, 0, 6, 123.26, 306091, 1306
657, 0, 309, 318, 294, 46, 1.99%, 0, 0, 6, 151.67, 307088, 1306
662, 0, 309, 318, 294, 46, 1.99%, 0, 0, 6, 152.28, 307839, 1306
667, 0, 309, 319, 295, 46, 1.99%, 0, 0, 6, 229.37, 309115, 1306
672, 0, 309, 322, 298, 46, 1.99%, 0, 0, 6, 212.63, 310219, 1306
677, 0, 309, 326, 302, 46, 1.99%, 0, 0, 6, 146.09, 310878, 1306
682, 0, 309, 326, 302, 46, 1.99%, 0, 0, 6, 133.52, 311551, 1306
687, 0, 309, 327, 303, 46, 1.99%, 0, 0, 6, 123.89, 312169, 1306
692, 0, 309, 327, 303, 46, 1.99%, 0, 0, 6, 132.00, 312837, 1306
697, 0, 309, 328, 304, 46, 2.00%, 0, 0, 6, 132.21, 313495, 1308
702, 0, 309, 329, 305, 46, 2.00%, 0, 0, 6, 122.38, 314107, 1308
707, 0, 309, 330, 306, 46, 2.00%, 0, 0, 6, 125.56, 314747, 1308
712, 0, 309, 331, 307, 46, 2.00%, 0, 0, 6, 127.30, 315379, 1309
717, 0, 309, 331, 307, 46, 2.00%, 0, 0, 6, 119.44, 315985, 1309
722, 0, 309, 331, 307, 46, 2.00%, 0, 0, 6, 117.16, 316565, 1309
727, 0, 309, 331, 307, 46, 2.00%, 0, 0, 6, 126.24, 317205, 1309
732, 0, 309, 332, 308, 46, 2.00%, 0, 0, 6, 129.67, 317863, 1309
738, 0, 309, 333, 309, 46, 2.00%, 0, 0, 6, 131.73, 318555, 1309
743, 0, 309, 334, 310, 46, 2.00%, 0, 0, 6, 123.85, 319169, 1311
748, 0, 309, 334, 310, 46, 2.00%, 0, 0, 6, 124.97, 319799, 1311
753, 0, 309, 334, 310, 46, 2.00%, 0, 0, 6, 129.91, 320449, 1311
758, 0, 309, 334, 310, 46, 2.00%, 0, 0, 6, 127.08, 321077, 1311
763, 0, 309, 334, 310, 46, 2.00%, 0, 0, 6, 125.05, 321695, 1311
768, 0, 309, 334, 310, 46, 2.00%, 0, 0, 6, 127.48, 322353, 1311
773, 0, 309, 334, 310, 46, 2.00%, 0, 0, 6, 125.75, 322997, 1311
778, 0, 309, 334, 310, 46, 2.00%, 0, 0, 6, 131.44, 323657, 1311
783, 0, 309, 334, 310, 46, 2.00%, 0, 0, 6, 123.66, 324283, 1311
788, 0, 309, 335, 311, 46, 2.00%, 0, 0, 6, 128.85, 324943, 1311
793, 0, 309, 335, 311, 46, 2.00%, 0, 0, 6, 126.06, 325575, 1311
798, 0, 309, 335, 311, 46, 2.00%, 0, 0, 6, 125.95, 326247, 1311
804, 0, 309, 337, 313, 46, 2.01%, 0, 0, 6, 206.01, 327379, 1317
809, 0, 262, 337, 312, 47, 2.01%, 0, 0, 6, 248.06, 328419, 1317
814, 0, 262, 337, 312, 47, 2.01%, 0, 0, 6, 575.93, 331752, 1317
819, 0, 262, 337, 312, 47, 2.01%, 0, 0, 6, 645.26, 335137, 1317
824, 0, 133, 337, 311, 46, 2.01%, 0, 0, 6, 648.02, 338488, 1317
829, 0, 136, 337, 310, 45, 2.01%, 0, 0, 6, 645.99, 341851, 1317
834, 0, 136, 337, 310, 45, 2.01%, 0, 0, 6, 650.45, 345111, 1317
839, 0, 338, 341, 313, 45, 2.01%, 0, 0, 6, 600.05, 348060, 1317
844, 0, 338, 342, 314, 45, 2.01%, 0, 0, 6, 600.84, 351065, 1317
849, 0, 338, 347, 319, 45, 2.01%, 0, 0, 6, 583.42, 354088, 1317
855, 0, 338, 349, 321, 45, 2.01%, 0, 0, 6, 566.24, 357008, 1317
860, 0, 338, 350, 322, 45, 2.01%, 0, 0, 6, 584.33, 360041, 1317
865, 0, 338, 350, 322, 45, 2.01%, 0, 0, 6, 589.07, 363099, 1317
870, 0, 338, 353, 325, 45, 2.01%, 0, 0, 6, 603.50, 366114, 1318
875, 0, 265, 355, 326, 46, 2.01%, 0, 0, 7, 611.18, 369222, 1318
880, 0, 265, 355, 326, 46, 2.01%, 0, 0, 7, 647.97, 372622, 1318
885, 0, 354, 355, 325, 46, 2.01%, 0, 0, 7, 644.23, 375866, 1318
890, 0, 354, 357, 327, 46, 2.01%, 0, 0, 8, 620.58, 379014, 1318
895, 0, 354, 357, 327, 46, 2.01%, 0, 0, 8, 648.92, 382290, 1318
900, 0, 354, 357, 327, 46, 2.01%, 0, 0, 8, 660.23, 385653, 1318
905, 0, 119, 357, 326, 44, 2.01%, 0, 0, 8, 658.72, 388992, 1318
910, 0, 119, 357, 326, 44, 2.01%, 0, 0, 8, 645.08, 392203, 1318
916, 0, 281, 357, 325, 43, 2.01%, 0, 0, 8, 654.54, 395511, 1318
921, 0, 281, 357, 325, 43, 2.01%, 0, 0, 8, 649.69, 398752, 1318
926, 0, 228, 357, 323, 41, 2.01%, 0, 0, 8, 651.17, 402113, 1318
931, 0, 307, 358, 324, 41, 2.01%, 0, 0, 8, 627.51, 405319, 1318
936, 0, 307, 358, 324, 41, 2.01%, 0, 0, 8, 621.46, 408475, 1318
941, 0, 307, 358, 324, 41, 2.01%, 0, 0, 8, 646.59, 411787, 1318
946, 0, 317, 358, 323, 39, 2.01%, 0, 0, 8, 624.52, 414904, 1318
951, 0, 317, 358, 323, 39, 2.01%, 0, 0, 8, 649.48, 418313, 1318
956, 0, 317, 358, 323, 39, 2.01%, 0, 0, 8, 645.37, 421564, 1318
961, 0, 287, 358, 322, 38, 2.01%, 0, 0, 8, 652.72, 424861, 1318
966, 0, 287, 358, 322, 38, 2.01%, 0, 0, 8, 658.90, 428230, 1318
971, 0, 287, 360, 324, 38, 2.01%, 0, 0, 8, 636.30, 431482, 1318
976, 0, 89, 360, 323, 37, 2.01%, 0, 0, 8, 324.41, 434130, 1318
982, 0, 274, 361, 323, 36, 2.01%, 0, 0, 8, 590.33, 437504, 1318
987, 0, 274, 361, 323, 36, 2.01%, 0, 0, 8, 625.98, 440790, 1318
992, 0, 339, 366, 327, 37, 2.01%, 0, 0, 8, 608.15, 443983, 1318
997, 0, 339, 367, 328, 37, 2.01%, 0, 0, 8, 598.52, 447044, 1318
1002, 0, 339, 367, 328, 37, 2.01%, 0, 0, 8, 592.37, 450091, 1318
1007, 0, 339, 367, 328, 37, 2.01%, 0, 0, 8, 589.93, 453127, 1318
1013, 0, 339, 367, 328, 37, 2.01%, 0, 0, 8, 597.82, 456251, 1318
1018, 0, 339, 369, 330, 37, 2.01%, 0, 0, 8, 599.14, 459363, 1318
1023, 0, 339, 369, 330, 37, 2.01%, 0, 0, 8, 613.37, 462491, 1318
1028, 0, 339, 369, 330, 37, 2.01%, 0, 0, 8, 606.66, 465539, 1318
1033, 0, 339, 369, 330, 37, 2.01%, 0, 0, 8, 603.39, 468587, 1318
1038, 0, 339, 369, 330, 37, 2.01%, 0, 0, 8, 600.75, 471623, 1318
1043, 0, 339, 369, 330, 37, 2.01%, 0, 0, 8, 591.74, 474708, 1318
1048, 0, 339, 369, 330, 37, 2.01%, 0, 0, 8, 589.06, 477782, 1318
1054, 0, 339, 369, 330, 37, 2.01%, 0, 0, 8, 576.11, 480752, 1318
1059, 0, 339, 369, 330, 37, 2.01%, 0, 0, 8, 586.16, 483788, 1318
1064, 0, 339, 370, 331, 37, 2.01%, 0, 0, 8, 591.47, 486865, 1318
1069, 0, 339, 370, 331, 37, 2.01%, 0, 0, 8, 590.57, 489923, 1318
1074, 0, 339, 370, 331, 37, 2.01%, 0, 0, 8, 612.58, 493070, 1318
1079, 0, 181, 371, 331, 37, 2.01%, 0, 0, 8, 639.31, 496334, 1318
1084, 0, 357, 374, 333, 36, 2.01%, 0, 0, 8, 625.14, 499512, 1318
1089, 0, 357, 375, 334, 36, 2.01%, 0, 0, 8, 607.98, 502580, 1318
1095, 0, 357, 377, 336, 36, 2.01%, 0, 0, 8, 596.70, 505655, 1318
1100, 0, 357, 377, 336, 36, 2.01%, 0, 0, 8, 598.43, 508746, 1318
1105, 0, 357, 377, 336, 36, 2.01%, 0, 0, 8, 607.28, 511872, 1318
1110, 0, 357, 379, 338, 36, 2.02%, 0, 0, 8, 623.12, 515008, 1322
1115, 0, 357, 380, 339, 36, 2.02%, 0, 0, 8, 618.78, 518136, 1322
1120, 0, 357, 380, 339, 36, 2.02%, 0, 0, 8, 613.93, 521220, 1322
1125, 0, 357, 381, 340, 36, 2.02%, 0, 0, 8, 604.67, 524396, 1322
1130, 0, 357, 382, 341, 36, 2.02%, 0, 0, 8, 590.58, 527433, 1322
1136, 0, 357, 382, 341, 36, 2.02%, 0, 0, 8, 590.27, 530469, 1322
1141, 0, 357, 382, 341, 36, 2.02%, 0, 0, 8, 587.42, 533494, 1322
1146, 0, 357, 382, 341, 36, 2.02%, 0, 0, 8, 600.65, 536608, 1322
1151, 0, 357, 382, 341, 36, 2.02%, 0, 0, 8, 605.72, 539668, 1322
1156, 0, 162, 384, 342, 36, 2.02%, 0, 0, 8, 627.48, 542809, 1322
1161, 0, 383, 385, 342, 36, 2.02%, 0, 0, 8, 645.70, 546089, 1322
1166, 0, 383, 385, 342, 36, 2.02%, 0, 0, 8, 642.61, 549318, 1322
1171, 0, 316, 386, 342, 35, 2.02%, 0, 0, 8, 620.28, 552472, 1323
1176, 0, 316, 386, 342, 35, 2.02%, 0, 0, 8, 639.07, 555676, 1323
1181, 0, 316, 386, 342, 35, 2.02%, 0, 0, 8, 647.84, 558976, 1323
1186, 0, 378, 386, 341, 35, 2.02%, 0, 0, 8, 594.49, 561884, 1323
1191, 0, 378, 387, 342, 35, 2.02%, 0, 0, 8, 601.64, 565016, 1323
1196, 0, 378, 387, 342, 35, 2.02%, 0, 0, 8, 611.50, 568124, 1323
1201, 0, 213, 387, 341, 35, 2.02%, 0, 0, 8, 641.64, 571401, 1323
1207, 0, 335, 387, 340, 34, 2.02%, 0, 0, 8, 615.05, 574493, 1323
1212, 0, 335, 388, 341, 34, 2.02%, 0, 0, 8, 612.70, 577568, 1323
1217, 0, 386, 391, 343, 33, 2.02%, 0, 0, 9, 584.98, 580435, 1323
1222, 0, 386, 391, 343, 33, 2.02%, 0, 0, 9, 590.58, 583471, 1323
1227, 0, 386, 392, 344, 33, 2.02%, 0, 0, 9, 583.41, 586493, 1323
1232, 0, 386, 393, 345, 33, 2.02%, 0, 0, 9, 538.73, 589163, 1323
1237, 0, 386, 393, 345, 33, 2.02%, 0, 0, 9, 533.94, 591833, 1323
1242, 0, 386, 394, 346, 33, 2.06%, 0, 0, 9, 435.87, 594397, 1351
1247, 0, 386, 394, 346, 33, 2.06%, 0, 0, 9, 519.11, 597151, 1351
1252, 0, 386, 394, 346, 33, 2.06%, 0, 0, 9, 560.35, 600101, 1351
1257, 0, 386, 394, 346, 33, 2.06%, 0, 0, 9, 565.97, 602950, 1351
1263, 0, 386, 395, 347, 33, 2.06%, 0, 0, 9, 584.19, 605983, 1351
1268, 0, 386, 395, 347, 33, 2.06%, 0, 0, 9, 615.75, 609169, 1351
1273, 0, 386, 395, 347, 33, 2.06%, 0, 0, 9, 621.68, 612277, 1351
1278, 0, 386, 395, 347, 33, 2.06%, 0, 0, 9, 610.75, 615457, 1351
1283, 0, 226, 395, 346, 32, 2.06%, 0, 0, 9, 646.39, 618760, 1351
1288, 0, 222, 396, 346, 31, 2.06%, 0, 0, 9, 648.29, 622091, 1351
1293, 0, 222, 397, 347, 31, 2.06%, 0, 0, 9, 643.69, 625430, 1351
1299, 0, 385, 398, 347, 30, 2.06%, 0, 0, 9, 643.92, 628747, 1351
1304, 0, 385, 398, 347, 30, 2.06%, 0, 0, 9, 650.98, 632038, 1351
1309, 0, 302, 398, 346, 29, 2.06%, 0, 0, 9, 631.40, 635360, 1351
1314, 0, 302, 398, 346, 29, 2.06%, 0, 0, 9, 411.53, 636944, 1351
1319, 0, 302, 398, 346, 29, 2.06%, 0, 0, 9, 197.26, 637624, 1351
1324, 0, 302, 398, 346, 29, 2.06%, 0, 0, 9, 228.80, 639060, 1351
1329, 0, 302, 403, 351, 29, 2.06%, 0, 0, 9, 152.74, 639726, 1351
1334, 0, 302, 407, 355, 29, 2.06%, 0, 0, 9, 128.40, 640342, 1351
1339, 0, 302, 407, 355, 29, 2.06%, 0, 0, 9, 123.52, 640956, 1351
1344, 0, 302, 407, 355, 29, 2.06%, 0, 0, 9, 129.42, 641614, 1351
1349, 0, 302, 407, 355, 29, 2.06%, 0, 0, 9, 137.88, 642304, 1351
1354, 0, 302, 407, 355, 29, 2.06%, 0, 0, 9, 134.34, 642984, 1351
1360, 0, 302, 407, 355, 29, 2.06%, 0, 0, 9, 127.80, 643640, 1351
1365, 0, 302, 407, 355, 29, 2.06%, 0, 0, 9, 127.08, 644282, 1351
1370, 0, 302, 407, 355, 29, 2.06%, 0, 0, 9, 132.72, 644954, 1351
1375, 0, 302, 407, 355, 29, 2.06%, 0, 0, 9, 133.12, 645606, 1351
1380, 0, 302, 407, 355, 29, 2.06%, 0, 0, 9, 137.60, 646282, 1351
1385, 0, 302, 407, 355, 29, 2.06%, 0, 0, 9, 128.52, 646942, 1351
1390, 0, 302, 407, 355, 29, 2.06%, 0, 0, 9, 125.67, 647578, 1351
1395, 0, 302, 407, 355, 29, 2.06%, 0, 0, 9, 131.60, 648284, 1351
1400, 0, 302, 407, 355, 29, 2.06%, 0, 0, 9, 125.80, 648912, 1351
1405, 0, 302, 407, 355, 29, 2.06%, 0, 0, 9, 123.79, 649544, 1351
1410, 0, 302, 407, 355, 29, 2.06%, 0, 0, 9, 127.43, 650204, 1351
1415, 0, 302, 407, 355, 29, 2.06%, 0, 0, 9, 126.98, 650862, 1351
1421, 0, 302, 407, 355, 29, 2.06%, 0, 0, 9, 121.22, 651496, 1351
1426, 0, 302, 407, 355, 29, 2.06%, 0, 0, 9, 330.38, 653216, 1351
1431, 0, 302, 407, 355, 29, 2.06%, 0, 0, 9, 173.17, 653885, 1351
1436, 0, 360, 407, 354, 28, 2.06%, 0, 0, 9, 491.45, 656617, 1351
1441, 0, 360, 408, 355, 28, 2.06%, 0, 0, 9, 607.30, 659807, 1351
1446, 0, 280, 408, 354, 27, 2.06%, 0, 0, 9, 629.12, 663155, 1351
1451, 0, 280, 412, 358, 27, 2.06%, 0, 0, 9, 617.06, 666355, 1351
1457, 0, 280, 413, 359, 27, 2.06%, 0, 0, 9, 623.81, 669615, 1351
1462, 0, 280, 413, 359, 27, 2.06%, 0, 0, 9, 632.79, 672903, 1351
1467, 0, 280, 414, 360, 27, 2.06%, 0, 0, 9, 630.90, 676067, 1351
1472, 0, 280, 414, 360, 27, 2.06%, 0, 0, 9, 650.85, 679353, 1351
1477, 0, 280, 414, 360, 27, 2.06%, 0, 0, 9, 650.41, 682733, 1351
1482, 0, 280, 414, 360, 27, 2.06%, 0, 0, 9, 649.49, 686123, 1351
1487, 0, 280, 414, 360, 27, 2.06%, 0, 0, 9, 654.41, 689437, 1351
1492, 0, 280, 414, 360, 27, 2.06%, 0, 0, 9, 656.84, 692743, 1351
1497, 0, 311, 414, 359, 26, 2.06%, 0, 0, 9, 638.58, 695995, 1351
1502, 0, 311, 414, 359, 26, 2.06%, 0, 0, 9, 619.62, 699091, 1351
1507, 0, 311, 414, 359, 26, 2.06%, 0, 0, 9, 611.10, 702139, 1351
1512, 0, 345, 415, 359, 25, 2.06%, 0, 0, 9, 597.43, 705153, 1351
1518, 0, 345, 415, 359, 25, 2.06%, 0, 0, 9, 607.00, 708274, 1351
1523, 0, 345, 415, 359, 25, 2.06%, 0, 0, 9, 614.47, 711322, 1351
1528, 0, 284, 417, 360, 24, 2.06%, 0, 0, 9, 641.41, 714541, 1351
1533, 0, 284, 417, 360, 24, 2.06%, 0, 0, 9, 649.84, 717817, 1351
1538, 0, 284, 417, 360, 24, 2.06%, 0, 0, 9, 663.76, 721176, 1351
1543, 0, 187, 417, 359, 24, 2.06%, 0, 0, 9, 653.64, 724561, 1351
1548, 0, 166, 417, 358, 24, 2.06%, 0, 0, 9, 647.04, 727898, 1351
1553, 0, 269, 417, 357, 23, 2.06%, 0, 0, 9, 645.16, 731247, 1351
1558, 0, 269, 417, 357, 23, 2.06%, 0, 0, 9, 647.04, 734542, 1351
1563, 0, 79, 417, 356, 22, 2.06%, 0, 0, 9, 642.92, 737752, 1351
1569, 0, 79, 417, 356, 22, 2.06%, 0, 0, 9, 645.29, 741088, 1351
1574, 0, 356, 418, 356, 21, 2.06%, 0, 0, 9, 611.87, 744161, 1351
1579, 0, 356, 418, 356, 21, 2.06%, 0, 0, 9, 640.60, 747497, 1351
1584, 0, 356, 418, 356, 21, 2.06%, 0, 0, 9, 638.75, 750785, 1351
1589, 0, 356, 418, 356, 21, 2.06%, 0, 0, 9, 663.67, 754149, 1351
1594, 0, 125, 418, 355, 21, 2.06%, 0, 0, 9, 653.78, 757474, 1351
1599, 0, 417, 418, 354, 20, 2.06%, 0, 0, 9, 645.98, 760776, 1351
1604, 0, 417, 419, 355, 20, 2.06%, 0, 0, 10, 622.72, 763917, 1351
1609, 0, 417, 420, 356, 20, 2.06%, 0, 0, 10, 619.39, 767009, 1351
1614, 0, 417, 420, 356, 20, 2.06%, 0, 0, 10, 646.13, 770273, 1351
1619, 0, 417, 420, 356, 20, 2.06%, 0, 0, 10, 652.56, 773590, 1351
1624, 0, 417, 420, 356, 20, 2.06%, 0, 0, 10, 666.32, 776973, 1351
1629, 0, 417, 420, 356, 20, 2.06%, 0, 0, 10, 663.39, 780321, 1351
1634, 0, 411, 420, 355, 20, 2.06%, 0, 0, 10, 655.78, 783611, 1351
1640, 0, 411, 420, 355, 20, 2.06%, 0, 0, 10, 647.90, 786873, 1351
1645, 0, 256, 421, 355, 19, 2.06%, 0, 0, 10, 640.21, 790108, 1351
1650, 0, 256, 421, 355, 19, 2.06%, 0, 0, 10, 623.06, 793192, 1351
1655, 0, 256, 421, 355, 19, 2.06%, 0, 0, 10, 645.71, 796516, 1351
1660, 0, 106, 421, 354, 18, 2.06%, 0, 0, 10, 657.23, 799891, 1351
1665, 0, 106, 421, 354, 18, 2.06%, 0, 0, 10, 667.35, 803304, 1351
1670, 0, 106, 421, 354, 18, 2.06%, 0, 0, 10, 667.59, 806707, 1351
1675, 0, 106, 421, 354, 18, 2.06%, 0, 0, 10, 667.44, 810082, 1351
1680, 0, 93, 421, 354, 18, 2.06%, 0, 0, 10, 659.59, 813433, 1351
1685, 0, 419, 421, 353, 17, 2.06%, 0, 0, 10, 649.98, 816727, 1351
1690, 0, 419, 421, 353, 17, 2.06%, 0, 0, 10, 647.06, 819991, 1351
1695, 0, 419, 421, 353, 17, 2.06%, 0, 0, 10, 655.23, 823327, 1351
1700, 0, 419, 421, 353, 17, 2.06%, 0, 0, 10, 664.45, 826710, 1351
1705, 0, 57, 421, 352, 16, 2.06%, 0, 0, 10, 644.30, 829900, 1351
1711, 0, 270, 421, 351, 16, 2.06%, 0, 0, 10, 657.83, 833340, 1351
1716, 0, 270, 421, 351, 16, 2.06%, 0, 0, 10, 635.40, 836477, 1351
1721, 0, 270, 421, 351, 16, 2.06%, 0, 0, 10, 648.51, 839813, 1351
1726, 0, 310, 421, 350, 15, 2.06%, 0, 0, 10, 307.76, 841089, 1351
1731, 0, 310, 422, 351, 15, 2.06%, 0, 0, 10, 183.96, 842016, 1352
1736, 0, 310, 422, 351, 15, 2.06%, 0, 0, 10, 118.41, 842531, 1352
1741, 0, 310, 422, 351, 15, 2.06%, 0, 0, 10, 228.92, 843663, 1352
1746, 0, 310, 425, 354, 15, 2.07%, 0, 0, 10, 179.25, 844581, 1355
1751, 0, 310, 426, 355, 15, 2.07%, 0, 0, 10, 135.05, 845205, 1356
1756, 0, 310, 426, 355, 15, 2.07%, 0, 0, 10, 127.82, 845837, 1356
1761, 0, 310, 426, 355, 15, 2.07%, 0, 0, 10, 119.49, 846429, 1356
1767, 0, 310, 426, 355, 15, 2.07%, 0, 0, 10, 122.25, 847043, 1356
1772, 0, 310, 426, 355, 15, 2.07%, 0, 0, 10, 127.69, 847685, 1356
1777, 0, 310, 426, 355, 15, 2.07%, 0, 0, 10, 129.41, 848327, 1356
1782, 0, 310, 426, 355, 15, 2.07%, 0, 0, 10, 132.44, 848979, 1356
1787, 0, 300, 426, 354, 16, 2.07%, 0, 0, 10, 301.79, 850791, 1356
1792, 0, 300, 426, 354, 16, 2.07%, 0, 0, 10, 199.24, 851731, 1356
1797, 0, 300, 426, 354, 16, 2.07%, 0, 0, 10, 250.75, 852907, 1356
1802, 0, 300, 426, 354, 16, 2.07%, 0, 0, 10, 197.65, 853758, 1356
1807, 0, 300, 426, 354, 16, 2.07%, 0, 0, 10, 171.23, 854562, 1356
1812, 0, 192, 426, 353, 15, 2.07%, 0, 0, 10, 469.54, 856844, 1356
1817, 0, 422, 426, 352, 14, 2.07%, 0, 0, 10, 110.17, 859278, 1356
1822, 0, 422, 426, 352, 14, 2.07%, 0, 0, 10, 123.31, 860218, 1356
1827, 0, 422, 426, 352, 14, 2.07%, 0, 0, 10, 251.22, 861780, 1356
1833, 0, 422, 426, 352, 14, 2.07%, 0, 0, 10, 205.01, 862772, 1356
1838, 0, 367, 427, 352, 13, 2.07%, 0, 0, 10, 332.14, 864144, 1356
1843, 0, 367, 427, 352, 13, 2.07%, 0, 0, 10, 553.85, 867255, 1356
1848, 0, 367, 427, 352, 13, 2.07%, 0, 0, 10, 586.65, 870368, 1356
1853, 0, 367, 428, 353, 13, 2.07%, 0, 0, 10, 611.07, 873560, 1356
1858, 0, 80, 428, 352, 12, 2.07%, 0, 0, 10, 627.98, 876695, 1356
1863, 0, 106, 428, 351, 12, 2.07%, 0, 0, 10, 646.70, 880071, 1356
1868, 0, 106, 428, 351, 12, 2.07%, 0, 0, 10, 632.62, 883223, 1356
1874, 0, 393, 428, 351, 12, 2.07%, 0, 0, 10, 34.17, 883870, 1356
1879, 0, 393, 428, 351, 12, 2.07%, 0, 0, 10, 46.19, 884096, 1356
1884, 0, 393, 428, 351, 12, 2.07%, 0, 0, 10, 58.34, 884390, 1356
1889, 0, 393, 431, 354, 12, 2.08%, 0, 0, 10, 68.36, 884759, 1360
1894, 0, 393, 434, 357, 12, 2.11%, 0, 0, 10, 77.89, 885167, 1384
1899, 0, 393, 434, 357, 12, 2.11%, 0, 0, 10, 91.92, 885634, 1384
1904, 0, 393, 435, 358, 12, 2.11%, 0, 0, 10, 81.88, 886014, 1385
1909, 0, 393, 435, 358, 12, 2.11%, 0, 0, 10, 77.95, 886424, 1385
1915, 0, 393, 435, 358, 12, 2.11%, 0, 0, 10, 74.33, 886822, 1385
1920, 0, 393, 436, 359, 12, 2.11%, 0, 0, 10, 81.40, 887257, 1385
1925, 0, 393, 436, 359, 12, 2.11%, 0, 0, 10, 79.48, 887668, 1385
1930, 0, 393, 437, 360, 12, 2.11%, 0, 0, 10, 79.87, 888095, 1385
1935, 0, 393, 438, 361, 12, 2.11%, 0, 0, 10, 78.30, 888500, 1385
1940, 0, 393, 438, 361, 12, 2.11%, 0, 0, 10, 87.32, 888937, 1385
1945, 0, 393, 438, 361, 12, 2.11%, 0, 0, 10, 80.51, 889329, 1385
1951, 0, 393, 438, 361, 12, 2.11%, 0, 0, 10, 74.15, 889702, 1385
1956, 0, 393, 438, 361, 12, 2.11%, 0, 0, 10, 73.66, 890082, 1385
1961, 0, 393, 439, 362, 12, 2.11%, 0, 0, 10, 89.56, 890511, 1385
1966, 0, 393, 439, 362, 12, 2.11%, 0, 0, 10, 79.65, 890902, 1385
1971, 0, 393, 439, 362, 12, 2.11%, 0, 0, 10, 76.12, 891274, 1385
1976, 0, 393, 439, 362, 12, 2.11%, 0, 0, 10, 82.49, 891705, 1385
1981, 0, 393, 439, 362, 12, 2.11%, 0, 0, 10, 78.06, 892126, 1385
1986, 0, 393, 439, 362, 12, 2.11%, 0, 0, 10, 79.07, 892526, 1385
1992, 0, 393, 439, 362, 12, 2.11%, 0, 0, 10, 87.19, 892951, 1385
1997, 0, 393, 439, 362, 12, 2.11%, 0, 0, 10, 82.65, 893358, 1385
2002, 0, 393, 439, 362, 12, 2.11%, 0, 0, 10, 75.09, 893736, 1385
2007, 0, 393, 439, 362, 12, 2.11%, 0, 0, 10, 84.29, 894158, 1385
2012, 0, 393, 439, 362, 12, 2.11%, 0, 0, 10, 82.09, 894573, 1385
2017, 0, 393, 440, 363, 12, 2.11%, 0, 0, 10, 81.79, 894986, 1385
2022, 0, 393, 440, 363, 12, 2.11%, 0, 0, 10, 78.36, 895382, 1385
2027, 0, 393, 440, 363, 12, 2.11%, 0, 0, 10, 70.70, 895741, 1385
2033, 0, 393, 440, 363, 12, 2.11%, 0, 0, 10, 88.19, 896204, 1385
2038, 0, 393, 440, 363, 12, 2.11%, 0, 0, 10, 80.94, 896602, 1385
2043, 0, 393, 440, 363, 12, 2.11%, 0, 0, 10, 63.12, 896928, 1385
2048, 0, 393, 440, 363, 12, 2.11%, 0, 0, 10, 57.09, 897206, 1385
2053, 0, 393, 440, 363, 12, 2.11%, 0, 0, 10, 54.87, 897487, 1385
2058, 0, 393, 440, 363, 12, 2.11%, 0, 0, 10, 52.03, 897742, 1385
2063, 0, 393, 440, 363, 12, 2.11%, 0, 0, 10, 51.94, 897990, 1385
2068, 0, 393, 440, 363, 12, 2.11%, 0, 0, 10, 52.46, 898261, 1385
2073, 0, 393, 440, 363, 12, 2.11%, 0, 0, 10, 49.71, 898524, 1385
2078, 0, 393, 440, 363, 12, 2.11%, 0, 0, 10, 50.58, 898790, 1385
2084, 0, 393, 440, 363, 12, 2.11%, 0, 0, 10, 50.89, 899060, 1385
2089, 0, 393, 440, 363, 12, 2.11%, 0, 0, 10, 49.22, 899311, 1385
2094, 0, 393, 440, 363, 12, 2.11%, 0, 0, 10, 53.01, 899585, 1385
2099, 0, 393, 440, 363, 12, 2.11%, 0, 0, 10, 48.11, 899829, 1385
2104, 0, 393, 440, 363, 12, 2.11%, 0, 0, 10, 53.39, 900100, 1385
2109, 0, 393, 440, 363, 12, 2.11%, 0, 0, 10, 53.04, 900369, 1385
2114, 0, 393, 440, 363, 12, 2.11%, 0, 0, 10, 51.77, 900622, 1385
2119, 0, 393, 440, 363, 12, 2.11%, 0, 0, 10, 52.49, 900886, 1385
2124, 0, 393, 440, 363, 12, 2.11%, 0, 0, 10, 53.58, 901146, 1385
2129, 0, 393, 440, 363, 12, 2.11%, 0, 0, 10, 51.78, 901408, 1385
2134, 0, 393, 440, 363, 12, 2.11%, 0, 0, 10, 52.49, 901681, 1385
2139, 0, 393, 440, 363, 12, 2.11%, 0, 0, 10, 50.74, 901941, 1385
2144, 0, 393, 440, 363, 12, 2.11%, 0, 0, 10, 49.85, 902206, 1385
2149, 0, 393, 440, 363, 12, 2.11%, 0, 0, 10, 53.65, 902483, 1385
2154, 0, 393, 440, 363, 12, 2.11%, 0, 0, 10, 51.95, 902742, 1385
2159, 0, 393, 440, 363, 12, 2.11%, 0, 0, 10, 54.71, 903014, 1385
2164, 0, 393, 440, 363, 12, 2.11%, 0, 0, 10, 51.08, 903265, 1385
2170, 0, 393, 440, 363, 12, 2.11%, 0, 0, 10, 52.42, 903530, 1385
2175, 0, 393, 440, 363, 12, 2.11%, 0, 0, 10, 48.67, 903775, 1385
2180, 0, 393, 440, 363, 12, 2.11%, 0, 0, 10, 47.39, 904024, 1385
2185, 0, 393, 440, 363, 12, 2.11%, 0, 0, 10, 51.16, 904284, 1385
2190, 0, 393, 440, 363, 12, 2.11%, 0, 0, 10, 51.45, 904546, 1385
2195, 0, 393, 440, 363, 12, 2.11%, 0, 0, 10, 52.28, 904805, 1385
2200, 0, 393, 440, 363, 12, 2.11%, 0, 0, 10, 54.43, 905094, 1385
2205, 0, 393, 440, 363, 12, 2.11%, 0, 0, 10, 52.49, 905354, 1385
2210, 0, 393, 440, 363, 12, 2.11%, 0, 0, 10, 53.19, 905641, 1385
2215, 0, 393, 440, 363, 12, 2.11%, 0, 0, 10, 52.58, 905900, 1385
2220, 0, 393, 440, 363, 12, 2.11%, 0, 0, 10, 53.67, 906175, 1385
2225, 0, 393, 440, 363, 12, 2.11%, 0, 0, 10, 50.24, 906428, 1385
2231, 0, 393, 440, 363, 12, 2.11%, 0, 0, 10, 50.13, 906682, 1385
2236, 0, 393, 440, 363, 12, 2.11%, 0, 0, 10, 50.99, 906944, 1385
2241, 0, 393, 440, 363, 12, 2.11%, 0, 0, 10, 53.14, 907222, 1385
2246, 0, 393, 440, 363, 12, 2.11%, 0, 0, 10, 50.75, 907477, 1385
2251, 0, 393, 440, 363, 12, 2.11%, 0, 0, 10, 48.21, 907732, 1385
2256, 0, 393, 440, 363, 12, 2.11%, 0, 0, 10, 51.75, 908001, 1385
2261, 0, 393, 440, 363, 12, 2.11%, 0, 0, 10, 51.00, 908266, 1385
2266, 0, 393, 440, 363, 12, 2.11%, 0, 0, 10, 53.43, 908546, 1385
2271, 0, 393, 440, 363, 12, 2.11%, 0, 0, 10, 47.37, 908786, 1385
2276, 0, 393, 440, 363, 12, 2.11%, 0, 0, 10, 56.09, 909075, 1385
2281, 0, 393, 440, 363, 12, 2.11%, 0, 0, 10, 57.29, 909356, 1385
2286, 0, 393, 440, 363, 12, 2.11%, 0, 0, 10, 53.71, 909633, 1385
2292, 0, 393, 441, 364, 12, 2.11%, 0, 0, 10, 53.88, 910106, 1385
2297, 0, 393, 441, 364, 12, 2.11%, 0, 0, 10, 44.78, 910587, 1385
2302, 0, 393, 441, 364, 12, 2.11%, 0, 0, 10, 52.96, 910860, 1385
2307, 0, 393, 441, 364, 12, 2.11%, 0, 0, 10, 54.53, 911133, 1385
2312, 0, 393, 441, 364, 12, 2.11%, 0, 0, 10, 62.36, 911867, 1385
2317, 0, 393, 441, 364, 12, 2.11%, 0, 0, 10, 56.27, 912138, 1385
2322, 0, 437, 441, 363, 17, 2.11%, 0, 0, 10, 455.44, 913707, 1385
2327, 0, 437, 442, 364, 17, 2.11%, 0, 0, 11, 483.62, 916139, 1385
2332, 0, 437, 445, 367, 17, 2.13%, 0, 0, 11, 457.69, 918341, 1393
2337, 0, 437, 445, 367, 17, 2.13%, 0, 0, 11, 458.42, 920618, 1393
2342, 0, 437, 445, 367, 17, 2.13%, 0, 0, 11, 462.65, 922922, 1393
2347, 0, 437, 445, 367, 17, 2.13%, 0, 0, 11, 422.15, 925011, 1393
2353, 0, 437, 445, 367, 17, 2.13%, 0, 0, 11, 433.14, 927203, 1393
2358, 0, 437, 446, 368, 17, 2.13%, 0, 0, 11, 535.25, 929893, 1393
2363, 0, 437, 446, 368, 17, 2.13%, 0, 0, 11, 593.82, 932952, 1393
2368, 0, 437, 446, 368, 17, 2.13%, 0, 0, 11, 589.86, 935944, 1393
2373, 0, 437, 446, 368, 17, 2.13%, 0, 0, 11, 599.64, 938958, 1393
2378, 0, 437, 446, 368, 17, 2.13%, 0, 0, 11, 591.52, 941928, 1393
2383, 0, 437, 449, 371, 17, 2.13%, 0, 0, 11, 562.28, 944752, 1393
2388, 0, 437, 449, 371, 17, 2.13%, 0, 0, 11, 557.99, 947568, 1393
2393, 0, 437, 449, 371, 17, 2.13%, 0, 0, 11, 49.05, 949223, 1393
2398, 0, 437, 449, 371, 17, 2.13%, 0, 0, 11, 48.81, 949473, 1393
2403, 0, 437, 449, 371, 17, 2.13%, 0, 0, 11, 48.54, 949722, 1393
2408, 0, 437, 449, 371, 17, 2.13%, 0, 0, 11, 645.66, 950359, 1393
2413, 0, 437, 449, 371, 17, 2.13%, 0, 0, 11, 652.92, 953715, 1393
2418, 0, 437, 449, 371, 17, 2.13%, 0, 0, 11, 652.06, 957018, 1393
2424, 0, 437, 449, 371, 17, 2.13%, 0, 0, 11, 627.25, 960151, 1393
2429, 0, 444, 449, 370, 19, 2.13%, 0, 0, 11, 567.18, 962973, 1393
2434, 0, 444, 451, 372, 19, 2.13%, 0, 0, 12, 262.26, 965247, 1393
2439, 0, 444, 452, 373, 19, 2.13%, 0, 0, 12, 422.92, 967559, 1393
2444, 0, 444, 452, 373, 19, 2.13%, 0, 0, 12, 434.11, 969839, 1393
2449, 0, 444, 452, 373, 19, 2.13%, 0, 0, 12, 458.14, 972240, 1393
2454, 0, 444, 452, 373, 19, 2.13%, 0, 0, 12, 449.24, 974503, 1393
2460, 0, 444, 453, 374, 19, 2.13%, 0, 0, 12, 464.77, 976874, 1393
2465, 0, 444, 454, 375, 19, 2.13%, 0, 0, 12, 520.94, 979475, 1393
2470, 0, 444, 454, 375, 19, 2.13%, 0, 0, 12, 551.22, 982315, 1393
2475, 0, 444, 454, 375, 19, 2.13%, 0, 0, 12, 557.25, 985143, 1393
2480, 0, 444, 454, 375, 19, 2.13%, 0, 0, 12, 557.82, 988003, 1393
2485, 0, 444, 454, 375, 19, 2.13%, 0, 0, 12, 560.19, 990874, 1393
2490, 0, 444, 454, 375, 19, 2.13%, 0, 0, 12, 612.54, 994111, 1393
2495, 0, 444, 455, 376, 19, 2.13%, 0, 0, 12, 43.06, 995529, 1393
2500, 0, 444, 455, 376, 19, 2.13%, 0, 0, 12, 48.64, 995785, 1393
2505, 0, 444, 455, 376, 19, 2.13%, 0, 0, 12, 47.88, 996024, 1393
2511, 0, 444, 455, 376, 19, 2.13%, 0, 0, 12, 46.99, 996268, 1393
2516, 0, 444, 455, 376, 19, 2.13%, 0, 0, 12, 48.17, 996519, 1393
2521, 0, 444, 455, 376, 19, 2.13%, 0, 0, 12, 48.21, 996766, 1393
2526, 0, 444, 455, 376, 19, 2.13%, 0, 0, 12, 49.89, 997026, 1393
2531, 0, 444, 455, 376, 19, 2.13%, 0, 0, 12, 594.77, 998926, 1393
2536, 0, 444, 455, 376, 19, 2.13%, 0, 0, 12, 583.11, 1002111, 1393
2541, 0, 444, 455, 376, 19, 2.13%, 0, 0, 12, 54.51, 1002381, 1393
2546, 0, 444, 455, 376, 19, 2.13%, 0, 0, 12, 52.21, 1002643, 1393
2551, 0, 444, 455, 376, 19, 2.13%, 0, 0, 12, 50.69, 1002901, 1393
2556, 0, 444, 455, 376, 19, 2.13%, 0, 0, 12, 595.29, 1005422, 1393
2561, 0, 421, 455, 375, 17, 2.13%, 0, 0, 12, 95.89, 1006382, 1393
2566, 0, 421, 455, 375, 17, 2.13%, 0, 0, 12, 143.07, 1007148, 1393
2571, 0, 421, 455, 375, 17, 2.13%, 0, 0, 12, 166.47, 1008030, 1393
2577, 0, 421, 455, 375, 17, 2.13%, 0, 0, 12, 203.96, 1009212, 1393
2582, 0, 421, 455, 375, 17, 2.13%, 0, 0, 12, 148.00, 1009900, 1393
2587, 0, 182, 455, 374, 16, 2.13%, 0, 0, 12, 407.70, 1011794, 1393
2592, 0, 182, 455, 374, 16, 2.13%, 0, 0, 12, 603.08, 1015179, 1393
2597, 0, 444, 455, 373, 15, 2.13%, 0, 0, 12, 559.25, 1018044, 1393
2602, 0, 444, 455, 373, 15, 2.13%, 0, 0, 12, 526.16, 1020637, 1393
2607, 0, 444, 455, 373, 15, 2.13%, 0, 0, 12, 582.26, 1023653, 1393
2612, 0, 444, 455, 373, 15, 2.13%, 0, 0, 12, 609.49, 1026727, 1393
2617, 0, 444, 455, 373, 15, 2.13%, 0, 0, 12, 578.25, 1029593, 1393
2622, 0, 444, 455, 373, 15, 2.13%, 0, 0, 12, 587.51, 1032534, 1393
2628, 0, 444, 455, 373, 15, 2.13%, 0, 0, 12, 614.59, 1035771, 1393
2633, 0, 436, 455, 373, 15, 2.13%, 0, 0, 12, 567.75, 1038690, 1393
2638, 0, 436, 455, 373, 15, 2.13%, 0, 0, 12, 525.74, 1041263, 1393
2643, 0, 436, 456, 374, 15, 2.13%, 0, 0, 12, 544.97, 1044061, 1393
2648, 0, 436, 457, 375, 15, 2.13%, 0, 0, 12, 547.51, 1046809, 1393
2653, 0, 436, 457, 375, 15, 2.13%, 0, 0, 12, 598.53, 1049807, 1393
2658, 0, 436, 457, 375, 15, 2.13%, 0, 0, 12, 587.67, 1052789, 1393
2663, 0, 436, 457, 375, 15, 2.13%, 0, 0, 12, 604.54, 1055817, 1393
2668, 0, 436, 459, 377, 15, 2.13%, 0, 0, 12, 570.88, 1058640, 1393
2673, 0, 436, 459, 377, 15, 2.13%, 0, 0, 12, 566.79, 1061526, 1393
2678, 0, 9, 459, 376, 15, 2.13%, 0, 0, 12, 60.36, 1062160, 1393
2683, 0, 9, 459, 376, 15, 2.13%, 0, 0, 12, 84.87, 1062566, 1393
2688, 0, 9, 460, 377, 15, 2.13%, 0, 0, 12, 113.19, 1063508, 1396
2693, 0, 9, 460, 377, 15, 2.13%, 0, 0, 12, 123.29, 1064156, 1396
2698, 0, 445, 460, 376, 14, 2.13%, 0, 0, 12, 190.72, 1065072, 1396
2703, 0, 445, 460, 376, 14, 2.13%, 0, 0, 12, 440.87, 1067686, 1396
2709, 0, 445, 460, 376, 14, 2.13%, 0, 0, 12, 49.37, 1068739, 1396
2714, 0, 445, 460, 376, 14, 2.13%, 0, 0, 12, 49.68, 1068992, 1396
2719, 0, 445, 460, 376, 14, 2.13%, 0, 0, 12, 44.89, 1069223, 1396
2724, 0, 445, 460, 376, 14, 2.13%, 0, 0, 12, 44.91, 1069456, 1396
2729, 0, 445, 460, 376, 14, 2.13%, 0, 0, 12, 48.02, 1069719, 1396
2734, 0, 445, 460, 376, 14, 2.13%, 0, 0, 12, 47.95, 1069964, 1396
2739, 0, 445, 460, 376, 14, 2.13%, 0, 0, 12, 50.66, 1070224, 1396
2744, 0, 445, 460, 376, 14, 2.13%, 0, 0, 12, 43.66, 1071464, 1396
2749, 0, 445, 460, 376, 14, 2.13%, 0, 0, 12, 53.16, 1071760, 1396
2754, 0, 445, 460, 376, 14, 2.13%, 0, 0, 12, 53.12, 1072028, 1396
2760, 0, 445, 460, 376, 14, 2.13%, 0, 0, 12, 395.11, 1072697, 1396
2765, 0, 445, 460, 376, 14, 2.13%, 0, 0, 12, 585.93, 1075930, 1396
2770, 0, 445, 460, 376, 14, 2.13%, 0, 0, 12, 50.28, 1078259, 1396
2775, 0, 445, 460, 376, 14, 2.13%, 0, 0, 12, 50.72, 1078510, 1396
2780, 0, 445, 460, 376, 14, 2.13%, 0, 0, 12, 47.73, 1078745, 1396
2785, 0, 445, 460, 376, 14, 2.13%, 0, 0, 12, 42.23, 1078969, 1396
2791, 0, 445, 460, 376, 14, 2.13%, 0, 0, 12, 45.72, 1080230, 1396
2796, 0, 445, 460, 376, 14, 2.13%, 0, 0, 12, 59.25, 1080554, 1396
2801, 0, 445, 460, 376, 14, 2.13%, 0, 0, 12, 57.07, 1080841, 1396
2806, 0, 445, 460, 376, 14, 2.13%, 0, 0, 12, 53.72, 1081230, 1396
2811, 0, 445, 460, 376, 14, 2.13%, 0, 0, 12, 55.62, 1081503, 1396
2816, 0, 445, 460, 376, 14, 2.13%, 0, 0, 12, 53.07, 1081764, 1396
2821, 0, 445, 460, 376, 14, 2.13%, 0, 0, 12, 52.06, 1082124, 1396
2826, 0, 445, 460, 376, 14, 2.13%, 0, 0, 12, 54.46, 1082404, 1396
2831, 0, 445, 460, 376, 14, 2.13%, 0, 0, 12, 49.86, 1082647, 1396
2836, 0, 445, 460, 376, 14, 2.13%, 0, 0, 12, 47.62, 1082888, 1396
2841, 0, 445, 460, 376, 14, 2.13%, 0, 0, 12, 57.92, 1083285, 1396
2846, 0, 445, 460, 376, 14, 2.13%, 0, 0, 12, 56.49, 1083566, 1396
2852, 0, 445, 460, 376, 14, 2.13%, 0, 0, 12, 61.47, 1083873, 1396
2857, 0, 106, 460, 375, 13, 2.13%, 0, 0, 12, 597.09, 1086924, 1396
2862, 0, 455, 460, 375, 13, 2.13%, 0, 0, 12, 584.46, 1089968, 1396
2867, 0, 455, 462, 377, 13, 2.13%, 0, 0, 12, 574.06, 1092844, 1396
2872, 0, 455, 462, 377, 13, 2.13%, 0, 0, 12, 571.65, 1095748, 1396
2877, 0, 455, 462, 377, 13, 2.13%, 0, 0, 12, 537.10, 1098452, 1396
2882, 0, 455, 462, 377, 13, 2.13%, 0, 0, 12, 530.44, 1101152, 1396
2887, 0, 455, 462, 377, 13, 2.13%, 0, 0, 12, 523.37, 1103734, 1396
2892, 0, 455, 462, 377, 13, 2.13%, 0, 0, 12, 558.27, 1106602, 1396
2897, 0, 455, 462, 377, 13, 2.13%, 0, 0, 12, 563.63, 1109462, 1396
2902, 0, 455, 462, 377, 13, 2.13%, 0, 0, 12, 567.62, 1112321, 1396
2907, 0, 455, 462, 377, 13, 2.13%, 0, 0, 12, 559.42, 1115149, 1396
2912, 0, 455, 462, 377, 13, 2.13%, 0, 0, 12, 583.72, 1118032, 1396
2917, 0, 455, 463, 378, 13, 2.13%, 0, 0, 12, 46.06, 1119757, 1396
2923, 0, 455, 463, 378, 13, 2.13%, 0, 0, 12, 49.41, 1120026, 1396
2928, 0, 455, 463, 378, 13, 2.13%, 0, 0, 12, 52.51, 1120287, 1396
2933, 0, 455, 463, 378, 13, 2.13%, 0, 0, 12, 54.06, 1120572, 1396
2938, 0, 455, 464, 379, 13, 2.15%, 0, 0, 12, 53.85, 1120829, 1408
2943, 0, 455, 464, 379, 13, 2.15%, 0, 0, 12, 50.87, 1121089, 1408
2948, 0, 455, 464, 379, 13, 2.15%, 0, 0, 12, 50.52, 1121344, 1408
2953, 0, 455, 464, 379, 13, 2.15%, 0, 0, 12, 48.26, 1121586, 1408
2958, 0, 455, 464, 379, 13, 2.15%, 0, 0, 12, 51.45, 1121863, 1408
2963, 0, 455, 464, 379, 13, 2.15%, 0, 0, 12, 50.51, 1122123, 1408
2969, 0, 455, 464, 379, 13, 2.15%, 0, 0, 12, 48.19, 1122367, 1408
2974, 0, 455, 464, 379, 13, 2.15%, 0, 0, 12, 49.14, 1122628, 1408
2979, 0, 455, 464, 379, 13, 2.15%, 0, 0, 12, 49.68, 1122886, 1408
2984, 0, 455, 464, 379, 13, 2.15%, 0, 0, 12, 554.64, 1123458, 1408
2989, 0, 460, 464, 378, 14, 2.15%, 0, 0, 12, 572.30, 1126402, 1408
2994, 0, 460, 465, 379, 14, 2.15%, 0, 0, 13, 561.90, 1129226, 1408
2999, 0, 460, 466, 380, 14, 2.15%, 0, 0, 13, 531.84, 1131930, 1409
3005, 0, 460, 466, 380, 14, 2.15%, 0, 0, 13, 526.31, 1134620, 1409
3010, 0, 460, 466, 380, 14, 2.15%, 0, 0, 13, 530.22, 1137262, 1409
3015, 0, 460, 466, 380, 14, 2.15%, 0, 0, 13, 554.23, 1140119, 1409
3020, 0, 460, 466, 380, 14, 2.15%, 0, 0, 13, 561.50, 1142979, 1409
3025, 0, 460, 466, 380, 14, 2.15%, 0, 0, 13, 110.02, 1145002, 1409
3030, 0, 460, 466, 380, 14, 2.15%, 0, 0, 13, 115.94, 1145594, 1409
3035, 0, 460, 466, 380, 14, 2.15%, 0, 0, 13, 471.14, 1148496, 1409
3040, 0, 460, 466, 380, 14, 2.15%, 0, 0, 13, 560.48, 1151430, 1409
3045, 0, 460, 467, 381, 14, 2.15%, 0, 0, 13, 559.61, 1154354, 1409
3050, 0, 460, 467, 381, 14, 2.15%, 0, 0, 13, 30.54, 1154511, 1409
3055, 0, 460, 467, 381, 14, 2.15%, 0, 0, 13, 29.97, 1154665, 1409
3061, 0, 460, 467, 381, 14, 2.15%, 0, 0, 13, 29.67, 1154816, 1409
3066, 0, 460, 467, 381, 14, 2.15%, 0, 0, 13, 30.09, 1154971, 1409
3071, 0, 460, 467, 381, 14, 2.15%, 0, 0, 13, 30.80, 1155130, 1409
3076, 0, 460, 467, 381, 14, 2.15%, 0, 0, 13, 497.10, 1156613, 1409
3081, 0, 196, 467, 380, 12, 2.15%, 0, 0, 13, 617.67, 1159904, 1409
3086, 0, 218, 467, 379, 11, 2.15%, 0, 0, 13, 634.72, 1163198, 1409
3091, 0, 218, 467, 379, 11, 2.15%, 0, 0, 13, 645.02, 1166582, 1409
3097, 0, 465, 467, 378, 10, 2.15%, 0, 0, 13, 585.17, 1169521, 1409
3102, 0, 465, 468, 379, 10, 2.15%, 0, 0, 14, 524.66, 1172026, 1410
3107, 0, 465, 468, 379, 10, 2.15%, 0, 0, 14, 607.73, 1175124, 1410
3112, 0, 465, 468, 379, 10, 2.15%, 0, 0, 14, 609.61, 1178256, 1410
3117, 0, 465, 468, 379, 10, 2.15%, 0, 0, 14, 608.88, 1181328, 1410
3122, 0, 465, 468, 379, 10, 2.15%, 0, 0, 14, 611.23, 1184376, 1410
3127, 0, 465, 468, 379, 10, 2.15%, 0, 0, 14, 615.05, 1187592, 1410
3132, 0, 465, 468, 379, 10, 2.15%, 0, 0, 14, 578.06, 1190462, 1410
3137, 0, 442, 470, 380, 10, 2.15%, 0, 0, 14, 588.55, 1193516, 1410
3142, 0, 442, 470, 380, 10, 2.15%, 0, 0, 14, 605.88, 1196625, 1410
3147, 0, 442, 470, 380, 10, 2.15%, 0, 0, 14, 662.00, 1200015, 1410
3152, 0, 442, 470, 380, 10, 2.15%, 0, 0, 14, 625.67, 1203189, 1410
3157, 0, 442, 470, 380, 10, 2.15%, 0, 0, 14, 624.67, 1206309, 1410
3163, 0, 442, 470, 380, 10, 2.15%, 0, 0, 14, 616.30, 1209417, 1410
3168, 0, 106, 470, 379, 9, 2.15%, 0, 0, 14, 612.43, 1212458, 1410
3173, 0, 459, 470, 379, 9, 2.15%, 0, 0, 14, 618.58, 1215638, 1410
3178, 0, 459, 472, 381, 9, 2.19%, 0, 0, 14, 592.45, 1218514, 1437
3183, 0, 459, 472, 381, 9, 2.19%, 0, 0, 14, 611.76, 1221657, 1437
3188, 0, 471, 472, 380, 9, 2.19%, 0, 0, 14, 576.00, 1224526, 1437
3193, 0, 242, 472, 379, 8, 2.19%, 0, 0, 14, 595.87, 1227576, 1437
3198, 0, 242, 472, 379, 8, 2.19%, 0, 0, 14, 635.85, 1230895, 1437
3203, 0, 242, 472, 379, 8, 2.19%, 0, 0, 14, 644.45, 1234255, 1437
3208, 0, 106, 472, 378, 8, 2.19%, 0, 0, 14, 651.22, 1237571, 1437
3213, 0, 462, 472, 378, 8, 2.19%, 0, 0, 14, 65.68, 1240733, 1437
3218, 0, 462, 472, 378, 8, 2.19%, 0, 0, 14, 52.97, 1240976, 1437
3223, 0, 462, 472, 378, 8, 2.19%, 0, 0, 14, 121.17, 1241725, 1437
3228, 0, 462, 472, 378, 8, 2.19%, 0, 0, 14, 84.83, 1242179, 1437
3233, 0, 462, 472, 378, 8, 2.19%, 0, 0, 14, 63.51, 1242473, 1437
3238, 0, 462, 472, 378, 8, 2.19%, 0, 0, 14, 62.50, 1243017, 1437
3244, 0, 467, 472, 377, 7, 2.19%, 0, 0, 14, 122.86, 1243859, 1437
3249, 0, 467, 472, 377, 7, 2.19%, 0, 0, 14, 51.01, 1244022, 1437
3254, 0, 467, 472, 377, 7, 2.19%, 0, 0, 14, 51.41, 1244275, 1437
3259, 0, 467, 472, 377, 7, 2.19%, 0, 0, 14, 69.15, 1244617, 1437
3264, 0, 467, 472, 377, 7, 2.19%, 0, 0, 14, 48.49, 1245511, 1437
3269, 0, 467, 472, 377, 7, 2.19%, 0, 0, 14, 73.90, 1246071, 1437
3274, 0, 467, 472, 377, 7, 2.19%, 0, 0, 14, 61.56, 1246362, 1437
3279, 0, 467, 472, 377, 7, 2.19%, 0, 0, 14, 43.79, 1246588, 1437
3284, 0, 467, 472, 377, 7, 2.19%, 0, 0, 14, 47.48, 1246812, 1437
3289, 0, 467, 472, 377, 7, 2.19%, 0, 0, 14, 59.96, 1247138, 1437
3295, 0, 467, 472, 377, 7, 2.19%, 0, 0, 14, 60.72, 1247460, 1437
3300, 0, 467, 472, 377, 7, 2.19%, 0, 0, 14, 62.03, 1247778, 1437
3305, 0, 467, 472, 377, 7, 2.19%, 0, 0, 14, 58.52, 1248071, 1437
3310, 0, 106, 472, 376, 6, 2.19%, 0, 0, 14, 613.11, 1250290, 1437
3315, 0, 350, 472, 376, 6, 2.19%, 0, 0, 14, 613.65, 1253496, 1437
3320, 0, 350, 472, 376, 6, 2.19%, 0, 0, 14, 595.71, 1256459, 1437
3325, 0, 350, 472, 376, 6, 2.19%, 0, 0, 14, 605.11, 1259544, 1437
3330, 0, 460, 472, 375, 5, 2.19%, 0, 0, 14, 590.13, 1262538, 1437
3335, 0, 460, 472, 375, 5, 2.19%, 0, 0, 14, 556.11, 1265321, 1437
3340, 0, 460, 472, 375, 5, 2.19%, 0, 0, 14, 559.13, 1268181, 1437
3345, 0, 460, 472, 375, 5, 2.19%, 0, 0, 14, 526.55, 1270886, 1437
3350, 0, 460, 472, 375, 5, 2.19%, 0, 0, 14, 498.97, 1273426, 1437
3355, 0, 460, 472, 375, 5, 2.19%, 0, 0, 14, 510.43, 1276036, 1437
3360, 0, 460, 472, 375, 5, 2.19%, 0, 0, 14, 548.36, 1278762, 1437
3366, 0, 460, 472, 375, 5, 2.19%, 0, 0, 14, 561.78, 1281708, 1437
3371, 0, 460, 472, 375, 5, 2.19%, 0, 0, 14, 568.07, 1284568, 1437
3376, 0, 460, 472, 375, 5, 2.19%, 0, 0, 14, 618.37, 1287682, 1437
3381, 0, 460, 472, 375, 5, 2.19%, 0, 0, 14, 637.14, 1290951, 1437
3386, 0, 460, 472, 375, 5, 2.19%, 0, 0, 14, 589.34, 1293849, 1437
3391, 0, 460, 472, 375, 5, 2.19%, 0, 0, 14, 583.85, 1296811, 1437
3396, 0, 460, 473, 376, 5, 2.19%, 0, 0, 14, 576.37, 1299712, 1437
3401, 0, 460, 473, 376, 5, 2.19%, 0, 0, 14, 572.78, 1302583, 1437
3406, 0, 460, 473, 376, 5, 2.19%, 0, 0, 14, 576.10, 1305536, 1437
3411, 0, 460, 473, 376, 5, 2.19%, 0, 0, 14, 582.31, 1308465, 1437
3416, 0, 460, 473, 376, 5, 2.19%, 0, 0, 14, 564.33, 1311325, 1437
3421, 0, 460, 473, 376, 5, 2.19%, 0, 0, 14, 578.58, 1314276, 1437
3426, 0, 460, 473, 376, 5, 2.19%, 0, 0, 14, 588.25, 1317337, 1437
3431, 0, 460, 473, 376, 5, 2.19%, 0, 0, 14, 565.94, 1320186, 1437
3436, 0, 460, 473, 376, 5, 2.19%, 0, 0, 14, 568.20, 1323071, 1437
3441, 0, 460, 473, 376, 5, 2.19%, 0, 0, 14, 576.45, 1325945, 1437
3447, 0, 460, 473, 376, 5, 2.19%, 0, 0, 14, 584.98, 1328948, 1437
3452, 0, 460, 473, 376, 5, 2.19%, 0, 0, 14, 580.12, 1331899, 1437
3457, 0, 460, 473, 376, 5, 2.19%, 0, 0, 14, 585.01, 1334817, 1437
3462, 0, 460, 473, 376, 5, 2.19%, 0, 0, 14, 563.55, 1337677, 1437
3467, 0, 460, 473, 376, 5, 2.19%, 0, 0, 14, 624.31, 1340906, 1437
3472, 0, 460, 473, 376, 5, 2.19%, 0, 0, 14, 654.32, 1344260, 1437
3477, 0, 460, 473, 376, 5, 2.19%, 0, 0, 14, 657.05, 1347595, 1437
3482, 0, 460, 473, 376, 5, 2.19%, 0, 0, 14, 578.22, 1350490, 1437
3487, 0, 274, 473, 376, 5, 2.19%, 0, 0, 14, 622.79, 1353593, 1437
3493, 0, 274, 473, 376, 5, 2.19%, 0, 0, 14, 652.12, 1357052, 1437
3498, 0, 274, 473, 376, 5, 2.19%, 0, 0, 14, 645.46, 1360322, 1437
3503, 0, 274, 473, 376, 5, 2.19%, 0, 0, 14, 657.97, 1363665, 1437
3508, 0, 178, 473, 376, 5, 2.19%, 0, 0, 14, 649.88, 1367008, 1437
3513, 0, 178, 473, 376, 5, 2.19%, 0, 0, 14, 651.30, 1370230, 1437
3518, 0, 178, 473, 376, 5, 2.19%, 0, 0, 14, 644.19, 1373511, 1437
3523, 0, 178, 473, 376, 5, 2.19%, 0, 0, 14, 656.61, 1376809, 1437
3528, 0, 302, 473, 376, 5, 2.19%, 0, 0, 14, 605.11, 1379982, 1437
3533, 0, 302, 474, 377, 5, 2.19%, 0, 0, 14, 324.92, 1381208, 1437
3538, 0, 302, 474, 377, 5, 2.19%, 0, 0, 14, 250.72, 1382410, 1437
3543, 0, 302, 474, 377, 5, 2.19%, 0, 0, 14, 230.83, 1383574, 1437
3548, 0, 302, 474, 377, 5, 2.19%, 0, 0, 14, 239.25, 1384814, 1437
3554, 0, 302, 474, 377, 5, 2.19%, 0, 0, 14, 515.58, 1387554, 1437
3559, 0, 302, 474, 377, 5, 2.19%, 0, 0, 14, 604.32, 1390837, 1437
3564, 0, 302, 474, 377, 5, 2.19%, 0, 0, 14, 597.24, 1393885, 1437
3569, 0, 302, 474, 377, 5, 2.19%, 0, 0, 14, 626.60, 1397105, 1437
3574, 0, 302, 474, 377, 5, 2.19%, 0, 0, 14, 88.64, 1399005, 1437
3579, 0, 302, 474, 377, 5, 2.19%, 0, 0, 14, 120.26, 1399671, 1437
3584, 0, 302, 474, 377, 5, 2.19%, 0, 0, 14, 161.13, 1400426, 1437
3589, 0, 302, 474, 377, 5, 2.19%, 0, 0, 14, 131.09, 1401064, 1437
3595, 0, 302, 474, 377, 5, 2.19%, 0, 0, 14, 121.37, 1401664, 1437
3600, 0, 302, 474, 377, 5, 2.19%, 0, 0, 14, 111.19, 1403604, 1437
3605, 0, 302, 474, 377, 5, 2.19%, 0, 0, 14, 123.27, 1404236, 1437
3610, 0, 302, 474, 377, 5, 2.19%, 0, 0, 14, 347.13, 1405793, 1437
3615, 0, 302, 474, 377, 5, 2.19%, 0, 0, 14, 355.61, 1408081, 1437
3620, 0, 302, 474, 377, 5, 2.19%, 0, 0, 14, 178.90, 1408720, 1437
3625, 0, 302, 474, 377, 5, 2.19%, 0, 0, 14, 247.73, 1409822, 1437
3630, 0, 302, 474, 377, 5, 2.19%, 0, 0, 14, 486.97, 1412293, 1437
3635, 0, 302, 474, 377, 5, 2.19%, 0, 0, 14, 92.28, 1412769, 1437
3640, 0, 302, 474, 377, 5, 2.19%, 0, 0, 14, 96.43, 1413272, 1437
3646, 0, 302, 474, 377, 5, 2.19%, 0, 0, 14, 631.52, 1414613, 1437
3651, 0, 106, 474, 377, 5, 2.19%, 0, 0, 14, 634.78, 1417787, 1437
3656, 0, 106, 474, 377, 5, 2.19%, 0, 0, 14, 650.95, 1421194, 1437
3661, 0, 425, 474, 377, 5, 2.19%, 0, 0, 14, 102.44, 1423386, 1437
3666, 0, 425, 474, 377, 5, 2.19%, 0, 0, 14, 345.39, 1424410, 1437
3671, 0, 425, 474, 377, 5, 2.19%, 0, 0, 14, 192.95, 1425283, 1437
3676, 0, 425, 474, 377, 5, 2.19%, 0, 0, 14, 201.64, 1426249, 1437
3681, 0, 221, 474, 376, 4, 2.19%, 0, 0, 14, 90.22, 1428589, 1437
3687, 0, 221, 474, 376, 4, 2.19%, 0, 0, 14, 647.23, 1431200, 1437
3692, 0, 360, 474, 376, 4, 2.19%, 0, 0, 14, 320.63, 1433273, 1437
3697, 0, 360, 474, 376, 4, 2.19%, 0, 0, 14, 586.93, 1436692, 1437
3702, 0, 360, 474, 376, 4, 2.19%, 0, 0, 14, 644.84, 1439999, 1437
3707, 0, 360, 474, 376, 4, 2.19%, 0, 0, 14, 639.20, 1443347, 1437
3712, 0, 22, 474, 376, 4, 2.19%, 0, 0, 14, 643.81, 1446555, 1437
3717, 0, 460, 474, 375, 4, 2.19%, 0, 0, 14, 608.87, 1449659, 1437
3722, 0, 460, 474, 375, 4, 2.19%, 0, 0, 14, 572.38, 1452528, 1437
3727, 0, 460, 474, 375, 4, 2.19%, 0, 0, 14, 559.54, 1455344, 1437
3732, 0, 460, 474, 375, 4, 2.19%, 0, 0, 14, 524.06, 1457997, 1437
3737, 0, 460, 474, 375, 4, 2.19%, 0, 0, 14, 515.96, 1460507, 1437
3743, 0, 460, 474, 375, 4, 2.19%, 0, 0, 14, 498.31, 1463002, 1437
3748, 0, 460, 474, 375, 4, 2.19%, 0, 0, 14, 535.62, 1465673, 1437
3753, 0, 460, 474, 375, 4, 2.19%, 0, 0, 14, 564.25, 1468563, 1437
3758, 0, 460, 474, 375, 4, 2.19%, 0, 0, 14, 571.43, 1471467, 1437
3763, 0, 460, 474, 375, 4, 2.19%, 0, 0, 14, 620.10, 1474569, 1437
3768, 0, 460, 474, 375, 4, 2.19%, 0, 0, 14, 635.10, 1477802, 1437
3773, 0, 460, 474, 375, 4, 2.19%, 0, 0, 14, 580.43, 1480638, 1437
3778, 0, 460, 474, 375, 4, 2.19%, 0, 0, 14, 581.75, 1483567, 1437
3783, 0, 460, 474, 375, 4, 2.19%, 0, 0, 14, 598.85, 1486540, 1437
3788, 0, 460, 474, 375, 4, 2.19%, 0, 0, 14, 644.86, 1489944, 1437
3793, 0, 460, 474, 375, 4, 2.19%, 0, 0, 14, 595.39, 1493044, 1437
3798, 0, 460, 474, 375, 4, 2.19%, 0, 0, 14, 587.57, 1495995, 1437
3803, 0, 460, 474, 375, 4, 2.19%, 0, 0, 14, 561.62, 1498811, 1437
3808, 0, 460, 474, 375, 4, 2.19%, 0, 0, 14, 581.05, 1501762, 1437
3814, 0, 460, 474, 375, 4, 2.19%, 0, 0, 14, 591.72, 1504834, 1437
3819, 0, 460, 474, 375, 4, 2.19%, 0, 0, 14, 566.48, 1507672, 1437
3824, 0, 460, 474, 375, 4, 2.19%, 0, 0, 14, 586.88, 1510744, 1437
3829, 0, 460, 474, 375, 4, 2.19%, 0, 0, 14, 602.75, 1513739, 1437
3834, 0, 460, 474, 375, 4, 2.19%, 0, 0, 14, 648.88, 1517070, 1437
3839, 0, 460, 474, 375, 4, 2.19%, 0, 0, 14, 639.72, 1520315, 1437
3844, 0, 460, 474, 375, 4, 2.19%, 0, 0, 14, 653.96, 1523647, 1437
3849, 0, 460, 474, 375, 4, 2.19%, 0, 0, 14, 644.76, 1526920, 1437
3854, 0, 460, 474, 375, 4, 2.19%, 0, 0, 14, 588.96, 1529918, 1437
3859, 0, 460, 474, 375, 4, 2.19%, 0, 0, 14, 546.59, 1532759, 1437
3864, 0, 460, 475, 376, 4, 2.19%, 0, 0, 14, 542.46, 1535430, 1438
3869, 0, 460, 475, 376, 4, 2.19%, 0, 0, 14, 528.05, 1538030, 1438
3874, 0, 106, 475, 376, 5, 2.19%, 0, 0, 14, 563.63, 1540835, 1438
3880, 0, 106, 476, 377, 5, 2.19%, 0, 0, 14, 585.28, 1543895, 1438
3885, 0, 289, 476, 377, 5, 2.19%, 0, 0, 14, 109.15, 1545083, 1438
3890, 0, 289, 476, 377, 5, 2.19%, 0, 0, 14, 190.60, 1546119, 1438
3895, 0, 289, 476, 377, 5, 2.19%, 0, 0, 14, 202.90, 1547031, 1438
3900, 0, 289, 476, 377, 5, 2.19%, 0, 0, 14, 194.71, 1548054, 1438
3905, 0, 289, 476, 377, 5, 2.19%, 0, 0, 14, 153.38, 1548780, 1438
3910, 0, 221, 476, 376, 4, 2.19%, 0, 0, 14, 391.39, 1551158, 1438
3916, 0, 221, 476, 376, 4, 2.19%, 0, 0, 14, 498.81, 1553458, 1438
3921, 0, 474, 476, 376, 4, 2.19%, 0, 0, 14, 533.18, 1556294, 1438
3926, 0, 474, 477, 377, 4, 2.19%, 0, 0, 14, 491.65, 1558722, 1438
3931, 0, 474, 477, 377, 4, 2.19%, 0, 0, 14, 520.97, 1561362, 1438
3936, 0, 474, 477, 377, 4, 2.19%, 0, 0, 14, 568.39, 1564238, 1438
3941, 0, 474, 477, 377, 4, 2.19%, 0, 0, 14, 551.89, 1567127, 1438
3946, 0, 474, 477, 377, 4, 2.19%, 0, 0, 14, 542.81, 1569838, 1438
3951, 0, 38, 477, 376, 4, 2.19%, 0, 0, 14, 590.06, 1572907, 1438
3956, 0, 340, 477, 375, 4, 2.19%, 0, 0, 14, 570.54, 1575778, 1438
3961, 0, 340, 477, 375, 4, 2.19%, 0, 0, 14, 574.34, 1578782, 1438
3966, 0, 340, 477, 375, 4, 2.19%, 0, 0, 14, 570.55, 1581652, 1438
3971, 0, 106, 477, 374, 4, 2.19%, 0, 0, 14, 589.63, 1584619, 1438
3976, 0, 476, 477, 374, 4, 2.19%, 0, 0, 14, 600.53, 1587633, 1438
3981, 0, 476, 478, 375, 4, 2.19%, 0, 0, 15, 543.29, 1590221, 1438
3986, 0, 476, 478, 375, 4, 2.19%, 0, 0, 15, 514.54, 1592829, 1438
3991, 0, 476, 478, 375, 4, 2.19%, 0, 0, 15, 492.08, 1595284, 1438
3996, 0, 476, 478, 375, 4, 2.19%, 0, 0, 15, 498.95, 1597777, 1438
4001, 0, 476, 478, 375, 4, 2.19%, 0, 0, 15, 519.09, 1600417, 1438
4007, 0, 476, 478, 375, 4, 2.19%, 0, 0, 15, 47.61, 1601927, 1438
4012, 0, 476, 478, 375, 4, 2.19%, 0, 0, 15, 49.24, 1602185, 1438
4017, 0, 476, 478, 375, 4, 2.19%, 0, 0, 15, 51.26, 1602451, 1438
4022, 0, 476, 478, 375, 4, 2.19%, 0, 0, 15, 55.95, 1602731, 1438
4027, 0, 476, 478, 375, 4, 2.19%, 0, 0, 15, 565.99, 1603413, 1438
4032, 0, 476, 478, 375, 4, 2.19%, 0, 0, 15, 570.64, 1606280, 1438
4037, 0, 476, 478, 375, 4, 2.19%, 0, 0, 15, 565.16, 1609158, 1438
4042, 0, 476, 478, 375, 4, 2.19%, 0, 0, 15, 576.43, 1612088, 1438
4047, 0, 476, 478, 375, 4, 2.19%, 0, 0, 15, 573.25, 1614978, 1438
4052, 0, 476, 478, 375, 4, 2.19%, 0, 0, 15, 628.17, 1618249, 1438
4057, 0, 477, 479, 375, 4, 2.19%, 0, 0, 16, 594.95, 1621205, 1438
4062, 0, 477, 479, 375, 4, 2.19%, 0, 0, 16, 592.80, 1624156, 1438
4067, 0, 477, 479, 375, 4, 2.19%, 0, 0, 16, 580.91, 1627085, 1438
4072, 0, 477, 479, 375, 4, 2.19%, 0, 0, 16, 574.63, 1629956, 1438
4077, 0, 477, 479, 375, 4, 2.19%, 0, 0, 16, 588.21, 1632909, 1438
4083, 0, 477, 479, 375, 4, 2.19%, 0, 0, 16, 591.58, 1635993, 1438
4088, 0, 477, 479, 375, 4, 2.19%, 0, 0, 16, 590.88, 1639064, 1438
4093, 0, 315, 479, 374, 3, 2.19%, 0, 0, 16, 386.85, 1641794, 1438
4098, 0, 460, 479, 373, 2, 2.19%, 0, 0, 16, 507.91, 1644418, 1438
4103, 0, 460, 479, 373, 2, 2.19%, 0, 0, 16, 540.36, 1647298, 1438
4108, 0, 460, 479, 373, 2, 2.19%, 0, 0, 16, 557.01, 1650114, 1438
4113, 0, 460, 479, 373, 2, 2.19%, 0, 0, 16, 533.44, 1652794, 1438
4118, 0, 460, 479, 373, 2, 2.19%, 0, 0, 16, 521.59, 1655444, 1438
4123, 0, 460, 479, 373, 2, 2.19%, 0, 0, 16, 527.70, 1658084, 1438
4128, 0, 460, 479, 373, 2, 2.19%, 0, 0, 16, 552.94, 1660891, 1438
4133, 0, 460, 479, 373, 2, 2.19%, 0, 0, 16, 559.88, 1663773, 1438
4139, 0, 460, 479, 373, 2, 2.19%, 0, 0, 16, 564.93, 1666644, 1438
4144, 0, 460, 479, 373, 2, 2.19%, 0, 0, 16, 43.56, 1668137, 1438
4149, 0, 460, 479, 373, 2, 2.19%, 0, 0, 16, 49.28, 1668399, 1438
4154, 0, 460, 479, 373, 2, 2.19%, 0, 0, 16, 49.15, 1668641, 1438
4159, 0, 460, 479, 373, 2, 2.19%, 0, 0, 16, 53.98, 1668918, 1438
4164, 0, 460, 479, 373, 2, 2.19%, 0, 0, 16, 51.07, 1669164, 1438
4169, 0, 460, 479, 373, 2, 2.19%, 0, 0, 16, 47.40, 1669407, 1438
4174, 0, 460, 479, 373, 2, 2.19%, 0, 0, 16, 47.14, 1669653, 1438
4179, 0, 460, 479, 373, 2, 2.19%, 0, 0, 16, 50.91, 1669927, 1438
4185, 0, 460, 479, 373, 2, 2.19%, 0, 0, 16, 49.55, 1670188, 1438
4190, 0, 460, 479, 373, 2, 2.19%, 0, 0, 16, 49.66, 1670454, 1438
4195, 0, 460, 479, 373, 2, 2.19%, 0, 0, 16, 46.81, 1670702, 1438
4200, 0, 460, 479, 373, 2, 2.19%, 0, 0, 16, 51.65, 1670980, 1438
4205, 0, 460, 479, 373, 2, 2.19%, 0, 0, 16, 51.34, 1671248, 1438
4210, 0, 460, 479, 373, 2, 2.19%, 0, 0, 16, 50.17, 1671503, 1438
4215, 0, 460, 479, 373, 2, 2.19%, 0, 0, 16, 45.93, 1671737, 1438
4220, 0, 460, 479, 373, 2, 2.19%, 0, 0, 16, 470.00, 1672063, 1438
4225, 0, 460, 479, 373, 2, 2.19%, 0, 0, 16, 558.84, 1675133, 1438
4230, 0, 460, 479, 373, 2, 2.19%, 0, 0, 16, 575.85, 1678062, 1438
4236, 0, 460, 479, 373, 2, 2.19%, 0, 0, 16, 564.77, 1681012, 1438
4241, 0, 460, 479, 373, 2, 2.19%, 0, 0, 16, 632.12, 1684265, 1438
4246, 0, 460, 479, 373, 2, 2.19%, 0, 0, 16, 610.37, 1687486, 1438
4251, 0, 460, 479, 373, 2, 2.19%, 0, 0, 16, 603.68, 1690479, 1438
4256, 0, 460, 479, 373, 2, 2.19%, 0, 0, 16, 571.75, 1693328, 1438
4261, 0, 460, 479, 373, 2, 2.19%, 0, 0, 16, 570.47, 1696235, 1438
4266, 0, 460, 479, 373, 2, 2.19%, 0, 0, 16, 576.27, 1699108, 1438
4271, 0, 460, 479, 373, 2, 2.19%, 0, 0, 16, 569.99, 1702024, 1438
4276, 0, 460, 479, 373, 2, 2.19%, 0, 0, 16, 590.79, 1705118, 1438
4281, 0, 460, 479, 373, 2, 2.19%, 0, 0, 16, 605.59, 1708211, 1438
4287, 0, 460, 479, 373, 2, 2.19%, 0, 0, 16, 575.34, 1711061, 1438
4292, 0, 460, 479, 373, 2, 2.19%, 0, 0, 16, 572.40, 1714056, 1438
4297, 0, 460, 479, 373, 2, 2.19%, 0, 0, 16, 582.90, 1716918, 1438
4302, 0, 460, 479, 373, 2, 2.19%, 0, 0, 16, 565.32, 1719801, 1438
4307, 0, 460, 479, 373, 2, 2.19%, 0, 0, 16, 561.56, 1722631, 1438
4312, 0, 460, 480, 374, 2, 2.19%, 0, 0, 16, 546.24, 1725438, 1438
4317, 0, 460, 480, 374, 2, 2.19%, 0, 0, 16, 542.90, 1728158, 1438
4322, 0, 460, 480, 374, 2, 2.19%, 0, 0, 16, 560.81, 1731092, 1438
4327, 0, 460, 480, 374, 2, 2.19%, 0, 0, 16, 560.16, 1733919, 1438
4332, 0, 460, 480, 374, 2, 2.19%, 0, 0, 16, 566.19, 1736815, 1438
4337, 0, 460, 480, 374, 2, 2.19%, 0, 0, 16, 560.51, 1739664, 1438
4342, 0, 460, 480, 374, 2, 2.19%, 0, 0, 16, 559.35, 1742480, 1438
4347, 0, 460, 480, 374, 2, 2.19%, 0, 0, 16, 508.48, 1744975, 1438
4353, 0, 460, 480, 374, 2, 2.19%, 0, 0, 16, 509.55, 1747605, 1438
4358, 0, 460, 480, 374, 2, 2.19%, 0, 0, 16, 508.70, 1750205, 1438
4363, 0, 460, 480, 374, 2, 2.19%, 0, 0, 16, 561.05, 1753136, 1438
4368, 0, 460, 480, 374, 2, 2.19%, 0, 0, 16, 571.42, 1756029, 1438
4373, 0, 460, 480, 374, 2, 2.19%, 0, 0, 16, 592.69, 1758960, 1438
4378, 0, 460, 480, 374, 2, 2.19%, 0, 0, 16, 610.00, 1762087, 1438
4383, 0, 460, 480, 374, 2, 2.19%, 0, 0, 16, 588.86, 1765112, 1438
4388, 0, 460, 480, 374, 2, 2.19%, 0, 0, 16, 603.58, 1768107, 1438
4393, 0, 460, 480, 374, 2, 2.19%, 0, 0, 16, 644.96, 1771529, 1438
4398, 0, 460, 480, 374, 2, 2.19%, 0, 0, 16, 660.12, 1774929, 1438
4403, 0, 460, 480, 374, 2, 2.19%, 0, 0, 16, 620.68, 1778067, 1438
4409, 0, 460, 480, 374, 2, 2.19%, 0, 0, 16, 606.84, 1781152, 1438
4414, 0, 460, 480, 374, 2, 2.19%, 0, 0, 16, 571.66, 1783989, 1438
4419, 0, 460, 480, 374, 2, 2.19%, 0, 0, 16, 582.11, 1786896, 1438
4424, 0, 460, 480, 374, 2, 2.19%, 0, 0, 16, 587.37, 1789934, 1438
4429, 0, 460, 480, 374, 2, 2.19%, 0, 0, 16, 562.27, 1792751, 1438
4434, 0, 460, 480, 374, 2, 2.19%, 0, 0, 16, 570.54, 1795647, 1438
4439, 0, 460, 480, 374, 2, 2.19%, 0, 0, 16, 571.91, 1798606, 1438
4444, 0, 460, 480, 374, 2, 2.19%, 0, 0, 16, 588.46, 1801722, 1438
4449, 0, 460, 480, 374, 2, 2.19%, 0, 0, 16, 589.97, 1804684, 1438
4454, 0, 460, 480, 374, 2, 2.19%, 0, 0, 16, 587.40, 1807623, 1438
4459, 0, 460, 480, 374, 2, 2.19%, 0, 0, 16, 566.66, 1810506, 1438
4465, 0, 460, 480, 374, 2, 2.19%, 0, 0, 16, 566.13, 1813347, 1438
4470, 0, 460, 480, 374, 2, 2.19%, 0, 0, 16, 553.63, 1816108, 1438
4475, 0, 460, 480, 374, 2, 2.19%, 0, 0, 16, 594.13, 1819246, 1438
4480, 0, 203, 480, 374, 2, 2.19%, 0, 0, 16, 643.96, 1822469, 1438
4485, 0, 273, 480, 374, 2, 2.19%, 0, 0, 16, 648.42, 1825900, 1438
4490, 0, 273, 480, 374, 2, 2.19%, 0, 0, 16, 640.61, 1829231, 1438
4495, 0, 411, 480, 373, 2, 2.19%, 0, 0, 16, 649.26, 1832507, 1438
4500, 0, 411, 480, 373, 2, 2.19%, 0, 0, 16, 645.70, 1835815, 1438
4505, 0, 411, 480, 373, 2, 2.19%, 0, 0, 16, 642.24, 1839016, 1438
4510, 0, 411, 480, 373, 2, 2.19%, 0, 0, 16, 656.99, 1842416, 1438
4515, 0, 411, 480, 373, 2, 2.19%, 0, 0, 16, 654.51, 1845732, 1438
4521, 0, 411, 480, 373, 2, 2.19%, 0, 0, 16, 658.77, 1849100, 1438
4526, 0, 411, 480, 373, 2, 2.19%, 0, 0, 16, 660.26, 1852423, 1438
4531, 0, 411, 480, 373, 2, 2.19%, 0, 0, 16, 655.24, 1855765, 1438
4536, 0, 411, 480, 373, 2, 2.19%, 0, 0, 16, 655.98, 1859107, 1438
4541, 0, 153, 480, 373, 2, 2.19%, 0, 0, 16, 656.25, 1862397, 1438
4546, 0, 153, 480, 373, 2, 2.19%, 0, 0, 16, 655.55, 1865734, 1438
4551, 0, 153, 480, 373, 2, 2.19%, 0, 0, 16, 654.04, 1869050, 1438
4556, 0, 153, 480, 373, 2, 2.19%, 0, 0, 16, 653.64, 1872341, 1438
4561, 0, 153, 480, 373, 2, 2.19%, 0, 0, 16, 128.48, 1873206, 1438
4566, 0, 153, 480, 373, 2, 2.19%, 0, 0, 16, 456.43, 1875597, 1438
4572, 0, 153, 480, 373, 2, 2.19%, 0, 0, 16, 594.64, 1878897, 1438
4577, 0, 367, 480, 373, 2, 2.19%, 0, 0, 16, 586.71, 1881950, 1438
4582, 0, 367, 480, 373, 2, 2.19%, 0, 0, 16, 603.77, 1885098, 1438
4587, 0, 367, 480, 373, 2, 2.19%, 0, 0, 16, 605.99, 1888186, 1438
4592, 0, 367, 480, 373, 2, 2.19%, 0, 0, 16, 598.12, 1891248, 1438
4597, 0, 367, 480, 373, 2, 2.19%, 0, 0, 16, 604.09, 1894284, 1438
4602, 0, 367, 480, 373, 2, 2.19%, 0, 0, 16, 602.48, 1897404, 1438
4607, 0, 367, 480, 373, 2, 2.19%, 0, 0, 16, 637.32, 1900614, 1438
4612, 0, 367, 480, 373, 2, 2.19%, 0, 0, 16, 615.55, 1903758, 1438
4617, 0, 367, 480, 373, 2, 2.19%, 0, 0, 16, 610.12, 1906812, 1438
4623, 0, 367, 480, 373, 2, 2.19%, 0, 0, 16, 605.39, 1909956, 1438
4628, 0, 367, 480, 373, 2, 2.19%, 0, 0, 16, 610.72, 1913060, 1438
4633, 0, 367, 480, 373, 2, 2.19%, 0, 0, 16, 618.84, 1916166, 1438
4638, 0, 457, 480, 373, 2, 2.19%, 0, 0, 16, 598.11, 1919166, 1438
4643, 0, 457, 480, 373, 2, 2.19%, 0, 0, 16, 562.46, 1921960, 1438
4648, 0, 457, 480, 373, 2, 2.19%, 0, 0, 16, 564.07, 1924798, 1438
4653, 0, 457, 480, 373, 2, 2.19%, 0, 0, 16, 592.12, 1927824, 1438
4658, 0, 457, 480, 373, 2, 2.19%, 0, 0, 16, 648.38, 1931162, 1438
4663, 0, 457, 480, 373, 2, 2.19%, 0, 0, 16, 635.28, 1934318, 1438
4668, 0, 457, 480, 373, 2, 2.19%, 0, 0, 16, 605.70, 1937366, 1438
4673, 0, 442, 480, 372, 2, 2.19%, 0, 0, 16, 613.94, 1940523, 1438
4678, 0, 442, 480, 372, 2, 2.19%, 0, 0, 16, 592.53, 1943557, 1438
4683, 0, 442, 481, 373, 2, 2.19%, 0, 0, 16, 601.86, 1946585, 1438
4688, 0, 442, 481, 373, 2, 2.19%, 0, 0, 16, 600.87, 1949611, 1438
4693, 0, 442, 481, 373, 2, 2.19%, 0, 0, 16, 600.68, 1952636, 1438
4699, 0, 442, 481, 373, 2, 2.19%, 0, 0, 16, 612.64, 1955707, 1438
4704, 0, 442, 481, 373, 2, 2.19%, 0, 0, 16, 638.60, 1958959, 1438
4709, 0, 442, 481, 373, 2, 2.19%, 0, 0, 16, 661.27, 1962363, 1438
4714, 0, 442, 481, 373, 2, 2.19%, 0, 0, 16, 664.05, 1965746, 1438
4719, 0, 442, 481, 373, 2, 2.19%, 0, 0, 16, 655.38, 1969070, 1438
4724, 0, 442, 481, 373, 2, 2.19%, 0, 0, 16, 618.85, 1972092, 1438
4729, 0, 442, 481, 373, 2, 2.19%, 0, 0, 16, 650.35, 1975420, 1438
4734, 0, 442, 481, 373, 2, 2.19%, 0, 0, 16, 636.33, 1978688, 1438
4739, 0, 442, 481, 373, 2, 2.19%, 0, 0, 16, 626.93, 1981848, 1438
4744, 0, 442, 481, 373, 2, 2.19%, 0, 0, 16, 628.92, 1985176, 1438
4749, 0, 442, 481, 373, 2, 2.19%, 0, 0, 16, 606.82, 1988228, 1438
4755, 0, 442, 481, 373, 2, 2.19%, 0, 0, 16, 636.84, 1991508, 1438
4760, 0, 442, 481, 373, 2, 2.19%, 0, 0, 16, 649.75, 1994812, 1438
4765, 0, 442, 481, 373, 2, 2.19%, 0, 0, 16, 607.28, 1997984, 1438
4770, 0, 442, 481, 373, 2, 2.19%, 0, 0, 16, 589.48, 2000926, 1438
4775, 0, 442, 481, 373, 2, 2.19%, 0, 0, 16, 604.83, 2004016, 1438
4780, 0, 442, 481, 373, 2, 2.19%, 0, 0, 16, 594.60, 2007117, 1438
4785, 0, 61, 481, 373, 2, 2.19%, 0, 0, 16, 640.70, 2010373, 1438
4790, 0, 106, 481, 372, 2, 2.19%, 0, 0, 16, 663.05, 2013768, 1438
4795, 0, 317, 481, 372, 2, 2.19%, 0, 0, 16, 662.46, 2017135, 1438
4801, 0, 317, 481, 372, 2, 2.19%, 0, 0, 16, 659.85, 2020537, 1438
4806, 0, 317, 481, 372, 2, 2.19%, 0, 0, 16, 660.68, 2023953, 1438
4811, 0, 317, 481, 372, 2, 2.19%, 0, 0, 16, 660.40, 2027346, 1438
4816, 0, 317, 481, 372, 2, 2.19%, 0, 0, 16, 659.70, 2030688, 1438
4821, 0, 317, 481, 372, 2, 2.19%, 0, 0, 16, 650.74, 2033985, 1438
4826, 0, 317, 481, 372, 2, 2.19%, 0, 0, 16, 641.98, 2037217, 1438
4831, 0, 317, 481, 372, 2, 2.19%, 0, 0, 16, 650.17, 2040578, 1438
4836, 0, 317, 481, 372, 2, 2.19%, 0, 0, 16, 638.06, 2043749, 1438
4841, 0, 460, 481, 372, 2, 2.19%, 0, 0, 16, 611.11, 2046871, 1438
4846, 0, 460, 481, 372, 2, 2.19%, 0, 0, 16, 574.39, 2049738, 1438
4851, 0, 460, 481, 372, 2, 2.19%, 0, 0, 16, 569.91, 2052620, 1438
4856, 0, 460, 481, 372, 2, 2.19%, 0, 0, 16, 523.32, 2055263, 1438
4862, 0, 460, 481, 372, 2, 2.19%, 0, 0, 16, 501.29, 2057835, 1438
4867, 0, 460, 481, 372, 2, 2.19%, 0, 0, 16, 489.95, 2060328, 1438
4872, 0, 460, 481, 372, 2, 2.19%, 0, 0, 16, 539.88, 2063049, 1438
4877, 0, 460, 481, 372, 2, 2.19%, 0, 0, 16, 560.84, 2065916, 1438
4882, 0, 460, 481, 372, 2, 2.19%, 0, 0, 16, 570.54, 2068820, 1438
4887, 0, 460, 481, 372, 2, 2.19%, 0, 0, 16, 576.40, 2071762, 1438
4892, 0, 460, 481, 372, 2, 2.19%, 0, 0, 16, 584.08, 2074658, 1438
4897, 0, 460, 481, 372, 2, 2.19%, 0, 0, 16, 568.35, 2077529, 1438
4902, 0, 460, 481, 372, 2, 2.19%, 0, 0, 16, 567.79, 2080403, 1438
4907, 0, 460, 481, 372, 2, 2.19%, 0, 0, 16, 585.04, 2083320, 1438
4912, 0, 460, 481, 372, 2, 2.19%, 0, 0, 16, 566.81, 2086170, 1438
4917, 0, 460, 481, 372, 2, 2.19%, 0, 0, 16, 577.10, 2089088, 1438
4922, 0, 460, 481, 372, 2, 2.19%, 0, 0, 16, 574.31, 2091994, 1438
4927, 0, 460, 481, 372, 2, 2.19%, 0, 0, 16, 571.40, 2094921, 1438
4932, 0, 460, 481, 372, 2, 2.19%, 0, 0, 16, 599.69, 2097960, 1438
4938, 0, 460, 481, 372, 2, 2.19%, 0, 0, 16, 625.43, 2101128, 1438
4943, 0, 460, 481, 372, 2, 2.19%, 0, 0, 16, 569.85, 2103958, 1438
4948, 0, 460, 481, 372, 2, 2.19%, 0, 0, 16, 579.23, 2106865, 1438
4953, 0, 460, 481, 372, 2, 2.19%, 0, 0, 16, 574.25, 2109769, 1438
4958, 0, 460, 481, 372, 2, 2.19%, 0, 0, 16, 558.76, 2112632, 1438
4963, 0, 460, 481, 372, 2, 2.19%, 0, 0, 16, 580.73, 2115561, 1438
4968, 0, 460, 481, 372, 2, 2.19%, 0, 0, 16, 570.12, 2118410, 1438
4973, 0, 460, 481, 372, 2, 2.19%, 0, 0, 16, 574.28, 2121328, 1438
4978, 0, 460, 481, 372, 2, 2.19%, 0, 0, 16, 601.46, 2124334, 1438
4983, 0, 460, 481, 372, 2, 2.19%, 0, 0, 16, 621.92, 2127497, 1438
4988, 0, 460, 481, 372, 2, 2.19%, 0, 0, 16, 593.94, 2130475, 1438
4993, 0, 307, 481, 372, 2, 2.19%, 0, 0, 16, 600.18, 2133567, 1438
4998, 0, 307, 481, 372, 2, 2.19%, 0, 0, 16, 608.02, 2136619, 1438
5003, 0, 307, 481, 372, 2, 2.19%, 0, 0, 16, 633.02, 2139911, 1438
5008, 0, 307, 481, 372, 2, 2.19%, 0, 0, 16, 610.10, 2142959, 1438
5014, 0, 307, 481, 372, 2, 2.19%, 0, 0, 16, 602.92, 2146057, 1438
5019, 0, 307, 481, 372, 2, 2.19%, 0, 0, 16, 601.37, 2149087, 1438
5024, 0, 307, 481, 372, 2, 2.19%, 0, 0, 16, 597.65, 2152123, 1438
5029, 0, 307, 481, 372, 2, 2.19%, 0, 0, 16, 634.50, 2155275, 1438
5034, 0, 307, 481, 372, 2, 2.19%, 0, 0, 16, 590.03, 2158309, 1438
5039, 0, 307, 481, 372, 2, 2.19%, 0, 0, 16, 633.74, 2161501, 1438
5044, 0, 307, 481, 372, 2, 2.19%, 0, 0, 16, 618.10, 2164675, 1438
5049, 0, 307, 481, 372, 2, 2.19%, 0, 0, 16, 633.78, 2167879, 1438
5054, 0, 307, 481, 372, 2, 2.19%, 0, 0, 16, 619.99, 2171053, 1438
5059, 0, 177, 481, 372, 2, 2.19%, 0, 0, 16, 653.34, 2174461, 1438
5064, 0, 106, 481, 371, 2, 2.19%, 0, 0, 16, 649.49, 2177735, 1438
5069, 0, 215, 481, 371, 2, 2.19%, 0, 0, 16, 659.10, 2181079, 1438
5074, 0, 106, 481, 370, 2, 2.19%, 0, 0, 16, 659.38, 2184383, 1438
5080, 0, 106, 481, 370, 2, 2.19%, 0, 0, 16, 662.30, 2187782, 1438
5085, 0, 443, 481, 370, 2, 2.19%, 0, 0, 16, 51.19, 2188928, 1438
5090, 0, 443, 481, 370, 2, 2.19%, 0, 0, 16, 40.67, 2189111, 1438
5095, 0, 443, 481, 370, 2, 2.19%, 0, 0, 16, 53.45, 2189404, 1438
5100, 0, 443, 481, 370, 2, 2.19%, 0, 0, 16, 74.42, 2189812, 1438
5105, 0, 443, 481, 370, 2, 2.19%, 0, 0, 16, 61.32, 2190113, 1438
5110, 0, 443, 481, 370, 2, 2.19%, 0, 0, 16, 60.79, 2190815, 1438
5115, 0, 443, 481, 370, 2, 2.19%, 0, 0, 16, 67.75, 2191319, 1438
5121, 0, 443, 481, 370, 2, 2.19%, 0, 0, 16, 58.10, 2191605, 1438
5126, 0, 443, 482, 371, 2, 2.19%, 0, 0, 16, 45.59, 2192097, 1438
5131, 0, 443, 482, 371, 2, 2.19%, 0, 0, 16, 45.05, 2192327, 1438
5136, 0, 443, 482, 371, 2, 2.19%, 0, 0, 16, 569.28, 2192822, 1438
5141, 0, 443, 482, 371, 2, 2.19%, 0, 0, 16, 57.04, 2193300, 1438
5146, 0, 377, 482, 370, 1, 2.19%, 0, 0, 16, 508.81, 2194945, 1438
5151, 0, 377, 482, 370, 1, 2.19%, 0, 0, 16, 590.51, 2198116, 1438
5156, 0, 377, 482, 370, 1, 2.19%, 0, 0, 16, 597.96, 2201228, 1438
5162, 0, 460, 482, 369, 1, 2.19%, 0, 0, 16, 566.19, 2204061, 1438
5167, 0, 460, 482, 369, 1, 2.19%, 0, 0, 16, 551.83, 2206899, 1438
5172, 0, 460, 482, 369, 1, 2.19%, 0, 0, 16, 554.17, 2209660, 1438
5177, 0, 460, 482, 369, 1, 2.19%, 0, 0, 16, 517.89, 2212213, 1438
5182, 0, 460, 483, 370, 1, 2.21%, 0, 0, 16, 491.27, 2214705, 1446
5187, 0, 460, 483, 370, 1, 2.21%, 0, 0, 16, 515.34, 2217351, 1446
5192, 0, 460, 483, 370, 1, 2.21%, 0, 0, 16, 525.51, 2219971, 1446
5197, 0, 460, 483, 370, 1, 2.21%, 0, 0, 16, 493.81, 2222491, 1446
5202, 0, 460, 483, 370, 1, 2.21%, 0, 0, 16, 492.71, 2225091, 1446
5207, 0, 460, 483, 370, 1, 2.21%, 0, 0, 16, 538.65, 2227833, 1446
5212, 0, 460, 483, 370, 1, 2.21%, 0, 0, 16, 556.77, 2230657, 1446
5217, 0, 460, 483, 370, 1, 2.21%, 0, 0, 16, 560.50, 2233517, 1446
5222, 0, 460, 483, 370, 1, 2.21%, 0, 0, 16, 553.05, 2236344, 1446
5227, 0, 460, 483, 370, 1, 2.21%, 0, 0, 16, 561.28, 2239149, 1446
5233, 0, 460, 483, 370, 1, 2.21%, 0, 0, 16, 570.41, 2242039, 1446
5238, 0, 460, 483, 370, 1, 2.21%, 0, 0, 16, 548.97, 2244791, 1446
5243, 0, 460, 483, 370, 1, 2.21%, 0, 0, 16, 575.60, 2247763, 1446
5248, 0, 460, 483, 370, 1, 2.21%, 0, 0, 16, 577.80, 2250669, 1446
5253, 0, 460, 483, 370, 1, 2.21%, 0, 0, 16, 604.04, 2253787, 1446
5258, 0, 460, 483, 370, 1, 2.21%, 0, 0, 16, 592.02, 2256855, 1446
5263, 0, 460, 483, 370, 1, 2.21%, 0, 0, 16, 577.21, 2259717, 1446
5268, 0, 460, 483, 370, 1, 2.21%, 0, 0, 16, 571.59, 2262644, 1446
5273, 0, 460, 483, 370, 1, 2.21%, 0, 0, 16, 578.27, 2265584, 1446
5278, 0, 460, 483, 370, 1, 2.21%, 0, 0, 16, 572.66, 2268466, 1446
5283, 0, 460, 483, 370, 1, 2.21%, 0, 0, 16, 575.90, 2271406, 1446
5288, 0, 460, 483, 370, 1, 2.21%, 0, 0, 16, 625.75, 2274500, 1446
5293, 0, 460, 483, 370, 1, 2.21%, 0, 0, 16, 642.07, 2277753, 1446
5298, 0, 460, 483, 370, 1, 2.21%, 0, 0, 16, 653.57, 2281059, 1446
5303, 0, 460, 483, 370, 1, 2.21%, 0, 0, 16, 644.62, 2284290, 1446
5308, 0, 460, 483, 370, 1, 2.21%, 0, 0, 16, 630.76, 2287559, 1446
5314, 0, 460, 483, 370, 1, 2.21%, 0, 0, 16, 577.44, 2290448, 1446
5319, 0, 460, 483, 370, 1, 2.21%, 0, 0, 16, 554.69, 2293190, 1446
5324, 0, 460, 483, 370, 1, 2.21%, 0, 0, 16, 583.92, 2296163, 1446
5329, 0, 460, 483, 370, 1, 2.21%, 0, 0, 16, 569.77, 2299056, 1446
5334, 0, 460, 483, 370, 1, 2.21%, 0, 0, 16, 566.45, 2301963, 1446
5339, 0, 482, 483, 370, 2, 2.21%, 0, 0, 16, 570.61, 2304881, 1446
5344, 0, 482, 485, 372, 2, 2.21%, 0, 0, 16, 575.00, 2307878, 1447
5349, 0, 482, 485, 372, 2, 2.21%, 0, 0, 16, 572.85, 2310738, 1447
5354, 0, 482, 485, 372, 2, 2.21%, 0, 0, 16, 564.05, 2313586, 1447
