# relative_time, cycles_done, cur_item, corpus_count, pending_total, pending_favs, map_size, saved_crashes, saved_hangs, max_depth, execs_per_sec, total_execs, edges_found
60, 0, 1, 28, 26, 5, 2.22%, 0, 0, 2, 210.04, 12811, 1457
65, 0, 1, 28, 26, 5, 2.22%, 0, 0, 2, 211.74, 13875, 1457
70, 0, 1, 28, 26, 5, 2.22%, 0, 0, 2, 210.20, 14971, 1457
75, 0, 1, 28, 26, 5, 2.22%, 0, 0, 2, 210.16, 16039, 1457
81, 0, 1, 29, 27, 5, 2.24%, 0, 0, 2, 210.50, 17091, 1465
86, 0, 1, 29, 27, 5, 2.24%, 0, 0, 2, 212.79, 18195, 1465
91, 0, 1, 29, 27, 5, 2.24%, 0, 0, 2, 195.63, 19147, 1465
96, 0, 1, 29, 27, 5, 2.24%, 0, 0, 2, 208.02, 20243, 1465
101, 0, 1, 29, 27, 5, 2.24%, 0, 0, 2, 207.86, 21287, 1465
106, 0, 1, 29, 27, 5, 2.24%, 0, 0, 2, 212.37, 22391, 1465
111, 0, 1, 29, 27, 5, 2.24%, 0, 0, 2, 205.70, 23427, 1465
116, 0, 1, 29, 27, 5, 2.24%, 0, 0, 2, 209.46, 24491, 1465
121, 0, 1, 29, 27, 5, 2.24%, 0, 0, 2, 208.29, 25543, 1465
126, 0, 1, 29, 27, 5, 2.24%, 0, 0, 2, 187.08, 26494, 1465
131, 0, 1, 29, 27, 5, 2.24%, 0, 0, 2, 166.97, 27334, 1465
136, 0, 1, 29, 27, 5, 2.24%, 0, 0, 2, 158.53, 28120, 1465
141, 0, 1, 29, 27, 5, 2.24%, 0, 0, 2, 159.07, 28918, 1465
147, 0, 1, 29, 27, 5, 2.24%, 0, 0, 2, 158.60, 29731, 1465
152, 0, 1, 29, 27, 5, 2.24%, 0, 0, 2, 153.81, 30505, 1465
157, 0, 1, 29, 27, 5, 2.24%, 0, 0, 2, 155.51, 31270, 1465
162, 0, 1, 29, 27, 5, 2.24%, 0, 0, 2, 168.01, 32155, 1465
167, 0, 1, 29, 27, 5, 2.24%, 0, 0, 2, 166.94, 32995, 1465
172, 0, 15, 31, 28, 16, 2.24%, 0, 0, 2, 158.76, 33769, 1465
177, 0, 15, 31, 28, 16, 2.24%, 0, 0, 2, 164.23, 34612, 1465
182, 0, 23, 31, 27, 15, 2.24%, 0, 0, 2, 155.19, 35386, 1465
187, 0, 9, 31, 26, 14, 2.24%, 0, 0, 2, 167.60, 36257, 1465
192, 0, 12, 31, 25, 13, 2.24%, 0, 0, 2, 173.65, 37157, 1465
197, 0, 21, 31, 24, 12, 2.24%, 0, 0, 2, 165.37, 37988, 1465
202, 0, 10, 31, 23, 11, 2.24%, 0, 0, 2, 171.59, 38888, 1465
207, 0, 24, 31, 22, 10, 2.24%, 0, 0, 2, 177.53, 39739, 1465
213, 0, 13, 31, 20, 8, 2.24%, 0, 0, 2, 166.92, 40617, 1465
218, 0, 29, 31, 19, 7, 2.24%, 0, 0, 2, 164.15, 41456, 1465
223, 0, 8, 31, 18, 6, 2.24%, 0, 0, 2, 169.79, 42329, 1465
228, 0, 3, 31, 16, 4, 2.24%, 0, 0, 2, 158.84, 43143, 1465
233, 0, 3, 32, 17, 4, 2.26%, 0, 0, 2, 100.83, 43545, 1483
238, 0, 3, 32, 17, 4, 2.26%, 0, 1, 2, 123.91, 43943, 1483
243, 0, 31, 32, 16, 3, 2.26%, 0, 1, 2, 148.01, 44487, 1483
248, 0, 32, 33, 16, 3, 2.51%, 0, 1, 3, 12.27, 45081, 1646
253, 0, 32, 36, 19, 3, 2.58%, 0, 2, 4, 121.19, 45592, 1691
259, 0, 32, 38, 21, 3, 2.62%, 0, 3, 4, 138.56, 46144, 1715
264, 0, 32, 39, 22, 3, 2.63%, 0, 3, 4, 147.30, 46414, 1721
269, 0, 32, 39, 22, 3, 2.63%, 0, 3, 4, 12.73, 46704, 1721
274, 0, 32, 39, 22, 3, 2.63%, 0, 3, 4, 129.03, 47116, 1721
280, 0, 32, 39, 22, 3, 2.63%, 0, 3, 4, 9.16, 47666, 1721
286, 0, 32, 40, 23, 3, 2.65%, 0, 4, 4, 18.69, 48056, 1734
291, 0, 32, 40, 23, 3, 2.65%, 0, 4, 4, 132.06, 48590, 1734
296, 0, 32, 40, 23, 3, 2.65%, 0, 4, 4, 121.43, 49160, 1734
301, 0, 32, 40, 23, 3, 2.65%, 0, 4, 4, 19.93, 49533, 1734
307, 0, 32, 40, 23, 3, 2.65%, 0, 4, 4, 112.08, 49904, 1734
312, 0, 32, 40, 23, 3, 2.65%, 0, 4, 4, 5.77, 50488, 1734
318, 0, 32, 41, 24, 3, 2.66%, 0, 4, 4, 17.53, 50716, 1740
324, 0, 32, 41, 24, 3, 2.66%, 0, 5, 4, 5.78, 51104, 1740
329, 0, 32, 41, 24, 3, 2.66%, 0, 5, 4, 111.28, 51630, 1740
334, 0, 32, 42, 25, 3, 2.66%, 0, 5, 4, 118.03, 52198, 1746
339, 0, 32, 42, 25, 3, 2.66%, 0, 5, 4, 3.80, 52746, 1746
344, 0, 32, 42, 25, 3, 2.66%, 0, 6, 4, 135.25, 53182, 1746
349, 0, 32, 42, 25, 3, 2.66%, 0, 6, 4, 119.05, 53464, 1746
355, 0, 32, 42, 25, 3, 2.66%, 0, 6, 4, 13.79, 53896, 1746
360, 0, 32, 42, 25, 3, 2.66%, 0, 6, 4, 98.52, 54384, 1746
366, 0, 32, 42, 25, 3, 2.66%, 0, 6, 4, 3.92, 54860, 1746
371, 0, 32, 43, 26, 3, 2.68%, 0, 6, 4, 11.05, 55166, 1754
376, 0, 32, 44, 27, 3, 3.06%, 0, 6, 4, 126.34, 55676, 2004
382, 0, 32, 44, 27, 3, 3.06%, 0, 6, 4, 0.99, 55991, 2004
387, 0, 32, 44, 27, 3, 3.06%, 0, 6, 4, 13.15, 56459, 2004
392, 0, 32, 44, 27, 3, 3.06%, 0, 6, 4, 148.14, 56756, 2004
398, 0, 32, 45, 28, 3, 3.06%, 0, 6, 4, 12.09, 57152, 2007
403, 0, 32, 45, 28, 3, 3.06%, 0, 6, 4, 115.30, 57562, 2007
409, 0, 32, 45, 28, 3, 3.06%, 0, 6, 4, 13.90, 57985, 2007
414, 0, 32, 45, 28, 3, 3.06%, 0, 6, 4, 138.10, 58353, 2007
419, 0, 32, 45, 28, 3, 3.06%, 0, 6, 4, 119.62, 58818, 2007
425, 0, 32, 45, 28, 3, 3.06%, 0, 6, 4, 13.77, 59200, 2007
431, 0, 32, 45, 28, 3, 3.06%, 0, 6, 4, 1.96, 59702, 2007
436, 0, 32, 45, 28, 3, 3.06%, 0, 6, 4, 132.94, 60242, 2007
442, 0, 32, 45, 28, 3, 3.06%, 0, 6, 4, 19.01, 60742, 2007
447, 0, 32, 45, 28, 3, 3.06%, 0, 7, 4, 104.54, 61154, 2007
452, 0, 32, 45, 28, 3, 3.06%, 0, 7, 4, 149.25, 61560, 2007
458, 0, 32, 45, 28, 3, 3.06%, 0, 7, 4, 1.98, 61878, 2007
463, 0, 32, 45, 28, 3, 3.06%, 0, 7, 4, 33.64, 62281, 2007
468, 0, 32, 46, 29, 3, 3.07%, 0, 8, 4, 166.09, 62952, 2013
473, 0, 32, 46, 29, 3, 3.07%, 0, 8, 4, 176.83, 63633, 2013
478, 0, 32, 46, 29, 3, 3.07%, 0, 9, 4, 173.91, 64143, 2013
484, 0, 32, 46, 29, 3, 3.07%, 0, 10, 4, 11.27, 64552, 2013
489, 0, 32, 47, 30, 3, 3.08%, 0, 10, 4, 11.24, 65198, 2019
494, 0, 32, 48, 31, 3, 3.08%, 0, 10, 4, 124.25, 65792, 2020
499, 0, 32, 48, 31, 3, 3.08%, 0, 10, 4, 143.34, 66288, 2020
504, 0, 32, 48, 31, 3, 3.08%, 0, 10, 4, 168.63, 66781, 2020
509, 0, 32, 48, 31, 3, 3.08%, 0, 10, 4, 163.18, 67465, 2020
514, 0, 32, 49, 32, 3, 3.09%, 0, 10, 4, 5.79, 67950, 2022
519, 0, 32, 49, 32, 3, 3.09%, 0, 10, 4, 155.74, 68616, 2022
524, 0, 32, 49, 32, 3, 3.09%, 0, 10, 4, 172.35, 69156, 2022
530, 0, 32, 49, 32, 3, 3.09%, 0, 10, 4, 138.70, 69676, 2022
535, 0, 37, 49, 31, 18, 3.09%, 0, 10, 4, 179.96, 70439, 2022
540, 0, 37, 49, 31, 18, 3.09%, 0, 10, 4, 161.05, 71253, 2022
545, 0, 48, 51, 32, 17, 3.12%, 0, 10, 5, 181.64, 72177, 2042
550, 0, 48, 52, 33, 17, 3.12%, 0, 10, 5, 208.60, 73297, 2045
555, 0, 48, 52, 33, 17, 3.12%, 0, 10, 5, 221.50, 74417, 2045
561, 0, 43, 53, 33, 18, 3.12%, 0, 10, 5, 25.18, 75541, 2045
566, 0, 43, 53, 33, 18, 3.12%, 0, 10, 5, 104.39, 75935, 2045
571, 0, 43, 53, 33, 18, 3.12%, 0, 10, 5, 2.26, 76226, 2045
576, 0, 43, 53, 33, 18, 3.12%, 0, 10, 5, 219.73, 76598, 2045
581, 0, 28, 53, 32, 17, 3.12%, 0, 10, 5, 147.39, 77278, 2045
587, 0, 40, 53, 31, 16, 3.12%, 0, 11, 5, 19.71, 78088, 2045
593, 0, 40, 53, 31, 16, 3.12%, 0, 11, 5, 3.92, 78454, 2045
598, 0, 40, 53, 31, 16, 3.12%, 0, 11, 5, 191.15, 79271, 2045
603, 0, 51, 54, 31, 16, 3.13%, 0, 11, 5, 200.85, 80297, 2050
608, 0, 50, 54, 30, 15, 3.13%, 0, 11, 5, 199.34, 81332, 2050
613, 0, 50, 55, 31, 15, 3.13%, 0, 11, 6, 153.33, 82102, 2050
618, 0, 14, 55, 30, 15, 3.13%, 0, 12, 6, 212.91, 82953, 2050
624, 0, 35, 55, 28, 13, 3.13%, 0, 12, 6, 7.39, 83862, 2050
630, 0, 35, 56, 29, 13, 3.13%, 0, 12, 6, 27.14, 84159, 2051
635, 0, 35, 57, 30, 13, 3.14%, 0, 12, 6, 20.98, 84500, 2055
640, 0, 35, 57, 30, 13, 3.14%, 0, 12, 6, 20.32, 85025, 2055
645, 0, 35, 57, 30, 13, 3.14%, 0, 12, 6, 147.60, 85184, 2055
650, 0, 35, 57, 30, 13, 3.14%, 0, 12, 6, 164.99, 85520, 2055
655, 0, 35, 57, 30, 13, 3.14%, 0, 12, 6, 8.45, 85928, 2055
661, 0, 35, 57, 30, 13, 3.14%, 0, 12, 6, 199.36, 86757, 2055
666, 0, 53, 57, 28, 13, 3.14%, 0, 12, 6, 214.49, 87824, 2055
671, 0, 53, 60, 31, 13, 3.14%, 0, 13, 6, 155.89, 88450, 2060
676, 0, 53, 61, 32, 13, 3.15%, 0, 13, 6, 168.83, 89349, 2067
682, 0, 53, 62, 33, 13, 3.16%, 0, 13, 6, 5.74, 90080, 2072
687, 0, 53, 62, 33, 13, 3.16%, 0, 14, 6, 170.20, 90758, 2072
692, 0, 53, 62, 33, 13, 3.16%, 0, 14, 6, 169.06, 91127, 2072
697, 0, 53, 63, 34, 13, 3.17%, 0, 14, 6, 165.74, 91954, 2076
702, 0, 53, 63, 34, 13, 3.17%, 0, 14, 6, 176.24, 92479, 2076
707, 0, 53, 64, 35, 13, 3.17%, 0, 14, 6, 168.34, 93315, 2077
712, 0, 53, 65, 36, 13, 3.17%, 0, 14, 6, 168.75, 94199, 2078
718, 0, 53, 66, 37, 13, 3.17%, 0, 15, 6, 27.00, 94822, 2080
723, 0, 53, 67, 38, 13, 3.18%, 0, 15, 6, 166.12, 95496, 2084
728, 0, 53, 68, 39, 13, 3.19%, 0, 15, 6, 170.96, 96353, 2090
733, 0, 53, 68, 39, 13, 3.19%, 0, 15, 6, 153.53, 96863, 2090
739, 0, 53, 68, 39, 13, 3.19%, 0, 15, 6, 11.16, 97505, 2090
744, 0, 53, 68, 39, 13, 3.19%, 0, 15, 6, 158.12, 98324, 2090
750, 0, 53, 68, 39, 13, 3.19%, 0, 16, 6, 22.22, 98928, 2090
756, 0, 53, 70, 41, 13, 3.20%, 0, 17, 6, 23.18, 99612, 2099
761, 0, 53, 70, 41, 13, 3.20%, 0, 17, 6, 137.25, 100117, 2099
767, 0, 53, 71, 42, 13, 3.23%, 0, 17, 6, 8.57, 100910, 2116
772, 0, 53, 71, 42, 13, 3.23%, 0, 17, 6, 151.86, 101741, 2116
777, 0, 53, 71, 42, 13, 3.23%, 0, 18, 6, 23.02, 102506, 2116
782, 0, 53, 71, 42, 13, 3.23%, 0, 18, 6, 169.42, 103346, 2116
787, 0, 53, 71, 42, 13, 3.23%, 0, 18, 6, 171.08, 104195, 2116
792, 0, 53, 71, 42, 13, 3.23%, 0, 18, 6, 171.27, 105068, 2116
798, 0, 53, 71, 42, 13, 3.23%, 0, 18, 6, 167.79, 105914, 2116
803, 0, 53, 71, 42, 13, 3.23%, 0, 18, 6, 155.34, 106630, 2116
808, 0, 53, 71, 42, 13, 3.23%, 0, 18, 6, 165.28, 107297, 2116
813, 0, 53, 71, 42, 13, 3.23%, 0, 18, 6, 159.25, 108092, 2116
818, 0, 53, 72, 43, 13, 3.23%, 0, 18, 6, 27.99, 108721, 2117
824, 0, 53, 72, 43, 13, 3.23%, 0, 18, 6, 10.99, 109225, 2117
829, 0, 53, 72, 43, 13, 3.23%, 0, 18, 6, 161.92, 110029, 2117
834, 0, 53, 72, 43, 13, 3.23%, 0, 18, 6, 163.12, 110857, 2117
839, 0, 53, 72, 43, 13, 3.23%, 0, 18, 6, 18.73, 111535, 2117
844, 0, 53, 72, 43, 13, 3.23%, 0, 18, 6, 163.89, 112357, 2117
849, 0, 53, 72, 43, 13, 3.23%, 0, 18, 6, 216.08, 113502, 2117
854, 0, 36, 73, 43, 23, 3.28%, 0, 18, 6, 185.54, 114362, 2147
859, 0, 36, 73, 43, 23, 3.28%, 0, 18, 6, 211.27, 115422, 2147
865, 0, 63, 74, 43, 23, 3.28%, 0, 19, 7, 23.94, 116153, 2148
870, 0, 63, 74, 43, 23, 3.28%, 0, 19, 7, 171.99, 116851, 2148
875, 0, 61, 74, 42, 23, 3.28%, 0, 19, 7, 183.74, 117831, 2148
880, 0, 61, 74, 42, 23, 3.28%, 0, 19, 7, 182.81, 118734, 2148
885, 0, 65, 75, 42, 22, 3.28%, 0, 20, 7, 151.61, 119414, 2151
890, 0, 65, 75, 42, 22, 3.28%, 0, 20, 7, 161.13, 120236, 2151
895, 0, 65, 75, 42, 22, 3.28%, 0, 20, 7, 217.55, 121378, 2151
900, 0, 45, 76, 42, 23, 3.29%, 0, 20, 7, 205.87, 122444, 2154
905, 0, 45, 76, 42, 23, 3.29%, 0, 20, 7, 214.69, 123540, 2154
911, 0, 67, 76, 41, 22, 3.29%, 0, 20, 7, 208.33, 124552, 2154
916, 0, 56, 76, 40, 21, 3.29%, 0, 20, 7, 184.24, 125501, 2154
921, 0, 56, 76, 40, 21, 3.29%, 0, 21, 7, 178.57, 126062, 2154
926, 0, 56, 76, 40, 21, 3.29%, 0, 21, 7, 223.20, 127284, 2154
931, 0, 72, 76, 39, 20, 3.29%, 0, 21, 7, 11.17, 128110, 2154
936, 0, 71, 76, 38, 19, 3.29%, 0, 22, 7, 5.70, 128952, 2154
941, 0, 71, 77, 39, 19, 3.29%, 0, 22, 7, 152.55, 129749, 2155
947, 0, 71, 77, 39, 19, 3.29%, 0, 22, 7, 203.63, 130814, 2155
952, 0, 76, 77, 38, 17, 3.29%, 0, 22, 7, 191.54, 131704, 2155
957, 0, 64, 77, 37, 16, 3.29%, 0, 23, 7, 13.18, 132533, 2155
962, 0, 64, 77, 37, 16, 3.29%, 0, 23, 7, 208.85, 133609, 2155
967, 0, 57, 77, 36, 15, 3.29%, 0, 23, 7, 198.93, 134617, 2155
972, 0, 46, 77, 35, 14, 3.29%, 0, 23, 7, 122.02, 135430, 2155
977, 0, 46, 77, 35, 14, 3.29%, 0, 24, 7, 159.98, 135758, 2155
983, 0, 46, 77, 35, 14, 3.29%, 0, 24, 7, 180.40, 136559, 2155
988, 0, 55, 77, 34, 13, 3.29%, 0, 24, 7, 174.08, 137456, 2155
993, 0, 55, 77, 34, 13, 3.29%, 0, 24, 7, 209.18, 138515, 2155
998, 0, 75, 78, 34, 12, 3.31%, 0, 24, 8, 190.27, 139527, 2167
1003, 0, 75, 78, 34, 12, 3.31%, 0, 24, 8, 199.37, 140486, 2167
1008, 0, 68, 78, 33, 12, 3.31%, 0, 24, 8, 187.37, 141474, 2167
1013, 0, 68, 79, 34, 12, 3.31%, 0, 24, 8, 170.21, 142331, 2167
1018, 0, 70, 79, 33, 11, 3.31%, 0, 24, 8, 146.39, 143115, 2167
1024, 0, 70, 79, 33, 11, 3.31%, 0, 24, 8, 29.51, 144065, 2167
1029, 0, 74, 79, 32, 10, 3.31%, 0, 24, 8, 165.81, 144850, 2167
1034, 0, 56, 79, 31, 9, 3.31%, 0, 24, 8, 189.57, 145880, 2167
1039, 0, 56, 79, 31, 9, 3.31%, 0, 24, 8, 165.08, 146561, 2167
1044, 0, 56, 79, 31, 9, 3.31%, 0, 24, 8, 164.39, 147389, 2167
1049, 0, 56, 79, 31, 9, 3.31%, 0, 24, 8, 206.97, 148513, 2167
1054, 0, 56, 79, 31, 9, 3.31%, 0, 24, 8, 216.45, 149605, 2167
1059, 0, 56, 80, 32, 9, 3.32%, 0, 24, 8, 226.87, 150769, 2179
1065, 0, 33, 80, 32, 10, 3.32%, 0, 25, 8, 13.11, 151183, 2179
1070, 0, 33, 80, 32, 10, 3.32%, 0, 25, 8, 204.12, 152031, 2179
1075, 0, 77, 80, 31, 9, 3.32%, 0, 25, 8, 188.39, 152969, 2179
1080, 0, 77, 80, 31, 9, 3.32%, 0, 25, 8, 207.41, 154028, 2179
1085, 0, 69, 81, 30, 7, 3.32%, 0, 25, 8, 192.41, 154933, 2179
1090, 0, 69, 81, 30, 7, 3.32%, 0, 25, 8, 203.88, 155913, 2179
1095, 0, 72, 81, 29, 6, 3.32%, 0, 25, 8, 194.70, 156906, 2179
1100, 0, 72, 81, 29, 6, 3.32%, 0, 25, 8, 204.21, 157907, 2179
1105, 0, 21, 81, 29, 6, 3.32%, 0, 25, 8, 211.36, 158981, 2179
1111, 0, 21, 81, 29, 6, 3.32%, 0, 25, 8, 209.85, 160097, 2179
1116, 0, 59, 82, 30, 6, 3.33%, 0, 25, 8, 188.15, 161086, 2185
1121, 0, 59, 82, 30, 6, 3.33%, 0, 26, 8, 8.58, 161500, 2185
1126, 0, 59, 82, 30, 6, 3.33%, 0, 26, 8, 203.51, 162566, 2185
1131, 0, 38, 82, 29, 6, 3.33%, 0, 27, 8, 147.98, 163034, 2185
1137, 0, 38, 82, 29, 6, 3.33%, 0, 27, 8, 160.82, 163687, 2185
1142, 0, 37, 82, 28, 5, 3.33%, 0, 27, 8, 161.50, 164548, 2185
1147, 0, 37, 82, 28, 5, 3.33%, 0, 27, 8, 0.99, 164850, 2185
1152, 0, 37, 82, 28, 5, 3.33%, 0, 27, 8, 1.05, 164856, 2185
1157, 0, 37, 82, 28, 5, 3.33%, 0, 27, 8, 1.21, 164864, 2185
1162, 0, 37, 82, 28, 5, 3.33%, 0, 27, 8, 1.15, 164869, 2185
1168, 0, 37, 82, 28, 5, 3.33%, 0, 27, 8, 1.61, 164884, 2185
1173, 0, 37, 82, 28, 5, 3.33%, 0, 27, 8, 1.61, 164892, 2185
1178, 0, 37, 82, 28, 5, 3.33%, 0, 28, 8, 1.44, 164897, 2185
1183, 0, 37, 82, 28, 5, 3.33%, 0, 28, 8, 1.42, 164904, 2185
1188, 0, 37, 82, 28, 5, 3.33%, 0, 28, 8, 1.63, 164915, 2185
1193, 0, 37, 82, 28, 5, 3.33%, 0, 28, 8, 150.82, 165424, 2185
1198, 0, 73, 82, 28, 5, 3.33%, 0, 28, 8, 174.78, 166327, 2185
1203, 0, 73, 82, 28, 5, 3.33%, 0, 28, 8, 195.00, 166875, 2185
1208, 0, 66, 82, 27, 4, 3.33%, 0, 28, 8, 161.12, 167626, 2185
1213, 0, 66, 83, 28, 4, 3.34%, 0, 28, 8, 156.48, 168438, 2186
1219, 0, 66, 83, 28, 4, 3.34%, 0, 28, 8, 212.32, 169578, 2186
1224, 0, 69, 83, 27, 4, 3.34%, 0, 28, 8, 168.32, 170275, 2186
1229, 0, 69, 83, 27, 4, 3.34%, 0, 28, 8, 158.34, 171003, 2186
1234, 0, 69, 83, 27, 4, 3.34%, 0, 29, 8, 141.00, 171402, 2186
1239, 0, 69, 83, 27, 4, 3.34%, 0, 29, 8, 200.04, 172451, 2186
1244, 0, 69, 83, 27, 4, 3.34%, 0, 29, 8, 224.52, 173632, 2186
1250, 0, 69, 83, 27, 4, 3.34%, 0, 29, 8, 226.91, 174804, 2186
1255, 0, 81, 83, 27, 4, 3.34%, 0, 29, 8, 196.47, 175711, 2186
1260, 0, 60, 83, 26, 3, 3.34%, 0, 29, 8, 196.18, 176733, 2186
1265, 0, 60, 83, 26, 3, 3.34%, 0, 30, 8, 205.63, 177555, 2186
1270, 0, 58, 83, 25, 2, 3.34%, 0, 30, 8, 177.02, 178477, 2186
1275, 0, 15, 83, 24, 2, 3.34%, 0, 30, 8, 208.72, 179522, 2186
1280, 0, 15, 83, 24, 2, 3.34%, 0, 30, 8, 218.39, 180614, 2186
1285, 0, 77, 83, 24, 2, 3.34%, 0, 30, 8, 223.51, 181798, 2186
1290, 0, 77, 83, 24, 2, 3.34%, 0, 30, 8, 198.05, 182766, 2186
1295, 0, 77, 83, 24, 2, 3.34%, 0, 30, 8, 191.41, 183738, 2186
1301, 0, 77, 83, 24, 2, 3.34%, 0, 30, 8, 18.42, 184686, 2186
1306, 0, 77, 83, 24, 2, 3.34%, 0, 30, 8, 208.65, 185659, 2186
1311, 0, 77, 83, 24, 2, 3.34%, 0, 30, 8, 235.38, 186617, 2186
1316, 0, 77, 83, 24, 2, 3.34%, 0, 30, 8, 183.45, 187449, 2186
1321, 0, 77, 83, 24, 2, 3.34%, 0, 30, 8, 191.36, 188457, 2186
1326, 0, 72, 83, 24, 2, 3.34%, 0, 30, 8, 225.80, 189380, 2186
1331, 0, 72, 83, 24, 2, 3.34%, 0, 30, 8, 213.24, 190413, 2186
1337, 0, 62, 84, 25, 2, 3.34%, 0, 30, 8, 181.24, 191354, 2189
1342, 0, 62, 84, 25, 2, 3.34%, 0, 30, 8, 178.23, 192206, 2189
1347, 0, 83, 84, 24, 2, 3.34%, 0, 30, 8, 187.22, 193209, 2189
1352, 0, 83, 84, 24, 2, 3.34%, 0, 31, 8, 20.89, 193785, 2189
1357, 0, 82, 84, 23, 1, 3.34%, 0, 31, 8, 188.68, 194747, 2189
1362, 0, 82, 84, 23, 1, 3.34%, 0, 31, 8, 220.63, 195884, 2189
1367, 0, 77, 84, 22, 0, 3.34%, 0, 31, 8, 189.78, 196816, 2189
1372, 0, 77, 85, 23, 0, 3.34%, 0, 31, 9, 208.52, 197865, 2189
1378, 0, 9, 85, 23, 0, 3.34%, 0, 31, 9, 218.79, 199027, 2189
1383, 0, 9, 85, 23, 0, 3.34%, 0, 31, 9, 225.26, 200162, 2189
1388, 0, 70, 85, 23, 0, 3.34%, 0, 32, 9, 131.48, 200750, 2189
1393, 0, 70, 85, 23, 0, 3.34%, 0, 32, 9, 149.99, 201520, 2189
1398, 0, 70, 85, 23, 0, 3.34%, 0, 32, 9, 171.47, 202312, 2189
1403, 0, 70, 85, 23, 0, 3.34%, 0, 32, 9, 177.57, 203180, 2189
1408, 0, 70, 85, 23, 0, 3.34%, 0, 32, 9, 26.13, 203696, 2189
1413, 0, 70, 85, 23, 0, 3.34%, 0, 32, 9, 204.13, 204722, 2189
1419, 0, 81, 85, 23, 0, 3.34%, 0, 33, 9, 22.73, 205692, 2189
1424, 0, 81, 85, 23, 0, 3.34%, 0, 33, 9, 203.56, 206414, 2189
1429, 0, 81, 85, 23, 0, 3.34%, 0, 33, 9, 203.93, 207392, 2189
1434, 0, 81, 85, 23, 0, 3.34%, 0, 33, 9, 17.09, 208284, 2189
1439, 0, 81, 85, 23, 0, 3.34%, 0, 33, 9, 193.15, 209315, 2189
1445, 0, 81, 85, 23, 0, 3.34%, 0, 33, 9, 21.82, 210340, 2189
1450, 0, 65, 85, 23, 0, 3.34%, 0, 33, 9, 152.51, 211154, 2189
1455, 0, 65, 85, 23, 0, 3.34%, 0, 33, 9, 195.67, 212261, 2189
1460, 0, 50, 85, 23, 0, 3.34%, 0, 33, 9, 174.57, 213158, 2189
1465, 0, 50, 87, 25, 0, 3.39%, 0, 33, 9, 158.62, 213936, 2224
1471, 0, 50, 87, 25, 0, 3.39%, 0, 33, 9, 154.43, 214701, 2224
1476, 0, 50, 87, 25, 0, 3.39%, 0, 33, 9, 155.67, 215481, 2224
1481, 0, 50, 87, 25, 0, 3.39%, 0, 33, 9, 137.58, 216212, 2224
1486, 0, 50, 87, 25, 0, 3.39%, 0, 33, 9, 159.50, 217023, 2224
1491, 0, 50, 87, 25, 0, 3.39%, 0, 34, 9, 74.70, 217363, 2224
1496, 0, 86, 87, 25, 1, 3.39%, 0, 34, 9, 133.93, 218106, 2224
1501, 0, 59, 87, 24, 0, 3.39%, 0, 34, 9, 164.05, 218981, 2224
1506, 0, 59, 87, 24, 0, 3.39%, 0, 34, 9, 149.10, 219711, 2224
1511, 0, 70, 87, 24, 0, 3.39%, 0, 34, 9, 154.14, 220578, 2224
1516, 0, 70, 87, 24, 0, 3.39%, 0, 34, 9, 135.25, 221245, 2224
1521, 0, 70, 87, 24, 0, 3.39%, 0, 34, 9, 132.52, 221947, 2224
1526, 0, 70, 87, 24, 0, 3.39%, 0, 34, 9, 180.51, 222782, 2224
1531, 0, 70, 87, 24, 0, 3.39%, 0, 34, 9, 222.94, 223999, 2224
1536, 0, 70, 87, 24, 0, 3.39%, 0, 34, 9, 223.60, 225103, 2224
1542, 0, 23, 87, 24, 0, 3.39%, 0, 34, 9, 211.78, 226163, 2224
1547, 0, 23, 87, 24, 0, 3.39%, 0, 34, 9, 231.00, 227398, 2224
1552, 0, 13, 87, 24, 0, 3.39%, 0, 34, 9, 219.71, 228504, 2224
1557, 0, 13, 87, 24, 0, 3.39%, 0, 34, 9, 207.18, 229581, 2224
1562, 0, 13, 87, 24, 0, 3.39%, 0, 34, 9, 211.35, 230653, 2224
1567, 0, 86, 87, 24, 0, 3.39%, 0, 34, 9, 200.90, 231681, 2224
1572, 0, 86, 87, 24, 0, 3.39%, 0, 34, 9, 174.01, 232420, 2224
1577, 0, 86, 87, 24, 0, 3.39%, 0, 34, 9, 200.12, 233386, 2224
1582, 0, 46, 87, 24, 0, 3.39%, 0, 34, 9, 154.66, 234099, 2224
1588, 0, 46, 87, 24, 0, 3.39%, 0, 34, 9, 18.50, 234753, 2224
1593, 0, 46, 87, 24, 0, 3.39%, 0, 34, 9, 162.58, 235392, 2224
1599, 0, 46, 87, 24, 0, 3.39%, 0, 34, 9, 152.93, 236052, 2224
1605, 0, 46, 87, 24, 0, 3.39%, 0, 34, 9, 8.11, 236238, 2224
1610, 0, 46, 87, 24, 0, 3.39%, 0, 34, 9, 237.94, 236938, 2224
1615, 0, 46, 87, 24, 0, 3.39%, 0, 34, 9, 207.99, 237947, 2224
1620, 0, 46, 87, 24, 0, 3.39%, 0, 34, 9, 191.03, 238816, 2224
1625, 0, 46, 87, 24, 0, 3.39%, 0, 34, 9, 224.61, 239997, 2224
1630, 0, 46, 88, 25, 0, 3.45%, 0, 34, 9, 130.99, 240546, 2261
1635, 0, 46, 88, 25, 0, 3.45%, 0, 34, 9, 202.33, 241571, 2261
1640, 0, 86, 88, 25, 1, 3.45%, 0, 34, 9, 178.39, 242385, 2261
1645, 0, 72, 88, 25, 1, 3.45%, 0, 34, 9, 221.96, 243249, 2261
1651, 0, 87, 88, 25, 1, 3.45%, 0, 34, 9, 13.57, 244247, 2261
1656, 0, 87, 89, 26, 1, 3.45%, 0, 34, 9, 130.70, 244716, 2262
1661, 0, 87, 89, 26, 1, 3.45%, 0, 34, 9, 1.00, 245030, 2262
1666, 0, 87, 89, 26, 1, 3.45%, 0, 34, 9, 123.90, 245602, 2262
1672, 0, 87, 90, 27, 1, 3.45%, 0, 35, 9, 143.44, 246062, 2263
1677, 0, 87, 90, 27, 1, 3.45%, 0, 35, 9, 138.19, 246530, 2263
1682, 0, 87, 90, 27, 1, 3.45%, 0, 35, 9, 134.12, 246962, 2263
1687, 0, 87, 90, 27, 1, 3.45%, 0, 35, 9, 173.06, 247869, 2263
1692, 0, 16, 90, 26, 2, 3.45%, 0, 35, 9, 194.39, 248857, 2263
1697, 0, 89, 90, 25, 2, 3.45%, 0, 36, 9, 11.14, 249514, 2263
1703, 0, 89, 90, 25, 2, 3.45%, 0, 36, 9, 110.58, 249972, 2263
1708, 0, 89, 90, 25, 2, 3.45%, 0, 36, 9, 176.86, 250579, 2263
1713, 0, 24, 90, 24, 1, 3.45%, 0, 36, 9, 206.68, 251697, 2263
1718, 0, 24, 90, 24, 1, 3.45%, 0, 36, 9, 209.16, 252752, 2263
1723, 0, 24, 90, 24, 1, 3.45%, 0, 36, 9, 207.05, 253786, 2263
1728, 0, 37, 90, 24, 1, 3.45%, 0, 36, 9, 195.96, 254787, 2263
1733, 0, 37, 90, 24, 1, 3.45%, 0, 36, 9, 129.31, 255388, 2263
1738, 0, 88, 90, 24, 1, 3.45%, 0, 36, 9, 109.03, 256020, 2263
1744, 0, 88, 91, 25, 1, 3.46%, 0, 37, 9, 20.02, 256336, 2268
1749, 0, 88, 91, 25, 1, 3.46%, 0, 37, 9, 11.00, 256727, 2268
1755, 0, 88, 91, 25, 1, 3.46%, 0, 38, 9, 1.98, 256940, 2268
1760, 0, 88, 91, 25, 1, 3.46%, 0, 38, 9, 158.43, 257429, 2268
1765, 0, 88, 91, 25, 1, 3.46%, 0, 38, 9, 221.99, 258652, 2268
1770, 0, 90, 91, 24, 1, 3.46%, 0, 38, 9, 221.70, 259788, 2268
1775, 0, 50, 91, 23, 0, 3.46%, 0, 38, 9, 184.29, 260752, 2268
1780, 0, 50, 91, 23, 0, 3.46%, 0, 38, 9, 161.84, 261630, 2268
1785, 0, 50, 91, 23, 0, 3.46%, 0, 38, 9, 174.35, 262467, 2268
1791, 0, 59, 91, 23, 0, 3.46%, 0, 38, 9, 171.00, 263378, 2268
1796, 0, 59, 91, 23, 0, 3.46%, 0, 38, 9, 212.07, 264530, 2268
1801, 1, 59, 91, 23, 0, 3.46%, 0, 38, 9, 166.31, 265256, 2268
1806, 1, 86, 91, 23, 0, 3.46%, 0, 38, 9, 190.46, 266305, 2268
1811, 1, 43, 91, 23, 0, 3.46%, 0, 38, 9, 224.42, 267147, 2268
1816, 1, 43, 91, 23, 0, 3.46%, 0, 38, 9, 150.28, 267811, 2268
1822, 1, 43, 91, 23, 0, 3.46%, 0, 38, 9, 125.11, 268357, 2268
1827, 1, 43, 91, 23, 0, 3.46%, 0, 39, 9, 129.09, 268773, 2268
1832, 1, 43, 91, 23, 0, 3.46%, 0, 39, 9, 111.56, 269336, 2268
1837, 1, 43, 91, 23, 0, 3.46%, 0, 39, 9, 224.50, 270079, 2268
1842, 1, 43, 91, 23, 0, 3.46%, 0, 40, 9, 11.31, 270629, 2268
1847, 1, 43, 91, 23, 0, 3.46%, 0, 40, 9, 197.22, 271281, 2268
1852, 1, 43, 91, 23, 0, 3.46%, 0, 40, 9, 120.94, 271810, 2268
1857, 1, 43, 91, 23, 0, 3.46%, 0, 40, 9, 68.64, 272411, 2268
1863, 1, 37, 91, 23, 0, 3.46%, 0, 40, 9, 171.11, 272910, 2268
1869, 1, 37, 91, 23, 0, 3.46%, 0, 40, 9, 14.40, 273698, 2268
1874, 1, 86, 91, 23, 0, 3.46%, 0, 40, 9, 188.24, 274543, 2268
1879, 1, 86, 91, 23, 0, 3.46%, 0, 40, 9, 2.93, 275170, 2268
1885, 1, 86, 91, 23, 0, 3.46%, 0, 40, 9, 30.12, 275946, 2268
1891, 1, 50, 91, 23, 0, 3.46%, 0, 40, 9, 8.67, 276793, 2268
1896, 1, 86, 91, 23, 0, 3.46%, 0, 40, 9, 181.30, 277449, 2268
1901, 1, 86, 92, 24, 0, 3.46%, 0, 41, 9, 8.24, 277763, 2268
1906, 1, 86, 92, 24, 0, 3.46%, 0, 42, 9, 1.16, 277771, 2268
1912, 1, 86, 92, 24, 0, 3.46%, 0, 42, 9, 1.34, 277780, 2268
1917, 1, 86, 92, 24, 0, 3.46%, 0, 42, 9, 1.29, 277786, 2268
1922, 1, 86, 92, 24, 0, 3.46%, 0, 42, 9, 1.21, 277791, 2268
1927, 1, 86, 92, 24, 0, 3.46%, 0, 42, 9, 1.20, 277797, 2268
1932, 1, 62, 92, 24, 0, 3.46%, 0, 42, 9, 204.05, 278375, 2268
1937, 1, 62, 92, 24, 0, 3.46%, 0, 42, 9, 157.19, 278871, 2268
1942, 1, 84, 92, 24, 0, 3.46%, 0, 42, 9, 207.93, 280008, 2268
1947, 1, 84, 92, 24, 0, 3.46%, 0, 42, 9, 13.57, 280851, 2268
1953, 1, 59, 92, 23, 0, 3.46%, 0, 42, 9, 200.71, 281824, 2268
1958, 1, 23, 92, 23, 0, 3.46%, 0, 42, 9, 205.87, 282872, 2268
1963, 1, 23, 92, 23, 0, 3.46%, 0, 42, 9, 216.67, 283963, 2268
1968, 1, 43, 92, 23, 0, 3.46%, 0, 42, 9, 12.08, 284511, 2268
1973, 1, 43, 92, 23, 0, 3.46%, 0, 42, 9, 121.69, 285055, 2268
1978, 1, 43, 92, 23, 0, 3.46%, 0, 42, 9, 5.80, 285335, 2268
1983, 1, 43, 92, 23, 0, 3.46%, 0, 42, 9, 205.96, 285959, 2268
1988, 1, 43, 92, 23, 0, 3.46%, 0, 43, 9, 211.44, 286627, 2268
1993, 1, 43, 92, 23, 0, 3.46%, 0, 43, 9, 209.46, 287071, 2268
1999, 1, 43, 92, 23, 0, 3.46%, 0, 43, 9, 2.94, 287536, 2268
2004, 1, 69, 92, 23, 0, 3.46%, 0, 43, 9, 197.01, 288528, 2268
2009, 1, 69, 92, 23, 0, 3.46%, 0, 43, 9, 20.89, 289495, 2268
2015, 1, 60, 92, 23, 0, 3.46%, 0, 43, 9, 23.89, 290452, 2268
2021, 1, 60, 93, 24, 0, 3.47%, 0, 43, 9, 20.89, 291078, 2272
2026, 1, 60, 93, 24, 0, 3.47%, 0, 44, 9, 155.60, 291432, 2272
2032, 1, 60, 93, 24, 0, 3.47%, 0, 44, 9, 5.83, 292323, 2272
2037, 1, 60, 93, 24, 0, 3.47%, 0, 44, 9, 181.77, 293043, 2272
2042, 1, 60, 93, 24, 0, 3.47%, 0, 44, 9, 215.52, 294120, 2272
2047, 1, 60, 93, 24, 0, 3.47%, 0, 44, 9, 228.06, 295340, 2272
2052, 1, 60, 93, 24, 0, 3.47%, 0, 44, 9, 222.81, 296516, 2272
2057, 1, 72, 93, 24, 1, 3.47%, 0, 44, 9, 101.23, 297341, 2272
2062, 1, 72, 93, 24, 1, 3.47%, 0, 44, 9, 185.67, 298173, 2272
2067, 1, 9, 93, 24, 1, 3.47%, 0, 44, 9, 209.46, 299263, 2272
2073, 1, 86, 93, 24, 1, 3.47%, 0, 44, 9, 149.68, 300134, 2272
2078, 1, 92, 93, 24, 1, 3.47%, 0, 44, 9, 156.63, 300895, 2272
2083, 1, 92, 94, 25, 1, 3.47%, 0, 45, 9, 171.08, 301572, 2274
2088, 1, 92, 94, 25, 1, 3.47%, 0, 46, 9, 184.29, 302283, 2274
2093, 1, 92, 94, 25, 1, 3.47%, 0, 47, 9, 13.80, 302763, 2274
2099, 1, 92, 94, 25, 1, 3.47%, 0, 47, 9, 198.12, 303846, 2274
2104, 1, 93, 94, 24, 1, 3.47%, 0, 47, 9, 204.37, 304867, 2274
2109, 1, 93, 94, 24, 1, 3.47%, 0, 47, 9, 174.19, 305598, 2274
2114, 1, 93, 94, 24, 1, 3.47%, 0, 47, 9, 156.64, 306339, 2274
2120, 1, 93, 94, 24, 1, 3.47%, 0, 47, 9, 2.93, 307302, 2274
2125, 1, 93, 94, 24, 1, 3.47%, 0, 47, 9, 183.04, 308091, 2274
2130, 1, 93, 94, 24, 1, 3.47%, 0, 47, 9, 199.39, 309151, 2274
2135, 1, 11, 94, 23, 0, 3.47%, 0, 47, 9, 219.86, 310206, 2274
2140, 1, 4, 94, 23, 0, 3.47%, 0, 47, 9, 134.33, 311118, 2274
2146, 1, 4, 94, 23, 0, 3.47%, 0, 47, 9, 16.65, 312258, 2274
2151, 1, 86, 94, 23, 0, 3.47%, 0, 47, 9, 216.01, 313118, 2274
2156, 1, 11, 94, 23, 0, 3.47%, 0, 47, 9, 211.06, 314169, 2274
2161, 1, 86, 94, 23, 0, 3.47%, 0, 47, 9, 212.82, 315254, 2274
2166, 1, 86, 94, 23, 0, 3.47%, 0, 47, 9, 198.34, 315881, 2274
2171, 1, 45, 94, 23, 0, 3.47%, 0, 47, 9, 175.58, 316438, 2274
2177, 1, 45, 94, 23, 0, 3.47%, 0, 47, 9, 173.45, 317155, 2274
2182, 1, 45, 94, 23, 0, 3.47%, 0, 47, 9, 140.18, 317895, 2274
2187, 1, 45, 94, 23, 0, 3.47%, 0, 47, 9, 192.91, 318920, 2274
2192, 1, 45, 94, 23, 0, 3.47%, 0, 47, 9, 203.79, 319955, 2274
2198, 1, 86, 94, 23, 0, 3.47%, 0, 47, 9, 32.98, 321071, 2274
2203, 1, 86, 94, 23, 0, 3.47%, 0, 48, 9, 222.43, 321670, 2274
2208, 1, 21, 94, 23, 0, 3.47%, 0, 48, 9, 182.35, 322038, 2274
2213, 1, 21, 94, 23, 0, 3.47%, 0, 48, 9, 203.91, 323112, 2274
2219, 1, 8, 94, 23, 0, 3.47%, 0, 48, 9, 3.76, 324059, 2274
2224, 1, 22, 94, 23, 0, 3.47%, 0, 48, 9, 198.53, 324957, 2274
2229, 1, 22, 94, 23, 0, 3.47%, 0, 48, 9, 221.46, 326114, 2274
2234, 1, 13, 94, 23, 0, 3.47%, 0, 48, 9, 226.93, 327328, 2274
2239, 1, 13, 94, 23, 0, 3.47%, 0, 48, 9, 215.07, 328399, 2274
2244, 1, 13, 94, 23, 0, 3.47%, 0, 48, 9, 197.90, 329387, 2274
2249, 1, 13, 94, 23, 0, 3.47%, 0, 48, 9, 200.39, 330411, 2274
2254, 1, 22, 94, 23, 0, 3.47%, 0, 48, 9, 219.96, 331534, 2274
2259, 1, 22, 94, 23, 0, 3.47%, 0, 48, 9, 223.15, 332660, 2274
2264, 1, 13, 94, 23, 0, 3.47%, 0, 48, 9, 225.17, 333782, 2274
2269, 1, 13, 94, 23, 0, 3.47%, 0, 48, 9, 216.43, 334853, 2274
2274, 1, 13, 94, 23, 0, 3.47%, 0, 48, 9, 206.19, 335875, 2274
2280, 1, 50, 94, 23, 0, 3.47%, 0, 48, 9, 16.48, 336672, 2274
2285, 1, 37, 94, 23, 0, 3.47%, 0, 48, 9, 173.49, 337625, 2274
2290, 1, 37, 94, 23, 0, 3.47%, 0, 48, 9, 192.50, 338609, 2274
2295, 1, 36, 94, 23, 0, 3.47%, 0, 48, 9, 5.85, 339345, 2274
2300, 1, 36, 94, 23, 0, 3.47%, 0, 48, 9, 210.42, 340176, 2274
2305, 1, 22, 94, 23, 0, 3.47%, 0, 48, 9, 217.39, 341322, 2274
2310, 1, 22, 94, 23, 0, 3.47%, 0, 48, 9, 232.33, 342499, 2274
2315, 1, 22, 94, 23, 0, 3.47%, 0, 48, 9, 228.20, 343651, 2274
2320, 1, 22, 94, 23, 0, 3.47%, 0, 48, 9, 232.50, 344820, 2274
2325, 1, 81, 94, 23, 0, 3.47%, 0, 48, 9, 200.79, 345836, 2274
2330, 1, 81, 94, 23, 0, 3.47%, 0, 48, 9, 211.04, 346919, 2274
2336, 1, 72, 94, 23, 0, 3.47%, 0, 48, 9, 173.59, 347759, 2274
2341, 1, 72, 94, 23, 0, 3.47%, 0, 48, 9, 230.81, 348665, 2274
2346, 1, 81, 94, 23, 0, 3.47%, 0, 48, 9, 20.70, 349473, 2274
2351, 1, 81, 94, 23, 0, 3.47%, 0, 48, 9, 204.80, 350533, 2274
2356, 1, 78, 94, 23, 0, 3.47%, 0, 48, 9, 148.51, 351023, 2274
2361, 1, 78, 94, 23, 0, 3.47%, 0, 48, 9, 204.70, 352118, 2274
2367, 1, 70, 94, 22, 0, 3.47%, 0, 48, 9, 22.30, 352576, 2274
2373, 1, 70, 94, 22, 0, 3.47%, 0, 48, 9, 1.98, 352914, 2274
2378, 1, 70, 94, 22, 0, 3.47%, 0, 48, 9, 216.75, 353501, 2274
2383, 1, 43, 94, 22, 0, 3.47%, 0, 48, 9, 3.92, 353883, 2274
2388, 1, 43, 95, 23, 0, 3.60%, 0, 48, 9, 130.98, 354575, 2358
2393, 1, 43, 95, 23, 0, 3.60%, 0, 48, 9, 139.81, 355275, 2358
2398, 1, 43, 95, 23, 0, 3.60%, 0, 48, 9, 2.95, 355525, 2358
2403, 1, 43, 95, 23, 0, 3.60%, 0, 48, 9, 137.97, 356205, 2358
2409, 1, 43, 95, 23, 0, 3.60%, 0, 48, 9, 5.73, 356763, 2358
2414, 1, 43, 95, 23, 0, 3.60%, 0, 49, 9, 205.88, 356955, 2358
2419, 1, 43, 95, 23, 0, 3.60%, 0, 49, 9, 213.95, 357403, 2358
2425, 1, 43, 95, 23, 0, 3.60%, 0, 49, 9, 7.68, 358239, 2358
2430, 1, 94, 95, 23, 1, 3.60%, 0, 49, 9, 202.28, 359108, 2358
2436, 1, 94, 95, 23, 1, 3.60%, 0, 49, 9, 14.20, 359438, 2358
2441, 1, 94, 95, 23, 1, 3.60%, 0, 49, 9, 4.84, 359924, 2358
2446, 1, 94, 95, 23, 1, 3.60%, 0, 49, 9, 138.87, 360242, 2358
2451, 1, 94, 95, 23, 1, 3.60%, 0, 49, 9, 14.76, 360826, 2358
2457, 1, 94, 95, 23, 1, 3.60%, 0, 49, 9, 13.11, 361198, 2358
2462, 1, 94, 95, 23, 1, 3.60%, 0, 49, 9, 147.78, 361557, 2358
2467, 1, 94, 95, 23, 1, 3.60%, 0, 49, 9, 12.71, 362054, 2358
2472, 1, 37, 95, 22, 0, 3.60%, 0, 49, 9, 159.46, 362938, 2358
2478, 1, 37, 95, 22, 0, 3.60%, 0, 49, 9, 173.49, 363814, 2358
2483, 1, 93, 95, 22, 0, 3.60%, 0, 49, 9, 201.02, 364859, 2358
2488, 1, 93, 95, 22, 0, 3.60%, 0, 49, 9, 178.31, 365731, 2358
2493, 1, 93, 95, 22, 0, 3.60%, 0, 49, 9, 188.15, 366663, 2358
2498, 1, 93, 95, 22, 0, 3.60%, 0, 49, 9, 219.39, 367557, 2358
2503, 1, 93, 95, 22, 0, 3.60%, 0, 49, 9, 188.98, 368438, 2358
2508, 1, 93, 95, 22, 0, 3.60%, 0, 49, 9, 21.18, 369353, 2358
2513, 1, 68, 95, 22, 0, 3.60%, 0, 49, 9, 183.68, 370284, 2358
2518, 1, 68, 95, 22, 0, 3.60%, 0, 49, 9, 173.24, 371156, 2358
2524, 1, 68, 95, 22, 0, 3.60%, 0, 49, 9, 9.93, 371942, 2358
2529, 1, 68, 95, 22, 0, 3.60%, 0, 49, 9, 3.85, 372002, 2358
2534, 1, 68, 95, 22, 0, 3.60%, 0, 49, 9, 207.64, 372738, 2358
2539, 1, 4, 95, 22, 0, 3.60%, 0, 49, 9, 244.84, 373689, 2358
2544, 1, 61, 95, 22, 0, 3.60%, 0, 49, 9, 210.16, 374695, 2358
2549, 1, 61, 96, 23, 0, 3.60%, 0, 49, 9, 189.43, 375607, 2359
2554, 1, 61, 96, 23, 0, 3.60%, 0, 49, 9, 183.54, 376555, 2359
2560, 1, 61, 96, 23, 0, 3.60%, 0, 49, 9, 220.00, 377222, 2359
2566, 1, 61, 96, 23, 0, 3.60%, 0, 49, 9, 20.34, 378377, 2359
2571, 1, 61, 96, 23, 1, 3.60%, 0, 49, 9, 221.56, 379243, 2359
2576, 1, 61, 96, 23, 1, 3.60%, 0, 49, 9, 201.48, 380049, 2359
2581, 1, 76, 96, 23, 1, 3.60%, 0, 49, 9, 194.41, 381066, 2359
2586, 1, 76, 96, 23, 1, 3.60%, 0, 49, 9, 168.99, 381906, 2359
2591, 1, 76, 96, 23, 1, 3.60%, 0, 49, 9, 171.30, 382622, 2359
2596, 1, 76, 96, 23, 1, 3.60%, 0, 49, 9, 247.75, 383598, 2359
2601, 1, 76, 96, 23, 1, 3.60%, 0, 49, 9, 231.78, 384722, 2359
2606, 1, 95, 96, 23, 1, 3.60%, 0, 49, 9, 218.21, 385782, 2359
2611, 1, 95, 96, 23, 1, 3.60%, 0, 49, 9, 174.28, 386582, 2359
2616, 1, 95, 96, 23, 1, 3.60%, 0, 50, 9, 194.68, 387440, 2359
2622, 1, 95, 96, 23, 1, 3.60%, 0, 50, 9, 226.95, 388348, 2359
2627, 1, 8, 96, 22, 0, 3.60%, 0, 50, 9, 231.94, 389569, 2359
2632, 1, 72, 96, 22, 0, 3.60%, 0, 50, 9, 214.77, 390648, 2359
2637, 1, 72, 96, 22, 0, 3.60%, 0, 50, 9, 228.16, 391272, 2359
2642, 1, 50, 96, 22, 0, 3.60%, 0, 50, 9, 185.60, 392225, 2359
2647, 1, 50, 96, 22, 0, 3.60%, 0, 50, 9, 192.68, 393040, 2359
2652, 1, 56, 96, 22, 0, 3.60%, 0, 50, 9, 129.47, 393692, 2359
2657, 1, 56, 96, 22, 0, 3.60%, 0, 50, 9, 207.20, 394555, 2359
2662, 1, 37, 96, 22, 0, 3.60%, 0, 50, 9, 192.25, 395378, 2359
2667, 1, 37, 96, 22, 0, 3.60%, 0, 50, 9, 180.81, 396041, 2359
2672, 1, 63, 96, 22, 0, 3.60%, 0, 50, 9, 174.67, 396891, 2359
2677, 1, 63, 96, 22, 0, 3.60%, 0, 50, 9, 172.74, 397757, 2359
2682, 1, 63, 97, 23, 0, 3.60%, 0, 50, 9, 224.56, 398975, 2360
2688, 1, 70, 97, 23, 1, 3.60%, 0, 50, 9, 213.43, 400095, 2360
2694, 1, 70, 97, 23, 1, 3.60%, 0, 50, 9, 0.99, 400625, 2360
2699, 1, 70, 97, 23, 1, 3.60%, 0, 50, 9, 1.05, 400653, 2360
2704, 1, 70, 97, 23, 1, 3.60%, 0, 50, 9, 1.66, 400670, 2360
2709, 1, 70, 97, 23, 1, 3.60%, 0, 50, 9, 1.85, 400682, 2360
2715, 1, 70, 97, 23, 1, 3.60%, 0, 50, 9, 37.97, 401059, 2360
2720, 1, 70, 97, 23, 1, 3.60%, 0, 50, 9, 202.50, 401598, 2360
2725, 1, 8, 97, 23, 1, 3.60%, 0, 50, 9, 220.69, 402503, 2360
2730, 1, 72, 97, 23, 1, 3.60%, 0, 50, 9, 210.10, 403542, 2360
2736, 1, 63, 97, 23, 1, 3.60%, 0, 50, 9, 172.80, 404387, 2360
2741, 1, 63, 97, 23, 1, 3.60%, 0, 50, 9, 156.75, 404902, 2360
2746, 1, 93, 97, 23, 1, 3.60%, 0, 50, 9, 203.41, 406009, 2360
2751, 1, 93, 97, 23, 1, 3.60%, 0, 50, 9, 176.40, 406734, 2360
2756, 1, 93, 97, 23, 1, 3.60%, 0, 50, 9, 210.01, 407870, 2360
2761, 1, 52, 97, 23, 1, 3.60%, 0, 50, 9, 173.57, 408621, 2360
2766, 1, 96, 97, 22, 1, 3.60%, 0, 50, 9, 199.82, 409691, 2360
2771, 1, 96, 97, 22, 1, 3.60%, 0, 50, 9, 205.60, 410735, 2360
2776, 1, 72, 97, 21, 0, 3.60%, 0, 50, 9, 194.97, 411733, 2360
2781, 1, 76, 97, 21, 0, 3.60%, 0, 50, 9, 207.78, 412876, 2360
2786, 1, 76, 97, 21, 0, 3.60%, 0, 50, 9, 171.22, 413587, 2360
2792, 1, 50, 97, 21, 0, 3.60%, 0, 50, 9, 187.93, 414671, 2360
2798, 1, 50, 97, 21, 0, 3.60%, 0, 50, 9, 11.35, 415532, 2360
2803, 1, 69, 97, 21, 0, 3.60%, 0, 50, 9, 142.36, 416216, 2360
2808, 1, 69, 97, 21, 0, 3.60%, 0, 50, 9, 201.78, 417037, 2360
2813, 1, 42, 97, 21, 0, 3.60%, 0, 50, 9, 2.96, 417861, 2360
2818, 1, 86, 97, 20, 0, 3.60%, 0, 50, 9, 187.99, 418917, 2360
2823, 1, 13, 97, 20, 0, 3.60%, 0, 50, 9, 202.23, 419648, 2360
2829, 1, 13, 97, 20, 0, 3.60%, 0, 50, 9, 204.19, 420723, 2360
2834, 1, 13, 97, 20, 0, 3.60%, 0, 50, 9, 190.08, 421684, 2360
2839, 1, 13, 97, 20, 0, 3.60%, 0, 50, 9, 204.14, 422735, 2360
2844, 1, 92, 97, 20, 0, 3.60%, 0, 50, 9, 154.69, 423263, 2360
2849, 1, 92, 97, 20, 0, 3.60%, 0, 50, 9, 203.29, 424076, 2360
2854, 1, 70, 97, 20, 0, 3.60%, 0, 50, 9, 148.87, 424764, 2360
2860, 1, 70, 97, 20, 0, 3.60%, 0, 50, 9, 3.88, 425299, 2360
2865, 1, 70, 98, 21, 0, 3.60%, 0, 50, 9, 172.17, 426085, 2360
2870, 1, 61, 98, 21, 0, 3.60%, 0, 50, 9, 8.60, 426507, 2360
2875, 1, 61, 98, 21, 0, 3.60%, 0, 50, 9, 192.96, 427328, 2360
2880, 1, 21, 98, 21, 0, 3.60%, 0, 50, 9, 209.59, 428417, 2360
2885, 1, 21, 98, 21, 0, 3.60%, 0, 50, 9, 229.59, 429581, 2360
2890, 1, 70, 98, 21, 0, 3.60%, 0, 50, 9, 138.16, 430243, 2360
2895, 1, 70, 98, 21, 0, 3.60%, 0, 50, 9, 123.33, 430709, 2360
2900, 1, 28, 98, 21, 0, 3.60%, 0, 50, 9, 122.78, 431504, 2360
2906, 1, 28, 98, 21, 0, 3.60%, 0, 50, 9, 190.10, 432570, 2360
2911, 1, 28, 99, 22, 0, 3.77%, 0, 50, 9, 210.48, 433723, 2473
2916, 1, 28, 99, 22, 0, 3.77%, 0, 50, 9, 216.99, 434831, 2473
2921, 1, 98, 100, 23, 1, 3.77%, 0, 50, 9, 150.19, 435546, 2473
2926, 1, 98, 100, 23, 1, 3.77%, 0, 50, 9, 131.52, 436176, 2473
2931, 1, 98, 100, 23, 1, 3.77%, 0, 50, 9, 160.63, 436981, 2473
2936, 1, 99, 100, 22, 1, 3.77%, 0, 50, 9, 206.19, 438078, 2473
2941, 1, 99, 100, 22, 1, 3.77%, 0, 50, 9, 229.36, 439290, 2473
2947, 1, 99, 100, 22, 1, 3.77%, 0, 50, 9, 230.41, 440494, 2473
2952, 1, 86, 100, 21, 0, 3.77%, 0, 50, 9, 22.67, 441032, 2473
2957, 1, 61, 100, 21, 0, 3.77%, 0, 50, 9, 190.61, 441584, 2473
2962, 1, 61, 100, 21, 0, 3.77%, 0, 50, 9, 204.01, 442612, 2473
2967, 1, 70, 100, 21, 0, 3.77%, 0, 50, 9, 206.21, 443695, 2473
2972, 1, 70, 100, 21, 0, 3.77%, 0, 50, 9, 142.28, 444273, 2473
2977, 1, 70, 100, 21, 0, 3.77%, 0, 51, 9, 238.89, 444971, 2473
2982, 1, 61, 100, 21, 0, 3.77%, 0, 51, 9, 187.86, 445757, 2473
2988, 1, 61, 100, 21, 0, 3.77%, 0, 51, 9, 3.93, 446850, 2473
2994, 1, 13, 100, 21, 0, 3.77%, 0, 51, 9, 208.97, 447957, 2473
2999, 1, 13, 100, 21, 0, 3.77%, 0, 51, 9, 209.09, 449054, 2473
3004, 1, 13, 100, 21, 0, 3.77%, 0, 51, 9, 212.69, 450102, 2473
3009, 1, 70, 100, 21, 0, 3.77%, 0, 51, 9, 157.93, 450878, 2473
3014, 1, 70, 100, 21, 0, 3.77%, 0, 51, 9, 105.28, 451719, 2473
3019, 1, 99, 100, 21, 0, 3.77%, 0, 51, 9, 194.13, 452662, 2473
3024, 1, 99, 100, 21, 0, 3.77%, 0, 51, 9, 158.38, 453538, 2473
3029, 1, 75, 100, 21, 0, 3.77%, 0, 51, 9, 178.37, 454510, 2473
3034, 1, 75, 100, 21, 0, 3.77%, 0, 51, 9, 207.49, 455339, 2473
3040, 1, 75, 100, 21, 0, 3.77%, 0, 51, 9, 236.24, 456597, 2473
3045, 1, 86, 100, 21, 0, 3.77%, 0, 51, 9, 160.98, 457229, 2473
3051, 1, 72, 100, 21, 0, 3.77%, 0, 51, 9, 16.67, 458169, 2473
3056, 1, 72, 100, 21, 0, 3.77%, 0, 51, 9, 214.47, 459256, 2473
3061, 1, 70, 100, 21, 0, 3.77%, 0, 51, 9, 160.17, 460060, 2473
3066, 1, 70, 100, 21, 0, 3.77%, 0, 51, 9, 5.84, 460910, 2473
3071, 1, 22, 100, 21, 0, 3.77%, 0, 51, 9, 203.53, 461797, 2473
3076, 1, 86, 100, 21, 0, 3.77%, 0, 51, 9, 202.46, 462811, 2473
3081, 1, 88, 100, 21, 0, 3.77%, 0, 51, 9, 173.27, 463169, 2473
3086, 1, 88, 100, 21, 0, 3.77%, 0, 51, 9, 182.81, 463469, 2473
3091, 1, 88, 100, 21, 0, 3.77%, 0, 51, 9, 160.72, 464123, 2473
3096, 1, 88, 100, 21, 0, 3.77%, 0, 51, 9, 160.29, 464624, 2473
3102, 1, 88, 100, 21, 0, 3.77%, 0, 51, 9, 221.16, 465570, 2473
3107, 1, 88, 100, 21, 0, 3.77%, 0, 51, 9, 30.25, 466502, 2473
3112, 1, 88, 100, 21, 0, 3.77%, 0, 51, 9, 194.51, 467539, 2473
3117, 1, 50, 100, 21, 0, 3.77%, 0, 51, 9, 173.68, 468457, 2473
3123, 1, 50, 100, 21, 0, 3.77%, 0, 51, 9, 32.70, 469176, 2473
3129, 1, 96, 100, 21, 0, 3.77%, 0, 51, 9, 27.35, 470298, 2473
3134, 1, 96, 100, 21, 0, 3.77%, 0, 51, 9, 183.64, 471072, 2473
3140, 1, 96, 100, 21, 0, 3.77%, 0, 51, 9, 13.70, 471609, 2473
3145, 1, 96, 100, 21, 0, 3.77%, 0, 51, 9, 199.47, 472245, 2473
3150, 1, 96, 100, 21, 0, 3.77%, 0, 51, 9, 198.36, 473279, 2473
3155, 1, 96, 100, 21, 0, 3.77%, 0, 51, 9, 205.84, 474184, 2473
3161, 1, 96, 100, 21, 0, 3.77%, 0, 51, 9, 198.98, 475057, 2473
3166, 2, 77, 103, 24, 0, 3.77%, 0, 51, 9, 172.41, 475703, 2473
3172, 2, 77, 105, 26, 0, 3.77%, 0, 51, 9, 16.04, 476385, 2473
3177, 2, 77, 106, 27, 0, 3.77%, 0, 51, 9, 185.52, 477230, 2473
3184, 2, 77, 109, 30, 0, 3.77%, 0, 51, 9, 11.23, 478015, 2473
3189, 2, 77, 111, 32, 0, 3.77%, 0, 51, 9, 185.92, 478923, 2473
3194, 2, 77, 111, 32, 0, 3.77%, 0, 51, 9, 189.88, 479886, 2473
3199, 2, 77, 111, 32, 0, 3.77%, 0, 51, 9, 185.37, 480833, 2473
3204, 2, 77, 111, 32, 0, 3.77%, 0, 51, 9, 189.17, 481812, 2473
3209, 2, 77, 111, 32, 0, 3.77%, 0, 51, 9, 184.26, 482556, 2473
3214, 2, 77, 111, 32, 0, 3.77%, 0, 51, 9, 179.10, 483321, 2473
3219, 2, 77, 111, 32, 0, 3.77%, 0, 51, 9, 183.67, 484224, 2473
3225, 2, 77, 113, 34, 0, 3.77%, 0, 51, 9, 114.80, 484814, 2473
3230, 2, 77, 113, 34, 0, 3.77%, 0, 51, 9, 152.11, 485512, 2473
3235, 2, 77, 113, 34, 0, 3.77%, 0, 51, 9, 174.89, 486418, 2473
3240, 2, 77, 113, 34, 0, 3.77%, 0, 51, 9, 190.12, 487396, 2473
3245, 2, 77, 113, 34, 0, 3.77%, 0, 51, 9, 14.39, 487878, 2473
3250, 2, 77, 113, 34, 0, 3.77%, 0, 51, 9, 169.60, 488770, 2473
3255, 2, 77, 113, 34, 0, 3.77%, 0, 51, 9, 177.27, 489664, 2473
3260, 2, 77, 113, 34, 0, 3.77%, 0, 51, 9, 180.36, 490576, 2473
3265, 2, 77, 113, 34, 0, 3.77%, 0, 51, 9, 180.10, 491467, 2473
3271, 2, 77, 113, 34, 0, 3.77%, 0, 51, 9, 11.39, 492259, 2473
3276, 2, 77, 113, 34, 0, 3.77%, 0, 51, 9, 190.38, 493243, 2473
3281, 2, 77, 113, 34, 0, 3.77%, 0, 51, 9, 187.89, 494176, 2473
3286, 2, 77, 113, 34, 0, 3.77%, 0, 51, 9, 181.65, 495121, 2473
3291, 2, 77, 113, 34, 0, 3.77%, 0, 51, 9, 176.68, 495997, 2473
3297, 2, 77, 113, 34, 0, 3.77%, 0, 51, 9, 8.54, 496801, 2473
3302, 2, 77, 113, 34, 0, 3.77%, 0, 51, 9, 177.42, 497332, 2473
3307, 2, 77, 113, 34, 0, 3.77%, 0, 51, 9, 178.24, 498250, 2473
3312, 2, 77, 113, 34, 0, 3.77%, 0, 51, 9, 175.01, 499159, 2473
3317, 2, 77, 113, 34, 0, 3.77%, 0, 51, 9, 181.20, 500080, 2473
3322, 2, 77, 113, 34, 0, 3.77%, 0, 51, 9, 188.07, 501040, 2473
3327, 2, 77, 113, 34, 0, 3.77%, 0, 51, 9, 180.05, 501958, 2473
3332, 2, 77, 113, 34, 0, 3.77%, 0, 51, 9, 185.71, 502879, 2473
3337, 2, 77, 113, 34, 0, 3.77%, 0, 51, 9, 198.77, 503830, 2473
3343, 2, 77, 114, 35, 0, 3.78%, 0, 51, 9, 211.27, 504596, 2479
3348, 2, 77, 115, 36, 0, 3.78%, 0, 51, 9, 55.02, 505227, 2479
3353, 2, 28, 116, 37, 1, 3.78%, 0, 51, 9, 174.58, 506272, 2479
3358, 2, 28, 117, 38, 1, 3.78%, 0, 51, 9, 200.91, 507288, 2479
3363, 2, 28, 117, 38, 1, 3.78%, 0, 51, 9, 204.73, 508322, 2479
3368, 2, 28, 117, 38, 1, 3.78%, 0, 51, 9, 213.18, 509230, 2479
3373, 2, 28, 117, 38, 1, 3.78%, 0, 51, 9, 190.90, 510204, 2479
3378, 2, 28, 118, 39, 1, 3.78%, 0, 51, 9, 182.79, 511106, 2479
3384, 2, 28, 118, 39, 1, 3.78%, 0, 51, 9, 189.50, 512093, 2479
3389, 2, 28, 118, 39, 1, 3.78%, 0, 51, 9, 200.98, 513119, 2479
3394, 2, 28, 119, 40, 1, 3.78%, 0, 51, 9, 202.97, 514182, 2480
3399, 2, 28, 119, 40, 1, 3.78%, 0, 51, 9, 204.44, 515226, 2480
3404, 2, 28, 119, 40, 1, 3.78%, 0, 51, 9, 209.26, 516298, 2480
3409, 2, 28, 119, 40, 1, 3.78%, 0, 51, 9, 205.54, 517318, 2480
3414, 2, 28, 119, 40, 1, 3.78%, 0, 51, 9, 209.47, 518326, 2480
3419, 2, 28, 119, 40, 1, 3.78%, 0, 51, 9, 212.88, 519246, 2480
3425, 2, 28, 119, 40, 1, 3.78%, 0, 51, 9, 208.97, 520298, 2480
3430, 2, 28, 119, 40, 1, 3.78%, 0, 51, 9, 208.78, 521318, 2480
3435, 2, 28, 119, 40, 1, 3.78%, 0, 51, 9, 212.73, 522422, 2480
3440, 2, 28, 119, 40, 1, 3.78%, 0, 51, 9, 212.92, 523546, 2480
3445, 2, 28, 119, 40, 1, 3.78%, 0, 51, 9, 205.04, 524506, 2480
3450, 2, 28, 119, 40, 1, 3.78%, 0, 51, 9, 200.00, 525526, 2480
3455, 2, 28, 119, 40, 1, 3.78%, 0, 51, 9, 192.66, 526495, 2480
3460, 2, 28, 119, 40, 1, 3.78%, 0, 51, 9, 195.70, 527497, 2480
3465, 2, 28, 119, 40, 1, 3.78%, 0, 51, 9, 212.19, 528510, 2480
3470, 2, 28, 119, 40, 1, 3.78%, 0, 51, 9, 207.31, 529566, 2480
3476, 2, 28, 119, 40, 1, 3.78%, 0, 51, 9, 193.01, 530479, 2480
3481, 2, 28, 119, 40, 1, 3.78%, 0, 51, 9, 188.77, 531442, 2480
3486, 2, 28, 119, 40, 1, 3.78%, 0, 51, 9, 208.17, 532514, 2480
3491, 2, 28, 119, 40, 1, 3.78%, 0, 51, 9, 206.43, 533466, 2480
3496, 2, 28, 122, 43, 1, 3.78%, 0, 51, 9, 204.60, 534418, 2480
3501, 2, 28, 125, 46, 1, 3.78%, 0, 51, 9, 201.39, 535422, 2480
3506, 2, 28, 125, 46, 1, 3.78%, 0, 51, 9, 193.08, 536410, 2480
3511, 2, 28, 127, 48, 1, 3.78%, 0, 51, 9, 194.88, 537387, 2480
3516, 2, 28, 128, 49, 1, 3.78%, 0, 51, 9, 211.88, 538490, 2480
3521, 2, 28, 128, 49, 1, 3.78%, 0, 51, 9, 5.36, 538655, 2480
3527, 2, 28, 128, 49, 1, 3.78%, 0, 51, 9, 5.48, 538684, 2480
3532, 2, 28, 128, 49, 1, 3.78%, 0, 51, 9, 5.43, 538713, 2480
3537, 2, 28, 128, 49, 1, 3.78%, 0, 51, 9, 5.39, 538741, 2480
3542, 2, 28, 128, 49, 1, 3.78%, 0, 51, 9, 5.24, 538767, 2480
3547, 2, 28, 128, 49, 1, 3.78%, 0, 51, 9, 5.21, 538794, 2480
3552, 2, 28, 128, 49, 1, 3.78%, 0, 51, 9, 5.48, 538824, 2480
3557, 2, 28, 128, 49, 1, 3.78%, 0, 51, 9, 250.88, 539060, 2480
3563, 2, 28, 128, 49, 1, 3.78%, 0, 51, 9, 7.42, 540174, 2480
3568, 2, 28, 128, 49, 1, 3.78%, 0, 51, 9, 8.42, 540217, 2480
3573, 2, 28, 128, 49, 1, 3.78%, 0, 51, 9, 8.55, 540260, 2480
3578, 2, 28, 128, 49, 1, 3.78%, 0, 51, 9, 8.70, 540306, 2480
3583, 2, 28, 128, 49, 1, 3.78%, 0, 51, 9, 8.32, 540347, 2480
3588, 2, 28, 128, 49, 1, 3.78%, 0, 51, 9, 75.00, 540403, 2480
3594, 2, 50, 128, 49, 2, 3.78%, 0, 51, 9, 10.61, 541012, 2480
3600, 2, 50, 130, 51, 2, 3.78%, 0, 51, 9, 12.51, 541723, 2480
3605, 2, 50, 130, 51, 2, 3.78%, 0, 51, 9, 169.68, 542525, 2480
3611, 2, 50, 130, 51, 2, 3.78%, 0, 51, 9, 2.96, 543239, 2480
3616, 2, 50, 130, 51, 2, 3.78%, 0, 51, 9, 162.01, 544040, 2480
3621, 2, 50, 132, 53, 2, 3.78%, 0, 51, 9, 6.86, 544184, 2480
3626, 2, 50, 132, 53, 2, 3.78%, 0, 51, 9, 5.59, 544211, 2480
3631, 2, 50, 132, 53, 2, 3.78%, 0, 51, 9, 5.42, 544238, 2480
3636, 2, 50, 132, 53, 2, 3.78%, 0, 51, 9, 5.41, 544266, 2480
3641, 2, 50, 132, 53, 2, 3.78%, 0, 51, 9, 4.86, 544289, 2480
3647, 2, 50, 132, 53, 2, 3.78%, 0, 51, 9, 4.56, 544312, 2480
3652, 2, 50, 132, 53, 2, 3.78%, 0, 51, 9, 4.88, 544339, 2480
3657, 2, 50, 132, 53, 2, 3.78%, 0, 51, 9, 4.99, 544364, 2480
3663, 2, 50, 133, 54, 2, 3.78%, 0, 51, 9, 6.69, 544400, 2480
3668, 2, 50, 133, 54, 2, 3.78%, 0, 51, 9, 5.04, 544422, 2480
3673, 2, 50, 133, 54, 2, 3.78%, 0, 51, 9, 5.14, 544448, 2480
3678, 2, 50, 133, 54, 2, 3.78%, 0, 51, 9, 4.99, 544474, 2480
3683, 2, 50, 133, 54, 2, 3.78%, 0, 51, 9, 5.04, 544500, 2480
3688, 2, 50, 133, 54, 2, 3.78%, 0, 51, 9, 4.69, 544524, 2480
3693, 2, 50, 133, 54, 2, 3.78%, 0, 51, 9, 4.21, 544545, 2480
3698, 2, 50, 133, 54, 2, 3.78%, 0, 51, 9, 4.36, 544568, 2480
3704, 2, 50, 133, 54, 2, 3.78%, 0, 51, 9, 5.48, 544599, 2480
3709, 2, 50, 133, 54, 2, 3.78%, 0, 51, 9, 4.38, 544620, 2480
3714, 2, 50, 133, 54, 2, 3.78%, 0, 51, 9, 4.70, 544644, 2480
3719, 2, 50, 133, 54, 2, 3.78%, 0, 51, 9, 4.81, 544670, 2480
3724, 2, 50, 133, 54, 2, 3.78%, 0, 51, 9, 4.93, 544696, 2480
3729, 2, 50, 133, 54, 2, 3.78%, 0, 51, 9, 4.32, 544717, 2480
3735, 2, 50, 133, 54, 2, 3.78%, 0, 51, 9, 4.77, 544744, 2480
3740, 2, 50, 133, 54, 2, 3.78%, 0, 51, 9, 4.68, 544769, 2480
3745, 2, 50, 133, 54, 2, 3.78%, 0, 51, 9, 4.85, 544792, 2480
3750, 2, 50, 133, 54, 2, 3.78%, 0, 51, 9, 4.85, 544818, 2480
3756, 2, 50, 133, 54, 2, 3.78%, 0, 51, 9, 4.52, 544840, 2480
3761, 2, 50, 133, 54, 2, 3.78%, 0, 51, 9, 4.12, 544860, 2480
3766, 2, 50, 133, 54, 2, 3.78%, 0, 51, 9, 4.60, 544885, 2480
3771, 2, 50, 133, 54, 2, 3.78%, 0, 51, 9, 4.27, 544906, 2480
3776, 2, 50, 133, 54, 2, 3.78%, 0, 51, 9, 4.73, 544931, 2480
3782, 2, 50, 133, 54, 2, 3.78%, 0, 51, 9, 4.40, 544955, 2480
3787, 2, 50, 133, 54, 2, 3.78%, 0, 51, 9, 4.58, 544978, 2480
3792, 2, 50, 133, 54, 2, 3.78%, 0, 51, 9, 4.49, 545001, 2480
3797, 2, 50, 133, 54, 2, 3.78%, 0, 51, 9, 4.37, 545023, 2480
3802, 2, 50, 133, 54, 2, 3.78%, 0, 51, 9, 4.09, 545044, 2480
3807, 2, 50, 133, 54, 2, 3.78%, 0, 51, 9, 3.71, 545061, 2480
3813, 2, 50, 133, 54, 2, 3.78%, 0, 51, 9, 13.74, 545596, 2480
3818, 2, 50, 133, 54, 2, 3.78%, 0, 51, 9, 29.10, 545913, 2480
3823, 2, 50, 133, 54, 2, 3.78%, 0, 51, 9, 101.86, 546238, 2480
3828, 2, 21, 133, 54, 2, 3.78%, 0, 51, 9, 143.90, 546900, 2480
3833, 2, 21, 133, 54, 2, 3.78%, 0, 51, 9, 182.40, 547871, 2480
3839, 2, 21, 133, 54, 2, 3.78%, 0, 51, 9, 179.90, 548823, 2480
3844, 2, 21, 133, 54, 2, 3.78%, 0, 51, 9, 200.31, 549276, 2480
3849, 2, 21, 134, 55, 2, 3.78%, 0, 51, 9, 172.08, 550048, 2480
3854, 2, 21, 134, 55, 2, 3.78%, 0, 51, 9, 206.33, 551052, 2480
3859, 2, 113, 134, 55, 2, 3.78%, 0, 51, 9, 179.50, 552037, 2480
3864, 2, 113, 134, 55, 2, 3.78%, 0, 51, 9, 122.01, 552592, 2480
3869, 2, 113, 137, 58, 2, 3.78%, 0, 51, 10, 110.36, 553132, 2480
3875, 2, 113, 138, 59, 2, 3.78%, 0, 51, 10, 113.59, 553704, 2480
3880, 2, 113, 138, 59, 2, 3.78%, 0, 51, 10, 111.13, 554284, 2480
3885, 2, 113, 138, 59, 2, 3.78%, 0, 51, 10, 114.22, 554860, 2480
3890, 2, 113, 138, 59, 2, 3.78%, 0, 51, 10, 114.70, 555440, 2480
3895, 2, 113, 138, 59, 2, 3.78%, 0, 51, 10, 116.66, 556028, 2480
3900, 2, 113, 138, 59, 2, 3.78%, 0, 51, 10, 111.44, 556590, 2480
3905, 2, 113, 138, 59, 2, 3.78%, 0, 51, 10, 106.66, 557118, 2480
3910, 2, 113, 138, 59, 2, 3.78%, 0, 51, 10, 112.96, 557710, 2480
3915, 2, 113, 138, 59, 2, 3.78%, 0, 51, 10, 112.78, 558276, 2480
3920, 2, 113, 138, 59, 2, 3.78%, 0, 51, 10, 108.98, 558820, 2480
3925, 2, 113, 138, 59, 2, 3.78%, 0, 51, 10, 112.90, 559388, 2480
3930, 2, 113, 138, 59, 2, 3.78%, 0, 51, 10, 112.50, 559950, 2480
3935, 2, 113, 139, 60, 2, 3.78%, 0, 51, 10, 110.24, 560518, 2480
3941, 2, 113, 139, 60, 2, 3.78%, 0, 51, 10, 112.47, 561102, 2480
3946, 2, 113, 139, 60, 2, 3.78%, 0, 51, 10, 111.01, 561660, 2480
3951, 2, 113, 139, 60, 2, 3.78%, 0, 51, 10, 108.92, 562194, 2480
3956, 2, 113, 139, 60, 2, 3.78%, 0, 51, 10, 113.11, 562784, 2480
3961, 2, 113, 139, 60, 2, 3.78%, 0, 51, 10, 114.26, 563360, 2480
3966, 2, 113, 139, 60, 2, 3.78%, 0, 51, 10, 109.90, 563916, 2480
3971, 2, 113, 139, 60, 2, 3.78%, 0, 51, 10, 109.40, 564478, 2480
3976, 2, 113, 139, 60, 2, 3.78%, 0, 51, 10, 114.21, 565086, 2480
3982, 2, 113, 139, 60, 2, 3.78%, 0, 51, 10, 115.99, 565696, 2480
3987, 2, 113, 139, 60, 2, 3.78%, 0, 51, 10, 115.47, 566280, 2480
3992, 2, 113, 139, 60, 2, 3.78%, 0, 51, 10, 118.65, 566878, 2480
3997, 2, 113, 139, 60, 2, 3.78%, 0, 51, 10, 116.45, 567486, 2480
4002, 2, 113, 139, 60, 2, 3.78%, 0, 51, 10, 118.24, 568076, 2480
4007, 2, 113, 139, 60, 2, 3.78%, 0, 51, 10, 121.23, 568708, 2480
4012, 2, 113, 139, 60, 2, 3.78%, 0, 51, 10, 121.85, 569338, 2480
4017, 2, 113, 139, 60, 2, 3.78%, 0, 51, 10, 120.69, 569956, 2480
4023, 2, 113, 139, 60, 2, 3.78%, 0, 51, 10, 115.68, 570566, 2480
4028, 2, 113, 139, 60, 2, 3.78%, 0, 51, 10, 120.03, 571192, 2480
4033, 2, 113, 139, 60, 2, 3.78%, 0, 51, 10, 130.94, 571928, 2480
4038, 2, 113, 139, 60, 2, 3.78%, 0, 51, 10, 182.32, 572847, 2480
4043, 2, 22, 139, 59, 1, 3.78%, 0, 51, 10, 240.59, 573902, 2480
4048, 2, 22, 139, 59, 1, 3.78%, 0, 51, 10, 4.03, 574507, 2480
4054, 2, 22, 139, 59, 1, 3.78%, 0, 51, 10, 4.14, 574529, 2480
4059, 2, 22, 139, 59, 1, 3.78%, 0, 51, 10, 4.32, 574552, 2480
4064, 2, 22, 139, 59, 1, 3.78%, 0, 51, 10, 217.13, 574955, 2480
4069, 2, 22, 139, 59, 1, 3.78%, 0, 51, 10, 6.55, 575108, 2480
4074, 2, 22, 139, 59, 1, 3.78%, 0, 51, 10, 5.82, 575136, 2480
4079, 2, 118, 139, 59, 1, 3.78%, 0, 51, 10, 207.62, 575681, 2480
4085, 2, 118, 139, 59, 1, 3.78%, 0, 51, 10, 4.34, 575895, 2480
4090, 2, 118, 139, 59, 1, 3.78%, 0, 51, 10, 3.86, 575952, 2480
4095, 2, 118, 139, 59, 1, 3.78%, 0, 51, 10, 4.25, 575976, 2480
4100, 2, 70, 139, 58, 0, 3.78%, 0, 51, 10, 10.90, 576423, 2480
4106, 2, 70, 139, 58, 0, 3.78%, 0, 51, 10, 7.43, 576968, 2480
4111, 2, 70, 139, 58, 0, 3.78%, 0, 51, 10, 25.70, 577433, 2480
4116, 2, 70, 140, 59, 0, 3.78%, 0, 51, 10, 33.25, 577598, 2480
4121, 2, 70, 140, 59, 0, 3.78%, 0, 51, 10, 47.05, 577859, 2480
4126, 2, 70, 140, 59, 0, 3.78%, 0, 51, 10, 28.57, 578519, 2480
4132, 2, 70, 140, 59, 0, 3.78%, 0, 51, 10, 236.40, 579292, 2480
4137, 2, 70, 140, 59, 0, 3.78%, 0, 51, 10, 12.03, 579575, 2480
4142, 2, 98, 140, 59, 0, 3.78%, 0, 51, 10, 171.12, 580175, 2480
4147, 2, 98, 140, 59, 0, 3.78%, 0, 51, 10, 109.19, 580703, 2480
4152, 2, 74, 140, 59, 0, 3.78%, 0, 51, 10, 159.09, 581305, 2480
4158, 2, 74, 140, 59, 0, 3.78%, 0, 51, 10, 162.03, 582115, 2480
4163, 2, 74, 140, 59, 0, 3.78%, 0, 51, 10, 111.92, 582708, 2480
4168, 2, 74, 140, 59, 0, 3.78%, 0, 51, 10, 24.91, 583093, 2480
4173, 2, 74, 140, 59, 0, 3.78%, 0, 51, 10, 28.07, 583238, 2480
4178, 2, 74, 140, 59, 0, 3.78%, 0, 51, 10, 215.76, 584008, 2480
