# relative_time, cycles_done, cur_item, corpus_count, pending_total, pending_favs, map_size, saved_crashes, saved_hangs, max_depth, execs_per_sec, total_execs, edges_found
61, 0, 2, 37, 35, 1, 1.55%, 0, 0, 2, 333.97, 20078, 1016
66, 0, 2, 38, 36, 1, 1.55%, 0, 0, 2, 330.60, 21784, 1016
71, 0, 2, 39, 37, 1, 1.55%, 0, 0, 2, 332.88, 23460, 1017
76, 0, 2, 39, 37, 1, 1.55%, 0, 0, 2, 330.85, 25170, 1017
81, 0, 2, 40, 38, 1, 1.58%, 0, 0, 2, 328.61, 26876, 1034
86, 0, 2, 40, 38, 1, 1.58%, 0, 0, 2, 331.60, 28544, 1034
91, 0, 2, 42, 40, 1, 1.59%, 0, 0, 2, 327.78, 30186, 1041
96, 0, 2, 42, 40, 1, 1.59%, 0, 0, 2, 320.71, 31788, 1041
101, 0, 2, 43, 41, 1, 1.59%, 0, 0, 2, 331.23, 33430, 1043
106, 0, 9, 44, 40, 23, 1.59%, 0, 0, 3, 348.64, 35190, 1044
111, 0, 38, 45, 39, 22, 1.60%, 0, 0, 3, 326.84, 36816, 1046
132, 0, 35, 46, 39, 21, 2.31%, 0, 0, 3, 3.20, 37271, 1513
137, 0, 5, 46, 37, 19, 2.31%, 0, 1, 3, 344.95, 38643, 1513
142, 0, 27, 46, 35, 17, 2.31%, 0, 1, 3, 353.32, 40438, 1513
149, 0, 10, 46, 33, 14, 2.31%, 0, 1, 3, 14.35, 41531, 1513
154, 0, 31, 46, 31, 12, 2.31%, 0, 1, 3, 357.17, 42609, 1513
159, 0, 9, 46, 29, 10, 2.31%, 0, 1, 3, 346.01, 44365, 1513
165, 0, 9, 46, 29, 10, 2.31%, 0, 1, 3, 1.00, 45769, 1513
170, 0, 9, 46, 29, 10, 2.31%, 0, 1, 3, 1.15, 45777, 1513
175, 0, 9, 46, 29, 10, 2.31%, 0, 1, 3, 1.55, 45790, 1513
180, 0, 9, 46, 29, 10, 2.31%, 0, 1, 3, 1.00, 45808, 1513
185, 0, 9, 46, 29, 10, 2.31%, 0, 1, 3, 1.06, 45820, 1513
190, 0, 9, 46, 29, 10, 2.31%, 0, 1, 3, 1.04, 45825, 1513
195, 0, 9, 46, 29, 10, 2.31%, 0, 1, 3, 1.26, 45834, 1513
200, 0, 9, 46, 29, 10, 2.31%, 0, 1, 3, 1.58, 45846, 1513
205, 0, 9, 46, 29, 10, 2.31%, 0, 1, 3, 1.71, 45856, 1513
210, 0, 9, 46, 29, 10, 2.31%, 0, 1, 3, 2.12, 45873, 1513
215, 0, 9, 46, 29, 10, 2.31%, 0, 1, 3, 2.50, 45890, 1513
220, 0, 9, 46, 29, 10, 2.31%, 0, 1, 3, 2.25, 45898, 1513
225, 0, 9, 46, 29, 10, 2.31%, 0, 1, 3, 2.13, 45907, 1513
230, 0, 9, 47, 30, 10, 2.38%, 0, 1, 3, 362.05, 46651, 1558
235, 0, 33, 47, 29, 11, 2.38%, 0, 2, 3, 59.63, 48165, 1558
241, 0, 39, 47, 27, 9, 2.38%, 0, 2, 3, 357.90, 49609, 1558
246, 0, 46, 47, 24, 6, 2.38%, 0, 2, 3, 365.99, 51488, 1558
251, 0, 46, 47, 24, 6, 2.38%, 0, 2, 3, 1.12, 51983, 1558
256, 0, 46, 47, 24, 6, 2.38%, 0, 2, 3, 1.48, 51995, 1558
261, 0, 46, 47, 24, 6, 2.38%, 0, 2, 3, 1.51, 52003, 1558
266, 0, 40, 47, 22, 4, 2.38%, 0, 2, 3, 358.06, 53074, 1558
271, 0, 29, 47, 20, 2, 2.38%, 0, 2, 3, 328.57, 54676, 1558
280, 0, 43, 47, 19, 1, 2.38%, 0, 2, 3, 13.91, 55797, 1558
285, 0, 43, 47, 19, 1, 2.38%, 0, 3, 3, 1.37, 55809, 1558
290, 0, 35, 49, 20, 0, 2.38%, 0, 3, 3, 400.48, 56183, 1560
295, 0, 35, 49, 20, 0, 2.38%, 0, 3, 3, 326.62, 57715, 1560
300, 0, 35, 51, 22, 0, 2.38%, 0, 3, 3, 308.66, 59249, 1562
305, 0, 35, 51, 22, 0, 2.38%, 0, 3, 3, 306.70, 60785, 1562
310, 0, 35, 51, 22, 0, 2.38%, 0, 3, 3, 313.60, 62375, 1562
315, 0, 35, 51, 22, 0, 2.38%, 0, 3, 3, 304.33, 63917, 1562
320, 0, 35, 51, 22, 0, 2.38%, 0, 3, 3, 303.63, 65435, 1562
325, 0, 35, 52, 23, 0, 2.39%, 0, 3, 3, 319.33, 67033, 1567
330, 0, 35, 52, 23, 0, 2.39%, 0, 3, 3, 311.49, 68647, 1567
335, 0, 35, 53, 24, 0, 2.40%, 0, 3, 3, 305.66, 70227, 1570
341, 0, 35, 53, 24, 0, 2.40%, 0, 3, 3, 309.13, 71841, 1570
346, 0, 35, 53, 24, 0, 2.40%, 0, 3, 3, 310.38, 73407, 1570
351, 0, 35, 53, 24, 0, 2.40%, 0, 3, 3, 310.26, 74997, 1570
356, 0, 35, 53, 24, 0, 2.40%, 0, 3, 3, 308.19, 76563, 1570
361, 0, 35, 53, 24, 0, 2.40%, 0, 3, 3, 306.30, 78147, 1570
366, 0, 35, 53, 24, 0, 2.40%, 0, 3, 3, 313.85, 79797, 1570
371, 0, 35, 53, 24, 0, 2.40%, 0, 3, 3, 309.89, 81357, 1570
376, 0, 35, 54, 25, 0, 2.40%, 0, 3, 3, 311.60, 82955, 1571
381, 0, 35, 54, 25, 0, 2.40%, 0, 3, 3, 323.43, 84579, 1571
386, 0, 48, 54, 25, 6, 2.40%, 0, 3, 3, 357.75, 86453, 1571
392, 0, 53, 54, 22, 3, 2.40%, 0, 3, 3, 346.79, 88210, 1571
397, 0, 51, 54, 20, 1, 2.40%, 0, 3, 3, 357.39, 90033, 1571
402, 0, 49, 54, 19, 0, 2.40%, 0, 3, 3, 346.31, 91736, 1571
407, 0, 5, 54, 19, 0, 2.40%, 0, 3, 3, 368.65, 93648, 1571
412, 0, 51, 54, 19, 0, 2.40%, 0, 3, 3, 364.55, 95475, 1571
417, 0, 8, 54, 19, 0, 2.40%, 0, 3, 3, 374.70, 97381, 1571
422, 0, 8, 54, 19, 0, 2.40%, 0, 3, 3, 363.52, 99188, 1571
427, 0, 51, 54, 19, 0, 2.40%, 0, 3, 3, 355.69, 100977, 1571
432, 0, 51, 54, 19, 0, 2.40%, 0, 3, 3, 378.28, 102914, 1571
437, 0, 40, 54, 19, 0, 2.40%, 0, 3, 3, 351.50, 104685, 1571
442, 0, 40, 54, 19, 0, 2.40%, 0, 3, 3, 337.90, 106417, 1571
447, 0, 49, 54, 19, 0, 2.40%, 0, 3, 3, 301.92, 107923, 1571
452, 0, 49, 54, 19, 0, 2.40%, 0, 3, 3, 352.11, 109776, 1571
458, 0, 24, 54, 19, 0, 2.40%, 0, 3, 3, 356.61, 111572, 1571
463, 0, 16, 54, 19, 0, 2.40%, 0, 3, 3, 374.15, 113507, 1571
468, 0, 9, 54, 19, 0, 2.40%, 0, 3, 3, 336.94, 115214, 1571
473, 0, 9, 55, 20, 0, 2.40%, 0, 3, 3, 333.72, 116890, 1572
478, 0, 9, 55, 20, 0, 2.40%, 0, 3, 3, 365.03, 118733, 1572
483, 0, 48, 55, 19, 0, 2.40%, 0, 3, 3, 353.27, 120528, 1572
488, 0, 48, 55, 19, 0, 2.40%, 0, 3, 3, 357.00, 122257, 1572
493, 0, 52, 55, 19, 0, 2.40%, 0, 3, 3, 335.94, 124002, 1572
498, 0, 52, 55, 19, 0, 2.40%, 0, 3, 3, 361.21, 125796, 1572
503, 0, 49, 55, 19, 0, 2.40%, 0, 3, 3, 338.42, 127577, 1572
509, 0, 49, 55, 19, 0, 2.40%, 0, 3, 3, 369.75, 129437, 1572
514, 0, 15, 55, 19, 0, 2.40%, 0, 3, 3, 347.24, 131133, 1572
519, 0, 54, 56, 20, 0, 2.40%, 0, 3, 4, 373.68, 133128, 1572
524, 0, 54, 56, 20, 0, 2.40%, 0, 3, 4, 352.54, 134845, 1572
529, 0, 33, 56, 20, 0, 2.40%, 0, 3, 4, 331.83, 136523, 1572
534, 0, 33, 56, 20, 0, 2.40%, 0, 3, 4, 394.86, 138544, 1572
539, 0, 53, 56, 20, 0, 2.40%, 0, 3, 4, 380.06, 140392, 1572
544, 0, 14, 56, 20, 0, 2.40%, 0, 3, 4, 376.97, 142305, 1572
549, 0, 27, 56, 20, 0, 2.40%, 0, 3, 4, 334.60, 143948, 1572
554, 0, 27, 56, 20, 0, 2.40%, 0, 3, 4, 388.38, 146000, 1572
559, 1, 39, 56, 19, 0, 2.40%, 0, 3, 4, 356.61, 147792, 1572
564, 1, 39, 56, 19, 0, 2.40%, 0, 3, 4, 369.25, 149603, 1572
569, 1, 16, 56, 19, 0, 2.40%, 0, 3, 4, 349.73, 151385, 1572
575, 1, 43, 56, 19, 0, 2.40%, 0, 3, 4, 356.20, 153187, 1572
580, 1, 39, 56, 19, 0, 2.40%, 0, 3, 4, 357.23, 155038, 1572
585, 1, 39, 56, 19, 0, 2.40%, 0, 3, 4, 377.90, 156942, 1572
590, 1, 33, 56, 19, 0, 2.40%, 0, 3, 4, 358.10, 158760, 1572
595, 1, 33, 56, 19, 0, 2.40%, 0, 3, 4, 366.89, 160668, 1572
600, 1, 44, 56, 19, 0, 2.40%, 0, 3, 4, 356.60, 162449, 1572
605, 1, 44, 56, 19, 0, 2.40%, 0, 3, 4, 327.58, 164129, 1572
610, 1, 27, 56, 19, 0, 2.40%, 0, 3, 4, 347.12, 165973, 1572
616, 1, 27, 56, 19, 0, 2.40%, 0, 3, 4, 370.86, 167878, 1572
621, 1, 8, 57, 20, 0, 2.40%, 0, 3, 4, 371.68, 169757, 1572
626, 1, 8, 57, 20, 0, 2.40%, 0, 3, 4, 360.79, 171556, 1572
631, 1, 52, 57, 20, 0, 2.40%, 0, 3, 4, 359.33, 173387, 1572
636, 1, 52, 57, 20, 0, 2.40%, 0, 3, 4, 377.19, 175249, 1572
641, 1, 17, 57, 20, 0, 2.40%, 0, 3, 4, 356.14, 177114, 1572
646, 1, 46, 57, 19, 0, 2.40%, 0, 3, 4, 344.09, 178846, 1572
651, 1, 30, 57, 19, 0, 2.40%, 0, 3, 4, 360.96, 180726, 1572
656, 1, 30, 57, 19, 0, 2.40%, 0, 3, 4, 385.53, 182714, 1572
661, 1, 16, 57, 19, 0, 2.40%, 0, 3, 4, 361.34, 184588, 1572
666, 1, 46, 57, 19, 0, 2.40%, 0, 3, 4, 376.58, 186493, 1572
671, 1, 51, 57, 19, 0, 2.40%, 0, 3, 4, 377.29, 188399, 1572
676, 1, 51, 57, 19, 0, 2.40%, 0, 3, 4, 385.74, 190323, 1572
682, 1, 52, 58, 20, 0, 2.40%, 0, 3, 4, 364.66, 192219, 1572
687, 1, 52, 58, 20, 0, 2.40%, 0, 3, 4, 358.72, 193967, 1572
692, 1, 51, 58, 20, 0, 2.40%, 0, 3, 4, 366.28, 195836, 1572
697, 1, 51, 58, 20, 0, 2.40%, 0, 3, 4, 371.93, 197736, 1572
702, 1, 53, 58, 19, 0, 2.40%, 0, 3, 4, 372.68, 199661, 1572
707, 1, 24, 58, 19, 0, 2.40%, 0, 3, 4, 371.91, 201636, 1572
712, 1, 24, 58, 19, 0, 2.40%, 0, 3, 4, 380.84, 203522, 1572
717, 1, 43, 58, 19, 0, 2.40%, 0, 3, 4, 370.47, 205406, 1572
722, 1, 43, 58, 19, 0, 2.40%, 0, 3, 4, 377.82, 207290, 1572
727, 1, 52, 58, 19, 0, 2.40%, 0, 3, 4, 349.44, 209036, 1572
732, 1, 52, 58, 19, 0, 2.40%, 0, 3, 4, 379.61, 210944, 1572
737, 1, 34, 59, 20, 0, 2.40%, 0, 3, 4, 345.64, 212755, 1574
742, 1, 34, 59, 20, 0, 2.40%, 0, 3, 4, 358.80, 214624, 1574
748, 1, 49, 59, 20, 1, 2.40%, 0, 3, 4, 351.02, 216388, 1574
753, 1, 14, 59, 20, 1, 2.40%, 0, 3, 4, 373.99, 218315, 1574
758, 1, 17, 59, 20, 1, 2.40%, 0, 3, 4, 340.05, 220019, 1574
763, 1, 58, 59, 20, 1, 2.40%, 0, 3, 4, 323.25, 221624, 1574
768, 1, 5, 59, 19, 0, 2.40%, 0, 3, 4, 370.60, 223519, 1574
773, 1, 46, 59, 18, 0, 2.40%, 0, 3, 4, 358.85, 225402, 1574
778, 1, 46, 59, 18, 0, 2.40%, 0, 3, 4, 386.15, 227329, 1574
783, 1, 33, 59, 18, 0, 2.40%, 0, 3, 4, 353.47, 229061, 1574
788, 1, 33, 59, 18, 0, 2.40%, 0, 3, 4, 374.93, 231000, 1574
793, 1, 51, 59, 18, 0, 2.40%, 0, 3, 4, 372.25, 232918, 1574
798, 1, 51, 59, 18, 0, 2.40%, 0, 3, 4, 394.52, 234954, 1574
803, 1, 39, 59, 18, 0, 2.40%, 0, 3, 4, 342.51, 236634, 1574
808, 1, 11, 59, 18, 0, 2.40%, 0, 3, 4, 379.58, 238639, 1574
813, 1, 9, 59, 17, 0, 2.40%, 0, 3, 4, 354.03, 240362, 1574
818, 1, 9, 59, 17, 0, 2.40%, 0, 3, 4, 374.57, 242268, 1574
823, 1, 39, 59, 17, 0, 2.40%, 0, 3, 4, 347.32, 244016, 1574
828, 1, 39, 59, 17, 0, 2.40%, 0, 3, 4, 395.41, 246013, 1574
833, 1, 52, 59, 17, 0, 2.40%, 0, 3, 4, 356.23, 247779, 1574
839, 1, 52, 59, 17, 0, 2.40%, 0, 3, 4, 380.59, 249809, 1574
844, 1, 39, 59, 17, 0, 2.40%, 0, 3, 4, 365.86, 251575, 1574
849, 1, 38, 59, 17, 0, 2.40%, 0, 3, 4, 370.70, 253411, 1574
854, 1, 38, 59, 17, 0, 2.40%, 0, 3, 4, 368.90, 255261, 1574
859, 1, 39, 59, 17, 0, 2.40%, 0, 3, 4, 344.69, 256982, 1574
864, 1, 39, 59, 17, 0, 2.40%, 0, 3, 4, 376.40, 259001, 1574
869, 1, 9, 59, 17, 0, 2.40%, 0, 3, 4, 380.76, 260887, 1574
874, 1, 43, 59, 17, 0, 2.40%, 0, 3, 4, 386.14, 262863, 1574
879, 1, 43, 59, 17, 0, 2.40%, 0, 3, 4, 386.71, 264829, 1574
884, 1, 46, 59, 17, 0, 2.40%, 0, 3, 4, 378.71, 266716, 1574
889, 1, 46, 59, 17, 0, 2.40%, 0, 3, 4, 358.08, 268489, 1574
894, 1, 27, 59, 17, 0, 2.40%, 0, 3, 4, 361.32, 270417, 1574
899, 1, 27, 59, 17, 0, 2.40%, 0, 3, 4, 382.78, 272296, 1574
904, 1, 31, 59, 17, 0, 2.40%, 0, 3, 4, 359.24, 274111, 1574
909, 1, 31, 59, 17, 0, 2.40%, 0, 3, 4, 392.94, 276076, 1574
915, 1, 43, 59, 17, 0, 2.40%, 0, 3, 4, 364.12, 277950, 1574
920, 1, 24, 59, 17, 0, 2.40%, 0, 3, 4, 377.55, 279932, 1574
925, 1, 24, 59, 17, 0, 2.40%, 0, 3, 4, 363.17, 281725, 1574
930, 1, 41, 59, 17, 0, 2.40%, 0, 3, 4, 369.53, 283626, 1574
935, 1, 41, 59, 17, 0, 2.40%, 0, 3, 4, 371.09, 285512, 1574
940, 1, 39, 59, 17, 0, 2.40%, 0, 3, 4, 356.76, 287312, 1574
945, 1, 39, 59, 17, 0, 2.40%, 0, 3, 4, 377.14, 289163, 1574
950, 1, 28, 59, 17, 0, 2.40%, 0, 3, 4, 361.95, 291082, 1574
955, 1, 28, 59, 17, 0, 2.40%, 0, 3, 4, 393.54, 293140, 1574
960, 1, 15, 59, 17, 0, 2.40%, 0, 3, 4, 354.21, 294894, 1574
965, 1, 15, 59, 17, 0, 2.40%, 0, 3, 4, 399.11, 296926, 1574
971, 1, 52, 59, 17, 0, 2.40%, 0, 3, 4, 349.79, 298658, 1574
976, 1, 52, 59, 17, 0, 2.40%, 0, 3, 4, 382.01, 300652, 1574
981, 1, 44, 59, 17, 0, 2.40%, 0, 3, 4, 339.32, 302327, 1574
988, 2, 16, 60, 18, 0, 2.40%, 0, 3, 4, 38.13, 304163, 1574
993, 2, 16, 63, 21, 0, 2.40%, 0, 3, 4, 203.22, 305769, 1574
998, 2, 16, 65, 23, 0, 2.40%, 0, 3, 4, 28.79, 307100, 1574
1005, 2, 16, 68, 26, 0, 2.40%, 0, 3, 4, 18.91, 308350, 1574
1010, 2, 16, 68, 26, 0, 2.40%, 0, 3, 4, 346.72, 310057, 1574
1015, 2, 16, 68, 26, 0, 2.40%, 0, 3, 4, 326.56, 311689, 1574
1020, 2, 16, 68, 26, 0, 2.40%, 0, 3, 4, 336.18, 313363, 1574
1025, 2, 16, 68, 26, 0, 2.40%, 0, 3, 4, 354.69, 315169, 1574
1030, 2, 16, 68, 26, 0, 2.40%, 0, 3, 4, 336.60, 316909, 1574
1035, 2, 16, 68, 26, 0, 2.40%, 0, 3, 4, 350.27, 318620, 1574
1040, 2, 16, 69, 27, 0, 2.40%, 0, 3, 4, 340.11, 320252, 1574
1046, 2, 16, 69, 27, 0, 2.40%, 0, 3, 4, 352.28, 322047, 1574
1051, 2, 9, 69, 27, 0, 2.40%, 0, 3, 4, 313.93, 323661, 1574
1056, 2, 9, 69, 27, 0, 2.40%, 0, 3, 4, 324.23, 325311, 1574
1061, 2, 9, 69, 27, 0, 2.40%, 0, 3, 4, 320.76, 326977, 1574
1066, 2, 9, 70, 28, 0, 2.40%, 0, 3, 4, 24.47, 327875, 1574
1072, 2, 9, 71, 29, 0, 2.40%, 0, 3, 4, 24.42, 327995, 1574
1077, 2, 9, 71, 29, 0, 2.40%, 0, 3, 4, 26.56, 328134, 1574
1082, 2, 9, 71, 29, 0, 2.40%, 0, 3, 4, 25.76, 328265, 1574
1087, 2, 9, 71, 29, 0, 2.40%, 0, 3, 4, 25.58, 328393, 1574
1092, 2, 9, 71, 29, 0, 2.40%, 0, 3, 4, 25.35, 328526, 1574
1097, 2, 9, 71, 29, 0, 2.40%, 0, 3, 4, 25.60, 328656, 1574
1103, 2, 9, 71, 29, 0, 2.40%, 0, 3, 4, 24.63, 328782, 1574
1108, 2, 9, 71, 29, 0, 2.40%, 0, 3, 4, 26.50, 328899, 1574
1113, 2, 9, 72, 30, 0, 2.40%, 0, 3, 4, 25.82, 329028, 1574
1118, 2, 9, 72, 30, 0, 2.40%, 0, 3, 4, 26.69, 329166, 1574
1123, 2, 9, 72, 30, 0, 2.40%, 0, 3, 4, 25.85, 329296, 1574
1128, 2, 9, 72, 30, 0, 2.40%, 0, 3, 4, 25.71, 329424, 1574
1133, 2, 9, 72, 30, 0, 2.40%, 0, 3, 4, 26.03, 329558, 1574
1138, 2, 9, 72, 30, 0, 2.40%, 0, 3, 4, 26.32, 329691, 1574
1143, 2, 9, 72, 30, 0, 2.40%, 0, 3, 4, 25.06, 329813, 1574
1148, 2, 9, 72, 30, 0, 2.40%, 0, 3, 4, 25.49, 329943, 1574
1154, 2, 9, 72, 30, 0, 2.40%, 0, 3, 4, 25.25, 330074, 1574
1159, 2, 9, 72, 30, 0, 2.40%, 0, 3, 4, 24.82, 330201, 1574
1164, 2, 9, 72, 30, 0, 2.40%, 0, 3, 4, 26.22, 330333, 1574
1169, 2, 9, 73, 31, 0, 2.40%, 0, 3, 4, 25.90, 330457, 1574
1174, 2, 9, 73, 31, 0, 2.40%, 0, 3, 4, 25.78, 330588, 1574
1179, 2, 9, 73, 31, 0, 2.40%, 0, 3, 4, 25.53, 330708, 1574
1184, 2, 9, 73, 31, 0, 2.40%, 0, 3, 4, 24.90, 330830, 1574
1189, 2, 9, 73, 31, 0, 2.40%, 0, 3, 4, 24.49, 330954, 1574
1194, 2, 9, 73, 31, 0, 2.40%, 0, 3, 4, 24.99, 331084, 1574
1200, 2, 9, 73, 31, 0, 2.40%, 0, 3, 4, 24.12, 331206, 1574
1205, 2, 9, 73, 31, 0, 2.40%, 0, 3, 4, 25.21, 331335, 1574
1210, 2, 9, 73, 31, 0, 2.40%, 0, 3, 4, 337.28, 332730, 1574
1215, 2, 9, 73, 31, 0, 2.40%, 0, 3, 4, 54.85, 334031, 1574
1220, 2, 9, 73, 31, 0, 2.40%, 0, 3, 4, 33.47, 334169, 1574
1225, 2, 9, 73, 31, 0, 2.40%, 0, 3, 4, 27.21, 334291, 1574
1230, 2, 9, 73, 31, 0, 2.40%, 0, 3, 4, 25.37, 334422, 1574
1235, 2, 9, 73, 31, 0, 2.40%, 0, 3, 4, 4.18, 334895, 1574
1240, 2, 9, 73, 31, 0, 2.40%, 0, 3, 4, 3.83, 334914, 1574
1246, 2, 9, 73, 31, 0, 2.40%, 0, 3, 4, 3.87, 334933, 1574
1251, 2, 9, 73, 31, 0, 2.40%, 0, 3, 4, 4.01, 334954, 1574
1256, 2, 9, 73, 31, 0, 2.40%, 0, 3, 4, 3.89, 334974, 1574
1265, 2, 9, 74, 32, 0, 2.40%, 0, 3, 4, 3.67, 334984, 1574
1270, 2, 9, 74, 32, 0, 2.40%, 0, 3, 4, 3.78, 335001, 1574
1275, 2, 9, 74, 32, 0, 2.40%, 0, 3, 4, 4.05, 335023, 1574
1280, 2, 9, 74, 32, 0, 2.40%, 0, 3, 4, 4.25, 335046, 1574
1285, 2, 9, 74, 32, 0, 2.40%, 0, 3, 4, 4.37, 335067, 1574
1290, 2, 9, 74, 32, 0, 2.40%, 0, 3, 4, 3.74, 335083, 1574
1296, 2, 9, 74, 32, 0, 2.40%, 0, 3, 4, 3.96, 335104, 1574
1301, 2, 9, 74, 32, 0, 2.40%, 0, 3, 4, 4.14, 335127, 1574
1306, 2, 9, 74, 32, 0, 2.40%, 0, 3, 4, 3.92, 335147, 1574
1311, 2, 9, 74, 32, 0, 2.40%, 0, 3, 4, 4.16, 335169, 1574
1316, 2, 9, 74, 32, 0, 2.40%, 0, 3, 4, 4.12, 335191, 1574
1321, 2, 9, 74, 32, 0, 2.40%, 0, 3, 4, 4.12, 335211, 1574
1327, 2, 9, 74, 32, 0, 2.40%, 0, 3, 4, 3.93, 335232, 1574
1332, 2, 9, 74, 32, 0, 2.40%, 0, 3, 4, 3.75, 335251, 1574
1337, 2, 9, 74, 32, 0, 2.40%, 0, 3, 4, 3.77, 335272, 1574
1342, 2, 9, 74, 32, 0, 2.40%, 0, 3, 4, 4.08, 335293, 1574
1347, 2, 9, 74, 32, 0, 2.40%, 0, 3, 4, 4.03, 335314, 1574
1352, 2, 9, 74, 32, 0, 2.40%, 0, 3, 4, 3.96, 335335, 1574
1358, 2, 9, 74, 32, 0, 2.40%, 0, 3, 4, 4.09, 335355, 1574
1363, 2, 9, 74, 32, 0, 2.40%, 0, 3, 4, 4.35, 335378, 1574
1368, 2, 9, 74, 32, 0, 2.40%, 0, 3, 4, 4.07, 335398, 1574
1373, 2, 9, 74, 32, 0, 2.40%, 0, 3, 4, 4.22, 335421, 1574
1378, 2, 9, 74, 32, 0, 2.40%, 0, 3, 4, 4.19, 335443, 1574
1384, 2, 9, 74, 32, 0, 2.40%, 0, 3, 4, 4.31, 335465, 1574
1389, 2, 9, 74, 32, 0, 2.40%, 0, 3, 4, 3.99, 335484, 1574
1397, 2, 9, 75, 33, 0, 2.40%, 0, 3, 4, 4.40, 335517, 1574
1402, 2, 9, 75, 33, 0, 2.40%, 0, 3, 4, 4.08, 335537, 1574
1407, 2, 9, 75, 33, 0, 2.40%, 0, 3, 4, 4.27, 335558, 1574
1412, 2, 9, 75, 33, 0, 2.40%, 0, 3, 4, 3.80, 335577, 1574
1417, 2, 9, 75, 33, 0, 2.40%, 0, 3, 4, 3.62, 335595, 1574
1422, 2, 9, 75, 33, 0, 2.40%, 0, 3, 4, 3.98, 335616, 1574
1428, 2, 9, 75, 33, 0, 2.40%, 0, 3, 4, 4.01, 335637, 1574
1433, 2, 9, 75, 33, 0, 2.40%, 0, 3, 4, 3.73, 335655, 1574
1438, 2, 9, 75, 33, 0, 2.40%, 0, 3, 4, 4.07, 335675, 1574
1443, 2, 9, 75, 33, 0, 2.40%, 0, 3, 4, 3.98, 335696, 1574
1448, 2, 9, 75, 33, 0, 2.40%, 0, 3, 4, 3.83, 335716, 1574
1453, 2, 9, 75, 33, 0, 2.40%, 0, 3, 4, 4.09, 335738, 1574
1458, 2, 9, 75, 33, 0, 2.40%, 0, 3, 4, 4.09, 335759, 1574
1463, 2, 9, 75, 33, 0, 2.40%, 0, 3, 4, 3.61, 335776, 1574
1469, 2, 9, 75, 33, 0, 2.40%, 0, 3, 4, 4.22, 335800, 1574
1474, 2, 9, 75, 33, 0, 2.40%, 0, 3, 4, 4.37, 335823, 1574
1479, 2, 9, 75, 33, 0, 2.40%, 0, 3, 4, 3.95, 335844, 1574
1485, 2, 9, 75, 33, 0, 2.40%, 0, 3, 4, 3.95, 335865, 1574
1490, 2, 9, 75, 33, 0, 2.40%, 0, 3, 4, 3.91, 335886, 1574
1495, 2, 9, 75, 33, 0, 2.40%, 0, 3, 4, 4.54, 335912, 1574
1501, 2, 9, 75, 33, 0, 2.40%, 0, 3, 4, 4.38, 335933, 1574
1506, 2, 9, 75, 33, 0, 2.40%, 0, 3, 4, 3.98, 335953, 1574
1511, 2, 9, 75, 33, 0, 2.40%, 0, 3, 4, 3.89, 335972, 1574
1516, 2, 9, 75, 33, 0, 2.40%, 0, 3, 4, 4.30, 335996, 1574
1521, 2, 9, 75, 33, 0, 2.40%, 0, 3, 4, 4.98, 336021, 1574
1527, 2, 9, 75, 33, 0, 2.40%, 0, 3, 4, 4.90, 336044, 1574
1532, 2, 9, 75, 33, 0, 2.40%, 0, 3, 4, 4.51, 336063, 1574
1537, 2, 9, 75, 33, 0, 2.40%, 0, 3, 4, 4.26, 336085, 1574
1542, 2, 9, 75, 33, 0, 2.40%, 0, 3, 4, 3.95, 336104, 1574
1547, 2, 9, 75, 33, 0, 2.40%, 0, 3, 4, 4.14, 336125, 1574
1552, 2, 9, 75, 33, 0, 2.40%, 0, 3, 4, 4.87, 336148, 1574
1557, 2, 9, 75, 33, 0, 2.40%, 0, 3, 4, 4.53, 336170, 1574
1563, 2, 9, 75, 33, 0, 2.40%, 0, 3, 4, 4.20, 336192, 1574
1568, 2, 9, 75, 33, 0, 2.40%, 0, 3, 4, 4.52, 336217, 1574
1573, 2, 9, 75, 33, 0, 2.40%, 0, 3, 4, 4.63, 336240, 1574
1578, 2, 9, 75, 33, 0, 2.40%, 0, 3, 4, 4.04, 336259, 1574
1583, 2, 9, 75, 33, 0, 2.40%, 0, 3, 4, 4.18, 336278, 1574
1588, 2, 9, 75, 33, 0, 2.40%, 0, 3, 4, 4.27, 336300, 1574
1593, 2, 9, 75, 33, 0, 2.40%, 0, 3, 4, 4.19, 336321, 1574
1598, 2, 9, 75, 33, 0, 2.40%, 0, 3, 4, 4.17, 336343, 1574
1603, 2, 9, 75, 33, 0, 2.40%, 0, 3, 4, 3.93, 336364, 1574
1609, 2, 9, 75, 33, 0, 2.40%, 0, 3, 4, 4.10, 336385, 1574
1615, 2, 9, 76, 34, 0, 2.40%, 0, 3, 4, 3.85, 336399, 1574
1621, 2, 9, 76, 34, 0, 2.40%, 0, 3, 4, 3.49, 336416, 1574
1626, 2, 9, 76, 34, 0, 2.40%, 0, 3, 4, 3.66, 336436, 1574
1631, 2, 9, 76, 34, 0, 2.40%, 0, 3, 4, 4.09, 336459, 1574
1637, 2, 9, 76, 34, 0, 2.40%, 0, 3, 4, 3.70, 336476, 1574
1642, 2, 9, 76, 34, 0, 2.40%, 0, 3, 4, 3.52, 336493, 1574
1647, 2, 9, 76, 34, 0, 2.40%, 0, 3, 4, 3.59, 336511, 1574
1652, 2, 9, 76, 34, 0, 2.40%, 0, 3, 4, 3.98, 336533, 1574
1657, 2, 9, 76, 34, 0, 2.40%, 0, 3, 4, 4.61, 336558, 1574
1662, 2, 9, 76, 34, 0, 2.40%, 0, 3, 4, 3.97, 336576, 1574
1668, 2, 9, 76, 34, 0, 2.40%, 0, 3, 4, 3.93, 336597, 1574
1673, 2, 9, 76, 34, 0, 2.40%, 0, 3, 4, 3.80, 336617, 1574
1678, 2, 9, 76, 34, 0, 2.40%, 0, 3, 4, 3.94, 336638, 1574
1683, 2, 9, 76, 34, 0, 2.40%, 0, 3, 4, 3.81, 336658, 1574
1688, 2, 9, 76, 34, 0, 2.40%, 0, 3, 4, 3.89, 336678, 1574
1694, 2, 9, 76, 34, 0, 2.40%, 0, 3, 4, 3.89, 336698, 1574
1699, 2, 9, 76, 34, 0, 2.40%, 0, 3, 4, 4.03, 336719, 1574
1704, 2, 9, 76, 34, 0, 2.40%, 0, 3, 4, 3.99, 336740, 1574
1709, 2, 9, 76, 34, 0, 2.40%, 0, 3, 4, 3.90, 336760, 1574
1714, 2, 9, 76, 34, 0, 2.40%, 0, 3, 4, 4.08, 336783, 1574
1719, 2, 9, 76, 34, 0, 2.40%, 0, 3, 4, 4.05, 336804, 1574
1724, 2, 9, 76, 34, 0, 2.40%, 0, 3, 4, 4.03, 336826, 1574
1729, 2, 9, 76, 34, 0, 2.40%, 0, 3, 4, 4.14, 336847, 1574
1735, 2, 9, 76, 34, 0, 2.40%, 0, 3, 4, 3.93, 336866, 1574
1740, 2, 9, 76, 34, 0, 2.40%, 0, 3, 4, 3.75, 336885, 1574
1745, 2, 9, 76, 34, 0, 2.40%, 0, 3, 4, 4.25, 336910, 1574
1750, 2, 9, 76, 34, 0, 2.40%, 0, 3, 4, 4.31, 336933, 1574
1755, 2, 9, 76, 34, 0, 2.40%, 0, 3, 4, 4.16, 336954, 1574
1760, 2, 9, 76, 34, 0, 2.40%, 0, 3, 4, 4.13, 336974, 1574
1766, 2, 9, 76, 34, 0, 2.40%, 0, 3, 4, 4.25, 336997, 1574
1771, 2, 9, 76, 34, 0, 2.40%, 0, 3, 4, 4.02, 337017, 1574
1777, 2, 9, 76, 34, 0, 2.40%, 0, 3, 4, 3.57, 337035, 1574
1782, 2, 9, 76, 34, 0, 2.40%, 0, 3, 4, 4.00, 337058, 1574
1787, 2, 9, 76, 34, 0, 2.40%, 0, 3, 4, 3.84, 337077, 1574
1792, 2, 9, 76, 34, 0, 2.40%, 0, 3, 4, 4.00, 337098, 1574
1798, 2, 9, 76, 34, 0, 2.40%, 0, 3, 4, 4.06, 337119, 1574
1803, 2, 9, 76, 34, 0, 2.40%, 0, 3, 4, 4.08, 337140, 1574
1808, 2, 9, 76, 34, 0, 2.40%, 0, 3, 4, 4.94, 337167, 1574
1813, 2, 9, 76, 34, 0, 2.40%, 0, 3, 4, 4.24, 337187, 1574
1818, 2, 9, 76, 34, 0, 2.40%, 0, 3, 4, 3.97, 337205, 1574
1823, 2, 9, 76, 34, 0, 2.40%, 0, 3, 4, 4.69, 337231, 1574
1829, 2, 9, 76, 34, 0, 2.40%, 0, 3, 4, 4.34, 337253, 1574
1834, 2, 9, 76, 34, 0, 2.40%, 0, 3, 4, 3.83, 337271, 1574
1839, 2, 9, 76, 34, 0, 2.40%, 0, 3, 4, 4.22, 337294, 1574
1844, 2, 9, 76, 34, 0, 2.40%, 0, 3, 4, 4.21, 337316, 1574
1849, 2, 9, 76, 34, 0, 2.40%, 0, 3, 4, 4.70, 337341, 1574
1854, 2, 9, 76, 34, 0, 2.40%, 0, 3, 4, 4.17, 337361, 1574
1859, 2, 9, 76, 34, 0, 2.40%, 0, 3, 4, 4.49, 337383, 1574
1864, 2, 9, 76, 34, 0, 2.40%, 0, 4, 4, 3.80, 337399, 1574
1870, 2, 9, 76, 34, 0, 2.40%, 0, 4, 4, 4.09, 337421, 1574
1875, 2, 9, 76, 34, 0, 2.40%, 0, 4, 4, 4.07, 337441, 1574
1880, 2, 9, 76, 34, 0, 2.40%, 0, 4, 4, 3.76, 337460, 1574
1885, 2, 9, 76, 34, 0, 2.40%, 0, 4, 4, 4.41, 337484, 1574
1890, 2, 9, 76, 34, 0, 2.40%, 0, 4, 4, 4.45, 337507, 1574
1895, 2, 9, 76, 34, 0, 2.40%, 0, 4, 4, 4.08, 337527, 1574
1901, 2, 9, 76, 34, 0, 2.40%, 0, 4, 4, 3.90, 337547, 1574
1906, 2, 9, 76, 34, 0, 2.40%, 0, 4, 4, 3.98, 337567, 1574
1911, 2, 9, 76, 34, 0, 2.40%, 0, 4, 4, 3.89, 337588, 1574
1916, 2, 9, 76, 34, 0, 2.40%, 0, 4, 4, 4.56, 337613, 1574
1921, 2, 9, 76, 34, 0, 2.40%, 0, 4, 4, 4.11, 337634, 1574
1926, 2, 9, 76, 34, 0, 2.40%, 0, 4, 4, 4.08, 337655, 1574
1932, 2, 9, 76, 34, 0, 2.40%, 0, 4, 4, 4.27, 337679, 1574
1937, 2, 9, 76, 34, 0, 2.40%, 0, 4, 4, 4.45, 337701, 1574
1942, 2, 9, 76, 34, 0, 2.40%, 0, 4, 4, 4.34, 337723, 1574
1947, 2, 9, 76, 34, 0, 2.40%, 0, 4, 4, 4.25, 337743, 1574
1952, 2, 9, 76, 34, 0, 2.40%, 0, 4, 4, 3.90, 337762, 1574
1957, 2, 9, 76, 34, 0, 2.40%, 0, 4, 4, 3.93, 337783, 1574
1962, 2, 9, 76, 34, 0, 2.40%, 0, 4, 4, 3.78, 337802, 1574
1968, 2, 9, 76, 34, 0, 2.40%, 0, 4, 4, 3.92, 337823, 1574
1973, 2, 9, 76, 34, 0, 2.40%, 0, 4, 4, 4.16, 337845, 1574
1978, 2, 9, 76, 34, 0, 2.40%, 0, 4, 4, 3.82, 337863, 1574
1983, 2, 9, 76, 34, 0, 2.40%, 0, 4, 4, 4.46, 337886, 1574
1988, 2, 9, 76, 34, 0, 2.40%, 0, 4, 4, 3.94, 337905, 1574
1993, 2, 9, 76, 34, 0, 2.40%, 0, 4, 4, 3.79, 337925, 1574
1998, 2, 9, 76, 34, 0, 2.40%, 0, 4, 4, 3.86, 337946, 1574
2004, 2, 9, 76, 34, 0, 2.40%, 0, 4, 4, 4.03, 337968, 1574
2009, 2, 9, 76, 34, 0, 2.40%, 0, 4, 4, 3.86, 337987, 1574
2014, 2, 9, 76, 34, 0, 2.40%, 0, 4, 4, 3.75, 338007, 1574
2019, 2, 9, 76, 34, 0, 2.40%, 0, 4, 4, 3.62, 338026, 1574
2025, 2, 9, 76, 34, 0, 2.40%, 0, 4, 4, 3.71, 338046, 1574
2030, 2, 9, 76, 34, 0, 2.40%, 0, 4, 4, 3.98, 338067, 1574
2035, 2, 9, 76, 34, 0, 2.40%, 0, 4, 4, 3.72, 338086, 1574
2040, 2, 9, 76, 34, 0, 2.40%, 0, 4, 4, 3.93, 338107, 1574
2045, 2, 9, 76, 34, 0, 2.40%, 0, 4, 4, 4.04, 338127, 1574
2050, 2, 9, 76, 34, 0, 2.40%, 0, 4, 4, 4.31, 338149, 1574
2055, 2, 9, 76, 34, 0, 2.40%, 0, 4, 4, 4.21, 338172, 1574
2061, 2, 9, 76, 34, 0, 2.40%, 0, 4, 4, 3.99, 338193, 1574
2066, 2, 9, 76, 34, 0, 2.40%, 0, 4, 4, 3.90, 338214, 1574
2071, 2, 9, 76, 34, 0, 2.40%, 0, 4, 4, 4.48, 338238, 1574
2077, 2, 9, 76, 34, 0, 2.40%, 0, 4, 4, 4.42, 338260, 1574
2082, 2, 9, 76, 34, 0, 2.40%, 0, 4, 4, 4.90, 338285, 1574
2087, 2, 9, 76, 34, 0, 2.40%, 0, 4, 4, 3.94, 338302, 1574
2092, 2, 9, 76, 34, 0, 2.40%, 0, 4, 4, 3.75, 338321, 1574
2097, 2, 9, 76, 34, 0, 2.40%, 0, 4, 4, 3.61, 338338, 1574
2102, 2, 9, 76, 34, 0, 2.40%, 0, 4, 4, 3.88, 338359, 1574
2107, 2, 9, 76, 34, 0, 2.40%, 0, 4, 4, 4.19, 338381, 1574
2112, 2, 9, 76, 34, 0, 2.40%, 0, 4, 4, 4.00, 338400, 1574
2117, 2, 9, 76, 34, 0, 2.40%, 0, 4, 4, 4.28, 338423, 1574
2122, 2, 9, 76, 34, 0, 2.40%, 0, 4, 4, 385.60, 339434, 1574
2128, 2, 24, 76, 34, 0, 2.40%, 0, 4, 4, 339.55, 341040, 1574
2133, 2, 24, 76, 34, 0, 2.40%, 0, 4, 4, 335.56, 342744, 1574
2138, 2, 24, 76, 34, 0, 2.40%, 0, 4, 4, 64.13, 344249, 1574
2143, 2, 24, 76, 34, 0, 2.40%, 0, 4, 4, 61.25, 344559, 1574
2148, 2, 24, 76, 34, 0, 2.40%, 0, 4, 4, 196.17, 345312, 1574
2153, 2, 24, 76, 34, 0, 2.40%, 0, 4, 4, 263.18, 346515, 1574
2158, 2, 24, 76, 34, 0, 2.40%, 0, 4, 4, 5.41, 347273, 1574
2163, 2, 24, 76, 34, 0, 2.40%, 0, 4, 4, 5.52, 347302, 1574
2168, 2, 24, 76, 34, 0, 2.40%, 0, 4, 4, 5.45, 347332, 1574
2174, 2, 24, 76, 34, 0, 2.40%, 0, 4, 4, 5.89, 347364, 1574
2179, 2, 24, 76, 34, 0, 2.40%, 0, 4, 4, 6.43, 347397, 1574
2184, 2, 24, 76, 34, 0, 2.40%, 0, 4, 4, 5.39, 347424, 1574
2189, 2, 24, 76, 34, 0, 2.40%, 0, 4, 4, 5.60, 347454, 1574
2194, 2, 24, 76, 34, 0, 2.40%, 0, 4, 4, 6.06, 347485, 1574
2199, 2, 24, 76, 34, 0, 2.40%, 0, 4, 4, 5.74, 347515, 1574
2205, 2, 24, 76, 34, 0, 2.40%, 0, 4, 4, 5.88, 347547, 1574
2210, 2, 24, 76, 34, 0, 2.40%, 0, 4, 4, 5.77, 347578, 1574
2215, 2, 24, 76, 34, 0, 2.40%, 0, 4, 4, 5.41, 347607, 1574
2220, 2, 24, 76, 34, 0, 2.40%, 0, 4, 4, 5.35, 347635, 1574
2225, 2, 24, 76, 34, 0, 2.40%, 0, 4, 4, 5.37, 347664, 1574
2231, 2, 24, 76, 34, 0, 2.40%, 0, 4, 4, 5.67, 347695, 1574
2236, 2, 24, 76, 34, 0, 2.40%, 0, 4, 4, 302.25, 349196, 1574
2241, 2, 33, 76, 34, 0, 2.40%, 0, 4, 4, 357.85, 350855, 1574
2246, 2, 33, 76, 34, 0, 2.40%, 0, 4, 4, 14.46, 352375, 1574
2251, 2, 33, 76, 34, 0, 2.40%, 0, 4, 4, 344.87, 354026, 1574
2256, 2, 33, 76, 34, 0, 2.40%, 0, 4, 4, 358.61, 355794, 1574
2262, 2, 33, 76, 34, 0, 2.40%, 0, 4, 4, 3.37, 356971, 1574
2267, 2, 33, 76, 34, 0, 2.40%, 0, 4, 4, 3.87, 356992, 1574
2272, 2, 33, 76, 34, 0, 2.40%, 0, 4, 4, 3.90, 357013, 1574
2277, 2, 33, 76, 34, 0, 2.40%, 0, 4, 4, 3.83, 357032, 1574
2282, 2, 33, 76, 34, 0, 2.40%, 0, 4, 4, 3.59, 357051, 1574
2287, 2, 33, 76, 34, 0, 2.40%, 0, 4, 4, 3.75, 357072, 1574
2293, 2, 33, 76, 34, 0, 2.40%, 0, 4, 4, 4.31, 357095, 1574
2298, 2, 33, 76, 34, 0, 2.40%, 0, 4, 4, 4.60, 357120, 1574
2303, 2, 33, 76, 34, 0, 2.40%, 0, 4, 4, 4.48, 357141, 1574
2308, 2, 33, 76, 34, 0, 2.40%, 0, 4, 4, 4.43, 357163, 1574
2313, 2, 33, 76, 34, 0, 2.40%, 0, 4, 4, 4.11, 357183, 1574
2318, 2, 33, 76, 34, 0, 2.40%, 0, 4, 4, 4.00, 357204, 1574
2323, 2, 33, 76, 34, 0, 2.40%, 0, 4, 4, 4.46, 357227, 1574
2329, 2, 33, 76, 34, 0, 2.40%, 0, 4, 4, 4.55, 357251, 1574
2334, 2, 33, 76, 34, 0, 2.40%, 0, 4, 4, 4.38, 357273, 1574
2339, 2, 33, 76, 34, 0, 2.40%, 0, 4, 4, 4.41, 357296, 1574
2344, 2, 33, 76, 34, 0, 2.40%, 0, 4, 4, 4.22, 357317, 1574
2349, 2, 33, 76, 34, 0, 2.40%, 0, 4, 4, 4.52, 357340, 1574
2354, 2, 33, 76, 34, 0, 2.40%, 0, 4, 4, 4.18, 357360, 1574
2360, 2, 33, 76, 34, 0, 2.40%, 0, 4, 4, 3.82, 357379, 1574
2365, 2, 33, 76, 34, 0, 2.40%, 0, 4, 4, 3.83, 357399, 1574
2370, 2, 33, 76, 34, 0, 2.40%, 0, 4, 4, 326.12, 358694, 1574
2375, 2, 33, 76, 34, 0, 2.40%, 0, 4, 4, 3.95, 359181, 1574
2380, 2, 33, 76, 34, 0, 2.40%, 0, 4, 4, 4.64, 359205, 1574
2385, 2, 33, 76, 34, 0, 2.40%, 0, 4, 4, 4.57, 359229, 1574
2390, 2, 33, 76, 34, 0, 2.40%, 0, 4, 4, 3.92, 359247, 1574
2395, 2, 33, 76, 34, 0, 2.40%, 0, 4, 4, 3.79, 359264, 1574
2401, 2, 33, 76, 34, 0, 2.40%, 0, 4, 4, 3.70, 359283, 1574
2406, 2, 33, 76, 34, 0, 2.40%, 0, 4, 4, 4.21, 359307, 1574
2411, 2, 33, 76, 34, 0, 2.40%, 0, 4, 4, 4.02, 359327, 1574
2416, 2, 33, 76, 34, 0, 2.40%, 0, 4, 4, 4.49, 359353, 1574
2422, 2, 33, 76, 34, 0, 2.40%, 0, 4, 4, 4.04, 359373, 1574
2427, 2, 33, 76, 34, 0, 2.40%, 0, 4, 4, 3.83, 359393, 1574
2432, 2, 33, 76, 34, 0, 2.40%, 0, 4, 4, 3.86, 359415, 1574
2437, 2, 33, 76, 34, 0, 2.40%, 0, 4, 4, 4.01, 359437, 1574
2442, 2, 33, 76, 34, 0, 2.40%, 0, 4, 4, 4.48, 359461, 1574
2448, 2, 33, 76, 34, 0, 2.40%, 0, 4, 4, 4.47, 359485, 1574
2453, 2, 33, 76, 34, 0, 2.40%, 0, 4, 4, 4.62, 359508, 1574
2459, 2, 33, 76, 34, 0, 2.40%, 0, 4, 4, 4.24, 359530, 1574
2464, 2, 33, 76, 34, 0, 2.40%, 0, 4, 4, 4.38, 359552, 1574
2469, 2, 33, 76, 34, 0, 2.40%, 0, 4, 4, 4.08, 359573, 1574
2474, 2, 33, 76, 34, 0, 2.40%, 0, 4, 4, 4.47, 359598, 1574
2479, 2, 30, 76, 34, 0, 2.40%, 0, 4, 4, 349.13, 360548, 1574
2485, 2, 30, 77, 35, 0, 2.40%, 0, 4, 4, 361.57, 361605, 1574
2490, 2, 30, 77, 35, 0, 2.40%, 0, 4, 4, 341.38, 363316, 1574
2495, 2, 30, 77, 35, 0, 2.40%, 0, 4, 4, 337.61, 365008, 1574
2500, 2, 30, 77, 35, 0, 2.40%, 0, 4, 4, 349.54, 366790, 1574
2505, 2, 30, 77, 35, 0, 2.40%, 0, 4, 4, 206.19, 367815, 1574
2510, 2, 30, 78, 36, 0, 2.40%, 0, 4, 4, 114.93, 368255, 1574
2515, 2, 30, 78, 36, 0, 2.40%, 0, 4, 4, 247.13, 369463, 1574
2521, 2, 30, 78, 36, 0, 2.40%, 0, 4, 4, 10.97, 371105, 1574
2526, 2, 30, 78, 36, 0, 2.40%, 0, 4, 4, 13.30, 371176, 1574
2531, 2, 30, 78, 36, 0, 2.40%, 0, 4, 4, 14.25, 371249, 1574
2536, 2, 30, 78, 36, 0, 2.40%, 0, 4, 4, 14.06, 371319, 1574
2541, 2, 30, 78, 36, 0, 2.40%, 0, 4, 4, 13.54, 371388, 1574
2546, 2, 30, 78, 36, 0, 2.40%, 0, 4, 4, 13.35, 371454, 1574
2552, 2, 30, 78, 36, 0, 2.40%, 0, 4, 4, 12.72, 371519, 1574
2557, 2, 30, 78, 36, 0, 2.40%, 0, 4, 4, 339.91, 372596, 1574
2562, 2, 30, 78, 36, 0, 2.40%, 0, 4, 4, 36.46, 372975, 1574
2567, 2, 30, 78, 36, 0, 2.40%, 0, 4, 4, 28.76, 373111, 1574
2572, 2, 30, 78, 36, 0, 2.40%, 0, 4, 4, 25.27, 373233, 1574
2581, 2, 30, 78, 36, 0, 2.40%, 0, 4, 4, 2.17, 373753, 1574
2586, 2, 30, 78, 36, 0, 2.40%, 0, 4, 4, 2.11, 373761, 1574
2592, 2, 30, 78, 36, 0, 2.40%, 0, 4, 4, 1.80, 373767, 1574
2597, 2, 30, 78, 36, 0, 2.40%, 0, 4, 4, 1.88, 373776, 1574
2603, 2, 30, 78, 36, 0, 2.40%, 0, 4, 4, 1.91, 373783, 1574
2608, 2, 30, 78, 36, 0, 2.40%, 0, 4, 4, 1.65, 373789, 1574
2614, 2, 30, 78, 36, 0, 2.40%, 0, 4, 4, 1.75, 373799, 1574
2619, 2, 30, 78, 36, 0, 2.40%, 0, 4, 4, 1.66, 373807, 1574
2625, 2, 30, 78, 36, 0, 2.40%, 0, 4, 4, 1.60, 373814, 1574
2630, 2, 30, 78, 36, 0, 2.40%, 0, 4, 4, 1.49, 373821, 1574
2636, 2, 30, 78, 36, 0, 2.40%, 0, 4, 4, 1.47, 373829, 1574
2641, 2, 30, 78, 36, 0, 2.40%, 0, 5, 4, 1.35, 373835, 1574
2647, 2, 30, 78, 36, 0, 2.40%, 0, 5, 4, 1.31, 373842, 1574
2652, 2, 30, 78, 36, 0, 2.40%, 0, 5, 4, 1.26, 373848, 1574
2658, 2, 30, 78, 36, 0, 2.40%, 0, 5, 4, 1.27, 373855, 1574
2663, 2, 30, 78, 36, 0, 2.40%, 0, 5, 4, 1.28, 373862, 1574
2668, 2, 30, 78, 36, 0, 2.40%, 0, 5, 4, 1.11, 373871, 1574
2674, 2, 30, 78, 36, 0, 2.40%, 0, 5, 4, 1.34, 373879, 1574
2682, 2, 30, 79, 37, 0, 2.40%, 0, 5, 4, 1.32, 373890, 1574
2687, 2, 30, 79, 37, 0, 2.40%, 0, 5, 4, 1.55, 373898, 1574
2693, 2, 30, 79, 37, 0, 2.40%, 0, 5, 4, 1.53, 373906, 1574
2698, 2, 30, 79, 37, 0, 2.40%, 0, 5, 4, 1.75, 373914, 1574
2703, 2, 30, 79, 37, 0, 2.40%, 0, 5, 4, 2.02, 373923, 1574
2708, 2, 30, 79, 37, 0, 2.40%, 0, 5, 4, 2.15, 373933, 1574
2713, 2, 30, 79, 37, 0, 2.40%, 0, 5, 4, 1.86, 373939, 1574
2718, 2, 30, 79, 37, 0, 2.40%, 0, 5, 4, 1.82, 373947, 1574
2724, 2, 30, 79, 37, 0, 2.40%, 0, 5, 4, 2.06, 373956, 1574
2729, 2, 30, 79, 37, 0, 2.40%, 0, 5, 4, 2.06, 373967, 1574
2735, 2, 30, 79, 37, 0, 2.40%, 0, 5, 4, 1.96, 373975, 1574
2741, 2, 30, 79, 37, 0, 2.40%, 0, 5, 4, 1.70, 373982, 1574
2746, 2, 30, 79, 37, 0, 2.40%, 0, 5, 4, 1.53, 373988, 1574
2752, 2, 30, 79, 37, 0, 2.40%, 0, 5, 4, 1.11, 373997, 1574
2757, 2, 30, 79, 37, 0, 2.40%, 0, 5, 4, 1.10, 374003, 1574
2763, 2, 30, 79, 37, 0, 2.40%, 0, 5, 4, 1.33, 374010, 1574
2768, 2, 30, 79, 37, 0, 2.40%, 0, 5, 4, 1.38, 374017, 1574
2774, 2, 30, 79, 37, 0, 2.40%, 0, 5, 4, 1.54, 374026, 1574
2779, 2, 30, 79, 37, 0, 2.40%, 0, 5, 4, 1.41, 374032, 1574
2785, 2, 30, 79, 37, 0, 2.40%, 0, 5, 4, 1.46, 374039, 1574
2790, 2, 30, 79, 37, 0, 2.40%, 0, 5, 4, 1.41, 374046, 1574
2796, 2, 30, 79, 37, 0, 2.40%, 0, 5, 4, 1.61, 374055, 1574
2801, 2, 30, 79, 37, 0, 2.40%, 0, 5, 4, 1.70, 374063, 1574
2807, 2, 30, 79, 37, 0, 2.40%, 0, 5, 4, 1.51, 374069, 1574
2812, 2, 30, 79, 37, 0, 2.40%, 0, 5, 4, 1.38, 374075, 1574
2817, 2, 30, 79, 37, 0, 2.40%, 0, 5, 4, 1.39, 374082, 1574
2823, 2, 30, 79, 37, 0, 2.40%, 0, 5, 4, 1.57, 374091, 1574
2828, 2, 30, 79, 37, 0, 2.40%, 0, 5, 4, 1.57, 374099, 1574
2834, 2, 30, 79, 37, 0, 2.40%, 0, 5, 4, 1.51, 374107, 1574
2840, 2, 30, 79, 37, 0, 2.40%, 0, 5, 4, 1.71, 374116, 1574
2845, 2, 30, 79, 37, 0, 2.40%, 0, 5, 4, 1.71, 374123, 1574
2851, 2, 30, 79, 37, 0, 2.40%, 0, 5, 4, 1.78, 374132, 1574
2856, 2, 30, 79, 37, 0, 2.40%, 0, 5, 4, 1.79, 374140, 1574
2862, 2, 30, 79, 37, 0, 2.40%, 0, 5, 4, 1.83, 374152, 1574
2867, 2, 30, 79, 37, 0, 2.40%, 0, 5, 4, 1.93, 374161, 1574
2873, 2, 30, 79, 37, 0, 2.40%, 0, 5, 4, 1.75, 374169, 1574
2878, 2, 30, 79, 37, 0, 2.40%, 0, 5, 4, 1.55, 374175, 1574
2884, 2, 30, 79, 37, 0, 2.40%, 0, 5, 4, 1.63, 374183, 1574
2889, 2, 30, 79, 37, 0, 2.40%, 0, 5, 4, 1.56, 374191, 1574
2895, 2, 30, 79, 37, 0, 2.40%, 0, 5, 4, 1.53, 374202, 1574
2900, 2, 30, 79, 37, 0, 2.40%, 0, 5, 4, 1.40, 374211, 1574
2906, 2, 30, 79, 37, 0, 2.40%, 0, 5, 4, 1.33, 374217, 1574
2911, 2, 30, 79, 37, 0, 2.40%, 0, 5, 4, 1.06, 374225, 1574
2917, 2, 30, 79, 37, 0, 2.40%, 0, 5, 4, 1.26, 374232, 1574
2922, 2, 30, 79, 37, 0, 2.40%, 0, 5, 4, 1.36, 374239, 1574
2928, 2, 30, 79, 37, 0, 2.40%, 0, 5, 4, 1.38, 374247, 1574
2933, 2, 30, 79, 37, 0, 2.40%, 0, 5, 4, 1.11, 374255, 1574
2939, 2, 30, 79, 37, 0, 2.40%, 0, 5, 4, 1.11, 374263, 1574
2944, 2, 30, 79, 37, 0, 2.40%, 0, 5, 4, 1.19, 374270, 1574
2950, 2, 30, 79, 37, 0, 2.40%, 0, 5, 4, 1.10, 374278, 1574
2955, 2, 30, 79, 37, 0, 2.40%, 0, 5, 4, 1.10, 374284, 1574
2961, 2, 30, 79, 37, 0, 2.40%, 0, 5, 4, 1.50, 374294, 1574
2967, 2, 30, 79, 37, 0, 2.40%, 0, 5, 4, 1.41, 374301, 1574
2972, 2, 30, 79, 37, 0, 2.40%, 0, 5, 4, 1.66, 374311, 1574
2978, 2, 30, 79, 37, 0, 2.40%, 0, 5, 4, 1.59, 374319, 1574
2983, 2, 30, 79, 37, 0, 2.40%, 0, 5, 4, 1.78, 374328, 1574
2989, 2, 30, 79, 37, 0, 2.40%, 0, 5, 4, 1.72, 374336, 1574
2994, 2, 30, 79, 37, 0, 2.40%, 0, 5, 4, 1.95, 374344, 1574
2999, 2, 30, 79, 37, 0, 2.40%, 0, 5, 4, 1.79, 374352, 1574
3005, 2, 30, 79, 37, 0, 2.40%, 0, 5, 4, 1.79, 374360, 1574
3011, 2, 30, 79, 37, 0, 2.40%, 0, 5, 4, 1.74, 374368, 1574
3016, 2, 30, 79, 37, 0, 2.40%, 0, 5, 4, 2.10, 374380, 1574
3021, 2, 30, 79, 37, 0, 2.40%, 0, 5, 4, 1.80, 374386, 1574
3027, 2, 30, 79, 37, 0, 2.40%, 0, 5, 4, 1.88, 374394, 1574
3032, 2, 30, 79, 37, 0, 2.40%, 0, 5, 4, 1.72, 374401, 1574
3037, 2, 30, 79, 37, 0, 2.40%, 0, 5, 4, 1.72, 374408, 1574
3042, 2, 30, 79, 37, 0, 2.40%, 0, 5, 4, 1.73, 374417, 1574
3047, 2, 30, 79, 37, 0, 2.40%, 0, 5, 4, 1.83, 374425, 1574
3052, 2, 30, 79, 37, 0, 2.40%, 0, 5, 4, 1.73, 374433, 1574
3058, 2, 30, 79, 37, 0, 2.40%, 0, 5, 4, 1.90, 374442, 1574
3064, 2, 30, 79, 37, 0, 2.40%, 0, 5, 4, 1.76, 374450, 1574
3069, 2, 30, 79, 37, 0, 2.40%, 0, 5, 4, 1.70, 374458, 1574
3075, 2, 30, 79, 37, 0, 2.40%, 0, 5, 4, 1.61, 374466, 1574
3080, 2, 30, 79, 37, 0, 2.40%, 0, 5, 4, 1.10, 374476, 1574
3085, 2, 30, 79, 37, 0, 2.40%, 0, 5, 4, 1.40, 374483, 1574
3091, 2, 30, 79, 37, 0, 2.40%, 0, 5, 4, 1.44, 374491, 1574
3097, 2, 30, 79, 37, 0, 2.40%, 0, 5, 4, 1.68, 374501, 1574
3102, 2, 30, 79, 37, 0, 2.40%, 0, 5, 4, 1.61, 374509, 1574
3108, 2, 30, 79, 37, 0, 2.40%, 0, 5, 4, 1.45, 374515, 1574
3113, 2, 30, 79, 37, 0, 2.40%, 0, 5, 4, 1.80, 374526, 1574
3119, 2, 30, 79, 37, 0, 2.40%, 0, 5, 4, 1.57, 374532, 1574
3124, 2, 30, 79, 37, 0, 2.40%, 0, 5, 4, 1.96, 374543, 1574
3130, 2, 30, 79, 37, 0, 2.40%, 0, 5, 4, 1.98, 374553, 1574
3136, 2, 30, 79, 37, 0, 2.40%, 0, 5, 4, 2.17, 374565, 1574
3141, 2, 30, 79, 37, 0, 2.40%, 0, 5, 4, 1.84, 374571, 1574
3147, 2, 30, 79, 37, 0, 2.40%, 0, 5, 4, 1.73, 374579, 1574
3152, 2, 30, 79, 37, 0, 2.40%, 0, 5, 4, 1.82, 374589, 1574
3158, 2, 30, 79, 37, 0, 2.40%, 0, 5, 4, 1.65, 374596, 1574
3163, 2, 30, 79, 37, 0, 2.40%, 0, 5, 4, 1.77, 374605, 1574
3168, 2, 30, 79, 37, 0, 2.40%, 0, 5, 4, 1.60, 374612, 1574
3174, 2, 30, 79, 37, 0, 2.40%, 0, 5, 4, 1.49, 374619, 1574
3180, 2, 30, 79, 37, 0, 2.40%, 0, 5, 4, 1.60, 374628, 1574
3185, 2, 9, 79, 37, 0, 2.40%, 0, 5, 4, 328.10, 375169, 1574
3190, 2, 9, 79, 37, 0, 2.40%, 0, 5, 4, 312.34, 376735, 1574
3195, 2, 9, 79, 37, 0, 2.40%, 0, 5, 4, 335.81, 378359, 1574
3200, 2, 9, 79, 37, 0, 2.40%, 0, 5, 4, 356.88, 380218, 1574
3205, 2, 9, 79, 37, 0, 2.40%, 0, 5, 4, 316.68, 381953, 1574
3210, 2, 9, 79, 37, 0, 2.40%, 0, 5, 4, 3.29, 382585, 1574
3216, 2, 9, 80, 38, 0, 2.40%, 0, 5, 4, 3.78, 382606, 1574
3222, 2, 9, 80, 38, 0, 2.40%, 0, 5, 4, 4.03, 382627, 1574
3227, 2, 9, 80, 38, 0, 2.40%, 0, 5, 4, 3.95, 382646, 1574
3232, 2, 9, 80, 38, 0, 2.40%, 0, 5, 4, 4.08, 382667, 1574
3237, 2, 9, 81, 39, 0, 2.40%, 0, 5, 4, 3.37, 382695, 1574
3242, 2, 9, 81, 39, 0, 2.40%, 0, 5, 4, 3.18, 382711, 1574
3247, 2, 9, 81, 39, 0, 2.40%, 0, 5, 4, 3.52, 382730, 1574
3252, 2, 9, 81, 39, 0, 2.40%, 0, 5, 4, 3.59, 382748, 1574
3258, 2, 9, 82, 40, 0, 2.40%, 0, 5, 4, 3.38, 382776, 1574
3263, 2, 9, 82, 40, 0, 2.40%, 0, 5, 4, 3.46, 382794, 1574
3268, 2, 9, 82, 40, 0, 2.40%, 0, 5, 4, 3.53, 382812, 1574
3273, 2, 9, 82, 40, 0, 2.40%, 0, 5, 4, 3.69, 382832, 1574
3278, 2, 9, 82, 40, 0, 2.40%, 0, 5, 4, 3.56, 382849, 1574
3283, 2, 9, 82, 40, 0, 2.40%, 0, 5, 4, 3.66, 382868, 1574
3288, 2, 9, 82, 40, 0, 2.40%, 0, 5, 4, 3.82, 382887, 1574
3293, 2, 9, 82, 40, 0, 2.40%, 0, 5, 4, 4.59, 382912, 1574
3299, 2, 9, 82, 40, 0, 2.40%, 0, 5, 4, 3.89, 382931, 1574
3304, 2, 9, 82, 40, 0, 2.40%, 0, 5, 4, 3.39, 382947, 1574
3309, 2, 9, 82, 40, 0, 2.40%, 0, 5, 4, 3.92, 382969, 1574
3314, 2, 9, 82, 40, 0, 2.40%, 0, 5, 4, 3.78, 382989, 1574
3319, 2, 9, 82, 40, 0, 2.40%, 0, 5, 4, 3.78, 383009, 1574
3325, 2, 9, 82, 40, 0, 2.40%, 0, 5, 4, 3.64, 383028, 1574
3330, 2, 9, 82, 40, 0, 2.40%, 0, 5, 4, 3.40, 383044, 1574
3335, 2, 9, 82, 40, 0, 2.40%, 0, 5, 4, 3.74, 383064, 1574
3340, 2, 9, 82, 40, 0, 2.40%, 0, 5, 4, 3.60, 383082, 1574
3345, 2, 9, 82, 40, 0, 2.40%, 0, 5, 4, 3.52, 383101, 1574
3351, 2, 9, 82, 40, 0, 2.40%, 0, 5, 4, 3.64, 383121, 1574
3356, 2, 9, 82, 40, 0, 2.40%, 0, 5, 4, 3.46, 383139, 1574
3361, 2, 9, 82, 40, 0, 2.40%, 0, 5, 4, 3.17, 383154, 1574
3366, 2, 9, 82, 40, 0, 2.40%, 0, 5, 4, 3.43, 383172, 1574
3371, 2, 9, 82, 40, 0, 2.40%, 0, 5, 4, 3.50, 383191, 1574
3377, 2, 9, 82, 40, 0, 2.40%, 0, 5, 4, 3.37, 383209, 1574
3382, 2, 9, 82, 40, 0, 2.40%, 0, 5, 4, 3.89, 383230, 1574
3387, 2, 9, 82, 40, 0, 2.40%, 0, 5, 4, 3.89, 383250, 1574
3392, 2, 9, 82, 40, 0, 2.40%, 0, 5, 4, 3.74, 383269, 1574
3398, 2, 9, 82, 40, 0, 2.40%, 0, 5, 4, 3.64, 383288, 1574
3403, 2, 9, 82, 40, 0, 2.40%, 0, 5, 4, 3.75, 383307, 1574
3408, 2, 9, 82, 40, 0, 2.40%, 0, 5, 4, 3.53, 383325, 1574
3413, 2, 9, 82, 40, 0, 2.40%, 0, 5, 4, 4.08, 383348, 1574
3418, 2, 9, 82, 40, 0, 2.40%, 0, 5, 4, 3.93, 383367, 1574
3423, 2, 9, 82, 40, 0, 2.40%, 0, 5, 4, 3.81, 383386, 1574
3428, 2, 9, 82, 40, 0, 2.40%, 0, 5, 4, 4.01, 383406, 1574
3434, 2, 9, 82, 40, 0, 2.40%, 0, 5, 4, 3.98, 383427, 1574
3439, 2, 9, 82, 40, 0, 2.40%, 0, 5, 4, 3.55, 383444, 1574
3444, 2, 9, 82, 40, 0, 2.40%, 0, 5, 4, 3.61, 383462, 1574
3449, 2, 9, 82, 40, 0, 2.40%, 0, 5, 4, 3.82, 383482, 1574
3454, 2, 9, 82, 40, 0, 2.40%, 0, 5, 4, 3.43, 383499, 1574
3460, 2, 9, 82, 40, 0, 2.40%, 0, 5, 4, 3.58, 383518, 1574
3465, 2, 9, 82, 40, 0, 2.40%, 0, 5, 4, 3.31, 383534, 1574
3470, 2, 9, 82, 40, 0, 2.40%, 0, 5, 4, 3.63, 383554, 1574
3475, 2, 9, 82, 40, 0, 2.40%, 0, 5, 4, 3.59, 383572, 1574
3480, 2, 9, 82, 40, 0, 2.40%, 0, 5, 4, 3.42, 383588, 1574
3485, 2, 9, 82, 40, 0, 2.40%, 0, 5, 4, 3.61, 383607, 1574
3491, 2, 9, 82, 40, 0, 2.40%, 0, 5, 4, 3.97, 383629, 1574
3496, 2, 9, 82, 40, 0, 2.40%, 0, 5, 4, 3.83, 383648, 1574
3501, 2, 9, 82, 40, 0, 2.40%, 0, 6, 4, 3.89, 383667, 1574
3506, 2, 9, 82, 40, 0, 2.40%, 0, 6, 4, 3.77, 383686, 1574
3512, 2, 9, 82, 40, 0, 2.40%, 0, 6, 4, 3.93, 383708, 1574
3517, 2, 9, 82, 40, 0, 2.40%, 0, 6, 4, 4.04, 383729, 1574
3522, 2, 9, 82, 40, 0, 2.40%, 0, 6, 4, 3.60, 383745, 1574
3527, 2, 9, 82, 40, 0, 2.40%, 0, 6, 4, 3.70, 383765, 1574
3532, 2, 9, 82, 40, 0, 2.40%, 0, 6, 4, 3.61, 383784, 1574
3538, 2, 9, 82, 40, 0, 2.40%, 0, 6, 4, 3.78, 383804, 1574
3543, 2, 9, 82, 40, 0, 2.40%, 0, 6, 4, 3.67, 383823, 1574
3548, 2, 9, 82, 40, 0, 2.40%, 0, 6, 4, 3.45, 383840, 1574
3553, 2, 9, 82, 40, 0, 2.40%, 0, 6, 4, 3.47, 383858, 1574
3558, 2, 9, 82, 40, 0, 2.40%, 0, 6, 4, 3.50, 383877, 1574
3563, 2, 9, 82, 40, 0, 2.40%, 0, 6, 4, 3.54, 383895, 1574
3569, 2, 9, 82, 40, 0, 2.40%, 0, 6, 4, 3.99, 383916, 1574
3574, 2, 9, 82, 40, 0, 2.40%, 0, 6, 4, 3.68, 383935, 1574
3579, 2, 9, 82, 40, 0, 2.40%, 0, 6, 4, 3.83, 383954, 1574
3584, 2, 9, 82, 40, 0, 2.40%, 0, 6, 4, 3.51, 383971, 1574
3589, 2, 9, 82, 40, 0, 2.40%, 0, 6, 4, 3.33, 383988, 1574
3595, 2, 9, 82, 40, 0, 2.40%, 0, 6, 4, 3.53, 384008, 1574
3600, 2, 9, 82, 40, 0, 2.40%, 0, 6, 4, 3.56, 384026, 1574
3605, 2, 9, 82, 40, 0, 2.40%, 0, 6, 4, 3.71, 384045, 1574
3610, 2, 9, 82, 40, 0, 2.40%, 0, 6, 4, 3.60, 384063, 1574
3615, 2, 9, 82, 40, 0, 2.40%, 0, 6, 4, 3.58, 384081, 1574
3621, 2, 9, 82, 40, 0, 2.40%, 0, 6, 4, 3.93, 384103, 1574
3626, 2, 9, 82, 40, 0, 2.40%, 0, 6, 4, 3.56, 384120, 1574
3631, 2, 9, 82, 40, 0, 2.40%, 0, 6, 4, 3.34, 384136, 1574
3636, 2, 9, 82, 40, 0, 2.40%, 0, 6, 4, 3.36, 384154, 1574
3641, 2, 9, 82, 40, 0, 2.40%, 0, 6, 4, 3.39, 384171, 1574
