# relative_time, cycles_done, cur_item, corpus_count, pending_total, pending_favs, map_size, saved_crashes, saved_hangs, max_depth, execs_per_sec, total_execs, edges_found
61, 0, 42, 43, 25, 1, 1.70%, 0, 0, 4, 200.50, 10812, 1117
66, 0, 42, 43, 23, 0, 1.70%, 0, 0, 4, 248.56, 12165, 1117
71, 0, 42, 43, 23, 0, 1.70%, 0, 0, 4, 272.18, 13609, 1117
76, 0, 5, 43, 23, 0, 1.70%, 0, 0, 4, 279.55, 15018, 1117
81, 0, 5, 43, 23, 0, 1.70%, 0, 0, 4, 273.70, 16387, 1117
87, 0, 36, 43, 23, 0, 1.70%, 0, 0, 4, 311.51, 18023, 1117
92, 0, 27, 43, 23, 0, 1.70%, 0, 0, 4, 282.74, 19502, 1117
97, 1, 15, 43, 23, 0, 1.70%, 0, 0, 4, 266.23, 20829, 1117
102, 1, 36, 43, 23, 0, 1.70%, 0, 0, 4, 277.52, 22243, 1117
107, 1, 39, 43, 23, 0, 1.70%, 0, 0, 4, 291.50, 23762, 1117
112, 1, 26, 45, 25, 0, 1.70%, 0, 0, 4, 209.93, 24765, 1117
117, 1, 26, 46, 26, 0, 1.71%, 0, 0, 4, 178.22, 25631, 1123
122, 1, 26, 47, 27, 0, 1.72%, 0, 0, 4, 172.54, 26500, 1124
127, 1, 26, 47, 27, 0, 1.72%, 0, 0, 4, 171.25, 27361, 1124
133, 1, 44, 47, 27, 4, 1.72%, 0, 0, 4, 190.63, 28292, 1124
138, 1, 47, 51, 29, 3, 1.72%, 0, 0, 5, 241.16, 29616, 1125
143, 1, 47, 51, 29, 3, 1.72%, 0, 0, 5, 254.80, 30916, 1125
148, 1, 50, 51, 28, 3, 1.72%, 0, 0, 5, 258.92, 32221, 1125
153, 1, 50, 53, 30, 3, 1.72%, 0, 0, 6, 259.04, 33515, 1125
158, 1, 50, 54, 31, 3, 1.72%, 0, 0, 6, 264.14, 34843, 1126
163, 1, 50, 55, 32, 3, 1.72%, 0, 0, 6, 261.07, 36151, 1126
168, 1, 50, 55, 32, 3, 1.72%, 0, 0, 6, 246.29, 37370, 1126
173, 1, 50, 55, 32, 3, 1.72%, 0, 0, 6, 249.88, 38658, 1126
178, 1, 53, 55, 28, 0, 1.72%, 0, 0, 6, 236.75, 39848, 1126
183, 1, 53, 55, 28, 0, 1.72%, 0, 0, 6, 255.70, 41185, 1126
188, 1, 44, 56, 29, 0, 1.72%, 0, 0, 6, 256.91, 42495, 1126
194, 1, 23, 56, 29, 0, 1.72%, 0, 0, 6, 253.27, 43817, 1126
199, 1, 32, 56, 29, 0, 1.72%, 0, 0, 6, 252.64, 45114, 1126
204, 1, 42, 56, 28, 0, 1.72%, 0, 0, 6, 262.22, 46460, 1126
209, 1, 42, 56, 28, 0, 1.72%, 0, 0, 6, 261.50, 47839, 1126
214, 1, 42, 57, 29, 0, 1.72%, 0, 0, 6, 264.52, 49181, 1128
219, 1, 46, 57, 28, 0, 1.72%, 0, 0, 6, 257.92, 50455, 1128
224, 1, 5, 57, 28, 0, 1.72%, 0, 0, 6, 261.03, 51774, 1128
229, 1, 42, 57, 28, 0, 1.72%, 0, 0, 6, 247.92, 53036, 1128
234, 2, 5, 57, 27, 0, 1.72%, 0, 0, 6, 238.60, 54233, 1128
239, 2, 42, 57, 27, 0, 1.72%, 0, 0, 6, 243.83, 55513, 1128
244, 2, 46, 57, 27, 0, 1.72%, 0, 0, 6, 235.62, 56659, 1128
250, 2, 42, 57, 27, 0, 1.72%, 0, 0, 6, 242.80, 57941, 1128
255, 2, 5, 57, 27, 0, 1.72%, 0, 0, 6, 254.19, 59242, 1128
260, 2, 56, 57, 27, 0, 1.72%, 0, 0, 6, 258.93, 60528, 1128
265, 2, 5, 57, 27, 0, 1.72%, 0, 0, 6, 262.42, 61855, 1128
270, 2, 5, 57, 27, 0, 1.72%, 0, 0, 6, 270.41, 63196, 1128
275, 2, 42, 57, 27, 0, 1.72%, 0, 0, 6, 264.08, 64547, 1128
280, 2, 2, 57, 27, 0, 1.72%, 0, 0, 6, 262.75, 65825, 1128
285, 3, 5, 57, 26, 0, 1.72%, 0, 0, 6, 259.33, 67135, 1128
290, 3, 42, 57, 26, 0, 1.72%, 0, 0, 6, 243.99, 68354, 1128
295, 3, 2, 57, 26, 0, 1.72%, 0, 0, 6, 259.13, 69702, 1128
300, 3, 42, 57, 26, 0, 1.72%, 0, 0, 6, 258.87, 71040, 1128
305, 3, 45, 57, 26, 0, 1.72%, 0, 0, 6, 249.35, 72274, 1128
310, 3, 19, 57, 26, 0, 1.72%, 0, 0, 6, 258.02, 73633, 1128
315, 3, 0, 57, 25, 0, 1.72%, 0, 0, 6, 249.22, 74873, 1128
321, 3, 42, 57, 25, 0, 1.72%, 0, 0, 6, 261.37, 76239, 1128
326, 3, 44, 57, 25, 0, 1.72%, 0, 0, 6, 258.60, 77542, 1128
331, 3, 5, 57, 25, 0, 1.72%, 0, 0, 6, 257.35, 78856, 1128
336, 3, 56, 57, 25, 0, 1.72%, 0, 0, 6, 259.30, 80156, 1128
341, 4, 15, 57, 25, 0, 1.72%, 0, 0, 6, 265.35, 81502, 1128
346, 4, 42, 57, 25, 0, 1.72%, 0, 0, 6, 258.53, 82771, 1128
351, 4, 56, 57, 25, 0, 1.72%, 0, 0, 6, 259.68, 84059, 1128
356, 4, 42, 57, 25, 0, 1.72%, 0, 0, 6, 262.76, 85402, 1128
361, 4, 42, 57, 25, 0, 1.72%, 0, 0, 6, 252.29, 86650, 1128
366, 4, 5, 57, 25, 0, 1.72%, 0, 0, 6, 258.80, 87961, 1128
371, 4, 36, 57, 25, 0, 1.72%, 0, 0, 6, 272.17, 89342, 1128
376, 4, 2, 57, 25, 0, 1.72%, 0, 0, 6, 271.32, 90684, 1128
381, 4, 45, 57, 25, 0, 1.72%, 0, 0, 6, 275.90, 92144, 1128
386, 5, 2, 57, 25, 0, 1.72%, 0, 0, 6, 271.79, 93497, 1128
391, 5, 42, 57, 25, 0, 1.72%, 0, 0, 6, 270.36, 94911, 1128
396, 5, 44, 57, 23, 0, 1.72%, 0, 0, 6, 253.19, 96169, 1128
401, 5, 53, 57, 23, 0, 1.72%, 0, 0, 6, 263.51, 97509, 1128
407, 5, 5, 57, 23, 0, 1.72%, 0, 0, 6, 276.28, 98892, 1128
412, 5, 36, 57, 23, 0, 1.72%, 0, 0, 6, 272.73, 100295, 1128
417, 5, 42, 57, 23, 0, 1.72%, 0, 0, 6, 254.93, 101584, 1128
422, 5, 56, 57, 23, 0, 1.72%, 0, 0, 6, 273.56, 102965, 1128
427, 5, 5, 57, 23, 0, 1.72%, 0, 0, 6, 272.61, 104302, 1128
432, 5, 23, 57, 23, 0, 1.72%, 0, 0, 6, 252.52, 105543, 1128
437, 5, 42, 57, 23, 0, 1.72%, 0, 0, 6, 256.18, 106847, 1128
442, 6, 5, 57, 22, 0, 1.72%, 0, 0, 6, 276.67, 108212, 1128
447, 6, 15, 57, 21, 0, 1.72%, 0, 0, 6, 263.41, 109530, 1128
452, 6, 42, 57, 21, 0, 1.72%, 0, 0, 6, 263.61, 110875, 1128
457, 6, 56, 57, 19, 0, 1.72%, 0, 0, 6, 268.40, 112156, 1128
462, 6, 42, 57, 19, 0, 1.72%, 0, 0, 6, 266.47, 113545, 1128
467, 6, 36, 57, 19, 0, 1.72%, 0, 0, 6, 252.91, 114809, 1128
472, 6, 42, 57, 19, 0, 1.72%, 0, 0, 6, 255.68, 116143, 1128
477, 6, 56, 57, 19, 0, 1.72%, 0, 0, 6, 261.46, 117457, 1128
483, 6, 35, 57, 19, 0, 1.72%, 0, 0, 6, 272.37, 118877, 1128
488, 6, 36, 57, 18, 0, 1.72%, 0, 0, 6, 283.69, 120304, 1128
493, 7, 35, 57, 18, 0, 1.72%, 0, 0, 6, 265.58, 121591, 1128
498, 7, 5, 57, 18, 0, 1.72%, 0, 0, 6, 254.06, 122852, 1128
503, 7, 53, 57, 17, 0, 1.72%, 0, 0, 6, 257.83, 124149, 1128
508, 7, 14, 57, 17, 0, 1.72%, 0, 0, 6, 265.78, 125530, 1128
513, 7, 23, 57, 16, 0, 1.72%, 0, 0, 6, 277.23, 126941, 1128
518, 7, 5, 57, 16, 0, 1.72%, 0, 0, 6, 273.56, 128297, 1128
523, 7, 35, 57, 16, 0, 1.72%, 0, 0, 6, 256.16, 129554, 1128
528, 8, 5, 57, 16, 0, 1.72%, 0, 0, 6, 264.73, 130881, 1128
533, 8, 53, 57, 16, 0, 1.72%, 0, 0, 6, 266.32, 132226, 1128
538, 8, 5, 57, 16, 0, 1.72%, 0, 0, 6, 260.26, 133529, 1128
543, 8, 36, 57, 16, 0, 1.72%, 0, 0, 6, 254.38, 134835, 1128
548, 8, 13, 57, 16, 0, 1.72%, 0, 0, 6, 235.55, 135902, 1128
553, 8, 5, 57, 15, 0, 1.72%, 0, 0, 6, 260.58, 137271, 1128
559, 8, 35, 57, 15, 0, 1.72%, 0, 0, 6, 271.08, 138684, 1128
564, 8, 5, 57, 15, 0, 1.72%, 0, 0, 6, 268.87, 140058, 1128
569, 9, 53, 57, 15, 0, 1.72%, 0, 0, 6, 260.10, 141394, 1128
574, 9, 35, 57, 14, 0, 1.72%, 0, 0, 6, 258.36, 142675, 1128
579, 9, 35, 57, 14, 0, 1.72%, 0, 0, 6, 271.91, 144057, 1128
584, 9, 50, 57, 14, 0, 1.72%, 0, 0, 6, 255.92, 145404, 1128
589, 9, 50, 57, 14, 0, 1.72%, 0, 0, 6, 254.44, 146675, 1128
594, 9, 2, 57, 14, 0, 1.72%, 0, 0, 6, 270.81, 148081, 1128
599, 10, 5, 57, 14, 0, 1.72%, 0, 0, 6, 254.18, 149347, 1128
605, 10, 2, 57, 14, 0, 1.72%, 0, 0, 6, 268.34, 150752, 1128
610, 10, 36, 57, 14, 0, 1.72%, 0, 0, 6, 259.49, 152031, 1128
615, 10, 35, 57, 14, 0, 1.72%, 0, 0, 6, 258.99, 153337, 1128
620, 10, 35, 57, 14, 0, 1.72%, 0, 0, 6, 263.02, 154665, 1128
625, 10, 35, 57, 14, 0, 1.72%, 0, 0, 6, 267.14, 156028, 1128
630, 10, 44, 57, 14, 0, 1.72%, 0, 0, 6, 250.37, 157275, 1128
635, 10, 1, 57, 14, 0, 1.72%, 0, 0, 6, 264.16, 158647, 1128
640, 11, 2, 57, 14, 0, 1.72%, 0, 0, 6, 266.84, 160008, 1128
645, 11, 53, 57, 13, 0, 1.72%, 0, 0, 6, 268.85, 161357, 1128
650, 11, 35, 57, 13, 0, 1.72%, 0, 0, 6, 255.03, 162641, 1128
655, 11, 5, 57, 13, 0, 1.72%, 0, 0, 6, 274.45, 164021, 1128
660, 11, 5, 57, 13, 0, 1.72%, 0, 0, 6, 275.95, 165455, 1128
665, 11, 35, 57, 13, 0, 1.72%, 0, 0, 6, 277.55, 166886, 1128
670, 11, 35, 57, 13, 0, 1.72%, 0, 0, 6, 278.89, 168295, 1128
675, 12, 2, 57, 13, 0, 1.72%, 0, 0, 6, 276.49, 169644, 1128
680, 12, 45, 57, 13, 0, 1.72%, 0, 0, 6, 279.38, 171059, 1128
685, 12, 36, 57, 13, 0, 1.72%, 0, 0, 6, 263.12, 172367, 1128
691, 12, 56, 57, 13, 0, 1.72%, 0, 0, 6, 269.46, 173761, 1128
696, 12, 35, 57, 13, 0, 1.72%, 0, 0, 6, 271.48, 175093, 1128
701, 12, 36, 57, 13, 0, 1.72%, 0, 0, 6, 283.88, 176515, 1128
706, 12, 36, 57, 13, 0, 1.72%, 0, 0, 6, 281.53, 177922, 1128
711, 13, 44, 57, 13, 0, 1.72%, 0, 0, 6, 270.74, 179260, 1128
716, 13, 2, 57, 13, 0, 1.72%, 0, 0, 6, 272.54, 180636, 1128
721, 13, 50, 57, 13, 0, 1.72%, 0, 0, 6, 299.03, 182217, 1128
726, 13, 36, 57, 13, 0, 1.72%, 0, 0, 6, 285.19, 183620, 1128
731, 13, 36, 57, 13, 0, 1.72%, 0, 0, 6, 283.23, 185116, 1128
736, 13, 5, 57, 12, 0, 1.72%, 0, 0, 6, 282.86, 186544, 1128
741, 13, 35, 57, 12, 0, 1.72%, 0, 0, 6, 278.81, 187936, 1128
746, 14, 23, 57, 12, 0, 1.72%, 0, 0, 6, 276.86, 189349, 1128
751, 14, 35, 57, 12, 0, 1.72%, 0, 0, 6, 272.33, 190723, 1128
756, 14, 5, 57, 12, 0, 1.72%, 0, 0, 6, 266.23, 192106, 1128
761, 14, 45, 57, 12, 0, 1.72%, 0, 0, 6, 230.30, 193162, 1128
767, 14, 2, 57, 12, 0, 1.72%, 0, 0, 6, 262.36, 194571, 1128
772, 14, 50, 57, 12, 0, 1.72%, 0, 0, 6, 267.54, 196008, 1128
777, 14, 56, 57, 12, 0, 1.72%, 0, 0, 6, 283.83, 197448, 1128
782, 15, 5, 57, 12, 0, 1.72%, 0, 0, 6, 281.86, 198914, 1128
787, 15, 5, 57, 12, 0, 1.72%, 0, 0, 6, 282.17, 200348, 1128
792, 15, 5, 57, 12, 0, 1.72%, 0, 0, 6, 257.97, 201654, 1128
797, 15, 35, 57, 12, 0, 1.72%, 0, 0, 6, 268.28, 203079, 1128
802, 15, 5, 57, 12, 0, 1.72%, 0, 0, 6, 278.83, 204483, 1128
807, 15, 40, 57, 12, 0, 1.72%, 0, 0, 6, 261.00, 205783, 1128
813, 15, 36, 57, 11, 0, 1.72%, 0, 0, 6, 283.83, 207250, 1128
818, 15, 36, 57, 11, 0, 1.72%, 0, 0, 6, 276.43, 208662, 1128
823, 16, 35, 57, 11, 0, 1.72%, 0, 0, 6, 285.85, 210160, 1128
828, 16, 46, 57, 11, 0, 1.72%, 0, 0, 6, 273.03, 211504, 1128
833, 16, 40, 57, 11, 0, 1.72%, 0, 0, 6, 284.00, 212905, 1128
838, 16, 35, 57, 11, 0, 1.72%, 0, 0, 6, 281.46, 214375, 1128
843, 16, 44, 57, 11, 0, 1.72%, 0, 0, 6, 272.74, 215758, 1128
848, 16, 5, 57, 11, 0, 1.72%, 0, 0, 6, 271.06, 217149, 1128
853, 17, 35, 57, 11, 0, 1.72%, 0, 0, 6, 265.20, 218473, 1128
858, 17, 5, 57, 11, 0, 1.72%, 0, 0, 6, 265.82, 219824, 1128
863, 17, 5, 57, 11, 0, 1.72%, 0, 0, 6, 271.24, 221188, 1128
868, 17, 2, 57, 11, 0, 1.72%, 0, 0, 6, 287.71, 222625, 1128
873, 17, 36, 57, 11, 0, 1.72%, 0, 0, 6, 281.37, 224077, 1128
878, 17, 36, 57, 11, 0, 1.72%, 0, 0, 6, 271.48, 225436, 1128
884, 17, 31, 57, 11, 0, 1.72%, 0, 0, 6, 228.11, 226663, 1128
889, 17, 15, 57, 11, 0, 1.72%, 0, 0, 6, 240.77, 227915, 1128
894, 18, 56, 57, 11, 0, 1.72%, 0, 0, 6, 261.49, 229234, 1128
899, 18, 30, 57, 11, 0, 1.72%, 0, 0, 6, 285.22, 230700, 1128
904, 18, 46, 57, 11, 0, 1.72%, 0, 0, 6, 281.33, 232147, 1128
909, 18, 40, 57, 11, 0, 1.72%, 0, 0, 6, 292.19, 233648, 1128
915, 18, 5, 57, 11, 0, 1.72%, 0, 0, 6, 282.79, 235149, 1128
920, 18, 35, 57, 11, 0, 1.72%, 0, 0, 6, 279.54, 236556, 1128
925, 18, 50, 57, 11, 0, 1.72%, 0, 0, 6, 271.66, 237925, 1128
930, 18, 5, 57, 11, 0, 1.72%, 0, 0, 6, 284.35, 239405, 1128
935, 19, 5, 57, 11, 0, 1.72%, 0, 0, 6, 287.65, 240883, 1128
940, 19, 5, 57, 11, 0, 1.72%, 0, 0, 6, 282.85, 242291, 1128
945, 19, 56, 57, 11, 0, 1.72%, 0, 0, 6, 270.92, 243668, 1128
950, 19, 35, 57, 11, 0, 1.72%, 0, 0, 6, 277.55, 245062, 1128
955, 19, 46, 57, 11, 0, 1.72%, 0, 0, 6, 271.63, 246434, 1128
960, 19, 15, 57, 11, 0, 1.72%, 0, 0, 6, 272.48, 247810, 1128
965, 20, 36, 57, 11, 0, 1.72%, 0, 0, 6, 279.63, 249234, 1128
970, 20, 53, 57, 11, 0, 1.72%, 0, 0, 6, 277.18, 250604, 1128
975, 20, 35, 57, 11, 0, 1.72%, 0, 0, 6, 274.07, 251968, 1128
981, 20, 56, 57, 11, 0, 1.72%, 0, 0, 6, 279.89, 253452, 1128
986, 20, 5, 57, 11, 0, 1.72%, 0, 0, 6, 278.44, 254883, 1128
991, 20, 2, 57, 11, 0, 1.72%, 0, 0, 6, 269.60, 256187, 1128
996, 20, 35, 57, 11, 0, 1.72%, 0, 0, 6, 277.67, 257683, 1128
1001, 21, 35, 57, 11, 0, 1.72%, 0, 0, 6, 284.16, 259137, 1128
1006, 21, 5, 57, 11, 0, 1.72%, 0, 0, 6, 272.38, 260493, 1128
1011, 21, 36, 57, 11, 0, 1.72%, 0, 0, 6, 279.61, 261923, 1128
1016, 21, 36, 57, 11, 0, 1.72%, 0, 0, 6, 280.31, 263317, 1128
1021, 21, 23, 57, 11, 0, 1.72%, 0, 0, 6, 252.77, 264623, 1128
1026, 21, 50, 57, 11, 0, 1.72%, 0, 0, 6, 194.52, 265603, 1128
1032, 21, 5, 57, 11, 0, 1.72%, 0, 0, 6, 257.24, 267003, 1128
1037, 21, 35, 57, 11, 0, 1.72%, 0, 0, 6, 255.45, 268294, 1128
1042, 22, 35, 57, 11, 0, 1.72%, 0, 0, 6, 260.61, 269640, 1128
1047, 22, 36, 57, 11, 0, 1.72%, 0, 0, 6, 282.12, 271109, 1128
1052, 22, 35, 57, 11, 0, 1.72%, 0, 0, 6, 277.00, 272551, 1128
1057, 22, 44, 57, 11, 0, 1.72%, 0, 0, 6, 279.32, 273952, 1128
1062, 22, 2, 57, 11, 0, 1.72%, 0, 0, 6, 276.77, 275361, 1128
1067, 22, 49, 57, 11, 0, 1.72%, 0, 0, 6, 282.28, 276819, 1128
1072, 22, 5, 57, 10, 0, 1.72%, 0, 0, 6, 281.79, 278213, 1128
1077, 22, 40, 57, 10, 0, 1.72%, 0, 0, 6, 288.47, 279685, 1128
1082, 23, 44, 57, 10, 0, 1.72%, 0, 0, 6, 283.91, 281185, 1128
1088, 23, 45, 57, 10, 0, 1.72%, 0, 0, 6, 261.95, 282474, 1128
1093, 23, 43, 57, 10, 0, 1.72%, 0, 0, 6, 284.88, 283947, 1128
1098, 23, 46, 57, 10, 0, 1.72%, 0, 0, 6, 283.26, 285365, 1128
1103, 23, 35, 57, 10, 0, 1.72%, 0, 0, 6, 286.64, 286824, 1128
1108, 23, 53, 57, 10, 0, 1.72%, 0, 0, 6, 276.61, 288209, 1128
1113, 23, 53, 57, 10, 0, 1.72%, 0, 0, 6, 268.30, 289536, 1128
1118, 24, 53, 57, 10, 0, 1.72%, 0, 0, 6, 273.65, 290918, 1128
1123, 24, 36, 57, 10, 0, 1.72%, 0, 0, 6, 277.35, 292296, 1128
1128, 24, 2, 57, 10, 0, 1.72%, 0, 0, 6, 280.42, 293669, 1128
1133, 24, 35, 57, 10, 0, 1.72%, 0, 0, 6, 273.29, 295027, 1128
1138, 24, 35, 57, 10, 0, 1.72%, 0, 0, 6, 288.43, 296475, 1128
1143, 24, 35, 57, 10, 0, 1.72%, 0, 0, 6, 280.82, 297902, 1128
1148, 25, 5, 57, 10, 0, 1.72%, 0, 0, 6, 281.07, 299374, 1128
1153, 25, 31, 57, 10, 0, 1.72%, 0, 0, 6, 238.67, 300633, 1128
1159, 25, 56, 57, 10, 0, 1.72%, 0, 0, 6, 255.57, 301851, 1128
1164, 25, 5, 57, 9, 0, 1.72%, 0, 0, 6, 272.62, 303269, 1128
1169, 25, 56, 57, 9, 0, 1.72%, 0, 0, 6, 266.49, 304593, 1128
1174, 25, 53, 57, 9, 0, 1.72%, 0, 0, 6, 283.72, 306037, 1128
1179, 25, 35, 57, 9, 0, 1.72%, 0, 0, 6, 274.54, 307423, 1128
1184, 25, 5, 57, 9, 0, 1.72%, 0, 0, 6, 279.84, 308864, 1128
1189, 26, 37, 57, 9, 0, 1.72%, 0, 0, 6, 252.12, 310157, 1128
1194, 26, 45, 57, 8, 0, 1.72%, 0, 0, 6, 265.42, 311561, 1128
1199, 26, 50, 57, 8, 0, 1.72%, 0, 0, 6, 269.41, 312924, 1128
1204, 26, 43, 57, 8, 0, 1.72%, 0, 0, 6, 271.90, 314281, 1128
1209, 26, 56, 57, 8, 0, 1.72%, 0, 0, 6, 281.57, 315740, 1128
1215, 26, 35, 57, 8, 0, 1.72%, 0, 0, 6, 291.52, 317255, 1128
1220, 26, 5, 57, 8, 0, 1.72%, 0, 0, 6, 274.14, 318662, 1128
1225, 27, 35, 57, 8, 0, 1.72%, 0, 0, 6, 281.91, 320078, 1128
1230, 27, 35, 57, 8, 0, 1.72%, 0, 0, 6, 271.44, 321467, 1128
1235, 27, 0, 57, 8, 0, 1.72%, 0, 0, 6, 296.57, 323018, 1128
1240, 27, 36, 57, 8, 0, 1.72%, 0, 0, 6, 278.85, 324438, 1128
1245, 27, 36, 57, 8, 0, 1.72%, 0, 0, 6, 279.66, 325837, 1128
1250, 27, 35, 57, 8, 0, 1.72%, 0, 0, 6, 285.63, 327343, 1128
1256, 27, 36, 57, 8, 0, 1.72%, 0, 0, 6, 270.16, 328735, 1128
1261, 28, 35, 57, 8, 0, 1.72%, 0, 0, 6, 274.86, 330141, 1128
1266, 28, 5, 57, 8, 0, 1.72%, 0, 0, 6, 284.29, 331608, 1128
1271, 28, 40, 57, 8, 0, 1.72%, 0, 0, 6, 298.33, 333138, 1128
1276, 28, 35, 57, 8, 0, 1.72%, 0, 0, 6, 279.84, 334573, 1128
1281, 28, 36, 57, 8, 0, 1.72%, 0, 0, 6, 270.89, 335974, 1128
1286, 28, 5, 57, 8, 0, 1.72%, 0, 0, 6, 264.61, 337270, 1128
1291, 28, 53, 57, 8, 0, 1.72%, 0, 0, 6, 272.95, 338679, 1128
1296, 28, 50, 57, 8, 0, 1.72%, 0, 0, 6, 269.58, 340024, 1128
1302, 28, 35, 57, 8, 0, 1.72%, 0, 0, 6, 275.88, 341465, 1128
1307, 29, 35, 57, 8, 0, 1.72%, 0, 0, 6, 276.03, 342845, 1128
1312, 29, 35, 57, 8, 0, 1.72%, 0, 0, 6, 285.58, 344319, 1128
1317, 29, 53, 57, 8, 0, 1.72%, 0, 0, 6, 268.93, 345651, 1128
1322, 29, 5, 57, 8, 0, 1.72%, 0, 0, 6, 277.09, 347038, 1128
1327, 29, 35, 57, 7, 0, 1.72%, 0, 0, 6, 278.18, 348456, 1128
1332, 29, 5, 57, 7, 0, 1.72%, 0, 0, 6, 283.93, 349946, 1128
1337, 29, 36, 57, 7, 0, 1.72%, 0, 0, 6, 280.61, 351395, 1128
1342, 29, 44, 57, 7, 0, 1.72%, 0, 0, 6, 269.36, 352753, 1128
1347, 30, 5, 57, 7, 0, 1.72%, 0, 0, 6, 268.50, 354153, 1128
1352, 30, 50, 57, 7, 0, 1.72%, 0, 0, 6, 263.45, 355488, 1128
1357, 30, 15, 57, 7, 0, 1.72%, 0, 0, 6, 274.89, 356890, 1128
1362, 30, 15, 57, 7, 0, 1.72%, 0, 0, 6, 267.38, 358269, 1128
1368, 30, 2, 57, 7, 0, 1.72%, 0, 0, 6, 285.76, 359774, 1128
1373, 30, 5, 57, 7, 0, 1.72%, 0, 0, 6, 284.12, 361237, 1128
1378, 30, 5, 57, 7, 0, 1.72%, 0, 0, 6, 280.84, 362659, 1128
1383, 31, 36, 57, 7, 0, 1.72%, 0, 0, 6, 289.60, 364151, 1128
1388, 31, 56, 57, 7, 0, 1.72%, 0, 0, 6, 275.05, 365522, 1128
1393, 31, 53, 57, 7, 0, 1.72%, 0, 0, 6, 259.67, 366822, 1128
1398, 31, 35, 57, 7, 0, 1.72%, 0, 0, 6, 280.54, 368242, 1128
1403, 31, 5, 57, 7, 0, 1.72%, 0, 0, 6, 275.52, 369613, 1128
1408, 31, 5, 57, 7, 0, 1.72%, 0, 0, 6, 277.25, 371063, 1128
1413, 31, 5, 57, 7, 0, 1.72%, 0, 0, 6, 262.38, 372389, 1128
1419, 31, 5, 57, 7, 0, 1.72%, 0, 0, 6, 262.48, 373735, 1128
1424, 31, 35, 57, 7, 0, 1.72%, 0, 0, 6, 259.22, 375104, 1128
1429, 32, 50, 57, 7, 0, 1.72%, 0, 0, 6, 273.54, 376519, 1128
1434, 32, 5, 57, 7, 0, 1.72%, 0, 0, 6, 290.44, 377971, 1128
1439, 32, 53, 57, 7, 0, 1.72%, 0, 0, 6, 276.40, 379422, 1128
1444, 32, 45, 57, 7, 0, 1.72%, 0, 0, 6, 271.94, 380798, 1128
1449, 32, 36, 57, 7, 0, 1.72%, 0, 0, 6, 280.63, 382250, 1128
1454, 32, 5, 57, 7, 0, 1.72%, 0, 0, 6, 286.22, 383738, 1128
1459, 33, 5, 57, 7, 0, 1.72%, 0, 0, 6, 276.89, 385142, 1128
1465, 33, 36, 57, 7, 0, 1.72%, 0, 0, 6, 273.56, 386501, 1128
1470, 33, 15, 57, 7, 0, 1.72%, 0, 0, 6, 273.19, 387925, 1128
1475, 33, 1, 57, 7, 0, 1.72%, 0, 0, 6, 256.43, 389227, 1128
1480, 33, 5, 57, 7, 0, 1.72%, 0, 0, 6, 241.29, 390479, 1128
1485, 33, 2, 57, 7, 0, 1.72%, 0, 0, 6, 258.52, 391785, 1128
1490, 33, 40, 57, 7, 0, 1.72%, 0, 0, 6, 255.39, 393062, 1128
1495, 33, 45, 57, 7, 0, 1.72%, 0, 0, 6, 265.94, 394522, 1128
1500, 34, 5, 57, 7, 0, 1.72%, 0, 0, 6, 283.14, 396037, 1128
1506, 34, 53, 57, 7, 0, 1.72%, 0, 0, 6, 277.66, 397505, 1128
1511, 34, 5, 57, 7, 0, 1.72%, 0, 0, 6, 284.07, 398950, 1128
1516, 34, 36, 57, 7, 0, 1.72%, 0, 0, 6, 279.92, 400336, 1128
1521, 34, 56, 57, 7, 0, 1.72%, 0, 0, 6, 294.18, 401902, 1128
1526, 34, 36, 57, 7, 0, 1.72%, 0, 0, 6, 279.89, 403302, 1128
1531, 34, 5, 57, 7, 0, 1.72%, 0, 0, 6, 272.30, 404657, 1128
1536, 35, 35, 57, 7, 0, 1.72%, 0, 0, 6, 274.25, 406048, 1128
1541, 35, 5, 57, 7, 0, 1.72%, 0, 0, 6, 269.80, 407422, 1128
1546, 35, 5, 57, 7, 0, 1.72%, 0, 0, 6, 277.03, 408817, 1128
1551, 35, 56, 57, 7, 0, 1.72%, 0, 0, 6, 276.06, 410197, 1128
1556, 35, 35, 57, 7, 0, 1.72%, 0, 0, 6, 283.91, 411672, 1128
1561, 35, 35, 57, 7, 0, 1.72%, 0, 0, 6, 278.79, 413076, 1128
1566, 36, 35, 57, 7, 0, 1.72%, 0, 0, 6, 275.28, 414468, 1128
1572, 36, 35, 57, 7, 0, 1.72%, 0, 0, 6, 274.78, 415908, 1128
1577, 36, 36, 57, 7, 0, 1.72%, 0, 0, 6, 271.17, 417254, 1128
1582, 36, 2, 57, 7, 0, 1.72%, 0, 0, 6, 290.40, 418771, 1128
1587, 36, 53, 57, 7, 0, 1.72%, 0, 0, 6, 277.09, 420170, 1128
1592, 36, 36, 57, 7, 0, 1.72%, 0, 0, 6, 287.91, 421644, 1128
1597, 36, 36, 57, 7, 0, 1.72%, 0, 0, 6, 283.70, 423105, 1128
1602, 37, 35, 57, 7, 0, 1.72%, 0, 0, 6, 293.36, 424585, 1128
1607, 37, 5, 57, 7, 0, 1.72%, 0, 0, 6, 293.48, 426043, 1128
1612, 37, 35, 57, 7, 0, 1.72%, 0, 0, 6, 280.09, 427467, 1128
1618, 37, 56, 57, 7, 0, 1.72%, 0, 0, 6, 296.54, 428994, 1128
1623, 37, 5, 57, 7, 0, 1.72%, 0, 0, 6, 282.98, 430400, 1128
1628, 37, 36, 57, 7, 0, 1.72%, 0, 0, 6, 284.21, 431802, 1128
1633, 37, 5, 57, 7, 0, 1.72%, 0, 0, 6, 282.18, 433212, 1128
1638, 37, 35, 57, 7, 0, 1.72%, 0, 0, 6, 272.78, 434597, 1128
1643, 37, 15, 57, 7, 0, 1.72%, 0, 0, 6, 261.42, 435926, 1128
1648, 38, 40, 57, 7, 0, 1.72%, 0, 0, 6, 293.00, 437426, 1128
1653, 38, 0, 57, 7, 0, 1.72%, 0, 0, 6, 295.90, 438976, 1128
1658, 38, 36, 57, 7, 0, 1.72%, 0, 0, 6, 282.28, 440370, 1128
1663, 38, 5, 57, 7, 0, 1.72%, 0, 0, 6, 277.73, 441841, 1128
1668, 38, 53, 57, 7, 0, 1.72%, 0, 0, 6, 276.90, 443242, 1128
1674, 38, 35, 57, 7, 0, 1.72%, 0, 0, 6, 274.56, 444670, 1128
1679, 38, 55, 57, 7, 0, 1.72%, 0, 0, 6, 263.01, 446011, 1128
1684, 39, 53, 57, 6, 0, 1.72%, 0, 0, 6, 269.43, 447448, 1128
1689, 39, 5, 57, 6, 0, 1.72%, 0, 0, 6, 258.20, 448704, 1128
1694, 39, 0, 57, 6, 0, 1.72%, 0, 0, 6, 252.13, 450039, 1128
1699, 39, 36, 57, 6, 0, 1.72%, 0, 0, 6, 246.25, 451241, 1128
1704, 39, 36, 57, 6, 0, 1.72%, 0, 0, 6, 262.15, 452625, 1128
1709, 39, 35, 57, 6, 0, 1.72%, 0, 0, 6, 242.36, 453821, 1128
1714, 39, 35, 57, 6, 0, 1.72%, 0, 0, 6, 267.72, 455175, 1128
1720, 40, 53, 57, 6, 0, 1.72%, 0, 0, 6, 278.17, 456646, 1128
1725, 40, 5, 57, 6, 0, 1.72%, 0, 0, 6, 286.09, 458092, 1128
1730, 40, 50, 57, 6, 0, 1.72%, 0, 0, 6, 269.90, 459429, 1128
1735, 40, 35, 57, 5, 0, 1.72%, 0, 0, 6, 272.83, 460827, 1128
1740, 40, 36, 57, 5, 0, 1.72%, 0, 0, 6, 276.74, 462176, 1128
1745, 40, 56, 57, 5, 0, 1.72%, 0, 0, 6, 265.39, 463507, 1128
1750, 40, 5, 57, 5, 0, 1.72%, 0, 0, 6, 256.97, 464804, 1128
1755, 41, 5, 57, 5, 0, 1.72%, 0, 0, 6, 271.66, 466177, 1128
1760, 41, 36, 57, 5, 0, 1.72%, 0, 0, 6, 275.88, 467565, 1128
1765, 41, 5, 57, 5, 0, 1.72%, 0, 0, 6, 255.36, 468829, 1128
1770, 41, 35, 57, 5, 0, 1.72%, 0, 0, 6, 264.64, 470197, 1128
1775, 41, 35, 57, 5, 0, 1.72%, 0, 0, 6, 259.11, 471482, 1128
1780, 41, 5, 57, 5, 0, 1.72%, 0, 0, 6, 276.80, 472916, 1128
1785, 42, 36, 57, 5, 0, 1.72%, 0, 0, 6, 284.30, 474387, 1128
1791, 42, 56, 57, 5, 0, 1.72%, 0, 0, 6, 284.60, 475834, 1128
1796, 42, 35, 57, 5, 0, 1.72%, 0, 0, 6, 272.09, 477204, 1128
1801, 42, 36, 57, 4, 0, 1.72%, 0, 0, 6, 254.52, 478416, 1128
1806, 42, 35, 57, 4, 0, 1.72%, 0, 0, 6, 255.50, 479706, 1128
1811, 42, 15, 57, 4, 0, 1.72%, 0, 0, 6, 235.26, 480892, 1128
1816, 42, 5, 57, 4, 0, 1.72%, 0, 0, 6, 248.82, 482132, 1128
1821, 42, 35, 57, 4, 0, 1.72%, 0, 0, 6, 266.47, 483508, 1128
1826, 43, 35, 57, 4, 0, 1.72%, 0, 0, 6, 258.46, 484785, 1128
1831, 43, 38, 57, 4, 0, 1.72%, 0, 0, 6, 258.74, 486118, 1128
1836, 43, 35, 57, 4, 0, 1.72%, 0, 0, 6, 273.74, 487513, 1128
1841, 43, 5, 57, 4, 0, 1.72%, 0, 0, 6, 295.41, 489005, 1128
1846, 43, 5, 57, 4, 0, 1.72%, 0, 0, 6, 288.31, 490496, 1128
1851, 43, 45, 57, 4, 0, 1.72%, 0, 0, 6, 278.87, 491892, 1128
1857, 43, 35, 57, 4, 0, 1.72%, 0, 0, 6, 283.20, 493377, 1128
1862, 44, 35, 57, 4, 0, 1.72%, 0, 0, 6, 286.85, 494869, 1128
1867, 44, 35, 57, 4, 0, 1.72%, 0, 0, 6, 259.41, 496145, 1128
1872, 44, 5, 57, 4, 0, 1.72%, 0, 0, 6, 251.81, 497393, 1128
1877, 44, 36, 57, 4, 0, 1.72%, 0, 0, 6, 268.09, 498746, 1128
1882, 44, 40, 57, 4, 0, 1.72%, 0, 0, 6, 281.54, 500195, 1128
1887, 44, 35, 57, 4, 0, 1.72%, 0, 0, 6, 275.55, 501565, 1128
1892, 44, 45, 57, 4, 0, 1.72%, 0, 0, 6, 255.52, 502842, 1128
1897, 44, 45, 57, 4, 0, 1.72%, 0, 0, 6, 245.82, 504034, 1128
1902, 45, 40, 57, 4, 0, 1.72%, 0, 0, 6, 286.30, 505523, 1128
1907, 45, 56, 57, 4, 0, 1.72%, 0, 0, 6, 286.51, 506976, 1128
1912, 45, 56, 57, 4, 0, 1.72%, 0, 0, 6, 271.70, 508329, 1128
1917, 45, 35, 57, 4, 0, 1.72%, 0, 0, 6, 280.91, 509751, 1128
1922, 45, 40, 57, 4, 0, 1.72%, 0, 0, 6, 299.76, 511239, 1128
1927, 45, 0, 57, 4, 0, 1.72%, 0, 0, 6, 279.33, 512636, 1128
1932, 45, 40, 57, 4, 0, 1.72%, 0, 0, 6, 286.07, 514110, 1128
1938, 45, 5, 57, 4, 0, 1.72%, 0, 0, 6, 301.24, 515674, 1128
1943, 46, 5, 57, 4, 0, 1.72%, 0, 0, 6, 272.95, 516975, 1128
1948, 46, 5, 57, 4, 0, 1.72%, 0, 0, 6, 273.50, 518341, 1128
1953, 46, 56, 57, 4, 0, 1.72%, 0, 0, 6, 277.42, 519731, 1128
1958, 46, 5, 57, 4, 0, 1.72%, 0, 0, 6, 272.95, 521121, 1128
1963, 46, 35, 57, 4, 0, 1.72%, 0, 0, 6, 268.48, 522478, 1128
1968, 46, 50, 57, 4, 0, 1.72%, 0, 0, 6, 274.88, 523939, 1128
1973, 46, 35, 57, 4, 0, 1.72%, 0, 0, 6, 272.88, 525342, 1128
1978, 47, 40, 57, 4, 0, 1.72%, 0, 0, 6, 285.99, 526755, 1128
1983, 47, 35, 57, 4, 0, 1.72%, 0, 0, 6, 309.57, 528418, 1128
1988, 47, 36, 57, 4, 0, 1.72%, 0, 0, 6, 280.06, 529800, 1128
1993, 47, 23, 57, 4, 0, 1.72%, 0, 0, 6, 265.01, 531122, 1128
1998, 47, 35, 57, 4, 0, 1.72%, 0, 0, 6, 277.44, 532534, 1128
2003, 47, 5, 57, 4, 0, 1.72%, 0, 0, 6, 298.86, 534144, 1128
2009, 47, 35, 57, 4, 0, 1.72%, 0, 0, 6, 269.70, 535522, 1128
2014, 47, 56, 57, 4, 0, 1.72%, 0, 0, 6, 271.91, 536909, 1128
2019, 48, 44, 57, 4, 0, 1.72%, 0, 0, 6, 275.72, 538384, 1128
2024, 48, 35, 57, 3, 0, 1.72%, 0, 0, 6, 269.13, 539739, 1128
2029, 48, 56, 57, 3, 0, 1.72%, 0, 0, 6, 278.21, 541221, 1128
2034, 48, 5, 57, 3, 0, 1.72%, 0, 0, 6, 279.56, 542669, 1128
2039, 48, 43, 57, 3, 0, 1.72%, 0, 0, 6, 272.52, 544037, 1128
2044, 48, 5, 57, 3, 0, 1.72%, 0, 0, 6, 279.38, 545466, 1128
2049, 48, 5, 57, 3, 0, 1.72%, 0, 0, 6, 286.26, 546985, 1128
2055, 49, 44, 57, 3, 0, 1.72%, 0, 0, 6, 275.53, 548445, 1128
2060, 49, 56, 57, 3, 0, 1.72%, 0, 0, 6, 266.68, 549859, 1128
2065, 49, 23, 57, 3, 0, 1.72%, 0, 0, 6, 281.54, 551330, 1128
2070, 49, 44, 57, 3, 0, 1.72%, 0, 0, 6, 269.16, 552702, 1128
2075, 49, 23, 57, 3, 0, 1.72%, 0, 0, 6, 267.23, 554043, 1128
2080, 49, 35, 57, 3, 0, 1.72%, 0, 0, 6, 281.86, 555518, 1128
2085, 49, 56, 57, 3, 0, 1.72%, 0, 0, 6, 295.56, 556993, 1128
2090, 50, 5, 57, 3, 0, 1.72%, 0, 0, 6, 313.01, 558584, 1128
2096, 50, 36, 57, 3, 0, 1.72%, 0, 0, 6, 288.54, 559969, 1128
2101, 50, 44, 57, 3, 0, 1.72%, 0, 0, 6, 275.77, 561309, 1128
2106, 50, 40, 57, 3, 0, 1.72%, 0, 0, 6, 301.38, 562838, 1128
2111, 50, 5, 57, 3, 0, 1.72%, 0, 0, 6, 304.11, 564414, 1128
2116, 50, 35, 57, 3, 0, 1.72%, 0, 0, 6, 266.46, 565714, 1128
2121, 50, 5, 57, 3, 0, 1.72%, 0, 0, 6, 301.47, 567238, 1128
2126, 51, 36, 57, 3, 0, 1.72%, 0, 0, 6, 285.98, 568664, 1128
2131, 51, 5, 57, 3, 0, 1.72%, 0, 0, 6, 282.85, 570104, 1128
2136, 51, 36, 57, 3, 0, 1.72%, 0, 0, 6, 268.47, 571461, 1128
2141, 51, 31, 57, 3, 0, 1.72%, 0, 0, 6, 239.82, 572738, 1128
2146, 51, 46, 57, 3, 0, 1.72%, 0, 0, 6, 280.26, 574091, 1128
2151, 51, 56, 57, 3, 0, 1.72%, 0, 0, 6, 291.29, 575559, 1128
2156, 52, 15, 57, 3, 0, 1.72%, 0, 0, 6, 277.29, 576937, 1128
2161, 52, 53, 57, 3, 0, 1.72%, 0, 0, 6, 277.40, 578387, 1128
2166, 52, 5, 57, 3, 0, 1.72%, 0, 0, 6, 275.51, 579749, 1128
2171, 52, 36, 57, 3, 0, 1.72%, 0, 0, 6, 273.85, 581133, 1128
2176, 52, 5, 57, 3, 0, 1.72%, 0, 0, 6, 276.37, 582535, 1128
2181, 52, 35, 57, 3, 0, 1.72%, 0, 0, 6, 282.44, 583965, 1128
2186, 52, 5, 57, 3, 0, 1.72%, 0, 0, 6, 290.07, 585446, 1128
2191, 52, 50, 57, 3, 0, 1.72%, 0, 0, 6, 285.61, 586873, 1128
2197, 52, 5, 57, 3, 0, 1.72%, 0, 0, 6, 292.89, 588377, 1128
2202, 53, 50, 57, 3, 0, 1.72%, 0, 0, 6, 278.82, 589787, 1128
2207, 53, 36, 57, 3, 0, 1.72%, 0, 0, 6, 284.47, 591255, 1128
2212, 53, 35, 57, 3, 0, 1.72%, 0, 0, 6, 292.32, 592790, 1128
2217, 53, 35, 57, 3, 0, 1.72%, 0, 0, 6, 281.35, 594287, 1128
2222, 53, 5, 57, 3, 0, 1.72%, 0, 0, 6, 278.36, 595704, 1128
2228, 53, 5, 57, 3, 0, 1.72%, 0, 0, 6, 279.51, 597172, 1128
2233, 54, 5, 57, 3, 0, 1.72%, 0, 0, 6, 293.57, 598697, 1128
2238, 54, 36, 57, 3, 0, 1.72%, 0, 0, 6, 277.69, 600064, 1128
2243, 54, 35, 57, 3, 0, 1.72%, 0, 0, 6, 286.41, 601540, 1128
2248, 54, 23, 57, 3, 0, 1.72%, 0, 0, 6, 280.62, 602924, 1128
2253, 54, 15, 57, 3, 0, 1.72%, 0, 0, 6, 280.01, 604325, 1128
2258, 54, 44, 57, 3, 0, 1.72%, 0, 0, 6, 276.00, 605711, 1128
2263, 54, 36, 57, 3, 0, 1.72%, 0, 0, 6, 282.16, 607129, 1128
2268, 54, 45, 57, 3, 0, 1.72%, 0, 0, 6, 266.94, 608431, 1128
2273, 55, 5, 57, 3, 0, 1.72%, 0, 0, 6, 266.14, 609764, 1128
2278, 55, 35, 57, 2, 0, 1.72%, 0, 0, 6, 274.07, 611161, 1128
2283, 55, 23, 57, 2, 0, 1.72%, 0, 0, 6, 266.98, 612550, 1128
2288, 55, 40, 57, 2, 0, 1.72%, 0, 0, 6, 292.65, 614050, 1128
2294, 55, 23, 57, 2, 0, 1.72%, 0, 0, 6, 276.14, 615466, 1128
2299, 55, 31, 57, 2, 0, 1.72%, 0, 0, 6, 228.08, 616651, 1128
2304, 55, 36, 57, 2, 0, 1.72%, 0, 0, 6, 262.73, 617893, 1128
2309, 55, 56, 57, 2, 0, 1.72%, 0, 0, 6, 253.82, 619183, 1128
2314, 55, 31, 57, 2, 0, 1.72%, 0, 0, 6, 225.81, 620429, 1128
2319, 56, 40, 57, 2, 0, 1.72%, 0, 0, 6, 290.34, 621934, 1128
2324, 56, 36, 57, 2, 0, 1.72%, 0, 0, 6, 282.33, 623400, 1128
2329, 56, 0, 57, 2, 0, 1.72%, 0, 0, 6, 271.25, 624752, 1128
2334, 56, 5, 57, 2, 0, 1.72%, 0, 0, 6, 275.66, 626137, 1128
2339, 56, 45, 57, 2, 0, 1.72%, 0, 0, 6, 275.41, 627501, 1128
2344, 56, 36, 57, 2, 0, 1.72%, 0, 0, 6, 281.32, 628938, 1128
2349, 56, 53, 57, 2, 0, 1.72%, 0, 0, 6, 275.43, 630337, 1128
2354, 57, 36, 57, 2, 0, 1.72%, 0, 0, 6, 282.43, 631777, 1128
2359, 57, 35, 57, 2, 0, 1.72%, 0, 0, 6, 271.86, 633141, 1128
2365, 57, 53, 57, 2, 0, 1.72%, 0, 0, 6, 265.62, 634453, 1128
2370, 57, 5, 57, 2, 0, 1.72%, 0, 0, 6, 281.58, 635916, 1128
2375, 57, 44, 57, 2, 0, 1.72%, 0, 0, 6, 269.17, 637255, 1128
2380, 57, 15, 57, 2, 0, 1.72%, 0, 0, 6, 267.92, 638620, 1128
2385, 57, 36, 57, 2, 0, 1.72%, 0, 0, 6, 279.03, 640055, 1128
2390, 58, 56, 57, 2, 0, 1.72%, 0, 0, 6, 274.69, 641484, 1128
2395, 58, 36, 57, 2, 0, 1.72%, 0, 0, 6, 287.48, 642937, 1128
2400, 58, 50, 57, 2, 0, 1.72%, 0, 0, 6, 267.79, 644344, 1128
2405, 58, 5, 57, 2, 0, 1.72%, 0, 0, 6, 271.20, 645700, 1128
2411, 58, 5, 57, 2, 0, 1.72%, 0, 0, 6, 287.57, 647218, 1128
2416, 58, 35, 57, 2, 0, 1.72%, 0, 0, 6, 272.89, 648633, 1128
2421, 58, 2, 57, 2, 0, 1.72%, 0, 0, 6, 284.31, 650089, 1128
2426, 59, 56, 57, 2, 0, 1.72%, 0, 0, 6, 274.20, 651501, 1128
2431, 59, 5, 57, 2, 0, 1.72%, 0, 0, 6, 269.86, 652870, 1128
2436, 59, 28, 57, 2, 0, 1.72%, 0, 0, 6, 268.33, 654284, 1128
2441, 59, 5, 57, 2, 0, 1.72%, 0, 0, 6, 283.13, 655721, 1128
2446, 59, 36, 57, 2, 0, 1.72%, 0, 0, 6, 281.01, 657170, 1128
2452, 59, 46, 57, 2, 0, 1.72%, 0, 0, 6, 287.48, 658685, 1128
2457, 60, 56, 57, 2, 0, 1.72%, 0, 0, 6, 271.74, 659981, 1128
2462, 60, 36, 57, 2, 0, 1.72%, 0, 0, 6, 286.04, 661458, 1128
2467, 60, 23, 57, 2, 0, 1.72%, 0, 0, 6, 273.32, 662875, 1128
2472, 60, 5, 57, 2, 0, 1.72%, 0, 0, 6, 262.26, 664189, 1128
2477, 60, 44, 57, 2, 0, 1.72%, 0, 0, 6, 265.78, 665541, 1128
2482, 60, 36, 57, 2, 0, 1.72%, 0, 0, 6, 276.15, 666931, 1128
2487, 60, 50, 57, 2, 0, 1.72%, 0, 0, 6, 277.18, 668373, 1128
2492, 61, 36, 57, 2, 0, 1.72%, 0, 0, 6, 310.13, 669995, 1128
2498, 61, 35, 57, 2, 0, 1.72%, 0, 0, 6, 282.03, 671414, 1128
2503, 61, 56, 57, 2, 0, 1.72%, 0, 0, 6, 270.38, 672745, 1128
2508, 61, 5, 57, 2, 0, 1.72%, 0, 0, 6, 283.28, 674262, 1128
2513, 61, 40, 57, 2, 0, 1.72%, 0, 0, 6, 289.22, 675696, 1128
2518, 61, 56, 57, 2, 0, 1.72%, 0, 0, 6, 312.67, 677347, 1128
2523, 62, 35, 57, 2, 0, 1.72%, 0, 0, 6, 296.19, 678852, 1128
2528, 62, 36, 57, 2, 0, 1.72%, 0, 0, 6, 283.38, 680222, 1128
2533, 62, 35, 57, 2, 0, 1.72%, 0, 0, 6, 271.28, 681615, 1128
2538, 62, 56, 57, 2, 0, 1.72%, 0, 0, 6, 286.29, 683059, 1128
2543, 62, 2, 57, 2, 0, 1.72%, 0, 0, 6, 297.53, 684520, 1128
2549, 62, 35, 57, 2, 0, 1.72%, 0, 0, 6, 282.56, 685966, 1128
2554, 63, 35, 57, 2, 0, 1.72%, 0, 0, 6, 286.91, 687481, 1128
2559, 63, 40, 57, 2, 0, 1.72%, 0, 0, 6, 289.33, 689006, 1128
2564, 63, 36, 57, 2, 0, 1.72%, 0, 0, 6, 292.25, 690571, 1128
2569, 63, 5, 57, 2, 0, 1.72%, 0, 0, 6, 281.05, 692002, 1128
2575, 63, 35, 57, 2, 0, 1.72%, 0, 0, 6, 282.90, 693483, 1128
2580, 63, 56, 57, 2, 0, 1.72%, 0, 0, 6, 272.06, 694853, 1128
2585, 63, 35, 57, 2, 0, 1.72%, 0, 0, 6, 275.56, 696217, 1128
2590, 63, 50, 57, 2, 0, 1.72%, 0, 0, 6, 287.54, 697725, 1128
2595, 64, 5, 57, 2, 0, 1.72%, 0, 0, 6, 301.13, 699219, 1128
2600, 64, 50, 57, 2, 0, 1.72%, 0, 0, 6, 278.42, 700663, 1128
2605, 64, 5, 57, 2, 0, 1.72%, 0, 0, 6, 285.88, 702088, 1128
2610, 64, 46, 57, 2, 0, 1.72%, 0, 0, 6, 280.95, 703477, 1128
2615, 64, 5, 57, 2, 0, 1.72%, 0, 0, 6, 280.76, 704865, 1128
2620, 64, 5, 57, 2, 0, 1.72%, 0, 0, 6, 268.74, 706240, 1128
2625, 64, 35, 57, 2, 0, 1.72%, 0, 0, 6, 275.15, 707701, 1128
2630, 65, 36, 57, 2, 0, 1.72%, 0, 0, 6, 287.22, 709127, 1128
2636, 65, 35, 57, 2, 0, 1.72%, 0, 0, 6, 291.15, 710652, 1128
2641, 65, 35, 57, 2, 0, 1.72%, 0, 0, 6, 282.54, 712070, 1128
2646, 65, 45, 57, 2, 0, 1.72%, 0, 0, 6, 286.43, 713509, 1128
2651, 65, 35, 57, 2, 0, 1.72%, 0, 0, 6, 274.06, 714874, 1128
2656, 65, 35, 57, 2, 0, 1.72%, 0, 0, 6, 272.35, 716297, 1128
2661, 66, 36, 57, 2, 0, 1.72%, 0, 0, 6, 265.98, 717635, 1128
2666, 66, 53, 57, 2, 0, 1.72%, 0, 0, 6, 275.08, 719029, 1128
2671, 66, 40, 57, 2, 0, 1.72%, 0, 0, 6, 301.05, 720533, 1128
2676, 66, 35, 57, 2, 0, 1.72%, 0, 0, 6, 295.62, 722020, 1128
2681, 66, 2, 57, 2, 0, 1.72%, 0, 0, 6, 287.40, 723416, 1128
2686, 66, 35, 57, 2, 0, 1.72%, 0, 0, 6, 290.57, 724910, 1128
2691, 66, 5, 57, 2, 0, 1.72%, 0, 0, 6, 282.88, 726355, 1128
2696, 66, 15, 57, 2, 0, 1.72%, 0, 0, 6, 280.70, 727820, 1128
2702, 67, 36, 57, 2, 0, 1.72%, 0, 0, 6, 287.27, 729355, 1128
2707, 67, 35, 57, 2, 0, 1.72%, 0, 0, 6, 267.80, 730711, 1128
2712, 67, 36, 57, 2, 0, 1.72%, 0, 0, 6, 288.05, 732186, 1128
2717, 67, 36, 57, 2, 0, 1.72%, 0, 0, 6, 277.35, 733586, 1128
2722, 67, 5, 57, 2, 0, 1.72%, 0, 0, 6, 284.62, 735019, 1128
2727, 67, 5, 57, 2, 0, 1.72%, 0, 0, 6, 272.62, 736382, 1128
2732, 67, 23, 57, 2, 0, 1.72%, 0, 0, 6, 261.04, 737673, 1128
2737, 68, 35, 57, 2, 0, 1.72%, 0, 0, 6, 280.16, 739167, 1128
2742, 68, 35, 57, 2, 0, 1.72%, 0, 0, 6, 287.64, 740687, 1128
2747, 68, 56, 57, 2, 0, 1.72%, 0, 0, 6, 281.83, 742089, 1128
2752, 68, 56, 57, 2, 0, 1.72%, 0, 0, 6, 288.16, 743576, 1128
2757, 68, 35, 57, 2, 0, 1.72%, 0, 0, 6, 277.44, 744943, 1128
2763, 68, 56, 57, 2, 0, 1.72%, 0, 0, 6, 277.54, 746306, 1128
2768, 69, 5, 57, 2, 0, 1.72%, 0, 0, 6, 277.83, 747765, 1128
2773, 69, 5, 57, 1, 0, 1.72%, 0, 0, 6, 278.23, 749209, 1128
2778, 69, 5, 57, 1, 0, 1.72%, 0, 0, 6, 298.27, 750724, 1128
2783, 69, 5, 57, 1, 0, 1.72%, 0, 0, 6, 295.68, 752217, 1128
2788, 69, 15, 57, 1, 0, 1.72%, 0, 0, 6, 273.93, 753616, 1128
2793, 69, 5, 57, 1, 0, 1.72%, 0, 0, 6, 275.08, 754996, 1128
2798, 69, 56, 57, 1, 0, 1.72%, 0, 0, 6, 280.28, 756420, 1128
2803, 70, 5, 57, 1, 0, 1.72%, 0, 0, 6, 284.76, 757891, 1128
2808, 70, 36, 57, 1, 0, 1.72%, 0, 0, 6, 281.35, 759304, 1128
2813, 70, 35, 57, 1, 0, 1.72%, 0, 0, 6, 276.70, 760707, 1128
2819, 70, 40, 57, 1, 0, 1.72%, 0, 0, 6, 301.66, 762262, 1128
2824, 70, 36, 57, 1, 0, 1.72%, 0, 0, 6, 268.54, 763613, 1128
2829, 70, 5, 57, 1, 0, 1.72%, 0, 0, 6, 265.91, 764948, 1128
2834, 70, 5, 57, 1, 0, 1.72%, 0, 0, 6, 274.10, 766341, 1128
2839, 70, 36, 57, 1, 0, 1.72%, 0, 0, 6, 284.85, 767771, 1128
2844, 70, 40, 57, 1, 0, 1.72%, 0, 0, 6, 293.25, 769283, 1128
2849, 71, 35, 57, 1, 0, 1.72%, 0, 0, 6, 283.62, 770747, 1128
2854, 71, 35, 57, 1, 0, 1.72%, 0, 0, 6, 287.94, 772251, 1128
2859, 71, 5, 57, 1, 0, 1.72%, 0, 0, 6, 263.44, 773574, 1128
2865, 71, 31, 57, 1, 0, 1.72%, 0, 0, 6, 260.70, 774953, 1128
2870, 71, 35, 57, 1, 0, 1.72%, 0, 0, 6, 235.89, 775982, 1128
2875, 71, 40, 57, 1, 0, 1.72%, 0, 0, 6, 279.70, 777422, 1128
2880, 71, 5, 57, 1, 0, 1.72%, 0, 0, 6, 283.44, 778921, 1128
2885, 71, 15, 57, 1, 0, 1.72%, 0, 0, 6, 290.74, 780353, 1128
2890, 72, 40, 57, 1, 0, 1.72%, 0, 0, 6, 281.89, 781723, 1128
2895, 72, 2, 57, 1, 0, 1.72%, 0, 0, 6, 289.66, 783207, 1128
2900, 72, 35, 57, 1, 0, 1.72%, 0, 0, 6, 276.25, 784609, 1128
2905, 72, 5, 57, 1, 0, 1.72%, 0, 0, 6, 275.51, 786007, 1128
2910, 72, 36, 57, 1, 0, 1.72%, 0, 0, 6, 280.21, 787469, 1128
2915, 72, 35, 57, 1, 0, 1.72%, 0, 0, 6, 275.14, 788855, 1128
2920, 72, 38, 57, 1, 0, 1.72%, 0, 0, 6, 266.69, 790252, 1128
2926, 73, 44, 57, 1, 0, 1.72%, 0, 0, 6, 257.60, 791549, 1128
2931, 73, 36, 57, 1, 0, 1.72%, 0, 0, 6, 259.47, 792852, 1128
2936, 73, 23, 57, 1, 0, 1.72%, 0, 0, 6, 271.82, 794264, 1128
2941, 73, 2, 57, 1, 0, 1.72%, 0, 0, 6, 279.97, 795718, 1128
2946, 73, 5, 57, 1, 0, 1.72%, 0, 0, 6, 265.57, 797041, 1128
2951, 73, 35, 57, 1, 0, 1.72%, 0, 0, 6, 276.37, 798471, 1128
2956, 73, 45, 57, 1, 0, 1.72%, 0, 0, 6, 269.82, 799811, 1128
2961, 74, 40, 57, 1, 0, 1.72%, 0, 0, 6, 291.83, 801318, 1128
2966, 74, 5, 57, 1, 0, 1.72%, 0, 0, 6, 282.70, 802755, 1128
2971, 74, 5, 57, 1, 0, 1.72%, 0, 0, 6, 289.47, 804245, 1128
2976, 74, 35, 57, 1, 0, 1.72%, 0, 0, 6, 270.36, 805596, 1128
2981, 74, 23, 57, 1, 0, 1.72%, 0, 0, 6, 271.61, 806959, 1128
2986, 74, 45, 57, 1, 0, 1.72%, 0, 0, 6, 272.36, 808322, 1128
2992, 74, 5, 57, 1, 0, 1.72%, 0, 0, 6, 274.13, 809748, 1128
2997, 74, 35, 57, 1, 0, 1.72%, 0, 0, 6, 274.12, 811122, 1128
3002, 75, 44, 57, 1, 0, 1.72%, 0, 0, 6, 273.76, 812505, 1128
3007, 75, 56, 57, 1, 0, 1.72%, 0, 0, 6, 287.22, 813979, 1128
3012, 75, 5, 57, 1, 0, 1.72%, 0, 0, 6, 287.15, 815468, 1128
3017, 75, 31, 57, 1, 0, 1.72%, 0, 0, 6, 242.57, 816746, 1128
3022, 75, 36, 57, 1, 0, 1.72%, 0, 0, 6, 260.86, 817973, 1128
3027, 75, 56, 57, 1, 0, 1.72%, 0, 0, 6, 281.24, 819416, 1128
3032, 75, 35, 57, 1, 0, 1.72%, 0, 0, 6, 302.02, 820978, 1128
3037, 76, 45, 57, 1, 0, 1.72%, 0, 0, 6, 278.54, 822358, 1128
3042, 76, 36, 57, 1, 0, 1.72%, 0, 0, 6, 291.51, 823863, 1128
3047, 76, 35, 57, 1, 0, 1.72%, 0, 0, 6, 276.81, 825239, 1128
3053, 76, 5, 57, 1, 0, 1.72%, 0, 0, 6, 274.72, 826678, 1128
3058, 76, 35, 57, 1, 0, 1.72%, 0, 0, 6, 267.74, 828039, 1128
3063, 76, 23, 57, 1, 0, 1.72%, 0, 0, 6, 276.71, 829440, 1128
3068, 76, 15, 57, 1, 0, 1.72%, 0, 0, 6, 272.63, 830857, 1128
3073, 76, 31, 57, 1, 0, 1.72%, 0, 0, 6, 223.22, 832020, 1128
3078, 77, 43, 57, 1, 0, 1.72%, 0, 0, 6, 257.63, 833293, 1128
3083, 77, 23, 57, 1, 0, 1.72%, 0, 0, 6, 275.93, 834741, 1128
3088, 77, 35, 57, 1, 0, 1.72%, 0, 0, 6, 267.93, 836072, 1128
3093, 77, 2, 57, 1, 0, 1.72%, 0, 0, 6, 271.96, 837412, 1128
3098, 77, 5, 57, 1, 0, 1.72%, 0, 0, 6, 279.81, 838834, 1128
3103, 77, 35, 57, 1, 0, 1.72%, 0, 0, 6, 261.42, 840131, 1128
3108, 77, 35, 57, 1, 0, 1.72%, 0, 0, 6, 266.70, 841461, 1128
3114, 78, 35, 57, 1, 0, 1.72%, 0, 0, 6, 273.66, 842898, 1128
3119, 78, 53, 57, 1, 0, 1.72%, 0, 0, 6, 273.54, 844298, 1128
3124, 78, 44, 57, 1, 0, 1.72%, 0, 0, 6, 262.34, 845610, 1128
3129, 78, 35, 57, 1, 0, 1.72%, 0, 0, 6, 273.92, 846971, 1128
3134, 78, 35, 57, 1, 0, 1.72%, 0, 0, 6, 263.05, 848259, 1128
3139, 78, 53, 57, 1, 0, 1.72%, 0, 0, 6, 272.64, 849708, 1128
3144, 79, 50, 57, 1, 0, 1.72%, 0, 0, 6, 280.62, 851117, 1128
3149, 79, 46, 57, 1, 0, 1.72%, 0, 0, 6, 284.76, 852521, 1128
3154, 79, 56, 57, 1, 0, 1.72%, 0, 0, 6, 284.59, 853971, 1128
3159, 79, 5, 57, 1, 0, 1.72%, 0, 0, 6, 279.14, 855327, 1128
3164, 79, 36, 57, 1, 0, 1.72%, 0, 0, 6, 285.53, 856754, 1128
3169, 79, 35, 57, 1, 0, 1.72%, 0, 0, 6, 286.53, 858269, 1128
3174, 79, 40, 57, 1, 0, 1.72%, 0, 0, 6, 287.35, 859670, 1128
3179, 80, 5, 57, 1, 0, 1.72%, 0, 0, 6, 292.30, 861156, 1128
3184, 80, 15, 57, 1, 0, 1.72%, 0, 0, 6, 265.14, 862457, 1128
3190, 80, 50, 57, 1, 0, 1.72%, 0, 0, 6, 218.45, 863488, 1128
3195, 80, 23, 57, 1, 0, 1.72%, 0, 0, 6, 253.12, 864851, 1128
3200, 80, 35, 57, 1, 0, 1.72%, 0, 0, 6, 272.57, 866231, 1128
3205, 80, 5, 57, 1, 0, 1.72%, 0, 0, 6, 283.95, 867707, 1128
3210, 80, 46, 57, 1, 0, 1.72%, 0, 0, 6, 273.67, 869121, 1128
3215, 81, 5, 57, 1, 0, 1.72%, 0, 0, 6, 284.04, 870545, 1128
3220, 81, 0, 57, 1, 0, 1.72%, 0, 0, 6, 270.42, 871957, 1128
3225, 81, 5, 57, 1, 0, 1.72%, 0, 0, 6, 273.11, 873360, 1128
3231, 81, 2, 57, 1, 0, 1.72%, 0, 0, 6, 286.03, 874854, 1128
3236, 81, 2, 57, 1, 0, 1.72%, 0, 0, 6, 287.08, 876287, 1128
3241, 81, 36, 57, 1, 0, 1.72%, 0, 0, 6, 292.92, 877824, 1128
3246, 82, 35, 57, 1, 0, 1.72%, 0, 0, 6, 283.57, 879236, 1128
3251, 82, 46, 57, 1, 0, 1.72%, 0, 0, 6, 274.77, 880611, 1128
3256, 82, 35, 57, 1, 0, 1.72%, 0, 0, 6, 269.26, 881986, 1128
3261, 82, 35, 57, 1, 0, 1.72%, 0, 0, 6, 262.49, 883333, 1128
3266, 82, 5, 57, 1, 0, 1.72%, 0, 0, 6, 278.87, 884730, 1128
3271, 82, 46, 57, 1, 0, 1.72%, 0, 0, 6, 269.14, 886088, 1128
3276, 83, 45, 57, 1, 0, 1.72%, 0, 0, 6, 276.72, 887515, 1128
3281, 83, 5, 57, 1, 0, 1.72%, 0, 0, 6, 271.61, 888878, 1128
3286, 83, 40, 57, 1, 0, 1.72%, 0, 0, 6, 306.14, 890482, 1128
3291, 83, 56, 57, 1, 0, 1.72%, 0, 0, 6, 283.69, 891881, 1128
3297, 83, 0, 57, 1, 0, 1.72%, 0, 0, 6, 223.52, 892860, 1128
3302, 83, 45, 57, 1, 0, 1.72%, 0, 0, 6, 258.21, 894218, 1128
3307, 83, 53, 57, 1, 0, 1.72%, 0, 0, 6, 262.09, 895535, 1128
3312, 84, 36, 57, 1, 0, 1.72%, 0, 0, 6, 269.16, 896869, 1128
3317, 84, 35, 57, 1, 0, 1.72%, 0, 0, 6, 270.11, 898249, 1128
3322, 84, 35, 57, 1, 0, 1.72%, 0, 0, 6, 259.96, 899594, 1128
3327, 84, 35, 57, 1, 0, 1.72%, 0, 0, 6, 264.22, 900936, 1128
3332, 84, 36, 57, 1, 0, 1.72%, 0, 0, 6, 276.70, 902389, 1128
3337, 85, 35, 57, 1, 0, 1.72%, 0, 0, 6, 275.08, 903772, 1128
3342, 85, 36, 57, 1, 0, 1.72%, 0, 0, 6, 275.35, 905159, 1128
3347, 85, 5, 57, 1, 0, 1.72%, 0, 0, 6, 274.18, 906542, 1128
3352, 85, 5, 57, 1, 0, 1.72%, 0, 0, 6, 283.52, 907992, 1128
3357, 85, 40, 57, 1, 0, 1.72%, 0, 0, 6, 295.67, 909441, 1128
3363, 85, 5, 57, 1, 0, 1.72%, 0, 0, 6, 282.83, 910906, 1128
3368, 85, 50, 57, 1, 0, 1.72%, 0, 0, 6, 287.41, 912425, 1128
3373, 86, 36, 57, 1, 0, 1.72%, 0, 0, 6, 277.75, 913845, 1128
3378, 86, 2, 57, 1, 0, 1.72%, 0, 0, 6, 280.73, 915258, 1128
3383, 86, 35, 57, 1, 0, 1.72%, 0, 0, 6, 267.23, 916651, 1128
3389, 86, 35, 57, 1, 0, 1.72%, 0, 0, 6, 260.68, 918022, 1128
3394, 86, 35, 57, 1, 0, 1.72%, 0, 0, 6, 272.74, 919414, 1128
3399, 86, 35, 57, 0, 0, 1.72%, 0, 0, 6, 117.00, 920295, 1128
3404, 87, 35, 57, 0, 0, 1.72%, 0, 0, 6, 227.84, 921647, 1128
3409, 87, 35, 57, 0, 0, 1.72%, 0, 0, 6, 259.74, 923042, 1128
3414, 87, 5, 57, 0, 0, 1.72%, 0, 0, 6, 269.42, 924437, 1128
3419, 87, 35, 57, 0, 0, 1.72%, 0, 0, 6, 270.14, 925816, 1128
3425, 87, 2, 57, 0, 0, 1.72%, 0, 0, 6, 273.87, 927217, 1128
3430, 87, 35, 57, 0, 0, 1.72%, 0, 0, 6, 291.80, 928755, 1128
3435, 88, 40, 57, 0, 0, 1.72%, 0, 0, 6, 303.48, 930261, 1128
3440, 88, 5, 57, 0, 0, 1.72%, 0, 0, 6, 281.24, 931694, 1128
3445, 88, 36, 57, 0, 0, 1.72%, 0, 0, 6, 281.88, 933162, 1128
3450, 88, 50, 57, 0, 0, 1.72%, 0, 0, 6, 265.95, 934522, 1128
3455, 88, 35, 57, 0, 0, 1.72%, 0, 0, 6, 275.15, 935919, 1128
3460, 88, 35, 57, 0, 0, 1.72%, 0, 0, 6, 281.15, 937356, 1128
3465, 88, 5, 57, 0, 0, 1.72%, 0, 0, 6, 275.17, 938715, 1128
3470, 89, 56, 57, 0, 0, 1.72%, 0, 0, 6, 280.28, 940136, 1128
3475, 89, 56, 57, 0, 0, 1.72%, 0, 0, 6, 276.38, 941522, 1128
3481, 89, 2, 57, 0, 0, 1.72%, 0, 0, 6, 278.09, 942983, 1128
3486, 89, 36, 57, 0, 0, 1.72%, 0, 0, 6, 269.93, 944334, 1128
3491, 89, 36, 57, 0, 0, 1.72%, 0, 0, 6, 275.35, 945743, 1128
3496, 90, 2, 57, 0, 0, 1.72%, 0, 0, 6, 291.58, 947180, 1128
3501, 90, 2, 57, 0, 0, 1.72%, 0, 0, 6, 279.58, 948571, 1128
3506, 90, 35, 57, 0, 0, 1.72%, 0, 0, 6, 271.93, 949971, 1128
3511, 90, 5, 57, 0, 0, 1.72%, 0, 0, 6, 281.84, 951367, 1128
3516, 90, 35, 57, 0, 0, 1.72%, 0, 0, 6, 267.98, 952701, 1128
3521, 90, 35, 57, 0, 0, 1.72%, 0, 0, 6, 273.23, 954138, 1128
3526, 91, 5, 57, 0, 0, 1.72%, 0, 0, 6, 285.51, 955576, 1128
3531, 91, 45, 57, 0, 0, 1.72%, 0, 0, 6, 274.65, 956926, 1128
3536, 91, 53, 57, 0, 0, 1.72%, 0, 0, 6, 276.36, 958351, 1128
3541, 91, 35, 57, 0, 0, 1.72%, 0, 0, 6, 269.54, 959720, 1128
3546, 91, 35, 57, 0, 0, 1.72%, 0, 0, 6, 277.72, 961192, 1128
3551, 91, 5, 57, 0, 0, 1.72%, 0, 0, 6, 241.66, 962321, 1128
3556, 91, 36, 57, 0, 0, 1.72%, 0, 0, 6, 275.72, 963766, 1128
3562, 92, 56, 57, 0, 0, 1.72%, 0, 0, 6, 260.98, 965118, 1128
3567, 92, 35, 57, 0, 0, 1.72%, 0, 0, 6, 266.16, 966484, 1128
3572, 92, 35, 57, 0, 0, 1.72%, 0, 0, 6, 269.20, 967892, 1128
3577, 92, 40, 57, 0, 0, 1.72%, 0, 0, 6, 295.26, 969385, 1128
3582, 92, 53, 57, 0, 0, 1.72%, 0, 0, 6, 282.10, 970802, 1128
3587, 92, 5, 57, 0, 0, 1.72%, 0, 0, 6, 273.67, 972178, 1128
3592, 92, 53, 57, 0, 0, 1.72%, 0, 0, 6, 279.46, 973577, 1128
3597, 93, 56, 57, 0, 0, 1.72%, 0, 0, 6, 277.36, 974991, 1128
3602, 93, 44, 57, 0, 0, 1.72%, 0, 0, 6, 278.81, 976401, 1128
3607, 93, 15, 57, 0, 0, 1.72%, 0, 0, 6, 273.02, 977777, 1128
3612, 93, 56, 57, 0, 0, 1.72%, 0, 0, 6, 283.37, 979271, 1128
3618, 93, 5, 57, 0, 0, 1.72%, 0, 0, 6, 289.53, 980772, 1128
3623, 93, 2, 57, 0, 0, 1.72%, 0, 0, 6, 287.77, 982236, 1128
3628, 93, 23, 57, 0, 0, 1.72%, 0, 0, 6, 269.56, 983622, 1128
3633, 94, 2, 57, 0, 0, 1.72%, 0, 0, 6, 266.00, 984969, 1128
3638, 94, 38, 57, 0, 0, 1.72%, 0, 0, 6, 263.45, 986359, 1128
3643, 94, 5, 57, 0, 0, 1.72%, 0, 0, 6, 273.20, 987731, 1128
3648, 94, 56, 57, 0, 0, 1.72%, 0, 0, 6, 251.09, 988991, 1128
3653, 94, 2, 57, 0, 0, 1.72%, 0, 0, 6, 296.29, 990560, 1128
3658, 94, 36, 57, 0, 0, 1.72%, 0, 0, 6, 289.11, 992016, 1128
3663, 94, 46, 57, 0, 0, 1.72%, 0, 0, 6, 286.57, 993447, 1128
3668, 95, 56, 57, 0, 0, 1.72%, 0, 0, 6, 275.89, 994831, 1128
3674, 95, 36, 57, 0, 0, 1.72%, 0, 0, 6, 289.75, 996350, 1128
3679, 95, 2, 57, 0, 0, 1.72%, 0, 0, 6, 288.72, 997822, 1128
3684, 95, 35, 57, 0, 0, 1.72%, 0, 0, 6, 274.60, 999239, 1128
3689, 95, 50, 57, 0, 0, 1.72%, 0, 0, 6, 272.63, 1000626, 1128
3694, 95, 23, 57, 0, 0, 1.72%, 0, 0, 6, 273.20, 1002005, 1128
3699, 95, 36, 57, 0, 0, 1.72%, 0, 0, 6, 281.35, 1003454, 1128
3704, 96, 5, 57, 0, 0, 1.72%, 0, 0, 6, 286.17, 1004936, 1128
3709, 96, 45, 57, 0, 0, 1.72%, 0, 0, 6, 276.85, 1006366, 1128
3714, 96, 5, 57, 0, 0, 1.72%, 0, 0, 6, 280.17, 1007779, 1128
3720, 96, 36, 57, 0, 0, 1.72%, 0, 0, 6, 288.44, 1009259, 1128
3725, 96, 45, 57, 0, 0, 1.72%, 0, 0, 6, 274.95, 1010653, 1128
3730, 97, 35, 57, 0, 0, 1.72%, 0, 0, 6, 290.11, 1012091, 1128
3735, 97, 56, 57, 0, 0, 1.72%, 0, 0, 6, 287.23, 1013559, 1128
3740, 97, 35, 57, 0, 0, 1.72%, 0, 0, 6, 291.88, 1015119, 1128
3745, 97, 46, 57, 0, 0, 1.72%, 0, 0, 6, 267.93, 1016464, 1128
3750, 97, 40, 57, 0, 0, 1.72%, 0, 0, 6, 288.99, 1017969, 1128
3755, 97, 2, 57, 0, 0, 1.72%, 0, 0, 6, 293.08, 1019499, 1128
3760, 97, 56, 57, 0, 0, 1.72%, 0, 0, 6, 297.95, 1021014, 1128
3766, 97, 45, 57, 0, 0, 1.72%, 0, 0, 6, 275.26, 1022391, 1128
3771, 98, 2, 57, 0, 0, 1.72%, 0, 0, 6, 269.80, 1023814, 1128
3776, 98, 40, 57, 0, 0, 1.72%, 0, 0, 6, 288.50, 1025322, 1128
3781, 98, 5, 57, 0, 0, 1.72%, 0, 0, 6, 279.17, 1026743, 1128
3786, 98, 5, 57, 0, 0, 1.72%, 0, 0, 6, 275.75, 1028116, 1128
3791, 98, 36, 57, 0, 0, 1.72%, 0, 0, 6, 277.60, 1029556, 1128
3796, 98, 35, 57, 0, 0, 1.72%, 0, 0, 6, 282.60, 1031066, 1128
3801, 98, 44, 57, 0, 0, 1.72%, 0, 0, 6, 239.87, 1032125, 1128
3807, 98, 5, 57, 0, 0, 1.72%, 0, 0, 6, 264.32, 1033529, 1128
3812, 99, 36, 57, 0, 0, 1.72%, 0, 0, 6, 269.82, 1034937, 1128
3817, 99, 36, 57, 0, 0, 1.72%, 0, 0, 6, 298.35, 1036474, 1128
3822, 99, 5, 57, 0, 0, 1.72%, 0, 0, 6, 286.46, 1037904, 1128
3827, 99, 35, 57, 0, 0, 1.72%, 0, 0, 6, 278.42, 1039316, 1128
3832, 99, 5, 57, 0, 0, 1.72%, 0, 0, 6, 279.73, 1040750, 1128
3838, 99, 15, 57, 0, 0, 1.72%, 0, 0, 6, 273.58, 1042175, 1128
3843, 99, 53, 57, 0, 0, 1.72%, 0, 0, 6, 280.65, 1043635, 1128
3848, 99, 2, 57, 0, 0, 1.72%, 0, 0, 6, 280.28, 1045102, 1128
3853, 100, 5, 57, 0, 0, 1.72%, 0, 0, 6, 277.71, 1046564, 1128
3858, 100, 35, 57, 0, 0, 1.72%, 0, 0, 6, 300.66, 1048107, 1128
3863, 100, 1, 57, 0, 0, 1.72%, 0, 0, 6, 287.08, 1049517, 1128
3868, 100, 35, 57, 0, 0, 1.72%, 0, 0, 6, 272.44, 1050864, 1128
3873, 100, 35, 57, 0, 0, 1.72%, 0, 0, 6, 270.67, 1052236, 1128
3878, 100, 35, 57, 0, 0, 1.72%, 0, 0, 6, 263.64, 1053556, 1128
3883, 100, 35, 57, 0, 0, 1.72%, 0, 0, 6, 279.59, 1055000, 1128
3888, 101, 35, 57, 0, 0, 1.72%, 0, 0, 6, 267.72, 1056338, 1128
3894, 101, 53, 57, 0, 0, 1.72%, 0, 0, 6, 269.88, 1057733, 1128
3899, 101, 40, 57, 0, 0, 1.72%, 0, 0, 6, 289.08, 1059185, 1128
3904, 101, 53, 57, 0, 0, 1.72%, 0, 0, 6, 274.65, 1060588, 1128
3909, 101, 40, 57, 0, 0, 1.72%, 0, 0, 6, 287.70, 1062041, 1128
3914, 101, 5, 57, 0, 0, 1.72%, 0, 0, 6, 272.88, 1063409, 1128
3919, 101, 36, 57, 0, 0, 1.72%, 0, 0, 6, 276.42, 1064786, 1128
3924, 101, 44, 57, 0, 0, 1.72%, 0, 0, 6, 277.42, 1066251, 1128
3929, 102, 36, 57, 0, 0, 1.72%, 0, 0, 6, 273.64, 1067642, 1128
3934, 102, 35, 57, 0, 0, 1.72%, 0, 0, 6, 273.96, 1069074, 1128
3939, 102, 36, 57, 0, 0, 1.72%, 0, 0, 6, 264.46, 1070378, 1128
3944, 102, 35, 57, 0, 0, 1.72%, 0, 0, 6, 216.21, 1071453, 1128
3950, 102, 35, 57, 0, 0, 1.72%, 0, 0, 6, 252.42, 1072775, 1128
3955, 102, 35, 57, 0, 0, 1.72%, 0, 0, 6, 266.55, 1074150, 1128
3960, 102, 5, 57, 0, 0, 1.72%, 0, 0, 6, 269.28, 1075485, 1128
3965, 103, 15, 57, 0, 0, 1.72%, 0, 0, 6, 275.71, 1076923, 1128
3970, 103, 35, 57, 0, 0, 1.72%, 0, 0, 6, 267.31, 1078266, 1128
3975, 103, 35, 57, 0, 0, 1.72%, 0, 0, 6, 274.34, 1079688, 1128
3980, 103, 56, 57, 0, 0, 1.72%, 0, 0, 6, 272.31, 1081079, 1128
3985, 103, 5, 57, 0, 0, 1.72%, 0, 0, 6, 276.99, 1082466, 1128
3990, 103, 5, 57, 0, 0, 1.72%, 0, 0, 6, 279.39, 1083951, 1128
3995, 103, 1, 57, 0, 0, 1.72%, 0, 0, 6, 285.07, 1085440, 1128
4001, 104, 36, 57, 0, 0, 1.72%, 0, 0, 6, 265.16, 1086781, 1128
4006, 104, 15, 57, 0, 0, 1.72%, 0, 0, 6, 265.35, 1088107, 1128
4011, 104, 50, 57, 0, 0, 1.72%, 0, 0, 6, 270.11, 1089481, 1128
4016, 104, 53, 57, 0, 0, 1.72%, 0, 0, 6, 274.66, 1090965, 1128
4021, 104, 5, 57, 0, 0, 1.72%, 0, 0, 6, 279.41, 1092353, 1128
4026, 104, 36, 57, 0, 0, 1.72%, 0, 0, 6, 283.92, 1093788, 1128
4031, 105, 31, 57, 0, 0, 1.72%, 0, 0, 6, 224.56, 1094973, 1128
4036, 105, 35, 57, 0, 0, 1.72%, 0, 0, 6, 247.72, 1096247, 1128
4041, 105, 35, 57, 0, 0, 1.72%, 0, 0, 6, 264.92, 1097603, 1128
4046, 105, 36, 57, 0, 0, 1.72%, 0, 0, 6, 278.00, 1099020, 1128
4051, 105, 2, 57, 0, 0, 1.72%, 0, 0, 6, 289.11, 1100504, 1128
4056, 105, 9, 57, 0, 0, 1.72%, 0, 0, 6, 221.74, 1101689, 1128
4061, 105, 35, 57, 0, 0, 1.72%, 0, 0, 6, 248.21, 1102977, 1128
4066, 106, 5, 57, 0, 0, 1.72%, 0, 0, 6, 278.27, 1104404, 1128
4071, 106, 35, 57, 0, 0, 1.72%, 0, 0, 6, 275.67, 1105786, 1128
4076, 106, 1, 57, 0, 0, 1.72%, 0, 0, 6, 268.41, 1107137, 1128
4082, 106, 35, 57, 0, 0, 1.72%, 0, 0, 6, 275.42, 1108566, 1128
4087, 106, 2, 57, 0, 0, 1.72%, 0, 0, 6, 272.21, 1109978, 1128
4092, 106, 5, 57, 0, 0, 1.72%, 0, 0, 6, 292.13, 1111545, 1128
4097, 107, 35, 57, 0, 0, 1.72%, 0, 0, 6, 280.42, 1112939, 1128
4102, 107, 35, 57, 0, 0, 1.72%, 0, 0, 6, 280.62, 1114385, 1128
4107, 107, 45, 57, 0, 0, 1.72%, 0, 0, 6, 272.15, 1115767, 1128
4112, 107, 35, 57, 0, 0, 1.72%, 0, 0, 6, 273.09, 1117116, 1128
4117, 107, 23, 57, 0, 0, 1.72%, 0, 0, 6, 274.24, 1118496, 1128
4122, 107, 50, 57, 0, 0, 1.72%, 0, 0, 6, 268.59, 1119830, 1128
4128, 107, 40, 57, 0, 0, 1.72%, 0, 0, 6, 299.09, 1121375, 1128
4133, 107, 35, 57, 0, 0, 1.72%, 0, 0, 6, 269.74, 1122718, 1128
4138, 108, 35, 57, 0, 0, 1.72%, 0, 0, 6, 289.87, 1124233, 1128
4143, 108, 35, 57, 0, 0, 1.72%, 0, 0, 6, 291.08, 1125728, 1128
4148, 108, 5, 57, 0, 0, 1.72%, 0, 0, 6, 292.70, 1127233, 1128
4153, 108, 35, 57, 0, 0, 1.72%, 0, 0, 6, 280.73, 1128618, 1128
4158, 108, 50, 57, 0, 0, 1.72%, 0, 0, 6, 281.73, 1130022, 1128
4163, 108, 36, 57, 0, 0, 1.72%, 0, 0, 6, 242.07, 1131141, 1128
4168, 109, 35, 57, 0, 0, 1.72%, 0, 0, 6, 271.39, 1132537, 1128
4173, 109, 38, 57, 0, 0, 1.72%, 0, 0, 6, 263.83, 1133858, 1128
4178, 109, 5, 57, 0, 0, 1.72%, 0, 0, 6, 272.11, 1135212, 1128
4183, 109, 36, 57, 0, 0, 1.72%, 0, 0, 6, 277.99, 1136616, 1128
4189, 109, 45, 57, 0, 0, 1.72%, 0, 0, 6, 279.37, 1138065, 1128
4194, 109, 43, 57, 0, 0, 1.72%, 0, 0, 6, 303.62, 1139575, 1128
4199, 109, 40, 57, 0, 0, 1.72%, 0, 0, 6, 260.57, 1140690, 1128
4204, 109, 5, 57, 0, 0, 1.72%, 0, 0, 6, 272.43, 1142097, 1128
4209, 110, 45, 57, 0, 0, 1.72%, 0, 0, 6, 274.56, 1143509, 1128
4214, 110, 35, 57, 0, 0, 1.72%, 0, 0, 6, 274.84, 1144884, 1128
4219, 110, 40, 57, 0, 0, 1.72%, 0, 0, 6, 286.08, 1146285, 1128
4224, 110, 36, 57, 0, 0, 1.72%, 0, 0, 6, 279.71, 1147719, 1128
4229, 110, 2, 57, 0, 0, 1.72%, 0, 0, 6, 292.23, 1149176, 1128
4234, 110, 2, 57, 0, 0, 1.72%, 0, 0, 6, 292.18, 1150670, 1128
4239, 110, 40, 57, 0, 0, 1.72%, 0, 0, 6, 285.62, 1152062, 1128
4244, 110, 5, 57, 0, 0, 1.72%, 0, 0, 6, 288.72, 1153517, 1128
4249, 111, 56, 57, 0, 0, 1.72%, 0, 0, 6, 270.64, 1154922, 1128
4254, 111, 36, 57, 0, 0, 1.72%, 0, 0, 6, 287.77, 1156395, 1128
4259, 111, 35, 57, 0, 0, 1.72%, 0, 0, 6, 293.55, 1157925, 1128
4264, 111, 5, 57, 0, 0, 1.72%, 0, 0, 6, 300.57, 1159417, 1128
4270, 111, 36, 57, 0, 0, 1.72%, 0, 0, 6, 289.46, 1160906, 1128
4275, 111, 5, 57, 0, 0, 1.72%, 0, 0, 6, 278.00, 1162335, 1128
4280, 112, 35, 57, 0, 0, 1.72%, 0, 0, 6, 276.87, 1163762, 1128
4285, 112, 35, 57, 0, 0, 1.72%, 0, 0, 6, 259.78, 1165113, 1128
4290, 112, 9, 57, 0, 0, 1.72%, 0, 0, 6, 230.61, 1166411, 1128
4295, 112, 35, 57, 0, 0, 1.72%, 0, 0, 6, 254.18, 1167654, 1128
4301, 112, 50, 57, 0, 0, 1.72%, 0, 0, 6, 269.80, 1169086, 1128
4306, 112, 23, 57, 0, 0, 1.72%, 0, 0, 6, 262.95, 1170420, 1128
4311, 112, 53, 57, 0, 0, 1.72%, 0, 0, 6, 266.81, 1171789, 1128
4316, 113, 56, 57, 0, 0, 1.72%, 0, 0, 6, 269.93, 1173150, 1128
4321, 113, 40, 57, 0, 0, 1.72%, 0, 0, 6, 281.51, 1174592, 1128
4326, 113, 44, 57, 0, 0, 1.72%, 0, 0, 6, 301.70, 1176157, 1128
4331, 113, 35, 57, 0, 0, 1.72%, 0, 0, 6, 285.35, 1177593, 1128
4336, 113, 35, 57, 0, 0, 1.72%, 0, 0, 6, 287.63, 1179093, 1128
4341, 113, 35, 57, 0, 0, 1.72%, 0, 0, 6, 275.54, 1180460, 1128
4346, 113, 35, 57, 0, 0, 1.72%, 0, 0, 6, 280.98, 1181889, 1128
4351, 113, 35, 57, 0, 0, 1.72%, 0, 0, 6, 307.21, 1183475, 1128
4356, 114, 2, 57, 0, 0, 1.72%, 0, 0, 6, 293.94, 1184883, 1128
4361, 114, 2, 57, 0, 0, 1.72%, 0, 0, 6, 279.87, 1186223, 1128
4366, 114, 5, 57, 0, 0, 1.72%, 0, 0, 6, 271.99, 1187615, 1128
4371, 114, 50, 57, 0, 0, 1.72%, 0, 0, 6, 258.64, 1188918, 1128
4376, 114, 40, 57, 0, 0, 1.72%, 0, 0, 6, 290.57, 1190366, 1128
4381, 114, 56, 57, 0, 0, 1.72%, 0, 0, 6, 297.73, 1191875, 1128
4387, 114, 56, 57, 0, 0, 1.72%, 0, 0, 6, 288.53, 1193296, 1128
4392, 115, 35, 57, 0, 0, 1.72%, 0, 0, 6, 274.64, 1194656, 1128
4397, 115, 15, 57, 0, 0, 1.72%, 0, 0, 6, 276.06, 1196052, 1128
4402, 115, 35, 57, 0, 0, 1.72%, 0, 0, 6, 290.18, 1197604, 1128
4407, 115, 50, 57, 0, 0, 1.72%, 0, 0, 6, 278.83, 1199064, 1128
4412, 115, 5, 57, 0, 0, 1.72%, 0, 0, 6, 270.69, 1200397, 1128
4417, 115, 36, 57, 0, 0, 1.72%, 0, 0, 6, 282.11, 1201870, 1128
4422, 116, 2, 57, 0, 0, 1.72%, 0, 0, 6, 287.97, 1203358, 1128
4427, 116, 38, 57, 0, 0, 1.72%, 0, 0, 6, 294.41, 1204864, 1128
4432, 116, 36, 57, 0, 0, 1.72%, 0, 0, 6, 279.69, 1206233, 1128
4437, 116, 40, 57, 0, 0, 1.72%, 0, 0, 6, 288.21, 1207662, 1128
4443, 116, 9, 57, 0, 0, 1.72%, 0, 0, 6, 234.70, 1208903, 1128
4448, 116, 35, 57, 0, 0, 1.72%, 0, 0, 6, 261.38, 1210290, 1128
4453, 116, 50, 57, 0, 0, 1.72%, 0, 0, 6, 288.74, 1211830, 1128
4458, 116, 53, 57, 0, 0, 1.72%, 0, 0, 6, 283.88, 1213314, 1128
4463, 117, 36, 57, 0, 0, 1.72%, 0, 0, 6, 266.64, 1214634, 1128
4468, 117, 50, 57, 0, 0, 1.72%, 0, 0, 6, 274.10, 1216064, 1128
4474, 117, 35, 57, 0, 0, 1.72%, 0, 0, 6, 290.56, 1217615, 1128
4479, 117, 35, 57, 0, 0, 1.72%, 0, 0, 6, 279.09, 1219003, 1128
4484, 117, 46, 57, 0, 0, 1.72%, 0, 0, 6, 266.85, 1220379, 1128
4489, 117, 36, 57, 0, 0, 1.72%, 0, 0, 6, 290.91, 1221850, 1128
4494, 117, 5, 57, 0, 0, 1.72%, 0, 0, 6, 284.35, 1223277, 1128
4499, 118, 2, 57, 0, 0, 1.72%, 0, 0, 6, 276.93, 1224706, 1128
4504, 118, 35, 57, 0, 0, 1.72%, 0, 0, 6, 270.15, 1226059, 1128
4509, 118, 31, 57, 0, 0, 1.72%, 0, 0, 6, 199.52, 1227147, 1128
4514, 118, 5, 57, 0, 0, 1.72%, 0, 0, 6, 255.53, 1228539, 1128
4520, 118, 36, 57, 0, 0, 1.72%, 0, 0, 6, 278.48, 1230008, 1128
4525, 118, 35, 57, 0, 0, 1.72%, 0, 0, 6, 299.02, 1231583, 1128
4530, 118, 2, 57, 0, 0, 1.72%, 0, 0, 6, 300.34, 1233116, 1128
4535, 118, 38, 57, 0, 0, 1.72%, 0, 0, 6, 262.49, 1234410, 1128
4540, 119, 35, 57, 0, 0, 1.72%, 0, 0, 6, 283.72, 1235867, 1128
4545, 119, 53, 57, 0, 0, 1.72%, 0, 0, 6, 266.79, 1237199, 1128
4551, 119, 50, 57, 0, 0, 1.72%, 0, 0, 6, 264.56, 1238596, 1128
4556, 119, 35, 57, 0, 0, 1.72%, 0, 0, 6, 265.64, 1239984, 1128
4561, 119, 23, 57, 0, 0, 1.72%, 0, 0, 6, 265.63, 1241333, 1128
4566, 119, 5, 57, 0, 0, 1.72%, 0, 0, 6, 263.32, 1242651, 1128
4571, 120, 35, 57, 0, 0, 1.72%, 0, 0, 6, 272.04, 1244005, 1128
4576, 120, 5, 57, 0, 0, 1.72%, 0, 0, 6, 274.78, 1245417, 1128
4581, 120, 5, 57, 0, 0, 1.72%, 0, 0, 6, 278.25, 1246821, 1128
4586, 120, 2, 57, 0, 0, 1.72%, 0, 0, 6, 292.45, 1248279, 1128
4591, 120, 35, 57, 0, 0, 1.72%, 0, 0, 6, 305.19, 1249813, 1128
4596, 120, 45, 57, 0, 0, 1.72%, 0, 0, 6, 277.82, 1251177, 1128
4601, 120, 2, 57, 0, 0, 1.72%, 0, 0, 6, 291.26, 1252606, 1128
4606, 121, 15, 57, 0, 0, 1.72%, 0, 0, 6, 299.62, 1254145, 1128
4611, 121, 5, 57, 0, 0, 1.72%, 0, 0, 6, 281.86, 1255595, 1128
4616, 121, 50, 57, 0, 0, 1.72%, 0, 0, 6, 281.70, 1257033, 1128
4622, 121, 5, 57, 0, 0, 1.72%, 0, 0, 6, 285.59, 1258517, 1128
4627, 121, 35, 57, 0, 0, 1.72%, 0, 0, 6, 295.27, 1260077, 1128
4632, 121, 36, 57, 0, 0, 1.72%, 0, 0, 6, 278.68, 1261422, 1128
4637, 121, 35, 57, 0, 0, 1.72%, 0, 0, 6, 272.83, 1262791, 1128
4642, 122, 35, 57, 0, 0, 1.72%, 0, 0, 6, 278.70, 1264201, 1128
4647, 122, 44, 57, 0, 0, 1.72%, 0, 0, 6, 268.06, 1265533, 1128
4652, 122, 53, 57, 0, 0, 1.72%, 0, 0, 6, 262.58, 1266884, 1128
4657, 122, 35, 57, 0, 0, 1.72%, 0, 0, 6, 279.73, 1268339, 1128
4662, 122, 35, 57, 0, 0, 1.72%, 0, 0, 6, 278.32, 1269779, 1128
4667, 122, 36, 57, 0, 0, 1.72%, 0, 0, 6, 281.66, 1271176, 1128
4672, 122, 44, 57, 0, 0, 1.72%, 0, 0, 6, 279.63, 1272583, 1128
4677, 123, 56, 57, 0, 0, 1.72%, 0, 0, 6, 286.32, 1274023, 1128
4683, 123, 56, 57, 0, 0, 1.72%, 0, 0, 6, 286.67, 1275498, 1128
4688, 123, 35, 57, 0, 0, 1.72%, 0, 0, 6, 271.96, 1276850, 1128
4693, 123, 50, 57, 0, 0, 1.72%, 0, 0, 6, 279.77, 1278261, 1128
4698, 123, 5, 57, 0, 0, 1.72%, 0, 0, 6, 286.07, 1279700, 1128
4703, 123, 35, 57, 0, 0, 1.72%, 0, 0, 6, 286.74, 1281106, 1128
4708, 123, 35, 57, 0, 0, 1.72%, 0, 0, 6, 271.09, 1282475, 1128
4713, 124, 23, 57, 0, 0, 1.72%, 0, 0, 6, 282.54, 1283908, 1128
4718, 124, 1, 57, 0, 0, 1.72%, 0, 0, 6, 285.61, 1285361, 1128
4723, 124, 35, 57, 0, 0, 1.72%, 0, 0, 6, 296.21, 1286897, 1128
4728, 124, 36, 57, 0, 0, 1.72%, 0, 0, 6, 286.54, 1288394, 1128
4733, 124, 5, 57, 0, 0, 1.72%, 0, 0, 6, 265.82, 1289689, 1128
4739, 124, 50, 57, 0, 0, 1.72%, 0, 0, 6, 285.04, 1291180, 1128
