# relative_time, cycles_done, cur_item, corpus_count, pending_total, pending_favs, map_size, saved_crashes, saved_hangs, max_depth, execs_per_sec, total_execs, edges_found
60, 0, 3, 26, 23, 0, 0.91%, 3, 0, 2, 225.62, 13577, 599
65, 0, 3, 26, 23, 0, 0.91%, 3, 0, 2, 218.97, 14669, 599
71, 0, 3, 26, 23, 0, 0.91%, 3, 0, 2, 219.31, 15805, 599
76, 0, 3, 26, 23, 0, 0.91%, 4, 0, 2, 218.27, 16897, 599
81, 0, 3, 26, 23, 0, 0.91%, 4, 0, 2, 218.20, 17981, 599
86, 0, 3, 26, 23, 0, 0.91%, 4, 0, 2, 221.58, 19105, 599
91, 0, 3, 26, 23, 0, 0.91%, 4, 0, 2, 220.92, 20253, 599
96, 0, 3, 26, 23, 0, 0.91%, 4, 0, 2, 221.61, 21361, 599
101, 0, 3, 26, 23, 0, 0.91%, 4, 0, 2, 219.28, 22469, 599
106, 0, 3, 26, 23, 0, 0.91%, 4, 0, 2, 219.15, 23609, 599
111, 0, 3, 26, 23, 0, 0.91%, 4, 0, 2, 220.78, 24757, 599
116, 0, 3, 26, 23, 0, 0.91%, 4, 0, 2, 216.37, 25837, 599
121, 0, 3, 26, 23, 0, 0.91%, 4, 0, 2, 219.80, 26945, 599
126, 0, 3, 26, 23, 0, 0.91%, 4, 0, 2, 218.97, 28053, 599
131, 0, 3, 26, 23, 0, 0.91%, 4, 0, 2, 223.66, 29185, 599
136, 0, 3, 26, 23, 0, 0.91%, 4, 0, 2, 219.36, 30285, 599
142, 0, 3, 26, 23, 0, 0.91%, 4, 0, 2, 216.69, 31389, 599
147, 0, 3, 26, 23, 0, 0.91%, 4, 0, 2, 219.05, 32497, 599
152, 0, 7, 29, 25, 6, 0.96%, 4, 0, 3, 209.78, 33575, 628
157, 0, 7, 30, 26, 6, 0.96%, 4, 0, 3, 198.87, 34594, 630
162, 0, 26, 30, 25, 8, 0.96%, 4, 0, 3, 195.03, 35570, 630
167, 0, 9, 30, 24, 7, 0.96%, 4, 0, 3, 218.11, 36647, 630
172, 0, 23, 30, 23, 5, 0.96%, 4, 0, 3, 198.77, 37639, 630
177, 0, 28, 31, 23, 4, 0.96%, 4, 0, 4, 201.49, 38710, 632
182, 0, 28, 31, 23, 4, 0.96%, 4, 0, 4, 196.40, 39693, 632
187, 0, 29, 32, 23, 4, 0.96%, 4, 0, 4, 209.87, 40787, 632
193, 0, 8, 32, 22, 3, 0.96%, 4, 0, 4, 228.25, 41966, 632
198, 0, 26, 32, 20, 1, 0.96%, 4, 0, 4, 224.76, 43132, 632
203, 0, 26, 32, 20, 1, 0.96%, 4, 0, 4, 203.58, 44122, 632
208, 0, 30, 32, 20, 1, 0.96%, 4, 0, 4, 198.56, 45137, 632
213, 0, 26, 32, 19, 0, 0.96%, 4, 0, 4, 194.82, 46139, 632
218, 0, 26, 32, 19, 0, 0.96%, 4, 0, 4, 196.55, 47157, 632
223, 0, 9, 32, 19, 0, 0.96%, 4, 0, 4, 228.19, 48339, 632
229, 0, 8, 32, 19, 0, 0.96%, 4, 0, 4, 237.68, 49545, 632
234, 0, 28, 33, 20, 0, 0.97%, 4, 0, 4, 205.27, 50581, 634
239, 0, 26, 33, 20, 1, 0.97%, 4, 0, 4, 197.79, 51563, 634
244, 0, 32, 37, 24, 1, 0.97%, 5, 0, 5, 215.68, 52635, 634
249, 0, 32, 37, 24, 1, 0.97%, 5, 0, 5, 229.07, 53835, 634
254, 0, 32, 37, 24, 1, 0.97%, 5, 0, 5, 232.85, 55011, 634
259, 0, 32, 37, 24, 1, 0.97%, 5, 0, 5, 233.34, 56219, 634
264, 0, 32, 37, 24, 1, 0.97%, 5, 0, 5, 235.95, 57435, 634
270, 0, 32, 37, 24, 1, 0.97%, 5, 0, 5, 235.71, 58663, 634
275, 0, 32, 37, 24, 1, 0.97%, 6, 0, 5, 233.64, 59835, 634
280, 0, 32, 37, 24, 1, 0.97%, 7, 0, 5, 236.44, 61027, 634
285, 0, 32, 37, 24, 1, 0.97%, 7, 0, 5, 228.18, 62199, 634
290, 0, 32, 37, 24, 1, 0.97%, 8, 0, 5, 233.27, 63367, 634
295, 0, 32, 37, 24, 1, 0.97%, 8, 0, 5, 233.00, 64575, 634
300, 0, 32, 37, 24, 1, 0.97%, 8, 0, 5, 234.96, 65787, 634
305, 0, 32, 37, 24, 1, 0.97%, 8, 0, 5, 234.43, 66995, 634
310, 0, 32, 37, 24, 1, 0.97%, 8, 0, 5, 233.94, 68203, 634
316, 0, 32, 37, 24, 1, 0.97%, 8, 0, 5, 234.39, 69423, 634
321, 0, 32, 37, 24, 1, 0.97%, 8, 0, 5, 234.58, 70635, 634
326, 0, 32, 37, 24, 1, 0.97%, 8, 0, 5, 233.22, 71803, 634
331, 0, 32, 37, 24, 1, 0.97%, 8, 0, 5, 233.22, 73003, 634
336, 0, 32, 37, 24, 1, 0.97%, 8, 0, 5, 236.32, 74187, 634
341, 0, 32, 37, 24, 1, 0.97%, 8, 0, 5, 233.30, 75379, 634
346, 0, 32, 37, 24, 1, 0.97%, 8, 0, 5, 233.08, 76583, 634
351, 0, 26, 37, 23, 0, 0.97%, 9, 0, 5, 202.82, 77567, 634
356, 0, 32, 37, 23, 0, 0.97%, 9, 0, 5, 218.26, 78645, 634
362, 0, 32, 37, 23, 0, 0.97%, 9, 0, 5, 233.34, 79861, 634
367, 0, 32, 37, 23, 0, 0.97%, 9, 0, 5, 233.26, 81077, 634
372, 0, 32, 37, 23, 0, 0.97%, 9, 0, 5, 235.22, 82293, 634
377, 0, 32, 37, 23, 0, 0.97%, 9, 0, 5, 233.22, 83509, 634
382, 0, 32, 37, 23, 0, 0.97%, 9, 0, 5, 232.96, 84717, 634
387, 0, 32, 37, 23, 0, 0.97%, 9, 0, 5, 235.33, 85945, 634
393, 0, 32, 37, 23, 0, 0.97%, 9, 0, 5, 234.15, 87157, 634
398, 0, 32, 37, 23, 0, 0.97%, 9, 0, 5, 234.25, 88373, 634
403, 0, 32, 37, 23, 0, 0.97%, 9, 0, 5, 236.37, 89601, 634
408, 0, 32, 37, 23, 0, 0.97%, 9, 0, 5, 234.47, 90809, 634
413, 0, 32, 37, 23, 0, 0.97%, 9, 0, 5, 232.42, 92005, 634
418, 0, 26, 37, 23, 0, 0.97%, 9, 0, 5, 206.24, 93023, 634
423, 0, 26, 37, 23, 0, 0.97%, 9, 0, 5, 196.09, 93994, 634
429, 0, 26, 37, 23, 0, 0.97%, 9, 0, 5, 194.33, 94998, 634
434, 0, 28, 37, 23, 0, 0.97%, 9, 0, 5, 195.37, 96015, 634
439, 0, 26, 37, 23, 0, 0.97%, 9, 0, 5, 195.62, 96994, 634
444, 0, 26, 37, 23, 0, 0.97%, 9, 0, 5, 194.41, 97969, 634
449, 0, 26, 37, 23, 0, 0.97%, 9, 0, 5, 219.78, 99175, 634
454, 1, 26, 37, 23, 0, 0.97%, 9, 0, 5, 200.61, 100155, 634
459, 1, 29, 37, 23, 0, 0.97%, 9, 0, 5, 208.16, 101229, 634
464, 1, 26, 37, 23, 0, 0.97%, 9, 0, 5, 198.09, 102212, 634
469, 1, 7, 37, 23, 0, 0.97%, 9, 0, 5, 197.81, 103208, 634
474, 1, 26, 37, 23, 0, 0.97%, 9, 0, 5, 196.19, 104229, 634
479, 1, 29, 37, 23, 0, 0.97%, 9, 0, 5, 205.45, 105257, 634
485, 1, 7, 37, 23, 0, 0.97%, 9, 0, 5, 197.94, 106256, 634
490, 1, 26, 37, 23, 0, 0.97%, 9, 0, 5, 194.80, 107257, 634
495, 1, 8, 37, 23, 0, 0.97%, 9, 0, 5, 229.41, 108441, 634
500, 1, 26, 37, 23, 0, 0.97%, 9, 0, 5, 207.03, 109461, 634
505, 1, 26, 37, 23, 0, 0.97%, 9, 0, 5, 200.46, 110467, 634
510, 1, 26, 37, 23, 0, 0.97%, 9, 0, 5, 197.68, 111477, 634
515, 1, 26, 37, 23, 0, 0.97%, 9, 0, 5, 196.52, 112497, 634
521, 1, 26, 37, 23, 0, 0.97%, 9, 0, 5, 194.69, 113511, 634
526, 1, 26, 37, 23, 0, 0.97%, 9, 0, 5, 196.80, 114531, 634
531, 1, 26, 37, 23, 0, 0.97%, 9, 0, 5, 196.23, 115550, 634
536, 1, 26, 37, 23, 0, 0.97%, 9, 0, 5, 196.33, 116566, 634
541, 1, 26, 37, 23, 0, 0.97%, 9, 0, 5, 195.11, 117579, 634
546, 1, 26, 37, 23, 0, 0.97%, 9, 0, 5, 194.49, 118593, 634
552, 1, 26, 37, 23, 0, 0.97%, 9, 0, 5, 194.61, 119604, 634
557, 2, 26, 37, 23, 0, 0.97%, 9, 0, 5, 197.67, 120624, 634
562, 2, 26, 37, 23, 0, 0.97%, 9, 0, 5, 195.38, 121641, 634
567, 2, 32, 37, 23, 0, 0.97%, 9, 0, 5, 216.29, 122753, 634
572, 2, 32, 37, 23, 0, 0.97%, 9, 0, 5, 232.70, 123981, 634
578, 2, 32, 37, 23, 0, 0.97%, 9, 0, 5, 236.65, 125213, 634
583, 2, 32, 37, 23, 0, 0.97%, 9, 0, 5, 235.54, 126433, 634
588, 2, 32, 37, 23, 0, 0.97%, 9, 0, 5, 232.52, 127637, 634
593, 2, 32, 37, 23, 0, 0.97%, 9, 0, 5, 236.48, 128865, 634
598, 2, 11, 37, 23, 0, 0.97%, 9, 0, 5, 232.59, 130063, 634
604, 2, 13, 37, 22, 0, 0.97%, 9, 0, 5, 241.96, 131323, 634
609, 2, 26, 37, 21, 0, 0.97%, 9, 0, 5, 211.49, 132418, 634
614, 2, 7, 37, 21, 0, 0.97%, 9, 0, 5, 201.21, 133420, 634
619, 2, 28, 37, 21, 0, 0.97%, 9, 0, 5, 198.77, 134418, 634
624, 2, 7, 37, 21, 0, 0.97%, 9, 0, 5, 196.25, 135431, 634
629, 2, 29, 37, 21, 0, 0.97%, 9, 0, 5, 201.57, 136464, 634
634, 2, 26, 37, 21, 0, 0.97%, 9, 0, 5, 201.58, 137532, 634
640, 2, 26, 37, 21, 0, 0.97%, 9, 0, 5, 198.17, 138553, 634
645, 2, 26, 37, 21, 0, 0.97%, 9, 0, 5, 194.81, 139554, 634
650, 2, 26, 37, 21, 0, 0.97%, 9, 0, 5, 196.07, 140577, 634
655, 2, 26, 37, 21, 0, 0.97%, 9, 0, 5, 198.25, 141612, 634
660, 2, 26, 37, 21, 0, 0.97%, 9, 0, 5, 198.66, 142641, 634
665, 2, 16, 37, 21, 0, 0.97%, 9, 0, 5, 220.86, 143758, 634
671, 2, 29, 37, 20, 0, 0.97%, 9, 0, 5, 239.93, 145025, 634
676, 2, 7, 37, 20, 0, 0.97%, 9, 0, 5, 210.46, 146061, 634
681, 3, 26, 37, 20, 0, 0.97%, 9, 0, 5, 200.42, 147054, 634
686, 3, 32, 37, 20, 0, 0.97%, 9, 0, 5, 217.58, 148169, 634
691, 3, 32, 37, 20, 0, 0.97%, 9, 0, 5, 227.26, 149365, 634
696, 3, 32, 37, 20, 0, 0.97%, 9, 0, 5, 234.92, 150545, 634
701, 3, 32, 37, 20, 0, 0.97%, 9, 0, 5, 234.04, 151749, 634
706, 3, 30, 37, 20, 0, 0.97%, 9, 0, 5, 229.53, 152951, 634
711, 3, 30, 37, 20, 0, 0.97%, 9, 0, 5, 202.72, 153939, 634
716, 3, 25, 37, 20, 0, 0.97%, 9, 0, 5, 209.41, 154977, 634
721, 3, 25, 37, 20, 0, 0.97%, 9, 0, 5, 222.20, 156117, 634
727, 3, 25, 37, 20, 0, 0.97%, 9, 0, 5, 222.75, 157275, 634
732, 3, 25, 37, 20, 0, 0.97%, 9, 0, 5, 224.23, 158455, 634
737, 3, 25, 37, 20, 0, 0.97%, 9, 0, 5, 223.67, 159575, 634
742, 3, 7, 37, 20, 0, 0.97%, 9, 0, 5, 208.42, 160615, 634
747, 3, 29, 37, 20, 0, 0.97%, 9, 0, 5, 204.43, 161619, 634
752, 3, 25, 37, 20, 0, 0.97%, 9, 0, 5, 202.22, 162671, 634
757, 3, 25, 37, 20, 0, 0.97%, 9, 0, 5, 220.32, 163831, 634
762, 3, 25, 37, 20, 0, 0.97%, 9, 0, 5, 226.01, 164979, 634
767, 3, 26, 37, 20, 0, 0.97%, 9, 0, 5, 204.36, 165989, 634
773, 3, 7, 37, 20, 0, 0.97%, 9, 0, 5, 198.78, 167015, 634
778, 3, 28, 37, 20, 0, 0.97%, 9, 0, 5, 195.21, 168022, 634
783, 3, 26, 37, 20, 0, 0.97%, 9, 0, 5, 195.11, 169036, 634
788, 3, 26, 37, 20, 0, 0.97%, 9, 0, 5, 193.94, 170043, 634
793, 3, 26, 37, 20, 0, 0.97%, 9, 0, 5, 198.62, 171068, 634
798, 3, 26, 37, 20, 0, 0.97%, 9, 0, 5, 205.01, 172127, 634
803, 3, 3, 37, 20, 0, 0.97%, 9, 0, 5, 217.11, 173209, 634
809, 3, 3, 37, 20, 0, 0.97%, 9, 0, 5, 224.43, 174389, 634
814, 3, 3, 37, 20, 0, 0.97%, 9, 0, 5, 224.31, 175509, 634
819, 3, 28, 37, 20, 0, 0.97%, 9, 0, 5, 205.82, 176551, 634
824, 3, 8, 37, 20, 0, 0.97%, 9, 0, 5, 224.22, 177683, 634
829, 3, 26, 37, 20, 0, 0.97%, 9, 0, 5, 208.93, 178745, 634
834, 3, 26, 37, 20, 0, 0.97%, 9, 0, 5, 200.32, 179739, 634
839, 3, 28, 37, 20, 0, 0.97%, 9, 0, 5, 195.85, 180730, 634
844, 3, 26, 37, 20, 0, 0.97%, 9, 0, 5, 198.46, 181759, 634
849, 3, 26, 37, 20, 0, 0.97%, 9, 0, 5, 198.23, 182788, 634
854, 4, 7, 37, 20, 0, 0.97%, 9, 0, 5, 196.06, 183807, 634
860, 4, 26, 37, 20, 0, 0.97%, 9, 0, 5, 196.08, 184828, 634
865, 4, 26, 37, 20, 0, 0.97%, 9, 0, 5, 195.94, 185842, 634
870, 4, 30, 37, 20, 0, 0.97%, 9, 0, 5, 219.02, 187051, 634
875, 4, 30, 37, 20, 0, 0.97%, 9, 0, 5, 203.33, 188059, 634
880, 4, 26, 37, 20, 0, 0.97%, 9, 0, 5, 195.49, 189067, 634
886, 4, 30, 37, 20, 0, 0.97%, 9, 0, 5, 218.68, 190267, 634
891, 4, 30, 37, 20, 0, 0.97%, 9, 0, 5, 198.17, 191270, 634
896, 4, 26, 37, 20, 0, 0.97%, 9, 0, 5, 198.53, 192295, 634
901, 4, 22, 37, 20, 0, 0.97%, 9, 0, 5, 201.61, 193293, 634
906, 4, 22, 37, 20, 0, 0.97%, 9, 0, 5, 211.51, 194401, 634
911, 4, 26, 37, 19, 0, 0.97%, 9, 0, 5, 205.08, 195441, 634
916, 4, 26, 37, 19, 0, 0.97%, 9, 0, 5, 197.70, 196422, 634
921, 4, 26, 37, 19, 0, 0.97%, 9, 0, 5, 197.15, 197448, 634
926, 4, 30, 37, 19, 0, 0.97%, 9, 0, 5, 194.61, 198420, 634
931, 4, 30, 37, 19, 0, 0.97%, 9, 0, 5, 197.09, 199410, 634
936, 4, 26, 37, 18, 0, 0.97%, 9, 0, 5, 222.08, 200591, 634
942, 4, 28, 37, 18, 0, 0.97%, 9, 0, 5, 202.09, 201617, 634
947, 4, 26, 37, 18, 0, 0.97%, 9, 0, 5, 195.43, 202627, 634
952, 4, 8, 37, 18, 0, 0.97%, 9, 0, 5, 221.15, 203753, 634
957, 4, 28, 37, 18, 0, 0.97%, 9, 0, 5, 204.98, 204841, 634
962, 4, 26, 37, 18, 0, 0.97%, 9, 0, 5, 198.20, 205824, 634
967, 4, 26, 37, 18, 0, 0.97%, 9, 0, 5, 195.75, 206837, 634
972, 4, 7, 37, 18, 0, 0.97%, 9, 0, 5, 214.49, 207941, 634
978, 4, 7, 37, 18, 0, 0.97%, 9, 0, 5, 201.57, 208941, 634
983, 4, 8, 37, 18, 0, 0.97%, 9, 0, 5, 226.08, 210109, 634
988, 4, 7, 37, 18, 0, 0.97%, 9, 0, 5, 209.54, 211183, 634
993, 5, 8, 37, 18, 0, 0.97%, 9, 0, 5, 215.53, 212239, 634
998, 5, 26, 37, 18, 0, 0.97%, 9, 0, 5, 213.41, 213355, 634
1003, 5, 26, 37, 18, 0, 0.97%, 9, 0, 5, 199.58, 214373, 634
1008, 5, 26, 37, 18, 0, 0.97%, 9, 0, 5, 197.98, 215398, 634
1013, 5, 26, 37, 18, 0, 0.97%, 9, 0, 5, 192.06, 216387, 634
1018, 5, 6, 37, 18, 0, 0.97%, 9, 0, 5, 221.29, 217480, 634
1023, 5, 26, 37, 17, 0, 0.97%, 9, 0, 5, 206.32, 218522, 634
1028, 5, 28, 37, 17, 0, 0.97%, 9, 0, 5, 197.76, 219506, 634
1034, 5, 26, 37, 17, 0, 0.97%, 9, 0, 5, 200.24, 220542, 634
1039, 5, 28, 37, 17, 0, 0.97%, 9, 0, 5, 194.69, 221540, 634
1044, 5, 28, 37, 17, 0, 0.97%, 9, 0, 5, 195.39, 222558, 634
1049, 5, 26, 37, 17, 0, 0.97%, 9, 0, 5, 196.93, 223582, 634
1054, 5, 26, 37, 17, 0, 0.97%, 9, 0, 5, 198.65, 224614, 634
1059, 5, 7, 37, 17, 0, 0.97%, 9, 0, 5, 221.21, 225816, 634
1065, 5, 26, 37, 17, 0, 0.97%, 9, 0, 5, 224.83, 227022, 634
1070, 5, 26, 38, 18, 0, 0.98%, 9, 0, 5, 200.25, 227944, 639
1075, 5, 26, 38, 18, 1, 0.98%, 9, 0, 5, 196.86, 228961, 639
1080, 5, 32, 38, 18, 1, 0.98%, 9, 0, 5, 231.54, 230186, 639
1085, 5, 32, 38, 18, 1, 0.98%, 9, 0, 5, 233.51, 231394, 639
1091, 5, 32, 38, 18, 1, 0.98%, 9, 0, 5, 232.36, 232606, 639
1096, 5, 32, 38, 18, 1, 0.98%, 9, 0, 5, 235.23, 233830, 639
1101, 5, 32, 38, 18, 1, 0.98%, 9, 0, 5, 235.55, 235010, 639
1106, 5, 26, 38, 18, 1, 0.98%, 9, 0, 5, 208.39, 236038, 639
1111, 5, 26, 38, 18, 1, 0.98%, 9, 0, 5, 197.60, 237044, 639
1116, 5, 37, 38, 18, 1, 0.98%, 9, 0, 5, 21.90, 237676, 639
1121, 5, 37, 38, 18, 1, 0.98%, 9, 0, 5, 21.38, 237786, 639
1126, 5, 37, 38, 18, 1, 0.98%, 9, 0, 5, 21.14, 237895, 639
1131, 5, 37, 38, 18, 1, 0.98%, 9, 0, 5, 20.94, 238000, 639
1137, 5, 37, 38, 18, 1, 0.98%, 9, 0, 5, 20.93, 238109, 639
1142, 5, 37, 38, 18, 1, 0.98%, 9, 0, 5, 21.10, 238219, 639
1147, 5, 37, 38, 18, 1, 0.98%, 9, 0, 5, 20.93, 238324, 639
1152, 5, 37, 38, 18, 1, 0.98%, 9, 0, 5, 21.06, 238434, 639
1157, 5, 37, 38, 18, 1, 0.98%, 9, 0, 5, 20.86, 238539, 639
1162, 5, 37, 38, 18, 1, 0.98%, 9, 0, 5, 20.78, 238643, 639
1167, 5, 37, 38, 18, 1, 0.98%, 9, 0, 5, 42.09, 238839, 639
1172, 5, 37, 41, 21, 1, 0.98%, 9, 0, 5, 60.77, 239165, 639
1177, 5, 37, 41, 21, 1, 0.98%, 9, 0, 5, 69.98, 239527, 639
1182, 5, 37, 42, 22, 1, 0.98%, 9, 0, 5, 70.09, 239876, 639
1188, 5, 37, 43, 23, 1, 0.98%, 9, 0, 5, 68.12, 240216, 639
1193, 5, 37, 43, 23, 1, 0.98%, 9, 0, 5, 65.39, 240552, 639
1198, 5, 37, 43, 23, 1, 0.98%, 9, 0, 5, 71.10, 240917, 639
1203, 5, 37, 43, 23, 1, 0.98%, 9, 0, 5, 67.99, 241258, 639
1208, 5, 37, 43, 23, 1, 0.98%, 9, 0, 5, 72.04, 241619, 639
1213, 5, 37, 43, 23, 1, 0.98%, 9, 0, 5, 69.63, 241973, 639
1218, 5, 37, 43, 23, 1, 0.98%, 9, 0, 5, 69.51, 242327, 639
1223, 5, 37, 43, 23, 1, 0.98%, 9, 0, 5, 67.41, 242662, 639
1228, 5, 37, 43, 23, 1, 0.98%, 9, 0, 5, 64.37, 242987, 639
1233, 5, 37, 43, 23, 1, 0.98%, 9, 0, 5, 67.54, 243320, 639
1238, 5, 37, 44, 24, 1, 0.98%, 9, 0, 5, 70.65, 243679, 639
1243, 5, 37, 44, 24, 1, 0.98%, 9, 0, 5, 64.04, 244006, 639
1248, 5, 37, 44, 24, 1, 0.98%, 9, 0, 5, 69.09, 244359, 639
1254, 5, 37, 44, 24, 1, 0.98%, 9, 0, 5, 71.19, 244735, 639
1259, 5, 37, 44, 24, 1, 0.98%, 9, 0, 5, 70.08, 245088, 639
1264, 5, 37, 44, 24, 1, 0.98%, 9, 0, 5, 71.06, 245455, 639
1269, 5, 37, 44, 24, 1, 0.98%, 9, 0, 5, 66.94, 245781, 639
1274, 5, 37, 44, 24, 1, 0.98%, 9, 0, 5, 67.47, 246121, 639
1279, 5, 37, 44, 24, 1, 0.98%, 9, 0, 5, 69.11, 246482, 639
1284, 5, 37, 44, 24, 1, 0.98%, 9, 0, 5, 65.63, 246806, 639
1289, 5, 37, 44, 24, 1, 0.98%, 9, 0, 5, 65.61, 247141, 639
1294, 5, 37, 44, 24, 1, 0.98%, 9, 0, 5, 65.79, 247469, 639
1299, 5, 37, 44, 24, 1, 0.98%, 9, 0, 5, 68.53, 247814, 639
1304, 5, 37, 44, 24, 1, 0.98%, 9, 0, 5, 73.12, 248185, 639
1310, 5, 37, 44, 24, 1, 0.98%, 9, 0, 5, 68.55, 248530, 639
1315, 5, 37, 44, 24, 1, 0.98%, 9, 0, 5, 67.98, 248875, 639
1320, 5, 37, 44, 24, 1, 0.98%, 9, 0, 5, 67.32, 249229, 639
1325, 5, 37, 44, 24, 1, 0.98%, 9, 0, 5, 69.65, 249584, 639
1330, 5, 37, 44, 24, 1, 0.98%, 9, 0, 5, 64.90, 249908, 639
1335, 5, 37, 44, 24, 1, 0.98%, 9, 0, 5, 64.90, 250238, 639
1340, 5, 37, 44, 24, 1, 0.98%, 9, 0, 5, 72.44, 250615, 639
1345, 5, 37, 44, 24, 1, 0.98%, 9, 0, 5, 66.73, 250938, 639
1350, 5, 37, 44, 24, 1, 0.98%, 9, 0, 5, 68.35, 251287, 639
1355, 5, 37, 44, 24, 1, 0.98%, 9, 0, 5, 65.53, 251627, 639
1361, 5, 37, 44, 24, 1, 0.98%, 9, 0, 5, 71.38, 251996, 639
1366, 5, 37, 44, 24, 1, 0.98%, 9, 0, 5, 68.64, 252347, 639
1371, 5, 37, 44, 24, 1, 0.98%, 9, 0, 5, 69.56, 252696, 639
1376, 5, 37, 44, 24, 1, 0.98%, 9, 0, 5, 65.47, 253028, 639
1381, 5, 37, 44, 24, 1, 0.98%, 9, 0, 5, 61.56, 253339, 639
1386, 5, 37, 44, 24, 1, 0.98%, 9, 0, 5, 68.44, 253699, 639
1391, 5, 37, 44, 24, 1, 0.98%, 9, 0, 5, 69.35, 254049, 639
1396, 5, 37, 44, 24, 1, 0.98%, 9, 0, 5, 72.45, 254421, 639
1401, 5, 37, 44, 24, 1, 0.98%, 9, 0, 5, 68.48, 254768, 639
1406, 5, 37, 44, 24, 1, 0.98%, 9, 0, 5, 67.95, 255111, 639
1412, 5, 37, 44, 24, 1, 0.98%, 9, 0, 5, 65.63, 255460, 639
1417, 5, 37, 44, 24, 1, 0.98%, 9, 0, 5, 72.26, 255824, 639
1422, 5, 37, 44, 24, 1, 0.98%, 9, 0, 5, 69.36, 256178, 639
1427, 5, 37, 44, 24, 1, 0.98%, 9, 0, 5, 67.50, 256523, 639
1432, 5, 37, 44, 24, 1, 0.98%, 9, 0, 5, 68.96, 256888, 639
1437, 5, 37, 44, 24, 1, 0.98%, 9, 0, 5, 65.98, 257225, 639
1442, 5, 37, 44, 24, 1, 0.98%, 9, 0, 5, 74.08, 257595, 639
1447, 5, 37, 44, 24, 1, 0.98%, 9, 0, 5, 69.53, 257939, 639
1452, 5, 37, 44, 24, 1, 0.98%, 9, 0, 5, 70.93, 258313, 639
1458, 5, 37, 44, 24, 1, 0.98%, 9, 0, 5, 73.09, 258671, 639
1463, 5, 37, 44, 24, 1, 0.98%, 9, 0, 5, 72.43, 259034, 639
1468, 5, 37, 44, 24, 1, 0.98%, 9, 0, 5, 74.69, 259419, 639
1473, 5, 37, 44, 24, 1, 0.98%, 9, 0, 5, 66.39, 259738, 639
1478, 5, 37, 44, 24, 1, 0.98%, 9, 0, 5, 71.13, 260098, 639
1483, 5, 37, 44, 24, 1, 0.98%, 9, 0, 5, 68.34, 260445, 639
1488, 5, 37, 44, 24, 1, 0.98%, 9, 0, 5, 67.42, 260800, 639
1493, 5, 37, 44, 24, 1, 0.98%, 9, 0, 5, 67.66, 261140, 639
1498, 5, 37, 44, 24, 1, 0.98%, 9, 0, 5, 69.60, 261494, 639
1503, 5, 37, 44, 24, 1, 0.98%, 9, 0, 5, 68.13, 261831, 639
1508, 5, 37, 44, 24, 1, 0.98%, 9, 0, 5, 69.75, 262185, 639
1514, 5, 37, 44, 24, 1, 0.98%, 9, 0, 5, 68.09, 262523, 639
1519, 5, 37, 44, 24, 1, 0.98%, 9, 0, 5, 67.11, 262865, 639
1524, 5, 37, 44, 24, 1, 0.98%, 9, 0, 5, 67.46, 263206, 639
1529, 5, 37, 44, 24, 1, 0.98%, 9, 0, 5, 67.39, 263553, 639
1534, 5, 37, 44, 24, 1, 0.98%, 9, 0, 5, 68.23, 263894, 639
1539, 5, 37, 44, 24, 1, 0.98%, 9, 0, 5, 69.13, 264247, 639
1544, 5, 37, 44, 24, 1, 0.98%, 9, 0, 5, 71.09, 264600, 639
1549, 5, 37, 44, 24, 1, 0.98%, 9, 0, 5, 70.31, 264947, 639
1554, 5, 37, 44, 24, 1, 0.98%, 9, 0, 5, 67.90, 265284, 639
1559, 5, 37, 44, 24, 1, 0.98%, 9, 0, 5, 67.43, 265623, 639
1564, 5, 37, 44, 24, 1, 0.98%, 9, 0, 5, 70.00, 265991, 639
1569, 5, 37, 44, 24, 1, 0.98%, 9, 0, 5, 71.26, 266351, 639
1575, 5, 37, 44, 24, 1, 0.98%, 9, 0, 5, 72.15, 266713, 639
1580, 5, 37, 44, 24, 1, 0.98%, 9, 0, 5, 68.88, 267063, 639
1585, 5, 37, 44, 24, 1, 0.98%, 9, 0, 5, 69.50, 267414, 639
1590, 5, 37, 44, 24, 1, 0.98%, 9, 0, 5, 69.82, 267768, 639
1595, 5, 37, 44, 24, 1, 0.98%, 9, 0, 5, 72.09, 268137, 639
1600, 5, 37, 44, 24, 1, 0.98%, 9, 0, 5, 70.86, 268494, 639
1605, 5, 37, 44, 24, 1, 0.98%, 9, 0, 5, 67.01, 268829, 639
1610, 5, 37, 44, 24, 1, 0.98%, 9, 0, 5, 67.11, 269185, 639
1615, 5, 37, 44, 24, 1, 0.98%, 9, 0, 5, 71.74, 269547, 639
1620, 5, 37, 44, 24, 1, 0.98%, 9, 0, 5, 68.76, 269891, 639
1625, 5, 30, 44, 23, 1, 0.98%, 9, 0, 5, 123.14, 270470, 639
1631, 5, 30, 44, 23, 1, 0.98%, 9, 0, 5, 183.76, 271502, 639
1636, 5, 7, 44, 23, 1, 0.98%, 9, 0, 5, 193.11, 272523, 639
1641, 5, 26, 44, 23, 1, 0.98%, 9, 0, 5, 197.61, 273548, 639
1646, 5, 26, 44, 23, 1, 0.98%, 9, 0, 5, 196.16, 274561, 639
1651, 5, 26, 44, 23, 1, 0.98%, 9, 0, 5, 196.13, 275567, 639
1657, 5, 28, 44, 23, 1, 0.98%, 9, 0, 5, 196.64, 276588, 639
1662, 5, 42, 44, 23, 1, 0.98%, 9, 0, 5, 150.81, 277375, 639
1667, 5, 42, 44, 23, 1, 0.98%, 9, 0, 5, 109.18, 277882, 639
1672, 5, 42, 44, 23, 1, 0.98%, 9, 0, 5, 98.40, 278363, 639
1677, 5, 42, 44, 23, 1, 0.98%, 9, 0, 5, 98.97, 278869, 639
1682, 5, 42, 44, 23, 1, 0.98%, 9, 0, 5, 162.05, 279636, 639
1687, 5, 42, 44, 23, 1, 0.98%, 9, 0, 5, 228.84, 280873, 639
1692, 5, 26, 44, 22, 0, 0.98%, 9, 0, 5, 210.67, 281957, 639
1697, 5, 28, 44, 22, 0, 0.98%, 9, 0, 5, 201.43, 282953, 639
1702, 6, 26, 44, 22, 0, 0.98%, 9, 0, 5, 196.77, 283968, 639
1707, 6, 7, 44, 22, 0, 0.98%, 9, 0, 5, 198.85, 285006, 639
1713, 6, 26, 44, 22, 0, 0.98%, 9, 0, 5, 199.83, 286040, 639
1718, 6, 42, 44, 22, 0, 0.98%, 9, 0, 5, 235.47, 287265, 639
1723, 6, 26, 44, 22, 0, 0.98%, 9, 0, 5, 240.95, 288495, 639
1728, 6, 26, 44, 22, 0, 0.98%, 9, 0, 5, 206.26, 289527, 639
1733, 6, 6, 44, 22, 0, 0.98%, 9, 0, 5, 222.26, 290651, 639
1738, 6, 26, 44, 22, 0, 0.98%, 9, 0, 5, 210.11, 291731, 639
1743, 6, 7, 44, 22, 0, 0.98%, 9, 0, 5, 201.01, 292763, 639
1749, 6, 7, 44, 22, 0, 0.98%, 9, 0, 5, 199.66, 293799, 639
1754, 6, 26, 44, 22, 0, 0.98%, 9, 0, 5, 195.39, 294768, 639
1759, 6, 26, 44, 22, 0, 0.98%, 9, 0, 5, 198.47, 295801, 639
1764, 6, 26, 44, 22, 0, 0.98%, 9, 0, 5, 197.59, 296786, 639
1769, 6, 26, 44, 22, 0, 0.98%, 9, 0, 5, 196.55, 297778, 639
1774, 6, 14, 44, 22, 0, 0.98%, 9, 0, 5, 208.64, 298847, 639
1779, 6, 14, 44, 22, 0, 0.98%, 9, 0, 5, 232.70, 300071, 639
1784, 6, 26, 44, 21, 0, 0.98%, 9, 0, 5, 212.49, 301141, 639
1789, 6, 29, 44, 21, 0, 0.98%, 9, 0, 5, 213.52, 302201, 639
1794, 6, 30, 44, 21, 0, 0.98%, 9, 0, 5, 202.12, 303205, 639
1799, 6, 8, 44, 21, 0, 0.98%, 9, 0, 5, 211.42, 304275, 639
1804, 6, 26, 44, 21, 0, 0.98%, 9, 0, 5, 209.39, 305379, 639
1809, 6, 6, 44, 21, 0, 0.98%, 9, 0, 5, 211.88, 306411, 639
1814, 6, 26, 44, 21, 0, 0.98%, 9, 0, 5, 214.48, 307543, 639
1820, 6, 6, 44, 21, 0, 0.98%, 9, 0, 5, 233.84, 308739, 639
1825, 6, 23, 44, 21, 0, 0.98%, 9, 0, 5, 206.12, 309779, 639
1830, 6, 26, 44, 21, 0, 0.98%, 9, 0, 5, 204.55, 310823, 639
1835, 6, 6, 44, 21, 0, 0.98%, 9, 0, 5, 221.71, 311911, 639
1840, 6, 26, 44, 21, 0, 0.98%, 9, 0, 5, 211.24, 312999, 639
1845, 6, 26, 44, 21, 0, 0.98%, 9, 0, 5, 198.48, 313976, 639
1850, 6, 26, 44, 21, 0, 0.98%, 9, 0, 5, 197.20, 314994, 639
1855, 6, 32, 44, 21, 0, 0.98%, 9, 0, 5, 201.82, 316022, 639
1860, 6, 32, 44, 21, 0, 0.98%, 9, 0, 5, 224.60, 317179, 639
1866, 6, 32, 44, 21, 0, 0.98%, 9, 0, 5, 233.32, 318403, 639
1871, 6, 32, 44, 21, 0, 0.98%, 9, 0, 5, 232.67, 319571, 639
1876, 6, 32, 44, 21, 0, 0.98%, 9, 0, 5, 233.36, 320779, 639
1881, 6, 26, 44, 21, 0, 0.98%, 9, 0, 5, 211.73, 321849, 639
1886, 6, 29, 44, 21, 0, 0.98%, 9, 0, 5, 214.28, 322917, 639
1891, 6, 26, 44, 21, 0, 0.98%, 9, 0, 5, 198.33, 323892, 639
1896, 6, 26, 44, 21, 0, 0.98%, 9, 0, 5, 196.75, 324874, 639
1901, 6, 23, 44, 21, 0, 0.98%, 9, 0, 5, 211.53, 325973, 639
1906, 7, 26, 44, 21, 0, 0.98%, 9, 0, 5, 200.28, 326957, 639
1911, 7, 26, 44, 21, 0, 0.98%, 9, 0, 5, 194.32, 327966, 639
1916, 7, 26, 44, 21, 0, 0.98%, 9, 0, 5, 192.43, 328966, 639
1921, 7, 26, 44, 21, 0, 0.98%, 9, 0, 5, 195.81, 329947, 639
1927, 7, 26, 44, 21, 0, 0.98%, 9, 0, 5, 199.44, 330974, 639
1932, 7, 28, 44, 21, 0, 0.98%, 9, 0, 5, 196.63, 331968, 639
1937, 7, 26, 44, 21, 0, 0.98%, 9, 0, 5, 193.25, 332961, 639
1942, 7, 26, 44, 21, 0, 0.98%, 9, 0, 5, 196.02, 333982, 639
1947, 7, 26, 44, 21, 0, 0.98%, 9, 0, 5, 195.30, 334994, 639
1952, 7, 26, 44, 21, 0, 0.98%, 9, 0, 5, 197.75, 336030, 639
1958, 7, 28, 44, 21, 0, 0.98%, 9, 0, 5, 195.69, 337043, 639
1963, 7, 25, 44, 21, 0, 0.98%, 9, 0, 5, 206.06, 338101, 639
1968, 7, 7, 44, 21, 0, 0.98%, 9, 0, 5, 205.11, 339205, 639
1973, 7, 26, 44, 21, 0, 0.98%, 9, 0, 5, 197.96, 340183, 639
1978, 7, 26, 44, 21, 0, 0.98%, 9, 0, 5, 198.59, 341216, 639
1983, 7, 26, 44, 21, 0, 0.98%, 9, 0, 5, 199.06, 342243, 639
1988, 7, 26, 44, 21, 0, 0.98%, 9, 0, 5, 198.76, 343279, 639
1994, 7, 26, 44, 21, 0, 0.98%, 9, 0, 5, 197.46, 344294, 639
1999, 7, 26, 44, 21, 0, 0.98%, 9, 0, 5, 196.93, 345315, 639
2004, 7, 26, 44, 21, 0, 0.98%, 9, 0, 5, 199.48, 346346, 639
2009, 7, 26, 44, 21, 0, 0.98%, 9, 0, 5, 198.00, 347337, 639
2014, 7, 26, 44, 21, 0, 0.98%, 9, 0, 5, 197.10, 348361, 639
2019, 7, 26, 44, 21, 0, 0.98%, 9, 0, 5, 198.88, 349382, 639
2025, 7, 26, 44, 21, 0, 0.98%, 9, 0, 5, 197.70, 350402, 639
2030, 7, 26, 44, 21, 0, 0.98%, 9, 0, 5, 201.60, 351417, 639
2035, 7, 26, 44, 21, 0, 0.98%, 9, 0, 5, 199.41, 352450, 639
2040, 7, 6, 44, 21, 0, 0.98%, 9, 0, 5, 231.85, 353641, 639
2045, 7, 26, 44, 21, 0, 0.98%, 9, 0, 5, 206.72, 354653, 639
2050, 7, 26, 44, 21, 0, 0.98%, 9, 0, 5, 199.32, 355676, 639
2055, 7, 8, 44, 21, 0, 0.98%, 9, 0, 5, 221.42, 356805, 639
2060, 7, 6, 44, 21, 0, 0.98%, 9, 0, 5, 243.83, 358101, 639
2066, 7, 26, 44, 21, 0, 0.98%, 9, 0, 5, 206.58, 359093, 639
2071, 7, 26, 44, 21, 0, 0.98%, 9, 0, 5, 200.38, 360093, 639
2076, 7, 29, 44, 21, 0, 0.98%, 9, 0, 5, 208.75, 361181, 639
2081, 7, 26, 44, 21, 0, 0.98%, 9, 0, 5, 200.22, 362177, 639
2086, 8, 26, 44, 21, 0, 0.98%, 9, 0, 5, 201.65, 363189, 639
2091, 8, 29, 44, 21, 0, 0.98%, 9, 0, 5, 205.41, 364205, 639
2096, 8, 26, 44, 21, 0, 0.98%, 9, 0, 5, 201.89, 365237, 639
2101, 8, 26, 44, 21, 0, 0.98%, 9, 0, 5, 197.30, 366257, 639
2106, 8, 26, 44, 21, 0, 0.98%, 9, 0, 5, 198.10, 367284, 639
2111, 8, 26, 44, 21, 0, 0.98%, 9, 0, 5, 196.22, 368305, 639
2117, 8, 26, 44, 21, 0, 0.98%, 9, 0, 5, 194.91, 369316, 639
2122, 8, 26, 44, 21, 0, 0.98%, 9, 0, 5, 197.33, 370337, 639
2127, 8, 26, 44, 21, 0, 0.98%, 9, 0, 5, 198.30, 371361, 639
2132, 8, 26, 44, 21, 0, 0.98%, 9, 0, 5, 197.25, 372379, 639
2137, 8, 6, 44, 21, 0, 0.98%, 9, 0, 5, 233.92, 373613, 639
2143, 8, 26, 44, 21, 0, 0.98%, 9, 0, 5, 223.19, 374813, 639
2148, 8, 26, 44, 21, 0, 0.98%, 9, 0, 5, 202.51, 375801, 639
2153, 8, 26, 44, 21, 0, 0.98%, 9, 0, 5, 198.02, 376820, 639
2158, 8, 28, 44, 21, 0, 0.98%, 9, 0, 5, 197.44, 377850, 639
2163, 8, 26, 44, 21, 0, 0.98%, 9, 0, 5, 197.88, 378877, 639
2168, 8, 25, 44, 21, 0, 0.98%, 9, 0, 5, 217.26, 379969, 639
2173, 8, 26, 44, 21, 0, 0.98%, 9, 0, 5, 228.32, 381189, 639
2178, 8, 26, 44, 21, 0, 0.98%, 9, 0, 5, 203.74, 382177, 639
2184, 8, 6, 44, 21, 0, 0.98%, 9, 0, 5, 225.75, 383321, 639
2189, 8, 26, 44, 21, 0, 0.98%, 9, 0, 5, 208.72, 384385, 639
2194, 8, 26, 44, 21, 0, 0.98%, 9, 0, 5, 200.31, 385405, 639
2199, 8, 25, 44, 21, 0, 0.98%, 9, 0, 5, 229.76, 386609, 639
2204, 8, 6, 44, 21, 0, 0.98%, 9, 0, 5, 217.13, 387693, 639
2209, 8, 26, 44, 21, 0, 0.98%, 9, 0, 5, 220.60, 388893, 639
2214, 8, 28, 44, 21, 0, 0.98%, 9, 0, 5, 200.98, 389913, 639
2219, 8, 42, 44, 21, 0, 0.98%, 9, 0, 5, 229.20, 391057, 639
2224, 8, 28, 44, 21, 0, 0.98%, 9, 0, 5, 210.55, 392121, 639
2229, 8, 32, 44, 21, 0, 0.98%, 9, 0, 5, 218.55, 393229, 639
2235, 8, 32, 44, 21, 0, 0.98%, 9, 0, 5, 230.32, 394441, 639
2240, 8, 32, 44, 21, 0, 0.98%, 9, 0, 5, 231.31, 395653, 639
2245, 8, 32, 44, 21, 0, 0.98%, 9, 0, 5, 231.77, 396821, 639
2250, 8, 32, 44, 21, 0, 0.98%, 9, 0, 5, 232.19, 398029, 639
2255, 8, 7, 44, 21, 0, 0.98%, 9, 0, 5, 205.77, 399031, 639
2260, 8, 29, 44, 21, 0, 0.98%, 9, 0, 5, 213.52, 400111, 639
2265, 8, 32, 44, 21, 0, 0.98%, 9, 0, 5, 228.95, 401299, 639
2270, 8, 32, 44, 21, 0, 0.98%, 9, 0, 5, 233.39, 402471, 639
2275, 8, 32, 44, 21, 0, 0.98%, 9, 0, 5, 234.06, 403691, 639
2281, 8, 32, 44, 21, 0, 0.98%, 9, 0, 5, 236.18, 404911, 639
2286, 8, 7, 44, 21, 0, 0.98%, 9, 0, 5, 213.51, 406021, 639
2291, 8, 8, 44, 21, 0, 0.98%, 9, 0, 5, 234.85, 407181, 639
2296, 8, 34, 44, 21, 0, 0.98%, 9, 0, 5, 201.45, 408158, 639
2301, 8, 34, 44, 21, 0, 0.98%, 9, 0, 5, 196.77, 409174, 639
2306, 8, 26, 44, 20, 0, 0.98%, 9, 0, 5, 198.69, 410200, 639
2311, 9, 28, 44, 20, 0, 0.98%, 9, 0, 5, 197.77, 411225, 639
2316, 9, 26, 44, 20, 0, 0.98%, 9, 0, 5, 196.65, 412207, 639
2322, 9, 26, 44, 20, 0, 0.98%, 9, 0, 5, 198.08, 413240, 639
2327, 9, 29, 44, 20, 0, 0.98%, 9, 0, 5, 202.62, 414274, 639
2332, 9, 7, 44, 20, 0, 0.98%, 9, 0, 5, 196.40, 415299, 639
2337, 9, 26, 44, 20, 0, 0.98%, 9, 0, 5, 200.18, 416324, 639
2342, 9, 26, 44, 20, 0, 0.98%, 9, 0, 5, 195.29, 417301, 639
2347, 9, 26, 44, 20, 0, 0.98%, 9, 0, 5, 199.84, 418343, 639
2352, 9, 26, 44, 20, 0, 0.98%, 9, 0, 5, 199.51, 419346, 639
2357, 9, 7, 44, 20, 0, 0.98%, 9, 0, 5, 199.29, 420346, 639
2362, 9, 26, 44, 20, 0, 0.98%, 9, 0, 5, 195.59, 421358, 639
2368, 9, 26, 44, 20, 0, 0.98%, 9, 0, 5, 198.16, 422385, 639
2373, 9, 26, 44, 20, 0, 0.98%, 9, 0, 5, 198.33, 423415, 639
2378, 9, 26, 44, 20, 0, 0.98%, 9, 0, 5, 197.79, 424443, 639
2383, 9, 26, 44, 20, 0, 0.98%, 9, 0, 5, 197.13, 425464, 639
2388, 9, 26, 44, 20, 0, 0.98%, 9, 0, 5, 197.14, 426479, 639
2394, 9, 6, 44, 19, 0, 0.98%, 9, 0, 5, 227.61, 427645, 639
2399, 9, 28, 44, 19, 0, 0.98%, 9, 0, 5, 214.49, 428797, 639
2404, 9, 23, 44, 19, 0, 0.98%, 9, 0, 5, 215.25, 429865, 639
2409, 9, 28, 44, 19, 0, 0.98%, 9, 0, 5, 204.38, 430917, 639
2414, 9, 26, 44, 19, 0, 0.98%, 9, 0, 5, 198.48, 431938, 639
2419, 9, 26, 44, 19, 0, 0.98%, 9, 0, 5, 198.73, 432977, 639
2425, 9, 26, 44, 19, 0, 0.98%, 9, 0, 5, 197.73, 433992, 639
2430, 9, 29, 44, 19, 0, 0.98%, 9, 0, 5, 209.14, 435077, 639
2435, 9, 6, 44, 19, 0, 0.98%, 9, 0, 5, 227.63, 436237, 639
2440, 9, 6, 44, 19, 0, 0.98%, 9, 0, 5, 247.98, 437537, 639
2445, 9, 26, 44, 19, 0, 0.98%, 9, 0, 5, 229.07, 438717, 639
2450, 9, 26, 44, 19, 0, 0.98%, 9, 0, 5, 203.98, 439717, 639
2455, 9, 26, 44, 19, 0, 0.98%, 9, 0, 5, 199.06, 440742, 639
2461, 9, 26, 44, 19, 0, 0.98%, 9, 0, 5, 196.65, 441757, 639
2466, 9, 26, 44, 19, 0, 0.98%, 9, 0, 5, 197.59, 442773, 639
2471, 9, 26, 44, 19, 0, 0.98%, 9, 0, 5, 198.08, 443797, 639
2476, 9, 7, 44, 19, 0, 0.98%, 9, 0, 5, 201.81, 444853, 639
2481, 9, 25, 44, 19, 0, 0.98%, 9, 0, 5, 200.34, 445886, 639
2486, 9, 26, 44, 19, 0, 0.98%, 9, 0, 5, 213.38, 446997, 639
2491, 10, 26, 44, 19, 0, 0.98%, 9, 0, 5, 201.27, 448001, 639
2496, 10, 26, 44, 19, 0, 0.98%, 9, 0, 5, 200.28, 448993, 639
2501, 10, 26, 44, 19, 0, 0.98%, 9, 0, 5, 199.75, 449997, 639
2507, 10, 26, 44, 19, 0, 0.98%, 9, 0, 5, 197.93, 451024, 639
2512, 10, 26, 44, 19, 0, 0.98%, 9, 0, 5, 197.33, 452049, 639
2517, 10, 26, 44, 19, 0, 0.98%, 9, 0, 5, 197.54, 453073, 639
2522, 10, 26, 44, 19, 0, 0.98%, 9, 0, 5, 194.55, 454088, 639
2527, 10, 23, 44, 19, 0, 0.98%, 9, 0, 5, 206.51, 455157, 639
2533, 10, 26, 44, 19, 0, 0.98%, 9, 0, 5, 201.13, 456209, 639
2538, 10, 26, 44, 19, 0, 0.98%, 9, 0, 5, 199.84, 457208, 639
2543, 10, 7, 44, 19, 0, 0.98%, 9, 0, 5, 198.59, 458209, 639
2548, 10, 26, 44, 19, 0, 0.98%, 9, 0, 5, 196.16, 459192, 639
2553, 10, 26, 44, 19, 0, 0.98%, 9, 0, 5, 197.38, 460207, 639
2558, 10, 26, 44, 19, 0, 0.98%, 9, 0, 5, 197.83, 461228, 639
2563, 10, 6, 44, 19, 0, 0.98%, 9, 0, 5, 206.53, 462277, 639
2568, 10, 26, 44, 19, 0, 0.98%, 9, 0, 5, 212.84, 463409, 639
2573, 10, 26, 44, 19, 0, 0.98%, 9, 0, 5, 202.24, 464405, 639
2578, 10, 26, 44, 19, 0, 0.98%, 9, 0, 5, 198.11, 465430, 639
2583, 10, 32, 44, 19, 0, 0.98%, 9, 0, 5, 212.81, 466485, 639
2588, 10, 32, 44, 19, 0, 0.98%, 9, 0, 5, 228.37, 467657, 639
2593, 10, 32, 44, 19, 0, 0.98%, 9, 0, 5, 230.94, 468813, 639
2599, 10, 32, 44, 19, 0, 0.98%, 9, 0, 5, 233.28, 470045, 639
2604, 10, 32, 44, 19, 0, 0.98%, 9, 0, 5, 234.78, 471265, 639
2609, 10, 3, 44, 19, 0, 0.98%, 9, 0, 5, 208.87, 472287, 639
2614, 10, 3, 44, 19, 0, 0.98%, 9, 0, 5, 221.03, 473451, 639
2619, 10, 3, 44, 19, 0, 0.98%, 9, 0, 5, 226.52, 474639, 639
2624, 10, 3, 44, 19, 0, 0.98%, 9, 0, 5, 225.72, 475775, 639
2629, 10, 26, 44, 19, 0, 0.98%, 9, 0, 5, 203.96, 476779, 639
2634, 10, 26, 44, 19, 0, 0.98%, 9, 0, 5, 198.74, 477806, 639
2639, 10, 26, 44, 19, 0, 0.98%, 9, 0, 5, 197.85, 478794, 639
2645, 10, 26, 44, 19, 0, 0.98%, 9, 0, 5, 197.30, 479788, 639
2650, 10, 6, 44, 19, 0, 0.98%, 9, 0, 5, 230.53, 480971, 639
2655, 10, 29, 44, 19, 0, 0.98%, 9, 0, 5, 217.04, 482051, 639
2660, 10, 26, 44, 19, 0, 0.98%, 9, 0, 5, 208.02, 483131, 639
2665, 10, 26, 44, 19, 0, 0.98%, 9, 0, 5, 198.33, 484146, 639
2670, 10, 26, 44, 19, 0, 0.98%, 9, 0, 5, 198.57, 485170, 639
2675, 10, 26, 44, 19, 0, 0.98%, 9, 0, 5, 197.14, 486182, 639
2681, 10, 26, 44, 19, 0, 0.98%, 9, 0, 5, 198.81, 487215, 639
2686, 10, 28, 44, 19, 0, 0.98%, 9, 0, 5, 220.74, 488391, 639
2691, 10, 29, 44, 19, 0, 0.98%, 9, 0, 5, 212.19, 489431, 639
2696, 10, 26, 44, 19, 0, 0.98%, 9, 0, 5, 205.09, 490503, 639
2701, 10, 27, 44, 19, 0, 0.98%, 9, 0, 5, 193.25, 491492, 639
2706, 10, 26, 44, 18, 0, 0.98%, 9, 0, 5, 196.23, 492482, 639
2711, 10, 28, 44, 18, 0, 0.98%, 9, 0, 5, 201.20, 493534, 639
2716, 11, 42, 44, 18, 0, 0.98%, 9, 0, 5, 228.19, 494666, 639
2721, 11, 26, 44, 18, 0, 0.98%, 9, 0, 5, 208.28, 495742, 639
2726, 11, 26, 44, 18, 0, 0.98%, 9, 0, 5, 198.28, 496729, 639
2732, 11, 26, 44, 18, 0, 0.98%, 9, 0, 5, 197.91, 497759, 639
2737, 11, 7, 44, 18, 0, 0.98%, 9, 0, 5, 196.97, 498780, 639
2742, 11, 26, 44, 18, 0, 0.98%, 9, 0, 5, 194.73, 499791, 639
2747, 11, 26, 44, 18, 0, 0.98%, 9, 0, 5, 196.95, 500788, 639
2752, 11, 26, 44, 18, 0, 0.98%, 9, 0, 5, 196.46, 501800, 639
2757, 11, 28, 44, 18, 0, 0.98%, 9, 0, 5, 197.16, 502830, 639
2762, 11, 26, 44, 18, 0, 0.98%, 9, 0, 5, 198.51, 503860, 639
2768, 11, 26, 44, 18, 0, 0.98%, 9, 0, 5, 198.00, 504884, 639
2773, 11, 26, 44, 18, 0, 0.98%, 9, 0, 5, 200.37, 505918, 639
2778, 11, 29, 44, 18, 0, 0.98%, 9, 0, 5, 204.02, 506958, 639
2783, 11, 29, 44, 18, 0, 0.98%, 9, 0, 5, 214.34, 508054, 639
2788, 11, 28, 44, 18, 0, 0.98%, 9, 0, 5, 204.58, 509090, 639
2793, 11, 26, 44, 18, 0, 0.98%, 9, 0, 5, 199.01, 510077, 639
2798, 11, 26, 44, 18, 0, 0.98%, 9, 0, 5, 194.85, 511086, 639
2803, 11, 26, 44, 18, 0, 0.98%, 9, 0, 5, 192.89, 512051, 639
2808, 11, 26, 44, 18, 0, 0.98%, 9, 0, 5, 197.82, 513072, 639
2814, 11, 7, 44, 18, 0, 0.98%, 9, 0, 5, 198.22, 514099, 639
2819, 11, 6, 44, 18, 0, 0.98%, 9, 0, 5, 202.45, 515140, 639
2824, 11, 32, 44, 18, 0, 0.98%, 9, 0, 5, 232.43, 516362, 639
2829, 11, 32, 44, 18, 0, 0.98%, 9, 0, 5, 235.62, 517546, 639
2834, 11, 32, 44, 18, 0, 0.98%, 9, 0, 5, 237.77, 518774, 639
2839, 11, 32, 44, 18, 0, 0.98%, 9, 0, 5, 236.81, 519998, 639
2844, 11, 32, 44, 18, 0, 0.98%, 9, 0, 5, 238.54, 521194, 639
2849, 11, 26, 44, 18, 0, 0.98%, 9, 0, 5, 204.98, 522188, 639
2854, 11, 29, 44, 18, 0, 0.98%, 9, 0, 5, 201.80, 523184, 639
2859, 11, 26, 44, 18, 0, 0.98%, 9, 0, 5, 205.32, 524236, 639
2864, 11, 26, 44, 18, 0, 0.98%, 9, 0, 5, 200.98, 525236, 639
2869, 11, 26, 44, 18, 0, 0.98%, 9, 0, 5, 197.06, 526225, 639
2875, 11, 26, 44, 18, 0, 0.98%, 9, 0, 5, 197.33, 527240, 639
2880, 11, 26, 44, 18, 0, 0.98%, 9, 0, 5, 197.16, 528258, 639
2885, 11, 26, 44, 18, 0, 0.98%, 9, 0, 5, 197.26, 529283, 639
2890, 11, 28, 44, 18, 0, 0.98%, 9, 0, 5, 194.84, 530298, 639
2895, 11, 7, 44, 18, 0, 0.98%, 9, 0, 5, 199.22, 531328, 639
2900, 11, 32, 44, 18, 0, 0.98%, 9, 0, 5, 230.84, 532556, 639
2906, 11, 32, 44, 18, 0, 0.98%, 9, 0, 5, 234.18, 533776, 639
2911, 11, 32, 44, 18, 0, 0.98%, 9, 0, 5, 236.77, 534960, 639
2916, 11, 32, 44, 18, 0, 0.98%, 9, 0, 5, 235.62, 536132, 639
2921, 11, 26, 44, 18, 0, 0.98%, 9, 0, 5, 213.69, 537206, 639
2926, 11, 26, 44, 18, 0, 0.98%, 9, 0, 5, 201.59, 538202, 639
2931, 11, 26, 44, 18, 0, 0.98%, 9, 0, 5, 198.82, 539234, 639
2936, 11, 26, 44, 18, 0, 0.98%, 9, 0, 5, 200.39, 540274, 639
2941, 12, 28, 44, 18, 0, 0.98%, 9, 0, 5, 199.47, 541307, 639
2946, 12, 26, 44, 18, 0, 0.98%, 9, 0, 5, 197.83, 542325, 639
2952, 12, 26, 44, 18, 0, 0.98%, 9, 0, 5, 198.22, 543355, 639
2957, 12, 26, 44, 18, 0, 0.98%, 9, 0, 5, 196.07, 544367, 639
2962, 12, 26, 44, 18, 0, 0.98%, 9, 0, 5, 195.51, 545378, 639
2967, 12, 26, 44, 18, 0, 0.98%, 9, 0, 5, 195.35, 546393, 639
2972, 12, 6, 44, 18, 0, 0.98%, 9, 0, 5, 232.20, 547590, 639
2977, 12, 26, 44, 18, 0, 0.98%, 9, 0, 5, 227.88, 548810, 639
2982, 12, 7, 44, 18, 0, 0.98%, 9, 0, 5, 201.27, 549802, 639
2987, 12, 26, 44, 18, 0, 0.98%, 9, 0, 5, 198.38, 550783, 639
2993, 12, 7, 44, 18, 0, 0.98%, 9, 0, 5, 200.33, 551822, 639
2998, 12, 26, 44, 18, 0, 0.98%, 9, 0, 5, 199.98, 552832, 639
3003, 12, 29, 44, 18, 0, 0.98%, 9, 0, 5, 200.25, 553842, 639
3008, 12, 7, 44, 18, 0, 0.98%, 9, 0, 5, 206.97, 554910, 639
3013, 12, 32, 44, 18, 0, 0.98%, 9, 0, 5, 228.37, 556102, 639
3018, 12, 32, 44, 18, 0, 0.98%, 9, 0, 5, 234.49, 557326, 639
3023, 12, 32, 44, 18, 0, 0.98%, 9, 0, 5, 234.31, 558546, 639
3029, 12, 32, 44, 18, 0, 0.98%, 9, 0, 5, 238.60, 559790, 639
3034, 12, 26, 44, 18, 0, 0.98%, 9, 0, 5, 218.47, 560892, 639
3039, 12, 26, 44, 18, 0, 0.98%, 9, 0, 5, 201.73, 561892, 639
3044, 12, 26, 44, 18, 0, 0.98%, 9, 0, 5, 199.48, 562928, 639
3049, 12, 26, 44, 18, 0, 0.98%, 9, 0, 5, 197.31, 563949, 639
3054, 12, 32, 44, 18, 0, 0.98%, 9, 0, 5, 219.47, 565068, 639
3059, 12, 32, 44, 18, 0, 0.98%, 9, 0, 5, 231.85, 566284, 639
3065, 12, 32, 44, 18, 0, 0.98%, 9, 0, 5, 234.49, 567500, 639
3070, 12, 32, 44, 18, 0, 0.98%, 9, 0, 5, 238.86, 568748, 639
3075, 12, 26, 44, 18, 0, 0.98%, 9, 0, 5, 229.11, 569902, 639
3080, 12, 26, 44, 18, 0, 0.98%, 9, 0, 5, 203.18, 570894, 639
3085, 12, 26, 44, 18, 0, 0.98%, 9, 0, 5, 199.95, 571892, 639
3090, 12, 26, 44, 18, 0, 0.98%, 9, 0, 5, 200.71, 572914, 639
3095, 12, 29, 44, 18, 0, 0.98%, 9, 0, 5, 213.60, 573990, 639
3100, 12, 26, 44, 18, 0, 0.98%, 9, 0, 5, 203.80, 575002, 639
3105, 12, 26, 44, 18, 0, 0.98%, 9, 0, 5, 199.73, 576006, 639
3110, 12, 28, 44, 18, 0, 0.98%, 9, 0, 5, 196.06, 577028, 639
3115, 12, 23, 44, 18, 0, 0.98%, 9, 0, 5, 204.10, 578082, 639
3120, 12, 26, 44, 18, 0, 0.98%, 9, 0, 5, 202.15, 579110, 639
3126, 12, 26, 44, 18, 0, 0.98%, 9, 0, 5, 230.69, 580318, 639
3131, 12, 26, 44, 18, 0, 0.98%, 9, 0, 5, 205.88, 581318, 639
3136, 12, 26, 44, 18, 0, 0.98%, 9, 0, 5, 197.29, 582299, 639
3141, 12, 7, 44, 18, 0, 0.98%, 9, 0, 5, 196.88, 583323, 639
3146, 12, 28, 44, 18, 0, 0.98%, 9, 0, 5, 198.90, 584355, 639
3151, 12, 26, 44, 18, 0, 0.98%, 9, 0, 5, 197.74, 585370, 639
3156, 12, 25, 44, 18, 0, 0.98%, 9, 0, 5, 209.91, 586450, 639
3161, 13, 26, 44, 18, 0, 0.98%, 9, 0, 5, 202.61, 587478, 639
3166, 13, 6, 44, 18, 0, 0.98%, 9, 0, 5, 219.90, 588574, 639
3172, 13, 26, 44, 18, 0, 0.98%, 9, 0, 5, 210.95, 589698, 639
3177, 13, 26, 44, 18, 0, 0.98%, 9, 0, 5, 200.85, 590706, 639
3182, 13, 32, 44, 18, 0, 0.98%, 9, 0, 5, 211.09, 591782, 639
3187, 13, 32, 44, 18, 0, 0.98%, 9, 0, 5, 232.45, 592998, 639
3192, 13, 32, 44, 18, 0, 0.98%, 9, 0, 5, 234.36, 594218, 639
3197, 13, 32, 44, 18, 0, 0.98%, 9, 0, 5, 236.80, 595406, 639
3202, 13, 32, 44, 18, 0, 0.98%, 9, 0, 5, 236.01, 596626, 639
3207, 13, 26, 44, 18, 0, 0.98%, 9, 0, 5, 212.49, 597696, 639
3212, 13, 26, 44, 18, 0, 0.98%, 9, 0, 5, 200.54, 598684, 639
3217, 13, 26, 44, 18, 0, 0.98%, 9, 0, 5, 199.09, 599683, 639
3222, 13, 26, 44, 18, 0, 0.98%, 9, 0, 5, 197.91, 600707, 639
3227, 13, 26, 44, 18, 0, 0.98%, 9, 0, 5, 197.40, 601698, 639
3233, 13, 26, 44, 18, 0, 0.98%, 9, 0, 5, 197.75, 602725, 639
3238, 13, 6, 44, 18, 0, 0.98%, 9, 0, 5, 230.25, 603896, 639
3243, 13, 26, 44, 18, 0, 0.98%, 9, 0, 5, 207.69, 604916, 639
3248, 13, 26, 44, 18, 0, 0.98%, 9, 0, 5, 198.61, 605909, 639
3253, 13, 26, 44, 18, 0, 0.98%, 9, 0, 5, 199.79, 606932, 639
3258, 13, 26, 44, 18, 0, 0.98%, 9, 0, 5, 198.60, 607963, 639
3263, 13, 26, 44, 18, 0, 0.98%, 9, 0, 5, 197.97, 608990, 639
3269, 13, 26, 44, 18, 0, 0.98%, 9, 0, 5, 197.12, 610014, 639
3274, 13, 25, 44, 18, 0, 0.98%, 9, 0, 5, 209.26, 611088, 639
3279, 13, 26, 44, 18, 0, 0.98%, 9, 0, 5, 205.95, 612148, 639
3284, 13, 26, 44, 18, 0, 0.98%, 9, 0, 5, 201.13, 613160, 639
3289, 13, 26, 44, 18, 0, 0.98%, 9, 0, 5, 197.30, 614173, 639
3294, 13, 26, 44, 18, 0, 0.98%, 9, 0, 5, 199.06, 615197, 639
3299, 13, 32, 44, 18, 0, 0.98%, 9, 0, 5, 211.72, 616276, 639
3305, 13, 32, 44, 18, 0, 0.98%, 9, 0, 5, 232.34, 617504, 639
3310, 13, 32, 44, 18, 0, 0.98%, 9, 0, 5, 235.63, 618724, 639
3315, 13, 32, 44, 18, 0, 0.98%, 9, 0, 5, 235.25, 619900, 639
3320, 13, 32, 44, 18, 0, 0.98%, 9, 0, 5, 237.20, 621124, 639
3325, 13, 26, 44, 18, 0, 0.98%, 9, 0, 5, 207.53, 622138, 639
3330, 13, 26, 44, 18, 0, 0.98%, 9, 0, 5, 200.11, 623170, 639
3335, 13, 29, 44, 18, 0, 0.98%, 9, 0, 5, 203.58, 624214, 639
3340, 13, 26, 44, 18, 0, 0.98%, 9, 0, 5, 202.65, 625246, 639
3345, 13, 26, 44, 18, 0, 0.98%, 9, 0, 5, 201.76, 626266, 639
3351, 13, 30, 44, 18, 0, 0.98%, 9, 0, 5, 200.82, 627306, 639
3356, 13, 26, 44, 18, 0, 0.98%, 9, 0, 5, 198.10, 628343, 639
3361, 13, 29, 44, 18, 0, 0.98%, 9, 0, 5, 199.32, 629373, 639
3366, 13, 26, 44, 18, 0, 0.98%, 9, 0, 5, 200.55, 630444, 639
3371, 13, 26, 44, 18, 0, 0.98%, 9, 0, 5, 196.93, 631460, 639
3377, 13, 26, 44, 18, 0, 0.98%, 9, 0, 5, 198.50, 632490, 639
3382, 13, 26, 44, 18, 0, 0.98%, 9, 0, 5, 197.51, 633507, 639
3387, 13, 26, 44, 18, 0, 0.98%, 9, 0, 5, 199.94, 634528, 639
3392, 13, 26, 44, 18, 0, 0.98%, 9, 0, 5, 196.76, 635537, 639
3397, 13, 26, 44, 18, 0, 0.98%, 9, 0, 5, 198.10, 636525, 639
3402, 14, 26, 44, 18, 0, 0.98%, 9, 0, 5, 199.14, 637529, 639
3407, 14, 26, 44, 18, 0, 0.98%, 9, 0, 5, 199.63, 638572, 639
3412, 14, 26, 44, 18, 0, 0.98%, 9, 0, 5, 199.89, 639616, 639
3417, 14, 26, 44, 18, 0, 0.98%, 9, 0, 5, 196.64, 640607, 639
3423, 14, 26, 44, 18, 0, 0.98%, 9, 0, 5, 195.64, 641619, 639
3428, 14, 26, 44, 18, 0, 0.98%, 9, 0, 5, 197.56, 642609, 639
3433, 14, 25, 44, 18, 0, 0.98%, 9, 0, 5, 207.53, 643680, 639
3438, 14, 26, 44, 18, 0, 0.98%, 9, 0, 5, 204.73, 644732, 639
3443, 14, 6, 44, 18, 0, 0.98%, 9, 0, 5, 236.99, 645964, 639
3448, 14, 18, 44, 18, 0, 0.98%, 9, 0, 5, 166.26, 646880, 639
3453, 14, 18, 44, 18, 0, 0.98%, 9, 0, 5, 90.71, 647240, 639
3459, 14, 18, 44, 18, 0, 0.98%, 9, 0, 5, 73.87, 647598, 639
3464, 14, 26, 44, 17, 0, 0.98%, 9, 0, 5, 116.40, 648144, 639
3469, 14, 26, 44, 17, 0, 0.98%, 9, 0, 5, 182.99, 649169, 639
3474, 14, 26, 44, 17, 0, 0.98%, 9, 0, 5, 194.07, 650190, 639
3479, 14, 30, 44, 17, 0, 0.98%, 9, 0, 5, 198.76, 651220, 639
3484, 14, 30, 44, 17, 0, 0.98%, 9, 0, 5, 198.23, 652240, 639
3489, 14, 28, 44, 17, 0, 0.98%, 9, 0, 5, 197.26, 653268, 639
3495, 14, 7, 44, 17, 0, 0.98%, 9, 0, 5, 208.56, 654386, 639
3500, 14, 23, 44, 17, 0, 0.98%, 9, 0, 5, 212.12, 655486, 639
3505, 14, 26, 44, 17, 0, 0.98%, 9, 0, 5, 200.76, 656478, 639
3510, 14, 24, 44, 17, 0, 0.98%, 9, 0, 5, 172.29, 657376, 639
3515, 14, 24, 44, 17, 0, 0.98%, 9, 0, 5, 120.34, 657934, 639
3520, 14, 24, 44, 17, 0, 0.98%, 9, 0, 5, 111.05, 658491, 639
3525, 14, 24, 45, 18, 0, 0.98%, 9, 0, 5, 119.87, 659123, 639
3531, 14, 24, 45, 18, 0, 0.98%, 9, 0, 5, 122.18, 659759, 639
3536, 14, 26, 45, 17, 0, 0.98%, 9, 0, 5, 169.74, 660634, 639
3541, 14, 26, 45, 17, 0, 0.98%, 9, 0, 5, 189.18, 661649, 639
3546, 14, 26, 45, 17, 0, 0.98%, 9, 0, 5, 198.62, 662692, 639
3551, 14, 26, 45, 17, 0, 0.98%, 9, 0, 5, 200.57, 663697, 639
3556, 14, 26, 45, 17, 0, 0.98%, 9, 0, 5, 195.26, 664680, 639
3561, 14, 26, 45, 17, 0, 0.98%, 9, 0, 5, 195.95, 665698, 639
3566, 14, 15, 45, 17, 0, 0.98%, 9, 0, 5, 172.35, 666572, 639
3571, 14, 15, 45, 17, 0, 0.98%, 9, 0, 5, 154.86, 667325, 639
3577, 14, 15, 45, 17, 0, 0.98%, 9, 0, 5, 147.32, 668077, 639
3582, 14, 26, 45, 16, 0, 0.98%, 9, 0, 5, 185.54, 669061, 639
3587, 14, 26, 45, 16, 0, 0.98%, 9, 0, 5, 195.75, 670089, 639
3592, 14, 8, 45, 16, 0, 0.98%, 9, 0, 5, 215.74, 671189, 639
3597, 14, 29, 45, 16, 0, 0.98%, 9, 0, 5, 226.52, 672405, 639
3602, 14, 30, 45, 16, 0, 0.98%, 9, 0, 5, 235.10, 673605, 639
3607, 14, 30, 45, 16, 0, 0.98%, 9, 0, 5, 204.64, 674605, 639
3613, 14, 26, 45, 16, 0, 0.98%, 9, 0, 5, 200.69, 675623, 639
3618, 14, 26, 45, 16, 0, 0.98%, 9, 0, 5, 198.93, 676624, 639
3623, 14, 26, 45, 16, 0, 0.98%, 9, 0, 5, 197.25, 677636, 639
3628, 14, 26, 45, 16, 0, 0.98%, 9, 0, 5, 197.55, 678669, 639
3633, 14, 7, 45, 16, 0, 0.98%, 9, 0, 5, 199.25, 679694, 639
3638, 14, 26, 45, 16, 0, 0.98%, 9, 0, 5, 201.44, 680739, 639
3643, 14, 26, 45, 16, 0, 0.98%, 9, 0, 5, 198.00, 681767, 639
3649, 15, 26, 45, 16, 0, 0.98%, 9, 0, 5, 200.03, 682799, 639
3654, 15, 26, 45, 16, 0, 0.98%, 9, 0, 5, 202.00, 683831, 639
3659, 15, 26, 45, 16, 0, 0.98%, 9, 0, 5, 200.00, 684840, 639
3664, 15, 26, 45, 16, 0, 0.98%, 9, 0, 5, 202.59, 685895, 639
3669, 15, 26, 45, 16, 0, 0.98%, 9, 0, 5, 200.85, 686911, 639
3674, 15, 26, 45, 16, 0, 0.98%, 9, 0, 5, 199.19, 687945, 639
3679, 15, 26, 45, 16, 0, 0.98%, 9, 0, 5, 198.81, 688977, 639
3685, 15, 26, 45, 16, 0, 0.98%, 9, 0, 5, 200.62, 690011, 639
3690, 15, 28, 45, 16, 0, 0.98%, 9, 0, 5, 198.72, 691040, 639
3695, 15, 26, 45, 16, 0, 0.98%, 9, 0, 5, 198.29, 692056, 639
3700, 15, 25, 45, 16, 0, 0.98%, 9, 0, 5, 206.42, 693123, 639
3705, 15, 26, 45, 16, 0, 0.98%, 9, 0, 5, 207.05, 694195, 639
3710, 15, 29, 45, 16, 0, 0.98%, 9, 0, 5, 209.85, 695231, 639
3715, 15, 26, 45, 16, 0, 0.98%, 9, 0, 5, 234.25, 696463, 639
3720, 15, 6, 45, 16, 0, 0.98%, 9, 0, 5, 219.75, 697507, 639
3726, 15, 28, 45, 16, 0, 0.98%, 9, 0, 5, 216.04, 698675, 639
3731, 15, 26, 45, 16, 0, 0.98%, 9, 0, 5, 204.63, 699679, 639
3736, 15, 26, 45, 16, 0, 0.98%, 9, 0, 5, 201.72, 700695, 639
3741, 15, 26, 45, 16, 0, 0.98%, 9, 0, 5, 202.23, 701707, 639
3746, 15, 26, 45, 16, 0, 0.98%, 9, 0, 5, 197.92, 702724, 639
3751, 15, 26, 45, 16, 0, 0.98%, 9, 0, 5, 197.92, 703739, 639
3756, 15, 26, 45, 16, 0, 0.98%, 9, 0, 5, 200.96, 704747, 639
3761, 15, 6, 45, 16, 0, 0.98%, 9, 0, 5, 233.31, 705959, 639
3766, 15, 26, 45, 16, 0, 0.98%, 9, 0, 5, 207.31, 706971, 639
3771, 15, 29, 45, 16, 0, 0.98%, 9, 0, 5, 204.84, 707991, 639
3776, 15, 26, 45, 16, 0, 0.98%, 9, 0, 5, 205.63, 709031, 639
3781, 15, 6, 45, 16, 0, 0.98%, 9, 0, 5, 228.93, 710187, 639
3787, 15, 26, 45, 16, 0, 0.98%, 9, 0, 5, 209.93, 711287, 639
3792, 15, 26, 45, 16, 0, 0.98%, 9, 0, 5, 200.53, 712287, 639
3797, 15, 26, 45, 16, 0, 0.98%, 9, 0, 5, 199.24, 713283, 639
3802, 15, 26, 45, 16, 0, 0.98%, 9, 0, 5, 192.73, 714269, 639
3807, 15, 26, 45, 16, 0, 0.98%, 9, 0, 5, 189.95, 715239, 639
3812, 15, 26, 45, 16, 0, 0.98%, 9, 0, 5, 195.11, 716254, 639
