# relative_time, cycles_done, cur_item, corpus_count, pending_total, pending_favs, map_size, saved_crashes, saved_hangs, max_depth, execs_per_sec, total_execs, edges_found
61, 0, 4, 182, 181, 2, 1.82%, 0, 0, 2, 218.96, 15150, 1193
66, 0, 4, 184, 183, 2, 1.82%, 0, 0, 2, 272.03, 16581, 1193
71, 0, 4, 187, 186, 2, 1.82%, 0, 0, 2, 295.52, 18135, 1194
76, 0, 4, 192, 191, 2, 1.82%, 0, 0, 2, 283.11, 19510, 1194
81, 0, 4, 192, 191, 2, 1.82%, 0, 0, 2, 296.13, 21010, 1194
86, 0, 4, 198, 197, 2, 1.82%, 0, 0, 2, 180.52, 21867, 1194
92, 0, 4, 200, 199, 2, 1.82%, 0, 0, 2, 141.44, 22541, 1196
97, 0, 4, 204, 203, 2, 1.83%, 0, 0, 2, 127.12, 23171, 1198
102, 0, 4, 207, 206, 2, 1.83%, 0, 0, 2, 123.13, 23765, 1198
107, 0, 4, 208, 207, 2, 1.83%, 0, 0, 2, 119.59, 24369, 1198
112, 0, 4, 209, 208, 2, 1.83%, 0, 0, 2, 125.79, 25009, 1198
117, 0, 4, 212, 211, 2, 1.83%, 0, 0, 2, 123.30, 25639, 1200
122, 0, 4, 212, 211, 2, 1.83%, 0, 0, 2, 131.76, 26287, 1200
127, 0, 4, 214, 213, 2, 1.83%, 0, 0, 2, 131.45, 26943, 1200
132, 0, 4, 215, 214, 2, 1.83%, 0, 0, 2, 131.57, 27603, 1200
137, 0, 4, 216, 215, 2, 1.83%, 0, 0, 2, 130.41, 28256, 1200
142, 0, 4, 218, 217, 2, 1.83%, 0, 0, 2, 139.02, 28998, 1200
148, 0, 107, 240, 238, 53, 1.85%, 0, 0, 3, 513.29, 31768, 1210
153, 0, 107, 252, 250, 53, 1.85%, 0, 0, 3, 628.87, 35098, 1213
158, 0, 107, 252, 250, 53, 1.85%, 0, 0, 3, 653.05, 38392, 1213
163, 0, 107, 271, 269, 53, 1.85%, 0, 0, 3, 653.98, 41729, 1213
168, 0, 107, 271, 269, 53, 1.85%, 0, 0, 3, 637.00, 44913, 1213
173, 0, 225, 279, 276, 54, 1.85%, 0, 0, 4, 640.81, 48224, 1213
178, 0, 87, 280, 276, 53, 1.85%, 0, 0, 4, 645.55, 51579, 1213
183, 0, 87, 282, 278, 53, 1.85%, 0, 0, 4, 606.94, 54617, 1214
188, 0, 87, 291, 287, 53, 1.86%, 0, 0, 4, 605.19, 57662, 1216
193, 0, 87, 295, 291, 53, 1.86%, 0, 0, 4, 602.28, 60730, 1216
198, 0, 133, 296, 290, 52, 1.86%, 0, 0, 4, 576.74, 63493, 1217
204, 0, 169, 304, 297, 51, 1.88%, 0, 0, 4, 594.57, 66612, 1233
209, 0, 169, 311, 304, 51, 1.90%, 0, 0, 4, 606.38, 69713, 1245
214, 0, 169, 315, 308, 51, 1.90%, 0, 0, 4, 610.66, 72817, 1246
219, 0, 169, 315, 308, 51, 1.90%, 0, 0, 4, 587.82, 75703, 1246
224, 0, 169, 315, 308, 51, 1.90%, 0, 0, 4, 589.04, 78717, 1246
229, 0, 302, 316, 308, 53, 1.90%, 0, 0, 4, 602.01, 81871, 1246
234, 0, 287, 320, 311, 52, 1.90%, 0, 0, 4, 602.51, 84969, 1246
239, 0, 287, 321, 312, 52, 1.90%, 0, 0, 4, 579.48, 87965, 1246
244, 0, 284, 327, 317, 51, 1.90%, 0, 0, 4, 598.85, 91019, 1247
250, 0, 284, 330, 320, 51, 1.90%, 0, 0, 4, 585.88, 94068, 1247
255, 0, 284, 333, 323, 51, 1.90%, 0, 0, 4, 608.45, 97213, 1247
260, 0, 284, 339, 329, 51, 1.91%, 0, 0, 4, 604.07, 100249, 1252
265, 0, 284, 342, 332, 51, 1.91%, 0, 0, 4, 590.46, 103274, 1252
270, 0, 284, 344, 334, 51, 1.91%, 0, 0, 4, 567.83, 106161, 1252
275, 0, 284, 344, 334, 51, 1.91%, 0, 0, 4, 569.12, 109054, 1252
280, 0, 309, 347, 335, 51, 1.91%, 0, 0, 4, 594.36, 112039, 1252
285, 0, 288, 348, 335, 50, 1.91%, 0, 0, 4, 594.30, 115043, 1252
290, 0, 231, 348, 334, 49, 1.91%, 0, 0, 4, 538.47, 117837, 1252
295, 0, 325, 351, 336, 48, 1.91%, 0, 0, 5, 539.52, 120416, 1252
301, 0, 325, 352, 337, 48, 1.91%, 0, 0, 5, 573.65, 123428, 1252
306, 0, 325, 354, 339, 48, 1.91%, 0, 0, 5, 567.44, 126397, 1252
311, 0, 325, 357, 342, 48, 1.91%, 0, 0, 5, 547.50, 129182, 1252
316, 0, 325, 357, 342, 48, 1.91%, 0, 0, 5, 579.26, 132138, 1252
321, 0, 325, 357, 342, 48, 1.91%, 0, 0, 5, 608.64, 135219, 1252
326, 0, 325, 357, 342, 48, 1.91%, 0, 0, 5, 616.02, 138352, 1252
331, 0, 325, 357, 342, 48, 1.91%, 0, 0, 5, 602.77, 141438, 1252
336, 0, 315, 357, 341, 46, 1.91%, 0, 0, 5, 585.46, 144444, 1252
341, 0, 315, 360, 344, 46, 1.91%, 0, 0, 5, 566.74, 147277, 1252
346, 0, 304, 362, 345, 45, 1.91%, 0, 0, 5, 578.39, 150191, 1252
351, 0, 310, 363, 345, 44, 1.91%, 0, 0, 5, 574.25, 153076, 1253
357, 0, 338, 364, 344, 43, 1.91%, 0, 0, 5, 599.77, 156154, 1253
362, 0, 338, 365, 345, 43, 1.91%, 0, 0, 5, 593.25, 159109, 1253
367, 0, 331, 365, 343, 42, 1.91%, 0, 0, 5, 506.97, 161470, 1253
372, 0, 331, 369, 347, 42, 1.91%, 0, 0, 5, 568.23, 164526, 1253
377, 0, 331, 370, 348, 42, 1.91%, 0, 0, 5, 590.96, 167614, 1254
382, 0, 331, 371, 349, 42, 1.91%, 0, 0, 5, 600.37, 170646, 1254
387, 0, 331, 371, 349, 42, 1.91%, 0, 0, 5, 612.10, 173698, 1254
392, 0, 331, 371, 349, 42, 1.91%, 0, 0, 5, 603.22, 176731, 1254
397, 0, 113, 372, 349, 42, 1.91%, 0, 0, 5, 596.09, 179698, 1254
402, 0, 337, 374, 350, 41, 1.92%, 0, 0, 5, 516.77, 182260, 1260
407, 0, 369, 375, 350, 42, 1.93%, 0, 0, 5, 585.11, 185216, 1263
412, 0, 372, 375, 349, 41, 1.93%, 0, 0, 5, 613.85, 188350, 1263
417, 0, 372, 375, 349, 41, 1.93%, 0, 0, 5, 629.70, 191640, 1263
423, 0, 299, 376, 348, 40, 1.99%, 0, 0, 5, 61.49, 193786, 1306
428, 0, 299, 377, 349, 40, 1.99%, 0, 0, 5, 55.68, 194052, 1306
433, 0, 299, 377, 349, 40, 1.99%, 0, 0, 5, 52.52, 194314, 1306
438, 0, 299, 377, 349, 40, 1.99%, 0, 0, 5, 387.84, 195063, 1306
443, 0, 299, 377, 349, 40, 1.99%, 0, 0, 5, 76.09, 196568, 1306
448, 0, 299, 377, 349, 40, 1.99%, 0, 0, 5, 63.65, 197072, 1306
453, 0, 366, 377, 348, 37, 1.99%, 0, 0, 5, 650.55, 199252, 1306
458, 0, 314, 377, 347, 36, 1.99%, 0, 0, 5, 627.32, 202419, 1306
463, 0, 172, 377, 346, 35, 1.99%, 0, 0, 5, 111.11, 205416, 1306
468, 0, 362, 378, 346, 34, 1.99%, 0, 0, 5, 322.39, 207010, 1306
474, 0, 362, 378, 346, 34, 1.99%, 0, 0, 5, 560.63, 210208, 1306
479, 0, 140, 379, 346, 33, 2.00%, 0, 0, 5, 593.81, 213219, 1311
484, 0, 345, 379, 345, 33, 2.00%, 0, 0, 5, 607.10, 216281, 1311
489, 0, 333, 379, 344, 32, 2.00%, 0, 0, 5, 622.50, 219550, 1311
494, 0, 333, 384, 349, 32, 2.00%, 0, 0, 5, 616.50, 222658, 1311
499, 0, 333, 384, 349, 32, 2.00%, 0, 0, 5, 612.66, 225790, 1311
504, 0, 372, 384, 346, 29, 2.00%, 0, 0, 5, 621.44, 228963, 1311
509, 0, 372, 385, 347, 29, 2.00%, 0, 0, 6, 621.93, 232027, 1311
514, 0, 372, 388, 350, 29, 2.00%, 0, 0, 6, 615.80, 235267, 1311
519, 0, 372, 388, 350, 29, 2.00%, 0, 0, 6, 604.77, 238291, 1311
524, 0, 372, 388, 350, 29, 2.00%, 0, 0, 6, 606.84, 241363, 1311
529, 0, 372, 388, 350, 29, 2.00%, 0, 0, 6, 598.61, 244399, 1311
534, 0, 372, 389, 351, 29, 2.00%, 0, 0, 6, 606.71, 247433, 1311
539, 0, 372, 389, 351, 29, 2.00%, 0, 0, 6, 628.45, 250693, 1311
544, 0, 378, 389, 351, 29, 2.00%, 0, 0, 6, 638.79, 253940, 1311
549, 0, 177, 389, 350, 28, 2.00%, 0, 0, 6, 617.53, 257020, 1311
555, 0, 129, 389, 349, 27, 2.00%, 0, 0, 6, 620.24, 260245, 1311
560, 0, 268, 396, 355, 26, 2.00%, 0, 0, 6, 665.62, 263628, 1311
565, 0, 268, 398, 357, 26, 2.00%, 0, 0, 6, 675.67, 267037, 1311
570, 0, 268, 398, 357, 26, 2.00%, 0, 0, 6, 669.55, 270458, 1311
575, 0, 268, 398, 357, 26, 2.00%, 0, 0, 6, 662.45, 273786, 1311
580, 0, 163, 398, 356, 27, 2.00%, 0, 0, 6, 633.18, 276976, 1311
585, 0, 124, 398, 355, 26, 2.00%, 0, 0, 6, 147.42, 278143, 1311
590, 0, 124, 398, 355, 26, 2.00%, 0, 0, 6, 151.68, 278946, 1311
595, 0, 243, 398, 354, 25, 2.00%, 0, 0, 6, 298.22, 280279, 1311
600, 0, 326, 400, 355, 24, 2.00%, 0, 0, 6, 562.77, 283525, 1311
605, 0, 326, 400, 355, 24, 2.00%, 0, 0, 6, 612.58, 286652, 1311
610, 0, 246, 400, 354, 24, 2.00%, 0, 0, 6, 626.26, 289808, 1311
616, 0, 372, 400, 353, 23, 2.00%, 0, 0, 6, 633.51, 293119, 1311
621, 0, 126, 401, 354, 23, 2.00%, 0, 0, 6, 78.64, 295752, 1311
626, 0, 126, 401, 354, 23, 2.00%, 0, 0, 6, 280.41, 296692, 1311
631, 0, 375, 401, 353, 22, 2.00%, 0, 0, 6, 35.59, 296961, 1311
636, 0, 375, 401, 353, 22, 2.00%, 0, 0, 6, 33.45, 297121, 1311
641, 0, 375, 401, 353, 22, 2.00%, 0, 0, 6, 335.00, 297486, 1311
646, 0, 375, 401, 353, 22, 2.00%, 0, 0, 6, 66.10, 297898, 1311
651, 0, 384, 401, 351, 20, 2.00%, 0, 0, 6, 588.58, 300873, 1311
656, 0, 384, 401, 351, 20, 2.00%, 0, 0, 6, 621.60, 304027, 1311
661, 0, 370, 401, 349, 19, 2.00%, 0, 0, 6, 639.76, 307396, 1311
667, 0, 143, 401, 348, 18, 2.00%, 0, 0, 6, 621.72, 310630, 1311
672, 0, 398, 401, 346, 16, 2.00%, 0, 0, 6, 628.64, 313800, 1311
677, 0, 398, 402, 347, 16, 2.00%, 0, 0, 6, 632.51, 316990, 1311
682, 0, 334, 402, 345, 14, 2.00%, 0, 0, 6, 631.04, 320143, 1311
687, 0, 334, 402, 345, 14, 2.00%, 0, 0, 6, 639.28, 323337, 1311
692, 0, 165, 402, 344, 13, 2.00%, 0, 0, 6, 158.08, 324455, 1311
697, 0, 401, 404, 345, 12, 2.00%, 0, 0, 7, 455.57, 326771, 1311
702, 0, 401, 404, 345, 12, 2.00%, 0, 0, 7, 592.22, 329991, 1311
707, 0, 360, 404, 344, 12, 2.00%, 0, 0, 7, 609.23, 333151, 1311
712, 0, 403, 404, 342, 10, 2.00%, 0, 0, 7, 613.01, 336403, 1311
717, 0, 403, 404, 342, 10, 2.00%, 0, 0, 7, 528.23, 339005, 1311
722, 0, 363, 405, 342, 9, 2.00%, 0, 0, 7, 614.30, 342181, 1311
728, 0, 374, 405, 341, 8, 2.00%, 0, 0, 7, 623.22, 345475, 1311
733, 0, 374, 407, 343, 8, 2.01%, 0, 0, 7, 574.94, 348358, 1314
738, 0, 407, 409, 344, 9, 2.01%, 0, 0, 7, 356.20, 350016, 1314
743, 0, 407, 409, 344, 9, 2.01%, 0, 0, 7, 320.33, 351512, 1314
748, 0, 157, 409, 343, 8, 2.01%, 0, 0, 7, 405.87, 353287, 1314
753, 0, 367, 409, 341, 6, 2.01%, 0, 0, 7, 572.48, 356455, 1314
758, 0, 367, 409, 341, 6, 2.01%, 0, 0, 7, 628.82, 359715, 1314
763, 0, 372, 410, 341, 5, 2.01%, 0, 0, 7, 637.78, 362934, 1314
768, 0, 196, 410, 341, 5, 2.01%, 0, 0, 7, 103.90, 365922, 1314
773, 0, 196, 410, 341, 5, 2.01%, 0, 0, 7, 171.14, 366764, 1314
779, 0, 300, 410, 340, 4, 2.01%, 0, 0, 7, 478.80, 369339, 1314
784, 0, 372, 410, 339, 3, 2.01%, 0, 0, 7, 581.98, 372458, 1314
789, 0, 309, 410, 339, 3, 2.01%, 0, 0, 7, 634.53, 375702, 1314
794, 0, 309, 410, 339, 3, 2.01%, 0, 0, 7, 627.56, 378890, 1314
799, 0, 309, 411, 340, 3, 2.01%, 0, 0, 7, 628.03, 382136, 1314
804, 0, 309, 411, 340, 3, 2.01%, 0, 0, 7, 623.72, 385235, 1314
809, 0, 200, 412, 340, 3, 2.01%, 0, 0, 7, 90.78, 387224, 1314
814, 0, 372, 412, 339, 2, 2.01%, 0, 0, 7, 180.82, 388201, 1314
819, 0, 372, 412, 339, 2, 2.01%, 0, 0, 7, 528.79, 391369, 1314
825, 0, 309, 412, 339, 2, 2.01%, 0, 0, 7, 620.51, 394663, 1314
830, 0, 309, 412, 339, 2, 2.01%, 0, 0, 7, 622.99, 397864, 1314
835, 0, 406, 413, 340, 2, 2.01%, 0, 0, 7, 613.85, 401033, 1314
840, 0, 406, 413, 340, 2, 2.01%, 0, 0, 7, 223.67, 402455, 1314
845, 0, 372, 413, 339, 1, 2.01%, 0, 0, 7, 550.20, 405644, 1314
850, 0, 309, 413, 339, 1, 2.01%, 0, 0, 7, 594.19, 408667, 1314
855, 0, 309, 413, 339, 1, 2.01%, 0, 0, 7, 614.88, 411772, 1314
860, 0, 309, 413, 339, 1, 2.01%, 0, 0, 7, 638.54, 415056, 1314
865, 0, 372, 413, 339, 1, 2.01%, 0, 0, 7, 615.99, 418117, 1314
870, 0, 163, 413, 339, 1, 2.01%, 0, 0, 7, 630.79, 421273, 1314
875, 0, 163, 414, 340, 1, 2.01%, 0, 0, 7, 636.14, 424424, 1316
880, 0, 163, 414, 340, 1, 2.01%, 0, 0, 7, 609.30, 427443, 1316
886, 0, 374, 414, 340, 2, 2.01%, 0, 0, 7, 593.63, 430573, 1316
891, 0, 374, 414, 340, 2, 2.01%, 0, 0, 7, 573.84, 433387, 1316
896, 0, 374, 414, 340, 2, 2.01%, 0, 0, 7, 550.32, 436104, 1316
901, 0, 374, 414, 340, 2, 2.01%, 0, 0, 7, 582.11, 439052, 1316
906, 0, 413, 415, 341, 2, 2.01%, 0, 0, 7, 564.64, 441828, 1316
911, 0, 172, 415, 340, 2, 2.01%, 0, 0, 7, 109.44, 444010, 1316
916, 0, 172, 415, 340, 2, 2.01%, 0, 0, 7, 229.15, 445267, 1316
921, 0, 413, 415, 340, 2, 2.01%, 0, 0, 7, 481.83, 447787, 1316
926, 0, 413, 416, 341, 2, 2.01%, 0, 0, 7, 575.12, 450911, 1316
932, 0, 172, 416, 341, 2, 2.01%, 0, 0, 7, 603.27, 454046, 1316
937, 0, 172, 416, 341, 2, 2.01%, 0, 0, 7, 249.66, 455484, 1316
942, 0, 172, 416, 341, 2, 2.01%, 0, 0, 7, 432.52, 457532, 1316
947, 0, 172, 416, 341, 2, 2.01%, 0, 0, 7, 380.04, 459355, 1316
952, 0, 372, 419, 344, 2, 2.01%, 0, 0, 7, 580.49, 462597, 1319
957, 0, 372, 419, 344, 2, 2.01%, 0, 0, 7, 601.29, 465763, 1319
962, 0, 372, 419, 344, 2, 2.01%, 0, 0, 7, 617.35, 468853, 1319
967, 0, 416, 419, 344, 4, 2.01%, 0, 0, 7, 611.13, 471948, 1319
973, 0, 416, 419, 344, 4, 2.01%, 0, 0, 7, 605.23, 475094, 1319
978, 0, 384, 419, 343, 3, 2.01%, 0, 0, 7, 621.97, 478336, 1319
983, 0, 417, 419, 343, 3, 2.01%, 0, 0, 7, 602.42, 481433, 1319
988, 0, 417, 419, 343, 3, 2.01%, 0, 0, 7, 625.20, 484711, 1319
993, 0, 172, 419, 342, 2, 2.01%, 0, 0, 7, 259.37, 487031, 1319
998, 0, 172, 419, 341, 2, 2.01%, 0, 0, 7, 500.80, 489685, 1319
1003, 0, 172, 419, 341, 2, 2.01%, 0, 0, 7, 387.19, 491611, 1319
1008, 0, 373, 419, 341, 2, 2.01%, 0, 0, 7, 256.22, 492531, 1319
1014, 0, 172, 419, 340, 1, 2.01%, 0, 0, 7, 337.82, 494175, 1319
1019, 0, 172, 419, 340, 1, 2.01%, 0, 0, 7, 305.01, 495774, 1319
1024, 0, 172, 419, 340, 1, 2.01%, 0, 0, 7, 373.07, 497575, 1319
1029, 0, 172, 419, 340, 1, 2.01%, 0, 0, 7, 428.75, 499592, 1319
1034, 0, 372, 419, 340, 1, 2.01%, 0, 0, 7, 483.32, 502034, 1319
1039, 0, 172, 419, 340, 1, 2.01%, 0, 0, 7, 575.47, 505172, 1319
1044, 0, 172, 419, 340, 1, 2.01%, 0, 0, 7, 285.53, 507145, 1319
1050, 0, 407, 419, 340, 1, 2.01%, 0, 0, 7, 158.31, 507853, 1319
1055, 0, 407, 419, 340, 1, 2.01%, 0, 0, 7, 390.74, 509896, 1319
1060, 0, 407, 419, 340, 1, 2.01%, 0, 0, 7, 254.81, 511237, 1319
1065, 0, 407, 419, 340, 1, 2.01%, 0, 0, 7, 252.07, 512263, 1319
1070, 0, 407, 419, 340, 1, 2.01%, 0, 0, 7, 242.11, 513709, 1319
1075, 0, 407, 419, 340, 1, 2.01%, 0, 0, 7, 288.58, 514885, 1319
1080, 0, 172, 421, 342, 1, 2.01%, 0, 0, 7, 236.15, 516261, 1319
1085, 0, 172, 421, 342, 1, 2.01%, 0, 0, 7, 319.63, 517832, 1319
1091, 0, 177, 422, 343, 1, 2.04%, 0, 0, 7, 543.11, 520880, 1339
1096, 0, 177, 422, 343, 1, 2.04%, 0, 0, 7, 587.66, 523980, 1339
1101, 0, 421, 422, 343, 2, 2.04%, 0, 0, 7, 613.55, 527157, 1339
1106, 0, 421, 430, 351, 2, 2.06%, 0, 0, 7, 628.84, 530400, 1351
1111, 0, 421, 433, 354, 2, 2.06%, 0, 0, 7, 631.23, 533664, 1351
1116, 0, 421, 435, 356, 2, 2.06%, 0, 0, 7, 609.20, 536740, 1353
1121, 0, 421, 435, 356, 2, 2.06%, 0, 0, 7, 610.68, 539860, 1353
1127, 0, 421, 436, 357, 2, 2.07%, 0, 0, 7, 600.41, 542977, 1355
1132, 0, 421, 437, 358, 2, 2.07%, 0, 0, 7, 601.70, 546021, 1355
1137, 0, 433, 437, 357, 8, 2.07%, 0, 0, 7, 607.45, 549074, 1355
1142, 0, 433, 437, 357, 8, 2.07%, 0, 0, 7, 617.82, 552157, 1355
1147, 0, 172, 437, 356, 7, 2.07%, 0, 0, 7, 528.32, 554792, 1355
1152, 0, 427, 438, 357, 7, 2.07%, 0, 0, 7, 534.37, 557181, 1356
1157, 0, 427, 438, 357, 7, 2.07%, 0, 0, 7, 589.89, 560318, 1356
1162, 0, 437, 443, 361, 7, 2.07%, 0, 0, 7, 608.29, 563490, 1357
1167, 0, 437, 445, 363, 7, 2.07%, 0, 0, 7, 622.25, 566638, 1357
1172, 0, 437, 446, 364, 7, 2.07%, 0, 0, 7, 610.65, 569706, 1357
1177, 0, 437, 446, 364, 7, 2.07%, 0, 0, 7, 610.50, 572814, 1357
1182, 0, 437, 446, 364, 7, 2.07%, 0, 0, 7, 608.95, 575827, 1357
1188, 0, 437, 446, 364, 7, 2.07%, 0, 0, 7, 644.91, 579151, 1357
1193, 0, 437, 446, 364, 7, 2.07%, 0, 0, 7, 633.12, 582456, 1357
1198, 0, 438, 447, 364, 7, 2.07%, 0, 0, 7, 617.96, 585535, 1357
1203, 0, 438, 448, 365, 7, 2.07%, 0, 0, 7, 612.97, 588603, 1357
1208, 0, 290, 448, 364, 7, 2.07%, 0, 0, 7, 620.22, 591711, 1357
1213, 0, 447, 450, 365, 6, 2.08%, 0, 0, 8, 608.53, 594741, 1361
1218, 0, 447, 450, 365, 6, 2.08%, 0, 0, 8, 622.05, 597997, 1361
1223, 0, 445, 450, 364, 6, 2.08%, 0, 0, 8, 602.82, 601022, 1361
1228, 0, 445, 452, 366, 6, 2.08%, 0, 0, 8, 598.85, 604014, 1361
1233, 0, 445, 456, 370, 6, 2.08%, 0, 0, 8, 589.98, 607036, 1362
1238, 0, 309, 456, 369, 6, 2.08%, 0, 0, 8, 617.61, 610115, 1362
1243, 0, 309, 456, 369, 6, 2.08%, 0, 0, 8, 632.06, 613398, 1362
1248, 0, 425, 457, 370, 6, 2.08%, 0, 0, 8, 599.97, 616371, 1363
1253, 0, 449, 458, 370, 6, 2.08%, 0, 0, 9, 580.52, 619267, 1363
1259, 0, 449, 461, 373, 6, 2.08%, 0, 0, 9, 589.72, 622327, 1363
1264, 0, 449, 463, 375, 6, 2.08%, 0, 0, 9, 599.76, 625429, 1364
1269, 0, 449, 463, 375, 6, 2.08%, 0, 0, 9, 604.43, 628502, 1364
1274, 0, 449, 463, 375, 6, 2.08%, 0, 0, 9, 587.15, 631543, 1364
1279, 0, 449, 463, 375, 6, 2.08%, 0, 0, 9, 592.05, 634601, 1364
1284, 0, 449, 465, 377, 6, 2.08%, 0, 0, 9, 598.41, 637591, 1364
1290, 0, 460, 465, 376, 6, 2.08%, 0, 0, 9, 601.60, 640716, 1364
1295, 0, 460, 465, 376, 6, 2.08%, 0, 0, 9, 618.37, 643855, 1364
1300, 0, 456, 465, 375, 5, 2.08%, 0, 0, 9, 603.98, 646992, 1364
1305, 0, 456, 465, 375, 5, 2.08%, 0, 0, 9, 601.55, 650053, 1364
1310, 0, 414, 466, 375, 4, 2.08%, 0, 0, 9, 603.80, 653112, 1364
1315, 0, 374, 466, 374, 3, 2.08%, 0, 0, 9, 582.56, 656032, 1364
1320, 0, 374, 466, 374, 3, 2.08%, 0, 0, 9, 528.03, 658695, 1364
1325, 0, 441, 466, 374, 3, 2.08%, 0, 0, 9, 581.13, 661589, 1364
1330, 0, 431, 467, 374, 2, 2.08%, 0, 0, 9, 598.47, 664749, 1364
1335, 0, 431, 467, 374, 2, 2.08%, 0, 0, 9, 618.54, 667919, 1364
1340, 0, 374, 468, 374, 1, 2.08%, 0, 0, 9, 576.36, 670803, 1364
1346, 0, 374, 468, 374, 1, 2.08%, 0, 0, 9, 560.13, 673598, 1364
1351, 0, 236, 468, 374, 1, 2.08%, 0, 0, 9, 122.52, 676008, 1364
1356, 0, 236, 468, 374, 1, 2.08%, 0, 0, 9, 416.02, 678161, 1364
1361, 0, 351, 468, 374, 1, 2.08%, 0, 0, 9, 600.88, 681496, 1364
1366, 0, 374, 468, 373, 1, 2.08%, 0, 0, 9, 599.29, 684511, 1364
1371, 0, 374, 468, 373, 1, 2.08%, 0, 0, 9, 547.95, 687166, 1364
1376, 0, 236, 468, 373, 1, 2.08%, 0, 0, 9, 539.51, 690028, 1364
1381, 0, 460, 469, 374, 1, 2.08%, 0, 0, 9, 568.28, 692863, 1364
1386, 0, 460, 472, 377, 1, 2.08%, 0, 0, 10, 594.84, 695890, 1364
1391, 0, 460, 473, 378, 1, 2.08%, 0, 0, 10, 604.87, 699009, 1364
1396, 0, 460, 473, 378, 1, 2.08%, 0, 0, 10, 618.33, 702177, 1364
1401, 0, 460, 473, 378, 1, 2.08%, 0, 0, 10, 639.40, 705405, 1364
1406, 0, 460, 473, 378, 1, 2.08%, 0, 0, 10, 654.13, 708733, 1364
1411, 0, 460, 473, 378, 1, 2.08%, 0, 0, 10, 622.25, 711850, 1364
1417, 0, 460, 473, 378, 1, 2.08%, 0, 0, 10, 608.97, 714896, 1364
1422, 0, 460, 473, 378, 1, 2.08%, 0, 0, 10, 608.01, 717942, 1364
1427, 0, 460, 473, 378, 1, 2.08%, 0, 0, 10, 632.15, 721228, 1364
1432, 0, 460, 475, 380, 1, 2.08%, 0, 0, 10, 582.58, 724119, 1364
1437, 0, 460, 476, 381, 1, 2.08%, 0, 0, 10, 558.47, 726899, 1364
1442, 0, 460, 476, 381, 1, 2.08%, 0, 0, 10, 609.37, 730066, 1364
1447, 0, 460, 476, 381, 1, 2.08%, 0, 0, 10, 582.47, 732935, 1364
1452, 0, 460, 476, 381, 1, 2.08%, 0, 0, 10, 590.84, 736047, 1364
1457, 0, 470, 479, 384, 2, 2.08%, 0, 0, 11, 595.16, 739126, 1364
1463, 0, 470, 479, 384, 2, 2.08%, 0, 0, 11, 603.53, 742224, 1364
1468, 0, 470, 479, 384, 2, 2.08%, 0, 0, 11, 614.16, 745356, 1364
1473, 0, 470, 479, 384, 2, 2.08%, 0, 0, 11, 637.98, 748555, 1364
1478, 0, 470, 479, 384, 2, 2.08%, 0, 0, 11, 648.47, 751885, 1364
1483, 0, 470, 479, 384, 2, 2.08%, 0, 0, 11, 632.02, 755026, 1364
1488, 0, 367, 480, 384, 1, 2.08%, 0, 0, 11, 640.96, 758284, 1364
1493, 0, 367, 480, 384, 1, 2.08%, 0, 0, 11, 632.04, 761494, 1364
1498, 0, 367, 480, 384, 1, 2.08%, 0, 0, 11, 620.00, 764578, 1364
1503, 0, 374, 480, 384, 1, 2.08%, 0, 0, 11, 608.91, 767644, 1364
1508, 0, 96, 480, 384, 1, 2.08%, 0, 0, 11, 592.81, 770661, 1364
1513, 0, 469, 480, 383, 1, 2.08%, 0, 0, 11, 593.46, 773749, 1364
1519, 0, 309, 480, 382, 0, 2.08%, 0, 0, 11, 598.62, 776856, 1364
1524, 0, 309, 480, 382, 0, 2.08%, 0, 0, 11, 620.05, 780039, 1364
1529, 0, 172, 480, 382, 0, 2.08%, 0, 0, 11, 241.18, 782189, 1364
1534, 0, 172, 480, 382, 0, 2.08%, 0, 0, 11, 310.24, 783843, 1364
1539, 0, 172, 480, 382, 0, 2.08%, 0, 0, 11, 328.29, 785430, 1364
1544, 0, 309, 480, 382, 0, 2.08%, 0, 0, 11, 550.80, 788341, 1364
1549, 0, 309, 480, 382, 0, 2.08%, 0, 0, 11, 620.36, 791535, 1364
1554, 0, 309, 480, 382, 0, 2.08%, 0, 0, 11, 638.92, 794851, 1364
1559, 0, 309, 480, 382, 0, 2.08%, 0, 0, 11, 637.61, 798023, 1364
1564, 0, 309, 480, 382, 0, 2.08%, 0, 0, 11, 630.01, 801187, 1364
1569, 0, 309, 480, 382, 0, 2.08%, 0, 0, 11, 611.81, 804383, 1364
1575, 0, 309, 480, 382, 0, 2.08%, 0, 0, 11, 628.25, 807701, 1364
1580, 0, 172, 480, 382, 0, 2.08%, 0, 0, 11, 114.56, 810023, 1364
1585, 0, 172, 480, 382, 0, 2.08%, 0, 0, 11, 226.56, 811568, 1364
1590, 0, 374, 480, 381, 0, 2.08%, 0, 0, 11, 391.07, 813527, 1364
1595, 0, 374, 480, 381, 0, 2.08%, 0, 0, 11, 544.21, 816517, 1364
1600, 0, 310, 480, 381, 0, 2.08%, 0, 0, 11, 595.30, 819655, 1364
1605, 0, 310, 481, 382, 0, 2.08%, 0, 0, 11, 597.52, 822683, 1364
1610, 0, 310, 481, 382, 0, 2.08%, 0, 0, 11, 606.48, 825801, 1364
1616, 0, 172, 481, 382, 0, 2.08%, 0, 0, 11, 554.68, 828656, 1364
1621, 0, 172, 481, 382, 0, 2.08%, 0, 0, 11, 303.09, 829962, 1364
1626, 0, 172, 483, 384, 0, 2.08%, 0, 0, 11, 343.81, 831920, 1364
1631, 0, 335, 486, 387, 0, 2.08%, 0, 0, 11, 481.16, 834394, 1364
1636, 0, 335, 486, 387, 0, 2.08%, 0, 0, 11, 589.17, 837608, 1364
1641, 0, 389, 486, 386, 0, 2.08%, 0, 0, 11, 638.87, 840852, 1364
1646, 0, 389, 486, 386, 0, 2.08%, 0, 0, 11, 628.62, 844095, 1364
1651, 0, 389, 486, 386, 0, 2.08%, 0, 0, 11, 648.42, 847419, 1364
1656, 0, 373, 486, 386, 0, 2.08%, 0, 0, 11, 416.20, 849487, 1364
1662, 0, 373, 486, 386, 0, 2.08%, 0, 0, 11, 256.39, 850521, 1364
1667, 0, 373, 486, 386, 0, 2.08%, 0, 0, 11, 270.34, 851910, 1364
1672, 0, 373, 486, 386, 0, 2.08%, 0, 0, 11, 228.96, 853078, 1364
1677, 0, 373, 486, 386, 0, 2.08%, 0, 0, 11, 301.51, 854738, 1364
1682, 0, 373, 486, 386, 0, 2.08%, 0, 0, 11, 363.07, 856398, 1364
1687, 0, 172, 486, 386, 0, 2.08%, 0, 0, 11, 282.01, 857854, 1364
1692, 0, 172, 486, 386, 0, 2.08%, 0, 0, 11, 345.25, 859621, 1364
1697, 0, 172, 486, 386, 0, 2.08%, 0, 0, 11, 318.67, 860956, 1364
1702, 0, 92, 486, 386, 0, 2.08%, 0, 0, 11, 229.09, 862148, 1364
1708, 0, 322, 486, 385, 0, 2.08%, 0, 0, 11, 288.93, 863431, 1364
1713, 0, 322, 486, 385, 0, 2.08%, 0, 0, 11, 529.74, 866488, 1364
1718, 0, 470, 486, 384, 0, 2.08%, 0, 0, 11, 594.78, 869663, 1364
1723, 0, 470, 486, 384, 0, 2.08%, 0, 0, 11, 624.17, 872829, 1364
1728, 0, 172, 486, 384, 0, 2.08%, 0, 0, 11, 611.08, 875939, 1364
1733, 0, 309, 486, 384, 0, 2.08%, 0, 0, 11, 601.61, 878788, 1364
1738, 0, 243, 486, 384, 0, 2.08%, 0, 0, 11, 650.65, 882084, 1364
1743, 0, 243, 486, 384, 0, 2.08%, 0, 0, 11, 542.68, 884560, 1364
1748, 0, 301, 486, 384, 0, 2.08%, 0, 0, 11, 544.75, 886948, 1364
1753, 0, 301, 486, 384, 0, 2.08%, 0, 0, 11, 612.52, 890116, 1364
1758, 0, 172, 486, 384, 0, 2.08%, 0, 0, 11, 623.64, 893269, 1364
1763, 0, 172, 486, 384, 0, 2.08%, 0, 0, 11, 455.25, 894823, 1364
1769, 0, 124, 486, 384, 0, 2.08%, 0, 0, 11, 212.50, 895659, 1364
1774, 0, 124, 486, 384, 0, 2.08%, 0, 0, 11, 344.78, 897088, 1364
1779, 0, 124, 486, 384, 0, 2.08%, 0, 0, 11, 243.15, 898475, 1364
1784, 0, 124, 487, 385, 0, 2.08%, 0, 0, 11, 156.36, 899175, 1364
1789, 0, 124, 487, 385, 0, 2.08%, 0, 0, 11, 143.25, 899893, 1364
1794, 0, 124, 487, 385, 0, 2.08%, 0, 0, 11, 184.11, 901046, 1364
1799, 0, 124, 487, 385, 0, 2.08%, 0, 0, 11, 290.83, 902279, 1364
1804, 0, 124, 488, 386, 0, 2.08%, 0, 0, 11, 404.30, 904651, 1364
1809, 0, 124, 488, 386, 0, 2.08%, 0, 0, 11, 206.48, 905411, 1364
1814, 0, 124, 488, 386, 0, 2.08%, 0, 0, 11, 155.72, 906150, 1364
1820, 0, 309, 488, 386, 1, 2.08%, 0, 0, 11, 500.33, 908852, 1364
1825, 0, 487, 489, 387, 1, 2.08%, 0, 0, 11, 592.79, 912057, 1364
1830, 0, 488, 491, 388, 2, 2.08%, 0, 0, 11, 610.37, 915178, 1365
1835, 0, 172, 492, 388, 1, 2.08%, 0, 0, 11, 99.29, 917897, 1365
1840, 0, 172, 492, 388, 1, 2.08%, 0, 0, 11, 186.88, 918869, 1365
1845, 0, 172, 492, 388, 1, 2.08%, 0, 0, 11, 370.54, 920605, 1365
1850, 0, 172, 492, 388, 1, 2.08%, 0, 0, 11, 286.58, 922002, 1365
1855, 0, 490, 492, 388, 1, 2.08%, 0, 0, 11, 560.89, 925227, 1365
1860, 0, 490, 493, 389, 1, 2.08%, 0, 0, 11, 596.93, 928252, 1366
1866, 0, 172, 493, 388, 1, 2.08%, 0, 0, 11, 541.73, 931082, 1366
1871, 0, 309, 493, 388, 1, 2.08%, 0, 0, 11, 593.43, 934046, 1366
1876, 0, 492, 493, 388, 1, 2.08%, 0, 0, 11, 622.67, 937204, 1366
1881, 0, 270, 493, 387, 0, 2.08%, 0, 0, 11, 651.78, 940467, 1366
1886, 0, 270, 493, 387, 0, 2.08%, 0, 0, 11, 676.88, 943913, 1366
1891, 0, 407, 493, 387, 0, 2.08%, 0, 0, 11, 114.03, 944758, 1366
1896, 0, 407, 493, 387, 0, 2.08%, 0, 0, 11, 518.49, 946602, 1366
1901, 0, 407, 493, 387, 0, 2.08%, 0, 0, 11, 119.84, 947697, 1366
1906, 0, 407, 493, 387, 0, 2.08%, 0, 0, 11, 163.67, 948646, 1366
1911, 0, 407, 493, 387, 0, 2.08%, 0, 0, 11, 208.49, 949746, 1366
1916, 0, 407, 493, 387, 0, 2.08%, 0, 0, 11, 258.20, 951013, 1366
1921, 0, 231, 493, 387, 0, 2.08%, 0, 0, 11, 362.39, 952715, 1366
1927, 0, 231, 493, 387, 0, 2.08%, 0, 0, 11, 392.74, 954420, 1366
1932, 0, 369, 493, 387, 0, 2.08%, 0, 0, 11, 600.09, 957677, 1366
1937, 0, 369, 493, 387, 0, 2.08%, 0, 0, 11, 634.54, 961044, 1366
1942, 0, 369, 493, 387, 0, 2.08%, 0, 0, 11, 636.58, 964412, 1366
1947, 0, 369, 493, 387, 0, 2.08%, 0, 0, 11, 634.73, 967600, 1366
1952, 0, 369, 493, 387, 0, 2.08%, 0, 0, 11, 634.91, 970800, 1366
1957, 0, 124, 493, 387, 0, 2.08%, 0, 0, 11, 124.87, 971808, 1366
1962, 0, 124, 493, 387, 0, 2.08%, 0, 0, 11, 276.15, 973200, 1366
1967, 0, 124, 493, 387, 0, 2.08%, 0, 0, 11, 167.29, 973880, 1366
1972, 0, 124, 493, 387, 0, 2.08%, 0, 0, 11, 197.32, 974789, 1366
1977, 0, 124, 493, 387, 0, 2.08%, 0, 0, 11, 177.83, 975806, 1366
1982, 0, 124, 493, 387, 0, 2.08%, 0, 0, 11, 151.20, 976514, 1366
1987, 0, 124, 493, 387, 0, 2.08%, 0, 0, 11, 136.63, 977202, 1366
1992, 0, 124, 493, 387, 0, 2.08%, 0, 0, 11, 143.08, 977952, 1366
1998, 0, 124, 493, 387, 0, 2.08%, 0, 0, 11, 288.30, 979459, 1366
2003, 0, 124, 493, 387, 0, 2.08%, 0, 0, 11, 252.40, 980422, 1366
2008, 0, 124, 493, 387, 0, 2.08%, 0, 0, 11, 170.42, 981149, 1366
2013, 0, 172, 493, 387, 0, 2.08%, 0, 0, 11, 372.33, 983022, 1366
2018, 0, 309, 493, 387, 0, 2.08%, 0, 0, 11, 536.59, 985676, 1366
2023, 0, 417, 494, 388, 0, 2.09%, 0, 0, 11, 621.93, 989028, 1368
2028, 0, 417, 495, 389, 0, 2.09%, 0, 0, 11, 648.79, 992336, 1368
2033, 0, 417, 495, 389, 0, 2.09%, 0, 0, 11, 655.00, 995605, 1368
2039, 0, 417, 495, 389, 0, 2.09%, 0, 0, 11, 673.82, 999115, 1368
2044, 0, 417, 495, 389, 0, 2.09%, 0, 0, 11, 647.43, 1002378, 1368
2049, 0, 417, 495, 389, 0, 2.09%, 0, 0, 11, 646.63, 1005686, 1368
2054, 0, 417, 496, 390, 0, 2.09%, 0, 0, 11, 649.20, 1008943, 1368
2059, 0, 494, 496, 390, 2, 2.09%, 0, 0, 11, 638.80, 1012259, 1368
2064, 0, 494, 497, 391, 2, 2.09%, 0, 0, 11, 634.59, 1015484, 1368
2069, 0, 496, 499, 392, 2, 2.09%, 0, 0, 11, 634.35, 1018759, 1369
2074, 0, 496, 499, 392, 2, 2.09%, 0, 0, 11, 637.18, 1022007, 1369
2079, 0, 496, 499, 392, 2, 2.09%, 0, 0, 11, 627.50, 1025163, 1369
2084, 0, 372, 499, 391, 2, 2.09%, 0, 0, 11, 636.76, 1028365, 1369
2089, 0, 372, 502, 394, 2, 2.09%, 0, 0, 11, 633.31, 1031566, 1369
2095, 0, 499, 507, 399, 3, 2.09%, 0, 0, 11, 626.30, 1034824, 1369
2100, 0, 499, 507, 399, 3, 2.09%, 0, 0, 11, 614.69, 1037896, 1369
2105, 0, 499, 508, 400, 3, 2.09%, 0, 0, 11, 637.44, 1041204, 1369
2110, 0, 499, 508, 400, 3, 2.09%, 0, 0, 11, 620.57, 1044408, 1369
2115, 0, 499, 508, 400, 3, 2.09%, 0, 0, 11, 610.52, 1047541, 1369
2120, 0, 499, 508, 400, 3, 2.09%, 0, 0, 11, 608.54, 1050613, 1369
2125, 0, 499, 508, 400, 3, 2.09%, 0, 0, 11, 617.48, 1053671, 1369
2130, 0, 502, 508, 399, 4, 2.09%, 0, 0, 11, 623.13, 1056849, 1369
2135, 0, 507, 509, 399, 3, 2.09%, 0, 0, 11, 634.66, 1060198, 1369
2141, 0, 507, 510, 400, 3, 2.09%, 0, 0, 11, 630.16, 1063422, 1369
2146, 0, 493, 510, 399, 2, 2.09%, 0, 0, 11, 645.13, 1066659, 1369
2151, 0, 493, 510, 399, 2, 2.09%, 0, 0, 11, 634.58, 1069842, 1369
2156, 0, 498, 510, 398, 1, 2.09%, 0, 0, 11, 635.45, 1073067, 1369
2161, 0, 498, 510, 398, 1, 2.09%, 0, 0, 11, 626.54, 1076311, 1369
2166, 0, 309, 510, 397, 0, 2.09%, 0, 0, 11, 625.19, 1079574, 1369
2171, 0, 384, 510, 397, 0, 2.09%, 0, 0, 11, 618.12, 1082718, 1369
2176, 0, 384, 511, 398, 0, 2.09%, 0, 0, 11, 607.15, 1085813, 1369
2181, 0, 309, 511, 398, 0, 2.09%, 0, 0, 11, 646.36, 1089093, 1369
2186, 0, 309, 511, 398, 0, 2.09%, 0, 0, 11, 644.14, 1092313, 1369
2191, 0, 172, 511, 398, 0, 2.09%, 0, 0, 11, 183.86, 1093765, 1369
2196, 0, 367, 511, 398, 0, 2.09%, 0, 0, 11, 456.94, 1096057, 1369
2202, 0, 367, 511, 398, 0, 2.09%, 0, 0, 11, 590.40, 1099271, 1369
2207, 0, 407, 511, 398, 0, 2.09%, 0, 0, 11, 293.80, 1100515, 1369
2212, 0, 407, 511, 398, 0, 2.09%, 0, 0, 11, 247.61, 1101702, 1369
2217, 0, 407, 511, 398, 0, 2.09%, 0, 0, 11, 308.24, 1103051, 1369
2222, 0, 407, 511, 398, 0, 2.09%, 0, 0, 11, 175.31, 1103736, 1369
2227, 0, 407, 512, 399, 0, 2.09%, 0, 0, 11, 382.42, 1105460, 1369
2232, 0, 407, 512, 399, 0, 2.09%, 0, 0, 11, 432.87, 1107751, 1369
2237, 0, 502, 512, 399, 0, 2.09%, 0, 0, 11, 589.57, 1110974, 1369
2242, 0, 502, 512, 399, 0, 2.09%, 0, 0, 11, 592.78, 1113975, 1369
2247, 0, 502, 512, 399, 0, 2.09%, 0, 0, 11, 606.04, 1117012, 1369
2252, 0, 502, 512, 399, 0, 2.09%, 0, 0, 11, 632.30, 1120200, 1369
2257, 0, 502, 512, 399, 0, 2.09%, 0, 0, 11, 634.27, 1123436, 1369
2263, 0, 172, 512, 399, 0, 2.09%, 0, 0, 11, 642.02, 1126814, 1369
2268, 0, 309, 512, 399, 0, 2.09%, 0, 0, 11, 556.08, 1129354, 1369
2273, 0, 309, 512, 399, 0, 2.09%, 0, 0, 11, 634.96, 1132734, 1369
2278, 0, 172, 512, 399, 0, 2.09%, 0, 0, 11, 113.53, 1135484, 1369
2283, 0, 172, 512, 399, 0, 2.09%, 0, 0, 11, 201.20, 1136598, 1369
2288, 0, 407, 512, 399, 0, 2.09%, 0, 0, 11, 151.20, 1137371, 1369
2293, 0, 407, 512, 399, 0, 2.09%, 0, 0, 11, 226.55, 1138550, 1369
2298, 0, 407, 512, 399, 0, 2.09%, 0, 0, 11, 179.41, 1139326, 1369
2303, 0, 407, 512, 399, 0, 2.09%, 0, 0, 11, 153.12, 1140087, 1369
2308, 0, 407, 512, 399, 0, 2.09%, 0, 0, 11, 155.17, 1140899, 1369
2313, 0, 407, 512, 399, 0, 2.09%, 0, 0, 11, 191.46, 1141964, 1369
2319, 0, 407, 512, 399, 0, 2.09%, 0, 0, 11, 265.87, 1143146, 1369
2324, 0, 407, 512, 399, 0, 2.09%, 0, 0, 11, 182.12, 1144099, 1369
2329, 0, 172, 512, 399, 0, 2.09%, 0, 0, 11, 327.94, 1145944, 1369
2334, 0, 310, 513, 400, 0, 2.09%, 0, 0, 11, 425.40, 1147840, 1370
2339, 0, 310, 513, 400, 0, 2.09%, 0, 0, 11, 579.96, 1151002, 1370
2344, 0, 310, 513, 400, 0, 2.09%, 0, 0, 11, 603.22, 1154094, 1370
2349, 0, 383, 513, 400, 1, 2.09%, 0, 0, 11, 610.44, 1157183, 1370
2354, 0, 328, 513, 399, 1, 2.09%, 0, 0, 11, 609.75, 1160266, 1370
2359, 0, 512, 513, 398, 1, 2.09%, 0, 0, 11, 621.47, 1163406, 1370
2364, 0, 512, 513, 398, 1, 2.09%, 0, 0, 11, 590.69, 1166500, 1370
2370, 0, 172, 513, 397, 0, 2.09%, 0, 0, 11, 498.77, 1169178, 1370
2375, 0, 309, 513, 397, 0, 2.09%, 0, 0, 11, 585.69, 1172382, 1370
2380, 0, 172, 513, 397, 0, 2.09%, 0, 0, 11, 412.61, 1174283, 1370
2385, 0, 374, 513, 397, 0, 2.09%, 0, 0, 11, 485.67, 1176539, 1370
2390, 0, 309, 513, 397, 0, 2.09%, 0, 0, 11, 571.60, 1179458, 1370
2395, 0, 172, 513, 397, 0, 2.09%, 0, 0, 11, 173.78, 1181821, 1370
2400, 0, 113, 513, 397, 0, 2.09%, 0, 0, 11, 251.02, 1183171, 1370
2405, 0, 113, 513, 397, 0, 2.09%, 0, 0, 11, 579.98, 1186581, 1370
2410, 0, 113, 513, 397, 0, 2.09%, 0, 0, 11, 640.00, 1189937, 1370
2415, 0, 389, 513, 397, 0, 2.09%, 0, 0, 11, 658.94, 1193372, 1370
2421, 0, 309, 513, 397, 0, 2.09%, 0, 0, 11, 640.33, 1196630, 1370
2426, 0, 64, 513, 397, 0, 2.09%, 0, 0, 11, 83.29, 1198041, 1370
2431, 0, 64, 513, 397, 0, 2.09%, 0, 0, 11, 160.69, 1198961, 1370
2436, 0, 270, 514, 397, 0, 2.09%, 0, 0, 11, 565.39, 1202335, 1370
2441, 0, 172, 514, 397, 0, 2.09%, 0, 0, 11, 125.34, 1204446, 1370
2446, 0, 172, 514, 397, 0, 2.09%, 0, 0, 11, 317.11, 1206254, 1370
2451, 0, 326, 514, 397, 0, 2.09%, 0, 0, 11, 371.86, 1207975, 1370
2456, 0, 326, 514, 397, 0, 2.09%, 0, 0, 11, 573.37, 1211141, 1370
2461, 0, 326, 514, 397, 0, 2.09%, 0, 0, 11, 609.05, 1214372, 1370
2466, 0, 326, 514, 397, 0, 2.09%, 0, 0, 11, 623.17, 1217636, 1370
2472, 0, 331, 514, 397, 0, 2.09%, 0, 0, 11, 612.64, 1220740, 1370
2477, 0, 331, 514, 397, 0, 2.09%, 0, 0, 11, 634.06, 1224013, 1370
2482, 0, 331, 514, 397, 0, 2.09%, 0, 0, 11, 622.74, 1227179, 1370
2487, 0, 331, 514, 397, 0, 2.09%, 0, 0, 11, 619.71, 1230437, 1370
2492, 0, 331, 515, 398, 0, 2.09%, 0, 0, 11, 617.16, 1233502, 1370
2497, 0, 331, 515, 398, 0, 2.09%, 0, 0, 11, 638.79, 1236748, 1370
2502, 0, 331, 515, 398, 0, 2.09%, 0, 0, 11, 647.02, 1239934, 1370
2507, 0, 488, 515, 398, 0, 2.09%, 0, 0, 11, 625.57, 1243060, 1370
2512, 0, 488, 515, 398, 0, 2.09%, 0, 0, 11, 632.72, 1246381, 1370
2517, 0, 488, 515, 398, 0, 2.09%, 0, 0, 11, 650.08, 1249644, 1370
2522, 0, 172, 515, 398, 0, 2.09%, 0, 0, 11, 628.52, 1252794, 1370
2527, 0, 172, 515, 398, 0, 2.09%, 0, 0, 11, 362.96, 1254542, 1370
2533, 0, 515, 516, 399, 1, 2.09%, 0, 0, 11, 561.22, 1257635, 1370
2538, 0, 488, 516, 398, 0, 2.09%, 0, 0, 11, 606.66, 1260860, 1370
2543, 0, 488, 516, 398, 0, 2.09%, 0, 0, 11, 622.19, 1264090, 1370
2548, 0, 309, 516, 398, 0, 2.09%, 0, 0, 11, 634.54, 1267328, 1370
2553, 0, 133, 516, 398, 0, 2.09%, 0, 0, 11, 624.93, 1270488, 1370
2558, 0, 133, 516, 398, 0, 2.09%, 0, 0, 11, 624.02, 1273753, 1370
2563, 0, 172, 516, 398, 0, 2.09%, 0, 0, 11, 558.03, 1276637, 1370
2568, 0, 507, 516, 398, 0, 2.09%, 0, 0, 11, 481.52, 1278742, 1370
2574, 0, 507, 516, 398, 0, 2.09%, 0, 0, 11, 589.25, 1281924, 1370
2579, 0, 507, 516, 398, 0, 2.09%, 0, 0, 11, 643.28, 1285271, 1370
2584, 0, 507, 516, 398, 0, 2.09%, 0, 0, 11, 613.44, 1288445, 1370
2589, 0, 507, 516, 398, 0, 2.09%, 0, 0, 11, 612.67, 1291523, 1370
2594, 0, 507, 516, 398, 0, 2.09%, 0, 0, 11, 638.85, 1294757, 1370
2599, 0, 507, 516, 398, 0, 2.09%, 0, 0, 11, 642.09, 1297991, 1370
2604, 0, 512, 516, 398, 0, 2.09%, 0, 0, 11, 631.26, 1301121, 1370
2609, 0, 512, 517, 399, 0, 2.09%, 0, 0, 11, 614.40, 1304353, 1371
2614, 0, 512, 517, 399, 0, 2.09%, 0, 0, 11, 581.74, 1307243, 1371
2620, 0, 512, 517, 399, 0, 2.09%, 0, 0, 11, 585.25, 1310218, 1371
2625, 0, 512, 517, 399, 0, 2.09%, 0, 0, 11, 621.66, 1313367, 1371
2630, 0, 512, 517, 399, 0, 2.09%, 0, 0, 11, 608.30, 1316401, 1371
2635, 0, 516, 517, 399, 1, 2.09%, 0, 0, 11, 616.70, 1319596, 1371
2640, 0, 516, 517, 398, 0, 2.09%, 0, 0, 11, 599.50, 1322745, 1371
2645, 0, 516, 517, 398, 0, 2.09%, 0, 0, 11, 598.98, 1325744, 1371
2650, 0, 516, 517, 398, 0, 2.09%, 0, 0, 11, 618.25, 1328866, 1371
2655, 0, 516, 517, 398, 0, 2.09%, 0, 0, 11, 601.18, 1331937, 1371
2660, 0, 309, 517, 398, 0, 2.09%, 0, 0, 11, 611.71, 1335093, 1371
2665, 0, 172, 517, 398, 0, 2.09%, 0, 0, 11, 518.65, 1337731, 1371
2671, 0, 407, 517, 398, 0, 2.09%, 0, 0, 11, 80.00, 1339981, 1371
2676, 0, 407, 517, 398, 0, 2.09%, 0, 0, 11, 106.71, 1340541, 1371
2681, 0, 407, 518, 399, 0, 2.13%, 0, 0, 11, 628.25, 1343399, 1399
2686, 0, 407, 518, 399, 0, 2.13%, 0, 0, 11, 594.58, 1344227, 1399
2691, 0, 407, 518, 399, 0, 2.13%, 0, 0, 11, 245.09, 1344900, 1399
2696, 0, 407, 518, 399, 0, 2.13%, 0, 0, 11, 260.57, 1346351, 1399
2701, 0, 407, 518, 399, 0, 2.13%, 0, 0, 11, 189.41, 1347290, 1399
2706, 0, 407, 518, 399, 0, 2.13%, 0, 0, 11, 220.95, 1348324, 1399
2711, 0, 517, 518, 399, 2, 2.13%, 0, 0, 11, 156.33, 1349023, 1399
2716, 0, 517, 519, 400, 2, 2.13%, 0, 0, 11, 93.25, 1349897, 1399
2722, 0, 507, 520, 399, 2, 2.15%, 0, 0, 11, 688.62, 1351594, 1408
2727, 0, 507, 520, 399, 2, 2.15%, 0, 0, 11, 642.71, 1354863, 1408
2732, 0, 507, 520, 399, 2, 2.15%, 0, 0, 11, 620.91, 1357978, 1408
2737, 0, 507, 520, 399, 2, 2.15%, 0, 0, 11, 619.78, 1361128, 1408
2742, 0, 507, 520, 399, 2, 2.15%, 0, 0, 11, 642.53, 1364314, 1408
2747, 0, 507, 520, 399, 2, 2.15%, 0, 0, 11, 664.90, 1367653, 1408
2752, 0, 507, 520, 399, 2, 2.15%, 0, 0, 11, 648.70, 1370883, 1408
2757, 0, 172, 520, 399, 2, 2.15%, 0, 0, 11, 574.42, 1373496, 1408
2762, 0, 272, 520, 399, 2, 2.15%, 0, 0, 11, 508.61, 1375647, 1408
2767, 0, 272, 520, 399, 2, 2.15%, 0, 0, 11, 60.32, 1376172, 1408
2772, 0, 272, 520, 399, 2, 2.15%, 0, 0, 11, 51.80, 1376433, 1408
2777, 0, 272, 520, 399, 2, 2.15%, 0, 0, 11, 497.88, 1377383, 1408
2782, 0, 272, 520, 399, 2, 2.15%, 0, 0, 11, 415.04, 1379665, 1408
2788, 0, 135, 520, 399, 2, 2.15%, 0, 0, 11, 569.82, 1382480, 1408
2793, 0, 207, 522, 400, 2, 2.15%, 0, 0, 11, 112.95, 1384041, 1408
2798, 0, 80, 522, 398, 1, 2.15%, 0, 0, 11, 411.41, 1386064, 1408
2803, 0, 519, 522, 397, 1, 2.15%, 0, 0, 11, 50.44, 1387421, 1408
2808, 0, 519, 527, 402, 1, 2.18%, 0, 0, 11, 112.32, 1388014, 1428
2813, 0, 519, 528, 403, 1, 2.18%, 0, 0, 11, 134.57, 1388700, 1428
2818, 0, 519, 528, 403, 1, 2.18%, 0, 0, 11, 150.07, 1389476, 1428
2823, 0, 519, 530, 405, 1, 2.18%, 0, 0, 11, 152.46, 1390215, 1429
2829, 0, 519, 531, 406, 1, 2.19%, 0, 0, 11, 144.87, 1390944, 1432
2834, 0, 519, 532, 407, 1, 2.19%, 0, 0, 11, 121.40, 1391586, 1432
2839, 0, 519, 532, 407, 1, 2.19%, 0, 0, 11, 94.77, 1392039, 1432
2844, 0, 519, 532, 407, 1, 2.19%, 0, 0, 11, 88.30, 1392477, 1432
2849, 0, 519, 532, 407, 1, 2.19%, 0, 0, 11, 83.49, 1392898, 1432
2854, 0, 519, 532, 407, 1, 2.19%, 0, 0, 11, 81.03, 1393320, 1432
2859, 0, 519, 532, 407, 1, 2.19%, 0, 0, 11, 93.48, 1393799, 1432
2864, 0, 519, 532, 407, 1, 2.19%, 0, 0, 11, 81.99, 1394207, 1432
2870, 0, 519, 532, 407, 1, 2.19%, 0, 0, 11, 90.97, 1394681, 1432
2875, 0, 519, 532, 407, 1, 2.19%, 0, 0, 11, 85.63, 1395122, 1432
2880, 0, 519, 532, 407, 1, 2.19%, 0, 0, 11, 36.98, 1395663, 1432
2885, 0, 529, 534, 408, 6, 2.19%, 0, 0, 11, 472.93, 1397715, 1432
2890, 0, 529, 535, 409, 6, 2.19%, 0, 0, 11, 536.92, 1400485, 1434
2895, 0, 529, 536, 410, 6, 2.19%, 0, 0, 11, 527.03, 1403081, 1434
2900, 0, 529, 536, 410, 6, 2.19%, 0, 0, 11, 558.44, 1405921, 1434
2905, 0, 529, 536, 410, 6, 2.19%, 0, 0, 11, 576.37, 1408829, 1434
2910, 0, 529, 536, 410, 6, 2.19%, 0, 0, 11, 472.43, 1410864, 1434
2915, 0, 535, 536, 409, 6, 2.19%, 0, 0, 11, 542.19, 1413670, 1434
2920, 0, 535, 536, 409, 6, 2.19%, 0, 0, 11, 579.32, 1416709, 1434
2925, 0, 535, 537, 410, 6, 2.19%, 0, 0, 11, 590.01, 1419630, 1434
2931, 0, 535, 537, 410, 6, 2.19%, 0, 0, 11, 609.09, 1422827, 1434
2936, 0, 537, 538, 409, 6, 2.21%, 0, 0, 11, 615.05, 1425922, 1446
2941, 0, 537, 538, 409, 6, 2.21%, 0, 0, 11, 629.60, 1429073, 1446
2946, 0, 537, 538, 409, 6, 2.21%, 0, 0, 11, 628.80, 1432225, 1446
2951, 0, 493, 539, 409, 5, 2.21%, 0, 0, 11, 630.09, 1435357, 1446
2956, 0, 493, 539, 409, 5, 2.21%, 0, 0, 11, 641.17, 1438687, 1446
2961, 0, 493, 539, 409, 5, 2.21%, 0, 0, 11, 632.75, 1441881, 1446
2966, 0, 493, 539, 409, 5, 2.21%, 0, 0, 11, 619.65, 1444949, 1446
2971, 0, 493, 539, 409, 5, 2.21%, 0, 0, 11, 633.75, 1448125, 1446
2976, 0, 326, 539, 409, 5, 2.21%, 0, 0, 11, 623.04, 1451253, 1446
2981, 0, 326, 539, 409, 5, 2.21%, 0, 0, 11, 622.56, 1454400, 1446
2986, 0, 326, 539, 409, 5, 2.21%, 0, 0, 11, 609.94, 1457452, 1446
2991, 0, 526, 539, 409, 5, 2.21%, 0, 0, 11, 591.51, 1460463, 1446
2996, 0, 526, 539, 409, 5, 2.21%, 0, 0, 11, 461.84, 1462814, 1446
3001, 0, 526, 539, 409, 5, 2.21%, 0, 0, 11, 576.00, 1465894, 1446
3006, 0, 526, 539, 409, 5, 2.21%, 0, 0, 11, 574.55, 1466982, 1446
3012, 0, 374, 539, 408, 4, 2.21%, 0, 0, 11, 544.47, 1469726, 1446
3017, 0, 374, 539, 408, 4, 2.21%, 0, 0, 11, 547.24, 1472455, 1446
3022, 0, 537, 539, 408, 4, 2.21%, 0, 0, 11, 576.13, 1475411, 1446
3027, 0, 537, 539, 408, 4, 2.21%, 0, 0, 11, 590.93, 1478490, 1446
3032, 0, 537, 541, 410, 4, 2.21%, 0, 0, 12, 569.83, 1481300, 1446
3037, 0, 537, 541, 410, 4, 2.21%, 0, 0, 12, 341.42, 1482915, 1446
3042, 0, 537, 541, 410, 4, 2.21%, 0, 0, 12, 210.13, 1483753, 1446
3047, 0, 537, 541, 410, 4, 2.21%, 0, 0, 12, 158.35, 1484526, 1446
3052, 0, 537, 541, 410, 4, 2.21%, 0, 0, 12, 143.89, 1485223, 1446
3057, 0, 537, 541, 410, 4, 2.21%, 0, 0, 12, 142.44, 1485937, 1446
3063, 0, 537, 541, 410, 4, 2.21%, 0, 0, 12, 143.71, 1486709, 1446
3068, 0, 537, 541, 410, 4, 2.21%, 0, 0, 12, 142.23, 1487435, 1446
3073, 0, 537, 541, 410, 4, 2.21%, 0, 0, 12, 146.34, 1488173, 1446
3078, 0, 537, 541, 410, 4, 2.21%, 0, 0, 12, 254.39, 1489319, 1446
3083, 0, 537, 541, 410, 4, 2.21%, 0, 0, 12, 517.34, 1492403, 1446
3088, 0, 537, 541, 410, 4, 2.21%, 0, 0, 12, 566.71, 1495424, 1446
3093, 0, 537, 541, 410, 4, 2.21%, 0, 0, 12, 65.94, 1497986, 1446
3098, 0, 537, 541, 410, 4, 2.21%, 0, 0, 12, 57.59, 1498262, 1446
3104, 0, 537, 541, 410, 4, 2.21%, 0, 0, 12, 59.87, 1498570, 1446
3109, 0, 537, 541, 410, 4, 2.21%, 0, 0, 12, 57.65, 1498854, 1446
3114, 0, 537, 541, 410, 4, 2.21%, 0, 0, 12, 54.36, 1499139, 1446
3119, 0, 537, 541, 410, 4, 2.21%, 0, 0, 12, 52.98, 1499414, 1446
3124, 0, 537, 541, 410, 4, 2.21%, 0, 0, 12, 589.48, 1501362, 1446
3129, 0, 537, 541, 410, 4, 2.21%, 0, 0, 12, 565.43, 1504205, 1446
3134, 0, 537, 541, 410, 4, 2.21%, 0, 0, 12, 580.70, 1507097, 1446
3139, 0, 537, 541, 410, 4, 2.21%, 0, 0, 12, 587.69, 1510160, 1446
3144, 0, 537, 541, 410, 4, 2.21%, 0, 0, 12, 321.71, 1511513, 1446
3149, 0, 537, 541, 410, 4, 2.21%, 0, 0, 12, 457.86, 1513654, 1446
3154, 0, 539, 541, 410, 6, 2.21%, 0, 0, 12, 567.78, 1516705, 1446
3160, 0, 539, 541, 410, 6, 2.21%, 0, 0, 12, 602.34, 1519858, 1446
3165, 0, 540, 541, 409, 5, 2.21%, 0, 0, 12, 603.50, 1522931, 1446
3170, 0, 540, 541, 409, 5, 2.21%, 0, 0, 12, 605.46, 1526082, 1446
3175, 0, 488, 542, 409, 4, 2.21%, 0, 0, 13, 601.49, 1529169, 1446
3180, 0, 488, 542, 409, 4, 2.21%, 0, 0, 13, 602.65, 1532238, 1446
3185, 0, 539, 542, 409, 4, 2.21%, 0, 0, 13, 585.33, 1535287, 1446
3191, 0, 539, 542, 409, 4, 2.21%, 0, 0, 13, 572.71, 1538174, 1446
3196, 0, 539, 542, 409, 4, 2.21%, 0, 0, 13, 612.21, 1541270, 1446
3201, 0, 539, 542, 409, 4, 2.21%, 0, 0, 13, 596.14, 1544351, 1446
3206, 0, 539, 542, 409, 4, 2.21%, 0, 0, 13, 598.31, 1547473, 1446
3211, 0, 539, 542, 409, 4, 2.21%, 0, 0, 13, 589.19, 1550415, 1446
3216, 0, 528, 543, 409, 4, 2.21%, 0, 0, 13, 84.75, 1553397, 1446
3221, 0, 528, 543, 409, 4, 2.21%, 0, 0, 13, 75.54, 1553712, 1446
3226, 0, 528, 543, 409, 4, 2.21%, 0, 0, 13, 77.25, 1554062, 1446
3231, 0, 528, 543, 409, 4, 2.21%, 0, 0, 13, 60.47, 1554713, 1446
3236, 0, 172, 543, 408, 3, 2.21%, 0, 0, 13, 311.23, 1555952, 1446
3242, 0, 172, 543, 408, 3, 2.21%, 0, 0, 13, 265.84, 1557180, 1446
3247, 0, 539, 543, 407, 3, 2.21%, 0, 0, 13, 539.26, 1560317, 1446
3252, 0, 539, 545, 409, 3, 2.21%, 0, 0, 13, 545.30, 1563181, 1446
3257, 0, 539, 545, 409, 3, 2.21%, 0, 0, 13, 569.47, 1566129, 1446
3262, 0, 539, 545, 409, 3, 2.21%, 0, 0, 13, 601.26, 1569254, 1446
3267, 0, 543, 547, 411, 5, 2.21%, 0, 0, 14, 556.67, 1572103, 1446
3272, 0, 543, 548, 412, 5, 2.21%, 0, 0, 14, 528.22, 1574755, 1446
3277, 0, 543, 549, 413, 5, 2.21%, 0, 0, 14, 520.98, 1577343, 1446
3282, 0, 543, 549, 413, 5, 2.21%, 0, 0, 14, 532.35, 1580051, 1446
3287, 0, 543, 549, 413, 5, 2.21%, 0, 0, 14, 593.38, 1583102, 1446
3293, 0, 543, 549, 413, 5, 2.21%, 0, 0, 14, 602.84, 1586161, 1446
3298, 0, 543, 550, 414, 5, 2.21%, 0, 0, 14, 573.83, 1588941, 1446
3303, 0, 309, 550, 413, 5, 2.21%, 0, 0, 14, 624.16, 1592100, 1446
3308, 0, 236, 550, 413, 5, 2.21%, 0, 0, 14, 600.83, 1595148, 1446
3313, 0, 309, 550, 413, 5, 2.21%, 0, 0, 14, 631.02, 1598466, 1446
3318, 0, 549, 550, 413, 5, 2.21%, 0, 0, 14, 564.22, 1601292, 1446
3323, 0, 549, 552, 415, 5, 2.21%, 0, 0, 15, 538.74, 1603988, 1446
3328, 0, 549, 552, 415, 5, 2.21%, 0, 0, 15, 538.38, 1606752, 1446
3333, 0, 549, 552, 415, 5, 2.21%, 0, 0, 15, 562.71, 1609578, 1446
3338, 0, 549, 553, 416, 5, 2.21%, 0, 0, 15, 561.69, 1612477, 1446
3343, 0, 549, 553, 416, 5, 2.21%, 0, 0, 15, 585.65, 1615434, 1446
3349, 0, 539, 553, 415, 4, 2.21%, 0, 0, 15, 597.63, 1618553, 1446
3354, 0, 539, 553, 415, 4, 2.21%, 0, 0, 15, 55.97, 1620779, 1446
3359, 0, 539, 553, 415, 4, 2.21%, 0, 0, 15, 55.12, 1621053, 1446
3364, 0, 539, 553, 415, 4, 2.21%, 0, 0, 15, 519.14, 1623702, 1446
3369, 0, 470, 553, 415, 4, 2.21%, 0, 0, 15, 593.39, 1626760, 1446
3374, 0, 165, 553, 415, 4, 2.21%, 0, 0, 15, 423.70, 1628951, 1446
3379, 0, 165, 553, 415, 4, 2.21%, 0, 0, 15, 244.97, 1629859, 1446
3384, 0, 165, 553, 415, 4, 2.21%, 0, 0, 15, 264.98, 1631156, 1446
3390, 0, 172, 553, 415, 4, 2.21%, 0, 0, 15, 316.27, 1632808, 1446
3395, 0, 539, 553, 415, 4, 2.21%, 0, 0, 15, 357.42, 1634453, 1446
3400, 0, 539, 553, 415, 4, 2.21%, 0, 0, 15, 559.79, 1637603, 1446
3405, 0, 539, 553, 415, 4, 2.21%, 0, 0, 15, 572.71, 1640499, 1446
3410, 0, 539, 553, 415, 4, 2.21%, 0, 0, 15, 582.71, 1643527, 1446
3415, 0, 539, 553, 415, 4, 2.21%, 0, 0, 15, 606.41, 1646656, 1446
3420, 0, 539, 553, 415, 4, 2.21%, 0, 0, 15, 615.01, 1649875, 1446
3426, 0, 539, 553, 415, 4, 2.21%, 0, 0, 15, 604.90, 1652997, 1446
3431, 0, 539, 553, 415, 4, 2.21%, 0, 0, 15, 570.82, 1655785, 1446
3436, 0, 539, 553, 415, 4, 2.21%, 0, 0, 15, 581.78, 1658819, 1446
3441, 0, 507, 553, 415, 4, 2.21%, 0, 0, 15, 580.90, 1661747, 1446
3446, 0, 507, 553, 415, 4, 2.21%, 0, 0, 15, 609.22, 1664883, 1446
3451, 0, 507, 553, 415, 4, 2.21%, 0, 0, 15, 636.46, 1668085, 1446
3456, 0, 507, 553, 415, 4, 2.21%, 0, 0, 15, 616.62, 1671283, 1446
3461, 0, 507, 553, 415, 4, 2.21%, 0, 0, 15, 621.70, 1674553, 1446
3466, 0, 507, 553, 415, 4, 2.21%, 0, 0, 15, 623.13, 1677751, 1446
3471, 0, 507, 553, 415, 4, 2.21%, 0, 0, 15, 616.75, 1680877, 1446
3477, 0, 539, 553, 415, 4, 2.21%, 0, 0, 15, 588.04, 1683898, 1446
3482, 0, 539, 553, 415, 4, 2.21%, 0, 0, 15, 50.27, 1684615, 1446
3487, 0, 539, 553, 415, 4, 2.21%, 0, 0, 15, 616.81, 1685864, 1446
3492, 0, 539, 553, 415, 4, 2.21%, 0, 0, 15, 613.86, 1689058, 1446
3497, 0, 552, 555, 417, 4, 2.21%, 0, 0, 16, 533.35, 1691662, 1446
3502, 0, 552, 556, 418, 4, 2.21%, 0, 0, 16, 510.36, 1694250, 1446
3507, 0, 552, 556, 418, 4, 2.21%, 0, 0, 16, 520.51, 1696850, 1446
3512, 0, 552, 556, 418, 4, 2.21%, 0, 0, 16, 561.43, 1699788, 1446
3518, 0, 552, 556, 418, 4, 2.21%, 0, 0, 16, 589.64, 1702847, 1446
3523, 0, 552, 556, 418, 4, 2.21%, 0, 0, 16, 591.71, 1705841, 1446
3528, 0, 539, 556, 417, 3, 2.21%, 0, 0, 16, 597.27, 1708899, 1446
3533, 0, 539, 556, 417, 3, 2.21%, 0, 0, 16, 587.84, 1711914, 1446
3538, 0, 539, 556, 417, 3, 2.21%, 0, 0, 16, 587.37, 1714821, 1446
3543, 0, 539, 556, 417, 3, 2.21%, 0, 0, 16, 587.57, 1717761, 1446
3548, 0, 539, 556, 417, 3, 2.21%, 0, 0, 16, 585.68, 1720809, 1446
3553, 0, 539, 556, 417, 3, 2.21%, 0, 0, 16, 587.08, 1723733, 1446
3558, 0, 539, 556, 417, 3, 2.21%, 0, 0, 16, 589.28, 1726790, 1446
3563, 0, 539, 556, 417, 3, 2.21%, 0, 0, 16, 595.07, 1729809, 1446
3568, 0, 539, 556, 417, 3, 2.21%, 0, 0, 16, 579.50, 1732727, 1446
3574, 0, 275, 556, 417, 3, 2.21%, 0, 0, 16, 119.10, 1735146, 1446
3579, 0, 539, 556, 416, 3, 2.21%, 0, 0, 16, 652.17, 1737091, 1446
3584, 0, 539, 556, 416, 3, 2.21%, 0, 0, 16, 608.64, 1740211, 1446
3589, 0, 539, 556, 416, 3, 2.21%, 0, 0, 16, 614.20, 1743249, 1446
3594, 0, 539, 556, 416, 3, 2.21%, 0, 0, 16, 530.76, 1745657, 1446
3599, 0, 539, 556, 416, 3, 2.21%, 0, 0, 16, 595.79, 1748798, 1446
3604, 0, 539, 556, 416, 3, 2.21%, 0, 0, 16, 619.85, 1752028, 1446
3609, 0, 172, 556, 416, 3, 2.21%, 0, 0, 16, 584.75, 1754950, 1446
3614, 0, 172, 556, 416, 3, 2.21%, 0, 0, 16, 315.11, 1756159, 1446
3619, 0, 539, 556, 416, 3, 2.21%, 0, 0, 16, 490.14, 1758513, 1446
3625, 0, 539, 556, 416, 3, 2.21%, 0, 0, 16, 578.48, 1761609, 1446
3630, 0, 539, 556, 416, 3, 2.21%, 0, 0, 16, 673.20, 1763653, 1446
3635, 0, 172, 556, 416, 3, 2.21%, 0, 0, 16, 117.28, 1766101, 1446
3640, 0, 172, 556, 416, 3, 2.21%, 0, 0, 16, 182.60, 1767316, 1446
3645, 0, 539, 557, 417, 3, 2.21%, 0, 0, 16, 478.22, 1769924, 1446
3650, 0, 539, 557, 417, 3, 2.21%, 0, 0, 16, 569.39, 1772834, 1446
3655, 0, 539, 558, 418, 3, 2.21%, 0, 0, 16, 50.82, 1775576, 1446
3660, 0, 539, 558, 418, 3, 2.21%, 0, 0, 16, 54.27, 1775853, 1446
3665, 0, 539, 558, 418, 3, 2.21%, 0, 0, 16, 523.50, 1778072, 1446
3670, 0, 539, 559, 419, 3, 2.21%, 0, 0, 16, 575.33, 1781027, 1446
3675, 0, 539, 559, 419, 3, 2.21%, 0, 0, 16, 591.20, 1784051, 1446
3680, 0, 539, 559, 419, 3, 2.21%, 0, 0, 16, 608.07, 1787125, 1446
3686, 0, 369, 559, 419, 3, 2.21%, 0, 0, 16, 630.04, 1790254, 1446
3691, 0, 369, 560, 420, 3, 2.21%, 0, 0, 16, 636.68, 1793576, 1446
3696, 0, 369, 560, 420, 3, 2.21%, 0, 0, 16, 602.47, 1796562, 1446
3701, 0, 369, 560, 420, 3, 2.21%, 0, 0, 16, 607.87, 1799654, 1446
3706, 0, 369, 560, 420, 3, 2.21%, 0, 0, 16, 604.36, 1802722, 1446
3711, 0, 369, 560, 420, 3, 2.21%, 0, 0, 16, 610.06, 1805850, 1446
3716, 0, 540, 560, 420, 3, 2.21%, 0, 0, 16, 602.26, 1808866, 1446
3721, 0, 540, 560, 420, 3, 2.21%, 0, 0, 16, 626.46, 1812136, 1446
3726, 0, 540, 560, 420, 3, 2.21%, 0, 0, 16, 646.68, 1815490, 1446
3731, 0, 540, 560, 420, 3, 2.21%, 0, 0, 16, 649.43, 1818713, 1446
3737, 0, 540, 560, 420, 3, 2.21%, 0, 0, 16, 615.11, 1821915, 1446
3742, 0, 540, 560, 420, 3, 2.21%, 0, 0, 16, 626.34, 1825153, 1446
3747, 0, 540, 560, 420, 3, 2.21%, 0, 0, 16, 611.34, 1828235, 1446
3752, 0, 540, 560, 420, 3, 2.21%, 0, 0, 16, 624.10, 1831473, 1446
3757, 0, 540, 560, 420, 3, 2.21%, 0, 0, 16, 597.08, 1834554, 1446
3762, 0, 540, 560, 420, 3, 2.21%, 0, 0, 16, 624.57, 1837673, 1446
3767, 0, 150, 560, 420, 3, 2.21%, 0, 0, 16, 606.45, 1840736, 1446
3772, 0, 512, 560, 419, 3, 2.21%, 0, 0, 16, 601.46, 1843755, 1446
3777, 0, 111, 560, 419, 3, 2.21%, 0, 0, 16, 604.74, 1846825, 1446
3782, 0, 516, 560, 418, 3, 2.21%, 0, 0, 16, 630.65, 1850175, 1446
3787, 0, 515, 560, 418, 3, 2.21%, 0, 0, 16, 618.58, 1853277, 1446
3792, 0, 515, 560, 418, 3, 2.21%, 0, 0, 16, 607.84, 1856342, 1446
3798, 0, 515, 560, 418, 3, 2.21%, 0, 0, 16, 607.52, 1859493, 1446
3803, 0, 515, 560, 418, 3, 2.21%, 0, 0, 16, 618.39, 1862621, 1446
3808, 0, 515, 560, 418, 3, 2.21%, 0, 0, 16, 606.15, 1865737, 1446
3813, 0, 539, 560, 418, 3, 2.21%, 0, 0, 16, 595.80, 1868840, 1446
3818, 0, 539, 560, 418, 3, 2.21%, 0, 0, 16, 99.40, 1870732, 1446
3823, 0, 539, 560, 418, 3, 2.21%, 0, 0, 16, 572.32, 1872764, 1446
3828, 0, 539, 560, 418, 3, 2.21%, 0, 0, 16, 591.72, 1875737, 1446
3833, 0, 392, 561, 419, 3, 2.21%, 0, 0, 16, 608.35, 1878831, 1446
3838, 0, 540, 561, 418, 3, 2.21%, 0, 0, 16, 600.31, 1881832, 1446
3844, 0, 540, 561, 418, 3, 2.21%, 0, 0, 16, 629.87, 1885137, 1446
3849, 0, 540, 561, 418, 3, 2.21%, 0, 0, 16, 609.19, 1888163, 1446
3854, 0, 540, 561, 418, 3, 2.21%, 0, 0, 16, 601.38, 1891232, 1446
3859, 0, 540, 561, 418, 3, 2.21%, 0, 0, 16, 556.10, 1894021, 1446
3864, 0, 540, 561, 418, 3, 2.21%, 0, 0, 16, 562.69, 1896869, 1446
3869, 0, 540, 561, 418, 3, 2.21%, 0, 0, 16, 571.60, 1899772, 1446
3874, 0, 540, 561, 418, 3, 2.21%, 0, 0, 16, 566.46, 1902598, 1446
3879, 0, 540, 561, 418, 3, 2.21%, 0, 0, 16, 553.80, 1905353, 1446
3884, 0, 540, 561, 418, 3, 2.21%, 0, 0, 16, 565.54, 1908300, 1446
3889, 0, 163, 561, 418, 3, 2.21%, 0, 0, 16, 557.79, 1911192, 1446
3894, 0, 540, 561, 418, 3, 2.21%, 0, 0, 16, 587.83, 1914171, 1446
3900, 0, 540, 561, 418, 3, 2.21%, 0, 0, 16, 623.22, 1917441, 1446
3905, 0, 540, 561, 418, 3, 2.21%, 0, 0, 16, 581.20, 1920384, 1446
3910, 0, 540, 561, 418, 3, 2.21%, 0, 0, 16, 560.91, 1923182, 1446
3915, 0, 540, 561, 418, 3, 2.21%, 0, 0, 16, 557.53, 1925981, 1446
3920, 0, 540, 561, 418, 3, 2.21%, 0, 0, 16, 596.47, 1928994, 1446
3925, 0, 540, 561, 418, 3, 2.21%, 0, 0, 16, 613.83, 1932143, 1446
3930, 0, 540, 561, 418, 3, 2.21%, 0, 0, 16, 577.60, 1934987, 1446
3935, 0, 540, 561, 418, 3, 2.21%, 0, 0, 16, 559.37, 1937868, 1446
3940, 0, 540, 561, 418, 3, 2.21%, 0, 0, 16, 553.10, 1940749, 1446
3945, 0, 540, 561, 418, 3, 2.21%, 0, 0, 16, 575.92, 1943696, 1446
3950, 0, 502, 561, 418, 3, 2.21%, 0, 0, 16, 576.35, 1946576, 1446
3956, 0, 539, 561, 418, 3, 2.21%, 0, 0, 16, 564.36, 1949535, 1446
3961, 0, 539, 561, 418, 3, 2.21%, 0, 0, 16, 552.89, 1952319, 1446
3966, 0, 539, 561, 418, 3, 2.21%, 0, 0, 16, 559.16, 1955226, 1446
3971, 0, 539, 561, 418, 3, 2.21%, 0, 0, 16, 520.55, 1957355, 1446
3976, 0, 362, 561, 418, 3, 2.21%, 0, 0, 16, 569.63, 1960375, 1446
3981, 0, 362, 561, 418, 3, 2.21%, 0, 0, 16, 561.02, 1963218, 1446
3986, 0, 362, 561, 418, 3, 2.21%, 0, 0, 16, 570.91, 1966140, 1446
3991, 0, 362, 561, 418, 3, 2.21%, 0, 0, 16, 565.41, 1968983, 1446
3996, 0, 455, 561, 418, 3, 2.21%, 0, 0, 16, 551.55, 1971848, 1446
4002, 0, 455, 561, 418, 3, 2.21%, 0, 0, 16, 560.92, 1974698, 1446
4007, 0, 539, 561, 417, 3, 2.21%, 0, 0, 16, 553.19, 1977588, 1446
4012, 0, 539, 561, 417, 3, 2.21%, 0, 0, 16, 553.36, 1980442, 1446
4017, 0, 539, 561, 417, 3, 2.21%, 0, 0, 16, 614.14, 1983628, 1446
4022, 0, 309, 561, 416, 3, 2.21%, 0, 0, 16, 647.63, 1986867, 1446
4027, 0, 309, 561, 416, 3, 2.21%, 0, 0, 16, 620.42, 1989939, 1446
4032, 0, 539, 561, 416, 3, 2.21%, 0, 0, 16, 597.25, 1992989, 1446
4037, 0, 539, 561, 416, 3, 2.21%, 0, 0, 16, 595.66, 1995972, 1446
4042, 0, 539, 561, 416, 3, 2.21%, 0, 0, 16, 605.93, 1999124, 1446
4047, 0, 163, 561, 416, 3, 2.21%, 0, 0, 16, 600.27, 2002140, 1446
4052, 0, 539, 561, 416, 3, 2.21%, 0, 0, 16, 596.81, 2005138, 1446
4057, 0, 539, 561, 416, 3, 2.21%, 0, 0, 16, 601.27, 2008180, 1446
4063, 0, 539, 564, 419, 3, 2.21%, 0, 0, 16, 598.32, 2011151, 1446
4068, 0, 488, 564, 419, 3, 2.21%, 0, 0, 16, 609.21, 2014306, 1446
4073, 0, 488, 564, 419, 3, 2.21%, 0, 0, 16, 609.91, 2017353, 1446
4078, 0, 539, 564, 419, 3, 2.21%, 0, 0, 16, 604.76, 2020415, 1446
4083, 0, 539, 564, 419, 3, 2.21%, 0, 0, 16, 607.91, 2023450, 1446
4088, 0, 539, 564, 419, 3, 2.21%, 0, 0, 16, 597.55, 2026544, 1446
4093, 0, 172, 564, 419, 3, 2.21%, 0, 0, 16, 137.21, 2028782, 1446
4098, 0, 172, 564, 419, 3, 2.21%, 0, 0, 16, 284.13, 2030519, 1446
4103, 0, 531, 564, 419, 3, 2.21%, 0, 0, 16, 497.67, 2033223, 1446
4108, 0, 531, 564, 419, 3, 2.21%, 0, 0, 16, 591.33, 2036308, 1446
4113, 0, 531, 564, 419, 3, 2.21%, 0, 0, 16, 589.13, 2039311, 1446
4118, 0, 507, 564, 418, 3, 2.21%, 0, 0, 16, 612.43, 2042447, 1446
4124, 0, 507, 564, 418, 3, 2.21%, 0, 0, 16, 619.81, 2045708, 1446
4129, 0, 507, 564, 418, 3, 2.21%, 0, 0, 16, 622.81, 2048900, 1446
4134, 0, 507, 564, 418, 3, 2.21%, 0, 0, 16, 631.78, 2052050, 1446
4139, 0, 507, 564, 418, 3, 2.21%, 0, 0, 16, 651.76, 2055338, 1446
4144, 0, 507, 564, 418, 3, 2.21%, 0, 0, 16, 639.01, 2058554, 1446
4149, 0, 374, 564, 418, 3, 2.21%, 0, 0, 16, 646.34, 2061850, 1446
4154, 0, 374, 564, 418, 3, 2.21%, 0, 0, 16, 638.17, 2065075, 1446
4159, 0, 172, 564, 418, 3, 2.21%, 0, 0, 16, 348.13, 2067748, 1446
4164, 0, 512, 564, 418, 3, 2.21%, 0, 0, 16, 431.26, 2069787, 1446
4169, 0, 512, 564, 418, 3, 2.21%, 0, 0, 16, 571.67, 2072950, 1446
4174, 0, 331, 564, 418, 3, 2.21%, 0, 0, 16, 627.19, 2076274, 1446
4180, 0, 331, 564, 418, 3, 2.21%, 0, 0, 16, 637.49, 2079607, 1446
4185, 0, 331, 564, 418, 3, 2.21%, 0, 0, 16, 624.33, 2082725, 1446
4190, 0, 331, 564, 418, 3, 2.21%, 0, 0, 16, 575.46, 2085581, 1446
4195, 0, 331, 564, 418, 3, 2.21%, 0, 0, 16, 595.94, 2088568, 1446
4200, 0, 331, 564, 418, 3, 2.21%, 0, 0, 16, 620.07, 2091710, 1446
4205, 0, 331, 564, 418, 3, 2.21%, 0, 0, 16, 634.00, 2095061, 1446
4210, 0, 512, 564, 418, 3, 2.21%, 0, 0, 16, 629.26, 2098230, 1446
4215, 0, 172, 564, 418, 3, 2.21%, 0, 0, 16, 619.86, 2101392, 1446
4220, 0, 172, 564, 418, 3, 2.21%, 0, 0, 16, 437.48, 2103476, 1446
4225, 0, 539, 564, 418, 3, 2.21%, 0, 0, 16, 541.92, 2106399, 1446
4230, 0, 539, 564, 418, 3, 2.21%, 0, 0, 16, 98.60, 2107778, 1446
4235, 0, 539, 564, 418, 3, 2.21%, 0, 0, 16, 588.49, 2110192, 1446
4241, 0, 254, 564, 418, 3, 2.21%, 0, 0, 16, 617.23, 2113384, 1446
4246, 0, 172, 564, 417, 3, 2.21%, 0, 0, 16, 410.87, 2115436, 1446
4251, 0, 309, 564, 417, 3, 2.21%, 0, 0, 16, 379.31, 2116835, 1446
4256, 0, 307, 564, 417, 3, 2.21%, 0, 0, 16, 566.74, 2120014, 1446
4261, 0, 88, 564, 416, 3, 2.21%, 0, 0, 16, 149.49, 2121693, 1446
4266, 0, 309, 564, 415, 3, 2.21%, 0, 0, 16, 344.74, 2123357, 1446
4271, 0, 156, 565, 416, 3, 2.21%, 0, 0, 16, 380.64, 2125615, 1446
4276, 0, 156, 565, 416, 3, 2.21%, 0, 0, 16, 243.87, 2126661, 1446
4281, 0, 309, 565, 415, 3, 2.21%, 0, 0, 16, 397.29, 2128393, 1446
4286, 0, 534, 565, 415, 3, 2.21%, 0, 0, 16, 78.29, 2129328, 1446
4291, 0, 534, 565, 415, 3, 2.21%, 0, 0, 16, 55.17, 2129869, 1446
4296, 0, 172, 565, 414, 2, 2.21%, 0, 0, 16, 65.31, 2130428, 1446
4302, 0, 172, 565, 414, 2, 2.21%, 0, 0, 16, 478.94, 2132741, 1446
4307, 0, 498, 565, 414, 2, 2.21%, 0, 0, 16, 562.13, 2135599, 1446
4312, 0, 498, 566, 415, 2, 2.21%, 0, 0, 16, 611.55, 2138847, 1447
4317, 0, 498, 566, 415, 2, 2.21%, 0, 0, 16, 595.75, 2141913, 1447
4322, 0, 498, 566, 415, 2, 2.21%, 0, 0, 16, 596.68, 2144978, 1447
4327, 0, 498, 566, 415, 2, 2.21%, 0, 0, 16, 615.96, 2148257, 1447
4333, 0, 498, 566, 415, 2, 2.21%, 0, 0, 16, 621.66, 2151362, 1447
4338, 0, 498, 566, 415, 2, 2.21%, 0, 0, 16, 625.59, 2154551, 1447
4343, 0, 498, 566, 415, 2, 2.21%, 0, 0, 16, 638.93, 2157797, 1447
4348, 0, 334, 566, 415, 3, 2.21%, 0, 0, 16, 628.87, 2160974, 1447
4353, 0, 334, 566, 415, 3, 2.21%, 0, 0, 16, 635.07, 2164255, 1447
4358, 0, 334, 566, 415, 3, 2.21%, 0, 0, 16, 617.58, 2167310, 1447
4363, 0, 334, 566, 415, 3, 2.21%, 0, 0, 16, 636.37, 2170534, 1447
4368, 0, 334, 566, 415, 3, 2.21%, 0, 0, 16, 622.53, 2173686, 1447
4373, 0, 309, 566, 415, 3, 2.21%, 0, 0, 16, 639.98, 2177043, 1447
4378, 0, 540, 566, 415, 3, 2.21%, 0, 0, 16, 615.04, 2180132, 1447
4383, 0, 540, 566, 415, 3, 2.21%, 0, 0, 16, 631.28, 2183294, 1447
4388, 0, 540, 566, 415, 3, 2.21%, 0, 0, 16, 644.63, 2186662, 1447
4393, 0, 540, 566, 415, 3, 2.21%, 0, 0, 16, 628.16, 2189852, 1447
4398, 0, 540, 566, 415, 3, 2.21%, 0, 0, 16, 613.27, 2192886, 1447
4404, 0, 540, 566, 415, 3, 2.21%, 0, 0, 16, 618.41, 2196016, 1447
4409, 0, 540, 566, 415, 3, 2.21%, 0, 0, 16, 600.08, 2199011, 1447
4414, 0, 540, 566, 415, 3, 2.21%, 0, 0, 16, 619.65, 2202300, 1447
4419, 0, 540, 566, 415, 3, 2.21%, 0, 0, 16, 605.41, 2205326, 1447
4424, 0, 540, 566, 415, 3, 2.21%, 0, 0, 16, 618.17, 2208459, 1447
4429, 0, 565, 566, 415, 3, 2.21%, 0, 0, 16, 623.93, 2211622, 1447
4434, 0, 565, 566, 415, 3, 2.21%, 0, 0, 16, 602.28, 2214664, 1447
4439, 0, 539, 567, 415, 2, 2.21%, 0, 0, 16, 595.99, 2217757, 1448
4444, 0, 539, 567, 415, 2, 2.21%, 0, 0, 16, 601.62, 2220867, 1448
4449, 0, 539, 567, 415, 2, 2.21%, 0, 0, 16, 580.41, 2223787, 1448
4454, 0, 176, 568, 416, 3, 2.21%, 0, 0, 16, 595.64, 2226902, 1448
4460, 0, 566, 568, 415, 3, 2.21%, 0, 0, 16, 605.93, 2230061, 1448
4465, 0, 566, 568, 415, 3, 2.21%, 0, 0, 16, 625.17, 2233283, 1448
4470, 0, 566, 568, 415, 3, 2.21%, 0, 0, 16, 46.99, 2235130, 1448
4475, 0, 566, 568, 415, 3, 2.21%, 0, 0, 16, 46.20, 2235367, 1448
4480, 0, 566, 568, 415, 3, 2.21%, 0, 0, 16, 545.90, 2236988, 1448
4485, 0, 540, 568, 414, 2, 2.21%, 0, 0, 16, 574.76, 2239922, 1448
4490, 0, 540, 568, 414, 2, 2.21%, 0, 0, 16, 613.08, 2243116, 1448
4495, 0, 540, 568, 414, 2, 2.21%, 0, 0, 16, 609.70, 2246218, 1448
4501, 0, 540, 568, 414, 2, 2.21%, 0, 0, 16, 602.35, 2249357, 1448
4506, 0, 540, 568, 414, 2, 2.21%, 0, 0, 16, 617.23, 2252451, 1448
4511, 0, 540, 568, 414, 2, 2.21%, 0, 0, 16, 620.47, 2255629, 1448
4516, 0, 540, 568, 414, 2, 2.21%, 0, 0, 16, 624.57, 2258783, 1448
4521, 0, 540, 568, 414, 2, 2.21%, 0, 0, 16, 613.91, 2261949, 1448
4526, 0, 540, 568, 414, 2, 2.21%, 0, 0, 16, 620.74, 2265103, 1448
4531, 0, 540, 568, 414, 2, 2.21%, 0, 0, 16, 635.80, 2268437, 1448
4536, 0, 502, 568, 414, 2, 2.21%, 0, 0, 16, 617.06, 2271513, 1448
4541, 0, 502, 568, 414, 2, 2.21%, 0, 0, 16, 610.22, 2274676, 1448
4547, 0, 172, 568, 414, 2, 2.21%, 0, 0, 16, 378.08, 2276539, 1448
4552, 0, 516, 568, 414, 2, 2.21%, 0, 0, 16, 531.29, 2279243, 1448
4557, 0, 246, 568, 414, 2, 2.21%, 0, 0, 16, 610.55, 2282355, 1448
4562, 0, 246, 568, 414, 2, 2.21%, 0, 0, 16, 118.18, 2284489, 1448
4567, 0, 246, 568, 414, 2, 2.21%, 0, 0, 16, 259.19, 2285846, 1448
4572, 0, 453, 568, 414, 2, 2.21%, 0, 0, 16, 517.00, 2288814, 1448
4577, 0, 113, 568, 413, 2, 2.21%, 0, 0, 16, 614.67, 2292019, 1448
4582, 0, 113, 568, 413, 2, 2.21%, 0, 0, 16, 657.16, 2295411, 1448
4587, 0, 113, 568, 413, 2, 2.21%, 0, 0, 16, 657.56, 2298748, 1448
4592, 0, 492, 568, 413, 2, 2.21%, 0, 0, 16, 622.31, 2301886, 1448
4597, 0, 492, 568, 413, 2, 2.21%, 0, 0, 16, 593.20, 2304908, 1448
4603, 0, 492, 568, 413, 2, 2.21%, 0, 0, 16, 599.79, 2308001, 1448
4608, 0, 492, 568, 413, 2, 2.21%, 0, 0, 16, 622.37, 2311213, 1448
4613, 0, 492, 568, 413, 2, 2.21%, 0, 0, 16, 608.91, 2314326, 1448
4618, 0, 492, 568, 413, 2, 2.21%, 0, 0, 16, 623.02, 2317633, 1448
4623, 0, 403, 568, 413, 2, 2.21%, 0, 0, 16, 628.32, 2320767, 1448
4628, 0, 403, 570, 415, 2, 2.21%, 0, 0, 16, 617.16, 2323841, 1448
4633, 0, 403, 571, 416, 2, 2.21%, 0, 0, 16, 624.01, 2326943, 1448
4638, 0, 403, 571, 416, 2, 2.21%, 0, 0, 16, 660.41, 2330336, 1448
4643, 0, 403, 571, 416, 2, 2.21%, 0, 0, 16, 635.02, 2333520, 1448
4648, 0, 403, 571, 416, 2, 2.21%, 0, 0, 16, 624.36, 2336706, 1448
4653, 0, 403, 571, 416, 2, 2.21%, 0, 0, 16, 623.33, 2339868, 1448
4658, 0, 403, 571, 416, 2, 2.21%, 0, 0, 16, 620.33, 2342985, 1448
4663, 0, 331, 571, 416, 2, 2.21%, 0, 0, 16, 631.65, 2346214, 1448
4668, 0, 331, 571, 416, 2, 2.21%, 0, 0, 16, 625.61, 2349379, 1448
4674, 0, 331, 571, 416, 2, 2.21%, 0, 0, 16, 608.80, 2352437, 1448
4679, 0, 331, 571, 416, 2, 2.21%, 0, 0, 16, 605.24, 2355455, 1448
4684, 0, 331, 571, 416, 2, 2.21%, 0, 0, 16, 641.71, 2358701, 1448
4689, 0, 331, 571, 416, 2, 2.21%, 0, 0, 16, 623.39, 2361863, 1448
4694, 0, 331, 571, 416, 2, 2.21%, 0, 0, 16, 633.10, 2365049, 1448
4699, 0, 566, 571, 416, 2, 2.21%, 0, 0, 16, 586.72, 2368053, 1448
4704, 0, 566, 571, 416, 2, 2.21%, 0, 0, 16, 585.18, 2371059, 1448
4709, 0, 566, 572, 417, 2, 2.21%, 0, 0, 16, 598.12, 2374169, 1448
4714, 0, 566, 572, 417, 2, 2.21%, 0, 0, 16, 644.95, 2377568, 1448
4720, 0, 566, 572, 417, 2, 2.21%, 0, 0, 16, 606.20, 2380691, 1448
4725, 0, 566, 572, 417, 2, 2.21%, 0, 0, 16, 647.33, 2384113, 1448
4730, 0, 566, 572, 417, 2, 2.21%, 0, 0, 16, 595.31, 2387222, 1448
4735, 0, 566, 572, 417, 2, 2.21%, 0, 0, 16, 632.44, 2390494, 1448
4740, 0, 566, 573, 418, 2, 2.21%, 0, 0, 16, 608.82, 2393581, 1449
4745, 0, 566, 573, 418, 2, 2.21%, 0, 0, 16, 607.33, 2396737, 1449
4750, 0, 566, 573, 418, 2, 2.21%, 0, 0, 16, 582.60, 2399729, 1449
4755, 0, 566, 573, 418, 2, 2.21%, 0, 0, 16, 575.94, 2402581, 1449
4761, 0, 566, 573, 418, 2, 2.21%, 0, 0, 16, 634.10, 2405929, 1449
4766, 0, 566, 573, 418, 2, 2.21%, 0, 0, 16, 578.72, 2408876, 1449
4771, 0, 566, 573, 418, 2, 2.21%, 0, 0, 16, 573.92, 2411787, 1449
4776, 0, 566, 574, 419, 2, 2.21%, 0, 0, 16, 569.09, 2414684, 1449
4781, 0, 571, 574, 419, 4, 2.21%, 0, 0, 16, 596.93, 2417675, 1449
4786, 0, 571, 574, 419, 4, 2.21%, 0, 0, 16, 617.29, 2420888, 1449
4791, 0, 571, 574, 419, 4, 2.21%, 0, 0, 16, 608.91, 2423976, 1449
4796, 0, 572, 575, 419, 3, 2.21%, 0, 0, 16, 581.29, 2426929, 1449
4801, 0, 572, 575, 419, 3, 2.21%, 0, 0, 16, 552.04, 2429776, 1449
4806, 0, 572, 575, 419, 3, 2.21%, 0, 0, 16, 585.24, 2432732, 1449
4811, 0, 572, 575, 419, 3, 2.21%, 0, 0, 16, 598.16, 2435754, 1449
4816, 0, 572, 575, 419, 3, 2.21%, 0, 0, 16, 569.72, 2438593, 1449
4822, 0, 502, 575, 418, 3, 2.21%, 0, 0, 16, 597.91, 2441750, 1449
4827, 0, 502, 575, 418, 3, 2.21%, 0, 0, 16, 608.95, 2444871, 1449
4832, 0, 502, 575, 418, 3, 2.21%, 0, 0, 16, 596.40, 2447941, 1449
4837, 0, 272, 576, 419, 3, 2.21%, 0, 0, 16, 116.83, 2450540, 1449
4842, 0, 272, 576, 419, 3, 2.21%, 0, 0, 16, 130.00, 2451212, 1449
4847, 0, 272, 576, 419, 3, 2.21%, 0, 0, 16, 213.31, 2452549, 1449
4852, 0, 540, 576, 419, 3, 2.21%, 0, 0, 16, 486.23, 2455214, 1449
4857, 0, 540, 576, 419, 3, 2.21%, 0, 0, 16, 594.09, 2458426, 1449
4862, 0, 540, 576, 419, 3, 2.21%, 0, 0, 16, 622.43, 2461601, 1449
4868, 0, 540, 576, 419, 3, 2.21%, 0, 0, 16, 609.37, 2464771, 1449
4873, 0, 540, 576, 419, 3, 2.21%, 0, 0, 16, 605.93, 2467925, 1449
4878, 0, 540, 576, 419, 3, 2.21%, 0, 0, 16, 625.52, 2471079, 1449
4883, 0, 540, 576, 419, 3, 2.21%, 0, 0, 16, 614.44, 2474173, 1449
4888, 0, 540, 576, 419, 3, 2.21%, 0, 0, 16, 596.74, 2477153, 1449
4893, 0, 540, 576, 419, 3, 2.21%, 0, 0, 16, 597.28, 2480243, 1449
4898, 0, 540, 576, 419, 3, 2.21%, 0, 0, 16, 592.04, 2483223, 1449
4903, 0, 540, 576, 419, 3, 2.21%, 0, 0, 16, 588.37, 2486148, 1449
4908, 0, 540, 576, 419, 3, 2.21%, 0, 0, 16, 608.20, 2489219, 1449
4913, 0, 540, 576, 419, 3, 2.21%, 0, 0, 16, 628.49, 2492501, 1449
4918, 0, 540, 576, 419, 3, 2.21%, 0, 0, 16, 641.85, 2495719, 1449
4924, 0, 540, 576, 419, 3, 2.21%, 0, 0, 16, 613.31, 2498801, 1449
4929, 0, 540, 576, 419, 3, 2.21%, 0, 0, 16, 623.70, 2502003, 1449
4934, 0, 540, 576, 419, 3, 2.21%, 0, 0, 16, 609.35, 2505169, 1449
4939, 0, 540, 576, 419, 3, 2.21%, 0, 0, 16, 601.33, 2508179, 1449
4944, 0, 540, 576, 419, 3, 2.21%, 0, 0, 16, 623.44, 2511285, 1449
4949, 0, 540, 576, 419, 3, 2.21%, 0, 0, 16, 613.72, 2514391, 1449
4954, 0, 172, 576, 419, 3, 2.21%, 0, 0, 16, 602.74, 2517423, 1449
4959, 0, 172, 576, 419, 3, 2.21%, 0, 0, 16, 188.94, 2518494, 1449
4964, 0, 172, 576, 419, 3, 2.21%, 0, 0, 16, 199.78, 2519556, 1449
4969, 0, 574, 577, 420, 3, 2.21%, 0, 0, 16, 471.99, 2522139, 1449
4974, 0, 574, 577, 420, 3, 2.21%, 0, 0, 16, 527.69, 2524946, 1449
4979, 0, 574, 577, 420, 3, 2.21%, 0, 0, 16, 568.93, 2527829, 1449
4984, 0, 574, 577, 420, 3, 2.21%, 0, 0, 16, 577.63, 2530777, 1449
4989, 0, 370, 577, 419, 2, 2.21%, 0, 0, 16, 609.64, 2533802, 1449
4995, 0, 370, 577, 419, 2, 2.21%, 0, 0, 16, 640.39, 2537130, 1449
5000, 0, 370, 577, 419, 2, 2.21%, 0, 0, 16, 624.50, 2540215, 1449
5005, 0, 370, 577, 419, 2, 2.21%, 0, 0, 16, 637.37, 2543535, 1449
5010, 0, 540, 577, 419, 2, 2.21%, 0, 0, 16, 608.34, 2546543, 1449
5015, 0, 540, 577, 419, 2, 2.21%, 0, 0, 16, 632.52, 2549837, 1449
5020, 0, 540, 577, 419, 2, 2.21%, 0, 0, 16, 618.49, 2553073, 1449
5025, 0, 540, 577, 419, 2, 2.21%, 0, 0, 16, 586.79, 2555928, 1449
5030, 0, 540, 577, 419, 2, 2.21%, 0, 0, 16, 616.16, 2559028, 1449
5035, 0, 540, 577, 419, 2, 2.21%, 0, 0, 16, 599.82, 2561993, 1449
5040, 0, 540, 577, 419, 2, 2.21%, 0, 0, 16, 620.27, 2565192, 1449
5045, 0, 540, 577, 419, 2, 2.21%, 0, 0, 16, 619.19, 2568358, 1449
5051, 0, 540, 577, 419, 2, 2.21%, 0, 0, 16, 604.77, 2571500, 1449
5056, 0, 540, 577, 419, 2, 2.21%, 0, 0, 16, 606.45, 2574606, 1449
5061, 0, 476, 577, 419, 2, 2.21%, 0, 0, 16, 601.44, 2577612, 1449
5066, 0, 476, 577, 419, 2, 2.21%, 0, 0, 16, 621.45, 2580752, 1449
5071, 0, 476, 577, 419, 2, 2.21%, 0, 0, 16, 616.73, 2583948, 1449
5076, 0, 492, 577, 418, 2, 2.21%, 0, 0, 16, 612.80, 2587008, 1449
5081, 0, 492, 577, 418, 2, 2.21%, 0, 0, 16, 610.20, 2590111, 1449
5086, 0, 492, 577, 418, 2, 2.21%, 0, 0, 16, 606.96, 2593165, 1449
5091, 0, 492, 577, 418, 2, 2.21%, 0, 0, 16, 609.12, 2596207, 1449
5096, 0, 492, 577, 418, 2, 2.21%, 0, 0, 16, 625.07, 2599465, 1449
5101, 0, 492, 577, 418, 2, 2.21%, 0, 0, 16, 638.82, 2602675, 1449
5106, 0, 331, 577, 418, 2, 2.21%, 0, 0, 16, 635.26, 2605919, 1449
5111, 0, 331, 577, 418, 2, 2.21%, 0, 0, 16, 631.04, 2609108, 1449
5116, 0, 331, 577, 418, 2, 2.21%, 0, 0, 16, 609.81, 2612154, 1449
5121, 0, 331, 577, 418, 2, 2.21%, 0, 0, 16, 633.71, 2615364, 1449
5126, 0, 331, 577, 418, 2, 2.21%, 0, 0, 16, 637.24, 2618598, 1449
5131, 0, 331, 577, 418, 2, 2.21%, 0, 0, 16, 621.63, 2621724, 1449
5136, 0, 331, 577, 418, 2, 2.21%, 0, 0, 16, 617.66, 2624850, 1449
5142, 0, 370, 577, 418, 2, 2.21%, 0, 0, 16, 632.58, 2628124, 1449
5147, 0, 370, 577, 418, 2, 2.21%, 0, 0, 16, 637.22, 2631290, 1449
5152, 0, 370, 577, 418, 2, 2.21%, 0, 0, 16, 631.45, 2634563, 1449
5157, 0, 488, 577, 418, 2, 2.21%, 0, 0, 16, 604.42, 2637571, 1449
5162, 0, 488, 577, 418, 2, 2.21%, 0, 0, 16, 615.14, 2640734, 1449
5167, 0, 345, 577, 418, 2, 2.21%, 0, 0, 16, 605.56, 2643726, 1449
5172, 0, 345, 577, 418, 2, 2.21%, 0, 0, 16, 606.76, 2646768, 1449
5177, 0, 345, 577, 418, 2, 2.21%, 0, 0, 16, 630.48, 2650026, 1449
5182, 0, 345, 577, 418, 2, 2.21%, 0, 0, 16, 631.74, 2653296, 1449
5187, 0, 133, 577, 418, 2, 2.21%, 0, 0, 16, 627.96, 2656546, 1449
5192, 0, 133, 577, 418, 2, 2.21%, 0, 0, 16, 607.06, 2659578, 1449
5197, 0, 133, 577, 418, 2, 2.21%, 0, 0, 16, 610.63, 2662698, 1449
5202, 0, 309, 577, 418, 2, 2.21%, 0, 0, 16, 628.43, 2665846, 1449
5208, 0, 327, 577, 418, 2, 2.21%, 0, 0, 16, 621.63, 2669071, 1449
5213, 0, 327, 577, 418, 2, 2.21%, 0, 0, 16, 621.97, 2672227, 1449
5218, 0, 398, 577, 417, 2, 2.21%, 0, 0, 16, 616.79, 2675336, 1449
5223, 0, 398, 577, 417, 2, 2.21%, 0, 0, 16, 614.68, 2678389, 1449
5228, 0, 398, 577, 417, 2, 2.21%, 0, 0, 16, 623.34, 2681538, 1449
5233, 0, 398, 577, 417, 2, 2.21%, 0, 0, 16, 617.95, 2684618, 1449
5238, 0, 398, 577, 417, 2, 2.21%, 0, 0, 16, 617.79, 2687746, 1449
5243, 0, 309, 577, 417, 2, 2.21%, 0, 0, 16, 624.25, 2690918, 1449
5248, 0, 309, 577, 417, 2, 2.21%, 0, 0, 16, 624.82, 2694066, 1449
5253, 0, 254, 577, 417, 2, 2.21%, 0, 0, 16, 653.06, 2696537, 1449
5258, 0, 172, 577, 417, 2, 2.21%, 0, 0, 16, 491.72, 2699173, 1449
5263, 0, 172, 579, 419, 2, 2.21%, 0, 0, 16, 222.13, 2699898, 1449
5268, 0, 172, 579, 419, 2, 2.21%, 0, 0, 16, 434.44, 2702179, 1449
5273, 0, 172, 579, 419, 2, 2.21%, 0, 0, 16, 313.44, 2703618, 1449
5279, 0, 172, 579, 419, 2, 2.21%, 0, 0, 16, 280.87, 2705048, 1449
5284, 0, 172, 579, 419, 2, 2.21%, 0, 0, 16, 211.41, 2706135, 1449
5289, 0, 488, 579, 419, 2, 2.21%, 0, 0, 16, 425.01, 2708154, 1449
5294, 0, 488, 579, 419, 2, 2.21%, 0, 0, 16, 580.43, 2711360, 1449
5299, 0, 172, 579, 418, 2, 2.21%, 0, 0, 16, 608.83, 2714522, 1449
5304, 0, 540, 579, 418, 2, 2.21%, 0, 0, 16, 489.40, 2716769, 1449
5309, 0, 540, 579, 418, 2, 2.21%, 0, 0, 16, 591.05, 2719892, 1449
5314, 0, 540, 579, 418, 2, 2.21%, 0, 0, 16, 627.00, 2723204, 1449
5319, 0, 540, 579, 418, 2, 2.21%, 0, 0, 16, 622.84, 2726458, 1449
5325, 0, 540, 579, 418, 2, 2.21%, 0, 0, 16, 597.16, 2729426, 1449
5330, 0, 540, 579, 418, 2, 2.21%, 0, 0, 16, 607.85, 2732502, 1449
5335, 0, 540, 579, 418, 2, 2.21%, 0, 0, 16, 614.20, 2735632, 1449
5340, 0, 540, 579, 418, 2, 2.21%, 0, 0, 16, 597.71, 2738707, 1449
5345, 0, 540, 579, 418, 2, 2.21%, 0, 0, 16, 591.73, 2741808, 1449
5350, 0, 540, 579, 418, 2, 2.21%, 0, 0, 16, 581.53, 2744678, 1449
5355, 0, 309, 579, 418, 2, 2.21%, 0, 0, 16, 562.48, 2747504, 1449
5360, 0, 366, 579, 418, 2, 2.21%, 0, 0, 16, 527.14, 2750122, 1449
5365, 0, 366, 579, 418, 2, 2.21%, 0, 0, 16, 564.04, 2752943, 1449
5370, 0, 366, 579, 418, 2, 2.21%, 0, 0, 16, 606.33, 2756171, 1449
5375, 0, 366, 579, 418, 2, 2.21%, 0, 0, 16, 565.18, 2759032, 1449
5380, 0, 366, 579, 418, 2, 2.21%, 0, 0, 16, 530.57, 2761735, 1449
5385, 0, 366, 579, 418, 2, 2.21%, 0, 0, 16, 565.57, 2764548, 1449
5391, 0, 366, 579, 418, 2, 2.21%, 0, 0, 16, 588.17, 2767540, 1449
5396, 0, 309, 579, 418, 2, 2.21%, 0, 0, 16, 567.73, 2770440, 1449
5401, 0, 113, 579, 418, 2, 2.21%, 0, 0, 16, 566.61, 2773319, 1449
5406, 0, 113, 579, 418, 2, 2.21%, 0, 0, 16, 587.92, 2776315, 1449
5411, 0, 113, 579, 418, 2, 2.21%, 0, 0, 16, 620.79, 2779569, 1449
5416, 0, 566, 579, 418, 2, 2.21%, 0, 0, 16, 568.36, 2782486, 1449
5421, 0, 566, 579, 418, 2, 2.21%, 0, 0, 16, 528.74, 2785051, 1449
5426, 0, 566, 579, 418, 2, 2.21%, 0, 0, 16, 585.38, 2788055, 1449
5431, 0, 566, 579, 418, 2, 2.21%, 0, 0, 16, 570.66, 2790897, 1449
5436, 0, 566, 579, 418, 2, 2.21%, 0, 0, 16, 575.91, 2793790, 1449
5441, 0, 566, 579, 418, 2, 2.21%, 0, 0, 16, 541.18, 2796591, 1449
5446, 0, 566, 579, 418, 2, 2.21%, 0, 0, 16, 533.56, 2799194, 1449
