# relative_time, cycles_done, cur_item, corpus_count, pending_total, pending_favs, map_size, saved_crashes, saved_hangs, max_depth, execs_per_sec, total_execs, edges_found
61, 0, 1, 33, 32, 1, 1.44%, 0, 0, 2, 210.13, 13107, 945
66, 0, 1, 33, 32, 1, 1.44%, 0, 0, 2, 210.62, 14163, 945
71, 0, 1, 33, 32, 1, 1.44%, 0, 0, 2, 211.25, 15259, 945
76, 0, 1, 34, 33, 1, 1.44%, 0, 0, 2, 211.64, 16319, 945
81, 0, 1, 34, 33, 1, 1.44%, 0, 0, 2, 210.42, 17367, 945
86, 0, 1, 34, 33, 1, 1.44%, 0, 0, 2, 212.58, 18431, 945
91, 0, 1, 35, 34, 1, 1.44%, 0, 0, 2, 213.01, 19503, 945
96, 0, 1, 35, 34, 1, 1.44%, 0, 0, 2, 212.21, 20559, 945
101, 0, 1, 35, 34, 1, 1.44%, 0, 0, 2, 211.01, 21623, 945
106, 0, 1, 36, 35, 1, 1.44%, 0, 0, 2, 210.47, 22675, 946
111, 0, 1, 36, 35, 1, 1.44%, 0, 0, 2, 211.83, 23735, 946
116, 0, 1, 36, 35, 1, 1.44%, 0, 0, 2, 212.71, 24839, 946
121, 0, 1, 36, 35, 1, 1.44%, 0, 0, 2, 213.67, 25915, 946
126, 0, 1, 36, 35, 1, 1.44%, 0, 0, 2, 211.03, 26967, 946
132, 0, 1, 36, 35, 1, 1.44%, 0, 0, 2, 213.77, 28083, 946
137, 0, 1, 38, 37, 1, 1.48%, 0, 0, 2, 208.40, 29123, 968
142, 0, 1, 38, 37, 1, 1.48%, 0, 0, 2, 210.96, 30191, 968
147, 0, 1, 39, 38, 1, 1.48%, 0, 0, 2, 209.73, 31247, 971
152, 0, 1, 39, 38, 1, 1.48%, 0, 0, 2, 210.58, 32315, 971
157, 0, 1, 39, 38, 1, 1.48%, 0, 0, 2, 210.59, 33371, 971
162, 0, 1, 39, 38, 1, 1.48%, 0, 0, 2, 211.59, 34435, 971
167, 0, 1, 39, 38, 1, 1.48%, 0, 0, 2, 211.12, 35491, 971
172, 0, 1, 39, 38, 1, 1.48%, 0, 0, 2, 211.39, 36555, 971
177, 0, 1, 39, 38, 1, 1.48%, 0, 0, 2, 205.94, 37599, 971
182, 0, 1, 39, 38, 1, 1.48%, 0, 0, 2, 202.02, 38615, 971
187, 0, 1, 39, 38, 1, 1.48%, 0, 0, 2, 200.71, 39619, 971
192, 0, 1, 39, 38, 1, 1.48%, 0, 0, 2, 197.48, 40635, 971
197, 0, 1, 39, 38, 1, 1.48%, 0, 0, 2, 196.59, 41655, 971
202, 0, 1, 39, 38, 1, 1.48%, 0, 0, 2, 197.08, 42678, 971
208, 0, 1, 39, 38, 1, 1.48%, 0, 0, 2, 197.85, 43698, 971
213, 0, 1, 39, 38, 1, 1.48%, 0, 0, 2, 196.92, 44709, 971
218, 0, 1, 39, 38, 1, 1.48%, 0, 0, 2, 196.19, 45726, 971
223, 0, 1, 39, 38, 1, 1.48%, 0, 0, 2, 197.23, 46740, 971
228, 0, 1, 39, 38, 1, 1.48%, 0, 0, 2, 193.27, 47736, 971
233, 0, 1, 39, 38, 1, 1.48%, 0, 0, 2, 198.13, 48768, 971
239, 0, 1, 39, 38, 1, 1.48%, 0, 0, 2, 198.35, 49791, 971
244, 0, 1, 39, 38, 1, 1.48%, 0, 0, 2, 198.07, 50811, 971
249, 0, 1, 39, 38, 1, 1.48%, 0, 0, 2, 200.96, 51843, 971
254, 0, 1, 39, 38, 1, 1.48%, 0, 0, 2, 197.91, 52836, 971
259, 0, 1, 39, 38, 1, 1.48%, 0, 0, 2, 196.32, 53859, 971
264, 0, 1, 39, 38, 1, 1.48%, 0, 0, 2, 200.32, 54891, 971
269, 0, 1, 39, 38, 1, 1.48%, 0, 0, 2, 198.03, 55881, 971
275, 0, 1, 39, 38, 1, 1.48%, 0, 0, 2, 198.04, 56904, 971
280, 0, 1, 39, 38, 1, 1.48%, 0, 0, 2, 197.42, 57933, 971
285, 0, 1, 39, 38, 1, 1.48%, 0, 0, 2, 197.80, 58953, 971
290, 0, 1, 39, 38, 1, 1.48%, 0, 0, 2, 198.22, 59946, 971
295, 0, 1, 39, 38, 1, 1.48%, 0, 0, 2, 197.01, 60963, 971
300, 0, 1, 39, 38, 1, 1.48%, 0, 0, 2, 198.52, 61989, 971
305, 0, 1, 39, 38, 1, 1.48%, 0, 0, 2, 195.85, 63006, 971
311, 0, 1, 39, 38, 1, 1.48%, 0, 0, 2, 192.21, 63990, 971
316, 0, 1, 39, 38, 1, 1.48%, 0, 0, 2, 193.91, 64998, 971
321, 0, 1, 39, 38, 1, 1.48%, 0, 0, 2, 193.95, 65997, 971
326, 0, 1, 39, 38, 1, 1.48%, 0, 0, 2, 198.25, 67020, 971
331, 0, 1, 39, 38, 1, 1.48%, 0, 0, 2, 198.37, 68016, 971
336, 0, 1, 39, 38, 1, 1.48%, 0, 0, 2, 196.69, 69033, 971
341, 0, 1, 39, 38, 1, 1.48%, 0, 0, 2, 197.49, 70050, 971
346, 0, 1, 39, 38, 1, 1.48%, 0, 0, 2, 203.17, 71055, 971
352, 0, 1, 39, 38, 1, 1.48%, 0, 0, 2, 195.42, 72058, 971
357, 0, 1, 39, 38, 1, 1.48%, 0, 0, 2, 207.88, 73115, 971
362, 0, 23, 40, 38, 19, 1.48%, 0, 0, 3, 202.91, 74148, 972
367, 0, 23, 40, 38, 19, 1.48%, 0, 0, 3, 219.73, 75325, 972
372, 0, 23, 40, 38, 19, 1.48%, 0, 0, 3, 223.63, 76433, 972
377, 0, 23, 40, 38, 19, 1.48%, 0, 0, 3, 220.97, 77613, 972
382, 0, 23, 40, 38, 19, 1.48%, 0, 0, 3, 219.83, 78757, 972
387, 0, 23, 40, 38, 19, 1.48%, 0, 0, 3, 221.79, 79905, 972
392, 0, 23, 40, 38, 19, 1.48%, 0, 0, 3, 229.78, 81085, 972
397, 0, 39, 40, 37, 18, 1.48%, 0, 0, 3, 229.16, 82234, 972
403, 0, 39, 40, 37, 18, 1.48%, 0, 0, 3, 231.63, 83418, 972
408, 0, 39, 40, 37, 18, 1.48%, 0, 0, 3, 222.47, 84510, 972
413, 0, 39, 40, 37, 18, 1.48%, 0, 0, 3, 235.66, 85734, 972
418, 0, 3, 40, 36, 17, 1.48%, 0, 0, 3, 234.66, 86938, 972
423, 0, 26, 40, 35, 16, 1.48%, 0, 0, 3, 222.64, 88068, 972
428, 0, 26, 40, 35, 16, 1.48%, 0, 0, 3, 216.25, 89192, 972
433, 0, 26, 40, 35, 16, 1.48%, 0, 0, 3, 190.18, 90105, 972
438, 0, 26, 40, 35, 16, 1.48%, 0, 0, 3, 212.97, 91212, 972
444, 0, 26, 41, 36, 16, 1.50%, 0, 0, 3, 231.56, 92428, 980
449, 0, 26, 42, 37, 16, 1.50%, 0, 0, 3, 227.11, 93588, 982
454, 0, 26, 42, 37, 16, 1.50%, 0, 0, 3, 202.37, 94612, 982
459, 0, 26, 42, 37, 16, 1.50%, 0, 0, 3, 216.31, 95700, 982
464, 0, 26, 42, 37, 16, 1.50%, 0, 0, 3, 206.77, 96783, 982
469, 0, 34, 42, 36, 17, 1.50%, 0, 0, 3, 226.44, 97966, 982
474, 0, 34, 42, 36, 17, 1.50%, 0, 0, 3, 238.94, 99202, 982
479, 0, 34, 42, 36, 17, 1.50%, 0, 0, 3, 224.05, 100266, 982
484, 0, 34, 42, 36, 17, 1.50%, 0, 0, 3, 210.57, 101362, 982
489, 0, 34, 42, 36, 17, 1.50%, 0, 0, 3, 215.78, 102502, 982
494, 0, 34, 42, 36, 17, 1.50%, 0, 0, 3, 203.93, 103550, 982
500, 0, 34, 42, 36, 17, 1.50%, 0, 0, 3, 187.70, 104501, 982
505, 0, 20, 42, 35, 16, 1.50%, 0, 0, 3, 201.47, 105536, 982
510, 0, 20, 42, 35, 16, 1.50%, 0, 0, 3, 227.25, 106714, 982
515, 0, 20, 42, 35, 16, 1.50%, 0, 0, 3, 224.47, 107870, 982
520, 0, 20, 42, 35, 16, 1.50%, 0, 0, 3, 229.81, 109018, 982
525, 0, 20, 42, 35, 16, 1.50%, 0, 0, 3, 232.45, 110194, 982
530, 0, 4, 42, 34, 15, 1.50%, 0, 0, 3, 230.59, 111401, 982
535, 0, 4, 42, 34, 15, 1.50%, 0, 0, 3, 236.53, 112601, 982
540, 0, 4, 42, 34, 15, 1.50%, 0, 0, 3, 214.47, 113701, 982
546, 0, 4, 42, 34, 15, 1.50%, 0, 0, 3, 212.59, 114857, 982
551, 0, 4, 42, 34, 15, 1.50%, 0, 0, 3, 201.05, 115868, 982
556, 0, 4, 42, 34, 15, 1.50%, 0, 0, 3, 211.39, 116957, 982
561, 0, 4, 42, 34, 15, 1.50%, 0, 0, 3, 218.86, 118105, 982
566, 0, 15, 42, 33, 14, 1.50%, 0, 0, 3, 216.58, 119166, 982
571, 0, 15, 42, 33, 14, 1.50%, 0, 0, 3, 197.30, 120148, 982
576, 0, 15, 42, 33, 14, 1.50%, 0, 0, 3, 200.66, 121182, 982
581, 0, 15, 42, 33, 14, 1.50%, 0, 0, 3, 194.81, 122140, 982
587, 0, 15, 42, 33, 14, 1.50%, 0, 0, 3, 206.26, 123202, 982
592, 0, 13, 42, 32, 13, 1.50%, 0, 0, 3, 199.93, 124199, 982
597, 0, 13, 42, 32, 13, 1.50%, 0, 0, 3, 210.58, 125320, 982
602, 0, 13, 42, 32, 13, 1.50%, 0, 0, 3, 214.44, 126384, 982
607, 0, 13, 42, 32, 13, 1.50%, 0, 0, 3, 197.17, 127397, 982
612, 0, 13, 42, 32, 13, 1.50%, 0, 0, 3, 208.84, 128528, 982
617, 0, 13, 42, 32, 13, 1.50%, 0, 0, 3, 197.13, 129517, 982
623, 0, 16, 42, 31, 12, 1.50%, 0, 0, 3, 213.02, 130651, 982
628, 0, 16, 42, 31, 12, 1.50%, 0, 0, 3, 221.56, 131787, 982
633, 0, 16, 42, 31, 12, 1.50%, 0, 0, 3, 218.63, 132879, 982
638, 0, 16, 42, 31, 12, 1.50%, 0, 0, 3, 214.63, 133983, 982
643, 0, 16, 42, 31, 12, 1.50%, 0, 0, 3, 212.24, 135074, 982
648, 0, 30, 42, 30, 11, 1.50%, 0, 0, 3, 225.94, 136259, 982
653, 0, 30, 42, 30, 11, 1.50%, 0, 0, 3, 232.79, 137455, 982
658, 0, 30, 42, 30, 11, 1.50%, 0, 0, 3, 223.89, 138607, 982
663, 0, 30, 42, 30, 11, 1.50%, 0, 0, 3, 219.10, 139683, 982
668, 0, 30, 42, 30, 11, 1.50%, 0, 0, 3, 227.75, 140843, 982
674, 0, 35, 42, 29, 10, 1.50%, 0, 0, 3, 221.46, 141976, 982
679, 0, 35, 42, 29, 10, 1.50%, 0, 0, 3, 234.02, 143168, 982
684, 0, 35, 42, 29, 10, 1.50%, 0, 0, 3, 223.63, 144300, 982
689, 0, 35, 42, 29, 10, 1.50%, 0, 0, 3, 215.47, 145332, 982
694, 0, 35, 42, 29, 10, 1.50%, 0, 0, 3, 239.38, 146564, 982
699, 0, 35, 42, 29, 10, 1.50%, 0, 0, 3, 201.71, 147568, 982
704, 0, 35, 42, 29, 10, 1.50%, 0, 0, 3, 200.44, 148648, 982
709, 0, 38, 42, 28, 9, 1.50%, 0, 0, 3, 214.87, 149722, 982
714, 0, 38, 42, 28, 9, 1.50%, 0, 0, 3, 216.11, 150826, 982
719, 0, 38, 42, 28, 9, 1.50%, 0, 0, 3, 184.15, 151762, 982
725, 0, 38, 42, 28, 9, 1.50%, 0, 0, 3, 206.69, 152830, 982
730, 0, 38, 42, 28, 9, 1.50%, 0, 0, 3, 232.78, 154018, 982
735, 0, 38, 42, 28, 9, 1.50%, 0, 0, 3, 221.34, 155118, 982
740, 0, 38, 42, 28, 9, 1.50%, 0, 0, 3, 237.92, 156326, 982
745, 0, 37, 42, 27, 8, 1.50%, 0, 0, 3, 235.08, 157531, 982
750, 0, 37, 42, 27, 8, 1.50%, 0, 0, 3, 217.26, 158635, 982
755, 0, 37, 42, 27, 8, 1.50%, 0, 0, 3, 223.58, 159755, 982
760, 0, 37, 42, 27, 8, 1.50%, 0, 0, 3, 190.03, 160677, 982
765, 0, 37, 42, 27, 8, 1.50%, 0, 0, 3, 226.01, 161843, 982
770, 0, 37, 42, 27, 8, 1.50%, 0, 0, 3, 191.60, 162783, 982
775, 0, 37, 42, 27, 8, 1.50%, 0, 0, 3, 210.13, 163843, 982
780, 0, 37, 42, 27, 8, 1.50%, 0, 0, 3, 233.41, 165019, 982
785, 0, 41, 42, 26, 7, 1.50%, 0, 0, 3, 216.01, 166121, 982
790, 0, 41, 42, 26, 7, 1.50%, 0, 0, 3, 190.28, 167036, 982
796, 0, 41, 42, 26, 7, 1.50%, 0, 0, 3, 203.08, 168081, 982
801, 0, 41, 42, 26, 7, 1.50%, 0, 0, 3, 204.12, 169145, 982
806, 0, 41, 42, 26, 7, 1.50%, 0, 0, 3, 205.11, 170133, 982
811, 0, 41, 42, 25, 6, 1.50%, 0, 0, 3, 210.29, 171225, 982
816, 0, 41, 42, 25, 6, 1.50%, 0, 0, 3, 233.73, 172434, 982
821, 0, 41, 42, 25, 6, 1.50%, 0, 0, 3, 215.32, 173546, 982
826, 0, 41, 42, 25, 6, 1.50%, 0, 0, 3, 201.46, 174562, 982
831, 0, 41, 42, 25, 6, 1.50%, 0, 0, 3, 204.42, 175612, 982
836, 0, 41, 42, 25, 6, 1.50%, 0, 0, 3, 224.59, 176764, 982
841, 0, 10, 42, 25, 6, 1.50%, 0, 0, 3, 223.41, 177866, 982
847, 0, 10, 42, 25, 6, 1.50%, 0, 0, 3, 203.48, 178926, 982
852, 0, 10, 42, 25, 6, 1.50%, 0, 0, 3, 214.79, 180022, 982
857, 0, 10, 42, 25, 6, 1.50%, 0, 0, 3, 234.75, 181206, 982
862, 0, 10, 42, 25, 6, 1.50%, 0, 0, 3, 209.28, 182218, 982
867, 0, 10, 42, 25, 6, 1.50%, 0, 0, 3, 192.55, 183176, 982
872, 0, 10, 42, 25, 6, 1.50%, 0, 0, 3, 197.25, 184190, 982
877, 0, 29, 42, 24, 5, 1.50%, 0, 0, 3, 208.11, 185264, 982
882, 0, 29, 42, 24, 5, 1.50%, 0, 0, 3, 211.41, 186356, 982
887, 0, 29, 42, 24, 5, 1.50%, 0, 0, 3, 216.16, 187436, 982
892, 0, 29, 42, 24, 5, 1.50%, 0, 0, 3, 227.59, 188620, 982
897, 0, 29, 42, 24, 5, 1.50%, 0, 0, 3, 219.19, 189704, 982
903, 0, 3, 42, 23, 4, 1.50%, 0, 0, 3, 229.84, 190908, 982
908, 0, 31, 42, 23, 4, 1.50%, 0, 0, 3, 230.61, 192110, 982
913, 0, 31, 42, 23, 4, 1.50%, 0, 0, 3, 228.23, 193286, 982
918, 0, 40, 42, 22, 3, 1.50%, 0, 0, 3, 220.44, 194393, 982
923, 0, 40, 42, 22, 3, 1.50%, 0, 0, 3, 215.93, 195481, 982
