# relative_time, cycles_done, cur_item, corpus_count, pending_total, pending_favs, map_size, saved_crashes, saved_hangs, max_depth, execs_per_sec, total_execs, edges_found
61, 0, 1, 30, 29, 1, 1.39%, 0, 0, 2, 154.24, 10255, 911
66, 0, 1, 30, 29, 1, 1.39%, 0, 0, 2, 154.98, 11038, 911
71, 0, 1, 30, 29, 1, 1.39%, 0, 0, 2, 168.21, 11893, 911
76, 0, 1, 30, 29, 1, 1.39%, 0, 0, 2, 165.45, 12721, 911
81, 0, 1, 30, 29, 1, 1.39%, 0, 0, 2, 159.44, 13546, 911
86, 0, 1, 31, 30, 1, 1.40%, 0, 0, 2, 165.26, 14382, 918
91, 0, 1, 31, 30, 1, 1.40%, 0, 0, 2, 158.90, 15189, 918
96, 0, 1, 31, 30, 1, 1.40%, 0, 0, 2, 158.14, 15978, 918
101, 0, 1, 33, 32, 1, 1.40%, 0, 0, 2, 166.79, 16816, 919
106, 0, 1, 33, 32, 1, 1.40%, 0, 0, 2, 162.85, 17641, 919
111, 0, 1, 33, 32, 1, 1.40%, 0, 0, 2, 159.70, 18454, 919
116, 0, 1, 33, 32, 1, 1.40%, 0, 0, 2, 160.67, 19252, 919
121, 0, 1, 33, 32, 1, 1.40%, 0, 0, 2, 160.65, 20065, 919
126, 0, 1, 33, 32, 1, 1.40%, 0, 0, 2, 156.65, 20833, 919
131, 0, 1, 33, 32, 1, 1.40%, 0, 0, 2, 150.32, 21590, 919
136, 0, 1, 33, 32, 1, 1.40%, 0, 0, 2, 150.65, 22341, 919
141, 0, 1, 33, 32, 1, 1.40%, 0, 0, 2, 154.76, 23114, 919
147, 0, 1, 33, 32, 1, 1.40%, 0, 0, 2, 144.04, 23829, 919
152, 0, 1, 33, 32, 1, 1.40%, 0, 0, 2, 149.43, 24611, 919
157, 0, 1, 33, 32, 1, 1.40%, 0, 0, 2, 139.96, 25309, 919
162, 0, 1, 33, 32, 1, 1.40%, 0, 0, 2, 146.99, 26061, 919
167, 0, 1, 33, 32, 1, 1.40%, 0, 0, 2, 129.05, 26717, 919
172, 0, 1, 33, 32, 1, 1.40%, 0, 0, 2, 126.94, 27389, 919
178, 0, 1, 33, 32, 1, 1.40%, 0, 0, 2, 131.12, 28065, 919
183, 0, 1, 33, 32, 1, 1.40%, 0, 0, 2, 135.03, 28769, 919
188, 0, 1, 33, 32, 1, 1.40%, 0, 0, 2, 141.47, 29515, 919
193, 0, 1, 33, 32, 1, 1.40%, 0, 0, 2, 144.49, 30265, 919
198, 0, 1, 33, 32, 1, 1.40%, 0, 0, 2, 144.07, 31017, 919
203, 0, 1, 33, 32, 1, 1.40%, 0, 0, 2, 138.74, 31723, 919
209, 0, 1, 33, 32, 1, 1.40%, 0, 0, 2, 147.73, 32489, 919
214, 0, 1, 33, 32, 1, 1.40%, 0, 0, 2, 146.69, 33255, 919
219, 0, 1, 33, 32, 1, 1.40%, 0, 0, 2, 147.97, 34019, 919
224, 0, 1, 33, 32, 1, 1.40%, 0, 0, 2, 136.19, 34719, 919
229, 0, 1, 33, 32, 1, 1.40%, 0, 0, 2, 143.57, 35457, 919
235, 0, 1, 33, 32, 1, 1.40%, 0, 0, 2, 141.55, 36193, 919
240, 0, 1, 33, 32, 1, 1.40%, 0, 0, 2, 144.99, 36919, 919
245, 0, 1, 33, 32, 1, 1.40%, 0, 0, 2, 154.84, 37705, 919
250, 0, 1, 33, 32, 1, 1.40%, 0, 0, 2, 173.75, 38581, 919
255, 0, 5, 34, 32, 15, 1.40%, 0, 0, 3, 161.38, 39381, 920
260, 0, 5, 34, 32, 15, 1.40%, 0, 0, 3, 171.26, 40283, 920
265, 0, 23, 34, 31, 15, 1.40%, 0, 0, 3, 155.52, 41067, 920
270, 0, 23, 34, 31, 15, 1.40%, 0, 0, 3, 162.38, 41870, 920
275, 0, 23, 34, 31, 15, 1.40%, 0, 0, 3, 159.18, 42695, 920
280, 0, 19, 34, 30, 13, 1.40%, 0, 0, 3, 142.86, 43415, 920
286, 0, 19, 34, 30, 13, 1.40%, 0, 0, 3, 143.48, 44173, 920
291, 0, 19, 34, 30, 13, 1.40%, 0, 0, 3, 152.48, 44939, 920
296, 0, 19, 34, 30, 13, 1.40%, 0, 0, 3, 162.43, 45761, 920
301, 0, 19, 34, 30, 13, 1.40%, 0, 0, 3, 179.86, 46691, 920
306, 0, 21, 34, 29, 12, 1.40%, 0, 0, 3, 163.97, 47482, 920
311, 0, 21, 34, 29, 12, 1.40%, 0, 0, 3, 174.07, 48380, 920
317, 0, 21, 35, 30, 12, 1.42%, 0, 0, 3, 171.83, 49227, 928
322, 0, 21, 35, 30, 12, 1.42%, 0, 0, 3, 168.70, 50073, 928
327, 0, 33, 35, 29, 12, 1.42%, 0, 0, 3, 180.73, 51006, 928
332, 0, 33, 35, 29, 12, 1.42%, 0, 0, 3, 175.50, 51938, 928
