# relative_time, cycles_done, cur_item, corpus_count, pending_total, pending_favs, map_size, saved_crashes, saved_hangs, max_depth, execs_per_sec, total_execs, edges_found
61, 0, 3, 38, 35, 1, 1.03%, 2, 0, 2, 219.98, 13811, 674
66, 0, 3, 38, 35, 1, 1.03%, 3, 0, 2, 216.12, 14915, 674
71, 0, 3, 38, 35, 1, 1.03%, 3, 0, 2, 214.27, 15995, 674
76, 0, 3, 38, 35, 1, 1.03%, 3, 0, 2, 215.50, 17115, 674
81, 0, 3, 39, 36, 1, 1.04%, 3, 0, 2, 213.95, 18191, 681
87, 0, 3, 39, 36, 1, 1.04%, 3, 0, 2, 216.67, 19319, 681
92, 0, 3, 39, 36, 1, 1.04%, 3, 0, 2, 221.89, 20435, 681
97, 0, 3, 39, 36, 1, 1.04%, 3, 0, 2, 217.76, 21563, 681
102, 0, 3, 39, 36, 1, 1.04%, 3, 0, 2, 217.35, 22683, 681
107, 0, 3, 40, 37, 1, 1.04%, 3, 0, 2, 216.55, 23799, 681
112, 0, 3, 40, 37, 1, 1.04%, 4, 0, 2, 216.65, 24923, 681
117, 0, 3, 40, 37, 1, 1.04%, 4, 0, 2, 213.50, 25987, 681
122, 0, 3, 41, 38, 1, 1.04%, 4, 0, 2, 215.07, 27071, 682
127, 0, 3, 41, 38, 1, 1.04%, 4, 0, 2, 215.45, 28151, 682
133, 0, 3, 41, 38, 1, 1.04%, 4, 0, 2, 216.31, 29275, 682
138, 0, 3, 41, 38, 1, 1.04%, 4, 0, 2, 217.90, 30415, 682
143, 0, 3, 42, 39, 1, 1.05%, 4, 0, 2, 217.88, 31515, 686
148, 0, 3, 42, 39, 1, 1.05%, 5, 0, 2, 216.35, 32643, 686
153, 0, 3, 42, 39, 1, 1.05%, 5, 0, 2, 215.19, 33719, 686
158, 0, 3, 42, 39, 1, 1.05%, 5, 0, 2, 217.25, 34851, 686
163, 0, 3, 43, 40, 1, 1.05%, 5, 0, 2, 216.10, 35931, 687
168, 0, 3, 43, 40, 1, 1.05%, 5, 0, 2, 214.73, 37011, 687
173, 0, 3, 43, 40, 1, 1.05%, 5, 0, 2, 217.78, 38119, 687
179, 0, 3, 43, 40, 1, 1.05%, 5, 0, 2, 218.03, 39251, 687
184, 0, 3, 44, 41, 1, 1.05%, 5, 0, 2, 218.91, 40387, 689
189, 0, 3, 45, 42, 1, 1.05%, 5, 0, 2, 215.05, 41467, 691
194, 0, 3, 56, 53, 1, 1.06%, 5, 0, 2, 206.98, 42503, 695
199, 0, 3, 58, 55, 1, 1.06%, 5, 0, 2, 197.55, 43463, 695
204, 0, 3, 61, 58, 1, 1.06%, 5, 0, 2, 202.46, 44483, 695
209, 0, 3, 62, 59, 1, 1.06%, 5, 0, 2, 203.59, 45507, 695
214, 0, 3, 62, 59, 1, 1.06%, 5, 0, 2, 206.17, 46547, 695
219, 0, 3, 62, 59, 1, 1.06%, 5, 0, 2, 207.16, 47603, 695
224, 0, 3, 62, 59, 1, 1.06%, 5, 0, 2, 205.26, 48635, 695
229, 0, 3, 62, 59, 1, 1.06%, 5, 0, 2, 204.19, 49663, 695
234, 0, 3, 62, 59, 1, 1.06%, 5, 0, 2, 202.56, 50691, 695
239, 0, 3, 63, 60, 1, 1.06%, 5, 0, 2, 205.08, 51719, 697
244, 0, 3, 64, 61, 1, 1.06%, 5, 0, 2, 204.24, 52755, 697
249, 0, 3, 64, 61, 1, 1.06%, 5, 0, 2, 202.41, 53771, 697
254, 0, 3, 64, 61, 1, 1.06%, 5, 0, 2, 208.63, 54823, 697
259, 0, 3, 64, 61, 1, 1.06%, 5, 0, 2, 203.88, 55843, 697
264, 0, 3, 64, 61, 1, 1.06%, 5, 0, 2, 205.11, 56875, 697
269, 0, 3, 64, 61, 1, 1.06%, 5, 0, 2, 207.49, 57915, 697
274, 0, 3, 64, 61, 1, 1.06%, 5, 0, 2, 203.92, 58947, 697
279, 0, 3, 64, 61, 1, 1.06%, 5, 0, 2, 205.61, 59979, 697
285, 0, 3, 64, 61, 1, 1.06%, 5, 0, 2, 203.34, 61007, 697
290, 0, 3, 64, 61, 1, 1.06%, 5, 0, 2, 202.66, 62015, 697
295, 0, 3, 64, 61, 1, 1.06%, 5, 0, 2, 203.85, 63047, 697
300, 0, 3, 64, 61, 1, 1.06%, 5, 0, 2, 205.41, 64079, 697
305, 0, 3, 64, 61, 1, 1.06%, 5, 0, 2, 204.14, 65099, 697
310, 0, 3, 64, 61, 1, 1.06%, 5, 0, 2, 205.32, 66171, 697
315, 0, 3, 64, 61, 1, 1.06%, 5, 0, 2, 203.06, 67195, 697
320, 0, 3, 64, 61, 1, 1.06%, 5, 0, 2, 203.06, 68227, 697
325, 0, 3, 64, 61, 1, 1.06%, 5, 0, 2, 205.45, 69259, 697
330, 0, 3, 64, 61, 1, 1.06%, 5, 0, 2, 203.25, 70283, 697
335, 0, 3, 65, 62, 1, 1.08%, 5, 0, 2, 203.82, 71307, 705
340, 0, 3, 65, 62, 1, 1.08%, 5, 0, 2, 205.65, 72343, 705
345, 0, 3, 65, 62, 1, 1.08%, 5, 0, 2, 205.50, 73375, 705
350, 0, 3, 65, 62, 1, 1.08%, 5, 0, 2, 207.70, 74423, 705
355, 0, 3, 65, 62, 1, 1.08%, 5, 0, 2, 217.82, 75575, 705
360, 0, 3, 65, 62, 1, 1.08%, 6, 0, 2, 228.31, 76711, 705
366, 0, 3, 65, 62, 1, 1.08%, 6, 0, 2, 218.58, 77823, 705
371, 0, 33, 65, 60, 22, 1.08%, 6, 0, 2, 229.81, 78954, 705
376, 0, 33, 65, 60, 22, 1.08%, 6, 0, 2, 224.41, 80138, 705
381, 0, 33, 65, 60, 22, 1.08%, 6, 0, 2, 221.41, 81282, 705
386, 0, 33, 65, 60, 22, 1.08%, 6, 0, 2, 223.85, 82398, 705
391, 0, 33, 65, 60, 22, 1.08%, 6, 0, 2, 212.27, 83450, 705
396, 0, 44, 65, 59, 21, 1.08%, 6, 0, 2, 236.58, 84682, 705
401, 0, 44, 66, 60, 21, 1.08%, 6, 0, 3, 223.58, 85857, 705
407, 0, 62, 66, 59, 20, 1.08%, 6, 0, 3, 216.57, 86954, 705
412, 0, 62, 66, 59, 20, 1.08%, 6, 0, 3, 234.63, 88178, 705
417, 0, 62, 67, 60, 20, 1.08%, 6, 0, 3, 207.36, 89194, 705
422, 0, 62, 67, 60, 20, 1.08%, 6, 0, 3, 220.66, 90354, 705
427, 0, 62, 67, 60, 20, 1.08%, 6, 0, 3, 229.51, 91506, 705
432, 0, 62, 67, 60, 20, 1.08%, 6, 0, 3, 208.68, 92542, 705
437, 0, 32, 67, 59, 19, 1.08%, 6, 0, 3, 225.40, 93739, 705
442, 0, 32, 67, 59, 19, 1.08%, 6, 0, 3, 228.90, 94859, 705
447, 0, 32, 67, 59, 19, 1.08%, 6, 0, 3, 208.33, 95923, 705
452, 0, 32, 67, 59, 19, 1.08%, 6, 0, 3, 207.28, 96879, 705
457, 0, 6, 67, 58, 18, 1.08%, 6, 0, 3, 228.45, 98083, 705
462, 0, 6, 67, 58, 18, 1.08%, 6, 0, 3, 222.51, 99199, 705
467, 0, 6, 67, 58, 18, 1.08%, 6, 0, 3, 205.25, 100223, 705
473, 0, 6, 67, 58, 18, 1.08%, 6, 0, 3, 168.50, 101112, 705
478, 0, 6, 67, 58, 18, 1.08%, 6, 0, 3, 209.73, 102171, 705
483, 0, 6, 67, 58, 18, 1.08%, 6, 0, 3, 215.74, 103275, 705
488, 0, 6, 67, 58, 18, 1.08%, 6, 0, 3, 213.49, 104367, 705
493, 0, 6, 67, 58, 18, 1.08%, 6, 0, 3, 211.42, 105391, 705
498, 0, 64, 67, 57, 17, 1.08%, 6, 0, 3, 207.95, 106527, 705
503, 0, 64, 67, 57, 17, 1.08%, 6, 0, 3, 205.23, 107547, 705
508, 0, 64, 67, 57, 17, 1.08%, 9, 0, 3, 218.63, 108675, 705
513, 0, 64, 67, 57, 17, 1.08%, 9, 0, 3, 221.45, 109863, 705
519, 0, 64, 67, 57, 17, 1.08%, 9, 0, 3, 217.89, 111011, 705
524, 0, 64, 67, 57, 17, 1.08%, 9, 0, 3, 244.39, 112299, 705
529, 0, 64, 67, 57, 17, 1.08%, 9, 0, 3, 228.39, 113459, 705
534, 0, 64, 67, 57, 17, 1.08%, 9, 0, 3, 204.21, 114479, 705
539, 0, 55, 67, 56, 16, 1.08%, 9, 0, 3, 210.46, 115585, 705
544, 0, 55, 67, 56, 16, 1.08%, 9, 0, 3, 230.28, 116729, 705
549, 0, 55, 67, 56, 16, 1.08%, 9, 0, 3, 196.33, 117711, 705
554, 0, 55, 67, 56, 16, 1.08%, 9, 0, 3, 221.66, 118901, 705
559, 0, 55, 67, 56, 16, 1.08%, 9, 0, 3, 227.04, 120109, 705
564, 0, 26, 68, 56, 15, 1.08%, 9, 0, 3, 219.33, 121215, 709
570, 0, 26, 68, 56, 15, 1.08%, 11, 0, 3, 221.07, 122327, 709
575, 0, 26, 68, 56, 15, 1.08%, 11, 0, 3, 218.22, 123455, 709
580, 0, 26, 68, 56, 15, 1.08%, 11, 0, 3, 204.66, 124475, 709
585, 0, 26, 68, 56, 15, 1.08%, 11, 0, 3, 200.25, 125498, 709
590, 0, 26, 68, 56, 15, 1.08%, 11, 0, 3, 206.01, 126579, 709
595, 0, 26, 68, 56, 15, 1.08%, 11, 0, 3, 202.62, 127615, 709
600, 0, 26, 68, 56, 15, 1.08%, 11, 0, 3, 219.91, 128727, 709
605, 0, 26, 68, 56, 15, 1.08%, 11, 0, 3, 210.51, 129823, 709
610, 0, 26, 68, 56, 15, 1.08%, 11, 0, 3, 196.04, 130839, 709
616, 0, 67, 68, 55, 15, 1.08%, 11, 0, 3, 227.04, 131985, 709
621, 0, 67, 68, 55, 15, 1.08%, 11, 0, 3, 210.17, 133045, 709
626, 0, 67, 68, 55, 15, 1.08%, 11, 0, 3, 213.27, 134121, 709
631, 0, 67, 68, 55, 15, 1.08%, 11, 0, 3, 205.34, 135189, 709
636, 0, 67, 68, 55, 15, 1.08%, 11, 0, 3, 203.61, 136173, 709
641, 0, 67, 68, 55, 15, 1.08%, 11, 0, 3, 214.95, 137365, 709
646, 0, 67, 68, 55, 15, 1.08%, 11, 0, 3, 219.48, 138437, 709
651, 0, 46, 68, 54, 14, 1.08%, 11, 0, 3, 243.90, 139746, 709
656, 0, 46, 68, 54, 14, 1.08%, 11, 0, 3, 226.29, 140934, 709
662, 0, 46, 68, 54, 14, 1.08%, 11, 0, 3, 210.15, 141998, 709
667, 0, 46, 68, 54, 14, 1.08%, 11, 0, 3, 207.92, 143110, 709
672, 0, 46, 68, 54, 14, 1.08%, 11, 0, 3, 221.20, 144254, 709
677, 0, 40, 68, 53, 13, 1.08%, 11, 0, 3, 223.36, 145367, 709
682, 0, 40, 68, 53, 13, 1.08%, 11, 0, 3, 212.55, 146439, 709
687, 0, 40, 68, 53, 13, 1.08%, 11, 0, 3, 205.06, 147495, 709
692, 0, 40, 68, 53, 13, 1.08%, 12, 0, 3, 214.83, 148611, 709
697, 0, 40, 68, 53, 13, 1.08%, 12, 0, 3, 194.15, 149581, 709
702, 0, 24, 68, 52, 12, 1.08%, 12, 0, 3, 203.17, 150639, 709
708, 0, 24, 68, 52, 12, 1.08%, 12, 0, 3, 214.79, 151745, 709
713, 0, 24, 68, 52, 12, 1.08%, 12, 0, 3, 233.98, 152933, 709
718, 0, 24, 68, 52, 12, 1.08%, 12, 0, 3, 215.97, 154029, 709
723, 0, 24, 68, 52, 12, 1.08%, 12, 0, 3, 221.26, 155113, 709
728, 0, 8, 68, 51, 12, 1.08%, 12, 0, 3, 233.09, 156335, 709
733, 0, 8, 72, 55, 12, 1.09%, 12, 0, 3, 158.46, 157130, 714
738, 0, 8, 75, 58, 12, 1.09%, 12, 0, 3, 121.47, 157701, 714
743, 0, 8, 75, 58, 12, 1.09%, 12, 0, 3, 116.10, 158297, 714
749, 0, 8, 75, 58, 12, 1.09%, 12, 0, 3, 116.64, 158897, 714
754, 0, 8, 75, 58, 12, 1.09%, 12, 0, 3, 114.29, 159487, 714
759, 0, 8, 75, 58, 12, 1.09%, 12, 0, 3, 115.04, 160081, 714
764, 0, 8, 75, 58, 12, 1.09%, 12, 0, 3, 115.66, 160679, 714
769, 0, 8, 75, 58, 12, 1.09%, 12, 0, 3, 115.45, 161279, 714
774, 0, 8, 75, 58, 12, 1.09%, 12, 0, 3, 115.11, 161855, 714
779, 0, 8, 75, 58, 12, 1.09%, 12, 0, 3, 113.63, 162425, 714
785, 0, 8, 75, 58, 12, 1.09%, 12, 0, 3, 115.09, 163023, 714
790, 0, 8, 75, 58, 12, 1.09%, 12, 0, 3, 115.79, 163621, 714
795, 0, 8, 75, 58, 12, 1.09%, 12, 0, 3, 114.34, 164195, 714
800, 0, 8, 75, 58, 12, 1.09%, 12, 0, 3, 114.25, 164771, 714
805, 0, 8, 75, 58, 12, 1.09%, 12, 0, 3, 159.30, 165560, 714
810, 0, 34, 75, 57, 12, 1.09%, 12, 0, 3, 210.00, 166724, 714
815, 0, 34, 75, 57, 12, 1.09%, 13, 0, 3, 212.59, 167808, 714
820, 0, 34, 75, 57, 12, 1.09%, 13, 0, 3, 196.56, 168808, 714
825, 0, 34, 75, 57, 12, 1.09%, 13, 0, 3, 198.87, 169781, 714
830, 0, 34, 75, 57, 12, 1.09%, 13, 0, 3, 161.40, 170627, 714
835, 0, 34, 75, 57, 12, 1.09%, 13, 0, 3, 161.34, 171467, 714
841, 0, 36, 75, 56, 11, 1.09%, 14, 0, 3, 206.46, 172526, 714
846, 0, 36, 75, 56, 11, 1.09%, 14, 0, 3, 205.60, 173606, 714
851, 0, 36, 75, 56, 11, 1.09%, 14, 0, 3, 194.68, 174548, 714
856, 0, 36, 75, 56, 11, 1.09%, 14, 0, 3, 214.67, 175670, 714
861, 0, 36, 75, 56, 11, 1.09%, 14, 0, 3, 189.69, 176618, 714
866, 0, 36, 75, 56, 11, 1.09%, 14, 0, 3, 126.31, 177114, 714
871, 0, 36, 75, 56, 11, 1.09%, 14, 0, 3, 116.37, 177776, 714
876, 0, 36, 75, 56, 11, 1.09%, 14, 0, 3, 126.60, 178406, 714
882, 0, 36, 75, 56, 11, 1.09%, 14, 0, 3, 165.44, 179375, 714
887, 0, 9, 75, 55, 9, 1.09%, 14, 0, 3, 195.86, 180319, 714
892, 0, 9, 75, 55, 9, 1.09%, 14, 0, 3, 221.04, 181522, 714
897, 0, 9, 75, 55, 9, 1.09%, 14, 0, 3, 224.58, 182726, 714
902, 0, 9, 75, 55, 9, 1.09%, 14, 0, 3, 165.25, 183568, 714
907, 0, 9, 75, 55, 9, 1.09%, 14, 0, 3, 201.39, 184570, 714
912, 0, 9, 75, 55, 9, 1.09%, 14, 0, 3, 212.67, 185678, 714
917, 0, 9, 75, 55, 9, 1.09%, 14, 0, 3, 208.07, 186718, 714
922, 0, 9, 75, 55, 9, 1.09%, 14, 0, 3, 220.15, 187886, 714
927, 0, 71, 75, 54, 8, 1.09%, 14, 0, 3, 161.59, 188749, 714
933, 0, 71, 75, 54, 8, 1.09%, 14, 0, 3, 111.18, 189256, 714
938, 0, 71, 75, 54, 8, 1.09%, 14, 0, 3, 98.25, 189749, 714
943, 0, 71, 75, 54, 8, 1.09%, 14, 0, 3, 98.47, 190251, 714
948, 0, 71, 75, 54, 8, 1.09%, 14, 0, 3, 124.97, 190851, 714
953, 0, 38, 75, 53, 7, 1.09%, 14, 0, 3, 188.98, 191916, 714
958, 0, 38, 75, 53, 7, 1.09%, 14, 0, 3, 225.38, 193079, 714
964, 0, 38, 75, 53, 7, 1.09%, 14, 0, 3, 213.62, 194191, 714
969, 0, 38, 75, 53, 7, 1.09%, 14, 0, 3, 193.06, 195089, 714
974, 0, 38, 75, 53, 7, 1.09%, 14, 0, 3, 168.04, 195983, 714
979, 0, 38, 75, 53, 7, 1.09%, 14, 0, 3, 191.93, 196913, 714
984, 0, 21, 75, 52, 6, 1.09%, 14, 0, 3, 193.58, 197845, 714
989, 0, 21, 75, 52, 6, 1.09%, 14, 0, 3, 211.19, 198963, 714
994, 0, 21, 75, 52, 6, 1.09%, 14, 0, 3, 206.93, 200023, 714
1000, 0, 21, 75, 52, 6, 1.09%, 14, 0, 3, 190.51, 200953, 714
1005, 0, 21, 75, 52, 6, 1.09%, 14, 0, 3, 186.93, 201988, 714
1010, 0, 21, 75, 52, 6, 1.09%, 14, 0, 3, 181.13, 202801, 714
1015, 0, 21, 75, 52, 6, 1.09%, 14, 0, 3, 209.18, 203895, 714
1020, 0, 21, 75, 52, 6, 1.09%, 14, 0, 3, 218.82, 204995, 714
1025, 0, 43, 75, 51, 5, 1.09%, 14, 0, 3, 224.88, 206142, 714
1030, 0, 43, 75, 51, 5, 1.09%, 14, 0, 3, 214.33, 207218, 714
1035, 0, 43, 75, 51, 5, 1.09%, 14, 0, 3, 180.98, 208113, 714
1040, 0, 43, 75, 51, 5, 1.09%, 14, 0, 3, 188.87, 209037, 714
1046, 0, 43, 75, 51, 5, 1.09%, 14, 0, 3, 190.42, 210048, 714
1051, 0, 43, 75, 51, 5, 1.09%, 14, 0, 3, 169.42, 210912, 714
1056, 0, 20, 75, 50, 4, 1.09%, 14, 0, 3, 203.95, 212020, 714
1061, 0, 20, 75, 50, 4, 1.09%, 14, 0, 3, 186.89, 213031, 714
1066, 0, 20, 75, 50, 4, 1.09%, 14, 0, 3, 195.14, 213961, 714
1071, 0, 20, 75, 50, 4, 1.09%, 14, 0, 3, 165.60, 214834, 714
1076, 0, 20, 75, 50, 4, 1.09%, 14, 0, 3, 209.35, 215880, 714
1081, 0, 25, 75, 49, 3, 1.09%, 14, 0, 3, 222.01, 217028, 714
1086, 0, 25, 75, 49, 3, 1.09%, 14, 0, 3, 231.86, 218258, 714
1092, 0, 25, 75, 49, 3, 1.09%, 14, 0, 3, 240.13, 219474, 714
1097, 0, 25, 75, 49, 3, 1.09%, 14, 0, 3, 214.42, 220522, 714
1102, 0, 25, 75, 49, 3, 1.09%, 14, 0, 3, 219.77, 221686, 714
1107, 0, 42, 75, 48, 2, 1.09%, 14, 0, 3, 220.19, 222810, 714
1112, 0, 42, 75, 48, 2, 1.09%, 15, 0, 3, 218.45, 223918, 714
1117, 0, 42, 75, 48, 2, 1.09%, 15, 0, 3, 203.41, 224942, 714
1122, 0, 42, 75, 48, 2, 1.09%, 15, 0, 3, 184.43, 225770, 714
1127, 0, 42, 75, 48, 2, 1.09%, 15, 0, 3, 196.73, 226760, 714
1132, 0, 42, 75, 48, 2, 1.09%, 15, 0, 3, 197.27, 227789, 714
1138, 0, 20, 75, 47, 1, 1.09%, 15, 0, 3, 199.53, 228838, 714
1143, 0, 20, 75, 47, 1, 1.09%, 15, 0, 3, 215.06, 229999, 714
1148, 0, 20, 75, 47, 1, 1.09%, 15, 0, 3, 207.85, 231047, 714
1153, 0, 20, 75, 47, 1, 1.09%, 15, 0, 3, 93.18, 231347, 714
1158, 0, 20, 75, 47, 1, 1.09%, 15, 0, 3, 183.75, 232396, 714
1163, 0, 20, 75, 47, 1, 1.09%, 15, 0, 3, 194.82, 233419, 714
1168, 0, 20, 75, 47, 1, 1.09%, 15, 0, 3, 165.12, 234193, 714
1173, 0, 41, 75, 47, 1, 1.09%, 15, 0, 3, 208.29, 235282, 714
1178, 0, 41, 75, 47, 1, 1.09%, 15, 0, 3, 204.23, 236362, 714
1183, 0, 41, 75, 47, 1, 1.09%, 15, 0, 3, 184.86, 237197, 714
1189, 0, 41, 75, 47, 1, 1.09%, 15, 0, 3, 212.55, 238330, 714
1194, 0, 41, 75, 47, 1, 1.09%, 15, 0, 3, 210.40, 239326, 714
1199, 0, 41, 75, 47, 1, 1.09%, 15, 0, 3, 170.85, 240167, 714
1204, 0, 5, 75, 46, 0, 1.09%, 15, 0, 3, 182.57, 241203, 714
1209, 0, 20, 75, 46, 0, 1.09%, 15, 0, 3, 187.62, 242105, 714
1214, 0, 20, 75, 46, 0, 1.09%, 15, 0, 3, 208.41, 243219, 714
1219, 0, 20, 75, 46, 0, 1.09%, 15, 0, 3, 198.78, 244243, 714
1224, 0, 20, 75, 46, 0, 1.09%, 15, 0, 3, 215.92, 245296, 714
1229, 0, 20, 75, 46, 0, 1.09%, 15, 0, 3, 217.28, 246401, 714
