# relative_time, cycles_done, cur_item, corpus_count, pending_total, pending_favs, map_size, saved_crashes, saved_hangs, max_depth, execs_per_sec, total_execs, edges_found
61, 0, 13, 36, 21, 0, 1.22%, 0, 0, 3, 178.91, 11227, 801
66, 0, 13, 38, 23, 0, 1.22%, 0, 0, 3, 156.33, 11963, 801
71, 0, 32, 39, 24, 0, 1.22%, 0, 0, 4, 242.50, 13304, 801
76, 0, 32, 39, 24, 0, 1.22%, 0, 0, 4, 269.06, 14685, 801
81, 0, 1, 39, 24, 0, 1.22%, 0, 0, 4, 279.44, 16140, 801
86, 0, 32, 40, 25, 0, 1.22%, 0, 0, 4, 266.39, 17476, 801
91, 1, 31, 40, 25, 0, 1.22%, 0, 0, 4, 277.01, 18930, 801
96, 1, 10, 40, 25, 0, 1.22%, 0, 0, 4, 274.08, 20329, 801
101, 1, 10, 40, 25, 0, 1.22%, 0, 0, 4, 227.87, 21508, 801
107, 1, 31, 40, 24, 0, 1.22%, 0, 0, 4, 254.82, 22857, 801
112, 1, 31, 40, 24, 0, 1.22%, 0, 0, 4, 272.94, 24286, 801
117, 2, 31, 40, 24, 0, 1.22%, 0, 0, 4, 282.57, 25749, 801
122, 2, 31, 40, 24, 0, 1.22%, 0, 0, 4, 288.57, 27199, 801
127, 2, 32, 40, 24, 0, 1.22%, 0, 0, 4, 277.02, 28642, 801
132, 2, 30, 41, 24, 0, 1.22%, 0, 0, 4, 276.42, 30049, 801
137, 3, 28, 41, 24, 0, 1.22%, 0, 0, 4, 278.60, 31453, 801
142, 3, 30, 41, 24, 0, 1.22%, 0, 0, 4, 268.79, 32791, 801
147, 3, 32, 41, 24, 0, 1.22%, 0, 0, 4, 268.55, 34156, 801
152, 3, 32, 41, 24, 0, 1.22%, 0, 0, 4, 263.47, 35484, 801
157, 3, 30, 41, 23, 0, 1.22%, 0, 0, 4, 271.72, 36844, 801
162, 4, 32, 41, 23, 0, 1.22%, 0, 0, 4, 275.20, 38246, 801
167, 4, 32, 41, 23, 0, 1.22%, 0, 0, 4, 267.39, 39574, 801
172, 4, 1, 41, 23, 0, 1.22%, 0, 0, 4, 276.01, 40979, 801
178, 4, 32, 41, 23, 0, 1.22%, 0, 0, 4, 278.74, 42404, 801
183, 5, 32, 41, 23, 0, 1.22%, 0, 0, 4, 269.45, 43792, 801
188, 5, 30, 41, 23, 0, 1.22%, 0, 0, 4, 269.25, 45134, 801
193, 5, 30, 41, 23, 0, 1.22%, 0, 0, 4, 278.65, 46554, 801
198, 5, 10, 41, 22, 0, 1.22%, 0, 0, 4, 249.61, 47762, 801
203, 5, 32, 41, 22, 0, 1.22%, 0, 0, 4, 282.65, 49189, 801
208, 6, 32, 41, 22, 0, 1.22%, 0, 0, 4, 285.45, 50621, 801
213, 6, 32, 41, 22, 0, 1.22%, 0, 0, 4, 273.63, 51999, 801
218, 6, 32, 41, 22, 0, 1.22%, 0, 0, 4, 269.80, 53367, 801
223, 6, 32, 41, 22, 0, 1.22%, 0, 0, 4, 266.12, 54705, 801
228, 6, 32, 41, 22, 0, 1.22%, 0, 0, 4, 266.85, 56058, 801
233, 7, 10, 41, 22, 0, 1.22%, 0, 0, 4, 279.64, 57550, 801
238, 7, 32, 41, 22, 0, 1.22%, 0, 0, 4, 274.22, 58963, 801
243, 7, 32, 41, 22, 0, 1.22%, 0, 0, 4, 277.03, 60347, 801
248, 7, 32, 41, 22, 0, 1.22%, 0, 0, 4, 270.05, 61694, 801
253, 8, 30, 41, 22, 0, 1.22%, 0, 0, 4, 282.60, 63128, 801
259, 8, 30, 41, 21, 0, 1.22%, 0, 0, 4, 272.23, 64489, 801
264, 8, 35, 42, 22, 0, 1.22%, 0, 0, 4, 234.76, 65686, 802
269, 8, 41, 43, 23, 1, 1.22%, 0, 0, 5, 146.30, 66305, 802
274, 8, 41, 44, 24, 1, 1.22%, 0, 0, 5, 116.67, 66866, 802
279, 8, 41, 44, 24, 1, 1.22%, 0, 0, 5, 124.44, 67492, 802
284, 8, 32, 44, 23, 1, 1.22%, 0, 0, 5, 205.02, 68482, 802
290, 8, 32, 44, 23, 1, 1.22%, 0, 0, 5, 254.30, 69861, 802
295, 9, 42, 44, 23, 1, 1.22%, 0, 0, 5, 223.22, 71005, 802
300, 9, 30, 44, 22, 0, 1.22%, 0, 0, 5, 234.63, 72049, 802
305, 9, 30, 44, 22, 0, 1.22%, 0, 0, 5, 273.95, 73449, 802
310, 9, 32, 44, 21, 0, 1.22%, 0, 0, 5, 266.46, 74808, 802
315, 9, 32, 44, 21, 0, 1.22%, 0, 0, 5, 266.69, 76190, 802
320, 9, 30, 44, 21, 0, 1.22%, 0, 0, 5, 281.09, 77662, 802
325, 10, 32, 44, 21, 0, 1.22%, 0, 0, 5, 277.60, 79119, 802
331, 10, 10, 44, 21, 0, 1.22%, 0, 0, 5, 268.53, 80511, 802
336, 10, 30, 44, 21, 0, 1.22%, 0, 0, 5, 265.46, 81857, 802
341, 10, 21, 44, 21, 0, 1.22%, 0, 0, 5, 260.04, 83214, 802
346, 10, 30, 44, 20, 0, 1.22%, 0, 0, 5, 285.92, 84652, 802
351, 10, 32, 44, 20, 0, 1.22%, 0, 0, 5, 259.64, 85921, 802
356, 11, 32, 44, 20, 0, 1.22%, 0, 0, 5, 262.21, 87240, 802
361, 11, 30, 44, 20, 0, 1.22%, 0, 0, 5, 266.40, 88543, 802
366, 11, 32, 44, 20, 0, 1.22%, 0, 0, 5, 279.09, 89960, 802
371, 11, 32, 44, 20, 0, 1.22%, 0, 0, 5, 268.30, 91333, 802
376, 11, 32, 44, 20, 0, 1.22%, 0, 0, 5, 276.08, 92760, 802
381, 12, 30, 44, 20, 0, 1.22%, 0, 0, 5, 281.98, 94169, 802
386, 12, 28, 46, 22, 0, 1.23%, 0, 0, 5, 268.98, 95522, 803
391, 12, 28, 46, 22, 0, 1.23%, 0, 0, 5, 267.18, 96867, 803
397, 12, 45, 46, 21, 0, 1.23%, 0, 0, 5, 263.10, 98214, 803
402, 12, 32, 46, 21, 0, 1.23%, 0, 0, 5, 263.79, 99546, 803
407, 12, 45, 46, 21, 0, 1.23%, 0, 0, 5, 268.94, 100899, 803
412, 12, 10, 46, 21, 0, 1.23%, 0, 0, 5, 276.47, 102299, 803
417, 12, 45, 46, 21, 0, 1.23%, 0, 0, 5, 266.94, 103638, 803
422, 12, 30, 46, 21, 0, 1.23%, 0, 0, 5, 268.69, 105016, 803
427, 12, 30, 46, 21, 0, 1.23%, 0, 0, 5, 269.75, 106382, 803
432, 12, 45, 46, 20, 0, 1.23%, 0, 0, 5, 263.50, 107691, 803
437, 12, 30, 46, 20, 0, 1.23%, 0, 0, 5, 269.28, 109089, 803
442, 12, 45, 46, 20, 0, 1.23%, 0, 0, 5, 266.34, 110430, 803
447, 12, 30, 46, 20, 0, 1.23%, 0, 0, 5, 271.97, 111828, 803
452, 12, 45, 46, 20, 0, 1.23%, 0, 0, 5, 267.20, 113210, 803
457, 13, 45, 46, 20, 0, 1.23%, 0, 0, 5, 268.99, 114563, 803
462, 13, 45, 46, 20, 0, 1.23%, 0, 0, 5, 273.85, 115930, 803
468, 13, 45, 46, 20, 0, 1.23%, 0, 0, 5, 264.98, 117256, 803
473, 13, 30, 46, 20, 0, 1.23%, 0, 0, 5, 275.01, 118655, 803
478, 13, 45, 46, 20, 0, 1.23%, 0, 0, 5, 272.24, 120079, 803
483, 13, 45, 46, 20, 0, 1.23%, 0, 0, 5, 265.61, 121401, 803
488, 13, 45, 46, 20, 0, 1.23%, 0, 0, 5, 269.97, 122808, 803
493, 13, 11, 46, 20, 0, 1.23%, 0, 0, 5, 260.30, 124120, 803
498, 13, 1, 46, 20, 0, 1.23%, 0, 0, 5, 285.15, 125543, 803
503, 13, 45, 46, 20, 0, 1.23%, 0, 0, 5, 275.00, 126914, 803
508, 14, 30, 46, 20, 0, 1.23%, 0, 0, 5, 264.62, 128236, 803
513, 14, 45, 46, 20, 0, 1.23%, 0, 0, 5, 264.28, 129618, 803
518, 14, 35, 46, 20, 0, 1.23%, 0, 0, 5, 250.68, 130917, 803
524, 14, 45, 46, 20, 0, 1.23%, 0, 0, 5, 252.44, 132185, 803
529, 14, 30, 46, 20, 0, 1.23%, 0, 0, 5, 263.36, 133505, 803
534, 14, 30, 46, 20, 0, 1.23%, 0, 0, 5, 272.87, 134842, 803
539, 14, 45, 46, 20, 0, 1.23%, 0, 0, 5, 272.17, 136219, 803
544, 14, 32, 46, 20, 0, 1.23%, 0, 0, 5, 263.77, 137521, 803
549, 14, 45, 46, 20, 0, 1.23%, 0, 0, 5, 264.14, 138850, 803
554, 14, 45, 46, 20, 0, 1.23%, 0, 0, 5, 269.92, 140229, 803
559, 14, 45, 46, 20, 0, 1.23%, 0, 0, 5, 266.38, 141571, 803
564, 14, 45, 46, 20, 0, 1.23%, 0, 0, 5, 262.91, 142883, 803
569, 14, 45, 46, 20, 0, 1.23%, 0, 0, 5, 272.83, 144244, 803
574, 15, 10, 46, 20, 0, 1.23%, 0, 0, 5, 278.88, 145693, 803
579, 15, 45, 46, 20, 0, 1.23%, 0, 0, 5, 268.88, 147029, 803
584, 15, 42, 46, 20, 0, 1.23%, 0, 0, 5, 232.09, 148239, 803
589, 15, 45, 46, 20, 0, 1.23%, 0, 0, 5, 260.35, 149567, 803
594, 15, 11, 46, 20, 0, 1.23%, 0, 0, 5, 274.34, 150958, 803
600, 15, 32, 46, 20, 0, 1.23%, 0, 0, 5, 271.01, 152363, 803
605, 15, 45, 46, 20, 0, 1.23%, 0, 0, 5, 274.39, 153739, 803
610, 15, 45, 46, 20, 0, 1.23%, 0, 0, 5, 273.22, 155163, 803
615, 15, 45, 46, 20, 0, 1.23%, 0, 0, 5, 271.10, 156558, 803
620, 15, 30, 46, 20, 0, 1.23%, 0, 0, 5, 267.36, 157896, 803
625, 15, 13, 46, 20, 0, 1.23%, 0, 0, 5, 237.40, 159177, 803
630, 15, 45, 46, 20, 0, 1.23%, 0, 0, 5, 262.27, 160514, 803
635, 16, 30, 46, 20, 0, 1.23%, 0, 0, 5, 276.99, 161912, 803
640, 16, 45, 46, 20, 0, 1.23%, 0, 0, 5, 263.68, 163278, 803
646, 16, 45, 46, 20, 0, 1.23%, 0, 0, 5, 268.72, 164681, 803
651, 16, 45, 46, 20, 0, 1.23%, 0, 0, 5, 264.77, 166013, 803
656, 16, 30, 46, 20, 0, 1.23%, 0, 0, 5, 266.49, 167361, 803
661, 16, 30, 46, 20, 0, 1.23%, 0, 0, 5, 275.93, 168792, 803
666, 16, 45, 46, 20, 0, 1.23%, 0, 0, 5, 272.23, 170215, 803
671, 16, 45, 46, 20, 0, 1.23%, 0, 0, 5, 269.39, 171615, 803
676, 16, 45, 46, 20, 0, 1.23%, 0, 0, 5, 277.08, 173048, 803
682, 16, 45, 46, 20, 0, 1.23%, 0, 0, 5, 256.46, 174405, 803
687, 17, 45, 47, 21, 0, 1.23%, 0, 0, 5, 257.57, 175734, 804
692, 17, 46, 48, 22, 1, 1.23%, 0, 0, 5, 226.09, 176897, 804
697, 17, 46, 49, 23, 1, 1.23%, 0, 0, 5, 137.30, 177479, 804
702, 17, 46, 50, 24, 1, 1.23%, 0, 0, 5, 127.87, 178119, 804
707, 17, 46, 50, 24, 1, 1.23%, 0, 0, 5, 124.98, 178761, 804
713, 17, 46, 50, 24, 1, 1.23%, 0, 0, 5, 121.23, 179397, 804
718, 17, 46, 50, 24, 1, 1.23%, 0, 0, 5, 117.79, 180017, 804
723, 17, 30, 50, 23, 0, 1.23%, 0, 0, 5, 232.86, 181279, 804
728, 17, 45, 50, 23, 0, 1.23%, 0, 0, 5, 274.30, 182788, 804
733, 17, 45, 50, 23, 0, 1.23%, 0, 0, 5, 282.37, 184200, 804
738, 17, 45, 50, 23, 0, 1.23%, 0, 0, 5, 275.67, 185616, 804
743, 17, 30, 50, 23, 0, 1.23%, 0, 0, 5, 279.57, 187000, 804
748, 18, 11, 50, 23, 0, 1.23%, 0, 0, 5, 274.38, 188406, 804
753, 18, 45, 50, 23, 0, 1.23%, 0, 0, 5, 273.79, 189763, 804
758, 18, 14, 50, 23, 0, 1.23%, 0, 0, 5, 281.46, 191260, 804
764, 18, 30, 50, 22, 0, 1.23%, 0, 0, 5, 279.82, 192702, 804
769, 18, 30, 50, 22, 0, 1.23%, 0, 0, 5, 280.41, 194095, 804
774, 18, 45, 50, 22, 0, 1.23%, 0, 0, 5, 268.55, 195449, 804
779, 19, 38, 50, 22, 0, 1.23%, 0, 0, 5, 290.44, 196925, 804
784, 19, 10, 50, 21, 0, 1.23%, 0, 0, 5, 270.16, 198308, 804
789, 19, 10, 50, 21, 0, 1.23%, 0, 0, 5, 266.38, 199668, 804
794, 19, 30, 50, 21, 0, 1.23%, 0, 0, 5, 268.48, 201034, 804
799, 19, 30, 50, 21, 0, 1.23%, 0, 0, 5, 274.45, 202410, 804
804, 19, 32, 50, 21, 0, 1.23%, 0, 0, 5, 278.02, 203847, 804
809, 19, 28, 50, 21, 0, 1.23%, 0, 0, 5, 266.40, 205165, 804
814, 20, 45, 50, 21, 0, 1.23%, 0, 0, 5, 276.82, 206603, 804
819, 20, 30, 50, 21, 0, 1.23%, 0, 0, 5, 271.74, 207986, 804
824, 20, 30, 50, 21, 0, 1.23%, 0, 0, 5, 281.83, 209419, 804
829, 20, 45, 50, 21, 0, 1.23%, 0, 0, 5, 274.23, 210794, 804
834, 20, 45, 50, 21, 0, 1.23%, 0, 0, 5, 275.13, 212169, 804
840, 20, 1, 50, 21, 0, 1.23%, 0, 0, 5, 278.08, 213633, 804
845, 21, 45, 50, 21, 0, 1.23%, 0, 0, 5, 279.91, 215055, 804
850, 21, 10, 50, 21, 0, 1.23%, 0, 0, 5, 271.97, 216432, 804
855, 21, 30, 50, 21, 0, 1.23%, 0, 0, 5, 275.64, 217884, 804
860, 21, 30, 50, 21, 0, 1.23%, 0, 0, 5, 211.45, 218881, 804
865, 21, 45, 50, 21, 0, 1.23%, 0, 0, 5, 277.00, 220415, 804
870, 21, 30, 50, 21, 0, 1.23%, 0, 0, 5, 283.92, 221844, 804
875, 22, 46, 50, 21, 0, 1.23%, 0, 0, 5, 272.95, 223308, 804
881, 22, 45, 50, 21, 0, 1.23%, 0, 0, 5, 229.12, 224249, 804
886, 22, 45, 50, 21, 0, 1.23%, 0, 0, 5, 262.92, 225609, 804
891, 22, 30, 50, 21, 0, 1.23%, 0, 0, 5, 270.31, 226954, 804
896, 22, 30, 50, 20, 0, 1.23%, 0, 0, 5, 276.03, 228348, 804
901, 22, 45, 50, 20, 0, 1.23%, 0, 0, 5, 279.72, 229753, 804
906, 23, 30, 50, 20, 0, 1.23%, 0, 0, 5, 276.01, 231139, 804
911, 23, 6, 50, 20, 0, 1.23%, 0, 0, 5, 277.02, 232524, 804
916, 23, 45, 50, 20, 0, 1.23%, 0, 0, 5, 274.70, 233930, 804
921, 23, 46, 50, 19, 0, 1.23%, 0, 0, 5, 228.49, 235126, 804
926, 23, 30, 50, 19, 0, 1.23%, 0, 0, 5, 277.32, 236620, 804
931, 23, 28, 50, 19, 0, 1.23%, 0, 0, 5, 283.21, 238048, 804
936, 23, 5, 50, 19, 0, 1.23%, 0, 0, 5, 266.21, 239386, 804
941, 24, 30, 50, 19, 0, 1.23%, 0, 0, 5, 263.79, 240663, 804
947, 24, 10, 50, 19, 0, 1.23%, 0, 0, 5, 269.43, 242090, 804
952, 24, 45, 50, 19, 0, 1.23%, 0, 0, 5, 280.25, 243543, 804
957, 24, 45, 50, 19, 0, 1.23%, 0, 0, 5, 276.72, 244934, 804
962, 24, 30, 50, 19, 0, 1.23%, 0, 0, 5, 271.59, 246307, 804
967, 24, 45, 50, 19, 0, 1.23%, 0, 0, 5, 276.61, 247714, 804
972, 24, 45, 50, 19, 0, 1.23%, 0, 0, 5, 263.54, 249039, 804
977, 25, 45, 50, 19, 0, 1.23%, 0, 0, 5, 279.02, 250479, 804
982, 25, 45, 50, 19, 0, 1.23%, 0, 0, 5, 258.71, 251777, 804
987, 25, 30, 50, 19, 0, 1.23%, 0, 0, 5, 273.61, 253197, 804
992, 25, 45, 50, 19, 0, 1.23%, 0, 0, 5, 280.29, 254618, 804
998, 25, 30, 50, 19, 0, 1.23%, 0, 0, 5, 277.74, 256068, 804
1003, 26, 1, 50, 19, 0, 1.23%, 0, 0, 5, 268.57, 257413, 804
1008, 26, 6, 50, 19, 0, 1.23%, 0, 0, 5, 271.12, 258846, 804
1013, 26, 45, 50, 19, 0, 1.23%, 0, 0, 5, 286.55, 260332, 804
1018, 26, 10, 50, 19, 0, 1.23%, 0, 0, 5, 259.82, 261584, 804
1023, 26, 30, 50, 19, 0, 1.23%, 0, 0, 5, 274.43, 263006, 804
1028, 26, 45, 50, 19, 0, 1.23%, 0, 0, 5, 280.88, 264436, 804
1033, 27, 6, 50, 19, 0, 1.23%, 0, 0, 5, 273.50, 265782, 804
1038, 27, 28, 50, 19, 0, 1.23%, 0, 0, 5, 267.84, 267124, 804
1043, 27, 45, 50, 19, 0, 1.23%, 0, 0, 5, 267.98, 268483, 804
1048, 27, 45, 50, 19, 0, 1.23%, 0, 0, 5, 265.54, 269830, 804
1053, 27, 45, 50, 19, 0, 1.23%, 0, 0, 5, 272.21, 271238, 804
1058, 27, 45, 50, 19, 0, 1.23%, 0, 0, 5, 273.39, 272635, 804
1064, 28, 45, 50, 19, 0, 1.23%, 0, 0, 5, 268.19, 273993, 804
1069, 28, 45, 50, 19, 0, 1.23%, 0, 0, 5, 269.33, 275364, 804
1074, 28, 30, 50, 19, 0, 1.23%, 0, 0, 5, 277.32, 276744, 804
1079, 28, 45, 50, 19, 0, 1.23%, 0, 0, 5, 270.83, 278137, 804
1084, 28, 30, 50, 19, 0, 1.23%, 0, 0, 5, 277.12, 279538, 804
1089, 28, 10, 50, 19, 0, 1.23%, 0, 0, 5, 239.73, 280654, 804
1094, 28, 6, 50, 19, 0, 1.23%, 0, 0, 5, 265.49, 282083, 804
1099, 29, 45, 50, 19, 0, 1.23%, 0, 0, 5, 275.66, 283484, 804
1104, 29, 1, 50, 19, 0, 1.23%, 0, 0, 5, 283.13, 284965, 804
1109, 29, 30, 50, 19, 0, 1.23%, 0, 0, 5, 245.27, 286236, 804
1115, 29, 10, 50, 19, 0, 1.23%, 0, 0, 5, 261.71, 287627, 804
1120, 29, 30, 50, 19, 0, 1.23%, 0, 0, 5, 259.12, 288944, 804
1125, 29, 30, 50, 19, 0, 1.23%, 0, 0, 5, 276.92, 290343, 804
1130, 29, 45, 50, 18, 0, 1.23%, 0, 0, 5, 250.30, 291526, 804
1135, 29, 11, 50, 18, 0, 1.23%, 0, 0, 5, 263.35, 292945, 804
1140, 30, 30, 50, 18, 0, 1.23%, 0, 0, 5, 279.61, 294382, 804
1145, 30, 30, 50, 18, 0, 1.23%, 0, 0, 5, 273.58, 295740, 804
1150, 30, 30, 50, 18, 0, 1.23%, 0, 0, 5, 281.52, 297181, 804
1155, 30, 45, 50, 18, 0, 1.23%, 0, 0, 5, 267.87, 298526, 804
1160, 30, 30, 50, 18, 0, 1.23%, 0, 0, 5, 290.46, 300009, 804
1165, 30, 45, 50, 18, 0, 1.23%, 0, 0, 5, 279.10, 301412, 804
1170, 31, 30, 50, 18, 0, 1.23%, 0, 0, 5, 281.27, 302872, 804
1176, 31, 45, 50, 18, 0, 1.23%, 0, 0, 5, 285.24, 304360, 804
1181, 31, 45, 50, 18, 0, 1.23%, 0, 0, 5, 264.98, 305678, 804
1186, 31, 45, 50, 18, 0, 1.23%, 0, 0, 5, 270.71, 307111, 804
1191, 31, 45, 50, 18, 0, 1.23%, 0, 0, 5, 274.85, 308505, 804
1196, 31, 45, 50, 18, 0, 1.23%, 0, 0, 5, 254.37, 309825, 804
1201, 32, 45, 50, 18, 0, 1.23%, 0, 0, 5, 272.10, 311263, 804
1206, 32, 30, 50, 18, 0, 1.23%, 0, 0, 5, 290.11, 312770, 804
1211, 32, 30, 50, 18, 0, 1.23%, 0, 0, 5, 285.01, 314210, 804
1217, 32, 30, 50, 18, 0, 1.23%, 0, 0, 5, 274.90, 315649, 804
1222, 32, 30, 50, 18, 0, 1.23%, 0, 0, 5, 270.41, 317070, 804
1227, 32, 45, 50, 18, 0, 1.23%, 0, 0, 5, 272.09, 318448, 804
1232, 33, 45, 50, 18, 0, 1.23%, 0, 0, 5, 280.05, 319921, 804
1237, 33, 5, 50, 18, 0, 1.23%, 0, 0, 5, 244.55, 321207, 804
1242, 33, 11, 50, 18, 0, 1.23%, 0, 0, 5, 282.76, 322722, 804
1247, 33, 45, 50, 18, 0, 1.23%, 0, 0, 5, 267.46, 324042, 804
1252, 33, 45, 50, 18, 0, 1.23%, 0, 0, 5, 280.51, 325474, 804
1257, 34, 45, 50, 18, 0, 1.23%, 0, 0, 5, 279.83, 326876, 804
1262, 34, 45, 50, 18, 0, 1.23%, 0, 0, 5, 271.96, 328236, 804
1267, 34, 30, 50, 18, 0, 1.23%, 0, 0, 5, 270.11, 329586, 804
1273, 34, 1, 50, 18, 0, 1.23%, 0, 0, 5, 271.37, 330994, 804
1278, 34, 30, 50, 18, 0, 1.23%, 0, 0, 5, 282.24, 332483, 804
1283, 34, 11, 50, 18, 0, 1.23%, 0, 0, 5, 280.46, 333977, 804
1288, 35, 30, 50, 18, 0, 1.23%, 0, 0, 5, 291.59, 335440, 804
1293, 35, 45, 50, 18, 0, 1.23%, 0, 0, 5, 284.09, 336926, 804
1298, 35, 46, 50, 18, 0, 1.23%, 0, 0, 5, 266.93, 338304, 804
1303, 35, 45, 50, 18, 0, 1.23%, 0, 0, 5, 264.17, 339576, 804
1309, 35, 11, 50, 18, 0, 1.23%, 0, 0, 5, 266.33, 340960, 804
1314, 35, 45, 50, 18, 0, 1.23%, 0, 0, 5, 274.24, 342368, 804
1319, 35, 45, 50, 18, 0, 1.23%, 0, 0, 5, 267.22, 343752, 804
1324, 36, 10, 50, 18, 0, 1.23%, 0, 0, 5, 268.61, 345155, 804
1329, 36, 45, 50, 18, 0, 1.23%, 0, 0, 5, 271.25, 346533, 804
1334, 36, 45, 50, 18, 0, 1.23%, 0, 0, 5, 290.41, 347982, 804
1339, 36, 30, 50, 18, 0, 1.23%, 0, 0, 5, 292.07, 349430, 804
1344, 36, 45, 50, 17, 0, 1.23%, 0, 0, 5, 281.24, 350845, 804
1349, 36, 6, 50, 17, 0, 1.23%, 0, 0, 5, 295.54, 352415, 804
1354, 36, 30, 50, 17, 0, 1.23%, 0, 0, 5, 282.40, 353790, 804
1359, 37, 45, 50, 17, 0, 1.23%, 0, 0, 5, 272.81, 355168, 804
1365, 37, 30, 50, 17, 0, 1.23%, 0, 0, 5, 295.31, 356720, 804
1370, 37, 30, 50, 17, 0, 1.23%, 0, 0, 5, 283.20, 358123, 804
1375, 37, 10, 50, 17, 0, 1.23%, 0, 0, 5, 262.79, 359499, 804
1380, 37, 30, 50, 17, 0, 1.23%, 0, 0, 5, 274.48, 360869, 804
1385, 37, 11, 50, 17, 0, 1.23%, 0, 0, 5, 265.38, 362213, 804
1390, 38, 32, 50, 17, 0, 1.23%, 0, 0, 5, 237.35, 363395, 804
1395, 38, 45, 50, 17, 0, 1.23%, 0, 0, 5, 268.83, 364800, 804
1400, 38, 45, 50, 17, 0, 1.23%, 0, 0, 5, 272.69, 366217, 804
1405, 38, 46, 50, 17, 0, 1.23%, 0, 0, 5, 267.78, 367631, 804
1410, 38, 45, 50, 17, 0, 1.23%, 0, 0, 5, 264.26, 368953, 804
1415, 38, 30, 50, 17, 0, 1.23%, 0, 0, 5, 275.18, 370335, 804
1420, 39, 1, 50, 17, 0, 1.23%, 0, 0, 5, 279.81, 371767, 804
1425, 39, 45, 50, 17, 0, 1.23%, 0, 0, 5, 284.19, 373180, 804
1431, 39, 30, 50, 17, 0, 1.23%, 0, 0, 5, 277.40, 374617, 804
1436, 39, 45, 50, 17, 0, 1.23%, 0, 0, 5, 295.60, 376174, 804
1441, 39, 5, 50, 17, 0, 1.23%, 0, 0, 5, 258.87, 377496, 804
1446, 39, 45, 50, 17, 0, 1.23%, 0, 0, 5, 277.31, 378878, 804
1451, 40, 45, 50, 17, 0, 1.23%, 0, 0, 5, 270.96, 380230, 804
1456, 40, 10, 50, 17, 0, 1.23%, 0, 0, 5, 277.31, 381648, 804
1461, 40, 45, 50, 17, 0, 1.23%, 0, 0, 5, 269.71, 383025, 804
1466, 40, 45, 50, 17, 0, 1.23%, 0, 0, 5, 261.18, 384331, 804
1471, 40, 45, 50, 17, 0, 1.23%, 0, 0, 5, 262.79, 385656, 804
1477, 40, 45, 50, 17, 0, 1.23%, 0, 0, 5, 251.81, 386944, 804
1482, 40, 45, 50, 17, 0, 1.23%, 0, 0, 5, 284.26, 388411, 804
1487, 41, 30, 50, 17, 0, 1.23%, 0, 0, 5, 286.66, 389895, 804
1492, 41, 45, 50, 17, 0, 1.23%, 0, 0, 5, 290.11, 391417, 804
1497, 41, 45, 50, 17, 0, 1.23%, 0, 0, 5, 289.47, 392875, 804
1502, 41, 45, 50, 17, 0, 1.23%, 0, 0, 5, 282.43, 394284, 804
1507, 41, 45, 51, 18, 0, 1.23%, 0, 0, 5, 274.71, 395645, 804
1512, 42, 28, 51, 18, 0, 1.23%, 0, 0, 5, 271.63, 396998, 804
1517, 42, 45, 51, 18, 0, 1.23%, 0, 0, 5, 277.82, 398427, 804
1522, 42, 1, 51, 18, 0, 1.23%, 0, 0, 5, 277.04, 399842, 804
1528, 42, 30, 51, 18, 0, 1.23%, 0, 0, 5, 285.04, 401319, 804
1533, 42, 30, 51, 18, 0, 1.23%, 0, 0, 5, 289.33, 402826, 804
1538, 42, 10, 51, 18, 0, 1.23%, 0, 0, 5, 276.52, 404205, 804
1543, 42, 45, 51, 18, 0, 1.23%, 0, 0, 5, 272.68, 405632, 804
1548, 42, 45, 51, 18, 0, 1.23%, 0, 0, 5, 269.37, 406976, 804
1553, 43, 2, 51, 18, 0, 1.23%, 0, 0, 5, 277.98, 408363, 804
1558, 43, 10, 51, 18, 0, 1.23%, 0, 0, 5, 274.00, 409793, 804
1563, 43, 45, 51, 18, 0, 1.23%, 0, 0, 5, 274.09, 411163, 804
1568, 43, 6, 51, 18, 0, 1.23%, 0, 0, 5, 285.63, 412608, 804
1573, 43, 30, 51, 18, 0, 1.23%, 0, 0, 5, 288.31, 414066, 804
1579, 43, 2, 51, 18, 0, 1.23%, 0, 0, 5, 283.64, 415566, 804
1584, 44, 30, 51, 18, 0, 1.23%, 0, 0, 5, 277.75, 416935, 804
1589, 44, 45, 51, 18, 0, 1.23%, 0, 0, 5, 285.71, 418456, 804
1594, 44, 45, 51, 18, 0, 1.23%, 0, 0, 5, 240.55, 419699, 804
1599, 44, 1, 51, 18, 0, 1.23%, 0, 0, 5, 290.17, 421228, 804
1604, 44, 30, 51, 18, 0, 1.23%, 0, 0, 5, 295.94, 422724, 804
1609, 45, 45, 51, 18, 0, 1.23%, 0, 0, 5, 249.51, 424001, 804
1614, 45, 30, 51, 18, 0, 1.23%, 0, 0, 5, 268.79, 425378, 804
1619, 45, 45, 51, 18, 0, 1.23%, 0, 0, 5, 299.15, 426959, 804
1625, 45, 30, 51, 18, 0, 1.23%, 0, 0, 5, 295.72, 428419, 804
1630, 45, 30, 51, 18, 0, 1.23%, 0, 0, 5, 284.18, 429865, 804
1635, 45, 28, 51, 18, 0, 1.23%, 0, 0, 5, 285.19, 431292, 804
1640, 46, 45, 51, 18, 0, 1.23%, 0, 0, 5, 279.30, 432717, 804
1645, 46, 45, 51, 18, 0, 1.23%, 0, 0, 5, 286.87, 434219, 804
1650, 46, 30, 51, 18, 0, 1.23%, 0, 0, 5, 301.08, 435779, 804
1655, 46, 10, 51, 18, 0, 1.23%, 0, 0, 5, 277.59, 437157, 804
1661, 46, 30, 51, 18, 0, 1.23%, 0, 0, 5, 288.25, 438643, 804
1666, 46, 45, 51, 18, 0, 1.23%, 0, 0, 5, 258.73, 439869, 804
1671, 47, 30, 51, 18, 0, 1.23%, 0, 0, 5, 286.56, 441366, 804
1676, 47, 30, 51, 18, 0, 1.23%, 0, 0, 5, 284.26, 442790, 804
1681, 47, 45, 51, 18, 0, 1.23%, 0, 0, 5, 283.62, 444213, 804
1686, 47, 45, 51, 18, 0, 1.23%, 0, 0, 5, 274.22, 445519, 804
1691, 47, 45, 51, 18, 0, 1.23%, 0, 0, 5, 278.99, 446994, 804
1696, 48, 32, 51, 17, 0, 1.23%, 0, 0, 5, 207.10, 447953, 804
1701, 48, 28, 51, 17, 0, 1.23%, 0, 0, 5, 255.38, 449379, 804
1707, 48, 45, 51, 17, 0, 1.23%, 0, 0, 5, 261.03, 450765, 804
1712, 48, 45, 51, 17, 0, 1.23%, 0, 0, 5, 271.44, 452179, 804
1717, 48, 30, 51, 17, 0, 1.23%, 0, 0, 5, 277.38, 453589, 804
1722, 48, 30, 51, 17, 0, 1.23%, 0, 0, 5, 273.81, 454961, 804
1727, 48, 45, 51, 17, 0, 1.23%, 0, 0, 5, 265.33, 456290, 804
1732, 49, 30, 51, 17, 0, 1.23%, 0, 0, 5, 250.56, 457493, 804
1737, 49, 45, 51, 17, 0, 1.23%, 0, 0, 5, 272.73, 458933, 804
1742, 49, 45, 51, 17, 0, 1.23%, 0, 0, 5, 262.48, 460181, 804
1747, 49, 28, 51, 17, 0, 1.23%, 0, 0, 5, 259.96, 461388, 804
1752, 49, 30, 51, 17, 0, 1.23%, 0, 0, 5, 279.45, 462804, 804
1757, 49, 45, 51, 17, 0, 1.23%, 0, 0, 5, 270.99, 464224, 804
1763, 50, 30, 51, 17, 0, 1.23%, 0, 0, 5, 254.96, 465491, 804
1768, 50, 1, 51, 17, 0, 1.23%, 0, 0, 5, 265.39, 466866, 804
1773, 50, 6, 51, 17, 0, 1.23%, 0, 0, 5, 278.54, 468317, 804
1778, 50, 30, 51, 17, 0, 1.23%, 0, 0, 5, 278.17, 469744, 804
1783, 50, 45, 51, 17, 0, 1.23%, 0, 0, 5, 290.85, 471208, 804
1788, 50, 45, 51, 17, 0, 1.23%, 0, 0, 5, 272.32, 472572, 804
1793, 51, 30, 51, 17, 0, 1.23%, 0, 0, 5, 280.57, 474014, 804
1798, 51, 10, 51, 17, 0, 1.23%, 0, 0, 5, 274.68, 475374, 804
1803, 51, 30, 51, 17, 0, 1.23%, 0, 0, 5, 279.94, 476769, 804
1808, 51, 30, 51, 17, 0, 1.23%, 0, 0, 5, 290.28, 478263, 804
1813, 51, 45, 51, 17, 0, 1.23%, 0, 0, 5, 280.75, 479676, 804
1818, 51, 30, 51, 17, 0, 1.23%, 0, 0, 5, 285.91, 481090, 804
1823, 51, 45, 51, 17, 0, 1.23%, 0, 0, 5, 270.64, 482449, 804
1829, 52, 28, 51, 17, 0, 1.23%, 0, 0, 5, 273.87, 483854, 804
1834, 52, 30, 51, 17, 0, 1.23%, 0, 0, 5, 278.76, 485263, 804
1839, 52, 30, 51, 17, 0, 1.23%, 0, 0, 5, 286.34, 486768, 804
1844, 52, 30, 51, 17, 0, 1.23%, 0, 0, 5, 279.92, 488213, 804
1849, 52, 30, 51, 17, 0, 1.23%, 0, 0, 5, 267.80, 489588, 804
1854, 52, 45, 51, 17, 0, 1.23%, 0, 0, 5, 269.03, 491001, 804
1859, 53, 30, 51, 17, 0, 1.23%, 0, 0, 5, 285.57, 492496, 804
1865, 53, 45, 51, 17, 0, 1.23%, 0, 0, 5, 282.40, 493983, 804
1870, 53, 6, 51, 17, 0, 1.23%, 0, 0, 5, 268.62, 495332, 804
1875, 53, 30, 51, 17, 0, 1.23%, 0, 0, 5, 270.09, 496684, 804
1880, 53, 2, 51, 17, 0, 1.23%, 0, 0, 5, 295.65, 498188, 804
1885, 53, 50, 51, 17, 0, 1.23%, 0, 0, 5, 261.96, 499478, 804
1890, 53, 30, 51, 16, 0, 1.23%, 0, 0, 5, 288.17, 500931, 804
1895, 54, 30, 51, 16, 0, 1.23%, 0, 0, 5, 299.46, 502447, 804
1900, 54, 45, 51, 16, 0, 1.23%, 0, 0, 5, 276.26, 503865, 804
1905, 54, 45, 51, 16, 0, 1.23%, 0, 0, 5, 270.64, 505268, 804
1910, 54, 45, 51, 16, 0, 1.23%, 0, 0, 5, 275.61, 506703, 804
1916, 54, 30, 51, 16, 0, 1.23%, 0, 0, 5, 257.67, 508056, 804
1921, 54, 45, 51, 16, 0, 1.23%, 0, 0, 5, 272.62, 509461, 804
1926, 55, 45, 51, 16, 0, 1.23%, 0, 0, 5, 267.17, 510871, 804
1931, 55, 45, 51, 16, 0, 1.23%, 0, 0, 5, 268.99, 512259, 804
1936, 55, 30, 51, 15, 0, 1.23%, 0, 0, 5, 278.89, 513640, 804
1941, 55, 30, 51, 15, 0, 1.23%, 0, 0, 5, 278.21, 515031, 804
1946, 55, 30, 51, 15, 0, 1.23%, 0, 0, 5, 265.93, 516356, 804
1951, 55, 30, 51, 15, 0, 1.23%, 0, 0, 5, 275.76, 517733, 804
1956, 55, 39, 51, 15, 0, 1.23%, 0, 0, 5, 267.69, 519059, 804
1961, 55, 30, 51, 14, 0, 1.23%, 0, 0, 5, 277.33, 520456, 804
1966, 56, 13, 51, 14, 0, 1.23%, 0, 0, 5, 254.26, 521803, 804
1971, 56, 30, 51, 14, 0, 1.23%, 0, 0, 5, 272.93, 523154, 804
1977, 56, 30, 51, 14, 0, 1.23%, 0, 0, 5, 273.82, 524578, 804
1982, 56, 10, 51, 14, 0, 1.23%, 0, 0, 5, 274.79, 525982, 804
1987, 56, 45, 51, 14, 0, 1.23%, 0, 0, 5, 279.56, 527369, 804
1992, 56, 45, 51, 14, 0, 1.23%, 0, 0, 5, 266.43, 528688, 804
1997, 57, 30, 51, 14, 0, 1.23%, 0, 0, 5, 285.88, 530123, 804
2002, 57, 30, 51, 14, 0, 1.23%, 0, 0, 5, 277.98, 531478, 804
2007, 57, 45, 51, 14, 0, 1.23%, 0, 0, 5, 282.76, 532905, 804
2012, 57, 30, 51, 14, 0, 1.23%, 0, 0, 5, 276.59, 534273, 804
2017, 57, 30, 51, 14, 0, 1.23%, 0, 0, 5, 294.80, 535776, 804
2022, 57, 30, 51, 14, 0, 1.23%, 0, 0, 5, 275.41, 537126, 804
2027, 57, 39, 51, 14, 0, 1.23%, 0, 0, 5, 269.07, 538500, 804
2032, 58, 30, 51, 14, 0, 1.23%, 0, 0, 5, 281.20, 539897, 804
2037, 58, 45, 51, 14, 0, 1.23%, 0, 0, 5, 276.49, 541340, 804
2042, 58, 6, 51, 14, 0, 1.23%, 0, 0, 5, 273.27, 542719, 804
2047, 58, 2, 51, 14, 0, 1.23%, 0, 0, 5, 284.08, 544145, 804
2052, 58, 6, 51, 14, 0, 1.23%, 0, 0, 5, 271.01, 545535, 804
2057, 58, 6, 51, 14, 0, 1.23%, 0, 0, 5, 281.12, 547020, 804
2063, 58, 30, 51, 14, 0, 1.23%, 0, 0, 5, 284.91, 548487, 804
2068, 58, 30, 51, 14, 0, 1.23%, 0, 0, 5, 277.73, 549853, 804
2073, 59, 45, 51, 14, 0, 1.23%, 0, 0, 5, 283.99, 551295, 804
2078, 59, 45, 51, 14, 0, 1.23%, 0, 0, 5, 278.32, 552677, 804
2083, 59, 28, 51, 14, 0, 1.23%, 0, 0, 5, 269.59, 554045, 804
2088, 59, 45, 51, 14, 0, 1.23%, 0, 0, 5, 275.22, 555476, 804
2093, 59, 1, 51, 14, 0, 1.23%, 0, 0, 5, 264.70, 556778, 804
2098, 59, 45, 51, 14, 0, 1.23%, 0, 0, 5, 266.35, 558177, 804
2103, 60, 45, 51, 14, 0, 1.23%, 0, 0, 5, 261.46, 559501, 804
2108, 60, 30, 51, 14, 0, 1.23%, 0, 0, 5, 243.07, 560750, 804
2114, 60, 6, 51, 14, 0, 1.23%, 0, 0, 5, 264.01, 562164, 804
2119, 60, 45, 51, 14, 0, 1.23%, 0, 0, 5, 282.84, 563609, 804
2124, 60, 10, 51, 14, 0, 1.23%, 0, 0, 5, 269.01, 564998, 804
2129, 60, 45, 51, 14, 0, 1.23%, 0, 0, 5, 272.51, 566361, 804
2134, 60, 30, 51, 14, 0, 1.23%, 0, 0, 5, 282.21, 567779, 804
2139, 61, 45, 51, 14, 0, 1.23%, 0, 0, 5, 281.49, 569241, 804
2144, 61, 46, 51, 14, 0, 1.23%, 0, 0, 5, 282.81, 570681, 804
2149, 61, 6, 51, 14, 0, 1.23%, 0, 0, 5, 252.85, 571850, 804
2154, 61, 45, 51, 14, 0, 1.23%, 0, 0, 5, 275.62, 573282, 804
2159, 61, 45, 51, 14, 0, 1.23%, 0, 0, 5, 287.87, 574777, 804
2164, 61, 30, 51, 14, 0, 1.23%, 0, 0, 5, 288.03, 576194, 804
2170, 62, 45, 51, 14, 0, 1.23%, 0, 0, 5, 276.27, 577627, 804
2175, 62, 28, 51, 14, 0, 1.23%, 0, 0, 5, 267.72, 579002, 804
2180, 62, 1, 51, 14, 0, 1.23%, 0, 0, 5, 250.82, 580234, 804
2185, 62, 6, 51, 14, 0, 1.23%, 0, 0, 5, 269.24, 581630, 804
2190, 62, 30, 51, 14, 0, 1.23%, 0, 0, 5, 274.94, 583063, 804
2195, 62, 10, 51, 14, 0, 1.23%, 0, 0, 5, 264.58, 584392, 804
2200, 62, 45, 51, 14, 0, 1.23%, 0, 0, 5, 262.23, 585709, 804
2205, 62, 45, 51, 14, 0, 1.23%, 0, 0, 5, 278.79, 587164, 804
2210, 63, 45, 51, 14, 0, 1.23%, 0, 0, 5, 264.01, 588451, 804
2216, 63, 45, 51, 14, 0, 1.23%, 0, 0, 5, 271.22, 589880, 804
2221, 63, 45, 51, 14, 0, 1.23%, 0, 0, 5, 264.21, 591203, 804
2226, 63, 10, 51, 14, 0, 1.23%, 0, 0, 5, 262.56, 592539, 804
2231, 63, 45, 51, 14, 0, 1.23%, 0, 0, 5, 279.50, 593969, 804
2236, 63, 45, 51, 14, 0, 1.23%, 0, 0, 5, 274.13, 595305, 804
2241, 63, 39, 51, 14, 0, 1.23%, 0, 0, 5, 272.71, 596742, 804
2246, 63, 28, 51, 14, 0, 1.23%, 0, 0, 5, 262.81, 598107, 804
2251, 64, 45, 51, 14, 0, 1.23%, 0, 0, 5, 277.86, 599548, 804
2256, 64, 30, 51, 14, 0, 1.23%, 0, 0, 5, 286.41, 601037, 804
2261, 64, 30, 51, 14, 0, 1.23%, 0, 0, 5, 282.79, 602470, 804
2266, 64, 10, 51, 14, 0, 1.23%, 0, 0, 5, 280.81, 603894, 804
2271, 64, 6, 51, 14, 0, 1.23%, 0, 0, 5, 275.98, 605267, 804
2276, 64, 30, 51, 14, 0, 1.23%, 0, 0, 5, 285.58, 606693, 804
2281, 65, 6, 51, 14, 0, 1.23%, 0, 0, 5, 275.28, 608075, 804
2287, 65, 45, 51, 14, 0, 1.23%, 0, 0, 5, 278.91, 609520, 804
2292, 65, 45, 51, 14, 0, 1.23%, 0, 0, 5, 289.59, 611019, 804
2297, 65, 45, 51, 14, 0, 1.23%, 0, 0, 5, 274.45, 612415, 804
2302, 65, 45, 51, 14, 0, 1.23%, 0, 0, 5, 267.36, 613773, 804
2307, 65, 30, 51, 14, 0, 1.23%, 0, 0, 5, 281.17, 615236, 804
2312, 66, 30, 51, 14, 0, 1.23%, 0, 0, 5, 286.51, 616666, 804
2317, 66, 45, 51, 14, 0, 1.23%, 0, 0, 5, 266.45, 618011, 804
2322, 66, 45, 51, 14, 0, 1.23%, 0, 0, 5, 281.03, 619436, 804
2327, 66, 30, 51, 14, 0, 1.23%, 0, 0, 5, 288.93, 620943, 804
2332, 66, 30, 51, 14, 0, 1.23%, 0, 0, 5, 279.24, 622343, 804
2337, 66, 6, 51, 14, 0, 1.23%, 0, 0, 5, 268.58, 623615, 804
2343, 67, 30, 51, 14, 0, 1.23%, 0, 0, 5, 278.46, 625055, 804
2348, 67, 45, 51, 14, 0, 1.23%, 0, 0, 5, 230.15, 626256, 804
2353, 67, 45, 51, 14, 0, 1.23%, 0, 0, 5, 273.39, 627710, 804
2358, 67, 45, 51, 14, 0, 1.23%, 0, 0, 5, 289.12, 629221, 804
2363, 67, 30, 51, 14, 0, 1.23%, 0, 0, 5, 287.72, 630632, 804
2368, 67, 39, 51, 14, 0, 1.23%, 0, 0, 5, 269.45, 631997, 804
2373, 67, 45, 51, 14, 0, 1.23%, 0, 0, 5, 278.57, 633415, 804
2378, 68, 45, 51, 14, 0, 1.23%, 0, 0, 5, 278.36, 634878, 804
2383, 68, 45, 51, 13, 0, 1.23%, 0, 0, 5, 278.36, 636242, 804
2388, 68, 45, 51, 13, 0, 1.23%, 0, 0, 5, 277.60, 637624, 804
2394, 68, 30, 51, 13, 0, 1.23%, 0, 0, 5, 282.02, 639062, 804
2399, 68, 45, 51, 13, 0, 1.23%, 0, 0, 5, 268.94, 640406, 804
2404, 68, 30, 51, 13, 0, 1.23%, 0, 0, 5, 282.07, 641890, 804
2409, 69, 1, 51, 13, 0, 1.23%, 0, 0, 5, 285.14, 643365, 804
2414, 69, 46, 51, 13, 0, 1.23%, 0, 0, 5, 243.06, 644634, 804
2419, 69, 45, 51, 13, 0, 1.23%, 0, 0, 5, 277.63, 646084, 804
2424, 69, 45, 51, 13, 0, 1.23%, 0, 0, 5, 277.01, 647460, 804
2429, 69, 28, 51, 13, 0, 1.23%, 0, 0, 5, 272.99, 648847, 804
2434, 69, 30, 51, 13, 0, 1.23%, 0, 0, 5, 286.46, 650278, 804
2439, 70, 30, 51, 13, 0, 1.23%, 0, 0, 5, 284.33, 651698, 804
2444, 70, 30, 51, 13, 0, 1.23%, 0, 0, 5, 285.40, 653117, 804
2449, 70, 45, 51, 13, 0, 1.23%, 0, 0, 5, 278.48, 654534, 804
2454, 70, 45, 51, 13, 0, 1.23%, 0, 0, 5, 279.56, 655954, 804
2459, 70, 30, 51, 13, 0, 1.23%, 0, 0, 5, 276.64, 657338, 804
2465, 70, 45, 51, 13, 0, 1.23%, 0, 0, 5, 280.75, 658771, 804
2470, 71, 45, 51, 13, 0, 1.23%, 0, 0, 5, 273.98, 660193, 804
2475, 71, 39, 51, 13, 0, 1.23%, 0, 0, 5, 253.73, 661475, 804
2480, 71, 45, 51, 13, 0, 1.23%, 0, 0, 5, 271.90, 662847, 804
2485, 71, 45, 51, 13, 0, 1.23%, 0, 0, 5, 274.23, 664336, 804
2490, 71, 45, 51, 13, 0, 1.23%, 0, 0, 5, 276.54, 665790, 804
2495, 72, 30, 51, 13, 0, 1.23%, 0, 0, 5, 283.40, 667275, 804
2500, 72, 30, 51, 13, 0, 1.23%, 0, 0, 5, 277.53, 668654, 804
2505, 72, 45, 51, 13, 0, 1.23%, 0, 0, 5, 282.84, 670110, 804
2511, 72, 30, 51, 13, 0, 1.23%, 0, 0, 5, 291.22, 671597, 804
2516, 72, 21, 51, 13, 0, 1.23%, 0, 0, 5, 281.03, 673007, 804
2521, 72, 45, 51, 13, 0, 1.23%, 0, 0, 5, 265.45, 674372, 804
2526, 72, 30, 51, 13, 0, 1.23%, 0, 0, 5, 284.37, 675831, 804
2531, 73, 45, 51, 13, 0, 1.23%, 0, 0, 5, 250.60, 677040, 804
2536, 73, 30, 51, 13, 0, 1.23%, 0, 0, 5, 290.00, 678571, 804
2541, 73, 30, 51, 13, 0, 1.23%, 0, 0, 5, 278.42, 679952, 804
2546, 73, 45, 51, 13, 0, 1.23%, 0, 0, 5, 280.78, 681383, 804
2551, 73, 10, 51, 13, 0, 1.23%, 0, 0, 5, 275.30, 682776, 804
2556, 73, 45, 51, 13, 0, 1.23%, 0, 0, 5, 279.28, 684173, 804
2561, 73, 45, 51, 13, 0, 1.23%, 0, 0, 5, 272.76, 685517, 804
2566, 74, 45, 51, 13, 0, 1.23%, 0, 0, 5, 282.90, 686950, 804
2571, 74, 30, 51, 13, 0, 1.23%, 0, 0, 5, 260.24, 688205, 804
2576, 74, 45, 51, 13, 0, 1.23%, 0, 0, 5, 273.20, 689619, 804
2582, 74, 30, 51, 13, 0, 1.23%, 0, 0, 5, 279.84, 690988, 804
2587, 74, 13, 51, 13, 0, 1.23%, 0, 0, 5, 260.37, 692333, 804
2592, 74, 30, 51, 13, 0, 1.23%, 0, 0, 5, 263.89, 693615, 804
2597, 75, 39, 51, 13, 0, 1.23%, 0, 0, 5, 279.97, 695106, 804
2602, 75, 30, 51, 13, 0, 1.23%, 0, 0, 5, 266.07, 696393, 804
2607, 75, 45, 51, 13, 0, 1.23%, 0, 0, 5, 269.93, 697788, 804
2612, 75, 30, 51, 13, 0, 1.23%, 0, 0, 5, 276.02, 699170, 804
2617, 75, 45, 51, 13, 0, 1.23%, 0, 0, 5, 274.79, 700601, 804
2622, 75, 45, 51, 13, 0, 1.23%, 0, 0, 5, 275.34, 702046, 804
2627, 76, 20, 51, 13, 0, 1.23%, 0, 0, 5, 275.24, 703485, 804
2633, 76, 45, 51, 12, 0, 1.23%, 0, 0, 5, 275.79, 704880, 804
2638, 76, 30, 51, 12, 0, 1.23%, 0, 0, 5, 283.81, 706293, 804
2643, 76, 30, 51, 12, 0, 1.23%, 0, 0, 5, 286.52, 707726, 804
2648, 76, 45, 51, 12, 0, 1.23%, 0, 0, 5, 271.61, 709100, 804
2653, 76, 45, 51, 12, 0, 1.23%, 0, 0, 5, 271.29, 710473, 804
2658, 77, 30, 51, 12, 0, 1.23%, 0, 0, 5, 248.02, 711644, 804
2663, 77, 30, 51, 12, 0, 1.23%, 0, 0, 5, 289.96, 713174, 804
2668, 77, 45, 51, 12, 0, 1.23%, 0, 0, 5, 273.58, 714523, 804
2673, 77, 45, 51, 12, 0, 1.23%, 0, 0, 5, 288.97, 716029, 804
2678, 77, 45, 51, 12, 0, 1.23%, 0, 0, 5, 274.48, 717383, 804
2683, 77, 30, 51, 12, 0, 1.23%, 0, 0, 5, 280.70, 718820, 804
2688, 78, 30, 51, 12, 0, 1.23%, 0, 0, 5, 288.95, 720351, 804
2693, 78, 45, 51, 12, 0, 1.23%, 0, 0, 5, 276.85, 721662, 804
2698, 78, 30, 51, 12, 0, 1.23%, 0, 0, 5, 277.97, 723030, 804
2704, 78, 45, 51, 12, 0, 1.23%, 0, 0, 5, 285.58, 724533, 804
2709, 78, 45, 51, 12, 0, 1.23%, 0, 0, 5, 289.52, 726031, 804
2714, 78, 6, 51, 12, 0, 1.23%, 0, 0, 5, 285.48, 727442, 804
2719, 79, 45, 51, 12, 0, 1.23%, 0, 0, 5, 275.03, 728850, 804
2724, 79, 45, 51, 12, 0, 1.23%, 0, 0, 5, 278.99, 730233, 804
2729, 79, 28, 51, 12, 0, 1.23%, 0, 0, 5, 269.86, 731586, 804
2734, 79, 30, 51, 12, 0, 1.23%, 0, 0, 5, 295.62, 733115, 804
2739, 79, 30, 51, 12, 0, 1.23%, 0, 0, 5, 290.91, 734552, 804
2744, 79, 30, 51, 12, 0, 1.23%, 0, 0, 5, 265.31, 735778, 804
2750, 80, 45, 51, 12, 0, 1.23%, 0, 0, 5, 285.49, 737295, 804
2755, 80, 45, 51, 12, 0, 1.23%, 0, 0, 5, 269.16, 738690, 804
2760, 80, 45, 51, 12, 0, 1.23%, 0, 0, 5, 287.56, 740177, 804
2765, 80, 45, 51, 12, 0, 1.23%, 0, 0, 5, 272.25, 741515, 804
2770, 80, 45, 51, 12, 0, 1.23%, 0, 0, 5, 279.45, 742933, 804
2775, 80, 30, 51, 12, 0, 1.23%, 0, 0, 5, 286.72, 744376, 804
2780, 81, 6, 51, 12, 0, 1.23%, 0, 0, 5, 275.00, 745785, 804
2785, 81, 45, 51, 12, 0, 1.23%, 0, 0, 5, 278.06, 747226, 804
2790, 81, 30, 51, 12, 0, 1.23%, 0, 0, 5, 269.77, 748576, 804
2795, 81, 30, 51, 12, 0, 1.23%, 0, 0, 5, 295.35, 750101, 804
2800, 81, 45, 51, 12, 0, 1.23%, 0, 0, 5, 288.77, 751606, 804
2805, 81, 30, 51, 12, 0, 1.23%, 0, 0, 5, 295.99, 753125, 804
2811, 81, 30, 51, 12, 0, 1.23%, 0, 0, 5, 289.47, 754544, 804
2816, 82, 45, 51, 12, 0, 1.23%, 0, 0, 5, 275.25, 755916, 804
2821, 82, 45, 51, 12, 0, 1.23%, 0, 0, 5, 267.01, 757238, 804
2826, 82, 6, 51, 12, 0, 1.23%, 0, 0, 5, 285.15, 758665, 804
2831, 82, 30, 51, 12, 0, 1.23%, 0, 0, 5, 286.31, 760089, 804
2836, 82, 30, 51, 12, 0, 1.23%, 0, 0, 5, 286.49, 761482, 804
2841, 82, 45, 51, 12, 0, 1.23%, 0, 0, 5, 287.39, 762974, 804
2846, 83, 45, 51, 12, 0, 1.23%, 0, 0, 5, 279.13, 764345, 804
2851, 83, 45, 51, 12, 0, 1.23%, 0, 0, 5, 275.68, 765743, 804
2856, 83, 30, 51, 12, 0, 1.23%, 0, 0, 5, 285.14, 767146, 804
2861, 83, 39, 51, 12, 0, 1.23%, 0, 0, 5, 271.61, 768509, 804
2866, 83, 45, 51, 12, 0, 1.23%, 0, 0, 5, 275.91, 769928, 804
2871, 83, 46, 51, 12, 0, 1.23%, 0, 0, 5, 250.96, 771272, 804
2876, 84, 6, 51, 12, 0, 1.23%, 0, 0, 5, 264.24, 772584, 804
2881, 84, 30, 51, 12, 0, 1.23%, 0, 0, 5, 283.03, 774062, 804
2886, 84, 45, 51, 12, 0, 1.23%, 0, 0, 5, 277.44, 775458, 804
2891, 84, 30, 51, 12, 0, 1.23%, 0, 0, 5, 282.11, 776913, 804
2897, 84, 30, 51, 12, 0, 1.23%, 0, 0, 5, 286.48, 778412, 804
2902, 85, 6, 51, 12, 0, 1.23%, 0, 0, 5, 271.57, 779792, 804
2907, 85, 45, 51, 12, 0, 1.23%, 0, 0, 5, 279.15, 781203, 804
2912, 85, 30, 51, 11, 0, 1.23%, 0, 0, 5, 283.99, 782656, 804
2917, 85, 45, 51, 11, 0, 1.23%, 0, 0, 5, 275.79, 784051, 804
2922, 85, 45, 51, 11, 0, 1.23%, 0, 0, 5, 264.38, 785345, 804
2927, 85, 30, 51, 11, 0, 1.23%, 0, 0, 5, 287.59, 786795, 804
2932, 85, 30, 51, 11, 0, 1.23%, 0, 0, 5, 286.62, 788235, 804
2937, 86, 45, 51, 11, 0, 1.23%, 0, 0, 5, 288.69, 789686, 804
2942, 86, 39, 51, 11, 0, 1.23%, 0, 0, 5, 278.33, 791103, 804
2947, 86, 6, 51, 11, 0, 1.23%, 0, 0, 5, 281.85, 792516, 804
2952, 86, 45, 51, 10, 0, 1.23%, 0, 0, 5, 266.78, 793827, 804
2957, 86, 28, 51, 10, 0, 1.23%, 0, 0, 5, 273.62, 795270, 804
2963, 86, 45, 51, 10, 0, 1.23%, 0, 0, 5, 285.73, 796762, 804
2968, 86, 45, 51, 10, 0, 1.23%, 0, 0, 5, 273.18, 798112, 804
2973, 87, 30, 51, 10, 0, 1.23%, 0, 0, 5, 286.76, 799572, 804
2978, 87, 45, 51, 10, 0, 1.23%, 0, 0, 5, 294.72, 801105, 804
2983, 87, 45, 51, 10, 0, 1.23%, 0, 0, 5, 278.75, 802477, 804
2988, 87, 45, 51, 10, 0, 1.23%, 0, 0, 5, 281.28, 803899, 804
2993, 87, 45, 51, 9, 0, 1.23%, 0, 0, 5, 281.37, 805330, 804
2998, 88, 30, 51, 9, 0, 1.23%, 0, 0, 5, 275.57, 806696, 804
3003, 88, 30, 51, 9, 0, 1.23%, 0, 0, 5, 277.96, 808076, 804
3008, 88, 30, 51, 9, 0, 1.23%, 0, 0, 5, 281.96, 809501, 804
3013, 88, 30, 51, 9, 0, 1.23%, 0, 0, 5, 279.02, 810928, 804
3018, 88, 30, 51, 9, 0, 1.23%, 0, 0, 5, 289.25, 812420, 804
3023, 88, 45, 51, 9, 0, 1.23%, 0, 0, 5, 276.06, 813816, 804
3029, 89, 30, 51, 9, 0, 1.23%, 0, 0, 5, 283.32, 815293, 804
3034, 89, 45, 51, 9, 0, 1.23%, 0, 0, 5, 286.34, 816786, 804
3039, 89, 30, 51, 9, 0, 1.23%, 0, 0, 5, 281.70, 818191, 804
3044, 89, 45, 51, 9, 0, 1.23%, 0, 0, 5, 272.63, 819581, 804
3049, 89, 30, 51, 9, 0, 1.23%, 0, 0, 5, 287.31, 821012, 804
3054, 89, 28, 51, 9, 0, 1.23%, 0, 0, 5, 283.56, 822460, 804
3059, 90, 45, 51, 9, 0, 1.23%, 0, 0, 5, 281.31, 823854, 804
3064, 90, 45, 51, 9, 0, 1.23%, 0, 0, 5, 266.37, 825173, 804
3069, 90, 30, 51, 9, 0, 1.23%, 0, 0, 5, 281.68, 826641, 804
3074, 90, 45, 51, 9, 0, 1.23%, 0, 0, 5, 277.16, 828038, 804
3079, 90, 45, 51, 9, 0, 1.23%, 0, 0, 5, 267.69, 829425, 804
3084, 90, 6, 51, 9, 0, 1.23%, 0, 0, 5, 270.92, 830779, 804
3089, 90, 6, 51, 9, 0, 1.23%, 0, 0, 5, 272.97, 832143, 804
3095, 90, 29, 51, 9, 0, 1.23%, 0, 0, 5, 266.34, 833529, 804
3100, 91, 45, 51, 9, 0, 1.23%, 0, 0, 5, 288.08, 835048, 804
3105, 91, 45, 51, 9, 0, 1.23%, 0, 0, 5, 267.35, 836427, 804
3110, 91, 6, 51, 9, 0, 1.23%, 0, 0, 5, 278.10, 837916, 804
3115, 91, 45, 51, 9, 0, 1.23%, 0, 0, 5, 286.43, 839357, 804
3120, 91, 45, 51, 9, 0, 1.23%, 0, 0, 5, 284.45, 840770, 804
3125, 92, 30, 51, 9, 0, 1.23%, 0, 0, 5, 269.70, 842117, 804
3130, 92, 10, 51, 9, 0, 1.23%, 0, 0, 5, 291.58, 843634, 804
3135, 92, 30, 51, 9, 0, 1.23%, 0, 0, 5, 273.39, 844963, 804
3140, 92, 45, 51, 9, 0, 1.23%, 0, 0, 5, 295.33, 846460, 804
3146, 92, 45, 51, 9, 0, 1.23%, 0, 0, 5, 280.40, 847926, 804
3151, 92, 45, 51, 9, 0, 1.23%, 0, 0, 5, 279.62, 849365, 804
3156, 93, 45, 51, 9, 0, 1.23%, 0, 0, 5, 272.91, 850721, 804
3161, 93, 11, 51, 9, 0, 1.23%, 0, 0, 5, 264.03, 852041, 804
3166, 93, 2, 51, 9, 0, 1.23%, 0, 0, 5, 294.16, 853583, 804
3171, 93, 45, 51, 9, 0, 1.23%, 0, 0, 5, 280.08, 855052, 804
3176, 93, 1, 51, 9, 0, 1.23%, 0, 0, 5, 279.19, 856450, 804
3181, 93, 30, 51, 9, 0, 1.23%, 0, 0, 5, 271.63, 857809, 804
3186, 93, 45, 51, 9, 0, 1.23%, 0, 0, 5, 257.08, 859156, 804
3191, 94, 45, 51, 9, 0, 1.23%, 0, 0, 5, 256.61, 860468, 804
3196, 94, 45, 51, 8, 0, 1.23%, 0, 0, 5, 268.62, 861813, 804
3202, 94, 11, 51, 8, 0, 1.23%, 0, 0, 5, 266.99, 863218, 804
3207, 94, 11, 51, 8, 0, 1.23%, 0, 0, 5, 278.26, 864656, 804
3212, 94, 45, 51, 8, 0, 1.23%, 0, 0, 5, 266.61, 865984, 804
3217, 94, 45, 51, 8, 0, 1.23%, 0, 0, 5, 275.83, 867382, 804
3222, 94, 39, 51, 8, 0, 1.23%, 0, 0, 5, 278.19, 868861, 804
3227, 95, 45, 51, 8, 0, 1.23%, 0, 0, 5, 272.35, 870228, 804
3232, 95, 45, 51, 8, 0, 1.23%, 0, 0, 5, 290.64, 871735, 804
3237, 95, 10, 51, 8, 0, 1.23%, 0, 0, 5, 274.02, 873110, 804
3242, 95, 1, 51, 8, 0, 1.23%, 0, 0, 5, 292.33, 874567, 804
3247, 95, 30, 51, 8, 0, 1.23%, 0, 0, 5, 280.08, 875940, 804
3252, 95, 30, 51, 8, 0, 1.23%, 0, 0, 5, 285.62, 877402, 804
3258, 96, 30, 51, 8, 0, 1.23%, 0, 0, 5, 284.61, 878886, 804
3263, 96, 45, 51, 8, 0, 1.23%, 0, 0, 5, 281.81, 880309, 804
3268, 96, 30, 51, 8, 0, 1.23%, 0, 0, 5, 272.11, 881655, 804
3273, 96, 39, 51, 8, 0, 1.23%, 0, 0, 5, 274.19, 883095, 804
3278, 96, 30, 51, 8, 0, 1.23%, 0, 0, 5, 277.74, 884419, 804
3283, 96, 6, 51, 8, 0, 1.23%, 0, 0, 5, 271.76, 885790, 804
3288, 97, 10, 51, 8, 0, 1.23%, 0, 0, 5, 274.54, 887185, 804
3293, 97, 45, 51, 8, 0, 1.23%, 0, 0, 5, 269.36, 888543, 804
3298, 97, 10, 51, 8, 0, 1.23%, 0, 0, 5, 273.81, 889930, 804
3303, 97, 30, 51, 8, 0, 1.23%, 0, 0, 5, 284.25, 891331, 804
3308, 97, 30, 51, 8, 0, 1.23%, 0, 0, 5, 283.80, 892794, 804
3313, 97, 45, 51, 8, 0, 1.23%, 0, 0, 5, 270.48, 894157, 804
3319, 97, 30, 51, 8, 0, 1.23%, 0, 0, 5, 287.98, 895681, 804
3324, 98, 13, 51, 8, 0, 1.23%, 0, 0, 5, 275.45, 897071, 804
3329, 98, 30, 51, 8, 0, 1.23%, 0, 0, 5, 269.70, 898353, 804
3334, 98, 30, 51, 8, 0, 1.23%, 0, 0, 5, 276.55, 899746, 804
3339, 98, 30, 51, 8, 0, 1.23%, 0, 0, 5, 284.82, 901242, 804
3344, 98, 45, 51, 8, 0, 1.23%, 0, 0, 5, 274.26, 902615, 804
3349, 98, 28, 51, 8, 0, 1.23%, 0, 0, 5, 254.15, 903839, 804
3354, 98, 45, 51, 8, 0, 1.23%, 0, 0, 5, 277.34, 905259, 804
3359, 99, 45, 51, 8, 0, 1.23%, 0, 0, 5, 275.68, 906676, 804
3364, 99, 13, 51, 8, 0, 1.23%, 0, 0, 5, 251.25, 907973, 804
3369, 99, 11, 51, 8, 0, 1.23%, 0, 0, 5, 263.25, 909341, 804
3374, 99, 10, 51, 8, 0, 1.23%, 0, 0, 5, 253.06, 910644, 804
3379, 99, 10, 51, 8, 0, 1.23%, 0, 0, 5, 258.31, 911995, 804
3385, 99, 45, 51, 8, 0, 1.23%, 0, 0, 5, 267.95, 913390, 804
3390, 99, 13, 51, 8, 0, 1.23%, 0, 0, 5, 241.02, 914659, 804
3395, 99, 30, 51, 8, 0, 1.23%, 0, 0, 5, 265.33, 916002, 804
3400, 100, 6, 51, 8, 0, 1.23%, 0, 0, 5, 253.05, 917287, 804
3405, 100, 30, 51, 8, 0, 1.23%, 0, 0, 5, 275.51, 918656, 804
3410, 100, 11, 51, 8, 0, 1.23%, 0, 0, 5, 284.80, 920138, 804
3415, 100, 45, 51, 8, 0, 1.23%, 0, 0, 5, 272.96, 921522, 804
3420, 100, 45, 51, 8, 0, 1.23%, 0, 0, 5, 253.88, 922849, 804
3426, 100, 45, 51, 8, 0, 1.23%, 0, 0, 5, 256.79, 924113, 804
3431, 101, 30, 51, 8, 0, 1.23%, 0, 0, 5, 281.19, 925531, 804
3436, 101, 30, 51, 8, 0, 1.23%, 0, 0, 5, 281.40, 926954, 804
3441, 101, 45, 51, 8, 0, 1.23%, 0, 0, 5, 251.12, 928245, 804
3446, 101, 6, 51, 8, 0, 1.23%, 0, 0, 5, 265.39, 929615, 804
3451, 101, 45, 51, 8, 0, 1.23%, 0, 0, 5, 275.52, 931017, 804
3456, 101, 30, 51, 8, 0, 1.23%, 0, 0, 5, 283.76, 932472, 804
3461, 101, 1, 51, 8, 0, 1.23%, 0, 0, 5, 293.90, 934007, 804
3466, 102, 30, 51, 8, 0, 1.23%, 0, 0, 5, 290.09, 935439, 804
3471, 102, 45, 51, 8, 0, 1.23%, 0, 0, 5, 294.28, 936889, 804
3476, 102, 30, 51, 8, 0, 1.23%, 0, 0, 5, 282.48, 938307, 804
3481, 102, 30, 51, 8, 0, 1.23%, 0, 0, 5, 280.99, 939770, 804
3487, 102, 11, 51, 8, 0, 1.23%, 0, 0, 5, 274.44, 941232, 804
3492, 102, 45, 51, 8, 0, 1.23%, 0, 0, 5, 271.99, 942590, 804
3497, 103, 45, 51, 8, 0, 1.23%, 0, 0, 5, 280.21, 944012, 804
3502, 103, 6, 51, 8, 0, 1.23%, 0, 0, 5, 252.13, 945214, 804
3507, 103, 45, 51, 8, 0, 1.23%, 0, 0, 5, 264.89, 946600, 804
3512, 103, 6, 51, 8, 0, 1.23%, 0, 0, 5, 278.87, 948006, 804
3517, 103, 28, 51, 8, 0, 1.23%, 0, 0, 5, 271.50, 949402, 804
3522, 103, 1, 51, 8, 0, 1.23%, 0, 0, 5, 280.13, 950865, 804
3527, 103, 6, 51, 8, 0, 1.23%, 0, 0, 5, 269.05, 952208, 804
3533, 104, 45, 51, 8, 0, 1.23%, 0, 0, 5, 272.16, 953632, 804
3538, 104, 6, 51, 8, 0, 1.23%, 0, 0, 5, 276.77, 955048, 804
3543, 104, 30, 51, 8, 0, 1.23%, 0, 0, 5, 276.99, 956418, 804
3548, 104, 11, 51, 8, 0, 1.23%, 0, 0, 5, 279.31, 957845, 804
3553, 104, 6, 51, 8, 0, 1.23%, 0, 0, 5, 268.19, 959171, 804
3558, 104, 45, 51, 8, 0, 1.23%, 0, 0, 5, 273.97, 960558, 804
3563, 104, 45, 51, 8, 0, 1.23%, 0, 0, 5, 276.67, 961945, 804
3568, 105, 11, 51, 8, 0, 1.23%, 0, 0, 5, 262.15, 963251, 804
3573, 105, 30, 51, 8, 0, 1.23%, 0, 0, 5, 266.81, 964633, 804
3578, 105, 45, 51, 8, 0, 1.23%, 0, 0, 5, 271.62, 966016, 804
3583, 105, 30, 51, 8, 0, 1.23%, 0, 0, 5, 280.70, 967465, 804
3588, 105, 30, 51, 8, 0, 1.23%, 0, 0, 5, 277.33, 968843, 804
3593, 105, 30, 51, 8, 0, 1.23%, 0, 0, 5, 279.40, 970240, 804
3598, 105, 45, 51, 8, 0, 1.23%, 0, 0, 5, 272.34, 971617, 804
3603, 106, 45, 51, 8, 0, 1.23%, 0, 0, 5, 277.72, 973036, 804
3608, 106, 30, 51, 8, 0, 1.23%, 0, 0, 5, 279.06, 974418, 804
