# relative_time, cycles_done, cur_item, corpus_count, pending_total, pending_favs, map_size, saved_crashes, saved_hangs, max_depth, execs_per_sec, total_execs, edges_found
61, 0, 28, 29, 21, 5, 2.22%, 0, 0, 4, 195.49, 10584, 1452
66, 0, 13, 29, 20, 4, 2.22%, 0, 0, 4, 172.30, 11464, 1452
71, 0, 7, 30, 20, 3, 2.22%, 0, 0, 4, 188.43, 12432, 1452
76, 0, 29, 30, 19, 3, 2.22%, 0, 0, 4, 205.12, 13473, 1452
81, 0, 26, 30, 18, 2, 2.22%, 0, 0, 4, 186.58, 14433, 1452
86, 0, 26, 31, 19, 2, 2.23%, 0, 0, 5, 185.23, 15365, 1459
92, 0, 21, 31, 18, 2, 2.23%, 0, 0, 5, 170.31, 16308, 1459
97, 0, 21, 31, 18, 2, 2.23%, 0, 0, 5, 155.56, 17026, 1459
102, 0, 30, 31, 17, 1, 2.23%, 0, 0, 5, 189.96, 18051, 1459
107, 0, 3, 31, 16, 0, 2.23%, 0, 0, 5, 185.18, 19044, 1459
112, 0, 3, 32, 17, 0, 2.25%, 0, 0, 5, 131.21, 19663, 1477
117, 0, 3, 32, 17, 0, 2.25%, 0, 0, 5, 112.38, 20209, 1477
122, 0, 3, 32, 17, 0, 2.25%, 0, 0, 5, 110.23, 20763, 1477
128, 0, 3, 32, 17, 0, 2.25%, 0, 0, 5, 113.49, 21323, 1477
133, 0, 3, 32, 17, 0, 2.25%, 0, 0, 5, 131.15, 22109, 1477
138, 0, 3, 32, 17, 0, 2.25%, 0, 0, 5, 122.50, 22697, 1477
143, 0, 3, 34, 19, 0, 2.26%, 0, 0, 5, 68.06, 22952, 1481
148, 0, 3, 34, 19, 0, 2.26%, 0, 0, 5, 55.60, 23218, 1481
153, 0, 3, 34, 19, 0, 2.26%, 0, 0, 5, 86.08, 23738, 1481
158, 0, 31, 34, 19, 3, 2.26%, 0, 0, 5, 159.81, 24702, 1481
163, 0, 35, 37, 21, 5, 2.53%, 0, 1, 5, 175.29, 25473, 1661
169, 0, 35, 40, 24, 5, 2.62%, 0, 2, 5, 20.98, 25922, 1715
175, 0, 35, 41, 25, 5, 2.63%, 0, 4, 5, 196.86, 26458, 1721
180, 0, 35, 43, 27, 5, 2.85%, 0, 4, 5, 145.22, 26954, 1865
185, 0, 35, 43, 27, 5, 2.85%, 0, 4, 5, 173.26, 27473, 1865
190, 0, 35, 43, 27, 5, 2.85%, 0, 4, 5, 18.88, 27704, 1865
196, 0, 35, 44, 28, 5, 2.85%, 0, 4, 5, 24.62, 28187, 1870
201, 0, 35, 44, 28, 5, 2.85%, 0, 5, 5, 157.35, 28525, 1870
206, 0, 35, 45, 29, 5, 2.87%, 0, 5, 5, 166.29, 29208, 1878
212, 0, 35, 46, 30, 5, 2.88%, 0, 5, 5, 8.58, 29756, 1888
217, 0, 35, 46, 30, 5, 2.88%, 0, 5, 5, 176.36, 30287, 1888
222, 0, 35, 47, 31, 5, 2.88%, 0, 6, 5, 14.68, 30614, 1889
227, 0, 35, 47, 31, 5, 2.88%, 0, 6, 5, 12.10, 31021, 1889
232, 0, 35, 47, 31, 5, 2.88%, 0, 6, 5, 166.99, 31723, 1889
237, 0, 35, 49, 33, 5, 2.90%, 0, 6, 5, 161.31, 32390, 1898
243, 0, 35, 49, 33, 5, 2.90%, 0, 6, 5, 11.54, 32901, 1898
249, 0, 35, 49, 33, 5, 2.90%, 0, 6, 5, 2.96, 33239, 1898
255, 0, 35, 49, 33, 5, 2.90%, 0, 6, 5, 7.73, 33548, 1898
260, 0, 35, 49, 33, 5, 2.90%, 0, 6, 5, 151.47, 34076, 1898
266, 0, 35, 49, 33, 5, 2.90%, 0, 6, 5, 5.96, 34208, 1898
271, 0, 35, 50, 34, 5, 2.90%, 0, 6, 5, 169.31, 34885, 1903
276, 0, 35, 50, 34, 5, 2.90%, 0, 6, 5, 147.60, 35218, 1903
281, 0, 35, 51, 35, 5, 2.91%, 0, 6, 5, 8.66, 35580, 1909
287, 0, 35, 51, 35, 5, 2.91%, 0, 6, 5, 172.25, 35928, 1909
292, 0, 35, 51, 35, 5, 2.91%, 0, 6, 5, 16.42, 36404, 1909
298, 0, 35, 51, 35, 5, 2.91%, 0, 6, 5, 136.44, 36766, 1909
304, 0, 35, 51, 35, 5, 2.91%, 0, 6, 5, 5.77, 37260, 1909
309, 0, 35, 52, 36, 5, 2.91%, 0, 6, 5, 158.09, 37625, 1910
315, 0, 35, 53, 37, 5, 2.92%, 0, 6, 5, 31.97, 38482, 1916
320, 0, 35, 53, 37, 5, 2.92%, 0, 6, 5, 173.18, 39172, 1916
326, 0, 35, 54, 38, 5, 2.93%, 0, 6, 5, 23.26, 39687, 1920
331, 0, 35, 54, 38, 5, 2.93%, 0, 6, 5, 16.35, 40074, 1920
336, 0, 35, 55, 39, 5, 2.93%, 0, 6, 5, 160.10, 40580, 1923
341, 0, 35, 56, 40, 5, 2.94%, 0, 6, 5, 2.94, 41251, 1924
347, 0, 35, 56, 40, 5, 2.94%, 0, 6, 5, 11.70, 41588, 1924
352, 0, 35, 56, 40, 5, 2.94%, 0, 6, 5, 172.79, 42262, 1924
357, 0, 35, 56, 40, 5, 2.94%, 0, 6, 5, 18.94, 42802, 1924
362, 0, 35, 56, 40, 5, 2.94%, 0, 6, 5, 21.16, 43375, 1924
368, 0, 35, 56, 40, 5, 2.94%, 0, 6, 5, 12.40, 43680, 1924
374, 0, 35, 56, 40, 5, 2.94%, 0, 6, 5, 11.18, 44173, 1924
379, 0, 35, 56, 40, 5, 2.94%, 0, 6, 5, 151.22, 44690, 1924
385, 0, 35, 56, 40, 5, 2.94%, 0, 6, 5, 168.85, 45235, 1924
390, 0, 35, 56, 40, 5, 2.94%, 0, 6, 5, 31.40, 45517, 1924
395, 0, 35, 56, 40, 5, 2.94%, 0, 6, 5, 5.84, 45889, 1924
401, 0, 35, 56, 40, 5, 2.94%, 0, 6, 5, 8.53, 46276, 1924
406, 0, 35, 56, 40, 5, 2.94%, 0, 6, 5, 162.68, 46630, 1924
411, 0, 35, 57, 41, 5, 2.95%, 0, 6, 5, 165.83, 47151, 1931
416, 0, 35, 57, 41, 5, 2.95%, 0, 6, 5, 162.56, 47335, 1931
421, 0, 35, 57, 41, 5, 2.95%, 0, 6, 5, 169.99, 47847, 1931
426, 0, 35, 57, 41, 5, 2.95%, 0, 6, 5, 30.38, 48189, 1931
432, 0, 35, 57, 41, 5, 2.95%, 0, 6, 5, 16.33, 48780, 1931
437, 0, 35, 57, 41, 5, 2.95%, 0, 6, 5, 181.37, 49131, 1931
442, 0, 35, 57, 41, 5, 2.95%, 0, 6, 5, 167.89, 49665, 1931
448, 0, 35, 57, 41, 5, 2.95%, 0, 6, 5, 21.28, 50016, 1931
453, 0, 35, 57, 41, 5, 2.95%, 0, 6, 5, 175.31, 50526, 1931
458, 0, 42, 57, 40, 22, 2.95%, 0, 6, 5, 76.06, 51194, 1931
463, 0, 42, 57, 40, 22, 2.95%, 0, 6, 5, 157.57, 52006, 1931
468, 0, 49, 57, 39, 21, 2.95%, 0, 6, 5, 120.96, 52727, 1931
473, 0, 49, 58, 40, 21, 2.96%, 0, 8, 5, 21.53, 53053, 1937
478, 0, 49, 61, 43, 21, 2.97%, 0, 8, 5, 146.91, 53709, 1945
484, 0, 49, 62, 44, 21, 2.97%, 0, 8, 5, 128.94, 54151, 1946
489, 0, 49, 62, 44, 21, 2.97%, 0, 8, 5, 155.00, 54493, 1946
495, 0, 49, 62, 44, 21, 2.97%, 0, 8, 5, 2.97, 55050, 1946
500, 0, 49, 62, 44, 21, 2.97%, 0, 9, 5, 171.13, 55569, 1946
505, 0, 49, 63, 45, 21, 2.98%, 0, 9, 5, 25.71, 56186, 1954
511, 0, 49, 63, 45, 21, 2.98%, 0, 9, 5, 149.00, 56711, 1954
516, 0, 49, 63, 45, 21, 2.98%, 0, 9, 5, 19.52, 57185, 1954
521, 0, 49, 63, 45, 21, 2.98%, 0, 10, 5, 177.88, 57560, 1954
526, 0, 49, 63, 45, 21, 2.98%, 0, 10, 5, 157.31, 58205, 1954
531, 0, 49, 63, 45, 21, 2.98%, 0, 10, 5, 156.11, 58724, 1954
536, 0, 49, 63, 45, 21, 2.98%, 0, 10, 5, 158.64, 59345, 1954
541, 0, 49, 63, 45, 21, 2.98%, 0, 10, 5, 21.22, 59690, 1954
547, 0, 49, 65, 47, 21, 2.99%, 0, 11, 5, 13.13, 60317, 1959
552, 0, 49, 65, 47, 21, 2.99%, 0, 11, 5, 23.44, 60798, 1959
557, 0, 49, 65, 47, 21, 2.99%, 0, 11, 5, 24.39, 61167, 1959
563, 0, 49, 65, 47, 21, 2.99%, 0, 11, 5, 22.80, 61788, 1959
569, 0, 49, 65, 47, 21, 2.99%, 0, 11, 5, 24.90, 62535, 1959
574, 0, 49, 65, 47, 21, 2.99%, 0, 12, 5, 150.16, 62874, 1959
580, 0, 49, 65, 47, 21, 2.99%, 0, 12, 5, 3.18, 63361, 1959
585, 0, 49, 65, 47, 21, 2.99%, 0, 12, 5, 161.04, 64029, 1959
590, 0, 49, 65, 47, 21, 2.99%, 0, 12, 5, 182.86, 64368, 1959
596, 0, 49, 65, 47, 21, 2.99%, 0, 12, 5, 8.69, 65013, 1959
601, 0, 49, 65, 47, 21, 2.99%, 0, 12, 5, 159.42, 65367, 1959
606, 0, 49, 65, 47, 21, 2.99%, 0, 12, 5, 3.64, 65748, 1959
612, 0, 49, 65, 47, 21, 2.99%, 0, 12, 5, 158.68, 66417, 1959
617, 0, 49, 65, 47, 21, 2.99%, 0, 12, 5, 13.85, 66975, 1959
622, 0, 49, 65, 47, 21, 2.99%, 0, 12, 5, 159.47, 67314, 1959
627, 0, 49, 65, 47, 21, 2.99%, 0, 12, 5, 189.44, 67836, 1959
632, 0, 49, 65, 47, 21, 2.99%, 0, 12, 5, 156.34, 68517, 1959
638, 0, 49, 67, 49, 21, 2.99%, 0, 12, 5, 20.25, 69090, 1962
643, 0, 49, 67, 49, 21, 2.99%, 0, 12, 5, 144.98, 69751, 1962
648, 0, 49, 67, 49, 21, 2.99%, 0, 12, 5, 178.22, 70108, 1962
653, 0, 49, 67, 49, 21, 2.99%, 0, 12, 5, 152.68, 70585, 1962
658, 0, 49, 67, 49, 21, 2.99%, 0, 12, 5, 158.28, 70948, 1962
664, 0, 49, 67, 49, 21, 2.99%, 0, 12, 5, 8.44, 71644, 1962
670, 0, 49, 67, 49, 21, 2.99%, 0, 12, 5, 26.61, 72142, 1962
675, 0, 49, 67, 49, 21, 2.99%, 0, 12, 5, 178.71, 72649, 1962
680, 0, 49, 67, 49, 21, 2.99%, 0, 12, 5, 11.36, 72925, 1962
685, 0, 49, 67, 49, 21, 2.99%, 0, 12, 5, 166.38, 73471, 1962
691, 0, 49, 67, 49, 21, 2.99%, 0, 12, 5, 8.52, 74020, 1962
696, 0, 49, 68, 50, 21, 3.00%, 0, 12, 5, 166.30, 74724, 1963
701, 0, 49, 68, 50, 21, 3.00%, 0, 12, 5, 170.73, 75068, 1963
706, 0, 49, 68, 50, 21, 3.00%, 0, 12, 5, 173.83, 75612, 1963
711, 0, 49, 68, 50, 21, 3.00%, 0, 12, 5, 176.31, 76122, 1963
716, 0, 49, 68, 50, 21, 3.00%, 0, 12, 5, 181.57, 76629, 1963
722, 0, 49, 68, 50, 21, 3.00%, 0, 12, 5, 16.51, 77061, 1963
727, 0, 49, 70, 52, 21, 3.00%, 0, 13, 5, 5.74, 77543, 1966
732, 0, 49, 72, 54, 21, 3.06%, 0, 13, 5, 10.47, 77772, 2008
737, 0, 49, 73, 55, 21, 3.07%, 0, 13, 5, 101.09, 78087, 2009
743, 0, 49, 77, 59, 21, 3.10%, 0, 13, 5, 94.53, 78302, 2029
748, 0, 49, 77, 59, 21, 3.10%, 0, 13, 5, 103.45, 78735, 2029
753, 0, 49, 78, 60, 21, 3.10%, 0, 13, 5, 119.48, 79069, 2030
758, 0, 49, 79, 61, 21, 3.11%, 0, 13, 5, 110.18, 79627, 2035
763, 0, 49, 79, 61, 21, 3.11%, 0, 13, 5, 7.44, 80087, 2035
768, 0, 49, 79, 61, 21, 3.11%, 0, 13, 5, 95.25, 80531, 2035
773, 0, 49, 79, 61, 21, 3.11%, 0, 14, 5, 134.51, 80993, 2035
779, 0, 50, 79, 60, 36, 3.11%, 0, 14, 5, 151.07, 81829, 2035
784, 0, 50, 79, 60, 36, 3.11%, 0, 15, 5, 131.90, 82334, 2035
789, 0, 50, 79, 60, 36, 3.11%, 0, 15, 5, 156.91, 83279, 2035
794, 0, 63, 80, 60, 35, 3.11%, 0, 16, 6, 174.16, 83774, 2038
799, 0, 63, 80, 60, 35, 3.11%, 0, 17, 6, 180.12, 84478, 2038
804, 0, 75, 80, 59, 35, 3.11%, 0, 17, 6, 175.56, 85395, 2038
809, 0, 75, 80, 59, 35, 3.11%, 0, 18, 6, 126.39, 85845, 2038
814, 0, 75, 80, 59, 35, 3.11%, 0, 19, 6, 169.15, 86677, 2038
819, 0, 77, 80, 58, 34, 3.11%, 0, 20, 6, 114.08, 87212, 2038
825, 0, 77, 80, 58, 34, 3.11%, 0, 20, 6, 148.74, 87668, 2038
830, 0, 77, 80, 58, 34, 3.11%, 0, 20, 6, 186.57, 87963, 2038
835, 0, 43, 80, 57, 33, 3.11%, 0, 20, 6, 115.16, 88494, 2038
840, 0, 43, 80, 57, 33, 3.11%, 0, 21, 6, 180.49, 89196, 2038
846, 0, 43, 80, 57, 33, 3.11%, 0, 22, 6, 36.07, 89890, 2038
851, 0, 62, 81, 57, 32, 3.11%, 0, 22, 6, 123.47, 90397, 2041
856, 0, 62, 81, 57, 32, 3.11%, 0, 23, 6, 156.72, 91071, 2041
862, 0, 80, 81, 56, 32, 3.11%, 0, 23, 6, 8.33, 92004, 2041
867, 0, 80, 81, 56, 32, 3.11%, 0, 24, 6, 5.77, 92397, 2041
872, 0, 80, 81, 56, 32, 3.11%, 0, 24, 6, 161.94, 93076, 2041
877, 0, 44, 81, 55, 31, 3.11%, 0, 24, 6, 103.62, 93741, 2041
882, 0, 44, 81, 55, 31, 3.11%, 0, 24, 6, 4.49, 93835, 2041
888, 0, 44, 81, 55, 31, 3.11%, 0, 24, 6, 4.23, 93853, 2041
893, 0, 44, 81, 55, 31, 3.11%, 0, 24, 6, 1.06, 93892, 2041
898, 0, 44, 81, 55, 31, 3.11%, 0, 24, 6, 1.14, 93899, 2041
903, 0, 44, 81, 55, 31, 3.11%, 0, 24, 6, 1.15, 93905, 2041
908, 0, 44, 81, 55, 31, 3.11%, 0, 24, 6, 1.20, 93912, 2041
913, 0, 44, 81, 55, 31, 3.11%, 0, 24, 6, 1.26, 93919, 2041
919, 0, 44, 81, 55, 31, 3.11%, 0, 24, 6, 1.00, 93956, 2041
924, 0, 44, 81, 55, 31, 3.11%, 0, 24, 6, 1.10, 93963, 2041
929, 0, 44, 81, 55, 31, 3.11%, 0, 24, 6, 1.28, 93973, 2041
934, 0, 44, 81, 55, 31, 3.11%, 0, 24, 6, 1.48, 93983, 2041
940, 0, 44, 81, 55, 31, 3.11%, 0, 27, 6, 3.80, 94022, 2041
945, 0, 44, 81, 55, 31, 3.11%, 0, 27, 6, 3.09, 94028, 2041
950, 0, 44, 81, 55, 31, 3.11%, 0, 27, 6, 2.67, 94036, 2041
955, 0, 44, 81, 55, 31, 3.11%, 0, 27, 6, 2.37, 94044, 2041
961, 0, 44, 81, 55, 31, 3.11%, 0, 28, 6, 1.11, 94119, 2041
966, 0, 44, 81, 55, 31, 3.11%, 0, 29, 6, 1.13, 94125, 2041
971, 0, 44, 81, 55, 31, 3.11%, 0, 29, 6, 1.40, 94136, 2041
976, 0, 44, 81, 55, 31, 3.11%, 0, 29, 6, 1.34, 94142, 2041
981, 0, 79, 81, 54, 30, 3.11%, 0, 29, 6, 4.84, 94249, 2041
986, 0, 79, 81, 54, 30, 3.11%, 0, 30, 6, 178.43, 94807, 2041
991, 0, 73, 81, 53, 29, 3.11%, 0, 30, 6, 179.99, 95785, 2041
997, 0, 73, 81, 53, 29, 3.11%, 0, 31, 6, 20.92, 96208, 2041
1002, 0, 73, 82, 54, 29, 3.12%, 0, 31, 6, 166.37, 97017, 2042
1007, 0, 73, 84, 56, 29, 3.14%, 0, 31, 6, 156.09, 97734, 2058
1012, 0, 65, 84, 55, 29, 3.14%, 0, 31, 6, 105.53, 97973, 2058
1018, 0, 65, 84, 55, 29, 3.14%, 0, 32, 6, 23.85, 98280, 2058
1023, 0, 65, 84, 55, 29, 3.14%, 0, 32, 6, 194.61, 98911, 2058
1028, 0, 59, 84, 54, 28, 3.14%, 0, 32, 6, 133.95, 99641, 2058
1035, 0, 59, 84, 54, 28, 3.14%, 0, 33, 6, 4.37, 100149, 2058
1040, 0, 59, 84, 54, 28, 3.14%, 0, 33, 6, 157.69, 100883, 2058
1046, 0, 37, 85, 54, 28, 3.16%, 0, 33, 6, 3.93, 101402, 2070
1051, 0, 37, 85, 54, 28, 3.16%, 0, 33, 6, 186.20, 102321, 2070
1056, 0, 33, 85, 53, 27, 3.16%, 0, 33, 6, 9.13, 102747, 2070
1061, 0, 33, 85, 53, 27, 3.16%, 0, 33, 6, 1.11, 102754, 2070
1066, 0, 33, 85, 53, 27, 3.16%, 0, 33, 6, 1.07, 102759, 2070
1072, 0, 33, 85, 53, 27, 3.16%, 0, 34, 6, 1.00, 102780, 2070
1077, 0, 33, 85, 53, 27, 3.16%, 0, 34, 6, 1.05, 102786, 2070
1083, 0, 33, 85, 53, 27, 3.16%, 0, 35, 6, 14.64, 102937, 2070
1088, 0, 33, 85, 53, 27, 3.16%, 0, 35, 6, 6.80, 102951, 2070
1093, 0, 61, 85, 52, 26, 3.16%, 0, 36, 6, 166.98, 103294, 2070
1098, 0, 61, 85, 52, 26, 3.16%, 0, 37, 6, 158.42, 103849, 2070
1103, 0, 76, 86, 52, 24, 3.16%, 0, 37, 6, 10.80, 104592, 2070
1108, 0, 76, 86, 52, 24, 3.16%, 0, 37, 6, 174.29, 105299, 2070
1113, 0, 76, 86, 52, 24, 3.16%, 0, 37, 6, 121.99, 105937, 2070
1119, 0, 53, 86, 51, 23, 3.16%, 0, 37, 6, 170.69, 106906, 2070
1124, 0, 71, 86, 50, 22, 3.16%, 0, 37, 6, 157.09, 107604, 2070
1129, 0, 71, 86, 50, 22, 3.16%, 0, 38, 6, 7.55, 108150, 2070
1134, 0, 71, 86, 50, 22, 3.16%, 0, 38, 6, 167.57, 108976, 2070
1140, 0, 68, 86, 49, 21, 3.16%, 0, 38, 6, 167.05, 109406, 2070
1145, 0, 68, 86, 49, 21, 3.16%, 0, 38, 6, 159.20, 109738, 2070
1150, 0, 68, 86, 49, 21, 3.16%, 0, 38, 6, 168.72, 110609, 2070
1155, 0, 57, 86, 48, 20, 3.16%, 0, 39, 6, 18.28, 111116, 2070
1160, 0, 57, 86, 48, 20, 3.16%, 0, 39, 6, 195.21, 111840, 2070
1165, 0, 52, 86, 47, 19, 3.16%, 0, 39, 6, 159.43, 112644, 2070
1171, 0, 52, 86, 47, 19, 3.16%, 0, 39, 6, 13.38, 113476, 2070
1177, 0, 85, 86, 46, 18, 3.16%, 0, 39, 6, 25.00, 114381, 2070
1182, 0, 85, 86, 46, 18, 3.16%, 0, 40, 6, 1.93, 114430, 2070
1187, 0, 85, 86, 46, 18, 3.16%, 0, 40, 6, 1.72, 114436, 2070
1192, 0, 44, 86, 45, 17, 3.16%, 0, 40, 6, 8.56, 114877, 2070
1197, 0, 44, 86, 45, 17, 3.16%, 0, 40, 6, 2.00, 115322, 2070
1203, 0, 44, 86, 45, 17, 3.16%, 0, 40, 6, 2.30, 115338, 2070
1208, 0, 44, 86, 45, 17, 3.16%, 0, 40, 6, 2.14, 115347, 2070
1213, 0, 44, 86, 45, 17, 3.16%, 0, 40, 6, 1.98, 115355, 2070
1218, 0, 44, 86, 45, 17, 3.16%, 0, 40, 6, 1.94, 115365, 2070
1223, 0, 44, 86, 45, 17, 3.16%, 0, 40, 6, 2.13, 115379, 2070
1230, 0, 44, 86, 45, 17, 3.16%, 0, 40, 6, 7.03, 115536, 2070
1235, 0, 44, 86, 45, 17, 3.16%, 0, 40, 6, 1.00, 115541, 2070
1240, 0, 44, 86, 45, 17, 3.16%, 0, 40, 6, 1.05, 115547, 2070
1245, 0, 44, 86, 45, 17, 3.16%, 0, 40, 6, 1.03, 115552, 2070
1250, 0, 44, 86, 45, 17, 3.16%, 0, 40, 6, 1.02, 115557, 2070
1255, 0, 44, 86, 45, 17, 3.16%, 0, 40, 6, 1.02, 115562, 2070
1260, 0, 44, 86, 45, 17, 3.16%, 0, 40, 6, 1.12, 115569, 2070
1265, 0, 44, 86, 45, 17, 3.16%, 0, 40, 6, 1.14, 115575, 2070
1270, 0, 44, 86, 45, 17, 3.16%, 0, 40, 6, 1.10, 115580, 2070
1275, 0, 44, 86, 45, 17, 3.16%, 0, 40, 6, 1.12, 115586, 2070
1280, 0, 44, 86, 45, 17, 3.16%, 0, 40, 6, 1.09, 115591, 2070
1285, 0, 44, 86, 45, 17, 3.16%, 0, 40, 6, 1.11, 115597, 2070
1290, 0, 44, 86, 45, 17, 3.16%, 0, 40, 6, 1.08, 115602, 2070
1296, 0, 44, 86, 45, 17, 3.16%, 0, 40, 6, 8.51, 115641, 2070
1301, 0, 44, 86, 45, 17, 3.16%, 0, 40, 6, 2.54, 115764, 2070
1306, 0, 44, 86, 45, 17, 3.16%, 0, 40, 6, 2.49, 115776, 2070
1312, 0, 44, 86, 45, 17, 3.16%, 0, 40, 6, 3.63, 115812, 2070
1317, 0, 44, 86, 45, 17, 3.16%, 0, 40, 6, 69.68, 116151, 2070
1322, 0, 28, 86, 45, 17, 3.16%, 0, 40, 6, 197.58, 117332, 2070
1327, 0, 28, 86, 45, 17, 3.16%, 0, 41, 6, 23.56, 118221, 2070
1333, 0, 79, 86, 45, 17, 3.16%, 0, 41, 6, 164.90, 118968, 2070
1338, 0, 79, 86, 45, 17, 3.16%, 0, 41, 6, 23.68, 119529, 2070
1344, 0, 79, 86, 45, 17, 3.16%, 0, 41, 6, 13.88, 120033, 2070
1349, 0, 79, 86, 45, 17, 3.16%, 0, 41, 6, 159.43, 120566, 2070
1354, 0, 79, 86, 45, 17, 3.16%, 0, 41, 6, 135.59, 121229, 2070
1359, 0, 79, 86, 45, 17, 3.16%, 0, 41, 6, 185.36, 122006, 2070
1364, 0, 79, 86, 45, 17, 3.16%, 0, 41, 6, 179.72, 122937, 2070
1369, 0, 79, 86, 45, 17, 3.16%, 0, 41, 6, 137.18, 123581, 2070
1374, 0, 81, 86, 45, 17, 3.16%, 0, 41, 6, 122.47, 124119, 2070
1379, 0, 81, 86, 45, 17, 3.16%, 0, 41, 6, 142.34, 124691, 2070
1384, 0, 81, 86, 45, 17, 3.16%, 0, 41, 6, 137.89, 125293, 2070
1389, 0, 55, 86, 44, 16, 3.16%, 0, 41, 6, 232.28, 126073, 2070
1395, 0, 55, 86, 44, 16, 3.16%, 0, 41, 6, 157.72, 126853, 2070
1400, 0, 84, 87, 44, 15, 3.16%, 0, 41, 7, 159.80, 127643, 2070
1405, 0, 78, 87, 43, 14, 3.16%, 0, 41, 7, 155.32, 128438, 2070
1410, 0, 78, 87, 43, 14, 3.16%, 0, 41, 7, 175.95, 129353, 2070
1415, 0, 36, 87, 42, 13, 3.16%, 0, 41, 7, 180.60, 129808, 2070
1420, 0, 69, 87, 41, 12, 3.16%, 0, 41, 7, 119.83, 130554, 2070
1425, 0, 69, 87, 41, 12, 3.16%, 0, 41, 7, 166.72, 131048, 2070
1431, 0, 82, 87, 40, 11, 3.16%, 0, 41, 7, 8.33, 131895, 2070
1436, 0, 82, 88, 41, 11, 3.16%, 0, 42, 7, 20.37, 132221, 2073
1441, 0, 82, 88, 41, 11, 3.16%, 0, 42, 7, 25.68, 132428, 2073
1446, 0, 82, 89, 42, 11, 3.16%, 0, 42, 7, 150.19, 132739, 2074
1452, 0, 82, 89, 42, 11, 3.16%, 0, 42, 7, 11.24, 133257, 2074
1457, 0, 82, 89, 42, 11, 3.16%, 0, 42, 7, 1.00, 133750, 2074
1462, 0, 82, 89, 42, 11, 3.16%, 0, 42, 7, 228.00, 134521, 2074
1467, 0, 60, 89, 41, 12, 3.16%, 0, 42, 7, 179.42, 135117, 2074
1472, 0, 60, 89, 41, 12, 3.16%, 0, 42, 7, 168.81, 135480, 2074
1477, 0, 74, 89, 40, 11, 3.16%, 0, 42, 7, 194.55, 136451, 2074
1482, 0, 74, 89, 40, 11, 3.16%, 0, 42, 7, 19.71, 136921, 2074
1488, 0, 74, 89, 40, 11, 3.16%, 0, 42, 7, 172.86, 137549, 2074
1493, 0, 72, 89, 39, 10, 3.16%, 0, 42, 7, 99.01, 138099, 2074
1499, 0, 72, 89, 39, 10, 3.16%, 0, 43, 7, 11.28, 138559, 2074
1504, 0, 72, 89, 39, 10, 3.16%, 0, 43, 7, 183.90, 139550, 2074
1509, 0, 41, 89, 38, 9, 3.16%, 0, 43, 7, 20.24, 140427, 2074
1515, 0, 41, 89, 38, 9, 3.16%, 0, 44, 7, 5.86, 140868, 2074
1520, 0, 41, 89, 38, 9, 3.16%, 0, 44, 7, 184.27, 141901, 2074
1525, 0, 39, 89, 37, 8, 3.16%, 0, 45, 7, 172.96, 142422, 2074
1531, 0, 39, 89, 37, 8, 3.16%, 0, 45, 7, 3.92, 143299, 2074
1536, 0, 34, 89, 36, 7, 3.16%, 0, 45, 7, 15.33, 143879, 2074
1541, 0, 88, 89, 35, 7, 3.16%, 0, 45, 7, 9.35, 144459, 2074
1546, 0, 88, 89, 35, 7, 3.16%, 0, 46, 7, 165.04, 144789, 2074
1552, 0, 88, 89, 35, 7, 3.16%, 0, 46, 7, 128.97, 145569, 2074
1557, 0, 47, 89, 34, 6, 3.16%, 0, 46, 7, 185.27, 146572, 2074
1562, 0, 29, 89, 33, 5, 3.16%, 0, 46, 7, 167.58, 147251, 2074
1567, 0, 29, 89, 33, 5, 3.16%, 0, 46, 7, 206.85, 148364, 2074
1572, 0, 29, 89, 33, 5, 3.16%, 0, 46, 7, 230.92, 149590, 2074
1577, 0, 48, 89, 33, 5, 3.16%, 0, 46, 7, 198.95, 150547, 2074
1583, 0, 67, 89, 32, 4, 3.16%, 0, 46, 7, 101.88, 151311, 2074
1588, 0, 67, 89, 32, 4, 3.16%, 0, 47, 7, 197.69, 152098, 2074
1593, 0, 28, 89, 31, 3, 3.16%, 0, 47, 7, 220.56, 153215, 2074
1598, 0, 54, 89, 31, 3, 3.16%, 0, 47, 7, 133.47, 154066, 2074
1603, 0, 54, 89, 31, 3, 3.16%, 0, 47, 7, 8.51, 154465, 2074
1608, 0, 54, 89, 31, 3, 3.16%, 0, 47, 7, 175.99, 155401, 2074
1613, 0, 28, 89, 30, 2, 3.16%, 0, 47, 7, 214.77, 156559, 2074
1619, 0, 46, 89, 30, 2, 3.16%, 0, 47, 7, 143.18, 157269, 2074
1624, 0, 42, 89, 29, 1, 3.16%, 0, 47, 7, 193.89, 158343, 2074
1629, 0, 42, 89, 29, 1, 3.16%, 0, 47, 7, 143.77, 159005, 2074
1634, 0, 42, 89, 29, 1, 3.16%, 0, 47, 7, 116.81, 159525, 2074
1639, 0, 42, 89, 29, 1, 3.16%, 0, 47, 7, 125.99, 160123, 2074
1644, 0, 42, 89, 29, 1, 3.16%, 0, 47, 7, 75.35, 160481, 2074
1650, 0, 42, 89, 29, 1, 3.16%, 0, 47, 7, 3.94, 160911, 2074
1655, 0, 42, 89, 29, 1, 3.16%, 0, 47, 7, 31.39, 160986, 2074
1660, 0, 42, 89, 29, 1, 3.16%, 0, 48, 7, 1.00, 161062, 2074
1666, 0, 42, 89, 29, 1, 3.16%, 0, 48, 7, 10.32, 161114, 2074
1671, 0, 42, 89, 29, 1, 3.16%, 0, 48, 7, 16.45, 161529, 2074
1677, 0, 42, 89, 29, 1, 3.16%, 0, 48, 7, 198.38, 162657, 2074
1682, 0, 42, 89, 29, 1, 3.16%, 0, 48, 7, 89.29, 163189, 2074
1688, 0, 85, 89, 29, 1, 3.16%, 0, 48, 7, 1.06, 163583, 2074
1693, 0, 85, 89, 29, 1, 3.16%, 0, 48, 7, 1.31, 163593, 2074
1698, 0, 85, 89, 29, 1, 3.16%, 0, 48, 7, 1.22, 163598, 2074
1703, 0, 85, 89, 29, 1, 3.16%, 0, 48, 7, 1.21, 163604, 2074
1711, 0, 85, 89, 29, 1, 3.16%, 0, 48, 7, 5.85, 163726, 2074
1716, 0, 85, 89, 29, 1, 3.16%, 0, 48, 7, 1.10, 163733, 2074
1721, 0, 85, 89, 29, 1, 3.16%, 0, 48, 7, 1.13, 163739, 2074
1727, 0, 46, 89, 29, 1, 3.16%, 0, 48, 7, 199.81, 164211, 2074
1732, 0, 46, 89, 29, 1, 3.16%, 0, 49, 7, 2.96, 164854, 2074
1738, 0, 46, 89, 29, 1, 3.16%, 0, 49, 7, 165.74, 165217, 2074
1743, 0, 46, 89, 29, 1, 3.16%, 0, 49, 7, 14.06, 165479, 2074
1749, 0, 46, 89, 29, 1, 3.16%, 0, 49, 7, 22.71, 165865, 2074
1754, 0, 46, 89, 29, 1, 3.16%, 0, 49, 7, 156.48, 166701, 2074
1759, 0, 46, 89, 29, 1, 3.16%, 0, 49, 7, 20.73, 167659, 2074
1764, 0, 46, 89, 29, 1, 3.16%, 0, 49, 7, 223.21, 168813, 2074
1769, 0, 44, 89, 29, 1, 3.16%, 0, 49, 7, 131.00, 169493, 2074
1775, 0, 44, 89, 29, 1, 3.16%, 0, 49, 7, 1.00, 169884, 2074
1780, 0, 44, 89, 29, 1, 3.16%, 0, 49, 7, 1.09, 169891, 2074
1785, 0, 44, 89, 29, 1, 3.16%, 0, 49, 7, 1.11, 169897, 2074
1790, 0, 44, 89, 29, 1, 3.16%, 0, 49, 7, 1.18, 169904, 2074
1795, 0, 44, 89, 29, 1, 3.16%, 0, 49, 7, 1.24, 169911, 2074
1800, 0, 44, 89, 29, 1, 3.16%, 0, 50, 7, 1.35, 169919, 2074
1805, 0, 44, 89, 29, 1, 3.16%, 0, 50, 7, 1.25, 169924, 2074
1810, 0, 44, 89, 29, 1, 3.16%, 0, 50, 7, 1.29, 169931, 2074
1816, 0, 44, 89, 29, 1, 3.16%, 0, 50, 7, 7.72, 170113, 2074
1821, 0, 44, 89, 29, 1, 3.16%, 0, 50, 7, 47.42, 170228, 2074
1826, 0, 87, 89, 29, 1, 3.16%, 0, 50, 7, 105.51, 170581, 2074
1831, 0, 87, 89, 29, 1, 3.16%, 0, 50, 7, 146.73, 170907, 2074
1837, 0, 87, 89, 29, 1, 3.16%, 0, 50, 7, 181.79, 171893, 2074
1842, 0, 55, 89, 28, 0, 3.16%, 0, 50, 7, 176.77, 172744, 2074
1847, 0, 55, 89, 28, 0, 3.16%, 0, 50, 7, 168.27, 173522, 2074
1852, 0, 28, 89, 28, 0, 3.16%, 0, 50, 7, 205.29, 174625, 2074
1857, 0, 28, 89, 28, 0, 3.16%, 0, 50, 7, 194.95, 175651, 2074
1862, 0, 28, 89, 28, 0, 3.16%, 0, 50, 7, 196.86, 176690, 2074
1868, 0, 46, 89, 28, 0, 3.16%, 0, 50, 7, 25.64, 177360, 2074
1873, 0, 46, 89, 28, 0, 3.16%, 0, 50, 7, 4.81, 177714, 2074
1878, 0, 46, 89, 28, 0, 3.16%, 0, 50, 7, 160.83, 178065, 2074
1883, 0, 46, 89, 28, 0, 3.16%, 0, 50, 7, 196.03, 178956, 2074
1889, 0, 46, 89, 28, 0, 3.16%, 0, 50, 7, 197.92, 179949, 2074
1894, 0, 28, 89, 28, 0, 3.16%, 0, 50, 7, 213.97, 181037, 2074
1899, 0, 31, 89, 28, 0, 3.16%, 0, 50, 7, 201.17, 182048, 2074
1904, 0, 28, 89, 28, 0, 3.16%, 0, 50, 7, 208.31, 183109, 2074
1909, 0, 28, 89, 28, 0, 3.16%, 0, 50, 7, 220.40, 184197, 2074
1914, 0, 28, 89, 28, 0, 3.16%, 0, 50, 7, 212.16, 185262, 2074
1919, 0, 28, 90, 29, 0, 3.17%, 0, 50, 7, 219.43, 186433, 2075
1924, 0, 53, 90, 28, 0, 3.17%, 0, 50, 7, 217.74, 187552, 2075
1929, 0, 53, 90, 28, 0, 3.17%, 0, 50, 7, 182.14, 188294, 2075
1934, 0, 53, 90, 28, 0, 3.17%, 0, 50, 7, 196.13, 188864, 2075
1940, 0, 53, 90, 28, 0, 3.17%, 0, 50, 7, 168.96, 189677, 2075
1945, 0, 53, 90, 28, 0, 3.17%, 0, 50, 7, 204.56, 190806, 2075
1950, 0, 53, 90, 28, 0, 3.17%, 0, 50, 7, 10.70, 191210, 2075
1956, 0, 53, 90, 28, 0, 3.17%, 0, 50, 7, 179.03, 192061, 2075
1961, 0, 39, 90, 28, 0, 3.17%, 0, 50, 7, 189.83, 192886, 2075
1966, 0, 39, 90, 28, 0, 3.17%, 0, 50, 7, 192.42, 193648, 2075
1972, 0, 39, 90, 28, 0, 3.17%, 0, 50, 7, 10.19, 194322, 2075
1977, 0, 39, 90, 28, 0, 3.17%, 0, 50, 7, 201.47, 195349, 2075
1983, 0, 39, 90, 28, 0, 3.17%, 0, 50, 7, 9.09, 196040, 2075
1988, 0, 39, 90, 28, 0, 3.17%, 0, 50, 7, 150.21, 196400, 2075
1993, 0, 39, 90, 28, 0, 3.17%, 0, 50, 7, 218.34, 197615, 2075
1998, 0, 31, 90, 28, 0, 3.17%, 0, 50, 7, 218.27, 198427, 2075
2003, 0, 31, 90, 28, 0, 3.17%, 0, 51, 7, 43.15, 199050, 2075
2009, 0, 47, 90, 28, 0, 3.17%, 0, 51, 7, 150.58, 199935, 2075
2014, 0, 47, 90, 28, 0, 3.17%, 0, 51, 7, 171.22, 200829, 2075
2019, 0, 47, 90, 28, 0, 3.17%, 0, 51, 7, 180.19, 201622, 2075
2024, 0, 47, 90, 28, 0, 3.17%, 0, 51, 7, 200.34, 202716, 2075
2029, 0, 47, 90, 28, 0, 3.17%, 0, 51, 7, 207.08, 203824, 2075
2034, 0, 31, 90, 28, 0, 3.17%, 0, 51, 7, 199.12, 204827, 2075
2039, 0, 89, 90, 28, 0, 3.17%, 0, 51, 7, 210.52, 205883, 2075
2044, 0, 89, 90, 28, 0, 3.17%, 0, 51, 7, 212.23, 206990, 2075
2049, 0, 89, 90, 28, 0, 3.17%, 0, 51, 7, 216.28, 208044, 2075
2054, 0, 43, 90, 28, 0, 3.17%, 0, 51, 7, 184.78, 208951, 2075
2059, 0, 43, 90, 28, 0, 3.17%, 0, 51, 7, 183.31, 209860, 2075
2064, 0, 43, 90, 28, 0, 3.17%, 0, 51, 7, 197.45, 210818, 2075
2069, 0, 43, 90, 28, 0, 3.17%, 0, 51, 7, 10.41, 211613, 2075
2075, 0, 79, 90, 28, 0, 3.17%, 0, 51, 7, 203.07, 212133, 2075
2080, 0, 79, 90, 28, 0, 3.17%, 0, 51, 7, 184.49, 213050, 2075
2085, 1, 52, 90, 28, 0, 3.17%, 0, 52, 7, 181.11, 213832, 2075
2090, 1, 52, 90, 28, 0, 3.17%, 0, 52, 7, 179.77, 214762, 2075
2095, 1, 52, 90, 28, 0, 3.17%, 0, 52, 7, 167.08, 215101, 2075
2100, 1, 52, 90, 28, 0, 3.17%, 0, 52, 7, 174.75, 215852, 2075
2105, 1, 52, 90, 28, 0, 3.17%, 0, 52, 7, 210.91, 217024, 2075
2110, 1, 52, 90, 28, 0, 3.17%, 0, 52, 7, 217.90, 217612, 2075
2115, 1, 28, 90, 28, 0, 3.17%, 0, 52, 7, 229.48, 218800, 2075
2121, 1, 69, 90, 28, 0, 3.17%, 0, 52, 7, 215.14, 219921, 2075
2126, 1, 69, 90, 28, 0, 3.17%, 0, 52, 7, 140.12, 220417, 2075
2131, 1, 69, 90, 28, 0, 3.17%, 0, 52, 7, 174.46, 221433, 2075
2136, 1, 71, 90, 28, 0, 3.17%, 0, 52, 7, 175.13, 221991, 2075
2141, 1, 71, 90, 28, 0, 3.17%, 0, 52, 7, 197.01, 223032, 2075
2147, 1, 44, 90, 28, 0, 3.17%, 0, 52, 7, 12.81, 223719, 2075
2152, 1, 44, 90, 28, 0, 3.17%, 0, 52, 7, 1.00, 223776, 2075
2157, 1, 44, 90, 28, 0, 3.17%, 0, 52, 7, 1.00, 223781, 2075
2163, 1, 44, 90, 28, 0, 3.17%, 0, 52, 7, 1.15, 223789, 2075
2168, 1, 44, 90, 28, 0, 3.17%, 0, 52, 7, 1.17, 223795, 2075
2173, 1, 44, 90, 28, 0, 3.17%, 0, 52, 7, 1.12, 223800, 2075
2178, 1, 44, 90, 28, 0, 3.17%, 0, 52, 7, 1.09, 223805, 2075
2183, 1, 44, 90, 28, 0, 3.17%, 0, 52, 7, 1.16, 223812, 2075
2188, 1, 44, 90, 28, 0, 3.17%, 0, 53, 7, 1.23, 223819, 2075
2193, 1, 44, 90, 28, 0, 3.17%, 0, 53, 7, 1.17, 223824, 2075
2198, 1, 44, 90, 28, 0, 3.17%, 0, 53, 7, 8.29, 223985, 2075
2204, 1, 44, 90, 28, 0, 3.17%, 0, 53, 7, 7.85, 224135, 2075
2209, 1, 44, 90, 28, 0, 3.17%, 0, 53, 7, 5.22, 224205, 2075
2214, 1, 69, 90, 28, 0, 3.17%, 0, 53, 7, 103.04, 224700, 2075
2220, 1, 69, 90, 28, 0, 3.17%, 0, 53, 7, 16.72, 225235, 2075
2225, 1, 69, 90, 28, 0, 3.17%, 0, 53, 7, 184.96, 225859, 2075
2230, 1, 28, 90, 28, 0, 3.17%, 0, 53, 7, 214.14, 226994, 2075
2236, 1, 31, 90, 28, 0, 3.17%, 0, 53, 7, 215.82, 228123, 2075
2241, 1, 31, 90, 28, 0, 3.17%, 0, 53, 7, 203.39, 228954, 2075
2246, 1, 31, 90, 28, 0, 3.17%, 0, 53, 7, 25.00, 229420, 2075
2251, 1, 31, 90, 28, 0, 3.17%, 0, 53, 7, 16.29, 229737, 2075
2256, 1, 44, 90, 28, 0, 3.17%, 0, 53, 7, 178.11, 230614, 2075
2261, 1, 44, 90, 28, 0, 3.17%, 0, 53, 7, 123.76, 230900, 2075
2267, 1, 44, 90, 28, 0, 3.17%, 0, 53, 7, 145.45, 231396, 2075
2272, 1, 44, 90, 28, 0, 3.17%, 0, 53, 7, 7.77, 231503, 2075
2277, 1, 44, 90, 28, 0, 3.17%, 0, 53, 7, 1.24, 231519, 2075
2282, 1, 44, 90, 28, 0, 3.17%, 0, 53, 7, 1.54, 231531, 2075
2288, 1, 44, 90, 28, 0, 3.17%, 0, 53, 7, 1.98, 231614, 2075
2293, 1, 23, 90, 28, 0, 3.17%, 0, 53, 7, 164.08, 232324, 2075
2298, 1, 85, 90, 28, 0, 3.17%, 0, 53, 7, 15.24, 232559, 2075
2304, 1, 85, 90, 28, 0, 3.17%, 0, 53, 7, 19.33, 232678, 2075
2309, 1, 85, 90, 28, 0, 3.17%, 0, 53, 7, 2.02, 232724, 2075
2314, 1, 85, 90, 28, 0, 3.17%, 0, 53, 7, 1.79, 232730, 2075
2319, 1, 28, 90, 28, 0, 3.17%, 0, 53, 7, 225.56, 233668, 2075
2324, 1, 28, 90, 28, 0, 3.17%, 0, 53, 7, 227.01, 234795, 2075
2329, 1, 31, 90, 28, 0, 3.17%, 0, 53, 7, 216.46, 235866, 2075
2334, 1, 28, 90, 28, 0, 3.17%, 0, 53, 7, 208.13, 236911, 2075
2339, 1, 29, 90, 28, 0, 3.17%, 0, 53, 7, 211.73, 237987, 2075
2344, 1, 29, 90, 28, 0, 3.17%, 0, 53, 7, 216.95, 239080, 2075
2349, 1, 29, 90, 28, 0, 3.17%, 0, 53, 7, 204.12, 240058, 2075
2355, 1, 44, 90, 28, 0, 3.17%, 0, 53, 7, 18.80, 240518, 2075
2360, 1, 44, 90, 28, 0, 3.17%, 0, 53, 7, 2.91, 240534, 2075
2365, 1, 44, 90, 28, 0, 3.17%, 0, 53, 7, 3.38, 240559, 2075
2370, 1, 44, 90, 28, 0, 3.17%, 0, 53, 7, 1.00, 240617, 2075
2375, 1, 44, 90, 28, 0, 3.17%, 0, 53, 7, 51.82, 240768, 2075
2381, 1, 44, 90, 28, 0, 3.17%, 0, 53, 7, 3.73, 241147, 2075
2386, 1, 44, 90, 28, 0, 3.17%, 0, 53, 7, 6.91, 241211, 2075
2392, 1, 44, 90, 28, 0, 3.17%, 0, 54, 7, 3.73, 241295, 2075
2397, 1, 29, 90, 28, 0, 3.17%, 0, 54, 7, 131.55, 241827, 2075
2403, 1, 29, 90, 28, 0, 3.17%, 0, 54, 7, 198.12, 242937, 2075
2408, 1, 42, 90, 28, 0, 3.17%, 0, 54, 7, 195.19, 243969, 2075
2413, 1, 42, 90, 28, 0, 3.17%, 0, 54, 7, 143.81, 244240, 2075
2418, 1, 42, 90, 28, 0, 3.17%, 0, 54, 7, 164.91, 244827, 2075
2423, 1, 42, 90, 28, 0, 3.17%, 0, 54, 7, 10.38, 245147, 2075
2428, 1, 42, 90, 28, 0, 3.17%, 0, 54, 7, 234.32, 246135, 2075
2435, 1, 42, 90, 28, 0, 3.17%, 0, 54, 7, 1.99, 247101, 2075
2440, 1, 42, 90, 28, 0, 3.17%, 0, 54, 7, 2.59, 247123, 2075
2445, 1, 42, 90, 28, 0, 3.17%, 0, 54, 7, 11.55, 247163, 2075
2450, 1, 42, 90, 28, 0, 3.17%, 0, 54, 7, 1.11, 247181, 2075
2455, 1, 42, 90, 28, 0, 3.17%, 0, 54, 7, 9.27, 247198, 2075
2460, 1, 28, 90, 28, 0, 3.17%, 0, 54, 7, 123.29, 247381, 2075
2466, 1, 28, 90, 28, 0, 3.17%, 0, 54, 7, 198.98, 248530, 2075
2471, 1, 28, 90, 28, 0, 3.17%, 0, 54, 7, 212.66, 249632, 2075
2477, 1, 69, 90, 28, 0, 3.17%, 0, 54, 7, 16.17, 250329, 2075
2482, 1, 69, 90, 28, 0, 3.17%, 0, 54, 7, 162.36, 251135, 2075
2487, 1, 28, 90, 28, 0, 3.17%, 0, 54, 7, 186.29, 251986, 2075
2492, 1, 39, 90, 28, 0, 3.17%, 0, 54, 7, 191.24, 253017, 2075
2497, 1, 39, 90, 28, 0, 3.17%, 0, 54, 7, 26.02, 253404, 2075
2503, 1, 39, 90, 28, 0, 3.17%, 0, 54, 7, 23.67, 253941, 2075
2508, 1, 39, 90, 28, 0, 3.17%, 0, 54, 7, 212.20, 254323, 2075
2514, 1, 39, 90, 28, 0, 3.17%, 0, 54, 7, 236.45, 255225, 2075
2519, 1, 39, 90, 28, 0, 3.17%, 0, 54, 7, 167.70, 256050, 2075
2524, 1, 39, 90, 28, 0, 3.17%, 0, 54, 7, 182.27, 256741, 2075
2529, 1, 28, 90, 28, 0, 3.17%, 0, 54, 7, 207.92, 257829, 2075
2534, 1, 28, 90, 28, 0, 3.17%, 0, 54, 7, 212.61, 258976, 2075
2539, 1, 29, 90, 28, 0, 3.17%, 0, 54, 7, 220.72, 260103, 2075
2544, 1, 29, 90, 28, 0, 3.17%, 0, 54, 7, 220.48, 261223, 2075
2550, 1, 52, 90, 28, 0, 3.17%, 0, 54, 7, 163.09, 261998, 2075
2555, 1, 52, 90, 28, 0, 3.17%, 0, 54, 7, 5.79, 262595, 2075
2561, 1, 52, 90, 28, 0, 3.17%, 0, 54, 7, 2.93, 263078, 2075
2566, 1, 52, 90, 28, 0, 3.17%, 0, 54, 7, 188.28, 263461, 2075
2571, 1, 52, 90, 28, 0, 3.17%, 0, 54, 7, 203.23, 264473, 2075
2576, 1, 52, 90, 28, 0, 3.17%, 0, 54, 7, 194.91, 265363, 2075
2582, 1, 52, 90, 28, 0, 3.17%, 0, 54, 7, 5.71, 266045, 2075
2587, 1, 28, 90, 28, 0, 3.17%, 0, 54, 7, 182.48, 266653, 2075
2592, 1, 28, 90, 28, 0, 3.17%, 0, 54, 7, 169.47, 267530, 2075
2597, 1, 31, 90, 28, 0, 3.17%, 0, 54, 7, 144.36, 268243, 2075
2602, 1, 28, 90, 28, 0, 3.17%, 0, 54, 7, 148.80, 269015, 2075
2607, 1, 28, 90, 28, 0, 3.17%, 0, 54, 7, 214.06, 270158, 2075
2612, 1, 4, 90, 28, 0, 3.17%, 0, 54, 7, 216.06, 271283, 2075
2617, 1, 4, 90, 28, 0, 3.17%, 0, 54, 7, 223.36, 272220, 2075
2623, 1, 47, 90, 28, 0, 3.17%, 0, 54, 7, 3.94, 272882, 2075
2629, 1, 47, 90, 28, 0, 3.17%, 0, 54, 7, 32.26, 273433, 2075
2634, 1, 47, 90, 28, 0, 3.17%, 0, 54, 7, 195.38, 274395, 2075
2639, 1, 47, 90, 28, 0, 3.17%, 0, 54, 7, 219.78, 275518, 2075
2644, 1, 47, 90, 28, 0, 3.17%, 0, 54, 7, 180.79, 276414, 2075
2649, 1, 47, 90, 28, 0, 3.17%, 0, 54, 7, 164.48, 277264, 2075
2654, 1, 28, 90, 28, 0, 3.17%, 0, 54, 7, 165.45, 278011, 2075
2659, 1, 28, 90, 28, 0, 3.17%, 0, 54, 7, 17.53, 278888, 2075
2664, 1, 31, 90, 28, 0, 3.17%, 0, 54, 7, 179.10, 279732, 2075
2670, 1, 21, 90, 28, 0, 3.17%, 0, 54, 7, 162.49, 280587, 2075
2675, 1, 21, 90, 28, 0, 3.17%, 0, 54, 7, 167.07, 281399, 2075
2680, 1, 21, 90, 28, 0, 3.17%, 0, 54, 7, 209.62, 282524, 2075
2685, 1, 47, 90, 28, 0, 3.17%, 0, 54, 7, 203.72, 283570, 2075
2690, 1, 47, 90, 28, 0, 3.17%, 0, 54, 7, 161.08, 283949, 2075
2695, 1, 47, 90, 28, 0, 3.17%, 0, 54, 7, 186.31, 284732, 2075
2700, 1, 47, 90, 28, 0, 3.17%, 0, 54, 7, 183.18, 285452, 2075
2705, 1, 47, 90, 28, 0, 3.17%, 0, 54, 7, 148.73, 286099, 2075
2711, 1, 47, 90, 28, 0, 3.17%, 0, 54, 7, 183.05, 286907, 2075
2716, 1, 47, 90, 28, 0, 3.17%, 0, 54, 7, 226.36, 288092, 2075
2721, 1, 42, 90, 28, 0, 3.17%, 0, 54, 7, 122.64, 288846, 2075
2726, 1, 42, 90, 28, 0, 3.17%, 0, 54, 7, 148.00, 289280, 2075
2731, 1, 42, 90, 28, 0, 3.17%, 0, 54, 7, 121.21, 289678, 2075
2737, 1, 42, 90, 28, 0, 3.17%, 0, 54, 7, 1.00, 289841, 2075
2742, 1, 42, 90, 28, 0, 3.17%, 0, 54, 7, 1.36, 289853, 2075
2747, 1, 42, 90, 28, 0, 3.17%, 0, 54, 7, 1.06, 289871, 2075
2752, 1, 42, 90, 28, 0, 3.17%, 0, 54, 7, 5.73, 289888, 2075
2757, 1, 42, 90, 28, 0, 3.17%, 0, 54, 7, 5.84, 289921, 2075
2763, 1, 42, 90, 28, 0, 3.17%, 0, 54, 7, 3.23, 289953, 2075
2768, 1, 42, 90, 28, 0, 3.17%, 0, 54, 7, 3.44, 289974, 2075
2773, 1, 42, 90, 28, 0, 3.17%, 0, 54, 7, 2.96, 290506, 2075
2779, 1, 42, 90, 28, 0, 3.17%, 0, 54, 7, 3.92, 290971, 2075
2784, 1, 42, 90, 28, 0, 3.17%, 0, 54, 7, 129.35, 291673, 2075
2789, 1, 46, 90, 28, 0, 3.17%, 0, 54, 7, 188.28, 292422, 2075
2794, 1, 31, 90, 28, 0, 3.17%, 0, 54, 7, 220.58, 293578, 2075
2799, 1, 31, 90, 28, 0, 3.17%, 0, 54, 7, 15.00, 294073, 2075
2804, 1, 59, 91, 29, 0, 3.17%, 0, 54, 7, 172.28, 294924, 2076
2810, 1, 59, 91, 29, 0, 3.17%, 0, 54, 7, 16.42, 295177, 2076
2815, 1, 59, 91, 29, 0, 3.17%, 0, 54, 7, 183.15, 295719, 2076
2820, 1, 59, 91, 29, 0, 3.17%, 0, 54, 7, 157.95, 296205, 2076
2825, 1, 59, 91, 29, 0, 3.17%, 0, 54, 7, 166.07, 296910, 2076
2830, 1, 59, 91, 29, 0, 3.17%, 0, 54, 7, 188.12, 297281, 2076
2836, 1, 59, 92, 30, 0, 3.19%, 0, 54, 7, 168.50, 297980, 2089
2841, 1, 59, 92, 30, 0, 3.19%, 0, 54, 7, 2.95, 298409, 2089
2847, 1, 59, 92, 30, 0, 3.19%, 0, 54, 7, 23.81, 298994, 2089
2852, 1, 59, 92, 30, 0, 3.19%, 0, 54, 7, 23.79, 299255, 2089
2858, 1, 59, 92, 30, 0, 3.19%, 0, 54, 7, 5.79, 299667, 2089
2864, 1, 59, 92, 30, 0, 3.19%, 0, 54, 7, 17.76, 300177, 2089
2869, 1, 59, 92, 30, 0, 3.19%, 0, 54, 7, 2.97, 300818, 2089
2875, 1, 59, 92, 30, 0, 3.19%, 0, 55, 7, 16.38, 301181, 2089
2881, 1, 59, 92, 30, 0, 3.19%, 0, 55, 7, 145.05, 301633, 2089
2886, 1, 59, 92, 30, 0, 3.19%, 0, 55, 7, 208.71, 302513, 2089
2891, 1, 59, 92, 30, 0, 3.19%, 0, 55, 7, 204.88, 303473, 2089
2896, 1, 59, 92, 30, 0, 3.19%, 0, 55, 7, 171.83, 304201, 2089
2901, 1, 53, 92, 30, 2, 3.19%, 0, 55, 7, 189.32, 305080, 2089
2906, 1, 53, 92, 30, 2, 3.19%, 0, 55, 7, 204.60, 305947, 2089
2911, 1, 53, 92, 30, 2, 3.19%, 0, 55, 7, 152.47, 306436, 2089
2916, 1, 39, 92, 30, 2, 3.19%, 0, 55, 7, 192.12, 306977, 2089
2921, 1, 39, 92, 30, 2, 3.19%, 0, 55, 7, 186.95, 307834, 2089
2926, 1, 90, 92, 30, 2, 3.19%, 0, 55, 7, 135.02, 308320, 2089
2932, 1, 90, 92, 30, 2, 3.19%, 0, 55, 7, 2.96, 308740, 2089
2937, 1, 90, 92, 30, 2, 3.19%, 0, 55, 7, 1.97, 308989, 2089
2943, 1, 90, 92, 30, 2, 3.19%, 0, 55, 7, 232.58, 309854, 2089
2948, 1, 90, 92, 30, 2, 3.19%, 0, 55, 7, 159.62, 310373, 2089
2953, 1, 91, 92, 29, 1, 3.19%, 0, 55, 7, 155.86, 311208, 2089
2958, 1, 91, 92, 29, 1, 3.19%, 0, 55, 7, 159.63, 311842, 2089
2963, 1, 91, 92, 29, 1, 3.19%, 0, 55, 7, 1.99, 312077, 2089
2968, 1, 91, 92, 29, 1, 3.19%, 0, 55, 7, 22.00, 312277, 2089
2973, 1, 91, 92, 29, 1, 3.19%, 0, 55, 7, 1.00, 312548, 2089
2978, 1, 91, 92, 29, 1, 3.19%, 0, 55, 7, 1.09, 312555, 2089
2983, 1, 91, 92, 29, 1, 3.19%, 0, 55, 7, 1.18, 312562, 2089
2988, 1, 91, 92, 29, 1, 3.19%, 0, 55, 7, 1.18, 312568, 2089
2993, 1, 91, 92, 29, 1, 3.19%, 0, 55, 7, 1.19, 312574, 2089
2998, 1, 91, 92, 29, 1, 3.19%, 0, 55, 7, 1.18, 312580, 2089
3004, 1, 91, 92, 29, 1, 3.19%, 0, 55, 7, 1.23, 312587, 2089
3009, 1, 91, 92, 29, 1, 3.19%, 0, 55, 7, 1.34, 312595, 2089
3014, 1, 91, 92, 29, 1, 3.19%, 0, 55, 7, 1.49, 312605, 2089
3020, 1, 76, 92, 28, 0, 3.19%, 0, 55, 7, 13.81, 312929, 2089
3025, 1, 76, 92, 28, 0, 3.19%, 0, 55, 7, 161.44, 313276, 2089
3030, 1, 76, 92, 28, 0, 3.19%, 0, 55, 7, 219.83, 314137, 2089
3035, 1, 28, 92, 28, 0, 3.19%, 0, 55, 7, 216.10, 315259, 2089
3040, 1, 44, 92, 28, 0, 3.19%, 0, 55, 7, 2.97, 315914, 2089
3045, 1, 44, 92, 28, 0, 3.19%, 0, 55, 7, 26.29, 316178, 2089
3051, 1, 44, 92, 28, 0, 3.19%, 0, 55, 7, 9.97, 316449, 2089
3056, 1, 44, 92, 28, 0, 3.19%, 0, 55, 7, 178.48, 316660, 2089
3062, 1, 31, 92, 28, 0, 3.19%, 0, 55, 7, 91.74, 316916, 2089
3067, 1, 28, 92, 28, 0, 3.19%, 0, 55, 7, 159.39, 317704, 2089
3072, 1, 28, 92, 28, 0, 3.19%, 0, 55, 7, 206.21, 318820, 2089
3077, 1, 54, 92, 28, 0, 3.19%, 0, 55, 7, 177.46, 319338, 2089
3082, 1, 54, 92, 28, 0, 3.19%, 0, 55, 7, 204.05, 320384, 2089
3087, 1, 29, 92, 28, 0, 3.19%, 0, 55, 7, 211.24, 321459, 2089
3092, 1, 29, 92, 28, 0, 3.19%, 0, 55, 7, 213.10, 322532, 2089
3097, 1, 47, 92, 28, 0, 3.19%, 0, 55, 7, 201.17, 323556, 2089
3102, 1, 47, 92, 28, 0, 3.19%, 0, 55, 7, 22.67, 324237, 2089
3107, 1, 29, 92, 28, 0, 3.19%, 0, 55, 7, 221.02, 325313, 2089
3112, 1, 29, 92, 28, 0, 3.19%, 0, 55, 7, 211.24, 326384, 2089
3118, 1, 31, 92, 28, 0, 3.19%, 0, 55, 7, 213.02, 327462, 2089
3123, 1, 39, 92, 28, 0, 3.19%, 0, 55, 7, 25.84, 328249, 2089
3128, 1, 39, 92, 28, 0, 3.19%, 0, 55, 7, 183.54, 329039, 2089
3133, 1, 39, 92, 28, 0, 3.19%, 0, 55, 7, 234.23, 329849, 2089
3138, 1, 47, 92, 28, 0, 3.19%, 0, 55, 7, 168.87, 330583, 2089
3144, 1, 88, 92, 28, 0, 3.19%, 0, 55, 7, 2.94, 331650, 2089
3149, 1, 88, 92, 28, 0, 3.19%, 0, 55, 7, 145.00, 332125, 2089
3154, 1, 88, 92, 28, 0, 3.19%, 0, 55, 7, 173.68, 333061, 2089
3160, 1, 29, 92, 28, 0, 3.19%, 0, 55, 7, 201.38, 334123, 2089
3165, 1, 29, 92, 28, 0, 3.19%, 0, 55, 7, 216.14, 335215, 2089
3170, 1, 47, 92, 28, 0, 3.19%, 0, 55, 7, 191.84, 336200, 2089
3175, 1, 47, 92, 28, 0, 3.19%, 0, 55, 7, 227.10, 337012, 2089
3180, 1, 28, 92, 28, 0, 3.19%, 0, 55, 7, 220.39, 338134, 2089
3185, 1, 91, 92, 28, 0, 3.19%, 0, 55, 7, 5.76, 338801, 2089
3191, 1, 91, 92, 28, 0, 3.19%, 0, 55, 7, 131.06, 339195, 2089
3196, 1, 91, 92, 28, 0, 3.19%, 0, 55, 7, 146.34, 339479, 2089
3201, 1, 91, 92, 28, 0, 3.19%, 0, 55, 7, 14.15, 340031, 2089
3206, 1, 91, 92, 28, 0, 3.19%, 0, 55, 7, 9.35, 340335, 2089
3212, 1, 91, 92, 28, 0, 3.19%, 0, 55, 7, 1.95, 340557, 2089
3218, 1, 91, 92, 28, 0, 3.19%, 0, 55, 7, 32.34, 341161, 2089
3224, 1, 91, 92, 28, 0, 3.19%, 0, 55, 7, 2.61, 341384, 2089
3229, 1, 91, 92, 28, 0, 3.19%, 0, 55, 7, 15.86, 341450, 2089
3234, 1, 91, 92, 28, 0, 3.19%, 0, 55, 7, 13.83, 341498, 2089
3240, 1, 91, 92, 28, 0, 3.19%, 0, 55, 7, 13.01, 341557, 2089
3245, 1, 91, 92, 28, 0, 3.19%, 0, 55, 7, 241.85, 341809, 2089
3250, 1, 91, 93, 29, 0, 3.20%, 0, 55, 7, 225.18, 342897, 2094
3256, 1, 91, 93, 29, 0, 3.20%, 0, 55, 7, 11.47, 343331, 2094
3261, 1, 91, 93, 29, 0, 3.20%, 0, 55, 7, 1.22, 343367, 2094
3266, 1, 91, 93, 29, 0, 3.20%, 0, 55, 7, 1.98, 343409, 2094
3272, 1, 91, 93, 29, 0, 3.20%, 0, 55, 7, 21.04, 343477, 2094
3277, 1, 91, 93, 29, 0, 3.20%, 0, 55, 7, 241.94, 343929, 2094
3283, 1, 62, 93, 29, 1, 3.20%, 0, 55, 7, 15.32, 344272, 2094
3288, 1, 62, 93, 29, 1, 3.20%, 0, 55, 7, 187.67, 344764, 2094
3293, 1, 62, 93, 29, 1, 3.20%, 0, 55, 7, 174.57, 345309, 2094
3298, 1, 62, 93, 29, 1, 3.20%, 0, 55, 7, 112.42, 346080, 2094
3303, 1, 62, 93, 29, 1, 3.20%, 0, 55, 7, 229.78, 347020, 2094
3308, 1, 91, 93, 29, 1, 3.20%, 0, 55, 7, 164.23, 347595, 2094
3313, 1, 91, 93, 29, 1, 3.20%, 0, 55, 7, 142.17, 348156, 2094
3318, 1, 91, 93, 29, 1, 3.20%, 0, 55, 7, 17.40, 348609, 2094
3324, 1, 91, 93, 29, 1, 3.20%, 0, 55, 7, 1.00, 348648, 2094
3329, 1, 91, 93, 29, 1, 3.20%, 0, 55, 7, 188.65, 348862, 2094
3334, 1, 92, 93, 29, 1, 3.20%, 0, 55, 7, 181.46, 349701, 2094
3339, 1, 92, 93, 29, 1, 3.20%, 0, 55, 7, 203.39, 350788, 2094
3344, 1, 47, 93, 28, 0, 3.20%, 0, 55, 7, 196.86, 351804, 2094
3349, 1, 47, 93, 28, 0, 3.20%, 0, 55, 7, 191.83, 352792, 2094
3354, 1, 28, 93, 28, 0, 3.20%, 0, 55, 7, 191.44, 353643, 2094
3360, 1, 85, 93, 28, 0, 3.20%, 0, 55, 7, 42.97, 354357, 2094
3365, 1, 85, 93, 28, 0, 3.20%, 0, 55, 7, 31.56, 354553, 2094
3370, 1, 57, 93, 28, 0, 3.20%, 0, 55, 7, 158.00, 354913, 2094
3375, 1, 57, 93, 28, 0, 3.20%, 0, 55, 7, 179.10, 355618, 2094
3380, 1, 57, 93, 28, 0, 3.20%, 0, 55, 7, 208.93, 356410, 2094
3385, 1, 57, 93, 28, 0, 3.20%, 0, 55, 7, 234.60, 357611, 2094
3390, 1, 91, 93, 28, 0, 3.20%, 0, 55, 7, 58.74, 358203, 2094
3395, 1, 91, 93, 28, 0, 3.20%, 0, 55, 7, 134.29, 358600, 2094
3401, 1, 91, 93, 28, 0, 3.20%, 0, 55, 7, 2.50, 358663, 2094
3406, 1, 91, 93, 28, 0, 3.20%, 0, 55, 7, 20.95, 358712, 2094
3411, 1, 91, 93, 28, 0, 3.20%, 0, 55, 7, 28.42, 358992, 2094
3417, 1, 91, 93, 28, 0, 3.20%, 0, 56, 7, 20.13, 359475, 2094
3422, 1, 91, 93, 28, 0, 3.20%, 0, 56, 7, 28.48, 359663, 2094
3427, 1, 91, 93, 28, 0, 3.20%, 0, 56, 7, 4.49, 359681, 2094
3433, 1, 91, 93, 28, 0, 3.20%, 0, 56, 7, 4.56, 359707, 2094
3438, 1, 42, 93, 28, 0, 3.20%, 0, 56, 7, 131.43, 359961, 2094
3443, 1, 42, 93, 28, 0, 3.20%, 0, 56, 7, 121.25, 360361, 2094
3449, 1, 42, 93, 28, 0, 3.20%, 0, 56, 7, 2.68, 360490, 2094
3454, 1, 42, 93, 28, 0, 3.20%, 0, 56, 7, 85.15, 360598, 2094
3459, 1, 42, 93, 28, 0, 3.20%, 0, 56, 7, 137.93, 360921, 2094
3464, 1, 42, 93, 28, 0, 3.20%, 0, 56, 7, 145.00, 361310, 2094
3469, 1, 28, 93, 28, 0, 3.20%, 0, 56, 7, 201.11, 362356, 2094
3474, 1, 37, 93, 28, 0, 3.20%, 0, 56, 7, 5.80, 362968, 2094
3479, 1, 37, 93, 28, 0, 3.20%, 0, 56, 7, 24.58, 363358, 2094
3484, 1, 37, 93, 28, 0, 3.20%, 0, 56, 7, 179.21, 363891, 2094
3490, 1, 37, 93, 28, 0, 3.20%, 0, 56, 7, 166.96, 364633, 2094
3495, 1, 37, 93, 28, 0, 3.20%, 0, 56, 7, 159.71, 365554, 2094
3500, 1, 37, 93, 28, 0, 3.20%, 0, 56, 7, 43.14, 365830, 2094
3505, 1, 31, 94, 29, 0, 3.20%, 0, 56, 7, 170.42, 366821, 2095
3510, 1, 42, 94, 29, 1, 3.20%, 0, 56, 7, 150.34, 367559, 2095
3516, 1, 42, 94, 29, 1, 3.20%, 0, 56, 7, 11.70, 367680, 2095
3521, 1, 42, 94, 29, 1, 3.20%, 0, 56, 7, 2.69, 367703, 2095
3526, 1, 42, 94, 29, 1, 3.20%, 0, 56, 7, 204.09, 368249, 2095
3531, 1, 26, 94, 29, 1, 3.20%, 0, 56, 7, 201.96, 369288, 2095
3536, 1, 93, 94, 29, 1, 3.20%, 0, 56, 7, 112.38, 370048, 2095
3541, 1, 93, 94, 29, 1, 3.20%, 0, 56, 7, 190.11, 370824, 2095
3546, 1, 79, 94, 28, 0, 3.20%, 0, 56, 7, 204.69, 371710, 2095
3552, 1, 79, 94, 28, 0, 3.20%, 0, 56, 7, 21.39, 372652, 2095
3557, 1, 37, 94, 28, 0, 3.20%, 0, 56, 7, 181.41, 373271, 2095
3562, 1, 37, 94, 28, 0, 3.20%, 0, 56, 7, 16.44, 373679, 2095
3567, 1, 37, 94, 28, 0, 3.20%, 0, 56, 7, 38.92, 374272, 2095
3573, 1, 23, 94, 28, 0, 3.20%, 0, 56, 7, 178.46, 375349, 2095
3578, 1, 28, 94, 28, 0, 3.20%, 0, 56, 7, 14.60, 376278, 2095
3583, 1, 44, 94, 28, 0, 3.20%, 0, 56, 7, 9.23, 376768, 2095
3588, 1, 44, 94, 28, 0, 3.20%, 0, 56, 7, 3.80, 377185, 2095
3593, 1, 44, 94, 28, 0, 3.20%, 0, 56, 7, 47.85, 377384, 2095
3599, 1, 44, 94, 28, 0, 3.20%, 0, 56, 7, 3.69, 377417, 2095
3604, 1, 44, 94, 28, 0, 3.20%, 0, 56, 7, 4.01, 377441, 2095
3610, 1, 44, 94, 28, 0, 3.20%, 0, 56, 7, 6.96, 377523, 2095
3615, 1, 44, 94, 28, 0, 3.20%, 0, 56, 7, 6.80, 377564, 2095
3620, 1, 44, 94, 28, 0, 3.20%, 0, 56, 7, 5.32, 377581, 2095
3626, 1, 44, 94, 28, 0, 3.20%, 0, 56, 7, 4.49, 377631, 2095
3631, 1, 44, 94, 28, 0, 3.20%, 0, 56, 7, 4.90, 377821, 2095
3636, 1, 41, 94, 28, 0, 3.20%, 0, 56, 7, 2.97, 378212, 2095
3641, 1, 41, 94, 28, 0, 3.20%, 0, 56, 7, 192.48, 378959, 2095
3647, 1, 41, 94, 28, 0, 3.20%, 0, 56, 7, 108.91, 379512, 2095
3652, 1, 41, 94, 28, 0, 3.20%, 0, 56, 7, 143.54, 380138, 2095
3657, 1, 41, 94, 28, 0, 3.20%, 0, 56, 7, 201.97, 381170, 2095
3662, 1, 31, 94, 28, 0, 3.20%, 0, 56, 7, 5.79, 381919, 2095
3667, 1, 47, 94, 28, 0, 3.20%, 0, 56, 7, 161.51, 382690, 2095
3672, 1, 47, 94, 28, 0, 3.20%, 0, 56, 7, 197.95, 383724, 2095
3677, 1, 28, 94, 28, 0, 3.20%, 0, 56, 7, 210.39, 384826, 2095
3682, 1, 69, 94, 28, 0, 3.20%, 0, 56, 7, 188.71, 385411, 2095
3687, 1, 69, 94, 28, 0, 3.20%, 0, 56, 7, 185.37, 386281, 2095
3692, 1, 92, 94, 28, 0, 3.20%, 0, 56, 7, 205.24, 387330, 2095
3697, 1, 92, 94, 28, 0, 3.20%, 0, 56, 7, 207.26, 388382, 2095
3703, 1, 92, 94, 28, 0, 3.20%, 0, 56, 7, 231.31, 389580, 2095
3708, 1, 92, 94, 28, 0, 3.20%, 0, 56, 7, 238.34, 390768, 2095
3713, 1, 0, 94, 28, 0, 3.20%, 0, 56, 7, 222.95, 391876, 2095
3718, 1, 0, 95, 29, 0, 3.20%, 0, 56, 7, 186.09, 392734, 2096
3723, 1, 26, 95, 28, 1, 3.20%, 0, 56, 7, 192.17, 393781, 2096
3728, 1, 94, 96, 29, 1, 3.20%, 0, 56, 7, 205.21, 394857, 2097
