# relative_time, cycles_done, cur_item, corpus_count, pending_total, pending_favs, map_size, saved_crashes, saved_hangs, max_depth, execs_per_sec, total_execs, edges_found
60, 0, 5, 32, 30, 4, 1.17%, 0, 0, 2, 247.12, 15130, 768
65, 0, 5, 32, 30, 4, 1.17%, 0, 0, 2, 254.54, 16420, 768
70, 0, 5, 32, 30, 4, 1.17%, 0, 0, 2, 255.27, 17705, 768
76, 0, 5, 32, 30, 4, 1.17%, 0, 0, 2, 253.78, 18975, 768
81, 0, 5, 32, 30, 4, 1.17%, 0, 0, 2, 254.14, 20260, 768
86, 0, 5, 32, 30, 4, 1.17%, 0, 0, 2, 273.84, 21666, 768
91, 0, 5, 33, 31, 4, 1.17%, 0, 0, 2, 280.84, 23129, 768
96, 0, 5, 33, 31, 4, 1.17%, 0, 0, 2, 283.89, 24554, 768
101, 0, 5, 33, 31, 4, 1.17%, 0, 0, 2, 285.63, 25984, 768
106, 0, 5, 33, 31, 4, 1.17%, 0, 0, 2, 285.81, 27464, 768
111, 0, 5, 33, 31, 4, 1.17%, 0, 0, 2, 285.69, 28944, 768
116, 0, 5, 33, 31, 4, 1.17%, 0, 0, 2, 282.96, 30409, 768
122, 0, 5, 33, 31, 4, 1.17%, 0, 0, 2, 284.55, 31889, 768
127, 0, 5, 33, 31, 4, 1.17%, 0, 0, 2, 284.07, 33319, 768
132, 0, 5, 33, 31, 4, 1.17%, 0, 0, 2, 281.08, 34729, 768
137, 0, 5, 33, 31, 4, 1.17%, 0, 0, 2, 282.84, 36154, 768
142, 0, 5, 33, 31, 4, 1.17%, 0, 0, 2, 283.16, 37584, 768
147, 0, 5, 33, 31, 4, 1.17%, 0, 0, 2, 307.63, 39112, 768
152, 0, 5, 33, 31, 4, 1.17%, 0, 0, 2, 292.85, 40570, 768
157, 0, 5, 33, 31, 4, 1.17%, 0, 0, 2, 308.09, 42139, 768
162, 0, 9, 33, 30, 12, 1.17%, 0, 0, 2, 310.41, 43730, 768
167, 0, 3, 34, 30, 11, 1.17%, 0, 0, 3, 307.50, 45255, 768
172, 0, 3, 35, 31, 11, 1.17%, 0, 0, 3, 381.21, 47369, 769
177, 0, 3, 35, 31, 11, 1.17%, 0, 0, 3, 363.89, 49129, 769
182, 0, 3, 35, 31, 11, 1.17%, 0, 0, 3, 359.05, 50955, 769
187, 0, 32, 35, 30, 11, 1.17%, 0, 0, 3, 352.00, 52708, 769
192, 0, 33, 35, 29, 10, 1.17%, 0, 0, 3, 351.09, 54408, 769
198, 0, 26, 35, 28, 9, 1.17%, 0, 0, 3, 258.59, 55726, 769
203, 0, 26, 36, 29, 9, 1.18%, 0, 0, 3, 282.09, 57262, 773
208, 0, 26, 37, 30, 9, 1.18%, 0, 0, 3, 254.95, 58505, 774
213, 0, 26, 37, 30, 9, 1.18%, 0, 0, 3, 258.94, 59802, 774
218, 0, 26, 37, 30, 9, 1.18%, 0, 0, 3, 279.76, 61282, 774
223, 0, 26, 37, 30, 9, 1.18%, 0, 0, 3, 287.01, 62762, 774
228, 0, 26, 37, 30, 9, 1.18%, 0, 0, 3, 289.06, 64288, 774
233, 0, 26, 37, 30, 9, 1.18%, 0, 0, 3, 303.79, 65829, 774
238, 0, 26, 37, 30, 9, 1.18%, 0, 0, 3, 286.46, 67237, 774
243, 0, 34, 37, 29, 10, 1.18%, 0, 0, 3, 313.76, 68861, 774
248, 0, 34, 37, 29, 10, 1.18%, 0, 0, 3, 368.59, 70921, 774
253, 0, 34, 37, 29, 10, 1.18%, 0, 0, 3, 375.66, 72825, 774
259, 0, 13, 37, 28, 9, 1.18%, 0, 0, 3, 283.18, 74418, 774
264, 0, 13, 37, 28, 9, 1.18%, 0, 0, 3, 268.79, 75672, 774
269, 0, 13, 37, 28, 9, 1.18%, 0, 0, 3, 283.92, 77154, 774
274, 0, 13, 37, 28, 9, 1.18%, 0, 0, 3, 287.94, 78664, 774
279, 0, 13, 37, 28, 9, 1.18%, 0, 0, 3, 304.56, 80177, 774
284, 0, 7, 37, 27, 8, 1.18%, 0, 0, 3, 386.32, 82157, 774
289, 0, 7, 37, 27, 8, 1.18%, 0, 0, 3, 299.46, 83556, 774
294, 0, 7, 37, 27, 8, 1.18%, 0, 0, 3, 278.24, 84945, 774
299, 0, 25, 38, 27, 7, 1.19%, 0, 0, 3, 296.40, 86588, 778
304, 0, 25, 38, 27, 7, 1.19%, 0, 0, 3, 258.98, 87756, 778
309, 0, 25, 38, 27, 7, 1.19%, 0, 0, 3, 328.03, 89558, 778
315, 0, 25, 38, 27, 7, 1.19%, 0, 0, 3, 330.89, 91334, 778
320, 0, 37, 39, 27, 6, 1.34%, 0, 0, 3, 333.86, 92931, 881
325, 0, 37, 40, 28, 6, 1.35%, 0, 0, 3, 422.35, 95171, 883
330, 0, 37, 40, 28, 6, 1.35%, 0, 0, 3, 337.39, 96863, 883
335, 0, 37, 41, 29, 6, 1.35%, 0, 0, 3, 296.07, 98364, 883
340, 0, 37, 41, 29, 6, 1.35%, 0, 0, 3, 300.31, 99855, 883
345, 0, 37, 41, 29, 6, 1.35%, 0, 0, 3, 339.83, 101673, 883
350, 0, 39, 41, 28, 7, 1.35%, 0, 0, 3, 406.75, 103817, 883
355, 0, 39, 41, 28, 7, 1.35%, 0, 0, 3, 364.10, 105583, 883
360, 0, 39, 41, 28, 7, 1.35%, 0, 0, 3, 299.57, 107093, 883
365, 0, 19, 41, 27, 6, 1.35%, 0, 0, 3, 316.57, 108693, 883
370, 0, 19, 42, 28, 6, 1.35%, 0, 0, 3, 294.04, 110157, 885
375, 0, 19, 42, 28, 6, 1.35%, 0, 0, 3, 301.26, 111681, 885
380, 0, 19, 42, 28, 6, 1.35%, 0, 0, 3, 329.75, 113341, 885
386, 0, 38, 42, 27, 6, 1.35%, 0, 0, 3, 338.05, 115028, 885
391, 0, 38, 42, 27, 6, 1.35%, 0, 0, 3, 301.98, 116674, 885
396, 0, 38, 42, 27, 6, 1.35%, 0, 0, 3, 264.23, 117989, 885
401, 0, 38, 42, 27, 6, 1.35%, 0, 0, 3, 267.66, 119324, 885
406, 0, 41, 42, 26, 5, 1.35%, 0, 0, 3, 261.38, 120571, 885
411, 0, 41, 43, 27, 5, 1.35%, 0, 0, 4, 311.45, 122198, 886
416, 0, 41, 43, 27, 5, 1.35%, 0, 0, 4, 313.93, 123736, 886
421, 0, 41, 43, 27, 5, 1.35%, 0, 0, 4, 355.79, 125485, 886
426, 0, 41, 43, 27, 5, 1.35%, 0, 0, 4, 371.49, 127388, 886
431, 0, 36, 44, 27, 5, 1.36%, 0, 0, 4, 308.53, 128801, 893
436, 0, 36, 44, 27, 5, 1.36%, 0, 0, 4, 319.17, 130371, 893
441, 0, 36, 44, 27, 5, 1.36%, 0, 0, 4, 303.33, 131913, 893
446, 0, 36, 44, 27, 5, 1.36%, 0, 0, 4, 300.78, 133478, 893
451, 0, 43, 44, 26, 5, 1.36%, 0, 0, 4, 270.55, 134965, 893
457, 0, 43, 44, 26, 5, 1.36%, 0, 0, 4, 306.81, 136681, 893
462, 0, 43, 44, 26, 5, 1.36%, 0, 0, 4, 290.06, 138121, 893
467, 0, 43, 44, 26, 5, 1.36%, 0, 0, 4, 296.50, 139587, 893
472, 0, 43, 44, 26, 5, 1.36%, 0, 0, 4, 317.31, 141265, 893
477, 0, 43, 44, 26, 5, 1.36%, 0, 0, 4, 331.30, 143047, 893
482, 0, 43, 44, 26, 5, 1.36%, 0, 0, 4, 320.33, 144583, 893
487, 0, 43, 44, 26, 5, 1.36%, 0, 0, 4, 296.70, 146093, 893
492, 0, 23, 44, 25, 4, 1.36%, 0, 0, 4, 333.34, 147920, 893
497, 0, 23, 44, 25, 4, 1.36%, 0, 0, 4, 284.94, 149311, 893
502, 0, 23, 44, 25, 4, 1.36%, 0, 0, 4, 263.86, 150608, 893
507, 0, 30, 44, 24, 3, 1.36%, 0, 0, 4, 257.06, 152018, 893
512, 0, 30, 46, 26, 3, 1.50%, 0, 0, 4, 243.88, 153206, 985
518, 0, 30, 46, 26, 3, 1.50%, 0, 0, 4, 245.74, 154466, 985
523, 0, 30, 47, 27, 3, 1.51%, 0, 0, 4, 240.77, 155674, 988
528, 0, 30, 47, 27, 3, 1.51%, 0, 0, 4, 242.09, 156934, 988
533, 0, 30, 47, 27, 3, 1.51%, 0, 0, 4, 265.81, 158303, 988
538, 0, 30, 47, 27, 3, 1.51%, 0, 0, 4, 270.90, 159723, 988
543, 0, 30, 47, 27, 3, 1.51%, 0, 0, 4, 270.29, 161088, 988
548, 0, 30, 47, 27, 3, 1.51%, 0, 0, 4, 275.99, 162483, 988
553, 0, 30, 47, 27, 3, 1.51%, 0, 0, 4, 308.58, 164136, 988
558, 0, 44, 47, 26, 5, 1.51%, 0, 0, 4, 249.04, 165503, 988
563, 0, 44, 47, 26, 5, 1.51%, 0, 0, 4, 237.29, 166655, 988
568, 0, 44, 47, 26, 5, 1.51%, 0, 0, 4, 317.45, 168298, 988
574, 0, 44, 47, 26, 5, 1.51%, 0, 0, 4, 316.09, 169885, 988
579, 0, 44, 47, 26, 5, 1.51%, 0, 0, 4, 306.46, 171598, 988
584, 0, 34, 47, 25, 4, 1.51%, 0, 0, 4, 420.33, 173818, 988
589, 0, 34, 47, 25, 4, 1.51%, 0, 0, 4, 334.38, 175504, 988
594, 0, 34, 48, 26, 4, 1.51%, 0, 0, 4, 312.88, 177011, 990
599, 0, 34, 48, 26, 4, 1.51%, 0, 0, 4, 297.20, 178556, 990
604, 0, 34, 48, 26, 4, 1.51%, 0, 0, 4, 320.06, 180246, 990
609, 0, 34, 48, 26, 4, 1.51%, 0, 0, 4, 363.59, 182215, 990
615, 0, 34, 49, 27, 4, 1.51%, 0, 0, 4, 396.74, 184314, 991
620, 0, 46, 49, 27, 6, 1.51%, 0, 0, 4, 377.84, 186177, 991
625, 0, 46, 51, 29, 6, 1.52%, 0, 0, 4, 289.31, 187472, 995
630, 0, 46, 53, 31, 6, 1.54%, 0, 0, 4, 260.02, 188765, 1006
635, 0, 46, 53, 31, 6, 1.54%, 0, 0, 4, 257.07, 190045, 1006
640, 0, 46, 54, 32, 6, 1.54%, 0, 0, 4, 254.97, 191328, 1008
645, 0, 46, 54, 32, 6, 1.54%, 0, 0, 4, 259.76, 192628, 1008
650, 0, 46, 54, 32, 6, 1.54%, 0, 0, 4, 257.83, 193923, 1008
655, 0, 46, 54, 32, 6, 1.54%, 0, 0, 4, 263.77, 195288, 1008
660, 0, 46, 54, 32, 6, 1.54%, 0, 0, 4, 254.66, 196573, 1008
665, 0, 46, 54, 32, 6, 1.54%, 0, 0, 4, 253.81, 197858, 1008
670, 0, 46, 54, 32, 6, 1.54%, 0, 0, 4, 259.77, 199173, 1008
675, 0, 46, 56, 34, 6, 1.54%, 0, 0, 4, 255.94, 200464, 1012
680, 0, 46, 57, 35, 6, 1.55%, 0, 0, 4, 254.98, 201742, 1013
685, 0, 46, 57, 35, 6, 1.55%, 0, 0, 4, 253.92, 203017, 1013
690, 0, 46, 57, 35, 6, 1.55%, 0, 0, 4, 254.54, 204297, 1013
695, 0, 46, 57, 35, 6, 1.55%, 0, 0, 4, 256.92, 205587, 1013
700, 0, 46, 57, 35, 6, 1.55%, 0, 0, 4, 257.44, 206892, 1013
705, 0, 46, 57, 35, 6, 1.55%, 0, 0, 4, 254.59, 208162, 1013
710, 0, 46, 59, 37, 6, 1.55%, 0, 0, 4, 256.06, 209448, 1015
715, 0, 46, 59, 37, 6, 1.55%, 0, 0, 4, 254.59, 210728, 1015
721, 0, 46, 59, 37, 6, 1.55%, 0, 0, 4, 251.32, 212003, 1015
726, 0, 46, 59, 37, 6, 1.55%, 0, 0, 4, 249.76, 213253, 1015
731, 0, 46, 59, 37, 6, 1.55%, 0, 0, 4, 254.25, 214543, 1015
736, 0, 46, 59, 37, 6, 1.55%, 0, 0, 4, 250.64, 215813, 1015
741, 0, 46, 59, 37, 6, 1.55%, 0, 0, 4, 257.36, 217123, 1015
746, 0, 46, 59, 37, 6, 1.55%, 0, 0, 4, 258.22, 218423, 1015
751, 0, 46, 60, 38, 6, 1.55%, 0, 0, 4, 254.28, 219736, 1016
756, 0, 46, 60, 38, 6, 1.55%, 0, 0, 4, 344.19, 221591, 1016
761, 0, 46, 60, 38, 6, 1.55%, 0, 0, 4, 362.96, 223443, 1016
766, 0, 46, 60, 38, 6, 1.55%, 0, 0, 4, 371.94, 225389, 1016
772, 0, 46, 60, 38, 6, 1.55%, 0, 0, 4, 369.85, 227293, 1016
777, 0, 46, 60, 38, 6, 1.55%, 0, 0, 4, 373.61, 229162, 1016
782, 0, 46, 60, 38, 6, 1.55%, 0, 0, 4, 365.18, 230940, 1016
787, 0, 46, 60, 38, 6, 1.55%, 0, 0, 4, 380.61, 232879, 1016
792, 0, 46, 60, 38, 6, 1.55%, 0, 0, 4, 378.78, 234790, 1016
797, 0, 46, 60, 38, 6, 1.55%, 0, 0, 4, 384.77, 236729, 1016
802, 0, 46, 60, 38, 6, 1.55%, 0, 0, 4, 380.24, 238696, 1016
807, 0, 46, 60, 38, 6, 1.55%, 0, 0, 4, 380.13, 240600, 1016
812, 0, 46, 60, 38, 6, 1.55%, 0, 0, 4, 381.17, 242595, 1016
817, 0, 46, 60, 38, 6, 1.55%, 0, 0, 4, 379.11, 244492, 1016
822, 0, 46, 60, 38, 6, 1.55%, 0, 0, 4, 375.79, 246368, 1016
827, 0, 46, 60, 38, 6, 1.55%, 0, 0, 4, 382.22, 248300, 1016
832, 0, 46, 60, 38, 6, 1.55%, 0, 0, 4, 385.23, 250232, 1016
837, 0, 46, 60, 38, 6, 1.55%, 0, 0, 4, 385.38, 252164, 1016
842, 0, 46, 60, 38, 6, 1.55%, 0, 0, 4, 331.70, 253773, 1016
847, 0, 46, 60, 38, 6, 1.55%, 0, 0, 4, 302.00, 255307, 1016
852, 0, 53, 60, 37, 16, 1.55%, 0, 0, 4, 307.44, 256833, 1016
857, 0, 53, 60, 37, 16, 1.55%, 0, 0, 4, 322.04, 258373, 1016
862, 0, 53, 61, 38, 16, 1.55%, 0, 0, 5, 283.36, 259771, 1018
868, 0, 53, 61, 38, 16, 1.55%, 0, 0, 5, 355.07, 261600, 1018
873, 0, 53, 61, 38, 16, 1.55%, 0, 0, 5, 316.70, 263243, 1018
878, 0, 53, 61, 38, 16, 1.55%, 0, 0, 5, 355.99, 265036, 1018
883, 0, 53, 61, 38, 16, 1.55%, 0, 0, 5, 317.99, 266675, 1018
888, 0, 53, 61, 38, 16, 1.55%, 0, 0, 5, 318.70, 268331, 1018
893, 0, 53, 61, 38, 16, 1.55%, 0, 0, 5, 361.48, 270192, 1018
898, 0, 42, 61, 37, 16, 1.55%, 0, 0, 5, 359.94, 271882, 1018
903, 0, 42, 61, 37, 16, 1.55%, 0, 0, 5, 321.81, 273425, 1018
908, 0, 42, 61, 37, 16, 1.55%, 0, 0, 5, 332.30, 275103, 1018
913, 0, 42, 61, 37, 16, 1.55%, 0, 0, 5, 310.15, 276631, 1018
918, 0, 42, 61, 37, 16, 1.55%, 0, 0, 5, 319.90, 278233, 1018
924, 0, 42, 61, 37, 16, 1.55%, 0, 0, 5, 321.71, 279943, 1018
929, 0, 42, 61, 37, 16, 1.55%, 0, 0, 5, 348.15, 281699, 1018
934, 0, 52, 61, 36, 15, 1.55%, 0, 0, 5, 289.73, 282972, 1018
939, 0, 52, 61, 36, 15, 1.55%, 0, 0, 5, 264.52, 284433, 1018
944, 0, 52, 61, 36, 15, 1.55%, 0, 0, 5, 328.00, 286191, 1018
949, 0, 52, 62, 37, 15, 1.84%, 0, 0, 5, 287.31, 287598, 1203
954, 0, 52, 62, 37, 15, 1.84%, 0, 0, 5, 312.22, 289228, 1203
959, 0, 52, 62, 37, 15, 1.84%, 0, 0, 5, 324.45, 290894, 1203
964, 0, 52, 62, 37, 15, 1.84%, 0, 0, 5, 265.32, 292114, 1203
969, 0, 52, 63, 38, 15, 1.84%, 0, 0, 5, 330.41, 293924, 1203
975, 0, 52, 63, 38, 15, 1.84%, 0, 0, 5, 288.05, 295449, 1203
980, 0, 62, 63, 37, 16, 1.84%, 0, 0, 5, 337.77, 297097, 1203
985, 0, 62, 63, 37, 16, 1.84%, 0, 0, 5, 399.32, 299265, 1203
990, 0, 62, 63, 37, 16, 1.84%, 0, 0, 5, 360.68, 301120, 1203
995, 0, 62, 63, 37, 16, 1.84%, 0, 0, 5, 393.19, 303107, 1203
1000, 0, 62, 63, 37, 16, 1.84%, 0, 0, 5, 328.57, 304739, 1203
1005, 0, 62, 63, 37, 16, 1.84%, 0, 0, 5, 316.29, 306365, 1203
1010, 0, 58, 63, 36, 15, 1.84%, 0, 0, 5, 300.44, 307932, 1203
1015, 0, 58, 64, 37, 15, 1.84%, 0, 0, 5, 328.92, 309742, 1203
1020, 0, 58, 64, 37, 15, 1.84%, 0, 0, 5, 349.16, 311460, 1203
1025, 0, 58, 64, 37, 15, 1.84%, 0, 0, 5, 332.44, 313254, 1203
1031, 0, 58, 64, 37, 15, 1.84%, 0, 0, 5, 303.02, 314658, 1203
1036, 0, 58, 64, 37, 15, 1.84%, 0, 0, 5, 316.02, 316398, 1203
1041, 0, 58, 64, 37, 15, 1.84%, 0, 0, 5, 300.29, 317976, 1203
1046, 0, 58, 64, 37, 15, 1.84%, 0, 0, 5, 335.62, 319614, 1203
1051, 0, 60, 64, 36, 15, 1.84%, 0, 0, 5, 294.35, 321093, 1203
1056, 0, 60, 64, 36, 15, 1.84%, 0, 0, 5, 324.18, 322635, 1203
1061, 0, 60, 64, 36, 15, 1.84%, 0, 0, 5, 277.66, 323996, 1203
1066, 0, 60, 64, 36, 15, 1.84%, 0, 0, 5, 242.36, 325177, 1203
1071, 0, 60, 64, 36, 15, 1.84%, 0, 0, 5, 323.81, 326937, 1203
1076, 0, 60, 64, 36, 15, 1.84%, 0, 0, 5, 330.54, 328713, 1203
1081, 0, 60, 64, 36, 15, 1.84%, 0, 0, 5, 282.94, 330123, 1203
1086, 0, 60, 64, 36, 15, 1.84%, 0, 0, 5, 373.08, 332061, 1203
1091, 0, 48, 64, 35, 14, 1.84%, 0, 0, 5, 410.54, 334081, 1203
1096, 0, 48, 64, 35, 14, 1.84%, 0, 0, 5, 401.41, 336129, 1203
1101, 0, 48, 64, 35, 14, 1.84%, 0, 0, 5, 383.92, 337910, 1203
1106, 0, 29, 64, 34, 13, 1.84%, 0, 0, 5, 366.90, 339738, 1203
1111, 0, 29, 64, 34, 13, 1.84%, 0, 0, 5, 303.71, 341308, 1203
1117, 0, 29, 64, 34, 13, 1.84%, 0, 0, 5, 332.28, 343054, 1203
1122, 0, 49, 64, 33, 12, 1.84%, 0, 0, 5, 280.82, 344513, 1203
1127, 0, 49, 65, 34, 12, 1.84%, 0, 0, 5, 305.28, 346177, 1203
1132, 0, 49, 66, 35, 12, 1.84%, 0, 0, 5, 289.78, 347613, 1204
1137, 0, 49, 66, 35, 12, 1.84%, 0, 0, 5, 281.16, 349023, 1204
1142, 0, 49, 66, 35, 12, 1.84%, 0, 0, 5, 360.49, 350912, 1204
1147, 0, 49, 66, 35, 12, 1.84%, 0, 0, 5, 396.81, 352942, 1204
1152, 0, 49, 66, 35, 12, 1.84%, 0, 0, 5, 318.10, 354531, 1204
1157, 0, 49, 66, 35, 12, 1.84%, 0, 0, 5, 304.59, 356079, 1204
1162, 0, 49, 66, 35, 12, 1.84%, 0, 0, 5, 304.75, 357627, 1204
1167, 0, 49, 66, 35, 12, 1.84%, 0, 0, 5, 327.62, 359349, 1204
1172, 0, 49, 66, 35, 12, 1.84%, 0, 0, 5, 299.73, 360825, 1204
1178, 0, 34, 66, 34, 12, 1.84%, 0, 0, 5, 391.43, 362808, 1204
1183, 0, 34, 66, 34, 12, 1.84%, 0, 0, 5, 397.83, 364798, 1204
1188, 0, 34, 66, 34, 12, 1.84%, 0, 0, 5, 374.96, 366617, 1204
1193, 0, 34, 66, 34, 12, 1.84%, 0, 0, 5, 418.63, 368657, 1204
1198, 0, 34, 67, 35, 12, 1.84%, 0, 0, 5, 359.77, 370507, 1205
1203, 0, 34, 67, 35, 12, 1.84%, 0, 0, 5, 366.85, 372418, 1205
1208, 0, 34, 67, 35, 12, 1.84%, 0, 0, 5, 376.12, 374394, 1205
1213, 0, 7, 67, 35, 13, 1.84%, 0, 0, 5, 438.85, 376539, 1205
1218, 0, 7, 67, 35, 13, 1.84%, 0, 0, 5, 405.87, 378563, 1205
1223, 0, 7, 67, 35, 13, 1.84%, 0, 0, 5, 290.97, 379969, 1205
1228, 0, 7, 67, 35, 13, 1.84%, 0, 0, 5, 274.86, 381320, 1205
1233, 0, 7, 67, 35, 13, 1.84%, 0, 0, 5, 302.56, 382839, 1205
1238, 0, 7, 67, 35, 13, 1.84%, 0, 0, 5, 371.99, 384776, 1205
1243, 0, 7, 67, 35, 13, 1.84%, 0, 0, 5, 363.05, 386649, 1205
1249, 0, 7, 67, 35, 13, 1.84%, 0, 0, 5, 344.38, 388491, 1205
1254, 0, 7, 67, 35, 13, 1.84%, 0, 0, 5, 301.68, 389973, 1205
1259, 0, 7, 67, 35, 13, 1.84%, 0, 0, 5, 380.98, 391940, 1205
1264, 0, 7, 67, 35, 13, 1.84%, 0, 0, 5, 387.16, 393950, 1205
1269, 0, 7, 67, 35, 13, 1.84%, 0, 0, 5, 371.31, 395711, 1205
1274, 0, 61, 67, 35, 13, 1.84%, 0, 0, 5, 311.57, 397275, 1205
1279, 0, 61, 67, 35, 13, 1.84%, 0, 0, 5, 252.10, 398413, 1205
1284, 0, 61, 67, 35, 13, 1.84%, 0, 0, 5, 268.83, 399734, 1205
1289, 0, 61, 67, 35, 13, 1.84%, 0, 0, 5, 303.40, 401392, 1205
1294, 0, 61, 68, 36, 13, 1.85%, 0, 0, 6, 342.40, 402996, 1212
1299, 0, 61, 68, 36, 13, 1.85%, 0, 0, 6, 299.86, 404496, 1212
1304, 0, 61, 68, 36, 13, 1.85%, 0, 0, 6, 320.20, 406026, 1212
1309, 0, 63, 68, 35, 13, 1.85%, 0, 0, 6, 308.48, 407528, 1212
1315, 0, 63, 69, 36, 13, 1.85%, 0, 0, 6, 300.60, 409174, 1213
1320, 0, 63, 70, 37, 13, 1.86%, 0, 0, 6, 269.53, 410475, 1220
1325, 0, 63, 70, 37, 13, 1.86%, 0, 0, 6, 261.79, 411790, 1220
1330, 0, 63, 70, 37, 13, 1.86%, 0, 0, 6, 259.34, 413095, 1220
1335, 0, 63, 71, 38, 13, 1.86%, 0, 0, 6, 260.14, 414393, 1221
1340, 0, 63, 72, 39, 13, 1.86%, 0, 0, 6, 257.45, 415691, 1222
1345, 0, 63, 74, 41, 13, 1.87%, 0, 0, 6, 258.74, 416997, 1224
1350, 0, 63, 74, 41, 13, 1.87%, 0, 0, 6, 258.01, 418292, 1224
1355, 0, 63, 74, 41, 13, 1.87%, 0, 0, 6, 258.21, 419592, 1224
1360, 0, 63, 74, 41, 13, 1.87%, 0, 0, 6, 261.35, 420907, 1224
1365, 0, 63, 74, 41, 13, 1.87%, 0, 0, 6, 260.99, 422262, 1224
1370, 0, 63, 74, 41, 13, 1.87%, 0, 0, 6, 263.75, 423632, 1224
1375, 0, 63, 74, 41, 13, 1.87%, 0, 0, 6, 261.08, 424952, 1224
1380, 0, 63, 74, 41, 13, 1.87%, 0, 0, 6, 258.09, 426257, 1224
1386, 0, 63, 74, 41, 13, 1.87%, 0, 0, 6, 257.92, 427582, 1224
1391, 0, 63, 74, 41, 13, 1.87%, 0, 0, 6, 258.44, 428907, 1224
1396, 0, 63, 74, 41, 13, 1.87%, 0, 0, 6, 262.47, 430217, 1224
1401, 0, 63, 74, 41, 13, 1.87%, 0, 0, 6, 256.00, 431502, 1224
1406, 0, 63, 74, 41, 13, 1.87%, 0, 0, 6, 257.68, 432792, 1224
1411, 0, 63, 74, 41, 13, 1.87%, 0, 0, 6, 359.12, 434686, 1224
1416, 0, 63, 74, 41, 13, 1.87%, 0, 0, 6, 389.02, 436702, 1224
1421, 0, 63, 74, 41, 13, 1.87%, 0, 0, 6, 400.53, 438725, 1224
1426, 0, 63, 74, 41, 13, 1.87%, 0, 0, 6, 401.90, 440742, 1224
1431, 0, 63, 74, 41, 13, 1.87%, 0, 0, 6, 402.40, 442774, 1224
1436, 0, 63, 74, 41, 13, 1.87%, 0, 0, 6, 402.13, 444862, 1224
1441, 0, 63, 74, 41, 13, 1.87%, 0, 0, 6, 399.84, 446880, 1224
1447, 0, 63, 74, 41, 13, 1.87%, 0, 0, 6, 399.55, 448966, 1224
1452, 0, 63, 74, 41, 13, 1.87%, 0, 0, 6, 400.13, 450982, 1224
1457, 0, 63, 74, 41, 13, 1.87%, 0, 0, 6, 402.35, 453006, 1224
1462, 0, 63, 74, 41, 13, 1.87%, 0, 0, 6, 403.27, 455038, 1224
1467, 0, 63, 74, 41, 13, 1.87%, 0, 0, 6, 403.87, 457070, 1224
1472, 0, 63, 74, 41, 13, 1.87%, 0, 0, 6, 372.95, 458948, 1224
1477, 0, 63, 74, 41, 13, 1.87%, 0, 0, 6, 353.88, 460718, 1224
1482, 0, 63, 74, 41, 13, 1.87%, 0, 0, 6, 349.35, 462467, 1224
1487, 0, 63, 74, 41, 13, 1.87%, 0, 0, 6, 324.05, 464102, 1224
1492, 0, 63, 74, 41, 13, 1.87%, 0, 0, 6, 276.17, 465469, 1224
1497, 0, 63, 74, 41, 13, 1.87%, 0, 0, 6, 338.74, 467156, 1224
1502, 0, 63, 74, 41, 13, 1.87%, 0, 0, 6, 305.75, 468680, 1224
1507, 0, 59, 74, 40, 17, 1.87%, 0, 0, 6, 260.46, 470041, 1224
1512, 0, 59, 74, 40, 17, 1.87%, 0, 0, 6, 307.14, 471681, 1224
1517, 0, 59, 74, 40, 17, 1.87%, 0, 0, 6, 297.07, 473070, 1224
1523, 0, 59, 74, 40, 17, 1.87%, 0, 0, 6, 341.18, 474904, 1224
1528, 0, 59, 75, 41, 17, 1.87%, 0, 0, 6, 308.29, 476464, 1224
1533, 0, 59, 75, 41, 17, 1.87%, 0, 0, 6, 346.11, 478176, 1224
1538, 0, 59, 75, 41, 17, 1.87%, 0, 0, 6, 338.93, 479795, 1224
1543, 0, 59, 75, 41, 17, 1.87%, 0, 0, 6, 350.46, 481712, 1224
1548, 0, 50, 75, 40, 16, 1.87%, 0, 0, 6, 341.55, 483476, 1224
1553, 0, 50, 75, 40, 16, 1.87%, 0, 0, 6, 323.91, 485021, 1224
1558, 0, 50, 75, 40, 16, 1.87%, 0, 0, 6, 331.17, 486567, 1224
1563, 0, 50, 75, 40, 16, 1.87%, 0, 0, 6, 352.01, 488384, 1224
1568, 0, 50, 75, 40, 16, 1.87%, 0, 0, 6, 330.70, 490133, 1224
1573, 0, 50, 75, 40, 16, 1.87%, 0, 0, 6, 329.84, 491759, 1224
1578, 0, 50, 75, 40, 16, 1.87%, 0, 0, 6, 324.47, 493409, 1224
1583, 0, 50, 75, 40, 16, 1.87%, 0, 0, 6, 269.38, 494650, 1224
1589, 0, 67, 75, 39, 15, 1.87%, 0, 0, 6, 366.74, 496620, 1224
1594, 0, 34, 75, 38, 14, 1.87%, 0, 0, 6, 394.50, 498519, 1224
1599, 0, 34, 75, 38, 14, 1.87%, 0, 0, 6, 413.64, 500621, 1224
1604, 0, 34, 75, 38, 14, 1.87%, 0, 0, 6, 373.66, 502587, 1224
1609, 0, 34, 75, 38, 14, 1.87%, 0, 0, 6, 412.56, 504722, 1224
1614, 0, 34, 75, 38, 14, 1.87%, 0, 0, 6, 410.39, 506824, 1224
1619, 0, 34, 75, 38, 14, 1.87%, 0, 0, 6, 357.53, 508776, 1224
1624, 0, 57, 75, 38, 14, 1.87%, 0, 0, 6, 375.78, 510780, 1224
1630, 0, 57, 75, 38, 14, 1.87%, 0, 0, 6, 343.54, 512533, 1224
1635, 0, 57, 75, 38, 14, 1.87%, 0, 0, 6, 344.69, 514207, 1224
1640, 0, 57, 75, 38, 14, 1.87%, 0, 0, 6, 349.29, 515975, 1224
1645, 0, 57, 75, 38, 14, 1.87%, 0, 0, 6, 336.59, 517621, 1224
1650, 0, 57, 75, 38, 14, 1.87%, 0, 0, 6, 332.77, 519309, 1224
1655, 0, 57, 75, 38, 14, 1.87%, 0, 0, 6, 376.55, 521250, 1224
1660, 0, 70, 75, 37, 13, 1.87%, 0, 0, 6, 259.74, 522589, 1224
1665, 0, 70, 75, 37, 13, 1.87%, 0, 0, 6, 320.02, 524402, 1224
1670, 0, 70, 75, 37, 13, 1.87%, 0, 0, 6, 249.34, 525568, 1224
1675, 0, 70, 75, 37, 13, 1.87%, 0, 0, 6, 356.91, 527544, 1224
1680, 0, 70, 75, 37, 13, 1.87%, 0, 0, 6, 370.09, 529475, 1224
1686, 0, 70, 75, 37, 13, 1.87%, 0, 0, 6, 355.36, 531308, 1224
1691, 0, 70, 75, 37, 13, 1.87%, 0, 0, 6, 349.26, 533120, 1224
1696, 0, 70, 75, 37, 13, 1.87%, 0, 0, 6, 336.75, 534926, 1224
1701, 0, 70, 75, 37, 13, 1.87%, 0, 0, 6, 263.02, 536276, 1224
1706, 0, 70, 75, 37, 13, 1.87%, 0, 0, 6, 299.79, 537699, 1224
1711, 0, 65, 75, 36, 12, 1.87%, 0, 0, 6, 335.40, 539432, 1224
1716, 0, 65, 75, 36, 12, 1.87%, 0, 0, 6, 355.87, 541230, 1224
1721, 0, 65, 75, 36, 12, 1.87%, 0, 0, 6, 303.43, 542748, 1224
1726, 0, 65, 75, 36, 12, 1.87%, 0, 0, 6, 310.27, 544310, 1224
1732, 0, 65, 75, 36, 12, 1.87%, 0, 0, 6, 351.26, 546215, 1224
1737, 0, 65, 75, 36, 12, 1.87%, 0, 0, 6, 280.48, 547639, 1224
1742, 0, 65, 75, 36, 12, 1.87%, 0, 0, 6, 339.76, 549458, 1224
1747, 0, 62, 75, 35, 11, 1.87%, 0, 0, 6, 324.80, 551054, 1224
1752, 0, 62, 75, 35, 11, 1.87%, 0, 0, 6, 429.36, 553268, 1224
1757, 0, 62, 75, 35, 11, 1.87%, 0, 0, 6, 333.63, 554925, 1224
1762, 0, 62, 75, 35, 11, 1.87%, 0, 0, 6, 350.33, 556587, 1224
1767, 0, 62, 75, 35, 11, 1.87%, 0, 0, 6, 353.11, 558416, 1224
1772, 0, 62, 75, 35, 11, 1.87%, 0, 0, 6, 382.23, 560393, 1224
1777, 0, 62, 75, 35, 11, 1.87%, 0, 0, 6, 355.00, 562209, 1224
1782, 0, 62, 75, 35, 11, 1.87%, 0, 0, 6, 298.40, 563616, 1224
1787, 0, 69, 75, 35, 11, 1.87%, 0, 0, 6, 339.51, 565246, 1224
1792, 0, 69, 75, 35, 11, 1.87%, 0, 0, 6, 330.17, 566828, 1224
1798, 0, 69, 75, 35, 11, 1.87%, 0, 0, 6, 294.20, 568413, 1224
1803, 0, 69, 75, 35, 11, 1.87%, 0, 0, 6, 277.08, 569776, 1224
1808, 0, 69, 75, 35, 11, 1.87%, 0, 0, 6, 272.82, 571163, 1224
1813, 0, 69, 75, 35, 11, 1.87%, 0, 0, 6, 347.30, 573046, 1224
1818, 0, 69, 75, 35, 11, 1.87%, 0, 0, 6, 361.19, 574910, 1224
1823, 0, 45, 75, 34, 10, 1.87%, 0, 0, 6, 208.95, 575896, 1224
1828, 0, 45, 75, 34, 10, 1.87%, 0, 0, 6, 238.26, 577185, 1224
1833, 0, 45, 75, 34, 10, 1.87%, 0, 0, 6, 318.78, 578979, 1224
1838, 0, 45, 75, 34, 10, 1.87%, 0, 0, 6, 373.78, 580804, 1224
1843, 0, 73, 75, 33, 9, 1.87%, 0, 0, 6, 293.78, 582351, 1224
1849, 0, 73, 76, 34, 9, 1.87%, 0, 0, 7, 308.49, 583913, 1225
1854, 0, 73, 76, 34, 9, 1.87%, 0, 0, 7, 249.24, 585097, 1225
1859, 0, 73, 76, 34, 9, 1.87%, 0, 0, 7, 265.61, 586404, 1225
1864, 0, 73, 76, 34, 9, 1.87%, 0, 0, 7, 323.15, 588101, 1225
1869, 0, 73, 76, 34, 9, 1.87%, 0, 0, 7, 417.52, 590411, 1225
1874, 0, 73, 76, 34, 9, 1.87%, 0, 0, 7, 344.52, 592167, 1225
1879, 0, 73, 76, 34, 9, 1.87%, 0, 0, 7, 369.38, 594129, 1225
1884, 0, 73, 76, 34, 9, 1.87%, 0, 0, 7, 308.61, 595605, 1225
1889, 0, 73, 76, 34, 9, 1.87%, 0, 0, 7, 342.59, 597325, 1225
1894, 0, 56, 76, 33, 9, 1.87%, 0, 0, 7, 329.98, 598803, 1225
1899, 0, 56, 76, 33, 9, 1.87%, 0, 0, 7, 301.90, 600212, 1225
1904, 0, 56, 76, 33, 9, 1.87%, 0, 0, 7, 323.90, 601933, 1225
1910, 0, 56, 76, 33, 9, 1.87%, 0, 0, 7, 344.57, 603715, 1225
1915, 0, 56, 76, 33, 9, 1.87%, 0, 0, 7, 377.55, 605691, 1225
1920, 0, 56, 76, 33, 9, 1.87%, 0, 0, 7, 348.12, 607275, 1225
1925, 0, 56, 76, 33, 9, 1.87%, 0, 0, 7, 323.51, 609009, 1225
1930, 0, 75, 76, 32, 8, 1.87%, 0, 0, 7, 318.49, 610379, 1225
1935, 0, 75, 76, 32, 8, 1.87%, 0, 0, 7, 257.94, 611644, 1225
1940, 0, 75, 76, 32, 8, 1.87%, 0, 0, 7, 292.06, 613152, 1225
1945, 0, 75, 76, 32, 8, 1.87%, 0, 0, 7, 300.81, 614660, 1225
1950, 0, 75, 76, 32, 8, 1.87%, 0, 0, 7, 247.04, 615998, 1225
1956, 0, 75, 76, 32, 8, 1.87%, 0, 0, 7, 303.88, 617694, 1225
1961, 0, 75, 76, 32, 8, 1.87%, 0, 0, 7, 310.91, 619204, 1225
1966, 0, 75, 76, 32, 8, 1.87%, 0, 0, 7, 258.81, 620536, 1225
1971, 0, 62, 76, 31, 7, 1.87%, 0, 0, 7, 306.36, 622128, 1225
1976, 0, 62, 76, 31, 7, 1.87%, 0, 0, 7, 425.23, 624368, 1225
1981, 0, 62, 76, 31, 7, 1.87%, 0, 0, 7, 368.47, 626142, 1225
1986, 0, 62, 76, 31, 7, 1.87%, 0, 0, 7, 354.96, 628038, 1225
1991, 0, 62, 76, 31, 7, 1.87%, 0, 0, 7, 338.90, 629847, 1225
1996, 0, 62, 76, 31, 7, 1.87%, 0, 0, 7, 338.86, 631469, 1225
2001, 0, 62, 76, 31, 7, 1.87%, 0, 0, 7, 332.06, 633184, 1225
2006, 0, 39, 76, 31, 7, 1.87%, 0, 0, 7, 366.07, 635007, 1225
2011, 0, 39, 76, 31, 7, 1.87%, 0, 0, 7, 447.36, 637461, 1225
2016, 0, 39, 76, 31, 7, 1.87%, 0, 0, 7, 457.98, 639753, 1225
2021, 0, 39, 76, 31, 7, 1.87%, 0, 0, 7, 461.89, 642105, 1225
2026, 0, 39, 76, 31, 7, 1.87%, 0, 0, 7, 410.82, 644068, 1225
2031, 0, 39, 76, 31, 7, 1.87%, 0, 0, 7, 370.38, 645901, 1225
2036, 0, 39, 76, 31, 7, 1.87%, 0, 0, 7, 357.86, 647683, 1225
2042, 0, 39, 76, 31, 7, 1.87%, 0, 0, 7, 386.81, 649655, 1225
2047, 0, 39, 76, 31, 7, 1.87%, 0, 0, 7, 363.48, 651464, 1225
2052, 0, 39, 76, 31, 7, 1.87%, 0, 0, 7, 347.65, 653177, 1225
2057, 0, 39, 76, 31, 7, 1.87%, 0, 0, 7, 402.89, 655285, 1225
2062, 0, 39, 76, 31, 7, 1.87%, 0, 0, 7, 357.98, 657077, 1225
2067, 0, 39, 76, 31, 7, 1.87%, 0, 0, 7, 387.69, 659069, 1225
2072, 0, 51, 76, 31, 7, 1.87%, 0, 0, 7, 303.58, 660509, 1225
2077, 0, 51, 76, 31, 7, 1.87%, 0, 0, 7, 321.35, 661980, 1225
2082, 0, 51, 76, 31, 7, 1.87%, 0, 0, 7, 279.59, 663319, 1225
2088, 0, 51, 76, 31, 7, 1.87%, 0, 0, 7, 315.81, 664944, 1225
2093, 0, 51, 76, 31, 7, 1.87%, 0, 0, 7, 315.06, 666522, 1225
2098, 0, 51, 76, 31, 7, 1.87%, 0, 0, 7, 290.25, 667948, 1225
2103, 0, 51, 76, 31, 7, 1.87%, 0, 0, 7, 307.66, 669576, 1225
2108, 0, 51, 76, 31, 7, 1.87%, 0, 0, 7, 293.75, 671054, 1225
2113, 0, 72, 76, 30, 6, 1.87%, 0, 0, 7, 252.63, 672441, 1225
2118, 0, 72, 76, 30, 6, 1.87%, 0, 0, 7, 296.46, 674041, 1225
2123, 0, 72, 76, 30, 6, 1.87%, 0, 0, 7, 299.03, 675437, 1225
2128, 0, 72, 76, 30, 6, 1.87%, 0, 0, 7, 347.73, 677292, 1225
2133, 0, 72, 76, 30, 6, 1.87%, 0, 0, 7, 331.13, 678843, 1225
2138, 0, 72, 76, 30, 6, 1.87%, 0, 0, 7, 327.72, 680559, 1225
2143, 0, 72, 76, 30, 6, 1.87%, 0, 0, 7, 324.03, 682219, 1225
2148, 0, 72, 76, 30, 6, 1.87%, 0, 0, 7, 354.31, 684061, 1225
2153, 0, 55, 76, 29, 5, 1.87%, 0, 0, 7, 254.95, 685360, 1225
2158, 0, 55, 77, 30, 5, 1.87%, 0, 0, 7, 288.51, 686913, 1226
2163, 0, 55, 78, 31, 5, 1.87%, 0, 0, 7, 240.46, 688082, 1227
2168, 0, 55, 78, 31, 5, 1.87%, 0, 0, 7, 232.60, 689242, 1227
2173, 0, 55, 78, 31, 5, 1.87%, 0, 0, 7, 232.82, 690430, 1227
2179, 0, 55, 78, 31, 5, 1.87%, 0, 0, 7, 305.87, 692064, 1227
2184, 0, 55, 78, 31, 5, 1.87%, 0, 0, 7, 329.24, 693756, 1227
2189, 0, 55, 78, 31, 5, 1.87%, 0, 0, 7, 353.62, 695532, 1227
2194, 0, 55, 78, 31, 5, 1.87%, 0, 0, 7, 342.02, 697208, 1227
2199, 0, 55, 78, 31, 5, 1.87%, 0, 0, 7, 311.95, 698750, 1227
2204, 0, 55, 78, 31, 5, 1.87%, 0, 0, 7, 290.83, 700201, 1227
2209, 0, 55, 78, 31, 5, 1.87%, 0, 0, 7, 302.99, 701792, 1227
2214, 0, 76, 78, 30, 6, 1.87%, 0, 0, 7, 288.85, 703251, 1227
2219, 0, 76, 78, 30, 6, 1.87%, 0, 0, 7, 339.32, 705153, 1227
2224, 0, 76, 78, 30, 6, 1.87%, 0, 0, 7, 316.99, 706761, 1227
2229, 0, 76, 78, 30, 6, 1.87%, 0, 0, 7, 312.34, 708231, 1227
2234, 0, 76, 78, 30, 6, 1.87%, 0, 0, 7, 302.12, 709793, 1227
2239, 0, 76, 78, 30, 6, 1.87%, 0, 0, 7, 297.99, 711243, 1227
2244, 0, 76, 78, 30, 6, 1.87%, 0, 0, 7, 291.47, 712816, 1227
2249, 0, 34, 78, 29, 5, 1.87%, 0, 0, 7, 347.86, 714615, 1227
2255, 0, 34, 78, 29, 5, 1.87%, 0, 0, 7, 413.26, 716877, 1227
2260, 0, 34, 78, 29, 5, 1.87%, 0, 0, 7, 353.46, 718735, 1227
2265, 0, 34, 78, 29, 5, 1.87%, 0, 0, 7, 387.82, 720739, 1227
2270, 0, 68, 78, 29, 5, 1.87%, 0, 0, 7, 330.70, 722112, 1227
2275, 0, 68, 78, 29, 5, 1.87%, 0, 0, 7, 258.37, 723368, 1227
2280, 0, 68, 78, 29, 5, 1.87%, 0, 0, 7, 268.77, 724720, 1227
2285, 0, 68, 78, 29, 5, 1.87%, 0, 0, 7, 253.40, 725905, 1227
2290, 0, 68, 78, 29, 5, 1.87%, 0, 0, 7, 308.77, 727687, 1227
2295, 0, 68, 78, 29, 5, 1.87%, 0, 0, 7, 253.98, 728809, 1227
2300, 0, 68, 78, 29, 5, 1.87%, 0, 0, 7, 316.82, 730547, 1227
2305, 0, 68, 78, 29, 5, 1.87%, 0, 0, 7, 313.48, 732051, 1227
2311, 0, 77, 78, 28, 4, 1.87%, 0, 0, 7, 322.31, 733755, 1227
2316, 0, 77, 78, 28, 4, 1.87%, 0, 0, 7, 324.50, 735188, 1227
2321, 0, 77, 78, 28, 4, 1.87%, 0, 0, 7, 243.85, 736360, 1227
2326, 0, 77, 78, 28, 4, 1.87%, 0, 0, 7, 218.91, 737380, 1227
2331, 0, 77, 78, 28, 4, 1.87%, 0, 0, 7, 240.09, 738668, 1227
2336, 0, 77, 78, 28, 4, 1.87%, 0, 0, 7, 333.78, 740486, 1227
2341, 0, 77, 78, 28, 4, 1.87%, 0, 0, 7, 266.56, 741673, 1227
2346, 0, 77, 78, 28, 4, 1.87%, 0, 0, 7, 288.37, 743051, 1227
2351, 0, 77, 78, 28, 4, 1.87%, 0, 0, 7, 276.29, 744593, 1227
2356, 0, 47, 78, 27, 3, 1.87%, 0, 0, 7, 345.04, 746399, 1227
2362, 0, 47, 79, 28, 3, 1.87%, 0, 0, 7, 424.60, 748561, 1228
2367, 0, 47, 79, 28, 3, 1.87%, 0, 0, 7, 386.70, 750603, 1228
2372, 0, 78, 79, 27, 3, 1.87%, 0, 0, 7, 398.48, 752537, 1228
2377, 0, 78, 79, 27, 3, 1.87%, 0, 0, 7, 424.14, 754719, 1228
2382, 0, 78, 79, 27, 3, 1.87%, 0, 0, 7, 426.76, 756903, 1228
2387, 0, 78, 79, 27, 3, 1.87%, 0, 0, 7, 398.90, 758877, 1228
2392, 0, 78, 79, 27, 3, 1.87%, 0, 0, 7, 393.33, 760990, 1228
2397, 0, 78, 79, 27, 3, 1.87%, 0, 0, 7, 390.65, 762958, 1228
2402, 0, 34, 79, 26, 2, 1.87%, 0, 0, 7, 388.57, 765014, 1228
2407, 0, 34, 79, 26, 2, 1.87%, 0, 0, 7, 342.00, 766675, 1228
2413, 0, 34, 79, 26, 2, 1.87%, 0, 0, 7, 333.76, 768400, 1228
2418, 0, 34, 79, 26, 2, 1.87%, 0, 0, 7, 248.98, 769761, 1228
2423, 0, 49, 79, 26, 2, 1.87%, 0, 0, 7, 359.43, 771758, 1228
2428, 0, 49, 79, 26, 2, 1.87%, 0, 0, 7, 388.89, 773774, 1228
2433, 0, 49, 79, 26, 2, 1.87%, 0, 0, 7, 323.12, 775411, 1228
2438, 0, 49, 79, 26, 2, 1.87%, 0, 0, 7, 290.69, 776816, 1228
2443, 0, 49, 79, 26, 2, 1.87%, 0, 0, 7, 279.78, 778226, 1228
2448, 0, 49, 79, 26, 2, 1.87%, 0, 0, 7, 369.77, 780040, 1228
2453, 0, 49, 79, 26, 2, 1.87%, 0, 0, 7, 470.80, 782543, 1228
2459, 0, 49, 79, 26, 2, 1.87%, 0, 0, 7, 385.50, 784605, 1228
2464, 0, 49, 79, 26, 2, 1.87%, 0, 0, 7, 274.28, 785845, 1228
2469, 0, 49, 79, 26, 2, 1.87%, 0, 0, 7, 318.66, 787467, 1228
2474, 0, 49, 79, 26, 2, 1.87%, 0, 0, 7, 333.93, 789159, 1228
2479, 0, 49, 79, 26, 2, 1.87%, 0, 0, 7, 299.20, 790719, 1228
2484, 0, 49, 79, 26, 2, 1.87%, 0, 0, 7, 299.51, 792193, 1228
2489, 0, 49, 79, 26, 2, 1.87%, 0, 0, 7, 335.87, 793983, 1228
2494, 0, 49, 79, 26, 2, 1.87%, 0, 0, 7, 355.95, 795819, 1228
2499, 0, 49, 79, 26, 2, 1.87%, 0, 0, 7, 355.81, 797639, 1228
2504, 0, 49, 79, 26, 2, 1.87%, 0, 0, 7, 297.59, 799060, 1228
2510, 0, 49, 79, 26, 2, 1.87%, 0, 0, 7, 293.31, 800586, 1228
2515, 0, 49, 79, 26, 2, 1.87%, 0, 0, 7, 285.92, 802056, 1228
2520, 0, 49, 79, 26, 2, 1.87%, 0, 0, 7, 272.13, 803442, 1228
2525, 0, 49, 79, 26, 2, 1.87%, 0, 0, 7, 257.20, 804757, 1228
2530, 0, 49, 79, 26, 2, 1.87%, 0, 0, 7, 284.53, 806193, 1228
2535, 0, 49, 79, 26, 2, 1.87%, 0, 0, 7, 296.08, 807725, 1228
2540, 0, 49, 79, 26, 2, 1.87%, 0, 0, 7, 289.68, 809239, 1228
2545, 0, 49, 79, 26, 2, 1.87%, 0, 0, 7, 292.40, 810690, 1228
2550, 0, 49, 79, 26, 2, 1.87%, 0, 0, 7, 227.13, 811757, 1228
2556, 0, 49, 79, 26, 2, 1.87%, 0, 0, 7, 212.97, 812813, 1228
2561, 0, 49, 79, 26, 2, 1.87%, 0, 0, 7, 264.67, 814181, 1228
2566, 0, 49, 79, 26, 2, 1.87%, 0, 0, 7, 281.94, 815616, 1228
2571, 0, 49, 79, 26, 2, 1.87%, 0, 0, 7, 286.60, 817127, 1228
2576, 0, 49, 79, 26, 2, 1.87%, 0, 0, 7, 300.88, 818663, 1228
2581, 0, 49, 79, 26, 2, 1.87%, 0, 0, 7, 338.46, 820467, 1228
2586, 0, 71, 79, 26, 2, 1.87%, 0, 0, 7, 353.74, 822284, 1228
2591, 0, 71, 79, 26, 2, 1.87%, 0, 0, 7, 352.18, 824045, 1228
2596, 0, 71, 79, 26, 2, 1.87%, 0, 0, 7, 353.70, 825842, 1228
2601, 0, 71, 79, 26, 2, 1.87%, 0, 0, 7, 345.39, 827578, 1228
2607, 0, 71, 79, 26, 2, 1.87%, 0, 0, 7, 340.36, 829262, 1228
2612, 0, 71, 79, 26, 2, 1.87%, 0, 0, 7, 369.41, 831112, 1228
2617, 0, 14, 79, 25, 1, 1.87%, 0, 0, 7, 358.48, 832945, 1228
2622, 0, 14, 79, 25, 1, 1.87%, 0, 0, 7, 269.18, 834137, 1228
2627, 0, 14, 79, 25, 1, 1.87%, 0, 0, 7, 308.80, 835731, 1228
2632, 0, 14, 79, 25, 1, 1.87%, 0, 0, 7, 306.43, 837285, 1228
2637, 0, 39, 79, 24, 0, 1.87%, 0, 0, 7, 329.98, 838977, 1228
2642, 0, 39, 79, 24, 0, 1.87%, 0, 0, 7, 441.86, 841413, 1228
2647, 0, 39, 79, 24, 0, 1.87%, 0, 0, 7, 461.03, 843754, 1228
2652, 0, 39, 79, 24, 0, 1.87%, 0, 0, 7, 405.68, 845784, 1228
2658, 0, 39, 79, 24, 0, 1.87%, 0, 0, 7, 374.41, 847651, 1228
2663, 0, 39, 79, 24, 0, 1.87%, 0, 0, 7, 386.67, 849581, 1228
2668, 0, 39, 79, 24, 0, 1.87%, 0, 0, 7, 392.79, 851742, 1228
2673, 0, 39, 79, 24, 0, 1.87%, 0, 0, 7, 319.93, 853334, 1228
2678, 0, 39, 79, 24, 0, 1.87%, 0, 0, 7, 349.81, 855222, 1228
2683, 0, 39, 79, 24, 0, 1.87%, 0, 0, 7, 354.37, 856994, 1228
2688, 0, 39, 79, 24, 0, 1.87%, 0, 0, 7, 404.45, 858966, 1228
2693, 0, 39, 79, 24, 0, 1.87%, 0, 0, 7, 448.30, 861307, 1228
2698, 0, 39, 79, 24, 0, 1.87%, 0, 0, 7, 423.95, 863433, 1228
2703, 0, 39, 79, 24, 0, 1.87%, 0, 0, 7, 421.52, 865671, 1228
2709, 0, 39, 79, 24, 0, 1.87%, 0, 0, 7, 327.33, 867262, 1228
2714, 0, 39, 79, 24, 0, 1.87%, 0, 0, 7, 300.16, 868693, 1228
2719, 0, 39, 79, 24, 0, 1.87%, 0, 0, 7, 394.22, 870926, 1228
2724, 0, 39, 79, 24, 0, 1.87%, 0, 0, 7, 394.33, 872982, 1228
2729, 0, 39, 79, 24, 0, 1.87%, 0, 0, 7, 267.91, 874278, 1228
2734, 0, 39, 79, 24, 0, 1.87%, 0, 0, 7, 373.74, 876164, 1228
2739, 0, 37, 79, 24, 0, 1.87%, 0, 0, 7, 417.18, 878297, 1228
2744, 0, 37, 79, 24, 0, 1.87%, 0, 0, 7, 334.75, 879963, 1228
2749, 0, 37, 79, 24, 0, 1.87%, 0, 0, 7, 285.35, 881401, 1228
2754, 0, 37, 79, 24, 0, 1.87%, 0, 0, 7, 300.21, 882961, 1228
2759, 0, 34, 79, 24, 0, 1.87%, 0, 0, 7, 380.86, 884821, 1228
2764, 0, 34, 79, 24, 0, 1.87%, 0, 0, 7, 381.17, 886653, 1228
2770, 0, 34, 79, 24, 0, 1.87%, 0, 0, 7, 360.17, 888520, 1228
2775, 0, 34, 79, 24, 0, 1.87%, 0, 0, 7, 338.63, 890186, 1228
2780, 0, 62, 79, 24, 0, 1.87%, 0, 0, 7, 378.37, 892119, 1228
2785, 0, 62, 79, 24, 0, 1.87%, 0, 0, 7, 436.48, 894361, 1228
2790, 0, 62, 79, 24, 0, 1.87%, 0, 0, 7, 399.28, 896297, 1228
2795, 0, 62, 79, 24, 0, 1.87%, 0, 0, 7, 376.97, 898162, 1228
2800, 0, 62, 79, 24, 0, 1.87%, 0, 0, 7, 344.59, 899862, 1228
2805, 0, 62, 80, 25, 0, 1.89%, 0, 0, 7, 341.81, 901547, 1240
2810, 0, 62, 80, 25, 0, 1.89%, 0, 0, 7, 337.93, 903361, 1240
2815, 0, 62, 80, 25, 0, 1.89%, 0, 0, 7, 384.63, 905297, 1240
2820, 0, 79, 80, 25, 1, 1.89%, 0, 0, 7, 233.44, 906283, 1240
2825, 0, 79, 80, 25, 1, 1.89%, 0, 0, 7, 235.06, 907443, 1240
2830, 0, 79, 80, 25, 1, 1.89%, 0, 0, 7, 335.08, 909175, 1240
2835, 0, 79, 80, 25, 1, 1.89%, 0, 0, 7, 331.36, 910879, 1240
2841, 0, 79, 80, 25, 1, 1.89%, 0, 0, 7, 337.70, 912511, 1240
2846, 0, 79, 80, 25, 1, 1.89%, 0, 0, 7, 290.86, 913875, 1240
2851, 0, 79, 80, 25, 1, 1.89%, 0, 0, 7, 283.90, 915227, 1240
2856, 0, 79, 80, 25, 1, 1.89%, 0, 0, 7, 296.43, 916837, 1240
2861, 0, 45, 80, 24, 0, 1.89%, 0, 0, 7, 253.09, 918095, 1240
2866, 0, 45, 80, 24, 0, 1.89%, 0, 0, 7, 305.76, 919700, 1240
2871, 0, 45, 80, 24, 0, 1.89%, 0, 0, 7, 304.53, 921174, 1240
2876, 0, 45, 80, 24, 0, 1.89%, 0, 0, 7, 309.55, 922811, 1240
2881, 0, 37, 80, 24, 0, 1.89%, 0, 0, 7, 290.03, 924298, 1240
2886, 0, 37, 80, 24, 0, 1.89%, 0, 0, 7, 318.63, 926081, 1240
2891, 0, 37, 80, 24, 0, 1.89%, 0, 0, 7, 267.74, 927360, 1240
2896, 0, 37, 80, 24, 0, 1.89%, 0, 0, 7, 349.53, 929168, 1240
2901, 0, 37, 80, 24, 0, 1.89%, 0, 0, 7, 266.92, 930498, 1240
2906, 0, 34, 80, 24, 0, 1.89%, 0, 0, 7, 369.94, 932646, 1240
2911, 0, 34, 80, 24, 0, 1.89%, 0, 0, 7, 411.78, 934712, 1240
2917, 0, 34, 80, 24, 0, 1.89%, 0, 0, 7, 378.70, 936673, 1240
2922, 0, 44, 80, 24, 0, 1.89%, 0, 0, 7, 313.69, 938233, 1240
2927, 0, 44, 80, 24, 0, 1.89%, 0, 0, 7, 249.83, 939458, 1240
2932, 0, 44, 80, 24, 0, 1.89%, 0, 0, 7, 235.31, 940581, 1240
2937, 0, 44, 80, 24, 0, 1.89%, 0, 0, 7, 319.68, 942331, 1240
2942, 0, 44, 80, 24, 0, 1.89%, 0, 0, 7, 354.50, 944206, 1240
2947, 0, 44, 80, 24, 0, 1.89%, 0, 0, 7, 371.46, 946045, 1240
2952, 0, 44, 80, 24, 0, 1.89%, 0, 0, 7, 237.65, 947165, 1240
2957, 0, 44, 80, 24, 0, 1.89%, 0, 0, 7, 290.20, 948688, 1240
2962, 0, 44, 80, 24, 0, 1.89%, 0, 0, 7, 295.81, 950244, 1240
2968, 0, 44, 80, 24, 0, 1.89%, 0, 0, 7, 304.37, 951774, 1240
2973, 0, 44, 80, 24, 0, 1.89%, 0, 0, 7, 368.53, 953618, 1240
2978, 0, 44, 80, 24, 0, 1.89%, 0, 0, 7, 351.46, 955443, 1240
2983, 0, 44, 80, 24, 0, 1.89%, 0, 0, 7, 320.25, 957051, 1240
2988, 0, 44, 80, 24, 0, 1.89%, 0, 0, 7, 264.24, 958408, 1240
2993, 0, 44, 80, 24, 0, 1.89%, 0, 0, 7, 221.68, 959473, 1240
2998, 0, 44, 80, 24, 0, 1.89%, 0, 0, 7, 309.08, 961069, 1240
3003, 0, 44, 80, 24, 0, 1.89%, 0, 0, 7, 366.61, 962984, 1240
3008, 0, 44, 80, 24, 0, 1.89%, 0, 0, 7, 359.56, 964837, 1240
3013, 0, 44, 80, 24, 0, 1.89%, 0, 0, 7, 381.53, 966732, 1240
3018, 0, 44, 80, 24, 0, 1.89%, 0, 0, 7, 315.24, 968309, 1240
3023, 0, 44, 80, 24, 0, 1.89%, 0, 0, 7, 287.72, 969774, 1240
3028, 0, 44, 80, 24, 0, 1.89%, 0, 0, 7, 265.26, 970962, 1240
3034, 0, 44, 80, 24, 0, 1.89%, 0, 0, 7, 341.71, 972824, 1240
3039, 0, 44, 80, 24, 0, 1.89%, 0, 0, 7, 348.28, 974648, 1240
3044, 0, 50, 80, 24, 0, 1.89%, 0, 0, 7, 343.04, 976259, 1240
3049, 0, 50, 80, 24, 0, 1.89%, 0, 0, 7, 290.34, 977714, 1240
3054, 0, 50, 80, 24, 0, 1.89%, 0, 0, 7, 328.36, 979404, 1240
3059, 0, 50, 80, 24, 0, 1.89%, 0, 0, 7, 316.00, 981034, 1240
3064, 0, 50, 80, 24, 0, 1.89%, 0, 0, 7, 326.32, 982639, 1240
3069, 0, 50, 80, 24, 0, 1.89%, 0, 0, 7, 326.39, 984269, 1240
3074, 0, 50, 80, 24, 0, 1.89%, 0, 0, 7, 274.57, 985642, 1240
3079, 0, 50, 80, 24, 0, 1.89%, 0, 0, 7, 254.21, 987011, 1240
3084, 0, 50, 80, 24, 0, 1.89%, 0, 0, 7, 253.05, 988363, 1240
3089, 0, 48, 80, 24, 0, 1.89%, 0, 0, 7, 432.82, 990874, 1240
3095, 0, 48, 80, 24, 0, 1.89%, 0, 0, 7, 391.07, 992850, 1240
3100, 0, 48, 80, 24, 0, 1.89%, 0, 0, 7, 446.36, 995224, 1240
3105, 0, 48, 80, 24, 0, 1.89%, 0, 0, 7, 335.02, 996803, 1240
3110, 0, 48, 80, 24, 0, 1.89%, 0, 0, 7, 457.03, 999317, 1240
3115, 0, 48, 80, 24, 0, 1.89%, 0, 0, 7, 465.41, 1001626, 1240
3120, 0, 48, 80, 24, 0, 1.89%, 0, 0, 7, 410.86, 1003678, 1240
3125, 0, 48, 80, 24, 0, 1.89%, 0, 0, 7, 343.99, 1005301, 1240
3130, 0, 48, 80, 24, 0, 1.89%, 0, 0, 7, 414.08, 1007455, 1240
3135, 0, 48, 80, 24, 0, 1.89%, 0, 0, 7, 452.32, 1009804, 1240
3140, 0, 48, 80, 24, 0, 1.89%, 0, 0, 7, 357.21, 1011539, 1240
3145, 0, 48, 80, 24, 0, 1.89%, 0, 0, 7, 318.84, 1013071, 1240
3151, 0, 34, 80, 24, 0, 1.89%, 0, 0, 7, 408.56, 1015180, 1240
3156, 0, 34, 80, 24, 0, 1.89%, 0, 0, 7, 345.73, 1016899, 1240
3161, 0, 34, 80, 24, 0, 1.89%, 0, 0, 7, 312.70, 1018474, 1240
3166, 0, 34, 80, 24, 0, 1.89%, 0, 0, 7, 380.11, 1020459, 1240
3171, 0, 34, 80, 24, 0, 1.89%, 0, 0, 7, 417.70, 1022711, 1240
3176, 0, 34, 80, 24, 0, 1.89%, 0, 0, 7, 393.73, 1024649, 1240
3181, 0, 34, 80, 24, 0, 1.89%, 0, 0, 7, 409.80, 1026723, 1240
3186, 0, 62, 80, 24, 0, 1.89%, 0, 0, 7, 442.29, 1028974, 1240
3191, 0, 62, 80, 24, 0, 1.89%, 0, 0, 7, 337.40, 1030537, 1240
3196, 0, 62, 80, 24, 0, 1.89%, 0, 0, 7, 360.17, 1032436, 1240
3201, 0, 62, 80, 24, 0, 1.89%, 0, 0, 7, 389.08, 1034392, 1240
3206, 0, 62, 80, 24, 0, 1.89%, 0, 0, 7, 360.40, 1036193, 1240
3211, 0, 62, 80, 24, 0, 1.89%, 0, 0, 7, 312.53, 1037816, 1240
3216, 0, 62, 80, 24, 0, 1.89%, 0, 0, 7, 314.66, 1039320, 1240
3222, 1, 34, 80, 24, 0, 1.89%, 0, 0, 7, 411.68, 1041553, 1240
3227, 1, 34, 80, 24, 0, 1.89%, 0, 0, 7, 448.97, 1043874, 1240
3232, 1, 34, 80, 24, 0, 1.89%, 0, 0, 7, 392.10, 1045790, 1240
3237, 1, 61, 80, 24, 0, 1.89%, 0, 0, 7, 280.92, 1047123, 1240
3242, 1, 61, 80, 24, 0, 1.89%, 0, 0, 7, 251.54, 1048318, 1240
3247, 1, 61, 80, 24, 0, 1.89%, 0, 0, 7, 306.39, 1049933, 1240
3252, 1, 61, 80, 24, 0, 1.89%, 0, 0, 7, 331.87, 1051664, 1240
3257, 1, 61, 80, 24, 0, 1.89%, 0, 0, 7, 327.58, 1053335, 1240
3263, 1, 61, 80, 24, 0, 1.89%, 0, 0, 7, 216.93, 1054299, 1240
3268, 1, 34, 80, 24, 0, 1.89%, 0, 0, 7, 359.97, 1056148, 1240
3273, 1, 34, 80, 24, 0, 1.89%, 0, 0, 7, 391.24, 1058166, 1240
3278, 1, 34, 80, 24, 0, 1.89%, 0, 0, 7, 405.28, 1060184, 1240
3283, 1, 44, 80, 24, 0, 1.89%, 0, 0, 7, 353.91, 1062055, 1240
3288, 1, 44, 80, 24, 0, 1.89%, 0, 0, 7, 306.15, 1063558, 1240
3293, 1, 44, 80, 24, 0, 1.89%, 0, 0, 7, 243.17, 1064720, 1240
3298, 1, 44, 80, 24, 0, 1.89%, 0, 0, 7, 247.00, 1065902, 1240
3303, 1, 44, 80, 24, 0, 1.89%, 0, 0, 7, 277.15, 1067323, 1240
3308, 1, 44, 80, 24, 0, 1.89%, 0, 0, 7, 328.49, 1069053, 1240
3313, 1, 44, 80, 24, 0, 1.89%, 0, 0, 7, 346.26, 1070871, 1240
3319, 1, 44, 80, 24, 0, 1.89%, 0, 0, 7, 368.65, 1072827, 1240
3324, 1, 44, 80, 24, 0, 1.89%, 0, 0, 7, 325.82, 1074519, 1240
3329, 1, 44, 80, 24, 0, 1.89%, 0, 0, 7, 279.37, 1075767, 1240
3334, 1, 44, 80, 24, 0, 1.89%, 0, 0, 7, 328.17, 1077534, 1240
3339, 1, 44, 80, 24, 0, 1.89%, 0, 0, 7, 336.57, 1079322, 1240
3344, 1, 44, 80, 24, 0, 1.89%, 0, 0, 7, 247.68, 1080383, 1240
3349, 1, 37, 80, 24, 0, 1.89%, 0, 0, 7, 356.06, 1082196, 1240
3354, 1, 37, 80, 24, 0, 1.89%, 0, 0, 7, 307.08, 1083647, 1240
3360, 1, 37, 80, 24, 0, 1.89%, 0, 0, 7, 242.89, 1084783, 1240
3365, 1, 37, 80, 24, 0, 1.89%, 0, 0, 7, 241.03, 1085912, 1240
3370, 1, 37, 80, 24, 0, 1.89%, 0, 0, 7, 272.43, 1087264, 1240
3375, 1, 34, 80, 24, 0, 1.89%, 0, 0, 7, 404.17, 1089470, 1240
3380, 1, 34, 80, 24, 0, 1.89%, 0, 0, 7, 433.67, 1091640, 1240
3385, 1, 34, 80, 24, 0, 1.89%, 0, 0, 7, 392.50, 1093526, 1240
3390, 1, 78, 80, 24, 0, 1.89%, 0, 0, 7, 456.81, 1095793, 1240
3395, 1, 78, 80, 24, 0, 1.89%, 0, 0, 7, 486.93, 1098286, 1240
3400, 1, 78, 80, 24, 0, 1.89%, 0, 0, 7, 416.01, 1100328, 1240
3405, 1, 78, 80, 24, 0, 1.89%, 0, 0, 7, 397.44, 1102293, 1240
3410, 1, 78, 80, 24, 0, 1.89%, 0, 0, 7, 353.05, 1104072, 1240
3415, 1, 78, 80, 24, 0, 1.89%, 0, 0, 7, 316.42, 1105613, 1240
3420, 1, 78, 80, 24, 0, 1.89%, 0, 0, 7, 312.09, 1107161, 1240
3425, 1, 78, 80, 24, 0, 1.89%, 0, 0, 7, 349.77, 1108896, 1240
3431, 1, 78, 80, 24, 0, 1.89%, 0, 0, 7, 448.81, 1111318, 1240
3436, 1, 78, 80, 24, 0, 1.89%, 0, 0, 7, 450.54, 1113702, 1240
3441, 1, 78, 80, 24, 0, 1.89%, 0, 0, 7, 331.15, 1115214, 1240
3446, 1, 78, 80, 24, 0, 1.89%, 0, 0, 7, 360.78, 1116918, 1240
3451, 1, 78, 80, 24, 0, 1.89%, 0, 0, 7, 428.43, 1119296, 1240
3456, 1, 78, 80, 24, 0, 1.89%, 0, 0, 7, 436.23, 1121630, 1240
3461, 1, 78, 80, 24, 0, 1.89%, 0, 0, 7, 462.51, 1124091, 1240
3466, 1, 78, 80, 24, 0, 1.89%, 0, 0, 7, 354.06, 1125745, 1240
3471, 1, 78, 80, 24, 0, 1.89%, 0, 0, 7, 299.41, 1127232, 1240
3476, 1, 78, 80, 24, 0, 1.89%, 0, 0, 7, 300.43, 1128792, 1240
3481, 1, 78, 80, 24, 0, 1.89%, 0, 0, 7, 280.66, 1130165, 1240
3487, 1, 78, 80, 24, 0, 1.89%, 0, 0, 7, 300.82, 1131732, 1240
3492, 1, 78, 80, 24, 0, 1.89%, 0, 0, 7, 427.43, 1133950, 1240
3497, 1, 78, 80, 24, 0, 1.89%, 0, 0, 7, 344.42, 1135650, 1240
3502, 1, 78, 80, 24, 0, 1.89%, 0, 0, 7, 318.76, 1137228, 1240
3507, 1, 78, 80, 24, 0, 1.89%, 0, 0, 7, 429.97, 1139370, 1240
3512, 1, 78, 80, 24, 0, 1.89%, 0, 0, 7, 465.59, 1141773, 1240
3517, 1, 78, 80, 24, 0, 1.89%, 0, 0, 7, 469.46, 1144167, 1240
3522, 1, 41, 80, 24, 0, 1.89%, 0, 0, 7, 392.84, 1146137, 1240
3527, 1, 41, 80, 24, 0, 1.89%, 0, 0, 7, 354.54, 1147827, 1240
3532, 1, 41, 80, 24, 0, 1.89%, 0, 0, 7, 362.28, 1149649, 1240
3538, 1, 41, 80, 24, 0, 1.89%, 0, 0, 7, 327.16, 1151324, 1240
3543, 1, 34, 80, 24, 0, 1.89%, 0, 0, 7, 427.40, 1153570, 1240
3548, 1, 34, 80, 24, 0, 1.89%, 0, 0, 7, 348.58, 1155427, 1240
3553, 1, 34, 80, 24, 0, 1.89%, 0, 0, 7, 411.15, 1157467, 1240
3558, 1, 34, 80, 24, 0, 1.89%, 0, 0, 7, 408.58, 1159533, 1240
3563, 1, 34, 80, 24, 0, 1.89%, 0, 0, 7, 388.59, 1161441, 1240
3568, 1, 34, 80, 24, 0, 1.89%, 0, 0, 7, 377.55, 1163312, 1240
3573, 1, 13, 80, 24, 0, 1.89%, 0, 0, 7, 321.93, 1164924, 1240
3578, 1, 13, 80, 24, 0, 1.89%, 0, 0, 7, 296.27, 1166406, 1240
3584, 1, 13, 80, 24, 0, 1.89%, 0, 0, 7, 279.40, 1167884, 1240
3589, 1, 13, 80, 24, 0, 1.89%, 0, 0, 7, 285.84, 1169314, 1240
3594, 1, 34, 80, 24, 0, 1.89%, 0, 0, 7, 323.02, 1170986, 1240
3599, 1, 34, 80, 24, 0, 1.89%, 0, 0, 7, 372.45, 1172987, 1240
3604, 1, 34, 80, 24, 0, 1.89%, 0, 0, 7, 392.00, 1174999, 1240
3609, 1, 34, 80, 24, 0, 1.89%, 0, 0, 7, 402.36, 1177052, 1240
3614, 1, 61, 80, 24, 0, 1.89%, 0, 0, 7, 288.86, 1178416, 1240
3619, 1, 61, 80, 24, 0, 1.89%, 0, 0, 7, 234.54, 1179550, 1240
3624, 1, 61, 80, 24, 0, 1.89%, 0, 0, 7, 288.05, 1180976, 1240
3629, 1, 61, 80, 24, 0, 1.89%, 0, 0, 7, 262.64, 1182281, 1240
3634, 1, 61, 80, 24, 0, 1.89%, 0, 0, 7, 334.91, 1184051, 1240
3640, 1, 61, 80, 24, 0, 1.89%, 0, 0, 7, 315.97, 1185698, 1240
3645, 1, 34, 80, 24, 0, 1.89%, 0, 0, 7, 400.67, 1187754, 1240
3650, 1, 34, 80, 24, 0, 1.89%, 0, 0, 7, 414.79, 1189924, 1240
3655, 1, 34, 80, 24, 0, 1.89%, 0, 0, 7, 416.19, 1192045, 1240
3660, 1, 44, 80, 24, 0, 1.89%, 0, 0, 7, 334.91, 1193767, 1240
3665, 1, 44, 80, 24, 0, 1.89%, 0, 0, 7, 283.55, 1195209, 1240
3670, 1, 44, 80, 24, 0, 1.89%, 0, 0, 7, 235.93, 1196375, 1240
3676, 1, 44, 80, 24, 0, 1.89%, 0, 0, 7, 410.93, 1198485, 1240
3681, 1, 44, 80, 24, 0, 1.89%, 0, 0, 7, 425.39, 1200723, 1240
3686, 1, 44, 80, 24, 0, 1.89%, 0, 0, 7, 373.86, 1202580, 1240
3691, 1, 44, 80, 24, 0, 1.89%, 0, 0, 7, 245.79, 1203622, 1240
3696, 1, 44, 80, 24, 0, 1.89%, 0, 0, 7, 235.57, 1204731, 1240
3701, 1, 44, 80, 24, 0, 1.89%, 0, 0, 7, 317.14, 1206414, 1240
3706, 1, 44, 80, 24, 0, 1.89%, 0, 0, 7, 296.42, 1207858, 1240
3711, 1, 44, 80, 24, 0, 1.89%, 0, 0, 7, 368.56, 1209858, 1240
3716, 1, 44, 80, 24, 0, 1.89%, 0, 0, 7, 355.39, 1211634, 1240
3721, 1, 14, 80, 24, 0, 1.89%, 0, 0, 7, 309.76, 1213113, 1240
3726, 1, 14, 80, 24, 0, 1.89%, 0, 0, 7, 298.50, 1214512, 1240
3732, 1, 14, 80, 24, 0, 1.89%, 0, 0, 7, 326.70, 1216271, 1240
3737, 1, 14, 80, 24, 0, 1.89%, 0, 0, 7, 315.83, 1217936, 1240
3742, 1, 62, 80, 24, 0, 1.89%, 0, 0, 7, 356.60, 1219710, 1240
3747, 1, 62, 80, 24, 0, 1.89%, 0, 0, 7, 419.43, 1221937, 1240
3752, 1, 62, 80, 24, 0, 1.89%, 0, 0, 7, 431.72, 1224172, 1240
3757, 1, 62, 80, 24, 0, 1.89%, 0, 0, 7, 394.16, 1226125, 1240
3762, 1, 62, 80, 24, 0, 1.89%, 0, 0, 7, 360.30, 1227899, 1240
3767, 1, 62, 80, 24, 0, 1.89%, 0, 0, 7, 369.72, 1229806, 1240
3772, 1, 34, 80, 24, 0, 1.89%, 0, 0, 7, 428.58, 1232016, 1240
3777, 1, 34, 80, 24, 0, 1.89%, 0, 0, 7, 402.05, 1234111, 1240
3782, 1, 34, 80, 24, 0, 1.89%, 0, 0, 7, 339.69, 1235742, 1240
3787, 1, 34, 80, 24, 0, 1.89%, 0, 0, 7, 338.38, 1237596, 1240
3792, 1, 34, 80, 24, 0, 1.89%, 0, 0, 7, 437.30, 1239882, 1240
3797, 1, 34, 80, 24, 0, 1.89%, 0, 0, 7, 365.26, 1241634, 1240
3803, 1, 34, 80, 24, 0, 1.89%, 0, 0, 7, 319.38, 1243148, 1240
3808, 1, 34, 80, 24, 0, 1.89%, 0, 0, 7, 419.88, 1245434, 1240
3813, 1, 34, 80, 24, 0, 1.89%, 0, 0, 7, 389.96, 1247307, 1240
3818, 1, 34, 80, 24, 0, 1.89%, 0, 0, 7, 397.24, 1249311, 1240
3823, 1, 34, 80, 24, 0, 1.89%, 0, 0, 7, 385.92, 1251212, 1240
3828, 1, 34, 80, 24, 0, 1.89%, 0, 0, 7, 434.16, 1253492, 1240
3833, 1, 34, 80, 24, 0, 1.89%, 0, 0, 7, 389.96, 1255465, 1240
3838, 1, 34, 80, 24, 0, 1.89%, 0, 0, 7, 363.08, 1257224, 1240
3843, 1, 34, 80, 24, 0, 1.89%, 0, 0, 7, 397.47, 1259419, 1240
3848, 1, 34, 80, 24, 0, 1.89%, 0, 0, 7, 431.63, 1261648, 1240
3854, 1, 39, 80, 24, 0, 1.89%, 0, 0, 7, 425.20, 1263834, 1240
3859, 1, 39, 80, 24, 0, 1.89%, 0, 0, 7, 456.91, 1266187, 1240
3864, 1, 39, 80, 24, 0, 1.89%, 0, 0, 7, 333.65, 1267890, 1240
3869, 1, 39, 80, 24, 0, 1.89%, 0, 0, 7, 305.04, 1269310, 1240
3874, 1, 39, 80, 24, 0, 1.89%, 0, 0, 7, 350.93, 1271183, 1240
3879, 1, 39, 80, 24, 0, 1.89%, 0, 0, 7, 359.75, 1272931, 1240
3884, 1, 39, 80, 24, 0, 1.89%, 0, 0, 7, 359.44, 1274757, 1240
3889, 1, 39, 80, 24, 0, 1.89%, 0, 0, 7, 408.82, 1276780, 1240
3894, 1, 39, 80, 24, 0, 1.89%, 0, 0, 7, 377.28, 1278694, 1240
3899, 1, 39, 80, 24, 0, 1.89%, 0, 0, 7, 336.17, 1280221, 1240
3904, 1, 39, 80, 24, 0, 1.89%, 0, 0, 7, 374.13, 1282232, 1240
3909, 1, 23, 80, 24, 0, 1.89%, 0, 0, 7, 397.28, 1284309, 1240
3914, 1, 23, 80, 24, 0, 1.89%, 0, 0, 7, 292.50, 1285725, 1240
3919, 1, 23, 80, 24, 0, 1.89%, 0, 0, 7, 274.61, 1287038, 1240
3924, 1, 23, 80, 24, 0, 1.89%, 0, 0, 7, 258.87, 1288321, 1240
3930, 1, 34, 80, 24, 0, 1.89%, 0, 0, 7, 365.29, 1290148, 1240
3935, 1, 34, 80, 24, 0, 1.89%, 0, 0, 7, 425.80, 1292398, 1240
3940, 1, 34, 80, 24, 0, 1.89%, 0, 0, 7, 440.98, 1294607, 1240
3945, 1, 62, 80, 24, 0, 1.89%, 0, 0, 7, 403.38, 1296532, 1240
3950, 1, 62, 80, 24, 0, 1.89%, 0, 0, 7, 431.50, 1298804, 1240
3955, 1, 62, 80, 24, 0, 1.89%, 0, 0, 7, 448.10, 1301023, 1240
3960, 1, 62, 80, 24, 0, 1.89%, 0, 0, 7, 361.00, 1302714, 1240
3965, 1, 62, 80, 24, 0, 1.89%, 0, 0, 7, 403.26, 1304712, 1240
3970, 1, 62, 80, 24, 0, 1.89%, 0, 0, 7, 377.31, 1306640, 1240
3975, 1, 34, 80, 24, 0, 1.89%, 0, 0, 7, 402.81, 1308652, 1240
3980, 1, 34, 80, 24, 0, 1.89%, 0, 0, 7, 407.51, 1310849, 1240
3985, 1, 34, 80, 24, 0, 1.89%, 0, 0, 7, 362.44, 1312807, 1240
3990, 1, 39, 80, 24, 0, 1.89%, 0, 0, 7, 410.88, 1314933, 1240
3995, 1, 39, 80, 24, 0, 1.89%, 0, 0, 7, 453.43, 1317290, 1240
4000, 1, 39, 80, 24, 0, 1.89%, 0, 0, 7, 393.41, 1319274, 1240
4006, 1, 39, 80, 24, 0, 1.89%, 0, 0, 7, 368.42, 1321137, 1240
4011, 1, 39, 80, 24, 0, 1.89%, 0, 0, 7, 335.15, 1322723, 1240
4016, 1, 39, 80, 24, 0, 1.89%, 0, 0, 7, 379.80, 1324758, 1240
4021, 1, 39, 80, 24, 0, 1.89%, 0, 0, 7, 349.76, 1326583, 1240
4026, 1, 39, 80, 24, 0, 1.89%, 0, 0, 7, 297.79, 1328023, 1240
4031, 1, 39, 80, 24, 0, 1.89%, 0, 0, 7, 357.76, 1329940, 1240
4036, 1, 39, 80, 24, 0, 1.89%, 0, 0, 7, 307.83, 1331444, 1240
4041, 1, 39, 80, 24, 0, 1.89%, 0, 0, 7, 325.62, 1333044, 1240
4046, 1, 60, 80, 24, 0, 1.89%, 0, 0, 7, 379.21, 1335045, 1240
4051, 1, 60, 80, 24, 0, 1.89%, 0, 0, 7, 396.93, 1337061, 1240
4056, 1, 60, 80, 24, 0, 1.89%, 0, 0, 7, 321.45, 1338651, 1240
4061, 1, 60, 80, 24, 0, 1.89%, 0, 0, 7, 291.34, 1340088, 1240
4066, 1, 60, 80, 24, 0, 1.89%, 0, 0, 7, 329.12, 1341691, 1240
4072, 1, 60, 80, 24, 0, 1.89%, 0, 0, 7, 390.18, 1343789, 1240
4077, 1, 60, 80, 24, 0, 1.89%, 0, 0, 7, 459.34, 1346100, 1240
4082, 1, 60, 80, 24, 0, 1.89%, 0, 0, 7, 424.68, 1348269, 1240
4087, 1, 60, 80, 24, 0, 1.89%, 0, 0, 7, 312.82, 1349823, 1240
4092, 1, 60, 80, 24, 0, 1.89%, 0, 0, 7, 317.73, 1351347, 1240
4097, 1, 60, 80, 24, 0, 1.89%, 0, 0, 7, 312.97, 1353045, 1240
4102, 1, 60, 80, 24, 0, 1.89%, 0, 0, 7, 245.43, 1354175, 1240
4107, 1, 60, 80, 24, 0, 1.89%, 0, 0, 7, 297.89, 1355662, 1240
4112, 1, 60, 80, 24, 0, 1.89%, 0, 0, 7, 290.70, 1357278, 1240
4118, 1, 60, 80, 24, 0, 1.89%, 0, 0, 7, 245.55, 1358459, 1240
4123, 1, 60, 80, 24, 0, 1.89%, 0, 0, 7, 364.72, 1360400, 1240
4128, 1, 60, 80, 24, 0, 1.89%, 0, 0, 7, 361.60, 1362281, 1240
4133, 1, 60, 80, 24, 0, 1.89%, 0, 0, 7, 356.60, 1364085, 1240
4138, 1, 60, 80, 24, 0, 1.89%, 0, 0, 7, 362.28, 1365931, 1240
4143, 1, 60, 80, 24, 0, 1.89%, 0, 0, 7, 350.76, 1367693, 1240
4148, 1, 60, 80, 24, 0, 1.89%, 0, 0, 7, 321.32, 1369317, 1240
4153, 1, 60, 80, 24, 0, 1.89%, 0, 0, 7, 310.15, 1370817, 1240
4158, 1, 60, 80, 24, 0, 1.89%, 0, 0, 7, 348.93, 1372649, 1240
4163, 1, 49, 80, 24, 0, 1.89%, 0, 0, 7, 388.09, 1374652, 1240
4168, 1, 49, 80, 24, 0, 1.89%, 0, 0, 7, 361.62, 1376532, 1240
4173, 1, 49, 80, 24, 0, 1.89%, 0, 0, 7, 302.69, 1377985, 1240
4178, 1, 49, 81, 25, 0, 1.89%, 0, 0, 7, 285.66, 1379426, 1241
4183, 1, 49, 81, 25, 0, 1.89%, 0, 0, 7, 281.74, 1380826, 1241
4189, 1, 49, 81, 25, 0, 1.89%, 0, 0, 7, 283.46, 1382306, 1241
4194, 1, 49, 81, 25, 0, 1.89%, 0, 0, 7, 304.02, 1383845, 1241
4199, 1, 49, 81, 25, 0, 1.89%, 0, 0, 7, 334.88, 1385573, 1241
4204, 1, 49, 81, 25, 0, 1.89%, 0, 0, 7, 340.74, 1387355, 1241
4209, 1, 49, 81, 25, 0, 1.89%, 0, 0, 7, 341.29, 1389065, 1241
4214, 1, 49, 81, 25, 0, 1.89%, 0, 0, 7, 351.32, 1390875, 1241
4219, 1, 49, 81, 25, 0, 1.89%, 0, 0, 7, 380.61, 1392749, 1241
4224, 1, 49, 81, 25, 0, 1.89%, 0, 0, 7, 433.36, 1395076, 1241
4229, 1, 49, 81, 25, 0, 1.89%, 0, 0, 7, 397.30, 1397062, 1241
4234, 1, 49, 81, 25, 0, 1.89%, 0, 0, 7, 350.45, 1398791, 1241
4239, 1, 49, 81, 25, 0, 1.89%, 0, 0, 7, 298.05, 1400229, 1241
4244, 1, 49, 81, 25, 0, 1.89%, 0, 0, 7, 344.23, 1402068, 1241
4249, 1, 49, 81, 25, 0, 1.89%, 0, 0, 7, 390.05, 1404079, 1241
4254, 1, 49, 81, 25, 0, 1.89%, 0, 0, 7, 356.46, 1405876, 1241
4260, 1, 49, 81, 25, 0, 1.89%, 0, 0, 7, 310.26, 1407426, 1241
4265, 1, 49, 81, 25, 0, 1.89%, 0, 0, 7, 315.38, 1408956, 1241
4270, 1, 49, 81, 25, 0, 1.89%, 0, 0, 7, 343.38, 1410756, 1241
4275, 1, 49, 81, 25, 0, 1.89%, 0, 0, 7, 349.83, 1412504, 1241
4280, 1, 49, 81, 25, 0, 1.89%, 0, 0, 7, 327.76, 1414158, 1241
4285, 1, 49, 81, 25, 0, 1.89%, 0, 0, 7, 298.37, 1415632, 1241
4290, 1, 49, 81, 25, 0, 1.89%, 0, 0, 7, 329.12, 1417272, 1241
4295, 1, 34, 81, 25, 1, 1.89%, 0, 0, 7, 411.08, 1419386, 1241
4300, 1, 34, 81, 25, 1, 1.89%, 0, 0, 7, 373.69, 1421192, 1241
4305, 1, 34, 81, 25, 1, 1.89%, 0, 0, 7, 370.01, 1422981, 1241
4310, 1, 45, 81, 25, 1, 1.89%, 0, 0, 7, 366.19, 1424964, 1241
4315, 1, 45, 81, 25, 1, 1.89%, 0, 0, 7, 284.12, 1426280, 1241
4320, 1, 45, 81, 25, 1, 1.89%, 0, 0, 7, 314.06, 1427939, 1241
4325, 1, 45, 81, 25, 1, 1.89%, 0, 0, 7, 331.78, 1429593, 1241
4330, 1, 45, 81, 25, 1, 1.89%, 0, 0, 7, 335.51, 1431320, 1241
4335, 1, 34, 81, 25, 1, 1.89%, 0, 0, 7, 436.47, 1433577, 1241
4340, 1, 34, 81, 25, 1, 1.89%, 0, 0, 7, 409.33, 1435503, 1241
4345, 1, 34, 81, 25, 1, 1.89%, 0, 0, 7, 432.72, 1437600, 1241
4351, 1, 80, 81, 25, 1, 1.89%, 0, 0, 7, 342.06, 1439207, 1241
4356, 1, 80, 81, 25, 1, 1.89%, 0, 0, 7, 340.38, 1441039, 1241
4361, 1, 80, 81, 25, 1, 1.89%, 0, 0, 7, 285.89, 1442428, 1241
4366, 1, 80, 81, 25, 1, 1.89%, 0, 0, 7, 316.05, 1444017, 1241
4371, 1, 80, 81, 25, 1, 1.89%, 0, 0, 7, 337.10, 1445797, 1241
4376, 1, 80, 81, 25, 1, 1.89%, 0, 0, 7, 225.24, 1446865, 1241
4381, 1, 80, 81, 25, 1, 1.89%, 0, 0, 7, 304.54, 1448443, 1241
4386, 1, 80, 81, 25, 1, 1.89%, 0, 0, 7, 273.11, 1449815, 1241
4391, 1, 80, 81, 25, 1, 1.89%, 0, 0, 7, 309.95, 1451245, 1241
4396, 1, 80, 81, 25, 1, 1.89%, 0, 0, 7, 365.43, 1453227, 1241
4402, 1, 80, 81, 25, 1, 1.89%, 0, 0, 7, 355.74, 1454946, 1241
4407, 1, 80, 81, 25, 1, 1.89%, 0, 0, 7, 308.78, 1456627, 1241
4412, 1, 80, 81, 25, 1, 1.89%, 0, 0, 7, 232.43, 1457645, 1241
4417, 1, 80, 81, 25, 1, 1.89%, 0, 0, 7, 314.53, 1459255, 1241
4422, 1, 67, 81, 24, 0, 1.89%, 0, 0, 7, 357.13, 1461179, 1241
4427, 1, 67, 81, 24, 0, 1.89%, 0, 0, 7, 370.98, 1463140, 1241
4432, 1, 78, 81, 24, 0, 1.89%, 0, 0, 7, 419.91, 1465189, 1241
4437, 1, 78, 81, 24, 0, 1.89%, 0, 0, 7, 479.96, 1467770, 1241
4443, 1, 78, 81, 24, 0, 1.89%, 0, 0, 7, 435.17, 1470021, 1241
4448, 1, 78, 81, 24, 0, 1.89%, 0, 0, 7, 405.26, 1472021, 1241
4453, 1, 78, 81, 24, 0, 1.89%, 0, 0, 7, 434.05, 1474214, 1241
4458, 1, 78, 81, 24, 0, 1.89%, 0, 0, 7, 490.28, 1476792, 1241
4463, 1, 78, 81, 24, 0, 1.89%, 0, 0, 7, 381.10, 1478815, 1241
4468, 1, 78, 81, 24, 0, 1.89%, 0, 0, 7, 318.55, 1480345, 1241
4473, 1, 78, 81, 24, 0, 1.89%, 0, 0, 7, 399.56, 1482301, 1241
4478, 1, 78, 81, 24, 0, 1.89%, 0, 0, 7, 418.75, 1484529, 1241
4483, 1, 78, 81, 24, 0, 1.89%, 0, 0, 7, 473.02, 1487020, 1241
4489, 1, 78, 81, 24, 0, 1.89%, 0, 0, 7, 445.89, 1489387, 1241
4494, 1, 78, 81, 24, 0, 1.89%, 0, 0, 7, 335.86, 1490929, 1241
4499, 1, 78, 81, 24, 0, 1.89%, 0, 0, 7, 350.45, 1492621, 1241
4504, 1, 78, 81, 24, 0, 1.89%, 0, 0, 7, 364.93, 1494558, 1241
4509, 1, 78, 81, 24, 0, 1.89%, 0, 0, 7, 444.37, 1496969, 1241
4514, 1, 78, 81, 24, 0, 1.89%, 0, 0, 7, 379.50, 1498786, 1241
4519, 1, 78, 81, 24, 0, 1.89%, 0, 0, 7, 349.89, 1500515, 1241
4524, 1, 78, 81, 24, 0, 1.89%, 0, 0, 7, 336.75, 1502209, 1241
4529, 1, 78, 81, 24, 0, 1.89%, 0, 0, 7, 455.63, 1504651, 1241
4534, 1, 78, 81, 24, 0, 1.89%, 0, 0, 7, 417.64, 1506657, 1241
4539, 1, 78, 81, 24, 0, 1.89%, 0, 0, 7, 353.41, 1508446, 1241
4544, 1, 78, 81, 24, 0, 1.89%, 0, 0, 7, 311.46, 1510009, 1241
4549, 1, 78, 81, 24, 0, 1.89%, 0, 0, 7, 334.63, 1511695, 1241
4555, 1, 78, 81, 24, 0, 1.89%, 0, 0, 7, 362.79, 1513584, 1241
4560, 1, 78, 81, 24, 0, 1.89%, 0, 0, 7, 358.80, 1515390, 1241
4565, 1, 34, 81, 24, 0, 1.89%, 0, 0, 7, 390.14, 1517397, 1241
4570, 1, 34, 81, 24, 0, 1.89%, 0, 0, 7, 359.38, 1519236, 1241
4575, 1, 34, 81, 24, 0, 1.89%, 0, 0, 7, 395.36, 1521275, 1241
4580, 1, 34, 81, 24, 0, 1.89%, 0, 0, 7, 427.20, 1523544, 1241
4585, 1, 34, 81, 24, 0, 1.89%, 0, 0, 7, 401.69, 1525479, 1241
4590, 1, 34, 81, 24, 0, 1.89%, 0, 0, 7, 400.87, 1527511, 1241
4595, 1, 49, 81, 24, 0, 1.89%, 0, 0, 7, 390.01, 1529514, 1241
4600, 1, 49, 81, 24, 0, 1.89%, 0, 0, 7, 398.48, 1531530, 1241
4605, 1, 49, 81, 24, 0, 1.89%, 0, 0, 7, 320.45, 1533093, 1241
4611, 1, 49, 81, 24, 0, 1.89%, 0, 0, 7, 292.62, 1534570, 1241
4616, 1, 49, 81, 24, 0, 1.89%, 0, 0, 7, 285.96, 1536007, 1241
4621, 1, 49, 81, 24, 0, 1.89%, 0, 0, 7, 284.79, 1537447, 1241
4626, 1, 49, 81, 24, 0, 1.89%, 0, 0, 7, 285.98, 1538932, 1241
4631, 1, 49, 81, 24, 0, 1.89%, 0, 0, 7, 410.76, 1541271, 1241
4636, 1, 49, 81, 24, 0, 1.89%, 0, 0, 7, 301.25, 1542657, 1241
4641, 1, 49, 81, 24, 0, 1.89%, 0, 0, 7, 374.74, 1544624, 1241
4646, 1, 49, 81, 24, 0, 1.89%, 0, 0, 7, 365.99, 1546491, 1241
4651, 1, 49, 81, 24, 0, 1.89%, 0, 0, 7, 319.58, 1548123, 1241
4656, 1, 49, 81, 24, 0, 1.89%, 0, 0, 7, 302.84, 1549629, 1241
4661, 1, 49, 81, 24, 0, 1.89%, 0, 0, 7, 299.20, 1551095, 1241
4666, 1, 49, 81, 24, 0, 1.89%, 0, 0, 7, 288.15, 1552530, 1241
4671, 1, 49, 81, 24, 0, 1.89%, 0, 0, 7, 289.85, 1554006, 1241
4676, 1, 49, 81, 24, 0, 1.89%, 0, 0, 7, 319.96, 1555587, 1241
4682, 1, 49, 81, 24, 0, 1.89%, 0, 0, 7, 322.38, 1557279, 1241
4687, 1, 49, 81, 24, 0, 1.89%, 0, 0, 7, 250.77, 1558468, 1241
4692, 1, 49, 81, 24, 0, 1.89%, 0, 0, 7, 309.92, 1560057, 1241
4697, 1, 49, 81, 24, 0, 1.89%, 0, 0, 7, 311.10, 1561677, 1241
4702, 1, 49, 81, 24, 0, 1.89%, 0, 0, 7, 294.44, 1563126, 1241
4707, 1, 49, 81, 24, 0, 1.89%, 0, 0, 7, 263.40, 1564401, 1241
4712, 1, 49, 81, 24, 0, 1.89%, 0, 0, 7, 306.67, 1565973, 1241
4717, 1, 34, 81, 24, 0, 1.89%, 0, 0, 7, 405.12, 1568023, 1241
4722, 1, 34, 81, 24, 0, 1.89%, 0, 0, 7, 417.77, 1570325, 1241
4727, 1, 34, 81, 24, 0, 1.89%, 0, 0, 7, 404.71, 1572362, 1241
4732, 1, 27, 81, 24, 0, 1.89%, 0, 0, 7, 326.63, 1574001, 1241
4738, 1, 34, 81, 23, 0, 1.89%, 0, 0, 7, 358.84, 1575762, 1241
4743, 1, 34, 81, 23, 0, 1.89%, 0, 0, 7, 420.08, 1577983, 1241
4748, 1, 34, 81, 23, 0, 1.89%, 0, 0, 7, 394.41, 1579931, 1241
4753, 1, 61, 81, 23, 0, 1.89%, 0, 0, 7, 381.69, 1581893, 1241
4758, 1, 61, 81, 23, 0, 1.89%, 0, 0, 7, 272.89, 1583158, 1241
4763, 1, 61, 81, 23, 0, 1.89%, 0, 0, 7, 302.09, 1584744, 1241
4768, 1, 61, 81, 23, 0, 1.89%, 0, 0, 7, 333.45, 1586370, 1241
4773, 1, 61, 81, 23, 0, 1.89%, 0, 0, 7, 299.74, 1587878, 1241
4778, 1, 61, 81, 23, 0, 1.89%, 0, 0, 7, 312.14, 1589472, 1241
4783, 1, 61, 81, 23, 0, 1.89%, 0, 0, 7, 377.25, 1591288, 1241
4788, 1, 34, 81, 23, 0, 1.89%, 0, 0, 7, 316.74, 1593037, 1241
4793, 1, 34, 81, 23, 0, 1.89%, 0, 0, 7, 347.85, 1594846, 1241
4798, 1, 34, 81, 23, 0, 1.89%, 0, 0, 7, 375.11, 1596731, 1241
4803, 1, 34, 81, 23, 0, 1.89%, 0, 0, 7, 439.76, 1599019, 1241
4809, 1, 34, 81, 23, 0, 1.89%, 0, 0, 7, 384.86, 1600881, 1241
4814, 1, 34, 81, 23, 0, 1.89%, 0, 0, 7, 409.04, 1602924, 1241
4819, 1, 62, 81, 23, 0, 1.89%, 0, 0, 7, 382.66, 1604774, 1241
4824, 1, 62, 81, 23, 0, 1.89%, 0, 0, 7, 399.78, 1606920, 1241
4829, 1, 62, 81, 23, 0, 1.89%, 0, 0, 7, 408.71, 1608874, 1241
4834, 1, 62, 81, 23, 0, 1.89%, 0, 0, 7, 383.39, 1610768, 1241
4839, 1, 62, 81, 23, 0, 1.89%, 0, 0, 7, 330.23, 1612282, 1241
4844, 1, 62, 81, 23, 0, 1.89%, 0, 0, 7, 367.25, 1614267, 1241
4849, 1, 62, 81, 23, 0, 1.89%, 0, 0, 7, 333.19, 1616045, 1241
4854, 1, 34, 81, 23, 0, 1.89%, 0, 0, 7, 428.54, 1618276, 1241
4859, 1, 34, 81, 23, 0, 1.89%, 0, 0, 7, 420.32, 1620426, 1241
4864, 1, 34, 81, 23, 0, 1.89%, 0, 0, 7, 431.85, 1622563, 1241
4869, 1, 34, 81, 23, 0, 1.89%, 0, 0, 7, 471.27, 1624975, 1241
4874, 1, 34, 81, 23, 0, 1.89%, 0, 0, 7, 398.68, 1626836, 1241
4879, 1, 34, 81, 23, 0, 1.89%, 0, 0, 7, 361.88, 1628582, 1241
4884, 1, 62, 81, 23, 0, 1.89%, 0, 0, 7, 393.65, 1630607, 1241
4889, 1, 62, 81, 23, 0, 1.89%, 0, 0, 7, 393.90, 1632720, 1241
4894, 1, 62, 81, 23, 0, 1.89%, 0, 0, 7, 354.69, 1634477, 1241
4900, 1, 62, 81, 23, 0, 1.89%, 0, 0, 7, 386.76, 1636452, 1241
4905, 1, 62, 81, 23, 0, 1.89%, 0, 0, 7, 360.87, 1638333, 1241
4910, 1, 62, 81, 23, 0, 1.89%, 0, 0, 7, 346.02, 1639948, 1241
4915, 1, 62, 81, 23, 0, 1.89%, 0, 0, 7, 366.97, 1641783, 1241
4920, 1, 39, 81, 23, 0, 1.89%, 0, 0, 7, 432.46, 1643982, 1241
4925, 1, 39, 81, 23, 0, 1.89%, 0, 0, 7, 427.68, 1646247, 1241
4930, 1, 39, 81, 23, 0, 1.89%, 0, 0, 7, 384.72, 1648099, 1241
4935, 1, 39, 81, 23, 0, 1.89%, 0, 0, 7, 427.79, 1650321, 1241
4940, 1, 39, 81, 23, 0, 1.89%, 0, 0, 7, 376.01, 1652081, 1241
4945, 1, 39, 81, 23, 0, 1.89%, 0, 0, 7, 371.97, 1653873, 1241
4950, 1, 78, 81, 23, 0, 1.89%, 0, 0, 7, 386.84, 1655768, 1241
4955, 1, 78, 81, 23, 0, 1.89%, 0, 0, 7, 477.11, 1658279, 1241
4960, 1, 78, 82, 24, 0, 2.03%, 0, 0, 7, 445.29, 1660561, 1329
4965, 1, 78, 82, 24, 0, 2.03%, 0, 0, 7, 406.82, 1662617, 1329
4970, 1, 78, 82, 24, 0, 2.03%, 0, 0, 7, 398.36, 1664617, 1329
4976, 1, 78, 82, 24, 0, 2.03%, 0, 0, 7, 392.45, 1666647, 1329
4981, 1, 78, 82, 24, 0, 2.03%, 0, 0, 7, 397.86, 1668712, 1329
4986, 1, 78, 82, 24, 0, 2.03%, 0, 0, 7, 381.85, 1670625, 1329
4991, 1, 78, 82, 24, 0, 2.03%, 0, 0, 7, 380.62, 1672606, 1329
4996, 1, 78, 82, 24, 0, 2.03%, 0, 0, 7, 374.55, 1674531, 1329
5001, 1, 78, 82, 24, 0, 2.03%, 0, 0, 7, 372.98, 1676400, 1329
5006, 1, 78, 82, 24, 0, 2.03%, 0, 0, 7, 375.76, 1678353, 1329
5012, 1, 78, 82, 24, 0, 2.03%, 0, 0, 7, 466.76, 1680818, 1329
5017, 1, 78, 82, 24, 0, 2.03%, 0, 0, 7, 344.52, 1682489, 1329
5022, 1, 78, 82, 24, 0, 2.03%, 0, 0, 7, 309.70, 1684013, 1329
5027, 1, 78, 82, 24, 0, 2.03%, 0, 0, 7, 353.26, 1685831, 1329
5032, 1, 78, 82, 24, 0, 2.03%, 0, 0, 7, 359.68, 1687665, 1329
5037, 1, 78, 82, 24, 0, 2.03%, 0, 0, 7, 365.14, 1689499, 1329
5042, 1, 78, 82, 24, 0, 2.03%, 0, 0, 7, 465.62, 1691990, 1329
5047, 1, 78, 82, 24, 0, 2.03%, 0, 0, 7, 469.67, 1694201, 1329
5052, 1, 78, 82, 24, 0, 2.03%, 0, 0, 7, 351.42, 1695918, 1329
5057, 1, 78, 82, 24, 0, 2.03%, 0, 0, 7, 297.93, 1697405, 1329
5062, 1, 78, 82, 24, 0, 2.03%, 0, 0, 7, 299.43, 1698919, 1329
5068, 1, 78, 82, 24, 0, 2.03%, 0, 0, 7, 284.48, 1700390, 1329
5073, 1, 78, 82, 24, 0, 2.03%, 0, 0, 7, 300.62, 1701971, 1329
5078, 1, 78, 82, 24, 0, 2.03%, 0, 0, 7, 293.59, 1703426, 1329
5083, 1, 78, 82, 24, 0, 2.03%, 0, 0, 7, 318.44, 1705109, 1329
5088, 1, 78, 82, 24, 0, 2.03%, 0, 0, 7, 425.32, 1707191, 1329
5093, 1, 78, 82, 24, 0, 2.03%, 0, 0, 7, 472.52, 1709699, 1329
5098, 1, 78, 82, 24, 0, 2.03%, 0, 0, 7, 476.15, 1712048, 1329
5103, 1, 78, 82, 24, 0, 2.03%, 0, 0, 7, 468.25, 1714406, 1329
5108, 1, 81, 82, 24, 1, 2.03%, 0, 0, 7, 437.70, 1716684, 1329
5113, 1, 81, 82, 24, 1, 2.03%, 0, 0, 7, 410.79, 1718756, 1329
5119, 1, 81, 83, 25, 1, 2.14%, 0, 0, 7, 387.94, 1720726, 1402
5124, 1, 81, 83, 25, 1, 2.14%, 0, 0, 7, 383.54, 1722637, 1402
5129, 1, 81, 84, 26, 1, 2.14%, 0, 0, 7, 386.60, 1724577, 1404
5134, 1, 81, 85, 27, 1, 2.14%, 0, 0, 7, 384.25, 1726524, 1404
5139, 1, 81, 85, 27, 1, 2.14%, 0, 0, 7, 385.18, 1728540, 1404
5144, 1, 81, 85, 27, 1, 2.14%, 0, 0, 7, 388.61, 1730563, 1404
5149, 1, 81, 85, 27, 1, 2.14%, 0, 0, 7, 397.38, 1732558, 1404
5154, 1, 81, 85, 27, 1, 2.14%, 0, 0, 7, 397.13, 1734546, 1404
5159, 1, 81, 85, 27, 1, 2.14%, 0, 0, 7, 398.35, 1736548, 1404
5164, 1, 81, 85, 27, 1, 2.14%, 0, 0, 7, 389.27, 1738494, 1404
5169, 1, 81, 85, 27, 1, 2.14%, 0, 0, 7, 387.74, 1740440, 1404
5174, 1, 81, 85, 27, 1, 2.14%, 0, 0, 7, 386.95, 1742456, 1404
5180, 1, 81, 85, 27, 1, 2.14%, 0, 0, 7, 395.44, 1744513, 1404
5185, 1, 81, 85, 27, 1, 2.14%, 0, 0, 7, 406.03, 1746564, 1404
5190, 1, 81, 85, 27, 1, 2.14%, 0, 0, 7, 401.35, 1748588, 1404
5195, 1, 81, 85, 27, 1, 2.14%, 0, 0, 7, 400.69, 1750668, 1404
5200, 1, 81, 85, 27, 1, 2.14%, 0, 0, 7, 400.44, 1752692, 1404
5205, 1, 81, 85, 27, 1, 2.14%, 0, 0, 7, 402.80, 1754740, 1404
5210, 1, 81, 85, 27, 1, 2.14%, 0, 0, 7, 410.47, 1756844, 1404
5215, 1, 81, 85, 27, 1, 2.14%, 0, 0, 7, 404.62, 1758900, 1404
5220, 1, 81, 85, 27, 1, 2.14%, 0, 0, 7, 402.80, 1760908, 1404
5225, 1, 81, 85, 27, 1, 2.14%, 0, 0, 7, 407.18, 1762956, 1404
5230, 1, 81, 85, 27, 1, 2.14%, 0, 0, 7, 404.83, 1765012, 1404
5235, 1, 81, 85, 27, 1, 2.14%, 0, 0, 7, 408.62, 1767108, 1404
5240, 1, 81, 85, 27, 1, 2.14%, 0, 0, 7, 409.60, 1769180, 1404
5246, 1, 81, 85, 27, 1, 2.14%, 0, 0, 7, 400.62, 1771244, 1404
5251, 1, 81, 85, 27, 1, 2.14%, 0, 0, 7, 391.83, 1773150, 1404
5256, 1, 81, 85, 27, 1, 2.14%, 0, 0, 7, 409.03, 1775260, 1404
5261, 1, 81, 85, 27, 1, 2.14%, 0, 0, 7, 376.63, 1777169, 1404
5266, 1, 81, 85, 27, 1, 2.14%, 0, 0, 7, 361.86, 1778970, 1404
5271, 1, 81, 85, 27, 1, 2.14%, 0, 0, 7, 426.60, 1781292, 1404
5276, 1, 81, 85, 27, 1, 2.14%, 0, 0, 7, 414.65, 1783380, 1404
5281, 1, 81, 85, 27, 1, 2.14%, 0, 0, 7, 370.86, 1785239, 1404
5286, 1, 81, 85, 27, 1, 2.14%, 0, 0, 7, 362.77, 1787065, 1404
5291, 1, 81, 85, 27, 1, 2.14%, 0, 0, 7, 354.97, 1788856, 1404
5296, 1, 81, 85, 27, 1, 2.14%, 0, 0, 7, 307.82, 1790390, 1404
5301, 1, 81, 85, 27, 1, 2.14%, 0, 0, 7, 337.87, 1792076, 1404
5306, 1, 39, 85, 26, 2, 2.14%, 0, 0, 7, 422.38, 1794208, 1404
5311, 1, 39, 85, 26, 2, 2.14%, 0, 0, 7, 439.68, 1796473, 1404
5316, 1, 39, 85, 26, 2, 2.14%, 0, 0, 7, 332.06, 1798075, 1404
5322, 1, 39, 85, 26, 2, 2.14%, 0, 0, 7, 383.24, 1800077, 1404
5327, 1, 39, 85, 26, 2, 2.14%, 0, 0, 7, 413.91, 1802161, 1404
5332, 1, 39, 85, 26, 2, 2.14%, 0, 0, 7, 344.66, 1803868, 1404
5337, 1, 82, 85, 26, 2, 2.14%, 0, 0, 7, 402.66, 1806005, 1404
5342, 1, 82, 85, 26, 2, 2.14%, 0, 0, 7, 402.58, 1808041, 1404
5347, 1, 82, 85, 26, 2, 2.14%, 0, 0, 7, 379.96, 1809920, 1404
5352, 1, 82, 85, 26, 2, 2.14%, 0, 0, 7, 309.79, 1811424, 1404
5357, 1, 82, 85, 26, 2, 2.14%, 0, 0, 7, 282.95, 1812845, 1404
5362, 1, 82, 85, 26, 2, 2.14%, 0, 0, 7, 309.14, 1814351, 1404
5367, 1, 82, 85, 26, 2, 2.14%, 0, 0, 7, 311.16, 1816066, 1404
5372, 1, 82, 85, 26, 2, 2.14%, 0, 0, 7, 382.26, 1818076, 1404
5377, 1, 82, 85, 26, 2, 2.14%, 0, 0, 7, 418.42, 1820281, 1404
5383, 1, 82, 85, 26, 2, 2.14%, 0, 0, 7, 382.61, 1822223, 1404
5388, 1, 82, 85, 26, 2, 2.14%, 0, 0, 7, 312.15, 1823764, 1404
5393, 1, 82, 85, 26, 2, 2.14%, 0, 0, 7, 346.62, 1825496, 1404
5398, 1, 82, 85, 26, 2, 2.14%, 0, 0, 7, 331.62, 1827199, 1404
5403, 1, 82, 85, 26, 2, 2.14%, 0, 0, 7, 393.65, 1829095, 1404
5408, 1, 67, 85, 25, 1, 2.14%, 0, 0, 7, 423.96, 1831285, 1404
5413, 1, 67, 85, 25, 1, 2.14%, 0, 0, 7, 365.63, 1833106, 1404
5418, 1, 84, 85, 25, 1, 2.14%, 0, 0, 7, 382.62, 1834989, 1404
5423, 1, 84, 85, 25, 1, 2.14%, 0, 0, 7, 402.40, 1837046, 1404
5428, 1, 84, 85, 25, 1, 2.14%, 0, 0, 7, 338.13, 1838864, 1404
5433, 1, 84, 85, 25, 1, 2.14%, 0, 0, 7, 318.58, 1840412, 1404
5438, 1, 84, 85, 25, 1, 2.14%, 0, 0, 7, 277.43, 1841697, 1404
5443, 1, 84, 85, 25, 1, 2.14%, 0, 0, 7, 392.86, 1843822, 1404
5448, 1, 84, 85, 25, 1, 2.14%, 0, 0, 7, 373.34, 1845597, 1404
5453, 1, 84, 85, 25, 1, 2.14%, 0, 0, 7, 303.12, 1847042, 1404
5458, 1, 84, 85, 25, 1, 2.14%, 0, 0, 7, 346.41, 1848848, 1404
5463, 1, 84, 85, 25, 1, 2.14%, 0, 0, 7, 325.43, 1850426, 1404
5468, 1, 41, 85, 24, 0, 2.14%, 0, 0, 7, 322.10, 1852131, 1404
5473, 1, 41, 85, 24, 0, 2.14%, 0, 0, 7, 336.85, 1853824, 1404
5478, 1, 41, 85, 24, 0, 2.14%, 0, 0, 7, 340.45, 1855549, 1404
5484, 1, 44, 85, 24, 0, 2.14%, 0, 0, 7, 335.45, 1857328, 1404
5489, 1, 44, 85, 24, 0, 2.14%, 0, 0, 7, 257.31, 1858613, 1404
5494, 1, 44, 85, 24, 0, 2.14%, 0, 0, 7, 321.51, 1860320, 1404
5499, 1, 44, 85, 24, 0, 2.14%, 0, 0, 7, 326.75, 1861949, 1404
5504, 1, 44, 85, 24, 0, 2.14%, 0, 0, 7, 308.89, 1863434, 1404
5509, 1, 44, 85, 24, 0, 2.14%, 0, 0, 7, 339.70, 1865198, 1404
5514, 1, 44, 85, 24, 0, 2.14%, 0, 0, 7, 299.68, 1866578, 1404
5519, 1, 69, 85, 24, 0, 2.14%, 0, 0, 7, 373.04, 1868553, 1404
5524, 1, 69, 85, 24, 0, 2.14%, 0, 0, 7, 360.03, 1870440, 1404
5529, 1, 69, 85, 24, 0, 2.14%, 0, 0, 7, 307.21, 1871931, 1404
5534, 1, 69, 85, 24, 0, 2.14%, 0, 0, 7, 296.49, 1873400, 1404
5539, 1, 69, 85, 24, 0, 2.14%, 0, 0, 7, 282.79, 1874802, 1404
5544, 1, 69, 85, 24, 0, 2.14%, 0, 0, 7, 285.57, 1876227, 1404
5550, 1, 69, 85, 24, 0, 2.14%, 0, 0, 7, 323.68, 1877853, 1404
5555, 1, 69, 85, 24, 0, 2.14%, 0, 0, 7, 375.36, 1879836, 1404
5560, 1, 69, 85, 24, 0, 2.14%, 0, 0, 7, 357.27, 1881605, 1404
5565, 1, 69, 85, 24, 0, 2.14%, 0, 0, 7, 349.22, 1883327, 1404
5570, 1, 69, 85, 24, 0, 2.14%, 0, 0, 7, 344.56, 1885113, 1404
5575, 1, 69, 85, 24, 0, 2.14%, 0, 0, 7, 315.09, 1886703, 1404
5580, 1, 69, 85, 24, 0, 2.14%, 0, 0, 7, 328.30, 1888401, 1404
5585, 1, 69, 85, 24, 0, 2.14%, 0, 0, 7, 330.10, 1890093, 1404
5590, 1, 69, 85, 24, 0, 2.14%, 0, 0, 7, 391.45, 1891997, 1404
5595, 1, 69, 85, 24, 0, 2.14%, 0, 0, 7, 341.73, 1893885, 1404
5600, 1, 69, 85, 24, 0, 2.14%, 0, 0, 7, 280.35, 1895183, 1404
