# relative_time, cycles_done, cur_item, corpus_count, pending_total, pending_favs, map_size, saved_crashes, saved_hangs, max_depth, execs_per_sec, total_execs, edges_found
60, 0, 1, 27, 25, 13, 1.10%, 0, 0, 2, 343.52, 19375, 724
65, 0, 18, 27, 21, 9, 1.10%, 0, 0, 2, 364.70, 21214, 724
70, 0, 25, 28, 20, 7, 1.10%, 0, 0, 3, 361.34, 22991, 724
75, 0, 22, 28, 18, 5, 1.10%, 0, 0, 3, 374.51, 24885, 724
80, 0, 2, 28, 16, 3, 1.10%, 0, 0, 3, 329.23, 26617, 724
85, 0, 2, 30, 18, 3, 1.10%, 0, 0, 3, 220.75, 27512, 724
90, 0, 23, 30, 16, 2, 1.10%, 0, 0, 3, 323.51, 29226, 724
95, 0, 28, 30, 15, 1, 1.10%, 0, 0, 3, 224.26, 30336, 724
100, 0, 19, 30, 14, 0, 1.10%, 0, 0, 3, 325.30, 32168, 724
106, 0, 21, 30, 14, 0, 1.10%, 0, 0, 3, 365.73, 34068, 724
111, 0, 21, 31, 15, 0, 1.25%, 0, 0, 3, 342.79, 35740, 820
116, 0, 30, 31, 15, 1, 1.25%, 0, 0, 3, 363.77, 37688, 820
121, 0, 19, 31, 14, 0, 1.25%, 0, 0, 3, 372.56, 39616, 820
126, 0, 18, 32, 15, 0, 1.26%, 0, 0, 3, 372.90, 41481, 825
131, 0, 32, 34, 17, 2, 1.27%, 0, 0, 4, 271.65, 42654, 833
136, 0, 33, 34, 16, 2, 1.27%, 0, 0, 4, 276.20, 44037, 833
141, 0, 19, 34, 14, 0, 1.27%, 0, 0, 4, 337.76, 45889, 833
147, 0, 30, 34, 14, 0, 1.27%, 0, 0, 4, 344.44, 47697, 833
152, 0, 30, 34, 14, 0, 1.27%, 0, 0, 4, 359.07, 49529, 833
157, 0, 18, 34, 14, 0, 1.27%, 0, 0, 4, 373.89, 51388, 833
162, 0, 18, 34, 14, 0, 1.27%, 0, 0, 4, 371.54, 53265, 833
167, 1, 20, 34, 14, 0, 1.27%, 0, 0, 4, 368.44, 55071, 833
172, 1, 12, 34, 14, 0, 1.27%, 0, 0, 4, 377.94, 57026, 833
177, 1, 12, 34, 14, 0, 1.27%, 0, 0, 4, 358.63, 58914, 833
182, 1, 18, 34, 14, 0, 1.27%, 0, 0, 4, 365.92, 60813, 833
187, 1, 18, 34, 13, 0, 1.27%, 0, 0, 4, 377.77, 62762, 833
192, 1, 19, 34, 13, 0, 1.27%, 0, 0, 4, 364.50, 64556, 833
197, 1, 19, 34, 13, 0, 1.27%, 0, 0, 4, 365.13, 66456, 833
202, 1, 21, 34, 13, 0, 1.27%, 0, 0, 4, 376.27, 68315, 833
207, 1, 28, 36, 15, 0, 1.30%, 0, 0, 4, 248.02, 69395, 855
213, 1, 28, 36, 15, 0, 1.30%, 0, 0, 4, 291.84, 70790, 855
218, 1, 34, 36, 14, 1, 1.30%, 0, 0, 4, 343.36, 72592, 855
223, 1, 34, 36, 14, 1, 1.30%, 0, 0, 4, 260.90, 73627, 855
228, 1, 12, 37, 13, 0, 1.33%, 0, 0, 4, 338.73, 75510, 870
233, 1, 18, 37, 13, 0, 1.33%, 0, 0, 4, 368.28, 77473, 870
238, 1, 17, 37, 13, 0, 1.33%, 0, 0, 4, 379.95, 79434, 870
243, 1, 17, 38, 13, 0, 1.33%, 0, 0, 4, 351.71, 81118, 870
248, 1, 20, 38, 13, 0, 1.33%, 0, 0, 4, 347.79, 82863, 870
253, 1, 20, 39, 14, 0, 1.35%, 0, 0, 4, 367.77, 84686, 886
258, 1, 38, 41, 16, 1, 1.35%, 0, 0, 4, 303.53, 86208, 886
263, 1, 39, 41, 15, 1, 1.35%, 0, 0, 4, 352.78, 88023, 886
269, 1, 22, 41, 14, 0, 1.35%, 0, 0, 4, 355.44, 89878, 886
274, 1, 22, 41, 14, 0, 1.35%, 0, 0, 4, 374.70, 91831, 886
279, 1, 17, 42, 15, 1, 1.35%, 0, 0, 4, 364.94, 93586, 887
284, 1, 41, 42, 15, 1, 1.35%, 0, 0, 4, 251.59, 94843, 887
289, 1, 17, 42, 14, 0, 1.35%, 0, 0, 4, 322.47, 96466, 887
294, 1, 17, 42, 14, 0, 1.35%, 0, 0, 4, 351.39, 98284, 887
299, 1, 17, 42, 14, 0, 1.35%, 0, 0, 4, 365.62, 100140, 887
305, 2, 21, 42, 14, 0, 1.35%, 0, 0, 4, 358.13, 102037, 887
310, 2, 34, 43, 15, 0, 1.36%, 0, 0, 4, 258.53, 103341, 893
315, 2, 34, 43, 15, 0, 1.36%, 0, 0, 4, 213.22, 104350, 893
320, 2, 34, 45, 17, 0, 1.51%, 0, 0, 4, 205.30, 105374, 987
325, 2, 34, 46, 18, 0, 1.51%, 0, 0, 4, 205.47, 106406, 987
330, 2, 34, 46, 18, 0, 1.51%, 0, 0, 4, 206.53, 107450, 987
335, 2, 34, 46, 18, 0, 1.51%, 0, 0, 4, 206.93, 108494, 987
340, 2, 34, 46, 18, 0, 1.51%, 0, 0, 4, 205.83, 109526, 987
345, 2, 34, 46, 18, 0, 1.51%, 0, 0, 4, 206.85, 110558, 987
350, 2, 34, 47, 19, 0, 1.51%, 0, 0, 4, 208.49, 111598, 988
355, 2, 34, 48, 20, 0, 1.51%, 0, 0, 4, 204.86, 112630, 989
360, 2, 34, 48, 20, 0, 1.51%, 0, 0, 4, 204.94, 113698, 989
365, 2, 34, 48, 20, 0, 1.51%, 0, 0, 4, 203.29, 114722, 989
370, 2, 34, 49, 21, 0, 1.53%, 0, 0, 4, 205.30, 115770, 1001
375, 2, 34, 49, 21, 0, 1.53%, 0, 0, 4, 204.31, 116794, 1001
381, 2, 34, 49, 21, 0, 1.53%, 0, 0, 4, 204.13, 117826, 1001
386, 2, 34, 50, 22, 0, 1.53%, 0, 0, 4, 205.65, 118854, 1002
391, 2, 34, 51, 23, 0, 1.55%, 0, 0, 4, 207.66, 119914, 1015
396, 2, 34, 51, 23, 0, 1.55%, 0, 0, 4, 202.05, 120918, 1015
401, 2, 34, 51, 23, 0, 1.55%, 0, 0, 4, 204.45, 121962, 1015
406, 2, 34, 51, 23, 0, 1.55%, 0, 0, 4, 206.86, 123006, 1015
411, 2, 34, 51, 23, 0, 1.55%, 0, 0, 4, 290.01, 124419, 1015
416, 2, 43, 51, 23, 8, 1.55%, 0, 0, 4, 333.39, 126204, 1015
421, 2, 43, 52, 24, 8, 1.56%, 0, 0, 5, 211.59, 127066, 1025
426, 2, 43, 52, 24, 8, 1.56%, 0, 0, 5, 202.12, 128086, 1025
432, 2, 49, 52, 23, 8, 1.56%, 0, 0, 5, 294.45, 129744, 1025
437, 2, 49, 53, 24, 8, 1.57%, 0, 0, 5, 229.55, 130748, 1026
442, 2, 49, 53, 24, 8, 1.57%, 0, 0, 5, 234.29, 131968, 1026
447, 2, 49, 53, 24, 8, 1.57%, 0, 0, 5, 317.16, 133694, 1026
452, 2, 51, 53, 23, 8, 1.57%, 0, 0, 5, 213.03, 134757, 1026
457, 2, 51, 53, 23, 8, 1.57%, 0, 0, 5, 200.21, 135745, 1026
462, 2, 51, 53, 23, 8, 1.57%, 0, 0, 5, 330.84, 137644, 1026
467, 2, 44, 53, 22, 7, 1.57%, 0, 0, 5, 179.12, 138433, 1026
472, 2, 44, 53, 22, 7, 1.57%, 0, 0, 5, 264.60, 139742, 1026
478, 2, 42, 54, 22, 6, 1.57%, 0, 0, 5, 177.97, 140620, 1027
483, 2, 42, 54, 22, 6, 1.57%, 0, 0, 5, 190.81, 141625, 1027
488, 2, 52, 54, 21, 6, 1.57%, 0, 0, 5, 239.72, 143056, 1027
493, 2, 52, 54, 21, 6, 1.57%, 0, 0, 5, 276.34, 144342, 1027
498, 2, 50, 54, 20, 5, 1.57%, 0, 0, 5, 202.66, 145341, 1027
503, 2, 46, 54, 19, 4, 1.57%, 0, 0, 5, 267.75, 146782, 1027
508, 2, 46, 54, 19, 4, 1.57%, 0, 0, 5, 195.76, 147612, 1027
513, 2, 53, 55, 19, 3, 1.57%, 0, 0, 6, 256.03, 149032, 1028
519, 2, 53, 55, 19, 3, 1.57%, 0, 0, 6, 306.37, 150596, 1028
524, 2, 48, 55, 18, 3, 1.57%, 0, 0, 6, 321.55, 152309, 1028
529, 2, 48, 57, 20, 3, 1.68%, 0, 0, 6, 211.52, 153170, 1098
534, 2, 48, 57, 20, 3, 1.68%, 0, 0, 6, 205.85, 154234, 1098
539, 2, 55, 57, 19, 4, 1.68%, 0, 0, 6, 177.71, 155278, 1098
544, 2, 55, 60, 22, 4, 1.70%, 0, 0, 6, 146.02, 155920, 1117
549, 2, 55, 60, 22, 4, 1.70%, 0, 0, 6, 155.73, 156722, 1117
554, 2, 55, 63, 25, 4, 1.76%, 0, 0, 6, 164.10, 157602, 1152
559, 2, 55, 64, 26, 4, 1.76%, 0, 0, 6, 163.81, 158428, 1156
564, 2, 55, 64, 26, 4, 1.76%, 0, 0, 6, 166.13, 159256, 1156
570, 2, 55, 65, 27, 4, 1.77%, 0, 0, 6, 154.42, 160056, 1157
575, 2, 55, 65, 27, 4, 1.77%, 0, 0, 6, 168.39, 160947, 1157
580, 2, 55, 65, 27, 4, 1.77%, 0, 0, 6, 166.84, 161793, 1157
585, 2, 55, 65, 27, 4, 1.77%, 0, 0, 6, 164.68, 162612, 1157
590, 2, 55, 65, 27, 4, 1.77%, 0, 0, 6, 159.51, 163431, 1157
595, 2, 55, 65, 27, 4, 1.77%, 0, 0, 6, 166.41, 164280, 1157
600, 2, 55, 68, 30, 4, 1.77%, 0, 0, 6, 163.49, 165144, 1160
605, 2, 55, 70, 32, 4, 1.77%, 0, 0, 6, 175.45, 165739, 1160
610, 2, 55, 70, 32, 4, 1.77%, 0, 0, 6, 176.27, 166636, 1160
615, 2, 55, 71, 33, 4, 1.77%, 0, 0, 6, 167.89, 167325, 1160
621, 2, 55, 74, 36, 4, 1.77%, 0, 0, 6, 163.33, 168094, 1160
626, 2, 55, 74, 36, 4, 1.77%, 0, 0, 6, 166.10, 168933, 1160
631, 2, 55, 75, 37, 4, 1.77%, 0, 0, 6, 197.42, 169574, 1160
637, 2, 55, 75, 37, 4, 1.77%, 0, 0, 6, 171.85, 170435, 1160
642, 2, 55, 78, 40, 4, 1.79%, 0, 0, 6, 196.71, 171203, 1172
647, 2, 55, 79, 41, 4, 1.79%, 0, 0, 6, 181.32, 172087, 1172
652, 2, 55, 79, 41, 4, 1.79%, 0, 0, 6, 176.11, 172957, 1172
664, 2, 55, 80, 42, 4, 1.79%, 0, 0, 6, 2.49, 173487, 1172
669, 2, 55, 80, 42, 4, 1.79%, 0, 0, 6, 171.74, 174360, 1172
674, 2, 55, 81, 43, 4, 1.79%, 0, 0, 6, 166.89, 175175, 1172
679, 2, 55, 81, 43, 4, 1.79%, 0, 0, 6, 172.69, 176051, 1172
684, 2, 55, 81, 43, 4, 1.79%, 0, 0, 6, 162.49, 176855, 1172
689, 2, 55, 81, 43, 4, 1.79%, 0, 0, 6, 167.62, 177704, 1172
694, 2, 55, 82, 44, 4, 1.79%, 0, 0, 6, 168.57, 178558, 1172
699, 2, 55, 82, 44, 4, 1.79%, 0, 0, 6, 174.25, 179449, 1172
704, 2, 55, 82, 44, 4, 1.79%, 0, 0, 6, 171.53, 180313, 1172
709, 2, 55, 82, 44, 4, 1.79%, 0, 0, 6, 172.49, 181180, 1172
714, 2, 55, 82, 44, 4, 1.79%, 0, 0, 6, 175.81, 182059, 1172
719, 2, 55, 82, 44, 4, 1.79%, 0, 0, 6, 163.13, 182854, 1172
724, 2, 55, 82, 44, 4, 1.79%, 0, 0, 6, 161.04, 183661, 1172
730, 2, 55, 82, 44, 4, 1.79%, 0, 0, 6, 166.17, 184483, 1172
735, 2, 55, 82, 44, 4, 1.79%, 0, 0, 6, 154.22, 185245, 1172
740, 2, 55, 82, 44, 4, 1.79%, 0, 0, 6, 168.31, 186121, 1172
745, 2, 55, 82, 44, 4, 1.79%, 0, 0, 6, 169.28, 186955, 1172
750, 2, 55, 82, 44, 4, 1.79%, 0, 0, 6, 168.59, 187840, 1172
755, 2, 55, 82, 44, 4, 1.79%, 0, 0, 6, 171.83, 188710, 1172
760, 2, 55, 82, 44, 4, 1.79%, 0, 0, 6, 29.12, 189377, 1172
765, 2, 59, 82, 43, 11, 1.79%, 0, 0, 6, 164.46, 190179, 1172
770, 2, 59, 82, 43, 11, 1.79%, 0, 0, 6, 192.48, 191167, 1172
775, 2, 59, 82, 43, 11, 1.79%, 0, 0, 6, 238.70, 192297, 1172
780, 2, 59, 83, 44, 11, 1.79%, 0, 0, 7, 230.40, 193501, 1172
786, 2, 59, 83, 44, 11, 1.79%, 0, 0, 7, 139.34, 194227, 1172
791, 2, 67, 83, 43, 10, 1.79%, 0, 0, 7, 143.34, 195071, 1172
796, 2, 67, 83, 43, 10, 1.79%, 0, 0, 7, 147.02, 195743, 1172
801, 2, 67, 83, 43, 10, 1.79%, 0, 0, 7, 164.81, 196615, 1172
806, 2, 67, 83, 43, 10, 1.79%, 0, 0, 7, 260.10, 197896, 1172
811, 2, 67, 83, 43, 10, 1.79%, 0, 0, 7, 293.72, 199549, 1172
816, 2, 56, 83, 42, 9, 1.79%, 0, 0, 7, 226.03, 200576, 1172
821, 2, 56, 83, 42, 9, 1.79%, 0, 0, 7, 295.11, 202076, 1172
827, 2, 56, 84, 43, 9, 1.79%, 0, 0, 7, 23.15, 202165, 1172
832, 2, 56, 84, 43, 9, 1.79%, 0, 0, 7, 19.69, 202259, 1172
837, 2, 56, 86, 45, 9, 1.79%, 0, 0, 7, 18.38, 202345, 1172
842, 2, 56, 86, 45, 9, 1.79%, 0, 0, 7, 18.29, 202437, 1172
847, 2, 56, 86, 45, 9, 1.79%, 0, 0, 7, 18.37, 202532, 1172
852, 2, 56, 86, 45, 9, 1.79%, 0, 0, 7, 18.16, 202621, 1172
858, 2, 56, 86, 45, 9, 1.79%, 0, 0, 7, 17.60, 202709, 1172
863, 2, 56, 86, 45, 9, 1.79%, 0, 0, 7, 17.80, 202801, 1172
868, 2, 56, 86, 45, 9, 1.79%, 0, 0, 7, 18.08, 202894, 1172
873, 2, 56, 86, 45, 9, 1.79%, 0, 0, 7, 17.47, 202981, 1172
878, 2, 56, 87, 46, 9, 1.79%, 0, 0, 7, 17.07, 203063, 1172
883, 2, 56, 87, 46, 9, 1.79%, 0, 0, 7, 17.93, 203156, 1172
888, 2, 56, 87, 46, 9, 1.79%, 0, 0, 7, 17.99, 203249, 1172
894, 2, 56, 87, 46, 9, 1.79%, 0, 0, 7, 18.70, 203345, 1172
899, 2, 56, 87, 46, 9, 1.79%, 0, 0, 7, 18.02, 203437, 1172
904, 2, 56, 87, 46, 9, 1.79%, 0, 0, 7, 17.43, 203525, 1172
909, 2, 56, 88, 47, 9, 1.79%, 0, 0, 7, 16.95, 203608, 1172
914, 2, 56, 88, 47, 9, 1.79%, 0, 0, 7, 17.00, 203695, 1172
920, 2, 56, 88, 47, 9, 1.79%, 0, 0, 7, 17.78, 203790, 1172
925, 2, 56, 88, 47, 9, 1.79%, 0, 0, 7, 17.48, 203877, 1172
930, 2, 56, 88, 47, 9, 1.79%, 0, 0, 7, 17.38, 203964, 1172
935, 2, 56, 88, 47, 9, 1.79%, 0, 0, 7, 17.86, 204057, 1172
940, 2, 56, 88, 47, 9, 1.79%, 0, 0, 7, 17.95, 204149, 1172
945, 2, 56, 88, 47, 9, 1.79%, 0, 0, 7, 17.37, 204237, 1172
950, 2, 56, 88, 47, 9, 1.79%, 0, 0, 7, 17.68, 204330, 1172
955, 2, 56, 88, 47, 9, 1.79%, 0, 0, 7, 17.96, 204425, 1172
961, 2, 56, 88, 47, 9, 1.79%, 0, 0, 7, 18.04, 204521, 1172
966, 2, 56, 88, 47, 9, 1.79%, 0, 0, 7, 17.83, 204614, 1172
971, 2, 56, 88, 47, 9, 1.79%, 0, 0, 7, 19.18, 204716, 1172
976, 2, 56, 88, 47, 9, 1.79%, 0, 0, 7, 18.54, 204811, 1172
981, 2, 56, 88, 47, 9, 1.79%, 0, 0, 7, 17.86, 204900, 1172
986, 2, 56, 88, 47, 9, 1.79%, 0, 0, 7, 17.97, 204989, 1172
992, 2, 56, 88, 47, 9, 1.79%, 0, 0, 7, 18.25, 205086, 1172
997, 2, 56, 88, 47, 9, 1.79%, 0, 0, 7, 17.58, 205173, 1172
1002, 2, 56, 88, 47, 9, 1.79%, 0, 0, 7, 17.48, 205262, 1172
1007, 2, 56, 88, 47, 9, 1.79%, 0, 0, 7, 18.34, 205359, 1172
1012, 2, 56, 88, 47, 9, 1.79%, 0, 0, 7, 17.72, 205446, 1172
1017, 2, 56, 88, 47, 9, 1.79%, 0, 0, 7, 18.20, 205537, 1172
1022, 2, 56, 88, 47, 9, 1.79%, 0, 0, 7, 16.26, 205619, 1172
1027, 2, 56, 88, 47, 9, 1.79%, 0, 0, 7, 17.26, 205707, 1172
1032, 2, 56, 88, 47, 9, 1.79%, 0, 0, 7, 18.28, 205804, 1172
1037, 2, 56, 88, 47, 9, 1.79%, 0, 0, 7, 16.84, 205881, 1172
1043, 2, 56, 88, 47, 9, 1.79%, 0, 0, 7, 17.93, 205976, 1172
1048, 2, 56, 88, 47, 9, 1.79%, 0, 0, 7, 17.61, 206063, 1172
1053, 2, 56, 88, 47, 9, 1.79%, 0, 0, 7, 18.06, 206158, 1172
1058, 2, 56, 88, 47, 9, 1.79%, 0, 0, 7, 8.67, 206484, 1172
1063, 2, 56, 88, 47, 9, 1.79%, 0, 0, 7, 9.99, 206536, 1172
1068, 2, 56, 88, 47, 9, 1.79%, 0, 0, 7, 10.01, 206587, 1172
1074, 2, 56, 88, 47, 9, 1.79%, 0, 0, 7, 2.94, 206739, 1172
1079, 2, 56, 88, 47, 9, 1.79%, 0, 0, 7, 3.18, 206754, 1172
1084, 2, 56, 88, 47, 9, 1.79%, 0, 0, 7, 3.28, 206769, 1172
1089, 2, 56, 88, 47, 9, 1.79%, 0, 0, 7, 3.52, 206787, 1172
1097, 2, 56, 89, 48, 9, 1.79%, 0, 0, 7, 3.38, 206800, 1172
1102, 2, 56, 89, 48, 9, 1.79%, 0, 0, 7, 3.21, 206816, 1172
1112, 2, 56, 90, 49, 9, 1.80%, 0, 0, 7, 3.04, 206836, 1177
1117, 2, 56, 90, 49, 9, 1.80%, 0, 0, 7, 2.80, 206850, 1177
1122, 2, 56, 90, 49, 9, 1.80%, 0, 0, 7, 3.25, 206867, 1177
1128, 2, 56, 90, 49, 9, 1.80%, 0, 0, 7, 2.85, 206880, 1177
1133, 2, 56, 90, 49, 9, 1.80%, 0, 0, 7, 2.97, 206895, 1177
1138, 2, 56, 90, 49, 9, 1.80%, 0, 0, 7, 2.79, 206909, 1177
1143, 2, 56, 90, 49, 9, 1.80%, 0, 0, 7, 2.90, 206925, 1177
1148, 2, 56, 90, 49, 9, 1.80%, 0, 0, 7, 3.21, 206940, 1177
1153, 2, 56, 90, 49, 9, 1.80%, 0, 0, 7, 3.03, 206955, 1177
1163, 2, 56, 91, 50, 9, 1.80%, 0, 0, 7, 2.85, 206972, 1177
1168, 2, 56, 91, 50, 9, 1.80%, 0, 0, 7, 2.88, 206987, 1177
1174, 2, 56, 91, 50, 9, 1.80%, 0, 0, 7, 2.73, 207000, 1177
1179, 2, 56, 91, 50, 9, 1.80%, 0, 0, 7, 2.79, 207013, 1177
1184, 2, 56, 91, 50, 9, 1.80%, 0, 0, 7, 2.77, 207027, 1177
1189, 2, 56, 91, 50, 9, 1.80%, 0, 0, 7, 2.66, 207040, 1177
1194, 2, 56, 91, 50, 9, 1.80%, 0, 0, 7, 2.50, 207052, 1177
1199, 2, 56, 91, 50, 9, 1.80%, 0, 0, 7, 2.73, 207067, 1177
1204, 2, 56, 91, 50, 9, 1.80%, 0, 0, 7, 2.72, 207081, 1177
1210, 2, 56, 91, 50, 9, 1.80%, 0, 0, 7, 2.80, 207097, 1177
1215, 2, 56, 91, 50, 9, 1.80%, 0, 0, 7, 3.12, 207114, 1177
1220, 2, 56, 91, 50, 9, 1.80%, 0, 0, 7, 2.73, 207126, 1177
1225, 2, 56, 91, 50, 9, 1.80%, 0, 0, 7, 2.87, 207139, 1177
1230, 2, 56, 91, 50, 9, 1.80%, 0, 0, 7, 2.71, 207153, 1177
1236, 2, 56, 91, 50, 9, 1.80%, 0, 0, 7, 2.59, 207166, 1177
1245, 2, 56, 92, 51, 9, 1.80%, 0, 0, 7, 2.57, 207180, 1177
1250, 2, 56, 92, 51, 9, 1.80%, 0, 0, 7, 2.45, 207192, 1177
1255, 2, 56, 92, 51, 9, 1.80%, 0, 0, 7, 2.53, 207206, 1177
1261, 2, 56, 92, 51, 9, 1.80%, 0, 0, 7, 2.83, 207222, 1177
1266, 2, 56, 92, 51, 9, 1.80%, 0, 0, 7, 2.88, 207237, 1177
1271, 2, 56, 92, 51, 9, 1.80%, 0, 0, 7, 2.67, 207250, 1177
1276, 2, 56, 92, 51, 9, 1.80%, 0, 0, 7, 2.51, 207262, 1177
1282, 2, 56, 92, 51, 9, 1.80%, 0, 0, 7, 2.36, 207279, 1177
1287, 2, 56, 92, 51, 9, 1.80%, 0, 0, 7, 2.34, 207291, 1177
1292, 2, 56, 92, 51, 9, 1.80%, 0, 0, 7, 2.90, 207308, 1177
1297, 2, 56, 92, 51, 9, 1.80%, 0, 0, 7, 2.98, 207324, 1177
1303, 2, 56, 92, 51, 9, 1.80%, 0, 0, 7, 3.03, 207338, 1177
1308, 2, 56, 92, 51, 9, 1.80%, 0, 0, 7, 2.86, 207352, 1177
1313, 2, 56, 92, 51, 9, 1.80%, 0, 0, 7, 3.17, 207367, 1177
1318, 2, 56, 92, 51, 9, 1.80%, 0, 0, 7, 2.82, 207380, 1177
1323, 2, 56, 92, 51, 9, 1.80%, 0, 0, 7, 3.06, 207395, 1177
1329, 2, 56, 92, 51, 9, 1.80%, 0, 0, 7, 2.68, 207408, 1177
1334, 2, 56, 92, 51, 9, 1.80%, 0, 0, 7, 2.77, 207423, 1177
1339, 2, 56, 92, 51, 9, 1.80%, 0, 0, 7, 2.94, 207439, 1177
1344, 2, 56, 92, 51, 9, 1.80%, 0, 0, 7, 3.20, 207455, 1177
1349, 2, 56, 92, 51, 9, 1.80%, 0, 0, 7, 2.85, 207468, 1177
1355, 2, 56, 92, 51, 9, 1.80%, 0, 0, 7, 2.85, 207482, 1177
1360, 2, 56, 92, 51, 9, 1.80%, 0, 0, 7, 2.61, 207494, 1177
1365, 2, 56, 92, 51, 9, 1.80%, 0, 0, 7, 2.46, 207506, 1177
1370, 2, 56, 92, 51, 9, 1.80%, 0, 0, 7, 2.62, 207521, 1177
1375, 2, 56, 92, 51, 9, 1.80%, 0, 0, 7, 2.72, 207535, 1177
1380, 2, 56, 92, 51, 9, 1.80%, 0, 0, 7, 2.76, 207550, 1177
1386, 2, 56, 92, 51, 9, 1.80%, 0, 0, 7, 2.58, 207562, 1177
1391, 2, 56, 92, 51, 9, 1.80%, 0, 0, 7, 2.56, 207575, 1177
1396, 2, 56, 92, 51, 9, 1.80%, 0, 0, 7, 2.75, 207591, 1177
1401, 2, 56, 92, 51, 9, 1.80%, 0, 0, 7, 2.45, 207602, 1177
1406, 2, 56, 92, 51, 9, 1.80%, 0, 0, 7, 2.68, 207616, 1177
1411, 2, 56, 92, 51, 9, 1.80%, 0, 0, 7, 2.65, 207629, 1177
1416, 2, 56, 92, 51, 9, 1.80%, 0, 0, 7, 3.33, 207647, 1177
1422, 2, 56, 92, 51, 9, 1.80%, 0, 0, 7, 2.96, 207660, 1177
1427, 2, 56, 92, 51, 9, 1.80%, 0, 0, 7, 3.12, 207676, 1177
1432, 2, 56, 92, 51, 9, 1.80%, 0, 0, 7, 3.23, 207693, 1177
1437, 2, 56, 92, 51, 9, 1.80%, 0, 0, 7, 2.89, 207705, 1177
1443, 2, 56, 92, 51, 9, 1.80%, 0, 0, 7, 3.01, 207721, 1177
1448, 2, 56, 92, 51, 9, 1.80%, 0, 0, 7, 2.71, 207734, 1177
1453, 2, 56, 92, 51, 9, 1.80%, 0, 0, 7, 2.79, 207749, 1177
1459, 2, 56, 92, 51, 9, 1.80%, 0, 0, 7, 2.91, 207764, 1177
1464, 2, 56, 92, 51, 9, 1.80%, 0, 0, 7, 2.63, 207776, 1177
1469, 2, 56, 92, 51, 9, 1.80%, 0, 0, 7, 2.86, 207792, 1177
1474, 2, 56, 92, 51, 9, 1.80%, 0, 0, 7, 2.64, 207805, 1177
1479, 2, 56, 92, 51, 9, 1.80%, 0, 0, 7, 2.58, 207818, 1177
1484, 2, 56, 92, 51, 9, 1.80%, 0, 0, 7, 2.72, 207831, 1177
1490, 2, 56, 92, 51, 9, 1.80%, 0, 0, 7, 2.65, 207845, 1177
1495, 2, 56, 92, 51, 9, 1.80%, 0, 0, 7, 2.62, 207859, 1177
1500, 2, 56, 92, 51, 9, 1.80%, 0, 0, 7, 3.14, 207876, 1177
1505, 2, 56, 92, 51, 9, 1.80%, 0, 0, 7, 2.83, 207888, 1177
1510, 2, 56, 92, 51, 9, 1.80%, 0, 0, 7, 2.81, 207902, 1177
1516, 2, 56, 92, 51, 9, 1.80%, 0, 0, 7, 2.91, 207917, 1177
1521, 2, 56, 92, 51, 9, 1.80%, 0, 0, 7, 3.21, 207932, 1177
1526, 2, 56, 92, 51, 9, 1.80%, 0, 0, 7, 3.09, 207949, 1177
1531, 2, 56, 92, 51, 9, 1.80%, 0, 0, 7, 3.20, 207965, 1177
1537, 2, 56, 92, 51, 9, 1.80%, 0, 0, 7, 2.91, 207979, 1177
1542, 2, 56, 92, 51, 9, 1.80%, 0, 0, 7, 2.61, 207991, 1177
1547, 2, 56, 92, 51, 9, 1.80%, 0, 0, 7, 2.73, 208006, 1177
1552, 2, 56, 92, 51, 9, 1.80%, 0, 0, 7, 2.57, 208018, 1177
1557, 2, 56, 92, 51, 9, 1.80%, 0, 0, 7, 2.78, 208032, 1177
1562, 2, 56, 92, 51, 9, 1.80%, 0, 0, 7, 2.90, 208048, 1177
1567, 2, 56, 92, 51, 9, 1.80%, 0, 0, 7, 2.75, 208061, 1177
1573, 2, 56, 92, 51, 9, 1.80%, 0, 0, 7, 2.72, 208076, 1177
1578, 2, 56, 92, 51, 9, 1.80%, 0, 0, 7, 2.67, 208090, 1177
1583, 2, 56, 92, 51, 9, 1.80%, 0, 0, 7, 2.46, 208101, 1177
1588, 2, 56, 92, 51, 9, 1.80%, 0, 0, 7, 2.24, 208116, 1177
1594, 2, 56, 92, 51, 9, 1.80%, 0, 0, 7, 2.37, 208129, 1177
1599, 2, 56, 92, 51, 9, 1.80%, 0, 0, 7, 2.42, 208142, 1177
1604, 2, 56, 92, 51, 9, 1.80%, 0, 0, 7, 2.55, 208156, 1177
1609, 2, 56, 92, 51, 9, 1.80%, 0, 0, 7, 2.60, 208170, 1177
1615, 2, 56, 92, 51, 9, 1.80%, 0, 0, 7, 2.68, 208184, 1177
1620, 2, 56, 92, 51, 9, 1.80%, 0, 0, 7, 2.54, 208196, 1177
1625, 2, 56, 93, 52, 9, 1.80%, 0, 0, 7, 2.27, 208217, 1177
1630, 2, 56, 93, 52, 9, 1.80%, 0, 0, 7, 2.37, 208229, 1177
1635, 2, 56, 93, 52, 9, 1.80%, 0, 0, 7, 2.58, 208244, 1177
1640, 2, 56, 93, 52, 9, 1.80%, 0, 0, 7, 2.80, 208258, 1177
1645, 2, 56, 93, 52, 9, 1.80%, 0, 0, 7, 2.68, 208271, 1177
1650, 2, 56, 93, 52, 9, 1.80%, 0, 0, 7, 2.68, 208285, 1177
1656, 2, 56, 93, 52, 9, 1.80%, 0, 0, 7, 2.83, 208300, 1177
1661, 2, 56, 93, 52, 9, 1.80%, 0, 0, 7, 2.90, 208314, 1177
1666, 2, 56, 93, 52, 9, 1.80%, 0, 0, 7, 2.98, 208328, 1177
1671, 2, 56, 93, 52, 9, 1.80%, 0, 0, 7, 2.67, 208341, 1177
1677, 2, 56, 93, 52, 9, 1.80%, 0, 0, 7, 3.04, 208357, 1177
1682, 2, 56, 93, 52, 9, 1.80%, 0, 0, 7, 2.81, 208370, 1177
1687, 2, 56, 93, 52, 9, 1.80%, 0, 0, 7, 2.74, 208383, 1177
1692, 2, 56, 93, 52, 9, 1.80%, 0, 0, 7, 2.65, 208397, 1177
1698, 2, 56, 93, 52, 9, 1.80%, 0, 0, 7, 2.52, 208410, 1177
1703, 2, 56, 93, 52, 9, 1.80%, 0, 0, 7, 2.61, 208424, 1177
1708, 2, 56, 93, 52, 9, 1.80%, 0, 0, 7, 2.56, 208437, 1177
1713, 2, 56, 93, 52, 9, 1.80%, 0, 0, 7, 2.67, 208451, 1177
1718, 2, 56, 93, 52, 9, 1.80%, 0, 0, 7, 2.60, 208465, 1177
1724, 2, 56, 93, 52, 9, 1.80%, 0, 0, 7, 2.79, 208481, 1177
1729, 2, 56, 93, 52, 9, 1.80%, 0, 0, 7, 2.93, 208495, 1177
1734, 2, 56, 93, 52, 9, 1.80%, 0, 0, 7, 3.04, 208509, 1177
1739, 2, 56, 93, 52, 9, 1.80%, 0, 0, 7, 2.97, 208524, 1177
1745, 2, 56, 93, 52, 9, 1.80%, 0, 0, 7, 2.81, 208538, 1177
1750, 2, 56, 93, 52, 9, 1.80%, 0, 0, 7, 3.01, 208555, 1177
1755, 2, 56, 93, 52, 9, 1.80%, 0, 0, 7, 3.01, 208570, 1177
1760, 2, 56, 93, 52, 9, 1.80%, 0, 0, 7, 2.81, 208584, 1177
1766, 2, 56, 93, 52, 9, 1.80%, 0, 0, 7, 2.71, 208597, 1177
1771, 2, 56, 93, 52, 9, 1.80%, 0, 0, 7, 2.61, 208610, 1177
1776, 2, 56, 93, 52, 9, 1.80%, 0, 0, 7, 2.55, 208623, 1177
1781, 2, 56, 93, 52, 9, 1.80%, 0, 0, 7, 2.64, 208636, 1177
1786, 2, 56, 93, 52, 9, 1.80%, 0, 0, 7, 2.60, 208649, 1177
1792, 2, 56, 93, 52, 9, 1.80%, 0, 0, 7, 2.74, 208664, 1177
1797, 2, 56, 93, 52, 9, 1.80%, 0, 0, 7, 2.67, 208678, 1177
1802, 2, 56, 93, 52, 9, 1.80%, 0, 0, 7, 2.86, 208694, 1177
1808, 2, 56, 93, 52, 9, 1.80%, 0, 0, 7, 2.93, 208709, 1177
1813, 2, 56, 93, 52, 9, 1.80%, 0, 0, 7, 3.04, 208725, 1177
1818, 2, 56, 93, 52, 9, 1.80%, 0, 0, 7, 2.94, 208740, 1177
1824, 2, 56, 94, 53, 9, 1.80%, 0, 0, 7, 2.85, 208752, 1177
1829, 2, 56, 94, 53, 9, 1.80%, 0, 0, 7, 2.95, 208768, 1177
1834, 2, 56, 94, 53, 9, 1.80%, 0, 0, 7, 2.79, 208782, 1177
1839, 2, 56, 94, 53, 9, 1.80%, 0, 0, 7, 2.65, 208795, 1177
1845, 2, 56, 94, 53, 9, 1.80%, 0, 0, 7, 2.65, 208808, 1177
1850, 2, 56, 94, 53, 9, 1.80%, 0, 0, 7, 2.63, 208822, 1177
1855, 2, 56, 94, 53, 9, 1.80%, 0, 0, 7, 2.82, 208837, 1177
1860, 2, 56, 94, 53, 9, 1.80%, 0, 0, 7, 2.76, 208852, 1177
1866, 2, 56, 94, 53, 9, 1.80%, 0, 0, 7, 2.93, 208869, 1177
1871, 2, 56, 94, 53, 9, 1.80%, 0, 0, 7, 3.13, 208885, 1177
1876, 2, 56, 94, 53, 9, 1.80%, 0, 0, 7, 2.94, 208899, 1177
1881, 2, 56, 94, 53, 9, 1.80%, 0, 0, 7, 2.73, 208912, 1177
1887, 2, 56, 94, 53, 9, 1.80%, 0, 0, 7, 2.61, 208925, 1177
1892, 2, 56, 94, 53, 9, 1.80%, 0, 0, 7, 3.04, 208942, 1177
1897, 2, 56, 94, 53, 9, 1.80%, 0, 0, 7, 2.64, 208954, 1177
1902, 2, 56, 94, 53, 9, 1.80%, 0, 0, 7, 2.87, 208969, 1177
1908, 2, 56, 94, 53, 9, 1.80%, 0, 0, 7, 3.01, 208985, 1177
1913, 2, 56, 94, 53, 9, 1.80%, 0, 0, 7, 2.88, 209000, 1177
1918, 2, 56, 94, 53, 9, 1.80%, 0, 0, 7, 2.79, 209013, 1177
1923, 2, 56, 94, 53, 9, 1.80%, 0, 0, 7, 2.73, 209027, 1177
1929, 2, 56, 94, 53, 9, 1.80%, 0, 0, 7, 2.85, 209042, 1177
1934, 2, 56, 94, 53, 9, 1.80%, 0, 0, 7, 2.80, 209056, 1177
1939, 2, 56, 94, 53, 9, 1.80%, 0, 0, 7, 2.60, 209069, 1177
1944, 2, 56, 94, 53, 9, 1.80%, 0, 0, 7, 2.70, 209083, 1177
1949, 2, 56, 94, 53, 9, 1.80%, 0, 0, 7, 2.80, 209098, 1177
1955, 2, 56, 94, 53, 9, 1.80%, 0, 0, 7, 3.03, 209115, 1177
1960, 2, 56, 94, 53, 9, 1.80%, 0, 0, 7, 3.06, 209130, 1177
1965, 2, 56, 94, 53, 9, 1.80%, 0, 0, 7, 2.80, 209143, 1177
1970, 2, 56, 94, 53, 9, 1.80%, 0, 0, 7, 2.65, 209157, 1177
1975, 2, 56, 94, 53, 9, 1.80%, 0, 0, 7, 2.48, 209169, 1177
1981, 2, 56, 94, 53, 9, 1.80%, 0, 0, 7, 2.43, 209183, 1177
1986, 2, 56, 94, 53, 9, 1.80%, 0, 0, 7, 2.59, 209197, 1177
1992, 2, 56, 94, 53, 9, 1.80%, 0, 0, 7, 2.76, 209212, 1177
1997, 2, 56, 94, 53, 9, 1.80%, 0, 0, 7, 2.52, 209224, 1177
2002, 2, 56, 94, 53, 9, 1.80%, 0, 0, 7, 2.75, 209238, 1177
2007, 2, 56, 94, 53, 9, 1.80%, 0, 0, 7, 2.64, 209252, 1177
2012, 2, 56, 94, 53, 9, 1.80%, 0, 0, 7, 2.72, 209266, 1177
2017, 2, 56, 94, 53, 9, 1.80%, 0, 0, 7, 2.62, 209278, 1177
2023, 2, 56, 94, 53, 9, 1.80%, 0, 0, 7, 2.45, 209290, 1177
2028, 2, 56, 94, 53, 9, 1.80%, 0, 0, 7, 2.42, 209302, 1177
2033, 2, 56, 94, 53, 9, 1.80%, 0, 0, 7, 2.62, 209316, 1177
2038, 2, 56, 94, 53, 9, 1.80%, 0, 0, 7, 2.48, 209327, 1177
2043, 2, 56, 94, 53, 9, 1.80%, 0, 0, 7, 2.49, 209340, 1177
2048, 2, 56, 94, 53, 9, 1.80%, 0, 0, 7, 2.57, 209353, 1177
2054, 2, 56, 94, 53, 9, 1.80%, 0, 0, 7, 2.60, 209367, 1177
2059, 2, 56, 94, 53, 9, 1.80%, 0, 0, 7, 2.65, 209381, 1177
2064, 2, 56, 94, 53, 9, 1.80%, 0, 0, 7, 2.67, 209394, 1177
2069, 2, 56, 94, 53, 9, 1.80%, 0, 0, 7, 2.85, 209409, 1177
2075, 2, 56, 94, 53, 9, 1.80%, 0, 0, 7, 2.85, 209424, 1177
2080, 2, 56, 94, 53, 9, 1.80%, 0, 0, 7, 3.05, 209440, 1177
2085, 2, 56, 94, 53, 9, 1.80%, 0, 0, 7, 3.11, 209455, 1177
2090, 2, 56, 94, 53, 9, 1.80%, 0, 0, 7, 3.26, 209471, 1177
2095, 2, 56, 94, 53, 9, 1.80%, 0, 0, 7, 2.92, 209483, 1177
2101, 2, 56, 94, 53, 9, 1.80%, 0, 0, 7, 2.86, 209497, 1177
2106, 2, 56, 94, 53, 9, 1.80%, 0, 0, 7, 2.66, 209510, 1177
2111, 2, 56, 94, 53, 9, 1.80%, 0, 0, 7, 2.56, 209523, 1177
2116, 2, 56, 94, 53, 9, 1.80%, 0, 0, 7, 2.62, 209537, 1177
2122, 2, 56, 94, 53, 9, 1.80%, 0, 0, 7, 2.51, 209550, 1177
2127, 2, 56, 94, 53, 9, 1.80%, 0, 0, 7, 2.77, 209564, 1177
2132, 2, 56, 94, 53, 9, 1.80%, 0, 0, 7, 2.71, 209578, 1177
2138, 2, 56, 94, 53, 9, 1.80%, 0, 0, 7, 2.56, 209591, 1177
2143, 2, 56, 94, 53, 9, 1.80%, 0, 0, 7, 2.88, 209607, 1177
2148, 2, 56, 94, 53, 9, 1.80%, 0, 0, 7, 2.96, 209623, 1177
2153, 2, 56, 94, 53, 9, 1.80%, 0, 0, 7, 2.71, 209636, 1177
2158, 2, 56, 94, 53, 9, 1.80%, 0, 0, 7, 2.52, 209648, 1177
2164, 2, 56, 94, 53, 9, 1.80%, 0, 0, 7, 2.46, 209661, 1177
2169, 2, 56, 94, 53, 9, 1.80%, 0, 0, 7, 2.60, 209674, 1177
2174, 2, 56, 94, 53, 9, 1.80%, 0, 0, 7, 2.77, 209690, 1177
2179, 2, 56, 94, 53, 9, 1.80%, 0, 0, 7, 2.80, 209704, 1177
2185, 2, 56, 94, 53, 9, 1.80%, 0, 0, 7, 2.67, 209718, 1177
2190, 2, 56, 94, 53, 9, 1.80%, 0, 0, 7, 2.66, 209732, 1177
2195, 2, 56, 94, 53, 9, 1.80%, 0, 0, 7, 2.68, 209746, 1177
2200, 2, 56, 94, 53, 9, 1.80%, 0, 0, 7, 2.72, 209760, 1177
2206, 2, 56, 94, 53, 9, 1.80%, 0, 0, 7, 2.48, 209772, 1177
2211, 2, 56, 94, 53, 9, 1.80%, 0, 0, 7, 2.69, 209786, 1177
2216, 2, 56, 94, 53, 9, 1.80%, 0, 0, 7, 2.52, 209798, 1177
2221, 2, 56, 94, 53, 9, 1.80%, 0, 0, 7, 2.64, 209812, 1177
2226, 2, 56, 94, 53, 9, 1.80%, 0, 0, 7, 2.93, 209828, 1177
2232, 2, 56, 94, 53, 9, 1.80%, 0, 0, 7, 2.72, 209842, 1177
2237, 2, 56, 94, 53, 9, 1.80%, 0, 0, 7, 2.68, 209856, 1177
2242, 2, 56, 94, 53, 9, 1.80%, 0, 0, 7, 2.58, 209869, 1177
2247, 2, 56, 94, 53, 9, 1.80%, 0, 0, 7, 2.58, 209882, 1177
2253, 2, 56, 94, 53, 9, 1.80%, 0, 0, 7, 2.58, 209896, 1177
2258, 2, 56, 94, 53, 9, 1.80%, 0, 0, 7, 2.73, 209910, 1177
2263, 2, 56, 94, 53, 9, 1.80%, 0, 0, 7, 2.95, 209925, 1177
2268, 2, 56, 94, 53, 9, 1.80%, 0, 0, 7, 3.00, 209940, 1177
2273, 2, 56, 94, 53, 9, 1.80%, 0, 0, 7, 2.88, 209954, 1177
2278, 2, 56, 94, 53, 9, 1.80%, 0, 0, 7, 2.64, 209966, 1177
2283, 2, 56, 94, 53, 9, 1.80%, 0, 0, 7, 2.76, 209980, 1177
2289, 2, 56, 94, 53, 9, 1.80%, 0, 0, 7, 2.48, 209992, 1177
2294, 2, 56, 94, 53, 9, 1.80%, 0, 0, 7, 2.89, 210008, 1177
2299, 2, 56, 94, 53, 9, 1.80%, 0, 0, 7, 3.31, 210028, 1177
2305, 2, 56, 94, 53, 9, 1.80%, 0, 0, 7, 3.56, 210045, 1177
2310, 2, 56, 94, 53, 9, 1.80%, 0, 0, 7, 3.09, 210059, 1177
2315, 2, 56, 94, 53, 9, 1.80%, 0, 0, 7, 2.77, 210072, 1177
2321, 2, 56, 94, 53, 9, 1.80%, 0, 0, 7, 2.82, 210088, 1177
2326, 2, 56, 94, 53, 9, 1.80%, 0, 0, 7, 2.94, 210104, 1177
2331, 2, 56, 94, 53, 9, 1.80%, 0, 0, 7, 2.67, 210116, 1177
2337, 2, 56, 94, 53, 9, 1.80%, 0, 0, 7, 2.65, 210130, 1177
2342, 2, 56, 94, 53, 9, 1.80%, 0, 0, 7, 2.73, 210144, 1177
2347, 2, 56, 94, 53, 9, 1.80%, 0, 0, 7, 2.80, 210160, 1177
2353, 2, 56, 94, 53, 9, 1.80%, 0, 0, 7, 3.20, 210178, 1177
2358, 2, 56, 94, 53, 9, 1.80%, 0, 0, 7, 2.92, 210192, 1177
2363, 2, 56, 94, 53, 9, 1.80%, 0, 0, 7, 2.73, 210205, 1177
2368, 2, 56, 94, 53, 9, 1.80%, 0, 0, 7, 2.84, 210219, 1177
2373, 2, 56, 94, 53, 9, 1.80%, 0, 0, 7, 2.73, 210233, 1177
2378, 2, 56, 94, 53, 9, 1.80%, 0, 0, 7, 2.91, 210249, 1177
2384, 2, 56, 94, 53, 9, 1.80%, 0, 0, 7, 3.23, 210265, 1177
2389, 2, 56, 94, 53, 9, 1.80%, 0, 0, 7, 2.98, 210280, 1177
2394, 2, 56, 94, 53, 9, 1.80%, 0, 0, 7, 2.79, 210293, 1177
2399, 2, 56, 94, 53, 9, 1.80%, 0, 1, 7, 2.60, 210304, 1177
2404, 2, 56, 94, 53, 9, 1.80%, 0, 1, 7, 2.79, 210320, 1177
2410, 2, 56, 94, 53, 9, 1.80%, 0, 1, 7, 2.65, 210333, 1177
2415, 2, 56, 94, 53, 9, 1.80%, 0, 1, 7, 2.65, 210346, 1177
2420, 2, 56, 94, 53, 9, 1.80%, 0, 1, 7, 2.83, 210361, 1177
2425, 2, 56, 94, 53, 9, 1.80%, 0, 1, 7, 3.00, 210377, 1177
2430, 2, 56, 94, 53, 9, 1.80%, 0, 1, 7, 3.03, 210393, 1177
2436, 2, 56, 94, 53, 9, 1.80%, 0, 1, 7, 3.01, 210408, 1177
2441, 2, 56, 94, 53, 9, 1.80%, 0, 1, 7, 2.78, 210422, 1177
2449, 2, 56, 95, 54, 9, 1.80%, 0, 1, 7, 2.61, 210433, 1177
2454, 2, 56, 95, 54, 9, 1.80%, 0, 1, 7, 2.61, 210447, 1177
2459, 2, 56, 95, 54, 9, 1.80%, 0, 1, 7, 2.49, 210459, 1177
2465, 2, 56, 95, 54, 9, 1.80%, 0, 1, 7, 2.50, 210472, 1177
2470, 2, 56, 95, 54, 9, 1.80%, 0, 1, 7, 3.07, 210489, 1177
2475, 2, 56, 95, 54, 9, 1.80%, 0, 1, 7, 3.10, 210505, 1177
2480, 2, 56, 95, 54, 9, 1.80%, 0, 1, 7, 3.29, 210522, 1177
2485, 2, 56, 95, 54, 9, 1.80%, 0, 1, 7, 2.97, 210536, 1177
2491, 2, 56, 95, 54, 9, 1.80%, 0, 1, 7, 2.69, 210548, 1177
2496, 2, 56, 95, 54, 9, 1.80%, 0, 1, 7, 2.68, 210561, 1177
2501, 2, 56, 95, 54, 9, 1.80%, 0, 1, 7, 2.78, 210575, 1177
2506, 2, 56, 95, 54, 9, 1.80%, 0, 1, 7, 2.61, 210588, 1177
2511, 2, 56, 95, 54, 9, 1.80%, 0, 1, 7, 2.53, 210601, 1177
2516, 2, 56, 95, 54, 9, 1.80%, 0, 1, 7, 2.90, 210618, 1177
2522, 2, 56, 95, 54, 9, 1.80%, 0, 1, 7, 2.84, 210633, 1177
2527, 2, 56, 95, 54, 9, 1.80%, 0, 1, 7, 2.69, 210647, 1177
2532, 2, 56, 95, 54, 9, 1.80%, 0, 1, 7, 2.90, 210662, 1177
2538, 2, 56, 95, 54, 9, 1.80%, 0, 1, 7, 2.90, 210678, 1177
2543, 2, 56, 95, 54, 9, 1.80%, 0, 1, 7, 2.64, 210690, 1177
2548, 2, 56, 95, 54, 9, 1.80%, 0, 1, 7, 2.64, 210703, 1177
2553, 2, 56, 95, 54, 9, 1.80%, 0, 1, 7, 2.68, 210717, 1177
2559, 2, 56, 95, 54, 9, 1.80%, 0, 1, 7, 2.88, 210732, 1177
2564, 2, 56, 95, 54, 9, 1.80%, 0, 1, 7, 2.74, 210745, 1177
2569, 2, 56, 95, 54, 9, 1.80%, 0, 1, 7, 2.80, 210761, 1177
2575, 2, 56, 95, 54, 9, 1.80%, 0, 1, 7, 2.88, 210776, 1177
2580, 2, 56, 95, 54, 9, 1.80%, 0, 1, 7, 2.64, 210788, 1177
2585, 2, 56, 95, 54, 9, 1.80%, 0, 1, 7, 2.73, 210803, 1177
2590, 2, 56, 95, 54, 9, 1.80%, 0, 1, 7, 2.71, 210817, 1177
2595, 2, 56, 95, 54, 9, 1.80%, 0, 1, 7, 2.71, 210830, 1177
2600, 2, 56, 95, 54, 9, 1.80%, 0, 1, 7, 2.54, 210842, 1177
2606, 2, 56, 95, 54, 9, 1.80%, 0, 1, 7, 2.69, 210857, 1177
2611, 2, 56, 95, 54, 9, 1.80%, 0, 1, 7, 2.82, 210872, 1177
2616, 2, 56, 95, 54, 9, 1.80%, 0, 1, 7, 150.48, 211001, 1177
2621, 2, 62, 95, 53, 9, 1.80%, 0, 1, 7, 108.94, 211548, 1177
2626, 2, 62, 95, 53, 9, 1.80%, 0, 1, 7, 140.62, 212289, 1177
2631, 2, 62, 96, 54, 9, 1.80%, 0, 1, 7, 162.39, 213033, 1178
2636, 2, 62, 96, 54, 9, 1.80%, 0, 1, 7, 165.00, 213819, 1178
2642, 2, 62, 96, 54, 9, 1.80%, 0, 1, 7, 155.55, 214596, 1178
2647, 2, 62, 96, 54, 9, 1.80%, 0, 1, 7, 162.69, 215427, 1178
2652, 2, 62, 96, 54, 9, 1.80%, 0, 1, 7, 165.10, 216267, 1178
2657, 2, 62, 96, 54, 9, 1.80%, 0, 1, 7, 237.35, 217603, 1178
2662, 2, 62, 96, 54, 9, 1.80%, 0, 1, 7, 10.03, 218032, 1178
2667, 2, 62, 96, 54, 9, 1.80%, 0, 1, 7, 8.51, 218073, 1178
2672, 2, 62, 96, 54, 9, 1.80%, 0, 1, 7, 7.59, 218107, 1178
2678, 2, 62, 96, 54, 9, 1.80%, 0, 1, 7, 7.36, 218144, 1178
2683, 2, 62, 96, 54, 9, 1.80%, 0, 1, 7, 7.54, 218182, 1178
2688, 2, 62, 96, 54, 9, 1.80%, 0, 1, 7, 6.89, 218215, 1178
2693, 2, 62, 96, 54, 9, 1.80%, 0, 1, 7, 7.29, 218250, 1178
2698, 2, 62, 96, 54, 9, 1.80%, 0, 1, 7, 7.46, 218289, 1178
2703, 2, 62, 96, 54, 9, 1.80%, 0, 1, 7, 18.03, 218640, 1178
2708, 2, 62, 96, 54, 9, 1.80%, 0, 1, 7, 19.03, 218737, 1178
2714, 2, 62, 96, 54, 9, 1.80%, 0, 1, 7, 18.02, 218830, 1178
2719, 2, 62, 96, 54, 9, 1.80%, 0, 1, 7, 2.33, 218877, 1178
2724, 2, 62, 96, 54, 9, 1.80%, 0, 1, 7, 2.83, 218893, 1178
2729, 2, 62, 96, 54, 9, 1.80%, 0, 1, 7, 2.78, 218907, 1178
2734, 2, 62, 96, 54, 9, 1.80%, 0, 1, 7, 2.64, 218920, 1178
2740, 2, 62, 96, 54, 9, 1.80%, 0, 1, 7, 2.55, 218933, 1178
2745, 2, 62, 96, 54, 9, 1.80%, 0, 1, 7, 2.48, 218945, 1178
2750, 2, 62, 96, 54, 9, 1.80%, 0, 1, 7, 2.75, 218958, 1178
2755, 2, 62, 96, 54, 9, 1.80%, 0, 1, 7, 2.92, 218975, 1178
2760, 2, 62, 96, 54, 9, 1.80%, 0, 1, 7, 3.26, 218991, 1178
2766, 2, 62, 96, 54, 9, 1.80%, 0, 1, 7, 2.89, 219004, 1178
2771, 2, 62, 96, 54, 9, 1.80%, 0, 1, 7, 2.91, 219019, 1178
2776, 2, 62, 96, 54, 9, 1.80%, 0, 1, 7, 2.81, 219033, 1178
2781, 2, 62, 96, 54, 9, 1.80%, 0, 1, 7, 2.69, 219047, 1178
2787, 2, 62, 96, 54, 9, 1.80%, 0, 1, 7, 2.68, 219061, 1178
2792, 2, 62, 96, 54, 9, 1.80%, 0, 1, 7, 2.96, 219077, 1178
2797, 2, 62, 96, 54, 9, 1.80%, 0, 1, 7, 2.74, 219090, 1178
2802, 2, 62, 96, 54, 9, 1.80%, 0, 1, 7, 2.60, 219103, 1178
2807, 2, 62, 96, 54, 9, 1.80%, 0, 1, 7, 2.76, 219118, 1178
2813, 2, 62, 96, 54, 9, 1.80%, 0, 1, 7, 2.57, 219130, 1178
2818, 2, 62, 96, 54, 9, 1.80%, 0, 1, 7, 2.42, 219142, 1178
2823, 2, 62, 96, 54, 9, 1.80%, 0, 1, 7, 2.77, 219157, 1178
2828, 2, 62, 96, 54, 9, 1.80%, 0, 1, 7, 1.22, 220025, 1178
2834, 2, 62, 96, 54, 9, 1.80%, 0, 1, 7, 1.30, 220032, 1178
2844, 2, 62, 97, 55, 9, 1.80%, 0, 1, 7, 1.27, 220043, 1178
2850, 2, 62, 97, 55, 9, 1.80%, 0, 1, 7, 1.25, 220050, 1178
2855, 2, 62, 97, 55, 9, 1.80%, 0, 1, 7, 1.51, 220059, 1178
2860, 2, 62, 97, 55, 9, 1.80%, 0, 1, 7, 1.45, 220066, 1178
2866, 2, 62, 97, 55, 9, 1.80%, 0, 1, 7, 1.54, 220074, 1178
2871, 2, 62, 97, 55, 9, 1.80%, 0, 1, 7, 1.46, 220081, 1178
2876, 2, 62, 97, 55, 9, 1.80%, 0, 1, 7, 1.48, 220088, 1178
2882, 2, 62, 97, 55, 9, 1.80%, 0, 1, 7, 1.41, 220095, 1178
2887, 2, 62, 97, 55, 9, 1.80%, 0, 1, 7, 1.49, 220103, 1178
2892, 2, 62, 97, 55, 9, 1.80%, 0, 1, 7, 1.56, 220110, 1178
2897, 2, 62, 97, 55, 9, 1.80%, 0, 1, 7, 1.44, 220116, 1178
2903, 2, 62, 97, 55, 9, 1.80%, 0, 1, 7, 1.60, 220125, 1178
2908, 2, 62, 97, 55, 9, 1.80%, 0, 1, 7, 1.68, 220133, 1178
2913, 2, 62, 97, 55, 9, 1.80%, 0, 1, 7, 1.67, 220141, 1178
2919, 2, 62, 97, 55, 9, 1.80%, 0, 1, 7, 2.13, 220151, 1178
2924, 2, 62, 97, 55, 9, 1.80%, 0, 1, 7, 1.90, 220158, 1178
2929, 2, 62, 97, 55, 9, 1.80%, 0, 1, 7, 1.73, 220165, 1178
2935, 2, 62, 97, 55, 9, 1.80%, 0, 1, 7, 1.55, 220172, 1178
2940, 2, 62, 97, 55, 9, 1.80%, 0, 1, 7, 1.43, 220179, 1178
2946, 2, 62, 97, 55, 9, 1.80%, 0, 1, 7, 1.35, 220186, 1178
2952, 2, 62, 97, 55, 9, 1.80%, 0, 1, 7, 1.36, 220193, 1178
2957, 2, 62, 97, 55, 9, 1.80%, 0, 1, 7, 1.35, 220200, 1178
2963, 2, 62, 97, 55, 9, 1.80%, 0, 1, 7, 1.43, 220208, 1178
2968, 2, 62, 97, 55, 9, 1.80%, 0, 1, 7, 1.61, 220218, 1178
2974, 2, 62, 97, 55, 9, 1.80%, 0, 1, 7, 1.55, 220225, 1178
2979, 2, 62, 97, 55, 9, 1.80%, 0, 1, 7, 1.51, 220233, 1178
2985, 2, 62, 97, 55, 9, 1.80%, 0, 1, 7, 1.48, 220241, 1178
2990, 2, 62, 97, 55, 9, 1.80%, 0, 1, 7, 1.41, 220248, 1178
2996, 2, 62, 97, 55, 9, 1.80%, 0, 1, 7, 1.38, 220255, 1178
3001, 2, 62, 97, 55, 9, 1.80%, 0, 1, 7, 1.35, 220262, 1178
3006, 2, 62, 97, 55, 9, 1.80%, 0, 1, 7, 1.48, 220269, 1178
3011, 2, 62, 97, 55, 9, 1.80%, 0, 1, 7, 1.46, 220276, 1178
3017, 2, 62, 97, 55, 9, 1.80%, 0, 1, 7, 1.56, 220285, 1178
3022, 2, 62, 97, 55, 9, 1.80%, 0, 1, 7, 1.79, 220294, 1178
3028, 2, 62, 97, 55, 9, 1.80%, 0, 1, 7, 1.73, 220301, 1178
3033, 2, 62, 97, 55, 9, 1.80%, 0, 1, 7, 1.68, 220309, 1178
3039, 2, 62, 97, 55, 9, 1.80%, 0, 1, 7, 1.52, 220316, 1178
3044, 2, 62, 97, 55, 9, 1.80%, 0, 1, 7, 1.54, 220324, 1178
3049, 2, 62, 97, 55, 9, 1.80%, 0, 1, 7, 1.52, 220332, 1178
3055, 2, 62, 97, 55, 9, 1.80%, 0, 1, 7, 1.66, 220341, 1178
3060, 2, 62, 97, 55, 9, 1.80%, 0, 1, 7, 1.61, 220349, 1178
3066, 2, 62, 97, 55, 9, 1.80%, 0, 1, 7, 1.62, 220357, 1178
3071, 2, 62, 97, 55, 9, 1.80%, 0, 1, 7, 1.58, 220365, 1178
3077, 2, 62, 97, 55, 9, 1.80%, 0, 1, 7, 1.45, 220372, 1178
3082, 2, 62, 97, 55, 9, 1.80%, 0, 1, 7, 1.43, 220379, 1178
3088, 2, 62, 97, 55, 9, 1.80%, 0, 1, 7, 1.52, 220387, 1178
3093, 2, 62, 97, 55, 9, 1.80%, 0, 1, 7, 1.53, 220395, 1178
3099, 2, 62, 97, 55, 9, 1.80%, 0, 1, 7, 1.42, 220402, 1178
3104, 2, 62, 97, 55, 9, 1.80%, 0, 1, 7, 1.35, 220409, 1178
3110, 2, 62, 97, 55, 9, 1.80%, 0, 1, 7, 1.45, 220417, 1178
3116, 2, 62, 97, 55, 9, 1.80%, 0, 1, 7, 1.57, 220425, 1178
3122, 2, 62, 97, 55, 9, 1.80%, 0, 1, 7, 1.44, 220432, 1178
3127, 2, 62, 97, 55, 9, 1.80%, 0, 1, 7, 1.48, 220440, 1178
3132, 2, 62, 97, 55, 9, 1.80%, 0, 1, 7, 1.46, 220448, 1178
3138, 2, 62, 97, 55, 9, 1.80%, 0, 1, 7, 1.38, 220455, 1178
3143, 2, 62, 97, 55, 9, 1.80%, 0, 1, 7, 1.47, 220463, 1178
3148, 2, 62, 97, 55, 9, 1.80%, 0, 1, 7, 1.44, 220470, 1178
3154, 2, 62, 97, 55, 9, 1.80%, 0, 1, 7, 1.46, 220477, 1178
3159, 2, 62, 97, 55, 9, 1.80%, 0, 1, 7, 1.65, 220485, 1178
3165, 2, 62, 97, 55, 9, 1.80%, 0, 1, 7, 1.66, 220493, 1178
3170, 2, 62, 97, 55, 9, 1.80%, 0, 1, 7, 1.50, 220500, 1178
3176, 2, 62, 97, 55, 9, 1.80%, 0, 1, 7, 1.40, 220507, 1178
3181, 2, 62, 97, 55, 9, 1.80%, 0, 1, 7, 1.41, 220514, 1178
3187, 2, 62, 97, 55, 9, 1.80%, 0, 1, 7, 1.48, 220523, 1178
3192, 2, 62, 97, 55, 9, 1.80%, 0, 1, 7, 1.70, 220533, 1178
3197, 2, 62, 97, 55, 9, 1.80%, 0, 1, 7, 1.61, 220540, 1178
3203, 2, 62, 97, 55, 9, 1.80%, 0, 1, 7, 1.55, 220547, 1178
3208, 2, 62, 97, 55, 9, 1.80%, 0, 2, 7, 1.61, 220555, 1178
3214, 2, 62, 97, 55, 9, 1.80%, 0, 2, 7, 1.48, 220562, 1178
3219, 2, 62, 97, 55, 9, 1.80%, 0, 2, 7, 1.45, 220569, 1178
3225, 2, 62, 97, 55, 9, 1.80%, 0, 2, 7, 1.55, 220577, 1178
3230, 2, 62, 97, 55, 9, 1.80%, 0, 2, 7, 1.63, 220585, 1178
3236, 2, 62, 97, 55, 9, 1.80%, 0, 2, 7, 1.49, 220592, 1178
3241, 2, 62, 97, 55, 9, 1.80%, 0, 2, 7, 1.45, 220599, 1178
3246, 2, 62, 97, 55, 9, 1.80%, 0, 2, 7, 8.47, 220608, 1178
3251, 2, 62, 97, 55, 9, 1.80%, 0, 2, 7, 9.94, 220661, 1178
3256, 2, 62, 97, 55, 9, 1.80%, 0, 2, 7, 10.08, 220712, 1178
3261, 2, 62, 97, 55, 9, 1.80%, 0, 2, 7, 9.59, 220761, 1178
3266, 2, 62, 97, 55, 9, 1.80%, 0, 2, 7, 10.08, 220815, 1178
3272, 2, 62, 97, 55, 9, 1.80%, 0, 2, 7, 10.06, 220867, 1178
3277, 2, 58, 97, 54, 9, 1.80%, 0, 2, 7, 94.25, 221087, 1178
3282, 2, 58, 97, 54, 9, 1.80%, 0, 2, 7, 137.21, 221758, 1178
3287, 2, 58, 97, 54, 9, 1.80%, 0, 2, 7, 166.12, 222636, 1178
3292, 2, 58, 97, 54, 9, 1.80%, 0, 2, 7, 163.75, 223464, 1178
3297, 2, 58, 97, 54, 9, 1.80%, 0, 2, 7, 180.56, 224406, 1178
3302, 2, 58, 97, 54, 9, 1.80%, 0, 2, 7, 251.06, 225608, 1178
3307, 2, 58, 98, 55, 9, 1.80%, 0, 2, 7, 286.13, 227111, 1179
3313, 2, 58, 98, 55, 9, 1.80%, 0, 2, 7, 1.99, 227725, 1179
3318, 2, 58, 98, 55, 9, 1.80%, 0, 2, 7, 1.78, 227733, 1179
3324, 2, 58, 98, 55, 9, 1.80%, 0, 2, 7, 1.63, 227740, 1179
3329, 2, 58, 98, 55, 9, 1.80%, 0, 2, 7, 1.57, 227747, 1179
3334, 2, 58, 98, 55, 9, 1.80%, 0, 2, 7, 1.49, 227754, 1179
3340, 2, 58, 98, 55, 9, 1.80%, 0, 2, 7, 1.41, 227761, 1179
3345, 2, 58, 98, 55, 9, 1.80%, 0, 2, 7, 1.50, 227769, 1179
3350, 2, 58, 98, 55, 9, 1.80%, 0, 2, 7, 1.46, 227776, 1179
3356, 2, 58, 98, 55, 9, 1.80%, 0, 2, 7, 1.46, 227783, 1179
3361, 2, 58, 98, 55, 9, 1.80%, 0, 2, 7, 1.50, 227791, 1179
3367, 2, 58, 98, 55, 9, 1.80%, 0, 2, 7, 1.40, 227798, 1179
3373, 2, 58, 98, 55, 9, 1.80%, 0, 2, 7, 1.46, 227806, 1179
3378, 2, 58, 98, 55, 9, 1.80%, 0, 2, 7, 1.45, 227813, 1179
3383, 2, 58, 98, 55, 9, 1.80%, 0, 2, 7, 1.52, 227821, 1179
3388, 2, 58, 98, 55, 9, 1.80%, 0, 2, 7, 1.51, 227829, 1179
3394, 2, 58, 98, 55, 9, 1.80%, 0, 2, 7, 1.52, 227836, 1179
3399, 2, 58, 98, 55, 9, 1.80%, 0, 2, 7, 1.70, 227845, 1179
3405, 2, 58, 98, 55, 9, 1.80%, 0, 2, 7, 1.66, 227853, 1179
3411, 2, 58, 98, 55, 9, 1.80%, 0, 2, 7, 1.51, 227860, 1179
3416, 2, 58, 98, 55, 9, 1.80%, 0, 2, 7, 1.51, 227867, 1179
3421, 2, 58, 98, 55, 9, 1.80%, 0, 2, 7, 1.54, 227874, 1179
3426, 2, 58, 98, 55, 9, 1.80%, 0, 2, 7, 1.51, 227882, 1179
3432, 2, 58, 98, 55, 9, 1.80%, 0, 2, 7, 1.46, 227889, 1179
3437, 2, 58, 98, 55, 9, 1.80%, 0, 2, 7, 1.47, 227897, 1179
3442, 2, 58, 98, 55, 9, 1.80%, 0, 2, 7, 1.43, 227904, 1179
3448, 2, 58, 98, 55, 9, 1.80%, 0, 2, 7, 1.38, 227911, 1179
3453, 2, 58, 98, 55, 9, 1.80%, 0, 2, 7, 1.33, 227918, 1179
3458, 2, 58, 98, 55, 9, 1.80%, 0, 2, 7, 1.40, 227926, 1179
3464, 2, 58, 98, 55, 9, 1.80%, 0, 2, 7, 1.46, 227935, 1179
3469, 2, 58, 98, 55, 9, 1.80%, 0, 2, 7, 1.62, 227943, 1179
3475, 2, 58, 98, 55, 9, 1.80%, 0, 2, 7, 1.53, 227950, 1179
3480, 2, 58, 98, 55, 9, 1.80%, 0, 2, 7, 1.54, 227959, 1179
3486, 2, 58, 98, 55, 9, 1.80%, 0, 2, 7, 1.44, 227966, 1179
3491, 2, 58, 98, 55, 9, 1.80%, 0, 2, 7, 1.55, 227974, 1179
3496, 2, 58, 98, 55, 9, 1.80%, 0, 2, 7, 1.50, 227981, 1179
3502, 2, 58, 98, 55, 9, 1.80%, 0, 2, 7, 1.41, 227988, 1179
3507, 2, 58, 98, 55, 9, 1.80%, 0, 2, 7, 1.45, 227996, 1179
3513, 2, 58, 98, 55, 9, 1.80%, 0, 2, 7, 1.47, 228004, 1179
3518, 2, 77, 98, 54, 9, 1.80%, 0, 2, 7, 224.44, 228480, 1179
3523, 2, 77, 98, 54, 9, 1.80%, 0, 2, 7, 122.58, 228925, 1179
3528, 2, 77, 98, 54, 9, 1.80%, 0, 2, 7, 138.02, 229625, 1179
3533, 2, 77, 98, 54, 9, 1.80%, 0, 2, 7, 132.61, 230263, 1179
3538, 2, 77, 98, 54, 9, 1.80%, 0, 2, 7, 136.64, 230951, 1179
3544, 2, 77, 98, 54, 9, 1.80%, 0, 2, 7, 138.52, 231647, 1179
3549, 2, 77, 99, 55, 9, 1.80%, 0, 2, 7, 11.19, 231918, 1179
3554, 2, 77, 99, 55, 9, 1.80%, 0, 2, 7, 11.16, 231977, 1179
3559, 2, 77, 99, 55, 9, 1.80%, 0, 2, 7, 11.01, 232033, 1179
3564, 2, 77, 99, 55, 9, 1.80%, 0, 2, 7, 10.82, 232089, 1179
3569, 2, 77, 99, 55, 9, 1.80%, 0, 2, 7, 10.63, 232146, 1179
3574, 2, 77, 99, 55, 9, 1.80%, 0, 2, 7, 10.66, 232200, 1179
3579, 2, 77, 99, 55, 9, 1.80%, 0, 2, 7, 10.59, 232255, 1179
3585, 2, 77, 99, 55, 9, 1.80%, 0, 2, 7, 10.88, 232312, 1179
3590, 2, 77, 99, 55, 9, 1.80%, 0, 2, 7, 11.96, 232377, 1179
3595, 2, 77, 99, 55, 9, 1.80%, 0, 2, 7, 10.68, 232430, 1179
3600, 2, 77, 99, 55, 9, 1.80%, 0, 2, 7, 10.69, 232485, 1179
3605, 2, 77, 99, 55, 9, 1.80%, 0, 2, 7, 10.00, 232537, 1179
3611, 2, 77, 99, 55, 9, 1.80%, 0, 2, 7, 10.94, 232597, 1179
3616, 2, 77, 99, 55, 9, 1.80%, 0, 2, 7, 11.13, 232653, 1179
3621, 2, 77, 99, 55, 9, 1.80%, 0, 2, 7, 283.76, 234104, 1179
3626, 2, 77, 99, 55, 9, 1.80%, 0, 2, 7, 291.36, 235735, 1179
3632, 2, 77, 99, 55, 9, 1.80%, 0, 2, 7, 10.67, 235791, 1179
