# relative_time, cycles_done, cur_item, corpus_count, pending_total, pending_favs, map_size, saved_crashes, saved_hangs, max_depth, execs_per_sec, total_execs, edges_found
61, 0, 5, 179, 177, 5, 1.88%, 0, 0, 2, 634.63, 38171, 1233
66, 0, 5, 179, 177, 5, 1.88%, 0, 0, 2, 633.94, 41459, 1233
71, 0, 5, 179, 177, 5, 1.88%, 0, 0, 2, 636.64, 44747, 1233
76, 0, 117, 180, 177, 50, 1.88%, 0, 0, 2, 615.24, 47944, 1233
81, 0, 38, 183, 179, 48, 1.88%, 0, 0, 3, 613.66, 50977, 1234
86, 0, 90, 190, 185, 48, 1.89%, 0, 0, 3, 588.68, 53978, 1236
91, 0, 90, 200, 195, 48, 1.89%, 0, 0, 3, 529.87, 56576, 1239
96, 0, 90, 208, 203, 48, 1.89%, 0, 0, 3, 498.07, 59077, 1240
101, 0, 90, 213, 208, 48, 1.89%, 0, 0, 3, 498.08, 61583, 1240
107, 0, 90, 219, 214, 48, 1.89%, 0, 0, 3, 501.09, 64188, 1240
112, 0, 90, 222, 217, 48, 1.89%, 0, 0, 3, 491.05, 66650, 1241
117, 0, 90, 227, 222, 48, 1.89%, 0, 0, 3, 500.60, 69165, 1241
122, 0, 90, 227, 222, 48, 1.89%, 0, 0, 3, 507.33, 71716, 1241
127, 0, 90, 227, 222, 48, 1.89%, 0, 0, 3, 507.10, 74286, 1241
132, 0, 90, 227, 222, 48, 1.89%, 0, 0, 3, 499.34, 76786, 1241
137, 0, 90, 227, 222, 48, 1.89%, 0, 0, 3, 503.89, 79306, 1241
142, 0, 90, 227, 222, 48, 1.89%, 0, 0, 3, 408.92, 81446, 1241
147, 0, 90, 227, 222, 48, 1.89%, 0, 0, 3, 341.85, 83092, 1241
152, 0, 90, 227, 222, 48, 1.89%, 0, 0, 3, 353.99, 84871, 1241
157, 0, 90, 227, 222, 48, 1.89%, 0, 0, 3, 386.01, 86857, 1241
162, 0, 203, 236, 230, 47, 1.89%, 0, 0, 4, 458.28, 89308, 1241
167, 0, 203, 238, 232, 47, 1.89%, 0, 0, 4, 436.66, 91495, 1241
173, 0, 203, 239, 233, 47, 1.89%, 0, 0, 4, 509.73, 94205, 1241
178, 0, 203, 240, 234, 47, 1.89%, 0, 0, 4, 523.07, 96863, 1241
183, 0, 203, 240, 234, 47, 1.89%, 0, 0, 4, 525.83, 99603, 1241
188, 0, 203, 241, 235, 47, 1.89%, 0, 0, 4, 518.55, 102209, 1241
193, 0, 203, 241, 235, 47, 1.89%, 0, 0, 4, 526.66, 104859, 1241
198, 0, 203, 241, 235, 47, 1.89%, 0, 0, 4, 510.69, 107419, 1241
203, 0, 203, 241, 235, 47, 1.89%, 0, 0, 4, 517.94, 110029, 1241
208, 0, 203, 241, 235, 47, 1.89%, 0, 0, 4, 491.86, 112571, 1241
213, 0, 171, 241, 234, 46, 1.89%, 0, 0, 4, 460.69, 114827, 1241
218, 0, 171, 251, 244, 46, 1.90%, 0, 0, 4, 453.27, 117163, 1243
223, 0, 171, 257, 250, 46, 1.90%, 0, 0, 4, 458.74, 119497, 1246
228, 0, 171, 261, 254, 46, 1.90%, 0, 0, 4, 476.78, 122004, 1248
233, 0, 171, 263, 256, 46, 1.90%, 0, 0, 4, 479.80, 124396, 1248
239, 0, 171, 265, 258, 46, 1.91%, 0, 0, 4, 505.98, 126983, 1249
244, 0, 171, 265, 258, 46, 1.91%, 0, 0, 4, 536.09, 129791, 1249
249, 0, 171, 265, 258, 46, 1.91%, 0, 0, 4, 551.47, 132597, 1249
254, 0, 171, 265, 258, 46, 1.91%, 0, 0, 4, 528.72, 135241, 1249
259, 0, 171, 265, 258, 46, 1.91%, 0, 0, 4, 534.17, 138011, 1249
264, 0, 171, 265, 258, 46, 1.91%, 0, 0, 4, 539.13, 140731, 1249
269, 0, 171, 269, 262, 46, 1.91%, 0, 0, 4, 525.72, 143385, 1249
274, 0, 171, 269, 262, 46, 1.91%, 0, 0, 4, 514.42, 145987, 1249
279, 0, 63, 269, 261, 46, 1.91%, 0, 0, 4, 530.80, 148666, 1249
284, 0, 193, 271, 262, 45, 1.91%, 0, 0, 4, 554.38, 151571, 1249
290, 0, 200, 272, 261, 43, 1.91%, 0, 0, 4, 544.85, 154412, 1249
295, 0, 200, 280, 269, 43, 1.91%, 0, 0, 4, 549.46, 157209, 1249
300, 0, 200, 283, 272, 43, 1.91%, 0, 0, 4, 534.48, 159856, 1249
305, 0, 200, 286, 275, 43, 1.91%, 0, 0, 4, 544.72, 162600, 1250
310, 0, 200, 287, 276, 43, 1.91%, 0, 0, 4, 566.38, 165482, 1250
315, 0, 200, 287, 276, 43, 1.91%, 0, 0, 4, 564.86, 168342, 1250
320, 0, 200, 289, 278, 43, 1.91%, 0, 0, 4, 555.81, 171168, 1250
325, 0, 200, 289, 278, 43, 1.91%, 0, 0, 4, 579.14, 174061, 1250
330, 0, 200, 289, 278, 43, 1.91%, 0, 0, 4, 601.86, 177106, 1250
335, 0, 200, 289, 278, 43, 1.91%, 0, 0, 4, 586.20, 180012, 1250
340, 0, 200, 289, 278, 43, 1.91%, 0, 0, 4, 567.13, 182861, 1250
345, 0, 200, 289, 278, 43, 1.91%, 0, 0, 4, 578.46, 185721, 1250
350, 0, 200, 289, 278, 43, 1.91%, 0, 0, 4, 606.09, 188826, 1250
355, 0, 278, 289, 277, 43, 1.91%, 0, 0, 4, 601.70, 191879, 1250
360, 0, 278, 290, 278, 43, 1.91%, 0, 0, 5, 601.18, 194899, 1250
365, 0, 142, 291, 278, 42, 1.91%, 0, 0, 5, 609.10, 197980, 1250
370, 0, 4, 292, 278, 42, 1.91%, 0, 0, 5, 86.73, 200042, 1250
375, 0, 4, 299, 285, 42, 1.93%, 0, 0, 5, 342.27, 201902, 1267
380, 0, 4, 301, 287, 42, 1.93%, 0, 0, 5, 468.74, 204348, 1267
386, 0, 4, 303, 289, 42, 1.93%, 0, 0, 5, 449.42, 206623, 1267
391, 0, 4, 306, 292, 42, 1.93%, 0, 0, 5, 458.75, 209028, 1268
396, 0, 4, 307, 293, 42, 1.93%, 0, 0, 5, 485.25, 211461, 1268
401, 0, 4, 307, 293, 42, 1.93%, 0, 0, 5, 490.89, 213963, 1268
406, 0, 4, 308, 294, 42, 1.93%, 0, 0, 5, 471.53, 216320, 1268
411, 0, 4, 312, 298, 42, 1.98%, 0, 0, 5, 249.41, 217304, 1296
416, 0, 4, 313, 299, 42, 1.98%, 0, 0, 5, 209.72, 218288, 1296
421, 0, 4, 314, 300, 42, 1.98%, 0, 0, 5, 192.12, 219240, 1296
426, 0, 4, 315, 301, 42, 1.98%, 0, 0, 5, 174.89, 220149, 1297
432, 0, 4, 316, 302, 42, 2.02%, 0, 0, 5, 183.41, 221068, 1325
437, 0, 4, 316, 302, 42, 2.02%, 0, 0, 5, 191.42, 222103, 1325
442, 0, 4, 317, 303, 42, 2.02%, 0, 0, 5, 196.02, 223104, 1325
447, 0, 4, 319, 305, 42, 2.03%, 0, 0, 5, 188.32, 224053, 1330
452, 0, 4, 319, 305, 42, 2.03%, 0, 0, 5, 194.75, 225049, 1330
457, 0, 4, 319, 305, 42, 2.03%, 0, 0, 5, 188.51, 226006, 1330
462, 0, 4, 319, 305, 42, 2.03%, 0, 0, 5, 195.28, 227005, 1330
467, 0, 4, 319, 305, 42, 2.03%, 0, 0, 5, 192.25, 227962, 1330
472, 0, 4, 320, 306, 42, 2.03%, 0, 0, 5, 183.03, 228852, 1331
477, 0, 4, 320, 306, 42, 2.03%, 0, 0, 5, 190.42, 229842, 1331
482, 0, 4, 320, 306, 42, 2.03%, 0, 0, 5, 191.79, 230832, 1331
487, 0, 4, 320, 306, 42, 2.03%, 0, 0, 5, 193.76, 231786, 1331
492, 0, 4, 320, 306, 42, 2.03%, 0, 0, 5, 182.24, 232695, 1331
498, 0, 4, 322, 308, 42, 2.03%, 0, 0, 5, 359.15, 234550, 1331
503, 0, 4, 325, 311, 42, 2.03%, 0, 0, 5, 463.61, 237056, 1331
508, 0, 4, 326, 312, 42, 2.03%, 0, 0, 5, 485.18, 239575, 1331
513, 0, 4, 327, 313, 42, 2.03%, 0, 0, 5, 492.53, 242076, 1331
518, 0, 4, 328, 314, 42, 2.03%, 0, 0, 5, 468.78, 244505, 1331
523, 0, 4, 329, 315, 42, 2.03%, 0, 0, 5, 480.07, 246979, 1331
528, 0, 4, 331, 317, 42, 2.03%, 0, 0, 5, 461.08, 249299, 1333
534, 0, 4, 333, 319, 42, 2.03%, 0, 0, 5, 243.68, 250275, 1333
539, 0, 172, 334, 319, 50, 2.03%, 0, 0, 5, 341.43, 251722, 1333
544, 0, 172, 334, 319, 50, 2.03%, 0, 0, 5, 548.00, 254798, 1333
549, 0, 104, 335, 319, 49, 2.03%, 0, 0, 5, 597.52, 257948, 1333
554, 0, 77, 336, 319, 48, 2.03%, 0, 0, 5, 601.89, 261026, 1333
559, 0, 77, 336, 319, 48, 2.03%, 0, 0, 5, 584.81, 264050, 1333
564, 0, 77, 338, 321, 48, 2.03%, 0, 0, 5, 356.47, 265296, 1333
570, 0, 175, 339, 321, 47, 2.03%, 0, 0, 5, 506.19, 268093, 1333
575, 0, 95, 339, 320, 46, 2.03%, 0, 0, 5, 569.63, 271059, 1333
580, 0, 95, 339, 320, 46, 2.03%, 0, 0, 5, 598.22, 274197, 1333
585, 0, 332, 339, 319, 45, 2.03%, 0, 0, 5, 111.93, 275366, 1333
590, 0, 332, 339, 319, 45, 2.03%, 0, 0, 5, 171.79, 276259, 1333
595, 0, 332, 340, 320, 45, 2.03%, 0, 0, 5, 275.41, 277868, 1333
600, 0, 114, 340, 319, 44, 2.03%, 0, 0, 5, 458.16, 280113, 1333
605, 0, 139, 340, 318, 43, 2.03%, 0, 0, 5, 555.99, 283094, 1333
611, 0, 195, 342, 319, 42, 2.03%, 0, 0, 5, 601.80, 286147, 1333
616, 0, 235, 342, 318, 41, 2.03%, 0, 0, 5, 617.28, 289291, 1333
621, 0, 235, 344, 320, 41, 2.03%, 0, 0, 5, 608.10, 292342, 1333
626, 0, 148, 344, 319, 40, 2.03%, 0, 0, 5, 607.84, 295389, 1333
631, 0, 148, 344, 319, 40, 2.03%, 0, 0, 5, 601.33, 298436, 1333
636, 0, 242, 345, 319, 39, 2.03%, 0, 0, 5, 576.32, 301279, 1333
641, 0, 271, 345, 318, 39, 2.03%, 0, 0, 5, 590.97, 304269, 1333
646, 0, 271, 347, 320, 39, 2.03%, 0, 0, 5, 366.92, 306027, 1333
651, 0, 333, 349, 321, 38, 2.03%, 0, 0, 5, 513.63, 308905, 1333
656, 0, 333, 349, 321, 38, 2.03%, 0, 0, 5, 568.24, 311784, 1333
661, 0, 291, 350, 321, 37, 2.03%, 0, 0, 5, 605.01, 314870, 1333
666, 0, 291, 350, 321, 37, 2.03%, 0, 0, 5, 580.31, 317822, 1333
671, 0, 9, 350, 320, 36, 2.03%, 0, 0, 5, 54.38, 318221, 1333
676, 0, 9, 351, 321, 36, 2.04%, 0, 0, 5, 100.45, 318702, 1335
681, 0, 9, 354, 324, 36, 2.08%, 0, 0, 5, 121.96, 319361, 1365
687, 0, 9, 356, 326, 36, 2.10%, 0, 0, 5, 118.95, 319929, 1376
692, 0, 9, 357, 327, 36, 2.10%, 0, 0, 5, 120.38, 320529, 1376
697, 0, 9, 357, 327, 36, 2.10%, 0, 0, 5, 120.80, 321145, 1376
702, 0, 9, 357, 327, 36, 2.10%, 0, 0, 5, 122.26, 321749, 1376
707, 0, 9, 357, 327, 36, 2.10%, 0, 0, 5, 118.08, 322363, 1376
712, 0, 9, 357, 327, 36, 2.10%, 0, 0, 5, 116.79, 322965, 1376
717, 0, 9, 357, 327, 36, 2.10%, 0, 0, 5, 119.22, 323571, 1376
722, 0, 9, 357, 327, 36, 2.10%, 0, 0, 5, 125.01, 324205, 1376
727, 0, 9, 357, 327, 36, 2.10%, 0, 0, 5, 120.27, 324835, 1376
732, 0, 9, 357, 327, 36, 2.10%, 0, 0, 5, 117.94, 325453, 1376
737, 0, 9, 357, 327, 36, 2.10%, 0, 0, 5, 123.53, 326087, 1376
742, 0, 9, 357, 327, 36, 2.10%, 0, 0, 5, 112.58, 326661, 1376
748, 0, 9, 357, 327, 36, 2.10%, 0, 0, 5, 111.69, 327223, 1376
753, 0, 9, 357, 327, 36, 2.10%, 0, 0, 5, 115.35, 327815, 1376
758, 0, 9, 357, 327, 36, 2.10%, 0, 0, 5, 122.79, 328451, 1376
763, 0, 9, 357, 327, 36, 2.10%, 0, 0, 5, 127.13, 329093, 1376
768, 0, 9, 358, 328, 36, 2.11%, 0, 0, 5, 131.73, 329733, 1386
773, 0, 9, 358, 328, 36, 2.11%, 0, 0, 5, 127.76, 330373, 1386
778, 0, 9, 358, 328, 36, 2.11%, 0, 0, 5, 118.25, 330997, 1386
783, 0, 9, 358, 328, 36, 2.11%, 0, 0, 5, 130.24, 331671, 1386
788, 0, 9, 358, 328, 36, 2.11%, 0, 0, 5, 121.47, 332275, 1386
793, 0, 9, 358, 328, 36, 2.11%, 0, 0, 5, 116.77, 332865, 1386
798, 0, 9, 358, 328, 36, 2.11%, 0, 0, 5, 115.86, 333479, 1386
804, 0, 9, 358, 328, 36, 2.11%, 0, 0, 5, 118.03, 334077, 1386
809, 0, 9, 358, 328, 36, 2.11%, 0, 0, 5, 121.63, 334713, 1386
814, 0, 9, 358, 328, 36, 2.11%, 0, 0, 5, 297.32, 336028, 1386
819, 0, 9, 359, 329, 36, 2.11%, 0, 0, 5, 502.89, 338893, 1386
824, 0, 9, 359, 329, 36, 2.11%, 0, 0, 5, 532.13, 341621, 1386
829, 0, 9, 359, 329, 36, 2.11%, 0, 0, 5, 544.75, 344481, 1386
834, 0, 9, 359, 329, 36, 2.11%, 0, 0, 5, 552.35, 347286, 1386
839, 0, 9, 359, 329, 36, 2.11%, 0, 0, 5, 545.19, 350081, 1386
844, 0, 9, 359, 329, 36, 2.11%, 0, 0, 5, 98.62, 351777, 1386
850, 0, 9, 362, 332, 36, 2.11%, 0, 0, 5, 96.80, 352296, 1386
855, 0, 9, 362, 332, 36, 2.11%, 0, 0, 5, 105.26, 352825, 1386
860, 0, 9, 363, 333, 36, 2.11%, 0, 0, 5, 169.76, 353763, 1386
865, 0, 223, 363, 332, 42, 2.11%, 0, 0, 5, 335.70, 355430, 1386
870, 0, 223, 365, 334, 42, 2.11%, 0, 0, 5, 529.10, 358397, 1386
875, 0, 254, 365, 333, 41, 2.11%, 0, 0, 5, 568.71, 361302, 1386
880, 0, 283, 365, 332, 40, 2.11%, 0, 0, 5, 575.99, 364311, 1386
885, 0, 283, 365, 332, 40, 2.11%, 0, 0, 5, 590.50, 367407, 1386
890, 0, 283, 365, 332, 40, 2.11%, 0, 0, 5, 594.35, 370388, 1386
896, 0, 352, 366, 332, 39, 2.11%, 0, 0, 5, 566.09, 373165, 1386
901, 0, 99, 366, 331, 39, 2.11%, 0, 0, 5, 575.39, 376042, 1386
906, 0, 99, 366, 331, 39, 2.11%, 0, 0, 5, 584.29, 379008, 1386
911, 0, 259, 366, 329, 37, 2.11%, 0, 0, 5, 527.25, 381735, 1386
916, 0, 365, 366, 328, 36, 2.11%, 0, 0, 5, 566.78, 384662, 1386
921, 0, 365, 373, 335, 36, 2.12%, 0, 0, 5, 529.01, 387357, 1389
926, 0, 365, 376, 338, 36, 2.12%, 0, 0, 5, 528.71, 390101, 1389
931, 0, 365, 380, 342, 36, 2.12%, 0, 0, 5, 516.69, 392703, 1390
936, 0, 365, 381, 343, 36, 2.12%, 0, 0, 5, 524.38, 395407, 1390
942, 0, 365, 381, 343, 36, 2.12%, 0, 0, 5, 543.66, 398217, 1390
947, 0, 365, 381, 343, 36, 2.12%, 0, 0, 5, 540.05, 400947, 1390
952, 0, 365, 382, 344, 36, 2.12%, 0, 0, 5, 549.12, 403704, 1391
957, 0, 365, 382, 344, 36, 2.12%, 0, 0, 5, 574.72, 406674, 1391
962, 0, 365, 382, 344, 36, 2.12%, 0, 0, 5, 585.05, 409666, 1391
967, 0, 365, 382, 344, 36, 2.12%, 0, 0, 5, 590.53, 412626, 1391
972, 0, 365, 383, 345, 36, 2.12%, 0, 0, 5, 550.86, 415491, 1391
977, 0, 357, 383, 344, 40, 2.12%, 0, 0, 5, 525.64, 418120, 1391
982, 0, 357, 386, 347, 40, 2.12%, 0, 0, 5, 537.52, 420818, 1391
987, 0, 357, 386, 347, 40, 2.12%, 0, 0, 5, 569.33, 423779, 1391
992, 0, 357, 386, 347, 40, 2.12%, 0, 0, 5, 579.59, 426692, 1391
997, 0, 207, 386, 346, 39, 2.12%, 0, 0, 5, 573.23, 429555, 1391
1002, 0, 381, 386, 345, 37, 2.12%, 0, 0, 5, 568.72, 432464, 1391
1007, 0, 381, 387, 346, 37, 2.12%, 0, 0, 5, 536.07, 435131, 1391
1012, 0, 381, 388, 347, 37, 2.12%, 0, 0, 5, 558.90, 437960, 1391
1017, 0, 381, 388, 347, 37, 2.12%, 0, 0, 5, 580.25, 440860, 1391
1022, 0, 154, 388, 346, 36, 2.12%, 0, 0, 5, 586.09, 443780, 1391
1028, 0, 355, 388, 345, 35, 2.12%, 0, 0, 5, 562.29, 446716, 1391
1033, 0, 355, 388, 345, 35, 2.12%, 0, 0, 5, 559.42, 449580, 1391
1038, 0, 377, 391, 347, 34, 2.12%, 0, 0, 5, 529.04, 452197, 1391
1043, 0, 377, 392, 348, 34, 2.12%, 0, 0, 5, 525.02, 454885, 1391
1048, 0, 377, 395, 351, 34, 2.12%, 0, 0, 5, 517.24, 457479, 1391
1053, 0, 377, 395, 351, 34, 2.12%, 0, 0, 5, 531.98, 460235, 1391
1058, 0, 377, 395, 351, 34, 2.12%, 0, 0, 5, 536.07, 462935, 1391
1063, 0, 377, 395, 351, 34, 2.12%, 0, 0, 5, 513.37, 465475, 1391
1068, 0, 377, 395, 351, 34, 2.12%, 0, 0, 5, 535.36, 468205, 1391
1073, 0, 377, 396, 352, 34, 2.12%, 0, 0, 5, 530.08, 470969, 1391
1078, 0, 377, 397, 353, 34, 2.12%, 0, 0, 5, 521.54, 473577, 1391
1084, 0, 377, 397, 353, 34, 2.12%, 0, 0, 5, 522.48, 476297, 1391
1089, 0, 377, 397, 353, 34, 2.12%, 0, 0, 5, 549.95, 479133, 1391
1094, 0, 377, 397, 353, 34, 2.12%, 0, 0, 5, 573.84, 482072, 1391
1099, 0, 377, 397, 353, 34, 2.12%, 0, 0, 5, 580.34, 484956, 1391
1104, 0, 115, 397, 352, 33, 2.12%, 0, 0, 5, 582.79, 487891, 1391
1109, 0, 115, 397, 352, 33, 2.12%, 0, 0, 5, 598.60, 490925, 1391
1114, 0, 318, 397, 351, 32, 2.12%, 0, 0, 5, 477.60, 492178, 1391
1119, 0, 318, 398, 352, 32, 2.12%, 0, 0, 5, 200.36, 492804, 1392
1124, 0, 318, 398, 352, 32, 2.12%, 0, 0, 5, 178.70, 493686, 1392
1129, 0, 318, 400, 354, 32, 2.12%, 0, 0, 5, 156.49, 494605, 1392
1134, 0, 376, 400, 353, 32, 2.12%, 0, 0, 5, 256.12, 495784, 1392
1140, 0, 376, 400, 353, 32, 2.12%, 0, 0, 5, 474.21, 498524, 1392
1145, 0, 376, 400, 353, 32, 2.12%, 0, 0, 5, 528.17, 501222, 1392
1150, 0, 376, 400, 353, 32, 2.12%, 0, 0, 5, 516.99, 503770, 1392
1155, 0, 379, 403, 355, 31, 2.12%, 0, 0, 5, 506.86, 506415, 1392
1160, 0, 379, 403, 355, 31, 2.12%, 0, 0, 5, 504.49, 508945, 1392
1165, 0, 379, 404, 356, 31, 2.12%, 0, 0, 5, 506.90, 511503, 1392
1170, 0, 379, 404, 356, 31, 2.12%, 0, 0, 5, 499.35, 514043, 1392
1175, 0, 379, 404, 356, 31, 2.12%, 0, 0, 5, 515.15, 516641, 1392
1180, 0, 379, 405, 357, 31, 2.12%, 0, 0, 5, 527.47, 519399, 1392
1185, 0, 379, 406, 358, 31, 2.12%, 0, 0, 5, 524.57, 522057, 1392
1190, 0, 379, 406, 358, 31, 2.12%, 0, 0, 5, 523.73, 524717, 1392
1195, 0, 379, 407, 359, 31, 2.13%, 0, 0, 5, 510.62, 527285, 1393
1201, 0, 379, 407, 359, 31, 2.13%, 0, 0, 5, 511.56, 529923, 1393
1206, 0, 379, 407, 359, 31, 2.13%, 0, 0, 5, 540.72, 532653, 1393
1211, 0, 379, 407, 359, 31, 2.13%, 0, 0, 5, 536.35, 535323, 1393
1216, 0, 379, 407, 359, 31, 2.13%, 0, 0, 5, 532.79, 537983, 1393
1221, 0, 379, 407, 359, 31, 2.13%, 0, 0, 5, 539.79, 540693, 1393
1226, 0, 379, 408, 360, 31, 2.13%, 0, 0, 5, 539.94, 543499, 1393
1231, 0, 379, 408, 360, 31, 2.13%, 0, 0, 5, 561.15, 546350, 1393
1236, 0, 397, 410, 361, 32, 2.13%, 0, 0, 5, 359.56, 548042, 1396
1241, 0, 397, 410, 361, 32, 2.13%, 0, 0, 5, 198.49, 548945, 1396
1246, 0, 397, 412, 363, 32, 2.13%, 0, 0, 5, 208.33, 549985, 1396
1251, 0, 397, 412, 363, 32, 2.13%, 0, 0, 5, 180.97, 550834, 1396
1256, 0, 407, 413, 363, 30, 2.13%, 0, 0, 6, 434.11, 553200, 1396
1261, 0, 407, 414, 364, 30, 2.13%, 0, 0, 6, 532.37, 556004, 1396
1267, 0, 407, 414, 364, 30, 2.13%, 0, 0, 6, 553.79, 558972, 1396
1272, 0, 407, 414, 364, 30, 2.13%, 0, 0, 6, 557.88, 561773, 1396
1277, 0, 409, 414, 363, 29, 2.13%, 0, 0, 6, 339.93, 563105, 1396
1282, 0, 409, 416, 365, 29, 2.13%, 0, 0, 6, 220.43, 564247, 1396
1287, 0, 409, 417, 366, 29, 2.13%, 0, 0, 6, 187.75, 565088, 1396
1292, 0, 409, 417, 366, 29, 2.13%, 0, 0, 6, 299.27, 566591, 1396
1297, 0, 416, 417, 365, 29, 2.13%, 0, 0, 6, 183.97, 567329, 1396
1302, 0, 416, 417, 365, 29, 2.13%, 0, 0, 6, 296.03, 568895, 1396
1308, 0, 416, 417, 365, 29, 2.13%, 0, 0, 6, 390.96, 570896, 1396
1313, 0, 405, 417, 364, 28, 2.13%, 0, 0, 6, 34.63, 571465, 1396
1318, 0, 405, 417, 364, 28, 2.13%, 0, 0, 6, 42.73, 571676, 1396
1323, 0, 405, 418, 365, 28, 2.13%, 0, 0, 6, 69.67, 572030, 1396
1328, 0, 405, 418, 365, 28, 2.13%, 0, 0, 6, 73.26, 572410, 1396
1333, 0, 405, 418, 365, 28, 2.13%, 0, 0, 6, 54.72, 572663, 1396
1338, 0, 405, 418, 365, 28, 2.13%, 0, 0, 6, 51.50, 572924, 1396
1343, 0, 405, 418, 365, 28, 2.13%, 0, 0, 6, 67.76, 573629, 1396
1348, 0, 405, 419, 366, 28, 2.13%, 0, 0, 6, 56.86, 573908, 1396
1353, 0, 405, 419, 366, 28, 2.13%, 0, 0, 6, 47.69, 574602, 1396
1358, 0, 351, 419, 365, 27, 2.13%, 0, 0, 6, 518.94, 576187, 1396
1364, 0, 351, 419, 365, 27, 2.13%, 0, 0, 6, 539.20, 578959, 1396
1369, 0, 362, 420, 365, 26, 2.13%, 0, 0, 6, 86.51, 579985, 1396
1374, 0, 362, 420, 365, 26, 2.13%, 0, 0, 6, 122.41, 580581, 1396
1379, 0, 362, 420, 365, 26, 2.13%, 0, 0, 6, 272.31, 582262, 1396
1384, 0, 362, 420, 365, 26, 2.13%, 0, 0, 6, 184.64, 583185, 1396
1389, 0, 350, 420, 364, 25, 2.13%, 0, 0, 6, 97.78, 583649, 1396
1394, 0, 350, 420, 364, 25, 2.13%, 0, 0, 6, 95.58, 584074, 1396
1399, 0, 350, 420, 364, 25, 2.13%, 0, 0, 6, 164.60, 585329, 1396
1404, 0, 311, 420, 363, 24, 2.13%, 0, 0, 6, 204.15, 586509, 1396
1409, 0, 311, 420, 363, 24, 2.13%, 0, 0, 6, 228.48, 587485, 1396
1415, 0, 150, 420, 362, 23, 2.13%, 0, 0, 6, 461.24, 589793, 1396
1420, 0, 188, 420, 361, 22, 2.13%, 0, 0, 6, 563.56, 592851, 1396
