# relative_time, cycles_done, cur_item, corpus_count, pending_total, pending_favs, map_size, saved_crashes, saved_hangs, max_depth, execs_per_sec, total_execs, edges_found
61, 0, 168, 210, 205, 46, 1.85%, 0, 0, 3, 729.40, 43109, 1213
66, 0, 168, 211, 206, 46, 1.85%, 0, 0, 3, 726.81, 46785, 1213
71, 0, 168, 214, 209, 46, 1.86%, 0, 0, 3, 711.77, 50253, 1221
76, 0, 168, 216, 211, 46, 1.86%, 0, 0, 3, 715.58, 53909, 1222
81, 0, 168, 218, 213, 46, 1.87%, 0, 0, 3, 721.32, 57593, 1223
86, 0, 168, 219, 214, 46, 1.87%, 0, 0, 3, 723.86, 61283, 1223
91, 0, 160, 224, 218, 48, 1.87%, 0, 0, 3, 746.82, 65049, 1223
96, 0, 160, 228, 222, 48, 1.87%, 0, 0, 3, 772.20, 68977, 1223
101, 0, 160, 229, 223, 48, 1.87%, 0, 0, 3, 776.53, 72930, 1223
106, 0, 160, 229, 223, 48, 1.87%, 0, 0, 3, 779.82, 76875, 1223
111, 0, 160, 229, 223, 48, 1.87%, 0, 0, 3, 777.22, 80820, 1223
116, 0, 160, 230, 224, 48, 1.87%, 0, 0, 3, 779.64, 84773, 1223
121, 0, 160, 230, 224, 48, 1.87%, 0, 0, 3, 780.83, 88733, 1223
127, 0, 169, 242, 235, 49, 1.89%, 0, 0, 3, 735.16, 92398, 1239
132, 0, 169, 247, 240, 49, 1.89%, 0, 0, 3, 721.89, 96050, 1241
137, 0, 169, 253, 246, 49, 1.90%, 0, 0, 3, 718.53, 99668, 1242
142, 0, 169, 255, 248, 49, 1.90%, 0, 0, 3, 709.34, 103100, 1243
147, 0, 169, 257, 250, 49, 1.90%, 0, 0, 3, 718.52, 106770, 1243
152, 0, 169, 257, 250, 49, 1.90%, 0, 0, 3, 719.40, 110438, 1243
157, 0, 169, 258, 251, 49, 1.90%, 0, 0, 3, 723.07, 114114, 1243
162, 0, 99, 261, 249, 51, 1.90%, 0, 0, 4, 737.31, 117859, 1243
167, 0, 2, 265, 252, 51, 1.92%, 0, 0, 4, 672.03, 121220, 1259
172, 0, 2, 265, 252, 51, 1.92%, 0, 0, 4, 647.82, 124539, 1259
177, 0, 188, 265, 250, 51, 1.92%, 0, 0, 4, 700.74, 128166, 1259
182, 0, 206, 272, 255, 49, 1.92%, 0, 0, 4, 748.77, 131985, 1259
188, 0, 206, 275, 258, 49, 1.92%, 0, 0, 4, 760.72, 135891, 1259
193, 0, 206, 278, 261, 49, 1.92%, 0, 0, 4, 767.46, 139800, 1259
198, 0, 206, 278, 261, 49, 1.92%, 0, 0, 4, 768.38, 143745, 1259
203, 0, 206, 279, 262, 49, 1.92%, 0, 0, 4, 763.93, 147638, 1259
208, 0, 206, 279, 262, 49, 1.92%, 0, 0, 4, 755.93, 151433, 1259
213, 0, 20, 279, 260, 47, 1.92%, 0, 0, 4, 754.30, 155299, 1259
218, 0, 278, 290, 269, 45, 1.92%, 0, 0, 5, 739.80, 159030, 1259
223, 0, 187, 291, 267, 42, 1.92%, 0, 0, 5, 743.47, 162769, 1259
229, 0, 254, 294, 267, 39, 1.93%, 0, 0, 5, 46.06, 165225, 1267
234, 0, 254, 297, 270, 39, 1.94%, 0, 0, 5, 173.27, 166272, 1271
239, 0, 254, 302, 275, 39, 1.94%, 0, 0, 5, 213.25, 167295, 1272
244, 0, 254, 302, 275, 39, 1.94%, 0, 0, 5, 207.71, 168407, 1272
249, 0, 254, 303, 276, 39, 1.94%, 0, 0, 5, 212.70, 169491, 1272
254, 0, 254, 303, 276, 39, 1.94%, 0, 0, 5, 215.49, 170611, 1272
259, 0, 254, 304, 277, 39, 1.94%, 0, 0, 5, 231.45, 171747, 1272
264, 0, 254, 305, 278, 39, 1.97%, 0, 0, 5, 220.53, 172799, 1289
270, 0, 254, 305, 278, 39, 1.97%, 0, 0, 5, 225.63, 173975, 1289
275, 0, 254, 305, 278, 39, 1.97%, 0, 0, 5, 233.57, 175151, 1289
280, 0, 254, 305, 278, 39, 1.97%, 0, 0, 5, 255.85, 176521, 1289
285, 0, 254, 305, 278, 39, 1.97%, 0, 0, 5, 237.44, 177747, 1289
290, 0, 254, 305, 278, 39, 1.97%, 0, 0, 5, 227.93, 178939, 1289
295, 0, 254, 306, 279, 39, 1.97%, 0, 0, 5, 253.97, 180284, 1289
300, 0, 254, 306, 279, 39, 1.97%, 0, 0, 5, 235.15, 181451, 1289
306, 0, 254, 307, 280, 39, 1.97%, 0, 0, 5, 215.96, 182483, 1289
311, 0, 254, 308, 281, 39, 1.97%, 0, 0, 5, 225.07, 183631, 1289
316, 0, 254, 310, 283, 39, 1.97%, 0, 0, 5, 259.84, 184951, 1292
321, 0, 254, 310, 283, 39, 1.97%, 0, 0, 5, 267.35, 186301, 1292
326, 0, 254, 312, 285, 39, 1.97%, 0, 0, 5, 277.19, 187552, 1292
331, 0, 254, 312, 285, 39, 1.97%, 0, 0, 5, 227.26, 188663, 1292
336, 0, 254, 312, 285, 39, 1.97%, 0, 0, 5, 228.54, 189867, 1292
341, 0, 254, 312, 285, 39, 1.97%, 0, 0, 5, 243.21, 191127, 1292
346, 0, 306, 313, 285, 43, 1.97%, 0, 0, 5, 589.11, 194258, 1292
352, 0, 292, 314, 283, 40, 1.97%, 0, 0, 5, 696.76, 197988, 1292
357, 0, 262, 314, 281, 38, 1.97%, 0, 0, 5, 662.68, 201074, 1292
362, 0, 241, 318, 284, 37, 1.98%, 0, 0, 5, 694.71, 204718, 1296
367, 0, 241, 318, 284, 37, 1.98%, 0, 0, 5, 699.99, 208332, 1296
372, 0, 149, 319, 284, 37, 1.98%, 0, 0, 5, 716.00, 211951, 1296
377, 0, 260, 319, 282, 35, 1.98%, 0, 0, 5, 730.28, 215638, 1296
382, 0, 315, 321, 282, 33, 1.98%, 0, 0, 5, 713.84, 219219, 1296
387, 0, 252, 322, 282, 32, 1.98%, 0, 0, 5, 715.07, 222823, 1296
392, 0, 314, 325, 283, 31, 1.98%, 0, 0, 5, 727.37, 226621, 1298
397, 0, 314, 328, 286, 31, 1.98%, 0, 0, 5, 708.20, 230173, 1298
402, 0, 314, 328, 286, 31, 1.98%, 0, 0, 5, 717.64, 233763, 1298
408, 0, 244, 328, 282, 28, 1.98%, 0, 0, 5, 723.61, 237548, 1298
413, 0, 253, 330, 282, 26, 1.98%, 0, 0, 5, 723.00, 241184, 1299
418, 0, 183, 330, 280, 25, 1.98%, 0, 0, 5, 723.58, 244836, 1299
423, 0, 95, 331, 278, 23, 2.01%, 0, 0, 5, 726.41, 248377, 1315
428, 0, 94, 332, 276, 21, 2.01%, 0, 0, 5, 733.77, 252076, 1316
433, 0, 100, 332, 274, 20, 2.01%, 0, 0, 5, 741.39, 255815, 1316
438, 0, 329, 337, 278, 19, 2.01%, 0, 0, 5, 719.98, 259477, 1319
443, 0, 329, 337, 278, 19, 2.01%, 0, 0, 5, 713.49, 263103, 1319
448, 0, 329, 339, 280, 19, 2.01%, 0, 0, 5, 714.28, 266759, 1319
453, 0, 329, 339, 280, 19, 2.01%, 0, 0, 5, 714.41, 270441, 1319
458, 0, 329, 339, 280, 19, 2.01%, 0, 0, 5, 713.92, 274095, 1319
464, 0, 329, 340, 281, 19, 2.01%, 0, 0, 5, 710.46, 277729, 1319
469, 0, 329, 341, 282, 19, 2.01%, 0, 0, 5, 718.79, 281329, 1319
474, 0, 4, 342, 281, 19, 2.01%, 0, 0, 5, 107.49, 283524, 1319
479, 0, 4, 344, 283, 19, 2.01%, 0, 0, 5, 84.51, 283895, 1319
484, 0, 4, 349, 288, 19, 2.01%, 0, 0, 5, 118.15, 284564, 1319
489, 0, 4, 354, 293, 19, 2.02%, 0, 0, 5, 129.81, 285227, 1322
494, 0, 4, 356, 295, 19, 2.02%, 0, 0, 5, 124.81, 285859, 1322
499, 0, 4, 356, 295, 19, 2.02%, 0, 0, 5, 132.59, 286533, 1322
504, 0, 4, 358, 297, 19, 2.02%, 0, 0, 5, 129.02, 287194, 1322
509, 0, 4, 358, 297, 19, 2.02%, 0, 0, 5, 135.54, 287873, 1322
514, 0, 4, 359, 298, 19, 2.06%, 0, 0, 5, 142.41, 288611, 1351
519, 0, 4, 359, 298, 19, 2.06%, 0, 0, 5, 137.68, 289293, 1351
524, 0, 4, 359, 298, 19, 2.06%, 0, 0, 5, 139.75, 290005, 1351
529, 0, 4, 359, 298, 19, 2.06%, 0, 0, 5, 140.40, 290725, 1351
534, 0, 4, 359, 298, 19, 2.06%, 0, 0, 5, 136.84, 291433, 1351
540, 0, 4, 359, 298, 19, 2.06%, 0, 0, 5, 138.52, 292143, 1351
545, 0, 4, 359, 298, 19, 2.06%, 0, 0, 5, 140.90, 292877, 1351
550, 0, 4, 359, 298, 19, 2.06%, 0, 0, 5, 138.59, 293553, 1351
555, 0, 4, 359, 298, 19, 2.06%, 0, 0, 5, 144.00, 294271, 1351
560, 0, 4, 359, 298, 19, 2.06%, 0, 0, 5, 144.58, 294995, 1351
565, 0, 4, 359, 298, 19, 2.06%, 0, 0, 5, 136.55, 295691, 1351
570, 0, 4, 359, 298, 19, 2.06%, 0, 0, 5, 142.81, 296433, 1351
575, 0, 4, 359, 298, 19, 2.06%, 0, 0, 5, 137.87, 297125, 1351
580, 0, 4, 359, 298, 19, 2.06%, 0, 0, 5, 141.04, 297821, 1351
585, 0, 4, 360, 299, 19, 2.06%, 0, 0, 5, 132.76, 298483, 1351
590, 0, 4, 360, 299, 19, 2.06%, 0, 0, 5, 139.28, 299191, 1351
595, 0, 4, 361, 300, 19, 2.06%, 0, 0, 5, 131.62, 299865, 1352
601, 0, 4, 361, 300, 19, 2.06%, 0, 0, 5, 136.09, 300585, 1352
606, 0, 4, 362, 301, 19, 2.06%, 0, 0, 5, 142.67, 301307, 1352
611, 0, 4, 362, 301, 19, 2.06%, 0, 0, 5, 134.86, 301989, 1352
616, 0, 4, 363, 302, 19, 2.06%, 0, 0, 5, 131.48, 302655, 1352
621, 0, 4, 363, 302, 19, 2.06%, 0, 0, 5, 140.13, 303383, 1352
626, 0, 4, 363, 302, 19, 2.06%, 0, 0, 5, 138.36, 304075, 1352
631, 0, 4, 364, 303, 19, 2.06%, 0, 0, 5, 135.02, 304745, 1352
636, 0, 4, 364, 303, 19, 2.06%, 0, 0, 5, 139.02, 305443, 1352
641, 0, 4, 364, 303, 19, 2.06%, 0, 0, 5, 138.66, 306119, 1352
646, 0, 4, 364, 303, 19, 2.06%, 0, 0, 5, 142.34, 306825, 1352
651, 0, 4, 364, 303, 19, 2.06%, 0, 0, 5, 131.02, 307499, 1352
656, 0, 4, 364, 303, 19, 2.06%, 0, 0, 5, 133.60, 308183, 1352
661, 0, 4, 364, 303, 19, 2.06%, 0, 0, 5, 141.58, 308913, 1352
667, 0, 4, 364, 303, 19, 2.06%, 0, 0, 5, 137.13, 309599, 1352
672, 0, 4, 364, 303, 19, 2.06%, 0, 0, 5, 137.16, 310297, 1352
677, 0, 4, 364, 303, 19, 2.06%, 0, 0, 5, 129.33, 310939, 1352
682, 0, 4, 364, 303, 19, 2.06%, 0, 0, 5, 133.38, 311639, 1352
687, 0, 4, 364, 303, 19, 2.06%, 0, 0, 5, 134.27, 312335, 1352
692, 0, 4, 364, 303, 19, 2.06%, 0, 0, 5, 139.74, 313037, 1352
697, 0, 4, 364, 303, 19, 2.06%, 0, 0, 5, 136.05, 313737, 1352
702, 0, 4, 364, 303, 19, 2.06%, 0, 0, 5, 144.02, 314469, 1352
707, 0, 4, 364, 303, 19, 2.06%, 0, 0, 5, 137.70, 315155, 1352
712, 0, 4, 365, 304, 19, 2.07%, 0, 0, 5, 134.41, 315865, 1354
717, 0, 4, 365, 304, 19, 2.07%, 0, 0, 5, 137.46, 316571, 1354
722, 0, 335, 366, 303, 21, 2.07%, 0, 0, 5, 730.24, 319364, 1354
727, 0, 358, 366, 302, 20, 2.07%, 0, 0, 5, 707.65, 322896, 1354
733, 0, 324, 368, 303, 19, 2.07%, 0, 0, 5, 709.47, 326555, 1357
738, 0, 362, 371, 305, 20, 2.07%, 0, 0, 5, 671.06, 329927, 1357
743, 0, 366, 373, 305, 18, 2.07%, 0, 0, 6, 693.31, 333408, 1357
748, 0, 366, 377, 309, 18, 2.07%, 0, 0, 6, 697.53, 337015, 1358
753, 0, 366, 379, 311, 18, 2.07%, 0, 0, 6, 702.65, 340576, 1358
758, 0, 366, 379, 311, 18, 2.07%, 0, 0, 6, 705.94, 344146, 1358
763, 0, 366, 379, 311, 18, 2.07%, 0, 0, 6, 701.64, 347674, 1358
768, 0, 366, 379, 311, 18, 2.07%, 0, 0, 6, 702.61, 351258, 1358
773, 0, 366, 379, 311, 18, 2.07%, 0, 0, 6, 703.63, 354814, 1358
778, 0, 366, 379, 311, 18, 2.07%, 0, 0, 6, 724.62, 358522, 1358
783, 0, 321, 382, 312, 16, 2.07%, 0, 0, 6, 724.69, 362168, 1358
788, 0, 321, 383, 313, 16, 2.07%, 0, 0, 6, 710.83, 365746, 1358
793, 0, 321, 384, 314, 16, 2.07%, 0, 0, 6, 709.87, 369380, 1358
798, 0, 321, 384, 314, 16, 2.07%, 0, 0, 6, 702.93, 372936, 1358
804, 0, 321, 385, 315, 16, 2.07%, 0, 0, 6, 709.41, 376598, 1358
809, 0, 321, 386, 316, 16, 2.07%, 0, 0, 6, 705.15, 380148, 1358
814, 0, 321, 386, 316, 16, 2.07%, 0, 0, 6, 704.90, 383704, 1358
819, 0, 87, 386, 315, 16, 2.07%, 0, 0, 6, 727.48, 387456, 1358
824, 0, 382, 388, 316, 15, 2.07%, 0, 0, 6, 729.54, 391152, 1358
829, 0, 386, 388, 315, 16, 2.07%, 0, 0, 6, 748.24, 394921, 1358
834, 0, 358, 388, 313, 14, 2.07%, 0, 0, 6, 686.46, 398345, 1358
839, 0, 358, 388, 313, 14, 2.07%, 0, 0, 6, 737.04, 402153, 1358
844, 0, 387, 388, 313, 14, 2.07%, 0, 0, 6, 749.58, 405938, 1358
849, 0, 325, 389, 312, 12, 2.07%, 0, 0, 6, 751.93, 409760, 1358
854, 0, 221, 389, 311, 11, 2.07%, 0, 0, 6, 763.69, 413642, 1358
859, 0, 20, 389, 310, 10, 2.07%, 0, 0, 6, 755.81, 417431, 1358
864, 0, 210, 389, 310, 10, 2.07%, 0, 0, 6, 743.92, 421152, 1358
870, 0, 330, 389, 309, 10, 2.07%, 0, 0, 6, 56.76, 424460, 1358
875, 0, 306, 391, 310, 10, 2.07%, 0, 0, 6, 757.22, 425383, 1358
880, 0, 306, 391, 310, 10, 2.07%, 0, 0, 6, 753.98, 429206, 1358
885, 0, 206, 391, 310, 10, 2.07%, 0, 0, 6, 738.79, 432990, 1358
890, 0, 206, 391, 310, 10, 2.07%, 0, 0, 6, 759.07, 436973, 1358
895, 0, 373, 391, 309, 9, 2.07%, 0, 0, 6, 741.45, 440685, 1358
900, 0, 102, 391, 307, 8, 2.07%, 0, 0, 6, 737.76, 444403, 1358
905, 0, 102, 391, 307, 8, 2.07%, 0, 0, 6, 749.20, 448199, 1358
910, 0, 210, 391, 305, 6, 2.07%, 0, 0, 6, 432.58, 450552, 1358
915, 0, 297, 391, 305, 6, 2.07%, 0, 0, 6, 659.46, 454355, 1358
920, 0, 206, 391, 304, 5, 2.07%, 0, 0, 6, 696.46, 457678, 1358
926, 0, 390, 391, 304, 5, 2.07%, 0, 0, 6, 71.68, 459586, 1358
931, 0, 306, 391, 303, 4, 2.07%, 0, 0, 6, 405.66, 462811, 1358
936, 0, 217, 392, 304, 4, 2.07%, 0, 0, 6, 633.08, 466425, 1358
941, 0, 226, 392, 304, 4, 2.07%, 0, 0, 6, 726.70, 470289, 1358
946, 0, 360, 392, 304, 4, 2.07%, 0, 0, 6, 65.89, 470727, 1358
951, 0, 217, 392, 302, 3, 2.07%, 0, 0, 6, 758.30, 472800, 1358
956, 0, 364, 392, 302, 3, 2.07%, 0, 0, 6, 65.46, 474777, 1358
961, 0, 364, 392, 302, 3, 2.07%, 0, 0, 6, 79.98, 475166, 1358
966, 0, 306, 393, 301, 2, 2.11%, 0, 0, 6, 659.77, 478564, 1386
972, 0, 392, 398, 306, 3, 2.12%, 0, 0, 6, 81.41, 479787, 1390
977, 0, 392, 400, 308, 3, 2.15%, 0, 0, 6, 118.21, 480446, 1407
982, 0, 392, 400, 308, 3, 2.15%, 0, 0, 6, 129.24, 481144, 1407
987, 0, 392, 400, 308, 3, 2.15%, 0, 0, 6, 128.28, 481780, 1407
992, 0, 392, 401, 309, 3, 2.15%, 0, 0, 6, 27.17, 482503, 1407
997, 0, 392, 402, 310, 3, 2.15%, 0, 0, 6, 146.47, 483222, 1408
1002, 0, 392, 402, 310, 3, 2.15%, 0, 0, 6, 149.28, 483952, 1408
1007, 0, 392, 402, 310, 3, 2.15%, 0, 0, 6, 141.84, 484678, 1408
1013, 0, 392, 402, 310, 3, 2.15%, 0, 0, 6, 131.23, 485356, 1408
1018, 0, 392, 402, 310, 3, 2.15%, 0, 0, 6, 135.56, 486036, 1408
1023, 0, 392, 402, 310, 3, 2.15%, 0, 0, 6, 131.08, 486704, 1408
1028, 0, 392, 402, 310, 3, 2.15%, 0, 0, 6, 127.45, 487338, 1408
1033, 0, 392, 403, 311, 3, 2.15%, 0, 0, 6, 121.59, 487948, 1408
1038, 0, 392, 403, 311, 3, 2.15%, 0, 0, 6, 140.30, 488704, 1408
1043, 0, 392, 403, 311, 3, 2.15%, 0, 0, 6, 137.33, 489406, 1408
1048, 0, 392, 403, 311, 3, 2.15%, 0, 0, 6, 126.63, 490014, 1408
1054, 0, 392, 405, 313, 3, 2.15%, 0, 0, 6, 127.20, 490666, 1410
1059, 0, 392, 405, 313, 3, 2.15%, 0, 0, 6, 129.55, 491340, 1410
1064, 0, 392, 405, 313, 3, 2.15%, 0, 0, 6, 124.71, 492002, 1410
1069, 0, 392, 405, 313, 3, 2.15%, 0, 0, 6, 137.50, 492724, 1410
1074, 0, 392, 405, 313, 3, 2.15%, 0, 0, 6, 126.06, 493340, 1410
1079, 0, 392, 405, 313, 3, 2.15%, 0, 0, 6, 135.78, 494064, 1410
1085, 0, 392, 405, 313, 3, 2.15%, 0, 0, 6, 143.71, 494790, 1410
1090, 0, 392, 405, 313, 3, 2.15%, 0, 0, 6, 142.64, 495490, 1410
1095, 0, 392, 405, 313, 3, 2.15%, 0, 0, 6, 129.02, 496098, 1410
1100, 0, 392, 405, 313, 3, 2.15%, 0, 0, 6, 134.83, 496814, 1410
1105, 0, 392, 405, 313, 3, 2.15%, 0, 0, 6, 135.50, 497524, 1410
1110, 0, 392, 405, 313, 3, 2.15%, 0, 0, 6, 124.71, 498160, 1410
1115, 0, 392, 405, 313, 3, 2.15%, 0, 0, 6, 135.36, 498886, 1410
1120, 0, 392, 405, 313, 3, 2.15%, 0, 0, 6, 136.88, 499556, 1410
1125, 0, 392, 405, 313, 3, 2.15%, 0, 0, 6, 129.44, 500172, 1410
1130, 0, 392, 406, 314, 3, 2.15%, 0, 0, 6, 137.98, 500890, 1410
1135, 0, 392, 406, 314, 3, 2.15%, 0, 0, 6, 132.37, 501552, 1410
1140, 0, 392, 406, 314, 3, 2.15%, 0, 0, 6, 128.47, 502196, 1410
1145, 0, 392, 406, 314, 3, 2.15%, 0, 0, 6, 133.67, 502862, 1410
1151, 0, 392, 406, 314, 3, 2.15%, 0, 0, 6, 130.26, 503514, 1410
1156, 0, 392, 406, 314, 3, 2.15%, 0, 0, 6, 125.68, 504134, 1410
1161, 0, 392, 406, 314, 3, 2.15%, 0, 0, 6, 142.24, 504848, 1410
1166, 0, 392, 406, 314, 3, 2.15%, 0, 0, 6, 134.91, 505516, 1410
1171, 0, 392, 406, 314, 3, 2.15%, 0, 0, 6, 144.79, 506226, 1410
1176, 0, 392, 406, 314, 3, 2.15%, 0, 0, 6, 137.42, 506904, 1410
1181, 0, 392, 406, 314, 3, 2.15%, 0, 0, 6, 141.34, 507594, 1410
1186, 0, 392, 406, 314, 3, 2.15%, 0, 0, 6, 145.62, 508336, 1410
1191, 0, 392, 406, 314, 3, 2.15%, 0, 0, 6, 144.58, 509042, 1410
1197, 0, 392, 406, 314, 3, 2.15%, 0, 0, 6, 131.26, 509682, 1410
1202, 0, 392, 406, 314, 3, 2.15%, 0, 0, 6, 135.03, 510390, 1410
1207, 0, 392, 406, 314, 3, 2.15%, 0, 0, 6, 142.08, 511144, 1410
1212, 0, 392, 406, 314, 3, 2.15%, 0, 0, 6, 126.80, 511782, 1410
1217, 0, 398, 406, 313, 7, 2.15%, 0, 0, 6, 256.03, 512946, 1410
1222, 0, 19, 406, 312, 6, 2.15%, 0, 0, 6, 605.16, 516342, 1410
1227, 0, 404, 408, 313, 6, 2.16%, 0, 0, 7, 603.51, 519460, 1418
1232, 0, 404, 410, 315, 6, 2.17%, 0, 0, 7, 584.55, 522325, 1422
1238, 0, 404, 410, 315, 6, 2.17%, 0, 0, 7, 607.50, 525490, 1422
1243, 0, 404, 410, 315, 6, 2.17%, 0, 0, 7, 619.30, 528610, 1422
1248, 0, 404, 411, 316, 6, 2.17%, 0, 0, 7, 593.68, 531606, 1422
1253, 0, 404, 411, 316, 6, 2.17%, 0, 0, 7, 597.69, 534653, 1422
1258, 0, 404, 412, 317, 6, 2.17%, 0, 0, 7, 65.92, 536231, 1422
1263, 0, 404, 413, 318, 6, 2.17%, 0, 0, 7, 62.23, 536533, 1422
1268, 0, 406, 414, 318, 9, 2.17%, 0, 0, 8, 712.01, 538870, 1422
1273, 0, 406, 414, 318, 9, 2.17%, 0, 0, 8, 672.37, 542032, 1422
1278, 0, 410, 415, 318, 8, 2.17%, 0, 0, 8, 629.23, 545283, 1423
1283, 0, 408, 415, 317, 8, 2.17%, 0, 0, 8, 637.10, 548649, 1423
1289, 0, 407, 415, 316, 7, 2.17%, 0, 0, 8, 645.60, 552162, 1423
1294, 0, 306, 415, 315, 6, 2.17%, 0, 0, 8, 729.16, 556038, 1423
1299, 0, 414, 416, 316, 6, 2.17%, 0, 0, 9, 684.04, 558719, 1423
1304, 0, 414, 418, 318, 6, 2.17%, 0, 0, 9, 613.95, 561689, 1423
1309, 0, 414, 418, 318, 6, 2.17%, 0, 0, 9, 579.70, 564590, 1423
1314, 0, 414, 418, 318, 6, 2.17%, 0, 0, 9, 590.90, 567670, 1423
1319, 0, 414, 418, 318, 6, 2.17%, 0, 0, 9, 570.51, 570585, 1423
1324, 0, 414, 418, 318, 6, 2.17%, 0, 0, 9, 688.71, 574155, 1423
1329, 0, 207, 418, 317, 6, 2.17%, 0, 0, 9, 733.04, 578003, 1423
1335, 0, 415, 419, 318, 6, 2.17%, 0, 0, 10, 673.93, 581504, 1424
1340, 0, 415, 420, 319, 6, 2.17%, 0, 0, 10, 577.54, 584267, 1424
1345, 0, 415, 420, 319, 6, 2.17%, 0, 0, 10, 569.01, 587116, 1424
1350, 0, 406, 420, 318, 6, 2.17%, 0, 0, 10, 658.22, 590520, 1424
1355, 0, 406, 420, 318, 6, 2.17%, 0, 0, 10, 701.34, 594014, 1424
1360, 0, 358, 420, 318, 6, 2.17%, 0, 0, 10, 681.98, 597423, 1424
1365, 0, 406, 420, 318, 6, 2.17%, 0, 0, 10, 679.07, 600985, 1424
1370, 0, 418, 421, 319, 6, 2.17%, 0, 0, 11, 683.92, 604468, 1424
1375, 0, 418, 424, 322, 6, 2.17%, 0, 0, 11, 313.04, 606955, 1425
1381, 0, 418, 425, 323, 6, 2.17%, 0, 0, 11, 479.86, 609703, 1425
1386, 0, 418, 425, 323, 6, 2.17%, 0, 0, 11, 532.94, 612453, 1425
1391, 0, 418, 425, 323, 6, 2.17%, 0, 0, 11, 521.59, 615103, 1425
1396, 0, 418, 425, 323, 6, 2.17%, 0, 0, 11, 543.46, 617873, 1425
1401, 0, 418, 425, 323, 6, 2.17%, 0, 0, 11, 531.02, 620553, 1425
1406, 0, 418, 425, 323, 6, 2.17%, 0, 0, 11, 562.64, 623439, 1425
1411, 0, 418, 425, 323, 6, 2.17%, 0, 0, 11, 556.09, 626288, 1425
1416, 0, 418, 425, 323, 6, 2.17%, 0, 0, 11, 552.11, 629071, 1425
1421, 0, 418, 425, 323, 6, 2.17%, 0, 0, 11, 565.09, 631892, 1425
1426, 0, 424, 431, 328, 6, 2.17%, 0, 0, 12, 646.83, 635431, 1425
1432, 0, 424, 435, 332, 6, 2.17%, 0, 0, 12, 556.33, 638176, 1425
1437, 0, 424, 437, 334, 6, 2.17%, 0, 0, 12, 550.23, 640857, 1425
1442, 0, 424, 437, 334, 6, 2.17%, 0, 0, 12, 573.85, 643780, 1425
1447, 0, 424, 437, 334, 6, 2.17%, 0, 0, 12, 531.29, 646577, 1425
1452, 0, 424, 437, 334, 6, 2.17%, 0, 0, 12, 558.59, 649390, 1425
1457, 0, 424, 437, 334, 6, 2.17%, 0, 0, 12, 557.55, 652228, 1425
1462, 0, 424, 439, 336, 6, 2.17%, 0, 0, 12, 540.77, 654823, 1425
1467, 0, 424, 439, 336, 6, 2.17%, 0, 0, 12, 602.03, 657887, 1425
1472, 0, 424, 439, 336, 6, 2.17%, 0, 0, 12, 569.23, 660736, 1425
1477, 0, 424, 440, 337, 6, 2.17%, 0, 0, 12, 685.53, 663716, 1425
1483, 0, 433, 440, 336, 6, 2.17%, 0, 0, 12, 725.52, 666669, 1425
1488, 0, 433, 440, 336, 6, 2.17%, 0, 0, 12, 679.14, 669186, 1425
1493, 0, 423, 441, 335, 5, 2.18%, 0, 0, 12, 728.25, 672932, 1428
1498, 0, 423, 443, 337, 5, 2.18%, 0, 0, 12, 676.51, 676306, 1430
1503, 0, 423, 443, 337, 5, 2.18%, 0, 0, 12, 703.73, 679889, 1430
1508, 0, 423, 443, 337, 5, 2.18%, 0, 0, 12, 722.17, 683521, 1430
1513, 0, 442, 443, 336, 6, 2.18%, 0, 0, 12, 692.61, 686864, 1430
1518, 0, 440, 443, 335, 5, 2.18%, 0, 0, 12, 700.03, 690477, 1430
1523, 0, 206, 443, 334, 5, 2.18%, 0, 0, 12, 739.59, 694347, 1430
1528, 0, 441, 443, 334, 5, 2.18%, 0, 0, 12, 731.34, 698050, 1430
1533, 0, 434, 443, 333, 4, 2.18%, 0, 0, 12, 719.08, 701699, 1430
1538, 0, 434, 445, 335, 4, 2.18%, 0, 0, 13, 591.75, 704609, 1430
1543, 0, 434, 447, 337, 4, 2.18%, 0, 0, 13, 558.71, 707403, 1430
1548, 0, 434, 448, 338, 4, 2.18%, 0, 0, 13, 600.31, 710447, 1430
1554, 0, 434, 449, 339, 4, 2.19%, 0, 0, 13, 552.03, 713249, 1432
1559, 0, 434, 449, 339, 4, 2.19%, 0, 0, 13, 564.10, 716076, 1432
1564, 0, 434, 449, 339, 4, 2.19%, 0, 0, 13, 542.02, 718925, 1432
1569, 0, 434, 450, 340, 4, 2.19%, 0, 0, 13, 556.83, 721903, 1432
1574, 0, 434, 450, 340, 4, 2.19%, 0, 0, 13, 535.02, 724555, 1432
1579, 0, 434, 450, 340, 4, 2.19%, 0, 0, 13, 553.64, 727381, 1432
1584, 0, 434, 450, 340, 4, 2.19%, 0, 0, 13, 640.28, 730521, 1432
1589, 0, 443, 450, 339, 5, 2.19%, 0, 0, 13, 703.13, 734278, 1432
1594, 0, 226, 451, 339, 4, 2.19%, 0, 0, 14, 741.54, 738096, 1432
1599, 0, 440, 451, 339, 4, 2.19%, 0, 0, 14, 661.86, 741461, 1432
1604, 0, 440, 451, 339, 4, 2.19%, 0, 0, 14, 687.02, 744862, 1432
1609, 0, 440, 451, 339, 4, 2.19%, 0, 0, 14, 662.53, 748262, 1432
1615, 0, 440, 451, 339, 4, 2.19%, 0, 0, 14, 737.42, 752163, 1432
1620, 0, 448, 453, 341, 4, 2.19%, 0, 0, 14, 684.14, 755712, 1432
1625, 0, 448, 453, 341, 4, 2.19%, 0, 0, 14, 657.46, 759014, 1432
1630, 0, 448, 453, 341, 4, 2.19%, 0, 0, 14, 693.47, 762568, 1432
1635, 0, 237, 453, 340, 3, 2.19%, 0, 0, 14, 703.76, 766106, 1432
1640, 0, 433, 453, 340, 3, 2.19%, 0, 0, 14, 641.73, 769449, 1432
1645, 0, 433, 453, 340, 3, 2.19%, 0, 0, 14, 585.52, 772275, 1432
1650, 0, 433, 453, 340, 3, 2.19%, 0, 0, 14, 584.14, 775267, 1432
1656, 0, 433, 453, 340, 3, 2.19%, 0, 0, 14, 674.09, 778640, 1432
1661, 0, 433, 454, 341, 3, 2.19%, 0, 0, 14, 738.86, 782523, 1432
1666, 0, 433, 454, 341, 3, 2.19%, 0, 0, 14, 731.37, 786188, 1432
1671, 0, 433, 454, 341, 3, 2.19%, 0, 0, 14, 706.68, 789754, 1432
1676, 0, 3, 454, 341, 3, 2.19%, 0, 0, 14, 39.06, 793200, 1432
1681, 0, 3, 454, 341, 3, 2.19%, 0, 0, 14, 34.47, 793373, 1432
1686, 0, 440, 454, 340, 2, 2.19%, 0, 0, 14, 632.67, 795974, 1432
1691, 0, 440, 454, 340, 2, 2.19%, 0, 0, 14, 669.42, 799425, 1432
1696, 0, 440, 454, 340, 2, 2.19%, 0, 0, 14, 727.79, 803279, 1432
1702, 0, 440, 454, 340, 2, 2.19%, 0, 0, 14, 740.03, 807111, 1432
1707, 0, 399, 454, 340, 2, 2.19%, 0, 0, 14, 47.06, 810335, 1432
1712, 0, 306, 454, 339, 1, 2.19%, 0, 0, 14, 755.32, 812966, 1432
1717, 0, 194, 454, 339, 1, 2.19%, 0, 0, 14, 747.28, 816719, 1432
1722, 0, 24, 454, 339, 1, 2.19%, 0, 0, 14, 739.47, 820447, 1432
1727, 0, 306, 454, 338, 1, 2.19%, 0, 0, 14, 750.66, 824226, 1432
1732, 0, 433, 456, 340, 1, 2.19%, 0, 0, 14, 673.61, 827772, 1432
1737, 0, 433, 456, 340, 1, 2.19%, 0, 0, 14, 592.18, 830660, 1432
1742, 0, 433, 456, 340, 1, 2.19%, 0, 0, 14, 584.80, 833586, 1432
1747, 0, 433, 456, 340, 1, 2.19%, 0, 0, 14, 682.80, 837067, 1432
1752, 0, 433, 456, 340, 1, 2.19%, 0, 0, 14, 662.58, 840488, 1432
1757, 0, 433, 456, 340, 1, 2.19%, 0, 0, 14, 727.13, 844270, 1432
1763, 0, 433, 456, 340, 1, 2.19%, 0, 0, 14, 752.68, 848198, 1432
1768, 0, 306, 456, 339, 1, 2.19%, 0, 0, 14, 747.79, 851952, 1432
1773, 0, 217, 456, 339, 1, 2.19%, 0, 0, 14, 714.78, 855624, 1432
1778, 0, 192, 457, 338, 1, 2.19%, 0, 0, 14, 722.38, 859312, 1432
1783, 0, 192, 457, 338, 1, 2.19%, 0, 0, 14, 752.13, 863144, 1432
1788, 0, 433, 457, 338, 1, 2.19%, 0, 0, 14, 614.69, 866273, 1432
1793, 0, 433, 457, 338, 1, 2.19%, 0, 0, 14, 592.33, 869279, 1432
1798, 0, 433, 457, 338, 1, 2.19%, 0, 0, 14, 587.71, 872326, 1432
1803, 0, 433, 457, 338, 1, 2.19%, 0, 0, 14, 733.38, 876296, 1432
1808, 0, 433, 457, 338, 1, 2.19%, 0, 0, 14, 748.93, 880100, 1432
1813, 0, 433, 457, 338, 1, 2.19%, 0, 0, 14, 756.63, 883915, 1432
1818, 0, 154, 457, 338, 1, 2.19%, 0, 0, 14, 760.51, 887833, 1432
1824, 0, 154, 457, 338, 1, 2.19%, 0, 0, 14, 763.91, 891769, 1432
1829, 0, 452, 458, 339, 1, 2.19%, 0, 0, 15, 702.15, 895393, 1432
1834, 0, 452, 459, 340, 1, 2.19%, 0, 0, 15, 669.47, 898713, 1432
1839, 0, 452, 459, 340, 1, 2.19%, 0, 0, 15, 664.11, 902158, 1432
1844, 0, 452, 459, 340, 1, 2.19%, 0, 0, 15, 726.76, 905933, 1432
1849, 0, 433, 459, 339, 1, 2.19%, 0, 0, 15, 665.82, 909350, 1432
1854, 0, 433, 459, 339, 1, 2.19%, 0, 0, 15, 603.36, 912317, 1432
1859, 0, 433, 459, 339, 1, 2.19%, 0, 0, 15, 562.11, 915146, 1432
1864, 0, 433, 459, 339, 1, 2.19%, 0, 0, 15, 696.20, 918749, 1432
1870, 0, 433, 459, 339, 1, 2.19%, 0, 0, 15, 747.64, 922631, 1432
1875, 0, 433, 459, 339, 1, 2.19%, 0, 0, 15, 755.71, 926536, 1432
1880, 0, 433, 459, 339, 1, 2.19%, 0, 0, 15, 755.47, 930313, 1432
1885, 0, 433, 459, 339, 1, 2.19%, 0, 0, 15, 640.08, 933481, 1432
1890, 0, 433, 459, 339, 1, 2.19%, 0, 0, 15, 568.95, 936309, 1432
1895, 0, 433, 459, 339, 1, 2.19%, 0, 0, 15, 598.09, 939371, 1432
1900, 0, 433, 459, 339, 1, 2.19%, 0, 0, 15, 724.74, 943175, 1432
1905, 0, 433, 459, 339, 1, 2.19%, 0, 0, 15, 748.24, 947063, 1432
1911, 0, 433, 459, 339, 1, 2.19%, 0, 0, 15, 749.85, 950952, 1432
1916, 0, 434, 459, 339, 1, 2.19%, 0, 0, 15, 735.11, 954725, 1432
1921, 0, 434, 459, 339, 1, 2.19%, 0, 0, 15, 715.57, 958289, 1432
1926, 0, 433, 459, 339, 1, 2.19%, 0, 0, 15, 632.68, 961563, 1432
1931, 0, 433, 459, 339, 1, 2.19%, 0, 0, 15, 604.18, 964527, 1432
1936, 0, 433, 459, 339, 1, 2.19%, 0, 0, 15, 576.76, 967490, 1432
1941, 0, 433, 459, 339, 1, 2.19%, 0, 0, 15, 715.61, 971286, 1432
1947, 0, 433, 459, 339, 1, 2.19%, 0, 0, 15, 734.89, 975160, 1432
1952, 0, 433, 459, 339, 1, 2.19%, 0, 0, 15, 103.28, 977212, 1432
1957, 0, 433, 459, 339, 1, 2.19%, 0, 0, 15, 144.96, 977927, 1432
1962, 0, 433, 459, 339, 1, 2.19%, 0, 0, 15, 758.07, 981785, 1432
1967, 0, 440, 459, 339, 1, 2.19%, 0, 0, 15, 712.49, 985419, 1432
1972, 0, 440, 459, 339, 1, 2.19%, 0, 0, 15, 650.98, 988619, 1432
1977, 0, 440, 459, 339, 1, 2.19%, 0, 0, 15, 736.35, 992460, 1432
1982, 0, 440, 459, 339, 1, 2.19%, 0, 0, 15, 746.04, 996358, 1432
1987, 0, 161, 459, 339, 1, 2.19%, 0, 0, 15, 738.34, 1000040, 1432
1992, 0, 188, 459, 339, 1, 2.19%, 0, 0, 15, 728.39, 1003767, 1432
1997, 0, 188, 460, 340, 1, 2.19%, 0, 0, 15, 741.73, 1007513, 1432
2003, 0, 459, 460, 339, 2, 2.19%, 0, 0, 15, 740.17, 1011279, 1432
2008, 0, 187, 462, 339, 1, 2.19%, 0, 0, 15, 725.93, 1014952, 1433
2013, 0, 187, 462, 339, 1, 2.19%, 0, 0, 15, 723.27, 1018634, 1433
2018, 0, 460, 462, 339, 3, 2.19%, 0, 0, 15, 745.77, 1022462, 1433
2023, 0, 306, 462, 337, 2, 2.19%, 0, 0, 15, 755.33, 1026309, 1433
2028, 0, 386, 463, 338, 2, 2.19%, 0, 0, 15, 748.68, 1030072, 1433
2033, 0, 386, 463, 338, 2, 2.19%, 0, 0, 15, 737.22, 1033766, 1433
2038, 0, 386, 463, 338, 2, 2.19%, 0, 0, 15, 734.14, 1037462, 1433
2043, 0, 386, 463, 338, 2, 2.19%, 0, 0, 15, 760.54, 1041346, 1433
2048, 0, 386, 463, 338, 2, 2.19%, 0, 0, 15, 759.05, 1045174, 1433
2053, 0, 337, 463, 338, 2, 2.19%, 0, 0, 15, 748.00, 1049044, 1433
2058, 0, 373, 463, 337, 2, 2.19%, 0, 0, 15, 728.58, 1052714, 1433
2063, 0, 373, 463, 337, 2, 2.19%, 0, 0, 15, 743.62, 1056483, 1433
2068, 0, 373, 463, 337, 2, 2.19%, 0, 0, 15, 760.05, 1060384, 1433
2074, 0, 461, 464, 338, 2, 2.19%, 0, 0, 15, 751.25, 1064233, 1433
2079, 0, 433, 464, 337, 1, 2.19%, 0, 0, 15, 710.85, 1067859, 1433
2084, 0, 433, 464, 337, 1, 2.19%, 0, 0, 15, 601.87, 1070805, 1433
2089, 0, 433, 464, 337, 1, 2.19%, 0, 0, 15, 585.66, 1073781, 1433
2094, 0, 433, 464, 337, 1, 2.19%, 0, 0, 15, 671.79, 1077136, 1433
2099, 0, 433, 464, 337, 1, 2.19%, 0, 0, 15, 683.03, 1080744, 1433
2104, 0, 433, 464, 337, 1, 2.19%, 0, 0, 15, 742.18, 1084630, 1433
2109, 0, 433, 464, 337, 1, 2.19%, 0, 0, 15, 756.15, 1088573, 1433
2115, 0, 154, 464, 337, 1, 2.19%, 0, 0, 15, 743.02, 1092346, 1433
2120, 0, 154, 464, 337, 1, 2.19%, 0, 0, 15, 758.66, 1096148, 1433
2125, 0, 226, 464, 337, 1, 2.19%, 0, 0, 15, 756.26, 1100106, 1433
2130, 0, 306, 464, 336, 1, 2.19%, 0, 0, 15, 748.60, 1103839, 1433
2135, 0, 115, 464, 336, 1, 2.19%, 0, 0, 15, 749.87, 1107752, 1433
2140, 0, 192, 464, 335, 1, 2.19%, 0, 0, 15, 738.16, 1111410, 1433
2145, 0, 192, 464, 335, 1, 2.19%, 0, 0, 15, 745.12, 1115330, 1433
2150, 0, 192, 464, 335, 1, 2.19%, 0, 0, 15, 747.76, 1119012, 1433
2155, 0, 386, 464, 335, 1, 2.19%, 0, 0, 15, 744.41, 1122803, 1433
2160, 0, 386, 464, 335, 1, 2.19%, 0, 0, 15, 733.10, 1126502, 1433
2165, 0, 386, 464, 335, 1, 2.19%, 0, 0, 15, 736.49, 1130324, 1433
2171, 0, 386, 464, 335, 1, 2.19%, 0, 0, 15, 746.93, 1134230, 1433
2176, 0, 408, 465, 336, 1, 2.19%, 0, 0, 15, 657.42, 1137499, 1433
2181, 0, 408, 466, 337, 1, 2.19%, 0, 0, 15, 623.04, 1140566, 1433
2186, 0, 408, 466, 337, 1, 2.19%, 0, 0, 15, 643.12, 1143782, 1433
2191, 0, 408, 466, 337, 1, 2.19%, 0, 0, 15, 604.38, 1146722, 1433
2196, 0, 408, 467, 338, 1, 2.19%, 0, 0, 15, 600.53, 1149682, 1433
2201, 0, 408, 467, 338, 1, 2.19%, 0, 0, 15, 614.53, 1152826, 1433
2206, 0, 408, 467, 338, 1, 2.19%, 0, 0, 15, 596.13, 1155822, 1433
2211, 0, 408, 467, 338, 1, 2.19%, 0, 0, 15, 726.14, 1159666, 1433
2216, 0, 408, 467, 338, 1, 2.19%, 0, 0, 15, 748.03, 1163512, 1433
2221, 0, 31, 467, 338, 2, 2.19%, 0, 0, 15, 754.93, 1167341, 1433
2226, 0, 31, 467, 338, 2, 2.19%, 0, 0, 15, 753.08, 1171073, 1433
2231, 0, 464, 467, 338, 2, 2.19%, 0, 0, 15, 708.71, 1174735, 1433
2236, 0, 464, 467, 338, 2, 2.19%, 0, 0, 15, 121.64, 1177453, 1433
2242, 0, 433, 467, 337, 1, 2.19%, 0, 0, 15, 651.79, 1180278, 1433
2247, 0, 433, 467, 337, 1, 2.19%, 0, 0, 15, 630.93, 1183347, 1433
2252, 0, 433, 467, 337, 1, 2.19%, 0, 0, 15, 594.93, 1186216, 1433
2257, 0, 433, 467, 337, 1, 2.19%, 0, 0, 15, 711.54, 1189956, 1433
2262, 0, 433, 467, 337, 1, 2.19%, 0, 0, 15, 741.95, 1193830, 1433
2267, 0, 433, 467, 337, 1, 2.19%, 0, 0, 15, 752.01, 1197701, 1433
2272, 0, 433, 467, 337, 1, 2.19%, 0, 0, 15, 724.49, 1201313, 1433
2277, 0, 95, 467, 337, 1, 2.19%, 0, 0, 15, 742.65, 1205080, 1433
2282, 0, 358, 467, 337, 1, 2.19%, 0, 0, 15, 687.04, 1208560, 1433
2287, 0, 131, 467, 337, 1, 2.19%, 0, 0, 15, 742.43, 1212509, 1433
2292, 0, 464, 467, 337, 1, 2.19%, 0, 0, 15, 663.74, 1215707, 1433
2298, 0, 464, 467, 337, 1, 2.19%, 0, 0, 15, 627.35, 1218807, 1433
2303, 0, 464, 467, 337, 1, 2.19%, 0, 0, 15, 693.30, 1222254, 1433
2308, 0, 464, 468, 338, 1, 2.20%, 0, 0, 15, 739.80, 1226077, 1445
2313, 0, 464, 468, 338, 1, 2.20%, 0, 0, 15, 743.57, 1229894, 1445
2318, 0, 464, 468, 338, 1, 2.20%, 0, 0, 15, 749.22, 1233768, 1445
2323, 0, 467, 468, 338, 2, 2.20%, 0, 0, 15, 756.20, 1237611, 1445
2328, 0, 441, 468, 337, 1, 2.20%, 0, 0, 15, 717.19, 1241235, 1445
2333, 0, 441, 468, 337, 1, 2.20%, 0, 0, 15, 734.65, 1244879, 1445
2338, 0, 441, 468, 337, 1, 2.20%, 0, 0, 15, 767.01, 1248766, 1445
2343, 0, 459, 468, 336, 1, 2.20%, 0, 0, 15, 751.99, 1252554, 1445
2348, 0, 459, 468, 336, 1, 2.20%, 0, 0, 15, 758.73, 1256355, 1445
2353, 0, 306, 468, 336, 1, 2.20%, 0, 0, 15, 759.18, 1260306, 1445
2358, 0, 242, 468, 335, 1, 2.20%, 0, 0, 15, 739.60, 1264011, 1445
2364, 0, 306, 468, 334, 1, 2.20%, 0, 0, 15, 753.60, 1267959, 1445
2369, 0, 433, 468, 334, 1, 2.20%, 0, 0, 15, 635.85, 1271133, 1445
2374, 0, 433, 468, 334, 1, 2.20%, 0, 0, 15, 593.61, 1274081, 1445
2379, 0, 433, 468, 334, 1, 2.20%, 0, 0, 15, 567.33, 1276930, 1445
2384, 0, 433, 468, 334, 1, 2.20%, 0, 0, 15, 57.52, 1280129, 1445
2389, 0, 433, 468, 334, 1, 2.20%, 0, 0, 15, 59.75, 1280426, 1445
2394, 0, 433, 468, 334, 1, 2.20%, 0, 0, 15, 58.76, 1280731, 1445
2399, 0, 433, 468, 334, 1, 2.20%, 0, 0, 15, 62.65, 1281037, 1445
2404, 0, 433, 468, 334, 1, 2.20%, 0, 0, 15, 756.59, 1284485, 1445
2409, 0, 433, 468, 334, 1, 2.20%, 0, 0, 15, 760.51, 1288382, 1445
2414, 0, 131, 468, 334, 1, 2.20%, 0, 0, 15, 763.46, 1292279, 1445
2419, 0, 433, 468, 334, 1, 2.20%, 0, 0, 15, 644.56, 1295393, 1445
2424, 0, 433, 468, 334, 1, 2.20%, 0, 0, 15, 601.63, 1298333, 1445
2429, 0, 433, 468, 334, 1, 2.20%, 0, 0, 15, 607.63, 1301255, 1445
2435, 0, 433, 468, 334, 1, 2.20%, 0, 0, 15, 733.76, 1305177, 1445
2440, 0, 433, 468, 334, 1, 2.20%, 0, 0, 15, 754.38, 1309045, 1445
2445, 0, 433, 468, 334, 1, 2.20%, 0, 0, 15, 701.54, 1312674, 1445
2450, 0, 104, 468, 334, 1, 2.20%, 0, 0, 15, 734.17, 1316550, 1445
2455, 0, 433, 469, 334, 1, 2.21%, 0, 0, 15, 657.57, 1319726, 1446
2460, 0, 433, 469, 334, 1, 2.21%, 0, 0, 15, 566.02, 1322411, 1446
2465, 0, 433, 469, 334, 1, 2.21%, 0, 0, 15, 558.29, 1325282, 1446
2470, 0, 433, 469, 334, 1, 2.21%, 0, 0, 15, 584.72, 1328241, 1446
2475, 0, 433, 469, 334, 1, 2.21%, 0, 0, 15, 579.75, 1331233, 1446
2481, 0, 433, 469, 334, 1, 2.21%, 0, 0, 15, 569.41, 1334071, 1446
2486, 0, 433, 469, 334, 1, 2.21%, 0, 0, 15, 717.02, 1337958, 1446
2491, 0, 433, 469, 334, 1, 2.21%, 0, 0, 15, 751.73, 1341883, 1446
2496, 0, 433, 469, 334, 1, 2.21%, 0, 0, 15, 759.25, 1345765, 1446
2501, 0, 468, 469, 334, 2, 2.21%, 0, 0, 15, 714.51, 1349387, 1446
2506, 0, 390, 469, 333, 1, 2.21%, 0, 0, 15, 137.24, 1352567, 1446
2511, 0, 390, 469, 333, 1, 2.21%, 0, 0, 15, 216.90, 1353532, 1446
2517, 0, 433, 469, 332, 1, 2.21%, 0, 0, 15, 540.29, 1356884, 1446
2522, 0, 433, 469, 332, 1, 2.21%, 0, 0, 15, 586.14, 1359877, 1446
2527, 0, 433, 469, 332, 1, 2.21%, 0, 0, 15, 558.36, 1362737, 1446
2532, 0, 433, 469, 332, 1, 2.21%, 0, 0, 15, 700.55, 1366408, 1446
2537, 0, 433, 469, 332, 1, 2.21%, 0, 0, 15, 53.62, 1367899, 1446
2542, 0, 433, 469, 332, 1, 2.21%, 0, 0, 15, 62.88, 1368231, 1446
2547, 0, 433, 469, 332, 1, 2.21%, 0, 0, 15, 59.01, 1368520, 1446
2552, 0, 433, 469, 332, 1, 2.21%, 0, 0, 15, 573.91, 1370558, 1446
2557, 0, 433, 469, 332, 1, 2.21%, 0, 0, 15, 709.56, 1374406, 1446
2562, 0, 433, 469, 332, 1, 2.21%, 0, 0, 15, 752.46, 1378342, 1446
2567, 0, 461, 470, 333, 1, 2.21%, 0, 0, 15, 718.70, 1381969, 1446
2573, 0, 461, 470, 333, 1, 2.21%, 0, 0, 15, 735.98, 1385777, 1446
2578, 0, 433, 470, 333, 1, 2.21%, 0, 0, 15, 642.48, 1389213, 1446
2583, 0, 433, 470, 333, 1, 2.21%, 0, 0, 15, 584.32, 1392170, 1446
2588, 0, 433, 470, 333, 1, 2.21%, 0, 0, 15, 561.96, 1394887, 1446
2593, 0, 433, 470, 333, 1, 2.21%, 0, 0, 15, 686.29, 1398410, 1446
2598, 0, 433, 470, 333, 1, 2.21%, 0, 0, 15, 747.88, 1402369, 1446
2603, 0, 433, 470, 333, 1, 2.21%, 0, 0, 15, 754.09, 1406153, 1446
2608, 0, 433, 470, 333, 1, 2.21%, 0, 0, 15, 761.78, 1410050, 1446
2613, 0, 387, 470, 333, 1, 2.21%, 0, 0, 15, 735.33, 1413785, 1446
2619, 0, 387, 470, 333, 1, 2.21%, 0, 0, 15, 754.34, 1417701, 1446
2624, 0, 154, 470, 332, 1, 2.21%, 0, 0, 15, 752.06, 1421477, 1446
2629, 0, 154, 470, 332, 1, 2.21%, 0, 0, 15, 745.72, 1425337, 1446
2634, 0, 433, 470, 332, 1, 2.21%, 0, 0, 15, 684.26, 1428862, 1446
2639, 0, 433, 470, 332, 1, 2.21%, 0, 0, 15, 586.58, 1431707, 1446
2644, 0, 433, 470, 332, 1, 2.21%, 0, 0, 15, 591.39, 1434732, 1446
2649, 0, 433, 470, 332, 1, 2.21%, 0, 0, 15, 717.05, 1438544, 1446
2654, 0, 433, 470, 332, 1, 2.21%, 0, 0, 15, 754.44, 1442491, 1446
2660, 0, 433, 470, 332, 1, 2.21%, 0, 0, 15, 758.46, 1446370, 1446
2665, 0, 433, 470, 332, 1, 2.21%, 0, 0, 15, 762.13, 1450252, 1446
2670, 0, 448, 470, 332, 1, 2.21%, 0, 0, 15, 721.80, 1453757, 1446
2675, 0, 315, 470, 332, 1, 2.21%, 0, 0, 15, 736.47, 1457549, 1446
2680, 0, 72, 470, 331, 1, 2.21%, 0, 0, 15, 741.24, 1461325, 1446
2685, 0, 72, 470, 331, 1, 2.21%, 0, 0, 15, 754.24, 1465152, 1446
2690, 0, 464, 470, 331, 1, 2.21%, 0, 0, 15, 657.20, 1468505, 1446
2695, 0, 464, 470, 331, 1, 2.21%, 0, 0, 15, 623.45, 1471641, 1446
2700, 0, 464, 470, 331, 1, 2.21%, 0, 0, 15, 684.69, 1475013, 1446
2705, 0, 464, 470, 331, 1, 2.21%, 0, 0, 15, 742.17, 1478924, 1446
2710, 0, 464, 470, 331, 1, 2.21%, 0, 0, 15, 755.06, 1482761, 1446
2715, 0, 464, 470, 331, 1, 2.21%, 0, 0, 15, 757.32, 1486583, 1446
2721, 0, 287, 470, 331, 1, 2.21%, 0, 0, 15, 737.47, 1490414, 1446
2726, 0, 358, 471, 331, 1, 2.21%, 0, 0, 15, 701.21, 1493950, 1446
2731, 0, 440, 471, 330, 1, 2.21%, 0, 0, 15, 731.11, 1497740, 1446
2736, 0, 440, 471, 330, 1, 2.21%, 0, 0, 15, 686.16, 1501125, 1446
2741, 0, 440, 471, 330, 1, 2.21%, 0, 0, 15, 716.32, 1504699, 1446
2746, 0, 440, 471, 330, 1, 2.21%, 0, 0, 15, 753.57, 1508656, 1446
2751, 0, 440, 471, 330, 1, 2.21%, 0, 0, 15, 762.82, 1512583, 1446
2756, 0, 434, 471, 330, 1, 2.21%, 0, 0, 15, 729.93, 1516247, 1446
2761, 0, 434, 471, 330, 1, 2.21%, 0, 0, 15, 697.78, 1519589, 1446
2766, 0, 306, 471, 330, 1, 2.21%, 0, 0, 15, 735.00, 1523336, 1446
2771, 0, 440, 471, 330, 1, 2.21%, 0, 0, 15, 711.90, 1526970, 1446
2776, 0, 440, 471, 330, 1, 2.21%, 0, 0, 15, 681.98, 1530386, 1446
2782, 0, 440, 471, 330, 1, 2.21%, 0, 0, 15, 748.49, 1534319, 1446
2787, 0, 440, 471, 330, 1, 2.21%, 0, 0, 15, 762.73, 1538229, 1446
2792, 0, 272, 471, 330, 1, 2.21%, 0, 0, 15, 763.91, 1542113, 1446
2797, 0, 272, 471, 330, 1, 2.21%, 0, 0, 15, 758.11, 1545980, 1446
2802, 0, 358, 471, 330, 1, 2.21%, 0, 0, 15, 735.57, 1549698, 1446
2807, 0, 72, 471, 330, 1, 2.21%, 0, 0, 15, 735.29, 1553370, 1446
2812, 0, 72, 471, 330, 1, 2.21%, 0, 0, 15, 731.50, 1557004, 1446
2817, 0, 306, 471, 330, 1, 2.21%, 0, 0, 15, 752.80, 1560936, 1446
2822, 0, 433, 471, 329, 1, 2.21%, 0, 0, 15, 684.58, 1564462, 1446
2827, 0, 433, 471, 329, 1, 2.21%, 0, 0, 15, 602.73, 1567452, 1446
2832, 0, 433, 471, 329, 1, 2.21%, 0, 0, 15, 588.10, 1570440, 1446
2838, 0, 433, 471, 329, 1, 2.21%, 0, 0, 15, 699.67, 1574056, 1446
2843, 0, 433, 471, 329, 1, 2.21%, 0, 0, 15, 743.60, 1577962, 1446
2848, 0, 433, 471, 329, 1, 2.21%, 0, 0, 15, 683.17, 1581540, 1446
2853, 0, 433, 471, 329, 1, 2.21%, 0, 0, 15, 735.80, 1585389, 1446
2858, 0, 441, 471, 329, 1, 2.21%, 0, 0, 15, 735.16, 1589083, 1446
2863, 0, 441, 471, 329, 1, 2.21%, 0, 0, 15, 721.81, 1592741, 1446
2868, 0, 441, 471, 329, 1, 2.21%, 0, 0, 15, 761.87, 1596645, 1446
2873, 0, 448, 471, 329, 1, 2.21%, 0, 0, 15, 703.50, 1600048, 1446
2878, 0, 131, 471, 329, 1, 2.21%, 0, 0, 15, 747.70, 1603876, 1446
2883, 0, 433, 471, 329, 1, 2.21%, 0, 0, 15, 617.96, 1606911, 1446
2889, 0, 433, 471, 329, 1, 2.21%, 0, 0, 15, 590.87, 1609866, 1446
2894, 0, 433, 471, 329, 1, 2.21%, 0, 0, 15, 591.47, 1612741, 1446
2899, 0, 433, 471, 329, 1, 2.21%, 0, 0, 15, 731.59, 1616693, 1446
2904, 0, 433, 471, 329, 1, 2.21%, 0, 0, 15, 753.92, 1620590, 1446
2909, 0, 433, 471, 329, 1, 2.21%, 0, 0, 15, 743.02, 1624245, 1446
2914, 0, 281, 471, 329, 1, 2.21%, 0, 0, 15, 755.62, 1628033, 1446
2919, 0, 306, 471, 328, 1, 2.21%, 0, 0, 15, 743.26, 1631754, 1446
2924, 0, 440, 471, 328, 1, 2.21%, 0, 0, 15, 677.61, 1635138, 1446
2929, 0, 440, 471, 328, 1, 2.21%, 0, 0, 15, 700.59, 1638679, 1446
2934, 0, 440, 471, 328, 1, 2.21%, 0, 0, 15, 752.04, 1642650, 1446
2940, 0, 440, 471, 328, 1, 2.21%, 0, 0, 15, 762.89, 1646562, 1446
2945, 0, 306, 471, 328, 1, 2.21%, 0, 0, 15, 756.16, 1650389, 1446
2950, 0, 448, 471, 328, 1, 2.21%, 0, 0, 15, 718.31, 1653867, 1446
2955, 0, 424, 471, 328, 1, 2.21%, 0, 0, 15, 721.41, 1657592, 1446
2960, 0, 306, 471, 328, 1, 2.21%, 0, 0, 15, 739.65, 1661332, 1446
2965, 0, 306, 471, 328, 1, 2.21%, 0, 0, 15, 737.01, 1665177, 1446
2970, 0, 440, 471, 328, 1, 2.21%, 0, 0, 15, 703.07, 1668723, 1446
2975, 0, 440, 471, 328, 1, 2.21%, 0, 0, 15, 706.06, 1672294, 1446
2980, 0, 440, 471, 328, 1, 2.21%, 0, 0, 15, 709.78, 1676080, 1446
2986, 0, 440, 471, 328, 1, 2.21%, 0, 0, 15, 740.82, 1679870, 1446
2991, 0, 440, 471, 328, 1, 2.21%, 0, 0, 15, 728.08, 1683560, 1446
2996, 0, 440, 471, 328, 1, 2.21%, 0, 0, 15, 701.83, 1686953, 1446
3001, 0, 440, 471, 328, 1, 2.21%, 0, 0, 15, 745.43, 1690721, 1446
3006, 0, 440, 471, 328, 1, 2.21%, 0, 0, 15, 757.84, 1694560, 1446
3011, 0, 306, 471, 328, 1, 2.21%, 0, 0, 15, 753.65, 1698319, 1446
3016, 0, 339, 473, 330, 1, 2.21%, 0, 0, 15, 732.20, 1701993, 1446
3021, 0, 269, 473, 329, 2, 2.21%, 0, 0, 15, 757.13, 1705835, 1446
3026, 0, 269, 473, 329, 2, 2.21%, 0, 0, 15, 770.65, 1709796, 1446
3031, 0, 306, 473, 329, 2, 2.21%, 0, 0, 15, 759.74, 1713664, 1446
3036, 0, 433, 473, 329, 2, 2.21%, 0, 0, 15, 660.72, 1717047, 1446
3041, 0, 433, 473, 329, 2, 2.21%, 0, 0, 15, 613.46, 1720018, 1446
3046, 0, 433, 473, 329, 2, 2.21%, 0, 0, 15, 589.16, 1722950, 1446
3051, 0, 433, 473, 329, 2, 2.21%, 0, 0, 15, 671.64, 1726329, 1446
3056, 0, 433, 473, 329, 2, 2.21%, 0, 0, 15, 744.24, 1730212, 1446
3061, 0, 433, 473, 329, 2, 2.21%, 0, 0, 15, 68.90, 1731841, 1446
3067, 0, 433, 473, 329, 2, 2.21%, 0, 0, 15, 67.78, 1732199, 1446
3072, 0, 433, 473, 329, 2, 2.21%, 0, 0, 15, 67.36, 1732534, 1446
3077, 0, 433, 473, 329, 2, 2.21%, 0, 0, 15, 676.67, 1735240, 1446
3082, 0, 433, 473, 329, 2, 2.21%, 0, 0, 15, 70.76, 1736796, 1446
3087, 0, 433, 473, 329, 2, 2.21%, 0, 0, 15, 62.98, 1737096, 1446
3092, 0, 433, 473, 329, 2, 2.21%, 0, 0, 15, 60.25, 1737406, 1446
3097, 0, 471, 473, 329, 2, 2.21%, 0, 0, 15, 758.26, 1739346, 1446
3102, 0, 306, 473, 328, 1, 2.21%, 0, 0, 15, 754.88, 1743163, 1446
3107, 0, 229, 473, 328, 1, 2.21%, 0, 0, 15, 754.44, 1747081, 1446
3112, 0, 438, 473, 328, 1, 2.21%, 0, 0, 15, 617.70, 1749397, 1446
3117, 0, 438, 473, 328, 1, 2.21%, 0, 0, 15, 703.19, 1752917, 1446
3122, 0, 373, 473, 327, 1, 2.21%, 0, 0, 15, 716.52, 1756614, 1446
3127, 0, 373, 473, 327, 1, 2.21%, 0, 0, 15, 745.85, 1760349, 1446
3132, 0, 373, 473, 327, 1, 2.21%, 0, 0, 15, 761.49, 1764185, 1446
3138, 0, 440, 473, 327, 1, 2.21%, 0, 0, 15, 754.59, 1767937, 1446
3143, 0, 440, 473, 327, 1, 2.21%, 0, 0, 15, 693.73, 1771294, 1446
3148, 0, 440, 473, 327, 1, 2.21%, 0, 0, 15, 730.49, 1775031, 1446
3153, 0, 440, 473, 327, 1, 2.21%, 0, 0, 15, 750.97, 1778947, 1446
3158, 0, 440, 473, 327, 1, 2.21%, 0, 0, 15, 718.26, 1782527, 1446
3163, 0, 433, 473, 327, 1, 2.21%, 0, 0, 15, 618.77, 1785635, 1446
3168, 0, 433, 473, 327, 1, 2.21%, 0, 0, 15, 573.96, 1788470, 1446
3173, 0, 433, 473, 327, 1, 2.21%, 0, 0, 15, 599.09, 1791499, 1446
3178, 0, 433, 473, 327, 1, 2.21%, 0, 0, 15, 724.94, 1795387, 1446
3184, 0, 433, 473, 327, 1, 2.21%, 0, 0, 15, 749.17, 1799275, 1446
3189, 0, 433, 473, 327, 1, 2.21%, 0, 0, 15, 678.09, 1802818, 1446
3194, 0, 433, 475, 329, 1, 2.21%, 0, 0, 15, 738.90, 1806649, 1446
3199, 0, 386, 477, 330, 1, 2.21%, 0, 0, 15, 743.78, 1810541, 1446
3204, 0, 386, 477, 330, 1, 2.21%, 0, 0, 15, 732.26, 1814237, 1446
3209, 0, 386, 477, 330, 1, 2.21%, 0, 0, 15, 740.94, 1818090, 1446
3214, 0, 386, 477, 330, 1, 2.21%, 0, 0, 15, 747.87, 1821865, 1446
3219, 0, 160, 477, 330, 1, 2.21%, 0, 0, 15, 754.85, 1825648, 1446
3224, 0, 433, 477, 330, 1, 2.21%, 0, 0, 15, 647.45, 1828951, 1446
3230, 0, 433, 477, 330, 1, 2.21%, 0, 0, 15, 595.58, 1831936, 1446
3235, 0, 433, 477, 330, 1, 2.21%, 0, 0, 15, 569.50, 1834775, 1446
3240, 0, 433, 477, 330, 1, 2.21%, 0, 0, 15, 704.48, 1838373, 1446
3245, 0, 433, 477, 330, 1, 2.21%, 0, 0, 15, 738.44, 1842233, 1446
3250, 0, 433, 477, 330, 1, 2.21%, 0, 0, 15, 114.98, 1846080, 1446
3255, 0, 433, 477, 330, 1, 2.21%, 0, 0, 15, 79.71, 1846444, 1446
3260, 0, 433, 477, 330, 1, 2.21%, 0, 0, 15, 60.78, 1846736, 1446
3265, 0, 433, 477, 330, 1, 2.21%, 0, 0, 15, 380.00, 1847122, 1446
3271, 0, 414, 477, 330, 1, 2.21%, 0, 0, 15, 625.15, 1850826, 1446
3276, 0, 440, 477, 330, 1, 2.21%, 0, 0, 15, 662.51, 1854332, 1446
3281, 0, 440, 477, 330, 1, 2.21%, 0, 0, 15, 685.56, 1857798, 1446
3286, 0, 440, 477, 330, 1, 2.21%, 0, 0, 15, 746.65, 1861709, 1446
3291, 0, 440, 477, 330, 1, 2.21%, 0, 0, 15, 749.62, 1865485, 1446
3296, 0, 469, 478, 331, 1, 2.21%, 0, 0, 15, 737.37, 1869181, 1446
3301, 0, 440, 478, 330, 1, 2.21%, 0, 0, 15, 680.13, 1872650, 1446
3306, 0, 440, 478, 330, 1, 2.21%, 0, 0, 15, 693.12, 1876076, 1446
3311, 0, 440, 478, 330, 1, 2.21%, 0, 0, 15, 743.77, 1879986, 1446
3316, 0, 440, 478, 330, 1, 2.21%, 0, 0, 15, 746.21, 1883762, 1446
3321, 0, 433, 478, 330, 1, 2.21%, 0, 0, 15, 640.58, 1886964, 1446
3326, 0, 433, 478, 330, 1, 2.21%, 0, 0, 15, 594.61, 1889947, 1446
3332, 0, 433, 478, 330, 1, 2.21%, 0, 0, 15, 576.85, 1892877, 1446
3337, 0, 433, 478, 330, 1, 2.21%, 0, 0, 15, 725.63, 1896767, 1446
3342, 0, 433, 478, 330, 1, 2.21%, 0, 0, 15, 756.86, 1900628, 1446
3347, 0, 433, 478, 330, 1, 2.21%, 0, 0, 15, 764.01, 1904510, 1446
3352, 0, 358, 478, 330, 1, 2.21%, 0, 0, 15, 739.67, 1908246, 1446
3357, 0, 226, 478, 330, 1, 2.21%, 0, 0, 15, 740.73, 1911932, 1446
3362, 0, 410, 478, 329, 1, 2.21%, 0, 0, 15, 647.00, 1915280, 1446
3367, 0, 410, 478, 329, 1, 2.21%, 0, 0, 15, 590.18, 1918194, 1446
3372, 0, 410, 478, 329, 1, 2.21%, 0, 0, 15, 713.62, 1921951, 1446
3378, 0, 410, 478, 329, 1, 2.21%, 0, 0, 15, 751.48, 1925885, 1446
3383, 0, 390, 479, 330, 1, 2.21%, 0, 0, 15, 88.57, 1929620, 1446
3388, 0, 390, 479, 330, 1, 2.21%, 0, 0, 15, 109.23, 1930194, 1446
3393, 0, 229, 479, 330, 1, 2.21%, 0, 0, 15, 675.43, 1933210, 1446
3398, 0, 306, 479, 330, 1, 2.21%, 0, 0, 15, 735.01, 1936982, 1446
3403, 0, 306, 479, 329, 1, 2.21%, 0, 0, 15, 752.58, 1940824, 1446
3408, 0, 269, 479, 329, 1, 2.21%, 0, 0, 15, 755.30, 1944615, 1446
3413, 0, 269, 479, 329, 1, 2.21%, 0, 0, 15, 763.12, 1948544, 1446
3418, 0, 48, 479, 329, 1, 2.21%, 0, 0, 15, 752.13, 1952333, 1446
3423, 0, 440, 479, 328, 1, 2.21%, 0, 0, 15, 713.11, 1955995, 1446
3428, 0, 440, 479, 328, 1, 2.21%, 0, 0, 15, 723.73, 1959692, 1446
3434, 0, 440, 479, 328, 1, 2.21%, 0, 0, 15, 740.31, 1963454, 1446
3439, 0, 440, 479, 328, 1, 2.21%, 0, 0, 15, 735.89, 1967272, 1446
3444, 0, 440, 479, 327, 1, 2.21%, 0, 0, 15, 720.82, 1970826, 1446
3449, 0, 440, 479, 327, 1, 2.21%, 0, 0, 15, 674.59, 1974252, 1446
3454, 0, 440, 479, 327, 1, 2.21%, 0, 0, 15, 730.19, 1978031, 1446
3459, 0, 440, 479, 327, 1, 2.21%, 0, 0, 15, 749.66, 1981932, 1446
3464, 0, 306, 479, 327, 1, 2.21%, 0, 0, 15, 755.93, 1985813, 1446
3469, 0, 440, 479, 327, 1, 2.21%, 0, 0, 15, 735.03, 1989649, 1446
3474, 0, 440, 479, 327, 1, 2.21%, 0, 0, 15, 692.11, 1993027, 1446
3479, 0, 440, 479, 327, 1, 2.21%, 0, 0, 15, 709.32, 1996524, 1446
3485, 0, 440, 479, 327, 1, 2.21%, 0, 0, 15, 738.62, 2000412, 1446
3490, 0, 440, 479, 327, 1, 2.21%, 0, 0, 15, 745.86, 2004272, 1446
3495, 0, 471, 479, 327, 1, 2.21%, 0, 0, 15, 730.51, 2007958, 1446
3500, 0, 471, 479, 327, 1, 2.21%, 0, 0, 15, 730.98, 2011685, 1446
3505, 0, 471, 479, 327, 1, 2.21%, 0, 0, 15, 762.58, 2015630, 1446
3510, 0, 434, 479, 327, 1, 2.21%, 0, 0, 15, 650.04, 2019066, 1446
3515, 0, 434, 479, 327, 1, 2.21%, 0, 0, 15, 708.19, 2022581, 1446
3520, 0, 306, 479, 327, 1, 2.21%, 0, 0, 15, 739.31, 2026487, 1446
3526, 0, 433, 479, 327, 1, 2.21%, 0, 0, 15, 626.34, 2029619, 1446
3531, 0, 433, 479, 327, 1, 2.21%, 0, 0, 15, 613.66, 2032727, 1446
3536, 0, 433, 479, 327, 1, 2.21%, 0, 0, 15, 625.96, 2035861, 1446
3541, 0, 433, 479, 327, 1, 2.21%, 0, 0, 15, 739.42, 2039847, 1446
3546, 0, 433, 479, 327, 1, 2.21%, 0, 0, 15, 758.45, 2043766, 1446
3551, 0, 433, 479, 327, 1, 2.21%, 0, 0, 15, 684.66, 2047099, 1446
3556, 0, 433, 479, 327, 1, 2.21%, 0, 0, 15, 700.19, 2050770, 1446
3561, 0, 433, 479, 327, 1, 2.21%, 0, 0, 15, 613.64, 2053756, 1446
3567, 0, 433, 479, 327, 1, 2.21%, 0, 0, 15, 591.53, 2056764, 1446
3572, 0, 433, 479, 327, 1, 2.21%, 0, 0, 15, 679.95, 2060140, 1446
3577, 0, 433, 479, 327, 1, 2.21%, 0, 0, 15, 740.18, 2064045, 1446
3582, 0, 433, 479, 327, 1, 2.21%, 0, 0, 15, 747.53, 2067919, 1446
3587, 0, 433, 479, 327, 1, 2.21%, 0, 0, 15, 755.28, 2071782, 1446
3592, 0, 440, 479, 327, 1, 2.21%, 0, 0, 15, 704.98, 2075319, 1446
3597, 0, 440, 479, 327, 1, 2.21%, 0, 0, 15, 694.76, 2078769, 1446
3602, 0, 440, 479, 327, 1, 2.21%, 0, 0, 15, 723.15, 2082448, 1446
3607, 0, 440, 479, 327, 1, 2.21%, 0, 0, 15, 740.63, 2086290, 1446
3612, 0, 306, 479, 327, 1, 2.21%, 0, 0, 15, 719.18, 2090047, 1446
3618, 0, 440, 479, 327, 1, 2.21%, 0, 0, 15, 635.70, 2093271, 1446
