# relative_time, cycles_done, cur_item, corpus_count, pending_total, pending_favs, map_size, saved_crashes, saved_hangs, max_depth, execs_per_sec, total_execs, edges_found
60, 0, 5, 33, 30, 4, 1.46%, 0, 0, 2, 404.42, 24120, 959
66, 0, 5, 34, 31, 4, 1.47%, 0, 0, 2, 403.49, 26152, 965
71, 0, 5, 34, 31, 4, 1.47%, 0, 0, 2, 403.25, 28184, 965
76, 0, 5, 35, 32, 4, 1.50%, 0, 0, 2, 402.68, 30216, 980
81, 0, 5, 36, 33, 4, 1.50%, 0, 0, 2, 400.46, 32288, 982
86, 0, 5, 36, 33, 4, 1.50%, 0, 0, 2, 402.48, 34304, 982
91, 0, 5, 36, 33, 4, 1.50%, 0, 0, 2, 404.30, 36400, 982
96, 0, 5, 39, 36, 4, 1.53%, 0, 0, 2, 379.49, 38302, 1004
101, 0, 5, 39, 36, 4, 1.53%, 0, 0, 2, 369.77, 40164, 1004
106, 0, 5, 39, 36, 4, 1.53%, 0, 0, 2, 369.20, 42082, 1004
111, 0, 5, 39, 36, 4, 1.53%, 0, 0, 2, 366.71, 43986, 1004
116, 0, 5, 39, 36, 4, 1.53%, 0, 0, 2, 367.44, 45827, 1004
122, 0, 5, 39, 36, 4, 1.53%, 0, 0, 2, 368.13, 47682, 1004
127, 0, 5, 39, 36, 4, 1.53%, 0, 0, 2, 363.78, 49516, 1004
132, 0, 5, 39, 36, 4, 1.53%, 0, 0, 2, 368.17, 51427, 1004
137, 0, 5, 39, 36, 4, 1.53%, 0, 0, 2, 372.83, 53366, 1004
142, 0, 5, 39, 36, 4, 1.53%, 0, 0, 2, 372.90, 55291, 1004
147, 0, 5, 39, 36, 4, 1.53%, 0, 0, 2, 370.08, 57202, 1004
152, 0, 5, 39, 36, 4, 1.53%, 0, 0, 2, 367.08, 59050, 1004
157, 0, 5, 39, 36, 4, 1.53%, 0, 0, 2, 367.27, 60891, 1004
162, 0, 5, 39, 36, 4, 1.53%, 0, 0, 2, 362.47, 62697, 1004
167, 0, 5, 39, 36, 4, 1.53%, 0, 0, 2, 365.17, 64531, 1004
173, 0, 5, 39, 36, 4, 1.53%, 0, 0, 2, 364.78, 66428, 1004
178, 0, 5, 39, 36, 4, 1.53%, 0, 0, 2, 362.48, 68255, 1004
183, 0, 5, 39, 36, 4, 1.53%, 0, 0, 2, 364.30, 70087, 1004
188, 0, 5, 39, 36, 4, 1.53%, 0, 0, 2, 369.22, 71941, 1004
193, 0, 5, 39, 36, 4, 1.53%, 0, 0, 2, 361.27, 73725, 1004
198, 0, 34, 40, 36, 21, 1.53%, 0, 0, 3, 369.19, 75617, 1004
203, 0, 13, 41, 36, 20, 1.53%, 0, 0, 3, 362.33, 77405, 1004
208, 0, 13, 41, 36, 20, 1.53%, 0, 0, 3, 367.35, 79262, 1004
213, 0, 13, 41, 36, 20, 1.53%, 0, 0, 3, 363.28, 81096, 1004
218, 0, 28, 41, 35, 19, 1.53%, 0, 0, 3, 372.36, 82970, 1004
223, 0, 28, 41, 35, 19, 1.53%, 0, 0, 3, 353.85, 84827, 1004
228, 0, 28, 41, 35, 19, 1.53%, 0, 0, 3, 372.84, 86774, 1004
233, 0, 11, 41, 34, 18, 1.53%, 0, 0, 3, 391.70, 88714, 1004
239, 0, 11, 41, 34, 18, 1.53%, 0, 0, 3, 366.90, 90564, 1004
244, 0, 11, 41, 34, 18, 1.53%, 0, 0, 3, 377.05, 92461, 1004
249, 0, 22, 41, 33, 17, 1.53%, 0, 0, 3, 380.86, 94370, 1004
254, 0, 22, 41, 33, 17, 1.53%, 0, 0, 3, 387.34, 96486, 1004
259, 0, 22, 42, 34, 17, 1.53%, 0, 0, 3, 365.99, 98342, 1004
264, 0, 24, 42, 33, 16, 1.53%, 0, 0, 3, 364.41, 100207, 1004
269, 0, 24, 42, 33, 16, 1.53%, 0, 0, 3, 349.48, 102043, 1004
274, 0, 24, 42, 33, 16, 1.53%, 0, 0, 3, 347.13, 103762, 1004
279, 0, 27, 42, 32, 15, 1.53%, 0, 0, 3, 362.77, 105622, 1004
284, 0, 27, 42, 32, 15, 1.53%, 0, 0, 3, 364.66, 107445, 1004
289, 0, 27, 42, 32, 15, 1.53%, 0, 0, 3, 356.49, 109222, 1004
294, 0, 21, 42, 31, 14, 1.53%, 0, 0, 3, 383.71, 111303, 1004
299, 0, 21, 43, 32, 14, 1.53%, 0, 0, 3, 398.17, 113288, 1004
305, 0, 21, 43, 32, 14, 1.53%, 0, 0, 3, 378.70, 115185, 1004
310, 0, 38, 43, 31, 13, 1.53%, 0, 0, 3, 374.04, 117119, 1004
315, 0, 38, 43, 31, 13, 1.53%, 0, 0, 3, 378.80, 119079, 1004
320, 0, 38, 43, 31, 13, 1.53%, 0, 0, 3, 367.43, 120954, 1004
325, 0, 2, 45, 32, 12, 1.54%, 0, 0, 3, 378.18, 122889, 1012
330, 0, 2, 49, 36, 12, 1.76%, 0, 0, 3, 375.93, 124832, 1152
335, 0, 2, 50, 37, 12, 1.76%, 0, 0, 3, 373.27, 126702, 1153
341, 0, 2, 50, 37, 12, 1.76%, 0, 0, 3, 377.79, 128669, 1153
346, 0, 2, 50, 37, 12, 1.76%, 0, 0, 3, 376.58, 130573, 1153
351, 0, 2, 51, 38, 12, 1.77%, 0, 0, 3, 385.15, 132520, 1160
356, 0, 2, 53, 40, 12, 1.79%, 0, 0, 3, 377.41, 134440, 1173
361, 0, 2, 53, 40, 12, 1.79%, 0, 0, 3, 380.06, 136421, 1173
366, 0, 2, 53, 40, 12, 1.79%, 0, 0, 3, 381.64, 138339, 1173
371, 0, 2, 53, 40, 12, 1.79%, 0, 0, 3, 387.13, 140278, 1173
376, 0, 2, 54, 41, 12, 1.79%, 0, 0, 3, 384.44, 142218, 1176
381, 0, 2, 54, 41, 12, 1.79%, 0, 0, 3, 380.00, 144122, 1176
386, 0, 2, 54, 41, 12, 1.79%, 0, 0, 3, 377.82, 146089, 1176
391, 0, 2, 54, 41, 12, 1.79%, 0, 0, 3, 375.58, 147979, 1176
396, 0, 2, 56, 43, 12, 1.80%, 0, 0, 3, 375.32, 149843, 1178
401, 0, 2, 56, 43, 12, 1.80%, 0, 0, 3, 377.35, 151817, 1178
407, 0, 2, 56, 43, 12, 1.80%, 0, 0, 3, 379.86, 153784, 1178
412, 0, 2, 56, 43, 12, 1.80%, 0, 0, 3, 368.49, 155619, 1178
417, 0, 2, 56, 43, 12, 1.80%, 0, 0, 3, 360.11, 157439, 1178
422, 0, 2, 56, 43, 12, 1.80%, 0, 0, 3, 363.60, 159280, 1178
427, 0, 2, 56, 43, 12, 1.80%, 0, 0, 3, 361.68, 161142, 1178
432, 0, 2, 56, 43, 12, 1.80%, 0, 0, 3, 365.17, 162983, 1178
437, 0, 2, 56, 43, 12, 1.80%, 0, 0, 3, 362.02, 164789, 1178
442, 0, 2, 56, 43, 12, 1.80%, 0, 0, 3, 364.69, 166637, 1178
447, 0, 2, 56, 43, 12, 1.80%, 0, 0, 3, 362.85, 168457, 1178
452, 0, 2, 56, 43, 12, 1.80%, 0, 0, 3, 363.25, 170284, 1178
457, 0, 2, 56, 43, 12, 1.80%, 0, 0, 3, 361.92, 172090, 1178
462, 0, 2, 56, 43, 12, 1.80%, 0, 0, 3, 364.46, 173917, 1178
467, 0, 2, 56, 43, 12, 1.80%, 0, 0, 3, 365.49, 175765, 1178
472, 0, 2, 56, 43, 12, 1.80%, 0, 0, 3, 364.18, 177599, 1178
477, 0, 2, 56, 43, 12, 1.80%, 0, 0, 3, 364.39, 179426, 1178
482, 0, 2, 56, 43, 12, 1.80%, 0, 0, 3, 364.57, 181267, 1178
487, 0, 2, 56, 43, 12, 1.80%, 0, 0, 3, 364.90, 183087, 1178
492, 0, 2, 56, 43, 12, 1.80%, 0, 0, 3, 368.91, 184942, 1178
497, 0, 2, 56, 43, 12, 1.80%, 0, 0, 3, 358.12, 186790, 1178
502, 0, 2, 56, 43, 12, 1.80%, 0, 0, 3, 375.46, 188703, 1178
508, 0, 2, 56, 43, 12, 1.80%, 0, 0, 3, 353.66, 190509, 1178
513, 0, 30, 56, 42, 20, 1.80%, 0, 0, 3, 366.03, 192369, 1178
518, 0, 30, 56, 42, 20, 1.80%, 0, 0, 3, 365.25, 194268, 1178
523, 0, 30, 56, 42, 20, 1.80%, 0, 0, 3, 368.04, 196124, 1178
528, 0, 54, 56, 41, 19, 1.80%, 0, 0, 3, 392.49, 198072, 1178
533, 0, 54, 57, 42, 19, 1.80%, 0, 0, 3, 384.61, 200043, 1179
538, 0, 54, 57, 42, 19, 1.80%, 0, 0, 3, 360.52, 201818, 1179
543, 0, 54, 57, 42, 19, 1.80%, 0, 0, 3, 345.02, 203676, 1179
548, 0, 23, 57, 41, 18, 1.80%, 0, 0, 3, 370.64, 205452, 1179
553, 0, 23, 57, 41, 18, 1.80%, 0, 0, 3, 388.76, 207485, 1179
558, 0, 23, 57, 41, 18, 1.80%, 0, 0, 3, 399.17, 209505, 1179
564, 0, 33, 57, 40, 17, 1.80%, 0, 0, 3, 368.51, 211361, 1179
569, 0, 33, 57, 40, 17, 1.80%, 0, 0, 3, 386.38, 213290, 1179
574, 0, 33, 57, 40, 17, 1.80%, 0, 0, 3, 347.10, 215010, 1179
579, 0, 12, 57, 39, 16, 1.80%, 0, 0, 3, 384.11, 217057, 1179
584, 0, 56, 57, 38, 15, 1.80%, 0, 0, 3, 397.16, 219134, 1179
589, 0, 56, 58, 39, 15, 1.80%, 0, 0, 4, 339.77, 220770, 1180
594, 0, 56, 58, 39, 15, 1.80%, 0, 0, 4, 373.51, 222633, 1180
599, 0, 50, 58, 38, 15, 1.80%, 0, 0, 4, 382.59, 224629, 1180
604, 0, 50, 58, 38, 15, 1.80%, 0, 0, 4, 368.39, 226367, 1180
609, 0, 50, 58, 38, 15, 1.80%, 0, 0, 4, 357.76, 228222, 1180
614, 0, 35, 58, 37, 14, 1.80%, 0, 0, 4, 365.22, 230005, 1180
619, 0, 35, 58, 37, 14, 1.80%, 0, 0, 4, 358.73, 231761, 1180
624, 0, 55, 58, 36, 13, 1.80%, 0, 0, 4, 401.70, 233813, 1180
629, 0, 55, 59, 37, 13, 1.80%, 0, 0, 4, 378.22, 235700, 1180
635, 0, 55, 59, 37, 13, 1.80%, 0, 0, 4, 344.33, 237354, 1180
640, 0, 55, 59, 37, 13, 1.80%, 0, 0, 4, 351.22, 239096, 1180
645, 0, 9, 59, 36, 12, 1.80%, 0, 0, 4, 364.66, 240861, 1180
650, 0, 9, 59, 36, 12, 1.80%, 0, 0, 4, 371.72, 242768, 1180
655, 0, 9, 59, 36, 12, 1.80%, 0, 0, 4, 360.62, 244566, 1180
660, 0, 52, 59, 35, 11, 1.80%, 0, 0, 4, 400.13, 246565, 1180
665, 0, 52, 59, 35, 11, 1.80%, 0, 0, 4, 367.95, 248402, 1180
670, 0, 52, 59, 35, 11, 1.80%, 0, 0, 4, 362.77, 250319, 1180
675, 0, 37, 59, 34, 10, 1.80%, 0, 0, 4, 354.00, 252135, 1180
680, 0, 37, 59, 34, 10, 1.80%, 0, 0, 4, 335.15, 253687, 1180
686, 0, 37, 59, 34, 10, 1.80%, 0, 0, 4, 374.98, 255688, 1180
691, 0, 22, 59, 33, 9, 1.80%, 0, 0, 4, 385.05, 257663, 1180
696, 0, 22, 59, 33, 9, 1.80%, 0, 0, 4, 420.49, 259769, 1180
701, 0, 22, 59, 33, 9, 1.80%, 0, 0, 4, 341.10, 261380, 1180
706, 0, 22, 59, 33, 9, 1.80%, 0, 0, 4, 365.07, 263222, 1180
711, 0, 22, 59, 33, 9, 1.80%, 0, 0, 4, 355.28, 264993, 1180
716, 0, 22, 59, 33, 9, 1.80%, 0, 0, 4, 398.14, 267064, 1180
721, 0, 22, 59, 33, 9, 1.80%, 0, 0, 4, 363.23, 268900, 1180
726, 0, 36, 59, 33, 9, 1.80%, 0, 0, 4, 370.30, 270772, 1180
732, 0, 36, 60, 34, 9, 1.81%, 0, 0, 4, 429.50, 273026, 1183
737, 0, 36, 60, 34, 9, 1.81%, 0, 0, 4, 384.64, 274904, 1183
742, 0, 36, 60, 34, 9, 1.81%, 0, 0, 4, 382.27, 276892, 1183
747, 0, 59, 60, 33, 9, 1.81%, 0, 0, 4, 377.75, 278784, 1183
752, 0, 59, 60, 33, 9, 1.81%, 0, 0, 4, 378.05, 280667, 1183
757, 0, 59, 60, 33, 9, 1.81%, 0, 0, 4, 377.69, 282581, 1183
762, 0, 25, 60, 32, 8, 1.81%, 0, 0, 4, 363.53, 284416, 1183
767, 0, 25, 60, 32, 8, 1.81%, 0, 0, 4, 367.87, 286257, 1183
772, 0, 25, 60, 32, 8, 1.81%, 0, 0, 4, 358.78, 288083, 1183
777, 0, 57, 60, 31, 7, 1.81%, 0, 0, 4, 366.98, 290072, 1183
782, 0, 57, 60, 31, 7, 1.81%, 0, 0, 4, 376.72, 291960, 1183
787, 0, 57, 60, 31, 7, 1.81%, 0, 0, 4, 388.63, 293989, 1183
792, 0, 57, 60, 31, 7, 1.81%, 0, 0, 4, 405.18, 296151, 1183
798, 0, 46, 60, 30, 6, 1.81%, 0, 0, 4, 360.65, 298085, 1183
803, 0, 46, 60, 30, 6, 1.81%, 0, 0, 4, 330.67, 299708, 1183
808, 0, 48, 60, 29, 5, 1.81%, 0, 0, 4, 362.76, 301457, 1183
813, 0, 48, 60, 29, 5, 1.81%, 0, 0, 4, 357.77, 303363, 1183
818, 0, 48, 60, 29, 5, 1.81%, 0, 0, 4, 361.08, 305175, 1183
823, 0, 47, 60, 28, 4, 1.81%, 0, 0, 4, 391.41, 307111, 1183
828, 0, 47, 60, 28, 4, 1.81%, 0, 0, 4, 313.49, 308665, 1183
833, 0, 47, 60, 28, 4, 1.81%, 0, 0, 4, 346.12, 310453, 1183
838, 0, 29, 60, 27, 3, 1.81%, 0, 0, 4, 356.58, 312297, 1183
843, 0, 29, 60, 27, 3, 1.81%, 0, 0, 4, 353.94, 314036, 1183
848, 0, 29, 60, 27, 3, 1.81%, 0, 0, 4, 362.02, 315864, 1183
853, 0, 29, 60, 27, 3, 1.81%, 0, 0, 4, 374.47, 317735, 1183
859, 0, 22, 60, 26, 2, 1.81%, 0, 0, 4, 394.10, 319716, 1183
864, 0, 22, 60, 26, 2, 1.81%, 0, 0, 4, 356.39, 321481, 1183
869, 0, 22, 60, 26, 2, 1.81%, 0, 0, 4, 358.79, 323313, 1183
874, 0, 53, 60, 26, 2, 1.81%, 0, 0, 4, 363.73, 325114, 1183
879, 0, 53, 60, 26, 2, 1.81%, 0, 0, 4, 394.29, 327111, 1183
884, 0, 53, 60, 26, 2, 1.81%, 0, 0, 4, 405.40, 329186, 1183
889, 0, 29, 60, 25, 1, 1.81%, 0, 0, 4, 365.55, 330966, 1183
894, 0, 29, 60, 25, 1, 1.81%, 0, 0, 4, 351.44, 332739, 1183
899, 0, 29, 61, 26, 1, 1.81%, 0, 0, 4, 324.56, 334392, 1184
904, 0, 29, 62, 27, 1, 1.81%, 0, 0, 4, 319.15, 336044, 1186
909, 0, 29, 62, 27, 1, 1.81%, 0, 0, 4, 317.94, 337640, 1186
914, 0, 29, 62, 27, 1, 1.81%, 0, 0, 4, 322.94, 339278, 1186
919, 0, 29, 62, 27, 1, 1.81%, 0, 0, 4, 342.92, 340996, 1186
924, 0, 29, 62, 27, 1, 1.81%, 0, 0, 4, 363.35, 342843, 1186
929, 0, 29, 62, 27, 1, 1.81%, 0, 0, 4, 363.69, 344656, 1186
934, 0, 29, 62, 27, 1, 1.81%, 0, 0, 4, 365.55, 346553, 1186
940, 0, 29, 62, 27, 1, 1.81%, 0, 0, 4, 375.55, 348435, 1186
945, 0, 29, 62, 27, 1, 1.81%, 0, 0, 4, 375.93, 350393, 1186
950, 0, 29, 62, 27, 1, 1.81%, 0, 0, 4, 356.74, 352146, 1186
955, 0, 29, 62, 27, 1, 1.81%, 0, 0, 4, 377.64, 354046, 1186
960, 0, 29, 62, 27, 1, 1.81%, 0, 0, 4, 371.00, 355913, 1186
965, 0, 29, 62, 27, 1, 1.81%, 0, 0, 4, 400.90, 358126, 1186
970, 0, 29, 62, 27, 1, 1.81%, 0, 0, 4, 377.58, 360028, 1186
975, 0, 29, 62, 27, 1, 1.81%, 0, 0, 4, 380.07, 362005, 1186
980, 0, 29, 62, 27, 1, 1.81%, 0, 0, 4, 383.09, 363908, 1186
985, 0, 60, 62, 27, 3, 1.81%, 0, 0, 4, 388.02, 365825, 1186
990, 0, 60, 62, 27, 3, 1.81%, 0, 0, 4, 374.74, 367681, 1186
995, 0, 60, 62, 27, 3, 1.81%, 0, 0, 4, 380.29, 369614, 1186
1000, 0, 45, 63, 27, 2, 1.81%, 0, 0, 4, 374.88, 371548, 1187
1006, 0, 45, 63, 27, 2, 1.81%, 0, 0, 4, 257.80, 372799, 1187
1011, 0, 45, 63, 27, 2, 1.81%, 0, 0, 4, 338.66, 374563, 1187
1016, 0, 45, 63, 27, 2, 1.81%, 0, 0, 4, 350.67, 376339, 1187
1021, 0, 22, 63, 26, 2, 1.81%, 0, 0, 4, 369.23, 378272, 1187
1026, 0, 22, 63, 26, 2, 1.81%, 0, 0, 4, 394.70, 380392, 1187
1031, 0, 22, 64, 27, 2, 1.81%, 0, 0, 4, 306.64, 381777, 1187
1036, 0, 22, 64, 27, 2, 1.81%, 0, 0, 4, 352.56, 383671, 1187
1041, 0, 22, 64, 27, 2, 1.81%, 0, 0, 4, 391.00, 385623, 1187
1046, 0, 22, 64, 27, 2, 1.81%, 0, 0, 4, 372.70, 387494, 1187
1051, 0, 22, 64, 27, 2, 1.81%, 0, 0, 4, 371.42, 389336, 1187
1056, 0, 62, 64, 27, 2, 1.81%, 0, 0, 4, 402.77, 391342, 1187
1061, 0, 62, 64, 27, 2, 1.81%, 0, 0, 4, 410.38, 393446, 1187
1067, 0, 62, 64, 27, 2, 1.81%, 0, 0, 4, 357.40, 395052, 1187
1072, 0, 62, 64, 27, 2, 1.81%, 0, 0, 4, 346.76, 396716, 1187
1077, 0, 61, 64, 26, 1, 1.81%, 0, 0, 4, 365.29, 398567, 1187
1082, 0, 61, 64, 26, 1, 1.81%, 0, 0, 4, 357.16, 400358, 1187
1087, 0, 61, 64, 26, 1, 1.81%, 0, 0, 4, 344.06, 402128, 1187
1092, 0, 47, 64, 25, 0, 1.81%, 0, 0, 4, 414.02, 404307, 1187
1097, 0, 47, 64, 25, 0, 1.81%, 0, 0, 4, 358.97, 406144, 1187
1102, 0, 47, 64, 25, 0, 1.81%, 0, 0, 4, 369.80, 408043, 1187
1107, 0, 22, 64, 25, 0, 1.81%, 0, 0, 4, 396.44, 409998, 1187
1112, 0, 22, 64, 25, 0, 1.81%, 0, 0, 4, 386.35, 411961, 1187
1118, 0, 22, 64, 25, 0, 1.81%, 0, 0, 4, 369.59, 413856, 1187
1123, 0, 48, 64, 25, 0, 1.81%, 0, 0, 4, 405.15, 415841, 1187
1128, 0, 48, 64, 25, 0, 1.81%, 0, 0, 4, 446.50, 418217, 1187
1133, 0, 48, 64, 25, 0, 1.81%, 0, 0, 4, 411.17, 420279, 1187
1138, 0, 48, 64, 25, 0, 1.81%, 0, 0, 4, 376.51, 422123, 1187
1143, 0, 48, 64, 25, 0, 1.81%, 0, 0, 4, 385.59, 424057, 1187
1148, 0, 48, 64, 25, 0, 1.81%, 0, 0, 4, 373.64, 425945, 1187
1153, 0, 48, 64, 25, 0, 1.81%, 0, 0, 4, 390.22, 427887, 1187
1158, 0, 48, 64, 25, 0, 1.81%, 0, 0, 4, 397.78, 430012, 1187
1163, 0, 48, 64, 25, 0, 1.81%, 0, 0, 4, 379.86, 431955, 1187
1168, 0, 48, 64, 25, 0, 1.81%, 0, 0, 4, 374.64, 433822, 1187
1173, 0, 48, 64, 25, 0, 1.81%, 0, 0, 4, 380.17, 435715, 1187
1178, 0, 48, 64, 25, 0, 1.81%, 0, 0, 4, 378.34, 437603, 1187
1183, 0, 48, 64, 25, 0, 1.81%, 0, 0, 4, 376.50, 439489, 1187
1188, 0, 62, 64, 25, 0, 1.81%, 0, 0, 4, 413.49, 441533, 1187
1193, 0, 62, 66, 27, 0, 1.81%, 0, 0, 4, 414.25, 443765, 1189
1198, 0, 62, 66, 27, 0, 1.81%, 0, 0, 4, 383.77, 445658, 1189
1203, 0, 62, 66, 27, 0, 1.81%, 0, 0, 4, 376.98, 447555, 1189
1208, 0, 62, 66, 27, 0, 1.81%, 0, 0, 4, 385.85, 449501, 1189
1213, 0, 62, 66, 27, 0, 1.81%, 0, 0, 4, 375.70, 451392, 1189
1218, 0, 62, 66, 27, 0, 1.81%, 0, 0, 4, 368.56, 453212, 1189
1223, 0, 62, 66, 27, 0, 1.81%, 0, 0, 4, 363.22, 455039, 1189
1228, 0, 62, 66, 27, 0, 1.81%, 0, 0, 4, 354.87, 456817, 1189
1234, 0, 62, 66, 27, 0, 1.81%, 0, 0, 4, 362.29, 458651, 1189
1239, 0, 62, 66, 27, 0, 1.81%, 0, 0, 4, 253.21, 459851, 1189
1244, 0, 62, 66, 27, 0, 1.81%, 0, 0, 4, 366.24, 461950, 1189
1249, 0, 62, 66, 27, 0, 1.81%, 0, 0, 4, 351.46, 463759, 1189
1254, 0, 62, 66, 27, 0, 1.81%, 0, 0, 4, 350.55, 465448, 1189
1259, 0, 62, 66, 27, 0, 1.81%, 0, 0, 4, 254.70, 466591, 1189
1264, 0, 62, 66, 27, 0, 1.81%, 0, 0, 4, 236.64, 467769, 1189
1269, 0, 62, 66, 27, 0, 1.81%, 0, 0, 4, 344.18, 469690, 1189
1274, 0, 62, 66, 27, 0, 1.81%, 0, 0, 4, 369.62, 471648, 1189
1279, 0, 62, 66, 27, 0, 1.81%, 0, 0, 4, 375.74, 473527, 1189
1284, 0, 65, 66, 27, 2, 1.81%, 0, 0, 4, 407.20, 475592, 1189
1289, 0, 65, 66, 27, 2, 1.81%, 0, 0, 4, 400.31, 477535, 1189
1294, 0, 65, 66, 27, 2, 1.81%, 0, 0, 4, 398.80, 479576, 1189
1299, 0, 65, 66, 27, 2, 1.81%, 0, 0, 4, 359.63, 481416, 1189
1305, 0, 21, 66, 26, 1, 1.81%, 0, 0, 4, 324.60, 482948, 1189
1310, 0, 21, 66, 26, 1, 1.81%, 0, 0, 4, 379.31, 485038, 1189
1315, 0, 21, 66, 26, 1, 1.81%, 0, 0, 4, 399.08, 487137, 1189
1320, 0, 21, 66, 26, 1, 1.81%, 0, 0, 4, 398.50, 489147, 1189
1325, 0, 64, 66, 26, 1, 1.81%, 0, 0, 4, 409.54, 491320, 1189
1330, 0, 64, 66, 26, 1, 1.81%, 0, 0, 4, 388.31, 493281, 1189
1335, 0, 64, 66, 26, 1, 1.81%, 0, 0, 4, 378.20, 495171, 1189
1340, 0, 64, 66, 26, 1, 1.81%, 0, 0, 4, 378.02, 497061, 1189
1345, 0, 64, 66, 26, 1, 1.81%, 0, 0, 4, 370.47, 499014, 1189
1350, 0, 64, 66, 26, 1, 1.81%, 0, 0, 4, 373.77, 500918, 1189
1355, 0, 22, 66, 25, 0, 1.81%, 0, 0, 4, 403.55, 502921, 1189
1360, 0, 22, 66, 25, 0, 1.81%, 0, 0, 4, 389.05, 504941, 1189
1365, 0, 22, 66, 25, 0, 1.81%, 0, 0, 4, 380.71, 506868, 1189
1370, 0, 12, 66, 25, 0, 1.81%, 0, 0, 4, 383.87, 508710, 1189
1376, 0, 60, 66, 25, 0, 1.81%, 0, 0, 4, 382.14, 510681, 1189
1381, 0, 60, 66, 25, 0, 1.81%, 0, 0, 4, 367.05, 512496, 1189
1386, 0, 60, 66, 25, 0, 1.81%, 0, 0, 4, 398.82, 514558, 1189
1391, 0, 60, 66, 25, 0, 1.81%, 0, 0, 4, 374.50, 516462, 1189
1396, 0, 60, 66, 25, 0, 1.81%, 0, 0, 4, 421.94, 518616, 1189
1401, 0, 60, 66, 25, 0, 1.81%, 0, 0, 4, 409.17, 520758, 1189
1406, 0, 60, 66, 25, 0, 1.81%, 0, 0, 4, 380.80, 522651, 1189
1411, 0, 60, 66, 25, 0, 1.81%, 0, 0, 4, 361.09, 524446, 1189
1416, 0, 60, 66, 25, 0, 1.81%, 0, 0, 4, 355.23, 526257, 1189
1421, 0, 60, 66, 25, 0, 1.81%, 0, 0, 4, 375.54, 528234, 1189
1426, 0, 60, 66, 25, 0, 1.81%, 0, 0, 4, 365.83, 530085, 1189
1431, 0, 60, 66, 25, 0, 1.81%, 0, 0, 4, 347.33, 531740, 1189
1436, 0, 13, 66, 25, 0, 1.81%, 0, 0, 4, 367.68, 533612, 1189
1441, 0, 13, 66, 25, 0, 1.81%, 0, 0, 4, 378.29, 535480, 1189
1446, 0, 13, 66, 25, 0, 1.81%, 0, 0, 4, 377.82, 537368, 1189
1452, 0, 60, 66, 25, 0, 1.81%, 0, 0, 4, 368.16, 539271, 1189
1457, 0, 60, 66, 25, 0, 1.81%, 0, 0, 4, 393.82, 541289, 1189
1462, 0, 60, 66, 25, 0, 1.81%, 0, 0, 4, 456.87, 543666, 1189
1467, 0, 60, 66, 25, 0, 1.81%, 0, 0, 4, 333.87, 545366, 1189
1472, 0, 60, 66, 25, 0, 1.81%, 0, 0, 4, 380.34, 547432, 1189
1477, 0, 60, 66, 25, 0, 1.81%, 0, 0, 4, 380.79, 549353, 1189
1482, 0, 60, 66, 25, 0, 1.81%, 0, 0, 4, 391.18, 551295, 1189
1487, 0, 60, 66, 25, 0, 1.81%, 0, 0, 4, 319.82, 552987, 1189
1493, 0, 60, 66, 25, 0, 1.81%, 0, 0, 4, 353.13, 554768, 1189
1498, 0, 60, 66, 25, 0, 1.81%, 0, 0, 4, 331.56, 556470, 1189
1503, 0, 60, 66, 25, 0, 1.81%, 0, 0, 4, 363.52, 558395, 1189
1508, 0, 22, 66, 25, 0, 1.81%, 0, 0, 4, 379.21, 560309, 1189
1513, 0, 22, 66, 25, 0, 1.81%, 0, 0, 4, 382.73, 562287, 1189
1518, 0, 22, 66, 25, 0, 1.81%, 0, 0, 4, 380.07, 564207, 1189
1523, 0, 22, 66, 25, 0, 1.81%, 0, 0, 4, 390.62, 566169, 1189
1528, 0, 56, 66, 25, 0, 1.81%, 0, 0, 4, 360.58, 568102, 1189
1533, 0, 56, 66, 25, 0, 1.81%, 0, 0, 4, 374.44, 570055, 1189
1538, 0, 56, 66, 25, 0, 1.81%, 0, 0, 4, 338.92, 571889, 1189
1543, 0, 30, 66, 25, 0, 1.81%, 0, 0, 4, 356.51, 573677, 1189
1549, 0, 30, 66, 25, 0, 1.81%, 0, 0, 4, 365.02, 575606, 1189
1554, 0, 30, 66, 25, 0, 1.81%, 0, 0, 4, 343.29, 577280, 1189
1559, 0, 30, 66, 25, 0, 1.81%, 0, 0, 4, 372.37, 579185, 1189
1564, 0, 30, 66, 25, 0, 1.81%, 0, 0, 4, 372.14, 581048, 1189
1569, 0, 30, 66, 25, 0, 1.81%, 0, 0, 4, 340.66, 582772, 1189
1574, 0, 30, 66, 25, 0, 1.81%, 0, 0, 4, 381.75, 584750, 1189
1579, 0, 30, 66, 25, 0, 1.81%, 0, 0, 4, 383.53, 586666, 1189
1584, 0, 62, 66, 25, 0, 1.81%, 0, 0, 4, 459.55, 588991, 1189
1589, 0, 62, 66, 25, 0, 1.81%, 0, 0, 4, 397.62, 590928, 1189
1594, 0, 62, 66, 25, 0, 1.81%, 0, 0, 4, 365.99, 592729, 1189
1599, 0, 62, 66, 25, 0, 1.81%, 0, 0, 4, 380.77, 594721, 1189
1604, 0, 62, 66, 25, 0, 1.81%, 0, 0, 4, 371.01, 596614, 1189
1609, 0, 62, 66, 25, 0, 1.81%, 0, 0, 4, 295.82, 597916, 1189
1614, 0, 62, 66, 25, 0, 1.81%, 0, 0, 4, 385.52, 599975, 1189
1619, 0, 62, 66, 25, 0, 1.81%, 0, 0, 4, 287.02, 601199, 1189
1624, 0, 62, 66, 25, 0, 1.81%, 0, 0, 4, 352.20, 603087, 1189
1630, 0, 62, 66, 25, 0, 1.81%, 0, 0, 4, 411.00, 605227, 1189
1635, 0, 62, 66, 25, 0, 1.81%, 0, 0, 4, 378.86, 607117, 1189
1640, 0, 12, 66, 25, 0, 1.81%, 0, 0, 4, 400.57, 609112, 1189
1645, 0, 22, 66, 25, 0, 1.81%, 0, 0, 4, 392.36, 611151, 1189
1650, 0, 22, 66, 25, 0, 1.81%, 0, 0, 4, 377.76, 613131, 1189
1655, 0, 22, 66, 25, 0, 1.81%, 0, 0, 4, 388.62, 615086, 1189
1660, 0, 22, 66, 25, 0, 1.81%, 0, 0, 4, 386.01, 617027, 1189
1665, 0, 11, 66, 25, 0, 1.81%, 0, 0, 4, 395.75, 619147, 1189
1670, 0, 11, 66, 25, 0, 1.81%, 0, 0, 4, 363.34, 620960, 1189
1675, 0, 11, 66, 25, 0, 1.81%, 0, 0, 4, 357.94, 622770, 1189
1680, 0, 23, 66, 25, 0, 1.81%, 0, 0, 4, 366.98, 624611, 1189
1685, 0, 23, 66, 25, 0, 1.81%, 0, 0, 4, 385.36, 626555, 1189
1690, 0, 23, 66, 25, 0, 1.81%, 0, 0, 4, 370.50, 628401, 1189
1696, 0, 56, 66, 25, 0, 1.81%, 0, 0, 4, 385.62, 630377, 1189
1701, 0, 56, 66, 25, 0, 1.81%, 0, 0, 4, 380.10, 632453, 1189
1706, 0, 56, 66, 25, 0, 1.81%, 0, 0, 4, 355.43, 634095, 1189
1711, 0, 56, 66, 25, 0, 1.81%, 0, 0, 4, 347.24, 635771, 1189
1716, 0, 22, 66, 25, 0, 1.81%, 0, 0, 4, 331.66, 637286, 1189
1721, 0, 22, 66, 25, 0, 1.81%, 0, 0, 4, 354.09, 639170, 1189
1726, 0, 22, 66, 25, 0, 1.81%, 0, 0, 4, 369.31, 641041, 1189
1731, 0, 22, 66, 25, 0, 1.81%, 0, 0, 4, 365.88, 642858, 1189
1736, 0, 22, 66, 25, 0, 1.81%, 0, 0, 4, 375.87, 644878, 1189
1741, 0, 22, 66, 25, 0, 1.81%, 0, 0, 4, 347.39, 646545, 1189
1746, 0, 22, 66, 25, 0, 1.81%, 0, 0, 4, 365.36, 648447, 1189
1751, 0, 38, 66, 25, 0, 1.81%, 0, 0, 4, 374.09, 650388, 1189
1756, 0, 38, 66, 25, 0, 1.81%, 0, 0, 4, 333.33, 651926, 1189
1762, 0, 38, 66, 25, 0, 1.81%, 0, 0, 4, 365.43, 653870, 1189
1767, 0, 22, 66, 25, 0, 1.81%, 0, 0, 4, 381.52, 655832, 1189
1772, 0, 22, 66, 25, 0, 1.81%, 0, 0, 4, 386.69, 657831, 1189
1777, 0, 22, 66, 25, 0, 1.81%, 0, 0, 4, 364.57, 659648, 1189
1782, 0, 22, 66, 25, 0, 1.81%, 0, 0, 4, 384.48, 661603, 1189
1787, 0, 22, 66, 25, 0, 1.81%, 0, 0, 4, 392.99, 663583, 1189
1792, 0, 22, 66, 25, 0, 1.81%, 0, 0, 4, 370.73, 665438, 1189
1797, 0, 22, 66, 25, 0, 1.81%, 0, 0, 4, 367.09, 667311, 1189
1802, 0, 52, 66, 25, 0, 1.81%, 0, 0, 4, 402.51, 669416, 1189
1807, 0, 52, 66, 25, 0, 1.81%, 0, 0, 4, 390.01, 671430, 1189
1812, 0, 52, 66, 25, 0, 1.81%, 0, 0, 4, 376.45, 673392, 1189
1818, 1, 22, 66, 25, 0, 1.81%, 0, 0, 4, 372.22, 675268, 1189
1823, 1, 22, 66, 25, 0, 1.81%, 0, 0, 4, 382.28, 677251, 1189
1828, 1, 22, 66, 25, 0, 1.81%, 0, 0, 4, 357.76, 679061, 1189
1833, 1, 22, 66, 25, 0, 1.81%, 0, 0, 4, 364.74, 680988, 1189
1838, 1, 28, 66, 25, 0, 1.81%, 0, 0, 4, 369.14, 682906, 1189
1843, 1, 28, 67, 26, 0, 1.83%, 0, 0, 4, 386.77, 684888, 1197
1848, 1, 28, 67, 26, 0, 1.83%, 0, 0, 4, 386.47, 686859, 1197
1853, 1, 28, 67, 26, 0, 1.83%, 0, 0, 4, 369.78, 688700, 1197
1858, 1, 28, 67, 26, 0, 1.83%, 0, 0, 4, 365.42, 690536, 1197
1863, 1, 28, 67, 26, 0, 1.83%, 0, 0, 4, 394.94, 692480, 1197
1868, 1, 28, 67, 26, 0, 1.83%, 0, 0, 4, 456.08, 694918, 1197
1873, 1, 28, 67, 26, 0, 1.83%, 0, 0, 4, 389.38, 696802, 1197
1879, 1, 28, 67, 26, 0, 1.83%, 0, 0, 4, 375.30, 698760, 1197
1884, 1, 28, 67, 26, 0, 1.83%, 0, 0, 4, 373.57, 700655, 1197
1889, 1, 28, 67, 26, 0, 1.83%, 0, 0, 4, 354.71, 702480, 1197
1894, 1, 66, 67, 26, 1, 1.83%, 0, 0, 4, 357.14, 704263, 1197
1899, 1, 66, 68, 27, 1, 1.83%, 0, 0, 4, 372.56, 706152, 1198
1904, 1, 66, 68, 27, 1, 1.83%, 0, 0, 4, 383.68, 708185, 1198
1909, 1, 66, 68, 27, 1, 1.83%, 0, 0, 4, 375.64, 710122, 1198
1914, 1, 66, 68, 27, 1, 1.83%, 0, 0, 4, 390.58, 712180, 1198
1919, 1, 66, 68, 27, 1, 1.83%, 0, 0, 4, 399.31, 714202, 1198
1924, 1, 66, 68, 27, 1, 1.83%, 0, 0, 4, 374.92, 716072, 1198
1930, 1, 66, 68, 27, 1, 1.83%, 0, 0, 4, 398.45, 718101, 1198
1935, 1, 22, 68, 26, 1, 1.83%, 0, 0, 4, 402.11, 720157, 1198
1940, 1, 22, 68, 26, 1, 1.83%, 0, 0, 4, 382.00, 722125, 1198
1945, 1, 22, 68, 26, 1, 1.83%, 0, 0, 4, 382.58, 724038, 1198
1950, 1, 22, 68, 26, 1, 1.83%, 0, 0, 4, 378.44, 725914, 1198
1955, 1, 22, 68, 26, 1, 1.83%, 0, 0, 4, 360.15, 727763, 1198
1960, 1, 22, 68, 26, 1, 1.83%, 0, 0, 4, 350.55, 729558, 1198
1965, 1, 22, 68, 26, 1, 1.83%, 0, 0, 4, 358.56, 731430, 1198
1970, 1, 22, 68, 26, 1, 1.83%, 0, 0, 4, 319.26, 733195, 1198
1976, 1, 22, 68, 26, 1, 1.83%, 0, 0, 4, 349.12, 735059, 1198
1981, 1, 22, 68, 26, 1, 1.83%, 0, 0, 4, 352.47, 736864, 1198
1986, 1, 38, 68, 26, 1, 1.83%, 0, 0, 4, 374.33, 738757, 1198
1991, 1, 38, 68, 26, 1, 1.83%, 0, 0, 4, 372.39, 740639, 1198
1996, 1, 38, 68, 26, 1, 1.83%, 0, 0, 4, 369.70, 742491, 1198
2001, 1, 67, 68, 26, 1, 1.83%, 0, 0, 4, 352.15, 744271, 1198
2006, 1, 67, 68, 26, 1, 1.83%, 0, 0, 4, 361.35, 746112, 1198
2011, 1, 67, 68, 26, 1, 1.83%, 0, 0, 4, 358.66, 747935, 1198
2016, 1, 67, 68, 26, 1, 1.83%, 0, 0, 4, 364.07, 749773, 1198
2021, 1, 67, 68, 26, 1, 1.83%, 0, 0, 4, 372.33, 751705, 1198
2026, 1, 67, 68, 26, 1, 1.83%, 0, 0, 4, 428.28, 753923, 1198
2031, 1, 67, 68, 26, 1, 1.83%, 0, 0, 4, 404.48, 756012, 1198
2036, 1, 67, 68, 26, 1, 1.83%, 0, 0, 4, 388.39, 757933, 1198
2042, 1, 67, 68, 26, 1, 1.83%, 0, 0, 4, 440.06, 760161, 1198
2047, 1, 67, 68, 26, 1, 1.83%, 0, 0, 4, 388.76, 762185, 1198
2052, 1, 67, 68, 26, 1, 1.83%, 0, 0, 4, 360.09, 763915, 1198
2057, 1, 67, 68, 26, 1, 1.83%, 0, 0, 4, 405.07, 765996, 1198
2062, 1, 67, 68, 26, 1, 1.83%, 0, 0, 4, 395.80, 768028, 1198
2067, 1, 22, 68, 25, 0, 1.83%, 0, 0, 4, 385.16, 769927, 1198
2072, 1, 22, 68, 25, 0, 1.83%, 0, 0, 4, 368.73, 771832, 1198
2077, 1, 22, 68, 25, 0, 1.83%, 0, 0, 4, 356.10, 773649, 1198
2082, 1, 22, 68, 25, 0, 1.83%, 0, 0, 4, 370.16, 775527, 1198
2087, 1, 34, 68, 25, 0, 1.83%, 0, 0, 4, 380.99, 777493, 1198
2092, 1, 22, 68, 25, 0, 1.83%, 0, 0, 4, 385.61, 779433, 1198
2097, 1, 22, 68, 25, 0, 1.83%, 0, 0, 4, 364.95, 781220, 1198
2102, 1, 22, 68, 25, 0, 1.83%, 0, 0, 4, 375.82, 783140, 1198
2107, 1, 22, 68, 25, 0, 1.83%, 0, 0, 4, 372.74, 785002, 1198
2112, 1, 22, 68, 25, 0, 1.83%, 0, 0, 4, 385.90, 787068, 1198
2118, 1, 22, 68, 25, 0, 1.83%, 0, 0, 4, 357.88, 788862, 1198
2123, 1, 11, 68, 25, 0, 1.83%, 0, 0, 4, 380.73, 790782, 1198
2128, 1, 11, 68, 25, 0, 1.83%, 0, 0, 4, 398.92, 792879, 1198
2133, 1, 11, 68, 25, 0, 1.83%, 0, 0, 4, 392.21, 794876, 1198
2138, 1, 11, 68, 25, 0, 1.83%, 0, 0, 4, 383.25, 796936, 1198
2143, 1, 22, 68, 25, 0, 1.83%, 0, 0, 4, 391.68, 798907, 1198
2148, 1, 22, 68, 25, 0, 1.83%, 0, 0, 4, 376.01, 800780, 1198
2153, 1, 22, 68, 25, 0, 1.83%, 0, 0, 4, 364.41, 802644, 1198
2158, 1, 38, 68, 25, 0, 1.83%, 0, 0, 4, 371.52, 804466, 1198
2163, 1, 38, 69, 26, 0, 2.25%, 0, 0, 4, 347.26, 806257, 1477
2168, 1, 38, 69, 26, 0, 2.25%, 0, 0, 4, 386.79, 808171, 1477
2173, 1, 38, 69, 26, 0, 2.25%, 0, 0, 4, 362.56, 810094, 1477
2179, 1, 68, 70, 27, 1, 2.25%, 0, 0, 4, 314.72, 811482, 1477
2184, 1, 68, 70, 27, 1, 2.25%, 0, 0, 4, 225.59, 812522, 1477
2189, 1, 68, 70, 27, 1, 2.25%, 0, 0, 4, 274.63, 813915, 1477
2194, 1, 68, 70, 27, 1, 2.25%, 0, 0, 4, 333.85, 815652, 1477
2199, 1, 68, 70, 27, 1, 2.25%, 0, 0, 4, 297.20, 816999, 1477
2204, 1, 68, 70, 27, 1, 2.25%, 0, 0, 4, 352.24, 818873, 1477
2209, 1, 69, 70, 26, 1, 2.25%, 0, 0, 4, 378.28, 820831, 1477
2214, 1, 69, 70, 26, 1, 2.25%, 0, 0, 4, 467.20, 823305, 1477
2220, 1, 69, 71, 27, 1, 2.27%, 0, 0, 5, 484.39, 825815, 1489
2225, 1, 69, 71, 27, 1, 2.27%, 0, 0, 5, 481.71, 828300, 1489
2230, 1, 69, 71, 27, 1, 2.27%, 0, 0, 5, 477.52, 830766, 1489
2235, 1, 69, 71, 27, 1, 2.27%, 0, 0, 5, 393.48, 832660, 1489
2240, 1, 69, 71, 27, 1, 2.27%, 0, 0, 5, 383.50, 834544, 1489
2245, 1, 69, 71, 27, 1, 2.27%, 0, 0, 5, 371.00, 836410, 1489
2250, 1, 69, 71, 27, 1, 2.27%, 0, 0, 5, 377.81, 838322, 1489
2255, 1, 69, 71, 27, 1, 2.27%, 0, 0, 5, 383.61, 840225, 1489
2260, 1, 69, 71, 27, 1, 2.27%, 0, 0, 5, 373.53, 842093, 1489
2265, 1, 69, 71, 27, 1, 2.27%, 0, 0, 5, 377.37, 843998, 1489
2270, 1, 69, 71, 27, 1, 2.27%, 0, 0, 5, 403.77, 846071, 1489
2275, 1, 70, 71, 26, 1, 2.27%, 0, 0, 5, 440.55, 848213, 1489
2281, 1, 70, 71, 26, 1, 2.27%, 0, 0, 5, 476.61, 850759, 1489
2286, 1, 70, 71, 26, 1, 2.27%, 0, 0, 5, 396.22, 852726, 1489
2291, 1, 70, 71, 26, 1, 2.27%, 0, 0, 5, 382.40, 854596, 1489
2296, 1, 70, 71, 26, 1, 2.27%, 0, 0, 5, 376.26, 856548, 1489
2301, 1, 70, 71, 26, 1, 2.27%, 0, 0, 5, 402.43, 858677, 1489
2306, 1, 70, 71, 26, 1, 2.27%, 0, 0, 5, 389.03, 860652, 1489
2311, 1, 70, 71, 26, 1, 2.27%, 0, 0, 5, 371.54, 862504, 1489
2316, 1, 70, 71, 26, 1, 2.27%, 0, 0, 5, 375.24, 864409, 1489
2321, 1, 70, 71, 26, 1, 2.27%, 0, 0, 5, 377.49, 866293, 1489
2326, 1, 70, 71, 26, 1, 2.27%, 0, 0, 5, 366.71, 868131, 1489
2331, 1, 60, 71, 25, 0, 2.27%, 0, 0, 5, 371.98, 870015, 1489
2336, 1, 60, 71, 25, 0, 2.27%, 0, 0, 5, 375.96, 871973, 1489
2341, 1, 60, 71, 25, 0, 2.27%, 0, 0, 5, 390.72, 873913, 1489
2346, 1, 60, 71, 25, 0, 2.27%, 0, 0, 5, 367.67, 875860, 1489
2351, 1, 45, 71, 25, 0, 2.27%, 0, 0, 5, 447.56, 878139, 1489
2357, 1, 45, 71, 25, 0, 2.27%, 0, 0, 5, 394.07, 880085, 1489
2362, 1, 45, 71, 25, 0, 2.27%, 0, 0, 5, 371.35, 881921, 1489
2367, 1, 45, 71, 25, 0, 2.27%, 0, 0, 5, 372.93, 883817, 1489
2372, 1, 45, 71, 25, 0, 2.27%, 0, 0, 5, 344.90, 885554, 1489
2377, 1, 45, 71, 25, 0, 2.27%, 0, 0, 5, 364.14, 887383, 1489
2382, 1, 45, 71, 25, 0, 2.27%, 0, 0, 5, 373.79, 889278, 1489
2387, 1, 45, 71, 25, 0, 2.27%, 0, 0, 5, 392.63, 891285, 1489
2392, 1, 45, 71, 25, 0, 2.27%, 0, 0, 5, 380.17, 893159, 1489
2397, 1, 45, 71, 25, 0, 2.27%, 0, 0, 5, 395.40, 895176, 1489
2402, 1, 22, 71, 25, 0, 2.27%, 0, 0, 5, 313.32, 896501, 1489
2407, 1, 22, 71, 25, 0, 2.27%, 0, 0, 5, 354.33, 898424, 1489
2412, 1, 22, 71, 25, 0, 2.27%, 0, 0, 5, 347.63, 900323, 1489
2417, 1, 22, 71, 25, 0, 2.27%, 0, 0, 5, 348.17, 902038, 1489
2422, 1, 12, 71, 25, 0, 2.27%, 0, 0, 5, 398.15, 904096, 1489
2428, 1, 70, 71, 25, 0, 2.27%, 0, 0, 5, 471.89, 906568, 1489
2433, 1, 70, 71, 25, 0, 2.27%, 0, 0, 5, 483.49, 908999, 1489
2438, 1, 70, 71, 25, 0, 2.27%, 0, 0, 5, 367.34, 910790, 1489
2443, 1, 70, 71, 25, 0, 2.27%, 0, 0, 5, 342.46, 912456, 1489
2448, 1, 70, 71, 25, 0, 2.27%, 0, 0, 5, 358.87, 914355, 1489
2453, 1, 70, 71, 25, 0, 2.27%, 0, 0, 5, 387.84, 916374, 1489
2458, 1, 70, 71, 25, 0, 2.27%, 0, 0, 5, 422.73, 918443, 1489
2463, 1, 70, 71, 25, 0, 2.27%, 0, 0, 5, 381.54, 920295, 1489
2468, 1, 70, 71, 25, 0, 2.27%, 0, 0, 5, 371.75, 922162, 1489
2473, 1, 70, 71, 25, 0, 2.27%, 0, 0, 5, 344.48, 923865, 1489
2478, 1, 70, 71, 25, 0, 2.27%, 0, 0, 5, 384.95, 925803, 1489
2483, 1, 70, 71, 25, 0, 2.27%, 0, 0, 5, 327.73, 927407, 1489
2488, 1, 70, 71, 25, 0, 2.27%, 0, 0, 5, 371.96, 929318, 1489
2494, 1, 49, 71, 25, 0, 2.27%, 0, 0, 5, 383.88, 931304, 1489
2499, 1, 49, 71, 25, 0, 2.27%, 0, 0, 5, 330.92, 932901, 1489
2504, 1, 49, 71, 25, 0, 2.27%, 0, 0, 5, 311.25, 934473, 1489
2509, 1, 42, 71, 24, 0, 2.27%, 0, 0, 5, 312.77, 936069, 1489
2514, 1, 42, 71, 24, 0, 2.27%, 0, 0, 5, 292.24, 937494, 1489
2519, 1, 42, 71, 24, 0, 2.27%, 0, 0, 5, 356.22, 939384, 1489
2524, 1, 42, 71, 24, 0, 2.27%, 0, 0, 5, 358.77, 941182, 1489
2529, 1, 22, 71, 23, 0, 2.27%, 0, 0, 5, 398.36, 943238, 1489
2534, 1, 22, 71, 23, 0, 2.27%, 0, 0, 5, 385.63, 945176, 1489
2539, 1, 22, 71, 23, 0, 2.27%, 0, 0, 5, 356.88, 946956, 1489
2544, 1, 22, 71, 23, 0, 2.27%, 0, 0, 5, 359.65, 948780, 1489
2550, 1, 22, 71, 23, 0, 2.27%, 0, 0, 5, 381.68, 950835, 1489
2555, 1, 22, 71, 23, 0, 2.27%, 0, 0, 5, 343.85, 952576, 1489
2560, 1, 22, 71, 23, 0, 2.27%, 0, 0, 5, 366.55, 954439, 1489
2565, 1, 70, 71, 23, 0, 2.27%, 0, 0, 5, 453.44, 956766, 1489
2570, 1, 70, 71, 23, 0, 2.27%, 0, 0, 5, 395.12, 958745, 1489
2575, 1, 70, 71, 23, 0, 2.27%, 0, 0, 5, 375.79, 960596, 1489
2580, 1, 70, 71, 23, 0, 2.27%, 0, 0, 5, 370.29, 962341, 1489
2585, 1, 70, 71, 23, 0, 2.27%, 0, 0, 5, 329.64, 963921, 1489
2590, 1, 70, 72, 24, 0, 2.27%, 0, 0, 6, 337.46, 965513, 1489
2595, 1, 70, 72, 24, 0, 2.27%, 0, 0, 6, 366.84, 967397, 1489
2600, 1, 60, 72, 24, 0, 2.27%, 0, 0, 6, 360.27, 969180, 1489
2605, 1, 60, 72, 24, 0, 2.27%, 0, 0, 6, 379.94, 971133, 1489
2610, 1, 60, 72, 24, 0, 2.27%, 0, 0, 6, 374.28, 973057, 1489
2615, 1, 60, 72, 24, 0, 2.27%, 0, 0, 6, 392.64, 975177, 1489
2620, 1, 22, 72, 24, 0, 2.27%, 0, 0, 6, 373.25, 977029, 1489
2625, 1, 22, 72, 24, 0, 2.27%, 0, 0, 6, 362.94, 978809, 1489
2631, 1, 22, 72, 24, 0, 2.27%, 0, 0, 6, 363.02, 980673, 1489
2636, 1, 22, 72, 24, 0, 2.27%, 0, 0, 6, 355.78, 982450, 1489
2641, 1, 22, 72, 24, 0, 2.27%, 0, 0, 6, 385.21, 984496, 1489
2646, 1, 22, 72, 24, 0, 2.27%, 0, 0, 6, 349.71, 986191, 1489
2651, 1, 22, 72, 24, 0, 2.27%, 0, 0, 6, 369.49, 988128, 1489
2656, 1, 53, 72, 24, 0, 2.27%, 0, 0, 6, 406.25, 990270, 1489
2661, 1, 53, 72, 24, 0, 2.27%, 0, 0, 6, 386.92, 992212, 1489
2666, 1, 53, 72, 24, 0, 2.27%, 0, 0, 6, 445.27, 994434, 1489
2671, 1, 53, 72, 24, 0, 2.27%, 0, 0, 6, 399.95, 996554, 1489
2676, 1, 53, 72, 24, 0, 2.27%, 0, 0, 6, 384.39, 998461, 1489
2681, 1, 53, 72, 24, 0, 2.27%, 0, 0, 6, 372.42, 1000328, 1489
2687, 1, 53, 72, 24, 0, 2.27%, 0, 0, 6, 378.58, 1002277, 1489
2692, 1, 53, 72, 24, 0, 2.27%, 0, 0, 6, 388.70, 1004221, 1489
2697, 1, 53, 72, 24, 0, 2.27%, 0, 0, 6, 359.99, 1005961, 1489
2702, 1, 53, 72, 24, 0, 2.27%, 0, 0, 6, 359.95, 1007806, 1489
2707, 1, 53, 72, 24, 0, 2.27%, 0, 0, 6, 357.55, 1009575, 1489
2712, 1, 53, 72, 24, 0, 2.27%, 0, 0, 6, 411.23, 1011766, 1489
2717, 1, 53, 72, 24, 0, 2.27%, 0, 0, 6, 367.17, 1013566, 1489
2722, 1, 22, 72, 24, 0, 2.27%, 0, 0, 6, 393.01, 1015541, 1489
2727, 1, 22, 72, 24, 0, 2.27%, 0, 0, 6, 372.68, 1017374, 1489
2732, 1, 22, 72, 24, 0, 2.27%, 0, 0, 6, 386.88, 1019343, 1489
2737, 1, 70, 72, 24, 0, 2.27%, 0, 0, 6, 434.88, 1021458, 1489
2742, 1, 70, 72, 24, 0, 2.27%, 0, 0, 6, 411.05, 1023594, 1489
2747, 1, 70, 72, 24, 0, 2.27%, 0, 0, 6, 376.95, 1025463, 1489
2752, 1, 70, 72, 24, 0, 2.27%, 0, 0, 6, 349.95, 1027199, 1489
2757, 1, 70, 72, 24, 0, 2.27%, 0, 0, 6, 351.72, 1028975, 1489
2762, 1, 70, 72, 24, 0, 2.27%, 0, 0, 6, 357.82, 1030812, 1489
2767, 1, 70, 72, 24, 0, 2.27%, 0, 0, 6, 359.42, 1032614, 1489
2772, 1, 60, 72, 24, 0, 2.27%, 0, 0, 6, 380.39, 1034445, 1489
2777, 1, 60, 73, 25, 0, 2.28%, 0, 0, 6, 384.27, 1036304, 1493
2782, 1, 60, 73, 25, 0, 2.28%, 0, 0, 6, 379.85, 1038236, 1493
2788, 1, 60, 73, 25, 0, 2.28%, 0, 0, 6, 379.37, 1040211, 1493
2793, 1, 72, 73, 25, 1, 2.28%, 0, 0, 6, 395.18, 1042218, 1493
2798, 1, 72, 73, 25, 1, 2.28%, 0, 0, 6, 393.89, 1044281, 1493
2803, 1, 72, 73, 25, 1, 2.28%, 0, 0, 6, 366.28, 1046044, 1493
2808, 1, 70, 73, 24, 0, 2.28%, 0, 0, 6, 455.28, 1048409, 1493
2813, 1, 70, 73, 24, 0, 2.28%, 0, 0, 6, 428.83, 1050456, 1493
2818, 1, 70, 73, 24, 0, 2.28%, 0, 0, 6, 402.79, 1052395, 1493
2823, 1, 70, 73, 24, 0, 2.28%, 0, 0, 6, 378.34, 1054281, 1493
2828, 1, 70, 73, 24, 0, 2.28%, 0, 0, 6, 370.80, 1056153, 1493
2833, 1, 70, 73, 24, 0, 2.28%, 0, 0, 6, 374.47, 1058039, 1493
2838, 1, 70, 73, 24, 0, 2.28%, 0, 0, 6, 442.66, 1060286, 1493
2843, 1, 70, 73, 24, 0, 2.28%, 0, 0, 6, 409.67, 1062482, 1493
2848, 1, 70, 73, 24, 0, 2.28%, 0, 0, 6, 386.98, 1064488, 1493
2854, 1, 70, 73, 24, 0, 2.28%, 0, 0, 6, 364.11, 1066332, 1493
2859, 1, 70, 73, 24, 0, 2.28%, 0, 0, 6, 368.08, 1068183, 1493
2864, 1, 70, 73, 24, 0, 2.28%, 0, 0, 6, 397.70, 1070200, 1493
2869, 1, 60, 73, 24, 0, 2.28%, 0, 0, 6, 368.84, 1072053, 1493
2874, 1, 60, 73, 24, 0, 2.28%, 0, 0, 6, 376.96, 1074029, 1493
2879, 1, 60, 73, 24, 0, 2.28%, 0, 0, 6, 373.87, 1075955, 1493
2884, 1, 60, 73, 24, 0, 2.28%, 0, 0, 6, 374.93, 1077867, 1493
2889, 1, 70, 73, 24, 0, 2.28%, 0, 0, 6, 429.83, 1080031, 1493
2894, 1, 70, 73, 24, 0, 2.28%, 0, 0, 6, 411.91, 1082199, 1493
2900, 1, 70, 73, 24, 0, 2.28%, 0, 0, 6, 304.62, 1083735, 1493
2905, 1, 70, 73, 24, 0, 2.28%, 0, 0, 6, 355.03, 1085490, 1493
2910, 1, 70, 73, 24, 0, 2.28%, 0, 0, 6, 354.09, 1087341, 1493
2915, 1, 70, 73, 24, 0, 2.28%, 0, 0, 6, 366.16, 1089196, 1493
2920, 1, 70, 73, 24, 0, 2.28%, 0, 0, 6, 355.87, 1091014, 1493
2925, 1, 70, 73, 24, 0, 2.28%, 0, 0, 6, 438.55, 1093202, 1493
2930, 1, 70, 73, 24, 0, 2.28%, 0, 0, 6, 402.93, 1095278, 1493
2935, 1, 70, 73, 24, 0, 2.28%, 0, 0, 6, 377.98, 1097155, 1493
2940, 1, 70, 73, 24, 0, 2.28%, 0, 0, 6, 409.95, 1099396, 1493
2945, 1, 70, 73, 24, 0, 2.28%, 0, 0, 6, 383.65, 1101242, 1493
2950, 1, 70, 73, 24, 0, 2.28%, 0, 0, 6, 376.83, 1103128, 1493
2955, 1, 38, 73, 24, 0, 2.28%, 0, 0, 6, 373.90, 1105000, 1493
2960, 1, 38, 73, 24, 0, 2.28%, 0, 0, 6, 343.04, 1106772, 1493
2965, 1, 38, 73, 24, 0, 2.28%, 0, 0, 6, 366.53, 1108669, 1493
2970, 1, 38, 73, 24, 0, 2.28%, 0, 0, 6, 367.69, 1110540, 1493
2975, 1, 25, 73, 24, 0, 2.28%, 0, 0, 6, 363.33, 1112377, 1493
2980, 1, 25, 73, 24, 0, 2.28%, 0, 0, 6, 376.74, 1114265, 1493
2985, 1, 25, 73, 24, 0, 2.28%, 0, 0, 6, 380.29, 1116202, 1493
2990, 1, 25, 73, 24, 0, 2.28%, 0, 0, 6, 370.12, 1118043, 1493
2995, 1, 25, 73, 24, 0, 2.28%, 0, 0, 6, 329.26, 1119774, 1493
3001, 1, 25, 73, 24, 0, 2.28%, 0, 0, 6, 234.10, 1120823, 1493
3006, 1, 25, 73, 24, 0, 2.28%, 0, 0, 6, 244.81, 1122096, 1493
3011, 1, 25, 73, 24, 0, 2.28%, 0, 0, 6, 347.25, 1124013, 1493
3016, 1, 25, 73, 24, 0, 2.28%, 0, 0, 6, 365.57, 1125891, 1493
3021, 1, 25, 73, 24, 0, 2.28%, 0, 0, 6, 373.68, 1127791, 1493
3026, 1, 25, 73, 24, 0, 2.28%, 0, 0, 6, 367.53, 1129630, 1493
3031, 1, 25, 73, 24, 0, 2.28%, 0, 0, 6, 375.03, 1131509, 1493
3036, 1, 25, 73, 24, 0, 2.28%, 0, 0, 6, 343.87, 1133158, 1493
3041, 1, 25, 73, 24, 0, 2.28%, 0, 0, 6, 362.22, 1135068, 1493
3046, 1, 22, 73, 24, 0, 2.28%, 0, 0, 6, 342.30, 1136833, 1493
3052, 1, 22, 73, 24, 0, 2.28%, 0, 0, 6, 382.30, 1138883, 1493
3057, 1, 22, 73, 24, 0, 2.28%, 0, 0, 6, 376.33, 1140773, 1493
3062, 1, 22, 73, 24, 0, 2.28%, 0, 0, 6, 371.52, 1142606, 1493
3067, 1, 22, 73, 24, 0, 2.28%, 0, 0, 6, 391.14, 1144649, 1493
3072, 1, 22, 73, 24, 0, 2.28%, 0, 0, 6, 351.39, 1146233, 1493
3077, 1, 22, 73, 24, 0, 2.28%, 0, 0, 6, 374.82, 1148116, 1493
3082, 1, 57, 73, 24, 0, 2.28%, 0, 0, 6, 413.40, 1150149, 1493
3087, 1, 57, 73, 24, 0, 2.28%, 0, 0, 6, 368.37, 1151956, 1493
3092, 1, 57, 73, 24, 0, 2.28%, 0, 0, 6, 398.13, 1154025, 1493
3097, 1, 57, 73, 24, 0, 2.28%, 0, 0, 6, 399.68, 1156037, 1493
3102, 1, 57, 73, 24, 0, 2.28%, 0, 0, 6, 397.72, 1158017, 1493
3107, 1, 22, 73, 24, 0, 2.28%, 0, 0, 6, 410.31, 1160148, 1493
3112, 1, 22, 73, 24, 0, 2.28%, 0, 0, 6, 379.22, 1161991, 1493
3117, 1, 22, 73, 24, 0, 2.28%, 0, 0, 6, 385.69, 1163953, 1493
3122, 1, 60, 73, 24, 0, 2.28%, 0, 0, 6, 376.08, 1165889, 1493
3127, 1, 60, 73, 24, 0, 2.28%, 0, 0, 6, 388.47, 1167854, 1493
3133, 1, 60, 73, 24, 0, 2.28%, 0, 0, 6, 386.35, 1169808, 1493
3138, 1, 60, 73, 24, 0, 2.28%, 0, 0, 6, 342.74, 1171513, 1493
3143, 1, 70, 73, 24, 0, 2.28%, 0, 0, 6, 414.55, 1173550, 1493
3148, 1, 70, 73, 24, 0, 2.28%, 0, 0, 6, 408.89, 1175710, 1493
3153, 1, 70, 73, 24, 0, 2.28%, 0, 0, 6, 378.75, 1177595, 1493
3158, 1, 70, 73, 24, 0, 2.28%, 0, 0, 6, 372.93, 1179450, 1493
3163, 1, 70, 73, 24, 0, 2.28%, 0, 0, 6, 362.37, 1181205, 1493
3168, 1, 70, 73, 24, 0, 2.28%, 0, 0, 6, 393.41, 1183322, 1493
3173, 1, 70, 73, 24, 0, 2.28%, 0, 0, 6, 371.23, 1185173, 1493
3178, 1, 70, 73, 24, 0, 2.28%, 0, 0, 6, 462.61, 1187648, 1493
3183, 1, 70, 73, 24, 0, 2.28%, 0, 0, 6, 385.20, 1189512, 1493
3188, 1, 70, 73, 24, 0, 2.28%, 0, 0, 6, 386.76, 1191545, 1493
3193, 1, 70, 73, 24, 0, 2.28%, 0, 0, 6, 356.87, 1193347, 1493
3199, 1, 70, 73, 24, 0, 2.28%, 0, 0, 6, 374.31, 1195282, 1493
3204, 1, 70, 73, 24, 0, 2.28%, 0, 0, 6, 350.81, 1197084, 1493
3209, 1, 22, 73, 24, 0, 2.28%, 0, 0, 6, 348.89, 1198730, 1493
3214, 1, 22, 73, 24, 0, 2.28%, 0, 0, 6, 384.30, 1200861, 1493
3219, 1, 22, 73, 24, 0, 2.28%, 0, 0, 6, 391.00, 1202830, 1493
3224, 1, 22, 73, 24, 0, 2.28%, 0, 0, 6, 353.31, 1204535, 1493
3229, 1, 56, 73, 24, 0, 2.28%, 0, 0, 6, 336.68, 1206396, 1493
3234, 1, 56, 74, 25, 0, 2.38%, 0, 0, 6, 282.69, 1207786, 1558
3239, 1, 56, 74, 25, 0, 2.38%, 0, 0, 6, 306.81, 1209330, 1558
3244, 1, 56, 74, 25, 0, 2.38%, 0, 0, 6, 361.05, 1210995, 1558
3249, 1, 73, 74, 25, 1, 2.38%, 0, 0, 6, 360.02, 1212811, 1558
3254, 1, 73, 74, 25, 1, 2.38%, 0, 0, 6, 411.95, 1214900, 1558
3259, 1, 73, 74, 25, 1, 2.38%, 0, 0, 6, 341.80, 1216600, 1558
3264, 1, 73, 74, 25, 1, 2.38%, 0, 0, 6, 355.30, 1218348, 1558
3270, 1, 73, 74, 25, 1, 2.38%, 0, 0, 6, 401.14, 1220564, 1558
3275, 1, 73, 74, 25, 1, 2.38%, 0, 0, 6, 382.45, 1222522, 1558
3280, 1, 73, 74, 25, 1, 2.38%, 0, 0, 6, 423.81, 1224652, 1558
3285, 1, 73, 74, 25, 1, 2.38%, 0, 0, 6, 382.42, 1226531, 1558
3290, 1, 73, 74, 25, 1, 2.38%, 0, 0, 6, 363.56, 1228366, 1558
3295, 1, 73, 75, 26, 1, 2.38%, 0, 0, 6, 320.10, 1229928, 1558
3300, 1, 73, 75, 26, 1, 2.38%, 0, 0, 6, 323.62, 1231588, 1558
3305, 1, 73, 75, 26, 1, 2.38%, 0, 0, 6, 362.86, 1233465, 1558
3310, 1, 13, 75, 25, 0, 2.38%, 0, 0, 6, 338.11, 1235134, 1558
3315, 1, 13, 75, 25, 0, 2.38%, 0, 0, 6, 366.07, 1237054, 1558
3320, 1, 13, 75, 25, 0, 2.38%, 0, 0, 6, 382.00, 1239030, 1558
3325, 1, 13, 75, 25, 0, 2.38%, 0, 0, 6, 371.09, 1240908, 1558
3330, 1, 11, 75, 25, 0, 2.38%, 0, 0, 6, 396.26, 1242806, 1558
3335, 1, 11, 75, 25, 0, 2.38%, 0, 0, 6, 352.08, 1244586, 1558
3340, 1, 11, 75, 25, 0, 2.38%, 0, 0, 6, 362.75, 1246436, 1558
3346, 1, 39, 75, 25, 0, 2.38%, 0, 0, 6, 424.78, 1248581, 1558
3351, 1, 62, 75, 24, 0, 2.38%, 0, 0, 6, 435.11, 1250722, 1558
3356, 1, 62, 75, 24, 0, 2.38%, 0, 0, 6, 393.47, 1252713, 1558
3361, 1, 62, 75, 24, 0, 2.38%, 0, 0, 6, 309.87, 1254267, 1558
3366, 1, 62, 75, 24, 0, 2.38%, 0, 0, 6, 357.75, 1256182, 1558
3371, 1, 56, 75, 24, 0, 2.38%, 0, 0, 6, 412.45, 1258246, 1558
3376, 1, 56, 75, 24, 0, 2.38%, 0, 0, 6, 390.68, 1260256, 1558
3381, 1, 56, 75, 24, 0, 2.38%, 0, 0, 6, 363.44, 1262057, 1558
3386, 1, 38, 75, 24, 0, 2.38%, 0, 0, 6, 344.82, 1263662, 1558
3391, 1, 38, 75, 24, 0, 2.38%, 0, 0, 6, 340.03, 1265416, 1558
3396, 1, 38, 75, 24, 0, 2.38%, 0, 0, 6, 356.63, 1267209, 1558
3401, 1, 38, 75, 24, 0, 2.38%, 0, 0, 6, 375.03, 1269157, 1558
3406, 1, 70, 75, 24, 0, 2.38%, 0, 0, 6, 445.29, 1271392, 1558
3412, 1, 70, 75, 24, 0, 2.38%, 0, 0, 6, 370.97, 1273301, 1558
3417, 1, 70, 75, 24, 0, 2.38%, 0, 0, 6, 366.49, 1275164, 1558
3422, 1, 70, 75, 24, 0, 2.38%, 0, 0, 6, 379.16, 1277134, 1558
3427, 1, 70, 75, 24, 0, 2.38%, 0, 0, 6, 376.38, 1279013, 1558
3432, 1, 70, 75, 24, 0, 2.38%, 0, 0, 6, 396.00, 1281060, 1558
3437, 1, 34, 75, 24, 0, 2.38%, 0, 0, 6, 379.61, 1282960, 1558
3442, 1, 34, 75, 24, 0, 2.38%, 0, 0, 6, 374.11, 1284874, 1558
3447, 1, 25, 75, 24, 0, 2.38%, 0, 0, 6, 368.87, 1286781, 1558
3453, 1, 25, 75, 24, 0, 2.38%, 0, 0, 6, 382.05, 1288767, 1558
3458, 1, 25, 75, 24, 0, 2.38%, 0, 0, 6, 373.03, 1290662, 1558
3463, 1, 25, 75, 24, 0, 2.38%, 0, 0, 6, 380.04, 1292542, 1558
3468, 1, 25, 75, 24, 0, 2.38%, 0, 0, 6, 412.61, 1294585, 1558
3473, 1, 25, 75, 24, 0, 2.38%, 0, 0, 6, 385.00, 1296463, 1558
3478, 1, 25, 75, 24, 0, 2.38%, 0, 0, 6, 373.98, 1298393, 1558
3483, 1, 25, 75, 24, 0, 2.38%, 0, 0, 6, 380.42, 1300285, 1558
3488, 1, 25, 75, 24, 0, 2.38%, 0, 0, 6, 363.62, 1302153, 1558
3493, 1, 25, 75, 24, 0, 2.38%, 0, 0, 6, 364.16, 1304013, 1558
3498, 1, 25, 75, 24, 0, 2.38%, 0, 0, 6, 378.84, 1305948, 1558
3503, 1, 25, 75, 24, 0, 2.38%, 0, 0, 6, 369.72, 1307808, 1558
3508, 1, 25, 75, 24, 0, 2.38%, 0, 0, 6, 390.88, 1309792, 1558
3514, 1, 12, 75, 24, 0, 2.38%, 0, 0, 6, 422.50, 1312039, 1558
3519, 1, 22, 75, 24, 0, 2.38%, 0, 0, 6, 395.95, 1313983, 1558
3524, 1, 22, 75, 24, 0, 2.38%, 0, 0, 6, 384.78, 1315919, 1558
3529, 1, 22, 75, 24, 0, 2.38%, 0, 0, 6, 372.73, 1317787, 1558
3534, 1, 56, 75, 24, 0, 2.38%, 0, 0, 6, 377.41, 1319693, 1558
3539, 1, 56, 75, 24, 0, 2.38%, 0, 0, 6, 424.94, 1322031, 1558
3544, 1, 56, 75, 24, 0, 2.38%, 0, 0, 6, 372.20, 1323780, 1558
3549, 1, 56, 75, 24, 0, 2.38%, 0, 0, 6, 362.45, 1325665, 1558
3554, 1, 12, 75, 24, 0, 2.38%, 0, 0, 6, 409.19, 1327788, 1558
3559, 1, 50, 75, 24, 0, 2.38%, 0, 0, 6, 468.86, 1330178, 1558
3565, 1, 50, 75, 24, 0, 2.38%, 0, 0, 6, 409.47, 1332282, 1558
3570, 1, 50, 75, 24, 0, 2.38%, 0, 0, 6, 376.59, 1334135, 1558
3575, 1, 50, 75, 24, 0, 2.38%, 0, 0, 6, 369.58, 1335980, 1558
3580, 1, 50, 75, 24, 0, 2.38%, 0, 0, 6, 367.84, 1337847, 1558
3585, 1, 50, 75, 24, 0, 2.38%, 0, 0, 6, 348.18, 1339649, 1558
3590, 1, 50, 75, 24, 0, 2.38%, 0, 0, 6, 359.18, 1341271, 1558
3595, 1, 50, 75, 24, 0, 2.38%, 0, 0, 6, 387.76, 1343305, 1558
3600, 1, 50, 75, 24, 0, 2.38%, 0, 0, 6, 338.77, 1345043, 1558
3605, 1, 50, 75, 24, 0, 2.38%, 0, 0, 6, 316.88, 1346502, 1558
3610, 1, 50, 75, 24, 0, 2.38%, 0, 0, 6, 373.44, 1348533, 1558
3615, 1, 50, 75, 24, 0, 2.38%, 0, 0, 6, 366.31, 1350329, 1558
3620, 1, 50, 75, 24, 0, 2.38%, 0, 0, 6, 365.72, 1352168, 1558
3625, 1, 50, 75, 24, 0, 2.38%, 0, 0, 6, 298.45, 1353659, 1558
3630, 1, 13, 75, 24, 0, 2.38%, 0, 0, 6, 353.09, 1355541, 1558
3635, 1, 13, 75, 24, 0, 2.38%, 0, 0, 6, 366.45, 1357403, 1558
3641, 1, 13, 75, 24, 0, 2.38%, 0, 0, 6, 361.82, 1359269, 1558
3646, 1, 68, 75, 24, 0, 2.38%, 0, 0, 6, 320.38, 1360960, 1558
3651, 1, 68, 75, 24, 0, 2.38%, 0, 0, 6, 328.34, 1362548, 1558
3656, 1, 68, 75, 24, 0, 2.38%, 0, 0, 6, 324.53, 1364193, 1558
3661, 1, 72, 75, 24, 0, 2.38%, 0, 0, 6, 364.30, 1365893, 1558
3666, 1, 72, 75, 24, 0, 2.38%, 0, 0, 6, 377.08, 1367890, 1558
3671, 1, 22, 75, 24, 0, 2.38%, 0, 0, 6, 370.51, 1369773, 1558
3676, 1, 22, 75, 24, 0, 2.38%, 0, 0, 6, 334.02, 1371474, 1558
3681, 1, 22, 75, 24, 0, 2.38%, 0, 0, 6, 371.10, 1373319, 1558
3686, 1, 56, 75, 24, 0, 2.38%, 0, 0, 6, 399.34, 1375265, 1558
3691, 1, 56, 75, 24, 0, 2.38%, 0, 0, 6, 339.79, 1377008, 1558
3696, 1, 56, 75, 24, 0, 2.38%, 0, 0, 6, 325.91, 1378739, 1558
3701, 1, 56, 75, 24, 0, 2.38%, 0, 0, 6, 315.69, 1380224, 1558
3707, 1, 72, 75, 24, 0, 2.38%, 0, 0, 6, 346.43, 1382039, 1558
3712, 1, 72, 75, 24, 0, 2.38%, 0, 0, 6, 370.20, 1384013, 1558
3717, 1, 13, 75, 24, 0, 2.38%, 0, 0, 6, 372.71, 1385882, 1558
3722, 1, 13, 75, 24, 0, 2.38%, 0, 0, 6, 388.73, 1387900, 1558
3727, 1, 13, 75, 24, 0, 2.38%, 0, 0, 6, 325.43, 1389479, 1558
3732, 1, 13, 75, 24, 0, 2.38%, 0, 0, 6, 368.57, 1391420, 1558
3737, 1, 13, 75, 24, 0, 2.38%, 0, 0, 6, 373.35, 1393274, 1558
3742, 1, 13, 75, 24, 0, 2.38%, 0, 0, 6, 376.92, 1395243, 1558
3747, 1, 72, 75, 24, 0, 2.38%, 0, 0, 6, 370.70, 1397070, 1558
3752, 1, 72, 75, 24, 0, 2.38%, 0, 0, 6, 356.12, 1398790, 1558
3757, 1, 60, 75, 24, 0, 2.38%, 0, 0, 6, 385.85, 1400837, 1558
3763, 1, 60, 75, 24, 0, 2.38%, 0, 0, 6, 388.86, 1402823, 1558
3768, 1, 60, 75, 24, 0, 2.38%, 0, 0, 6, 373.12, 1404749, 1558
3773, 1, 60, 75, 24, 0, 2.38%, 0, 0, 6, 385.71, 1406734, 1558
3778, 2, 56, 76, 25, 0, 2.38%, 0, 0, 6, 411.84, 1408266, 1558
3783, 2, 56, 79, 28, 0, 2.38%, 0, 0, 6, 405.85, 1409706, 1558
3788, 2, 56, 80, 29, 0, 2.38%, 0, 0, 6, 370.39, 1411482, 1558
3793, 2, 56, 80, 29, 0, 2.38%, 0, 0, 6, 406.08, 1413586, 1558
3798, 2, 56, 80, 29, 0, 2.38%, 0, 0, 6, 420.00, 1415582, 1558
3803, 2, 56, 80, 29, 0, 2.38%, 0, 0, 6, 435.35, 1417330, 1558
3808, 2, 56, 80, 29, 0, 2.38%, 0, 0, 6, 392.57, 1419105, 1558
3813, 2, 56, 80, 29, 0, 2.38%, 0, 0, 6, 402.77, 1421090, 1558
3819, 2, 56, 80, 29, 0, 2.38%, 0, 0, 6, 394.45, 1423088, 1558
3824, 2, 56, 80, 29, 0, 2.38%, 0, 0, 6, 381.86, 1424894, 1558
3830, 2, 56, 81, 30, 0, 2.38%, 0, 0, 6, 23.16, 1426149, 1558
3835, 2, 56, 81, 30, 0, 2.38%, 0, 0, 6, 377.68, 1427997, 1558
3840, 2, 56, 81, 30, 0, 2.38%, 0, 0, 6, 370.03, 1429838, 1558
3845, 2, 56, 81, 30, 0, 2.38%, 0, 0, 6, 363.71, 1431658, 1558
3851, 2, 56, 81, 30, 0, 2.38%, 0, 0, 6, 364.63, 1433548, 1558
3856, 2, 56, 81, 30, 0, 2.38%, 0, 0, 6, 367.13, 1435389, 1558
3861, 2, 56, 81, 30, 0, 2.38%, 0, 0, 6, 361.44, 1437202, 1558
3866, 2, 56, 81, 30, 0, 2.38%, 0, 0, 6, 357.42, 1439001, 1558
3871, 2, 56, 81, 30, 0, 2.38%, 0, 0, 6, 361.47, 1440877, 1558
3876, 2, 56, 81, 30, 0, 2.38%, 0, 0, 6, 353.74, 1442669, 1558
3881, 2, 56, 81, 30, 0, 2.38%, 0, 0, 6, 351.35, 1444433, 1558
3886, 2, 56, 81, 30, 0, 2.38%, 0, 0, 6, 358.66, 1446291, 1558
3891, 2, 56, 81, 30, 0, 2.38%, 0, 0, 6, 3.88, 1447022, 1558
3896, 2, 56, 81, 30, 0, 2.38%, 0, 0, 6, 3.81, 1447041, 1558
3902, 2, 56, 82, 31, 0, 2.38%, 0, 0, 6, 3.78, 1447057, 1558
3907, 2, 56, 82, 31, 0, 2.38%, 0, 0, 6, 3.49, 1447075, 1558
3912, 2, 56, 82, 31, 0, 2.38%, 0, 0, 6, 3.47, 1447093, 1558
3917, 2, 56, 82, 31, 0, 2.38%, 0, 0, 6, 3.46, 1447111, 1558
3923, 2, 56, 82, 31, 0, 2.38%, 0, 0, 6, 3.40, 1447129, 1558
3928, 2, 56, 82, 31, 0, 2.38%, 0, 0, 6, 3.60, 1447149, 1558
3933, 2, 56, 82, 31, 0, 2.38%, 0, 0, 6, 4.10, 1447172, 1558
3939, 2, 56, 82, 31, 0, 2.38%, 0, 0, 6, 3.75, 1447191, 1558
3944, 2, 56, 83, 32, 0, 2.38%, 0, 0, 6, 3.59, 1447208, 1558
3949, 2, 56, 84, 33, 0, 2.38%, 0, 0, 6, 4.10, 1447232, 1558
3954, 2, 56, 84, 33, 0, 2.38%, 0, 0, 6, 3.73, 1447250, 1558
3959, 2, 56, 84, 33, 0, 2.38%, 0, 0, 6, 3.86, 1447270, 1558
3964, 2, 56, 85, 34, 0, 2.38%, 0, 0, 6, 3.77, 1447286, 1558
3970, 2, 56, 85, 34, 0, 2.38%, 0, 0, 6, 4.08, 1447308, 1558
3975, 2, 56, 85, 34, 0, 2.38%, 0, 0, 6, 3.67, 1447325, 1558
3980, 2, 56, 85, 34, 0, 2.38%, 0, 0, 6, 3.48, 1447343, 1558
3985, 2, 56, 85, 34, 0, 2.38%, 0, 0, 6, 3.46, 1447362, 1558
3990, 2, 56, 85, 34, 0, 2.38%, 0, 0, 6, 3.62, 1447381, 1558
3996, 2, 56, 85, 34, 0, 2.38%, 0, 0, 6, 3.61, 1447399, 1558
4001, 2, 56, 85, 34, 0, 2.38%, 0, 0, 6, 3.36, 1447416, 1558
4006, 2, 56, 85, 34, 0, 2.38%, 0, 0, 6, 3.59, 1447435, 1558
4011, 2, 56, 85, 34, 0, 2.38%, 0, 0, 6, 3.52, 1447453, 1558
4016, 2, 56, 85, 34, 0, 2.38%, 0, 0, 6, 3.69, 1447472, 1558
4021, 2, 56, 85, 34, 0, 2.38%, 0, 0, 6, 3.45, 1447489, 1558
4026, 2, 56, 85, 34, 0, 2.38%, 0, 0, 6, 3.23, 1447505, 1558
4032, 2, 56, 85, 34, 0, 2.38%, 0, 0, 6, 3.25, 1447522, 1558
4037, 2, 56, 85, 34, 0, 2.38%, 0, 0, 6, 3.81, 1447543, 1558
4042, 2, 56, 85, 34, 0, 2.38%, 0, 0, 6, 3.94, 1447563, 1558
4047, 2, 56, 85, 34, 0, 2.38%, 0, 0, 6, 3.85, 1447582, 1558
4052, 2, 56, 85, 34, 0, 2.38%, 0, 0, 6, 3.48, 1447599, 1558
4058, 2, 56, 85, 34, 0, 2.38%, 0, 0, 6, 3.54, 1447618, 1558
4063, 2, 56, 85, 34, 0, 2.38%, 0, 0, 6, 3.46, 1447636, 1558
4068, 2, 56, 85, 34, 0, 2.38%, 0, 0, 6, 3.88, 1447656, 1558
4073, 2, 56, 85, 34, 0, 2.38%, 0, 0, 6, 3.81, 1447675, 1558
4078, 2, 56, 85, 34, 0, 2.38%, 0, 0, 6, 3.41, 1447692, 1558
4083, 2, 56, 85, 34, 0, 2.38%, 0, 0, 6, 3.70, 1447712, 1558
4088, 2, 56, 85, 34, 0, 2.38%, 0, 0, 6, 3.61, 1447730, 1558
4094, 2, 56, 85, 34, 0, 2.38%, 0, 0, 6, 3.70, 1447750, 1558
4099, 2, 56, 85, 34, 0, 2.38%, 0, 0, 6, 3.55, 1447769, 1558
4105, 2, 56, 85, 34, 0, 2.38%, 0, 0, 6, 3.44, 1447787, 1558
4110, 2, 56, 85, 34, 0, 2.38%, 0, 0, 6, 3.40, 1447804, 1558
4115, 2, 56, 85, 34, 0, 2.38%, 0, 0, 6, 3.66, 1447823, 1558
4120, 2, 56, 85, 34, 0, 2.38%, 0, 0, 6, 3.76, 1447843, 1558
4125, 2, 56, 85, 34, 0, 2.38%, 0, 0, 6, 3.46, 1447860, 1558
4130, 2, 56, 85, 34, 0, 2.38%, 0, 0, 6, 3.31, 1447877, 1558
4136, 2, 56, 85, 34, 0, 2.38%, 0, 0, 6, 3.99, 1447899, 1558
4141, 2, 56, 85, 34, 0, 2.38%, 0, 0, 6, 3.48, 1447915, 1558
4146, 2, 56, 85, 34, 0, 2.38%, 0, 0, 6, 3.78, 1447936, 1558
4151, 2, 56, 85, 34, 0, 2.38%, 0, 0, 6, 3.81, 1447957, 1558
4157, 2, 56, 85, 34, 0, 2.38%, 0, 0, 6, 3.70, 1447975, 1558
4162, 2, 56, 85, 34, 0, 2.38%, 0, 0, 6, 3.52, 1447993, 1558
4167, 2, 56, 85, 34, 0, 2.38%, 0, 0, 6, 3.63, 1448012, 1558
4174, 2, 56, 86, 35, 0, 2.38%, 0, 0, 6, 3.68, 1448037, 1558
4180, 2, 56, 86, 35, 0, 2.38%, 0, 0, 6, 3.65, 1448056, 1558
4185, 2, 56, 86, 35, 0, 2.38%, 0, 0, 6, 4.11, 1448079, 1558
4190, 2, 56, 86, 35, 0, 2.38%, 0, 0, 6, 3.96, 1448098, 1558
