# relative_time, cycles_done, cur_item, corpus_count, pending_total, pending_favs, map_size, saved_crashes, saved_hangs, max_depth, execs_per_sec, total_execs, edges_found
61, 0, 4, 192, 190, 2, 1.84%, 0, 0, 2, 200.24, 12160, 1207
66, 0, 4, 194, 192, 2, 1.84%, 0, 0, 2, 202.98, 13181, 1207
71, 0, 4, 197, 195, 2, 1.86%, 0, 0, 2, 209.76, 14229, 1216
76, 0, 4, 200, 198, 2, 1.86%, 0, 0, 2, 206.14, 15281, 1216
81, 0, 4, 200, 198, 2, 1.86%, 0, 0, 2, 205.77, 16305, 1216
86, 0, 4, 201, 199, 2, 1.86%, 0, 0, 2, 213.15, 17397, 1218
91, 0, 130, 208, 205, 61, 1.86%, 0, 0, 3, 284.91, 18695, 1219
96, 0, 130, 233, 230, 61, 1.87%, 0, 0, 3, 669.08, 22632, 1224
102, 0, 130, 238, 235, 61, 1.87%, 0, 0, 3, 743.91, 26555, 1225
107, 0, 130, 242, 239, 61, 1.87%, 0, 0, 3, 762.00, 30427, 1225
112, 0, 137, 257, 252, 56, 1.88%, 0, 0, 3, 741.93, 34221, 1229
117, 0, 161, 257, 247, 51, 1.88%, 0, 0, 3, 698.46, 37812, 1229
122, 0, 198, 263, 246, 45, 1.88%, 0, 0, 4, 684.88, 41194, 1231
127, 0, 29, 267, 244, 41, 1.89%, 0, 0, 4, 93.86, 44274, 1236
132, 0, 179, 269, 245, 40, 1.89%, 0, 0, 4, 119.91, 44946, 1236
137, 0, 147, 270, 243, 37, 1.89%, 0, 0, 4, 720.65, 47827, 1236
142, 0, 195, 270, 241, 35, 1.89%, 0, 0, 4, 726.37, 49484, 1236
147, 0, 131, 274, 240, 31, 1.89%, 0, 0, 4, 116.07, 52667, 1239
152, 0, 137, 278, 243, 30, 1.90%, 0, 0, 4, 472.98, 55141, 1246
157, 0, 137, 281, 246, 30, 1.90%, 0, 0, 4, 639.79, 58579, 1247
163, 0, 137, 283, 248, 30, 1.90%, 0, 0, 4, 672.34, 62010, 1248
168, 0, 137, 284, 249, 30, 1.90%, 0, 0, 4, 681.39, 65437, 1248
173, 0, 137, 287, 252, 30, 1.90%, 0, 0, 4, 707.07, 69077, 1248
178, 0, 293, 294, 255, 31, 1.91%, 0, 0, 4, 689.33, 72529, 1251
183, 0, 289, 302, 262, 30, 1.91%, 0, 0, 5, 692.80, 76088, 1252
188, 0, 289, 303, 263, 30, 1.91%, 0, 0, 5, 699.14, 79697, 1252
193, 0, 289, 303, 263, 30, 1.91%, 0, 0, 5, 700.00, 83298, 1252
198, 0, 95, 303, 261, 29, 1.91%, 0, 0, 5, 692.27, 86917, 1252
204, 0, 268, 304, 259, 26, 1.91%, 0, 0, 5, 111.64, 89223, 1252
209, 0, 274, 307, 261, 25, 2.02%, 0, 0, 5, 226.51, 90485, 1322
214, 0, 308, 310, 261, 24, 2.02%, 0, 0, 5, 562.93, 93528, 1324
219, 0, 304, 310, 257, 20, 2.02%, 0, 0, 5, 47.17, 96158, 1324
224, 0, 304, 313, 260, 20, 2.02%, 0, 0, 5, 122.97, 96790, 1326
229, 0, 313, 317, 262, 22, 2.06%, 0, 0, 6, 476.05, 99334, 1350
234, 0, 313, 319, 264, 22, 2.06%, 0, 0, 6, 608.10, 102545, 1350
239, 0, 313, 322, 267, 22, 2.06%, 0, 0, 6, 632.77, 105329, 1352
244, 0, 156, 324, 268, 28, 2.06%, 0, 0, 6, 666.51, 108758, 1352
249, 0, 322, 327, 269, 27, 2.06%, 0, 0, 7, 685.38, 112229, 1352
255, 0, 324, 332, 272, 25, 2.06%, 0, 0, 8, 649.33, 115553, 1352
260, 0, 316, 334, 273, 24, 2.07%, 0, 0, 8, 663.76, 118877, 1357
265, 0, 167, 336, 272, 21, 2.07%, 0, 0, 8, 703.20, 122511, 1357
270, 0, 307, 341, 275, 19, 2.07%, 0, 0, 8, 736.83, 126299, 1357
275, 0, 307, 344, 278, 19, 2.07%, 0, 0, 8, 753.65, 130098, 1357
280, 0, 307, 345, 279, 19, 2.07%, 0, 0, 8, 756.33, 133931, 1357
285, 0, 307, 345, 279, 19, 2.07%, 0, 0, 8, 763.58, 137846, 1357
290, 0, 316, 346, 279, 18, 2.07%, 0, 0, 8, 740.71, 141640, 1357
295, 0, 316, 350, 283, 18, 2.07%, 0, 0, 8, 657.69, 144931, 1357
300, 0, 316, 352, 285, 18, 2.08%, 0, 0, 8, 649.71, 148171, 1361
305, 0, 316, 353, 286, 18, 2.08%, 0, 0, 8, 647.45, 151407, 1361
311, 0, 316, 355, 288, 18, 2.08%, 0, 0, 8, 70.00, 154856, 1361
316, 0, 316, 355, 288, 18, 2.08%, 0, 0, 8, 291.87, 157343, 1361
321, 0, 306, 356, 288, 19, 2.08%, 0, 0, 8, 111.75, 159707, 1361
326, 0, 348, 357, 286, 16, 2.08%, 0, 0, 8, 695.62, 162546, 1361
331, 0, 351, 366, 293, 14, 2.08%, 0, 0, 8, 622.31, 165705, 1361
336, 0, 351, 368, 295, 14, 2.08%, 0, 0, 8, 612.84, 168793, 1361
341, 0, 351, 370, 297, 14, 2.08%, 0, 0, 8, 643.40, 172049, 1364
346, 0, 365, 371, 297, 17, 2.08%, 0, 0, 8, 636.08, 175128, 1364
351, 0, 357, 371, 296, 16, 2.08%, 0, 0, 8, 510.34, 177416, 1364
356, 0, 149, 372, 296, 15, 2.08%, 0, 0, 9, 637.26, 180785, 1364
362, 0, 363, 374, 297, 14, 2.08%, 0, 0, 9, 689.95, 184407, 1364
367, 0, 251, 375, 295, 13, 2.08%, 0, 0, 9, 701.03, 187949, 1364
372, 0, 372, 376, 296, 13, 2.08%, 0, 0, 9, 100.27, 190636, 1364
377, 0, 309, 378, 296, 11, 2.08%, 0, 0, 9, 338.64, 192179, 1365
382, 0, 368, 379, 296, 11, 2.09%, 0, 0, 9, 587.39, 195525, 1368
387, 0, 377, 379, 293, 10, 2.09%, 0, 0, 9, 684.64, 199085, 1368
392, 0, 271, 383, 295, 8, 2.09%, 0, 0, 10, 695.33, 202643, 1370
397, 0, 271, 385, 297, 8, 2.09%, 0, 0, 10, 688.03, 206208, 1370
402, 0, 271, 387, 299, 8, 2.10%, 0, 0, 10, 690.14, 209773, 1373
407, 0, 271, 387, 299, 8, 2.10%, 0, 0, 10, 694.64, 213361, 1373
413, 0, 385, 387, 297, 9, 2.10%, 0, 0, 10, 704.55, 217024, 1373
418, 0, 98, 387, 296, 8, 2.10%, 0, 0, 10, 87.14, 218847, 1373
423, 0, 386, 389, 296, 6, 2.10%, 0, 0, 10, 695.50, 222178, 1373
428, 0, 386, 390, 297, 6, 2.10%, 0, 0, 10, 692.06, 225761, 1373
433, 0, 386, 391, 298, 6, 2.10%, 0, 0, 10, 693.03, 229331, 1373
438, 0, 386, 391, 298, 6, 2.10%, 0, 0, 10, 724.43, 232942, 1373
443, 0, 365, 391, 297, 8, 2.10%, 0, 0, 10, 659.56, 236233, 1373
448, 0, 365, 392, 298, 8, 2.10%, 0, 0, 10, 653.30, 239478, 1376
453, 0, 365, 392, 298, 8, 2.10%, 0, 0, 10, 703.26, 243173, 1376
458, 0, 348, 392, 298, 8, 2.10%, 0, 0, 10, 725.03, 246893, 1376
464, 0, 388, 395, 301, 8, 2.10%, 0, 0, 10, 709.78, 250612, 1376
469, 0, 191, 396, 301, 7, 2.10%, 0, 0, 10, 762.38, 252000, 1376
474, 0, 390, 400, 302, 6, 2.10%, 0, 0, 10, 680.29, 253828, 1378
479, 0, 390, 403, 305, 6, 2.10%, 0, 0, 10, 694.01, 257427, 1378
484, 0, 390, 403, 305, 6, 2.10%, 0, 0, 10, 693.64, 261015, 1378
489, 0, 390, 403, 305, 6, 2.10%, 0, 0, 10, 693.87, 264590, 1378
494, 0, 365, 403, 303, 6, 2.10%, 0, 0, 10, 676.55, 268028, 1378
499, 0, 365, 403, 303, 6, 2.10%, 0, 0, 10, 659.37, 271336, 1378
504, 0, 365, 404, 304, 6, 2.10%, 0, 0, 10, 677.72, 274801, 1378
509, 0, 365, 405, 305, 6, 2.10%, 0, 0, 10, 682.47, 278339, 1378
515, 0, 312, 405, 305, 6, 2.10%, 0, 0, 10, 73.62, 280541, 1378
520, 0, 404, 406, 305, 5, 2.10%, 0, 0, 10, 676.21, 282974, 1378
525, 0, 365, 406, 302, 4, 2.10%, 0, 0, 10, 737.23, 286244, 1378
530, 0, 401, 410, 306, 4, 2.10%, 0, 0, 10, 715.94, 288898, 1378
535, 0, 401, 411, 307, 4, 2.10%, 0, 0, 10, 699.56, 292490, 1378
540, 0, 401, 411, 307, 4, 2.10%, 0, 0, 10, 695.53, 296065, 1378
545, 0, 401, 412, 308, 4, 2.11%, 0, 0, 10, 693.39, 299635, 1380
550, 0, 365, 412, 305, 3, 2.11%, 0, 0, 10, 696.30, 303173, 1380
555, 0, 365, 412, 305, 3, 2.11%, 0, 0, 10, 703.47, 306782, 1380
560, 0, 365, 413, 306, 3, 2.11%, 0, 0, 10, 727.09, 309349, 1380
566, 0, 378, 413, 306, 3, 2.11%, 0, 0, 10, 706.27, 312817, 1380
571, 0, 378, 413, 306, 3, 2.11%, 0, 0, 10, 720.76, 316487, 1380
576, 0, 378, 414, 307, 3, 2.11%, 0, 0, 10, 734.00, 320178, 1381
581, 0, 396, 414, 307, 4, 2.11%, 0, 0, 10, 696.77, 323653, 1381
586, 0, 395, 415, 305, 2, 2.11%, 0, 0, 10, 704.78, 327227, 1381
591, 0, 395, 417, 307, 2, 2.11%, 0, 0, 10, 714.88, 330871, 1381
596, 0, 348, 417, 307, 2, 2.11%, 0, 0, 10, 720.96, 334520, 1381
601, 0, 314, 420, 310, 2, 2.11%, 0, 0, 10, 647.51, 337776, 1381
606, 0, 348, 422, 312, 2, 2.11%, 0, 0, 10, 685.73, 341328, 1381
611, 0, 365, 422, 311, 2, 2.11%, 0, 0, 10, 712.66, 345016, 1381
616, 0, 365, 423, 312, 2, 2.11%, 0, 0, 10, 681.56, 348466, 1381
622, 0, 422, 423, 311, 3, 2.11%, 0, 0, 10, 658.07, 351915, 1381
627, 0, 365, 425, 311, 1, 2.11%, 0, 0, 10, 597.39, 353972, 1381
632, 0, 369, 425, 311, 1, 2.11%, 0, 0, 10, 711.82, 356872, 1381
637, 0, 365, 426, 311, 1, 2.11%, 0, 0, 10, 706.97, 360460, 1381
642, 0, 180, 426, 311, 1, 2.11%, 0, 0, 10, 95.45, 362318, 1381
647, 0, 422, 426, 310, 1, 2.11%, 0, 0, 10, 498.71, 364875, 1381
652, 0, 422, 426, 310, 1, 2.11%, 0, 0, 10, 695.89, 368674, 1381
657, 0, 365, 426, 310, 1, 2.11%, 0, 0, 10, 706.61, 372428, 1381
662, 0, 165, 426, 310, 1, 2.11%, 0, 0, 10, 722.80, 376215, 1381
667, 0, 422, 426, 310, 1, 2.11%, 0, 0, 10, 709.42, 379755, 1381
672, 0, 422, 426, 310, 1, 2.11%, 0, 0, 10, 727.55, 383448, 1381
678, 0, 270, 427, 311, 1, 2.11%, 0, 0, 10, 743.42, 387349, 1381
683, 0, 422, 427, 311, 2, 2.11%, 0, 0, 10, 739.08, 391087, 1381
688, 0, 422, 427, 311, 2, 2.11%, 0, 0, 10, 755.91, 394908, 1381
693, 0, 426, 427, 311, 2, 2.11%, 0, 0, 10, 732.91, 398664, 1381
698, 0, 365, 428, 310, 1, 2.11%, 0, 0, 10, 733.88, 402399, 1381
703, 0, 365, 428, 310, 1, 2.11%, 0, 0, 10, 657.37, 405136, 1381
708, 0, 365, 428, 310, 1, 2.11%, 0, 0, 10, 717.28, 408944, 1381
713, 0, 365, 428, 310, 1, 2.11%, 0, 0, 10, 704.69, 412588, 1381
719, 0, 360, 428, 310, 1, 2.11%, 0, 0, 10, 464.72, 414869, 1381
724, 0, 365, 429, 311, 1, 2.11%, 0, 0, 10, 625.49, 418020, 1381
729, 0, 365, 432, 314, 1, 2.11%, 0, 0, 10, 683.89, 421719, 1381
734, 0, 365, 432, 314, 1, 2.11%, 0, 0, 10, 707.55, 424644, 1381
739, 0, 399, 432, 314, 1, 2.11%, 0, 0, 10, 661.17, 427927, 1381
744, 0, 53, 432, 314, 1, 2.11%, 0, 0, 10, 725.94, 431760, 1381
749, 0, 422, 433, 314, 1, 2.11%, 0, 0, 10, 724.63, 435377, 1381
755, 0, 422, 433, 314, 1, 2.11%, 0, 0, 10, 735.67, 439209, 1381
760, 0, 362, 433, 314, 1, 2.11%, 0, 0, 10, 699.63, 442855, 1381
765, 0, 365, 433, 313, 1, 2.11%, 0, 0, 10, 684.03, 446359, 1381
770, 0, 365, 433, 313, 1, 2.11%, 0, 0, 10, 677.84, 449609, 1381
775, 0, 365, 433, 313, 1, 2.11%, 0, 0, 10, 697.21, 453173, 1381
780, 0, 378, 435, 315, 2, 2.11%, 0, 0, 10, 698.89, 456727, 1381
785, 0, 378, 435, 315, 2, 2.11%, 0, 0, 10, 715.32, 460395, 1381
790, 0, 378, 435, 315, 2, 2.11%, 0, 0, 10, 738.57, 464123, 1381
795, 0, 306, 435, 314, 1, 2.11%, 0, 0, 10, 700.29, 467734, 1381
800, 0, 365, 435, 314, 1, 2.11%, 0, 0, 10, 611.49, 470317, 1381
806, 0, 365, 436, 315, 1, 2.11%, 0, 0, 10, 653.40, 473735, 1382
811, 0, 422, 436, 315, 2, 2.11%, 0, 0, 10, 712.78, 477417, 1382
816, 0, 422, 436, 315, 2, 2.11%, 0, 0, 10, 745.66, 481226, 1382
821, 0, 435, 437, 316, 2, 2.11%, 0, 0, 10, 683.02, 484584, 1383
826, 0, 365, 437, 314, 2, 2.11%, 0, 0, 10, 695.00, 488099, 1383
831, 0, 365, 437, 314, 2, 2.11%, 0, 0, 10, 756.71, 490848, 1383
836, 0, 235, 437, 314, 2, 2.11%, 0, 0, 10, 753.81, 493766, 1383
841, 0, 168, 437, 314, 2, 2.11%, 0, 0, 10, 703.78, 497308, 1383
846, 0, 435, 437, 314, 2, 2.11%, 0, 0, 10, 686.75, 500825, 1383
852, 0, 435, 438, 315, 2, 2.11%, 0, 0, 10, 622.72, 503883, 1383
857, 0, 435, 438, 315, 2, 2.11%, 0, 0, 10, 712.03, 507537, 1383
862, 0, 422, 439, 316, 3, 2.11%, 0, 0, 10, 705.25, 511084, 1385
867, 0, 422, 439, 316, 3, 2.11%, 0, 0, 10, 716.92, 514726, 1385
872, 0, 422, 439, 316, 3, 2.11%, 0, 0, 10, 724.37, 518367, 1385
877, 0, 365, 439, 315, 3, 2.11%, 0, 0, 10, 700.92, 521834, 1385
882, 0, 422, 440, 316, 3, 2.11%, 0, 0, 10, 689.04, 524350, 1385
887, 0, 422, 440, 316, 3, 2.11%, 0, 0, 10, 717.98, 528050, 1385
892, 0, 422, 440, 316, 3, 2.11%, 0, 0, 10, 731.57, 531875, 1385
897, 0, 385, 441, 317, 4, 2.11%, 0, 0, 10, 724.69, 535698, 1385
902, 0, 385, 441, 317, 4, 2.11%, 0, 0, 10, 729.77, 539430, 1385
907, 0, 422, 441, 317, 4, 2.11%, 0, 0, 10, 729.99, 543160, 1385
913, 0, 422, 441, 317, 4, 2.11%, 0, 0, 10, 727.36, 546925, 1385
918, 0, 439, 441, 316, 3, 2.11%, 0, 0, 10, 727.19, 550573, 1385
923, 0, 365, 441, 315, 2, 2.11%, 0, 0, 10, 119.30, 553020, 1385
928, 0, 152, 441, 315, 2, 2.11%, 0, 0, 10, 715.64, 556528, 1385
933, 0, 422, 441, 315, 2, 2.11%, 0, 0, 10, 731.41, 560191, 1385
938, 0, 422, 441, 315, 2, 2.11%, 0, 0, 10, 754.08, 563985, 1385
943, 0, 365, 442, 316, 2, 2.11%, 0, 0, 10, 646.94, 567249, 1385
948, 0, 365, 442, 316, 2, 2.11%, 0, 0, 10, 71.49, 569799, 1385
954, 0, 365, 443, 317, 2, 2.11%, 0, 0, 10, 756.91, 572859, 1385
959, 0, 365, 445, 319, 2, 2.11%, 0, 0, 10, 684.23, 575970, 1386
964, 0, 365, 446, 320, 2, 2.11%, 0, 0, 10, 700.05, 579501, 1386
969, 0, 275, 447, 321, 3, 2.12%, 0, 0, 10, 698.85, 583105, 1387
974, 0, 444, 448, 321, 3, 2.12%, 0, 0, 10, 692.45, 586724, 1387
979, 0, 448, 449, 321, 3, 2.12%, 0, 0, 10, 726.47, 590404, 1390
984, 0, 422, 449, 320, 2, 2.12%, 0, 0, 10, 731.67, 594118, 1390
989, 0, 422, 449, 320, 2, 2.12%, 0, 0, 10, 744.60, 597977, 1390
994, 0, 365, 450, 321, 2, 2.12%, 0, 0, 10, 89.82, 600912, 1390
1000, 0, 365, 450, 319, 2, 2.12%, 0, 0, 10, 647.49, 604395, 1390
1005, 0, 372, 451, 320, 2, 2.12%, 0, 0, 10, 709.03, 608030, 1390
1010, 0, 422, 451, 320, 2, 2.12%, 0, 0, 10, 742.69, 611809, 1390
1015, 0, 422, 451, 320, 2, 2.12%, 0, 0, 10, 748.88, 615544, 1390
1020, 0, 422, 453, 322, 2, 2.12%, 0, 0, 10, 747.08, 619327, 1390
1025, 0, 365, 453, 322, 2, 2.12%, 0, 0, 10, 728.81, 623024, 1390
1030, 0, 365, 453, 322, 2, 2.12%, 0, 0, 10, 722.61, 626679, 1390
1035, 0, 365, 453, 322, 2, 2.12%, 0, 0, 10, 734.04, 629532, 1390
1040, 0, 437, 453, 322, 2, 2.12%, 0, 0, 10, 399.53, 631759, 1390
1045, 0, 365, 453, 320, 1, 2.12%, 0, 0, 10, 665.78, 633486, 1390
1050, 0, 177, 453, 320, 1, 2.12%, 0, 0, 10, 724.93, 637237, 1390
1055, 0, 448, 455, 322, 1, 2.12%, 0, 0, 11, 725.14, 640895, 1390
1060, 0, 448, 455, 322, 1, 2.12%, 0, 0, 11, 726.42, 644577, 1390
1066, 0, 448, 456, 323, 1, 2.12%, 0, 0, 11, 725.65, 648267, 1390
1071, 0, 448, 456, 323, 1, 2.12%, 0, 0, 11, 753.47, 652208, 1390
1076, 0, 454, 461, 328, 2, 2.12%, 0, 0, 12, 729.48, 655867, 1390
1081, 0, 454, 461, 328, 2, 2.12%, 0, 0, 12, 721.70, 659563, 1390
1086, 0, 454, 461, 328, 2, 2.12%, 0, 0, 12, 724.90, 663247, 1390
1091, 0, 422, 461, 326, 2, 2.12%, 0, 0, 12, 727.59, 666984, 1390
1096, 0, 422, 461, 326, 2, 2.12%, 0, 0, 12, 752.59, 670771, 1390
1101, 0, 152, 461, 325, 1, 2.12%, 0, 0, 12, 709.64, 674385, 1390
1106, 0, 385, 462, 326, 1, 2.13%, 0, 0, 12, 684.83, 677702, 1395
1111, 0, 365, 462, 326, 2, 2.13%, 0, 0, 12, 727.93, 681441, 1395
1116, 0, 365, 462, 326, 2, 2.13%, 0, 0, 12, 720.39, 685064, 1395
1121, 0, 365, 462, 326, 2, 2.13%, 0, 0, 12, 707.68, 688621, 1395
1126, 0, 365, 462, 326, 2, 2.13%, 0, 0, 12, 717.89, 691311, 1395
1132, 0, 365, 462, 326, 2, 2.13%, 0, 0, 12, 607.66, 694092, 1395
1137, 0, 365, 462, 326, 2, 2.13%, 0, 0, 12, 701.57, 697690, 1395
1142, 0, 365, 462, 325, 1, 2.13%, 0, 0, 12, 541.67, 699938, 1395
1147, 0, 399, 462, 325, 1, 2.13%, 0, 0, 12, 660.64, 702693, 1395
1152, 0, 152, 462, 325, 1, 2.13%, 0, 0, 12, 689.86, 706313, 1395
1157, 0, 399, 462, 325, 1, 2.13%, 0, 0, 12, 730.49, 710010, 1395
1162, 0, 365, 462, 325, 1, 2.13%, 0, 0, 12, 744.13, 713218, 1395
1167, 0, 251, 462, 325, 1, 2.13%, 0, 0, 12, 748.90, 716939, 1395
1172, 0, 365, 462, 324, 1, 2.13%, 0, 0, 12, 657.96, 720036, 1395
1177, 0, 365, 462, 324, 1, 2.13%, 0, 0, 12, 721.00, 723765, 1395
1182, 0, 82, 462, 324, 1, 2.13%, 0, 0, 12, 663.38, 727188, 1395
1187, 0, 422, 462, 324, 1, 2.13%, 0, 0, 12, 652.58, 730377, 1395
1193, 0, 422, 462, 324, 1, 2.13%, 0, 0, 12, 731.62, 734169, 1395
1198, 0, 152, 462, 324, 1, 2.13%, 0, 0, 12, 716.19, 737880, 1395
1203, 0, 365, 463, 325, 1, 2.13%, 0, 0, 12, 588.21, 740682, 1395
1208, 0, 152, 463, 325, 1, 2.13%, 0, 0, 12, 495.77, 743643, 1395
1213, 0, 82, 463, 325, 1, 2.13%, 0, 0, 12, 598.34, 746755, 1395
1218, 0, 461, 463, 325, 1, 2.13%, 0, 0, 12, 61.72, 749665, 1395
1223, 0, 404, 463, 324, 0, 2.13%, 0, 0, 12, 719.00, 751481, 1395
1228, 0, 404, 463, 324, 0, 2.13%, 0, 0, 12, 743.61, 755239, 1395
1233, 0, 82, 463, 324, 0, 2.13%, 0, 0, 12, 750.03, 759034, 1395
1238, 0, 82, 463, 324, 0, 2.13%, 0, 0, 12, 726.23, 762706, 1395
1243, 0, 422, 463, 324, 0, 2.13%, 0, 0, 12, 689.57, 765962, 1395
1248, 0, 422, 463, 324, 0, 2.13%, 0, 0, 12, 738.91, 769765, 1395
1254, 0, 152, 463, 324, 0, 2.13%, 0, 0, 12, 735.37, 773598, 1395
1259, 0, 365, 463, 324, 0, 2.13%, 0, 0, 12, 712.86, 777139, 1395
1264, 0, 360, 463, 324, 0, 2.13%, 0, 0, 12, 672.59, 780187, 1395
1269, 0, 399, 463, 324, 0, 2.13%, 0, 0, 12, 676.83, 782418, 1395
1274, 0, 365, 463, 324, 0, 2.13%, 0, 0, 12, 709.39, 786162, 1395
1279, 0, 365, 463, 324, 0, 2.13%, 0, 0, 12, 678.43, 789699, 1395
1284, 0, 365, 463, 324, 0, 2.13%, 0, 0, 12, 711.40, 791396, 1395
1289, 0, 422, 463, 324, 0, 2.13%, 0, 0, 12, 714.40, 795002, 1395
1295, 0, 422, 463, 324, 0, 2.13%, 0, 0, 12, 740.25, 798918, 1395
1300, 0, 324, 463, 324, 0, 2.13%, 0, 0, 12, 677.96, 802271, 1395
1305, 0, 152, 463, 324, 0, 2.13%, 0, 0, 12, 696.40, 805882, 1395
1310, 0, 404, 463, 324, 0, 2.13%, 0, 0, 12, 720.78, 809483, 1395
1315, 0, 404, 463, 324, 0, 2.13%, 0, 0, 12, 739.73, 813204, 1395
1320, 0, 152, 463, 324, 0, 2.13%, 0, 0, 12, 702.17, 816784, 1395
1325, 0, 422, 463, 324, 0, 2.13%, 0, 0, 12, 715.60, 820401, 1395
1330, 0, 422, 463, 324, 0, 2.13%, 0, 0, 12, 740.14, 824141, 1395
1335, 0, 422, 463, 324, 0, 2.13%, 0, 0, 12, 743.38, 827945, 1395
1340, 0, 422, 463, 324, 0, 2.13%, 0, 0, 12, 747.15, 831657, 1395
1345, 0, 422, 463, 324, 0, 2.13%, 0, 0, 12, 743.91, 835396, 1395
1350, 0, 365, 463, 324, 0, 2.13%, 0, 0, 12, 339.40, 837706, 1395
1355, 0, 365, 463, 324, 0, 2.13%, 0, 0, 12, 685.51, 840230, 1395
1361, 0, 152, 463, 324, 0, 2.13%, 0, 0, 12, 615.68, 843440, 1395
1366, 0, 435, 464, 325, 0, 2.13%, 0, 0, 12, 648.11, 846794, 1396
1371, 0, 435, 464, 325, 0, 2.13%, 0, 0, 12, 643.02, 850022, 1396
1376, 0, 435, 464, 325, 0, 2.13%, 0, 0, 12, 724.92, 853710, 1396
1381, 0, 365, 464, 325, 1, 2.13%, 0, 0, 12, 721.32, 857502, 1396
1386, 0, 152, 464, 323, 0, 2.13%, 0, 0, 12, 720.21, 861226, 1396
1391, 0, 365, 464, 323, 0, 2.13%, 0, 0, 12, 693.80, 864676, 1396
1396, 0, 365, 464, 323, 0, 2.13%, 0, 0, 12, 722.36, 868322, 1396
1401, 0, 404, 464, 323, 0, 2.13%, 0, 0, 12, 730.54, 872033, 1396
1406, 0, 404, 464, 323, 0, 2.13%, 0, 0, 12, 729.29, 875786, 1396
1411, 0, 422, 464, 323, 0, 2.13%, 0, 0, 12, 724.25, 879397, 1396
1417, 0, 422, 464, 323, 0, 2.13%, 0, 0, 12, 735.15, 883237, 1396
1422, 0, 152, 464, 323, 0, 2.13%, 0, 0, 12, 704.01, 886831, 1396
1427, 0, 171, 464, 323, 0, 2.13%, 0, 0, 12, 692.14, 890211, 1396
1432, 0, 365, 464, 323, 0, 2.13%, 0, 0, 12, 719.21, 893810, 1396
1437, 0, 306, 464, 323, 0, 2.13%, 0, 0, 12, 655.76, 897167, 1396
1442, 0, 377, 464, 323, 0, 2.13%, 0, 0, 12, 701.45, 900740, 1396
1447, 0, 365, 464, 323, 0, 2.13%, 0, 0, 12, 690.98, 904315, 1396
1452, 0, 464, 465, 324, 1, 2.14%, 0, 0, 12, 268.85, 907220, 1405
1457, 0, 422, 465, 323, 0, 2.14%, 0, 0, 12, 627.13, 910933, 1405
1462, 0, 422, 465, 323, 0, 2.14%, 0, 0, 12, 721.34, 914817, 1405
1468, 0, 149, 465, 323, 0, 2.14%, 0, 0, 12, 733.94, 918536, 1405
1473, 0, 365, 466, 324, 0, 2.16%, 0, 0, 12, 68.04, 921236, 1417
1478, 0, 365, 466, 323, 0, 2.16%, 0, 0, 12, 624.11, 924403, 1417
1483, 0, 377, 466, 323, 0, 2.16%, 0, 0, 12, 683.31, 927953, 1417
1488, 0, 465, 466, 323, 0, 2.16%, 0, 0, 12, 727.20, 931662, 1417
1493, 0, 446, 467, 324, 0, 2.16%, 0, 0, 12, 716.81, 935308, 1417
1498, 0, 365, 467, 324, 0, 2.16%, 0, 0, 12, 756.34, 939159, 1417
1503, 0, 365, 467, 324, 0, 2.16%, 0, 0, 12, 747.64, 941794, 1417
1508, 0, 365, 467, 324, 0, 2.16%, 0, 0, 12, 718.37, 945389, 1417
1513, 0, 422, 467, 324, 0, 2.16%, 0, 0, 12, 724.95, 949115, 1417
1518, 0, 422, 467, 324, 0, 2.16%, 0, 0, 12, 729.92, 952909, 1417
1523, 0, 82, 467, 324, 0, 2.16%, 0, 0, 12, 737.38, 956593, 1417
1529, 0, 365, 467, 324, 0, 2.16%, 0, 0, 12, 663.56, 959831, 1417
1534, 0, 365, 467, 324, 0, 2.16%, 0, 0, 12, 659.58, 963087, 1417
1539, 0, 460, 467, 324, 0, 2.16%, 0, 0, 12, 677.98, 965666, 1417
1544, 0, 460, 467, 324, 0, 2.16%, 0, 0, 12, 701.34, 969206, 1417
1549, 0, 365, 467, 324, 0, 2.16%, 0, 0, 12, 724.43, 972964, 1417
1554, 0, 251, 467, 324, 0, 2.16%, 0, 0, 12, 621.34, 975904, 1417
1559, 0, 454, 467, 324, 0, 2.16%, 0, 0, 12, 701.51, 979490, 1417
1564, 0, 454, 467, 324, 0, 2.16%, 0, 0, 12, 748.20, 983326, 1417
1569, 0, 365, 467, 324, 0, 2.16%, 0, 0, 12, 721.58, 986910, 1417
1574, 0, 365, 467, 324, 0, 2.16%, 0, 0, 12, 683.10, 990263, 1417
1579, 0, 365, 467, 324, 0, 2.16%, 0, 0, 12, 677.59, 993664, 1417
1584, 0, 365, 467, 324, 0, 2.16%, 0, 0, 12, 641.52, 997037, 1417
1589, 0, 308, 467, 324, 0, 2.16%, 0, 0, 12, 691.58, 1000471, 1417
1594, 0, 210, 467, 324, 0, 2.16%, 0, 0, 12, 727.41, 1004205, 1417
1599, 0, 446, 467, 324, 0, 2.16%, 0, 0, 12, 726.89, 1007824, 1417
1604, 0, 465, 467, 324, 0, 2.16%, 0, 0, 12, 743.29, 1011613, 1417
1610, 0, 365, 467, 324, 0, 2.16%, 0, 0, 12, 726.85, 1015335, 1417
1615, 0, 422, 467, 324, 0, 2.16%, 0, 0, 12, 725.30, 1019021, 1417
1620, 0, 422, 467, 324, 0, 2.16%, 0, 0, 12, 756.06, 1022895, 1417
1625, 0, 365, 467, 324, 0, 2.16%, 0, 0, 12, 722.74, 1026546, 1417
1630, 0, 152, 467, 324, 0, 2.16%, 0, 0, 12, 731.75, 1030252, 1417
1635, 0, 365, 467, 324, 0, 2.16%, 0, 0, 12, 717.94, 1033907, 1417
1640, 0, 365, 467, 324, 0, 2.16%, 0, 0, 12, 685.70, 1037161, 1417
1645, 0, 266, 467, 324, 0, 2.16%, 0, 0, 12, 735.46, 1040176, 1417
1650, 0, 464, 467, 324, 0, 2.16%, 0, 0, 12, 708.46, 1043785, 1417
1655, 0, 365, 467, 324, 0, 2.16%, 0, 0, 12, 729.55, 1047530, 1417
1660, 0, 152, 467, 324, 0, 2.16%, 0, 0, 12, 755.97, 1050564, 1417
1666, 0, 365, 467, 324, 0, 2.16%, 0, 0, 12, 669.55, 1053814, 1417
1671, 0, 448, 467, 324, 0, 2.16%, 0, 0, 12, 734.01, 1057601, 1417
1676, 0, 365, 467, 324, 0, 2.16%, 0, 0, 12, 762.09, 1061506, 1417
1681, 0, 152, 467, 324, 0, 2.16%, 0, 0, 12, 445.24, 1064749, 1417
1686, 0, 365, 467, 324, 0, 2.16%, 0, 0, 12, 618.43, 1067516, 1417
1691, 0, 435, 467, 324, 0, 2.16%, 0, 0, 12, 713.04, 1071284, 1417
1696, 0, 435, 467, 324, 0, 2.16%, 0, 0, 12, 703.68, 1074735, 1417
1701, 0, 435, 467, 324, 0, 2.16%, 0, 0, 12, 758.50, 1078636, 1417
1706, 0, 465, 467, 324, 0, 2.16%, 0, 0, 12, 726.83, 1082241, 1417
1712, 0, 365, 467, 324, 0, 2.16%, 0, 0, 12, 85.89, 1085667, 1417
1717, 0, 411, 467, 324, 0, 2.16%, 0, 0, 12, 725.12, 1088805, 1417
1722, 0, 411, 468, 325, 0, 2.17%, 0, 0, 12, 754.44, 1092621, 1419
1727, 0, 82, 469, 326, 1, 2.17%, 0, 0, 12, 725.35, 1096275, 1419
1732, 0, 467, 469, 326, 1, 2.17%, 0, 0, 12, 738.40, 1100002, 1419
1737, 0, 39, 469, 324, 0, 2.17%, 0, 0, 12, 735.48, 1103682, 1419
1742, 0, 365, 469, 324, 0, 2.17%, 0, 0, 12, 659.47, 1107112, 1419
1747, 0, 365, 469, 324, 0, 2.17%, 0, 0, 12, 692.68, 1110641, 1419
1752, 0, 467, 470, 325, 0, 2.17%, 0, 0, 12, 683.38, 1114139, 1422
1757, 0, 467, 470, 325, 0, 2.17%, 0, 0, 12, 675.03, 1117662, 1422
1762, 0, 467, 470, 325, 0, 2.17%, 0, 0, 12, 731.72, 1121510, 1422
1767, 0, 123, 470, 324, 1, 2.17%, 0, 0, 12, 631.73, 1124627, 1422
1772, 0, 210, 470, 323, 0, 2.17%, 0, 0, 12, 710.88, 1128249, 1422
1778, 0, 365, 470, 323, 0, 2.17%, 0, 0, 12, 707.72, 1131790, 1422
1783, 0, 365, 470, 323, 0, 2.17%, 0, 0, 12, 732.40, 1134561, 1422
1788, 0, 365, 470, 323, 0, 2.17%, 0, 0, 12, 691.26, 1138073, 1422
1793, 0, 365, 470, 323, 0, 2.17%, 0, 0, 12, 705.71, 1141650, 1422
1798, 0, 446, 470, 323, 0, 2.17%, 0, 0, 12, 731.67, 1145302, 1422
1803, 0, 365, 470, 323, 0, 2.17%, 0, 0, 12, 722.89, 1148949, 1422
1808, 0, 152, 470, 323, 0, 2.17%, 0, 0, 12, 737.17, 1152802, 1422
1813, 0, 365, 470, 323, 0, 2.17%, 0, 0, 12, 663.30, 1155994, 1422
1818, 0, 469, 470, 323, 0, 2.17%, 0, 0, 12, 505.82, 1158537, 1422
1823, 0, 365, 470, 323, 0, 2.17%, 0, 0, 12, 638.88, 1161968, 1422
1828, 0, 189, 470, 323, 0, 2.17%, 0, 0, 12, 660.44, 1165464, 1422
1833, 0, 123, 470, 323, 0, 2.17%, 0, 0, 12, 712.51, 1169137, 1422
1838, 0, 152, 471, 323, 0, 2.17%, 0, 0, 12, 733.64, 1172964, 1422
1844, 1, 365, 471, 323, 0, 2.17%, 0, 0, 12, 706.74, 1176337, 1422
1849, 1, 464, 472, 324, 0, 2.17%, 0, 0, 12, 665.68, 1179693, 1422
1854, 1, 464, 473, 325, 0, 2.17%, 0, 0, 12, 698.20, 1183266, 1422
1859, 1, 152, 474, 326, 1, 2.17%, 0, 0, 12, 738.30, 1187024, 1422
1864, 1, 152, 474, 326, 1, 2.17%, 0, 0, 12, 730.78, 1190670, 1422
1869, 1, 471, 477, 329, 1, 2.17%, 0, 0, 12, 745.61, 1194529, 1422
1874, 1, 467, 479, 330, 1, 2.17%, 0, 0, 12, 726.66, 1198167, 1423
1879, 1, 467, 480, 331, 1, 2.17%, 0, 0, 12, 719.69, 1201913, 1423
1884, 1, 467, 480, 331, 1, 2.17%, 0, 0, 12, 701.67, 1205539, 1423
1889, 1, 467, 480, 331, 1, 2.17%, 0, 0, 12, 750.41, 1209332, 1423
1895, 1, 475, 480, 331, 2, 2.17%, 0, 0, 12, 747.96, 1213176, 1423
1900, 1, 444, 480, 330, 1, 2.17%, 0, 0, 12, 705.58, 1216755, 1423
1905, 1, 444, 480, 330, 1, 2.17%, 0, 0, 12, 745.07, 1220629, 1423
1910, 1, 444, 481, 331, 1, 2.17%, 0, 0, 12, 92.02, 1221824, 1423
1915, 1, 297, 481, 331, 1, 2.17%, 0, 0, 12, 737.97, 1223188, 1423
1920, 1, 365, 482, 331, 0, 2.17%, 0, 0, 12, 728.62, 1226853, 1423
1925, 1, 467, 483, 332, 0, 2.17%, 0, 0, 12, 714.50, 1230452, 1424
1930, 1, 467, 483, 332, 0, 2.17%, 0, 0, 12, 719.39, 1234042, 1424
1935, 1, 467, 484, 333, 0, 2.17%, 0, 0, 12, 746.00, 1237840, 1424
1940, 1, 365, 490, 339, 2, 2.17%, 0, 0, 12, 724.30, 1241509, 1424
1945, 1, 365, 490, 339, 2, 2.17%, 0, 0, 12, 403.95, 1244561, 1424
1950, 1, 365, 492, 339, 1, 2.17%, 0, 0, 12, 552.41, 1247691, 1424
1955, 1, 152, 492, 339, 1, 2.17%, 0, 0, 12, 675.33, 1251250, 1424
1960, 1, 82, 494, 340, 0, 2.17%, 0, 0, 13, 728.66, 1254954, 1424
1965, 1, 365, 494, 340, 0, 2.17%, 0, 0, 13, 726.06, 1258635, 1424
1971, 1, 365, 494, 340, 0, 2.17%, 0, 0, 13, 669.54, 1261332, 1424
1976, 1, 306, 496, 342, 0, 2.17%, 0, 0, 13, 591.01, 1264519, 1424
1981, 1, 365, 496, 342, 0, 2.17%, 0, 0, 13, 658.50, 1267370, 1424
1986, 1, 365, 496, 342, 0, 2.17%, 0, 0, 13, 704.08, 1270963, 1424
1991, 1, 365, 497, 343, 0, 2.17%, 0, 0, 13, 721.28, 1274682, 1424
1996, 1, 365, 498, 344, 0, 2.17%, 0, 0, 13, 678.76, 1276632, 1424
2001, 1, 365, 498, 344, 0, 2.17%, 0, 0, 13, 634.86, 1278664, 1424
2006, 1, 444, 499, 345, 0, 2.17%, 0, 0, 13, 695.82, 1282249, 1424
2012, 1, 444, 500, 346, 0, 2.17%, 0, 0, 13, 672.79, 1285585, 1424
2017, 1, 444, 500, 346, 0, 2.17%, 0, 0, 13, 694.46, 1289093, 1424
2022, 1, 152, 500, 346, 0, 2.17%, 0, 0, 13, 715.60, 1292668, 1424
2027, 1, 333, 502, 348, 0, 2.17%, 0, 0, 13, 720.46, 1296238, 1424
2032, 1, 365, 503, 349, 0, 2.17%, 0, 0, 13, 80.25, 1299560, 1424
2037, 1, 82, 503, 349, 0, 2.17%, 0, 0, 13, 751.32, 1302142, 1424
2042, 1, 365, 503, 349, 0, 2.17%, 0, 0, 13, 85.62, 1305537, 1424
2047, 1, 365, 504, 350, 0, 2.17%, 0, 0, 13, 97.04, 1308312, 1424
2052, 1, 365, 506, 352, 0, 2.17%, 0, 0, 13, 456.02, 1310596, 1424
2058, 1, 257, 506, 352, 0, 2.17%, 0, 0, 13, 669.92, 1314307, 1424
2063, 1, 438, 506, 352, 0, 2.17%, 0, 0, 13, 728.68, 1318142, 1424
2068, 1, 152, 506, 352, 0, 2.17%, 0, 0, 13, 745.00, 1321057, 1424
2073, 1, 365, 506, 352, 0, 2.17%, 0, 0, 13, 395.32, 1323620, 1424
2078, 1, 365, 506, 352, 0, 2.17%, 0, 0, 13, 672.35, 1326155, 1424
2083, 1, 365, 506, 352, 0, 2.17%, 0, 0, 13, 719.04, 1329829, 1424
2088, 1, 467, 507, 353, 0, 2.17%, 0, 0, 13, 710.51, 1333531, 1424
2093, 1, 467, 508, 354, 0, 2.17%, 0, 0, 13, 708.17, 1337072, 1424
2098, 1, 467, 508, 354, 0, 2.17%, 0, 0, 13, 739.02, 1340825, 1424
2104, 1, 365, 508, 354, 1, 2.17%, 0, 0, 13, 750.04, 1343430, 1424
2109, 1, 365, 508, 354, 1, 2.17%, 0, 0, 13, 712.78, 1346103, 1424
2114, 1, 506, 511, 356, 1, 2.17%, 0, 0, 13, 701.22, 1349623, 1424
2119, 1, 506, 513, 358, 1, 2.17%, 0, 0, 13, 700.52, 1353251, 1424
2124, 1, 506, 513, 358, 1, 2.17%, 0, 0, 13, 698.97, 1356799, 1424
2129, 1, 365, 513, 357, 1, 2.17%, 0, 0, 13, 685.58, 1360422, 1424
2134, 1, 82, 514, 358, 1, 2.17%, 0, 0, 13, 722.88, 1364192, 1424
2140, 1, 508, 514, 358, 1, 2.17%, 0, 0, 13, 658.60, 1367548, 1424
2145, 1, 307, 514, 357, 0, 2.17%, 0, 0, 13, 730.86, 1371394, 1424
2150, 1, 365, 514, 357, 0, 2.17%, 0, 0, 13, 768.37, 1374553, 1424
2155, 1, 467, 515, 358, 0, 2.17%, 0, 0, 13, 725.54, 1378123, 1424
2160, 1, 467, 515, 358, 0, 2.17%, 0, 0, 13, 696.52, 1381704, 1424
2165, 1, 467, 515, 358, 0, 2.17%, 0, 0, 13, 737.65, 1385467, 1424
2170, 1, 448, 515, 358, 0, 2.17%, 0, 0, 13, 726.28, 1389142, 1424
2175, 1, 448, 515, 358, 0, 2.17%, 0, 0, 13, 750.53, 1392918, 1424
2180, 1, 365, 518, 361, 0, 2.17%, 0, 0, 13, 726.86, 1396513, 1424
2185, 1, 152, 518, 361, 0, 2.17%, 0, 0, 13, 758.82, 1399499, 1424
2190, 1, 152, 518, 361, 0, 2.17%, 0, 0, 13, 713.29, 1403046, 1424
2195, 1, 365, 518, 361, 0, 2.17%, 0, 0, 13, 712.92, 1406518, 1424
2200, 1, 246, 518, 361, 0, 2.17%, 0, 0, 13, 686.96, 1409966, 1424
2205, 1, 365, 518, 360, 0, 2.17%, 0, 0, 13, 710.03, 1413603, 1424
2210, 1, 365, 518, 360, 0, 2.17%, 0, 0, 13, 708.61, 1417236, 1424
2215, 1, 477, 519, 361, 0, 2.17%, 0, 0, 13, 730.61, 1420309, 1424
2220, 1, 477, 519, 361, 0, 2.17%, 0, 0, 13, 740.16, 1424034, 1424
2226, 1, 365, 519, 361, 0, 2.17%, 0, 0, 13, 701.48, 1427671, 1424
2231, 1, 365, 519, 361, 0, 2.17%, 0, 0, 13, 691.42, 1431269, 1424
2236, 1, 467, 519, 361, 0, 2.17%, 0, 0, 13, 707.54, 1434861, 1424
2241, 1, 467, 521, 363, 0, 2.17%, 0, 0, 13, 726.21, 1438540, 1424
2246, 1, 482, 522, 364, 0, 2.17%, 0, 0, 13, 568.52, 1441528, 1424
2251, 1, 482, 522, 364, 0, 2.17%, 0, 0, 13, 526.98, 1443928, 1424
2256, 1, 365, 522, 364, 0, 2.17%, 0, 0, 13, 608.56, 1447113, 1424
2261, 1, 152, 522, 364, 0, 2.17%, 0, 0, 13, 709.45, 1450021, 1424
2266, 1, 426, 523, 365, 0, 2.17%, 0, 0, 13, 721.84, 1453576, 1424
2271, 1, 365, 523, 365, 0, 2.17%, 0, 0, 13, 721.87, 1457171, 1424
2276, 1, 467, 523, 365, 0, 2.17%, 0, 0, 13, 731.72, 1460829, 1424
2281, 1, 467, 523, 365, 0, 2.17%, 0, 0, 13, 756.26, 1464775, 1424
2286, 1, 308, 523, 365, 0, 2.17%, 0, 0, 13, 731.25, 1468435, 1424
2291, 1, 457, 523, 365, 0, 2.17%, 0, 0, 13, 740.02, 1472209, 1424
2297, 1, 457, 523, 365, 0, 2.17%, 0, 0, 13, 752.76, 1476014, 1424
2302, 1, 365, 523, 365, 0, 2.17%, 0, 0, 13, 709.56, 1479697, 1424
2307, 1, 365, 523, 365, 0, 2.17%, 0, 0, 13, 705.36, 1483262, 1424
2312, 1, 365, 523, 365, 0, 2.17%, 0, 0, 13, 706.16, 1486873, 1424
2317, 1, 82, 523, 365, 0, 2.17%, 0, 0, 13, 727.45, 1490533, 1424
2322, 1, 365, 523, 365, 0, 2.17%, 0, 0, 13, 710.33, 1494181, 1424
2327, 1, 342, 523, 364, 0, 2.17%, 0, 0, 13, 745.31, 1498085, 1424
2332, 1, 463, 523, 363, 0, 2.17%, 0, 0, 13, 726.40, 1501736, 1424
2337, 1, 463, 523, 363, 0, 2.17%, 0, 0, 13, 725.47, 1505404, 1424
2342, 1, 365, 523, 363, 0, 2.17%, 0, 0, 13, 725.72, 1509126, 1424
2347, 1, 365, 523, 363, 0, 2.17%, 0, 0, 13, 714.58, 1512740, 1424
2352, 1, 444, 523, 363, 0, 2.17%, 0, 0, 13, 725.40, 1515565, 1424
2357, 1, 444, 523, 363, 0, 2.17%, 0, 0, 13, 718.88, 1519108, 1424
2363, 1, 444, 523, 363, 0, 2.17%, 0, 0, 13, 680.21, 1522676, 1424
2368, 1, 365, 523, 363, 0, 2.17%, 0, 0, 13, 616.74, 1525703, 1424
2373, 1, 82, 523, 363, 0, 2.17%, 0, 0, 13, 710.48, 1529368, 1424
2378, 1, 82, 523, 363, 0, 2.17%, 0, 0, 13, 683.15, 1532734, 1424
2383, 1, 467, 523, 363, 0, 2.17%, 0, 0, 13, 680.16, 1536109, 1424
2388, 1, 467, 523, 363, 0, 2.17%, 0, 0, 13, 740.40, 1539928, 1424
2393, 1, 365, 523, 363, 0, 2.17%, 0, 0, 13, 628.83, 1542679, 1424
2398, 1, 365, 523, 363, 0, 2.17%, 0, 0, 13, 683.74, 1546278, 1424
2403, 1, 271, 525, 365, 1, 2.17%, 0, 0, 13, 700.82, 1549848, 1424
2408, 1, 524, 527, 367, 1, 2.17%, 0, 0, 13, 713.78, 1553576, 1424
2414, 1, 524, 528, 368, 1, 2.17%, 0, 0, 13, 636.18, 1556805, 1424
2419, 1, 365, 528, 367, 0, 2.17%, 0, 0, 13, 658.22, 1560286, 1424
2424, 1, 438, 528, 366, 0, 2.17%, 0, 0, 13, 711.93, 1564086, 1424
2429, 1, 210, 528, 366, 0, 2.17%, 0, 0, 13, 694.91, 1567582, 1424
2434, 1, 467, 528, 366, 0, 2.17%, 0, 0, 13, 696.28, 1571109, 1424
2439, 1, 467, 528, 366, 0, 2.17%, 0, 0, 13, 538.84, 1573924, 1424
2444, 1, 365, 528, 366, 0, 2.17%, 0, 0, 13, 668.52, 1577495, 1424
2449, 1, 275, 528, 365, 0, 2.17%, 0, 0, 13, 706.24, 1581095, 1424
2454, 1, 448, 528, 365, 0, 2.17%, 0, 0, 13, 724.91, 1584777, 1424
2459, 1, 448, 528, 365, 0, 2.17%, 0, 0, 13, 743.84, 1588650, 1424
2464, 1, 365, 528, 365, 0, 2.17%, 0, 0, 13, 733.02, 1592330, 1424
2470, 1, 365, 528, 365, 0, 2.17%, 0, 0, 13, 670.91, 1595497, 1424
2475, 1, 365, 528, 365, 0, 2.17%, 0, 0, 13, 712.16, 1598015, 1424
2480, 1, 365, 528, 365, 0, 2.17%, 0, 0, 13, 689.30, 1601489, 1424
2485, 1, 82, 528, 365, 0, 2.17%, 0, 0, 13, 687.36, 1604918, 1424
2490, 1, 365, 528, 365, 0, 2.17%, 0, 0, 13, 723.04, 1608676, 1424
2495, 1, 508, 528, 365, 0, 2.17%, 0, 0, 13, 728.27, 1612397, 1424
2500, 1, 508, 528, 365, 0, 2.17%, 0, 0, 13, 741.26, 1616108, 1424
2505, 1, 464, 528, 365, 0, 2.17%, 0, 0, 13, 744.87, 1619866, 1424
2510, 1, 464, 529, 366, 0, 2.17%, 0, 0, 13, 745.34, 1623561, 1424
2515, 1, 467, 529, 366, 0, 2.17%, 0, 0, 13, 583.47, 1626541, 1424
2520, 1, 467, 529, 366, 0, 2.17%, 0, 0, 13, 577.36, 1629355, 1424
2525, 1, 82, 529, 366, 0, 2.17%, 0, 0, 13, 663.23, 1632973, 1424
2530, 1, 446, 531, 368, 0, 2.17%, 0, 0, 13, 702.61, 1636575, 1424
2535, 1, 446, 531, 368, 0, 2.17%, 0, 0, 13, 739.91, 1640377, 1424
2540, 1, 477, 532, 368, 0, 2.17%, 0, 0, 13, 740.06, 1644067, 1424
2546, 1, 477, 532, 368, 0, 2.17%, 0, 0, 13, 756.09, 1647979, 1424
2551, 1, 467, 532, 368, 0, 2.17%, 0, 0, 13, 744.39, 1651723, 1424
2556, 1, 467, 532, 368, 0, 2.17%, 0, 0, 13, 738.87, 1655337, 1424
2561, 1, 467, 532, 368, 0, 2.17%, 0, 0, 13, 680.15, 1658288, 1424
2566, 1, 388, 534, 370, 0, 2.17%, 0, 0, 13, 699.80, 1661886, 1424
2571, 1, 388, 534, 370, 0, 2.17%, 0, 0, 13, 719.95, 1665479, 1424
2576, 1, 365, 534, 370, 1, 2.17%, 0, 0, 13, 724.08, 1669245, 1424
2581, 1, 477, 534, 370, 1, 2.17%, 0, 0, 13, 746.76, 1673054, 1424
2586, 1, 477, 534, 370, 1, 2.17%, 0, 0, 13, 752.35, 1676981, 1424
2591, 1, 365, 534, 370, 1, 2.17%, 0, 0, 13, 733.82, 1680733, 1424
2596, 1, 448, 534, 370, 1, 2.17%, 0, 0, 13, 718.52, 1684309, 1424
2601, 1, 448, 535, 371, 1, 2.17%, 0, 0, 13, 702.93, 1687831, 1424
2606, 1, 448, 535, 371, 1, 2.17%, 0, 0, 13, 730.53, 1691517, 1424
2612, 1, 532, 536, 372, 1, 2.17%, 0, 0, 13, 718.03, 1695280, 1424
2617, 1, 365, 536, 371, 0, 2.17%, 0, 0, 13, 728.37, 1698986, 1424
2622, 1, 152, 536, 371, 0, 2.17%, 0, 0, 13, 703.14, 1702499, 1424
2627, 1, 365, 536, 371, 0, 2.17%, 0, 0, 13, 643.86, 1704699, 1424
2632, 1, 365, 536, 371, 0, 2.17%, 0, 0, 13, 707.28, 1708468, 1424
2637, 1, 467, 536, 371, 0, 2.17%, 0, 0, 13, 714.43, 1712054, 1424
2642, 1, 467, 536, 371, 0, 2.17%, 0, 0, 13, 733.73, 1715905, 1424
2647, 1, 396, 536, 371, 0, 2.17%, 0, 0, 13, 693.33, 1719427, 1424
2652, 1, 365, 536, 371, 0, 2.17%, 0, 0, 13, 723.04, 1723133, 1424
2657, 1, 365, 536, 371, 0, 2.17%, 0, 0, 13, 544.31, 1725358, 1424
2662, 1, 530, 536, 371, 0, 2.17%, 0, 0, 13, 682.53, 1728939, 1424
2667, 1, 467, 536, 371, 0, 2.17%, 0, 0, 13, 718.60, 1732566, 1424
2672, 1, 467, 536, 371, 0, 2.17%, 0, 0, 13, 709.00, 1736124, 1424
2678, 1, 467, 536, 371, 0, 2.17%, 0, 0, 13, 733.61, 1739919, 1424
2683, 1, 365, 536, 371, 0, 2.17%, 0, 0, 13, 718.20, 1743542, 1424
2688, 1, 365, 536, 371, 0, 2.17%, 0, 0, 13, 685.91, 1747118, 1424
2693, 1, 365, 536, 371, 0, 2.17%, 0, 0, 13, 704.03, 1750095, 1424
2698, 1, 82, 536, 371, 0, 2.17%, 0, 0, 13, 723.76, 1753764, 1424
2703, 1, 365, 536, 371, 0, 2.17%, 0, 0, 13, 661.41, 1756865, 1424
2708, 1, 152, 536, 371, 0, 2.17%, 0, 0, 13, 644.11, 1760180, 1424
2713, 1, 530, 536, 371, 0, 2.17%, 0, 0, 13, 712.48, 1763785, 1424
2718, 1, 365, 536, 371, 0, 2.17%, 0, 0, 13, 730.42, 1767443, 1424
2723, 1, 448, 536, 370, 0, 2.17%, 0, 0, 13, 705.94, 1770842, 1424
2728, 1, 448, 536, 370, 0, 2.17%, 0, 0, 13, 731.85, 1774567, 1424
2733, 1, 152, 536, 370, 0, 2.17%, 0, 0, 13, 704.81, 1778211, 1424
2738, 1, 215, 537, 371, 0, 2.17%, 0, 0, 13, 676.76, 1781207, 1424
2743, 1, 477, 537, 371, 0, 2.17%, 0, 0, 13, 721.07, 1784931, 1424
2748, 1, 477, 537, 371, 0, 2.17%, 0, 0, 13, 749.32, 1788735, 1424
2753, 1, 365, 538, 372, 0, 2.17%, 0, 0, 13, 709.54, 1792200, 1424
2759, 1, 365, 538, 372, 0, 2.17%, 0, 0, 13, 732.16, 1795928, 1424
2764, 1, 365, 538, 372, 0, 2.17%, 0, 0, 13, 724.35, 1799651, 1424
2769, 1, 365, 538, 372, 0, 2.17%, 0, 0, 13, 120.98, 1801746, 1424
2774, 1, 152, 538, 372, 0, 2.17%, 0, 0, 13, 708.89, 1805447, 1424
2779, 1, 365, 538, 371, 0, 2.17%, 0, 0, 13, 621.03, 1808676, 1424
2784, 1, 365, 538, 371, 0, 2.17%, 0, 0, 13, 696.50, 1812239, 1424
2789, 1, 460, 538, 371, 0, 2.17%, 0, 0, 13, 753.40, 1815108, 1424
2794, 1, 460, 538, 371, 0, 2.17%, 0, 0, 13, 736.87, 1818911, 1424
2799, 1, 365, 538, 371, 0, 2.17%, 0, 0, 13, 732.28, 1822650, 1424
2805, 1, 82, 538, 371, 0, 2.17%, 0, 0, 13, 729.43, 1826380, 1424
2810, 1, 365, 538, 371, 0, 2.17%, 0, 0, 13, 698.55, 1829884, 1424
2815, 1, 333, 539, 372, 0, 2.17%, 0, 0, 13, 730.53, 1833572, 1424
2820, 1, 365, 539, 372, 0, 2.17%, 0, 0, 13, 705.43, 1837210, 1424
2825, 1, 365, 539, 372, 0, 2.17%, 0, 0, 13, 703.87, 1840798, 1424
2830, 1, 365, 539, 372, 0, 2.17%, 0, 0, 13, 718.30, 1844424, 1424
2835, 1, 365, 539, 372, 0, 2.17%, 0, 0, 13, 709.48, 1848040, 1424
2840, 1, 365, 539, 372, 0, 2.17%, 0, 0, 13, 724.69, 1851803, 1424
2845, 1, 243, 539, 372, 0, 2.17%, 0, 0, 13, 731.13, 1855485, 1424
2850, 1, 372, 539, 372, 0, 2.17%, 0, 0, 13, 221.77, 1858457, 1424
2856, 1, 215, 539, 371, 0, 2.17%, 0, 0, 13, 628.04, 1862074, 1424
2861, 1, 365, 539, 371, 0, 2.17%, 0, 0, 13, 678.07, 1865537, 1424
2866, 1, 408, 539, 371, 0, 2.17%, 0, 0, 13, 713.89, 1869185, 1424
2871, 1, 408, 539, 371, 0, 2.17%, 0, 0, 13, 737.81, 1872985, 1424
2876, 1, 365, 539, 371, 0, 2.17%, 0, 0, 13, 721.77, 1876631, 1424
2881, 1, 365, 539, 371, 0, 2.17%, 0, 0, 13, 100.67, 1878904, 1424
2886, 1, 365, 540, 372, 0, 2.17%, 0, 0, 13, 610.45, 1881856, 1424
2891, 1, 365, 540, 372, 0, 2.17%, 0, 0, 13, 701.70, 1885447, 1424
2896, 1, 365, 540, 372, 0, 2.17%, 0, 0, 13, 98.58, 1888211, 1424
2901, 1, 365, 540, 372, 0, 2.17%, 0, 0, 13, 718.42, 1891619, 1424
2906, 1, 365, 540, 372, 0, 2.17%, 0, 0, 13, 722.70, 1895274, 1424
2911, 1, 530, 540, 372, 0, 2.17%, 0, 0, 13, 753.93, 1898305, 1424
2916, 1, 464, 540, 372, 0, 2.17%, 0, 0, 13, 749.89, 1902080, 1424
2921, 1, 350, 540, 372, 0, 2.17%, 0, 0, 13, 733.56, 1905754, 1424
2926, 1, 365, 540, 371, 0, 2.17%, 0, 0, 13, 733.13, 1909529, 1424
2931, 1, 333, 540, 371, 0, 2.17%, 0, 0, 13, 730.30, 1913254, 1424
2937, 1, 148, 540, 371, 0, 2.17%, 0, 0, 13, 746.09, 1917053, 1424
2942, 1, 350, 540, 370, 0, 2.17%, 0, 0, 13, 731.48, 1920738, 1424
2947, 1, 350, 540, 370, 0, 2.17%, 0, 0, 13, 735.29, 1924550, 1424
2952, 1, 365, 540, 370, 0, 2.17%, 0, 0, 13, 709.10, 1928191, 1424
2957, 1, 365, 540, 370, 0, 2.17%, 0, 0, 13, 724.64, 1931898, 1424
2962, 1, 365, 540, 370, 0, 2.17%, 0, 0, 13, 695.26, 1935377, 1424
2967, 1, 365, 540, 370, 0, 2.17%, 0, 0, 13, 690.62, 1938908, 1424
2972, 1, 365, 540, 370, 0, 2.17%, 0, 0, 13, 713.98, 1942564, 1424
2977, 1, 365, 540, 370, 0, 2.17%, 0, 0, 13, 733.24, 1946276, 1424
2982, 1, 215, 540, 370, 0, 2.17%, 0, 0, 13, 725.66, 1949822, 1424
2987, 1, 365, 540, 370, 0, 2.17%, 0, 0, 13, 725.29, 1953496, 1424
2993, 1, 314, 540, 370, 0, 2.17%, 0, 0, 13, 704.95, 1956985, 1424
2998, 1, 467, 540, 370, 0, 2.17%, 0, 0, 13, 701.72, 1960571, 1424
3003, 1, 467, 540, 370, 0, 2.17%, 0, 0, 13, 733.25, 1964281, 1424
3008, 1, 314, 540, 370, 0, 2.17%, 0, 0, 13, 707.28, 1967799, 1424
3013, 1, 365, 540, 370, 0, 2.17%, 0, 0, 13, 707.18, 1971374, 1424
3018, 1, 365, 540, 370, 0, 2.17%, 0, 0, 13, 134.62, 1974425, 1424
3023, 1, 365, 540, 370, 0, 2.17%, 0, 0, 13, 724.03, 1978070, 1424
3028, 1, 444, 540, 370, 0, 2.17%, 0, 0, 13, 723.36, 1981653, 1424
3033, 1, 444, 540, 370, 0, 2.17%, 0, 0, 13, 710.58, 1985186, 1424
3038, 1, 444, 540, 370, 0, 2.17%, 0, 0, 13, 739.98, 1988948, 1424
3043, 1, 365, 540, 370, 0, 2.17%, 0, 0, 13, 711.31, 1992459, 1424
3048, 1, 365, 540, 370, 0, 2.17%, 0, 0, 13, 106.44, 1995739, 1424
3053, 1, 152, 540, 370, 0, 2.17%, 0, 0, 13, 669.02, 1998703, 1424
3058, 1, 365, 540, 370, 0, 2.17%, 0, 0, 13, 709.98, 2002478, 1424
3063, 1, 365, 540, 370, 0, 2.17%, 0, 0, 13, 724.91, 2006164, 1424
3068, 1, 365, 540, 370, 0, 2.17%, 0, 0, 13, 727.46, 2009890, 1424
3074, 1, 365, 540, 370, 0, 2.17%, 0, 0, 13, 740.86, 2013692, 1424
3079, 1, 171, 540, 370, 0, 2.17%, 0, 0, 13, 742.38, 2017444, 1424
3084, 1, 467, 540, 370, 0, 2.17%, 0, 0, 13, 740.20, 2021190, 1424
3089, 1, 467, 540, 370, 0, 2.17%, 0, 0, 13, 526.76, 2024028, 1424
3094, 1, 467, 540, 370, 0, 2.17%, 0, 0, 13, 523.98, 2026930, 1424
3099, 1, 365, 540, 370, 0, 2.17%, 0, 0, 13, 755.14, 2029861, 1424
3104, 1, 365, 540, 370, 0, 2.17%, 0, 0, 13, 728.97, 2033466, 1424
3109, 1, 477, 540, 370, 0, 2.17%, 0, 0, 13, 743.86, 2037191, 1424
3114, 1, 477, 540, 370, 0, 2.17%, 0, 0, 13, 746.29, 2041014, 1424
3119, 1, 508, 540, 370, 0, 2.17%, 0, 0, 13, 738.56, 2044721, 1424
3124, 1, 508, 540, 370, 0, 2.17%, 0, 0, 13, 748.26, 2048628, 1424
3129, 1, 399, 540, 370, 0, 2.17%, 0, 0, 13, 737.55, 2052279, 1424
3134, 1, 152, 540, 370, 0, 2.17%, 0, 0, 13, 731.46, 2055959, 1424
3140, 1, 365, 540, 370, 0, 2.17%, 0, 0, 13, 722.42, 2059552, 1424
3145, 1, 482, 540, 370, 0, 2.17%, 0, 0, 13, 676.07, 2062946, 1424
3150, 1, 467, 540, 370, 0, 2.17%, 0, 0, 13, 709.14, 2066661, 1424
3155, 1, 467, 540, 370, 0, 2.17%, 0, 0, 13, 726.41, 2070288, 1424
3160, 1, 231, 540, 370, 0, 2.17%, 0, 0, 13, 721.19, 2073893, 1424
3165, 1, 365, 540, 369, 0, 2.17%, 0, 0, 13, 91.62, 2076820, 1424
3170, 1, 399, 540, 369, 0, 2.17%, 0, 0, 13, 684.01, 2080394, 1424
3175, 1, 365, 540, 369, 0, 2.17%, 0, 0, 13, 631.97, 2083286, 1424
3180, 1, 365, 540, 369, 0, 2.17%, 0, 0, 13, 759.45, 2086208, 1424
3185, 1, 365, 540, 369, 0, 2.17%, 0, 0, 13, 673.82, 2089456, 1424
3191, 1, 477, 540, 369, 0, 2.17%, 0, 0, 13, 703.35, 2092577, 1424
3196, 1, 477, 541, 370, 0, 2.17%, 0, 0, 13, 740.24, 2096328, 1424
3201, 1, 365, 541, 370, 0, 2.17%, 0, 0, 13, 599.60, 2099244, 1424
3206, 1, 152, 541, 370, 0, 2.17%, 0, 0, 13, 707.50, 2102884, 1424
3211, 1, 82, 541, 370, 0, 2.17%, 0, 0, 13, 665.88, 2106265, 1424
3216, 1, 324, 541, 370, 0, 2.17%, 0, 0, 13, 717.37, 2109194, 1424
3221, 1, 350, 541, 370, 0, 2.17%, 0, 0, 13, 738.42, 2112895, 1424
3226, 1, 350, 541, 370, 0, 2.17%, 0, 0, 13, 747.39, 2116669, 1424
3231, 1, 365, 541, 370, 0, 2.17%, 0, 0, 13, 724.25, 2120234, 1424
3236, 1, 365, 541, 370, 0, 2.17%, 0, 0, 13, 680.48, 2123562, 1424
3241, 1, 365, 541, 370, 0, 2.17%, 0, 0, 13, 697.40, 2127150, 1424
3246, 1, 365, 541, 370, 0, 2.17%, 0, 0, 13, 714.02, 2130808, 1424
3251, 1, 365, 541, 370, 0, 2.17%, 0, 0, 13, 737.12, 2134529, 1424
3256, 1, 365, 541, 370, 0, 2.17%, 0, 0, 13, 77.34, 2137093, 1424
3261, 1, 312, 541, 370, 0, 2.17%, 0, 0, 13, 129.50, 2140196, 1424
3267, 1, 312, 541, 370, 0, 2.17%, 0, 0, 13, 177.13, 2141051, 1424
3272, 1, 365, 541, 369, 0, 2.17%, 0, 0, 13, 622.56, 2144862, 1424
3277, 1, 365, 541, 369, 0, 2.17%, 0, 0, 13, 698.31, 2147915, 1424
3282, 1, 314, 541, 369, 0, 2.17%, 0, 0, 13, 685.77, 2151383, 1424
3287, 1, 82, 544, 372, 0, 2.17%, 0, 0, 13, 684.19, 2154602, 1424
3292, 1, 365, 544, 372, 0, 2.17%, 0, 0, 13, 631.70, 2157815, 1424
3297, 1, 365, 544, 372, 0, 2.17%, 0, 0, 13, 677.44, 2161386, 1424
3302, 1, 365, 544, 372, 0, 2.17%, 0, 0, 13, 717.95, 2165170, 1424
3307, 1, 365, 544, 372, 0, 2.17%, 0, 0, 13, 700.44, 2168161, 1424
3312, 1, 365, 544, 371, 0, 2.17%, 0, 0, 13, 711.79, 2171532, 1424
3318, 1, 365, 544, 371, 0, 2.17%, 0, 0, 13, 724.65, 2175186, 1424
3323, 1, 152, 544, 370, 0, 2.17%, 0, 0, 13, 743.64, 2178896, 1424
3328, 1, 365, 544, 370, 0, 2.17%, 0, 0, 13, 732.41, 2182642, 1424
3333, 1, 467, 544, 370, 0, 2.17%, 0, 0, 13, 722.60, 2186274, 1424
3338, 1, 467, 545, 371, 0, 2.17%, 0, 0, 13, 746.19, 2190071, 1424
3343, 1, 365, 545, 371, 0, 2.17%, 0, 0, 13, 688.76, 2193597, 1424
3348, 1, 467, 545, 371, 0, 2.17%, 0, 0, 13, 693.81, 2197121, 1424
3353, 1, 467, 545, 371, 0, 2.17%, 0, 0, 13, 711.19, 2200675, 1424
3358, 1, 464, 545, 371, 0, 2.17%, 0, 0, 13, 709.92, 2204291, 1424
3363, 1, 365, 545, 371, 0, 2.17%, 0, 0, 13, 714.65, 2207906, 1424
3368, 1, 152, 545, 371, 0, 2.17%, 0, 0, 13, 726.62, 2210371, 1424
3374, 1, 365, 545, 371, 0, 2.17%, 0, 0, 13, 714.98, 2213971, 1424
3379, 1, 365, 545, 371, 0, 2.17%, 0, 0, 13, 703.85, 2217521, 1424
3384, 1, 365, 545, 371, 0, 2.17%, 0, 0, 13, 669.43, 2220889, 1424
3389, 1, 365, 545, 371, 0, 2.17%, 0, 0, 13, 759.78, 2223129, 1424
3394, 1, 152, 545, 371, 0, 2.17%, 0, 0, 13, 728.31, 2226835, 1424
3399, 1, 365, 545, 371, 0, 2.17%, 0, 0, 13, 693.33, 2230149, 1424
3404, 1, 365, 545, 371, 0, 2.17%, 0, 0, 13, 713.58, 2233747, 1424
3409, 1, 365, 545, 371, 0, 2.17%, 0, 0, 13, 716.17, 2237382, 1424
3414, 1, 365, 545, 371, 0, 2.17%, 0, 0, 13, 688.12, 2240798, 1424
3419, 1, 365, 545, 371, 0, 2.17%, 0, 0, 13, 766.17, 2243601, 1424
3424, 1, 365, 545, 371, 0, 2.17%, 0, 0, 13, 94.24, 2246447, 1424
3429, 1, 20, 545, 371, 0, 2.17%, 0, 0, 13, 676.54, 2249943, 1424
3434, 1, 82, 545, 371, 0, 2.17%, 0, 0, 13, 732.59, 2253771, 1424
3440, 1, 365, 545, 371, 0, 2.17%, 0, 0, 13, 115.02, 2256988, 1424
3445, 1, 365, 545, 371, 0, 2.17%, 0, 0, 13, 729.49, 2260411, 1424
3450, 1, 152, 545, 371, 0, 2.17%, 0, 0, 13, 694.17, 2263861, 1424
3455, 1, 215, 545, 371, 0, 2.17%, 0, 0, 13, 697.33, 2267300, 1424
3460, 1, 152, 545, 371, 0, 2.17%, 0, 0, 13, 687.37, 2270716, 1424
3465, 1, 365, 545, 371, 0, 2.17%, 0, 0, 13, 711.28, 2274403, 1424
3470, 1, 477, 545, 371, 0, 2.17%, 0, 0, 13, 735.60, 2278094, 1424
3475, 1, 477, 545, 371, 0, 2.17%, 0, 0, 13, 743.09, 2281954, 1424
3480, 1, 365, 545, 371, 0, 2.17%, 0, 0, 13, 702.82, 2285535, 1424
3485, 1, 467, 545, 371, 0, 2.17%, 0, 0, 13, 713.46, 2289158, 1424
3490, 1, 467, 546, 372, 0, 2.17%, 0, 0, 13, 699.93, 2292639, 1424
3496, 1, 467, 546, 372, 0, 2.17%, 0, 0, 13, 749.29, 2296556, 1424
3501, 1, 439, 546, 372, 0, 2.17%, 0, 0, 13, 708.82, 2300068, 1424
3506, 1, 439, 546, 372, 0, 2.17%, 0, 0, 13, 743.70, 2303984, 1424
3511, 1, 20, 546, 372, 0, 2.17%, 0, 0, 13, 728.94, 2307677, 1424
3516, 1, 20, 547, 373, 0, 2.17%, 0, 0, 13, 739.51, 2311427, 1424
3521, 1, 365, 547, 372, 0, 2.17%, 0, 0, 13, 739.73, 2315143, 1424
3526, 1, 365, 547, 372, 0, 2.17%, 0, 0, 13, 742.57, 2317376, 1424
3531, 1, 365, 547, 372, 0, 2.17%, 0, 0, 13, 697.00, 2320912, 1424
3536, 1, 378, 547, 372, 0, 2.17%, 0, 0, 13, 684.42, 2324152, 1424
3541, 1, 378, 547, 372, 0, 2.17%, 0, 0, 13, 755.17, 2328022, 1424
3546, 2, 365, 548, 373, 0, 2.18%, 0, 0, 13, 704.54, 2331613, 1431
3551, 2, 365, 548, 373, 1, 2.18%, 0, 0, 13, 735.26, 2334677, 1431
3557, 2, 547, 549, 374, 1, 2.18%, 0, 0, 13, 689.55, 2338143, 1431
3562, 2, 547, 549, 374, 1, 2.18%, 0, 0, 13, 772.28, 2340917, 1431
3567, 2, 365, 549, 373, 0, 2.18%, 0, 0, 13, 735.45, 2344698, 1431
3572, 2, 365, 551, 375, 0, 2.20%, 0, 0, 13, 498.23, 2347819, 1441
3577, 2, 365, 553, 377, 0, 2.20%, 0, 0, 13, 645.58, 2351234, 1441
3582, 2, 365, 553, 377, 0, 2.20%, 0, 0, 13, 674.58, 2354753, 1441
3587, 2, 365, 553, 377, 0, 2.20%, 0, 0, 13, 671.82, 2358133, 1441
3592, 2, 365, 553, 377, 0, 2.20%, 0, 0, 13, 692.17, 2361704, 1441
3597, 2, 547, 553, 377, 1, 2.20%, 0, 0, 13, 750.08, 2364806, 1441
3603, 2, 549, 554, 378, 1, 2.20%, 0, 0, 13, 737.32, 2368555, 1441
3608, 2, 365, 554, 377, 0, 2.20%, 0, 0, 13, 716.71, 2372098, 1441
3613, 2, 365, 554, 376, 0, 2.20%, 0, 0, 13, 708.89, 2375715, 1441
3618, 2, 365, 558, 380, 0, 2.20%, 0, 0, 13, 63.22, 2377023, 1441
3623, 2, 365, 558, 380, 0, 2.20%, 0, 0, 13, 84.78, 2377473, 1441
3628, 2, 365, 558, 380, 0, 2.20%, 0, 0, 13, 81.84, 2377887, 1441
3633, 2, 365, 558, 380, 0, 2.20%, 0, 0, 13, 82.40, 2378294, 1441
3638, 2, 365, 558, 380, 0, 2.20%, 0, 0, 13, 84.78, 2378720, 1441
3643, 2, 189, 558, 380, 0, 2.20%, 0, 0, 13, 701.80, 2381812, 1441
3648, 2, 149, 559, 381, 0, 2.20%, 0, 0, 13, 727.71, 2385479, 1441
3653, 2, 365, 559, 381, 0, 2.20%, 0, 0, 13, 739.98, 2389219, 1441
3658, 2, 365, 559, 381, 0, 2.20%, 0, 0, 13, 695.44, 2392149, 1441
3663, 2, 365, 559, 381, 0, 2.20%, 0, 0, 13, 718.23, 2395728, 1441
3669, 2, 314, 559, 380, 0, 2.20%, 0, 0, 13, 589.64, 2398708, 1441
3674, 2, 365, 559, 380, 0, 2.20%, 0, 0, 13, 607.97, 2401982, 1441
3679, 2, 365, 559, 380, 0, 2.20%, 0, 0, 13, 683.52, 2405525, 1441
3684, 2, 365, 559, 380, 0, 2.20%, 0, 0, 13, 694.53, 2409054, 1441
3689, 2, 477, 559, 380, 0, 2.20%, 0, 0, 13, 720.56, 2412723, 1441
3694, 2, 477, 559, 380, 0, 2.20%, 0, 0, 13, 731.04, 2416438, 1441
3699, 2, 365, 559, 380, 0, 2.20%, 0, 0, 13, 724.36, 2420074, 1441
3704, 2, 327, 559, 380, 0, 2.20%, 0, 0, 13, 704.29, 2423565, 1441
3709, 2, 467, 559, 378, 0, 2.20%, 0, 0, 13, 732.88, 2425476, 1441
3714, 2, 467, 559, 378, 0, 2.20%, 0, 0, 13, 733.21, 2429248, 1441
3719, 2, 397, 559, 378, 0, 2.20%, 0, 0, 13, 704.55, 2432874, 1441
3724, 2, 467, 559, 377, 0, 2.20%, 0, 0, 13, 706.96, 2436556, 1441
3730, 2, 467, 560, 378, 0, 2.20%, 0, 0, 13, 738.54, 2440424, 1441
3735, 2, 553, 561, 379, 0, 2.20%, 0, 0, 13, 750.71, 2444215, 1441
3740, 2, 477, 561, 378, 0, 2.20%, 0, 0, 13, 735.33, 2447905, 1441
3745, 2, 477, 562, 379, 0, 2.20%, 0, 0, 13, 750.00, 2451824, 1441
3750, 2, 365, 562, 379, 0, 2.20%, 0, 0, 13, 721.45, 2455561, 1441
3755, 2, 477, 562, 379, 0, 2.20%, 0, 0, 13, 744.15, 2458697, 1441
3760, 2, 477, 562, 379, 0, 2.20%, 0, 0, 13, 722.97, 2462333, 1441
3766, 2, 152, 562, 379, 0, 2.20%, 0, 0, 13, 693.62, 2466022, 1441
3771, 2, 378, 562, 379, 0, 2.20%, 0, 0, 13, 706.71, 2469597, 1441
3776, 2, 378, 564, 381, 0, 2.20%, 0, 0, 13, 706.14, 2473211, 1441
3781, 2, 378, 564, 381, 0, 2.20%, 0, 0, 13, 721.38, 2476823, 1441
3786, 2, 378, 566, 383, 0, 2.20%, 0, 0, 13, 734.63, 2480520, 1441
3791, 2, 378, 566, 383, 0, 2.20%, 0, 0, 13, 754.27, 2484350, 1441
3796, 2, 563, 569, 386, 1, 2.20%, 0, 0, 13, 740.66, 2488045, 1441
3801, 2, 563, 569, 386, 1, 2.20%, 0, 0, 13, 733.23, 2491741, 1441
3806, 2, 563, 569, 386, 1, 2.20%, 0, 0, 13, 738.70, 2495457, 1441
3811, 2, 123, 574, 390, 0, 2.20%, 0, 0, 13, 706.00, 2499018, 1441
3816, 2, 365, 574, 390, 0, 2.20%, 0, 0, 13, 703.96, 2502570, 1441
3821, 2, 467, 574, 390, 0, 2.20%, 0, 0, 13, 711.41, 2506266, 1441
3826, 2, 467, 574, 390, 0, 2.20%, 0, 0, 13, 736.43, 2510088, 1441
3831, 2, 152, 577, 393, 0, 2.20%, 0, 0, 13, 735.13, 2513782, 1441
3836, 2, 365, 579, 395, 0, 2.20%, 0, 0, 13, 710.53, 2517324, 1441
3841, 2, 365, 580, 395, 0, 2.20%, 0, 0, 13, 101.21, 2520349, 1441
3847, 2, 365, 580, 395, 0, 2.20%, 0, 0, 13, 752.30, 2523991, 1441
3852, 2, 365, 581, 396, 0, 2.20%, 0, 0, 13, 719.06, 2527665, 1441
3857, 2, 365, 581, 396, 0, 2.20%, 0, 0, 13, 730.98, 2531346, 1441
3862, 2, 365, 582, 397, 0, 2.20%, 0, 0, 13, 736.65, 2535055, 1441
3867, 2, 215, 584, 399, 0, 2.20%, 0, 0, 13, 766.10, 2537898, 1441
3872, 2, 404, 584, 399, 0, 2.20%, 0, 0, 13, 725.82, 2541486, 1441
3877, 2, 404, 584, 399, 0, 2.20%, 0, 0, 13, 742.44, 2545350, 1441
3882, 2, 365, 584, 399, 0, 2.20%, 0, 0, 13, 735.23, 2549083, 1441
3887, 2, 365, 589, 404, 0, 2.20%, 0, 0, 13, 591.01, 2551809, 1441
3892, 2, 365, 589, 404, 0, 2.20%, 0, 0, 13, 687.03, 2555348, 1441
3898, 2, 365, 589, 404, 0, 2.20%, 0, 0, 13, 670.11, 2558728, 1441
3903, 2, 365, 590, 405, 0, 2.20%, 0, 0, 13, 654.41, 2562144, 1441
3908, 2, 508, 591, 406, 0, 2.20%, 0, 0, 13, 714.12, 2565831, 1441
3913, 2, 508, 591, 406, 0, 2.20%, 0, 0, 13, 684.69, 2569231, 1441
3918, 2, 508, 591, 406, 0, 2.20%, 0, 0, 13, 699.66, 2572846, 1441
3923, 2, 365, 591, 406, 0, 2.20%, 0, 0, 13, 92.50, 2575893, 1441
