# relative_time, cycles_done, cur_item, corpus_count, pending_total, pending_favs, map_size, saved_crashes, saved_hangs, max_depth, execs_per_sec, total_execs, edges_found
60, 0, 3, 34, 31, 1, 0.98%, 2, 0, 2, 255.56, 16135, 640
66, 0, 3, 34, 31, 1, 0.98%, 4, 0, 2, 255.56, 17455, 640
71, 0, 3, 34, 31, 1, 0.98%, 4, 0, 2, 251.56, 18735, 640
76, 0, 3, 34, 31, 1, 0.98%, 4, 0, 2, 253.87, 20050, 640
81, 0, 3, 34, 31, 1, 0.98%, 4, 0, 2, 257.26, 21355, 640
86, 0, 3, 35, 32, 1, 1.04%, 4, 0, 2, 256.63, 22653, 681
91, 0, 3, 35, 32, 1, 1.04%, 4, 0, 2, 255.72, 23943, 681
96, 0, 3, 35, 32, 1, 1.04%, 4, 0, 2, 256.06, 25223, 681
101, 0, 3, 36, 33, 1, 1.05%, 4, 0, 2, 258.62, 26536, 685
106, 0, 3, 36, 33, 1, 1.05%, 4, 0, 2, 258.15, 27836, 685
111, 0, 3, 36, 33, 1, 1.05%, 5, 0, 2, 257.55, 29136, 685
116, 0, 3, 36, 33, 1, 1.05%, 6, 0, 2, 257.43, 30436, 685
121, 0, 3, 37, 34, 1, 1.05%, 6, 0, 2, 256.92, 31739, 688
126, 0, 3, 37, 34, 1, 1.05%, 6, 0, 2, 259.21, 33064, 688
131, 0, 3, 37, 34, 1, 1.05%, 6, 0, 2, 255.94, 34359, 688
136, 0, 3, 37, 34, 1, 1.05%, 6, 0, 2, 251.88, 35624, 688
142, 0, 3, 38, 35, 1, 1.07%, 6, 0, 2, 253.88, 36907, 702
147, 0, 3, 38, 35, 1, 1.07%, 6, 0, 2, 255.87, 38197, 702
152, 0, 3, 38, 35, 1, 1.07%, 6, 0, 2, 254.93, 39482, 702
157, 0, 3, 38, 35, 1, 1.07%, 7, 0, 2, 255.32, 40787, 702
162, 0, 3, 46, 43, 1, 1.10%, 7, 0, 2, 243.62, 42043, 721
167, 0, 3, 48, 45, 1, 1.10%, 7, 0, 2, 242.03, 43251, 721
172, 0, 3, 49, 46, 1, 1.11%, 7, 0, 2, 239.87, 44455, 729
177, 0, 3, 51, 48, 1, 1.11%, 7, 0, 2, 235.33, 45659, 729
182, 0, 3, 52, 49, 1, 1.12%, 7, 0, 2, 238.26, 46863, 731
187, 0, 3, 52, 49, 1, 1.12%, 7, 0, 2, 238.86, 48063, 731
192, 0, 3, 52, 49, 1, 1.12%, 7, 0, 2, 238.94, 49263, 731
197, 0, 3, 52, 49, 1, 1.12%, 7, 0, 2, 242.84, 50479, 731
202, 0, 3, 52, 49, 1, 1.12%, 7, 0, 2, 236.80, 51671, 731
207, 0, 3, 53, 50, 1, 1.12%, 7, 0, 2, 236.98, 52895, 731
213, 0, 3, 53, 50, 1, 1.12%, 7, 0, 2, 238.54, 54143, 731
218, 0, 3, 53, 50, 1, 1.12%, 7, 0, 2, 239.96, 55379, 731
223, 0, 3, 53, 50, 1, 1.12%, 7, 0, 2, 238.43, 56615, 731
228, 0, 3, 53, 50, 1, 1.12%, 7, 0, 2, 240.33, 57867, 731
233, 0, 3, 53, 50, 1, 1.12%, 7, 0, 2, 240.40, 59079, 731
238, 0, 3, 53, 50, 1, 1.12%, 7, 0, 2, 242.35, 60331, 731
243, 0, 3, 53, 50, 1, 1.12%, 7, 0, 2, 242.12, 61555, 731
249, 0, 3, 53, 50, 1, 1.12%, 7, 0, 2, 244.04, 62819, 731
254, 0, 3, 53, 50, 1, 1.12%, 7, 0, 2, 239.30, 64015, 731
259, 0, 3, 53, 50, 1, 1.12%, 7, 0, 2, 239.06, 65215, 731
264, 0, 3, 53, 50, 1, 1.12%, 7, 0, 2, 238.98, 66447, 731
269, 0, 3, 53, 50, 1, 1.12%, 7, 0, 2, 230.65, 67635, 731
274, 0, 3, 53, 50, 1, 1.12%, 7, 0, 2, 236.12, 68823, 731
279, 0, 3, 53, 50, 1, 1.12%, 7, 0, 2, 238.38, 70059, 731
284, 0, 3, 53, 50, 1, 1.12%, 7, 0, 2, 237.05, 71291, 731
290, 0, 3, 53, 50, 1, 1.12%, 7, 0, 2, 237.32, 72527, 731
295, 0, 3, 53, 50, 1, 1.12%, 7, 0, 2, 237.67, 73719, 731
300, 0, 3, 55, 52, 1, 1.12%, 7, 0, 2, 241.43, 74967, 731
305, 0, 3, 56, 53, 1, 1.12%, 7, 0, 2, 244.61, 76191, 731
310, 0, 3, 58, 55, 1, 1.12%, 7, 0, 2, 238.34, 77391, 731
315, 0, 3, 58, 55, 1, 1.12%, 7, 0, 2, 243.87, 78663, 731
320, 0, 3, 58, 55, 1, 1.12%, 7, 0, 2, 245.24, 79943, 731
325, 0, 3, 58, 55, 1, 1.12%, 7, 0, 2, 243.05, 81159, 731
330, 0, 3, 58, 55, 1, 1.12%, 7, 0, 2, 244.09, 82387, 731
335, 0, 3, 58, 55, 1, 1.12%, 7, 0, 2, 238.28, 83595, 731
340, 0, 3, 58, 55, 1, 1.12%, 7, 0, 2, 249.72, 84907, 731
346, 0, 3, 60, 57, 1, 1.12%, 7, 0, 2, 210.97, 85967, 731
351, 0, 37, 60, 56, 20, 1.12%, 7, 0, 2, 254.77, 87323, 731
356, 0, 16, 62, 57, 21, 1.12%, 7, 0, 3, 253.39, 88607, 736
361, 0, 16, 62, 57, 21, 1.12%, 7, 0, 3, 280.76, 90046, 736
366, 0, 16, 62, 57, 21, 1.12%, 7, 0, 3, 256.14, 91292, 736
371, 0, 16, 62, 57, 21, 1.12%, 7, 0, 3, 255.67, 92624, 736
376, 0, 16, 62, 57, 21, 1.12%, 7, 0, 3, 253.16, 93939, 736
381, 0, 9, 63, 57, 20, 1.12%, 7, 0, 3, 250.21, 95068, 736
386, 0, 9, 64, 58, 20, 1.12%, 7, 0, 3, 48.59, 96067, 736
391, 0, 9, 64, 58, 20, 1.12%, 7, 0, 3, 47.54, 96302, 736
396, 0, 9, 66, 60, 20, 1.13%, 7, 0, 3, 46.62, 96535, 741
401, 0, 9, 68, 62, 20, 1.13%, 7, 0, 3, 45.19, 96758, 741
406, 0, 9, 68, 62, 20, 1.13%, 7, 0, 3, 46.35, 96993, 741
411, 0, 9, 69, 63, 20, 1.13%, 7, 0, 3, 46.72, 97229, 741
417, 0, 9, 69, 63, 20, 1.13%, 7, 0, 3, 46.28, 97467, 741
422, 0, 9, 69, 63, 20, 1.13%, 7, 0, 3, 46.49, 97705, 741
427, 0, 9, 70, 64, 20, 1.13%, 7, 0, 3, 46.02, 97939, 741
432, 0, 9, 70, 64, 20, 1.13%, 7, 0, 3, 46.46, 98174, 741
437, 0, 9, 70, 64, 20, 1.13%, 7, 0, 3, 47.07, 98415, 741
442, 0, 9, 70, 64, 20, 1.13%, 7, 0, 3, 47.38, 98654, 741
447, 0, 9, 70, 64, 20, 1.13%, 7, 0, 3, 46.53, 98894, 741
452, 0, 9, 70, 64, 20, 1.13%, 7, 0, 3, 47.07, 99133, 741
457, 0, 9, 70, 64, 20, 1.13%, 7, 0, 3, 47.02, 99370, 741
462, 0, 9, 70, 64, 20, 1.13%, 7, 0, 3, 46.89, 99605, 741
467, 0, 9, 70, 64, 20, 1.13%, 7, 0, 3, 45.53, 99832, 741
472, 0, 9, 70, 64, 20, 1.13%, 7, 0, 3, 46.04, 100064, 741
477, 0, 9, 70, 64, 20, 1.13%, 7, 0, 3, 47.02, 100307, 741
482, 0, 9, 70, 64, 20, 1.13%, 7, 0, 3, 48.88, 100551, 741
488, 0, 9, 70, 64, 20, 1.13%, 7, 0, 3, 46.39, 100783, 741
493, 0, 9, 70, 64, 20, 1.13%, 7, 0, 3, 46.60, 101022, 741
498, 0, 9, 70, 64, 20, 1.13%, 7, 0, 3, 48.04, 101262, 741
503, 0, 9, 70, 64, 20, 1.13%, 7, 0, 3, 47.57, 101501, 741
508, 0, 9, 70, 64, 20, 1.13%, 7, 0, 3, 47.11, 101739, 741
513, 0, 9, 71, 65, 20, 1.13%, 7, 0, 3, 46.76, 101985, 741
518, 0, 9, 71, 65, 20, 1.13%, 7, 0, 3, 47.10, 102224, 741
523, 0, 9, 71, 65, 20, 1.13%, 7, 0, 3, 46.92, 102461, 741
528, 0, 9, 71, 65, 20, 1.13%, 7, 0, 3, 46.45, 102696, 741
533, 0, 9, 71, 65, 20, 1.13%, 7, 0, 3, 45.48, 102929, 741
538, 0, 9, 71, 65, 20, 1.13%, 7, 0, 3, 47.81, 103174, 741
544, 0, 9, 71, 65, 20, 1.13%, 7, 0, 3, 45.72, 103406, 741
549, 0, 9, 71, 65, 20, 1.13%, 7, 0, 3, 46.93, 103640, 741
554, 0, 9, 71, 65, 20, 1.13%, 7, 0, 3, 47.53, 103880, 741
559, 0, 9, 71, 65, 20, 1.13%, 7, 0, 3, 46.31, 104118, 741
564, 0, 9, 71, 65, 20, 1.13%, 7, 0, 3, 47.42, 104357, 741
569, 0, 9, 71, 65, 20, 1.13%, 7, 0, 3, 46.97, 104598, 741
574, 0, 9, 71, 65, 20, 1.13%, 7, 0, 3, 47.20, 104839, 741
579, 0, 9, 71, 65, 20, 1.13%, 7, 0, 3, 47.63, 105079, 741
584, 0, 9, 71, 65, 20, 1.13%, 7, 0, 3, 46.66, 105311, 741
589, 0, 9, 71, 65, 20, 1.13%, 7, 0, 3, 46.58, 105548, 741
594, 0, 9, 71, 65, 20, 1.13%, 7, 0, 3, 46.23, 105785, 741
599, 0, 9, 71, 65, 20, 1.13%, 7, 0, 3, 45.18, 106014, 741
604, 0, 9, 71, 65, 20, 1.13%, 7, 0, 3, 46.04, 106248, 741
610, 0, 9, 71, 65, 20, 1.13%, 7, 0, 3, 45.73, 106485, 741
615, 0, 9, 71, 65, 20, 1.13%, 7, 0, 3, 46.74, 106730, 741
620, 0, 9, 71, 65, 20, 1.13%, 7, 0, 3, 46.77, 106964, 741
625, 0, 9, 71, 65, 20, 1.13%, 7, 0, 3, 46.81, 107199, 741
630, 0, 9, 71, 65, 20, 1.13%, 7, 0, 3, 47.89, 107438, 741
635, 0, 9, 71, 65, 20, 1.13%, 7, 0, 3, 46.93, 107675, 741
640, 0, 9, 71, 65, 20, 1.13%, 7, 0, 3, 45.04, 107901, 741
645, 0, 9, 71, 65, 20, 1.13%, 7, 0, 3, 45.40, 108135, 741
650, 0, 9, 71, 65, 20, 1.13%, 7, 0, 3, 46.69, 108376, 741
655, 0, 9, 71, 65, 20, 1.13%, 7, 0, 3, 45.54, 108607, 741
660, 0, 9, 71, 65, 20, 1.13%, 7, 0, 3, 45.38, 108839, 741
666, 0, 9, 71, 65, 20, 1.13%, 7, 0, 3, 45.18, 109069, 741
671, 0, 9, 71, 65, 20, 1.13%, 7, 0, 3, 46.34, 109310, 741
676, 0, 9, 71, 65, 20, 1.13%, 7, 0, 3, 46.58, 109544, 741
681, 0, 9, 71, 65, 20, 1.13%, 7, 0, 3, 46.21, 109781, 741
686, 0, 9, 71, 65, 20, 1.13%, 7, 0, 3, 46.78, 110017, 741
691, 0, 9, 71, 65, 20, 1.13%, 7, 0, 3, 46.63, 110250, 741
696, 0, 9, 71, 65, 20, 1.13%, 7, 0, 3, 46.99, 110492, 741
701, 0, 9, 71, 65, 20, 1.13%, 7, 0, 3, 46.89, 110732, 741
706, 0, 9, 71, 65, 20, 1.13%, 7, 0, 3, 47.36, 110971, 741
711, 0, 9, 71, 65, 20, 1.13%, 7, 0, 3, 46.22, 111203, 741
716, 0, 9, 71, 65, 20, 1.13%, 7, 0, 3, 46.82, 111440, 741
721, 0, 9, 71, 65, 20, 1.13%, 7, 0, 3, 47.29, 111677, 741
726, 0, 9, 71, 65, 20, 1.13%, 7, 0, 3, 46.55, 111910, 741
731, 0, 9, 71, 65, 20, 1.13%, 7, 0, 3, 46.33, 112141, 741
737, 0, 9, 71, 65, 20, 1.13%, 7, 0, 3, 45.34, 112372, 741
742, 0, 9, 71, 65, 20, 1.13%, 7, 0, 3, 46.91, 112609, 741
747, 0, 9, 71, 65, 20, 1.13%, 7, 0, 3, 46.13, 112842, 741
752, 0, 9, 71, 65, 20, 1.13%, 7, 0, 3, 46.77, 113083, 741
757, 0, 9, 71, 65, 20, 1.13%, 7, 0, 3, 46.54, 113325, 741
762, 0, 9, 71, 65, 20, 1.13%, 7, 0, 3, 47.87, 113568, 741
767, 0, 9, 71, 65, 20, 1.13%, 7, 0, 3, 48.16, 113810, 741
772, 0, 9, 71, 65, 20, 1.13%, 7, 0, 3, 48.73, 114056, 741
777, 0, 9, 71, 65, 20, 1.13%, 7, 0, 3, 46.61, 114287, 741
782, 0, 9, 71, 65, 20, 1.13%, 7, 0, 3, 47.39, 114530, 741
787, 0, 9, 71, 65, 20, 1.13%, 7, 0, 3, 46.91, 114763, 741
792, 0, 9, 71, 65, 20, 1.13%, 7, 0, 3, 46.85, 114996, 741
797, 0, 9, 71, 65, 20, 1.13%, 7, 0, 3, 47.07, 115231, 741
802, 0, 9, 71, 65, 20, 1.13%, 7, 0, 3, 47.32, 115472, 741
807, 0, 9, 72, 66, 20, 1.13%, 7, 0, 3, 46.85, 115708, 741
812, 0, 9, 72, 66, 20, 1.13%, 7, 0, 3, 48.02, 115955, 741
818, 0, 9, 72, 66, 20, 1.13%, 7, 0, 3, 48.09, 116201, 741
823, 0, 9, 72, 66, 20, 1.13%, 7, 0, 3, 46.56, 116438, 741
828, 0, 9, 72, 66, 20, 1.13%, 7, 0, 3, 45.52, 116667, 741
833, 0, 9, 72, 66, 20, 1.13%, 7, 0, 3, 47.73, 116912, 741
838, 0, 9, 72, 66, 20, 1.13%, 7, 0, 3, 46.72, 117148, 741
843, 0, 9, 72, 66, 20, 1.13%, 7, 0, 3, 46.51, 117389, 741
848, 0, 9, 72, 66, 20, 1.13%, 7, 0, 3, 47.43, 117632, 741
853, 0, 9, 72, 66, 20, 1.13%, 7, 0, 3, 46.88, 117871, 741
858, 0, 9, 72, 66, 20, 1.13%, 7, 0, 3, 46.10, 118107, 741
863, 0, 9, 72, 66, 20, 1.13%, 7, 0, 3, 45.23, 118332, 741
869, 0, 9, 72, 66, 20, 1.13%, 7, 0, 3, 46.84, 118572, 741
874, 0, 9, 72, 66, 20, 1.13%, 7, 0, 3, 46.89, 118809, 741
879, 0, 9, 72, 66, 20, 1.13%, 7, 0, 3, 47.89, 119049, 741
884, 0, 9, 72, 66, 20, 1.13%, 7, 0, 3, 47.00, 119284, 741
889, 0, 9, 72, 66, 20, 1.13%, 7, 0, 3, 48.13, 119533, 741
894, 0, 9, 72, 66, 20, 1.13%, 7, 0, 3, 48.84, 119782, 741
899, 0, 9, 72, 66, 20, 1.13%, 7, 0, 3, 49.73, 120031, 741
904, 0, 9, 72, 66, 20, 1.13%, 7, 0, 3, 48.29, 120272, 741
909, 0, 9, 72, 66, 20, 1.13%, 7, 0, 3, 47.60, 120513, 741
914, 0, 9, 72, 66, 20, 1.13%, 7, 0, 3, 115.65, 121018, 741
919, 0, 9, 72, 66, 20, 1.13%, 7, 0, 3, 20.60, 122018, 741
924, 0, 9, 72, 66, 20, 1.13%, 7, 0, 3, 24.23, 122145, 741
929, 0, 9, 72, 66, 20, 1.13%, 7, 0, 3, 23.46, 122264, 741
935, 0, 9, 72, 66, 20, 1.13%, 7, 0, 3, 24.16, 122388, 741
940, 0, 9, 72, 66, 20, 1.13%, 7, 0, 3, 202.91, 123156, 741
945, 0, 9, 72, 66, 20, 1.13%, 7, 0, 3, 108.07, 123606, 741
950, 0, 9, 72, 66, 20, 1.13%, 7, 0, 3, 212.37, 124740, 741
955, 0, 9, 72, 66, 20, 1.13%, 7, 0, 3, 201.70, 125840, 741
960, 0, 43, 72, 65, 21, 1.13%, 7, 0, 3, 258.34, 127180, 741
965, 0, 43, 72, 65, 21, 1.13%, 8, 0, 3, 22.03, 128207, 741
971, 0, 43, 72, 65, 21, 1.13%, 8, 0, 3, 24.86, 128334, 741
976, 0, 43, 72, 65, 21, 1.13%, 9, 0, 3, 278.61, 129117, 741
981, 0, 43, 72, 65, 21, 1.13%, 9, 0, 3, 127.63, 129573, 741
986, 0, 43, 72, 65, 21, 1.13%, 9, 0, 3, 76.27, 129892, 741
991, 0, 18, 72, 64, 20, 1.13%, 9, 0, 3, 189.69, 131044, 741
996, 0, 18, 72, 64, 20, 1.13%, 9, 0, 3, 249.70, 132427, 741
1001, 0, 18, 72, 64, 20, 1.13%, 9, 0, 3, 240.05, 133615, 741
1006, 0, 18, 72, 64, 20, 1.13%, 9, 0, 3, 255.69, 134931, 741
1011, 0, 18, 72, 64, 20, 1.13%, 9, 0, 3, 164.39, 135811, 741
1016, 0, 18, 72, 64, 20, 1.13%, 9, 0, 3, 148.02, 136483, 741
1022, 0, 18, 72, 64, 20, 1.13%, 9, 0, 3, 105.47, 137059, 741
1027, 0, 18, 72, 64, 20, 1.13%, 9, 0, 3, 155.72, 137737, 741
1032, 0, 18, 72, 64, 20, 1.13%, 9, 0, 3, 29.00, 138608, 741
1037, 0, 18, 72, 64, 20, 1.13%, 9, 0, 3, 25.63, 138734, 741
1042, 0, 18, 72, 64, 20, 1.13%, 9, 0, 3, 23.83, 138857, 741
1047, 0, 18, 72, 64, 20, 1.13%, 9, 0, 3, 23.52, 138976, 741
1052, 0, 7, 72, 63, 18, 1.13%, 9, 0, 3, 284.88, 140287, 741
1057, 0, 7, 72, 63, 18, 1.13%, 9, 0, 3, 243.53, 141539, 741
1062, 0, 7, 72, 63, 18, 1.13%, 9, 0, 3, 31.84, 142383, 741
1068, 0, 7, 72, 63, 18, 1.13%, 9, 0, 3, 33.45, 142557, 741
1073, 0, 7, 72, 63, 18, 1.13%, 9, 0, 3, 172.51, 143550, 741
1078, 0, 48, 72, 62, 17, 1.13%, 9, 0, 3, 253.90, 144995, 741
1083, 0, 48, 72, 62, 17, 1.13%, 9, 0, 3, 162.10, 145741, 741
1088, 0, 48, 72, 62, 17, 1.13%, 9, 0, 3, 148.83, 146434, 741
1093, 0, 48, 72, 62, 17, 1.13%, 9, 0, 3, 226.09, 147662, 741
1098, 0, 48, 72, 62, 17, 1.13%, 9, 0, 3, 30.50, 148705, 741
1103, 0, 48, 72, 62, 17, 1.13%, 9, 0, 3, 25.20, 148824, 741
1108, 0, 48, 72, 62, 17, 1.13%, 9, 0, 3, 23.63, 148946, 741
1113, 0, 48, 72, 62, 17, 1.13%, 9, 0, 3, 23.12, 149064, 741
1118, 0, 48, 72, 62, 17, 1.13%, 9, 0, 3, 183.54, 149728, 741
1124, 0, 48, 72, 62, 17, 1.13%, 9, 0, 3, 95.64, 150109, 741
1129, 0, 48, 72, 62, 17, 1.13%, 9, 0, 3, 68.83, 150415, 741
1134, 0, 48, 72, 62, 17, 1.13%, 9, 0, 3, 63.45, 150727, 741
1139, 0, 48, 72, 62, 17, 1.13%, 9, 0, 3, 208.42, 151826, 741
1144, 0, 42, 72, 61, 16, 1.13%, 9, 0, 3, 280.33, 153333, 741
1149, 0, 42, 72, 61, 16, 1.13%, 9, 0, 3, 31.94, 153762, 741
1154, 0, 42, 72, 61, 16, 1.13%, 9, 0, 3, 175.48, 154194, 741
1159, 0, 22, 72, 60, 15, 1.13%, 9, 0, 3, 160.27, 154909, 741
1164, 0, 22, 72, 60, 15, 1.13%, 9, 0, 3, 239.88, 156259, 741
1169, 0, 22, 72, 60, 15, 1.13%, 9, 0, 3, 25.62, 156406, 741
1174, 0, 22, 72, 60, 15, 1.13%, 9, 0, 3, 25.61, 156535, 741
1179, 0, 22, 72, 60, 15, 1.13%, 9, 0, 3, 25.79, 156666, 741
1184, 0, 22, 72, 60, 15, 1.13%, 9, 0, 3, 24.06, 156785, 741
1189, 0, 22, 72, 60, 15, 1.13%, 9, 0, 3, 23.68, 156906, 741
1195, 0, 22, 72, 60, 15, 1.13%, 9, 0, 3, 23.73, 157027, 741
1200, 0, 22, 72, 60, 15, 1.13%, 9, 0, 3, 247.15, 157615, 741
1205, 0, 22, 72, 60, 15, 1.13%, 9, 0, 3, 260.77, 158937, 741
1210, 0, 22, 72, 60, 15, 1.13%, 9, 0, 3, 257.33, 160263, 741
1215, 0, 22, 72, 60, 15, 1.13%, 9, 0, 3, 251.85, 161509, 741
1220, 0, 22, 72, 60, 15, 1.13%, 9, 0, 3, 258.01, 162835, 741
1225, 0, 60, 72, 59, 14, 1.13%, 9, 0, 3, 266.43, 164177, 741
1230, 0, 60, 72, 59, 14, 1.13%, 9, 0, 3, 167.03, 165034, 741
1235, 0, 60, 72, 59, 14, 1.13%, 9, 0, 3, 115.03, 165544, 741
1240, 0, 60, 72, 59, 14, 1.13%, 9, 0, 3, 94.81, 166109, 741
1245, 0, 60, 72, 59, 14, 1.13%, 9, 0, 3, 56.46, 166344, 741
1251, 0, 60, 72, 59, 14, 1.13%, 9, 0, 3, 91.23, 166896, 741
1256, 0, 60, 72, 59, 14, 1.13%, 9, 0, 3, 38.70, 167016, 741
1261, 0, 60, 72, 59, 14, 1.13%, 9, 0, 3, 27.53, 167138, 741
1266, 0, 60, 72, 59, 14, 1.13%, 9, 0, 3, 25.12, 167261, 741
1271, 0, 60, 72, 59, 14, 1.13%, 9, 0, 3, 200.51, 168028, 741
1276, 0, 60, 72, 59, 14, 1.13%, 9, 0, 3, 212.99, 169048, 741
1281, 0, 60, 72, 59, 14, 1.13%, 9, 0, 3, 119.83, 169500, 741
1286, 0, 60, 72, 59, 14, 1.13%, 9, 0, 3, 152.99, 170449, 741
1291, 0, 60, 73, 60, 14, 1.13%, 9, 0, 4, 83.64, 170814, 741
1296, 0, 60, 73, 60, 14, 1.13%, 9, 0, 4, 38.78, 170936, 741
1301, 0, 60, 73, 60, 14, 1.13%, 9, 0, 4, 27.29, 171057, 741
1307, 0, 60, 73, 60, 14, 1.13%, 9, 0, 4, 25.79, 171185, 741
1312, 0, 60, 73, 60, 14, 1.13%, 9, 0, 4, 23.94, 171307, 741
1317, 0, 60, 73, 60, 14, 1.13%, 9, 0, 4, 24.02, 171426, 741
1322, 0, 60, 73, 60, 14, 1.13%, 9, 0, 4, 24.89, 171552, 741
1327, 0, 31, 73, 59, 13, 1.13%, 9, 0, 4, 217.23, 172299, 741
1332, 0, 31, 73, 59, 13, 1.13%, 9, 0, 4, 272.12, 173749, 741
1337, 0, 31, 73, 59, 13, 1.13%, 9, 0, 4, 238.66, 174835, 741
1342, 0, 31, 73, 59, 13, 1.13%, 9, 0, 4, 23.48, 175180, 741
1347, 0, 31, 73, 59, 13, 1.13%, 9, 0, 4, 24.30, 175305, 741
1352, 0, 31, 73, 59, 13, 1.13%, 9, 0, 4, 35.75, 175478, 741
1357, 0, 31, 73, 59, 13, 1.13%, 9, 0, 4, 54.13, 175750, 741
1362, 0, 31, 73, 59, 13, 1.13%, 9, 0, 4, 175.36, 176621, 741
1367, 0, 31, 73, 59, 13, 1.13%, 9, 0, 4, 122.74, 177285, 741
1373, 0, 17, 73, 58, 12, 1.13%, 9, 0, 4, 165.77, 178042, 741
1378, 0, 17, 73, 58, 12, 1.13%, 9, 0, 4, 235.12, 179345, 741
1383, 0, 17, 73, 58, 12, 1.13%, 9, 0, 4, 245.93, 180609, 741
1388, 0, 17, 73, 58, 12, 1.13%, 9, 0, 4, 252.83, 181891, 741
1393, 0, 17, 73, 58, 12, 1.13%, 9, 0, 4, 270.74, 183272, 741
1398, 0, 17, 73, 58, 12, 1.13%, 9, 0, 4, 256.72, 184543, 741
1403, 0, 17, 73, 58, 12, 1.13%, 9, 0, 4, 262.89, 185954, 741
1408, 0, 61, 73, 57, 11, 1.13%, 9, 0, 4, 259.26, 187237, 741
1413, 0, 61, 73, 57, 11, 1.13%, 9, 0, 4, 259.62, 188512, 741
1418, 0, 61, 73, 57, 11, 1.13%, 9, 0, 4, 253.34, 189782, 741
1423, 0, 61, 73, 57, 11, 1.13%, 9, 0, 4, 152.47, 190417, 741
1429, 0, 61, 73, 57, 11, 1.13%, 9, 0, 4, 146.86, 191113, 741
1434, 0, 51, 73, 56, 9, 1.13%, 9, 0, 4, 218.08, 192335, 741
1439, 0, 51, 73, 56, 9, 1.13%, 9, 0, 4, 236.42, 193563, 741
1444, 0, 51, 73, 56, 9, 1.13%, 9, 0, 4, 245.72, 194723, 741
1449, 0, 51, 73, 56, 9, 1.13%, 9, 0, 4, 145.21, 195453, 741
1454, 0, 51, 73, 56, 9, 1.13%, 9, 0, 4, 149.88, 196131, 741
1459, 0, 51, 73, 56, 9, 1.13%, 9, 0, 4, 110.06, 196739, 741
1464, 0, 51, 73, 56, 9, 1.13%, 9, 0, 4, 146.42, 197497, 741
1469, 0, 51, 73, 56, 9, 1.13%, 9, 0, 4, 99.68, 197983, 741
1474, 0, 51, 73, 56, 9, 1.13%, 9, 0, 4, 147.80, 198721, 741
1480, 0, 51, 73, 56, 9, 1.13%, 9, 0, 4, 172.57, 199495, 741
1485, 0, 27, 73, 55, 8, 1.13%, 9, 0, 4, 238.87, 200697, 741
1490, 0, 27, 73, 55, 8, 1.13%, 9, 0, 4, 247.51, 202024, 741
1495, 0, 27, 73, 55, 8, 1.13%, 9, 0, 4, 180.56, 202832, 741
1500, 0, 27, 73, 55, 8, 1.13%, 9, 0, 4, 117.34, 203471, 741
1505, 0, 27, 73, 55, 8, 1.13%, 9, 0, 4, 154.94, 204293, 741
1510, 0, 27, 73, 55, 8, 1.13%, 9, 0, 4, 138.56, 204931, 741
1515, 0, 27, 73, 55, 8, 1.13%, 9, 0, 4, 186.71, 206033, 741
1520, 0, 27, 73, 55, 8, 1.13%, 9, 0, 4, 250.04, 207373, 741
1526, 0, 27, 73, 55, 8, 1.13%, 9, 0, 4, 214.16, 208437, 741
1531, 0, 32, 73, 54, 7, 1.13%, 9, 0, 4, 258.36, 209859, 741
1536, 0, 32, 73, 54, 7, 1.13%, 9, 0, 4, 197.85, 210867, 741
1541, 0, 32, 73, 54, 7, 1.13%, 9, 0, 4, 211.84, 211879, 741
1546, 0, 32, 73, 54, 7, 1.13%, 9, 0, 4, 131.26, 212493, 741
1551, 0, 32, 73, 54, 7, 1.13%, 9, 0, 4, 86.72, 212870, 741
1556, 0, 32, 73, 54, 7, 1.13%, 9, 0, 4, 215.95, 214031, 741
1561, 0, 32, 73, 54, 7, 1.13%, 9, 0, 4, 233.09, 215279, 741
1566, 0, 32, 73, 54, 7, 1.13%, 9, 0, 4, 168.31, 216156, 741
1571, 0, 32, 73, 54, 7, 1.13%, 9, 0, 4, 186.72, 216945, 741
1576, 0, 66, 73, 53, 6, 1.13%, 9, 0, 4, 136.28, 217661, 741
1582, 0, 66, 73, 53, 6, 1.13%, 9, 0, 4, 109.09, 218183, 741
1587, 0, 66, 73, 53, 6, 1.13%, 9, 0, 4, 99.54, 218672, 741
1592, 0, 66, 73, 53, 6, 1.13%, 9, 0, 4, 138.62, 219303, 741
1597, 0, 19, 73, 52, 5, 1.13%, 9, 0, 4, 218.05, 220554, 741
1602, 0, 19, 73, 52, 5, 1.13%, 9, 0, 4, 242.38, 221854, 741
1607, 0, 19, 73, 52, 5, 1.13%, 9, 0, 4, 251.33, 223097, 741
1612, 0, 19, 73, 52, 5, 1.13%, 9, 0, 4, 158.75, 223880, 741
1617, 0, 19, 73, 52, 5, 1.13%, 9, 0, 4, 230.41, 225054, 741
1622, 0, 19, 74, 53, 5, 1.13%, 9, 0, 4, 229.96, 226198, 741
1627, 0, 34, 74, 52, 4, 1.13%, 10, 0, 4, 247.92, 227470, 741
1632, 0, 34, 74, 52, 4, 1.13%, 10, 0, 4, 249.92, 228714, 741
1637, 0, 34, 74, 52, 4, 1.13%, 10, 0, 4, 249.46, 230029, 741
1643, 0, 34, 74, 52, 4, 1.13%, 10, 0, 4, 125.14, 230520, 741
1648, 0, 34, 74, 52, 4, 1.13%, 10, 0, 4, 114.04, 231008, 741
1653, 0, 34, 74, 52, 4, 1.13%, 10, 0, 4, 234.45, 232386, 741
1658, 0, 34, 74, 52, 4, 1.13%, 10, 0, 4, 45.70, 232792, 741
1663, 0, 34, 76, 54, 4, 1.68%, 10, 0, 4, 44.86, 232999, 1103
1668, 0, 34, 76, 54, 4, 1.68%, 10, 0, 4, 306.52, 233514, 1103
1673, 0, 34, 76, 54, 4, 1.68%, 10, 0, 4, 308.72, 235092, 1103
1678, 0, 19, 76, 53, 4, 1.68%, 10, 0, 4, 239.62, 236178, 1103
1683, 0, 19, 76, 53, 4, 1.68%, 10, 0, 4, 260.32, 237488, 1103
1689, 0, 19, 76, 53, 4, 1.68%, 10, 0, 4, 207.20, 238620, 1103
1694, 0, 19, 76, 53, 4, 1.68%, 10, 0, 4, 107.15, 239011, 1103
1699, 0, 19, 76, 53, 4, 1.68%, 10, 0, 4, 210.77, 240092, 1103
1704, 0, 19, 76, 53, 4, 1.68%, 10, 0, 4, 241.97, 241396, 1103
1709, 0, 74, 76, 53, 4, 1.68%, 10, 0, 4, 19.32, 242424, 1103
1715, 0, 74, 76, 53, 4, 1.68%, 10, 0, 4, 11.34, 242471, 1103
1720, 0, 74, 76, 53, 4, 1.68%, 10, 0, 4, 9.55, 242516, 1103
1725, 0, 74, 76, 53, 4, 1.68%, 10, 0, 4, 9.14, 242562, 1103
1730, 0, 74, 76, 53, 4, 1.68%, 10, 0, 4, 9.22, 242610, 1103
1735, 0, 74, 76, 53, 4, 1.68%, 10, 0, 4, 9.06, 242656, 1103
1740, 0, 74, 76, 53, 4, 1.68%, 10, 0, 4, 9.03, 242702, 1103
1745, 0, 74, 76, 53, 4, 1.68%, 10, 0, 4, 9.37, 242750, 1103
1750, 0, 74, 76, 53, 4, 1.68%, 10, 0, 4, 9.14, 242797, 1103
1755, 0, 74, 76, 53, 4, 1.68%, 10, 0, 4, 9.05, 242843, 1103
1760, 0, 74, 76, 53, 4, 1.68%, 10, 0, 4, 9.04, 242889, 1103
1766, 0, 74, 76, 53, 4, 1.68%, 10, 0, 4, 9.01, 242935, 1103
1771, 0, 74, 76, 53, 4, 1.68%, 10, 0, 4, 9.03, 242981, 1103
1776, 0, 74, 76, 53, 4, 1.68%, 10, 0, 4, 9.01, 243027, 1103
1781, 0, 74, 76, 53, 4, 1.68%, 10, 0, 4, 8.85, 243073, 1103
1786, 0, 74, 76, 53, 4, 1.68%, 10, 0, 4, 9.18, 243120, 1103
1791, 0, 74, 76, 53, 4, 1.68%, 10, 0, 4, 9.02, 243166, 1103
1796, 0, 74, 76, 53, 4, 1.68%, 10, 0, 4, 8.99, 243212, 1103
1801, 0, 74, 76, 53, 4, 1.68%, 10, 0, 4, 8.98, 243258, 1103
1806, 0, 74, 76, 53, 4, 1.68%, 10, 0, 4, 9.01, 243304, 1103
1812, 0, 74, 76, 53, 4, 1.68%, 10, 0, 4, 9.00, 243350, 1103
1817, 0, 74, 76, 53, 4, 1.68%, 10, 0, 4, 9.04, 243396, 1103
1822, 0, 74, 76, 53, 4, 1.68%, 10, 0, 4, 8.99, 243442, 1103
1827, 0, 74, 76, 53, 4, 1.68%, 10, 0, 4, 9.01, 243488, 1103
1832, 0, 74, 76, 53, 4, 1.68%, 10, 0, 4, 9.01, 243534, 1103
1837, 0, 74, 76, 53, 4, 1.68%, 10, 0, 4, 9.00, 243580, 1103
1842, 0, 74, 76, 53, 4, 1.68%, 10, 0, 4, 8.96, 243626, 1103
1847, 0, 74, 76, 53, 4, 1.68%, 10, 0, 4, 8.81, 243670, 1103
1852, 0, 74, 76, 53, 4, 1.68%, 10, 0, 4, 8.91, 243716, 1103
1858, 0, 74, 76, 53, 4, 1.68%, 10, 0, 4, 8.98, 243762, 1103
1863, 0, 74, 76, 53, 4, 1.68%, 10, 0, 4, 9.21, 243809, 1103
1868, 0, 74, 76, 53, 4, 1.68%, 10, 0, 4, 9.14, 243856, 1103
1873, 0, 74, 76, 53, 4, 1.68%, 10, 0, 4, 9.12, 243903, 1103
1878, 0, 74, 77, 54, 4, 1.68%, 10, 0, 4, 273.05, 244170, 1103
1883, 0, 74, 79, 56, 4, 1.69%, 10, 0, 4, 9.01, 244311, 1109
1888, 0, 74, 79, 56, 4, 1.69%, 10, 0, 4, 8.97, 244464, 1109
1894, 0, 74, 80, 57, 4, 1.69%, 10, 0, 4, 104.73, 244779, 1109
1899, 0, 74, 81, 58, 4, 1.69%, 10, 0, 4, 11.39, 244832, 1109
1905, 0, 74, 82, 59, 4, 1.69%, 10, 0, 4, 10.33, 244883, 1109
1910, 0, 74, 82, 59, 4, 1.69%, 10, 0, 4, 10.84, 244939, 1109
1915, 0, 74, 82, 59, 4, 1.69%, 10, 0, 4, 10.16, 244992, 1109
1920, 0, 74, 83, 60, 4, 1.69%, 10, 0, 4, 9.95, 245045, 1109
1925, 0, 74, 83, 60, 4, 1.69%, 10, 0, 4, 10.33, 245097, 1109
1931, 0, 74, 83, 60, 4, 1.69%, 10, 0, 4, 12.02, 245160, 1109
1936, 0, 74, 83, 60, 4, 1.69%, 10, 0, 4, 11.11, 245215, 1109
1941, 0, 74, 83, 60, 4, 1.69%, 10, 0, 4, 10.55, 245269, 1109
1946, 0, 74, 83, 60, 4, 1.69%, 10, 0, 4, 10.73, 245325, 1109
1951, 0, 74, 83, 60, 4, 1.69%, 10, 0, 4, 10.92, 245381, 1109
1956, 0, 29, 83, 59, 5, 1.69%, 10, 0, 4, 257.01, 245695, 1109
1961, 0, 29, 83, 59, 5, 1.69%, 10, 0, 4, 264.72, 247104, 1109
1966, 0, 29, 83, 59, 5, 1.69%, 10, 0, 4, 291.06, 248558, 1109
1971, 0, 29, 83, 59, 5, 1.69%, 10, 0, 4, 261.23, 249873, 1109
1976, 0, 29, 83, 59, 5, 1.69%, 10, 0, 4, 248.22, 251083, 1109
1981, 0, 29, 83, 59, 5, 1.69%, 10, 0, 4, 243.27, 252315, 1109
1986, 0, 29, 83, 59, 5, 1.69%, 10, 0, 4, 244.15, 253535, 1109
1991, 0, 29, 83, 59, 5, 1.69%, 11, 0, 4, 247.44, 254791, 1109
1997, 0, 29, 83, 59, 5, 1.69%, 11, 0, 4, 9.50, 255029, 1109
2002, 0, 29, 83, 59, 5, 1.69%, 11, 0, 4, 10.28, 255083, 1109
2007, 0, 29, 83, 59, 5, 1.69%, 11, 0, 4, 9.79, 255133, 1109
2012, 0, 29, 83, 59, 5, 1.69%, 11, 0, 4, 9.56, 255182, 1109
2017, 0, 29, 83, 59, 5, 1.69%, 11, 0, 4, 10.18, 255234, 1109
2022, 0, 29, 83, 59, 5, 1.69%, 11, 0, 4, 10.08, 255286, 1109
2028, 0, 29, 83, 59, 5, 1.69%, 11, 0, 4, 9.89, 255338, 1109
2033, 0, 29, 83, 59, 5, 1.69%, 11, 0, 4, 9.72, 255388, 1109
2038, 0, 29, 83, 59, 5, 1.69%, 11, 0, 4, 9.36, 255436, 1109
2043, 0, 29, 83, 59, 5, 1.69%, 11, 0, 4, 9.25, 255484, 1109
2048, 0, 29, 83, 59, 5, 1.69%, 11, 0, 4, 9.05, 255531, 1109
2053, 0, 29, 83, 59, 5, 1.69%, 11, 0, 4, 15.97, 255607, 1109
2058, 0, 29, 83, 59, 5, 1.69%, 11, 0, 4, 23.74, 255735, 1109
2063, 0, 29, 83, 59, 5, 1.69%, 11, 0, 4, 24.92, 255865, 1109
2069, 0, 29, 83, 59, 5, 1.69%, 11, 0, 4, 23.61, 255986, 1109
2074, 0, 29, 83, 59, 5, 1.69%, 11, 0, 4, 23.44, 256105, 1109
2079, 0, 36, 83, 58, 4, 1.69%, 11, 0, 4, 225.30, 257121, 1109
2084, 0, 36, 83, 58, 4, 1.69%, 11, 0, 4, 255.86, 258503, 1109
2089, 0, 36, 83, 58, 4, 1.69%, 11, 0, 4, 133.65, 259121, 1109
2094, 0, 36, 83, 58, 4, 1.69%, 11, 0, 4, 89.53, 259527, 1109
2099, 0, 36, 83, 58, 4, 1.69%, 11, 0, 4, 72.99, 259901, 1109
2104, 0, 36, 83, 58, 4, 1.69%, 11, 0, 4, 208.95, 261117, 1109
2110, 0, 36, 83, 58, 4, 1.69%, 11, 0, 4, 232.12, 262325, 1109
2115, 0, 36, 84, 59, 4, 1.69%, 11, 0, 4, 24.00, 263460, 1109
2120, 0, 36, 84, 59, 4, 1.69%, 11, 0, 4, 24.61, 263587, 1109
2125, 0, 36, 84, 59, 4, 1.69%, 11, 0, 4, 24.76, 263715, 1109
2130, 0, 36, 84, 59, 4, 1.69%, 11, 0, 4, 24.64, 263839, 1109
2135, 0, 36, 84, 59, 4, 1.69%, 11, 0, 4, 24.14, 263962, 1109
2140, 0, 36, 84, 59, 4, 1.69%, 11, 0, 4, 24.32, 264090, 1109
2145, 0, 36, 84, 59, 4, 1.69%, 11, 0, 4, 24.74, 264217, 1109
2150, 0, 36, 84, 59, 4, 1.69%, 11, 0, 4, 24.05, 264338, 1109
2156, 0, 36, 84, 59, 4, 1.69%, 11, 0, 4, 24.40, 264464, 1109
2161, 0, 36, 84, 59, 4, 1.69%, 11, 0, 4, 64.73, 264770, 1109
2166, 0, 36, 84, 59, 4, 1.69%, 11, 0, 4, 8.92, 265054, 1109
2171, 0, 36, 84, 59, 4, 1.69%, 11, 0, 4, 239.03, 265245, 1109
2176, 0, 36, 84, 59, 4, 1.69%, 11, 0, 4, 252.71, 266534, 1109
2181, 0, 36, 84, 59, 4, 1.69%, 11, 0, 4, 182.48, 267494, 1109
2186, 0, 36, 84, 59, 4, 1.69%, 11, 0, 4, 74.56, 267713, 1109
2191, 0, 36, 84, 59, 4, 1.69%, 11, 0, 4, 53.34, 267955, 1109
2196, 0, 77, 84, 58, 3, 1.69%, 11, 0, 4, 8.98, 268565, 1109
2202, 0, 77, 84, 58, 3, 1.69%, 11, 0, 4, 9.08, 268612, 1109
2207, 0, 77, 84, 58, 3, 1.69%, 11, 0, 4, 8.99, 268658, 1109
2212, 0, 77, 84, 58, 3, 1.69%, 11, 0, 4, 9.04, 268705, 1109
2217, 0, 77, 84, 58, 3, 1.69%, 11, 0, 4, 9.01, 268751, 1109
2222, 0, 77, 84, 58, 3, 1.69%, 11, 0, 4, 9.01, 268797, 1109
2227, 0, 77, 84, 58, 3, 1.69%, 11, 0, 4, 9.03, 268844, 1109
2232, 0, 77, 84, 58, 3, 1.69%, 11, 0, 4, 9.00, 268890, 1109
2237, 0, 77, 84, 58, 3, 1.69%, 11, 0, 4, 9.00, 268936, 1109
2242, 0, 77, 84, 58, 3, 1.69%, 11, 0, 4, 8.79, 268980, 1109
2248, 0, 77, 84, 58, 3, 1.69%, 11, 0, 4, 8.86, 269026, 1109
2253, 0, 77, 84, 58, 3, 1.69%, 11, 0, 4, 9.15, 269074, 1109
2258, 0, 77, 84, 58, 3, 1.69%, 11, 0, 4, 8.98, 269120, 1109
2263, 0, 77, 84, 58, 3, 1.69%, 11, 0, 4, 8.96, 269166, 1109
2268, 0, 77, 84, 58, 3, 1.69%, 11, 0, 4, 8.96, 269212, 1109
2273, 0, 77, 84, 58, 3, 1.69%, 11, 0, 4, 8.94, 269258, 1109
2279, 0, 77, 84, 58, 3, 1.69%, 11, 0, 4, 8.95, 269304, 1109
2284, 0, 77, 84, 58, 3, 1.69%, 11, 0, 4, 8.93, 269350, 1109
2289, 0, 77, 84, 58, 3, 1.69%, 11, 0, 4, 8.95, 269396, 1109
2294, 0, 77, 84, 58, 3, 1.69%, 11, 0, 4, 8.95, 269442, 1109
2299, 0, 77, 84, 58, 3, 1.69%, 11, 0, 4, 8.97, 269488, 1109
2304, 0, 77, 84, 58, 3, 1.69%, 11, 0, 4, 8.98, 269534, 1109
2309, 0, 77, 84, 58, 3, 1.69%, 11, 0, 4, 9.17, 269581, 1109
2315, 0, 77, 84, 58, 3, 1.69%, 11, 0, 4, 9.02, 269627, 1109
2320, 0, 77, 84, 58, 3, 1.69%, 11, 0, 4, 8.94, 269673, 1109
2325, 0, 77, 84, 58, 3, 1.69%, 11, 0, 4, 8.98, 269719, 1109
2330, 0, 77, 84, 58, 3, 1.69%, 11, 0, 4, 8.95, 269765, 1109
2335, 0, 77, 84, 58, 3, 1.69%, 11, 0, 4, 8.95, 269811, 1109
2340, 0, 77, 84, 58, 3, 1.69%, 11, 0, 4, 8.97, 269857, 1109
2345, 0, 77, 84, 58, 3, 1.69%, 11, 0, 4, 8.94, 269903, 1109
2351, 0, 77, 84, 58, 3, 1.69%, 11, 0, 4, 8.95, 269949, 1109
2356, 0, 77, 84, 58, 3, 1.69%, 11, 0, 4, 8.92, 269995, 1109
2361, 0, 77, 84, 58, 3, 1.69%, 11, 0, 4, 8.97, 270041, 1109
2366, 0, 77, 84, 58, 3, 1.69%, 11, 0, 4, 8.98, 270087, 1109
2371, 0, 77, 84, 58, 3, 1.69%, 11, 0, 4, 8.88, 270133, 1109
2376, 0, 77, 84, 58, 3, 1.69%, 11, 0, 4, 8.86, 270179, 1109
2381, 0, 77, 84, 58, 3, 1.69%, 11, 0, 4, 8.94, 270225, 1109
2387, 0, 77, 84, 58, 3, 1.69%, 11, 0, 4, 8.95, 270271, 1109
2392, 0, 77, 84, 58, 3, 1.69%, 11, 0, 4, 8.93, 270317, 1109
2397, 0, 77, 84, 58, 3, 1.69%, 11, 0, 4, 8.96, 270363, 1109
2402, 0, 77, 84, 58, 3, 1.69%, 11, 0, 4, 8.96, 270409, 1109
2407, 0, 77, 84, 58, 3, 1.69%, 11, 0, 4, 8.97, 270455, 1109
2412, 0, 77, 84, 58, 3, 1.69%, 11, 0, 4, 8.94, 270501, 1109
2417, 0, 77, 84, 58, 3, 1.69%, 11, 0, 4, 8.95, 270547, 1109
2422, 0, 77, 84, 58, 3, 1.69%, 11, 0, 4, 100.65, 270668, 1109
2427, 0, 77, 84, 58, 3, 1.69%, 11, 0, 4, 8.91, 270979, 1109
2433, 0, 77, 84, 58, 3, 1.69%, 11, 0, 4, 8.91, 271025, 1109
2438, 0, 77, 84, 58, 3, 1.69%, 11, 0, 4, 9.01, 271072, 1109
2443, 0, 77, 84, 58, 3, 1.69%, 11, 0, 4, 8.93, 271117, 1109
2448, 0, 77, 84, 58, 3, 1.69%, 11, 0, 4, 8.96, 271163, 1109
2453, 0, 77, 84, 58, 3, 1.69%, 11, 0, 4, 8.95, 271209, 1109
2458, 0, 77, 84, 58, 3, 1.69%, 11, 0, 4, 8.96, 271255, 1109
2464, 0, 77, 84, 58, 3, 1.69%, 11, 0, 4, 9.09, 271302, 1109
2469, 0, 77, 84, 58, 3, 1.69%, 11, 0, 4, 151.44, 271534, 1109
2474, 0, 77, 84, 58, 3, 1.69%, 11, 0, 4, 251.64, 272943, 1109
2479, 0, 77, 84, 58, 3, 1.69%, 11, 0, 4, 9.35, 273671, 1109
2484, 0, 77, 84, 58, 3, 1.69%, 11, 0, 4, 9.44, 273720, 1109
2489, 0, 77, 84, 58, 3, 1.69%, 11, 0, 4, 9.91, 273771, 1109
2494, 0, 77, 84, 58, 3, 1.69%, 11, 0, 4, 9.59, 273820, 1109
2499, 0, 77, 84, 58, 3, 1.69%, 11, 0, 4, 163.20, 274073, 1109
2504, 0, 77, 84, 58, 3, 1.69%, 11, 0, 4, 8.61, 274286, 1109
2510, 0, 77, 84, 58, 3, 1.69%, 11, 0, 4, 9.08, 274333, 1109
2515, 0, 77, 84, 58, 3, 1.69%, 11, 0, 4, 9.01, 274379, 1109
2520, 0, 77, 84, 58, 3, 1.69%, 11, 0, 4, 9.18, 274427, 1109
2525, 0, 77, 84, 58, 3, 1.69%, 11, 0, 4, 9.25, 274475, 1109
2530, 0, 77, 86, 60, 3, 1.69%, 11, 0, 5, 85.02, 274674, 1109
2535, 0, 77, 86, 60, 3, 1.69%, 11, 0, 5, 116.67, 275097, 1109
2540, 0, 84, 86, 59, 3, 1.69%, 11, 0, 5, 10.90, 275329, 1109
2545, 0, 84, 86, 59, 3, 1.69%, 11, 0, 5, 10.37, 275381, 1109
2551, 0, 84, 86, 59, 3, 1.69%, 11, 0, 5, 77.88, 275549, 1109
2556, 0, 84, 86, 59, 3, 1.69%, 11, 0, 5, 9.92, 275599, 1109
2561, 0, 84, 86, 59, 3, 1.69%, 11, 0, 5, 9.63, 275651, 1109
2566, 0, 84, 86, 59, 3, 1.69%, 11, 0, 5, 9.15, 275697, 1109
2571, 0, 84, 86, 59, 3, 1.69%, 11, 0, 5, 8.85, 275743, 1109
2576, 0, 84, 86, 59, 3, 1.69%, 11, 0, 5, 8.97, 275789, 1109
2581, 0, 84, 86, 59, 3, 1.69%, 11, 0, 5, 198.54, 276699, 1109
2586, 0, 84, 86, 59, 3, 1.69%, 11, 0, 5, 201.84, 277797, 1109
2592, 0, 84, 86, 59, 3, 1.69%, 11, 0, 5, 184.89, 278700, 1109
2597, 0, 84, 86, 59, 3, 1.69%, 11, 0, 5, 205.80, 279753, 1109
2602, 0, 84, 86, 59, 3, 1.69%, 11, 0, 5, 169.39, 280671, 1109
2607, 0, 84, 86, 59, 3, 1.69%, 11, 0, 5, 112.06, 281157, 1109
2612, 0, 84, 86, 59, 3, 1.69%, 11, 0, 5, 221.51, 282236, 1109
2617, 0, 84, 86, 59, 3, 1.69%, 11, 0, 5, 238.40, 283445, 1109
2622, 0, 84, 86, 59, 3, 1.69%, 11, 0, 5, 241.43, 284701, 1109
2627, 0, 84, 86, 59, 3, 1.69%, 11, 0, 5, 257.87, 285973, 1109
2632, 0, 84, 86, 59, 3, 1.69%, 11, 0, 5, 14.33, 287426, 1109
2637, 0, 84, 86, 59, 3, 1.69%, 11, 0, 5, 14.10, 287501, 1109
2643, 0, 84, 86, 59, 3, 1.69%, 11, 0, 5, 15.31, 287584, 1109
2648, 0, 84, 86, 59, 3, 1.69%, 11, 0, 5, 14.09, 287656, 1109
2653, 0, 84, 86, 59, 3, 1.69%, 11, 0, 5, 15.62, 287731, 1109
2658, 0, 84, 86, 59, 3, 1.69%, 11, 0, 5, 14.36, 287804, 1109
2663, 0, 84, 86, 59, 3, 1.69%, 11, 0, 5, 14.31, 287879, 1109
2668, 0, 84, 86, 59, 3, 1.69%, 11, 0, 5, 16.60, 287969, 1109
2673, 0, 84, 86, 59, 3, 1.69%, 11, 0, 5, 15.65, 288054, 1109
2678, 0, 84, 86, 59, 3, 1.69%, 11, 0, 5, 13.93, 288126, 1109
2683, 0, 84, 86, 59, 3, 1.69%, 11, 0, 5, 13.47, 288198, 1109
2688, 0, 84, 86, 59, 3, 1.69%, 11, 0, 5, 12.24, 288260, 1109
2694, 0, 84, 86, 59, 3, 1.69%, 11, 0, 5, 295.63, 289143, 1109
2699, 0, 84, 86, 59, 3, 1.69%, 11, 0, 5, 127.73, 289543, 1109
2704, 0, 84, 86, 59, 3, 1.69%, 11, 0, 5, 86.41, 289921, 1109
2709, 0, 84, 86, 59, 3, 1.69%, 11, 0, 5, 204.24, 291017, 1109
2714, 0, 84, 86, 59, 3, 1.69%, 11, 0, 5, 12.04, 291661, 1109
2719, 0, 84, 86, 59, 3, 1.69%, 11, 0, 5, 10.29, 291712, 1109
2724, 0, 84, 86, 59, 3, 1.69%, 11, 0, 5, 206.23, 292393, 1109
2729, 0, 19, 86, 58, 2, 1.69%, 11, 0, 5, 232.20, 293609, 1109
2734, 0, 19, 86, 58, 2, 1.69%, 11, 0, 5, 263.55, 295014, 1109
2739, 0, 19, 86, 58, 2, 1.69%, 11, 0, 5, 11.87, 296125, 1109
2744, 0, 19, 86, 58, 2, 1.69%, 11, 0, 5, 10.76, 296180, 1109
2750, 0, 19, 86, 58, 2, 1.69%, 11, 0, 5, 250.81, 297417, 1109
2755, 0, 19, 86, 58, 2, 1.69%, 11, 0, 5, 47.80, 297742, 1109
2760, 0, 19, 86, 58, 2, 1.69%, 11, 0, 5, 47.85, 297983, 1109
2765, 0, 19, 86, 58, 2, 1.69%, 11, 0, 5, 119.33, 298515, 1109
2770, 0, 19, 86, 58, 2, 1.69%, 11, 0, 5, 185.41, 299522, 1109
2775, 0, 19, 86, 58, 2, 1.69%, 11, 0, 5, 79.09, 299765, 1109
2780, 0, 19, 86, 58, 2, 1.69%, 11, 0, 5, 53.31, 300003, 1109
2785, 0, 19, 89, 61, 2, 1.69%, 11, 0, 5, 58.08, 300302, 1109
2791, 0, 19, 89, 61, 2, 1.69%, 11, 0, 5, 57.66, 300599, 1109
2796, 0, 19, 89, 61, 2, 1.69%, 11, 0, 5, 182.26, 301559, 1109
2801, 0, 19, 89, 61, 2, 1.69%, 11, 0, 5, 222.87, 302723, 1109
2806, 0, 19, 89, 61, 2, 1.69%, 11, 0, 5, 235.51, 303963, 1109
2811, 0, 19, 89, 61, 2, 1.69%, 11, 0, 5, 239.47, 305171, 1109
2816, 0, 19, 89, 61, 2, 1.69%, 11, 0, 5, 253.02, 306534, 1109
2821, 0, 19, 89, 61, 2, 1.69%, 11, 0, 5, 177.60, 307373, 1109
2826, 0, 19, 89, 61, 2, 1.69%, 11, 0, 5, 222.55, 308549, 1109
2831, 0, 19, 89, 61, 2, 1.69%, 11, 0, 5, 175.98, 309546, 1109
2836, 0, 19, 89, 61, 2, 1.69%, 11, 0, 5, 101.34, 309943, 1109
2842, 0, 30, 89, 61, 2, 1.69%, 11, 0, 5, 223.33, 311102, 1109
2847, 0, 30, 89, 61, 2, 1.69%, 11, 0, 5, 246.47, 312438, 1109
2852, 0, 30, 89, 61, 2, 1.69%, 11, 0, 5, 242.15, 313702, 1109
2857, 0, 30, 89, 61, 2, 1.69%, 11, 0, 5, 136.87, 314292, 1109
2862, 0, 30, 89, 61, 2, 1.69%, 11, 0, 5, 9.10, 314357, 1109
2867, 0, 30, 89, 61, 2, 1.69%, 11, 0, 5, 179.34, 314905, 1109
2872, 0, 30, 89, 61, 2, 1.69%, 11, 0, 5, 25.23, 315544, 1109
2878, 0, 30, 89, 61, 2, 1.69%, 11, 0, 5, 12.91, 315592, 1109
2883, 0, 30, 89, 61, 2, 1.69%, 11, 0, 5, 10.09, 315640, 1109
2888, 0, 30, 89, 61, 2, 1.69%, 11, 0, 5, 9.25, 315686, 1109
2893, 0, 30, 89, 61, 2, 1.69%, 11, 0, 5, 9.27, 315734, 1109
2898, 0, 30, 89, 61, 2, 1.69%, 11, 0, 5, 9.09, 315780, 1109
2903, 0, 30, 89, 61, 2, 1.69%, 11, 0, 5, 9.77, 315832, 1109
2908, 0, 30, 89, 61, 2, 1.69%, 11, 0, 5, 10.08, 315884, 1109
2913, 0, 30, 89, 61, 2, 1.69%, 11, 0, 5, 9.63, 315933, 1109
2919, 0, 30, 89, 61, 2, 1.69%, 11, 0, 5, 9.26, 315981, 1109
2924, 0, 30, 89, 61, 2, 1.69%, 11, 0, 5, 9.84, 316032, 1109
2929, 0, 30, 89, 61, 2, 1.69%, 11, 0, 5, 9.46, 316081, 1109
2934, 0, 30, 89, 61, 2, 1.69%, 11, 0, 5, 290.31, 316827, 1109
2939, 0, 30, 89, 61, 2, 1.69%, 11, 0, 5, 157.12, 317570, 1109
2944, 0, 30, 89, 61, 2, 1.69%, 11, 0, 5, 145.63, 318216, 1109
2949, 0, 30, 89, 61, 2, 1.69%, 11, 0, 5, 164.54, 319151, 1109
2954, 0, 30, 89, 61, 2, 1.69%, 11, 0, 5, 37.51, 319507, 1109
2960, 0, 30, 89, 61, 2, 1.69%, 11, 0, 5, 135.06, 319724, 1109
2965, 0, 30, 89, 61, 2, 1.69%, 11, 0, 5, 217.17, 320954, 1109
2970, 0, 85, 89, 60, 2, 1.69%, 11, 0, 5, 9.50, 321325, 1109
2975, 0, 85, 89, 60, 2, 1.69%, 11, 0, 5, 9.44, 321374, 1109
2980, 0, 85, 89, 60, 2, 1.69%, 11, 0, 5, 9.84, 321425, 1109
2985, 0, 85, 89, 60, 2, 1.69%, 11, 0, 5, 9.16, 321471, 1109
2990, 0, 85, 89, 60, 2, 1.69%, 11, 0, 5, 9.36, 321521, 1109
2995, 0, 85, 89, 60, 2, 1.69%, 11, 0, 5, 9.51, 321569, 1109
3000, 0, 85, 89, 60, 2, 1.69%, 11, 0, 5, 9.14, 321615, 1109
3006, 0, 85, 89, 60, 2, 1.69%, 11, 0, 5, 9.07, 321661, 1109
3011, 0, 85, 89, 60, 2, 1.69%, 11, 0, 5, 9.82, 321713, 1109
3016, 0, 85, 89, 60, 2, 1.69%, 11, 0, 5, 9.22, 321759, 1109
3021, 0, 85, 89, 60, 2, 1.69%, 11, 0, 5, 9.08, 321805, 1109
3026, 0, 85, 89, 60, 2, 1.69%, 11, 0, 5, 9.49, 321853, 1109
3031, 0, 85, 89, 60, 2, 1.69%, 11, 0, 5, 8.95, 321899, 1109
3036, 0, 85, 89, 60, 2, 1.69%, 11, 0, 5, 9.01, 321945, 1109
3041, 0, 85, 89, 60, 2, 1.69%, 11, 0, 5, 9.02, 321991, 1109
3046, 0, 85, 89, 60, 2, 1.69%, 11, 0, 5, 9.03, 322037, 1109
3052, 0, 85, 89, 60, 2, 1.69%, 11, 0, 5, 9.03, 322083, 1109
3057, 0, 85, 89, 60, 2, 1.69%, 11, 0, 5, 9.80, 322139, 1109
3062, 0, 85, 89, 60, 2, 1.69%, 11, 0, 5, 9.20, 322185, 1109
3067, 0, 85, 89, 60, 2, 1.69%, 11, 0, 5, 9.06, 322231, 1109
3072, 0, 85, 89, 60, 2, 1.69%, 11, 0, 5, 8.99, 322277, 1109
3077, 0, 85, 89, 60, 2, 1.69%, 11, 0, 5, 9.01, 322323, 1109
3082, 0, 85, 89, 60, 2, 1.69%, 11, 0, 5, 9.00, 322369, 1109
3087, 0, 85, 89, 60, 2, 1.69%, 11, 0, 5, 9.00, 322415, 1109
3092, 0, 85, 89, 60, 2, 1.69%, 11, 0, 5, 9.17, 322464, 1109
3098, 0, 85, 89, 60, 2, 1.69%, 11, 0, 5, 8.86, 322508, 1109
3103, 0, 85, 89, 60, 2, 1.69%, 11, 0, 5, 8.96, 322554, 1109
3108, 0, 85, 89, 60, 2, 1.69%, 11, 0, 5, 8.98, 322600, 1109
3113, 0, 85, 89, 60, 2, 1.69%, 11, 0, 5, 8.99, 322646, 1109
3118, 0, 85, 89, 60, 2, 1.69%, 11, 0, 5, 9.01, 322692, 1109
3123, 0, 85, 89, 60, 2, 1.69%, 11, 0, 5, 8.99, 322738, 1109
3128, 0, 85, 89, 60, 2, 1.69%, 11, 0, 5, 9.01, 322784, 1109
3133, 0, 85, 89, 60, 2, 1.69%, 11, 0, 5, 12.24, 322846, 1109
3139, 0, 85, 89, 60, 2, 1.69%, 11, 0, 5, 12.95, 322919, 1109
3144, 0, 85, 89, 60, 2, 1.69%, 11, 0, 5, 13.95, 322994, 1109
3149, 0, 85, 89, 60, 2, 1.69%, 11, 0, 5, 15.84, 323077, 1109
3154, 0, 85, 89, 60, 2, 1.69%, 11, 0, 5, 16.03, 323160, 1109
3159, 0, 85, 89, 60, 2, 1.69%, 11, 0, 5, 13.47, 323226, 1109
3164, 0, 85, 89, 60, 2, 1.69%, 11, 0, 5, 14.02, 323299, 1109
3169, 0, 85, 89, 60, 2, 1.69%, 11, 0, 5, 13.53, 323368, 1109
3174, 0, 85, 89, 60, 2, 1.69%, 11, 0, 5, 13.11, 323437, 1109
3179, 0, 85, 89, 60, 2, 1.69%, 11, 0, 5, 14.13, 323510, 1109
3185, 0, 85, 89, 60, 2, 1.69%, 11, 0, 5, 12.68, 323573, 1109
3190, 0, 85, 89, 60, 2, 1.69%, 11, 0, 5, 10.01, 323621, 1109
3195, 0, 85, 89, 60, 2, 1.69%, 11, 0, 5, 9.46, 323669, 1109
3200, 0, 85, 89, 60, 2, 1.69%, 11, 0, 5, 9.05, 323715, 1109
3205, 0, 85, 89, 60, 2, 1.69%, 11, 0, 5, 9.47, 323763, 1109
3210, 0, 85, 89, 60, 2, 1.69%, 11, 0, 5, 9.17, 323810, 1109
3216, 0, 85, 89, 60, 2, 1.69%, 11, 0, 5, 9.45, 323861, 1109
3221, 0, 85, 89, 60, 2, 1.69%, 11, 0, 5, 9.29, 323908, 1109
3226, 0, 85, 89, 60, 2, 1.69%, 11, 0, 5, 8.88, 323954, 1109
3231, 0, 85, 89, 60, 2, 1.69%, 11, 0, 5, 108.68, 324163, 1109
3236, 0, 85, 89, 60, 2, 1.69%, 11, 0, 5, 17.17, 324595, 1109
3241, 0, 85, 89, 60, 2, 1.69%, 11, 0, 5, 215.71, 325402, 1109
3246, 0, 85, 89, 60, 2, 1.69%, 11, 0, 5, 22.63, 325744, 1109
3251, 0, 85, 89, 60, 2, 1.69%, 11, 0, 5, 26.10, 325898, 1109
3257, 0, 85, 89, 60, 2, 1.69%, 11, 0, 5, 17.51, 326130, 1109
3262, 0, 85, 89, 60, 2, 1.69%, 11, 0, 5, 11.33, 326180, 1109
3267, 0, 85, 89, 60, 2, 1.69%, 11, 0, 5, 9.95, 326228, 1109
3272, 0, 85, 89, 60, 2, 1.69%, 11, 0, 5, 9.61, 326278, 1109
3277, 0, 85, 89, 60, 2, 1.69%, 11, 0, 5, 236.08, 326794, 1109
3282, 0, 35, 89, 59, 1, 1.69%, 11, 0, 5, 241.42, 328047, 1109
3287, 0, 35, 89, 59, 1, 1.69%, 11, 0, 5, 271.27, 329444, 1109
3292, 0, 35, 89, 59, 1, 1.69%, 11, 0, 5, 244.64, 330788, 1109
3298, 0, 35, 89, 59, 1, 1.69%, 11, 0, 5, 137.12, 331313, 1109
3303, 0, 35, 89, 59, 1, 1.69%, 11, 0, 5, 124.00, 332101, 1109
3308, 0, 35, 89, 59, 1, 1.69%, 11, 0, 5, 114.25, 332575, 1109
3313, 0, 35, 89, 59, 1, 1.69%, 11, 0, 5, 240.32, 333927, 1109
3318, 0, 35, 89, 59, 1, 1.69%, 11, 0, 5, 275.15, 335366, 1109
3323, 0, 35, 89, 59, 1, 1.69%, 11, 0, 5, 273.38, 336728, 1109
3328, 0, 35, 89, 59, 1, 1.69%, 11, 0, 5, 33.37, 337684, 1109
3333, 0, 35, 89, 59, 1, 1.69%, 11, 0, 5, 32.64, 337853, 1109
3339, 0, 35, 89, 59, 1, 1.69%, 11, 0, 5, 33.74, 338030, 1109
3344, 0, 84, 89, 58, 0, 1.69%, 11, 0, 5, 181.79, 338272, 1109
3349, 0, 84, 89, 58, 0, 1.69%, 11, 0, 5, 233.21, 339547, 1109
3354, 0, 84, 89, 58, 0, 1.69%, 11, 0, 5, 198.78, 340542, 1109
3359, 0, 84, 89, 58, 0, 1.69%, 11, 0, 5, 184.07, 341448, 1109
3364, 0, 84, 89, 58, 0, 1.69%, 11, 0, 5, 269.22, 342848, 1109
3369, 0, 84, 89, 58, 0, 1.69%, 11, 0, 5, 226.43, 344055, 1109
3374, 0, 84, 89, 58, 0, 1.69%, 11, 0, 5, 211.71, 345044, 1109
3379, 0, 84, 89, 58, 0, 1.69%, 11, 0, 5, 280.64, 346508, 1109
3384, 0, 84, 89, 58, 0, 1.69%, 11, 0, 5, 140.05, 347052, 1109
3390, 0, 84, 89, 58, 0, 1.69%, 11, 0, 5, 105.14, 347555, 1109
3395, 0, 84, 89, 58, 0, 1.69%, 11, 0, 5, 238.11, 348996, 1109
3400, 0, 84, 89, 58, 0, 1.69%, 11, 0, 5, 191.99, 350016, 1109
3405, 0, 84, 89, 58, 0, 1.69%, 11, 0, 5, 9.21, 350460, 1109
3410, 0, 84, 89, 58, 0, 1.69%, 11, 0, 5, 9.13, 350507, 1109
3415, 0, 84, 89, 58, 0, 1.69%, 11, 0, 5, 73.76, 350579, 1109
3420, 0, 84, 89, 58, 0, 1.69%, 11, 0, 5, 73.73, 350954, 1109
3425, 0, 84, 89, 58, 0, 1.69%, 11, 0, 5, 72.09, 351325, 1109
3431, 0, 84, 89, 58, 0, 1.69%, 11, 0, 5, 182.99, 352161, 1109
3436, 0, 84, 89, 58, 0, 1.69%, 11, 0, 5, 105.12, 352718, 1109
3441, 0, 84, 89, 58, 0, 1.69%, 11, 0, 5, 57.38, 352945, 1109
3446, 0, 84, 89, 58, 0, 1.69%, 11, 0, 5, 48.66, 353179, 1109
3451, 0, 84, 89, 58, 0, 1.69%, 11, 0, 5, 46.18, 353411, 1109
3456, 0, 84, 89, 58, 0, 1.69%, 11, 0, 5, 68.00, 353743, 1109
3461, 0, 84, 89, 58, 0, 1.69%, 11, 0, 5, 84.61, 354196, 1109
3466, 0, 84, 89, 58, 0, 1.69%, 11, 0, 5, 144.11, 354868, 1109
3472, 0, 84, 89, 58, 0, 1.69%, 11, 0, 5, 224.35, 356131, 1109
3477, 0, 84, 89, 58, 0, 1.69%, 11, 0, 5, 163.82, 356970, 1109
3482, 0, 84, 89, 58, 0, 1.69%, 11, 0, 5, 101.66, 357473, 1109
3487, 0, 66, 89, 58, 0, 1.69%, 11, 0, 5, 116.03, 358044, 1109
3492, 0, 66, 89, 58, 0, 1.69%, 11, 0, 5, 148.80, 358798, 1109
3497, 0, 84, 89, 58, 0, 1.69%, 11, 0, 5, 208.08, 359851, 1109
3503, 0, 84, 89, 58, 0, 1.69%, 11, 0, 5, 215.66, 361045, 1109
3508, 0, 84, 89, 58, 0, 1.69%, 11, 0, 5, 166.58, 361844, 1109
3513, 0, 84, 89, 58, 0, 1.69%, 11, 0, 5, 209.80, 362883, 1109
3518, 0, 84, 89, 58, 0, 1.69%, 11, 0, 5, 289.19, 364491, 1109
3523, 0, 84, 89, 58, 0, 1.69%, 11, 0, 5, 276.89, 365919, 1109
3528, 0, 84, 89, 58, 0, 1.69%, 11, 0, 5, 290.30, 367352, 1109
3533, 0, 84, 89, 58, 0, 1.69%, 11, 0, 5, 241.01, 368655, 1109
3538, 0, 84, 89, 58, 0, 1.69%, 11, 0, 5, 151.38, 369284, 1109
3543, 0, 84, 89, 58, 0, 1.69%, 11, 0, 5, 80.55, 369654, 1109
3548, 0, 84, 89, 58, 0, 1.69%, 11, 0, 5, 52.99, 369886, 1109
3553, 0, 84, 89, 58, 0, 1.69%, 11, 0, 5, 47.90, 370122, 1109
3559, 0, 84, 89, 58, 0, 1.69%, 11, 0, 5, 44.45, 370342, 1109
3564, 0, 84, 89, 58, 0, 1.69%, 11, 0, 5, 139.69, 370995, 1109
3569, 0, 84, 89, 58, 0, 1.69%, 11, 0, 5, 263.78, 372450, 1109
3574, 0, 84, 89, 58, 0, 1.69%, 11, 0, 5, 228.39, 373624, 1109
3579, 0, 84, 89, 58, 0, 1.69%, 11, 0, 5, 26.68, 374343, 1109
3584, 0, 84, 89, 58, 0, 1.69%, 11, 0, 5, 13.17, 374391, 1109
3589, 0, 84, 89, 58, 0, 1.69%, 11, 0, 5, 97.95, 374480, 1109
3595, 0, 84, 89, 58, 0, 1.69%, 11, 0, 5, 97.88, 374978, 1109
3600, 0, 84, 89, 58, 0, 1.69%, 11, 0, 5, 105.13, 375498, 1109
3605, 0, 84, 89, 58, 0, 1.69%, 11, 0, 5, 244.44, 376879, 1109
3610, 0, 84, 89, 58, 0, 1.69%, 11, 0, 5, 273.17, 378313, 1109
3615, 0, 84, 89, 58, 0, 1.69%, 11, 0, 5, 246.03, 379513, 1109
3620, 0, 84, 89, 58, 0, 1.69%, 11, 0, 5, 205.06, 380563, 1109
3625, 0, 84, 89, 58, 0, 1.69%, 11, 0, 5, 181.57, 381403, 1109
3630, 0, 84, 89, 58, 0, 1.69%, 11, 0, 5, 154.78, 382197, 1109
3635, 0, 84, 89, 58, 0, 1.69%, 11, 0, 5, 131.76, 382849, 1109
3640, 0, 84, 89, 58, 0, 1.69%, 11, 0, 5, 125.73, 383495, 1109
3645, 0, 84, 89, 58, 0, 1.69%, 11, 0, 5, 92.48, 383950, 1109
3651, 0, 84, 89, 58, 0, 1.69%, 11, 0, 5, 81.20, 384351, 1109
3656, 0, 84, 89, 58, 0, 1.69%, 11, 0, 5, 73.74, 384736, 1109
3661, 0, 84, 89, 58, 0, 1.69%, 11, 0, 5, 183.39, 385672, 1109
3666, 0, 84, 89, 58, 0, 1.69%, 11, 0, 5, 239.06, 387020, 1109
3671, 0, 84, 89, 58, 0, 1.69%, 11, 0, 5, 15.75, 387708, 1109
3676, 0, 84, 89, 58, 0, 1.69%, 11, 0, 5, 104.48, 387812, 1109
3681, 0, 84, 89, 58, 0, 1.69%, 11, 0, 5, 239.34, 389154, 1109
3687, 0, 84, 89, 58, 0, 1.69%, 11, 0, 5, 286.15, 390712, 1109
3692, 0, 84, 89, 58, 0, 1.69%, 11, 0, 5, 219.52, 391905, 1109
3697, 0, 84, 89, 58, 0, 1.69%, 11, 0, 5, 117.33, 392363, 1109
3702, 0, 84, 89, 58, 0, 1.69%, 11, 0, 5, 87.69, 392787, 1109
3707, 0, 84, 89, 58, 0, 1.69%, 11, 0, 5, 55.06, 393021, 1109
3712, 0, 84, 89, 58, 0, 1.69%, 11, 0, 5, 47.37, 393243, 1109
3717, 0, 84, 89, 58, 0, 1.69%, 11, 0, 5, 45.08, 393467, 1109
3722, 0, 84, 89, 58, 0, 1.69%, 11, 0, 5, 45.99, 393709, 1109
3727, 0, 84, 89, 58, 0, 1.69%, 11, 0, 5, 309.28, 395038, 1109
3732, 0, 84, 89, 58, 0, 1.69%, 11, 0, 5, 269.73, 396407, 1109
3737, 0, 84, 89, 58, 0, 1.69%, 11, 0, 5, 247.78, 397637, 1109
3742, 0, 84, 89, 58, 0, 1.69%, 11, 0, 5, 242.23, 398867, 1109
3748, 0, 84, 89, 58, 0, 1.69%, 11, 0, 5, 213.60, 399953, 1109
3753, 0, 84, 89, 58, 0, 1.69%, 11, 0, 5, 185.81, 400803, 1109
3758, 0, 84, 89, 58, 0, 1.69%, 11, 0, 5, 251.04, 402027, 1109
3763, 0, 84, 89, 58, 0, 1.69%, 11, 0, 5, 29.30, 403231, 1109
3768, 0, 84, 89, 58, 0, 1.69%, 11, 0, 5, 65.62, 403621, 1109
3773, 0, 84, 89, 58, 0, 1.69%, 11, 0, 5, 9.09, 404024, 1109
3778, 0, 84, 89, 58, 0, 1.69%, 11, 0, 5, 15.60, 404118, 1109
3783, 0, 84, 89, 58, 0, 1.69%, 11, 0, 5, 50.90, 404423, 1109
3788, 0, 84, 89, 58, 0, 1.69%, 11, 0, 5, 58.98, 404732, 1109
3793, 0, 84, 89, 58, 0, 1.69%, 11, 0, 5, 60.41, 405040, 1109
3798, 0, 84, 89, 58, 0, 1.69%, 11, 0, 5, 204.68, 406178, 1109
3803, 0, 84, 89, 58, 0, 1.69%, 11, 0, 5, 165.88, 406965, 1109
3808, 0, 84, 89, 58, 0, 1.69%, 11, 0, 5, 244.33, 408136, 1109
3813, 0, 84, 89, 58, 0, 1.69%, 11, 0, 5, 258.04, 409389, 1109
3818, 0, 84, 89, 58, 0, 1.69%, 11, 0, 5, 291.39, 410907, 1109
3824, 0, 84, 89, 58, 0, 1.69%, 11, 0, 5, 203.81, 411855, 1109
3829, 0, 84, 89, 58, 0, 1.69%, 11, 0, 5, 219.80, 412924, 1109
3834, 0, 84, 89, 58, 0, 1.69%, 11, 0, 5, 258.87, 414359, 1109
3839, 0, 84, 89, 58, 0, 1.69%, 11, 0, 5, 247.71, 415623, 1109
3844, 0, 84, 89, 58, 0, 1.69%, 11, 0, 5, 139.23, 416316, 1109
3849, 0, 84, 89, 58, 0, 1.69%, 11, 0, 5, 91.35, 416726, 1109
3855, 0, 48, 89, 58, 0, 1.69%, 11, 0, 5, 161.07, 417441, 1109
3860, 0, 48, 89, 58, 0, 1.69%, 11, 0, 5, 248.78, 418889, 1109
3865, 0, 48, 89, 58, 0, 1.69%, 11, 0, 5, 250.82, 420173, 1109
3870, 0, 48, 89, 58, 0, 1.69%, 11, 0, 5, 146.36, 420880, 1109
3875, 0, 48, 89, 58, 0, 1.69%, 11, 0, 5, 92.99, 421287, 1109
3880, 0, 48, 89, 58, 0, 1.69%, 11, 0, 5, 94.56, 421774, 1109
3885, 0, 48, 89, 58, 0, 1.69%, 11, 0, 5, 8.97, 421904, 1109
3890, 0, 48, 89, 58, 0, 1.69%, 11, 0, 5, 200.03, 422345, 1109
3895, 0, 48, 89, 58, 0, 1.69%, 11, 0, 5, 251.71, 423743, 1109
3901, 0, 48, 89, 58, 0, 1.69%, 11, 0, 5, 14.05, 424608, 1109
3906, 0, 48, 89, 58, 0, 1.69%, 11, 0, 5, 14.92, 424691, 1109
3911, 0, 48, 89, 58, 0, 1.69%, 11, 0, 5, 15.77, 424779, 1109
3916, 0, 48, 89, 58, 0, 1.69%, 11, 0, 5, 18.52, 424874, 1109
3921, 0, 48, 89, 58, 0, 1.69%, 11, 0, 5, 16.61, 424957, 1109
3926, 0, 48, 89, 58, 0, 1.69%, 11, 0, 5, 15.91, 425034, 1109
3931, 0, 48, 89, 58, 0, 1.69%, 11, 0, 5, 16.68, 425129, 1109
3936, 0, 48, 89, 58, 0, 1.69%, 11, 0, 5, 12.44, 425191, 1109
3941, 0, 48, 89, 58, 0, 1.69%, 11, 0, 5, 245.62, 425671, 1109
3947, 0, 48, 89, 58, 0, 1.69%, 11, 0, 5, 179.03, 426480, 1109
3952, 0, 48, 89, 58, 0, 1.69%, 11, 0, 5, 8.57, 426523, 1109
3957, 0, 48, 89, 58, 0, 1.69%, 11, 0, 5, 181.76, 427087, 1109
3962, 0, 48, 89, 58, 0, 1.69%, 11, 0, 5, 216.30, 428235, 1109
3967, 0, 48, 89, 58, 0, 1.69%, 11, 0, 5, 269.76, 429639, 1109
3972, 0, 19, 89, 58, 0, 1.69%, 11, 0, 5, 222.90, 430648, 1109
3977, 0, 19, 89, 58, 0, 1.69%, 11, 0, 5, 250.13, 431964, 1109
3982, 0, 19, 89, 58, 0, 1.69%, 11, 0, 5, 270.72, 433404, 1109
3987, 0, 19, 89, 58, 0, 1.69%, 11, 0, 5, 44.00, 433659, 1109
3992, 0, 19, 89, 58, 0, 1.69%, 11, 0, 5, 46.45, 433898, 1109
3997, 0, 19, 89, 58, 0, 1.69%, 11, 0, 5, 277.18, 434341, 1109
4003, 0, 19, 89, 58, 0, 1.69%, 11, 0, 5, 220.74, 435514, 1109
4008, 0, 19, 89, 58, 0, 1.69%, 11, 0, 5, 109.32, 435922, 1109
4013, 0, 19, 89, 58, 0, 1.69%, 11, 0, 5, 81.85, 436287, 1109
4018, 0, 19, 89, 58, 0, 1.69%, 11, 0, 5, 75.35, 436670, 1109
4023, 0, 19, 89, 58, 0, 1.69%, 11, 0, 5, 190.84, 437670, 1109
4028, 0, 19, 89, 58, 0, 1.69%, 11, 0, 5, 200.31, 438797, 1109
4033, 0, 19, 89, 58, 0, 1.69%, 11, 0, 5, 113.85, 439263, 1109
4038, 0, 19, 89, 58, 0, 1.69%, 11, 0, 5, 205.48, 440347, 1109
4044, 0, 19, 89, 58, 0, 1.69%, 11, 0, 5, 259.06, 441730, 1109
4049, 0, 19, 89, 58, 0, 1.69%, 11, 0, 5, 253.82, 443013, 1109
4054, 0, 19, 89, 58, 0, 1.69%, 11, 0, 5, 261.23, 444335, 1109
4059, 0, 19, 89, 58, 0, 1.69%, 11, 0, 5, 260.69, 445672, 1109
4064, 0, 19, 89, 58, 0, 1.69%, 11, 0, 5, 248.22, 446915, 1109
4069, 0, 19, 89, 58, 0, 1.69%, 11, 0, 5, 173.25, 447708, 1109
4074, 0, 19, 89, 58, 0, 1.69%, 11, 0, 5, 139.64, 448505, 1109
4079, 0, 19, 89, 58, 0, 1.69%, 11, 0, 5, 123.61, 449062, 1109
4084, 0, 19, 89, 58, 0, 1.69%, 11, 0, 5, 106.30, 449669, 1109
4089, 0, 19, 89, 58, 0, 1.69%, 11, 0, 5, 74.89, 450001, 1109
4095, 0, 19, 89, 58, 0, 1.69%, 11, 0, 5, 175.57, 450804, 1109
4100, 0, 19, 89, 58, 0, 1.69%, 11, 0, 5, 24.79, 451830, 1109
4105, 0, 19, 89, 58, 0, 1.69%, 11, 0, 5, 12.23, 452138, 1109
4110, 0, 19, 89, 58, 0, 1.69%, 11, 0, 5, 192.08, 452756, 1109
4115, 0, 19, 89, 58, 0, 1.69%, 11, 0, 5, 236.63, 454029, 1109
4120, 0, 19, 89, 58, 0, 1.69%, 11, 0, 5, 135.79, 454636, 1109
4125, 0, 35, 89, 58, 0, 1.69%, 11, 0, 5, 204.46, 455654, 1109
4130, 0, 35, 89, 58, 0, 1.69%, 11, 0, 5, 241.92, 456954, 1109
4136, 0, 35, 89, 58, 0, 1.69%, 11, 0, 5, 190.96, 457987, 1109
4141, 0, 35, 89, 58, 0, 1.69%, 11, 0, 5, 119.44, 458494, 1109
4146, 0, 35, 89, 58, 0, 1.69%, 11, 0, 5, 103.57, 459004, 1109
4151, 0, 35, 89, 58, 0, 1.69%, 11, 0, 5, 79.80, 459396, 1109
4156, 0, 35, 89, 58, 0, 1.69%, 11, 0, 5, 95.97, 459847, 1109
4161, 0, 35, 89, 58, 0, 1.69%, 11, 0, 5, 119.39, 460565, 1109
4166, 0, 35, 89, 58, 0, 1.69%, 11, 0, 5, 121.07, 461138, 1109
4171, 0, 35, 89, 58, 0, 1.69%, 11, 0, 5, 25.37, 461775, 1109
4176, 0, 35, 89, 58, 0, 1.69%, 11, 0, 5, 23.10, 461889, 1109
4182, 0, 35, 89, 58, 0, 1.69%, 11, 0, 5, 23.10, 462006, 1109
4187, 0, 35, 89, 58, 0, 1.69%, 11, 0, 5, 23.77, 462127, 1109
4192, 0, 35, 89, 58, 0, 1.69%, 11, 0, 5, 23.90, 462250, 1109
4197, 0, 35, 89, 58, 0, 1.69%, 11, 0, 5, 22.25, 462361, 1109
4202, 0, 35, 89, 58, 0, 1.69%, 11, 0, 5, 256.93, 463680, 1109
4207, 0, 35, 89, 58, 0, 1.69%, 11, 0, 5, 9.64, 463728, 1109
4212, 0, 35, 89, 58, 0, 1.69%, 11, 0, 5, 10.18, 463780, 1109
4217, 0, 35, 89, 58, 0, 1.69%, 11, 0, 5, 9.35, 463827, 1109
4222, 0, 35, 89, 58, 0, 1.69%, 11, 0, 5, 9.32, 463875, 1109
4228, 0, 35, 89, 58, 0, 1.69%, 11, 0, 5, 9.85, 463926, 1109
4233, 0, 35, 89, 58, 0, 1.69%, 11, 0, 5, 9.31, 463973, 1109
4238, 0, 35, 89, 58, 0, 1.69%, 11, 0, 5, 9.85, 464026, 1109
4243, 0, 35, 89, 58, 0, 1.69%, 11, 0, 5, 9.64, 464076, 1109
4248, 0, 35, 89, 58, 0, 1.69%, 11, 0, 5, 9.67, 464126, 1109
4253, 0, 35, 89, 58, 0, 1.69%, 11, 0, 5, 9.31, 464173, 1109
4258, 0, 35, 89, 58, 0, 1.69%, 11, 0, 5, 9.36, 464222, 1109
4264, 0, 35, 89, 58, 0, 1.69%, 11, 0, 5, 9.28, 464269, 1109
4269, 0, 35, 89, 58, 0, 1.69%, 11, 0, 5, 9.32, 464317, 1109
4274, 0, 35, 89, 58, 0, 1.69%, 11, 0, 5, 218.15, 465130, 1109
4279, 0, 35, 89, 58, 0, 1.69%, 11, 0, 5, 266.77, 466566, 1109
4284, 0, 35, 89, 58, 0, 1.69%, 11, 0, 5, 270.51, 467944, 1109
4289, 0, 19, 89, 58, 0, 1.69%, 11, 0, 5, 250.00, 469193, 1109
4294, 0, 19, 89, 58, 0, 1.69%, 11, 0, 5, 272.61, 470570, 1109
4299, 0, 19, 89, 58, 0, 1.69%, 11, 0, 5, 247.80, 471829, 1109
4304, 0, 19, 89, 58, 0, 1.69%, 11, 0, 5, 247.42, 473117, 1109
4310, 0, 19, 89, 58, 0, 1.69%, 11, 0, 5, 246.83, 474407, 1109
4315, 0, 19, 89, 58, 0, 1.69%, 11, 0, 5, 16.12, 475209, 1109
4320, 0, 19, 89, 58, 0, 1.69%, 11, 0, 5, 18.25, 475306, 1109
4325, 0, 19, 89, 58, 0, 1.69%, 11, 0, 5, 15.42, 475384, 1109
4330, 0, 19, 89, 58, 0, 1.69%, 11, 0, 5, 15.82, 475468, 1109
4335, 0, 19, 89, 58, 0, 1.69%, 11, 0, 5, 16.97, 475553, 1109
4340, 0, 19, 89, 58, 0, 1.69%, 11, 0, 5, 16.44, 475637, 1109
4345, 0, 19, 89, 58, 0, 1.69%, 11, 0, 5, 14.90, 475715, 1109
4351, 0, 19, 89, 58, 0, 1.69%, 11, 0, 5, 14.28, 475788, 1109
4356, 0, 19, 89, 58, 0, 1.69%, 11, 0, 5, 74.57, 475912, 1109
4361, 0, 19, 89, 58, 0, 1.69%, 11, 0, 5, 75.50, 476291, 1109
4366, 0, 19, 89, 58, 0, 1.69%, 11, 0, 5, 188.16, 477196, 1109
4371, 0, 19, 89, 58, 0, 1.69%, 11, 0, 5, 238.83, 478476, 1109
4376, 0, 19, 89, 58, 0, 1.69%, 11, 0, 5, 250.73, 479815, 1109
4381, 0, 9, 89, 58, 0, 1.69%, 11, 0, 5, 277.85, 481258, 1109
4386, 0, 9, 89, 58, 0, 1.69%, 11, 0, 5, 297.75, 482773, 1109
4391, 0, 9, 89, 58, 0, 1.69%, 11, 0, 5, 266.37, 484074, 1109
4396, 0, 9, 89, 58, 0, 1.69%, 11, 0, 5, 277.03, 485455, 1109
4401, 0, 9, 89, 58, 0, 1.69%, 11, 0, 5, 229.87, 486696, 1109
4406, 0, 9, 89, 58, 0, 1.69%, 11, 0, 5, 149.99, 487350, 1109
4412, 0, 9, 89, 58, 0, 1.69%, 11, 0, 5, 90.12, 487744, 1109
4417, 0, 9, 89, 58, 0, 1.69%, 11, 0, 5, 80.32, 488139, 1109
4422, 0, 9, 89, 58, 0, 1.69%, 11, 0, 5, 66.61, 488493, 1109
4427, 0, 9, 89, 58, 0, 1.69%, 11, 0, 5, 224.41, 489779, 1109
4432, 0, 9, 89, 58, 0, 1.69%, 11, 0, 5, 18.71, 490530, 1109
4437, 0, 9, 89, 58, 0, 1.69%, 11, 0, 5, 16.81, 490613, 1109
4442, 0, 9, 89, 58, 0, 1.69%, 12, 0, 5, 17.96, 490712, 1109
4448, 0, 9, 89, 58, 0, 1.69%, 12, 0, 5, 15.43, 490785, 1109
4453, 0, 9, 89, 58, 0, 1.69%, 12, 0, 5, 13.47, 490852, 1109
4458, 0, 9, 89, 58, 0, 1.69%, 12, 0, 5, 14.22, 490926, 1109
4463, 0, 9, 89, 58, 0, 1.69%, 12, 0, 5, 16.42, 491009, 1109
4468, 0, 9, 89, 58, 0, 1.69%, 12, 0, 5, 14.88, 491086, 1109
4473, 0, 9, 89, 58, 0, 1.69%, 12, 0, 5, 15.30, 491165, 1109
4478, 0, 9, 89, 58, 0, 1.69%, 12, 0, 5, 14.37, 491237, 1109
4483, 0, 9, 89, 58, 0, 1.69%, 12, 0, 5, 16.77, 491325, 1109
4488, 0, 9, 89, 58, 0, 1.69%, 12, 0, 5, 15.17, 491403, 1109
4494, 0, 9, 89, 58, 0, 1.69%, 12, 0, 5, 12.61, 491465, 1109
4499, 0, 9, 89, 58, 0, 1.69%, 12, 0, 5, 264.27, 492544, 1109
4504, 0, 9, 89, 58, 0, 1.69%, 12, 0, 5, 134.12, 493054, 1109
4509, 0, 9, 89, 58, 0, 1.69%, 12, 0, 5, 93.05, 493507, 1109
4514, 0, 9, 89, 58, 0, 1.69%, 12, 0, 5, 56.06, 493749, 1109
4519, 0, 9, 89, 58, 0, 1.69%, 12, 0, 5, 48.82, 493990, 1109
4524, 0, 9, 89, 58, 0, 1.69%, 12, 0, 5, 46.46, 494224, 1109
4529, 0, 9, 89, 58, 0, 1.69%, 12, 0, 5, 55.71, 494497, 1109
4534, 0, 9, 89, 58, 0, 1.69%, 12, 0, 5, 76.46, 494919, 1109
4540, 0, 9, 90, 59, 0, 1.69%, 12, 0, 5, 79.99, 495336, 1109
4545, 0, 9, 90, 59, 0, 1.69%, 12, 0, 5, 79.89, 495747, 1109
4550, 0, 9, 90, 59, 0, 1.69%, 12, 0, 5, 81.01, 496167, 1109
4555, 0, 9, 90, 59, 0, 1.69%, 12, 0, 5, 48.19, 496417, 1109
4560, 0, 9, 90, 59, 0, 1.69%, 12, 0, 5, 30.89, 496550, 1109
4565, 0, 9, 90, 59, 0, 1.69%, 12, 0, 5, 25.64, 496672, 1109
4570, 0, 9, 90, 59, 0, 1.69%, 12, 0, 5, 24.80, 496796, 1109
4575, 0, 9, 90, 59, 0, 1.69%, 12, 0, 5, 23.57, 496918, 1109
4580, 0, 9, 90, 59, 0, 1.69%, 12, 0, 5, 24.24, 497042, 1109
4586, 0, 9, 90, 59, 0, 1.69%, 12, 0, 5, 22.77, 497157, 1109
4591, 0, 9, 90, 59, 0, 1.69%, 12, 0, 5, 22.87, 497278, 1109
4596, 0, 9, 90, 59, 0, 1.69%, 12, 0, 5, 235.54, 497985, 1109
4601, 0, 9, 90, 59, 0, 1.69%, 12, 0, 5, 128.25, 498560, 1109
4606, 0, 9, 90, 59, 0, 1.69%, 12, 0, 5, 75.90, 498879, 1109
4611, 0, 9, 90, 59, 0, 1.69%, 12, 0, 5, 62.81, 499176, 1109
4616, 0, 9, 90, 59, 0, 1.69%, 12, 0, 5, 208.31, 500187, 1109
4621, 0, 84, 90, 59, 0, 1.69%, 12, 0, 5, 264.28, 501699, 1109
4626, 0, 84, 90, 59, 0, 1.69%, 12, 0, 5, 245.71, 502905, 1109
4632, 0, 84, 90, 59, 0, 1.69%, 12, 0, 5, 188.01, 503813, 1109
4637, 0, 84, 90, 59, 0, 1.69%, 12, 0, 5, 175.61, 504683, 1109
4642, 0, 84, 90, 59, 0, 1.69%, 12, 0, 5, 140.74, 505377, 1109
4647, 0, 84, 90, 59, 0, 1.69%, 12, 0, 5, 129.47, 506027, 1109
4652, 0, 84, 90, 59, 0, 1.69%, 12, 0, 5, 115.36, 506631, 1109
4657, 0, 84, 90, 59, 0, 1.69%, 12, 0, 5, 225.38, 507726, 1109
4662, 0, 84, 90, 59, 0, 1.69%, 12, 0, 5, 147.95, 508378, 1109
4667, 0, 84, 90, 59, 0, 1.69%, 12, 0, 5, 182.97, 509177, 1109
4673, 0, 84, 90, 59, 0, 1.69%, 12, 0, 5, 121.48, 509868, 1109
4678, 0, 84, 91, 60, 0, 1.69%, 12, 0, 6, 53.77, 510091, 1110
4683, 0, 84, 91, 60, 0, 1.69%, 12, 0, 6, 53.62, 510360, 1110
4688, 0, 84, 91, 60, 0, 1.69%, 12, 0, 6, 52.87, 510635, 1110
4693, 0, 84, 91, 60, 0, 1.69%, 12, 0, 6, 54.61, 510911, 1110
4698, 0, 84, 91, 60, 0, 1.69%, 12, 0, 6, 52.55, 511176, 1110
4703, 0, 84, 91, 60, 0, 1.69%, 12, 0, 6, 52.94, 511442, 1110
4708, 0, 84, 91, 60, 0, 1.69%, 12, 0, 6, 197.67, 512378, 1110
4713, 0, 84, 91, 60, 0, 1.69%, 12, 0, 6, 233.92, 513642, 1110
4718, 0, 84, 91, 60, 0, 1.69%, 12, 0, 6, 270.43, 515024, 1110
4723, 0, 84, 91, 60, 0, 1.69%, 12, 0, 6, 257.38, 516352, 1110
4728, 0, 84, 91, 60, 0, 1.69%, 12, 0, 6, 269.65, 517763, 1110
4734, 0, 84, 91, 60, 0, 1.69%, 12, 0, 6, 233.56, 518923, 1110
4739, 0, 84, 91, 60, 0, 1.69%, 12, 0, 6, 256.68, 520169, 1110
4744, 0, 84, 91, 60, 0, 1.69%, 12, 0, 6, 12.11, 520572, 1110
4749, 0, 84, 91, 60, 0, 1.69%, 12, 0, 6, 14.36, 520656, 1110
4754, 0, 84, 91, 60, 0, 1.69%, 12, 0, 6, 14.68, 520727, 1110
