# relative_time, cycles_done, cur_item, corpus_count, pending_total, pending_favs, map_size, saved_crashes, saved_hangs, max_depth, execs_per_sec, total_execs, edges_found
61, 0, 1, 79, 77, 20, 0.72%, 0, 0, 3, 114.20, 34302, 473
66, 0, 1, 84, 82, 20, 0.73%, 0, 0, 3, 129.63, 34984, 476
71, 0, 1, 85, 83, 20, 0.73%, 0, 0, 3, 132.49, 35642, 476
76, 0, 1, 87, 85, 20, 0.73%, 0, 0, 3, 129.48, 36280, 478
81, 0, 1, 88, 86, 20, 0.73%, 0, 0, 3, 130.04, 36950, 479
86, 0, 1, 89, 87, 20, 0.73%, 0, 0, 3, 132.04, 37616, 479
91, 0, 1, 89, 87, 20, 0.73%, 0, 0, 3, 134.65, 38302, 479
96, 0, 1, 89, 87, 20, 0.73%, 0, 0, 3, 137.22, 39018, 479
101, 0, 1, 90, 88, 20, 0.73%, 0, 0, 3, 137.11, 39718, 479
107, 0, 1, 90, 88, 20, 0.73%, 0, 0, 3, 133.36, 40410, 479
112, 0, 1, 92, 90, 20, 0.73%, 0, 0, 3, 134.84, 41084, 479
117, 0, 1, 94, 92, 20, 0.73%, 0, 0, 3, 135.31, 41788, 480
122, 0, 1, 94, 92, 20, 0.73%, 0, 0, 3, 132.63, 42454, 480
127, 0, 1, 94, 92, 20, 0.73%, 0, 0, 3, 130.55, 43110, 480
132, 0, 1, 94, 92, 20, 0.73%, 0, 0, 3, 125.87, 43756, 480
137, 0, 1, 94, 92, 20, 0.73%, 0, 0, 3, 124.34, 44400, 480
142, 0, 1, 94, 92, 20, 0.73%, 0, 0, 3, 122.61, 45016, 480
147, 0, 1, 94, 92, 20, 0.73%, 0, 0, 3, 115.46, 45596, 480
152, 0, 1, 94, 92, 20, 0.73%, 0, 0, 3, 115.69, 46182, 480
157, 0, 1, 94, 92, 20, 0.73%, 0, 0, 3, 116.61, 46770, 480
162, 0, 1, 94, 92, 20, 0.73%, 0, 0, 3, 118.13, 47370, 480
167, 0, 1, 95, 93, 20, 0.73%, 0, 0, 3, 119.58, 47982, 480
172, 0, 1, 95, 93, 20, 0.73%, 0, 0, 3, 122.94, 48604, 480
177, 0, 1, 95, 93, 20, 0.73%, 0, 0, 3, 122.53, 49220, 480
182, 0, 1, 96, 94, 20, 0.73%, 0, 0, 3, 119.42, 49818, 480
187, 0, 1, 96, 94, 20, 0.73%, 0, 0, 3, 116.58, 50398, 480
192, 0, 1, 96, 94, 20, 0.73%, 0, 0, 3, 120.94, 50996, 480
197, 0, 1, 96, 94, 20, 0.73%, 0, 0, 3, 123.03, 51630, 480
202, 0, 1, 96, 94, 20, 0.73%, 0, 0, 3, 121.61, 52246, 480
207, 0, 1, 96, 94, 20, 0.73%, 0, 0, 3, 129.42, 52896, 480
213, 0, 1, 96, 94, 20, 0.73%, 0, 0, 3, 125.13, 53548, 480
218, 0, 1, 96, 94, 20, 0.73%, 0, 0, 3, 128.30, 54196, 480
223, 0, 1, 96, 94, 20, 0.73%, 0, 0, 3, 122.92, 54818, 480
228, 0, 1, 96, 94, 20, 0.73%, 0, 0, 3, 127.20, 55462, 480
233, 0, 1, 97, 95, 20, 0.73%, 0, 0, 3, 129.16, 56140, 480
238, 0, 1, 97, 95, 20, 0.73%, 0, 0, 3, 127.62, 56796, 480
243, 0, 1, 97, 95, 20, 0.73%, 0, 0, 3, 133.61, 57496, 480
249, 0, 1, 97, 95, 20, 0.73%, 0, 0, 3, 127.84, 58158, 480
254, 0, 1, 98, 96, 20, 0.73%, 0, 0, 3, 123.35, 58792, 480
259, 0, 80, 99, 96, 22, 0.73%, 0, 0, 3, 179.65, 59783, 480
264, 0, 32, 101, 97, 21, 0.73%, 0, 0, 3, 400.12, 61654, 480
269, 0, 5, 107, 102, 20, 0.74%, 0, 0, 3, 214.44, 62589, 485
274, 0, 5, 108, 103, 20, 0.74%, 0, 0, 3, 152.28, 63282, 485
279, 0, 5, 109, 104, 20, 0.74%, 0, 0, 3, 139.23, 63957, 485
284, 0, 5, 109, 104, 20, 0.74%, 0, 0, 3, 137.25, 64667, 485
290, 0, 5, 109, 104, 20, 0.74%, 0, 0, 3, 141.42, 65409, 485
295, 0, 5, 109, 104, 20, 0.74%, 0, 0, 3, 138.70, 66133, 485
300, 0, 5, 109, 104, 20, 0.74%, 0, 0, 3, 140.63, 66859, 485
305, 0, 5, 109, 104, 20, 0.74%, 0, 0, 3, 145.45, 67615, 485
310, 0, 5, 110, 105, 20, 0.74%, 0, 0, 3, 148.36, 68385, 485
316, 0, 5, 110, 105, 20, 0.74%, 0, 0, 3, 140.58, 69101, 485
321, 0, 5, 110, 105, 20, 0.74%, 0, 0, 3, 135.97, 69803, 485
326, 0, 5, 110, 105, 20, 0.74%, 0, 0, 3, 143.38, 70545, 485
331, 0, 5, 110, 105, 20, 0.74%, 0, 0, 3, 141.80, 71275, 485
336, 0, 5, 110, 105, 20, 0.74%, 0, 0, 3, 143.87, 72013, 485
341, 0, 5, 110, 105, 20, 0.74%, 0, 0, 3, 140.10, 72733, 485
346, 0, 5, 110, 105, 20, 0.74%, 0, 0, 3, 142.51, 73449, 485
351, 0, 5, 110, 105, 20, 0.74%, 0, 0, 3, 139.99, 74147, 485
357, 0, 5, 110, 105, 20, 0.74%, 0, 0, 3, 140.02, 74869, 485
362, 0, 5, 110, 105, 20, 0.74%, 0, 0, 3, 133.48, 75561, 485
367, 0, 5, 110, 105, 20, 0.74%, 0, 0, 3, 131.63, 76227, 485
372, 0, 5, 112, 107, 20, 0.74%, 0, 0, 3, 131.50, 76897, 485
377, 0, 5, 112, 107, 20, 0.74%, 0, 0, 3, 127.11, 77535, 485
382, 0, 5, 112, 107, 20, 0.74%, 0, 0, 3, 128.09, 78209, 485
387, 0, 5, 112, 107, 20, 0.74%, 0, 0, 3, 127.60, 78847, 485
392, 0, 5, 112, 107, 20, 0.74%, 0, 0, 3, 131.90, 79541, 485
397, 0, 5, 112, 107, 20, 0.74%, 0, 0, 3, 128.91, 80191, 485
403, 0, 5, 112, 107, 20, 0.74%, 0, 0, 3, 131.87, 80879, 485
408, 0, 5, 112, 107, 20, 0.74%, 0, 0, 3, 137.89, 81571, 485
413, 0, 5, 113, 108, 20, 0.74%, 0, 0, 3, 138.23, 82283, 485
418, 0, 5, 113, 108, 20, 0.74%, 0, 0, 3, 127.15, 82941, 485
423, 0, 5, 113, 108, 20, 0.74%, 0, 0, 3, 128.46, 83595, 485
428, 0, 5, 113, 108, 20, 0.74%, 0, 0, 3, 126.95, 84237, 485
433, 0, 5, 113, 108, 20, 0.74%, 0, 0, 3, 127.99, 84887, 485
438, 0, 5, 113, 108, 20, 0.74%, 0, 0, 3, 129.11, 85567, 485
443, 0, 5, 113, 108, 20, 0.74%, 0, 0, 3, 133.82, 86245, 485
449, 0, 5, 114, 109, 20, 0.74%, 0, 0, 3, 117.75, 86869, 485
454, 0, 99, 115, 108, 20, 0.74%, 0, 0, 3, 318.33, 88374, 485
459, 0, 49, 118, 110, 19, 0.74%, 0, 0, 4, 484.64, 91089, 485
464, 0, 87, 120, 110, 17, 0.75%, 0, 0, 4, 505.16, 93739, 489
469, 0, 37, 121, 110, 15, 0.75%, 0, 0, 4, 378.53, 95179, 489
475, 0, 63, 123, 111, 14, 0.75%, 0, 0, 4, 508.42, 97984, 490
480, 0, 26, 126, 113, 14, 0.75%, 0, 0, 4, 528.18, 100634, 490
485, 0, 91, 128, 113, 14, 0.76%, 0, 0, 4, 110.09, 102442, 498
490, 0, 127, 130, 114, 13, 0.77%, 0, 0, 5, 177.08, 103302, 502
495, 0, 127, 131, 115, 13, 0.77%, 0, 0, 5, 465.85, 106049, 502
500, 0, 127, 131, 115, 13, 0.77%, 0, 0, 5, 510.58, 108704, 502
505, 0, 128, 131, 114, 13, 0.77%, 0, 0, 5, 505.02, 111278, 502
510, 0, 47, 133, 115, 12, 0.77%, 0, 0, 6, 510.90, 113879, 502
515, 0, 122, 134, 115, 11, 0.77%, 0, 0, 6, 512.27, 116465, 502
520, 0, 71, 134, 114, 10, 0.77%, 0, 0, 6, 546.07, 119212, 502
525, 0, 92, 135, 113, 9, 0.77%, 0, 0, 6, 99.52, 121136, 502
530, 0, 110, 135, 112, 8, 0.77%, 0, 0, 6, 124.15, 121810, 502
535, 0, 102, 136, 111, 7, 0.77%, 0, 0, 6, 140.07, 122548, 502
540, 0, 32, 136, 109, 5, 0.77%, 0, 0, 6, 356.89, 124231, 502
546, 0, 96, 139, 112, 5, 0.77%, 0, 0, 6, 338.92, 126270, 502
551, 0, 8, 140, 112, 5, 0.77%, 0, 0, 6, 359.24, 127761, 502
556, 0, 54, 140, 111, 4, 0.77%, 0, 0, 6, 95.12, 129337, 502
561, 0, 8, 140, 110, 3, 0.77%, 0, 0, 6, 226.99, 130602, 502
566, 0, 8, 140, 109, 2, 0.77%, 0, 0, 6, 252.01, 131643, 502
571, 0, 32, 142, 111, 2, 0.77%, 0, 0, 6, 429.02, 133944, 502
576, 0, 139, 144, 112, 2, 0.77%, 0, 0, 6, 399.09, 136170, 502
582, 0, 39, 144, 111, 1, 0.77%, 0, 0, 6, 394.81, 137852, 502
587, 0, 84, 145, 111, 1, 0.77%, 0, 0, 6, 189.62, 138497, 502
592, 0, 8, 146, 111, 0, 0.77%, 0, 0, 6, 346.77, 140437, 502
597, 0, 32, 148, 112, 0, 0.77%, 0, 0, 6, 346.77, 142109, 503
602, 0, 8, 148, 112, 0, 0.77%, 0, 0, 6, 499.24, 144866, 503
607, 0, 8, 148, 112, 0, 0.77%, 0, 0, 6, 499.91, 147378, 503
612, 0, 128, 148, 112, 0, 0.77%, 0, 0, 6, 479.33, 149658, 503
617, 0, 8, 148, 112, 0, 0.77%, 0, 0, 6, 462.52, 152088, 503
622, 0, 8, 150, 114, 0, 0.77%, 0, 0, 6, 475.43, 154487, 503
627, 0, 3, 151, 115, 0, 0.77%, 0, 0, 6, 530.43, 157235, 503
633, 0, 8, 151, 115, 0, 0.77%, 0, 0, 6, 532.81, 159865, 503
638, 0, 99, 151, 115, 0, 0.77%, 0, 0, 6, 549.73, 162680, 503
643, 0, 8, 151, 115, 0, 0.77%, 0, 0, 6, 537.57, 165451, 503
648, 0, 71, 152, 116, 0, 0.77%, 0, 0, 6, 521.80, 168069, 503
653, 0, 55, 153, 117, 0, 0.77%, 0, 0, 6, 524.57, 170750, 503
658, 0, 71, 153, 117, 0, 0.77%, 0, 0, 6, 393.62, 172320, 503
663, 0, 71, 153, 117, 0, 0.77%, 0, 0, 6, 514.52, 175129, 503
668, 0, 8, 153, 117, 0, 0.77%, 0, 0, 6, 519.26, 177754, 503
673, 0, 99, 153, 117, 0, 0.77%, 0, 0, 6, 534.02, 180452, 503
678, 0, 8, 153, 117, 0, 0.77%, 0, 0, 6, 109.14, 182944, 503
683, 0, 3, 153, 117, 0, 0.77%, 0, 0, 6, 340.37, 185016, 503
688, 0, 8, 153, 117, 0, 0.77%, 0, 0, 6, 330.43, 186746, 503
694, 0, 8, 154, 118, 0, 0.77%, 0, 0, 6, 367.77, 188646, 503
699, 0, 8, 154, 118, 0, 0.77%, 0, 0, 6, 430.73, 190814, 503
704, 0, 91, 154, 118, 0, 0.77%, 0, 0, 6, 279.69, 192293, 503
709, 0, 91, 154, 118, 0, 0.77%, 0, 0, 6, 166.99, 193024, 503
714, 0, 8, 154, 118, 0, 0.77%, 0, 0, 6, 167.99, 193851, 503
719, 0, 49, 155, 119, 0, 0.77%, 0, 0, 6, 417.55, 196189, 503
725, 0, 8, 155, 119, 0, 0.77%, 0, 0, 6, 517.04, 199002, 503
730, 0, 8, 157, 121, 0, 0.77%, 0, 0, 6, 511.10, 201670, 503
735, 0, 84, 159, 123, 0, 0.77%, 0, 0, 6, 429.36, 203959, 503
740, 0, 84, 159, 123, 0, 0.77%, 0, 0, 6, 212.32, 204710, 503
745, 0, 84, 159, 123, 0, 0.77%, 0, 0, 6, 158.49, 205468, 503
750, 0, 84, 159, 123, 0, 0.77%, 0, 0, 6, 143.16, 206242, 503
755, 0, 8, 160, 124, 0, 0.77%, 0, 0, 6, 437.30, 208901, 503
760, 0, 128, 161, 125, 0, 0.77%, 0, 0, 6, 520.08, 211349, 503
765, 0, 8, 161, 125, 0, 0.77%, 0, 0, 6, 541.07, 214237, 503
770, 0, 55, 161, 125, 0, 0.77%, 0, 0, 6, 294.20, 215580, 503
776, 0, 71, 163, 127, 0, 0.77%, 0, 0, 6, 500.66, 218287, 503
781, 0, 80, 163, 127, 0, 0.77%, 0, 0, 6, 417.25, 220605, 503
786, 0, 49, 163, 127, 0, 0.77%, 0, 0, 6, 335.73, 221842, 503
791, 0, 146, 163, 127, 0, 0.77%, 0, 0, 6, 296.41, 223535, 503
796, 0, 92, 163, 127, 0, 0.77%, 0, 0, 6, 180.07, 224353, 503
801, 0, 92, 166, 130, 0, 0.77%, 0, 0, 6, 124.54, 224936, 503
806, 0, 92, 166, 130, 0, 0.77%, 0, 0, 6, 101.59, 225424, 503
812, 0, 92, 166, 130, 0, 0.77%, 0, 0, 6, 107.00, 226016, 503
817, 0, 63, 166, 130, 0, 0.77%, 0, 0, 6, 344.96, 227790, 503
822, 0, 71, 166, 130, 0, 0.77%, 0, 0, 6, 417.66, 230002, 503
827, 0, 8, 166, 130, 0, 0.77%, 0, 0, 6, 458.53, 232336, 503
832, 0, 8, 166, 130, 0, 0.77%, 0, 0, 6, 495.43, 234658, 503
837, 0, 55, 166, 130, 0, 0.77%, 0, 0, 6, 526.95, 237263, 503
842, 0, 80, 166, 130, 0, 0.77%, 0, 0, 6, 441.12, 239093, 503
847, 0, 80, 166, 130, 0, 0.77%, 0, 0, 6, 235.43, 240096, 503
852, 0, 122, 166, 130, 0, 0.77%, 0, 0, 6, 462.69, 242696, 503
857, 0, 32, 166, 130, 0, 0.77%, 0, 0, 6, 511.62, 245354, 503
863, 0, 8, 166, 130, 0, 0.77%, 0, 0, 6, 519.33, 248010, 503
868, 0, 63, 166, 130, 0, 0.77%, 0, 0, 6, 493.92, 250396, 503
873, 0, 32, 166, 130, 0, 0.77%, 0, 0, 6, 519.27, 253057, 503
878, 0, 99, 166, 130, 0, 0.77%, 0, 0, 6, 537.32, 255750, 503
883, 0, 8, 166, 130, 0, 0.77%, 0, 0, 6, 466.78, 257807, 503
888, 0, 146, 166, 130, 0, 0.77%, 0, 0, 6, 80.72, 260182, 503
893, 0, 128, 166, 130, 0, 0.77%, 0, 0, 6, 358.03, 262133, 503
898, 0, 128, 166, 130, 0, 0.77%, 0, 0, 6, 434.66, 264525, 503
903, 0, 96, 167, 131, 0, 0.77%, 0, 0, 6, 350.81, 266474, 503
908, 0, 96, 167, 131, 0, 0.77%, 0, 0, 6, 180.07, 267123, 503
913, 0, 96, 167, 131, 0, 0.77%, 0, 0, 6, 156.86, 267845, 503
918, 0, 96, 167, 131, 0, 0.77%, 0, 0, 6, 125.53, 268416, 503
924, 0, 8, 167, 131, 0, 0.77%, 0, 0, 6, 198.83, 269330, 503
929, 0, 8, 167, 131, 0, 0.77%, 0, 0, 6, 357.21, 271256, 503
934, 0, 32, 167, 131, 0, 0.77%, 0, 0, 6, 450.34, 273621, 503
939, 0, 8, 167, 131, 0, 0.77%, 0, 0, 6, 542.63, 275994, 503
944, 0, 8, 168, 132, 0, 0.77%, 0, 0, 6, 445.59, 278145, 503
949, 0, 128, 168, 132, 0, 0.77%, 0, 0, 6, 478.85, 280665, 503
954, 0, 9, 168, 132, 0, 0.77%, 0, 0, 6, 444.69, 282927, 503
959, 0, 71, 168, 131, 0, 0.77%, 0, 0, 6, 446.01, 285054, 503
964, 0, 8, 168, 131, 0, 0.77%, 0, 0, 6, 452.87, 287379, 503
969, 0, 8, 168, 131, 0, 0.77%, 0, 0, 6, 504.55, 289987, 503
975, 0, 32, 168, 131, 0, 0.77%, 0, 0, 6, 343.19, 291424, 503
980, 0, 32, 168, 131, 0, 0.77%, 0, 0, 6, 455.18, 293900, 503
985, 0, 139, 168, 131, 0, 0.77%, 0, 0, 6, 364.40, 295768, 503
990, 0, 139, 168, 131, 0, 0.77%, 0, 0, 6, 198.94, 296604, 503
995, 0, 139, 168, 131, 0, 0.77%, 0, 0, 6, 137.74, 297206, 503
1000, 0, 8, 170, 133, 0, 0.77%, 0, 0, 6, 409.89, 299404, 503
1005, 0, 119, 170, 133, 0, 0.77%, 0, 0, 6, 347.73, 301093, 503
1010, 0, 119, 170, 133, 0, 0.77%, 0, 0, 6, 473.30, 303724, 503
1016, 0, 63, 170, 133, 0, 0.77%, 0, 0, 6, 503.74, 306352, 503
1021, 0, 63, 170, 133, 0, 0.77%, 0, 0, 6, 513.25, 308961, 503
1026, 0, 80, 170, 133, 0, 0.77%, 0, 0, 6, 304.28, 310445, 503
1031, 0, 8, 170, 133, 0, 0.77%, 0, 0, 6, 316.76, 311808, 503
1036, 0, 128, 170, 133, 0, 0.77%, 0, 0, 6, 437.34, 313981, 503
1041, 0, 122, 170, 133, 0, 0.77%, 0, 0, 6, 486.77, 316579, 503
1046, 0, 32, 171, 134, 0, 0.77%, 0, 0, 6, 398.85, 318707, 503
1051, 0, 32, 171, 134, 0, 0.77%, 0, 0, 6, 506.16, 321383, 503
1056, 0, 32, 171, 134, 0, 0.77%, 0, 0, 6, 136.97, 323512, 503
1062, 0, 17, 171, 134, 0, 0.77%, 0, 0, 6, 424.45, 326031, 503
1067, 0, 142, 171, 134, 0, 0.77%, 0, 0, 6, 491.95, 328560, 503
1072, 0, 8, 171, 133, 0, 0.77%, 0, 0, 6, 432.57, 330763, 503
1077, 0, 32, 171, 133, 0, 0.77%, 0, 0, 6, 455.89, 333146, 503
1082, 0, 63, 171, 133, 0, 0.77%, 0, 0, 6, 424.01, 335309, 503
1087, 0, 32, 171, 133, 0, 0.77%, 0, 0, 6, 456.83, 337764, 503
1092, 0, 8, 171, 133, 0, 0.77%, 0, 0, 6, 518.54, 340408, 503
1097, 0, 8, 171, 133, 0, 0.77%, 0, 0, 6, 453.25, 342532, 503
1102, 0, 8, 171, 133, 0, 0.77%, 0, 0, 6, 471.27, 345028, 503
1107, 0, 8, 171, 133, 0, 0.77%, 0, 0, 6, 464.01, 347329, 503
1112, 0, 8, 171, 133, 0, 0.77%, 0, 0, 6, 228.96, 349371, 503
1117, 0, 8, 171, 133, 0, 0.77%, 0, 0, 6, 410.36, 351708, 503
1122, 1, 8, 173, 135, 0, 0.77%, 0, 0, 6, 433.18, 353972, 503
1127, 1, 80, 173, 135, 0, 0.77%, 0, 0, 6, 512.13, 356636, 503
1133, 1, 80, 173, 135, 0, 0.77%, 0, 0, 6, 225.61, 357373, 503
1138, 1, 32, 173, 135, 0, 0.77%, 0, 0, 6, 454.33, 359772, 503
1143, 1, 123, 173, 135, 0, 0.77%, 0, 0, 6, 550.09, 362688, 503
1148, 1, 8, 173, 135, 0, 0.77%, 0, 0, 6, 575.68, 365592, 503
1153, 1, 80, 174, 136, 0, 0.77%, 0, 0, 6, 366.63, 367517, 503
1158, 1, 128, 174, 136, 0, 0.77%, 0, 0, 6, 336.84, 368803, 503
1163, 1, 32, 174, 136, 0, 0.77%, 0, 0, 6, 461.54, 371380, 503
1168, 1, 47, 174, 136, 0, 0.77%, 0, 0, 6, 495.30, 373824, 503
1173, 1, 32, 174, 136, 0, 0.77%, 0, 0, 6, 512.61, 376408, 503
1178, 1, 32, 175, 136, 0, 0.77%, 0, 0, 6, 530.90, 379109, 503
1183, 1, 3, 176, 137, 0, 0.77%, 0, 0, 6, 523.47, 381768, 503
1189, 1, 94, 176, 137, 0, 0.77%, 0, 0, 6, 126.66, 383505, 503
1194, 1, 8, 176, 136, 0, 0.77%, 0, 0, 6, 356.18, 385247, 503
1199, 1, 32, 179, 139, 0, 0.77%, 0, 0, 6, 500.88, 387955, 503
1204, 1, 8, 179, 139, 0, 0.77%, 0, 0, 6, 506.73, 390414, 503
1209, 1, 127, 179, 139, 0, 0.77%, 0, 0, 6, 515.08, 392907, 503
1214, 1, 8, 179, 139, 0, 0.77%, 0, 0, 6, 520.93, 395392, 503
1219, 1, 32, 180, 139, 0, 0.77%, 0, 0, 6, 495.68, 397777, 503
1224, 1, 8, 181, 140, 0, 0.77%, 0, 0, 6, 443.79, 400174, 503
1229, 1, 71, 182, 141, 0, 0.77%, 0, 0, 6, 495.41, 402528, 503
1234, 1, 32, 182, 141, 0, 0.77%, 0, 0, 6, 531.73, 405313, 503
1240, 1, 32, 183, 142, 0, 0.77%, 0, 0, 6, 518.82, 408014, 503
1245, 1, 5, 183, 142, 0, 0.77%, 0, 0, 6, 346.08, 409904, 503
1250, 1, 5, 183, 142, 0, 0.77%, 0, 0, 6, 172.58, 410577, 503
1255, 1, 5, 183, 142, 0, 0.77%, 0, 0, 6, 144.02, 411287, 503
1260, 1, 122, 184, 143, 0, 0.77%, 0, 0, 6, 467.96, 414025, 503
1265, 1, 32, 184, 143, 0, 0.77%, 0, 0, 6, 530.28, 416821, 503
1270, 1, 80, 184, 143, 0, 0.77%, 0, 0, 6, 108.58, 418063, 503
1276, 1, 92, 184, 143, 0, 0.77%, 0, 0, 6, 155.93, 418960, 503
1281, 1, 92, 184, 143, 0, 0.77%, 0, 0, 6, 133.82, 419607, 503
1286, 1, 8, 184, 143, 0, 0.77%, 0, 0, 6, 268.31, 421032, 503
1291, 1, 8, 184, 143, 0, 0.77%, 0, 0, 6, 468.84, 423694, 503
1296, 1, 8, 184, 143, 0, 0.77%, 0, 0, 6, 481.77, 425949, 503
1301, 1, 156, 184, 143, 0, 0.77%, 0, 0, 6, 467.17, 428141, 503
1307, 1, 63, 184, 142, 0, 0.77%, 0, 0, 6, 492.16, 430714, 503
1312, 1, 8, 184, 142, 0, 0.77%, 0, 0, 6, 503.04, 433375, 503
1317, 1, 99, 184, 142, 0, 0.77%, 0, 0, 6, 459.73, 435478, 503
1322, 1, 8, 184, 142, 0, 0.77%, 0, 0, 6, 530.17, 438302, 503
1327, 1, 8, 185, 143, 0, 0.77%, 0, 0, 6, 485.06, 440372, 503
1332, 1, 146, 185, 143, 0, 0.77%, 0, 0, 6, 399.70, 442469, 503
1337, 1, 99, 185, 143, 0, 0.77%, 0, 0, 6, 514.32, 445107, 503
1342, 1, 8, 186, 144, 0, 0.77%, 0, 0, 6, 527.88, 447745, 503
1347, 1, 63, 186, 144, 0, 0.77%, 0, 0, 6, 517.90, 450286, 503
1353, 1, 8, 186, 144, 0, 0.77%, 0, 0, 6, 488.81, 452720, 503
1358, 1, 122, 186, 144, 0, 0.77%, 0, 0, 6, 504.44, 455132, 503
1363, 1, 8, 187, 145, 0, 0.77%, 0, 0, 6, 537.14, 457913, 503
1368, 1, 80, 187, 145, 0, 0.77%, 0, 0, 6, 206.62, 459471, 503
1373, 1, 8, 187, 145, 0, 0.77%, 0, 0, 6, 349.81, 461039, 503
1378, 1, 99, 187, 145, 0, 0.77%, 0, 0, 6, 503.34, 463858, 503
1383, 1, 8, 188, 146, 0, 0.77%, 0, 0, 6, 532.75, 466668, 503
1388, 1, 8, 188, 146, 0, 0.77%, 0, 0, 6, 511.17, 468992, 503
1393, 1, 63, 188, 146, 0, 0.77%, 0, 0, 6, 540.50, 471664, 503
1398, 1, 8, 189, 146, 0, 0.77%, 0, 0, 6, 577.34, 474619, 503
1404, 1, 141, 189, 146, 0, 0.77%, 0, 0, 6, 420.61, 477154, 503
1409, 1, 121, 189, 144, 0, 0.77%, 0, 0, 6, 524.38, 479941, 503
1414, 1, 123, 189, 143, 0, 0.77%, 0, 0, 6, 569.91, 482916, 503
1419, 1, 80, 189, 143, 0, 0.77%, 0, 0, 6, 474.30, 485383, 503
1424, 1, 80, 189, 143, 0, 0.77%, 0, 0, 6, 263.89, 486562, 503
1429, 1, 71, 189, 143, 0, 0.77%, 0, 0, 6, 494.37, 489307, 503
1435, 1, 8, 189, 143, 0, 0.77%, 0, 0, 6, 432.93, 491619, 503
1440, 1, 63, 189, 143, 0, 0.77%, 0, 0, 6, 511.20, 494339, 503
1445, 1, 8, 189, 143, 0, 0.77%, 0, 0, 6, 462.31, 496656, 503
1450, 1, 8, 189, 143, 0, 0.77%, 0, 0, 6, 495.00, 499003, 503
1455, 1, 32, 190, 144, 0, 0.77%, 0, 0, 6, 521.91, 501680, 503
1460, 1, 8, 190, 144, 0, 0.77%, 0, 0, 6, 500.69, 504233, 503
1465, 1, 80, 190, 144, 0, 0.77%, 0, 0, 6, 529.92, 507022, 503
1470, 1, 80, 190, 144, 0, 0.77%, 0, 0, 6, 238.94, 507948, 503
1475, 1, 8, 190, 144, 0, 0.77%, 0, 0, 6, 388.46, 509906, 503
1480, 1, 32, 191, 145, 0, 0.77%, 0, 0, 6, 457.41, 512252, 503
1485, 1, 128, 191, 145, 0, 0.77%, 0, 0, 6, 524.02, 514959, 503
1491, 1, 32, 191, 144, 0, 0.77%, 0, 0, 6, 530.31, 517732, 503
1496, 1, 99, 191, 144, 0, 0.77%, 0, 0, 6, 517.12, 520220, 503
1501, 1, 17, 192, 145, 0, 0.77%, 0, 0, 6, 521.04, 522886, 503
1506, 1, 17, 192, 145, 0, 0.77%, 0, 0, 6, 534.69, 525592, 503
1511, 1, 8, 192, 145, 0, 0.77%, 0, 0, 6, 514.65, 528238, 503
1516, 1, 17, 192, 145, 0, 0.77%, 0, 0, 6, 545.78, 531049, 503
1521, 1, 32, 192, 145, 0, 0.77%, 0, 0, 6, 559.82, 533904, 503
1526, 1, 71, 193, 146, 0, 0.77%, 0, 0, 6, 545.72, 536658, 503
1531, 1, 8, 194, 147, 0, 0.77%, 0, 0, 6, 455.46, 538953, 503
1536, 1, 8, 195, 148, 0, 0.77%, 0, 0, 6, 542.06, 541752, 503
1541, 1, 193, 195, 148, 0, 0.77%, 0, 0, 6, 527.06, 544460, 503
1546, 1, 8, 195, 147, 0, 0.77%, 0, 0, 6, 528.40, 547159, 503
1551, 1, 8, 195, 147, 0, 0.77%, 0, 0, 6, 380.82, 549021, 503
1557, 1, 63, 195, 146, 0, 0.77%, 0, 0, 6, 523.54, 551780, 503
1562, 1, 70, 195, 146, 0, 0.77%, 0, 0, 6, 539.93, 554594, 503
1567, 1, 63, 195, 145, 0, 0.77%, 0, 0, 6, 305.53, 556609, 503
1572, 1, 8, 195, 145, 0, 0.77%, 0, 0, 6, 503.73, 559474, 503
1577, 1, 146, 195, 145, 0, 0.77%, 0, 0, 6, 487.08, 561841, 503
1582, 1, 17, 195, 145, 0, 0.77%, 0, 0, 6, 310.29, 563605, 503
1587, 1, 8, 195, 145, 0, 0.77%, 0, 0, 6, 464.92, 566100, 503
1592, 1, 8, 195, 145, 0, 0.77%, 0, 0, 6, 504.70, 568637, 503
1598, 1, 8, 195, 145, 0, 0.77%, 0, 0, 6, 448.47, 570802, 503
1603, 1, 71, 195, 145, 0, 0.77%, 0, 0, 6, 477.83, 573171, 503
1608, 1, 17, 195, 145, 0, 0.77%, 0, 0, 6, 474.24, 575479, 503
1613, 1, 8, 195, 145, 0, 0.77%, 0, 0, 6, 358.86, 577736, 503
1618, 1, 32, 195, 145, 0, 0.77%, 0, 0, 6, 491.90, 580373, 503
1623, 1, 32, 195, 145, 0, 0.77%, 0, 0, 6, 535.09, 583102, 503
1628, 1, 49, 195, 145, 0, 0.77%, 0, 0, 6, 508.44, 585636, 503
1633, 1, 8, 195, 145, 0, 0.77%, 0, 0, 6, 484.32, 588173, 503
1638, 1, 128, 195, 145, 0, 0.77%, 0, 0, 6, 497.68, 590788, 503
1643, 1, 128, 195, 145, 0, 0.77%, 0, 0, 6, 506.20, 593280, 503
1649, 1, 146, 195, 145, 0, 0.77%, 0, 0, 6, 447.88, 595641, 503
1654, 1, 32, 195, 145, 0, 0.77%, 0, 0, 6, 470.19, 597800, 503
1659, 1, 63, 195, 145, 0, 0.77%, 0, 0, 6, 513.89, 600473, 503
1664, 1, 8, 195, 145, 0, 0.77%, 0, 0, 6, 485.89, 602862, 503
1669, 1, 8, 195, 145, 0, 0.77%, 0, 0, 6, 380.41, 604442, 503
1674, 1, 127, 195, 145, 0, 0.77%, 0, 0, 6, 455.75, 606872, 503
1679, 1, 128, 195, 145, 0, 0.77%, 0, 0, 6, 505.09, 609590, 503
1684, 1, 8, 195, 145, 0, 0.77%, 0, 0, 6, 479.37, 612121, 503
1689, 1, 8, 195, 145, 0, 0.77%, 0, 0, 6, 503.00, 614573, 503
1694, 1, 128, 195, 145, 0, 0.77%, 0, 0, 6, 511.86, 617024, 503
1699, 1, 128, 195, 145, 0, 0.77%, 0, 0, 6, 435.50, 619257, 503
1704, 1, 32, 195, 145, 0, 0.77%, 0, 0, 6, 505.18, 621862, 503
1710, 1, 63, 196, 146, 0, 0.77%, 0, 0, 6, 495.69, 624265, 503
1715, 1, 32, 196, 145, 0, 0.77%, 0, 0, 6, 479.06, 626670, 503
1720, 1, 32, 196, 145, 0, 0.77%, 0, 0, 6, 498.46, 629200, 503
1725, 1, 17, 197, 146, 0, 0.77%, 0, 0, 6, 390.26, 630956, 503
1730, 1, 55, 197, 146, 0, 0.77%, 0, 0, 6, 328.75, 632861, 503
1735, 1, 91, 197, 146, 0, 0.77%, 0, 0, 6, 189.86, 633633, 503
1740, 1, 91, 197, 146, 0, 0.77%, 0, 0, 6, 125.63, 634182, 503
1745, 1, 32, 197, 146, 0, 0.77%, 0, 0, 6, 281.84, 635492, 503
1750, 1, 115, 197, 146, 0, 0.77%, 0, 0, 6, 457.32, 638065, 503
1755, 1, 32, 197, 145, 0, 0.77%, 0, 0, 6, 493.20, 640667, 503
1761, 1, 32, 197, 145, 0, 0.77%, 0, 0, 6, 515.06, 643368, 503
1766, 1, 8, 197, 145, 0, 0.77%, 0, 0, 6, 496.27, 645620, 503
1771, 1, 8, 197, 145, 0, 0.77%, 0, 0, 6, 454.28, 647868, 503
1776, 1, 47, 197, 145, 0, 0.77%, 0, 0, 6, 438.39, 649985, 503
1781, 1, 8, 198, 146, 0, 0.77%, 0, 0, 6, 442.97, 652247, 503
1786, 1, 147, 198, 146, 0, 0.77%, 0, 0, 6, 406.97, 654140, 503
1791, 2, 80, 198, 145, 0, 0.77%, 0, 0, 6, 334.23, 656001, 503
1796, 2, 32, 198, 145, 0, 0.77%, 0, 0, 6, 229.78, 656861, 503
1802, 2, 47, 201, 148, 0, 0.77%, 0, 0, 6, 413.25, 659193, 503
1807, 2, 201, 203, 150, 1, 0.77%, 0, 0, 6, 464.52, 661604, 505
1812, 2, 201, 206, 153, 1, 0.78%, 0, 0, 6, 459.46, 663923, 509
1817, 2, 201, 206, 153, 1, 0.78%, 0, 0, 6, 472.18, 666317, 509
1822, 2, 201, 206, 153, 1, 0.78%, 0, 0, 6, 482.87, 668810, 509
1827, 2, 201, 206, 153, 1, 0.78%, 0, 0, 6, 475.42, 671258, 509
1832, 2, 201, 207, 154, 1, 0.78%, 0, 0, 6, 467.17, 673615, 509
1837, 2, 201, 207, 154, 1, 0.78%, 0, 0, 6, 491.01, 676099, 509
1842, 2, 201, 207, 154, 1, 0.78%, 0, 0, 6, 488.99, 678565, 509
1847, 2, 201, 207, 154, 1, 0.78%, 0, 0, 6, 494.10, 681022, 509
1852, 2, 201, 207, 154, 1, 0.78%, 0, 0, 6, 494.64, 683587, 509
1857, 2, 201, 207, 154, 1, 0.78%, 0, 0, 6, 507.29, 686223, 509
1863, 2, 207, 209, 155, 4, 0.78%, 0, 0, 6, 522.00, 688933, 510
1868, 2, 207, 210, 156, 4, 0.78%, 0, 0, 6, 514.61, 691606, 511
1873, 2, 207, 214, 160, 4, 0.78%, 0, 0, 6, 516.66, 694276, 511
1878, 2, 207, 215, 161, 4, 0.78%, 0, 0, 6, 498.92, 696753, 511
1883, 2, 8, 215, 160, 4, 0.78%, 0, 0, 6, 522.01, 699394, 511
1888, 2, 204, 215, 160, 4, 0.78%, 0, 0, 6, 499.54, 701860, 511
1893, 2, 204, 217, 162, 4, 0.78%, 0, 0, 6, 515.81, 704566, 513
1899, 2, 209, 217, 161, 5, 0.78%, 0, 0, 6, 506.30, 707198, 513
1904, 2, 209, 217, 161, 5, 0.78%, 0, 0, 6, 524.87, 709833, 513
1909, 2, 66, 219, 162, 4, 0.78%, 0, 0, 6, 536.97, 712561, 513
1914, 2, 203, 220, 163, 4, 0.78%, 0, 0, 6, 537.61, 715307, 513
1919, 2, 215, 223, 165, 2, 0.78%, 0, 0, 6, 546.75, 718137, 513
1924, 2, 215, 223, 165, 2, 0.78%, 0, 0, 6, 550.55, 720897, 513
1929, 2, 219, 226, 167, 1, 0.78%, 0, 0, 6, 549.62, 723690, 513
1934, 2, 219, 226, 167, 1, 0.78%, 0, 0, 6, 548.87, 726474, 513
1939, 2, 219, 226, 167, 1, 0.78%, 0, 0, 6, 552.67, 729372, 513
1945, 2, 26, 227, 167, 1, 0.78%, 0, 0, 6, 600.66, 732540, 513
1950, 2, 224, 228, 168, 1, 0.78%, 0, 0, 6, 586.05, 735498, 513
1955, 2, 224, 229, 169, 1, 0.78%, 0, 0, 7, 601.23, 738543, 514
1960, 2, 128, 229, 168, 1, 0.78%, 0, 0, 7, 611.03, 741652, 514
1965, 2, 228, 229, 168, 1, 0.78%, 0, 0, 7, 549.04, 744434, 514
1970, 2, 228, 231, 170, 1, 0.78%, 0, 0, 8, 519.67, 746996, 514
1975, 2, 228, 235, 174, 1, 0.78%, 0, 0, 8, 492.38, 749508, 514
1980, 2, 228, 238, 177, 1, 0.78%, 0, 0, 8, 490.11, 752142, 514
1985, 2, 20, 239, 177, 0, 0.78%, 0, 0, 8, 515.54, 754760, 514
1990, 2, 8, 239, 175, 0, 0.78%, 0, 0, 8, 535.11, 757510, 514
1995, 2, 8, 247, 183, 0, 0.78%, 0, 0, 8, 496.79, 759941, 514
2001, 2, 99, 248, 184, 0, 0.78%, 0, 0, 8, 515.17, 762534, 514
2006, 2, 8, 248, 184, 0, 0.78%, 0, 0, 8, 474.39, 764923, 514
2011, 2, 71, 252, 188, 0, 0.78%, 0, 0, 8, 550.43, 767829, 514
2016, 2, 17, 258, 194, 0, 0.78%, 0, 0, 8, 480.94, 770256, 514
2021, 2, 17, 260, 196, 0, 0.78%, 0, 0, 8, 418.61, 772295, 514
2026, 2, 17, 261, 197, 0, 0.78%, 0, 0, 8, 497.14, 774845, 514
2031, 2, 204, 265, 201, 0, 0.78%, 0, 0, 8, 509.16, 777492, 514
2036, 2, 204, 270, 206, 0, 0.78%, 0, 0, 8, 390.65, 779310, 514
2041, 2, 70, 275, 211, 0, 0.78%, 0, 0, 8, 383.81, 781165, 514
2046, 2, 122, 276, 212, 0, 0.78%, 0, 0, 8, 454.22, 783550, 514
2051, 2, 215, 277, 213, 0, 0.78%, 0, 0, 8, 427.82, 785680, 514
2057, 2, 17, 277, 213, 0, 0.78%, 0, 0, 8, 456.82, 788023, 514
2062, 2, 49, 277, 213, 0, 0.78%, 0, 0, 8, 477.31, 790513, 514
2067, 2, 17, 279, 214, 0, 0.78%, 0, 0, 8, 469.57, 792850, 514
2072, 2, 264, 280, 215, 0, 0.78%, 0, 0, 8, 405.18, 794871, 514
2077, 2, 92, 280, 214, 0, 0.78%, 0, 0, 8, 332.46, 796666, 514
2082, 2, 123, 280, 214, 0, 0.78%, 0, 0, 8, 366.97, 798247, 514
2087, 2, 3, 280, 214, 0, 0.78%, 0, 0, 8, 472.35, 800728, 514
2092, 2, 8, 280, 214, 0, 0.78%, 0, 0, 8, 463.19, 803082, 514
2097, 2, 205, 280, 214, 0, 0.78%, 0, 0, 8, 468.30, 805438, 514
2102, 2, 99, 280, 213, 0, 0.78%, 0, 0, 8, 493.04, 807929, 514
2107, 2, 64, 282, 215, 0, 0.78%, 0, 0, 8, 510.06, 810515, 514
2112, 2, 122, 285, 217, 0, 0.78%, 0, 0, 8, 447.90, 812826, 514
2117, 2, 267, 285, 217, 0, 0.78%, 0, 0, 8, 448.67, 815076, 514
2122, 2, 267, 286, 218, 0, 0.78%, 0, 0, 8, 448.74, 817280, 514
2127, 2, 8, 287, 217, 0, 0.78%, 0, 0, 8, 456.21, 819589, 514
2132, 2, 180, 288, 218, 0, 0.78%, 0, 0, 8, 513.65, 822221, 514
2137, 2, 8, 288, 217, 0, 0.78%, 0, 0, 8, 478.47, 824676, 514
2142, 2, 63, 288, 217, 0, 0.78%, 0, 0, 8, 537.27, 827379, 514
2148, 2, 3, 289, 218, 0, 0.78%, 0, 0, 8, 539.79, 830152, 514
2153, 2, 8, 291, 220, 0, 0.78%, 0, 0, 8, 534.09, 832655, 514
2158, 2, 8, 293, 222, 0, 0.78%, 0, 0, 8, 527.88, 835312, 514
2163, 2, 70, 295, 224, 0, 0.78%, 0, 0, 8, 138.43, 836519, 514
2168, 2, 8, 295, 224, 0, 0.78%, 0, 0, 8, 387.84, 838921, 514
2173, 2, 250, 295, 224, 0, 0.78%, 0, 0, 8, 450.61, 841217, 514
2178, 2, 8, 295, 223, 0, 0.78%, 0, 0, 8, 431.47, 843449, 514
2183, 2, 8, 295, 223, 0, 0.78%, 0, 0, 8, 497.88, 846053, 514
2188, 2, 32, 295, 223, 0, 0.78%, 0, 0, 8, 501.96, 848605, 514
2194, 2, 71, 295, 223, 0, 0.78%, 0, 0, 8, 486.28, 851056, 514
2199, 2, 84, 295, 223, 0, 0.78%, 0, 0, 8, 335.35, 852775, 514
2204, 2, 84, 295, 223, 0, 0.78%, 0, 0, 8, 184.18, 853585, 514
2209, 2, 63, 295, 223, 0, 0.78%, 0, 0, 8, 178.44, 854312, 514
2214, 2, 51, 295, 223, 0, 0.78%, 0, 0, 8, 227.91, 855811, 514
2219, 2, 51, 295, 223, 0, 0.78%, 0, 0, 8, 140.89, 856404, 514
2224, 2, 207, 295, 222, 0, 0.78%, 0, 0, 8, 335.51, 858097, 514
2229, 2, 32, 295, 222, 0, 0.78%, 0, 0, 8, 425.65, 860328, 514
2234, 2, 64, 295, 222, 0, 0.78%, 0, 0, 8, 519.89, 863180, 514
2239, 2, 224, 295, 222, 0, 0.78%, 0, 0, 8, 542.87, 865899, 514
2244, 2, 8, 295, 222, 0, 0.78%, 0, 0, 8, 442.32, 868114, 514
2250, 2, 80, 295, 222, 0, 0.78%, 0, 0, 8, 232.30, 869151, 514
2255, 2, 47, 295, 222, 0, 0.78%, 0, 0, 8, 378.87, 871215, 514
2260, 2, 188, 295, 222, 0, 0.78%, 0, 0, 8, 449.14, 873631, 514
2265, 2, 63, 296, 221, 0, 0.78%, 0, 0, 8, 473.06, 876087, 514
2270, 2, 63, 296, 221, 0, 0.78%, 0, 0, 8, 503.42, 878665, 514
2275, 2, 128, 296, 221, 0, 0.78%, 0, 0, 8, 480.33, 881111, 514
2280, 2, 128, 297, 222, 0, 0.78%, 0, 0, 8, 405.16, 883162, 514
2285, 2, 91, 297, 222, 0, 0.78%, 0, 0, 8, 361.04, 885180, 514
2290, 2, 91, 297, 222, 0, 0.78%, 0, 0, 8, 162.98, 885730, 514
2295, 2, 17, 297, 222, 0, 0.78%, 0, 0, 8, 247.02, 886803, 514
2300, 2, 146, 297, 222, 0, 0.78%, 0, 0, 8, 332.76, 888731, 514
2306, 2, 215, 297, 221, 0, 0.78%, 0, 0, 8, 413.87, 890855, 514
2311, 2, 32, 297, 220, 0, 0.78%, 0, 0, 8, 410.05, 893018, 514
2316, 2, 32, 298, 221, 0, 0.78%, 0, 0, 8, 407.76, 895092, 514
2321, 2, 128, 298, 221, 0, 0.78%, 0, 0, 8, 434.09, 897366, 514
2326, 2, 8, 298, 221, 0, 0.78%, 0, 0, 8, 425.00, 899567, 514
2331, 2, 154, 298, 221, 0, 0.78%, 0, 0, 8, 459.96, 902038, 514
2336, 2, 224, 298, 220, 0, 0.78%, 0, 0, 8, 534.02, 904734, 514
2341, 2, 8, 298, 220, 0, 0.78%, 0, 0, 8, 569.13, 907666, 514
2346, 2, 132, 299, 221, 0, 0.78%, 0, 0, 8, 536.44, 910299, 514
2351, 2, 8, 300, 221, 0, 0.78%, 0, 0, 8, 492.38, 912821, 514
2357, 2, 71, 300, 221, 0, 0.78%, 0, 0, 8, 519.01, 915479, 514
2362, 2, 17, 301, 222, 0, 0.78%, 0, 0, 8, 534.49, 918178, 514
2367, 2, 8, 301, 222, 0, 0.78%, 0, 0, 8, 468.98, 920494, 514
2372, 2, 8, 301, 222, 0, 0.78%, 0, 0, 8, 523.98, 923096, 514
2377, 2, 204, 301, 222, 0, 0.78%, 0, 0, 8, 567.94, 926014, 514
2382, 2, 8, 302, 223, 0, 0.78%, 0, 0, 8, 534.97, 928765, 514
2387, 2, 292, 302, 223, 0, 0.78%, 0, 0, 8, 572.19, 931689, 514
2392, 2, 8, 303, 223, 0, 0.78%, 0, 0, 8, 491.32, 934193, 514
2397, 2, 154, 304, 224, 0, 0.78%, 0, 0, 8, 561.81, 937247, 514
2402, 2, 139, 304, 224, 0, 0.78%, 0, 0, 8, 289.26, 938565, 514
2407, 2, 231, 304, 224, 0, 0.78%, 0, 0, 8, 383.62, 940234, 514
2413, 2, 231, 304, 224, 0, 0.78%, 0, 0, 8, 535.85, 943160, 514
2418, 2, 54, 304, 223, 0, 0.78%, 0, 0, 8, 376.15, 945207, 514
2423, 2, 54, 305, 224, 0, 0.78%, 0, 0, 8, 173.86, 945813, 514
2428, 2, 54, 305, 224, 0, 0.78%, 0, 0, 8, 139.04, 946484, 514
2433, 2, 49, 305, 223, 0, 0.78%, 0, 0, 8, 506.13, 949509, 514
2438, 2, 32, 305, 223, 0, 0.78%, 0, 0, 8, 563.77, 952363, 514
2443, 2, 8, 305, 223, 0, 0.78%, 0, 0, 8, 545.46, 955131, 514
2448, 2, 8, 305, 223, 0, 0.78%, 0, 0, 8, 502.61, 957800, 514
2454, 2, 207, 305, 223, 0, 0.78%, 0, 0, 8, 404.37, 959894, 514
2459, 2, 146, 306, 224, 0, 0.78%, 0, 0, 8, 490.31, 962586, 514
2464, 2, 204, 306, 223, 0, 0.78%, 0, 0, 8, 556.02, 965377, 514
2469, 2, 8, 307, 224, 0, 0.78%, 0, 0, 8, 532.60, 967969, 514
2474, 2, 127, 307, 224, 0, 0.78%, 0, 0, 8, 576.45, 970930, 514
2479, 2, 63, 307, 224, 0, 0.78%, 0, 0, 8, 570.17, 973903, 514
2484, 2, 287, 308, 225, 0, 0.78%, 0, 0, 8, 572.85, 976902, 514
2489, 2, 215, 308, 224, 0, 0.78%, 0, 0, 8, 550.11, 979713, 514
2494, 2, 127, 308, 224, 0, 0.78%, 0, 0, 8, 583.85, 982785, 514
2499, 2, 80, 308, 224, 0, 0.78%, 0, 0, 8, 129.37, 984731, 514
2504, 2, 8, 308, 224, 0, 0.78%, 0, 0, 8, 456.91, 987191, 514
2510, 2, 128, 308, 224, 0, 0.78%, 0, 0, 8, 579.01, 990341, 514
2515, 2, 49, 308, 224, 0, 0.78%, 0, 0, 8, 584.93, 993262, 514
2520, 2, 8, 308, 224, 0, 0.78%, 0, 0, 8, 583.55, 996198, 514
2525, 2, 8, 309, 225, 0, 0.78%, 0, 0, 8, 568.65, 999079, 514
2530, 2, 71, 309, 224, 0, 0.78%, 0, 0, 8, 601.17, 1002219, 514
2535, 2, 64, 309, 224, 0, 0.78%, 0, 0, 8, 513.54, 1004637, 514
2540, 2, 32, 309, 224, 0, 0.78%, 0, 0, 8, 556.73, 1007556, 514
2545, 2, 8, 309, 224, 0, 0.78%, 0, 0, 8, 549.39, 1010396, 514
2550, 2, 8, 309, 224, 0, 0.78%, 0, 0, 8, 597.92, 1013462, 514
2556, 2, 32, 311, 225, 0, 0.78%, 0, 0, 8, 567.76, 1016388, 514
2561, 2, 122, 311, 225, 0, 0.78%, 0, 0, 8, 207.34, 1017597, 514
2566, 2, 146, 311, 225, 0, 0.78%, 0, 0, 8, 403.47, 1020108, 514
2571, 2, 32, 311, 224, 0, 0.78%, 0, 0, 8, 501.79, 1022591, 514
2576, 2, 226, 311, 224, 0, 0.78%, 0, 0, 8, 561.09, 1025467, 514
2581, 2, 17, 312, 224, 0, 0.78%, 0, 0, 8, 551.34, 1028237, 514
2586, 2, 3, 312, 224, 0, 0.78%, 0, 0, 8, 544.70, 1030983, 514
2591, 2, 204, 312, 224, 0, 0.78%, 0, 0, 8, 372.07, 1033600, 514
2596, 2, 128, 312, 224, 0, 0.78%, 0, 0, 8, 508.89, 1036435, 514
2601, 2, 63, 312, 224, 0, 0.78%, 0, 0, 8, 543.56, 1039331, 514
2607, 2, 8, 312, 223, 0, 0.78%, 0, 0, 8, 331.82, 1041806, 514
2612, 2, 64, 312, 223, 0, 0.78%, 0, 0, 8, 443.60, 1044174, 514
2617, 2, 209, 312, 223, 0, 0.78%, 0, 0, 8, 510.08, 1046849, 514
2622, 2, 209, 312, 223, 0, 0.78%, 0, 0, 8, 557.73, 1049748, 514
2627, 2, 209, 312, 223, 0, 0.78%, 0, 0, 8, 547.93, 1052636, 514
2632, 2, 209, 312, 223, 0, 0.78%, 0, 0, 8, 543.70, 1055415, 514
2637, 2, 209, 312, 222, 0, 0.78%, 0, 0, 8, 514.68, 1058093, 514
2642, 2, 209, 312, 222, 0, 0.78%, 0, 0, 8, 543.61, 1060875, 514
2647, 2, 209, 312, 222, 0, 0.78%, 0, 0, 8, 519.28, 1063661, 514
2652, 2, 209, 312, 222, 0, 0.78%, 0, 0, 8, 521.36, 1066267, 514
2658, 2, 8, 312, 222, 0, 0.78%, 0, 0, 8, 538.69, 1069115, 514
2663, 2, 32, 312, 222, 0, 0.78%, 0, 0, 8, 569.63, 1071937, 514
2668, 2, 224, 312, 222, 0, 0.78%, 0, 0, 8, 545.76, 1074645, 514
2673, 2, 8, 312, 222, 0, 0.78%, 0, 0, 8, 548.51, 1077365, 514
2678, 2, 64, 312, 222, 0, 0.78%, 0, 0, 8, 532.37, 1079990, 514
2683, 2, 8, 313, 223, 0, 0.78%, 0, 0, 8, 472.71, 1082180, 514
2688, 2, 8, 313, 223, 0, 0.78%, 0, 0, 8, 539.99, 1084993, 514
2693, 2, 80, 313, 223, 0, 0.78%, 0, 0, 8, 516.09, 1087547, 514
2698, 2, 8, 314, 224, 0, 0.78%, 0, 0, 8, 241.57, 1088791, 514
2703, 2, 8, 314, 224, 0, 0.78%, 0, 0, 8, 343.47, 1090875, 514
2708, 2, 29, 314, 224, 0, 0.78%, 0, 0, 8, 507.32, 1093798, 514
2713, 2, 64, 315, 224, 0, 0.78%, 0, 0, 8, 592.27, 1096852, 514
2718, 2, 17, 315, 224, 0, 0.78%, 0, 0, 8, 607.29, 1099890, 514
2724, 2, 8, 315, 224, 0, 0.78%, 0, 0, 8, 551.58, 1102440, 514
2729, 2, 128, 315, 224, 0, 0.78%, 0, 0, 8, 577.54, 1105334, 514
2734, 2, 8, 315, 224, 0, 0.78%, 0, 0, 8, 564.29, 1108227, 514
2739, 2, 17, 315, 224, 0, 0.78%, 0, 0, 8, 583.06, 1110879, 514
2744, 2, 152, 315, 224, 0, 0.78%, 0, 0, 8, 580.70, 1113733, 514
2749, 2, 49, 315, 223, 0, 0.78%, 0, 0, 8, 581.37, 1116678, 514
2754, 2, 17, 316, 224, 0, 0.78%, 0, 0, 8, 525.92, 1119224, 514
2759, 2, 122, 316, 224, 0, 0.78%, 0, 0, 8, 548.00, 1122040, 514
2764, 2, 224, 316, 224, 0, 0.78%, 0, 0, 8, 561.23, 1124933, 514
2769, 2, 201, 316, 224, 0, 0.78%, 0, 0, 8, 566.09, 1127774, 514
2774, 2, 8, 316, 224, 0, 0.78%, 0, 0, 8, 555.98, 1130672, 514
2779, 2, 146, 317, 225, 0, 0.78%, 0, 0, 8, 114.59, 1132352, 514
2785, 2, 227, 317, 225, 0, 0.78%, 0, 0, 8, 422.53, 1134662, 514
2790, 2, 309, 317, 224, 0, 0.78%, 0, 0, 8, 529.90, 1137416, 514
2795, 2, 32, 317, 223, 0, 0.78%, 0, 0, 8, 558.44, 1140271, 514
2800, 2, 8, 317, 223, 0, 0.78%, 0, 0, 8, 472.85, 1142888, 514
2805, 2, 146, 317, 223, 0, 0.78%, 0, 0, 8, 496.67, 1145652, 514
2810, 2, 63, 317, 223, 0, 0.78%, 0, 0, 8, 587.29, 1148552, 514
2815, 2, 146, 317, 223, 0, 0.78%, 0, 0, 8, 144.95, 1150450, 514
2820, 2, 309, 317, 223, 0, 0.78%, 0, 0, 8, 430.93, 1152621, 514
2825, 2, 309, 317, 223, 0, 0.78%, 0, 0, 8, 498.57, 1155357, 514
2830, 2, 8, 317, 223, 0, 0.78%, 0, 0, 8, 489.46, 1157904, 514
2835, 3, 17, 317, 223, 0, 0.78%, 0, 0, 8, 543.41, 1160711, 514
2840, 3, 17, 317, 223, 0, 0.78%, 0, 0, 8, 575.33, 1163622, 514
2846, 3, 8, 317, 223, 0, 0.78%, 0, 0, 8, 577.77, 1166575, 514
2851, 3, 8, 317, 223, 0, 0.78%, 0, 0, 8, 586.07, 1169580, 514
2856, 3, 17, 317, 223, 0, 0.78%, 0, 0, 8, 411.77, 1171919, 514
2861, 3, 8, 317, 223, 0, 0.78%, 0, 0, 8, 600.04, 1175240, 514
2866, 3, 122, 317, 223, 0, 0.78%, 0, 0, 8, 586.10, 1178141, 514
2871, 3, 32, 317, 223, 0, 0.78%, 0, 0, 8, 597.00, 1181293, 514
2876, 3, 128, 317, 223, 0, 0.78%, 0, 0, 8, 617.52, 1184400, 514
2882, 3, 8, 317, 223, 0, 0.78%, 0, 0, 8, 78.36, 1187365, 514
2887, 3, 8, 317, 223, 0, 0.78%, 0, 0, 8, 489.74, 1189990, 514
2892, 3, 8, 317, 223, 0, 0.78%, 0, 0, 8, 549.16, 1192727, 514
2897, 3, 17, 317, 223, 0, 0.78%, 0, 0, 8, 548.40, 1195539, 514
2902, 3, 8, 317, 223, 0, 0.78%, 0, 0, 8, 596.69, 1198632, 514
2907, 3, 57, 317, 223, 0, 0.78%, 0, 0, 8, 613.36, 1201695, 514
2912, 3, 80, 317, 222, 0, 0.78%, 0, 0, 8, 112.56, 1202768, 514
2917, 3, 63, 317, 222, 0, 0.78%, 0, 0, 8, 636.97, 1205755, 514
2922, 3, 161, 318, 223, 0, 0.78%, 0, 0, 8, 599.41, 1208821, 514
2927, 3, 80, 318, 222, 0, 0.78%, 0, 0, 8, 487.66, 1211387, 514
2932, 3, 114, 318, 222, 0, 0.78%, 0, 0, 8, 616.98, 1212960, 514
2937, 3, 128, 318, 221, 0, 0.78%, 0, 0, 8, 636.69, 1216245, 514
2942, 3, 8, 318, 221, 0, 0.78%, 0, 0, 8, 630.75, 1219385, 514
2948, 3, 127, 318, 221, 0, 0.78%, 0, 0, 8, 383.06, 1222150, 514
2953, 3, 127, 318, 221, 0, 0.78%, 0, 0, 8, 579.82, 1225367, 514
2958, 3, 191, 318, 221, 0, 0.78%, 0, 0, 8, 591.76, 1228280, 514
2963, 3, 146, 318, 220, 0, 0.78%, 0, 0, 8, 516.54, 1230941, 514
2968, 3, 128, 318, 220, 0, 0.78%, 0, 0, 8, 562.04, 1233470, 514
2973, 3, 133, 318, 220, 0, 0.78%, 0, 0, 8, 609.17, 1236644, 514
2978, 3, 8, 318, 219, 0, 0.78%, 0, 0, 8, 550.87, 1239566, 514
2983, 3, 80, 318, 219, 0, 0.78%, 0, 0, 8, 510.67, 1242353, 514
2988, 3, 63, 318, 219, 0, 0.78%, 0, 0, 8, 365.29, 1244223, 514
2994, 3, 8, 318, 218, 0, 0.78%, 0, 0, 8, 566.25, 1247391, 514
2999, 3, 80, 318, 218, 0, 0.78%, 0, 0, 8, 297.86, 1248868, 514
3004, 3, 8, 318, 218, 0, 0.78%, 0, 0, 8, 434.89, 1250989, 514
3009, 3, 8, 318, 218, 0, 0.78%, 0, 0, 8, 563.72, 1253975, 514
3014, 3, 311, 318, 218, 0, 0.78%, 0, 0, 8, 590.21, 1256938, 514
3019, 3, 8, 318, 217, 0, 0.78%, 0, 0, 8, 577.49, 1259603, 514
3024, 3, 63, 318, 216, 0, 0.78%, 0, 0, 8, 585.98, 1262557, 514
3029, 3, 55, 318, 216, 0, 0.78%, 0, 0, 8, 116.92, 1264841, 514
3034, 3, 32, 318, 216, 0, 0.78%, 0, 0, 8, 585.99, 1267678, 514
3039, 3, 128, 318, 216, 0, 0.78%, 0, 0, 8, 613.27, 1270742, 514
3044, 3, 63, 318, 216, 0, 0.78%, 0, 0, 8, 611.72, 1273842, 514
3049, 3, 8, 318, 216, 0, 0.78%, 0, 0, 8, 194.49, 1276598, 514
3054, 3, 146, 318, 216, 0, 0.78%, 0, 0, 8, 185.50, 1277485, 514
3059, 3, 207, 318, 216, 0, 0.78%, 0, 0, 8, 467.00, 1279995, 514
3065, 3, 17, 318, 215, 0, 0.78%, 0, 0, 8, 599.19, 1283246, 514
3070, 3, 32, 318, 215, 0, 0.78%, 0, 0, 8, 640.82, 1286575, 514
3075, 3, 122, 318, 215, 0, 0.78%, 0, 0, 8, 629.94, 1289730, 514
3080, 3, 17, 318, 215, 0, 0.78%, 0, 0, 8, 585.94, 1292646, 514
3085, 3, 204, 318, 215, 0, 0.78%, 0, 0, 8, 613.96, 1295826, 514
3090, 3, 204, 318, 215, 0, 0.78%, 0, 0, 8, 553.55, 1298537, 514
3095, 3, 8, 318, 215, 0, 0.78%, 0, 0, 8, 579.88, 1301576, 514
3100, 3, 3, 318, 215, 0, 0.78%, 0, 0, 8, 475.20, 1304658, 514
3105, 3, 146, 318, 215, 0, 0.78%, 0, 0, 8, 550.25, 1307631, 514
3110, 3, 8, 318, 215, 0, 0.78%, 0, 0, 8, 638.61, 1309624, 514
3116, 3, 8, 318, 215, 0, 0.78%, 0, 0, 8, 618.27, 1312737, 514
3121, 3, 228, 318, 215, 0, 0.78%, 0, 0, 8, 610.99, 1315674, 514
3126, 3, 8, 318, 215, 0, 0.78%, 0, 0, 8, 599.31, 1318718, 514
3131, 3, 122, 318, 215, 0, 0.78%, 0, 0, 8, 474.12, 1321499, 514
3136, 3, 122, 318, 215, 0, 0.78%, 0, 0, 8, 577.17, 1324581, 514
3141, 3, 64, 318, 214, 0, 0.78%, 0, 0, 8, 598.50, 1327538, 514
3146, 3, 8, 318, 213, 0, 0.78%, 0, 0, 8, 533.27, 1330481, 514
3151, 3, 8, 318, 213, 0, 0.78%, 0, 0, 8, 617.78, 1333047, 514
3157, 3, 204, 318, 212, 0, 0.78%, 0, 0, 8, 626.99, 1336344, 514
3162, 3, 128, 318, 212, 0, 0.78%, 0, 0, 8, 631.70, 1339473, 514
3167, 3, 146, 319, 213, 0, 0.78%, 0, 0, 8, 114.09, 1341829, 514
3172, 3, 152, 319, 213, 0, 0.78%, 0, 0, 8, 504.96, 1344808, 514
3177, 3, 146, 319, 213, 0, 0.78%, 0, 0, 8, 525.53, 1347769, 514
3182, 3, 67, 319, 213, 0, 0.78%, 0, 0, 8, 533.69, 1350070, 514
3187, 3, 224, 319, 212, 0, 0.78%, 0, 0, 8, 599.11, 1353197, 514
3192, 3, 146, 319, 212, 0, 0.78%, 0, 0, 8, 606.95, 1356234, 514
3197, 3, 64, 319, 212, 0, 0.78%, 0, 0, 8, 646.77, 1357706, 514
3202, 3, 49, 319, 212, 0, 0.78%, 0, 0, 8, 615.02, 1360770, 514
3207, 3, 201, 319, 212, 0, 0.78%, 0, 0, 8, 539.43, 1363294, 514
3213, 3, 17, 319, 212, 0, 0.78%, 0, 0, 8, 576.36, 1366250, 514
3218, 3, 152, 319, 212, 0, 0.78%, 0, 0, 8, 609.80, 1369434, 514
3223, 3, 139, 319, 212, 0, 0.78%, 0, 0, 8, 522.31, 1371984, 514
3228, 3, 139, 319, 212, 0, 0.78%, 0, 0, 8, 230.31, 1372801, 514
3233, 3, 8, 319, 211, 0, 0.78%, 0, 0, 8, 424.18, 1374712, 514
3238, 3, 8, 319, 211, 0, 0.78%, 0, 0, 8, 496.91, 1377089, 514
3243, 3, 128, 319, 211, 0, 0.78%, 0, 0, 8, 623.69, 1380338, 514
3248, 3, 84, 319, 211, 0, 0.78%, 0, 0, 8, 571.52, 1383152, 514
3253, 3, 84, 319, 211, 0, 0.78%, 0, 0, 8, 281.83, 1384130, 514
3258, 3, 32, 319, 211, 0, 0.78%, 0, 0, 8, 213.33, 1384956, 514
3263, 3, 8, 319, 211, 0, 0.78%, 0, 0, 8, 526.48, 1388106, 514
3269, 3, 32, 319, 211, 0, 0.78%, 0, 0, 8, 585.55, 1391159, 514
3274, 3, 8, 319, 211, 0, 0.78%, 0, 0, 8, 617.32, 1394040, 514
3279, 3, 224, 319, 211, 0, 0.78%, 0, 0, 8, 600.16, 1397074, 514
3284, 3, 8, 319, 211, 0, 0.78%, 0, 0, 8, 586.28, 1400096, 514
3289, 3, 63, 319, 211, 0, 0.78%, 0, 0, 8, 562.75, 1402922, 514
3294, 3, 128, 319, 211, 0, 0.78%, 0, 0, 8, 587.80, 1405961, 514
3299, 3, 154, 319, 211, 0, 0.78%, 0, 0, 8, 283.44, 1408464, 514
3304, 3, 203, 319, 211, 0, 0.78%, 0, 0, 8, 539.50, 1411561, 514
3309, 3, 80, 319, 211, 0, 0.78%, 0, 0, 8, 117.35, 1413297, 514
3314, 3, 8, 319, 211, 0, 0.78%, 0, 0, 8, 280.14, 1414628, 514
3319, 3, 8, 319, 211, 0, 0.78%, 0, 0, 8, 615.00, 1417238, 514
3324, 3, 95, 319, 211, 0, 0.78%, 0, 0, 8, 103.57, 1419866, 514
3329, 3, 146, 319, 210, 0, 0.78%, 0, 0, 8, 153.88, 1420632, 514
3334, 3, 139, 319, 210, 0, 0.78%, 0, 0, 8, 301.19, 1422294, 514
3339, 3, 139, 319, 210, 0, 0.78%, 0, 0, 8, 182.77, 1423047, 514
3345, 3, 228, 319, 210, 0, 0.78%, 0, 0, 8, 483.56, 1425924, 514
3350, 3, 17, 319, 210, 0, 0.78%, 0, 0, 8, 615.99, 1429230, 514
3355, 3, 96, 319, 210, 0, 0.78%, 0, 0, 8, 347.35, 1430855, 514
3360, 3, 221, 319, 210, 0, 0.78%, 0, 0, 8, 541.92, 1433605, 514
3365, 3, 64, 319, 209, 0, 0.78%, 0, 0, 8, 613.02, 1436768, 514
3370, 3, 27, 319, 209, 0, 0.78%, 0, 0, 8, 387.66, 1439819, 514
3375, 3, 146, 319, 208, 0, 0.78%, 0, 0, 8, 114.83, 1442479, 514
3380, 3, 64, 319, 208, 0, 0.78%, 0, 0, 8, 630.73, 1445407, 514
3385, 3, 8, 319, 208, 0, 0.78%, 0, 0, 8, 532.44, 1448100, 514
3390, 3, 146, 319, 208, 0, 0.78%, 0, 0, 8, 466.64, 1450694, 514
3395, 3, 207, 319, 208, 0, 0.78%, 0, 0, 8, 584.32, 1453736, 514
3400, 3, 8, 319, 208, 0, 0.78%, 0, 0, 8, 639.27, 1457028, 514
3406, 3, 122, 319, 208, 0, 0.78%, 0, 0, 8, 628.51, 1460150, 514
3411, 3, 17, 319, 208, 0, 0.78%, 0, 0, 8, 596.09, 1463206, 514
3416, 3, 128, 319, 208, 0, 0.78%, 0, 0, 8, 669.13, 1465607, 514
3421, 3, 32, 319, 208, 0, 0.78%, 0, 0, 8, 585.17, 1468467, 514
3426, 3, 128, 319, 208, 0, 0.78%, 0, 0, 8, 603.94, 1471738, 514
3431, 3, 63, 319, 208, 0, 0.78%, 0, 0, 8, 601.97, 1474721, 514
3436, 3, 122, 319, 208, 0, 0.78%, 0, 0, 8, 606.45, 1477719, 514
3441, 3, 122, 319, 208, 0, 0.78%, 0, 0, 8, 614.37, 1480771, 514
3446, 3, 32, 319, 208, 0, 0.78%, 0, 0, 8, 545.67, 1483432, 514
3452, 3, 8, 319, 208, 0, 0.78%, 0, 0, 8, 673.52, 1485323, 514
3457, 3, 224, 319, 208, 0, 0.78%, 0, 0, 8, 498.07, 1488141, 514
3462, 3, 141, 319, 208, 0, 0.78%, 0, 0, 8, 447.73, 1490372, 514
3467, 3, 300, 319, 208, 0, 0.78%, 0, 0, 8, 482.13, 1492888, 514
3472, 3, 49, 319, 207, 0, 0.78%, 0, 0, 8, 559.65, 1495886, 514
3477, 3, 32, 319, 207, 0, 0.78%, 0, 0, 8, 358.63, 1498794, 514
3482, 3, 152, 319, 207, 0, 0.78%, 0, 0, 8, 502.03, 1501588, 514
3487, 3, 146, 319, 207, 0, 0.78%, 0, 0, 8, 96.79, 1504284, 514
3492, 3, 63, 319, 207, 0, 0.78%, 0, 0, 8, 294.77, 1506540, 514
3497, 3, 224, 319, 207, 0, 0.78%, 0, 0, 8, 541.52, 1509563, 514
3502, 3, 8, 319, 207, 0, 0.78%, 0, 0, 8, 579.23, 1512528, 514
3507, 3, 49, 319, 207, 0, 0.78%, 0, 0, 8, 601.09, 1515483, 514
3512, 3, 17, 320, 208, 1, 0.80%, 0, 0, 8, 614.88, 1518565, 523
3517, 3, 319, 339, 227, 1, 0.82%, 0, 0, 8, 655.52, 1521835, 537
3522, 3, 319, 342, 230, 1, 0.82%, 0, 0, 8, 676.27, 1525265, 537
3527, 3, 319, 343, 231, 1, 0.82%, 0, 0, 8, 674.21, 1528679, 537
3532, 3, 319, 343, 231, 1, 0.82%, 0, 0, 8, 671.57, 1532059, 537
3538, 3, 319, 344, 232, 1, 0.82%, 0, 0, 8, 614.11, 1535228, 537
3543, 3, 319, 345, 233, 1, 0.82%, 0, 0, 8, 631.34, 1538356, 537
3548, 3, 319, 345, 233, 1, 0.82%, 0, 0, 8, 668.32, 1541773, 537
3553, 3, 319, 345, 233, 1, 0.82%, 0, 0, 8, 591.65, 1544763, 537
3558, 3, 335, 346, 233, 6, 0.82%, 0, 0, 8, 590.19, 1547734, 537
3563, 3, 335, 347, 234, 6, 0.82%, 0, 0, 8, 622.77, 1550880, 538
3568, 3, 346, 347, 233, 6, 0.82%, 0, 0, 8, 590.02, 1553870, 538
3573, 3, 346, 347, 233, 6, 0.82%, 0, 0, 8, 512.72, 1556434, 538
3578, 3, 321, 347, 232, 5, 0.82%, 0, 0, 8, 591.90, 1559595, 538
3583, 3, 321, 348, 233, 5, 0.82%, 0, 0, 8, 492.09, 1562056, 538
3588, 3, 64, 355, 239, 4, 0.84%, 0, 0, 8, 590.98, 1565158, 553
3593, 3, 17, 356, 240, 7, 0.84%, 0, 0, 8, 566.04, 1568015, 553
3598, 3, 354, 360, 244, 7, 0.84%, 0, 0, 8, 647.10, 1570004, 553
3604, 3, 354, 367, 251, 7, 0.85%, 0, 0, 8, 649.89, 1573360, 556
3609, 3, 354, 369, 253, 7, 0.85%, 0, 0, 8, 653.40, 1576726, 558
3614, 3, 354, 370, 254, 7, 0.85%, 0, 0, 8, 664.42, 1580153, 558
3619, 3, 354, 370, 254, 7, 0.85%, 0, 0, 8, 666.81, 1583572, 558
3624, 3, 354, 370, 254, 7, 0.85%, 0, 0, 8, 668.01, 1587004, 558
3629, 3, 354, 370, 254, 7, 0.85%, 0, 0, 8, 634.04, 1590232, 558
3634, 3, 354, 370, 254, 7, 0.85%, 0, 0, 8, 581.85, 1593228, 558
3639, 3, 354, 371, 255, 7, 0.85%, 0, 0, 8, 544.00, 1595928, 558
3645, 3, 350, 371, 254, 10, 0.85%, 0, 0, 8, 571.76, 1598896, 558
3650, 3, 350, 372, 255, 10, 0.85%, 0, 0, 8, 563.74, 1601647, 558
3655, 3, 368, 374, 256, 9, 0.85%, 0, 0, 8, 632.25, 1605052, 559
3660, 3, 368, 374, 256, 9, 0.85%, 0, 0, 8, 576.73, 1607893, 559
3665, 3, 368, 376, 258, 9, 0.85%, 0, 0, 8, 564.88, 1610818, 559
3670, 3, 368, 380, 262, 9, 0.85%, 0, 0, 8, 537.72, 1613492, 559
3675, 3, 361, 385, 266, 9, 0.85%, 0, 0, 8, 597.02, 1616610, 560
