# relative_time, cycles_done, cur_item, corpus_count, pending_total, pending_favs, map_size, saved_crashes, saved_hangs, max_depth, execs_per_sec, total_execs, edges_found
61, 0, 0, 25, 25, 2, 0.48%, 0, 0, 2, 98.85, 6048, 316
66, 0, 0, 25, 25, 2, 0.48%, 0, 0, 2, 98.73, 6549, 316
71, 0, 0, 26, 26, 2, 0.48%, 0, 0, 2, 98.81, 7050, 316
76, 0, 0, 27, 27, 2, 0.48%, 0, 0, 2, 79.05, 7467, 317
81, 0, 0, 27, 27, 2, 0.48%, 0, 0, 2, 80.47, 7877, 317
86, 0, 0, 28, 28, 2, 0.49%, 0, 0, 2, 79.52, 8289, 318
91, 0, 0, 29, 29, 2, 0.49%, 0, 0, 2, 81.77, 8712, 318
97, 0, 0, 29, 29, 2, 0.49%, 0, 0, 2, 81.16, 9127, 318
102, 0, 0, 29, 29, 2, 0.49%, 0, 0, 2, 86.37, 9564, 318
107, 0, 0, 29, 29, 2, 0.49%, 0, 0, 2, 89.42, 10024, 318
112, 0, 0, 29, 29, 2, 0.49%, 0, 0, 2, 89.53, 10488, 318
117, 0, 0, 29, 29, 2, 0.49%, 0, 0, 2, 84.13, 10922, 318
122, 0, 0, 29, 29, 2, 0.49%, 0, 0, 2, 82.90, 11342, 318
127, 0, 0, 30, 30, 2, 0.49%, 0, 0, 2, 79.90, 11749, 318
132, 0, 0, 31, 31, 2, 0.49%, 0, 0, 2, 86.16, 12195, 318
138, 0, 0, 31, 31, 2, 0.49%, 0, 0, 2, 89.96, 12660, 318
143, 0, 0, 31, 31, 2, 0.49%, 0, 0, 2, 90.47, 13126, 318
148, 0, 0, 31, 31, 2, 0.49%, 0, 0, 2, 91.47, 13594, 318
153, 0, 0, 31, 31, 2, 0.49%, 0, 0, 2, 91.87, 14066, 318
158, 0, 0, 31, 31, 2, 0.49%, 0, 0, 2, 91.36, 14534, 318
163, 0, 0, 31, 31, 2, 0.49%, 0, 0, 2, 92.01, 15005, 318
168, 0, 0, 31, 31, 2, 0.49%, 0, 0, 2, 92.92, 15480, 318
173, 0, 0, 31, 31, 2, 0.49%, 0, 0, 2, 92.18, 15950, 318
179, 0, 0, 31, 31, 2, 0.49%, 0, 0, 2, 92.03, 16421, 318
184, 0, 0, 31, 31, 2, 0.49%, 0, 0, 2, 90.66, 16886, 318
189, 0, 0, 50, 50, 2, 0.62%, 0, 0, 2, 105.78, 17453, 408
194, 0, 0, 61, 61, 2, 0.63%, 0, 0, 2, 108.19, 18013, 411
199, 0, 0, 65, 65, 2, 0.64%, 0, 0, 2, 116.91, 18607, 418
204, 0, 0, 67, 67, 2, 0.64%, 0, 0, 2, 112.47, 19165, 418
209, 0, 0, 71, 71, 2, 0.65%, 0, 0, 2, 112.04, 19737, 427
214, 0, 0, 73, 73, 2, 0.65%, 0, 0, 2, 113.94, 20327, 429
219, 0, 0, 74, 74, 2, 0.65%, 0, 0, 2, 111.21, 20889, 429
224, 0, 0, 74, 74, 2, 0.65%, 0, 0, 2, 111.30, 21449, 429
230, 0, 0, 74, 74, 2, 0.65%, 0, 0, 2, 114.15, 22047, 429
235, 0, 0, 74, 74, 2, 0.65%, 0, 0, 2, 114.51, 22627, 429
240, 0, 0, 74, 74, 2, 0.65%, 0, 0, 2, 113.03, 23191, 429
245, 0, 0, 74, 74, 2, 0.65%, 0, 0, 2, 112.02, 23767, 429
250, 0, 0, 75, 75, 2, 0.66%, 0, 0, 2, 113.63, 24355, 430
255, 0, 0, 76, 76, 2, 0.66%, 0, 0, 2, 113.63, 24929, 434
260, 0, 0, 76, 76, 2, 0.66%, 0, 0, 2, 114.99, 25503, 434
265, 0, 0, 76, 76, 2, 0.66%, 0, 0, 2, 112.07, 26065, 434
270, 0, 0, 76, 76, 2, 0.66%, 0, 0, 2, 113.63, 26633, 434
275, 0, 0, 79, 79, 2, 0.66%, 0, 0, 2, 114.37, 27223, 434
280, 0, 0, 80, 80, 2, 0.67%, 0, 0, 2, 111.95, 27781, 440
285, 0, 0, 80, 80, 2, 0.67%, 0, 0, 2, 111.15, 28341, 440
290, 0, 0, 80, 80, 2, 0.67%, 0, 0, 2, 112.56, 28911, 440
295, 0, 0, 81, 81, 2, 0.67%, 0, 0, 2, 113.71, 29475, 441
300, 0, 0, 81, 81, 2, 0.67%, 0, 0, 2, 113.06, 30039, 441
305, 0, 0, 81, 81, 2, 0.67%, 0, 0, 2, 116.39, 30625, 441
310, 0, 0, 82, 82, 2, 0.68%, 0, 0, 2, 113.30, 31193, 445
316, 0, 0, 82, 82, 2, 0.68%, 0, 0, 2, 114.49, 31785, 445
321, 0, 0, 83, 83, 2, 0.68%, 0, 0, 2, 114.68, 32357, 445
326, 0, 0, 83, 83, 2, 0.68%, 0, 0, 2, 113.29, 32941, 445
331, 0, 0, 83, 83, 2, 0.68%, 0, 0, 2, 110.85, 33511, 445
336, 0, 0, 85, 85, 2, 0.68%, 0, 0, 2, 103.83, 34051, 445
341, 0, 0, 85, 85, 2, 0.68%, 0, 0, 2, 100.27, 34557, 445
346, 0, 0, 85, 85, 2, 0.68%, 0, 0, 2, 99.65, 35070, 445
351, 0, 0, 85, 85, 2, 0.68%, 0, 0, 2, 99.56, 35573, 445
357, 0, 0, 85, 85, 2, 0.68%, 0, 0, 2, 98.33, 36076, 445
362, 0, 0, 85, 85, 2, 0.68%, 0, 0, 2, 99.36, 36583, 445
367, 0, 0, 85, 85, 2, 0.68%, 0, 0, 2, 99.34, 37088, 445
372, 0, 0, 85, 85, 2, 0.68%, 0, 0, 2, 99.35, 37593, 445
377, 0, 0, 85, 85, 2, 0.68%, 0, 0, 2, 99.14, 38097, 445
382, 0, 0, 85, 85, 2, 0.68%, 0, 0, 2, 99.13, 38600, 445
387, 0, 0, 85, 85, 2, 0.68%, 0, 0, 2, 99.17, 39104, 445
392, 0, 0, 85, 85, 2, 0.68%, 0, 0, 2, 99.22, 39608, 445
397, 0, 0, 85, 85, 2, 0.68%, 0, 0, 2, 99.17, 40110, 445
402, 0, 0, 85, 85, 2, 0.68%, 0, 0, 2, 99.46, 40616, 445
407, 0, 0, 85, 85, 2, 0.68%, 0, 0, 2, 99.26, 41121, 445
412, 0, 0, 85, 85, 2, 0.68%, 0, 0, 2, 99.59, 41628, 445
418, 0, 0, 85, 85, 2, 0.68%, 0, 0, 2, 99.36, 42130, 445
423, 0, 0, 86, 86, 2, 0.68%, 0, 0, 2, 99.10, 42633, 445
428, 0, 0, 86, 86, 2, 0.68%, 0, 0, 2, 98.78, 43135, 445
433, 0, 0, 86, 86, 2, 0.68%, 0, 0, 2, 99.28, 43638, 445
438, 0, 0, 86, 86, 2, 0.68%, 0, 0, 2, 99.14, 44140, 445
443, 0, 0, 86, 86, 2, 0.68%, 0, 0, 2, 99.08, 44643, 445
448, 0, 0, 86, 86, 2, 0.68%, 0, 0, 2, 98.91, 45145, 445
453, 0, 0, 86, 86, 2, 0.68%, 0, 0, 2, 99.25, 45650, 445
458, 0, 0, 86, 86, 2, 0.68%, 0, 0, 2, 98.92, 46150, 445
463, 0, 0, 86, 86, 2, 0.68%, 0, 0, 2, 97.87, 46649, 445
468, 0, 0, 86, 86, 2, 0.68%, 0, 0, 2, 99.59, 47158, 445
473, 0, 0, 86, 86, 2, 0.68%, 0, 0, 2, 99.99, 47669, 445
478, 0, 0, 86, 86, 2, 0.68%, 0, 0, 2, 100.01, 48178, 445
484, 0, 0, 86, 86, 2, 0.68%, 0, 0, 2, 99.91, 48691, 445
489, 0, 0, 86, 86, 2, 0.68%, 0, 0, 2, 100.00, 49200, 445
494, 0, 0, 86, 86, 2, 0.68%, 0, 0, 2, 98.69, 49704, 445
499, 0, 0, 86, 86, 2, 0.68%, 0, 0, 2, 92.76, 50172, 445
504, 0, 0, 87, 87, 2, 0.68%, 0, 0, 2, 92.08, 50629, 445
509, 0, 0, 88, 88, 2, 0.68%, 0, 0, 2, 96.00, 51129, 445
514, 0, 0, 88, 88, 2, 0.68%, 0, 0, 2, 95.55, 51622, 445
519, 0, 0, 88, 88, 2, 0.68%, 0, 0, 2, 93.80, 52099, 445
524, 0, 32, 89, 88, 27, 0.68%, 0, 0, 3, 563.75, 53114, 445
530, 0, 32, 91, 90, 27, 0.68%, 0, 0, 3, 625.88, 56473, 445
535, 0, 32, 91, 90, 27, 0.68%, 0, 0, 3, 608.76, 59569, 445
540, 0, 31, 92, 90, 26, 0.68%, 0, 0, 3, 597.15, 62618, 445
545, 0, 75, 92, 89, 25, 0.68%, 0, 0, 3, 610.40, 65774, 445
550, 0, 75, 92, 89, 25, 0.68%, 0, 0, 3, 620.71, 69014, 445
555, 0, 75, 96, 93, 25, 0.68%, 0, 0, 3, 618.70, 72154, 445
560, 0, 81, 96, 92, 24, 0.68%, 0, 0, 3, 97.42, 75014, 445
566, 0, 81, 96, 92, 24, 0.68%, 0, 0, 3, 112.78, 75567, 445
571, 0, 81, 96, 92, 24, 0.68%, 0, 0, 3, 101.62, 76073, 445
576, 0, 81, 100, 96, 24, 0.68%, 0, 0, 3, 96.93, 76574, 445
581, 0, 81, 101, 97, 24, 0.68%, 0, 0, 3, 97.47, 77075, 445
586, 0, 81, 101, 97, 24, 0.68%, 0, 0, 3, 98.93, 77576, 445
591, 0, 81, 101, 97, 24, 0.68%, 0, 0, 3, 99.23, 78080, 445
596, 0, 81, 101, 97, 24, 0.68%, 0, 0, 3, 97.79, 78578, 445
601, 0, 81, 101, 97, 24, 0.68%, 0, 0, 3, 96.52, 79072, 445
607, 0, 81, 101, 97, 24, 0.68%, 0, 0, 3, 96.29, 79569, 445
612, 0, 81, 101, 97, 24, 0.68%, 0, 0, 3, 95.19, 80056, 445
617, 0, 81, 102, 98, 24, 0.68%, 0, 0, 3, 95.64, 80546, 445
622, 0, 81, 102, 98, 24, 0.68%, 0, 0, 3, 94.45, 81026, 445
627, 0, 81, 103, 99, 24, 0.68%, 0, 0, 3, 94.83, 81510, 445
632, 0, 81, 103, 99, 24, 0.68%, 0, 0, 3, 95.47, 82002, 445
637, 0, 81, 103, 99, 24, 0.68%, 0, 0, 3, 95.21, 82487, 445
642, 0, 81, 104, 100, 24, 0.68%, 0, 0, 3, 96.09, 82982, 445
647, 0, 81, 104, 100, 24, 0.68%, 0, 0, 3, 95.70, 83474, 445
653, 0, 81, 104, 100, 24, 0.68%, 0, 0, 3, 94.70, 83955, 445
658, 0, 81, 104, 100, 24, 0.68%, 0, 0, 3, 94.38, 84431, 445
663, 0, 81, 105, 101, 24, 0.68%, 0, 0, 3, 95.25, 84923, 445
668, 0, 81, 105, 101, 24, 0.68%, 0, 0, 3, 94.68, 85405, 445
673, 0, 81, 105, 101, 24, 0.68%, 0, 0, 3, 95.99, 85898, 445
678, 0, 81, 105, 101, 24, 0.68%, 0, 0, 3, 94.43, 86382, 445
683, 0, 81, 105, 101, 24, 0.68%, 0, 0, 3, 96.33, 86875, 445
688, 0, 81, 105, 101, 24, 0.68%, 0, 0, 3, 95.91, 87368, 445
693, 0, 81, 105, 101, 24, 0.68%, 0, 0, 3, 97.38, 87868, 445
699, 0, 81, 105, 101, 24, 0.68%, 0, 0, 3, 97.45, 88366, 445
704, 0, 81, 105, 101, 24, 0.68%, 0, 0, 3, 97.68, 88866, 445
709, 0, 81, 105, 101, 24, 0.68%, 0, 0, 3, 97.91, 89367, 445
714, 0, 81, 105, 101, 24, 0.68%, 0, 0, 3, 97.40, 89863, 445
719, 0, 81, 105, 101, 24, 0.68%, 0, 0, 3, 99.12, 90367, 445
724, 0, 81, 105, 101, 24, 0.68%, 0, 0, 3, 99.08, 90869, 445
729, 0, 81, 106, 102, 24, 0.68%, 0, 0, 3, 97.76, 91367, 445
734, 0, 81, 106, 102, 24, 0.68%, 0, 0, 3, 98.25, 91866, 445
739, 0, 81, 106, 102, 24, 0.68%, 0, 0, 3, 97.57, 92363, 445
744, 0, 81, 106, 102, 24, 0.68%, 0, 0, 3, 98.67, 92864, 445
750, 0, 81, 106, 102, 24, 0.68%, 0, 0, 3, 97.49, 93363, 445
755, 0, 81, 106, 102, 24, 0.68%, 0, 0, 3, 96.75, 93973, 445
760, 0, 79, 106, 101, 23, 0.68%, 0, 0, 3, 98.03, 94476, 445
765, 0, 79, 106, 101, 23, 0.68%, 0, 0, 3, 154.39, 95277, 445
770, 0, 79, 106, 101, 23, 0.68%, 0, 0, 3, 109.96, 95775, 445
775, 0, 79, 106, 101, 23, 0.68%, 0, 0, 3, 99.12, 96276, 445
780, 0, 79, 107, 102, 23, 0.68%, 0, 0, 3, 99.89, 96901, 445
785, 0, 88, 107, 101, 22, 0.68%, 0, 0, 3, 615.16, 97860, 445
790, 0, 88, 111, 105, 22, 0.68%, 0, 0, 4, 84.51, 100873, 445
795, 0, 88, 112, 106, 22, 0.68%, 0, 0, 4, 96.71, 101385, 445
800, 0, 88, 112, 106, 22, 0.68%, 0, 0, 4, 99.36, 101895, 445
806, 0, 88, 112, 106, 22, 0.68%, 0, 0, 4, 118.30, 102466, 445
811, 0, 88, 113, 107, 22, 0.68%, 0, 0, 4, 696.41, 104711, 445
816, 0, 34, 113, 106, 21, 0.68%, 0, 0, 4, 102.05, 106295, 445
821, 0, 34, 113, 106, 21, 0.68%, 0, 0, 4, 136.42, 107005, 445
826, 0, 34, 114, 107, 21, 0.68%, 0, 0, 4, 108.73, 107525, 445
831, 0, 34, 114, 107, 21, 0.68%, 0, 0, 4, 605.71, 108575, 445
836, 0, 34, 114, 107, 21, 0.68%, 0, 0, 4, 102.05, 109103, 445
841, 0, 34, 114, 107, 21, 0.68%, 0, 0, 4, 101.64, 109625, 445
846, 0, 67, 114, 106, 20, 0.68%, 0, 0, 4, 133.62, 110294, 445
851, 0, 67, 114, 106, 20, 0.68%, 0, 0, 4, 107.65, 110798, 445
857, 0, 67, 115, 107, 20, 0.68%, 0, 0, 4, 101.87, 111318, 445
862, 0, 67, 115, 107, 20, 0.68%, 0, 0, 4, 100.73, 111840, 445
867, 0, 73, 115, 106, 18, 0.68%, 0, 0, 4, 138.05, 112482, 445
872, 0, 73, 115, 106, 18, 0.68%, 0, 0, 4, 118.68, 113034, 445
877, 0, 73, 116, 107, 18, 0.68%, 0, 0, 4, 113.76, 113638, 445
882, 0, 73, 116, 107, 18, 0.68%, 0, 0, 4, 102.91, 114144, 445
887, 0, 73, 116, 107, 18, 0.68%, 0, 0, 4, 96.72, 114643, 445
892, 0, 73, 116, 107, 18, 0.68%, 0, 0, 4, 99.88, 115152, 445
897, 0, 73, 116, 107, 18, 0.68%, 0, 0, 4, 100.37, 115664, 445
903, 0, 112, 116, 106, 17, 0.68%, 0, 0, 4, 670.48, 117537, 445
908, 0, 112, 121, 111, 17, 0.68%, 0, 0, 5, 675.64, 120959, 445
913, 0, 112, 122, 112, 17, 0.68%, 0, 0, 5, 677.74, 124386, 445
918, 0, 112, 122, 112, 17, 0.68%, 0, 0, 5, 699.81, 127904, 445
923, 0, 112, 122, 112, 17, 0.68%, 0, 0, 5, 718.49, 131568, 445
928, 0, 112, 122, 112, 17, 0.68%, 0, 0, 5, 699.73, 135062, 445
933, 0, 112, 122, 112, 17, 0.68%, 0, 0, 5, 723.06, 138750, 445
938, 0, 112, 122, 112, 17, 0.68%, 0, 0, 5, 728.94, 142442, 445
943, 0, 112, 124, 114, 17, 0.68%, 0, 0, 5, 727.90, 146110, 445
948, 0, 112, 124, 114, 17, 0.68%, 0, 0, 5, 728.07, 149790, 445
953, 0, 112, 125, 115, 17, 0.68%, 0, 0, 5, 725.33, 153462, 445
958, 0, 112, 126, 116, 17, 0.68%, 0, 0, 5, 723.05, 157138, 445
963, 0, 116, 126, 115, 16, 0.68%, 0, 0, 5, 726.66, 160813, 445
968, 0, 116, 126, 115, 16, 0.68%, 0, 0, 5, 728.97, 164495, 445
973, 0, 116, 127, 116, 16, 0.68%, 0, 0, 6, 727.51, 168169, 445
978, 0, 116, 128, 117, 16, 0.68%, 0, 0, 6, 97.21, 169923, 445
984, 0, 116, 128, 117, 16, 0.68%, 0, 0, 6, 96.56, 170417, 445
989, 0, 116, 128, 117, 16, 0.68%, 0, 0, 6, 96.44, 170912, 445
994, 0, 116, 128, 117, 16, 0.68%, 0, 0, 6, 734.27, 172483, 445
999, 0, 116, 128, 117, 16, 0.68%, 0, 0, 6, 732.02, 176163, 445
1004, 0, 91, 128, 116, 15, 0.68%, 0, 0, 6, 737.91, 179999, 445
1009, 0, 91, 128, 116, 15, 0.68%, 0, 0, 6, 114.00, 181431, 445
1014, 0, 91, 128, 116, 15, 0.68%, 0, 0, 6, 109.64, 182363, 445
1019, 0, 91, 129, 117, 15, 0.68%, 0, 0, 6, 728.84, 186013, 445
1024, 0, 122, 129, 116, 14, 0.68%, 0, 0, 6, 725.87, 189667, 445
1029, 0, 122, 129, 116, 14, 0.68%, 0, 0, 6, 714.70, 193293, 445
1035, 0, 122, 129, 116, 14, 0.68%, 0, 0, 6, 721.41, 196973, 445
1040, 0, 122, 129, 116, 14, 0.68%, 0, 0, 6, 721.76, 200593, 445
1045, 0, 125, 130, 116, 13, 0.68%, 0, 0, 6, 718.63, 204269, 445
1050, 0, 125, 132, 118, 13, 0.68%, 0, 0, 6, 719.78, 207953, 446
1055, 0, 125, 132, 118, 13, 0.68%, 0, 0, 6, 718.91, 211649, 446
1060, 0, 125, 132, 118, 13, 0.68%, 0, 0, 6, 716.20, 215303, 446
1065, 0, 125, 134, 120, 13, 0.69%, 0, 0, 6, 733.98, 219011, 450
1070, 0, 125, 134, 120, 13, 0.69%, 0, 0, 6, 739.37, 222861, 450
1075, 0, 125, 134, 120, 13, 0.69%, 0, 0, 6, 740.64, 226711, 450
1081, 0, 125, 134, 120, 13, 0.69%, 0, 0, 6, 726.99, 230389, 450
1086, 0, 125, 134, 120, 13, 0.69%, 0, 0, 6, 720.59, 234085, 450
1091, 0, 125, 134, 120, 13, 0.69%, 0, 0, 6, 720.50, 237781, 450
1096, 0, 125, 134, 120, 13, 0.69%, 0, 0, 6, 717.46, 241453, 450
1101, 0, 125, 134, 120, 13, 0.69%, 0, 0, 6, 716.46, 245119, 450
1106, 0, 125, 134, 120, 13, 0.69%, 0, 0, 6, 718.05, 248785, 450
1111, 0, 132, 134, 119, 14, 0.69%, 0, 0, 6, 716.01, 252447, 450
1116, 0, 132, 134, 119, 14, 0.69%, 0, 0, 6, 725.63, 256146, 450
1121, 0, 132, 134, 119, 14, 0.69%, 0, 0, 6, 718.84, 259820, 450
1127, 0, 132, 134, 119, 14, 0.69%, 0, 0, 6, 96.90, 263173, 450
1132, 0, 132, 134, 119, 14, 0.69%, 0, 0, 6, 95.64, 263662, 450
1137, 0, 133, 134, 118, 13, 0.69%, 0, 0, 6, 716.71, 266578, 450
1142, 0, 133, 134, 118, 13, 0.69%, 0, 0, 6, 720.30, 270260, 450
1147, 0, 133, 134, 118, 13, 0.69%, 0, 0, 6, 716.68, 273898, 450
1152, 0, 133, 134, 118, 13, 0.69%, 0, 0, 6, 709.80, 277494, 450
1157, 0, 133, 135, 119, 13, 0.69%, 0, 0, 7, 712.07, 281138, 450
1162, 0, 121, 137, 120, 12, 0.69%, 0, 0, 7, 722.50, 284791, 450
1167, 0, 121, 137, 120, 12, 0.69%, 0, 0, 7, 673.91, 288060, 450
1172, 0, 121, 137, 120, 12, 0.69%, 0, 0, 7, 644.01, 291279, 450
1177, 0, 121, 137, 120, 12, 0.69%, 0, 0, 7, 666.40, 294724, 450
1183, 0, 121, 138, 121, 12, 0.69%, 0, 0, 7, 658.53, 298052, 450
1188, 0, 121, 138, 121, 12, 0.69%, 0, 0, 7, 651.23, 301319, 450
1193, 0, 121, 138, 121, 12, 0.69%, 0, 0, 7, 676.54, 304770, 450
1198, 0, 121, 138, 121, 12, 0.69%, 0, 0, 7, 701.80, 308331, 450
1203, 0, 76, 138, 120, 11, 0.69%, 0, 0, 7, 683.58, 311864, 450
1208, 0, 76, 138, 120, 11, 0.69%, 0, 0, 7, 714.69, 315504, 450
1213, 0, 136, 139, 120, 11, 0.69%, 0, 0, 7, 716.08, 319126, 450
1218, 0, 136, 139, 120, 11, 0.69%, 0, 0, 7, 715.76, 322772, 450
1223, 0, 136, 139, 120, 11, 0.69%, 0, 0, 7, 718.39, 326450, 450
1228, 0, 136, 139, 120, 11, 0.69%, 0, 0, 7, 719.42, 330130, 450
1233, 0, 136, 139, 120, 11, 0.69%, 0, 0, 7, 720.56, 333810, 450
1239, 0, 56, 139, 119, 10, 0.69%, 0, 0, 7, 99.29, 336033, 450
1244, 0, 56, 139, 119, 10, 0.69%, 0, 0, 7, 108.56, 336612, 450
1249, 0, 56, 139, 119, 10, 0.69%, 0, 0, 7, 99.77, 337100, 450
1254, 0, 56, 139, 119, 10, 0.69%, 0, 0, 7, 98.42, 337604, 450
1259, 0, 56, 139, 119, 10, 0.69%, 0, 0, 7, 97.62, 338103, 450
1264, 0, 56, 141, 121, 10, 0.69%, 0, 0, 7, 95.25, 338579, 450
1269, 0, 132, 141, 120, 9, 0.69%, 0, 0, 7, 641.79, 339301, 450
1274, 0, 132, 141, 120, 9, 0.69%, 0, 0, 7, 668.04, 342762, 450
1279, 0, 132, 141, 120, 9, 0.69%, 0, 0, 7, 687.41, 346253, 450
1284, 0, 132, 141, 120, 9, 0.69%, 0, 0, 7, 669.72, 349589, 450
1289, 0, 132, 141, 120, 9, 0.69%, 0, 0, 7, 591.12, 352458, 450
1294, 0, 132, 141, 120, 9, 0.69%, 0, 0, 7, 681.85, 355938, 450
1300, 0, 132, 141, 120, 9, 0.69%, 0, 0, 7, 696.06, 359576, 450
1305, 0, 132, 141, 120, 9, 0.69%, 0, 0, 7, 704.42, 363198, 450
1310, 0, 132, 142, 121, 9, 0.69%, 0, 0, 7, 96.48, 365000, 450
1315, 0, 132, 142, 121, 9, 0.69%, 0, 0, 7, 96.05, 365494, 450
1320, 0, 132, 142, 121, 9, 0.69%, 0, 0, 7, 96.64, 365988, 450
1325, 0, 132, 142, 121, 9, 0.69%, 0, 0, 7, 96.30, 366483, 450
1330, 0, 132, 142, 121, 9, 0.69%, 0, 0, 7, 96.07, 366978, 450
1335, 0, 132, 142, 121, 9, 0.69%, 0, 0, 7, 96.22, 367473, 450
1341, 0, 132, 142, 121, 9, 0.69%, 0, 0, 7, 95.69, 367965, 450
1346, 0, 132, 142, 121, 9, 0.69%, 0, 0, 7, 95.40, 368455, 450
1351, 0, 132, 142, 121, 9, 0.69%, 0, 0, 7, 555.95, 369186, 450
1356, 0, 132, 142, 121, 9, 0.69%, 0, 0, 7, 675.21, 372805, 450
1361, 0, 132, 142, 121, 9, 0.69%, 0, 0, 7, 708.53, 376390, 450
1366, 0, 132, 142, 121, 9, 0.69%, 0, 0, 7, 710.92, 380036, 450
1371, 0, 132, 142, 121, 9, 0.69%, 0, 0, 7, 721.56, 383722, 450
1376, 0, 37, 142, 121, 9, 0.69%, 0, 0, 7, 98.88, 385666, 450
1382, 0, 37, 142, 121, 9, 0.69%, 0, 0, 7, 102.77, 386222, 450
1387, 0, 37, 142, 121, 9, 0.69%, 0, 0, 7, 98.27, 386725, 450
1392, 0, 37, 142, 121, 9, 0.69%, 0, 0, 7, 96.89, 387218, 450
1397, 0, 132, 142, 120, 8, 0.69%, 0, 0, 7, 552.34, 388310, 450
1402, 0, 132, 142, 120, 8, 0.69%, 0, 0, 7, 695.13, 392010, 450
1407, 0, 132, 142, 120, 8, 0.69%, 0, 0, 7, 717.93, 395720, 450
1412, 0, 132, 142, 120, 8, 0.69%, 0, 0, 7, 715.59, 399367, 450
1417, 0, 132, 142, 120, 8, 0.69%, 0, 0, 7, 714.48, 403010, 450
1422, 0, 132, 142, 120, 8, 0.69%, 0, 0, 7, 718.32, 406686, 450
1427, 0, 132, 142, 120, 8, 0.69%, 0, 0, 7, 718.13, 410350, 450
1432, 0, 132, 142, 120, 8, 0.69%, 0, 0, 7, 723.60, 414019, 450
1438, 0, 115, 142, 120, 8, 0.69%, 0, 0, 7, 102.93, 416738, 450
1443, 0, 115, 142, 120, 8, 0.69%, 0, 0, 7, 107.41, 417300, 450
1448, 0, 115, 142, 120, 8, 0.69%, 0, 0, 7, 99.99, 417806, 450
1453, 0, 115, 142, 120, 8, 0.69%, 0, 0, 7, 99.66, 418317, 450
1458, 0, 115, 142, 120, 8, 0.69%, 0, 0, 7, 97.59, 418814, 450
1463, 0, 115, 142, 120, 8, 0.69%, 0, 0, 7, 98.12, 419317, 450
1469, 0, 75, 142, 119, 7, 0.69%, 0, 0, 7, 662.43, 422008, 450
1474, 0, 75, 142, 119, 7, 0.69%, 0, 0, 7, 685.62, 425468, 450
1479, 0, 75, 142, 119, 7, 0.69%, 0, 0, 7, 697.05, 429089, 450
1484, 0, 75, 142, 119, 7, 0.69%, 0, 0, 7, 694.89, 432692, 450
1489, 0, 75, 142, 119, 7, 0.69%, 0, 0, 7, 688.42, 436287, 450
1494, 0, 132, 142, 119, 7, 0.69%, 0, 0, 7, 657.11, 439578, 450
1499, 0, 132, 142, 119, 7, 0.69%, 0, 0, 7, 635.07, 442737, 450
1504, 0, 132, 142, 119, 7, 0.69%, 0, 0, 7, 648.73, 446022, 450
1509, 0, 132, 142, 119, 7, 0.69%, 0, 0, 7, 674.85, 449416, 450
1514, 0, 132, 142, 119, 7, 0.69%, 0, 0, 7, 104.87, 451277, 450
1519, 0, 132, 142, 119, 7, 0.69%, 0, 0, 7, 678.54, 452076, 450
1524, 0, 28, 142, 119, 7, 0.69%, 0, 0, 7, 104.10, 453571, 450
1530, 0, 28, 142, 119, 7, 0.69%, 0, 0, 7, 105.75, 454125, 450
1535, 0, 28, 142, 119, 7, 0.69%, 0, 0, 7, 102.62, 454639, 450
1540, 0, 28, 142, 119, 7, 0.69%, 0, 0, 7, 111.76, 455247, 450
1545, 0, 45, 142, 118, 6, 0.69%, 0, 0, 7, 106.38, 455771, 450
1550, 0, 45, 142, 118, 6, 0.69%, 0, 0, 7, 110.39, 456351, 450
1555, 0, 45, 142, 118, 6, 0.69%, 0, 0, 7, 106.71, 456887, 450
1560, 0, 45, 142, 118, 6, 0.69%, 0, 0, 7, 105.91, 457421, 450
1565, 0, 122, 142, 117, 5, 0.69%, 0, 0, 7, 657.73, 458919, 450
1570, 0, 122, 142, 117, 5, 0.69%, 0, 0, 7, 680.38, 462490, 450
1575, 0, 122, 142, 117, 5, 0.69%, 0, 0, 7, 681.44, 465936, 450
1580, 0, 122, 142, 117, 5, 0.69%, 0, 0, 7, 674.85, 469362, 450
1585, 0, 122, 142, 117, 5, 0.69%, 0, 0, 7, 668.61, 472705, 450
1590, 0, 122, 142, 117, 5, 0.69%, 0, 0, 7, 675.02, 476118, 450
1595, 0, 32, 142, 117, 5, 0.69%, 0, 0, 7, 674.78, 479511, 450
1601, 0, 32, 142, 117, 5, 0.69%, 0, 0, 7, 693.50, 483108, 450
1606, 0, 32, 142, 117, 5, 0.69%, 0, 0, 7, 693.81, 486681, 450
1611, 0, 74, 142, 117, 5, 0.69%, 0, 0, 7, 122.93, 487301, 450
1616, 0, 74, 142, 117, 5, 0.69%, 0, 0, 7, 108.58, 487839, 450
1621, 0, 74, 142, 117, 5, 0.69%, 0, 0, 7, 120.02, 488489, 450
1626, 0, 74, 142, 117, 5, 0.69%, 0, 0, 7, 105.62, 489147, 450
1631, 0, 32, 142, 116, 5, 0.69%, 0, 0, 7, 700.64, 491512, 450
1636, 0, 31, 142, 116, 5, 0.69%, 0, 0, 7, 691.78, 495082, 450
1642, 0, 123, 142, 116, 5, 0.69%, 0, 0, 7, 691.62, 498662, 450
1647, 0, 123, 142, 116, 5, 0.69%, 0, 0, 7, 686.09, 502113, 450
1652, 0, 123, 142, 116, 5, 0.69%, 0, 0, 7, 681.27, 505543, 450
1657, 0, 123, 142, 116, 5, 0.69%, 0, 0, 7, 677.50, 508934, 450
1662, 0, 31, 142, 115, 4, 0.69%, 0, 0, 7, 667.07, 512336, 450
1667, 0, 132, 142, 115, 4, 0.69%, 0, 0, 7, 695.95, 515953, 450
1672, 0, 132, 142, 115, 4, 0.69%, 0, 0, 7, 694.29, 519544, 450
1677, 0, 132, 142, 115, 4, 0.69%, 0, 0, 7, 674.82, 522975, 450
1682, 0, 132, 142, 115, 4, 0.69%, 0, 0, 7, 673.71, 526365, 450
1687, 0, 132, 142, 115, 4, 0.69%, 0, 0, 7, 693.59, 529966, 450
1692, 0, 132, 142, 115, 4, 0.69%, 0, 0, 7, 689.49, 533426, 450
1697, 0, 132, 142, 115, 4, 0.69%, 0, 0, 7, 679.18, 536853, 450
1703, 0, 132, 142, 115, 4, 0.69%, 0, 0, 7, 677.86, 540269, 450
1708, 0, 132, 142, 115, 4, 0.69%, 0, 0, 7, 679.77, 543690, 450
1713, 0, 132, 142, 115, 4, 0.69%, 0, 0, 7, 658.27, 547109, 450
1718, 0, 132, 142, 115, 4, 0.69%, 0, 0, 7, 97.72, 548138, 450
1723, 0, 132, 142, 115, 4, 0.69%, 0, 0, 7, 671.41, 549806, 450
1728, 0, 132, 142, 115, 4, 0.69%, 0, 0, 7, 681.51, 553235, 450
1733, 0, 132, 142, 115, 4, 0.69%, 0, 0, 7, 665.54, 556582, 450
1738, 0, 88, 142, 115, 4, 0.69%, 0, 0, 7, 683.92, 560175, 450
1743, 0, 88, 142, 115, 4, 0.69%, 0, 0, 7, 108.35, 560843, 450
1749, 0, 88, 142, 115, 4, 0.69%, 0, 0, 7, 690.69, 564431, 450
1754, 0, 32, 142, 115, 4, 0.69%, 0, 0, 7, 693.41, 568035, 450
1759, 0, 63, 142, 115, 4, 0.69%, 0, 0, 7, 104.88, 571152, 450
1764, 0, 63, 142, 115, 4, 0.69%, 0, 0, 7, 122.75, 571781, 450
1769, 0, 63, 143, 116, 4, 0.69%, 0, 0, 7, 122.69, 572433, 450
1774, 0, 63, 143, 116, 4, 0.69%, 0, 0, 7, 104.41, 572947, 450
1779, 0, 63, 143, 116, 4, 0.69%, 0, 0, 7, 102.17, 573467, 450
1785, 0, 63, 143, 116, 4, 0.69%, 0, 0, 7, 100.91, 573983, 450
1790, 0, 32, 143, 115, 3, 0.69%, 0, 0, 7, 674.41, 576626, 450
1795, 0, 71, 143, 115, 3, 0.69%, 0, 0, 7, 103.33, 579135, 450
1800, 0, 71, 143, 115, 3, 0.69%, 0, 0, 7, 116.89, 579749, 450
1805, 0, 71, 143, 115, 3, 0.69%, 0, 0, 7, 104.37, 580271, 450
1810, 0, 71, 143, 115, 3, 0.69%, 0, 0, 7, 102.58, 580799, 450
1815, 0, 71, 143, 115, 3, 0.69%, 0, 0, 7, 101.27, 581307, 450
1821, 0, 71, 143, 115, 3, 0.69%, 0, 0, 7, 101.68, 581839, 450
1826, 0, 133, 143, 114, 2, 0.69%, 0, 0, 7, 679.67, 584931, 450
1831, 0, 133, 143, 114, 2, 0.69%, 0, 0, 7, 682.10, 588363, 450
1836, 0, 133, 143, 114, 2, 0.69%, 0, 0, 7, 692.02, 591943, 450
1841, 0, 133, 143, 114, 2, 0.69%, 0, 0, 7, 696.73, 595518, 450
1846, 0, 133, 143, 114, 2, 0.69%, 0, 0, 7, 681.67, 598956, 450
1851, 0, 133, 143, 114, 2, 0.69%, 0, 0, 7, 677.59, 602375, 450
1856, 0, 133, 143, 114, 2, 0.69%, 0, 0, 7, 674.54, 605812, 450
1861, 0, 133, 143, 114, 2, 0.69%, 0, 0, 7, 666.74, 609226, 450
1867, 0, 133, 143, 114, 2, 0.69%, 0, 0, 7, 668.04, 612653, 450
1872, 0, 133, 143, 114, 2, 0.69%, 0, 0, 7, 666.68, 616054, 450
1877, 0, 133, 143, 114, 2, 0.69%, 0, 0, 7, 656.65, 619404, 450
1882, 0, 133, 143, 114, 2, 0.69%, 0, 0, 7, 659.13, 622809, 450
1887, 0, 133, 143, 114, 2, 0.69%, 0, 0, 7, 674.84, 626236, 450
1892, 0, 133, 143, 114, 2, 0.69%, 0, 0, 7, 672.60, 629663, 450
1897, 0, 133, 143, 114, 2, 0.69%, 0, 0, 7, 673.42, 633090, 450
1902, 0, 133, 143, 114, 2, 0.69%, 0, 0, 7, 684.72, 636517, 450
1907, 0, 133, 143, 114, 2, 0.69%, 0, 0, 7, 685.29, 640087, 450
1912, 0, 133, 143, 114, 2, 0.69%, 0, 0, 7, 668.39, 643462, 450
1918, 0, 133, 143, 114, 2, 0.69%, 0, 0, 7, 652.15, 646838, 450
1923, 0, 133, 143, 114, 2, 0.69%, 0, 0, 7, 685.51, 650412, 450
1928, 0, 133, 143, 114, 2, 0.69%, 0, 0, 7, 675.67, 653839, 450
1933, 0, 133, 143, 114, 2, 0.69%, 0, 0, 7, 688.71, 657409, 450
1938, 0, 32, 143, 114, 2, 0.69%, 0, 0, 7, 695.69, 661026, 450
1943, 0, 31, 143, 114, 2, 0.69%, 0, 0, 7, 696.34, 664612, 450
1949, 0, 32, 143, 114, 2, 0.69%, 0, 0, 7, 695.53, 668227, 450
1954, 0, 80, 143, 114, 2, 0.69%, 0, 0, 7, 102.37, 670994, 450
1959, 0, 80, 143, 114, 2, 0.69%, 0, 0, 7, 116.47, 671588, 450
1964, 0, 80, 143, 114, 2, 0.69%, 0, 0, 7, 105.44, 672116, 450
1969, 0, 80, 143, 114, 2, 0.69%, 0, 0, 7, 103.44, 672638, 450
1974, 0, 80, 143, 114, 2, 0.69%, 0, 0, 7, 102.80, 673166, 450
1979, 0, 32, 143, 113, 1, 0.69%, 0, 0, 7, 691.50, 674795, 450
1984, 0, 32, 143, 113, 1, 0.69%, 0, 0, 7, 687.97, 678226, 450
1989, 0, 32, 143, 113, 1, 0.69%, 0, 0, 7, 691.49, 681835, 450
1995, 0, 132, 143, 113, 1, 0.69%, 0, 0, 7, 689.91, 685409, 450
2000, 0, 132, 143, 113, 1, 0.69%, 0, 0, 7, 687.20, 688867, 450
2005, 0, 132, 143, 113, 1, 0.69%, 0, 0, 7, 673.48, 692281, 450
2010, 0, 132, 143, 113, 1, 0.69%, 0, 0, 7, 675.05, 695710, 450
2015, 0, 31, 143, 113, 1, 0.69%, 0, 0, 7, 685.32, 699159, 450
2020, 0, 67, 143, 113, 1, 0.69%, 0, 0, 7, 122.35, 699975, 450
2025, 0, 67, 143, 113, 1, 0.69%, 0, 0, 7, 118.84, 700679, 450
2030, 0, 67, 143, 113, 1, 0.69%, 0, 0, 7, 104.21, 701201, 450
2036, 0, 67, 143, 113, 1, 0.69%, 0, 0, 7, 100.73, 701942, 450
2041, 0, 67, 143, 113, 1, 0.69%, 0, 0, 7, 99.75, 702453, 450
2046, 0, 67, 143, 113, 1, 0.69%, 0, 0, 7, 101.36, 702968, 450
2051, 0, 67, 143, 113, 1, 0.69%, 0, 0, 7, 103.42, 703491, 450
2056, 0, 67, 143, 113, 1, 0.69%, 0, 0, 7, 102.72, 704013, 450
2061, 0, 32, 143, 113, 1, 0.69%, 0, 0, 7, 667.10, 706247, 450
2066, 0, 31, 143, 113, 1, 0.69%, 0, 0, 7, 684.41, 709824, 450
2071, 0, 79, 143, 113, 1, 0.69%, 0, 0, 7, 100.23, 710434, 450
2076, 0, 79, 143, 113, 1, 0.69%, 0, 0, 7, 136.00, 711142, 450
2082, 0, 79, 143, 113, 1, 0.69%, 0, 0, 7, 111.73, 711702, 450
2087, 0, 79, 143, 113, 1, 0.69%, 0, 0, 7, 103.10, 712221, 450
2092, 0, 79, 143, 113, 1, 0.69%, 0, 0, 7, 102.27, 712747, 450
2097, 0, 79, 143, 113, 1, 0.69%, 0, 0, 7, 103.21, 713274, 450
2102, 0, 79, 143, 113, 1, 0.69%, 0, 0, 7, 102.31, 713795, 450
2107, 0, 79, 143, 113, 1, 0.69%, 0, 0, 7, 102.55, 714325, 450
2112, 0, 79, 143, 113, 1, 0.69%, 0, 0, 7, 101.27, 714840, 450
2117, 0, 79, 143, 113, 1, 0.69%, 0, 0, 7, 690.62, 715620, 450
2122, 0, 79, 144, 114, 1, 0.69%, 0, 0, 7, 102.87, 716804, 450
2128, 0, 79, 144, 114, 1, 0.69%, 0, 0, 7, 102.78, 717335, 450
2133, 0, 141, 145, 115, 2, 0.69%, 0, 0, 8, 101.17, 717853, 450
2138, 0, 141, 145, 115, 2, 0.69%, 0, 0, 8, 99.78, 718363, 450
2143, 0, 141, 145, 115, 2, 0.69%, 0, 0, 8, 126.80, 719045, 450
2148, 0, 141, 145, 115, 2, 0.69%, 0, 0, 8, 190.50, 720285, 450
2153, 0, 141, 145, 115, 2, 0.69%, 0, 0, 8, 121.43, 720803, 450
2158, 0, 141, 145, 115, 2, 0.69%, 0, 0, 8, 105.30, 721319, 450
2163, 0, 141, 145, 115, 2, 0.69%, 0, 0, 8, 101.29, 721829, 450
2169, 0, 141, 145, 115, 2, 0.69%, 0, 0, 8, 100.25, 722341, 450
2174, 0, 141, 145, 115, 2, 0.69%, 0, 0, 8, 100.75, 722859, 450
2179, 0, 32, 145, 114, 1, 0.69%, 0, 0, 8, 676.34, 725183, 450
2184, 0, 73, 145, 114, 1, 0.69%, 0, 0, 8, 98.12, 727994, 450
2189, 0, 73, 145, 114, 1, 0.69%, 0, 0, 8, 99.24, 728499, 450
2194, 0, 73, 145, 114, 1, 0.69%, 0, 0, 8, 116.99, 729092, 450
2199, 0, 73, 145, 114, 1, 0.69%, 0, 0, 8, 121.14, 729737, 450
2204, 0, 73, 145, 114, 1, 0.69%, 0, 0, 8, 103.39, 730243, 450
2209, 0, 73, 145, 114, 1, 0.69%, 0, 0, 8, 101.55, 730761, 450
2214, 0, 73, 145, 114, 1, 0.69%, 0, 0, 8, 101.08, 731265, 450
2220, 0, 73, 145, 114, 1, 0.69%, 0, 0, 8, 121.68, 732179, 450
2225, 0, 73, 145, 114, 1, 0.69%, 0, 0, 8, 104.78, 732691, 450
2230, 0, 73, 145, 114, 1, 0.69%, 0, 0, 8, 101.40, 733211, 450
2235, 0, 73, 145, 114, 1, 0.69%, 0, 0, 8, 103.05, 733749, 450
2240, 0, 73, 145, 114, 1, 0.69%, 0, 0, 8, 100.18, 734259, 450
2245, 0, 73, 145, 114, 1, 0.69%, 0, 0, 8, 100.78, 734779, 450
2250, 0, 73, 145, 114, 1, 0.69%, 0, 0, 8, 102.49, 735319, 450
2256, 0, 73, 145, 114, 1, 0.69%, 0, 0, 8, 100.22, 735833, 450
2261, 0, 73, 145, 114, 1, 0.69%, 0, 0, 8, 100.53, 736357, 450
2266, 0, 73, 145, 114, 1, 0.69%, 0, 0, 8, 99.85, 736871, 450
2271, 0, 73, 145, 114, 1, 0.69%, 0, 0, 8, 100.76, 737381, 450
2276, 0, 32, 145, 114, 1, 0.69%, 0, 0, 8, 690.73, 740155, 450
2281, 0, 133, 145, 114, 1, 0.69%, 0, 0, 8, 676.62, 743561, 450
2286, 0, 133, 145, 114, 1, 0.69%, 0, 0, 8, 673.99, 746993, 450
2291, 0, 133, 145, 114, 1, 0.69%, 0, 0, 8, 684.97, 750562, 450
2297, 0, 133, 145, 114, 1, 0.69%, 0, 0, 8, 685.83, 754132, 450
2302, 0, 133, 145, 114, 1, 0.69%, 0, 0, 8, 676.54, 757538, 450
2307, 0, 133, 145, 114, 1, 0.69%, 0, 0, 8, 669.53, 760958, 450
2312, 0, 133, 145, 114, 1, 0.69%, 0, 0, 8, 666.22, 764364, 450
2317, 0, 133, 145, 114, 1, 0.69%, 0, 0, 8, 676.59, 767792, 450
2322, 0, 133, 145, 114, 1, 0.69%, 0, 0, 8, 673.13, 771227, 450
2327, 0, 133, 145, 114, 1, 0.69%, 0, 0, 8, 670.58, 774649, 450
2332, 0, 133, 145, 114, 1, 0.69%, 0, 0, 8, 670.87, 778084, 450
2337, 0, 133, 145, 114, 1, 0.69%, 0, 0, 8, 668.51, 781506, 450
2342, 0, 133, 145, 114, 1, 0.69%, 0, 0, 8, 672.44, 784928, 450
2348, 0, 133, 145, 114, 1, 0.69%, 0, 0, 8, 686.74, 788483, 450
2353, 0, 133, 145, 114, 1, 0.69%, 0, 0, 8, 660.38, 791840, 450
2358, 0, 133, 145, 114, 1, 0.69%, 0, 0, 8, 672.14, 795262, 450
2363, 0, 133, 145, 114, 1, 0.69%, 0, 0, 8, 684.50, 798697, 450
2368, 0, 32, 145, 114, 1, 0.69%, 0, 0, 8, 687.92, 802283, 450
2373, 0, 132, 145, 114, 1, 0.69%, 0, 0, 8, 684.89, 805715, 450
2378, 0, 132, 145, 114, 1, 0.69%, 0, 0, 8, 677.23, 809232, 450
2383, 0, 132, 145, 114, 1, 0.69%, 0, 0, 8, 679.31, 812672, 450
2388, 0, 132, 145, 114, 1, 0.69%, 0, 0, 8, 677.83, 816114, 450
2393, 0, 32, 145, 114, 1, 0.69%, 0, 0, 8, 674.70, 819543, 450
2398, 0, 32, 145, 114, 1, 0.69%, 0, 0, 8, 688.00, 823009, 450
2403, 0, 122, 145, 114, 1, 0.69%, 0, 0, 8, 678.07, 826413, 450
2409, 0, 122, 145, 114, 1, 0.69%, 0, 0, 8, 676.12, 829834, 450
2414, 0, 122, 145, 114, 1, 0.69%, 0, 0, 8, 664.98, 833294, 450
2419, 0, 122, 145, 114, 1, 0.69%, 0, 0, 8, 668.92, 836707, 450
2424, 0, 122, 145, 114, 1, 0.69%, 0, 0, 8, 674.76, 840154, 450
2429, 0, 122, 145, 114, 1, 0.69%, 0, 0, 8, 678.45, 843600, 450
2434, 0, 32, 145, 114, 1, 0.69%, 0, 0, 8, 687.04, 847046, 450
2439, 0, 32, 145, 114, 1, 0.69%, 0, 0, 8, 690.51, 850499, 450
2444, 0, 31, 145, 114, 1, 0.69%, 0, 0, 8, 683.00, 853914, 450
2449, 0, 132, 145, 114, 1, 0.69%, 0, 0, 8, 680.86, 857326, 450
2454, 0, 132, 145, 114, 1, 0.69%, 0, 0, 8, 682.56, 860765, 450
2459, 0, 132, 145, 114, 1, 0.69%, 0, 0, 8, 678.09, 864207, 450
2464, 0, 132, 145, 114, 1, 0.69%, 0, 0, 8, 669.94, 867608, 450
2469, 0, 32, 145, 114, 1, 0.69%, 0, 0, 8, 686.25, 871065, 450
2474, 0, 132, 145, 114, 1, 0.69%, 0, 0, 8, 681.96, 874497, 450
2479, 0, 132, 145, 114, 1, 0.69%, 0, 0, 8, 677.27, 877923, 450
2484, 0, 132, 145, 114, 1, 0.69%, 0, 0, 8, 673.55, 881326, 450
2490, 0, 132, 145, 114, 1, 0.69%, 0, 0, 8, 674.24, 884766, 450
2495, 0, 130, 145, 114, 1, 0.69%, 0, 0, 8, 670.83, 888156, 450
2500, 0, 130, 145, 114, 1, 0.69%, 0, 0, 8, 680.84, 891592, 450
2505, 0, 130, 145, 114, 1, 0.69%, 0, 0, 8, 672.10, 895017, 450
2510, 0, 130, 145, 114, 1, 0.69%, 0, 0, 8, 671.14, 898395, 450
2515, 0, 130, 145, 114, 1, 0.69%, 0, 0, 8, 663.18, 901747, 450
2520, 0, 81, 145, 113, 1, 0.69%, 0, 0, 8, 98.20, 904833, 450
2525, 0, 81, 145, 113, 1, 0.69%, 0, 0, 8, 98.87, 905338, 450
2530, 0, 81, 145, 113, 1, 0.69%, 0, 0, 8, 125.28, 905958, 450
2535, 0, 81, 145, 113, 1, 0.69%, 0, 0, 8, 321.61, 907399, 450
2540, 0, 81, 145, 113, 1, 0.69%, 0, 0, 8, 152.23, 907969, 450
2545, 0, 81, 145, 113, 1, 0.69%, 0, 0, 8, 118.32, 908501, 450
2551, 0, 81, 145, 113, 1, 0.69%, 0, 0, 8, 103.59, 909015, 450
2556, 0, 81, 145, 113, 1, 0.69%, 0, 0, 8, 101.23, 909533, 450
2561, 0, 81, 145, 113, 1, 0.69%, 0, 0, 8, 103.02, 910057, 450
2566, 0, 81, 145, 113, 1, 0.69%, 0, 0, 8, 104.42, 910577, 450
2571, 0, 81, 145, 113, 1, 0.69%, 0, 0, 8, 102.44, 911099, 450
2576, 0, 81, 145, 113, 1, 0.69%, 0, 0, 8, 103.24, 911619, 450
2581, 0, 81, 145, 113, 1, 0.69%, 0, 0, 8, 102.53, 912137, 450
2586, 0, 81, 145, 113, 1, 0.69%, 0, 0, 8, 103.43, 912661, 450
2591, 0, 81, 145, 113, 1, 0.69%, 0, 0, 8, 101.01, 913175, 450
2596, 0, 81, 145, 113, 1, 0.69%, 0, 0, 8, 101.28, 913689, 450
2601, 0, 81, 145, 113, 1, 0.69%, 0, 0, 8, 100.55, 914213, 450
2607, 0, 132, 145, 113, 1, 0.69%, 0, 0, 8, 691.00, 916601, 450
2612, 0, 132, 145, 113, 1, 0.69%, 0, 0, 8, 683.11, 920035, 450
2617, 0, 132, 145, 113, 1, 0.69%, 0, 0, 8, 681.85, 923449, 450
2622, 0, 132, 145, 113, 1, 0.69%, 0, 0, 8, 677.12, 926878, 450
2627, 0, 79, 145, 113, 1, 0.69%, 0, 0, 8, 129.10, 929983, 450
2632, 0, 79, 145, 113, 1, 0.69%, 0, 0, 8, 125.47, 930573, 450
2637, 0, 79, 145, 113, 1, 0.69%, 0, 0, 8, 112.86, 931167, 450
2642, 0, 79, 145, 113, 1, 0.69%, 0, 0, 8, 104.91, 931683, 450
2647, 0, 79, 145, 113, 1, 0.69%, 0, 0, 8, 102.54, 932203, 450
2652, 0, 79, 145, 113, 1, 0.69%, 0, 0, 8, 101.52, 932717, 450
2657, 0, 79, 145, 113, 1, 0.69%, 0, 0, 8, 102.55, 933237, 450
2662, 0, 79, 145, 113, 1, 0.69%, 0, 0, 8, 685.00, 933868, 450
2668, 0, 79, 145, 113, 1, 0.69%, 0, 0, 8, 102.21, 934485, 450
2673, 0, 136, 145, 113, 1, 0.69%, 0, 0, 8, 692.21, 936618, 450
2678, 0, 136, 145, 113, 1, 0.69%, 0, 0, 8, 689.82, 940193, 450
2683, 0, 136, 145, 113, 1, 0.69%, 0, 0, 8, 677.09, 943591, 450
2688, 0, 136, 145, 113, 1, 0.69%, 0, 0, 8, 677.37, 947023, 450
2693, 0, 136, 146, 114, 1, 0.69%, 0, 0, 8, 677.69, 950450, 455
2698, 0, 136, 146, 114, 1, 0.69%, 0, 0, 8, 675.49, 953869, 455
2703, 0, 136, 147, 115, 1, 0.71%, 0, 0, 8, 678.57, 957295, 463
2708, 0, 136, 147, 115, 1, 0.71%, 0, 0, 8, 679.82, 960727, 463
2713, 0, 136, 147, 115, 1, 0.71%, 0, 0, 8, 685.30, 964302, 463
2718, 0, 136, 147, 115, 1, 0.71%, 0, 0, 8, 685.46, 967734, 463
2723, 0, 136, 147, 115, 1, 0.71%, 0, 0, 8, 686.36, 971308, 463
2729, 0, 136, 147, 115, 1, 0.71%, 0, 0, 8, 684.92, 974878, 463
2734, 0, 136, 147, 115, 1, 0.71%, 0, 0, 8, 683.96, 978447, 463
2739, 0, 136, 147, 115, 1, 0.71%, 0, 0, 8, 673.72, 981880, 463
2744, 0, 136, 147, 115, 1, 0.71%, 0, 0, 8, 687.40, 985450, 463
2749, 0, 136, 147, 115, 1, 0.71%, 0, 0, 8, 691.18, 989020, 463
2755, 0, 136, 149, 117, 1, 0.71%, 0, 0, 8, 689.30, 992577, 467
2760, 0, 136, 149, 117, 1, 0.71%, 0, 0, 8, 692.93, 996152, 467
2765, 0, 136, 149, 117, 1, 0.71%, 0, 0, 8, 694.19, 999727, 467
2770, 0, 136, 149, 117, 1, 0.71%, 0, 0, 8, 691.29, 1003302, 467
2775, 0, 136, 149, 117, 1, 0.71%, 0, 0, 8, 689.40, 1006876, 467
2780, 0, 136, 149, 117, 1, 0.71%, 0, 0, 8, 685.46, 1010446, 467
2785, 0, 136, 149, 117, 1, 0.71%, 0, 0, 8, 671.73, 1013809, 467
2791, 0, 136, 149, 117, 1, 0.71%, 0, 0, 8, 682.76, 1017370, 467
2796, 0, 136, 149, 117, 1, 0.71%, 0, 0, 8, 688.50, 1020940, 467
2801, 0, 136, 149, 117, 1, 0.71%, 0, 0, 8, 689.68, 1024510, 467
2806, 0, 136, 149, 117, 1, 0.71%, 0, 0, 8, 694.52, 1028080, 467
2811, 0, 136, 149, 117, 1, 0.71%, 0, 0, 8, 696.12, 1031689, 467
2816, 0, 136, 149, 117, 1, 0.71%, 0, 0, 8, 694.11, 1035259, 467
2822, 0, 31, 149, 117, 4, 0.71%, 0, 0, 8, 694.63, 1038839, 467
2827, 0, 146, 149, 117, 4, 0.71%, 0, 0, 8, 689.59, 1042286, 467
2832, 0, 146, 149, 117, 4, 0.71%, 0, 0, 8, 692.84, 1045876, 467
2837, 0, 146, 149, 117, 4, 0.71%, 0, 0, 8, 688.79, 1049319, 467
2842, 0, 146, 149, 117, 4, 0.71%, 0, 0, 8, 99.19, 1049953, 467
2847, 0, 146, 149, 117, 4, 0.71%, 0, 0, 8, 700.08, 1051769, 467
2852, 0, 146, 149, 117, 4, 0.71%, 0, 0, 8, 696.11, 1055354, 467
2857, 0, 148, 149, 116, 3, 0.71%, 0, 0, 8, 695.70, 1058933, 467
2862, 0, 148, 149, 116, 3, 0.71%, 0, 0, 8, 692.94, 1062510, 467
2867, 0, 148, 149, 116, 3, 0.71%, 0, 0, 8, 679.12, 1065927, 467
2873, 0, 148, 149, 116, 3, 0.71%, 0, 0, 8, 690.85, 1069526, 467
2878, 0, 148, 149, 116, 3, 0.71%, 0, 0, 8, 688.91, 1072982, 467
2883, 0, 145, 151, 117, 2, 0.72%, 0, 0, 8, 686.02, 1076415, 469
2888, 0, 145, 151, 117, 2, 0.72%, 0, 0, 8, 684.57, 1079847, 469
2893, 0, 145, 151, 117, 2, 0.72%, 0, 0, 8, 692.37, 1083430, 469
2898, 0, 145, 151, 117, 2, 0.72%, 0, 0, 8, 691.21, 1087005, 469
2903, 0, 145, 151, 117, 2, 0.72%, 0, 0, 8, 686.34, 1090442, 469
2908, 0, 145, 151, 117, 2, 0.72%, 0, 0, 8, 688.73, 1094028, 469
2913, 0, 145, 151, 117, 2, 0.72%, 0, 0, 8, 692.11, 1097628, 469
2919, 0, 150, 151, 116, 2, 0.72%, 0, 0, 8, 691.65, 1101202, 469
2924, 0, 150, 151, 116, 2, 0.72%, 0, 0, 8, 694.85, 1104783, 469
2929, 0, 150, 151, 116, 2, 0.72%, 0, 0, 8, 692.63, 1108358, 469
2934, 0, 150, 151, 116, 2, 0.72%, 0, 0, 8, 692.94, 1111934, 469
2939, 0, 150, 151, 116, 2, 0.72%, 0, 0, 8, 682.02, 1115358, 469
2944, 0, 150, 151, 116, 2, 0.72%, 0, 0, 8, 689.71, 1118921, 469
2949, 0, 150, 151, 116, 2, 0.72%, 0, 0, 8, 99.09, 1119908, 469
2954, 0, 150, 151, 116, 2, 0.72%, 0, 0, 8, 98.77, 1120407, 469
2960, 0, 150, 151, 116, 2, 0.72%, 0, 0, 8, 686.05, 1122549, 469
2965, 0, 7, 151, 115, 1, 0.72%, 0, 0, 8, 100.46, 1124856, 469
2970, 0, 7, 151, 115, 1, 0.72%, 0, 0, 8, 108.24, 1125442, 469
2975, 0, 7, 151, 115, 1, 0.72%, 0, 0, 8, 116.14, 1126044, 469
2980, 0, 7, 151, 115, 1, 0.72%, 0, 0, 8, 103.55, 1126554, 469
2985, 0, 32, 151, 114, 1, 0.72%, 0, 0, 8, 674.76, 1127966, 469
2990, 0, 32, 151, 114, 1, 0.72%, 0, 0, 8, 688.02, 1131540, 469
2996, 0, 32, 151, 114, 1, 0.72%, 0, 0, 8, 692.42, 1135149, 469
3001, 0, 88, 151, 114, 1, 0.72%, 0, 0, 8, 98.86, 1137600, 469
3006, 0, 88, 151, 114, 1, 0.72%, 0, 0, 8, 698.34, 1139473, 469
3011, 0, 88, 151, 114, 1, 0.72%, 0, 0, 8, 97.85, 1141157, 469
3016, 0, 88, 151, 114, 1, 0.72%, 0, 0, 8, 633.16, 1143613, 469
3021, 0, 88, 151, 114, 1, 0.72%, 0, 0, 8, 100.90, 1145880, 469
3026, 0, 132, 151, 114, 1, 0.72%, 0, 0, 8, 693.09, 1149432, 469
3031, 0, 132, 152, 115, 1, 0.72%, 0, 0, 8, 681.50, 1152875, 469
3036, 0, 132, 152, 115, 1, 0.72%, 0, 0, 8, 678.49, 1156278, 469
3041, 0, 132, 152, 115, 1, 0.72%, 0, 0, 8, 681.45, 1159692, 469
3046, 0, 151, 153, 116, 1, 0.72%, 0, 0, 8, 684.77, 1163137, 469
3051, 0, 151, 153, 116, 1, 0.72%, 0, 0, 8, 685.06, 1166573, 469
3057, 0, 151, 153, 116, 1, 0.72%, 0, 0, 8, 682.43, 1170152, 469
3062, 0, 151, 153, 116, 1, 0.72%, 0, 0, 8, 680.54, 1173561, 469
3067, 0, 151, 153, 116, 1, 0.72%, 0, 0, 8, 683.20, 1177004, 469
3072, 0, 151, 153, 116, 1, 0.72%, 0, 0, 8, 675.34, 1180421, 469
3077, 0, 151, 153, 116, 1, 0.72%, 0, 0, 8, 674.91, 1183798, 469
3082, 0, 32, 153, 115, 1, 0.72%, 0, 0, 8, 685.73, 1187244, 469
3087, 0, 32, 153, 115, 1, 0.72%, 0, 0, 8, 692.59, 1190839, 469
3092, 0, 114, 153, 115, 1, 0.72%, 0, 0, 8, 128.75, 1193680, 469
3097, 0, 114, 153, 115, 1, 0.72%, 0, 0, 8, 115.20, 1194250, 469
3102, 0, 114, 153, 115, 1, 0.72%, 0, 0, 8, 104.03, 1194766, 469
3108, 0, 114, 154, 116, 1, 0.75%, 0, 0, 8, 126.30, 1195378, 489
3113, 0, 114, 154, 116, 1, 0.75%, 0, 0, 8, 585.00, 1195993, 489
3118, 0, 153, 155, 116, 2, 0.76%, 0, 0, 8, 104.09, 1196522, 498
3123, 0, 153, 155, 116, 2, 0.76%, 0, 0, 8, 103.40, 1197050, 498
3128, 0, 153, 156, 117, 2, 0.76%, 0, 0, 8, 139.08, 1197772, 498
3133, 0, 153, 156, 117, 2, 0.76%, 0, 0, 8, 146.59, 1198538, 498
3138, 0, 153, 156, 117, 2, 0.76%, 0, 0, 8, 136.41, 1199250, 498
3144, 0, 153, 156, 117, 2, 0.76%, 0, 0, 8, 109.34, 1199778, 498
3149, 0, 153, 156, 117, 2, 0.76%, 0, 0, 8, 102.69, 1200296, 498
3154, 0, 153, 156, 117, 2, 0.76%, 0, 0, 8, 102.02, 1200822, 498
3159, 0, 153, 156, 117, 2, 0.76%, 0, 0, 8, 101.21, 1201342, 498
3164, 0, 153, 156, 117, 2, 0.76%, 0, 0, 8, 102.11, 1201862, 498
3169, 0, 153, 156, 117, 2, 0.76%, 0, 0, 8, 102.30, 1202380, 498
3174, 0, 153, 156, 117, 2, 0.76%, 0, 0, 8, 101.05, 1202900, 498
3179, 0, 153, 156, 117, 2, 0.76%, 0, 0, 8, 101.89, 1203422, 498
3184, 0, 153, 156, 117, 2, 0.76%, 0, 0, 8, 104.16, 1203950, 498
3190, 0, 153, 156, 117, 2, 0.76%, 0, 0, 8, 102.22, 1204468, 498
3195, 0, 153, 156, 117, 2, 0.76%, 0, 0, 8, 102.61, 1204992, 498
3200, 0, 132, 156, 116, 3, 0.76%, 0, 0, 8, 660.43, 1206838, 498
3205, 0, 132, 156, 116, 3, 0.76%, 0, 0, 8, 670.02, 1210270, 498
3210, 0, 132, 156, 116, 3, 0.76%, 0, 0, 8, 668.70, 1213671, 498
3215, 0, 132, 156, 116, 3, 0.76%, 0, 0, 8, 659.63, 1217009, 498
3220, 0, 150, 156, 116, 3, 0.76%, 0, 0, 8, 666.79, 1220397, 498
3225, 0, 150, 156, 116, 3, 0.76%, 0, 0, 8, 681.76, 1223829, 498
3230, 0, 150, 156, 116, 3, 0.76%, 0, 0, 8, 683.65, 1227404, 498
3235, 0, 150, 156, 116, 3, 0.76%, 0, 0, 8, 674.37, 1230787, 498
3241, 0, 150, 156, 116, 3, 0.76%, 0, 0, 8, 675.34, 1234206, 498
3246, 0, 150, 156, 116, 3, 0.76%, 0, 0, 8, 673.81, 1237625, 498
3251, 0, 150, 156, 116, 3, 0.76%, 0, 0, 8, 684.31, 1241190, 498
3256, 0, 150, 156, 116, 3, 0.76%, 0, 0, 8, 684.97, 1244622, 498
3261, 0, 150, 156, 116, 3, 0.76%, 0, 0, 8, 684.78, 1248041, 498
3266, 0, 150, 156, 116, 3, 0.76%, 0, 0, 8, 686.66, 1251619, 498
3271, 0, 150, 156, 116, 3, 0.76%, 0, 0, 8, 684.24, 1255050, 498
3276, 0, 150, 156, 116, 3, 0.76%, 0, 0, 8, 682.57, 1258476, 498
3281, 0, 150, 156, 116, 3, 0.76%, 0, 0, 8, 685.97, 1262051, 498
3286, 0, 150, 156, 116, 3, 0.76%, 0, 0, 8, 684.09, 1265477, 498
3291, 0, 150, 156, 116, 3, 0.76%, 0, 0, 8, 684.17, 1268909, 498
3296, 0, 150, 156, 116, 3, 0.76%, 0, 0, 8, 681.77, 1272335, 498
3301, 0, 150, 156, 116, 3, 0.76%, 0, 0, 8, 669.70, 1275684, 498
3306, 0, 150, 156, 116, 3, 0.76%, 0, 0, 8, 681.96, 1279115, 498
3311, 0, 150, 156, 116, 3, 0.76%, 0, 0, 8, 680.79, 1282541, 498
3317, 0, 150, 156, 116, 3, 0.76%, 0, 0, 8, 683.46, 1286103, 498
3322, 0, 150, 156, 116, 3, 0.76%, 0, 0, 8, 681.77, 1289529, 498
3327, 0, 150, 156, 116, 3, 0.76%, 0, 0, 8, 685.89, 1293104, 498
3332, 0, 150, 156, 116, 3, 0.76%, 0, 0, 8, 685.62, 1296530, 498
3337, 0, 150, 156, 116, 3, 0.76%, 0, 0, 8, 687.03, 1300099, 498
3342, 0, 150, 156, 116, 3, 0.76%, 0, 0, 8, 684.49, 1303531, 498
3347, 0, 150, 156, 116, 3, 0.76%, 0, 0, 8, 672.57, 1306957, 498
3352, 0, 150, 156, 116, 3, 0.76%, 0, 0, 8, 665.11, 1310376, 498
3357, 0, 150, 156, 116, 3, 0.76%, 0, 0, 8, 679.31, 1313802, 498
3362, 0, 150, 156, 116, 3, 0.76%, 0, 0, 8, 679.12, 1317216, 498
3367, 0, 150, 156, 116, 3, 0.76%, 0, 0, 8, 678.95, 1320621, 498
3372, 0, 150, 156, 116, 3, 0.76%, 0, 0, 8, 683.38, 1324060, 498
3377, 0, 150, 156, 116, 3, 0.76%, 0, 0, 8, 675.36, 1327440, 498
3383, 0, 150, 156, 116, 3, 0.76%, 0, 0, 8, 683.32, 1330996, 498
3388, 0, 150, 156, 116, 3, 0.76%, 0, 0, 8, 691.11, 1334571, 498
3393, 0, 76, 156, 116, 3, 0.76%, 0, 0, 8, 692.30, 1338053, 498
3398, 0, 76, 156, 116, 3, 0.76%, 0, 0, 8, 693.23, 1341528, 498
3403, 0, 31, 156, 116, 3, 0.76%, 0, 0, 8, 694.66, 1345021, 498
3408, 0, 143, 156, 116, 3, 0.76%, 0, 0, 8, 121.96, 1346093, 498
3413, 0, 143, 156, 116, 3, 0.76%, 0, 0, 8, 117.73, 1346686, 498
3418, 0, 32, 156, 115, 2, 0.76%, 0, 0, 8, 482.86, 1349120, 498
3423, 0, 154, 156, 115, 2, 0.76%, 0, 0, 8, 106.56, 1351907, 498
3428, 0, 154, 157, 116, 2, 0.76%, 0, 0, 8, 112.71, 1352463, 498
3433, 0, 154, 159, 118, 2, 0.76%, 0, 0, 8, 135.26, 1353181, 499
3439, 0, 154, 160, 119, 2, 0.76%, 0, 0, 8, 146.27, 1353945, 499
3444, 0, 154, 160, 119, 2, 0.76%, 0, 0, 8, 148.75, 1354717, 499
3449, 0, 154, 161, 120, 2, 0.76%, 0, 0, 8, 150.59, 1355476, 499
3454, 0, 154, 161, 120, 2, 0.76%, 0, 0, 8, 150.44, 1356231, 499
3459, 0, 154, 161, 120, 2, 0.76%, 0, 0, 8, 147.11, 1356977, 499
3464, 0, 154, 161, 120, 2, 0.76%, 0, 0, 8, 151.46, 1357753, 499
3469, 0, 154, 162, 121, 2, 0.76%, 0, 0, 8, 155.56, 1358541, 499
3474, 0, 154, 163, 122, 2, 0.76%, 0, 0, 8, 148.79, 1359281, 499
3479, 0, 154, 163, 122, 2, 0.76%, 0, 0, 8, 145.56, 1360019, 499
3484, 0, 154, 163, 122, 2, 0.76%, 0, 0, 8, 145.36, 1360753, 499
3489, 0, 154, 163, 122, 2, 0.76%, 0, 0, 8, 144.40, 1361485, 499
3494, 0, 154, 163, 122, 2, 0.76%, 0, 0, 8, 151.40, 1362248, 499
3499, 0, 154, 163, 122, 2, 0.76%, 0, 0, 8, 148.16, 1363005, 499
3504, 0, 154, 164, 123, 2, 0.76%, 0, 0, 8, 149.22, 1363761, 499
3509, 0, 154, 164, 123, 2, 0.76%, 0, 0, 8, 153.43, 1364545, 499
3514, 0, 154, 164, 123, 2, 0.76%, 0, 0, 8, 148.28, 1365279, 499
3520, 0, 154, 164, 123, 2, 0.76%, 0, 0, 8, 153.14, 1366072, 499
3525, 0, 154, 164, 123, 2, 0.76%, 0, 0, 8, 148.46, 1366825, 499
3530, 0, 154, 164, 123, 2, 0.76%, 0, 0, 8, 149.74, 1367591, 499
3535, 0, 154, 164, 123, 2, 0.76%, 0, 0, 8, 146.22, 1368333, 499
3540, 0, 154, 164, 123, 2, 0.76%, 0, 0, 8, 128.76, 1369003, 499
3545, 0, 154, 164, 123, 2, 0.76%, 0, 0, 8, 107.53, 1369531, 499
3550, 0, 154, 164, 123, 2, 0.76%, 0, 0, 8, 102.94, 1370055, 499
3555, 0, 154, 164, 123, 2, 0.76%, 0, 0, 8, 102.12, 1370581, 499
3561, 0, 154, 164, 123, 2, 0.76%, 0, 0, 8, 101.49, 1371105, 499
3566, 0, 154, 164, 123, 2, 0.76%, 0, 0, 8, 101.20, 1371627, 499
3571, 0, 154, 164, 123, 2, 0.76%, 0, 0, 8, 101.74, 1372149, 499
3576, 0, 154, 164, 123, 2, 0.76%, 0, 0, 8, 101.59, 1372671, 499
3581, 0, 154, 164, 123, 2, 0.76%, 0, 0, 8, 101.57, 1373195, 499
3586, 0, 154, 164, 123, 2, 0.76%, 0, 0, 8, 101.40, 1373715, 499
3591, 0, 154, 164, 123, 2, 0.76%, 0, 0, 8, 101.77, 1374241, 499
3597, 0, 154, 164, 123, 2, 0.76%, 0, 0, 8, 101.82, 1374767, 499
3602, 0, 154, 164, 123, 2, 0.76%, 0, 0, 8, 101.67, 1375291, 499
3607, 0, 154, 165, 124, 2, 0.76%, 0, 0, 8, 102.08, 1375823, 499
3612, 0, 154, 165, 124, 2, 0.76%, 0, 0, 8, 102.05, 1376347, 499
3617, 0, 154, 165, 124, 2, 0.76%, 0, 0, 8, 101.94, 1376873, 499
3622, 0, 154, 165, 124, 2, 0.76%, 0, 0, 8, 101.12, 1377387, 499
3628, 0, 154, 165, 124, 2, 0.76%, 0, 0, 8, 101.23, 1377903, 499
3633, 0, 154, 165, 124, 2, 0.76%, 0, 0, 8, 101.33, 1378423, 499
3638, 0, 154, 165, 124, 2, 0.76%, 0, 0, 8, 101.23, 1378939, 499
3643, 0, 154, 165, 124, 2, 0.76%, 0, 0, 8, 101.51, 1379463, 499
3648, 0, 154, 165, 124, 2, 0.76%, 0, 0, 8, 101.87, 1379989, 499
3653, 0, 154, 165, 124, 2, 0.76%, 0, 0, 8, 101.72, 1380509, 499
3658, 0, 154, 165, 124, 2, 0.76%, 0, 0, 8, 101.83, 1381035, 499
3664, 0, 154, 165, 124, 2, 0.76%, 0, 0, 8, 101.83, 1381561, 499
3669, 0, 154, 165, 124, 2, 0.76%, 0, 0, 8, 101.76, 1382087, 499
3674, 0, 154, 165, 124, 2, 0.76%, 0, 0, 8, 101.77, 1382611, 499
3679, 0, 154, 165, 124, 2, 0.76%, 0, 0, 8, 100.78, 1383131, 499
3684, 0, 154, 165, 124, 2, 0.76%, 0, 0, 8, 100.98, 1383651, 499
3689, 0, 154, 165, 124, 2, 0.76%, 0, 0, 8, 100.71, 1384159, 499
3694, 0, 154, 165, 124, 2, 0.76%, 0, 0, 8, 100.07, 1384661, 499
3699, 0, 154, 166, 125, 2, 0.76%, 0, 0, 8, 100.87, 1385177, 499
3704, 0, 154, 166, 125, 2, 0.76%, 0, 0, 8, 101.21, 1385695, 499
3710, 0, 154, 166, 125, 2, 0.76%, 0, 0, 8, 101.42, 1386453, 499
3715, 0, 154, 166, 125, 2, 0.76%, 0, 0, 8, 102.65, 1386981, 499
3720, 0, 154, 166, 125, 2, 0.76%, 0, 0, 8, 101.14, 1387497, 499
3725, 0, 154, 166, 125, 2, 0.76%, 0, 0, 8, 102.88, 1388027, 499
3730, 0, 154, 166, 125, 2, 0.76%, 0, 0, 8, 102.04, 1388541, 499
3735, 0, 154, 166, 125, 2, 0.76%, 0, 0, 8, 102.77, 1389069, 499
3740, 0, 75, 166, 124, 2, 0.76%, 0, 0, 8, 683.06, 1391349, 499
3745, 0, 75, 166, 124, 2, 0.76%, 0, 0, 8, 681.47, 1394780, 499
3750, 0, 75, 166, 124, 2, 0.76%, 0, 0, 8, 99.81, 1396292, 499
3755, 0, 157, 166, 124, 2, 0.76%, 0, 0, 8, 111.11, 1398971, 499
3761, 0, 157, 167, 125, 2, 0.76%, 0, 0, 8, 103.84, 1399495, 499
3766, 0, 157, 167, 125, 2, 0.76%, 0, 0, 8, 102.27, 1400015, 499
3771, 0, 157, 167, 125, 2, 0.76%, 0, 0, 8, 153.34, 1400863, 499
3776, 0, 157, 167, 125, 2, 0.76%, 0, 0, 8, 115.85, 1401457, 499
3781, 0, 157, 167, 125, 2, 0.76%, 0, 0, 8, 104.55, 1401975, 499
3786, 0, 157, 167, 125, 2, 0.76%, 0, 0, 8, 104.03, 1402515, 499
3791, 0, 157, 167, 125, 2, 0.76%, 0, 0, 8, 103.78, 1403047, 499
3797, 0, 157, 167, 125, 2, 0.76%, 0, 0, 8, 102.68, 1403567, 499
3802, 0, 157, 167, 125, 2, 0.76%, 0, 0, 8, 101.64, 1404091, 499
3807, 0, 157, 167, 125, 2, 0.76%, 0, 0, 8, 102.16, 1404621, 499
3812, 0, 157, 167, 125, 2, 0.76%, 0, 0, 8, 102.48, 1405151, 499
3817, 0, 32, 167, 124, 1, 0.76%, 0, 0, 8, 113.68, 1406189, 499
3822, 0, 32, 167, 124, 1, 0.76%, 0, 0, 8, 687.74, 1409776, 499
3828, 0, 32, 167, 124, 1, 0.76%, 0, 0, 8, 676.11, 1413253, 499
3833, 0, 132, 167, 124, 1, 0.76%, 0, 0, 8, 679.86, 1416674, 499
3838, 0, 132, 167, 124, 1, 0.76%, 0, 0, 8, 685.51, 1420245, 499
3843, 0, 132, 167, 124, 1, 0.76%, 0, 0, 8, 669.33, 1423600, 499
3848, 0, 132, 167, 124, 1, 0.76%, 0, 0, 8, 670.76, 1427033, 499
3853, 0, 132, 167, 124, 1, 0.76%, 0, 0, 8, 667.55, 1430421, 499
3858, 0, 132, 167, 124, 1, 0.76%, 0, 0, 8, 670.95, 1433868, 499
3863, 0, 75, 167, 124, 1, 0.76%, 0, 0, 8, 684.41, 1437437, 499
3868, 0, 75, 167, 124, 1, 0.76%, 0, 0, 8, 684.52, 1440870, 499
3873, 0, 75, 167, 124, 1, 0.76%, 0, 0, 8, 679.67, 1444303, 499
3879, 0, 166, 167, 124, 1, 0.76%, 0, 0, 8, 103.98, 1445169, 499
3884, 0, 166, 167, 124, 1, 0.76%, 0, 0, 8, 111.09, 1445807, 499
3889, 0, 166, 168, 125, 1, 0.76%, 0, 0, 8, 100.97, 1446305, 499
3894, 0, 166, 168, 125, 1, 0.76%, 0, 0, 8, 99.18, 1446806, 499
3899, 0, 166, 168, 125, 1, 0.76%, 0, 0, 8, 99.63, 1447319, 499
3904, 0, 166, 168, 125, 1, 0.76%, 0, 0, 8, 98.37, 1447822, 499
3909, 0, 166, 168, 125, 1, 0.76%, 0, 0, 8, 100.71, 1448339, 499
3914, 0, 166, 168, 125, 1, 0.76%, 0, 0, 8, 98.59, 1448839, 499
3920, 0, 145, 168, 124, 0, 0.76%, 0, 0, 8, 593.10, 1450342, 499
3925, 0, 145, 168, 124, 0, 0.76%, 0, 0, 8, 641.98, 1453693, 499
3930, 0, 145, 168, 124, 0, 0.76%, 0, 0, 8, 655.59, 1457105, 499
3935, 0, 145, 168, 124, 0, 0.76%, 0, 0, 8, 658.00, 1460460, 499
3940, 0, 145, 168, 124, 0, 0.76%, 0, 0, 8, 664.46, 1463861, 499
3945, 0, 145, 168, 124, 0, 0.76%, 0, 0, 8, 655.94, 1467165, 499
3950, 0, 133, 168, 124, 0, 0.76%, 0, 0, 8, 648.93, 1470419, 499
3955, 0, 133, 168, 124, 0, 0.76%, 0, 0, 8, 647.53, 1473783, 499
3960, 0, 133, 168, 124, 0, 0.76%, 0, 0, 8, 631.81, 1476991, 499
3965, 0, 133, 168, 124, 0, 0.76%, 0, 0, 8, 635.38, 1480167, 499
3971, 0, 133, 168, 124, 0, 0.76%, 0, 0, 8, 636.57, 1483491, 499
3976, 0, 133, 168, 124, 0, 0.76%, 0, 0, 8, 629.37, 1486761, 499
3981, 0, 133, 168, 124, 0, 0.76%, 0, 0, 8, 653.40, 1490053, 499
3986, 0, 133, 168, 124, 0, 0.76%, 0, 0, 8, 668.55, 1493479, 499
3991, 0, 133, 168, 124, 0, 0.76%, 0, 0, 8, 668.01, 1496908, 499
3996, 0, 133, 168, 124, 0, 0.76%, 0, 0, 8, 676.48, 1500334, 499
4001, 0, 133, 168, 124, 0, 0.76%, 0, 0, 8, 673.60, 1503760, 499
4006, 0, 34, 168, 124, 0, 0.76%, 0, 0, 8, 668.88, 1507160, 499
4011, 0, 34, 168, 124, 0, 0.76%, 0, 0, 8, 100.64, 1508305, 499
4016, 0, 34, 168, 124, 0, 0.76%, 0, 0, 8, 101.15, 1508823, 499
4021, 0, 34, 168, 124, 0, 0.76%, 0, 0, 8, 101.28, 1509335, 499
4026, 0, 34, 168, 124, 0, 0.76%, 0, 0, 8, 100.68, 1510048, 499
4031, 0, 34, 168, 124, 0, 0.76%, 0, 0, 8, 102.25, 1510769, 499
4037, 0, 34, 168, 124, 0, 0.76%, 0, 0, 8, 101.68, 1511291, 499
4042, 0, 34, 168, 124, 0, 0.76%, 0, 0, 8, 103.00, 1511821, 499
4047, 0, 32, 168, 124, 0, 0.76%, 0, 0, 8, 655.59, 1515028, 499
4052, 0, 123, 168, 124, 0, 0.76%, 0, 0, 8, 671.99, 1518447, 499
4057, 0, 123, 168, 124, 0, 0.76%, 0, 0, 8, 675.84, 1521875, 499
4062, 0, 123, 168, 124, 0, 0.76%, 0, 0, 8, 676.40, 1525300, 499
4067, 0, 123, 168, 124, 0, 0.76%, 0, 0, 8, 670.52, 1528799, 499
4072, 0, 123, 168, 124, 0, 0.76%, 0, 0, 8, 671.15, 1532173, 499
4077, 0, 123, 168, 124, 0, 0.76%, 0, 0, 8, 670.06, 1535581, 499
4082, 0, 67, 168, 124, 0, 0.76%, 0, 0, 8, 101.96, 1536447, 499
4088, 0, 67, 168, 124, 0, 0.76%, 0, 0, 8, 122.09, 1537241, 499
4093, 0, 67, 168, 124, 0, 0.76%, 0, 0, 8, 104.70, 1537761, 499
4098, 0, 67, 168, 124, 0, 0.76%, 0, 0, 8, 103.85, 1538295, 499
4103, 0, 67, 168, 124, 0, 0.76%, 0, 0, 8, 99.24, 1539019, 499
4108, 0, 67, 168, 124, 0, 0.76%, 0, 0, 8, 99.91, 1539532, 499
4113, 0, 67, 168, 124, 0, 0.76%, 0, 0, 8, 101.03, 1540044, 499
4118, 0, 67, 168, 124, 0, 0.76%, 0, 0, 8, 104.68, 1540577, 499
4123, 0, 145, 168, 124, 0, 0.76%, 0, 0, 8, 680.75, 1542703, 499
4128, 0, 145, 168, 124, 0, 0.76%, 0, 0, 8, 688.72, 1546267, 499
4134, 0, 145, 168, 124, 0, 0.76%, 0, 0, 8, 689.69, 1549831, 499
4139, 0, 145, 168, 124, 0, 0.76%, 0, 0, 8, 679.87, 1553361, 499
4144, 0, 145, 168, 124, 0, 0.76%, 0, 0, 8, 686.44, 1556912, 499
4149, 0, 132, 168, 124, 0, 0.76%, 0, 0, 8, 681.68, 1560468, 499
4154, 0, 132, 168, 124, 0, 0.76%, 0, 0, 8, 688.20, 1564039, 499
4159, 0, 132, 168, 124, 0, 0.76%, 0, 0, 8, 676.88, 1567453, 499
4165, 0, 132, 168, 124, 0, 0.76%, 0, 0, 8, 678.80, 1570893, 499
4170, 0, 132, 168, 124, 0, 0.76%, 0, 0, 8, 682.68, 1574327, 499
4175, 0, 132, 168, 124, 0, 0.76%, 0, 0, 8, 681.95, 1577753, 499
4180, 0, 32, 168, 124, 0, 0.76%, 0, 0, 8, 687.61, 1581203, 499
4185, 0, 75, 168, 124, 0, 0.76%, 0, 0, 8, 687.19, 1584765, 499
4190, 0, 75, 168, 124, 0, 0.76%, 0, 0, 8, 690.43, 1588343, 499
4195, 0, 75, 168, 124, 0, 0.76%, 0, 0, 8, 688.78, 1591934, 499
4200, 0, 132, 168, 124, 0, 0.76%, 0, 0, 8, 681.90, 1595361, 499
4205, 0, 132, 168, 124, 0, 0.76%, 0, 0, 8, 686.44, 1598971, 499
4210, 0, 132, 168, 124, 0, 0.76%, 0, 0, 8, 682.53, 1602383, 499
4215, 0, 132, 168, 124, 0, 0.76%, 0, 0, 8, 675.79, 1605765, 499
4220, 0, 132, 168, 124, 0, 0.76%, 0, 0, 8, 666.48, 1609119, 499
4226, 0, 132, 168, 124, 0, 0.76%, 0, 0, 8, 678.42, 1612534, 499
4231, 0, 32, 168, 124, 0, 0.76%, 0, 0, 8, 690.52, 1616125, 499
4236, 0, 67, 168, 124, 0, 0.76%, 0, 0, 8, 97.24, 1618923, 499
4241, 0, 67, 168, 124, 0, 0.76%, 0, 0, 8, 162.12, 1619716, 499
4246, 0, 67, 168, 124, 0, 0.76%, 0, 0, 8, 114.98, 1620222, 499
4251, 0, 67, 168, 124, 0, 0.76%, 0, 0, 8, 103.19, 1620744, 499
4256, 0, 67, 168, 124, 0, 0.76%, 0, 0, 8, 102.15, 1621266, 499
4261, 0, 67, 168, 124, 0, 0.76%, 0, 0, 8, 100.53, 1621778, 499
4267, 0, 67, 168, 124, 0, 0.76%, 0, 0, 8, 100.94, 1622298, 499
4272, 0, 67, 168, 124, 0, 0.76%, 0, 0, 8, 99.69, 1622802, 499
4277, 0, 32, 168, 124, 0, 0.76%, 0, 0, 8, 687.72, 1624514, 499
4282, 0, 32, 168, 124, 0, 0.76%, 0, 0, 8, 688.92, 1628088, 499
4287, 0, 145, 168, 124, 0, 0.76%, 0, 0, 8, 671.56, 1631463, 499
4292, 0, 145, 168, 124, 0, 0.76%, 0, 0, 8, 679.50, 1634871, 499
4297, 0, 145, 168, 124, 0, 0.76%, 0, 0, 8, 673.17, 1638232, 499
4302, 0, 145, 168, 124, 0, 0.76%, 0, 0, 8, 655.08, 1641497, 499
4307, 0, 145, 168, 124, 0, 0.76%, 0, 0, 8, 669.29, 1644892, 499
4312, 0, 32, 168, 124, 0, 0.76%, 0, 0, 8, 666.65, 1648214, 499
4317, 0, 32, 168, 124, 0, 0.76%, 0, 0, 8, 656.33, 1651524, 499
4322, 0, 32, 168, 124, 0, 0.76%, 0, 0, 8, 696.53, 1655055, 499
4327, 0, 151, 168, 124, 0, 0.76%, 0, 0, 8, 707.13, 1658655, 499
4332, 0, 151, 168, 124, 0, 0.76%, 0, 0, 8, 656.59, 1661984, 499
4338, 0, 151, 168, 124, 0, 0.76%, 0, 0, 8, 658.45, 1665397, 499
4343, 0, 151, 168, 124, 0, 0.76%, 0, 0, 8, 655.16, 1668746, 499
4348, 0, 151, 168, 124, 0, 0.76%, 0, 0, 8, 678.22, 1672204, 499
4353, 0, 151, 168, 124, 0, 0.76%, 0, 0, 8, 708.13, 1675820, 499
4358, 0, 151, 168, 124, 0, 0.76%, 0, 0, 8, 663.41, 1679228, 499
4363, 0, 151, 168, 124, 0, 0.76%, 0, 0, 8, 642.59, 1682538, 499
4368, 0, 151, 168, 124, 0, 0.76%, 0, 0, 8, 646.73, 1685851, 499
4373, 0, 151, 168, 124, 0, 0.76%, 0, 0, 8, 642.69, 1689162, 499
4379, 0, 151, 168, 124, 0, 0.76%, 0, 0, 8, 636.94, 1692454, 499
4384, 0, 151, 168, 124, 0, 0.76%, 0, 0, 8, 665.38, 1695730, 499
4389, 0, 151, 168, 124, 0, 0.76%, 0, 0, 8, 702.95, 1699394, 499
4394, 0, 151, 168, 124, 0, 0.76%, 0, 0, 8, 717.89, 1703032, 499
4399, 0, 151, 168, 124, 0, 0.76%, 0, 0, 8, 698.14, 1706539, 499
4404, 0, 151, 168, 124, 0, 0.76%, 0, 0, 8, 719.75, 1710194, 499
4409, 0, 151, 168, 124, 0, 0.76%, 0, 0, 8, 720.80, 1713860, 499
4414, 0, 32, 168, 124, 0, 0.76%, 0, 0, 8, 724.66, 1717519, 499
4419, 0, 145, 168, 124, 0, 0.76%, 0, 0, 8, 721.02, 1721267, 499
4424, 0, 145, 168, 124, 0, 0.76%, 0, 0, 8, 718.29, 1724939, 499
4429, 0, 145, 168, 124, 0, 0.76%, 0, 0, 8, 724.07, 1728633, 499
4434, 0, 145, 168, 124, 0, 0.76%, 0, 0, 8, 730.63, 1732325, 499
4440, 0, 145, 168, 124, 0, 0.76%, 0, 0, 8, 722.79, 1735961, 499
4445, 0, 145, 168, 124, 0, 0.76%, 0, 0, 8, 729.51, 1739654, 499
4450, 0, 32, 169, 125, 0, 0.76%, 0, 0, 8, 731.51, 1743320, 499
4455, 0, 132, 169, 125, 0, 0.76%, 0, 0, 8, 719.64, 1746917, 499
4460, 0, 132, 169, 125, 0, 0.76%, 0, 0, 8, 725.35, 1750603, 499
4465, 0, 132, 169, 125, 0, 0.76%, 0, 0, 8, 720.80, 1754284, 499
4470, 0, 132, 169, 125, 0, 0.76%, 0, 0, 8, 712.00, 1757863, 499
4475, 0, 132, 169, 125, 0, 0.76%, 0, 0, 8, 715.48, 1761471, 499
4480, 0, 132, 169, 125, 0, 0.76%, 0, 0, 8, 719.50, 1765151, 499
4485, 0, 80, 169, 125, 0, 0.76%, 0, 0, 8, 99.93, 1765722, 499
4490, 0, 80, 169, 125, 0, 0.76%, 0, 0, 8, 111.70, 1766283, 499
4495, 0, 80, 169, 125, 0, 0.76%, 0, 0, 8, 135.36, 1767018, 499
4501, 0, 80, 169, 125, 0, 0.76%, 0, 0, 8, 105.16, 1767518, 499
4506, 0, 80, 169, 125, 0, 0.76%, 0, 0, 8, 100.11, 1768026, 499
4511, 0, 80, 169, 125, 0, 0.76%, 0, 0, 8, 98.93, 1768530, 499
4516, 0, 80, 169, 125, 0, 0.76%, 0, 0, 8, 99.16, 1769035, 499
4521, 0, 80, 169, 125, 0, 0.76%, 0, 0, 8, 99.27, 1769540, 499
4526, 0, 80, 169, 125, 0, 0.76%, 0, 0, 8, 98.95, 1770044, 499
4531, 0, 80, 169, 125, 0, 0.76%, 0, 0, 8, 100.95, 1770560, 499
4536, 0, 80, 169, 125, 0, 0.76%, 0, 0, 8, 98.62, 1771065, 499
4541, 0, 80, 169, 125, 0, 0.76%, 0, 0, 8, 98.95, 1771994, 499
4547, 0, 80, 169, 125, 0, 0.76%, 0, 0, 8, 98.39, 1772493, 499
4552, 0, 80, 169, 125, 0, 0.76%, 0, 0, 8, 92.97, 1772955, 499
4557, 0, 80, 169, 125, 0, 0.76%, 0, 0, 8, 97.36, 1773453, 499
4562, 0, 80, 169, 125, 0, 0.76%, 0, 0, 8, 98.33, 1773950, 499
4567, 0, 80, 169, 125, 0, 0.76%, 0, 0, 8, 99.45, 1774453, 499
4572, 0, 133, 169, 125, 0, 0.76%, 0, 0, 8, 681.72, 1775478, 499
4577, 0, 133, 169, 125, 0, 0.76%, 0, 0, 8, 722.23, 1779182, 499
4582, 0, 133, 170, 126, 0, 0.78%, 0, 0, 8, 734.84, 1782886, 509
4587, 0, 133, 170, 126, 0, 0.78%, 0, 0, 8, 729.21, 1786576, 509
4592, 0, 133, 171, 127, 0, 0.78%, 0, 0, 8, 714.97, 1790238, 511
4598, 0, 133, 171, 127, 0, 0.78%, 0, 0, 8, 712.96, 1793906, 511
4603, 0, 133, 171, 127, 0, 0.78%, 0, 0, 8, 707.32, 1797490, 511
4608, 0, 133, 171, 127, 0, 0.78%, 0, 0, 8, 715.34, 1801158, 511
4613, 0, 133, 172, 128, 0, 0.78%, 0, 0, 8, 715.76, 1804844, 511
4618, 0, 133, 172, 128, 0, 0.78%, 0, 0, 8, 711.62, 1808400, 511
4623, 0, 133, 172, 128, 0, 0.78%, 0, 0, 8, 717.26, 1812092, 511
4628, 0, 133, 172, 128, 0, 0.78%, 0, 0, 8, 725.26, 1815784, 511
4633, 0, 133, 172, 128, 0, 0.78%, 0, 0, 8, 713.27, 1819354, 511
4638, 0, 133, 172, 128, 0, 0.78%, 0, 0, 8, 710.48, 1822988, 511
4643, 0, 133, 172, 128, 0, 0.78%, 0, 0, 8, 716.92, 1826638, 511
4648, 0, 170, 172, 128, 2, 0.78%, 0, 0, 8, 725.65, 1830320, 511
4654, 0, 170, 172, 128, 2, 0.78%, 0, 0, 8, 713.56, 1834036, 511
4659, 0, 170, 172, 128, 2, 0.78%, 0, 0, 8, 703.11, 1837588, 511
4664, 0, 170, 172, 128, 2, 0.78%, 0, 0, 8, 717.20, 1841250, 511
4669, 0, 170, 173, 129, 2, 0.78%, 0, 0, 8, 701.80, 1844786, 511
4674, 0, 169, 173, 128, 1, 0.78%, 0, 0, 8, 717.09, 1848434, 511
4679, 0, 169, 173, 128, 1, 0.78%, 0, 0, 8, 724.27, 1852116, 511
4684, 0, 169, 173, 128, 1, 0.78%, 0, 0, 8, 720.99, 1855768, 511
4689, 0, 169, 173, 128, 1, 0.78%, 0, 0, 8, 729.86, 1859448, 511
4694, 0, 169, 173, 128, 1, 0.78%, 0, 0, 8, 728.54, 1863112, 511
4699, 0, 122, 173, 127, 0, 0.78%, 0, 0, 8, 730.90, 1866804, 511
4704, 0, 122, 173, 127, 0, 0.78%, 0, 0, 8, 725.25, 1870487, 511
4709, 0, 122, 173, 127, 0, 0.78%, 0, 0, 8, 723.11, 1874180, 511
4714, 0, 122, 173, 127, 0, 0.78%, 0, 0, 8, 720.47, 1877872, 511
4719, 0, 122, 173, 127, 0, 0.78%, 0, 0, 8, 718.59, 1881564, 511
4725, 0, 132, 173, 127, 0, 0.78%, 0, 0, 8, 728.04, 1885246, 511
4730, 0, 132, 173, 127, 0, 0.78%, 0, 0, 8, 731.56, 1888944, 511
4735, 0, 132, 173, 127, 0, 0.78%, 0, 0, 8, 716.21, 1892553, 511
4740, 0, 132, 173, 127, 0, 0.78%, 0, 0, 8, 717.93, 1896245, 511
4745, 0, 132, 173, 127, 0, 0.78%, 0, 0, 8, 720.46, 1899867, 511
4750, 0, 32, 173, 127, 0, 0.78%, 0, 0, 8, 726.96, 1903543, 511
4755, 0, 32, 173, 127, 0, 0.78%, 0, 0, 8, 688.97, 1906923, 511
4760, 0, 32, 173, 127, 0, 0.78%, 0, 0, 8, 690.96, 1910389, 511
4765, 0, 122, 173, 127, 0, 0.78%, 0, 0, 8, 681.32, 1913938, 511
4770, 0, 122, 173, 127, 0, 0.78%, 0, 0, 8, 678.37, 1917366, 511
4775, 0, 122, 173, 127, 0, 0.78%, 0, 0, 8, 676.47, 1920791, 511
4780, 0, 122, 173, 127, 0, 0.78%, 0, 0, 8, 672.90, 1924199, 511
4785, 0, 122, 173, 127, 0, 0.78%, 0, 0, 8, 669.97, 1927567, 511
4790, 0, 122, 173, 127, 0, 0.78%, 0, 0, 8, 663.27, 1930929, 511
4795, 0, 133, 173, 127, 0, 0.78%, 0, 0, 8, 664.93, 1934275, 511
4801, 0, 133, 173, 127, 0, 0.78%, 0, 0, 8, 688.86, 1937846, 511
4806, 0, 133, 173, 127, 0, 0.78%, 0, 0, 8, 687.18, 1941417, 511
4811, 0, 133, 173, 127, 0, 0.78%, 0, 0, 8, 677.62, 1944841, 511
4816, 0, 133, 173, 127, 0, 0.78%, 0, 0, 8, 668.89, 1948242, 511
4821, 0, 133, 173, 127, 0, 0.78%, 0, 0, 8, 681.86, 1951644, 511
4826, 0, 133, 173, 127, 0, 0.78%, 0, 0, 8, 686.45, 1955096, 511
4831, 0, 133, 173, 127, 0, 0.78%, 0, 0, 8, 680.77, 1958522, 511
4836, 0, 133, 173, 127, 0, 0.78%, 0, 0, 8, 675.37, 1961951, 511
4841, 0, 133, 173, 127, 0, 0.78%, 0, 0, 8, 675.66, 1965377, 511
4846, 0, 133, 173, 127, 0, 0.78%, 0, 0, 8, 673.11, 1968803, 511
4851, 0, 37, 173, 127, 0, 0.78%, 0, 0, 8, 99.56, 1970507, 511
4856, 0, 37, 173, 127, 0, 0.78%, 0, 0, 8, 119.81, 1971098, 511
4862, 0, 37, 173, 127, 0, 0.78%, 0, 0, 8, 119.23, 1971768, 511
4867, 0, 37, 173, 127, 0, 0.78%, 0, 0, 8, 106.18, 1972287, 511
4872, 0, 37, 173, 127, 0, 0.78%, 0, 0, 8, 100.70, 1972796, 511
4877, 0, 37, 173, 127, 0, 0.78%, 0, 0, 8, 99.61, 1973305, 511
4882, 0, 37, 173, 127, 0, 0.78%, 0, 0, 8, 99.51, 1973815, 511
4887, 0, 37, 173, 127, 0, 0.78%, 0, 0, 8, 99.56, 1974324, 511
4892, 0, 37, 173, 127, 0, 0.78%, 0, 0, 8, 101.30, 1974846, 511
4897, 0, 37, 173, 127, 0, 0.78%, 0, 0, 8, 102.85, 1975363, 511
4902, 0, 37, 173, 127, 0, 0.78%, 0, 0, 8, 100.04, 1975870, 511
4908, 0, 37, 173, 127, 0, 0.78%, 0, 0, 8, 102.27, 1976394, 511
4913, 0, 37, 173, 127, 0, 0.78%, 0, 0, 8, 100.88, 1976917, 511
4918, 0, 31, 173, 127, 0, 0.78%, 0, 0, 8, 515.00, 1977515, 511
4923, 0, 67, 173, 127, 0, 0.78%, 0, 0, 8, 134.47, 1979179, 511
4928, 0, 67, 173, 127, 0, 0.78%, 0, 0, 8, 109.47, 1979696, 511
4933, 0, 67, 173, 127, 0, 0.78%, 0, 0, 8, 102.24, 1980212, 511
4938, 0, 67, 173, 127, 0, 0.78%, 0, 0, 8, 118.77, 1980793, 511
4943, 0, 32, 173, 127, 0, 0.78%, 0, 0, 8, 686.17, 1982929, 511
4949, 0, 133, 174, 128, 0, 0.78%, 0, 0, 8, 684.27, 1986500, 511
4954, 0, 133, 174, 128, 0, 0.78%, 0, 0, 8, 684.10, 1989928, 511
4959, 0, 133, 174, 128, 0, 0.78%, 0, 0, 8, 689.88, 1993486, 511
4964, 0, 133, 174, 128, 0, 0.78%, 0, 0, 8, 666.16, 1996901, 511
4969, 0, 133, 174, 128, 0, 0.78%, 0, 0, 8, 679.73, 2000329, 511
4974, 0, 133, 174, 128, 0, 0.78%, 0, 0, 8, 676.72, 2003755, 511
4979, 0, 133, 174, 128, 0, 0.78%, 0, 0, 8, 682.36, 2007181, 511
4984, 0, 133, 174, 128, 0, 0.78%, 0, 0, 8, 676.35, 2010610, 511
4989, 0, 133, 174, 128, 0, 0.78%, 0, 0, 8, 677.15, 2013997, 511
4994, 0, 133, 174, 128, 0, 0.78%, 0, 0, 8, 675.24, 2017423, 511
4999, 0, 133, 174, 128, 0, 0.78%, 0, 0, 8, 683.36, 2020849, 511
5004, 0, 133, 174, 128, 0, 0.78%, 0, 0, 8, 676.67, 2024265, 511
5009, 0, 132, 174, 128, 0, 0.78%, 0, 0, 8, 695.81, 2027874, 511
5015, 0, 132, 174, 128, 0, 0.78%, 0, 0, 8, 678.94, 2031287, 511
5020, 0, 132, 174, 128, 0, 0.78%, 0, 0, 8, 681.14, 2034708, 511
5025, 0, 132, 174, 128, 0, 0.78%, 0, 0, 8, 686.78, 2038186, 511
5030, 0, 132, 175, 129, 0, 0.78%, 0, 0, 8, 671.43, 2041609, 511
5035, 0, 123, 175, 129, 0, 0.78%, 0, 0, 8, 674.81, 2045022, 511
5040, 0, 123, 175, 129, 0, 0.78%, 0, 0, 8, 687.00, 2048593, 511
5045, 0, 123, 175, 129, 0, 0.78%, 0, 0, 8, 686.98, 2052164, 511
5050, 0, 123, 175, 129, 0, 0.78%, 0, 0, 8, 676.28, 2055603, 511
5055, 0, 123, 175, 129, 0, 0.78%, 0, 0, 8, 677.00, 2059011, 511
5061, 0, 123, 175, 129, 0, 0.78%, 0, 0, 8, 671.69, 2062515, 511
5066, 0, 132, 175, 129, 0, 0.78%, 0, 0, 8, 684.16, 2065958, 511
5071, 0, 132, 175, 129, 0, 0.78%, 0, 0, 8, 694.82, 2069555, 511
5076, 0, 132, 175, 129, 0, 0.78%, 0, 0, 8, 677.48, 2072969, 511
5081, 0, 132, 175, 129, 0, 0.78%, 0, 0, 8, 668.95, 2076422, 511
5086, 0, 132, 176, 130, 0, 0.78%, 0, 0, 8, 672.56, 2079825, 511
5091, 0, 132, 176, 130, 0, 0.78%, 0, 0, 8, 676.81, 2083232, 511
5096, 0, 32, 176, 130, 0, 0.78%, 0, 0, 8, 694.96, 2086844, 511
5101, 0, 32, 176, 130, 0, 0.78%, 0, 0, 8, 693.45, 2090418, 511
5107, 0, 123, 176, 130, 0, 0.78%, 0, 0, 8, 691.09, 2093978, 511
5112, 0, 123, 176, 130, 0, 0.78%, 0, 0, 8, 682.77, 2097404, 511
5117, 0, 123, 176, 130, 0, 0.78%, 0, 0, 8, 682.68, 2100825, 511
5122, 0, 123, 176, 130, 0, 0.78%, 0, 0, 8, 683.46, 2104264, 511
5127, 0, 123, 176, 130, 0, 0.78%, 0, 0, 8, 674.52, 2107659, 511
5132, 0, 32, 176, 130, 0, 0.78%, 0, 0, 8, 695.42, 2111270, 511
5137, 0, 132, 176, 130, 0, 0.78%, 0, 0, 8, 691.21, 2114832, 511
5142, 0, 132, 176, 130, 0, 0.78%, 0, 0, 8, 697.90, 2118416, 511
5147, 0, 132, 176, 130, 0, 0.78%, 0, 0, 8, 676.54, 2121818, 511
5152, 0, 132, 176, 130, 0, 0.78%, 0, 0, 8, 683.81, 2125270, 511
5157, 0, 132, 176, 130, 0, 0.78%, 0, 0, 8, 680.27, 2128704, 511
5162, 0, 132, 176, 130, 0, 0.78%, 0, 0, 8, 678.48, 2132130, 511
5168, 0, 32, 176, 130, 0, 0.78%, 0, 0, 8, 697.84, 2135747, 511
5173, 0, 32, 176, 130, 0, 0.78%, 0, 0, 8, 697.26, 2139267, 511
5178, 0, 132, 176, 130, 0, 0.78%, 0, 0, 8, 702.26, 2142882, 511
5183, 0, 132, 176, 130, 0, 0.78%, 0, 0, 8, 694.79, 2146474, 511
5188, 0, 132, 176, 130, 0, 0.78%, 0, 0, 8, 683.85, 2149908, 511
5193, 0, 132, 176, 130, 0, 0.78%, 0, 0, 8, 679.61, 2153315, 511
5198, 0, 132, 176, 130, 0, 0.78%, 0, 0, 8, 683.22, 2156768, 511
5203, 0, 67, 176, 130, 0, 0.78%, 0, 0, 8, 99.97, 2159434, 511
5208, 0, 67, 176, 130, 0, 0.78%, 0, 0, 8, 112.94, 2160085, 511
5213, 0, 67, 176, 130, 0, 0.78%, 0, 0, 8, 102.43, 2160600, 511
5219, 0, 67, 176, 130, 0, 0.78%, 0, 0, 8, 111.25, 2161235, 511
5224, 0, 31, 176, 130, 0, 0.78%, 0, 0, 8, 601.94, 2162237, 511
5229, 0, 32, 176, 130, 0, 0.78%, 0, 0, 8, 682.69, 2165870, 511
5234, 0, 148, 176, 130, 0, 0.78%, 0, 0, 8, 696.75, 2169445, 511
5239, 0, 148, 176, 130, 0, 0.78%, 0, 0, 8, 701.37, 2172958, 511
5244, 0, 148, 176, 130, 0, 0.78%, 0, 0, 8, 698.36, 2176537, 511
5249, 0, 148, 176, 130, 0, 0.78%, 0, 0, 8, 698.79, 2180120, 511
5254, 0, 148, 176, 130, 0, 0.78%, 0, 0, 8, 687.73, 2183690, 511
5260, 0, 148, 176, 130, 0, 0.78%, 0, 0, 8, 684.15, 2187144, 511
5265, 0, 148, 176, 130, 0, 0.78%, 0, 0, 8, 691.14, 2190722, 511
5270, 0, 148, 176, 130, 0, 0.78%, 0, 0, 8, 696.60, 2194300, 511
5275, 0, 148, 176, 130, 0, 0.78%, 0, 0, 8, 695.19, 2197878, 511
5280, 0, 148, 176, 130, 0, 0.78%, 0, 0, 8, 694.59, 2201466, 511
5285, 0, 148, 176, 130, 0, 0.78%, 0, 0, 8, 703.34, 2205069, 511
5290, 0, 148, 176, 130, 0, 0.78%, 0, 0, 8, 698.22, 2208589, 511
5295, 0, 148, 176, 130, 0, 0.78%, 0, 0, 8, 699.72, 2212167, 511
5300, 0, 148, 176, 130, 0, 0.78%, 0, 0, 8, 702.50, 2215731, 511
5306, 0, 148, 176, 130, 0, 0.78%, 0, 0, 8, 698.57, 2219320, 511
5311, 0, 148, 176, 130, 0, 0.78%, 0, 0, 8, 700.40, 2222935, 511
5316, 0, 122, 176, 130, 0, 0.78%, 0, 0, 8, 692.77, 2226534, 511
5321, 0, 122, 176, 130, 0, 0.78%, 0, 0, 8, 689.31, 2230105, 511
5326, 0, 122, 176, 130, 0, 0.78%, 0, 0, 8, 681.93, 2233551, 511
5331, 0, 122, 176, 130, 0, 0.78%, 0, 0, 8, 685.11, 2237120, 511
5336, 0, 122, 176, 130, 0, 0.78%, 0, 0, 8, 688.36, 2240567, 511
5341, 0, 122, 176, 130, 0, 0.78%, 0, 0, 8, 676.53, 2243967, 511
5347, 0, 75, 176, 130, 0, 0.78%, 0, 0, 8, 688.93, 2247533, 511
5352, 0, 75, 176, 130, 0, 0.78%, 0, 0, 8, 698.78, 2251135, 511
5357, 0, 132, 176, 130, 0, 0.78%, 0, 0, 8, 697.69, 2254724, 511
5362, 0, 132, 176, 130, 0, 0.78%, 0, 0, 8, 701.76, 2258236, 511
5367, 0, 132, 176, 130, 0, 0.78%, 0, 0, 8, 684.75, 2261658, 511
5372, 0, 132, 176, 130, 0, 0.78%, 0, 0, 8, 680.69, 2265084, 511
5377, 0, 132, 176, 130, 0, 0.78%, 0, 0, 8, 687.77, 2268531, 511
5382, 0, 132, 176, 130, 0, 0.78%, 0, 0, 8, 688.13, 2272087, 511
5387, 0, 32, 176, 130, 0, 0.78%, 0, 0, 8, 698.67, 2275706, 511
5393, 0, 169, 176, 130, 0, 0.78%, 0, 0, 8, 692.68, 2279281, 511
5398, 0, 169, 176, 130, 0, 0.78%, 0, 0, 8, 694.74, 2282865, 511
5403, 0, 169, 176, 130, 0, 0.78%, 0, 0, 8, 682.33, 2286298, 511
5408, 0, 169, 176, 130, 0, 0.78%, 0, 0, 8, 678.71, 2289745, 511
5413, 0, 169, 177, 131, 0, 0.78%, 0, 0, 8, 675.93, 2293146, 511
5418, 0, 169, 177, 131, 0, 0.78%, 0, 0, 8, 677.46, 2296574, 511
5423, 0, 32, 177, 131, 0, 0.78%, 0, 0, 8, 694.48, 2300173, 511
5428, 0, 123, 177, 131, 0, 0.78%, 0, 0, 8, 693.55, 2303747, 511
5433, 0, 123, 177, 131, 0, 0.78%, 0, 0, 8, 695.40, 2307318, 511
5439, 0, 123, 177, 131, 0, 0.78%, 0, 0, 8, 684.97, 2310889, 511
5444, 0, 123, 177, 131, 0, 0.78%, 0, 0, 8, 685.20, 2314458, 511
5449, 0, 123, 177, 131, 0, 0.78%, 0, 0, 8, 670.36, 2317840, 511
5454, 0, 123, 177, 131, 0, 0.78%, 0, 0, 8, 680.06, 2321279, 511
5459, 0, 132, 177, 131, 0, 0.78%, 0, 0, 8, 690.76, 2324875, 511
5464, 0, 132, 177, 131, 0, 0.78%, 0, 0, 8, 693.12, 2328504, 511
5469, 0, 132, 177, 131, 0, 0.78%, 0, 0, 8, 682.70, 2331951, 511
5474, 0, 132, 177, 131, 0, 0.78%, 0, 0, 8, 676.89, 2335364, 511
5479, 0, 132, 177, 131, 0, 0.78%, 0, 0, 8, 682.72, 2338811, 511
5485, 0, 32, 177, 131, 0, 0.78%, 0, 0, 8, 686.76, 2342393, 511
5490, 0, 32, 177, 131, 0, 0.78%, 0, 0, 8, 697.83, 2346002, 511
5495, 1, 145, 178, 132, 0, 0.78%, 0, 0, 8, 696.89, 2349570, 511
5500, 1, 145, 178, 132, 0, 0.78%, 0, 0, 8, 696.01, 2353141, 511
5505, 1, 145, 178, 132, 0, 0.78%, 0, 0, 8, 699.03, 2356731, 511
5510, 1, 145, 178, 132, 0, 0.78%, 0, 0, 8, 697.73, 2360339, 511
5515, 1, 145, 178, 132, 0, 0.78%, 0, 0, 8, 699.08, 2363928, 511
5521, 1, 145, 178, 132, 0, 0.78%, 0, 0, 8, 698.68, 2367550, 511
5526, 1, 132, 178, 132, 0, 0.78%, 0, 0, 8, 693.45, 2371127, 511
5531, 1, 132, 178, 132, 0, 0.78%, 0, 0, 8, 695.92, 2374646, 511
5536, 1, 132, 178, 132, 0, 0.78%, 0, 0, 8, 687.17, 2378066, 511
5541, 1, 132, 178, 132, 0, 0.78%, 0, 0, 8, 672.56, 2381466, 511
5546, 1, 132, 178, 132, 0, 0.78%, 0, 0, 8, 675.25, 2384900, 511
5551, 1, 132, 178, 132, 0, 0.78%, 0, 0, 8, 680.44, 2388326, 511
5556, 1, 132, 178, 132, 0, 0.78%, 0, 0, 8, 681.39, 2391865, 511
5561, 1, 132, 178, 132, 0, 0.78%, 0, 0, 8, 673.68, 2395273, 511
5566, 1, 132, 178, 132, 0, 0.78%, 0, 0, 8, 670.91, 2398660, 511
5571, 1, 132, 178, 132, 0, 0.78%, 0, 0, 8, 673.07, 2402094, 511
5576, 1, 132, 178, 132, 0, 0.78%, 0, 0, 8, 684.69, 2405553, 511
5582, 1, 70, 178, 132, 0, 0.78%, 0, 0, 8, 101.22, 2408634, 511
5587, 1, 70, 178, 132, 0, 0.78%, 0, 0, 8, 114.32, 2409228, 511
5592, 1, 70, 178, 132, 0, 0.78%, 0, 0, 8, 105.07, 2409756, 511
5597, 1, 70, 178, 132, 0, 0.78%, 0, 0, 8, 102.04, 2410478, 511
5602, 1, 32, 178, 131, 0, 0.78%, 0, 0, 8, 700.17, 2412114, 511
5607, 1, 32, 178, 131, 0, 0.78%, 0, 0, 8, 687.78, 2415553, 511
5612, 1, 75, 178, 131, 0, 0.78%, 0, 0, 8, 692.18, 2419103, 511
5617, 1, 75, 178, 131, 0, 0.78%, 0, 0, 8, 692.97, 2422692, 511
5622, 1, 169, 178, 131, 0, 0.78%, 0, 0, 8, 686.33, 2426136, 511
5628, 1, 169, 178, 131, 0, 0.78%, 0, 0, 8, 691.25, 2429720, 511
5633, 1, 169, 178, 131, 0, 0.78%, 0, 0, 8, 677.30, 2433153, 511
5638, 1, 169, 178, 131, 0, 0.78%, 0, 0, 8, 668.31, 2436547, 511
5643, 1, 169, 178, 131, 0, 0.78%, 0, 0, 8, 679.96, 2439974, 511
5648, 1, 169, 178, 131, 0, 0.78%, 0, 0, 8, 678.19, 2443408, 511
5653, 1, 132, 178, 131, 0, 0.78%, 0, 0, 8, 684.20, 2446822, 511
5658, 1, 132, 178, 131, 0, 0.78%, 0, 0, 8, 678.03, 2450282, 511
5663, 1, 132, 178, 131, 0, 0.78%, 0, 0, 8, 678.42, 2453703, 511
5668, 1, 132, 178, 131, 0, 0.78%, 0, 0, 8, 683.27, 2457155, 511
5673, 1, 132, 178, 131, 0, 0.78%, 0, 0, 8, 676.64, 2460576, 511
5678, 1, 32, 178, 131, 0, 0.78%, 0, 0, 8, 681.95, 2464002, 511
5683, 1, 32, 178, 131, 0, 0.78%, 0, 0, 8, 686.33, 2467598, 511
5689, 1, 32, 178, 131, 0, 0.78%, 0, 0, 8, 694.63, 2471207, 511
5694, 1, 132, 178, 131, 0, 0.78%, 0, 0, 8, 688.92, 2474782, 511
5699, 1, 132, 178, 131, 0, 0.78%, 0, 0, 8, 692.15, 2478288, 511
5704, 1, 132, 178, 131, 0, 0.78%, 0, 0, 8, 689.97, 2481734, 511
5709, 1, 132, 178, 131, 0, 0.78%, 0, 0, 8, 681.92, 2485160, 511
5714, 1, 132, 178, 131, 0, 0.78%, 0, 0, 8, 680.64, 2488607, 511
5719, 1, 132, 178, 131, 0, 0.78%, 0, 0, 8, 678.71, 2492007, 511
5724, 1, 32, 178, 131, 0, 0.78%, 0, 0, 8, 687.90, 2495593, 511
5729, 1, 32, 178, 131, 0, 0.78%, 0, 0, 8, 697.90, 2499204, 511
5734, 1, 34, 178, 131, 0, 0.78%, 0, 0, 8, 694.48, 2502779, 511
5739, 1, 34, 178, 131, 0, 0.78%, 0, 0, 8, 99.19, 2504047, 511
5744, 1, 34, 178, 131, 0, 0.78%, 0, 0, 8, 101.04, 2504558, 511
5750, 1, 34, 178, 131, 0, 0.78%, 0, 0, 8, 112.12, 2505492, 511
5755, 1, 34, 178, 131, 0, 0.78%, 0, 0, 8, 108.03, 2506034, 511
5760, 1, 34, 178, 131, 0, 0.78%, 0, 0, 8, 101.23, 2506765, 511
5765, 1, 32, 178, 131, 0, 0.78%, 0, 0, 8, 694.04, 2509152, 511
5770, 1, 133, 178, 131, 0, 0.78%, 0, 0, 8, 689.06, 2512714, 511
5775, 1, 133, 178, 131, 0, 0.78%, 0, 0, 8, 688.92, 2516285, 511
5780, 1, 133, 178, 131, 0, 0.78%, 0, 0, 8, 677.27, 2519705, 511
5785, 1, 133, 178, 131, 0, 0.78%, 0, 0, 8, 673.70, 2523112, 511
5790, 1, 133, 178, 131, 0, 0.78%, 0, 0, 8, 669.92, 2526461, 511
5795, 1, 133, 178, 131, 0, 0.78%, 0, 0, 8, 671.39, 2529856, 511
5801, 1, 75, 178, 131, 0, 0.78%, 0, 0, 8, 685.84, 2533425, 511
5806, 1, 75, 178, 131, 0, 0.78%, 0, 0, 8, 687.13, 2536858, 511
5811, 1, 75, 178, 131, 0, 0.78%, 0, 0, 8, 99.56, 2539395, 511
5816, 1, 32, 178, 131, 0, 0.78%, 0, 0, 8, 693.51, 2541279, 511
5821, 1, 32, 179, 132, 0, 0.78%, 0, 0, 8, 696.06, 2544872, 511
5826, 1, 133, 180, 133, 0, 0.78%, 0, 0, 8, 693.11, 2548465, 511
5831, 1, 133, 180, 133, 0, 0.78%, 0, 0, 8, 688.56, 2552036, 511
5836, 1, 133, 180, 133, 0, 0.78%, 0, 0, 8, 677.50, 2555443, 511
5841, 1, 133, 180, 133, 0, 0.78%, 0, 0, 8, 675.41, 2558864, 511
5847, 1, 133, 180, 133, 0, 0.78%, 0, 0, 8, 684.96, 2562310, 511
5852, 1, 133, 180, 133, 0, 0.78%, 0, 0, 8, 672.10, 2565711, 511
5857, 1, 123, 180, 133, 0, 0.78%, 0, 0, 8, 672.31, 2569099, 511
5862, 1, 123, 182, 135, 0, 0.78%, 0, 0, 8, 690.99, 2572690, 511
5867, 1, 123, 182, 135, 0, 0.78%, 0, 0, 8, 694.27, 2576270, 511
5872, 1, 123, 182, 135, 0, 0.78%, 0, 0, 8, 681.58, 2579676, 511
5877, 1, 123, 182, 135, 0, 0.78%, 0, 0, 8, 684.13, 2583108, 511
5882, 1, 123, 182, 135, 0, 0.78%, 0, 0, 8, 678.66, 2586541, 511
5887, 1, 123, 182, 135, 0, 0.78%, 0, 0, 8, 666.66, 2589936, 511
5892, 1, 123, 182, 135, 0, 0.78%, 0, 0, 8, 678.10, 2593362, 511
5897, 1, 123, 182, 135, 0, 0.78%, 0, 0, 8, 680.86, 2596783, 511
5902, 1, 169, 182, 135, 0, 0.78%, 0, 0, 8, 690.87, 2600348, 511
5907, 1, 169, 182, 135, 0, 0.78%, 0, 0, 8, 680.76, 2603787, 511
5912, 1, 169, 182, 135, 0, 0.78%, 0, 0, 8, 100.53, 2605847, 511
5917, 1, 169, 182, 135, 0, 0.78%, 0, 0, 8, 100.21, 2606349, 511
5923, 1, 169, 182, 135, 0, 0.78%, 0, 0, 8, 669.88, 2608448, 511
5928, 1, 169, 182, 135, 0, 0.78%, 0, 0, 8, 670.74, 2611835, 511
5933, 1, 169, 182, 135, 0, 0.78%, 0, 0, 8, 673.19, 2615347, 511
5938, 1, 94, 182, 135, 0, 0.78%, 0, 0, 8, 681.35, 2618878, 511
5943, 1, 94, 182, 135, 0, 0.78%, 0, 0, 8, 691.23, 2622471, 511
5948, 1, 32, 182, 134, 0, 0.78%, 0, 0, 8, 700.35, 2626102, 511
5953, 1, 32, 182, 134, 0, 0.78%, 0, 0, 8, 691.15, 2629663, 511
5959, 1, 132, 182, 134, 0, 0.78%, 0, 0, 8, 694.07, 2633258, 511
5964, 1, 132, 182, 134, 0, 0.78%, 0, 0, 8, 686.22, 2636705, 511
5969, 1, 132, 182, 134, 0, 0.78%, 0, 0, 8, 687.15, 2640274, 511
5974, 1, 132, 182, 134, 0, 0.78%, 0, 0, 8, 675.77, 2643695, 511
5979, 1, 132, 182, 134, 0, 0.78%, 0, 0, 8, 678.60, 2647128, 511
5984, 1, 32, 182, 134, 0, 0.78%, 0, 0, 8, 676.53, 2650529, 511
5989, 1, 32, 182, 134, 0, 0.78%, 0, 0, 8, 693.70, 2654151, 511
5994, 1, 34, 182, 134, 0, 0.78%, 0, 0, 8, 101.68, 2656084, 511
5999, 1, 34, 182, 134, 0, 0.78%, 0, 0, 8, 117.40, 2656648, 511
6005, 1, 34, 182, 134, 0, 0.78%, 0, 0, 8, 99.94, 2657534, 511
6010, 1, 34, 182, 134, 0, 0.78%, 0, 0, 8, 101.30, 2658256, 511
6015, 1, 34, 182, 134, 0, 0.78%, 0, 0, 8, 100.24, 2658979, 511
6020, 1, 34, 182, 134, 0, 0.78%, 0, 0, 8, 102.51, 2659503, 511
6025, 1, 32, 182, 134, 0, 0.78%, 0, 0, 8, 655.52, 2662695, 511
