# relative_time, cycles_done, cur_item, corpus_count, pending_total, pending_favs, map_size, saved_crashes, saved_hangs, max_depth, execs_per_sec, total_execs, edges_found
60, 0, 3, 27, 24, 1, 0.91%, 2, 0, 2, 225.65, 14251, 599
65, 0, 3, 27, 24, 1, 0.91%, 2, 0, 2, 229.77, 15411, 599
71, 0, 3, 27, 24, 1, 0.91%, 2, 0, 2, 230.04, 16607, 599
76, 0, 3, 27, 24, 1, 0.91%, 3, 0, 2, 231.52, 17811, 599
81, 0, 3, 27, 24, 1, 0.91%, 4, 0, 2, 228.93, 18987, 599
86, 0, 3, 27, 24, 1, 0.91%, 4, 0, 2, 228.79, 20135, 599
91, 0, 3, 27, 24, 1, 0.91%, 4, 0, 2, 232.26, 21303, 599
96, 0, 3, 27, 24, 1, 0.91%, 4, 0, 2, 228.53, 22483, 599
101, 0, 3, 27, 24, 1, 0.91%, 4, 0, 2, 228.51, 23667, 599
106, 0, 3, 27, 24, 1, 0.91%, 4, 0, 2, 229.08, 24823, 599
112, 0, 3, 27, 24, 1, 0.91%, 4, 0, 2, 232.10, 26031, 599
117, 0, 3, 27, 24, 1, 0.91%, 4, 0, 2, 231.33, 27183, 599
122, 0, 3, 27, 24, 1, 0.91%, 4, 0, 2, 233.21, 28347, 599
127, 0, 3, 27, 24, 1, 0.91%, 4, 0, 2, 228.30, 29535, 599
132, 0, 3, 27, 24, 1, 0.91%, 4, 0, 2, 230.01, 30683, 599
137, 0, 3, 27, 24, 1, 0.91%, 4, 0, 2, 232.49, 31883, 599
142, 0, 3, 27, 24, 1, 0.91%, 4, 0, 2, 234.08, 33091, 599
147, 0, 6, 33, 29, 5, 0.96%, 5, 0, 3, 220.23, 34179, 628
152, 0, 6, 35, 31, 5, 0.96%, 5, 0, 3, 220.14, 35323, 632
157, 0, 6, 35, 31, 5, 0.96%, 5, 0, 3, 220.23, 36435, 632
162, 0, 6, 35, 31, 5, 0.96%, 5, 0, 3, 219.18, 37535, 632
168, 0, 6, 36, 32, 5, 0.97%, 5, 0, 3, 218.32, 38639, 634
173, 0, 6, 36, 32, 5, 0.97%, 6, 0, 3, 218.73, 39783, 634
178, 0, 6, 36, 32, 5, 0.97%, 6, 0, 3, 222.51, 40903, 634
183, 0, 6, 36, 32, 5, 0.97%, 6, 0, 3, 220.42, 42043, 634
188, 0, 6, 36, 32, 5, 0.97%, 6, 0, 3, 218.75, 43151, 634
193, 0, 6, 36, 32, 5, 0.97%, 6, 0, 3, 217.42, 44255, 634
198, 0, 6, 36, 32, 5, 0.97%, 6, 0, 3, 220.93, 45363, 634
203, 0, 6, 36, 32, 5, 0.97%, 6, 0, 3, 218.12, 46463, 634
208, 0, 6, 36, 32, 5, 0.97%, 6, 0, 3, 220.84, 47607, 634
213, 0, 6, 36, 32, 5, 0.97%, 6, 0, 3, 220.61, 48715, 634
219, 0, 6, 36, 32, 5, 0.97%, 6, 0, 3, 219.94, 49855, 634
224, 0, 6, 36, 32, 5, 0.97%, 6, 0, 3, 219.38, 50951, 634
229, 0, 6, 36, 32, 5, 0.97%, 6, 0, 3, 222.41, 52083, 634
234, 0, 6, 36, 32, 5, 0.97%, 6, 0, 3, 224.22, 53211, 634
239, 0, 6, 36, 32, 5, 0.97%, 6, 0, 3, 220.73, 54315, 634
244, 0, 6, 36, 32, 5, 0.97%, 6, 0, 3, 221.88, 55471, 634
249, 0, 6, 36, 32, 5, 0.97%, 6, 0, 3, 220.51, 56591, 634
254, 0, 6, 36, 32, 5, 0.97%, 6, 0, 3, 216.63, 57687, 634
259, 0, 6, 36, 32, 5, 0.97%, 6, 0, 3, 218.48, 58827, 634
264, 0, 6, 36, 32, 5, 0.97%, 6, 0, 3, 217.77, 59915, 634
269, 0, 6, 36, 32, 5, 0.97%, 6, 0, 3, 221.75, 61031, 634
274, 0, 6, 36, 32, 5, 0.97%, 6, 0, 3, 221.22, 62143, 634
279, 0, 6, 36, 32, 5, 0.97%, 6, 0, 3, 215.39, 63231, 634
284, 0, 6, 36, 32, 5, 0.97%, 6, 0, 3, 219.75, 64375, 634
290, 0, 6, 36, 32, 5, 0.97%, 6, 0, 3, 219.04, 65507, 634
295, 0, 33, 36, 30, 7, 0.97%, 6, 0, 3, 220.22, 66616, 634
300, 0, 18, 36, 29, 6, 0.97%, 6, 0, 3, 210.07, 67740, 634
305, 0, 5, 36, 28, 5, 0.97%, 6, 0, 3, 225.48, 68894, 634
310, 0, 6, 36, 26, 3, 0.97%, 6, 0, 3, 239.09, 70186, 634
315, 0, 25, 36, 26, 3, 0.97%, 6, 0, 3, 203.76, 71202, 634
320, 0, 28, 36, 25, 2, 0.97%, 6, 0, 3, 220.10, 72342, 634
325, 0, 28, 36, 24, 1, 0.97%, 6, 0, 3, 211.27, 73382, 634
330, 0, 9, 36, 24, 1, 0.97%, 6, 0, 3, 244.62, 74656, 634
335, 0, 28, 36, 23, 0, 0.97%, 6, 0, 3, 224.78, 75780, 634
340, 0, 28, 36, 23, 0, 0.97%, 6, 0, 3, 223.35, 76902, 634
346, 0, 5, 36, 23, 0, 0.97%, 6, 0, 3, 228.15, 78046, 634
351, 0, 28, 36, 23, 0, 0.97%, 6, 0, 3, 237.55, 79288, 634
356, 0, 28, 36, 23, 0, 0.97%, 6, 0, 3, 226.23, 80404, 634
361, 0, 6, 36, 23, 0, 0.97%, 6, 0, 3, 225.69, 81532, 634
366, 0, 5, 36, 23, 0, 0.97%, 6, 0, 3, 241.25, 82728, 634
371, 0, 28, 36, 23, 0, 0.97%, 6, 0, 3, 256.88, 84089, 634
376, 0, 35, 36, 23, 0, 0.97%, 6, 0, 3, 230.65, 85220, 634
381, 0, 35, 36, 23, 0, 0.97%, 6, 0, 3, 208.87, 86240, 634
386, 0, 28, 36, 23, 0, 0.97%, 6, 0, 3, 212.14, 87326, 634
391, 0, 28, 36, 23, 0, 0.97%, 6, 0, 3, 239.51, 88560, 634
396, 1, 6, 36, 23, 0, 0.97%, 6, 0, 3, 226.68, 89712, 634
401, 1, 35, 36, 23, 0, 0.97%, 6, 0, 3, 214.29, 90828, 634
406, 1, 35, 36, 23, 0, 0.97%, 6, 0, 3, 206.45, 91860, 634
412, 1, 28, 36, 23, 0, 0.97%, 6, 0, 3, 218.91, 92996, 634
417, 1, 9, 36, 23, 0, 0.97%, 6, 0, 3, 240.30, 94196, 634
422, 1, 5, 36, 23, 0, 0.97%, 6, 0, 3, 244.24, 95458, 634
427, 1, 0, 36, 23, 0, 0.97%, 6, 0, 3, 229.94, 96663, 634
432, 1, 33, 36, 22, 0, 0.97%, 6, 0, 3, 239.91, 97889, 634
437, 1, 33, 36, 22, 0, 0.97%, 6, 0, 3, 261.13, 99264, 634
442, 1, 28, 36, 22, 0, 0.97%, 6, 0, 3, 249.82, 100535, 634
448, 1, 28, 36, 22, 0, 0.97%, 6, 0, 3, 229.19, 101669, 634
453, 1, 28, 36, 22, 0, 0.97%, 6, 0, 3, 224.46, 102829, 634
458, 1, 5, 36, 22, 0, 0.97%, 6, 0, 3, 236.12, 104033, 634
463, 1, 18, 36, 22, 0, 0.97%, 6, 0, 3, 234.53, 105231, 634
468, 1, 28, 36, 22, 0, 0.97%, 6, 0, 3, 225.49, 106361, 634
473, 1, 28, 36, 22, 0, 0.97%, 6, 0, 3, 224.17, 107481, 634
478, 1, 28, 36, 22, 0, 0.97%, 6, 0, 3, 225.00, 108609, 634
483, 1, 25, 36, 22, 0, 0.97%, 6, 0, 3, 246.99, 109903, 634
488, 1, 28, 36, 22, 0, 0.97%, 6, 0, 3, 228.20, 111023, 634
493, 1, 28, 36, 22, 0, 0.97%, 6, 0, 3, 224.65, 112187, 634
499, 1, 28, 36, 22, 0, 0.97%, 6, 0, 3, 227.41, 113363, 634
504, 1, 33, 36, 22, 0, 0.97%, 6, 0, 3, 254.78, 114700, 634
509, 1, 33, 36, 22, 0, 0.97%, 6, 0, 3, 264.69, 116070, 634
514, 1, 5, 36, 22, 0, 0.97%, 6, 0, 3, 266.14, 117446, 634
519, 2, 28, 36, 22, 0, 0.97%, 6, 0, 3, 240.76, 118661, 634
524, 2, 6, 36, 22, 0, 0.97%, 6, 0, 3, 223.36, 119761, 634
529, 2, 33, 36, 22, 0, 0.97%, 6, 0, 3, 246.04, 120977, 634
534, 2, 33, 36, 22, 0, 0.97%, 6, 0, 3, 260.35, 122357, 634
539, 2, 5, 36, 22, 0, 0.97%, 6, 0, 3, 263.52, 123688, 634
544, 2, 5, 36, 22, 0, 0.97%, 6, 0, 3, 235.89, 124831, 634
550, 2, 33, 36, 22, 0, 0.97%, 6, 0, 3, 258.68, 126200, 634
555, 2, 33, 36, 22, 0, 0.97%, 6, 0, 3, 263.32, 127525, 634
560, 2, 5, 36, 22, 0, 0.97%, 6, 0, 3, 265.12, 128866, 634
565, 2, 34, 36, 22, 0, 0.97%, 6, 0, 3, 251.58, 130121, 634
570, 2, 28, 36, 22, 0, 0.97%, 6, 0, 3, 235.19, 131307, 634
575, 2, 33, 36, 22, 0, 0.97%, 6, 0, 3, 258.21, 132659, 634
580, 2, 33, 36, 22, 0, 0.97%, 6, 0, 3, 263.28, 133984, 634
585, 2, 28, 36, 22, 0, 0.97%, 6, 0, 3, 234.17, 135145, 634
590, 2, 34, 36, 22, 0, 0.97%, 6, 0, 3, 233.86, 136333, 634
595, 2, 28, 36, 22, 0, 0.97%, 6, 0, 3, 245.22, 137635, 634
601, 2, 9, 36, 22, 0, 0.97%, 6, 0, 3, 227.85, 138801, 634
606, 2, 28, 36, 22, 0, 0.97%, 6, 0, 3, 238.10, 140097, 634
611, 2, 28, 36, 22, 0, 0.97%, 6, 0, 3, 225.62, 141217, 634
616, 2, 28, 36, 22, 0, 0.97%, 6, 0, 3, 227.27, 142355, 634
621, 2, 25, 36, 22, 0, 0.97%, 6, 0, 3, 223.39, 143511, 634
626, 2, 28, 36, 22, 0, 0.97%, 6, 0, 3, 220.57, 144621, 634
631, 2, 28, 36, 22, 0, 0.97%, 7, 0, 3, 219.70, 145723, 634
636, 2, 28, 36, 22, 0, 0.97%, 7, 0, 3, 235.88, 147007, 634
641, 2, 28, 36, 22, 0, 0.97%, 7, 0, 3, 227.96, 148131, 634
646, 3, 28, 36, 22, 0, 0.97%, 7, 0, 3, 225.61, 149261, 634
651, 3, 33, 36, 22, 0, 0.97%, 7, 0, 3, 255.40, 150621, 634
657, 3, 28, 36, 22, 0, 0.97%, 7, 0, 3, 258.03, 151977, 634
662, 3, 28, 36, 22, 0, 0.97%, 7, 0, 3, 231.42, 153133, 634
667, 3, 28, 36, 22, 0, 0.97%, 7, 0, 3, 226.21, 154265, 634
672, 3, 18, 36, 22, 0, 0.97%, 7, 0, 3, 223.87, 155425, 634
677, 3, 9, 36, 22, 0, 0.97%, 7, 0, 3, 239.36, 156609, 634
682, 3, 25, 36, 22, 0, 0.97%, 7, 0, 3, 234.97, 157827, 634
687, 3, 28, 36, 22, 0, 0.97%, 7, 0, 3, 223.96, 158987, 634
692, 3, 28, 36, 22, 0, 0.97%, 7, 0, 3, 245.34, 160237, 634
697, 3, 25, 36, 22, 0, 0.97%, 7, 0, 3, 228.59, 161367, 634
703, 3, 6, 36, 22, 0, 0.97%, 7, 0, 3, 225.44, 162527, 634
708, 3, 28, 36, 22, 0, 0.97%, 7, 0, 3, 225.27, 163655, 634
713, 3, 33, 36, 22, 0, 0.97%, 7, 0, 3, 241.77, 164899, 634
718, 3, 33, 36, 22, 0, 0.97%, 7, 0, 3, 259.47, 166218, 634
723, 3, 28, 36, 22, 0, 0.97%, 7, 0, 3, 248.86, 167494, 634
728, 3, 5, 36, 22, 0, 0.97%, 7, 0, 3, 245.74, 168729, 634
733, 3, 33, 36, 22, 0, 0.97%, 7, 0, 3, 263.36, 170113, 634
738, 3, 33, 36, 22, 0, 0.97%, 7, 0, 3, 264.62, 171488, 634
744, 3, 28, 36, 22, 0, 0.97%, 7, 0, 3, 235.90, 172705, 634
749, 3, 18, 36, 22, 0, 0.97%, 7, 0, 3, 226.86, 173865, 634
754, 3, 28, 36, 22, 0, 0.97%, 7, 0, 3, 224.61, 175031, 634
759, 3, 6, 36, 22, 0, 0.97%, 7, 0, 3, 221.90, 176151, 634
764, 3, 5, 36, 22, 0, 0.97%, 7, 0, 3, 236.04, 177325, 634
769, 4, 30, 36, 21, 0, 0.97%, 7, 0, 3, 259.44, 178696, 634
774, 4, 30, 36, 21, 0, 0.97%, 7, 0, 3, 248.06, 179927, 634
779, 4, 6, 36, 21, 0, 0.97%, 7, 0, 3, 245.92, 181209, 634
784, 4, 30, 36, 21, 0, 0.97%, 7, 0, 3, 228.54, 182319, 634
790, 4, 5, 36, 21, 0, 0.97%, 7, 0, 3, 254.58, 183634, 634
795, 4, 30, 36, 21, 0, 0.97%, 7, 0, 3, 250.30, 184886, 634
800, 4, 19, 36, 21, 0, 0.97%, 7, 0, 3, 252.07, 186178, 634
805, 4, 30, 36, 20, 0, 0.97%, 7, 0, 3, 258.33, 187489, 634
810, 4, 34, 36, 20, 0, 0.97%, 7, 0, 3, 251.36, 188798, 634
815, 4, 33, 36, 20, 0, 0.97%, 7, 0, 3, 255.04, 190105, 634
820, 4, 33, 36, 20, 0, 0.97%, 7, 0, 3, 262.27, 191425, 634
825, 4, 30, 36, 20, 0, 0.97%, 7, 0, 3, 251.68, 192736, 634
830, 4, 30, 36, 20, 0, 0.97%, 7, 0, 3, 260.06, 194053, 634
835, 4, 30, 36, 20, 0, 0.97%, 7, 0, 3, 261.02, 195367, 634
840, 4, 35, 36, 20, 0, 0.97%, 7, 0, 3, 222.80, 196459, 634
846, 4, 30, 36, 20, 0, 0.97%, 7, 0, 3, 249.32, 197757, 634
851, 4, 34, 36, 20, 0, 0.97%, 7, 0, 3, 254.13, 199063, 634
856, 4, 30, 36, 20, 0, 0.97%, 7, 0, 3, 254.57, 200335, 634
861, 4, 6, 36, 20, 0, 0.97%, 7, 0, 3, 252.63, 201667, 634
866, 4, 30, 36, 20, 0, 0.97%, 7, 0, 3, 252.87, 202924, 634
871, 4, 25, 36, 20, 0, 0.97%, 7, 0, 3, 232.08, 204079, 634
876, 4, 30, 36, 20, 0, 0.97%, 7, 0, 3, 235.82, 205235, 634
881, 5, 30, 36, 20, 0, 0.97%, 7, 0, 3, 257.80, 206595, 634
886, 5, 6, 36, 20, 0, 0.97%, 7, 0, 3, 258.34, 207901, 634
891, 5, 6, 36, 20, 0, 0.97%, 7, 0, 3, 250.87, 209146, 634
896, 5, 30, 36, 20, 0, 0.97%, 7, 0, 3, 247.50, 210421, 634
901, 5, 33, 36, 20, 0, 0.97%, 7, 0, 3, 253.61, 211720, 634
906, 5, 33, 36, 20, 0, 0.97%, 7, 0, 3, 261.82, 213045, 634
912, 5, 6, 36, 20, 0, 0.97%, 7, 0, 3, 241.06, 214277, 634
917, 5, 30, 36, 20, 0, 0.97%, 7, 0, 3, 254.68, 215575, 634
922, 5, 30, 36, 20, 0, 0.97%, 7, 0, 3, 262.50, 216949, 634
927, 5, 30, 36, 20, 0, 0.97%, 7, 0, 3, 263.42, 218313, 634
932, 5, 30, 36, 20, 0, 0.97%, 7, 0, 3, 240.76, 219509, 634
937, 5, 5, 36, 20, 0, 0.97%, 7, 0, 3, 251.54, 220812, 634
942, 5, 30, 36, 20, 0, 0.97%, 7, 0, 3, 257.63, 222119, 634
948, 5, 5, 36, 20, 0, 0.97%, 7, 0, 3, 264.61, 223496, 634
953, 5, 34, 36, 20, 0, 0.97%, 7, 0, 3, 256.15, 224781, 634
958, 5, 30, 36, 20, 0, 0.97%, 7, 0, 3, 248.68, 226037, 634
963, 5, 30, 36, 20, 0, 0.97%, 7, 0, 3, 260.32, 227354, 634
968, 5, 30, 36, 20, 0, 0.97%, 7, 0, 3, 247.90, 228655, 634
973, 6, 35, 36, 20, 0, 0.97%, 7, 0, 3, 246.99, 229927, 634
978, 6, 30, 36, 20, 0, 0.97%, 7, 0, 3, 235.82, 231051, 634
983, 6, 30, 36, 20, 0, 0.97%, 7, 0, 3, 254.37, 232351, 634
988, 6, 21, 36, 20, 0, 0.97%, 7, 0, 3, 242.11, 233533, 634
993, 6, 5, 36, 19, 0, 0.97%, 7, 0, 3, 254.80, 234855, 634
998, 6, 5, 36, 19, 0, 0.97%, 7, 0, 3, 260.73, 236174, 634
1003, 6, 30, 36, 19, 0, 0.97%, 7, 0, 3, 261.78, 237499, 634
1008, 6, 30, 36, 19, 0, 0.97%, 7, 0, 3, 261.71, 238811, 634
1013, 6, 34, 36, 19, 0, 0.97%, 7, 0, 3, 254.95, 240090, 634
1018, 6, 30, 36, 19, 0, 0.97%, 7, 0, 3, 254.52, 241357, 634
1024, 6, 25, 36, 19, 0, 0.97%, 7, 0, 3, 233.93, 242570, 634
1029, 6, 18, 36, 19, 0, 0.97%, 7, 0, 3, 233.68, 243776, 634
1034, 6, 30, 36, 19, 0, 0.97%, 7, 0, 3, 246.76, 245044, 634
1039, 6, 8, 36, 19, 0, 0.97%, 7, 0, 3, 240.83, 246309, 634
1044, 6, 10, 37, 19, 0, 0.97%, 7, 0, 3, 257.60, 247679, 634
1049, 6, 8, 37, 18, 0, 0.97%, 7, 0, 3, 246.09, 248922, 634
1054, 6, 5, 37, 18, 0, 0.97%, 7, 0, 3, 256.41, 250209, 634
1059, 6, 30, 37, 18, 0, 0.97%, 7, 0, 3, 259.77, 251521, 634
1064, 6, 35, 37, 18, 0, 0.97%, 7, 0, 3, 235.32, 252730, 634
1069, 6, 34, 37, 18, 0, 0.97%, 7, 0, 3, 232.95, 253854, 634
1074, 6, 34, 37, 18, 0, 0.97%, 7, 0, 3, 249.13, 255152, 634
1080, 7, 30, 37, 18, 0, 0.97%, 7, 0, 3, 254.02, 256426, 634
1085, 7, 18, 37, 18, 0, 0.97%, 7, 0, 3, 232.90, 257630, 634
1090, 7, 30, 37, 18, 0, 0.97%, 7, 0, 3, 248.24, 258904, 634
1095, 7, 6, 37, 18, 0, 0.97%, 7, 0, 3, 245.86, 260208, 634
1100, 7, 30, 37, 18, 0, 0.97%, 7, 0, 3, 246.40, 261466, 634
1105, 7, 18, 37, 18, 0, 0.97%, 7, 0, 3, 228.37, 262610, 634
1110, 7, 30, 37, 18, 0, 0.97%, 7, 0, 3, 241.79, 263878, 634
1116, 7, 8, 37, 18, 0, 0.97%, 7, 0, 3, 237.15, 265124, 634
1121, 7, 33, 37, 18, 0, 0.97%, 7, 0, 3, 236.71, 266326, 634
1126, 7, 33, 37, 18, 0, 0.97%, 7, 0, 3, 259.51, 267705, 634
1131, 7, 33, 37, 18, 0, 0.97%, 7, 0, 3, 262.99, 269073, 634
1136, 7, 30, 37, 18, 0, 0.97%, 7, 0, 3, 263.73, 270454, 634
1141, 7, 6, 37, 18, 0, 0.97%, 7, 0, 3, 237.55, 271630, 634
1146, 7, 16, 37, 18, 0, 0.97%, 7, 0, 3, 233.04, 272830, 634
1152, 7, 8, 37, 17, 0, 0.97%, 7, 0, 3, 244.17, 274092, 634
1157, 7, 30, 37, 17, 0, 0.97%, 7, 0, 3, 247.64, 275356, 634
1162, 7, 34, 37, 17, 0, 0.97%, 7, 0, 3, 243.19, 276594, 634
1167, 7, 30, 37, 17, 0, 0.97%, 7, 0, 3, 240.88, 277812, 634
1172, 7, 25, 37, 17, 0, 0.97%, 7, 0, 3, 247.21, 279132, 634
1177, 8, 30, 37, 17, 0, 0.97%, 7, 0, 3, 237.17, 280298, 634
1182, 8, 8, 37, 17, 0, 0.97%, 8, 0, 3, 232.51, 281476, 634
1187, 8, 8, 37, 17, 0, 0.97%, 8, 0, 3, 241.51, 282770, 634
1193, 8, 34, 37, 17, 0, 0.97%, 8, 0, 3, 248.15, 284038, 634
1198, 8, 6, 37, 17, 0, 0.97%, 8, 0, 3, 257.66, 285348, 634
1203, 8, 30, 37, 17, 0, 0.97%, 8, 0, 3, 246.33, 286572, 634
1208, 8, 18, 37, 17, 0, 0.97%, 8, 0, 3, 237.13, 287782, 634
1213, 8, 8, 37, 17, 0, 0.97%, 8, 0, 3, 242.87, 289024, 634
1218, 8, 30, 37, 17, 0, 0.97%, 8, 0, 3, 248.71, 290258, 634
1223, 8, 8, 37, 17, 0, 0.97%, 8, 0, 3, 234.84, 291448, 634
1228, 8, 9, 37, 17, 0, 0.97%, 8, 0, 3, 253.06, 292751, 634
1233, 8, 5, 37, 17, 0, 0.97%, 8, 0, 3, 261.85, 294078, 634
1238, 8, 8, 37, 17, 0, 0.97%, 8, 0, 3, 250.38, 295395, 634
1243, 8, 33, 37, 17, 0, 0.97%, 8, 0, 3, 254.88, 296655, 634
1248, 8, 30, 37, 17, 0, 0.97%, 8, 0, 3, 262.04, 298026, 634
1253, 8, 6, 37, 17, 0, 0.97%, 8, 0, 3, 243.41, 299260, 634
1259, 8, 13, 37, 17, 0, 0.97%, 8, 0, 3, 230.64, 300455, 634
1264, 8, 30, 37, 16, 0, 0.97%, 8, 0, 3, 252.32, 301730, 634
1269, 8, 6, 37, 16, 0, 0.97%, 8, 0, 3, 261.88, 303056, 634
1274, 8, 18, 37, 16, 0, 0.97%, 8, 0, 3, 228.86, 304213, 634
1279, 8, 35, 37, 16, 0, 0.97%, 8, 0, 3, 209.42, 305243, 634
1284, 8, 34, 37, 16, 0, 0.97%, 8, 0, 3, 239.97, 306511, 634
1289, 9, 6, 37, 16, 0, 0.97%, 8, 0, 3, 255.04, 307812, 634
1294, 9, 30, 37, 16, 0, 0.97%, 8, 0, 3, 231.68, 308933, 634
1299, 9, 30, 37, 16, 0, 0.97%, 8, 0, 3, 246.67, 310229, 634
1304, 9, 34, 37, 15, 0, 0.97%, 8, 0, 3, 253.25, 311553, 634
1310, 9, 5, 37, 15, 0, 0.97%, 8, 0, 3, 255.42, 312825, 634
1315, 9, 30, 37, 15, 0, 0.97%, 8, 0, 3, 253.88, 314082, 634
1320, 9, 25, 37, 15, 0, 0.97%, 8, 0, 3, 233.19, 315260, 634
1325, 9, 30, 37, 15, 0, 0.97%, 8, 0, 3, 250.88, 316566, 634
1330, 9, 30, 37, 15, 0, 0.97%, 8, 0, 3, 260.67, 317887, 634
1335, 9, 33, 37, 15, 0, 0.97%, 8, 0, 3, 262.36, 319204, 634
1340, 9, 30, 37, 15, 0, 0.97%, 8, 0, 3, 263.31, 320535, 634
1345, 9, 30, 37, 15, 0, 0.97%, 8, 0, 3, 262.95, 321849, 634
1350, 9, 8, 37, 15, 0, 0.97%, 8, 0, 3, 251.78, 323116, 634
1355, 9, 33, 37, 15, 0, 0.97%, 8, 0, 3, 254.44, 324391, 634
1360, 9, 30, 37, 15, 0, 0.97%, 8, 0, 3, 261.34, 325757, 634
1365, 9, 33, 37, 15, 0, 0.97%, 8, 0, 3, 263.70, 327124, 634
1370, 9, 6, 37, 15, 0, 0.97%, 8, 0, 3, 258.24, 328427, 634
1375, 9, 35, 37, 15, 0, 0.97%, 8, 0, 3, 233.44, 329610, 634
1380, 9, 8, 37, 15, 0, 0.97%, 8, 0, 3, 224.05, 330706, 634
1385, 9, 30, 37, 15, 0, 0.97%, 8, 0, 3, 252.61, 331999, 634
1390, 9, 6, 37, 15, 0, 0.97%, 8, 0, 3, 248.17, 333268, 634
1396, 9, 25, 37, 15, 0, 0.97%, 8, 0, 3, 238.45, 334486, 634
1401, 10, 30, 37, 15, 0, 0.97%, 8, 0, 3, 252.37, 335792, 634
1406, 10, 8, 37, 15, 0, 0.97%, 8, 0, 3, 213.64, 336842, 634
1411, 10, 33, 37, 15, 0, 0.97%, 8, 0, 3, 241.15, 338094, 634
1416, 10, 34, 37, 15, 0, 0.97%, 8, 0, 3, 260.29, 339465, 634
1421, 10, 8, 37, 15, 0, 0.97%, 8, 0, 3, 246.91, 340720, 634
1426, 10, 30, 37, 15, 0, 0.97%, 8, 0, 3, 249.06, 341988, 634
1431, 10, 30, 37, 15, 0, 0.97%, 8, 0, 3, 259.35, 343308, 634
1436, 10, 30, 37, 15, 0, 0.97%, 8, 0, 3, 261.44, 344627, 634
1441, 10, 25, 37, 15, 0, 0.97%, 8, 0, 3, 234.47, 345800, 634
1447, 10, 6, 37, 15, 0, 0.97%, 8, 0, 3, 252.45, 347093, 634
1452, 10, 8, 37, 15, 0, 0.97%, 8, 0, 3, 244.11, 348312, 634
1457, 10, 30, 37, 15, 0, 0.97%, 8, 0, 3, 254.72, 349617, 634
1462, 10, 30, 37, 15, 0, 0.97%, 8, 0, 3, 262.27, 350989, 634
1467, 10, 30, 37, 15, 0, 0.97%, 8, 0, 3, 261.88, 352293, 634
1472, 10, 30, 37, 15, 0, 0.97%, 8, 0, 3, 262.88, 353607, 634
1477, 10, 33, 37, 15, 0, 0.97%, 8, 0, 3, 264.43, 354936, 634
1482, 10, 30, 37, 15, 0, 0.97%, 8, 0, 3, 263.71, 356257, 634
1487, 10, 8, 37, 15, 0, 0.97%, 8, 0, 3, 244.66, 357488, 634
1492, 10, 8, 37, 15, 0, 0.97%, 8, 0, 3, 243.64, 358722, 634
1497, 10, 5, 37, 15, 0, 0.97%, 8, 0, 3, 246.57, 359970, 634
1502, 10, 25, 37, 15, 0, 0.97%, 8, 0, 3, 241.26, 361250, 634
1507, 10, 30, 37, 15, 0, 0.97%, 8, 0, 3, 249.49, 362476, 634
1512, 11, 30, 37, 15, 0, 0.97%, 8, 0, 3, 260.74, 363789, 634
1517, 11, 35, 37, 15, 0, 0.97%, 8, 0, 3, 228.85, 365004, 634
1522, 11, 34, 37, 15, 0, 0.97%, 8, 0, 3, 235.90, 366156, 634
1527, 11, 30, 37, 15, 0, 0.97%, 8, 0, 3, 255.93, 367447, 634
1532, 11, 8, 37, 15, 0, 0.97%, 8, 0, 3, 258.07, 368759, 634
1537, 11, 30, 37, 15, 0, 0.97%, 8, 0, 3, 251.44, 369989, 634
1543, 11, 33, 37, 15, 0, 0.97%, 8, 0, 3, 260.07, 371305, 634
1548, 11, 33, 37, 15, 0, 0.97%, 8, 0, 3, 264.84, 372640, 634
1553, 11, 30, 37, 15, 0, 0.97%, 8, 0, 3, 263.22, 374008, 634
1558, 11, 33, 37, 15, 0, 0.97%, 8, 0, 3, 265.45, 375385, 634
1563, 11, 8, 37, 15, 0, 0.97%, 8, 0, 3, 246.75, 376674, 634
1568, 11, 35, 37, 15, 0, 0.97%, 8, 0, 3, 213.41, 377718, 634
1573, 11, 30, 37, 15, 0, 0.97%, 8, 0, 3, 246.70, 378968, 634
1578, 11, 35, 37, 15, 0, 0.97%, 8, 0, 3, 247.66, 380245, 634
1583, 11, 30, 37, 15, 0, 0.97%, 8, 0, 3, 234.05, 381356, 634
1588, 11, 30, 37, 15, 0, 0.97%, 8, 0, 3, 258.06, 382721, 634
1594, 11, 30, 37, 15, 0, 0.97%, 8, 0, 3, 262.43, 384095, 634
1599, 11, 30, 37, 15, 0, 0.97%, 8, 0, 3, 260.71, 385409, 634
1604, 11, 35, 37, 15, 0, 0.97%, 8, 0, 3, 218.78, 386484, 634
1609, 11, 33, 37, 15, 0, 0.97%, 8, 0, 3, 256.67, 387856, 634
1614, 11, 30, 37, 15, 0, 0.97%, 8, 0, 3, 260.57, 389169, 634
1619, 11, 34, 37, 15, 0, 0.97%, 8, 0, 3, 252.17, 390471, 634
1624, 11, 18, 37, 15, 0, 0.97%, 8, 0, 3, 217.53, 391534, 634
1629, 11, 30, 37, 15, 0, 0.97%, 8, 0, 3, 239.46, 392734, 634
1634, 12, 30, 37, 15, 0, 0.97%, 8, 0, 3, 259.41, 394060, 634
1639, 12, 30, 37, 15, 0, 0.97%, 8, 0, 3, 259.86, 395374, 634
1644, 12, 30, 37, 15, 0, 0.97%, 8, 0, 3, 261.24, 396683, 634
1649, 12, 30, 37, 15, 0, 0.97%, 8, 0, 3, 262.81, 397999, 634
1654, 12, 6, 37, 15, 0, 0.97%, 8, 0, 3, 250.69, 399273, 634
1659, 12, 30, 37, 15, 0, 0.97%, 8, 0, 3, 216.34, 400312, 634
1664, 12, 35, 37, 15, 0, 0.97%, 8, 0, 3, 221.17, 401480, 634
1670, 12, 8, 37, 15, 0, 0.97%, 8, 0, 3, 237.09, 402690, 634
1675, 12, 30, 37, 15, 0, 0.97%, 8, 0, 3, 249.35, 403922, 634
1680, 12, 5, 37, 15, 0, 0.97%, 8, 0, 3, 260.50, 405241, 634
1685, 12, 30, 37, 15, 0, 0.97%, 8, 0, 3, 242.56, 406450, 634
1690, 12, 25, 37, 15, 0, 0.97%, 8, 0, 3, 231.99, 407636, 634
1695, 12, 8, 37, 15, 0, 0.97%, 8, 0, 3, 238.41, 408898, 634
1700, 12, 5, 37, 14, 0, 0.97%, 8, 0, 3, 249.76, 410197, 634
1705, 12, 30, 37, 14, 0, 0.97%, 8, 0, 3, 256.28, 411498, 634
1710, 12, 31, 37, 14, 0, 0.97%, 8, 0, 3, 251.12, 412783, 634
1715, 12, 33, 37, 13, 0, 0.97%, 8, 0, 3, 247.35, 413967, 634
1720, 12, 33, 37, 13, 0, 0.97%, 8, 0, 3, 261.84, 415297, 634
1725, 12, 30, 37, 13, 0, 0.97%, 8, 0, 3, 262.49, 416665, 634
1730, 12, 30, 37, 13, 0, 0.97%, 8, 0, 3, 241.85, 417869, 634
1735, 12, 24, 37, 13, 0, 0.97%, 8, 0, 3, 169.49, 418703, 634
1741, 12, 24, 38, 14, 0, 0.97%, 8, 0, 3, 145.54, 419412, 634
1746, 12, 33, 38, 13, 0, 0.97%, 8, 0, 3, 227.60, 420608, 634
1751, 12, 30, 38, 13, 0, 0.97%, 8, 0, 3, 256.76, 421939, 634
1756, 13, 33, 38, 13, 0, 0.97%, 8, 0, 3, 261.71, 423261, 634
1761, 13, 30, 38, 13, 0, 0.97%, 8, 0, 3, 263.82, 424639, 634
1766, 13, 34, 38, 13, 0, 0.97%, 8, 0, 3, 255.58, 425928, 634
1771, 13, 5, 38, 13, 0, 0.97%, 8, 0, 3, 257.80, 427250, 634
1776, 13, 11, 38, 13, 0, 0.97%, 8, 0, 3, 260.17, 428570, 634
1781, 13, 30, 38, 12, 0, 0.97%, 8, 0, 3, 262.17, 429875, 634
1786, 13, 30, 38, 12, 0, 0.97%, 8, 0, 3, 249.91, 431092, 634
1791, 13, 8, 38, 12, 0, 0.97%, 8, 0, 3, 247.43, 432356, 634
1796, 13, 6, 38, 12, 0, 0.97%, 8, 0, 3, 245.32, 433598, 634
1801, 13, 30, 38, 12, 0, 0.97%, 8, 0, 3, 246.17, 434796, 634
1806, 13, 33, 38, 12, 0, 0.97%, 8, 0, 3, 223.30, 435866, 634
1812, 13, 33, 38, 12, 0, 0.97%, 8, 0, 3, 255.75, 437235, 634
1817, 13, 33, 38, 12, 0, 0.97%, 8, 0, 3, 261.77, 438553, 634
1822, 13, 30, 38, 12, 0, 0.97%, 8, 0, 3, 263.92, 439929, 634
1827, 13, 30, 38, 12, 0, 0.97%, 8, 0, 3, 264.67, 441258, 634
1832, 13, 30, 38, 12, 0, 0.97%, 8, 0, 3, 264.52, 442582, 634
1837, 13, 18, 38, 12, 0, 0.97%, 8, 0, 3, 233.33, 443742, 634
1842, 13, 30, 38, 12, 0, 0.97%, 8, 0, 3, 245.71, 445002, 634
1847, 13, 8, 38, 12, 0, 0.97%, 8, 0, 3, 243.70, 446250, 634
1852, 13, 30, 38, 12, 0, 0.97%, 8, 0, 3, 258.21, 447545, 634
1857, 13, 25, 39, 13, 0, 0.97%, 8, 0, 3, 225.05, 448650, 634
1862, 13, 30, 39, 13, 0, 0.97%, 8, 0, 3, 240.39, 449882, 634
1868, 13, 30, 39, 13, 0, 0.97%, 8, 0, 3, 240.56, 451124, 634
1873, 13, 30, 39, 13, 0, 0.97%, 8, 0, 3, 260.87, 452484, 634
1878, 13, 25, 39, 13, 0, 0.97%, 8, 0, 3, 240.66, 453688, 634
1883, 14, 5, 39, 13, 0, 0.97%, 8, 0, 3, 256.92, 455028, 634
1888, 14, 33, 39, 13, 0, 0.97%, 8, 0, 3, 263.91, 456408, 634
1893, 14, 30, 39, 13, 0, 0.97%, 8, 0, 3, 261.92, 457766, 634
1898, 14, 35, 39, 13, 0, 0.97%, 8, 0, 3, 246.48, 459022, 634
1903, 14, 30, 39, 13, 0, 0.97%, 8, 0, 3, 234.01, 460138, 634
1909, 14, 8, 39, 13, 0, 0.97%, 8, 0, 3, 243.72, 461430, 634
1914, 14, 30, 39, 13, 0, 0.97%, 8, 0, 3, 257.59, 462776, 634
1919, 14, 30, 39, 13, 0, 0.97%, 8, 0, 3, 262.95, 464100, 634
1924, 14, 30, 39, 13, 0, 0.97%, 8, 0, 3, 250.68, 465310, 634
1929, 14, 35, 39, 13, 0, 0.97%, 8, 0, 3, 216.47, 466380, 634
1934, 14, 30, 39, 13, 0, 0.97%, 8, 0, 3, 236.22, 467604, 634
1939, 14, 34, 39, 13, 0, 0.97%, 8, 0, 3, 244.36, 468844, 634
1944, 14, 33, 39, 13, 0, 0.97%, 8, 0, 3, 255.79, 470130, 634
1949, 14, 33, 39, 13, 0, 0.97%, 8, 0, 3, 263.76, 471510, 634
1954, 14, 37, 39, 13, 0, 0.97%, 8, 0, 3, 195.65, 472448, 634
1959, 14, 37, 39, 13, 0, 0.97%, 8, 0, 3, 175.33, 473302, 634
1964, 14, 37, 39, 13, 0, 0.97%, 8, 0, 3, 171.51, 474157, 634
1969, 14, 37, 39, 13, 0, 0.97%, 8, 0, 3, 170.87, 475012, 634
1974, 14, 37, 39, 13, 0, 0.97%, 8, 0, 3, 172.01, 475876, 634
1980, 14, 33, 39, 12, 0, 0.97%, 8, 0, 3, 237.54, 477129, 634
1985, 14, 9, 39, 12, 0, 0.97%, 8, 0, 3, 261.09, 478463, 634
1990, 14, 30, 39, 12, 0, 0.97%, 8, 0, 3, 264.16, 479840, 634
1995, 14, 8, 39, 12, 0, 0.97%, 8, 0, 3, 258.85, 481141, 634
2000, 14, 30, 39, 12, 0, 0.97%, 8, 0, 3, 249.33, 482351, 634
2005, 14, 8, 39, 12, 0, 0.97%, 8, 0, 3, 238.59, 483537, 634
2010, 14, 8, 39, 12, 0, 0.97%, 8, 0, 3, 236.97, 484749, 634
2015, 14, 35, 39, 12, 0, 0.97%, 8, 0, 3, 213.32, 485809, 634
2020, 14, 30, 39, 12, 0, 0.97%, 8, 0, 3, 248.05, 487111, 634
2025, 14, 30, 39, 12, 0, 0.97%, 8, 0, 3, 259.24, 488476, 634
2031, 15, 33, 39, 12, 0, 0.97%, 8, 0, 3, 262.66, 489848, 634
2036, 15, 30, 39, 12, 0, 0.97%, 8, 0, 3, 262.96, 491169, 634
2041, 15, 30, 39, 12, 0, 0.97%, 8, 0, 3, 255.59, 492428, 634
2046, 15, 30, 39, 12, 0, 0.97%, 8, 0, 3, 263.29, 493807, 634
2051, 15, 30, 39, 12, 0, 0.97%, 8, 0, 3, 248.27, 495029, 634
2056, 15, 35, 39, 12, 0, 0.97%, 8, 0, 3, 238.87, 496273, 634
2061, 15, 30, 39, 12, 0, 0.97%, 8, 0, 3, 241.06, 497435, 634
2066, 15, 30, 39, 12, 0, 0.97%, 8, 0, 3, 256.04, 498739, 634
2071, 15, 34, 39, 12, 0, 0.97%, 8, 0, 3, 258.17, 500048, 634
2076, 15, 32, 39, 12, 0, 0.97%, 8, 0, 3, 232.16, 501263, 634
2081, 15, 30, 39, 11, 0, 0.97%, 8, 0, 3, 244.02, 502445, 634
2086, 15, 30, 39, 11, 0, 0.97%, 8, 0, 3, 258.19, 503763, 634
2091, 15, 30, 39, 11, 0, 0.97%, 8, 0, 3, 262.57, 505082, 634
2096, 15, 30, 39, 11, 0, 0.97%, 8, 0, 3, 261.54, 506448, 634
2102, 15, 30, 39, 11, 0, 0.97%, 8, 0, 3, 260.27, 507762, 634
2107, 15, 34, 39, 11, 0, 0.97%, 8, 0, 3, 260.65, 509074, 634
2112, 15, 30, 39, 11, 0, 0.97%, 8, 0, 3, 251.86, 510331, 634
2117, 15, 30, 39, 11, 0, 0.97%, 8, 0, 3, 260.45, 511655, 634
2122, 15, 30, 39, 11, 0, 0.97%, 8, 0, 3, 245.48, 512921, 634
2127, 15, 30, 39, 11, 0, 0.97%, 8, 0, 3, 258.92, 514281, 634
2132, 15, 30, 39, 11, 0, 0.97%, 8, 0, 3, 259.84, 515585, 634
2137, 16, 8, 39, 11, 0, 0.97%, 8, 0, 3, 247.74, 516845, 634
2142, 16, 8, 39, 11, 0, 0.97%, 8, 0, 3, 236.61, 518007, 634
2147, 16, 35, 39, 11, 0, 0.97%, 8, 0, 3, 253.58, 519294, 634
2152, 16, 33, 39, 11, 0, 0.97%, 8, 0, 3, 226.79, 520363, 634
2157, 16, 30, 39, 11, 0, 0.97%, 8, 0, 3, 255.56, 521731, 634
2163, 16, 30, 39, 11, 0, 0.97%, 8, 0, 3, 260.59, 523095, 634
2168, 16, 8, 39, 11, 0, 0.97%, 8, 0, 3, 257.51, 524447, 634
2173, 16, 9, 39, 11, 0, 0.97%, 8, 0, 3, 253.50, 525729, 634
2178, 16, 30, 39, 11, 0, 0.97%, 8, 0, 3, 263.14, 527104, 634
2183, 16, 18, 39, 11, 0, 0.97%, 8, 0, 3, 260.46, 528420, 634
2188, 16, 5, 39, 11, 0, 0.97%, 8, 0, 3, 246.17, 529603, 634
2193, 16, 15, 39, 11, 0, 0.97%, 8, 0, 3, 253.67, 530905, 634
2198, 16, 5, 39, 10, 0, 0.97%, 8, 0, 3, 255.43, 532167, 634
2203, 16, 35, 39, 10, 0, 0.97%, 8, 0, 3, 228.64, 533334, 634
2208, 16, 25, 39, 10, 0, 0.97%, 8, 0, 3, 215.86, 534392, 634
2213, 16, 34, 39, 10, 0, 0.97%, 8, 0, 3, 238.92, 535636, 634
2219, 16, 18, 39, 10, 0, 0.97%, 8, 0, 3, 228.19, 536824, 634
2224, 16, 32, 39, 10, 0, 0.97%, 8, 0, 3, 252.34, 538170, 634
2229, 16, 30, 39, 10, 0, 0.97%, 8, 0, 3, 228.36, 539244, 634
2234, 16, 30, 39, 10, 0, 0.97%, 8, 0, 3, 254.51, 540599, 634
2239, 16, 18, 39, 10, 0, 0.97%, 8, 0, 3, 239.87, 541824, 634
2244, 16, 8, 39, 10, 0, 0.97%, 8, 0, 3, 235.43, 542988, 634
2249, 16, 25, 39, 10, 0, 0.97%, 8, 0, 3, 230.18, 544148, 634
2254, 16, 30, 39, 10, 0, 0.97%, 8, 0, 3, 244.80, 545400, 634
2259, 17, 32, 39, 10, 0, 0.97%, 8, 0, 3, 213.15, 546448, 634
2264, 17, 30, 39, 10, 0, 0.97%, 8, 0, 3, 229.87, 547596, 634
2270, 17, 5, 39, 10, 0, 0.97%, 8, 0, 3, 255.70, 548949, 634
2275, 17, 8, 39, 10, 0, 0.97%, 8, 0, 3, 246.71, 550196, 634
2280, 17, 8, 39, 10, 0, 0.97%, 8, 0, 3, 247.42, 551490, 634
2285, 17, 35, 39, 10, 0, 0.97%, 8, 0, 3, 216.95, 552554, 634
2290, 17, 35, 39, 10, 0, 0.97%, 8, 0, 3, 208.42, 553598, 634
2295, 17, 30, 39, 10, 0, 0.97%, 8, 0, 3, 249.15, 554946, 634
2300, 17, 18, 39, 10, 0, 0.97%, 8, 0, 3, 231.74, 556116, 634
2305, 17, 30, 39, 10, 0, 0.97%, 8, 0, 3, 254.91, 557416, 634
2310, 17, 30, 39, 10, 0, 0.97%, 8, 0, 3, 261.25, 558780, 634
2315, 17, 30, 39, 10, 0, 0.97%, 8, 0, 3, 261.56, 560104, 634
2320, 17, 30, 39, 10, 0, 0.97%, 8, 0, 3, 261.47, 561413, 634
2325, 17, 30, 39, 10, 0, 0.97%, 8, 0, 3, 225.23, 562482, 634
2330, 17, 23, 39, 10, 0, 0.97%, 8, 0, 3, 191.22, 563478, 634
2336, 17, 23, 39, 10, 0, 0.97%, 8, 0, 3, 170.30, 564333, 634
2341, 17, 30, 39, 9, 0, 0.97%, 8, 0, 3, 239.37, 565617, 634
2346, 17, 30, 39, 9, 0, 0.97%, 8, 0, 3, 258.56, 566940, 634
2351, 17, 5, 39, 9, 0, 0.97%, 8, 0, 3, 262.15, 568259, 634
2356, 17, 6, 39, 9, 0, 0.97%, 8, 0, 3, 246.42, 569505, 634
2361, 17, 30, 39, 9, 0, 0.97%, 8, 0, 3, 256.26, 570803, 634
2366, 17, 8, 39, 9, 0, 0.97%, 8, 0, 3, 251.54, 572082, 634
2371, 18, 30, 39, 9, 0, 0.97%, 8, 0, 3, 253.90, 573334, 634
2376, 18, 35, 39, 9, 0, 0.97%, 8, 0, 3, 226.88, 574487, 634
2381, 18, 30, 39, 9, 0, 0.97%, 8, 0, 3, 249.08, 575729, 634
2386, 18, 8, 39, 9, 0, 0.97%, 8, 0, 3, 248.24, 577001, 634
2391, 18, 30, 39, 9, 0, 0.97%, 8, 0, 3, 256.96, 578279, 634
2396, 18, 32, 39, 9, 0, 0.97%, 8, 0, 3, 241.15, 579489, 634
2401, 18, 30, 39, 9, 0, 0.97%, 8, 0, 3, 225.14, 580573, 634
2406, 18, 25, 39, 9, 0, 0.97%, 8, 0, 3, 229.18, 581751, 634
2411, 18, 8, 39, 9, 0, 0.97%, 8, 0, 3, 212.21, 582787, 634
2416, 18, 35, 39, 9, 0, 0.97%, 8, 0, 3, 223.05, 583977, 634
2421, 18, 30, 39, 9, 0, 0.97%, 8, 0, 3, 232.65, 585141, 634
2426, 18, 35, 39, 9, 0, 0.97%, 8, 0, 3, 226.59, 586333, 634
2431, 18, 8, 39, 9, 0, 0.97%, 8, 0, 3, 238.71, 587499, 634
2437, 18, 30, 39, 9, 0, 0.97%, 8, 0, 3, 238.58, 588725, 634
2442, 18, 30, 39, 9, 0, 0.97%, 8, 0, 3, 258.13, 590098, 634
2447, 18, 25, 39, 9, 0, 0.97%, 8, 0, 3, 253.17, 591435, 634
2452, 18, 30, 39, 9, 0, 0.97%, 8, 0, 3, 249.65, 592649, 634
2457, 18, 35, 39, 9, 0, 0.97%, 8, 0, 3, 247.60, 593926, 634
2462, 18, 30, 39, 9, 0, 0.97%, 8, 0, 3, 236.90, 595085, 634
2467, 18, 30, 39, 9, 0, 0.97%, 8, 0, 3, 216.31, 596155, 634
2472, 18, 8, 39, 9, 0, 0.97%, 8, 0, 3, 237.53, 597425, 634
2477, 18, 30, 39, 9, 0, 0.97%, 8, 0, 3, 255.47, 598717, 634
2482, 18, 8, 39, 9, 0, 0.97%, 8, 0, 3, 256.11, 600013, 634
2488, 18, 33, 39, 9, 0, 0.97%, 8, 0, 3, 252.31, 601253, 634
2493, 19, 8, 39, 9, 0, 0.97%, 8, 0, 3, 249.68, 602525, 634
2498, 19, 30, 39, 9, 0, 0.97%, 8, 0, 3, 244.58, 603761, 634
2503, 19, 8, 39, 9, 0, 0.97%, 8, 0, 3, 231.61, 604923, 634
2508, 19, 8, 39, 9, 0, 0.97%, 8, 0, 3, 233.37, 606131, 634
2513, 19, 30, 39, 9, 0, 0.97%, 8, 0, 3, 249.77, 607429, 634
2518, 19, 30, 39, 9, 0, 0.97%, 8, 0, 3, 261.12, 608758, 634
2523, 19, 30, 39, 9, 0, 0.97%, 8, 0, 3, 262.08, 610132, 634
2528, 19, 30, 39, 9, 0, 0.97%, 8, 0, 3, 265.65, 611513, 634
2534, 19, 25, 39, 9, 0, 0.97%, 8, 0, 3, 260.44, 612870, 634
2539, 19, 30, 39, 9, 0, 0.97%, 8, 0, 3, 246.21, 614053, 634
2544, 19, 30, 39, 9, 0, 0.97%, 8, 0, 3, 260.99, 615427, 634
2549, 19, 8, 39, 9, 0, 0.97%, 8, 0, 3, 250.64, 616691, 634
2554, 19, 34, 39, 9, 0, 0.97%, 8, 0, 3, 249.22, 617959, 634
2559, 19, 30, 39, 9, 0, 0.97%, 8, 0, 3, 256.48, 619245, 634
2564, 19, 35, 39, 9, 0, 0.97%, 8, 0, 3, 217.72, 620315, 634
2569, 19, 5, 39, 9, 0, 0.97%, 8, 0, 3, 252.53, 621632, 634
2575, 19, 30, 39, 9, 0, 0.97%, 8, 0, 3, 262.27, 623009, 634
2580, 19, 6, 39, 9, 0, 0.97%, 8, 0, 3, 255.68, 624303, 634
2585, 19, 35, 39, 9, 0, 0.97%, 8, 0, 3, 213.24, 625332, 634
2590, 19, 32, 39, 9, 0, 0.97%, 8, 0, 3, 220.54, 626499, 634
2595, 19, 8, 39, 9, 0, 0.97%, 8, 0, 3, 228.90, 627674, 634
2600, 19, 30, 39, 9, 0, 0.97%, 8, 0, 3, 221.52, 628747, 634
2605, 20, 30, 39, 9, 0, 0.97%, 8, 0, 3, 253.92, 630064, 634
2610, 20, 32, 39, 9, 0, 0.97%, 8, 0, 3, 218.55, 631137, 634
2615, 20, 30, 39, 9, 0, 0.97%, 8, 0, 3, 244.00, 632421, 634
2620, 20, 32, 39, 9, 0, 0.97%, 8, 0, 3, 223.08, 633563, 634
2625, 20, 32, 39, 9, 0, 0.97%, 8, 0, 3, 223.48, 634741, 634
2630, 20, 32, 39, 9, 0, 0.97%, 8, 0, 3, 236.12, 635907, 634
2635, 20, 30, 39, 9, 0, 0.97%, 8, 0, 3, 227.83, 637003, 634
2640, 20, 30, 39, 9, 0, 0.97%, 8, 0, 3, 254.93, 638323, 634
2645, 20, 30, 39, 9, 0, 0.97%, 8, 0, 3, 259.63, 639627, 634
2651, 20, 30, 39, 9, 0, 0.97%, 8, 0, 3, 250.59, 640893, 634
2656, 20, 35, 39, 9, 0, 0.97%, 8, 0, 3, 236.68, 642139, 634
2661, 20, 30, 39, 9, 0, 0.97%, 8, 0, 3, 231.94, 643251, 634
2666, 20, 32, 39, 9, 0, 0.97%, 8, 0, 3, 218.47, 644359, 634
2671, 20, 34, 39, 9, 0, 0.97%, 8, 0, 3, 245.72, 645639, 634
2676, 20, 30, 39, 9, 0, 0.97%, 8, 0, 3, 251.48, 646945, 634
2681, 20, 18, 39, 9, 0, 0.97%, 8, 0, 3, 230.91, 648109, 634
2686, 20, 35, 39, 9, 0, 0.97%, 8, 0, 3, 246.91, 649389, 634
2691, 20, 5, 39, 9, 0, 0.97%, 8, 0, 3, 230.63, 650485, 634
2697, 20, 33, 39, 9, 0, 0.97%, 8, 0, 3, 258.81, 651861, 634
2702, 20, 30, 39, 9, 0, 0.97%, 8, 0, 3, 262.72, 653181, 634
2707, 20, 33, 39, 9, 0, 0.97%, 8, 0, 3, 264.59, 654560, 634
2712, 20, 25, 39, 9, 0, 0.97%, 8, 0, 3, 248.35, 655827, 634
2717, 20, 25, 39, 9, 0, 0.97%, 8, 0, 3, 244.05, 657065, 634
2722, 20, 30, 39, 9, 0, 0.97%, 8, 0, 3, 243.77, 658257, 634
2727, 20, 9, 39, 9, 0, 0.97%, 8, 0, 3, 259.55, 659621, 634
2732, 21, 18, 39, 9, 0, 0.97%, 8, 0, 3, 253.48, 660913, 634
2737, 21, 30, 39, 9, 0, 0.97%, 8, 0, 3, 251.90, 662180, 634
2742, 21, 8, 39, 9, 0, 0.97%, 8, 0, 3, 245.43, 663421, 634
2748, 21, 30, 39, 9, 0, 0.97%, 8, 0, 3, 259.53, 664772, 634
2753, 21, 8, 39, 9, 0, 0.97%, 8, 0, 3, 237.67, 665967, 634
2758, 21, 32, 39, 9, 0, 0.97%, 8, 0, 3, 246.47, 667287, 634
2763, 21, 30, 39, 9, 0, 0.97%, 8, 0, 3, 231.95, 668375, 634
2768, 21, 30, 39, 9, 0, 0.97%, 8, 0, 3, 246.17, 669693, 634
2773, 21, 30, 39, 9, 0, 0.97%, 8, 0, 3, 240.08, 670955, 634
2779, 21, 30, 39, 9, 0, 0.97%, 8, 0, 3, 258.03, 672313, 634
2784, 21, 34, 39, 9, 0, 0.97%, 8, 0, 3, 251.74, 673575, 634
2789, 21, 30, 39, 9, 0, 0.97%, 8, 0, 3, 260.26, 674884, 634
2794, 21, 8, 39, 9, 0, 0.97%, 8, 0, 3, 247.68, 676183, 634
2799, 21, 18, 39, 9, 0, 0.97%, 8, 0, 3, 230.04, 677317, 634
2804, 21, 30, 39, 9, 0, 0.97%, 8, 0, 3, 248.94, 678570, 634
2809, 21, 30, 39, 9, 0, 0.97%, 8, 0, 3, 259.83, 679934, 634
2814, 21, 8, 39, 9, 0, 0.97%, 8, 0, 3, 246.63, 681179, 634
2819, 21, 33, 39, 9, 0, 0.97%, 8, 0, 3, 257.08, 682510, 634
2824, 21, 25, 39, 9, 0, 0.97%, 8, 0, 3, 234.09, 683685, 634
2829, 21, 30, 39, 9, 0, 0.97%, 8, 0, 3, 255.99, 684989, 634
2834, 21, 30, 39, 9, 0, 0.97%, 8, 0, 3, 261.30, 686308, 634
2839, 22, 25, 39, 9, 0, 0.97%, 8, 0, 3, 250.15, 687587, 634
2844, 22, 30, 39, 9, 0, 0.97%, 8, 0, 3, 244.87, 688807, 634
2849, 22, 25, 39, 9, 0, 0.97%, 8, 0, 3, 231.15, 689957, 634
2854, 22, 30, 39, 9, 0, 0.97%, 8, 0, 3, 239.00, 691129, 634
2859, 22, 25, 39, 9, 0, 0.97%, 8, 0, 3, 227.73, 692285, 634
2865, 22, 30, 39, 9, 0, 0.97%, 8, 0, 3, 250.73, 693555, 634
2870, 22, 30, 39, 9, 0, 0.97%, 8, 0, 3, 260.26, 694884, 634
2875, 22, 30, 39, 9, 0, 0.97%, 8, 0, 3, 261.92, 696248, 634
2880, 22, 30, 39, 9, 0, 0.97%, 8, 0, 3, 264.56, 697627, 634
2885, 22, 30, 39, 9, 0, 0.97%, 8, 0, 3, 262.59, 698939, 634
2890, 22, 34, 39, 9, 0, 0.97%, 8, 0, 3, 255.50, 700223, 634
2895, 22, 8, 39, 9, 0, 0.97%, 8, 0, 3, 246.70, 701469, 634
2900, 22, 32, 39, 9, 0, 0.97%, 8, 0, 3, 237.23, 702707, 634
2905, 22, 30, 39, 9, 0, 0.97%, 8, 0, 3, 235.53, 703847, 634
2911, 22, 5, 39, 9, 0, 0.97%, 8, 0, 3, 257.94, 705211, 634
2916, 22, 8, 39, 9, 0, 0.97%, 8, 0, 3, 248.38, 706465, 634
2921, 22, 18, 39, 9, 0, 0.97%, 8, 0, 3, 244.33, 707739, 634
2926, 22, 34, 39, 9, 0, 0.97%, 8, 0, 3, 248.37, 709001, 634
2931, 22, 8, 39, 9, 0, 0.97%, 8, 0, 3, 243.77, 710269, 634
2936, 22, 30, 39, 9, 0, 0.97%, 8, 0, 3, 241.54, 711503, 634
2941, 22, 32, 39, 9, 0, 0.97%, 8, 0, 3, 237.90, 712739, 634
2946, 22, 9, 39, 9, 0, 0.97%, 8, 0, 3, 243.33, 713913, 634
2951, 23, 30, 39, 9, 0, 0.97%, 8, 0, 3, 258.79, 715230, 634
2956, 23, 6, 39, 9, 0, 0.97%, 8, 0, 3, 259.91, 716536, 634
2961, 23, 30, 39, 9, 0, 0.97%, 8, 0, 3, 258.94, 717818, 634
2966, 23, 30, 39, 9, 0, 0.97%, 8, 0, 3, 260.19, 719127, 634
2971, 23, 8, 39, 9, 0, 0.97%, 8, 0, 3, 242.30, 720347, 634
2977, 23, 30, 39, 9, 0, 0.97%, 8, 0, 3, 256.15, 721673, 634
2982, 23, 33, 39, 9, 0, 0.97%, 8, 0, 3, 264.09, 723047, 634
2987, 23, 30, 39, 9, 0, 0.97%, 8, 0, 3, 262.53, 724364, 634
2992, 23, 35, 39, 9, 0, 0.97%, 8, 0, 3, 233.95, 725557, 634
2997, 23, 30, 39, 9, 0, 0.97%, 8, 0, 3, 239.90, 726717, 634
3002, 23, 30, 39, 9, 0, 0.97%, 8, 0, 3, 245.00, 727935, 634
3007, 23, 30, 39, 9, 0, 0.97%, 8, 0, 3, 258.94, 729294, 634
3012, 23, 8, 39, 9, 0, 0.97%, 8, 0, 3, 245.93, 730535, 634
3017, 23, 30, 39, 9, 0, 0.97%, 8, 0, 3, 253.17, 731793, 634
3022, 23, 8, 39, 9, 0, 0.97%, 8, 0, 3, 243.22, 733021, 634
3027, 23, 8, 39, 9, 0, 0.97%, 8, 0, 3, 244.41, 734311, 634
3032, 23, 32, 39, 9, 0, 0.97%, 8, 0, 3, 235.06, 735505, 634
3037, 23, 30, 39, 9, 0, 0.97%, 8, 0, 3, 237.83, 736653, 634
3042, 23, 30, 39, 9, 0, 0.97%, 8, 0, 3, 258.57, 737975, 634
3047, 23, 30, 39, 9, 0, 0.97%, 8, 0, 3, 263.90, 739304, 634
3053, 23, 30, 39, 9, 0, 0.97%, 8, 0, 3, 264.93, 740688, 634
3058, 24, 30, 39, 9, 0, 0.97%, 8, 0, 3, 247.56, 741925, 634
3063, 24, 32, 39, 9, 0, 0.97%, 8, 0, 3, 235.16, 743145, 634
3068, 24, 32, 39, 9, 0, 0.97%, 8, 0, 3, 212.60, 744181, 634
3073, 24, 6, 39, 9, 0, 0.97%, 8, 0, 3, 236.44, 745367, 634
3078, 24, 30, 39, 9, 0, 0.97%, 8, 0, 3, 257.37, 746675, 634
3083, 24, 32, 39, 9, 0, 0.97%, 8, 0, 3, 224.60, 747815, 634
3088, 24, 30, 39, 9, 0, 0.97%, 8, 0, 3, 250.40, 749065, 634
3093, 24, 30, 39, 9, 0, 0.97%, 8, 0, 3, 261.92, 750446, 634
3098, 24, 6, 39, 9, 0, 0.97%, 8, 0, 3, 236.78, 751617, 634
3103, 24, 30, 39, 9, 0, 0.97%, 8, 0, 3, 235.79, 752827, 634
3109, 24, 8, 39, 9, 0, 0.97%, 8, 0, 3, 238.93, 754097, 634
3114, 24, 8, 39, 9, 0, 0.97%, 8, 0, 3, 256.26, 755404, 634
3119, 24, 30, 39, 9, 0, 0.97%, 8, 0, 3, 251.49, 756679, 634
3124, 24, 8, 39, 9, 0, 0.97%, 8, 0, 3, 247.24, 757985, 634
3129, 24, 30, 39, 9, 0, 0.97%, 8, 0, 3, 255.67, 759263, 634
3134, 24, 30, 39, 9, 0, 0.97%, 8, 0, 3, 262.95, 760592, 634
3139, 24, 32, 39, 9, 0, 0.97%, 8, 0, 3, 219.65, 761679, 634
3144, 24, 5, 39, 9, 0, 0.97%, 8, 0, 3, 233.60, 762855, 634
3149, 24, 32, 39, 9, 0, 0.97%, 8, 0, 3, 226.16, 764035, 634
3154, 24, 34, 39, 9, 0, 0.97%, 8, 0, 3, 235.79, 765227, 634
3159, 24, 30, 39, 9, 0, 0.97%, 8, 0, 3, 255.28, 766566, 634
3164, 24, 30, 39, 9, 0, 0.97%, 8, 0, 3, 261.80, 767890, 634
3170, 24, 30, 39, 9, 0, 0.97%, 8, 0, 3, 264.54, 769267, 634
3175, 25, 32, 39, 9, 0, 0.97%, 8, 0, 3, 226.05, 770391, 634
3180, 25, 32, 39, 9, 0, 0.97%, 8, 0, 3, 237.90, 771663, 634
3185, 25, 8, 39, 9, 0, 0.97%, 8, 0, 3, 224.54, 772739, 634
3190, 25, 33, 39, 9, 0, 0.97%, 8, 0, 3, 250.49, 773995, 634
3195, 25, 5, 39, 9, 0, 0.97%, 8, 0, 3, 261.31, 775316, 634
3200, 25, 29, 39, 9, 0, 0.97%, 8, 0, 3, 240.65, 776558, 634
3205, 25, 30, 39, 8, 0, 0.97%, 8, 0, 3, 251.07, 777817, 634
3210, 25, 8, 39, 8, 0, 0.97%, 8, 0, 3, 219.83, 778868, 634
3215, 25, 30, 39, 8, 0, 0.97%, 8, 0, 3, 233.92, 780058, 634
3220, 25, 29, 39, 8, 0, 0.97%, 8, 0, 3, 250.68, 781353, 634
3225, 25, 29, 39, 8, 0, 0.97%, 8, 0, 3, 247.90, 782618, 634
3230, 25, 30, 39, 8, 0, 0.97%, 8, 0, 3, 255.80, 783905, 634
3236, 25, 30, 39, 8, 0, 0.97%, 8, 0, 3, 261.24, 785266, 634
3241, 25, 30, 39, 8, 0, 0.97%, 8, 0, 3, 258.35, 786610, 634
3246, 25, 30, 39, 8, 0, 0.97%, 8, 0, 3, 259.70, 787919, 634
3251, 25, 35, 39, 8, 0, 0.97%, 8, 0, 3, 231.60, 789098, 634
3256, 25, 29, 39, 8, 0, 0.97%, 8, 0, 3, 234.33, 790242, 634
3261, 25, 30, 39, 8, 0, 0.97%, 8, 0, 3, 259.12, 791603, 634
3266, 25, 9, 39, 8, 0, 0.97%, 8, 0, 3, 265.33, 792985, 634
3271, 25, 32, 39, 8, 0, 0.97%, 8, 0, 3, 253.36, 794317, 634
3276, 25, 29, 39, 8, 0, 0.97%, 8, 0, 3, 229.58, 795402, 634
3282, 25, 30, 39, 8, 0, 0.97%, 8, 0, 3, 249.75, 796712, 634
3287, 25, 25, 39, 8, 0, 0.97%, 8, 0, 3, 234.23, 797902, 634
3292, 25, 25, 39, 8, 0, 0.97%, 8, 0, 3, 232.89, 799148, 634
3297, 26, 35, 39, 8, 0, 0.97%, 8, 0, 3, 213.81, 800244, 634
3302, 26, 8, 39, 8, 0, 0.97%, 8, 0, 3, 232.26, 801456, 634
3307, 26, 32, 39, 8, 0, 0.97%, 8, 0, 3, 224.43, 802594, 634
3312, 26, 30, 39, 8, 0, 0.97%, 8, 0, 3, 230.67, 803706, 634
3317, 26, 30, 39, 8, 0, 0.97%, 8, 0, 3, 256.31, 805024, 634
3322, 26, 18, 39, 8, 0, 0.97%, 8, 0, 3, 241.76, 806242, 634
3328, 26, 30, 39, 8, 0, 0.97%, 8, 0, 3, 255.75, 807568, 634
3333, 26, 33, 39, 8, 0, 0.97%, 8, 0, 3, 244.67, 808806, 634
3338, 26, 9, 39, 8, 0, 0.97%, 8, 0, 3, 260.43, 810182, 634
3343, 26, 30, 39, 8, 0, 0.97%, 8, 0, 3, 261.91, 811499, 634
3348, 26, 30, 39, 8, 0, 0.97%, 8, 0, 3, 261.81, 812823, 634
3353, 26, 30, 39, 8, 0, 0.97%, 8, 0, 3, 262.13, 814142, 634
3358, 26, 30, 39, 8, 0, 0.97%, 8, 0, 3, 246.04, 815360, 634
3363, 26, 18, 39, 8, 0, 0.97%, 8, 0, 3, 236.14, 816598, 634
3368, 26, 30, 39, 8, 0, 0.97%, 8, 0, 3, 246.17, 817850, 634
3373, 26, 30, 39, 8, 0, 0.97%, 8, 0, 3, 261.12, 819222, 634
3378, 26, 30, 39, 8, 0, 0.97%, 8, 0, 3, 254.93, 820484, 634
3384, 26, 30, 39, 8, 0, 0.97%, 8, 0, 3, 262.18, 821853, 634
3389, 26, 35, 39, 8, 0, 0.97%, 8, 0, 3, 253.93, 823184, 634
3394, 26, 30, 39, 8, 0, 0.97%, 8, 0, 3, 232.97, 824290, 634
3399, 26, 30, 39, 8, 0, 0.97%, 8, 0, 3, 256.22, 825608, 634
3404, 27, 26, 39, 8, 0, 0.97%, 8, 0, 3, 245.76, 826854, 634
3409, 27, 30, 39, 7, 0, 0.97%, 8, 0, 3, 243.76, 828105, 634
3414, 27, 32, 39, 7, 0, 0.97%, 8, 0, 3, 216.84, 829195, 634
3419, 27, 25, 39, 7, 0, 0.97%, 8, 0, 3, 230.70, 830429, 634
3424, 27, 8, 39, 7, 0, 0.97%, 8, 0, 3, 229.91, 831577, 634
3430, 27, 34, 39, 7, 0, 0.97%, 8, 0, 3, 255.31, 832937, 634
3435, 27, 29, 39, 7, 0, 0.97%, 8, 0, 3, 246.36, 834179, 634
3440, 27, 9, 39, 7, 0, 0.97%, 8, 0, 3, 257.90, 835486, 634
3445, 27, 30, 39, 7, 0, 0.97%, 8, 0, 3, 257.13, 836763, 634
3450, 27, 33, 39, 7, 0, 0.97%, 8, 0, 3, 257.73, 838052, 634
3455, 27, 25, 39, 7, 0, 0.97%, 8, 0, 3, 239.03, 839309, 634
3460, 27, 30, 39, 7, 0, 0.97%, 8, 0, 3, 255.11, 840589, 634
3465, 27, 30, 39, 7, 0, 0.97%, 8, 0, 3, 222.51, 841697, 634
3470, 27, 36, 39, 7, 0, 0.97%, 8, 0, 3, 248.41, 843019, 634
3475, 27, 18, 39, 6, 0, 0.97%, 8, 0, 3, 240.53, 844276, 634
3481, 27, 29, 39, 6, 0, 0.97%, 8, 0, 3, 237.86, 845456, 634
3486, 27, 30, 39, 6, 0, 0.97%, 8, 0, 3, 258.71, 846809, 634
3491, 27, 30, 39, 6, 0, 0.97%, 8, 0, 3, 262.89, 848175, 634
3496, 27, 35, 39, 6, 0, 0.97%, 8, 0, 3, 227.23, 849302, 634
3501, 27, 30, 39, 6, 0, 0.97%, 8, 0, 3, 253.80, 850624, 634
3506, 27, 30, 39, 6, 0, 0.97%, 8, 0, 3, 249.97, 851846, 634
3511, 27, 33, 39, 6, 0, 0.97%, 8, 0, 3, 262.31, 853210, 634
3516, 27, 29, 39, 6, 0, 0.97%, 8, 0, 3, 256.65, 854547, 634
3521, 28, 30, 39, 6, 0, 0.97%, 8, 0, 3, 258.55, 855829, 634
3527, 28, 29, 39, 6, 0, 0.97%, 8, 0, 3, 254.11, 857173, 634
3532, 28, 30, 39, 6, 0, 0.97%, 8, 0, 3, 257.78, 858495, 634
3537, 28, 18, 39, 6, 0, 0.97%, 8, 0, 3, 246.28, 859744, 634
3542, 28, 29, 39, 6, 0, 0.97%, 8, 0, 3, 236.72, 860956, 634
3547, 28, 8, 39, 6, 0, 0.97%, 8, 0, 3, 237.80, 862190, 634
3552, 28, 30, 39, 6, 0, 0.97%, 8, 0, 3, 254.40, 863463, 634
