# relative_time, cycles_done, cur_item, corpus_count, pending_total, pending_favs, map_size, saved_crashes, saved_hangs, max_depth, execs_per_sec, total_execs, edges_found
61, 0, 1, 25, 24, 1, 1.39%, 0, 0, 2, 190.70, 12031, 909
66, 0, 1, 26, 25, 1, 1.40%, 0, 0, 2, 188.78, 13002, 916
71, 0, 1, 27, 26, 1, 1.40%, 0, 0, 2, 190.06, 13988, 917
76, 0, 1, 28, 27, 1, 1.40%, 0, 0, 2, 190.23, 14971, 917
82, 0, 1, 28, 27, 1, 1.40%, 0, 0, 2, 190.37, 15964, 917
87, 0, 1, 28, 27, 1, 1.40%, 0, 0, 2, 189.62, 16951, 917
92, 0, 1, 28, 27, 1, 1.40%, 0, 0, 2, 190.43, 17926, 917
97, 0, 1, 28, 27, 1, 1.40%, 0, 0, 2, 189.60, 18910, 917
102, 0, 1, 28, 27, 1, 1.40%, 0, 0, 2, 188.33, 19888, 917
108, 0, 1, 29, 28, 1, 1.40%, 0, 0, 2, 191.91, 20883, 917
113, 0, 1, 29, 28, 1, 1.40%, 0, 0, 2, 191.92, 21873, 917
118, 0, 1, 29, 28, 1, 1.40%, 0, 0, 2, 189.42, 22851, 917
123, 0, 1, 30, 29, 1, 1.42%, 0, 0, 2, 190.60, 23834, 929
128, 0, 1, 30, 29, 1, 1.42%, 0, 0, 2, 188.38, 24803, 929
133, 0, 1, 30, 29, 1, 1.42%, 0, 0, 2, 188.43, 25772, 929
139, 0, 1, 30, 29, 1, 1.42%, 0, 0, 2, 188.95, 26753, 929
144, 0, 1, 30, 29, 1, 1.42%, 0, 0, 2, 189.72, 27740, 929
149, 0, 1, 31, 30, 1, 1.43%, 0, 0, 2, 189.54, 28726, 934
154, 0, 1, 31, 30, 1, 1.43%, 0, 0, 2, 189.90, 29707, 934
159, 0, 1, 32, 31, 1, 1.44%, 0, 0, 2, 190.76, 30663, 946
164, 0, 1, 32, 31, 1, 1.44%, 0, 0, 2, 191.19, 31623, 946
169, 0, 1, 32, 31, 1, 1.44%, 0, 0, 2, 192.24, 32622, 946
174, 0, 1, 32, 31, 1, 1.44%, 0, 0, 2, 189.65, 33570, 946
180, 0, 1, 32, 31, 1, 1.44%, 0, 0, 2, 189.86, 34548, 946
185, 0, 1, 32, 31, 1, 1.44%, 0, 0, 2, 189.43, 35532, 946
190, 0, 1, 32, 31, 1, 1.44%, 0, 0, 2, 190.31, 36510, 946
195, 0, 1, 32, 31, 1, 1.44%, 0, 0, 2, 186.52, 37476, 946
200, 0, 1, 32, 31, 1, 1.44%, 0, 0, 2, 190.23, 38466, 946
205, 0, 1, 32, 31, 1, 1.44%, 0, 0, 2, 193.24, 39465, 946
211, 0, 1, 32, 31, 1, 1.44%, 0, 0, 2, 188.11, 40434, 946
216, 0, 1, 32, 31, 1, 1.44%, 0, 0, 2, 195.85, 41438, 946
221, 0, 1, 32, 31, 1, 1.44%, 0, 0, 2, 213.68, 42571, 946
226, 0, 1, 32, 31, 1, 1.44%, 0, 0, 2, 215.57, 43683, 946
231, 0, 1, 32, 31, 1, 1.44%, 0, 0, 2, 215.32, 44783, 946
236, 0, 1, 32, 31, 1, 1.44%, 0, 0, 2, 214.56, 45887, 946
242, 0, 1, 32, 31, 1, 1.44%, 0, 0, 2, 215.39, 46991, 946
247, 0, 1, 32, 31, 1, 1.44%, 0, 0, 2, 214.15, 48095, 946
252, 0, 1, 32, 31, 1, 1.44%, 0, 0, 2, 215.98, 49207, 946
257, 0, 1, 32, 31, 1, 1.44%, 0, 0, 2, 215.19, 50307, 946
262, 0, 1, 32, 31, 1, 1.44%, 0, 0, 2, 213.53, 51407, 946
267, 0, 1, 32, 31, 1, 1.44%, 0, 0, 2, 216.71, 52511, 946
272, 0, 1, 32, 31, 1, 1.44%, 0, 0, 2, 216.84, 53623, 946
277, 0, 1, 32, 31, 1, 1.44%, 0, 0, 2, 214.88, 54723, 946
282, 0, 1, 32, 31, 1, 1.44%, 0, 0, 2, 215.89, 55827, 946
288, 0, 1, 32, 31, 1, 1.44%, 0, 0, 2, 215.39, 56927, 946
293, 0, 1, 32, 31, 1, 1.44%, 0, 0, 2, 216.13, 58051, 946
298, 0, 1, 32, 31, 1, 1.44%, 0, 0, 2, 215.34, 59151, 946
303, 0, 1, 32, 31, 1, 1.44%, 0, 0, 2, 217.53, 60279, 946
308, 0, 1, 32, 31, 1, 1.44%, 0, 0, 2, 217.36, 61379, 946
313, 0, 1, 32, 31, 1, 1.44%, 0, 0, 2, 216.18, 62487, 946
318, 0, 1, 32, 31, 1, 1.44%, 0, 0, 2, 216.79, 63607, 946
324, 0, 1, 32, 31, 1, 1.44%, 0, 0, 2, 217.29, 64723, 946
329, 0, 1, 32, 31, 1, 1.44%, 0, 0, 2, 214.44, 65831, 946
334, 0, 1, 32, 31, 1, 1.44%, 0, 0, 2, 216.79, 66947, 946
339, 0, 1, 32, 31, 1, 1.44%, 0, 0, 2, 216.30, 68051, 946
344, 0, 1, 32, 31, 1, 1.44%, 0, 0, 2, 217.29, 69159, 946
349, 0, 1, 32, 31, 1, 1.44%, 0, 0, 2, 218.43, 70291, 946
354, 0, 1, 32, 31, 1, 1.44%, 0, 0, 2, 215.29, 71395, 946
360, 0, 1, 32, 31, 1, 1.44%, 0, 0, 2, 217.19, 72511, 946
365, 0, 1, 32, 31, 1, 1.44%, 0, 0, 2, 219.18, 73643, 946
370, 0, 1, 33, 32, 1, 1.46%, 0, 0, 2, 181.50, 74594, 954
375, 0, 1, 33, 32, 1, 1.46%, 0, 0, 2, 178.54, 75523, 954
380, 0, 1, 33, 32, 1, 1.46%, 0, 0, 2, 182.98, 76473, 954
385, 0, 1, 33, 32, 1, 1.46%, 0, 0, 2, 174.39, 77385, 954
391, 0, 1, 34, 33, 1, 1.46%, 0, 0, 2, 178.47, 78324, 955
396, 0, 24, 34, 32, 17, 1.46%, 0, 0, 2, 196.36, 79322, 955
401, 0, 24, 34, 32, 17, 1.46%, 0, 0, 2, 201.14, 80383, 955
406, 0, 24, 34, 32, 17, 1.46%, 0, 0, 2, 202.08, 81427, 955
411, 0, 24, 34, 32, 17, 1.46%, 0, 0, 2, 204.94, 82507, 955
416, 0, 24, 34, 32, 17, 1.46%, 0, 0, 2, 201.29, 83519, 955
422, 0, 31, 34, 31, 16, 1.46%, 0, 0, 2, 204.28, 84561, 955
427, 0, 31, 34, 31, 16, 1.46%, 0, 0, 2, 201.43, 85561, 955
432, 0, 31, 34, 31, 16, 1.46%, 0, 0, 2, 197.97, 86577, 955
437, 0, 6, 34, 30, 15, 1.46%, 0, 0, 2, 203.23, 87624, 955
442, 0, 6, 34, 30, 15, 1.46%, 0, 0, 2, 196.54, 88652, 955
447, 0, 6, 34, 30, 15, 1.46%, 0, 0, 2, 197.40, 89657, 955
452, 0, 6, 34, 30, 15, 1.46%, 0, 0, 2, 190.38, 90686, 955
457, 0, 6, 34, 30, 15, 1.46%, 0, 0, 2, 171.17, 91526, 955
463, 0, 6, 34, 30, 15, 1.46%, 0, 0, 2, 198.70, 92570, 955
468, 0, 6, 34, 30, 15, 1.46%, 0, 0, 2, 178.19, 93449, 955
473, 0, 6, 34, 30, 15, 1.46%, 0, 0, 2, 180.50, 94412, 955
478, 0, 6, 34, 30, 15, 1.46%, 0, 0, 2, 180.32, 95354, 955
483, 0, 7, 34, 29, 15, 1.46%, 0, 0, 2, 194.24, 96354, 955
489, 0, 7, 35, 30, 15, 1.46%, 0, 0, 3, 190.66, 97343, 957
494, 0, 7, 35, 30, 15, 1.46%, 0, 0, 3, 187.78, 98321, 957
499, 0, 7, 35, 30, 15, 1.46%, 0, 0, 3, 185.81, 99254, 957
504, 0, 7, 35, 30, 15, 1.46%, 0, 0, 3, 181.59, 100214, 957
509, 0, 7, 35, 30, 15, 1.46%, 0, 0, 3, 173.63, 101111, 957
514, 0, 7, 36, 31, 15, 1.46%, 0, 0, 3, 203.50, 102184, 958
520, 0, 7, 36, 31, 15, 1.46%, 0, 0, 3, 185.42, 103153, 958
525, 0, 7, 36, 31, 15, 1.46%, 0, 0, 3, 170.81, 103993, 958
530, 0, 7, 36, 31, 15, 1.46%, 0, 0, 3, 180.07, 104941, 958
535, 0, 7, 36, 31, 15, 1.46%, 0, 0, 3, 183.00, 105874, 958
540, 0, 30, 36, 30, 15, 1.46%, 0, 0, 3, 190.12, 106834, 958
545, 0, 30, 36, 30, 15, 1.46%, 0, 0, 3, 188.84, 107800, 958
550, 0, 30, 36, 30, 15, 1.46%, 0, 0, 3, 178.25, 108742, 958
555, 0, 30, 36, 30, 15, 1.46%, 0, 0, 3, 169.97, 109585, 958
561, 0, 30, 36, 30, 15, 1.46%, 0, 0, 3, 166.05, 110449, 958
566, 0, 30, 36, 30, 15, 1.46%, 0, 0, 3, 195.03, 111481, 958
571, 0, 30, 36, 30, 15, 1.46%, 0, 0, 3, 174.80, 112327, 958
576, 0, 30, 36, 30, 15, 1.46%, 0, 0, 3, 171.37, 113173, 958
581, 0, 30, 36, 30, 15, 1.46%, 0, 0, 3, 178.97, 114064, 958
586, 0, 33, 36, 29, 14, 1.46%, 0, 0, 3, 180.88, 114953, 958
591, 0, 33, 36, 29, 14, 1.46%, 0, 0, 3, 197.50, 115989, 958
596, 0, 33, 36, 29, 14, 1.46%, 0, 0, 3, 194.68, 116998, 958
601, 0, 33, 36, 29, 14, 1.46%, 0, 0, 3, 193.41, 118003, 958
607, 0, 33, 36, 29, 14, 1.46%, 0, 0, 3, 200.28, 119044, 958
612, 0, 12, 36, 28, 13, 1.46%, 0, 0, 3, 198.98, 120092, 958
617, 0, 12, 36, 28, 13, 1.46%, 0, 0, 3, 198.31, 121125, 958
622, 0, 12, 36, 28, 13, 1.46%, 0, 0, 3, 178.31, 122010, 958
627, 0, 12, 36, 28, 13, 1.46%, 0, 0, 3, 183.38, 122940, 958
632, 0, 12, 36, 28, 13, 1.46%, 0, 0, 3, 197.03, 123976, 958
637, 0, 12, 36, 28, 13, 1.46%, 0, 0, 3, 193.73, 124977, 958
643, 0, 10, 36, 27, 12, 1.46%, 0, 0, 3, 203.22, 126047, 958
648, 0, 10, 36, 27, 12, 1.46%, 0, 0, 3, 194.20, 127028, 958
653, 0, 10, 36, 27, 12, 1.46%, 0, 0, 3, 197.94, 128058, 958
658, 0, 10, 36, 27, 12, 1.46%, 0, 0, 3, 199.41, 129093, 958
663, 0, 10, 36, 27, 12, 1.46%, 0, 0, 3, 197.74, 130092, 958
668, 0, 10, 36, 27, 12, 1.46%, 0, 0, 3, 189.53, 131054, 958
673, 0, 32, 36, 26, 11, 1.46%, 0, 0, 3, 171.34, 131933, 958
679, 0, 32, 36, 26, 11, 1.46%, 0, 0, 3, 189.87, 132934, 958
684, 0, 32, 36, 26, 11, 1.46%, 0, 0, 3, 175.40, 133796, 958
689, 0, 32, 36, 26, 11, 1.46%, 0, 0, 3, 196.65, 134792, 958
694, 0, 32, 36, 26, 11, 1.46%, 0, 0, 3, 183.88, 135770, 958
699, 0, 32, 36, 26, 11, 1.46%, 0, 0, 3, 181.99, 136713, 958
704, 0, 16, 36, 24, 9, 1.46%, 0, 0, 3, 194.32, 137709, 958
709, 0, 16, 36, 24, 9, 1.46%, 0, 0, 3, 197.47, 138709, 958
714, 0, 16, 36, 24, 9, 1.46%, 0, 0, 3, 190.19, 139688, 958
720, 0, 16, 36, 24, 9, 1.46%, 0, 0, 3, 203.63, 140724, 958
725, 0, 16, 36, 24, 9, 1.46%, 0, 0, 3, 179.06, 141638, 958
730, 0, 16, 36, 24, 9, 1.46%, 0, 0, 3, 204.23, 142712, 958
735, 0, 18, 36, 23, 8, 1.46%, 0, 0, 3, 198.67, 143740, 958
740, 0, 18, 36, 23, 8, 1.46%, 0, 0, 3, 193.50, 144733, 958
745, 0, 18, 36, 23, 8, 1.46%, 0, 0, 3, 182.20, 145609, 958
750, 0, 18, 36, 23, 8, 1.46%, 0, 0, 3, 196.22, 146635, 958
755, 0, 18, 36, 23, 8, 1.46%, 0, 0, 3, 177.11, 147520, 958
760, 0, 18, 36, 23, 8, 1.46%, 0, 0, 3, 189.11, 148447, 958
766, 0, 18, 36, 23, 8, 1.46%, 0, 0, 3, 200.99, 149529, 958
771, 0, 18, 36, 23, 8, 1.46%, 0, 0, 3, 178.72, 150394, 958
776, 0, 29, 36, 22, 7, 1.46%, 0, 0, 3, 183.47, 151344, 958
781, 0, 29, 36, 22, 7, 1.46%, 0, 0, 3, 183.37, 152299, 958
786, 0, 29, 36, 22, 7, 1.46%, 0, 0, 3, 173.26, 153149, 958
791, 0, 29, 36, 22, 7, 1.46%, 0, 0, 3, 174.34, 154028, 958
796, 0, 29, 36, 22, 7, 1.46%, 0, 0, 3, 185.10, 154943, 958
801, 0, 29, 36, 22, 7, 1.46%, 0, 0, 3, 179.49, 155892, 958
807, 0, 29, 36, 22, 7, 1.46%, 0, 0, 3, 173.11, 156778, 958
812, 0, 34, 36, 21, 6, 1.46%, 0, 0, 3, 199.30, 157857, 958
817, 0, 34, 36, 21, 6, 1.46%, 0, 0, 3, 201.69, 158858, 958
822, 0, 34, 36, 21, 6, 1.46%, 0, 0, 3, 193.36, 159841, 958
827, 0, 34, 36, 21, 6, 1.46%, 0, 0, 3, 195.10, 160858, 958
832, 0, 34, 36, 21, 6, 1.46%, 0, 0, 3, 187.09, 161827, 958
838, 0, 28, 36, 20, 5, 1.46%, 0, 0, 3, 206.59, 162900, 958
843, 0, 28, 36, 20, 5, 1.46%, 0, 0, 3, 178.71, 163803, 958
848, 0, 28, 37, 21, 5, 1.46%, 0, 0, 3, 169.54, 164671, 958
853, 0, 28, 37, 21, 5, 1.46%, 0, 0, 3, 165.70, 165502, 958
858, 0, 28, 37, 21, 5, 1.46%, 0, 0, 3, 170.04, 166366, 958
863, 0, 28, 37, 21, 5, 1.46%, 0, 0, 3, 181.24, 167335, 958
868, 0, 28, 37, 21, 5, 1.46%, 0, 0, 3, 185.12, 168278, 958
873, 0, 9, 37, 20, 5, 1.46%, 0, 0, 3, 194.81, 169266, 958
878, 0, 9, 37, 20, 5, 1.46%, 0, 0, 3, 178.30, 170167, 958
883, 0, 9, 37, 20, 5, 1.46%, 0, 0, 3, 185.65, 171099, 958
889, 0, 9, 37, 20, 5, 1.46%, 0, 0, 3, 175.61, 172011, 958
894, 0, 9, 37, 20, 5, 1.46%, 0, 0, 3, 177.13, 172926, 958
899, 0, 36, 37, 19, 4, 1.46%, 0, 0, 3, 196.28, 173908, 958
904, 0, 36, 37, 19, 4, 1.46%, 0, 0, 3, 195.03, 174940, 958
909, 0, 36, 37, 19, 4, 1.46%, 0, 0, 3, 178.77, 175831, 958
914, 0, 36, 37, 19, 4, 1.46%, 0, 0, 3, 174.67, 176728, 958
920, 0, 36, 37, 19, 4, 1.46%, 0, 0, 3, 168.75, 177595, 958
925, 0, 36, 37, 19, 4, 1.46%, 0, 0, 3, 180.00, 178483, 958
930, 0, 36, 37, 19, 4, 1.46%, 0, 0, 3, 180.40, 179467, 958
935, 0, 36, 37, 19, 4, 1.46%, 0, 0, 3, 174.59, 180367, 958
940, 0, 36, 37, 19, 4, 1.46%, 0, 0, 3, 184.85, 181339, 958
945, 0, 33, 37, 18, 3, 1.46%, 0, 0, 3, 182.82, 182242, 958
950, 0, 33, 37, 18, 3, 1.46%, 0, 0, 3, 197.24, 183281, 958
955, 0, 33, 37, 18, 3, 1.46%, 0, 0, 3, 204.57, 184312, 958
961, 0, 33, 37, 18, 3, 1.46%, 0, 0, 3, 199.77, 185361, 958
966, 0, 33, 37, 18, 3, 1.46%, 0, 0, 3, 198.56, 186360, 958
971, 0, 33, 37, 18, 3, 1.46%, 0, 0, 3, 201.89, 187391, 958
976, 0, 21, 37, 18, 3, 1.46%, 0, 0, 3, 192.02, 188342, 958
981, 0, 21, 37, 18, 3, 1.46%, 0, 0, 3, 199.69, 189394, 958
986, 0, 21, 37, 18, 3, 1.46%, 0, 0, 3, 188.78, 190333, 958
991, 0, 21, 37, 18, 3, 1.46%, 0, 0, 3, 183.24, 191251, 958
996, 0, 21, 37, 18, 3, 1.46%, 0, 0, 3, 188.83, 192229, 958
1001, 0, 21, 37, 18, 3, 1.46%, 0, 0, 3, 192.74, 193228, 958
1007, 0, 31, 37, 17, 2, 1.46%, 0, 0, 3, 190.37, 194190, 958
1012, 0, 31, 37, 17, 2, 1.46%, 0, 0, 3, 189.39, 195168, 958
1017, 0, 31, 37, 17, 2, 1.46%, 0, 0, 3, 190.68, 196161, 958
1022, 0, 31, 37, 17, 2, 1.46%, 0, 0, 3, 185.56, 197078, 958
1027, 0, 31, 37, 17, 2, 1.46%, 0, 0, 3, 189.44, 198077, 958
1032, 0, 31, 37, 17, 2, 1.46%, 0, 0, 3, 197.64, 199089, 958
1037, 0, 26, 37, 17, 2, 1.46%, 0, 0, 3, 192.62, 200094, 958
1043, 0, 26, 37, 17, 2, 1.46%, 0, 0, 3, 192.18, 201092, 958
1048, 0, 26, 37, 17, 2, 1.46%, 0, 0, 3, 197.36, 202094, 958
1053, 0, 26, 37, 17, 2, 1.46%, 0, 0, 3, 186.18, 203057, 958
1058, 0, 26, 37, 17, 2, 1.46%, 0, 0, 3, 178.55, 203936, 958
1063, 0, 26, 37, 17, 2, 1.46%, 0, 0, 3, 174.11, 204803, 958
1068, 0, 26, 37, 17, 2, 1.46%, 0, 0, 3, 167.45, 205631, 958
1073, 0, 26, 37, 17, 2, 1.46%, 0, 0, 3, 176.46, 206549, 958
1078, 0, 26, 37, 17, 2, 1.46%, 0, 0, 3, 170.45, 207392, 958
1083, 0, 26, 37, 17, 2, 1.46%, 0, 0, 3, 169.41, 208247, 958
1088, 0, 21, 37, 16, 1, 1.46%, 0, 0, 3, 181.42, 209171, 958
1093, 0, 21, 37, 16, 1, 1.46%, 0, 0, 3, 195.03, 210216, 958
1099, 0, 21, 37, 16, 1, 1.46%, 0, 0, 3, 189.94, 211195, 958
1104, 0, 21, 37, 16, 1, 1.46%, 0, 0, 3, 189.81, 212146, 958
1109, 0, 21, 37, 16, 1, 1.46%, 0, 0, 3, 182.78, 213109, 958
1114, 0, 21, 37, 16, 1, 1.46%, 0, 0, 3, 189.08, 214066, 958
1119, 0, 35, 37, 16, 1, 1.46%, 0, 0, 3, 188.73, 215034, 958
1124, 0, 35, 37, 16, 1, 1.46%, 0, 0, 3, 191.28, 216046, 958
1129, 0, 35, 37, 16, 1, 1.46%, 0, 0, 3, 184.92, 216983, 958
1135, 0, 35, 37, 16, 1, 1.46%, 0, 0, 3, 193.11, 218009, 958
1140, 0, 35, 37, 16, 1, 1.46%, 0, 0, 3, 191.73, 218999, 958
1145, 0, 35, 37, 16, 1, 1.46%, 0, 0, 3, 192.03, 219998, 958
1150, 0, 36, 37, 15, 0, 1.46%, 0, 0, 3, 207.20, 221065, 958
1155, 0, 36, 37, 15, 0, 1.46%, 0, 0, 3, 200.12, 222081, 958
1160, 0, 36, 37, 15, 0, 1.46%, 0, 0, 3, 208.00, 223157, 958
1165, 0, 36, 37, 15, 0, 1.46%, 0, 0, 3, 179.63, 224052, 958
1170, 0, 36, 37, 15, 0, 1.46%, 0, 0, 3, 183.32, 224955, 958
1176, 0, 36, 37, 15, 0, 1.46%, 0, 0, 3, 173.68, 225846, 958
1181, 0, 36, 37, 15, 0, 1.46%, 0, 0, 3, 173.81, 226743, 958
1186, 0, 36, 37, 15, 0, 1.46%, 0, 0, 3, 172.49, 227627, 958
1191, 0, 36, 37, 15, 0, 1.46%, 0, 0, 3, 166.14, 228459, 958
1196, 0, 36, 37, 15, 0, 1.46%, 0, 0, 3, 180.40, 229431, 958
1201, 0, 36, 37, 15, 0, 1.46%, 0, 0, 3, 190.79, 230388, 958
1206, 0, 36, 37, 15, 0, 1.46%, 0, 0, 3, 202.36, 231470, 958
1212, 0, 36, 37, 15, 0, 1.46%, 0, 0, 3, 178.45, 232394, 958
1217, 0, 36, 37, 15, 0, 1.46%, 0, 0, 3, 190.96, 233365, 958
1222, 0, 36, 37, 15, 0, 1.46%, 0, 0, 3, 181.16, 234294, 958
1227, 0, 36, 37, 15, 0, 1.46%, 0, 0, 3, 172.65, 235153, 958
1232, 0, 36, 37, 15, 0, 1.46%, 0, 0, 3, 174.97, 236035, 958
1237, 0, 36, 37, 15, 0, 1.46%, 0, 0, 3, 178.57, 236968, 958
1242, 0, 36, 37, 15, 0, 1.46%, 0, 0, 3, 179.67, 237850, 958
1247, 0, 36, 37, 15, 0, 1.46%, 0, 0, 3, 191.57, 238867, 958
1253, 0, 36, 37, 15, 0, 1.46%, 0, 0, 3, 188.66, 239845, 958
1258, 0, 36, 37, 15, 0, 1.46%, 0, 0, 3, 205.30, 240915, 958
1263, 0, 36, 37, 15, 0, 1.46%, 0, 0, 3, 185.32, 241851, 958
1268, 0, 36, 37, 15, 0, 1.46%, 0, 0, 3, 190.90, 242804, 958
1273, 0, 36, 37, 15, 0, 1.46%, 0, 0, 3, 181.20, 243734, 958
1278, 0, 36, 37, 15, 0, 1.46%, 0, 0, 3, 173.04, 244631, 958
1283, 0, 36, 37, 15, 0, 1.46%, 0, 0, 3, 178.88, 245510, 958
1288, 0, 36, 37, 15, 0, 1.46%, 0, 0, 3, 184.31, 246482, 958
1294, 0, 36, 37, 15, 0, 1.46%, 0, 0, 3, 177.34, 247421, 958
1299, 0, 36, 37, 15, 0, 1.46%, 0, 0, 3, 194.48, 248438, 958
1304, 0, 21, 37, 15, 0, 1.46%, 0, 0, 3, 190.03, 249416, 958
1309, 0, 21, 37, 15, 0, 1.46%, 0, 0, 3, 196.99, 250431, 958
1314, 0, 21, 37, 15, 0, 1.46%, 0, 0, 3, 191.28, 251416, 958
1319, 0, 21, 37, 15, 0, 1.46%, 0, 0, 3, 191.41, 252385, 958
1324, 0, 21, 37, 15, 0, 1.46%, 0, 0, 3, 195.40, 253390, 958
1329, 0, 21, 37, 15, 0, 1.46%, 0, 0, 3, 195.08, 254398, 958
1334, 0, 3, 37, 15, 0, 1.46%, 0, 0, 3, 189.35, 255328, 958
1340, 0, 30, 37, 15, 0, 1.46%, 0, 0, 3, 200.54, 256385, 958
1345, 0, 30, 37, 15, 0, 1.46%, 0, 0, 3, 190.37, 257336, 958
1350, 0, 30, 37, 15, 0, 1.46%, 0, 0, 3, 188.73, 258306, 958
1355, 0, 30, 37, 15, 0, 1.46%, 0, 0, 3, 173.30, 259166, 958
1360, 0, 30, 37, 15, 0, 1.46%, 0, 0, 3, 184.99, 260132, 958
1365, 0, 30, 37, 15, 0, 1.46%, 0, 0, 3, 169.29, 260980, 958
1370, 0, 30, 37, 15, 0, 1.46%, 0, 0, 3, 172.76, 261878, 958
1375, 0, 30, 37, 15, 0, 1.46%, 0, 0, 3, 177.66, 262841, 958
1380, 0, 30, 37, 15, 0, 1.46%, 0, 0, 3, 162.36, 263645, 958
1386, 0, 30, 37, 15, 0, 1.46%, 0, 0, 3, 169.72, 264515, 958
1391, 0, 30, 37, 15, 0, 1.46%, 0, 0, 3, 171.75, 265432, 958
1396, 0, 36, 37, 15, 0, 1.46%, 0, 0, 3, 203.12, 266534, 958
1401, 0, 36, 37, 15, 0, 1.46%, 0, 0, 3, 203.10, 267570, 958
1406, 0, 36, 37, 15, 0, 1.46%, 0, 0, 3, 185.85, 268530, 958
1411, 0, 36, 37, 15, 0, 1.46%, 0, 0, 3, 186.82, 269496, 958
1416, 0, 36, 37, 15, 0, 1.46%, 0, 0, 3, 176.93, 270381, 958
1422, 0, 36, 37, 15, 0, 1.46%, 0, 0, 3, 176.24, 271296, 958
1427, 0, 36, 37, 15, 0, 1.46%, 0, 0, 3, 176.22, 272178, 958
1432, 0, 36, 37, 15, 0, 1.46%, 0, 0, 3, 170.96, 273060, 958
1437, 0, 36, 37, 15, 0, 1.46%, 0, 0, 3, 171.45, 273933, 958
1442, 0, 26, 37, 15, 0, 1.46%, 0, 0, 3, 184.14, 274875, 958
1447, 0, 26, 37, 15, 0, 1.46%, 0, 0, 3, 189.93, 275878, 958
1452, 0, 26, 37, 15, 0, 1.46%, 0, 0, 3, 204.00, 276920, 958
1457, 0, 26, 37, 15, 0, 1.46%, 0, 0, 3, 201.16, 277926, 958
1463, 0, 26, 37, 15, 0, 1.46%, 0, 0, 3, 181.94, 278884, 958
1468, 0, 26, 37, 15, 0, 1.46%, 0, 0, 3, 180.36, 279759, 958
1473, 0, 26, 37, 15, 0, 1.46%, 0, 0, 3, 170.28, 280612, 958
1478, 0, 26, 37, 15, 0, 1.46%, 0, 0, 3, 171.04, 281500, 958
1483, 0, 26, 37, 15, 0, 1.46%, 0, 0, 3, 172.94, 282385, 958
1488, 0, 26, 37, 15, 0, 1.46%, 0, 0, 3, 174.95, 283288, 958
1493, 0, 3, 37, 15, 0, 1.46%, 0, 0, 3, 197.71, 284330, 958
1499, 0, 36, 37, 15, 0, 1.46%, 0, 0, 3, 211.43, 285446, 958
1504, 0, 36, 37, 15, 0, 1.46%, 0, 0, 3, 202.83, 286474, 958
1509, 0, 36, 37, 15, 0, 1.46%, 0, 0, 3, 198.02, 287490, 958
1514, 0, 36, 37, 15, 0, 1.46%, 0, 0, 3, 176.94, 288384, 958
1519, 0, 36, 37, 15, 0, 1.46%, 0, 0, 3, 188.24, 289380, 958
1524, 0, 36, 37, 15, 0, 1.46%, 0, 0, 3, 175.36, 290247, 958
1529, 0, 36, 37, 15, 0, 1.46%, 0, 0, 3, 184.29, 291192, 958
1534, 0, 36, 37, 15, 0, 1.46%, 0, 0, 3, 175.18, 292080, 958
1539, 0, 36, 37, 15, 0, 1.46%, 0, 0, 3, 173.72, 292986, 958
1545, 0, 36, 37, 15, 0, 1.46%, 0, 0, 3, 186.49, 293928, 958
1550, 0, 12, 37, 15, 0, 1.46%, 0, 0, 3, 197.30, 294956, 958
1555, 0, 12, 37, 15, 0, 1.46%, 0, 0, 3, 191.32, 295929, 958
1560, 0, 12, 37, 15, 0, 1.46%, 0, 0, 3, 179.88, 296791, 958
1565, 0, 12, 37, 15, 0, 1.46%, 0, 0, 3, 179.33, 297709, 958
1570, 0, 12, 37, 15, 0, 1.46%, 0, 0, 3, 180.15, 298591, 958
1575, 0, 12, 37, 15, 0, 1.46%, 0, 0, 3, 196.19, 299632, 958
1580, 0, 12, 37, 15, 0, 1.46%, 0, 0, 3, 196.15, 300640, 958
1585, 0, 33, 37, 15, 0, 1.46%, 0, 0, 3, 194.74, 301663, 958
1590, 0, 33, 37, 15, 0, 1.46%, 0, 0, 3, 192.83, 302675, 958
1596, 0, 33, 37, 15, 0, 1.46%, 0, 0, 3, 200.00, 303710, 958
1601, 0, 33, 37, 15, 0, 1.46%, 0, 0, 3, 200.22, 304737, 958
1606, 0, 33, 37, 15, 0, 1.46%, 0, 0, 3, 195.67, 305745, 958
1611, 0, 33, 37, 15, 0, 1.46%, 0, 0, 3, 184.21, 306723, 958
1616, 0, 3, 37, 15, 0, 1.46%, 0, 0, 3, 190.04, 307698, 958
1622, 1, 36, 37, 15, 0, 1.46%, 0, 0, 3, 211.88, 308811, 958
1627, 1, 36, 37, 15, 0, 1.46%, 0, 0, 3, 203.82, 309835, 958
1632, 1, 36, 37, 15, 0, 1.46%, 0, 0, 3, 169.23, 310638, 958
1637, 1, 36, 37, 15, 0, 1.46%, 0, 0, 3, 185.20, 311615, 958
1642, 1, 36, 37, 15, 0, 1.46%, 0, 0, 3, 174.03, 312506, 958
1647, 1, 36, 37, 15, 0, 1.46%, 0, 0, 3, 172.70, 313394, 958
1652, 1, 36, 37, 15, 0, 1.46%, 0, 0, 3, 177.65, 314306, 958
1657, 1, 36, 37, 15, 0, 1.46%, 0, 0, 3, 178.52, 315239, 958
1662, 1, 36, 37, 15, 0, 1.46%, 0, 0, 3, 177.53, 316151, 958
1667, 1, 36, 37, 15, 0, 1.46%, 0, 0, 3, 171.86, 317009, 958
1673, 1, 16, 37, 15, 0, 1.46%, 0, 0, 3, 183.20, 317945, 958
1678, 1, 16, 37, 15, 0, 1.46%, 0, 0, 3, 197.83, 318989, 958
1683, 1, 16, 37, 15, 0, 1.46%, 0, 0, 3, 201.38, 320040, 958
1688, 1, 16, 37, 15, 0, 1.46%, 0, 0, 3, 204.11, 321078, 958
1693, 1, 16, 37, 15, 0, 1.46%, 0, 0, 3, 200.52, 322082, 958
1698, 1, 16, 37, 15, 0, 1.46%, 0, 0, 3, 190.69, 323077, 958
1703, 1, 16, 37, 15, 0, 1.46%, 0, 0, 3, 188.84, 324055, 958
1709, 1, 16, 37, 15, 0, 1.46%, 0, 0, 3, 189.57, 325024, 958
1714, 1, 16, 37, 15, 0, 1.46%, 0, 0, 3, 188.12, 325993, 958
1719, 1, 16, 37, 15, 0, 1.46%, 0, 0, 3, 190.57, 326990, 958
1724, 1, 16, 37, 15, 0, 1.46%, 0, 0, 3, 189.52, 327942, 958
1729, 1, 16, 37, 15, 0, 1.46%, 0, 0, 3, 192.43, 328927, 958
1734, 1, 16, 37, 15, 0, 1.46%, 0, 0, 3, 198.76, 329965, 958
1740, 1, 16, 37, 15, 0, 1.46%, 0, 0, 3, 189.94, 330950, 958
1745, 1, 16, 37, 15, 0, 1.46%, 0, 0, 3, 203.43, 331957, 958
1750, 1, 16, 37, 15, 0, 1.46%, 0, 0, 3, 206.23, 333038, 958
1755, 1, 16, 37, 15, 0, 1.46%, 0, 0, 3, 207.06, 334093, 958
1760, 1, 16, 37, 15, 0, 1.46%, 0, 0, 3, 203.82, 335115, 958
1765, 1, 16, 37, 15, 0, 1.46%, 0, 0, 3, 200.67, 336124, 958
1770, 1, 16, 37, 15, 0, 1.46%, 0, 0, 3, 208.62, 337169, 958
1775, 1, 16, 37, 15, 0, 1.46%, 0, 0, 3, 204.04, 338246, 958
1780, 1, 16, 37, 15, 0, 1.46%, 0, 0, 3, 190.01, 339173, 958
1785, 1, 16, 37, 15, 0, 1.46%, 0, 0, 3, 194.64, 340188, 958
1790, 1, 16, 37, 15, 0, 1.46%, 0, 0, 3, 192.43, 341161, 958
1796, 1, 16, 37, 15, 0, 1.46%, 0, 0, 3, 191.94, 342149, 958
1801, 1, 16, 37, 15, 0, 1.46%, 0, 0, 3, 187.04, 343115, 958
1806, 1, 1, 37, 15, 0, 1.46%, 0, 0, 3, 196.30, 344145, 958
1811, 1, 1, 37, 15, 0, 1.46%, 0, 0, 3, 198.42, 345171, 958
1816, 1, 1, 37, 15, 0, 1.46%, 0, 0, 3, 199.54, 346206, 958
1821, 1, 1, 37, 15, 0, 1.46%, 0, 0, 3, 194.48, 347205, 958
1827, 1, 1, 37, 15, 0, 1.46%, 0, 0, 3, 193.17, 348204, 958
1832, 1, 1, 37, 15, 0, 1.46%, 0, 0, 3, 193.66, 349200, 958
1837, 1, 1, 37, 15, 0, 1.46%, 0, 0, 3, 188.23, 350175, 958
1842, 1, 1, 37, 15, 0, 1.46%, 0, 0, 3, 180.85, 351099, 958
1847, 1, 1, 37, 15, 0, 1.46%, 0, 0, 3, 185.04, 352029, 958
1852, 1, 1, 37, 15, 0, 1.46%, 0, 0, 3, 183.03, 352998, 958
1857, 1, 1, 37, 15, 0, 1.46%, 0, 0, 3, 169.37, 353853, 958
1863, 1, 1, 37, 15, 0, 1.46%, 0, 0, 3, 178.80, 354747, 958
1868, 1, 1, 37, 15, 0, 1.46%, 0, 0, 3, 183.56, 355695, 958
1873, 1, 1, 37, 15, 0, 1.46%, 0, 0, 3, 176.93, 356625, 958
1878, 1, 1, 37, 15, 0, 1.46%, 0, 0, 3, 166.04, 357450, 958
1883, 1, 1, 37, 15, 0, 1.46%, 0, 0, 3, 182.54, 358398, 958
1888, 1, 1, 37, 15, 0, 1.46%, 0, 0, 3, 185.54, 359334, 958
1893, 1, 1, 37, 15, 0, 1.46%, 0, 0, 3, 175.30, 360225, 958
1898, 1, 1, 37, 15, 0, 1.46%, 0, 0, 3, 167.69, 361053, 958
1903, 1, 1, 37, 15, 0, 1.46%, 0, 0, 3, 198.62, 362097, 958
1908, 1, 1, 37, 15, 0, 1.46%, 0, 0, 3, 201.34, 363130, 958
1913, 1, 1, 37, 15, 0, 1.46%, 0, 0, 3, 176.51, 363984, 958
1919, 1, 1, 37, 15, 0, 1.46%, 0, 0, 3, 180.70, 364899, 958
1924, 1, 1, 37, 15, 0, 1.46%, 0, 0, 3, 185.53, 365835, 958
1929, 1, 1, 37, 15, 0, 1.46%, 0, 0, 3, 185.06, 366804, 958
1934, 1, 1, 37, 15, 0, 1.46%, 0, 0, 3, 171.40, 367683, 958
1939, 1, 1, 37, 15, 0, 1.46%, 0, 0, 3, 177.43, 368595, 958
1944, 1, 1, 37, 15, 0, 1.46%, 0, 0, 3, 168.53, 369468, 958
1949, 1, 1, 37, 15, 0, 1.46%, 0, 0, 3, 174.85, 370389, 958
1955, 1, 1, 37, 15, 0, 1.46%, 0, 0, 3, 165.57, 371238, 958
1960, 1, 1, 37, 15, 0, 1.46%, 0, 0, 3, 172.05, 372129, 958
1965, 1, 1, 37, 15, 0, 1.46%, 0, 0, 3, 168.50, 372966, 958
1970, 1, 1, 37, 15, 0, 1.46%, 0, 0, 3, 173.16, 373845, 958
1975, 1, 1, 37, 15, 0, 1.46%, 0, 0, 3, 168.43, 374676, 958
1980, 1, 1, 37, 15, 0, 1.46%, 0, 0, 3, 173.36, 375552, 958
1985, 1, 1, 37, 15, 0, 1.46%, 0, 0, 3, 170.31, 376407, 958
1990, 1, 3, 37, 15, 0, 1.46%, 0, 0, 3, 188.75, 377382, 958
1995, 1, 21, 37, 15, 0, 1.46%, 0, 0, 3, 192.40, 378383, 958
2000, 1, 21, 38, 16, 0, 2.29%, 0, 0, 3, 207.40, 379439, 1499
2005, 1, 21, 38, 16, 0, 2.29%, 0, 0, 3, 191.57, 380376, 1499
2011, 1, 21, 38, 16, 0, 2.29%, 0, 0, 3, 188.93, 381354, 1499
2016, 1, 21, 38, 16, 0, 2.29%, 0, 0, 3, 189.33, 382299, 1499
2021, 1, 21, 38, 16, 0, 2.29%, 0, 0, 3, 193.91, 383328, 1499
2026, 1, 21, 38, 16, 0, 2.29%, 0, 0, 3, 189.53, 384297, 1499
2031, 1, 37, 38, 16, 1, 2.29%, 0, 0, 3, 188.50, 385272, 1499
2036, 1, 37, 39, 17, 1, 2.31%, 0, 0, 4, 186.34, 386237, 1517
2041, 1, 37, 39, 17, 1, 2.31%, 0, 0, 4, 191.90, 387188, 1517
2046, 1, 37, 39, 17, 1, 2.31%, 0, 0, 4, 186.43, 388112, 1517
2052, 1, 37, 39, 17, 1, 2.31%, 0, 0, 4, 187.52, 389081, 1517
2057, 1, 37, 39, 17, 1, 2.31%, 0, 0, 4, 188.58, 390065, 1517
2062, 1, 37, 39, 17, 1, 2.31%, 0, 0, 4, 194.37, 391082, 1517
2067, 1, 37, 39, 17, 1, 2.31%, 0, 1, 4, 199.60, 391778, 1517
2072, 1, 37, 39, 17, 1, 2.31%, 0, 1, 4, 198.89, 392798, 1517
2077, 1, 37, 39, 17, 1, 2.31%, 0, 1, 4, 194.69, 393746, 1517
2082, 1, 37, 39, 17, 1, 2.31%, 0, 1, 4, 192.07, 394688, 1517
2087, 1, 38, 39, 16, 1, 2.31%, 0, 1, 4, 187.91, 395653, 1517
2092, 1, 38, 39, 16, 1, 2.31%, 0, 1, 4, 186.82, 396586, 1517
2098, 1, 38, 39, 16, 1, 2.31%, 0, 1, 4, 185.99, 397555, 1517
2103, 1, 38, 39, 16, 1, 2.31%, 0, 1, 4, 193.07, 398548, 1517
2108, 1, 38, 39, 16, 1, 2.31%, 0, 1, 4, 204.93, 399593, 1517
2113, 1, 38, 39, 16, 1, 2.31%, 0, 1, 4, 209.43, 400685, 1517
2118, 1, 38, 39, 16, 1, 2.31%, 0, 1, 4, 196.14, 401677, 1517
2123, 1, 38, 39, 16, 1, 2.31%, 0, 1, 4, 183.15, 402607, 1517
2128, 1, 38, 39, 16, 1, 2.31%, 0, 1, 4, 181.22, 403558, 1517
2133, 1, 38, 39, 16, 1, 2.31%, 0, 1, 4, 182.42, 404470, 1517
2139, 1, 38, 39, 16, 1, 2.31%, 0, 1, 4, 196.28, 405508, 1517
2144, 1, 38, 39, 16, 1, 2.31%, 0, 1, 4, 201.66, 406549, 1517
2149, 1, 38, 39, 16, 1, 2.31%, 0, 1, 4, 206.31, 407597, 1517
2154, 1, 38, 39, 16, 1, 2.31%, 0, 1, 4, 209.68, 408681, 1517
2159, 1, 38, 39, 16, 1, 2.31%, 0, 1, 4, 198.73, 409737, 1517
2164, 1, 38, 39, 16, 1, 2.31%, 0, 1, 4, 205.16, 410781, 1517
2169, 1, 38, 39, 16, 1, 2.31%, 0, 1, 4, 173.37, 411658, 1517
2175, 1, 38, 39, 16, 1, 2.31%, 0, 1, 4, 182.57, 412621, 1517
2180, 1, 38, 40, 17, 1, 2.32%, 0, 1, 5, 201.03, 413665, 1520
2185, 1, 38, 40, 17, 1, 2.32%, 0, 1, 5, 202.68, 414701, 1520
2190, 1, 38, 40, 17, 1, 2.32%, 0, 1, 5, 202.80, 415725, 1520
2195, 1, 38, 40, 17, 1, 2.32%, 0, 1, 5, 197.58, 416727, 1520
2200, 1, 38, 40, 17, 1, 2.32%, 0, 1, 5, 195.31, 417741, 1520
2205, 1, 38, 40, 17, 1, 2.32%, 0, 1, 5, 192.23, 418746, 1520
2211, 1, 38, 40, 17, 1, 2.32%, 0, 1, 5, 188.26, 419718, 1520
2216, 1, 38, 40, 17, 1, 2.32%, 0, 1, 5, 201.26, 420769, 1520
2221, 1, 38, 40, 17, 1, 2.32%, 0, 1, 5, 199.80, 421801, 1520
2226, 1, 38, 40, 17, 1, 2.32%, 0, 1, 5, 199.66, 422802, 1520
2231, 1, 38, 40, 17, 1, 2.32%, 0, 1, 5, 205.23, 423865, 1520
2236, 1, 38, 40, 17, 1, 2.32%, 0, 1, 5, 212.35, 424973, 1520
2241, 1, 38, 40, 17, 1, 2.32%, 0, 1, 5, 210.74, 426057, 1520
2247, 1, 38, 40, 17, 1, 2.32%, 0, 1, 5, 211.35, 427161, 1520
2252, 1, 38, 40, 17, 1, 2.32%, 0, 1, 5, 214.26, 428265, 1520
2257, 1, 38, 40, 17, 1, 2.32%, 0, 1, 5, 197.36, 429255, 1520
2262, 1, 38, 40, 17, 1, 2.32%, 0, 1, 5, 189.29, 430230, 1520
2267, 1, 39, 40, 16, 1, 2.32%, 0, 1, 5, 196.83, 431246, 1520
2272, 1, 39, 40, 16, 1, 2.32%, 0, 1, 5, 205.30, 432301, 1520
2277, 1, 39, 40, 16, 1, 2.32%, 0, 1, 5, 200.62, 433313, 1520
2282, 1, 39, 40, 16, 1, 2.32%, 0, 1, 5, 199.06, 434373, 1520
2287, 1, 39, 40, 16, 1, 2.32%, 0, 1, 5, 190.07, 435320, 1520
2293, 1, 21, 40, 15, 0, 2.32%, 0, 1, 5, 188.57, 436307, 1520
2298, 1, 21, 40, 15, 0, 2.32%, 0, 1, 5, 202.99, 437354, 1520
2303, 1, 21, 40, 15, 0, 2.32%, 0, 1, 5, 187.78, 438337, 1520
2308, 1, 21, 41, 16, 0, 2.32%, 0, 1, 5, 183.49, 439237, 1521
2313, 1, 21, 41, 16, 0, 2.32%, 0, 1, 5, 189.78, 440215, 1521
2318, 1, 21, 41, 16, 0, 2.32%, 0, 1, 5, 189.56, 441199, 1521
2324, 1, 21, 41, 16, 0, 2.32%, 0, 1, 5, 191.21, 442180, 1521
2329, 1, 40, 41, 16, 1, 2.32%, 0, 1, 5, 187.09, 443150, 1521
2334, 1, 40, 41, 16, 1, 2.32%, 0, 1, 5, 191.65, 444152, 1521
2339, 1, 40, 41, 16, 1, 2.32%, 0, 1, 5, 189.85, 445139, 1521
2344, 1, 40, 41, 16, 1, 2.32%, 0, 1, 5, 183.47, 446087, 1521
2349, 1, 40, 41, 16, 1, 2.32%, 0, 1, 5, 167.86, 446909, 1521
2355, 1, 40, 41, 16, 1, 2.32%, 0, 1, 5, 173.45, 447788, 1521
2360, 1, 40, 41, 16, 1, 2.32%, 0, 1, 5, 187.81, 448778, 1521
2365, 1, 40, 41, 16, 1, 2.32%, 0, 1, 5, 188.26, 449759, 1521
2370, 1, 40, 41, 16, 1, 2.32%, 0, 1, 5, 174.23, 450632, 1521
2375, 1, 40, 41, 16, 1, 2.32%, 0, 1, 5, 173.07, 451529, 1521
2380, 1, 40, 41, 16, 1, 2.32%, 0, 1, 5, 172.66, 452396, 1521
2385, 1, 40, 41, 16, 1, 2.32%, 0, 1, 5, 169.64, 453278, 1521
2391, 1, 40, 41, 16, 1, 2.32%, 0, 1, 5, 181.22, 454223, 1521
2396, 1, 40, 41, 16, 1, 2.32%, 0, 1, 5, 174.26, 455108, 1521
2401, 1, 40, 41, 16, 1, 2.32%, 0, 1, 5, 182.61, 456056, 1521
2406, 1, 40, 41, 16, 1, 2.32%, 0, 1, 5, 172.31, 456926, 1521
2411, 1, 40, 41, 16, 1, 2.32%, 0, 1, 5, 184.58, 457892, 1521
2416, 1, 40, 41, 16, 1, 2.32%, 0, 1, 5, 171.88, 458780, 1521
2421, 1, 38, 41, 15, 0, 2.32%, 0, 1, 5, 187.93, 459776, 1521
2427, 1, 38, 41, 15, 0, 2.32%, 0, 1, 5, 189.21, 460754, 1521
2432, 1, 38, 41, 15, 0, 2.32%, 0, 1, 5, 198.54, 461747, 1521
2437, 1, 38, 41, 15, 0, 2.32%, 0, 1, 5, 201.98, 462770, 1521
2442, 1, 38, 41, 15, 0, 2.32%, 0, 1, 5, 202.92, 463799, 1521
2447, 1, 38, 41, 15, 0, 2.32%, 0, 1, 5, 197.95, 464808, 1521
2452, 1, 38, 41, 15, 0, 2.32%, 0, 1, 5, 204.00, 465829, 1521
2457, 1, 38, 41, 15, 0, 2.32%, 0, 1, 5, 200.31, 466843, 1521
2462, 1, 38, 41, 15, 0, 2.32%, 0, 1, 5, 198.03, 467818, 1521
2467, 1, 38, 41, 15, 0, 2.32%, 0, 1, 5, 199.89, 468854, 1521
2472, 1, 38, 41, 15, 0, 2.32%, 0, 1, 5, 196.98, 469852, 1521
2477, 1, 38, 41, 15, 0, 2.32%, 0, 1, 5, 207.18, 470898, 1521
2482, 1, 38, 41, 15, 0, 2.32%, 0, 1, 5, 193.03, 471852, 1521
2487, 1, 38, 41, 15, 0, 2.32%, 0, 1, 5, 202.55, 472915, 1521
2492, 1, 38, 41, 15, 0, 2.32%, 0, 1, 5, 186.43, 473844, 1521
2498, 1, 36, 41, 15, 0, 2.32%, 0, 1, 5, 208.43, 474941, 1521
2503, 1, 36, 41, 15, 0, 2.32%, 0, 1, 5, 198.63, 475920, 1521
2508, 1, 36, 41, 15, 0, 2.32%, 0, 1, 5, 196.76, 476936, 1521
2513, 1, 36, 41, 15, 0, 2.32%, 0, 1, 5, 185.52, 477875, 1521
2518, 1, 36, 41, 15, 0, 2.32%, 0, 1, 5, 173.69, 478726, 1521
2523, 1, 36, 41, 15, 0, 2.32%, 0, 1, 5, 194.90, 479707, 1521
2528, 1, 36, 41, 15, 0, 2.32%, 0, 1, 5, 178.62, 480617, 1521
2533, 1, 36, 41, 15, 0, 2.32%, 0, 1, 5, 172.44, 481508, 1521
2539, 1, 36, 41, 15, 0, 2.32%, 0, 1, 5, 179.39, 482468, 1521
2544, 1, 36, 41, 15, 0, 2.32%, 0, 1, 5, 186.61, 483413, 1521
2549, 1, 36, 41, 15, 0, 2.32%, 0, 1, 5, 203.19, 484511, 1521
2554, 1, 36, 41, 15, 0, 2.32%, 0, 1, 5, 192.47, 485506, 1521
2559, 1, 36, 41, 15, 0, 2.32%, 0, 1, 5, 176.38, 486386, 1521
2564, 1, 36, 41, 15, 0, 2.32%, 0, 1, 5, 190.20, 487425, 1521
2570, 1, 36, 41, 15, 0, 2.32%, 0, 1, 5, 172.35, 488289, 1521
2575, 1, 36, 41, 15, 0, 2.32%, 0, 1, 5, 172.46, 489183, 1521
2580, 1, 36, 41, 15, 0, 2.32%, 0, 1, 5, 184.17, 490134, 1521
2585, 1, 36, 41, 15, 0, 2.32%, 0, 1, 5, 184.77, 491112, 1521
2590, 1, 36, 41, 15, 0, 2.32%, 0, 1, 5, 186.73, 492057, 1521
2595, 1, 36, 41, 15, 0, 2.32%, 0, 1, 5, 206.90, 493140, 1521
2601, 1, 36, 41, 15, 0, 2.32%, 0, 1, 5, 202.76, 494208, 1521
2606, 1, 36, 41, 15, 0, 2.32%, 0, 1, 5, 180.64, 495140, 1521
2611, 1, 36, 41, 15, 0, 2.32%, 0, 1, 5, 176.82, 496042, 1521
2616, 1, 36, 41, 15, 0, 2.32%, 0, 1, 5, 171.27, 496894, 1521
2621, 1, 36, 41, 15, 0, 2.32%, 0, 1, 5, 172.66, 497791, 1521
2626, 1, 36, 41, 15, 0, 2.32%, 0, 1, 5, 184.26, 498724, 1521
2631, 1, 36, 41, 15, 0, 2.32%, 0, 1, 5, 179.55, 499660, 1521
2636, 1, 36, 41, 15, 0, 2.32%, 0, 1, 5, 175.92, 500530, 1521
2642, 1, 36, 41, 15, 0, 2.32%, 0, 1, 5, 171.14, 501415, 1521
2647, 1, 36, 41, 15, 0, 2.32%, 0, 1, 5, 192.95, 502408, 1521
2652, 1, 3, 41, 15, 0, 2.32%, 0, 1, 5, 201.95, 503455, 1521
2657, 1, 36, 41, 15, 0, 2.32%, 0, 1, 5, 210.62, 504534, 1521
2662, 1, 36, 41, 15, 0, 2.32%, 0, 1, 5, 202.86, 505554, 1521
2667, 1, 36, 41, 15, 0, 2.32%, 0, 1, 5, 176.54, 506445, 1521
2672, 1, 36, 41, 15, 0, 2.32%, 0, 1, 5, 174.02, 507320, 1521
2678, 1, 36, 41, 15, 0, 2.32%, 0, 1, 5, 173.76, 508217, 1521
2683, 1, 36, 41, 15, 0, 2.32%, 0, 1, 5, 176.22, 509120, 1521
2688, 1, 36, 41, 15, 0, 2.32%, 0, 1, 5, 193.89, 510161, 1521
2693, 1, 36, 41, 15, 0, 2.32%, 0, 1, 5, 181.40, 511063, 1521
2698, 1, 36, 41, 15, 0, 2.32%, 0, 1, 5, 171.10, 511961, 1521
2703, 1, 36, 41, 15, 0, 2.32%, 0, 1, 5, 178.17, 512939, 1521
2708, 1, 31, 41, 15, 0, 2.32%, 0, 1, 5, 192.03, 513931, 1521
2714, 1, 31, 41, 15, 0, 2.32%, 0, 1, 5, 194.22, 514939, 1521
2719, 1, 31, 41, 15, 0, 2.32%, 0, 1, 5, 188.92, 515920, 1521
2724, 1, 38, 41, 15, 0, 2.32%, 0, 1, 5, 191.71, 516927, 1521
2729, 1, 38, 41, 15, 0, 2.32%, 0, 1, 5, 199.14, 517944, 1521
2734, 1, 38, 41, 15, 0, 2.32%, 0, 1, 5, 208.52, 519035, 1521
2739, 1, 38, 41, 15, 0, 2.32%, 0, 1, 5, 208.13, 520079, 1521
2745, 1, 38, 41, 15, 0, 2.32%, 0, 1, 5, 199.31, 521092, 1521
2750, 1, 38, 41, 15, 0, 2.32%, 0, 1, 5, 203.92, 522166, 1521
2755, 1, 38, 41, 15, 0, 2.32%, 0, 1, 5, 190.44, 523110, 1521
2760, 1, 38, 41, 15, 0, 2.32%, 0, 1, 5, 191.56, 524075, 1521
2765, 1, 38, 41, 15, 0, 2.32%, 0, 1, 5, 200.69, 525126, 1521
2770, 1, 38, 41, 15, 0, 2.32%, 0, 1, 5, 190.64, 526081, 1521
2775, 1, 38, 41, 15, 0, 2.32%, 0, 1, 5, 195.05, 527115, 1521
2780, 1, 38, 41, 15, 0, 2.32%, 0, 1, 5, 207.06, 528198, 1521
2786, 1, 38, 41, 15, 0, 2.32%, 0, 1, 5, 202.01, 529204, 1521
2791, 1, 38, 41, 15, 0, 2.32%, 0, 1, 5, 207.81, 530255, 1521
2796, 1, 36, 41, 15, 0, 2.32%, 0, 1, 5, 214.94, 531366, 1521
2801, 1, 36, 41, 15, 0, 2.32%, 0, 1, 5, 203.58, 532382, 1521
2806, 1, 36, 41, 15, 0, 2.32%, 0, 1, 5, 173.87, 533215, 1521
2811, 1, 36, 41, 15, 0, 2.32%, 0, 1, 5, 175.67, 534114, 1521
2816, 1, 36, 41, 15, 0, 2.32%, 0, 1, 5, 172.46, 534987, 1521
2821, 1, 36, 41, 15, 0, 2.32%, 0, 1, 5, 174.70, 535863, 1521
2826, 1, 36, 41, 15, 0, 2.32%, 0, 1, 5, 172.26, 536726, 1521
2831, 1, 36, 41, 15, 0, 2.32%, 0, 1, 5, 189.31, 537743, 1521
2836, 1, 36, 41, 15, 0, 2.32%, 0, 1, 5, 178.18, 538659, 1521
2842, 1, 36, 41, 15, 0, 2.32%, 0, 1, 5, 184.46, 539607, 1521
2847, 1, 21, 41, 15, 0, 2.32%, 0, 1, 5, 187.20, 540549, 1521
2852, 1, 21, 41, 15, 0, 2.32%, 0, 1, 5, 198.64, 541588, 1521
2857, 1, 21, 41, 15, 0, 2.32%, 0, 1, 5, 189.79, 542567, 1521
2862, 1, 21, 41, 15, 0, 2.32%, 0, 1, 5, 187.44, 543536, 1521
2867, 1, 21, 41, 15, 0, 2.32%, 0, 1, 5, 190.70, 544529, 1521
2872, 1, 21, 41, 15, 0, 2.32%, 0, 1, 5, 189.43, 545504, 1521
2878, 1, 21, 41, 15, 0, 2.32%, 0, 1, 5, 192.06, 546506, 1521
2883, 1, 36, 41, 15, 0, 2.32%, 0, 1, 5, 209.53, 547603, 1521
2888, 1, 36, 41, 15, 0, 2.32%, 0, 1, 5, 205.23, 548643, 1521
2893, 1, 36, 41, 15, 0, 2.32%, 0, 1, 5, 176.38, 549550, 1521
2898, 1, 36, 41, 15, 0, 2.32%, 0, 1, 5, 177.00, 550461, 1521
2903, 1, 36, 41, 15, 0, 2.32%, 0, 1, 5, 202.35, 551511, 1521
2909, 1, 36, 41, 15, 0, 2.32%, 0, 1, 5, 209.83, 552565, 1521
2914, 1, 36, 41, 15, 0, 2.32%, 0, 1, 5, 186.60, 553515, 1521
2919, 1, 36, 41, 15, 0, 2.32%, 0, 1, 5, 185.37, 554466, 1521
2924, 1, 36, 41, 15, 0, 2.32%, 0, 1, 5, 173.88, 555317, 1521
2929, 1, 36, 41, 15, 0, 2.32%, 0, 1, 5, 174.21, 556254, 1521
2934, 1, 36, 41, 15, 0, 2.32%, 0, 1, 5, 194.71, 557247, 1521
2939, 1, 36, 41, 15, 0, 2.32%, 0, 1, 5, 199.22, 558301, 1521
2945, 1, 36, 41, 15, 0, 2.32%, 0, 1, 5, 176.43, 559208, 1521
2950, 1, 36, 41, 15, 0, 2.32%, 0, 1, 5, 175.71, 560083, 1521
2955, 1, 36, 41, 15, 0, 2.32%, 0, 1, 5, 171.45, 560926, 1521
2960, 1, 36, 41, 15, 0, 2.32%, 0, 1, 5, 178.96, 561874, 1521
2965, 1, 36, 41, 15, 0, 2.32%, 0, 1, 5, 174.52, 562777, 1521
2970, 1, 36, 41, 15, 0, 2.32%, 0, 1, 5, 173.51, 563680, 1521
2975, 1, 36, 41, 15, 0, 2.32%, 0, 1, 5, 174.68, 564580, 1521
2980, 1, 36, 41, 15, 0, 2.32%, 0, 1, 5, 173.83, 565446, 1521
2985, 1, 36, 41, 15, 0, 2.32%, 0, 1, 5, 191.74, 566397, 1521
2990, 1, 21, 41, 15, 0, 2.32%, 0, 1, 5, 198.54, 567373, 1521
2995, 1, 21, 41, 15, 0, 2.32%, 0, 1, 5, 192.76, 568335, 1521
3000, 1, 21, 41, 15, 0, 2.32%, 0, 1, 5, 190.90, 569319, 1521
3006, 1, 21, 41, 15, 0, 2.32%, 0, 1, 5, 190.86, 570315, 1521
3011, 1, 21, 41, 15, 0, 2.32%, 0, 1, 5, 177.53, 571239, 1521
3016, 1, 21, 41, 15, 0, 2.32%, 0, 1, 5, 193.76, 572238, 1521
3021, 1, 9, 41, 15, 0, 2.32%, 0, 1, 5, 195.49, 573246, 1521
3026, 1, 9, 41, 15, 0, 2.32%, 0, 1, 5, 196.71, 574227, 1521
3031, 1, 9, 41, 15, 0, 2.32%, 0, 1, 5, 200.05, 575257, 1521
3037, 1, 9, 41, 15, 0, 2.32%, 0, 1, 5, 198.72, 576283, 1521
3042, 1, 9, 41, 15, 0, 2.32%, 0, 1, 5, 200.41, 577318, 1521
3047, 1, 9, 41, 15, 0, 2.32%, 0, 1, 5, 175.45, 578177, 1521
3052, 1, 9, 41, 15, 0, 2.32%, 0, 1, 5, 168.13, 579041, 1521
3057, 1, 9, 41, 15, 0, 2.32%, 0, 1, 5, 171.75, 579927, 1521
3062, 1, 9, 41, 15, 0, 2.32%, 0, 1, 5, 184.53, 580901, 1521
3067, 1, 9, 41, 15, 0, 2.32%, 0, 1, 5, 189.76, 581862, 1521
3073, 1, 9, 41, 15, 0, 2.32%, 0, 1, 5, 199.09, 582883, 1521
3078, 1, 9, 41, 15, 0, 2.32%, 0, 1, 5, 206.32, 583968, 1521
3083, 1, 9, 41, 15, 0, 2.32%, 0, 1, 5, 191.39, 584945, 1521
3088, 1, 9, 41, 15, 0, 2.32%, 0, 1, 5, 172.74, 585846, 1521
3093, 1, 9, 41, 15, 0, 2.32%, 0, 1, 5, 178.47, 586735, 1521
3098, 1, 9, 41, 15, 0, 2.32%, 0, 1, 5, 201.49, 587768, 1521
3103, 1, 9, 41, 15, 0, 2.32%, 0, 1, 5, 192.26, 588749, 1521
3109, 1, 9, 41, 15, 0, 2.32%, 0, 1, 5, 203.05, 589806, 1521
3114, 1, 9, 41, 15, 0, 2.32%, 0, 1, 5, 191.62, 590791, 1521
3119, 1, 9, 41, 15, 0, 2.32%, 0, 1, 5, 166.96, 591628, 1521
3124, 1, 9, 41, 15, 0, 2.32%, 0, 1, 5, 183.27, 592565, 1521
3129, 1, 9, 41, 15, 0, 2.32%, 0, 1, 5, 189.23, 593553, 1521
3134, 1, 9, 41, 15, 0, 2.32%, 0, 1, 5, 193.45, 594553, 1521
3139, 1, 9, 41, 15, 0, 2.32%, 0, 1, 5, 168.23, 595363, 1521
3144, 1, 21, 41, 15, 0, 2.32%, 0, 1, 5, 179.94, 596297, 1521
3150, 1, 21, 41, 15, 0, 2.32%, 0, 1, 5, 197.24, 597348, 1521
3155, 1, 21, 41, 15, 0, 2.32%, 0, 1, 5, 189.34, 598321, 1521
3160, 1, 21, 41, 15, 0, 2.32%, 0, 1, 5, 185.69, 599233, 1521
3165, 1, 21, 41, 15, 0, 2.32%, 0, 1, 5, 187.84, 600208, 1521
3170, 1, 21, 41, 15, 0, 2.32%, 0, 1, 5, 185.51, 601135, 1521
3175, 1, 21, 41, 15, 0, 2.32%, 0, 1, 5, 181.13, 602095, 1521
3180, 1, 32, 41, 15, 0, 2.32%, 0, 1, 5, 173.92, 602944, 1521
3185, 1, 32, 41, 15, 0, 2.32%, 0, 1, 5, 173.08, 603869, 1521
3190, 1, 32, 41, 15, 0, 2.32%, 0, 1, 5, 182.52, 604806, 1521
3195, 1, 32, 41, 15, 0, 2.32%, 0, 1, 5, 177.00, 605685, 1521
3201, 1, 32, 41, 15, 0, 2.32%, 0, 1, 5, 183.75, 606639, 1521
3206, 1, 32, 41, 15, 0, 2.32%, 0, 1, 5, 185.62, 607575, 1521
3211, 1, 32, 41, 15, 0, 2.32%, 0, 1, 5, 174.35, 608451, 1521
3216, 1, 31, 41, 15, 0, 2.32%, 0, 1, 5, 187.94, 609454, 1521
3221, 1, 31, 41, 15, 0, 2.32%, 0, 1, 5, 183.92, 610390, 1521
3226, 1, 31, 41, 15, 0, 2.32%, 0, 1, 5, 191.00, 611401, 1521
3232, 1, 36, 41, 15, 0, 2.32%, 0, 1, 5, 211.99, 612524, 1521
3237, 1, 36, 41, 15, 0, 2.32%, 0, 1, 5, 197.56, 613541, 1521
3242, 1, 36, 41, 15, 0, 2.32%, 0, 1, 5, 185.28, 614494, 1521
3247, 1, 36, 41, 15, 0, 2.32%, 0, 1, 5, 177.83, 615403, 1521
3252, 1, 36, 41, 15, 0, 2.32%, 0, 1, 5, 185.96, 616384, 1521
3258, 1, 36, 41, 15, 0, 2.32%, 0, 1, 5, 178.01, 617290, 1521
3263, 1, 36, 41, 15, 0, 2.32%, 0, 1, 5, 186.72, 618237, 1521
3268, 1, 36, 41, 15, 0, 2.32%, 0, 1, 5, 195.04, 619227, 1521
3273, 1, 36, 41, 15, 0, 2.32%, 0, 1, 5, 175.55, 620083, 1521
3278, 1, 37, 41, 15, 0, 2.32%, 0, 1, 5, 179.93, 620977, 1521
3283, 1, 37, 41, 15, 0, 2.32%, 0, 1, 5, 188.93, 621962, 1521
3288, 1, 37, 42, 16, 0, 2.43%, 0, 1, 5, 189.54, 622948, 1595
3293, 1, 37, 42, 16, 0, 2.43%, 0, 1, 5, 196.66, 623964, 1595
3298, 1, 37, 42, 16, 0, 2.43%, 0, 1, 5, 200.52, 624974, 1595
3304, 1, 37, 42, 16, 0, 2.43%, 0, 1, 5, 195.18, 625972, 1595
3309, 1, 37, 42, 16, 0, 2.43%, 0, 1, 5, 195.60, 626920, 1595
3314, 1, 37, 42, 16, 0, 2.43%, 0, 1, 5, 199.09, 627907, 1595
3319, 1, 37, 42, 16, 0, 2.43%, 0, 2, 5, 15.55, 628599, 1595
3324, 1, 37, 42, 16, 0, 2.43%, 0, 3, 5, 2.88, 628628, 1595
3329, 1, 37, 42, 16, 0, 2.43%, 0, 3, 5, 187.27, 629416, 1595
3334, 1, 37, 42, 16, 0, 2.43%, 0, 3, 5, 200.81, 630464, 1595
3339, 1, 37, 42, 16, 0, 2.43%, 0, 3, 5, 196.24, 631471, 1595
3344, 1, 41, 42, 16, 1, 2.43%, 0, 3, 5, 189.31, 632414, 1595
3350, 1, 41, 42, 16, 1, 2.43%, 0, 3, 5, 186.58, 633383, 1595
3355, 1, 41, 42, 16, 1, 2.43%, 0, 3, 5, 184.73, 634306, 1595
3360, 1, 41, 42, 16, 1, 2.43%, 0, 3, 5, 190.82, 635299, 1595
3365, 1, 41, 42, 16, 1, 2.43%, 0, 3, 5, 189.81, 636243, 1595
3370, 1, 41, 42, 16, 1, 2.43%, 0, 3, 5, 210.33, 637364, 1595
3375, 1, 41, 42, 16, 1, 2.43%, 0, 3, 5, 205.30, 638440, 1595
3380, 1, 41, 42, 16, 1, 2.43%, 0, 3, 5, 199.63, 639436, 1595
3385, 1, 41, 42, 16, 1, 2.43%, 0, 3, 5, 204.33, 640492, 1595
3390, 1, 41, 42, 16, 1, 2.43%, 0, 3, 5, 196.23, 641461, 1595
3396, 1, 41, 42, 16, 1, 2.43%, 0, 3, 5, 198.10, 642481, 1595
3401, 1, 41, 42, 16, 1, 2.43%, 0, 3, 5, 200.36, 643512, 1595
3406, 1, 41, 42, 16, 1, 2.43%, 0, 3, 5, 202.14, 644540, 1595
3411, 1, 41, 42, 16, 1, 2.43%, 0, 3, 5, 202.53, 645556, 1595
3416, 1, 41, 42, 16, 1, 2.43%, 0, 3, 5, 199.92, 646584, 1595
3421, 1, 41, 42, 16, 1, 2.43%, 0, 3, 5, 187.81, 647504, 1595
3426, 1, 41, 42, 16, 1, 2.43%, 0, 3, 5, 207.34, 648612, 1595
3431, 1, 41, 42, 16, 1, 2.43%, 0, 3, 5, 188.30, 649564, 1595
3436, 1, 41, 42, 16, 1, 2.43%, 0, 3, 5, 194.14, 650569, 1595
3442, 1, 41, 42, 16, 1, 2.43%, 0, 3, 5, 192.11, 651577, 1595
3447, 1, 41, 42, 16, 1, 2.43%, 0, 3, 5, 195.20, 652549, 1595
3452, 1, 41, 42, 16, 1, 2.43%, 0, 3, 5, 198.87, 653590, 1595
3457, 1, 41, 43, 17, 1, 2.44%, 0, 3, 5, 179.33, 654526, 1602
3462, 1, 42, 43, 16, 1, 2.44%, 0, 3, 5, 182.72, 655440, 1602
3467, 1, 42, 43, 16, 1, 2.44%, 0, 3, 5, 187.48, 656411, 1602
3472, 1, 42, 43, 16, 1, 2.44%, 0, 3, 5, 185.98, 657344, 1602
3477, 1, 42, 43, 16, 1, 2.44%, 0, 3, 5, 169.39, 658205, 1602
3482, 1, 42, 43, 16, 1, 2.44%, 0, 3, 5, 161.28, 659003, 1602
3487, 1, 42, 43, 16, 1, 2.44%, 0, 3, 5, 156.77, 659783, 1602
3493, 1, 42, 43, 16, 1, 2.44%, 0, 3, 5, 172.78, 660687, 1602
3498, 1, 42, 43, 16, 1, 2.44%, 0, 3, 5, 179.67, 661623, 1602
3503, 1, 42, 45, 18, 1, 2.73%, 0, 4, 6, 8.44, 662432, 1788
3508, 1, 42, 47, 20, 1, 2.74%, 0, 4, 6, 30.08, 662793, 1793
3513, 1, 42, 50, 23, 1, 2.81%, 0, 5, 6, 191.55, 663303, 1843
3518, 1, 42, 53, 26, 1, 2.84%, 0, 5, 6, 186.60, 663842, 1863
3523, 1, 42, 53, 26, 1, 2.84%, 0, 5, 6, 192.12, 664587, 1863
3529, 1, 42, 53, 26, 1, 2.84%, 0, 5, 6, 188.64, 665555, 1863
3534, 1, 42, 53, 26, 1, 2.84%, 0, 5, 6, 189.11, 666536, 1863
3539, 1, 42, 53, 26, 1, 2.84%, 0, 5, 6, 188.02, 667511, 1863
3544, 1, 42, 53, 26, 1, 2.84%, 0, 5, 6, 189.13, 668492, 1863
3549, 1, 42, 53, 26, 1, 2.84%, 0, 5, 6, 185.95, 669431, 1863
3554, 1, 42, 53, 26, 1, 2.84%, 0, 5, 6, 188.49, 670412, 1863
3559, 1, 42, 53, 26, 1, 2.84%, 0, 5, 6, 187.34, 671348, 1863
3565, 1, 42, 53, 26, 1, 2.84%, 0, 5, 6, 189.50, 672326, 1863
3570, 1, 42, 53, 26, 1, 2.84%, 0, 5, 6, 188.16, 673304, 1863
3575, 1, 42, 53, 26, 1, 2.84%, 0, 5, 6, 188.83, 674282, 1863
3580, 1, 42, 53, 26, 1, 2.84%, 0, 5, 6, 187.35, 675218, 1863
3585, 1, 42, 53, 26, 1, 2.84%, 0, 5, 6, 188.08, 676160, 1863
3590, 1, 42, 53, 26, 1, 2.84%, 0, 5, 6, 188.60, 677141, 1863
3595, 1, 42, 53, 26, 1, 2.84%, 0, 5, 6, 189.49, 678125, 1863
3601, 1, 42, 53, 26, 1, 2.84%, 0, 5, 6, 189.29, 679103, 1863
3606, 1, 42, 53, 26, 1, 2.84%, 0, 5, 6, 189.17, 680084, 1863
3611, 1, 42, 53, 26, 1, 2.84%, 0, 5, 6, 189.82, 681071, 1863
3616, 1, 42, 53, 26, 1, 2.84%, 0, 5, 6, 185.85, 681998, 1863
3621, 1, 42, 53, 26, 1, 2.84%, 0, 5, 6, 189.16, 682976, 1863
3626, 1, 42, 53, 26, 1, 2.84%, 0, 5, 6, 189.05, 683964, 1863
3632, 1, 42, 53, 26, 1, 2.84%, 0, 5, 6, 189.07, 684950, 1863
3637, 1, 42, 53, 26, 1, 2.84%, 0, 5, 6, 189.40, 685930, 1863
3642, 1, 42, 53, 26, 1, 2.84%, 0, 5, 6, 186.92, 686869, 1863
3647, 1, 42, 53, 26, 1, 2.84%, 0, 5, 6, 186.76, 687807, 1863
3652, 1, 42, 53, 26, 1, 2.84%, 0, 5, 6, 191.08, 688799, 1863
3657, 1, 42, 53, 26, 1, 2.84%, 0, 5, 6, 197.45, 689812, 1863
3662, 1, 42, 53, 26, 1, 2.84%, 0, 5, 6, 197.05, 690835, 1863
3667, 1, 42, 53, 26, 1, 2.84%, 0, 5, 6, 185.90, 691773, 1863
3672, 1, 42, 53, 26, 1, 2.84%, 0, 5, 6, 184.45, 692708, 1863
3677, 1, 42, 53, 26, 1, 2.84%, 0, 5, 6, 189.83, 693649, 1863
3683, 1, 42, 53, 26, 1, 2.84%, 0, 5, 6, 195.08, 694660, 1863
3688, 1, 42, 53, 26, 1, 2.84%, 0, 5, 6, 182.26, 695595, 1863
3693, 1, 42, 53, 26, 1, 2.84%, 0, 5, 6, 187.00, 696563, 1863
3698, 1, 42, 53, 26, 1, 2.84%, 0, 5, 6, 191.31, 697552, 1863
3703, 1, 42, 53, 26, 1, 2.84%, 0, 5, 6, 185.81, 698503, 1863
3708, 1, 42, 53, 26, 1, 2.84%, 0, 5, 6, 188.47, 699498, 1863
3714, 1, 51, 53, 25, 9, 2.84%, 0, 5, 6, 14.83, 699990, 1863
3719, 1, 51, 53, 25, 9, 2.84%, 0, 5, 6, 178.67, 700996, 1863
3725, 1, 51, 53, 25, 9, 2.84%, 0, 5, 6, 196.00, 702037, 1863
3730, 1, 51, 53, 25, 9, 2.84%, 0, 6, 6, 131.16, 702417, 1863
3736, 1, 51, 54, 26, 9, 2.85%, 0, 6, 7, 3.93, 702669, 1869
3741, 1, 51, 54, 26, 9, 2.85%, 0, 6, 7, 8.48, 702867, 1869
3746, 1, 51, 54, 26, 9, 2.85%, 0, 8, 7, 143.10, 703013, 1869
3752, 1, 51, 54, 26, 9, 2.85%, 0, 8, 7, 5.39, 703271, 1869
3757, 1, 51, 54, 26, 9, 2.85%, 0, 9, 7, 141.12, 703583, 1869
3763, 1, 51, 54, 26, 9, 2.85%, 0, 9, 7, 19.72, 703863, 1869
3768, 1, 51, 54, 26, 9, 2.85%, 0, 9, 7, 151.65, 704169, 1869
3774, 1, 51, 54, 26, 9, 2.85%, 0, 10, 7, 20.33, 704461, 1869
3780, 1, 51, 54, 26, 9, 2.85%, 0, 10, 7, 8.60, 704718, 1869
3785, 1, 51, 54, 26, 9, 2.85%, 0, 11, 7, 14.02, 705191, 1869
3790, 1, 51, 54, 26, 9, 2.85%, 0, 12, 7, 14.89, 705372, 1869
3796, 1, 51, 55, 27, 9, 2.85%, 0, 12, 7, 133.43, 705683, 1870
3801, 1, 51, 55, 27, 9, 2.85%, 0, 13, 7, 7.62, 705805, 1870
3807, 1, 51, 55, 27, 9, 2.85%, 0, 13, 7, 158.42, 705977, 1870
3813, 1, 51, 56, 28, 9, 2.86%, 0, 13, 7, 23.33, 706269, 1876
3818, 1, 51, 56, 28, 9, 2.86%, 0, 13, 7, 13.50, 706489, 1876
3824, 1, 51, 56, 28, 9, 2.86%, 0, 13, 7, 1.00, 706873, 1876
3829, 1, 51, 56, 28, 9, 2.86%, 0, 13, 7, 19.54, 707023, 1876
3834, 1, 51, 56, 28, 9, 2.86%, 0, 13, 7, 20.61, 707176, 1876
3840, 1, 51, 56, 28, 9, 2.86%, 0, 13, 7, 8.49, 707482, 1876
3846, 1, 51, 56, 28, 9, 2.86%, 0, 13, 7, 16.78, 707727, 1876
3851, 1, 51, 57, 29, 9, 2.87%, 0, 13, 7, 153.03, 708021, 1880
3857, 1, 51, 57, 29, 9, 2.87%, 0, 13, 7, 19.67, 708276, 1880
3862, 1, 51, 57, 29, 9, 2.87%, 0, 14, 7, 23.83, 708750, 1880
3867, 1, 51, 57, 29, 9, 2.87%, 0, 14, 7, 26.51, 708965, 1880
3873, 1, 51, 57, 29, 9, 2.87%, 0, 14, 7, 16.10, 709273, 1880
3878, 1, 51, 57, 29, 9, 2.87%, 0, 15, 7, 123.76, 709562, 1880
3884, 1, 51, 57, 29, 9, 2.87%, 0, 15, 7, 11.31, 709818, 1880
3889, 1, 51, 57, 29, 9, 2.87%, 0, 15, 7, 9.43, 710135, 1880
3894, 1, 51, 58, 30, 9, 2.87%, 0, 15, 7, 16.09, 710447, 1883
3900, 1, 51, 58, 30, 9, 2.87%, 0, 15, 7, 17.54, 710903, 1883
3905, 1, 51, 58, 30, 9, 2.87%, 0, 15, 7, 16.53, 711241, 1883
3910, 1, 51, 58, 30, 9, 2.87%, 0, 15, 7, 3.90, 711425, 1883
3916, 1, 51, 58, 30, 9, 2.87%, 0, 15, 7, 15.52, 711608, 1883
3921, 1, 51, 58, 30, 9, 2.87%, 0, 15, 7, 16.75, 711770, 1883
3926, 1, 51, 58, 30, 9, 2.87%, 0, 15, 7, 1.98, 711938, 1883
3931, 1, 51, 59, 31, 9, 2.88%, 0, 15, 7, 129.40, 712421, 1886
3937, 1, 51, 60, 32, 9, 2.89%, 0, 15, 7, 27.39, 712617, 1892
3942, 1, 51, 60, 32, 9, 2.89%, 0, 15, 7, 125.00, 712759, 1892
3947, 1, 51, 60, 32, 9, 2.89%, 0, 15, 7, 15.40, 713023, 1892
3953, 1, 51, 60, 32, 9, 2.89%, 0, 15, 7, 11.09, 713187, 1892
3958, 1, 51, 60, 32, 9, 2.89%, 0, 16, 7, 55.86, 713513, 1892
3963, 1, 51, 61, 33, 9, 2.90%, 0, 16, 7, 136.79, 713675, 1898
3968, 1, 51, 61, 33, 9, 2.90%, 0, 16, 7, 11.31, 713879, 1898
3973, 1, 51, 61, 33, 9, 2.90%, 0, 16, 7, 143.54, 714026, 1898
3979, 1, 51, 61, 33, 9, 2.90%, 0, 16, 7, 22.34, 714221, 1898
3984, 1, 51, 61, 33, 9, 2.90%, 0, 16, 7, 17.98, 714449, 1898
3989, 1, 51, 61, 33, 9, 2.90%, 0, 17, 7, 22.67, 714628, 1898
3994, 1, 51, 61, 33, 9, 2.90%, 0, 17, 7, 5.78, 714772, 1898
4000, 1, 51, 61, 33, 9, 2.90%, 0, 17, 7, 128.18, 715071, 1898
4006, 1, 51, 61, 33, 9, 2.90%, 0, 17, 7, 23.05, 715253, 1898
4011, 1, 51, 61, 33, 9, 2.90%, 0, 17, 7, 8.23, 715466, 1898
4017, 1, 51, 61, 33, 9, 2.90%, 0, 18, 7, 13.71, 715663, 1898
4022, 1, 51, 61, 33, 9, 2.90%, 0, 18, 7, 23.08, 716018, 1898
4028, 1, 51, 61, 33, 9, 2.90%, 0, 18, 7, 12.25, 716246, 1898
4033, 1, 51, 61, 33, 9, 2.90%, 0, 18, 7, 15.46, 716477, 1898
4038, 1, 51, 61, 33, 9, 2.90%, 0, 18, 7, 14.72, 716643, 1898
4044, 1, 51, 61, 33, 9, 2.90%, 0, 19, 7, 5.62, 716825, 1898
4049, 1, 51, 61, 33, 9, 2.90%, 0, 19, 7, 98.82, 717107, 1898
4055, 1, 51, 61, 33, 9, 2.90%, 0, 19, 7, 9.15, 717395, 1898
4060, 1, 51, 61, 33, 9, 2.90%, 0, 19, 7, 87.33, 717544, 1898
4065, 1, 51, 61, 33, 9, 2.90%, 0, 19, 7, 16.51, 717787, 1898
4071, 1, 51, 61, 33, 9, 2.90%, 0, 19, 7, 3.84, 718103, 1898
4076, 1, 51, 61, 33, 9, 2.90%, 0, 19, 7, 8.56, 718403, 1898
4081, 1, 51, 61, 33, 9, 2.90%, 0, 19, 7, 20.46, 718604, 1898
4086, 1, 51, 61, 33, 9, 2.90%, 0, 19, 7, 153.81, 718913, 1898
4091, 1, 51, 61, 33, 9, 2.90%, 0, 19, 7, 6.17, 719071, 1898
4097, 1, 51, 62, 34, 9, 2.90%, 0, 19, 7, 22.93, 719381, 1898
4102, 1, 51, 62, 34, 9, 2.90%, 0, 19, 7, 4.55, 719605, 1898
4108, 1, 51, 62, 34, 9, 2.90%, 0, 20, 7, 17.81, 719829, 1898
4113, 1, 51, 62, 34, 9, 2.90%, 0, 20, 7, 19.12, 719996, 1898
4119, 1, 51, 62, 34, 9, 2.90%, 0, 20, 7, 21.05, 720313, 1898
4125, 1, 51, 62, 34, 9, 2.90%, 0, 21, 7, 19.97, 720592, 1898
4130, 1, 51, 62, 34, 9, 2.90%, 0, 21, 7, 170.11, 721317, 1898
4135, 1, 51, 62, 34, 9, 2.90%, 0, 21, 7, 180.95, 722244, 1898
4140, 1, 51, 62, 34, 9, 2.90%, 0, 21, 7, 181.87, 723198, 1898
4145, 1, 51, 62, 34, 9, 2.90%, 0, 21, 7, 185.48, 724161, 1898
4150, 1, 51, 62, 34, 9, 2.90%, 0, 21, 7, 186.70, 725097, 1898
4156, 1, 51, 62, 34, 9, 2.90%, 0, 21, 7, 187.33, 726063, 1898
4161, 1, 51, 62, 34, 9, 2.90%, 0, 21, 7, 185.24, 727017, 1898
4166, 1, 51, 62, 34, 9, 2.90%, 0, 21, 7, 186.28, 727983, 1898
4171, 1, 51, 62, 34, 9, 2.90%, 0, 21, 7, 185.68, 728952, 1898
4176, 1, 51, 62, 34, 9, 2.90%, 0, 21, 7, 181.85, 729897, 1898
4181, 1, 51, 62, 34, 9, 2.90%, 0, 21, 7, 180.29, 730791, 1898
4186, 1, 51, 62, 34, 9, 2.90%, 0, 21, 7, 182.29, 731730, 1898
4192, 1, 51, 62, 34, 9, 2.90%, 0, 21, 7, 179.40, 732666, 1898
4197, 1, 51, 62, 34, 9, 2.90%, 0, 21, 7, 183.05, 733587, 1898
