# relative_time, cycles_done, cur_item, corpus_count, pending_total, pending_favs, map_size, saved_crashes, saved_hangs, max_depth, execs_per_sec, total_execs, edges_found
62, 0, 0, 10, 10, 1, 1.10%, 0, 1, 2, 3.28, 611, 720
67, 0, 0, 11, 11, 1, 1.10%, 0, 1, 2, 3.31, 629, 720
73, 0, 0, 11, 11, 1, 1.10%, 0, 2, 2, 4.75, 667, 720
78, 0, 0, 11, 11, 1, 1.10%, 0, 2, 2, 11.54, 729, 720
84, 0, 0, 11, 11, 1, 1.10%, 0, 2, 2, 2.38, 792, 720
89, 0, 0, 11, 11, 1, 1.10%, 0, 2, 2, 3.36, 815, 720
94, 0, 0, 11, 11, 1, 1.10%, 0, 2, 2, 6.88, 846, 720
99, 0, 0, 11, 11, 1, 1.10%, 0, 2, 2, 6.25, 879, 720
104, 0, 0, 11, 11, 1, 1.10%, 0, 2, 2, 5.86, 906, 720
109, 0, 0, 11, 11, 1, 1.10%, 0, 2, 2, 8.24, 957, 720
115, 0, 0, 11, 11, 1, 1.10%, 0, 2, 2, 20.30, 1020, 720
120, 0, 0, 11, 11, 1, 1.10%, 0, 2, 2, 2.79, 1068, 720
126, 0, 0, 11, 11, 1, 1.10%, 0, 2, 2, 4.31, 1103, 720
131, 0, 0, 11, 11, 1, 1.10%, 0, 2, 2, 22.27, 1153, 720
137, 0, 0, 11, 11, 1, 1.10%, 0, 2, 2, 12.35, 1181, 720
142, 0, 0, 11, 11, 1, 1.10%, 0, 2, 2, 4.17, 1238, 720
149, 0, 0, 12, 12, 1, 1.10%, 0, 2, 2, 5.14, 1281, 721
155, 0, 0, 12, 12, 1, 1.10%, 0, 3, 2, 5.00, 1310, 721
160, 0, 0, 12, 12, 1, 1.10%, 0, 3, 2, 5.89, 1347, 721
165, 0, 0, 12, 12, 1, 1.10%, 0, 3, 2, 6.19, 1382, 721
170, 0, 0, 12, 12, 1, 1.10%, 0, 3, 2, 6.82, 1423, 721
175, 0, 0, 12, 12, 1, 1.10%, 0, 3, 2, 12.58, 1461, 721
181, 0, 0, 12, 12, 1, 1.10%, 0, 3, 2, 16.99, 1518, 721
186, 0, 0, 12, 12, 1, 1.10%, 0, 3, 2, 1.57, 1560, 721
195, 0, 0, 13, 13, 1, 1.10%, 0, 3, 2, 3.40, 1609, 721
200, 0, 0, 13, 13, 1, 1.10%, 0, 3, 2, 4.08, 1644, 721
205, 0, 0, 13, 13, 1, 1.10%, 0, 3, 2, 6.08, 1686, 721
210, 0, 0, 13, 13, 1, 1.10%, 0, 3, 2, 8.06, 1744, 721
216, 0, 0, 13, 13, 1, 1.10%, 0, 4, 2, 0.94, 1801, 721
221, 0, 0, 13, 13, 1, 1.10%, 0, 4, 2, 8.23, 1836, 721
227, 0, 0, 13, 13, 1, 1.10%, 0, 4, 2, 15.27, 1876, 721
232, 0, 0, 13, 13, 1, 1.10%, 0, 4, 2, 12.50, 1936, 721
237, 0, 0, 13, 13, 1, 1.10%, 0, 4, 2, 1.76, 1980, 721
242, 0, 0, 13, 13, 1, 1.10%, 0, 4, 2, 1.29, 2016, 721
247, 0, 0, 13, 13, 1, 1.10%, 0, 4, 2, 1.60, 2076, 721
252, 0, 0, 13, 13, 1, 1.10%, 0, 4, 2, 4.78, 2126, 721
258, 0, 0, 13, 13, 1, 1.10%, 0, 4, 2, 5.66, 2163, 721
263, 0, 0, 13, 13, 1, 1.10%, 0, 4, 2, 1.25, 2200, 721
268, 0, 0, 13, 13, 1, 1.10%, 0, 4, 2, 8.82, 2250, 721
273, 0, 0, 13, 13, 1, 1.10%, 0, 4, 2, 16.64, 2294, 721
278, 0, 0, 13, 13, 1, 1.10%, 0, 4, 2, 30.26, 2367, 721
284, 0, 0, 13, 13, 1, 1.10%, 0, 4, 2, 2.31, 2408, 721
289, 0, 0, 13, 13, 1, 1.10%, 0, 4, 2, 3.02, 2430, 721
294, 0, 0, 13, 13, 1, 1.10%, 0, 4, 2, 1.80, 2459, 721
300, 0, 0, 13, 13, 1, 1.10%, 0, 4, 2, 2.62, 2478, 721
306, 0, 0, 13, 13, 1, 1.10%, 0, 4, 2, 4.43, 2513, 721
315, 0, 0, 14, 14, 1, 1.10%, 0, 4, 2, 3.84, 2535, 721
321, 0, 0, 15, 15, 1, 1.10%, 0, 4, 2, 3.82, 2550, 721
326, 0, 0, 15, 15, 1, 1.10%, 0, 4, 2, 4.27, 2575, 721
331, 0, 0, 15, 15, 1, 1.10%, 0, 4, 2, 2.21, 2635, 721
337, 0, 0, 15, 15, 1, 1.10%, 0, 4, 2, 3.56, 2667, 721
342, 0, 0, 15, 15, 1, 1.10%, 0, 4, 2, 4.53, 2719, 721
348, 0, 0, 15, 15, 1, 1.10%, 0, 4, 2, 3.96, 2758, 721
353, 0, 0, 15, 15, 1, 1.10%, 0, 4, 2, 2.96, 2818, 721
359, 0, 0, 15, 15, 1, 1.10%, 0, 4, 2, 26.27, 2872, 721
364, 0, 0, 15, 15, 1, 1.10%, 0, 4, 2, 5.66, 2911, 721
369, 0, 0, 15, 15, 1, 1.10%, 0, 4, 2, 6.92, 2955, 721
375, 0, 0, 15, 15, 1, 1.10%, 0, 4, 2, 1.07, 2989, 721
380, 0, 0, 15, 15, 1, 1.10%, 0, 4, 2, 33.62, 3038, 721
385, 0, 0, 15, 15, 1, 1.10%, 0, 4, 2, 5.27, 3063, 721
391, 0, 0, 15, 15, 1, 1.10%, 0, 4, 2, 4.24, 3108, 721
396, 0, 0, 15, 15, 1, 1.10%, 0, 4, 2, 27.12, 3155, 721
401, 0, 0, 15, 15, 1, 1.10%, 0, 4, 2, 4.81, 3191, 721
406, 0, 0, 15, 15, 1, 1.10%, 0, 4, 2, 10.72, 3234, 721
412, 0, 0, 15, 15, 1, 1.10%, 0, 4, 2, 9.32, 3279, 721
417, 0, 0, 15, 15, 1, 1.10%, 0, 4, 2, 7.73, 3308, 721
422, 0, 0, 15, 15, 1, 1.10%, 0, 4, 2, 14.01, 3354, 721
427, 0, 0, 15, 15, 1, 1.10%, 0, 4, 2, 1.72, 3410, 721
432, 0, 0, 15, 15, 1, 1.10%, 0, 4, 2, 5.00, 3432, 721
438, 0, 0, 15, 15, 1, 1.10%, 0, 4, 2, 5.42, 3465, 721
443, 0, 0, 15, 15, 1, 1.10%, 0, 4, 2, 5.61, 3494, 721
448, 0, 0, 15, 15, 1, 1.10%, 0, 4, 2, 1.97, 3547, 721
456, 0, 0, 16, 16, 1, 1.10%, 0, 4, 2, 12.44, 3582, 721
461, 0, 0, 16, 16, 1, 1.10%, 0, 4, 2, 3.48, 3615, 721
466, 0, 0, 16, 16, 1, 1.10%, 0, 4, 2, 5.59, 3661, 721
472, 0, 0, 16, 16, 1, 1.10%, 0, 4, 2, 4.12, 3709, 721
477, 0, 0, 16, 16, 1, 1.10%, 0, 4, 2, 3.45, 3766, 721
483, 0, 0, 16, 16, 1, 1.10%, 0, 4, 2, 6.33, 3817, 721
488, 0, 0, 16, 16, 1, 1.10%, 0, 4, 2, 6.55, 3881, 721
495, 0, 0, 17, 17, 1, 1.10%, 0, 4, 2, 1.24, 3893, 721
501, 0, 0, 17, 17, 1, 1.10%, 0, 4, 2, 1.13, 3941, 721
506, 0, 0, 17, 17, 1, 1.10%, 0, 5, 2, 15.88, 3981, 721
512, 0, 0, 17, 17, 1, 1.10%, 0, 5, 2, 11.25, 4032, 721
517, 0, 0, 17, 17, 1, 1.10%, 0, 5, 2, 9.43, 4074, 721
527, 0, 0, 18, 18, 1, 1.10%, 0, 5, 2, 14.48, 4116, 721
532, 0, 0, 18, 18, 1, 1.10%, 0, 5, 2, 13.30, 4173, 721
538, 0, 0, 18, 18, 1, 1.10%, 0, 5, 2, 3.10, 4197, 721
543, 0, 0, 18, 18, 1, 1.10%, 0, 5, 2, 2.83, 4259, 721
548, 0, 0, 18, 18, 1, 1.10%, 0, 5, 2, 13.23, 4302, 721
553, 0, 0, 18, 18, 1, 1.10%, 0, 5, 2, 15.95, 4340, 721
558, 0, 0, 18, 18, 1, 1.10%, 0, 5, 2, 1.12, 4370, 721
564, 0, 0, 18, 18, 1, 1.10%, 0, 5, 2, 7.86, 4428, 721
570, 0, 0, 18, 18, 1, 1.10%, 0, 5, 2, 7.58, 4471, 721
575, 0, 0, 18, 18, 1, 1.10%, 0, 5, 2, 9.23, 4535, 721
580, 0, 0, 18, 18, 1, 1.10%, 0, 5, 2, 6.73, 4570, 721
586, 0, 0, 18, 18, 1, 1.10%, 0, 5, 2, 5.97, 4600, 721
591, 0, 0, 18, 18, 1, 1.10%, 0, 5, 2, 6.71, 4639, 721
596, 0, 0, 18, 18, 1, 1.10%, 0, 5, 2, 5.68, 4664, 721
601, 0, 0, 18, 18, 1, 1.10%, 0, 5, 2, 7.31, 4715, 721
607, 0, 0, 18, 18, 1, 1.10%, 0, 5, 2, 7.96, 4763, 721
612, 0, 0, 18, 18, 1, 1.10%, 0, 5, 2, 8.65, 4812, 721
617, 0, 0, 18, 18, 1, 1.10%, 0, 5, 2, 8.96, 4862, 721
623, 0, 0, 18, 18, 1, 1.10%, 0, 5, 2, 8.32, 4903, 721
628, 0, 0, 18, 18, 1, 1.10%, 0, 5, 2, 9.93, 4963, 721
633, 0, 0, 18, 18, 1, 1.10%, 0, 5, 2, 1.00, 5005, 721
639, 0, 0, 19, 19, 1, 1.10%, 0, 5, 2, 1.09, 5018, 721
644, 0, 0, 19, 19, 1, 1.10%, 0, 5, 2, 7.41, 5065, 721
650, 0, 0, 19, 19, 1, 1.10%, 0, 5, 2, 2.55, 5113, 721
655, 0, 0, 19, 19, 1, 1.10%, 0, 5, 2, 6.41, 5165, 721
661, 0, 0, 19, 19, 1, 1.10%, 0, 5, 2, 8.06, 5217, 721
666, 0, 0, 19, 19, 1, 1.10%, 0, 5, 2, 9.32, 5273, 721
671, 0, 0, 19, 19, 1, 1.10%, 0, 5, 2, 10.71, 5300, 721
676, 0, 0, 19, 19, 1, 1.10%, 0, 5, 2, 1.79, 5317, 721
681, 0, 0, 19, 19, 1, 1.10%, 0, 5, 2, 1.82, 5356, 721
687, 0, 0, 19, 19, 1, 1.10%, 0, 5, 2, 16.36, 5415, 721
692, 0, 0, 19, 19, 1, 1.10%, 0, 5, 2, 10.23, 5444, 721
698, 0, 0, 19, 19, 1, 1.10%, 0, 5, 2, 6.74, 5480, 721
703, 0, 0, 19, 19, 1, 1.10%, 0, 5, 2, 1.49, 5542, 721
708, 0, 0, 19, 19, 1, 1.10%, 0, 5, 2, 3.13, 5579, 721
714, 0, 0, 19, 19, 1, 1.10%, 0, 5, 2, 6.49, 5641, 721
719, 0, 0, 19, 19, 1, 1.10%, 0, 5, 2, 5.30, 5660, 721
724, 0, 0, 19, 19, 1, 1.10%, 0, 5, 2, 7.48, 5699, 721
730, 0, 0, 19, 19, 1, 1.10%, 0, 5, 2, 1.51, 5737, 721
735, 0, 0, 19, 19, 1, 1.10%, 0, 5, 2, 9.42, 5787, 721
741, 0, 0, 19, 19, 1, 1.10%, 0, 5, 2, 13.57, 5829, 721
746, 0, 0, 19, 19, 1, 1.10%, 0, 5, 2, 22.39, 5868, 721
751, 0, 0, 19, 19, 1, 1.10%, 0, 5, 2, 4.15, 5937, 721
757, 0, 0, 19, 19, 1, 1.10%, 0, 5, 2, 6.63, 5992, 721
762, 0, 0, 19, 19, 1, 1.10%, 0, 5, 2, 6.00, 6019, 721
767, 0, 0, 19, 19, 1, 1.10%, 0, 5, 2, 7.23, 6062, 721
772, 0, 0, 19, 19, 1, 1.10%, 0, 5, 2, 8.87, 6122, 721
778, 0, 0, 19, 19, 1, 1.10%, 0, 5, 2, 8.10, 6162, 721
784, 0, 0, 19, 19, 1, 1.10%, 0, 5, 2, 19.21, 6204, 721
789, 0, 0, 19, 19, 1, 1.10%, 0, 5, 2, 2.42, 6234, 721
795, 0, 0, 19, 19, 1, 1.10%, 0, 5, 2, 3.59, 6260, 721
800, 0, 0, 19, 19, 1, 1.10%, 0, 5, 2, 5.30, 6297, 721
805, 0, 0, 19, 19, 1, 1.10%, 0, 5, 2, 6.48, 6346, 721
811, 0, 0, 19, 19, 1, 1.10%, 0, 5, 2, 7.02, 6388, 721
816, 0, 0, 19, 19, 1, 1.10%, 0, 5, 2, 1.52, 6444, 721
822, 0, 0, 19, 19, 1, 1.10%, 0, 5, 2, 23.19, 6503, 721
827, 0, 0, 19, 19, 1, 1.10%, 0, 5, 2, 1.63, 6552, 721
833, 0, 0, 19, 19, 1, 1.10%, 0, 5, 2, 21.28, 6607, 721
838, 0, 0, 19, 19, 1, 1.10%, 0, 5, 2, 15.69, 6650, 721
843, 0, 0, 19, 19, 1, 1.10%, 0, 5, 2, 12.46, 6699, 721
848, 0, 0, 19, 19, 1, 1.10%, 0, 5, 2, 11.19, 6728, 721
853, 0, 0, 19, 19, 1, 1.10%, 0, 5, 2, 23.01, 6772, 721
859, 0, 0, 19, 19, 1, 1.10%, 0, 5, 2, 2.79, 6799, 721
865, 0, 0, 19, 19, 1, 1.10%, 0, 5, 2, 5.04, 6842, 721
870, 0, 0, 19, 19, 1, 1.10%, 0, 5, 2, 7.77, 6901, 721
876, 0, 0, 19, 19, 1, 1.10%, 0, 5, 2, 1.76, 6935, 721
881, 0, 0, 20, 20, 1, 1.10%, 0, 5, 2, 1.77, 6945, 721
886, 0, 0, 20, 20, 1, 1.10%, 0, 5, 2, 17.00, 6969, 721
892, 0, 0, 20, 20, 1, 1.10%, 0, 5, 2, 21.00, 7020, 721
897, 0, 0, 20, 20, 1, 1.10%, 0, 5, 2, 4.96, 7077, 721
902, 0, 0, 20, 20, 1, 1.10%, 0, 5, 2, 4.79, 7125, 721
908, 0, 0, 20, 20, 1, 1.10%, 0, 5, 2, 3.79, 7159, 721
913, 0, 0, 20, 20, 1, 1.10%, 0, 5, 2, 4.32, 7185, 721
918, 0, 0, 20, 20, 1, 1.10%, 0, 5, 2, 6.35, 7234, 721
924, 0, 0, 20, 20, 1, 1.10%, 0, 5, 2, 5.42, 7256, 721
929, 0, 0, 20, 20, 1, 1.10%, 0, 5, 2, 7.23, 7306, 721
934, 0, 0, 20, 20, 1, 1.10%, 0, 5, 2, 7.98, 7351, 721
939, 0, 0, 20, 20, 1, 1.10%, 0, 5, 2, 1.90, 7387, 721
944, 0, 0, 20, 20, 1, 1.10%, 0, 5, 2, 3.71, 7424, 721
950, 0, 0, 20, 20, 1, 1.10%, 0, 5, 2, 5.39, 7464, 721
955, 0, 0, 20, 20, 1, 1.10%, 0, 5, 2, 4.48, 7513, 721
961, 0, 0, 20, 20, 1, 1.10%, 0, 5, 2, 5.84, 7553, 721
966, 0, 0, 20, 20, 1, 1.10%, 0, 5, 2, 6.82, 7593, 721
971, 0, 0, 20, 20, 1, 1.10%, 0, 5, 2, 6.31, 7630, 721
976, 0, 0, 20, 20, 1, 1.10%, 0, 5, 2, 7.23, 7673, 721
982, 0, 0, 20, 20, 1, 1.10%, 0, 5, 2, 8.73, 7731, 721
987, 0, 0, 20, 20, 1, 1.10%, 0, 5, 2, 1.84, 7779, 721
992, 0, 0, 20, 20, 1, 1.10%, 0, 5, 2, 14.43, 7838, 721
997, 0, 0, 20, 20, 1, 1.10%, 0, 5, 2, 11.57, 7881, 721
1003, 0, 0, 20, 20, 1, 1.10%, 0, 6, 2, 12.90, 7918, 721
1008, 0, 0, 20, 20, 1, 1.10%, 0, 6, 2, 8.50, 7969, 721
1014, 0, 0, 20, 20, 1, 1.10%, 0, 6, 2, 17.11, 8010, 721
1019, 0, 0, 20, 20, 1, 1.10%, 0, 6, 2, 1.97, 8073, 721
1024, 0, 0, 20, 20, 1, 1.10%, 0, 6, 2, 28.39, 8138, 721
1030, 0, 0, 20, 20, 1, 1.10%, 0, 6, 2, 20.92, 8201, 721
1035, 0, 0, 20, 20, 1, 1.10%, 0, 6, 2, 12.57, 8261, 721
1041, 0, 0, 20, 20, 1, 1.10%, 0, 6, 2, 19.82, 8296, 721
1046, 0, 0, 20, 20, 1, 1.10%, 0, 6, 2, 3.29, 8345, 721
1051, 0, 0, 20, 20, 1, 1.10%, 0, 6, 2, 2.10, 8413, 721
1057, 0, 0, 20, 20, 1, 1.10%, 0, 6, 2, 4.79, 8457, 721
1062, 0, 0, 20, 20, 1, 1.10%, 0, 6, 2, 6.08, 8496, 721
1067, 0, 0, 20, 20, 1, 1.10%, 0, 6, 2, 3.05, 8531, 721
1072, 0, 0, 20, 20, 1, 1.10%, 0, 6, 2, 1.95, 8561, 721
1078, 0, 0, 20, 20, 1, 1.10%, 0, 6, 2, 10.79, 8606, 721
1083, 0, 0, 20, 20, 1, 1.10%, 0, 6, 2, 10.31, 8658, 721
1089, 0, 0, 20, 20, 1, 1.10%, 0, 6, 2, 9.23, 8700, 721
1094, 0, 0, 20, 20, 1, 1.10%, 0, 6, 2, 1.80, 8749, 721
1099, 0, 0, 20, 20, 1, 1.10%, 0, 6, 2, 2.30, 8766, 721
1104, 0, 0, 20, 20, 1, 1.10%, 0, 6, 2, 7.34, 8825, 721
1109, 0, 0, 20, 20, 1, 1.10%, 0, 6, 2, 1.66, 8854, 721
1115, 0, 0, 20, 20, 1, 1.10%, 0, 6, 2, 2.07, 8906, 721
1120, 0, 0, 20, 20, 1, 1.10%, 0, 6, 2, 6.64, 8957, 721
1125, 0, 0, 20, 20, 1, 1.10%, 0, 6, 2, 7.53, 9000, 721
1130, 0, 0, 20, 20, 1, 1.10%, 0, 6, 2, 6.43, 9025, 721
1135, 0, 0, 20, 20, 1, 1.10%, 0, 6, 2, 6.46, 9057, 721
1140, 0, 0, 20, 20, 1, 1.10%, 0, 6, 2, 1.50, 9099, 721
1146, 0, 0, 20, 20, 1, 1.10%, 0, 6, 2, 2.93, 9121, 721
1151, 0, 0, 20, 20, 1, 1.10%, 0, 6, 2, 5.59, 9171, 721
1157, 0, 0, 20, 20, 1, 1.10%, 0, 6, 2, 6.03, 9210, 721
1162, 0, 0, 20, 20, 1, 1.10%, 0, 6, 2, 6.66, 9252, 721
1167, 0, 0, 20, 20, 1, 1.10%, 0, 6, 2, 2.27, 9299, 721
1174, 0, 0, 21, 21, 1, 1.10%, 0, 6, 2, 1.75, 9320, 721
1179, 0, 0, 21, 21, 1, 1.10%, 0, 6, 2, 24.96, 9368, 721
1184, 0, 0, 21, 21, 1, 1.10%, 0, 6, 2, 4.27, 9393, 721
1189, 0, 0, 21, 21, 1, 1.10%, 0, 6, 2, 4.82, 9421, 721
1195, 0, 0, 21, 21, 1, 1.10%, 0, 6, 2, 6.59, 9464, 721
1200, 0, 0, 21, 21, 1, 1.10%, 0, 6, 2, 4.12, 9508, 721
1206, 0, 0, 21, 21, 1, 1.10%, 0, 6, 2, 19.88, 9556, 721
1211, 0, 0, 21, 21, 1, 1.10%, 0, 6, 2, 7.45, 9575, 721
1216, 0, 0, 21, 21, 1, 1.10%, 0, 6, 2, 9.38, 9639, 721
1221, 0, 0, 21, 21, 1, 1.10%, 0, 6, 2, 9.82, 9697, 721
1227, 0, 0, 21, 21, 1, 1.10%, 0, 6, 2, 9.06, 9741, 721
1232, 0, 0, 21, 21, 1, 1.10%, 0, 6, 2, 7.60, 9772, 721
1237, 0, 0, 21, 21, 1, 1.10%, 0, 6, 2, 7.74, 9812, 721
1242, 0, 0, 21, 21, 1, 1.10%, 0, 6, 2, 8.95, 9855, 721
1248, 0, 0, 21, 21, 1, 1.10%, 0, 6, 2, 5.75, 9921, 721
1253, 0, 0, 21, 21, 1, 1.10%, 0, 6, 2, 6.63, 9963, 721
1259, 0, 0, 21, 21, 1, 1.10%, 0, 6, 2, 6.97, 10001, 721
1264, 0, 0, 21, 21, 1, 1.10%, 0, 6, 2, 3.11, 10042, 721
1269, 0, 0, 21, 21, 1, 1.10%, 0, 6, 2, 6.55, 10101, 721
1275, 0, 0, 21, 21, 1, 1.10%, 0, 6, 2, 3.84, 10141, 721
1280, 0, 0, 21, 21, 1, 1.10%, 0, 6, 2, 4.45, 10169, 721
1285, 0, 0, 21, 21, 1, 1.10%, 0, 6, 2, 2.58, 10214, 721
1291, 0, 0, 21, 21, 1, 1.10%, 0, 6, 2, 4.93, 10257, 721
1296, 0, 0, 21, 21, 1, 1.10%, 0, 6, 2, 4.41, 10278, 721
1301, 0, 0, 21, 21, 1, 1.10%, 0, 6, 2, 7.90, 10342, 721
1306, 0, 0, 21, 21, 1, 1.10%, 0, 6, 2, 25.91, 10393, 721
1312, 0, 0, 21, 21, 1, 1.10%, 0, 6, 2, 6.86, 10449, 721
1317, 0, 0, 21, 21, 1, 1.10%, 0, 6, 2, 7.27, 10490, 721
1322, 0, 0, 21, 21, 1, 1.10%, 0, 6, 2, 1.54, 10521, 721
1328, 0, 0, 21, 21, 1, 1.10%, 0, 6, 2, 3.31, 10552, 721
1333, 0, 0, 21, 21, 1, 1.10%, 0, 6, 2, 14.41, 10590, 721
1338, 0, 0, 21, 21, 1, 1.10%, 0, 6, 2, 37.13, 10658, 721
1344, 0, 0, 21, 21, 1, 1.10%, 0, 6, 2, 7.60, 10723, 721
1349, 0, 0, 21, 21, 1, 1.10%, 0, 6, 2, 8.19, 10768, 721
1354, 0, 0, 21, 21, 1, 1.10%, 0, 6, 2, 7.73, 10806, 721
1360, 0, 0, 21, 21, 1, 1.10%, 0, 6, 2, 7.19, 10843, 721
1365, 0, 0, 21, 21, 1, 1.10%, 0, 6, 2, 7.28, 10878, 721
1370, 0, 0, 21, 21, 1, 1.10%, 0, 7, 2, 16.20, 10933, 721
1376, 0, 0, 21, 21, 1, 1.10%, 0, 7, 2, 2.34, 10978, 721
1381, 0, 0, 21, 21, 1, 1.10%, 0, 7, 2, 1.48, 11024, 721
1387, 0, 0, 21, 21, 1, 1.10%, 0, 7, 2, 1.25, 11065, 721
1393, 0, 0, 21, 21, 1, 1.10%, 0, 7, 2, 9.37, 11103, 721
1398, 0, 0, 21, 21, 1, 1.10%, 0, 7, 2, 1.95, 11122, 721
1403, 0, 0, 21, 21, 1, 1.10%, 0, 7, 2, 20.21, 11171, 721
1409, 0, 0, 21, 21, 1, 1.10%, 0, 7, 2, 2.85, 11203, 721
1414, 0, 0, 21, 21, 1, 1.10%, 0, 7, 2, 4.55, 11239, 721
1419, 0, 0, 21, 21, 1, 1.10%, 0, 7, 2, 9.03, 11261, 721
1425, 0, 0, 21, 21, 1, 1.10%, 0, 7, 2, 2.03, 11281, 721
1430, 0, 0, 21, 21, 1, 1.10%, 0, 7, 2, 3.79, 11312, 721
1435, 0, 0, 21, 21, 1, 1.10%, 0, 7, 2, 1.00, 11353, 721
1440, 0, 0, 21, 21, 1, 1.10%, 0, 7, 2, 1.97, 11384, 721
1447, 0, 0, 22, 22, 1, 1.10%, 0, 7, 2, 2.25, 11399, 721
1452, 0, 0, 22, 22, 1, 1.10%, 0, 7, 2, 3.79, 11430, 721
1458, 0, 0, 22, 22, 1, 1.10%, 0, 7, 2, 5.86, 11472, 721
1463, 0, 0, 22, 22, 1, 1.10%, 0, 7, 2, 1.47, 11508, 721
1469, 0, 0, 22, 22, 1, 1.10%, 0, 7, 2, 1.56, 11539, 721
1474, 0, 0, 22, 22, 1, 1.10%, 0, 7, 2, 10.24, 11577, 721
1480, 0, 0, 22, 22, 1, 1.10%, 0, 7, 2, 9.65, 11614, 721
1485, 0, 0, 22, 22, 1, 1.10%, 0, 7, 2, 2.29, 11654, 721
1491, 0, 0, 22, 22, 1, 1.10%, 0, 7, 2, 22.51, 11706, 721
1496, 0, 0, 22, 22, 1, 1.10%, 0, 7, 2, 1.57, 11739, 721
1501, 0, 0, 22, 22, 1, 1.10%, 0, 7, 2, 11.49, 11783, 721
1507, 0, 0, 22, 22, 1, 1.10%, 0, 7, 2, 1.92, 11825, 721
1512, 0, 0, 22, 22, 1, 1.10%, 0, 7, 2, 13.65, 11876, 721
1517, 0, 0, 22, 22, 1, 1.10%, 0, 7, 2, 12.26, 11918, 721
1523, 0, 0, 22, 22, 1, 1.10%, 0, 7, 2, 1.36, 11951, 721
1528, 0, 0, 22, 22, 1, 1.10%, 0, 7, 2, 13.34, 11985, 721
1533, 0, 0, 22, 22, 1, 1.10%, 0, 7, 2, 12.34, 12029, 721
1539, 0, 0, 22, 22, 1, 1.10%, 0, 7, 2, 2.86, 12051, 721
1544, 0, 0, 22, 22, 1, 1.10%, 0, 7, 2, 4.47, 12082, 721
1549, 0, 0, 22, 22, 1, 1.10%, 0, 7, 2, 14.55, 12162, 721
1554, 0, 0, 22, 22, 1, 1.10%, 0, 7, 2, 2.95, 12200, 721
1560, 0, 0, 22, 22, 1, 1.10%, 0, 7, 2, 3.98, 12229, 721
1565, 0, 0, 22, 22, 1, 1.10%, 0, 7, 2, 9.71, 12272, 721
1570, 0, 0, 22, 22, 1, 1.10%, 0, 7, 2, 10.06, 12324, 721
1576, 0, 0, 22, 22, 1, 1.10%, 0, 7, 2, 8.54, 12361, 721
1581, 0, 0, 22, 22, 1, 1.10%, 0, 7, 2, 7.24, 12394, 721
1586, 0, 0, 22, 22, 1, 1.10%, 0, 7, 2, 8.29, 12445, 721
1592, 0, 0, 22, 22, 1, 1.10%, 0, 7, 2, 8.16, 12485, 721
1597, 0, 0, 22, 22, 1, 1.10%, 0, 7, 2, 7.13, 12515, 721
1602, 0, 0, 22, 22, 1, 1.10%, 0, 7, 2, 7.72, 12541, 721
1608, 0, 0, 22, 22, 1, 1.10%, 0, 7, 2, 1.54, 12568, 721
1613, 0, 0, 22, 22, 1, 1.10%, 0, 7, 2, 14.58, 12613, 721
1619, 0, 0, 22, 22, 1, 1.10%, 0, 7, 2, 12.35, 12640, 721
1624, 0, 0, 22, 22, 1, 1.10%, 0, 7, 2, 11.25, 12694, 721
1629, 0, 0, 22, 22, 1, 1.10%, 0, 7, 2, 11.84, 12765, 721
1635, 0, 0, 22, 22, 1, 1.10%, 0, 7, 2, 16.09, 12807, 721
1640, 0, 0, 22, 22, 1, 1.10%, 0, 7, 2, 2.98, 12845, 721
1646, 0, 0, 22, 22, 1, 1.10%, 0, 7, 2, 3.19, 12862, 721
1651, 0, 0, 22, 22, 1, 1.10%, 0, 7, 2, 11.54, 12907, 721
1656, 0, 0, 22, 22, 1, 1.10%, 0, 7, 2, 2.73, 12944, 721
1661, 0, 0, 22, 22, 1, 1.10%, 0, 7, 2, 3.54, 12967, 721
1667, 0, 0, 22, 22, 1, 1.10%, 0, 7, 2, 19.76, 13045, 721
1672, 0, 0, 22, 22, 1, 1.10%, 0, 7, 2, 1.55, 13079, 721
1677, 0, 0, 22, 22, 1, 1.10%, 0, 7, 2, 9.24, 13114, 721
1683, 0, 0, 22, 22, 1, 1.10%, 0, 7, 2, 5.25, 13169, 721
1688, 0, 0, 22, 22, 1, 1.10%, 0, 7, 2, 17.03, 13227, 721
1694, 0, 0, 22, 22, 1, 1.10%, 0, 7, 2, 1.79, 13253, 721
1699, 0, 0, 22, 22, 1, 1.10%, 0, 7, 2, 1.75, 13311, 721
1705, 0, 0, 22, 22, 1, 1.10%, 0, 7, 2, 23.17, 13370, 721
1710, 0, 0, 22, 22, 1, 1.10%, 0, 7, 2, 4.72, 13415, 721
1716, 0, 0, 22, 22, 1, 1.10%, 0, 7, 2, 4.97, 13442, 721
1721, 0, 0, 22, 22, 1, 1.10%, 0, 7, 2, 6.43, 13483, 721
1726, 0, 0, 22, 22, 1, 1.10%, 0, 7, 2, 8.10, 13539, 721
1731, 0, 0, 22, 22, 1, 1.10%, 0, 7, 2, 6.94, 13571, 721
1737, 0, 0, 22, 22, 1, 1.10%, 0, 7, 2, 5.89, 13594, 721
1742, 0, 0, 22, 22, 1, 1.10%, 0, 7, 2, 1.38, 13631, 721
1747, 0, 0, 22, 22, 1, 1.10%, 0, 7, 2, 11.13, 13656, 721
1752, 0, 0, 22, 22, 1, 1.10%, 0, 7, 2, 15.13, 13686, 721
1758, 0, 0, 22, 22, 1, 1.10%, 0, 7, 2, 2.42, 13732, 721
1763, 0, 0, 22, 22, 1, 1.10%, 0, 7, 2, 14.87, 13818, 721
1768, 0, 0, 22, 22, 1, 1.10%, 0, 7, 2, 4.40, 13884, 721
1773, 0, 0, 22, 22, 1, 1.10%, 0, 7, 2, 5.92, 13926, 721
1778, 0, 0, 22, 22, 1, 1.10%, 0, 7, 2, 1.40, 13970, 721
1783, 0, 0, 22, 22, 1, 1.10%, 0, 7, 2, 11.38, 14003, 721
1789, 0, 0, 22, 22, 1, 1.10%, 0, 7, 2, 6.64, 14030, 721
1794, 0, 0, 22, 22, 1, 1.10%, 0, 7, 2, 5.63, 14055, 721
1800, 0, 0, 22, 22, 1, 1.10%, 0, 7, 2, 7.39, 14105, 721
1805, 0, 0, 22, 22, 1, 1.10%, 0, 7, 2, 1.82, 14152, 721
1811, 0, 0, 22, 22, 1, 1.10%, 0, 7, 2, 30.97, 14207, 721
1816, 0, 0, 22, 22, 1, 1.10%, 0, 7, 2, 8.42, 14242, 721
1821, 0, 0, 22, 22, 1, 1.10%, 0, 7, 2, 2.24, 14293, 721
1827, 0, 0, 22, 22, 1, 1.10%, 0, 7, 2, 14.19, 14345, 721
1832, 0, 0, 22, 22, 1, 1.10%, 0, 7, 2, 1.59, 14393, 721
1837, 0, 0, 22, 22, 1, 1.10%, 0, 7, 2, 3.21, 14422, 721
1843, 0, 0, 22, 22, 1, 1.10%, 0, 7, 2, 4.69, 14457, 721
1848, 0, 0, 22, 22, 1, 1.10%, 0, 7, 2, 4.20, 14475, 721
1853, 0, 0, 22, 22, 1, 1.10%, 0, 7, 2, 4.76, 14528, 721
1858, 0, 0, 22, 22, 1, 1.10%, 0, 7, 2, 4.62, 14546, 721
1863, 0, 0, 22, 22, 1, 1.10%, 0, 7, 2, 5.48, 14578, 721
1868, 0, 0, 22, 22, 1, 1.10%, 0, 7, 2, 7.42, 14632, 721
1874, 0, 0, 22, 22, 1, 1.10%, 0, 7, 2, 8.63, 14669, 721
1879, 0, 0, 22, 22, 1, 1.10%, 0, 7, 2, 3.49, 14713, 721
1884, 0, 0, 22, 22, 1, 1.10%, 0, 7, 2, 7.25, 14777, 721
1889, 0, 0, 22, 22, 1, 1.10%, 0, 7, 2, 1.60, 14817, 721
1895, 0, 0, 22, 22, 1, 1.10%, 0, 7, 2, 1.57, 14866, 721
1900, 0, 0, 22, 22, 1, 1.10%, 0, 7, 2, 14.04, 14895, 721
1905, 0, 0, 22, 22, 1, 1.10%, 0, 7, 2, 6.23, 14956, 721
1911, 0, 0, 22, 22, 1, 1.10%, 0, 7, 2, 7.04, 14997, 721
1916, 0, 0, 22, 22, 1, 1.10%, 0, 7, 2, 21.09, 15048, 721
1922, 0, 0, 22, 22, 1, 1.10%, 0, 7, 2, 2.35, 15110, 721
1927, 0, 0, 22, 22, 1, 1.10%, 0, 7, 2, 15.44, 15173, 721
1932, 0, 0, 22, 22, 1, 1.10%, 0, 7, 2, 10.21, 15224, 721
1937, 0, 0, 22, 22, 1, 1.10%, 0, 7, 2, 9.21, 15267, 721
1942, 0, 0, 22, 22, 1, 1.10%, 0, 7, 2, 2.97, 15300, 721
1948, 0, 0, 22, 22, 1, 1.10%, 0, 7, 2, 3.86, 15326, 721
1953, 0, 0, 22, 22, 1, 1.10%, 0, 7, 2, 3.80, 15375, 721
1958, 0, 0, 22, 22, 1, 1.10%, 0, 7, 2, 4.28, 15403, 721
1963, 0, 0, 22, 22, 1, 1.10%, 0, 7, 2, 7.11, 15462, 721
1969, 0, 0, 22, 22, 1, 1.10%, 0, 7, 2, 14.58, 15516, 721
1975, 0, 0, 22, 22, 1, 1.10%, 0, 7, 2, 1.89, 15542, 721
1980, 0, 0, 22, 22, 1, 1.10%, 0, 7, 2, 12.12, 15575, 721
1985, 0, 0, 22, 22, 1, 1.10%, 0, 7, 2, 14.93, 15637, 721
1990, 0, 0, 22, 22, 1, 1.10%, 0, 7, 2, 13.20, 15688, 721
1995, 0, 0, 22, 22, 1, 1.10%, 0, 7, 2, 1.37, 15725, 721
2001, 0, 0, 22, 22, 1, 1.10%, 0, 7, 2, 15.02, 15762, 721
2006, 0, 0, 22, 22, 1, 1.10%, 0, 7, 2, 3.34, 15793, 721
2011, 0, 0, 22, 22, 1, 1.10%, 0, 7, 2, 2.06, 15832, 721
2016, 0, 0, 22, 22, 1, 1.10%, 0, 7, 2, 3.31, 15866, 721
2022, 0, 0, 22, 22, 1, 1.10%, 0, 7, 2, 4.77, 15899, 721
2027, 0, 0, 22, 22, 1, 1.10%, 0, 7, 2, 1.95, 15977, 721
2032, 0, 0, 22, 22, 1, 1.10%, 0, 7, 2, 16.16, 16047, 721
2037, 0, 0, 22, 22, 1, 1.10%, 0, 7, 2, 2.39, 16095, 721
2043, 0, 0, 22, 22, 1, 1.10%, 0, 7, 2, 2.44, 16128, 721
2048, 0, 0, 22, 22, 1, 1.10%, 0, 7, 2, 1.99, 16160, 721
2053, 0, 0, 22, 22, 1, 1.10%, 0, 7, 2, 1.69, 16217, 721
2059, 0, 0, 22, 22, 1, 1.10%, 0, 7, 2, 3.47, 16262, 721
2064, 0, 0, 22, 22, 1, 1.10%, 0, 7, 2, 4.30, 16288, 721
2069, 0, 0, 22, 22, 1, 1.10%, 0, 7, 2, 5.40, 16325, 721
2074, 0, 0, 22, 22, 1, 1.10%, 0, 7, 2, 5.38, 16350, 721
2080, 0, 0, 22, 22, 1, 1.10%, 0, 7, 2, 5.02, 16406, 721
2085, 0, 0, 22, 22, 1, 1.10%, 0, 7, 2, 6.66, 16451, 721
2090, 0, 0, 22, 22, 1, 1.10%, 0, 7, 2, 5.99, 16479, 721
2095, 0, 0, 22, 22, 1, 1.10%, 0, 7, 2, 5.96, 16509, 721
2100, 0, 0, 22, 22, 1, 1.10%, 0, 7, 2, 6.62, 16545, 721
2106, 0, 0, 22, 22, 1, 1.10%, 0, 7, 2, 9.03, 16607, 721
2111, 0, 0, 22, 22, 1, 1.10%, 0, 7, 2, 2.15, 16639, 721
2116, 0, 0, 22, 22, 1, 1.10%, 0, 7, 2, 3.46, 16664, 721
2121, 0, 0, 22, 22, 1, 1.10%, 0, 7, 2, 4.46, 16694, 721
2127, 0, 0, 22, 22, 1, 1.10%, 0, 7, 2, 5.38, 16730, 721
2132, 0, 0, 22, 22, 1, 1.10%, 0, 7, 2, 5.75, 16764, 721
2138, 0, 0, 22, 22, 1, 1.10%, 0, 7, 2, 6.27, 16800, 721
2143, 0, 0, 22, 22, 1, 1.10%, 0, 7, 2, 4.53, 16867, 721
2148, 0, 0, 22, 22, 1, 1.10%, 0, 7, 2, 18.82, 16922, 721
2154, 0, 0, 22, 22, 1, 1.10%, 0, 8, 2, 1.40, 16978, 721
2159, 0, 0, 22, 22, 1, 1.10%, 0, 8, 2, 10.91, 17028, 721
2165, 0, 0, 22, 22, 1, 1.10%, 0, 8, 2, 26.38, 17077, 721
2170, 0, 0, 22, 22, 1, 1.10%, 0, 8, 2, 18.10, 17103, 721
2175, 0, 0, 22, 22, 1, 1.10%, 0, 8, 2, 3.48, 17150, 721
2180, 0, 0, 22, 22, 1, 1.10%, 0, 8, 2, 4.67, 17181, 721
2186, 0, 0, 22, 22, 1, 1.10%, 0, 8, 2, 24.30, 17242, 721
2191, 0, 0, 22, 22, 1, 1.10%, 0, 8, 2, 11.77, 17308, 721
2196, 0, 0, 22, 22, 1, 1.10%, 0, 8, 2, 9.49, 17334, 721
2201, 0, 0, 22, 22, 1, 1.10%, 0, 8, 2, 1.57, 17389, 721
2207, 0, 0, 22, 22, 1, 1.10%, 0, 8, 2, 2.75, 17412, 721
2212, 0, 0, 22, 22, 1, 1.10%, 0, 8, 2, 18.00, 17458, 721
2217, 0, 0, 22, 22, 1, 1.10%, 0, 8, 2, 5.91, 17506, 721
2222, 0, 0, 22, 22, 1, 1.10%, 0, 8, 2, 6.37, 17544, 721
2227, 0, 0, 22, 22, 1, 1.10%, 0, 8, 2, 6.83, 17581, 721
2232, 0, 0, 22, 22, 1, 1.10%, 0, 8, 2, 6.38, 17610, 721
2238, 0, 0, 22, 22, 1, 1.10%, 0, 8, 2, 6.35, 17642, 721
2244, 0, 0, 22, 22, 1, 1.10%, 0, 8, 2, 8.26, 17698, 721
2249, 0, 0, 22, 22, 1, 1.10%, 0, 8, 2, 9.37, 17754, 721
2254, 0, 0, 22, 22, 1, 1.10%, 0, 8, 2, 1.65, 17817, 721
2260, 0, 0, 22, 22, 1, 1.10%, 0, 8, 2, 4.60, 17878, 721
2265, 0, 0, 22, 22, 1, 1.10%, 0, 8, 2, 2.94, 17918, 721
2271, 0, 0, 22, 22, 1, 1.10%, 0, 8, 2, 5.38, 17961, 721
2276, 0, 0, 22, 22, 1, 1.10%, 0, 8, 2, 6.67, 18004, 721
2282, 0, 0, 22, 22, 1, 1.10%, 0, 8, 2, 11.95, 18036, 721
2287, 0, 0, 22, 22, 1, 1.10%, 0, 8, 2, 1.11, 18080, 721
2293, 0, 0, 22, 22, 1, 1.10%, 0, 8, 2, 5.14, 18126, 721
2298, 0, 0, 22, 22, 1, 1.10%, 0, 8, 2, 7.34, 18184, 721
2303, 0, 0, 22, 22, 1, 1.10%, 0, 8, 2, 10.08, 18220, 721
2309, 0, 0, 22, 22, 1, 1.10%, 0, 8, 2, 1.53, 18265, 721
2314, 0, 0, 22, 22, 1, 1.10%, 0, 8, 2, 9.98, 18319, 721
2319, 0, 0, 22, 22, 1, 1.10%, 0, 8, 2, 9.57, 18349, 721
2325, 0, 0, 22, 22, 1, 1.10%, 0, 8, 2, 2.22, 18401, 721
2330, 0, 0, 22, 22, 1, 1.10%, 0, 8, 2, 14.21, 18453, 721
2335, 0, 0, 22, 22, 1, 1.10%, 0, 8, 2, 15.93, 18498, 721
2340, 0, 0, 22, 22, 1, 1.10%, 0, 8, 2, 31.67, 18570, 721
2346, 0, 0, 22, 22, 1, 1.10%, 0, 8, 2, 8.26, 18631, 721
2351, 0, 0, 22, 22, 1, 1.10%, 0, 8, 2, 7.49, 18666, 721
2356, 0, 0, 22, 22, 1, 1.10%, 0, 8, 2, 16.98, 18706, 721
2361, 0, 0, 22, 22, 1, 1.10%, 0, 8, 2, 2.50, 18746, 721
2367, 0, 0, 22, 22, 1, 1.10%, 0, 8, 2, 3.68, 18770, 721
2373, 0, 0, 22, 22, 1, 1.10%, 0, 8, 2, 10.78, 18830, 721
2378, 0, 0, 22, 22, 1, 1.10%, 0, 8, 2, 19.82, 18854, 721
2383, 0, 0, 22, 22, 1, 1.10%, 0, 8, 2, 4.64, 18882, 721
2388, 0, 0, 22, 22, 1, 1.10%, 0, 8, 2, 5.88, 18921, 721
2394, 0, 0, 22, 22, 1, 1.10%, 0, 8, 2, 2.30, 18970, 721
2399, 0, 0, 22, 22, 1, 1.10%, 0, 8, 2, 5.83, 19021, 721
2404, 0, 0, 22, 22, 1, 1.10%, 0, 8, 2, 5.55, 19047, 721
2410, 0, 0, 22, 22, 1, 1.10%, 0, 8, 2, 1.18, 19094, 721
2415, 0, 0, 22, 22, 1, 1.10%, 0, 8, 2, 3.58, 19130, 721
2420, 0, 0, 22, 22, 1, 1.10%, 0, 8, 2, 12.94, 19196, 721
2426, 0, 0, 22, 22, 1, 1.10%, 0, 8, 2, 22.26, 19270, 721
2431, 0, 0, 22, 22, 1, 1.10%, 0, 8, 2, 5.94, 19311, 721
2436, 0, 0, 22, 22, 1, 1.10%, 0, 8, 2, 10.45, 19389, 721
2442, 0, 0, 22, 22, 1, 1.10%, 0, 8, 2, 9.84, 19436, 721
2447, 0, 0, 22, 22, 1, 1.10%, 0, 8, 2, 13.36, 19483, 721
2452, 0, 0, 22, 22, 1, 1.10%, 0, 8, 2, 3.99, 19513, 721
2458, 0, 0, 22, 22, 1, 1.10%, 0, 8, 2, 5.94, 19555, 721
2464, 0, 0, 22, 22, 1, 1.10%, 0, 8, 2, 6.24, 19591, 721
2469, 0, 0, 22, 22, 1, 1.10%, 0, 8, 2, 1.14, 19639, 721
2475, 0, 0, 23, 23, 1, 1.10%, 0, 8, 2, 1.41, 19650, 721
2480, 0, 0, 23, 23, 1, 1.10%, 0, 8, 2, 2.97, 19701, 721
2485, 0, 0, 23, 23, 1, 1.10%, 0, 8, 2, 3.64, 19723, 721
2491, 0, 0, 23, 23, 1, 1.10%, 0, 8, 2, 3.60, 19764, 721
2497, 0, 0, 23, 23, 1, 1.10%, 0, 8, 2, 3.89, 19789, 721
2502, 0, 0, 23, 23, 1, 1.10%, 0, 8, 2, 4.17, 19811, 721
2507, 0, 0, 23, 23, 1, 1.10%, 0, 8, 2, 11.54, 19845, 721
2512, 0, 0, 23, 23, 1, 1.10%, 0, 8, 2, 14.12, 19889, 721
2518, 0, 0, 23, 23, 1, 1.10%, 0, 8, 2, 1.56, 19920, 721
2523, 0, 0, 23, 23, 1, 1.10%, 0, 8, 2, 1.28, 19952, 721
2529, 0, 0, 23, 23, 1, 1.10%, 0, 8, 2, 1.50, 19993, 721
2534, 0, 0, 23, 23, 1, 1.10%, 0, 8, 2, 4.09, 20037, 721
2539, 0, 0, 23, 23, 1, 1.10%, 0, 8, 2, 4.31, 20059, 721
2544, 0, 0, 23, 23, 1, 1.10%, 0, 8, 2, 6.92, 20111, 721
2550, 0, 0, 23, 23, 1, 1.10%, 0, 8, 2, 7.92, 20158, 721
2555, 0, 0, 23, 23, 1, 1.10%, 0, 8, 2, 1.15, 20189, 721
2561, 0, 0, 23, 23, 1, 1.10%, 0, 8, 2, 8.66, 20244, 721
2566, 0, 0, 23, 23, 1, 1.10%, 0, 8, 2, 8.80, 20280, 721
2572, 0, 0, 23, 23, 1, 1.10%, 0, 8, 2, 1.00, 20319, 721
2577, 0, 0, 23, 23, 1, 1.10%, 0, 8, 2, 13.23, 20364, 721
2582, 0, 0, 23, 23, 1, 1.10%, 0, 8, 2, 1.86, 20426, 721
2587, 0, 0, 23, 23, 1, 1.10%, 0, 8, 2, 17.05, 20472, 721
2592, 0, 0, 23, 23, 1, 1.10%, 0, 8, 2, 4.14, 20511, 721
2598, 0, 0, 23, 23, 1, 1.10%, 0, 8, 2, 20.58, 20566, 721
2603, 0, 0, 23, 23, 1, 1.10%, 0, 8, 2, 14.85, 20605, 721
2609, 0, 0, 23, 23, 1, 1.10%, 0, 8, 2, 1.61, 20631, 721
2614, 0, 0, 23, 23, 1, 1.10%, 0, 8, 2, 2.39, 20672, 721
2619, 0, 0, 23, 23, 1, 1.10%, 0, 8, 2, 1.20, 20720, 721
2625, 0, 0, 23, 23, 1, 1.10%, 0, 8, 2, 3.95, 20770, 721
2630, 0, 0, 23, 23, 1, 1.10%, 0, 8, 2, 7.64, 20849, 721
2635, 0, 0, 23, 23, 1, 1.10%, 0, 8, 2, 6.91, 20910, 721
2640, 0, 0, 23, 23, 1, 1.10%, 0, 8, 2, 1.26, 20929, 721
2645, 0, 0, 23, 23, 1, 1.10%, 0, 8, 2, 11.43, 20987, 721
2650, 0, 0, 23, 23, 1, 1.10%, 0, 8, 2, 11.99, 21048, 721
2656, 0, 0, 23, 23, 1, 1.10%, 0, 8, 2, 11.82, 21112, 721
2662, 0, 0, 23, 23, 1, 1.10%, 0, 8, 2, 8.49, 21153, 721
2667, 0, 0, 23, 23, 1, 1.10%, 0, 8, 2, 8.80, 21195, 721
2672, 0, 0, 23, 23, 1, 1.10%, 0, 8, 2, 1.66, 21227, 721
2677, 0, 0, 23, 23, 1, 1.10%, 0, 8, 2, 2.38, 21270, 721
2682, 0, 0, 23, 23, 1, 1.10%, 0, 8, 2, 1.13, 21336, 721
2687, 0, 0, 23, 23, 1, 1.10%, 0, 8, 2, 2.72, 21397, 721
2693, 0, 0, 23, 23, 1, 1.10%, 0, 8, 2, 14.75, 21432, 721
2698, 0, 0, 23, 23, 1, 1.10%, 0, 8, 2, 1.74, 21453, 721
2704, 0, 0, 23, 23, 1, 1.10%, 0, 8, 2, 14.43, 21480, 721
2709, 0, 0, 23, 23, 1, 1.10%, 0, 8, 2, 2.93, 21503, 721
2715, 0, 0, 23, 23, 1, 1.10%, 0, 8, 2, 3.94, 21533, 721
2720, 0, 0, 23, 23, 1, 1.10%, 0, 8, 2, 3.76, 21574, 721
2726, 0, 0, 23, 23, 1, 1.10%, 0, 8, 2, 4.31, 21616, 721
2731, 0, 0, 23, 23, 1, 1.10%, 0, 8, 2, 4.26, 21659, 721
2737, 0, 0, 23, 23, 1, 1.10%, 0, 8, 2, 4.67, 21688, 721
2742, 0, 0, 23, 23, 1, 1.10%, 0, 8, 2, 6.91, 21744, 721
2747, 0, 0, 23, 23, 1, 1.10%, 0, 8, 2, 12.64, 21802, 721
2753, 0, 0, 23, 23, 1, 1.10%, 0, 8, 2, 3.76, 21845, 721
2758, 0, 0, 23, 23, 1, 1.10%, 0, 8, 2, 5.58, 21887, 721
2763, 0, 0, 23, 23, 1, 1.10%, 0, 8, 2, 26.52, 21960, 721
2768, 0, 0, 23, 23, 1, 1.10%, 0, 8, 2, 13.69, 22002, 721
2773, 0, 0, 23, 23, 1, 1.10%, 0, 8, 2, 11.26, 22040, 721
2779, 0, 0, 23, 23, 1, 1.10%, 0, 8, 2, 9.00, 22073, 721
2784, 0, 0, 23, 23, 1, 1.10%, 0, 8, 2, 1.59, 22103, 721
2790, 0, 0, 23, 23, 1, 1.10%, 0, 8, 2, 9.65, 22138, 721
2795, 0, 0, 23, 23, 1, 1.10%, 0, 8, 2, 1.98, 22184, 721
2800, 0, 0, 23, 23, 1, 1.10%, 0, 8, 2, 3.36, 22225, 721
2805, 0, 0, 23, 23, 1, 1.10%, 0, 8, 2, 4.46, 22256, 721
2811, 0, 0, 23, 23, 1, 1.10%, 0, 8, 2, 7.27, 22313, 721
2816, 0, 0, 23, 23, 1, 1.10%, 0, 8, 2, 6.38, 22367, 721
2821, 0, 0, 23, 23, 1, 1.10%, 0, 8, 2, 1.29, 22419, 721
2827, 0, 0, 23, 23, 1, 1.10%, 0, 8, 2, 1.51, 22448, 721
2832, 0, 0, 23, 23, 1, 1.10%, 0, 8, 2, 8.67, 22479, 721
2838, 0, 0, 23, 23, 1, 1.10%, 0, 8, 2, 6.72, 22501, 721
2843, 0, 0, 23, 23, 1, 1.10%, 0, 8, 2, 6.40, 22533, 721
2848, 0, 0, 23, 23, 1, 1.10%, 0, 8, 2, 9.20, 22599, 721
2853, 0, 0, 23, 23, 1, 1.10%, 0, 8, 2, 1.61, 22643, 721
2858, 0, 0, 23, 23, 1, 1.10%, 0, 8, 2, 1.66, 22673, 721
2863, 0, 0, 23, 23, 1, 1.10%, 0, 8, 2, 2.40, 22712, 721
2869, 0, 0, 23, 23, 1, 1.10%, 0, 8, 2, 3.55, 22778, 721
2874, 0, 0, 23, 23, 1, 1.10%, 0, 8, 2, 20.02, 22828, 721
2879, 0, 0, 23, 23, 1, 1.10%, 0, 8, 2, 2.21, 22880, 721
2884, 0, 0, 23, 23, 1, 1.10%, 0, 8, 2, 4.85, 22931, 721
2890, 0, 0, 23, 23, 1, 1.10%, 0, 8, 2, 5.34, 22963, 721
2895, 0, 0, 23, 23, 1, 1.10%, 0, 8, 2, 7.27, 23016, 721
2900, 0, 0, 23, 23, 1, 1.10%, 0, 8, 2, 1.17, 23050, 721
2906, 0, 0, 23, 23, 1, 1.10%, 0, 8, 2, 13.63, 23101, 721
2911, 0, 0, 23, 23, 1, 1.10%, 0, 8, 2, 13.94, 23182, 721
2916, 0, 0, 23, 23, 1, 1.10%, 0, 8, 2, 2.00, 23228, 721
2921, 0, 0, 23, 23, 1, 1.10%, 0, 8, 2, 4.20, 23264, 721
2927, 0, 0, 23, 23, 1, 1.10%, 0, 8, 2, 2.56, 23296, 721
2932, 0, 0, 23, 23, 1, 1.10%, 0, 8, 2, 1.93, 23324, 721
2937, 0, 0, 23, 23, 1, 1.10%, 0, 8, 2, 7.00, 23380, 721
2942, 0, 0, 23, 23, 1, 1.10%, 0, 8, 2, 13.21, 23408, 721
2947, 0, 0, 23, 23, 1, 1.10%, 0, 8, 2, 11.62, 23454, 721
2952, 0, 0, 23, 23, 1, 1.10%, 0, 8, 2, 13.98, 23501, 721
2957, 0, 0, 23, 23, 1, 1.10%, 0, 8, 2, 9.05, 23528, 721
2962, 0, 0, 23, 23, 1, 1.10%, 0, 8, 2, 7.25, 23554, 721
2967, 0, 0, 23, 23, 1, 1.10%, 0, 8, 2, 7.16, 23589, 721
2972, 0, 0, 23, 23, 1, 1.10%, 0, 8, 2, 1.82, 23618, 721
2977, 0, 0, 23, 23, 1, 1.10%, 0, 8, 2, 2.13, 23671, 721
2983, 0, 0, 23, 23, 1, 1.10%, 0, 8, 2, 1.25, 23709, 721
2988, 0, 0, 23, 23, 1, 1.10%, 0, 8, 2, 8.97, 23755, 721
2993, 0, 0, 23, 23, 1, 1.10%, 0, 8, 2, 10.71, 23824, 721
2998, 0, 0, 23, 23, 1, 1.10%, 0, 8, 2, 1.44, 23843, 721
3004, 0, 0, 23, 23, 1, 1.10%, 0, 8, 2, 14.63, 23907, 721
3009, 0, 0, 23, 23, 1, 1.10%, 0, 8, 2, 2.15, 23923, 721
3014, 0, 0, 23, 23, 1, 1.10%, 0, 8, 2, 13.39, 23954, 721
3020, 0, 0, 23, 23, 1, 1.10%, 0, 8, 2, 1.71, 24000, 721
3026, 0, 0, 23, 23, 1, 1.10%, 0, 8, 2, 9.43, 24047, 721
3031, 0, 0, 23, 23, 1, 1.10%, 0, 8, 2, 9.90, 24096, 721
3036, 0, 0, 23, 23, 1, 1.10%, 0, 8, 2, 1.32, 24120, 721
3041, 0, 0, 23, 23, 1, 1.10%, 0, 8, 2, 1.42, 24158, 721
3046, 0, 0, 23, 23, 1, 1.10%, 0, 8, 2, 3.99, 24207, 721
3051, 0, 0, 23, 23, 1, 1.10%, 0, 8, 2, 5.61, 24244, 721
3057, 0, 0, 23, 23, 1, 1.10%, 0, 8, 2, 9.09, 24288, 721
3062, 0, 0, 23, 23, 1, 1.10%, 0, 8, 2, 8.08, 24322, 721
3067, 0, 0, 23, 23, 1, 1.10%, 0, 8, 2, 1.37, 24379, 721
3073, 0, 0, 23, 23, 1, 1.10%, 0, 8, 2, 4.36, 24416, 721
3078, 0, 0, 23, 23, 1, 1.10%, 0, 8, 2, 4.45, 24461, 721
3083, 0, 0, 23, 23, 1, 1.10%, 0, 8, 2, 5.97, 24501, 721
3088, 0, 0, 23, 23, 1, 1.10%, 0, 8, 2, 9.50, 24570, 721
3093, 0, 0, 23, 23, 1, 1.10%, 0, 8, 2, 1.68, 24612, 721
3099, 0, 0, 23, 23, 1, 1.10%, 0, 8, 2, 1.75, 24641, 721
3104, 0, 0, 23, 23, 1, 1.10%, 0, 8, 2, 9.66, 24686, 721
3109, 0, 0, 23, 23, 1, 1.10%, 0, 8, 2, 2.08, 24712, 721
3114, 0, 0, 23, 23, 1, 1.10%, 0, 8, 2, 3.62, 24745, 721
3120, 0, 0, 23, 23, 1, 1.10%, 0, 8, 2, 1.95, 24799, 721
3125, 0, 0, 23, 23, 1, 1.10%, 0, 8, 2, 8.34, 24823, 721
3130, 0, 0, 23, 23, 1, 1.10%, 0, 8, 2, 1.64, 24840, 721
3135, 0, 0, 23, 23, 1, 1.10%, 0, 8, 2, 2.33, 24857, 721
3140, 0, 0, 23, 23, 1, 1.10%, 0, 8, 2, 4.01, 24905, 721
3145, 0, 0, 23, 23, 1, 1.10%, 0, 8, 2, 3.63, 24922, 721
3151, 0, 0, 23, 23, 1, 1.10%, 0, 8, 2, 5.09, 24957, 721
3156, 0, 0, 23, 23, 1, 1.10%, 0, 8, 2, 1.00, 25005, 721
3161, 0, 0, 23, 23, 1, 1.10%, 0, 8, 2, 7.02, 25044, 721
3166, 0, 0, 23, 23, 1, 1.10%, 0, 8, 2, 6.44, 25066, 721
3172, 0, 0, 23, 23, 1, 1.10%, 0, 8, 2, 8.50, 25125, 721
3177, 0, 0, 23, 23, 1, 1.10%, 0, 8, 2, 10.76, 25146, 721
3182, 0, 0, 23, 23, 1, 1.10%, 0, 8, 2, 12.33, 25227, 721
3188, 0, 0, 23, 23, 1, 1.10%, 0, 8, 2, 1.52, 25271, 721
3193, 0, 0, 23, 23, 1, 1.10%, 0, 8, 2, 16.47, 25305, 721
3198, 0, 0, 23, 23, 1, 1.10%, 0, 8, 2, 17.38, 25369, 721
3203, 0, 0, 23, 23, 1, 1.10%, 0, 8, 2, 7.01, 25411, 721
3208, 0, 0, 23, 23, 1, 1.10%, 0, 8, 2, 8.91, 25472, 721
3214, 0, 0, 23, 23, 1, 1.10%, 0, 8, 2, 1.92, 25510, 721
3219, 0, 0, 23, 23, 1, 1.10%, 0, 8, 2, 14.99, 25577, 721
3225, 0, 0, 23, 23, 1, 1.10%, 0, 8, 2, 12.85, 25621, 721
3230, 0, 0, 23, 23, 1, 1.10%, 0, 8, 2, 3.13, 25663, 721
3236, 0, 0, 23, 23, 1, 1.10%, 0, 8, 2, 9.23, 25729, 721
3241, 0, 0, 23, 23, 1, 1.10%, 0, 8, 2, 2.86, 25787, 721
3246, 0, 0, 23, 23, 1, 1.10%, 0, 8, 2, 4.43, 25832, 721
3251, 0, 0, 23, 23, 1, 1.10%, 0, 8, 2, 7.28, 25886, 721
3257, 0, 0, 23, 23, 1, 1.10%, 0, 8, 2, 7.10, 25926, 721
3262, 0, 0, 23, 23, 1, 1.10%, 0, 8, 2, 5.40, 25943, 721
3268, 0, 0, 23, 23, 1, 1.10%, 0, 8, 2, 27.91, 26017, 721
3273, 0, 0, 23, 23, 1, 1.10%, 0, 8, 2, 13.18, 26069, 721
3278, 0, 0, 23, 23, 1, 1.10%, 0, 8, 2, 13.12, 26107, 721
3284, 0, 0, 23, 23, 1, 1.10%, 0, 8, 2, 3.13, 26140, 721
3289, 0, 0, 23, 23, 1, 1.10%, 0, 8, 2, 1.30, 26185, 721
3294, 0, 0, 23, 23, 1, 1.10%, 0, 8, 2, 15.56, 26229, 721
3299, 0, 0, 23, 23, 1, 1.10%, 0, 8, 2, 3.50, 26279, 721
3304, 0, 0, 23, 23, 1, 1.10%, 0, 8, 2, 7.36, 26345, 721
3310, 0, 0, 23, 23, 1, 1.10%, 0, 8, 2, 5.92, 26434, 721
3315, 0, 0, 23, 23, 1, 1.10%, 0, 8, 2, 35.28, 26495, 721
3320, 0, 0, 23, 23, 1, 1.10%, 0, 8, 2, 6.59, 26533, 721
3326, 0, 0, 23, 23, 1, 1.10%, 0, 8, 2, 6.02, 26559, 721
3331, 0, 0, 23, 23, 1, 1.10%, 0, 8, 2, 10.14, 26638, 721
3336, 0, 0, 23, 23, 1, 1.10%, 0, 8, 2, 23.23, 26669, 721
3342, 0, 0, 23, 23, 1, 1.10%, 0, 8, 2, 13.19, 26705, 721
3347, 0, 0, 23, 23, 1, 1.10%, 0, 8, 2, 11.76, 26760, 721
3353, 0, 0, 23, 23, 1, 1.10%, 0, 8, 2, 18.55, 26820, 721
3358, 0, 0, 23, 23, 1, 1.10%, 0, 8, 2, 4.17, 26877, 721
3363, 0, 0, 23, 23, 1, 1.10%, 0, 8, 2, 4.16, 26927, 721
3369, 0, 0, 23, 23, 1, 1.10%, 0, 8, 2, 5.74, 26969, 721
3374, 0, 0, 23, 23, 1, 1.10%, 0, 8, 2, 1.21, 27006, 721
3379, 0, 0, 23, 23, 1, 1.10%, 0, 8, 2, 25.88, 27049, 721
3385, 0, 0, 23, 23, 1, 1.10%, 0, 8, 2, 4.53, 27077, 721
3390, 0, 0, 23, 23, 1, 1.10%, 0, 8, 2, 5.97, 27137, 721
3396, 0, 0, 23, 23, 1, 1.10%, 0, 8, 2, 6.48, 27175, 721
3401, 0, 0, 23, 23, 1, 1.10%, 0, 8, 2, 8.58, 27230, 721
3406, 0, 0, 23, 23, 1, 1.10%, 0, 8, 2, 12.79, 27277, 721
3412, 0, 0, 23, 23, 1, 1.10%, 0, 8, 2, 2.74, 27305, 721
3417, 0, 0, 23, 23, 1, 1.10%, 0, 8, 2, 3.43, 27353, 721
3422, 0, 0, 23, 23, 1, 1.10%, 0, 8, 2, 4.13, 27375, 721
3427, 0, 0, 23, 23, 1, 1.10%, 0, 8, 2, 3.98, 27396, 721
3432, 0, 0, 23, 23, 1, 1.10%, 0, 8, 2, 6.33, 27445, 721
3437, 0, 0, 23, 23, 1, 1.10%, 0, 8, 2, 5.97, 27474, 721
3443, 0, 0, 23, 23, 1, 1.10%, 0, 8, 2, 1.48, 27526, 721
3448, 0, 0, 23, 23, 1, 1.10%, 0, 8, 2, 11.14, 27597, 721
3454, 0, 0, 23, 23, 1, 1.10%, 0, 8, 2, 10.24, 27646, 721
3459, 0, 0, 23, 23, 1, 1.10%, 0, 8, 2, 1.70, 27676, 721
3464, 0, 0, 23, 23, 1, 1.10%, 0, 8, 2, 7.84, 27703, 721
3469, 0, 0, 23, 23, 1, 1.10%, 0, 8, 2, 8.78, 27757, 721
3474, 0, 0, 23, 23, 1, 1.10%, 0, 8, 2, 8.37, 27798, 721
3479, 0, 0, 23, 23, 1, 1.10%, 0, 8, 2, 2.61, 27842, 721
3485, 0, 0, 23, 23, 1, 1.10%, 0, 8, 2, 3.18, 27862, 721
3490, 0, 0, 23, 23, 1, 1.10%, 0, 8, 2, 4.74, 27948, 721
3496, 0, 0, 23, 23, 1, 1.10%, 0, 8, 2, 8.33, 28022, 721
3502, 0, 0, 23, 23, 1, 1.10%, 0, 8, 2, 8.05, 28064, 721
3507, 0, 0, 23, 23, 1, 1.10%, 0, 8, 2, 8.86, 28117, 721
3512, 0, 0, 23, 23, 1, 1.10%, 0, 8, 2, 19.64, 28174, 721
3518, 0, 0, 23, 23, 1, 1.10%, 0, 8, 2, 27.75, 28217, 721
3523, 0, 0, 23, 23, 1, 1.10%, 0, 8, 2, 1.54, 28242, 721
3529, 0, 0, 23, 23, 1, 1.10%, 0, 8, 2, 3.85, 28289, 721
3534, 0, 0, 23, 23, 1, 1.10%, 0, 8, 2, 18.59, 28355, 721
3540, 0, 0, 23, 23, 1, 1.10%, 0, 8, 2, 7.85, 28402, 721
3545, 0, 0, 23, 23, 1, 1.10%, 0, 8, 2, 6.87, 28430, 721
3551, 0, 0, 23, 23, 1, 1.10%, 0, 8, 2, 1.45, 28474, 721
3556, 0, 0, 23, 23, 1, 1.10%, 0, 8, 2, 1.81, 28510, 721
3562, 0, 0, 23, 23, 1, 1.10%, 0, 8, 2, 13.48, 28575, 721
3567, 0, 0, 23, 23, 1, 1.10%, 0, 8, 2, 0.85, 28609, 721
3572, 0, 0, 23, 23, 1, 1.10%, 0, 8, 2, 4.93, 28633, 721
3578, 0, 0, 23, 23, 1, 1.10%, 0, 8, 2, 4.03, 28648, 721
3583, 0, 0, 23, 23, 1, 1.10%, 0, 8, 2, 24.31, 28691, 721
3588, 0, 0, 23, 23, 1, 1.10%, 0, 8, 2, 6.20, 28731, 721
3593, 0, 0, 23, 23, 1, 1.10%, 0, 8, 2, 5.50, 28801, 721
3599, 0, 0, 23, 23, 1, 1.10%, 0, 8, 2, 7.88, 28867, 721
3604, 0, 0, 23, 23, 1, 1.10%, 0, 8, 2, 9.29, 28927, 721
3610, 0, 0, 23, 23, 1, 1.10%, 0, 8, 2, 1.66, 28959, 721
3615, 0, 0, 23, 23, 1, 1.10%, 0, 8, 2, 12.58, 29019, 721
3620, 0, 0, 23, 23, 1, 1.10%, 0, 8, 2, 1.97, 29055, 721
3626, 0, 0, 23, 23, 1, 1.10%, 0, 8, 2, 1.72, 29097, 721
3631, 0, 0, 23, 23, 1, 1.10%, 0, 8, 2, 3.94, 29132, 721
3637, 0, 0, 23, 23, 1, 1.10%, 0, 8, 2, 4.41, 29161, 721
3642, 0, 0, 23, 23, 1, 1.10%, 0, 8, 2, 4.92, 29192, 721
3647, 0, 0, 23, 23, 1, 1.10%, 0, 8, 2, 8.21, 29260, 721
3653, 0, 0, 23, 23, 1, 1.10%, 0, 8, 2, 27.42, 29362, 721
3658, 0, 0, 23, 23, 1, 1.10%, 0, 8, 2, 12.09, 29390, 721
3664, 0, 0, 23, 23, 1, 1.10%, 0, 8, 2, 18.28, 29442, 721
3669, 0, 0, 23, 23, 1, 1.10%, 0, 8, 2, 7.91, 29475, 721
