# relative_time, cycles_done, cur_item, corpus_count, pending_total, pending_favs, map_size, saved_crashes, saved_hangs, max_depth, execs_per_sec, total_execs, edges_found
61, 0, 4, 165, 163, 2, 1.78%, 0, 0, 2, 211.14, 22145, 1169
66, 0, 4, 172, 170, 2, 1.79%, 0, 0, 2, 210.91, 23241, 1171
71, 0, 4, 174, 172, 2, 1.79%, 0, 0, 2, 206.60, 24281, 1171
76, 0, 4, 178, 176, 2, 1.79%, 0, 0, 2, 210.63, 25333, 1172
81, 0, 4, 182, 180, 2, 1.79%, 0, 0, 2, 206.68, 26389, 1176
86, 0, 4, 187, 185, 2, 1.80%, 0, 0, 2, 195.24, 27382, 1179
92, 0, 4, 187, 185, 2, 1.80%, 0, 0, 2, 203.64, 28425, 1179
97, 0, 4, 188, 186, 2, 1.81%, 0, 0, 2, 198.03, 29415, 1189
102, 0, 4, 192, 190, 2, 1.83%, 0, 0, 2, 198.39, 30407, 1197
107, 0, 4, 195, 193, 2, 1.83%, 0, 0, 2, 194.87, 31409, 1201
112, 0, 4, 198, 196, 2, 1.84%, 0, 0, 2, 204.49, 32449, 1204
117, 0, 4, 199, 197, 2, 1.85%, 0, 0, 2, 184.79, 33352, 1210
122, 0, 4, 200, 198, 2, 1.85%, 0, 0, 2, 181.46, 34281, 1210
127, 0, 4, 204, 202, 2, 1.85%, 0, 0, 2, 145.24, 35017, 1212
132, 0, 4, 207, 205, 2, 1.85%, 0, 0, 2, 120.65, 35599, 1215
137, 0, 4, 207, 205, 2, 1.85%, 0, 0, 2, 120.53, 36209, 1215
142, 0, 4, 208, 206, 2, 1.85%, 0, 0, 2, 115.80, 36809, 1215
147, 0, 4, 211, 209, 2, 1.86%, 0, 0, 2, 116.55, 37417, 1217
152, 0, 4, 212, 210, 2, 1.86%, 0, 0, 2, 117.47, 38001, 1222
158, 0, 4, 214, 212, 2, 1.86%, 0, 0, 2, 109.06, 38557, 1222
163, 0, 4, 214, 212, 2, 1.86%, 0, 0, 2, 98.23, 39043, 1222
168, 0, 4, 214, 212, 2, 1.86%, 0, 0, 2, 101.63, 39555, 1222
173, 0, 4, 218, 216, 2, 1.86%, 0, 0, 2, 92.34, 40022, 1222
178, 0, 4, 219, 217, 2, 1.86%, 0, 0, 2, 97.00, 40505, 1222
183, 0, 4, 219, 217, 2, 1.86%, 0, 0, 2, 102.93, 41011, 1222
188, 0, 4, 220, 218, 2, 1.87%, 0, 0, 2, 96.12, 41495, 1224
193, 0, 4, 221, 219, 2, 1.87%, 0, 0, 2, 97.81, 41997, 1224
198, 0, 4, 223, 221, 2, 1.87%, 0, 0, 2, 90.10, 42464, 1224
203, 0, 4, 223, 221, 2, 1.87%, 0, 0, 2, 97.38, 42960, 1224
209, 0, 4, 223, 221, 2, 1.87%, 0, 0, 2, 98.84, 43472, 1224
214, 0, 4, 223, 221, 2, 1.87%, 0, 0, 2, 95.89, 43950, 1224
219, 0, 4, 223, 221, 2, 1.87%, 0, 0, 2, 99.88, 44455, 1224
224, 0, 4, 223, 221, 2, 1.87%, 0, 0, 2, 98.48, 44935, 1224
229, 0, 4, 223, 221, 2, 1.87%, 0, 0, 2, 104.61, 45459, 1224
234, 0, 4, 224, 222, 2, 1.87%, 0, 0, 2, 103.08, 45977, 1226
239, 0, 4, 224, 222, 2, 1.87%, 0, 0, 2, 98.19, 46473, 1226
244, 0, 4, 224, 222, 2, 1.87%, 0, 0, 2, 99.00, 46971, 1226
249, 0, 4, 224, 222, 2, 1.87%, 0, 0, 2, 96.40, 47468, 1226
254, 0, 4, 226, 224, 2, 1.87%, 0, 0, 2, 101.23, 47985, 1226
260, 0, 4, 227, 225, 2, 1.87%, 0, 0, 2, 101.45, 48509, 1226
265, 0, 4, 227, 225, 2, 1.87%, 0, 0, 2, 101.36, 49023, 1226
270, 0, 4, 227, 225, 2, 1.87%, 0, 0, 2, 99.69, 49517, 1226
275, 0, 4, 227, 225, 2, 1.87%, 0, 0, 2, 99.18, 50023, 1226
280, 0, 4, 228, 226, 2, 1.87%, 0, 0, 2, 98.80, 50525, 1226
285, 0, 4, 228, 226, 2, 1.87%, 0, 0, 2, 98.90, 51019, 1226
290, 0, 4, 231, 229, 2, 1.87%, 0, 0, 2, 103.17, 51570, 1226
295, 0, 4, 231, 229, 2, 1.87%, 0, 0, 2, 104.13, 52093, 1226
301, 0, 4, 232, 230, 2, 1.87%, 0, 0, 2, 156.09, 52961, 1226
306, 0, 4, 232, 230, 2, 1.87%, 0, 0, 2, 165.48, 53858, 1226
311, 0, 169, 244, 241, 58, 1.89%, 0, 0, 3, 385.87, 56042, 1240
316, 0, 169, 255, 252, 58, 1.89%, 0, 0, 3, 440.79, 58379, 1240
321, 0, 169, 262, 259, 58, 1.89%, 0, 0, 3, 465.48, 60764, 1240
326, 0, 169, 271, 268, 58, 1.89%, 0, 0, 3, 441.60, 63011, 1241
331, 0, 169, 274, 271, 58, 1.89%, 0, 0, 3, 434.98, 65147, 1241
337, 0, 169, 274, 271, 58, 1.89%, 0, 0, 3, 447.24, 67467, 1241
342, 0, 169, 274, 271, 58, 1.89%, 0, 0, 3, 447.17, 69747, 1241
347, 0, 169, 274, 271, 58, 1.89%, 0, 0, 3, 469.52, 72110, 1241
352, 0, 169, 275, 272, 58, 1.89%, 0, 0, 3, 483.28, 74638, 1241
357, 0, 169, 275, 272, 58, 1.89%, 0, 0, 3, 371.91, 76421, 1241
362, 0, 269, 282, 278, 54, 1.89%, 0, 0, 4, 464.92, 78905, 1241
367, 0, 269, 283, 279, 54, 1.89%, 0, 0, 4, 476.61, 81406, 1241
372, 0, 269, 284, 280, 54, 1.89%, 0, 0, 4, 471.77, 83781, 1241
377, 0, 269, 285, 281, 54, 1.89%, 0, 0, 4, 478.79, 86183, 1241
382, 0, 269, 285, 281, 54, 1.89%, 0, 0, 4, 481.32, 88613, 1241
387, 0, 269, 286, 282, 54, 1.89%, 0, 0, 4, 471.71, 90952, 1241
392, 0, 269, 286, 282, 54, 1.89%, 0, 0, 4, 428.35, 93059, 1241
397, 0, 269, 286, 282, 54, 1.89%, 0, 0, 4, 444.00, 95259, 1241
403, 0, 269, 286, 282, 54, 1.89%, 0, 0, 4, 466.65, 97643, 1241
408, 0, 269, 286, 282, 54, 1.89%, 0, 0, 4, 469.72, 100019, 1241
413, 0, 269, 286, 282, 54, 1.89%, 0, 0, 4, 461.89, 102359, 1241
418, 0, 269, 286, 282, 54, 1.89%, 0, 0, 4, 452.65, 104690, 1241
423, 0, 269, 286, 282, 54, 1.89%, 0, 0, 4, 466.45, 107048, 1241
428, 0, 269, 286, 282, 54, 1.89%, 0, 0, 4, 464.61, 109397, 1241
433, 0, 269, 290, 286, 54, 1.89%, 0, 0, 4, 448.62, 111615, 1241
438, 0, 269, 290, 286, 54, 1.89%, 0, 0, 4, 420.83, 113747, 1241
443, 0, 244, 290, 285, 53, 1.89%, 0, 0, 4, 440.25, 116011, 1241
448, 0, 244, 290, 285, 53, 1.89%, 0, 0, 4, 444.29, 118323, 1241
453, 0, 164, 291, 285, 52, 1.90%, 0, 0, 4, 443.15, 120637, 1244
458, 0, 164, 296, 290, 52, 1.91%, 0, 0, 4, 445.40, 122933, 1251
464, 0, 164, 300, 294, 52, 1.92%, 0, 0, 4, 429.73, 125085, 1258
469, 0, 164, 305, 299, 52, 1.98%, 0, 0, 4, 425.37, 127228, 1299
474, 0, 164, 305, 299, 52, 1.98%, 0, 0, 4, 428.43, 129413, 1299
479, 0, 164, 309, 303, 52, 2.03%, 0, 0, 4, 436.41, 131525, 1328
484, 0, 164, 309, 303, 52, 2.03%, 0, 0, 4, 431.20, 133701, 1328
489, 0, 164, 309, 303, 52, 2.03%, 0, 0, 4, 443.22, 135941, 1328
494, 0, 164, 309, 303, 52, 2.03%, 0, 0, 4, 438.80, 138141, 1328
499, 0, 164, 310, 304, 52, 2.03%, 0, 0, 4, 436.07, 140333, 1328
504, 0, 164, 312, 306, 52, 2.03%, 0, 0, 4, 441.77, 142565, 1329
509, 0, 164, 312, 306, 52, 2.03%, 0, 0, 4, 453.96, 144832, 1329
514, 0, 164, 312, 306, 52, 2.03%, 0, 0, 4, 432.13, 146973, 1329
519, 0, 164, 312, 306, 52, 2.03%, 0, 0, 4, 438.08, 149277, 1329
524, 0, 164, 312, 306, 52, 2.03%, 0, 0, 4, 438.96, 151493, 1329
529, 0, 164, 312, 306, 52, 2.03%, 0, 0, 4, 441.92, 153653, 1329
534, 0, 164, 317, 311, 52, 2.03%, 0, 0, 4, 454.15, 155960, 1329
539, 0, 164, 320, 314, 52, 2.03%, 0, 0, 4, 449.00, 158225, 1329
544, 0, 164, 322, 316, 52, 2.03%, 0, 0, 4, 431.60, 160389, 1329
549, 0, 164, 323, 317, 52, 2.03%, 0, 0, 4, 433.56, 162597, 1329
554, 0, 164, 326, 320, 52, 2.03%, 0, 0, 4, 421.45, 164693, 1329
559, 0, 164, 328, 322, 52, 2.03%, 0, 0, 4, 427.70, 166869, 1329
564, 0, 164, 328, 322, 52, 2.03%, 0, 0, 4, 428.44, 169029, 1329
569, 0, 164, 329, 323, 52, 2.03%, 0, 0, 4, 384.05, 171027, 1329
575, 0, 164, 329, 323, 52, 2.03%, 0, 0, 4, 338.88, 172673, 1329
580, 0, 316, 330, 323, 57, 2.03%, 0, 0, 4, 317.01, 174290, 1329
585, 0, 316, 331, 324, 57, 2.03%, 0, 0, 4, 376.35, 176181, 1329
590, 0, 316, 333, 326, 57, 2.04%, 0, 0, 4, 412.55, 178382, 1338
595, 0, 316, 333, 326, 57, 2.04%, 0, 0, 4, 346.49, 180110, 1338
600, 0, 316, 333, 326, 57, 2.04%, 0, 0, 4, 324.80, 181714, 1338
605, 0, 316, 334, 327, 57, 2.04%, 0, 0, 4, 338.46, 183366, 1338
610, 0, 316, 334, 327, 57, 2.04%, 0, 0, 4, 401.84, 185473, 1338
615, 0, 316, 336, 329, 57, 2.04%, 0, 0, 4, 420.43, 187606, 1338
620, 0, 316, 337, 330, 57, 2.04%, 0, 0, 4, 441.21, 189894, 1338
625, 0, 316, 337, 330, 57, 2.04%, 0, 0, 4, 449.12, 192174, 1338
630, 0, 316, 337, 330, 57, 2.04%, 0, 0, 4, 420.79, 194246, 1338
635, 0, 316, 338, 331, 57, 2.04%, 0, 0, 4, 404.46, 196326, 1338
640, 0, 316, 338, 331, 57, 2.04%, 0, 0, 4, 405.47, 198334, 1338
645, 0, 316, 339, 332, 57, 2.04%, 0, 0, 4, 416.63, 200454, 1338
650, 0, 316, 339, 332, 57, 2.04%, 0, 0, 4, 423.27, 202590, 1338
655, 0, 316, 339, 332, 57, 2.04%, 0, 0, 4, 431.34, 204790, 1338
661, 0, 316, 339, 332, 57, 2.04%, 0, 0, 4, 411.29, 206926, 1338
666, 0, 316, 339, 332, 57, 2.04%, 0, 0, 4, 433.91, 209134, 1338
671, 0, 316, 339, 332, 57, 2.04%, 0, 0, 4, 454.21, 211512, 1338
676, 0, 192, 341, 333, 57, 2.05%, 0, 0, 4, 482.09, 213947, 1343
681, 0, 192, 341, 333, 57, 2.05%, 0, 0, 4, 527.46, 216604, 1343
686, 0, 192, 341, 333, 57, 2.05%, 0, 0, 4, 569.81, 219606, 1343
691, 0, 187, 341, 332, 56, 2.05%, 0, 0, 4, 390.61, 220689, 1343
696, 0, 187, 342, 333, 56, 2.05%, 0, 0, 4, 215.94, 221475, 1343
701, 0, 187, 342, 333, 56, 2.05%, 0, 0, 4, 230.06, 222611, 1343
706, 0, 256, 342, 332, 55, 2.05%, 0, 0, 4, 455.69, 224828, 1343
711, 0, 340, 342, 331, 54, 2.05%, 0, 0, 4, 566.08, 227804, 1343
717, 0, 265, 344, 332, 53, 2.05%, 0, 0, 4, 584.07, 230860, 1343
722, 0, 265, 344, 332, 53, 2.05%, 0, 0, 4, 581.68, 233759, 1343
727, 0, 176, 344, 331, 52, 2.05%, 0, 0, 4, 553.24, 236520, 1343
732, 0, 176, 344, 331, 52, 2.05%, 0, 0, 4, 566.19, 239422, 1343
737, 0, 322, 346, 332, 51, 2.05%, 0, 0, 4, 550.31, 242201, 1343
742, 0, 322, 347, 333, 51, 2.05%, 0, 0, 4, 553.33, 245006, 1343
747, 0, 322, 348, 334, 51, 2.05%, 0, 0, 4, 536.15, 247775, 1343
752, 0, 322, 349, 335, 51, 2.05%, 0, 0, 4, 543.58, 250583, 1343
757, 0, 322, 350, 336, 51, 2.05%, 0, 0, 4, 586.55, 253698, 1343
763, 0, 322, 353, 339, 51, 2.05%, 0, 0, 4, 595.27, 256747, 1344
768, 0, 322, 355, 341, 51, 2.05%, 0, 0, 4, 622.28, 259887, 1344
773, 0, 45, 355, 340, 51, 2.05%, 0, 0, 4, 146.49, 261114, 1344
778, 0, 45, 355, 340, 51, 2.05%, 0, 0, 4, 204.99, 262076, 1344
783, 0, 129, 355, 339, 50, 2.05%, 0, 0, 4, 302.42, 263430, 1344
788, 0, 129, 355, 339, 50, 2.05%, 0, 0, 4, 549.24, 266577, 1344
793, 0, 129, 359, 343, 50, 2.05%, 0, 0, 4, 571.16, 269537, 1344
798, 0, 233, 359, 342, 49, 2.05%, 0, 0, 4, 610.57, 272619, 1344
803, 0, 233, 360, 343, 49, 2.05%, 0, 0, 4, 116.19, 274053, 1344
808, 0, 233, 360, 343, 49, 2.05%, 0, 0, 4, 221.55, 275191, 1344
813, 0, 233, 360, 343, 49, 2.05%, 0, 0, 4, 675.00, 276048, 1344
818, 0, 195, 361, 343, 49, 2.06%, 0, 0, 4, 402.91, 277977, 1347
823, 0, 195, 362, 344, 49, 2.06%, 0, 0, 4, 500.66, 280300, 1347
828, 0, 195, 365, 347, 49, 2.06%, 0, 0, 4, 291.94, 281837, 1349
834, 0, 195, 365, 347, 49, 2.06%, 0, 0, 4, 171.85, 282515, 1349
839, 0, 195, 365, 347, 49, 2.06%, 0, 0, 4, 190.62, 283544, 1349
844, 0, 195, 365, 347, 49, 2.06%, 0, 0, 4, 192.28, 284564, 1349
849, 0, 283, 365, 346, 50, 2.06%, 0, 0, 4, 469.45, 286976, 1349
854, 0, 283, 365, 346, 50, 2.06%, 0, 0, 4, 634.76, 290522, 1349
859, 0, 363, 366, 346, 49, 2.06%, 0, 0, 4, 243.20, 292120, 1349
865, 0, 363, 367, 347, 49, 2.06%, 0, 0, 4, 255.67, 293439, 1349
870, 0, 193, 367, 346, 47, 2.06%, 0, 0, 4, 533.63, 296380, 1349
875, 0, 359, 368, 346, 46, 2.06%, 0, 0, 5, 644.84, 299858, 1349
880, 0, 359, 370, 348, 46, 2.06%, 0, 0, 5, 666.33, 303283, 1350
885, 0, 359, 370, 348, 46, 2.06%, 0, 0, 5, 660.22, 306585, 1350
890, 0, 359, 370, 348, 46, 2.06%, 0, 0, 5, 655.01, 309967, 1350
895, 0, 359, 370, 348, 46, 2.06%, 0, 0, 5, 660.90, 313360, 1350
900, 0, 359, 370, 348, 46, 2.06%, 0, 0, 5, 625.70, 316550, 1350
905, 0, 359, 370, 348, 46, 2.06%, 0, 0, 5, 554.90, 319485, 1350
910, 0, 359, 372, 350, 46, 2.06%, 0, 0, 5, 474.49, 321327, 1350
915, 0, 359, 373, 351, 46, 2.06%, 0, 0, 5, 585.84, 324397, 1350
921, 0, 359, 373, 351, 46, 2.06%, 0, 0, 5, 117.04, 326358, 1350
926, 0, 369, 374, 351, 46, 2.06%, 0, 0, 6, 662.10, 329027, 1351
931, 0, 369, 374, 351, 46, 2.06%, 0, 0, 6, 663.71, 332343, 1351
936, 0, 369, 376, 353, 46, 2.06%, 0, 0, 6, 637.10, 335577, 1351
941, 0, 369, 376, 353, 46, 2.06%, 0, 0, 6, 643.79, 338769, 1351
946, 0, 369, 377, 354, 46, 2.06%, 0, 0, 6, 640.11, 342013, 1351
951, 0, 373, 378, 354, 46, 2.06%, 0, 0, 7, 670.17, 345426, 1351
956, 0, 373, 378, 354, 46, 2.06%, 0, 0, 7, 665.36, 348784, 1351
961, 0, 373, 378, 354, 46, 2.06%, 0, 0, 7, 654.56, 352071, 1351
966, 0, 373, 378, 354, 46, 2.06%, 0, 0, 7, 645.53, 355262, 1351
971, 0, 123, 379, 354, 46, 2.06%, 0, 0, 7, 630.78, 358394, 1351
976, 0, 123, 380, 355, 46, 2.06%, 0, 0, 7, 640.64, 361633, 1351
981, 0, 291, 380, 354, 45, 2.06%, 0, 0, 7, 647.43, 364867, 1351
986, 0, 189, 380, 353, 44, 2.06%, 0, 0, 7, 615.13, 367963, 1351
991, 0, 367, 380, 352, 43, 2.06%, 0, 0, 7, 623.15, 371086, 1351
996, 0, 367, 380, 352, 43, 2.06%, 0, 0, 7, 637.00, 374350, 1351
1001, 0, 367, 380, 352, 43, 2.06%, 0, 0, 7, 626.40, 377482, 1351
1007, 0, 269, 382, 353, 41, 2.06%, 0, 0, 7, 642.09, 380775, 1351
1012, 0, 299, 382, 353, 41, 2.06%, 0, 0, 7, 572.60, 383487, 1351
1017, 0, 299, 383, 354, 41, 2.06%, 0, 0, 7, 613.22, 386644, 1351
1022, 0, 373, 383, 353, 40, 2.06%, 0, 0, 7, 655.27, 389997, 1351
1027, 0, 373, 384, 354, 40, 2.06%, 0, 0, 7, 654.43, 393277, 1351
1032, 0, 373, 385, 355, 40, 2.06%, 0, 0, 7, 661.67, 396639, 1352
1037, 0, 373, 385, 355, 40, 2.06%, 0, 0, 7, 651.54, 399928, 1352
1042, 0, 373, 386, 356, 40, 2.06%, 0, 0, 7, 665.61, 403342, 1352
1047, 0, 373, 386, 356, 40, 2.06%, 0, 0, 7, 623.29, 406501, 1352
1052, 0, 373, 386, 356, 40, 2.06%, 0, 0, 7, 590.60, 409490, 1352
1057, 0, 373, 386, 356, 40, 2.06%, 0, 0, 7, 596.41, 412493, 1352
1062, 0, 373, 386, 356, 40, 2.06%, 0, 0, 7, 598.40, 415595, 1352
1068, 0, 373, 386, 356, 40, 2.06%, 0, 0, 7, 622.09, 418800, 1352
1073, 0, 373, 386, 356, 40, 2.06%, 0, 0, 7, 605.65, 421938, 1352
1078, 0, 373, 386, 356, 40, 2.06%, 0, 0, 7, 611.46, 425022, 1352
1083, 0, 373, 386, 356, 40, 2.06%, 0, 0, 7, 613.58, 428160, 1352
1088, 0, 373, 386, 356, 40, 2.06%, 0, 0, 7, 655.39, 431530, 1352
1093, 0, 373, 386, 356, 40, 2.06%, 0, 0, 7, 390.33, 433430, 1352
1098, 0, 373, 386, 356, 40, 2.06%, 0, 0, 7, 251.29, 434557, 1352
1103, 0, 373, 386, 356, 40, 2.06%, 0, 0, 7, 512.40, 437618, 1352
1108, 0, 373, 386, 356, 40, 2.06%, 0, 0, 7, 591.34, 440682, 1352
1113, 0, 373, 388, 358, 40, 2.06%, 0, 0, 7, 657.60, 444096, 1352
1119, 0, 373, 388, 358, 40, 2.06%, 0, 0, 7, 644.07, 447376, 1352
1124, 0, 373, 388, 358, 40, 2.06%, 0, 0, 7, 648.15, 450629, 1352
1129, 0, 93, 388, 358, 41, 2.06%, 0, 0, 7, 648.60, 453904, 1352
1134, 0, 191, 388, 357, 40, 2.06%, 0, 0, 7, 639.95, 457246, 1352
1139, 0, 191, 392, 361, 40, 2.08%, 0, 0, 7, 629.94, 460394, 1361
1144, 0, 191, 393, 362, 40, 2.08%, 0, 0, 7, 622.84, 463522, 1362
1149, 0, 191, 393, 362, 40, 2.08%, 0, 0, 7, 617.82, 466618, 1362
1154, 0, 191, 393, 362, 40, 2.08%, 0, 0, 7, 614.42, 469738, 1362
1159, 0, 191, 393, 362, 40, 2.08%, 0, 0, 7, 618.40, 472870, 1362
1164, 0, 191, 394, 363, 40, 2.08%, 0, 0, 7, 614.09, 476002, 1362
1169, 0, 191, 394, 363, 40, 2.08%, 0, 0, 7, 605.69, 479050, 1362
1174, 0, 191, 394, 363, 40, 2.08%, 0, 0, 7, 609.37, 482146, 1362
1179, 0, 191, 394, 363, 40, 2.08%, 0, 0, 7, 610.14, 485290, 1362
1185, 0, 191, 394, 363, 40, 2.08%, 0, 0, 7, 592.95, 488324, 1362
1190, 0, 191, 394, 363, 40, 2.08%, 0, 0, 7, 603.53, 491318, 1362
1195, 0, 235, 394, 362, 42, 2.08%, 0, 0, 7, 636.42, 494565, 1362
1200, 0, 293, 394, 361, 41, 2.08%, 0, 0, 7, 635.58, 497813, 1362
1205, 0, 293, 396, 363, 41, 2.08%, 0, 0, 7, 617.28, 500913, 1362
1210, 0, 265, 396, 362, 41, 2.08%, 0, 0, 7, 644.81, 504184, 1362
1215, 0, 296, 398, 364, 41, 2.08%, 0, 0, 7, 636.52, 507365, 1362
1220, 0, 296, 398, 364, 41, 2.08%, 0, 0, 7, 639.53, 510569, 1362
1225, 0, 397, 402, 367, 40, 2.08%, 0, 0, 7, 620.90, 513729, 1362
1230, 0, 397, 404, 369, 40, 2.08%, 0, 0, 7, 616.96, 516877, 1362
1235, 0, 397, 404, 369, 40, 2.08%, 0, 0, 7, 615.61, 519997, 1362
1240, 0, 397, 404, 369, 40, 2.08%, 0, 0, 7, 618.29, 523165, 1362
1245, 0, 397, 404, 369, 40, 2.08%, 0, 0, 7, 605.85, 526213, 1362
1250, 0, 397, 404, 369, 40, 2.08%, 0, 0, 7, 590.49, 529175, 1362
1255, 0, 397, 405, 370, 40, 2.08%, 0, 0, 7, 618.85, 532393, 1362
1261, 0, 397, 405, 370, 40, 2.08%, 0, 0, 7, 629.08, 535681, 1362
1266, 0, 397, 406, 371, 40, 2.08%, 0, 0, 7, 630.31, 538761, 1362
1271, 0, 397, 406, 371, 40, 2.08%, 0, 0, 7, 640.69, 542061, 1362
1276, 0, 397, 407, 372, 40, 2.08%, 0, 0, 7, 649.49, 545397, 1362
1281, 0, 397, 407, 372, 40, 2.08%, 0, 0, 7, 673.34, 548828, 1362
1286, 0, 397, 407, 372, 40, 2.08%, 0, 0, 7, 681.67, 552390, 1362
1291, 0, 397, 407, 372, 40, 2.08%, 0, 0, 7, 681.78, 555913, 1362
1296, 0, 397, 407, 372, 40, 2.08%, 0, 0, 7, 685.29, 559345, 1362
1301, 0, 397, 407, 372, 40, 2.08%, 0, 0, 7, 660.90, 562693, 1362
1306, 0, 397, 407, 372, 40, 2.08%, 0, 0, 7, 642.12, 565925, 1362
1312, 0, 397, 407, 372, 40, 2.08%, 0, 0, 7, 639.26, 569237, 1362
1317, 0, 401, 407, 371, 40, 2.08%, 0, 0, 7, 598.52, 572297, 1362
1322, 0, 401, 407, 371, 40, 2.08%, 0, 0, 7, 612.30, 575357, 1362
1327, 0, 380, 407, 370, 39, 2.08%, 0, 0, 7, 625.59, 578556, 1362
1332, 0, 380, 409, 372, 39, 2.08%, 0, 0, 7, 613.33, 581692, 1363
1337, 0, 380, 410, 373, 39, 2.08%, 0, 0, 7, 613.39, 584740, 1363
1342, 0, 380, 410, 373, 39, 2.08%, 0, 0, 7, 611.39, 587824, 1363
1347, 0, 380, 410, 373, 39, 2.08%, 0, 0, 7, 612.81, 590904, 1363
1352, 0, 380, 410, 373, 39, 2.08%, 0, 0, 7, 602.50, 593928, 1363
1357, 0, 380, 410, 373, 39, 2.08%, 0, 0, 7, 602.98, 596940, 1363
1362, 0, 380, 410, 373, 39, 2.08%, 0, 0, 7, 621.76, 600120, 1363
1367, 0, 380, 411, 374, 39, 2.08%, 0, 0, 7, 616.70, 603268, 1363
1372, 0, 380, 411, 374, 39, 2.08%, 0, 0, 7, 614.74, 606376, 1363
1378, 0, 403, 414, 376, 39, 2.08%, 0, 0, 7, 615.25, 609516, 1363
1383, 0, 403, 415, 377, 39, 2.08%, 0, 0, 7, 584.95, 612415, 1363
1388, 0, 403, 415, 377, 39, 2.08%, 0, 0, 7, 602.74, 615440, 1363
1393, 0, 403, 415, 377, 39, 2.08%, 0, 0, 7, 607.68, 618524, 1363
1398, 0, 403, 415, 377, 39, 2.08%, 0, 0, 7, 608.80, 621632, 1363
1403, 0, 403, 415, 377, 39, 2.08%, 0, 0, 7, 613.98, 624744, 1363
1408, 0, 403, 415, 377, 39, 2.08%, 0, 0, 7, 631.15, 628032, 1363
1413, 0, 403, 417, 379, 39, 2.10%, 0, 0, 7, 620.55, 631132, 1375
1418, 0, 403, 417, 379, 39, 2.10%, 0, 0, 7, 633.07, 634432, 1375
1423, 0, 403, 417, 379, 39, 2.10%, 0, 0, 7, 629.19, 637576, 1375
1428, 0, 403, 417, 379, 39, 2.10%, 0, 0, 7, 628.19, 640724, 1375
1433, 0, 403, 417, 379, 39, 2.10%, 0, 0, 7, 609.21, 643772, 1375
1438, 0, 403, 417, 379, 39, 2.10%, 0, 0, 7, 607.75, 646856, 1375
1444, 0, 403, 417, 379, 39, 2.10%, 0, 0, 7, 599.87, 649940, 1375
1449, 0, 403, 417, 379, 39, 2.10%, 0, 0, 7, 570.44, 652767, 1375
1454, 0, 403, 417, 379, 39, 2.10%, 0, 0, 7, 589.86, 655858, 1375
1459, 0, 403, 417, 379, 39, 2.10%, 0, 0, 7, 605.33, 658960, 1375
1464, 0, 403, 419, 381, 39, 2.10%, 0, 0, 7, 612.23, 662084, 1375
1469, 0, 403, 419, 381, 39, 2.10%, 0, 0, 7, 615.95, 665156, 1375
1474, 0, 331, 420, 381, 40, 2.10%, 0, 0, 7, 608.52, 668222, 1375
1479, 0, 331, 420, 381, 40, 2.10%, 0, 0, 7, 604.93, 671282, 1375
1484, 0, 331, 420, 381, 40, 2.10%, 0, 0, 7, 619.66, 674402, 1375
1489, 0, 392, 420, 380, 41, 2.10%, 0, 0, 7, 622.68, 677583, 1375
1494, 0, 392, 424, 384, 41, 2.10%, 0, 0, 7, 613.77, 680659, 1375
1499, 0, 392, 426, 386, 41, 2.10%, 0, 0, 7, 616.60, 683795, 1376
1504, 0, 392, 427, 387, 41, 2.10%, 0, 0, 7, 624.44, 686947, 1376
1509, 0, 392, 427, 387, 41, 2.10%, 0, 0, 7, 618.64, 690067, 1376
1514, 0, 392, 427, 387, 41, 2.10%, 0, 0, 7, 602.20, 693067, 1376
1519, 0, 392, 427, 387, 41, 2.10%, 0, 0, 7, 601.11, 696203, 1376
1525, 0, 392, 427, 387, 41, 2.10%, 0, 0, 7, 596.26, 699286, 1376
1530, 0, 392, 428, 388, 41, 2.10%, 0, 0, 7, 591.19, 702319, 1376
1535, 0, 392, 428, 388, 41, 2.10%, 0, 0, 7, 583.11, 705333, 1376
1540, 0, 392, 428, 388, 41, 2.10%, 0, 0, 7, 578.64, 708226, 1376
1545, 0, 392, 429, 389, 41, 2.10%, 0, 0, 7, 580.27, 711146, 1376
1550, 0, 392, 429, 389, 41, 2.10%, 0, 0, 7, 597.51, 714282, 1376
1555, 0, 417, 429, 387, 41, 2.10%, 0, 0, 7, 403.92, 716819, 1376
1560, 0, 417, 429, 387, 41, 2.10%, 0, 0, 7, 580.89, 720058, 1376
1566, 0, 396, 429, 386, 40, 2.10%, 0, 0, 7, 589.97, 723213, 1376
1571, 0, 396, 429, 386, 40, 2.10%, 0, 0, 7, 592.46, 726377, 1376
1576, 0, 396, 429, 386, 40, 2.10%, 0, 0, 7, 594.98, 729492, 1376
1581, 0, 396, 429, 386, 40, 2.10%, 0, 0, 7, 577.59, 732502, 1376
1586, 0, 301, 429, 385, 39, 2.10%, 0, 0, 7, 618.48, 735783, 1376
1592, 0, 119, 429, 384, 38, 2.10%, 0, 0, 7, 611.62, 738979, 1376
1597, 0, 119, 429, 384, 38, 2.10%, 0, 0, 7, 625.93, 742159, 1376
1602, 0, 422, 429, 383, 37, 2.10%, 0, 0, 7, 609.14, 745166, 1376
1607, 0, 422, 429, 383, 37, 2.10%, 0, 0, 7, 621.54, 748270, 1376
1612, 0, 422, 429, 383, 37, 2.10%, 0, 0, 7, 614.55, 751402, 1376
1617, 0, 377, 429, 382, 35, 2.10%, 0, 0, 7, 627.77, 754629, 1376
1622, 0, 377, 429, 382, 35, 2.10%, 0, 0, 7, 632.16, 757821, 1376
1627, 0, 377, 429, 382, 35, 2.10%, 0, 0, 7, 631.74, 761025, 1376
1632, 0, 373, 429, 381, 34, 2.10%, 0, 0, 7, 650.63, 764284, 1376
1637, 0, 373, 429, 381, 34, 2.10%, 0, 0, 7, 597.87, 767189, 1376
1642, 0, 373, 429, 381, 34, 2.10%, 0, 0, 7, 624.99, 770358, 1376
1647, 0, 373, 429, 381, 34, 2.10%, 0, 0, 7, 605.06, 773430, 1376
1652, 0, 373, 429, 381, 34, 2.10%, 0, 0, 7, 285.00, 774612, 1376
1657, 0, 273, 429, 381, 34, 2.10%, 0, 0, 7, 578.98, 777915, 1376
1662, 0, 390, 429, 380, 33, 2.10%, 0, 0, 7, 600.10, 780951, 1376
1668, 0, 146, 429, 379, 32, 2.10%, 0, 0, 7, 624.74, 784094, 1376
1673, 0, 146, 429, 379, 32, 2.10%, 0, 0, 7, 629.50, 787254, 1376
1678, 0, 185, 429, 378, 31, 2.10%, 0, 0, 7, 620.70, 790388, 1376
1683, 0, 185, 429, 378, 31, 2.10%, 0, 0, 7, 166.32, 791606, 1376
1688, 0, 185, 429, 378, 31, 2.10%, 0, 0, 7, 170.76, 792548, 1376
1693, 0, 185, 431, 380, 31, 2.10%, 0, 0, 7, 226.25, 793948, 1376
1698, 0, 185, 432, 381, 31, 2.10%, 0, 0, 7, 150.58, 794624, 1376
1703, 0, 185, 432, 381, 31, 2.10%, 0, 0, 7, 136.25, 795294, 1376
1708, 0, 384, 432, 380, 30, 2.10%, 0, 0, 7, 444.79, 797506, 1376
1713, 0, 384, 432, 380, 30, 2.10%, 0, 0, 7, 596.25, 800754, 1376
1719, 0, 320, 432, 379, 29, 2.10%, 0, 0, 7, 640.61, 804058, 1376
1724, 0, 320, 433, 380, 29, 2.10%, 0, 0, 7, 604.70, 807042, 1376
1729, 0, 320, 433, 380, 29, 2.10%, 0, 0, 7, 617.93, 810245, 1376
1734, 0, 345, 433, 379, 28, 2.10%, 0, 0, 7, 604.40, 813268, 1376
1739, 0, 345, 433, 379, 28, 2.10%, 0, 0, 7, 603.39, 816472, 1376
1744, 0, 345, 433, 379, 28, 2.10%, 0, 0, 7, 591.87, 819494, 1376
1749, 0, 345, 433, 379, 28, 2.10%, 0, 0, 7, 605.81, 822664, 1376
1754, 0, 290, 433, 378, 27, 2.10%, 0, 0, 7, 614.08, 825815, 1376
1759, 0, 270, 433, 377, 26, 2.10%, 0, 0, 7, 641.27, 829042, 1376
1764, 0, 352, 433, 376, 25, 2.10%, 0, 0, 7, 605.80, 832024, 1376
1769, 0, 352, 433, 376, 25, 2.10%, 0, 0, 7, 597.85, 835061, 1376
1775, 0, 352, 433, 376, 25, 2.10%, 0, 0, 7, 609.58, 838212, 1376
1780, 0, 404, 433, 375, 24, 2.10%, 0, 0, 7, 605.86, 841278, 1376
1785, 0, 404, 433, 375, 24, 2.10%, 0, 0, 7, 638.40, 844510, 1376
1790, 0, 404, 433, 375, 24, 2.10%, 0, 0, 7, 622.25, 847690, 1376
1795, 0, 404, 434, 376, 24, 2.10%, 0, 0, 7, 605.86, 850858, 1376
1800, 0, 269, 434, 375, 24, 2.10%, 0, 0, 7, 630.76, 854034, 1376
1805, 0, 408, 435, 376, 24, 2.10%, 0, 0, 8, 609.82, 857108, 1376
1810, 0, 408, 435, 376, 24, 2.10%, 0, 0, 8, 625.85, 860244, 1376
1815, 0, 408, 435, 376, 24, 2.10%, 0, 0, 8, 621.00, 863484, 1376
1820, 0, 408, 435, 376, 24, 2.10%, 0, 0, 8, 599.39, 866508, 1376
1825, 0, 89, 435, 375, 23, 2.10%, 0, 0, 8, 603.30, 869580, 1376
1831, 0, 89, 435, 375, 23, 2.10%, 0, 0, 8, 397.51, 870505, 1376
1836, 0, 89, 435, 375, 23, 2.10%, 0, 0, 8, 287.95, 871720, 1376
1841, 0, 419, 436, 375, 22, 2.10%, 0, 0, 8, 528.95, 874741, 1376
1846, 0, 419, 436, 375, 22, 2.10%, 0, 0, 8, 618.60, 877999, 1376
1851, 0, 419, 436, 375, 22, 2.10%, 0, 0, 8, 612.18, 881095, 1376
1856, 0, 419, 436, 375, 22, 2.10%, 0, 0, 8, 636.94, 884323, 1376
1861, 0, 395, 437, 375, 21, 2.10%, 0, 0, 8, 612.74, 887444, 1376
1866, 0, 395, 438, 376, 21, 2.10%, 0, 0, 8, 605.13, 890460, 1376
1871, 0, 395, 438, 376, 21, 2.10%, 0, 0, 8, 599.21, 893461, 1376
1876, 0, 395, 438, 376, 21, 2.10%, 0, 0, 8, 588.06, 896497, 1376
1881, 0, 395, 438, 376, 21, 2.10%, 0, 0, 8, 604.61, 899532, 1376
1886, 0, 395, 438, 376, 21, 2.10%, 0, 0, 8, 614.06, 902672, 1376
1891, 0, 29, 439, 376, 20, 2.10%, 0, 0, 8, 616.48, 905780, 1376
1897, 0, 29, 439, 376, 20, 2.10%, 0, 0, 8, 325.51, 907174, 1376
1902, 0, 29, 439, 376, 20, 2.10%, 0, 0, 8, 259.88, 908603, 1376
1907, 0, 405, 439, 375, 20, 2.10%, 0, 0, 8, 45.17, 908887, 1376
1912, 0, 405, 442, 378, 20, 2.10%, 0, 0, 8, 117.61, 909551, 1377
1917, 0, 405, 444, 380, 20, 2.13%, 0, 0, 8, 148.53, 910345, 1393
1922, 0, 405, 444, 380, 20, 2.13%, 0, 0, 8, 141.02, 911055, 1393
1927, 0, 405, 445, 381, 20, 2.13%, 0, 0, 8, 140.37, 911763, 1393
1932, 0, 405, 445, 381, 20, 2.13%, 0, 0, 8, 147.57, 912515, 1393
1937, 0, 405, 446, 382, 20, 2.14%, 0, 0, 8, 143.86, 913211, 1401
1943, 0, 405, 448, 384, 20, 2.15%, 0, 0, 8, 153.93, 913996, 1406
1948, 0, 405, 448, 384, 20, 2.15%, 0, 0, 8, 152.25, 914770, 1406
1953, 0, 405, 448, 384, 20, 2.15%, 0, 0, 8, 142.29, 915483, 1406
1958, 0, 405, 449, 385, 20, 2.15%, 0, 0, 8, 164.17, 916311, 1406
1963, 0, 405, 450, 386, 20, 2.15%, 0, 0, 8, 151.06, 917050, 1406
1968, 0, 405, 450, 386, 20, 2.15%, 0, 0, 8, 158.51, 917843, 1406
1973, 0, 405, 450, 386, 20, 2.15%, 0, 0, 8, 155.68, 918617, 1406
1979, 0, 405, 450, 386, 20, 2.15%, 0, 0, 8, 161.92, 919421, 1406
1984, 0, 405, 450, 386, 20, 2.15%, 0, 0, 8, 139.54, 920089, 1406
1989, 0, 405, 450, 386, 20, 2.15%, 0, 0, 8, 143.24, 920841, 1406
1994, 0, 405, 450, 386, 20, 2.15%, 0, 0, 8, 89.33, 921277, 1406
1999, 0, 405, 450, 386, 20, 2.15%, 0, 0, 8, 64.08, 921572, 1406
2004, 0, 405, 450, 386, 20, 2.15%, 0, 0, 8, 61.77, 921883, 1406
2009, 0, 405, 450, 386, 20, 2.15%, 0, 0, 8, 57.63, 922169, 1406
2014, 0, 405, 450, 386, 20, 2.15%, 0, 0, 8, 58.66, 922462, 1406
2019, 0, 405, 450, 386, 20, 2.15%, 0, 0, 8, 57.24, 922762, 1406
2025, 0, 405, 450, 386, 20, 2.15%, 0, 0, 8, 57.28, 923051, 1406
2030, 0, 405, 450, 386, 20, 2.15%, 0, 0, 8, 54.93, 923332, 1406
2035, 0, 405, 450, 386, 20, 2.15%, 0, 0, 8, 56.77, 923622, 1406
2040, 0, 405, 450, 386, 20, 2.15%, 0, 0, 8, 57.39, 923922, 1406
2045, 0, 405, 450, 386, 20, 2.15%, 0, 0, 8, 54.84, 924192, 1406
2050, 0, 405, 450, 386, 20, 2.15%, 0, 0, 8, 56.33, 924482, 1406
2055, 0, 405, 450, 386, 20, 2.15%, 0, 0, 8, 59.27, 924796, 1406
2060, 0, 405, 450, 386, 20, 2.15%, 0, 0, 8, 61.07, 925108, 1406
2065, 0, 405, 450, 386, 20, 2.15%, 0, 0, 8, 62.03, 925406, 1406
2070, 0, 405, 450, 386, 20, 2.15%, 0, 0, 8, 57.47, 925691, 1406
2076, 0, 405, 450, 386, 20, 2.15%, 0, 0, 8, 57.10, 925981, 1406
2081, 0, 405, 450, 386, 20, 2.15%, 0, 0, 8, 57.58, 926273, 1406
2086, 0, 405, 450, 386, 20, 2.15%, 0, 0, 8, 59.41, 926567, 1406
2091, 0, 405, 450, 386, 20, 2.15%, 0, 0, 8, 62.31, 926875, 1406
2096, 0, 405, 450, 386, 20, 2.15%, 0, 0, 8, 61.60, 927175, 1406
2101, 0, 405, 450, 386, 20, 2.15%, 0, 0, 8, 60.45, 927481, 1406
2106, 0, 405, 450, 386, 20, 2.15%, 0, 0, 8, 53.06, 927746, 1406
2111, 0, 405, 450, 386, 20, 2.15%, 0, 0, 8, 56.31, 928033, 1406
2116, 0, 405, 450, 386, 20, 2.15%, 0, 0, 8, 54.62, 928306, 1406
2121, 0, 405, 450, 386, 20, 2.15%, 0, 0, 8, 59.21, 928611, 1406
2126, 0, 405, 450, 386, 20, 2.15%, 0, 0, 8, 57.07, 928909, 1406
2132, 0, 405, 450, 386, 20, 2.15%, 0, 0, 8, 54.52, 929188, 1406
2137, 0, 405, 450, 386, 20, 2.15%, 0, 0, 8, 57.88, 929482, 1406
2142, 0, 405, 450, 386, 20, 2.15%, 0, 0, 8, 53.19, 929746, 1406
2147, 0, 405, 450, 386, 20, 2.15%, 0, 0, 8, 58.74, 930055, 1406
2152, 0, 405, 450, 386, 20, 2.15%, 0, 0, 8, 59.19, 930344, 1406
2157, 0, 405, 450, 386, 20, 2.15%, 0, 0, 8, 58.23, 930637, 1406
2162, 0, 405, 450, 386, 20, 2.15%, 0, 0, 8, 58.83, 930938, 1406
2167, 0, 405, 450, 386, 20, 2.15%, 0, 0, 8, 58.71, 931237, 1406
2172, 0, 405, 450, 386, 20, 2.15%, 0, 0, 8, 60.54, 931546, 1406
2177, 0, 405, 450, 386, 20, 2.15%, 0, 0, 8, 58.10, 931859, 1406
2183, 0, 405, 450, 386, 20, 2.15%, 0, 0, 8, 54.61, 932131, 1406
2188, 0, 405, 450, 386, 20, 2.15%, 0, 0, 8, 53.86, 932401, 1406
2193, 0, 405, 450, 386, 20, 2.15%, 0, 0, 8, 52.92, 932668, 1406
2198, 0, 405, 450, 386, 20, 2.15%, 0, 0, 8, 54.84, 932956, 1406
2203, 0, 405, 450, 386, 20, 2.15%, 0, 0, 8, 53.17, 933221, 1406
2208, 0, 405, 450, 386, 20, 2.15%, 0, 0, 8, 78.73, 933618, 1406
2213, 0, 405, 450, 386, 20, 2.15%, 0, 0, 8, 67.47, 934224, 1406
2218, 0, 448, 450, 385, 25, 2.15%, 0, 0, 8, 628.58, 935400, 1406
2223, 0, 448, 451, 386, 25, 2.15%, 0, 0, 8, 580.11, 938206, 1407
2228, 0, 448, 451, 386, 25, 2.15%, 0, 0, 8, 616.37, 941288, 1407
2233, 0, 448, 451, 386, 25, 2.15%, 0, 0, 8, 644.16, 944540, 1407
2239, 0, 448, 451, 386, 25, 2.15%, 0, 0, 8, 588.20, 947545, 1407
2244, 0, 448, 451, 386, 25, 2.15%, 0, 0, 8, 613.16, 950612, 1407
2249, 0, 448, 451, 386, 25, 2.15%, 0, 0, 8, 610.35, 953732, 1407
2254, 0, 181, 451, 385, 25, 2.15%, 0, 0, 8, 621.26, 956873, 1407
2259, 0, 448, 451, 384, 24, 2.15%, 0, 0, 8, 599.47, 959885, 1407
2264, 0, 448, 451, 384, 24, 2.15%, 0, 0, 8, 575.68, 962837, 1407
2269, 0, 448, 451, 384, 24, 2.15%, 0, 0, 8, 575.54, 965752, 1407
2274, 0, 448, 455, 388, 24, 2.15%, 0, 0, 8, 564.46, 968074, 1412
2279, 0, 448, 455, 388, 24, 2.15%, 0, 0, 8, 533.77, 970827, 1412
2285, 0, 448, 455, 388, 24, 2.15%, 0, 0, 8, 541.56, 973577, 1412
2290, 0, 448, 455, 388, 24, 2.15%, 0, 0, 8, 557.22, 976423, 1412
2295, 0, 448, 455, 388, 24, 2.15%, 0, 0, 8, 566.49, 979316, 1412
2300, 0, 448, 455, 388, 24, 2.15%, 0, 0, 8, 546.77, 982047, 1412
2305, 0, 448, 455, 388, 24, 2.15%, 0, 0, 8, 552.22, 984787, 1412
2310, 0, 448, 455, 388, 24, 2.15%, 0, 0, 8, 565.50, 987671, 1412
2315, 0, 448, 455, 388, 24, 2.15%, 0, 0, 8, 561.58, 990520, 1412
2320, 0, 448, 455, 388, 24, 2.15%, 0, 0, 8, 559.61, 993325, 1412
2325, 0, 448, 455, 388, 24, 2.15%, 0, 0, 8, 571.20, 996226, 1412
2330, 0, 448, 455, 388, 24, 2.15%, 0, 0, 8, 596.11, 999220, 1412
2335, 0, 448, 455, 388, 24, 2.15%, 0, 0, 8, 659.69, 1002626, 1412
2340, 0, 448, 455, 388, 24, 2.15%, 0, 0, 8, 671.20, 1006018, 1412
2345, 0, 448, 455, 388, 24, 2.15%, 0, 0, 8, 600.59, 1009114, 1412
2350, 0, 448, 455, 388, 24, 2.15%, 0, 0, 8, 620.85, 1012211, 1412
2356, 0, 448, 455, 388, 24, 2.15%, 0, 0, 8, 619.53, 1015464, 1412
2361, 0, 448, 455, 388, 24, 2.15%, 0, 0, 8, 586.52, 1018380, 1412
2366, 0, 448, 455, 388, 24, 2.15%, 0, 0, 8, 639.75, 1021693, 1412
2371, 0, 448, 455, 388, 24, 2.15%, 0, 0, 8, 648.76, 1024982, 1412
2376, 0, 448, 456, 389, 24, 2.15%, 0, 0, 8, 670.64, 1028394, 1412
2381, 0, 448, 456, 389, 24, 2.15%, 0, 0, 8, 660.32, 1031748, 1412
2386, 0, 448, 456, 389, 24, 2.15%, 0, 0, 8, 646.25, 1035029, 1412
2391, 0, 448, 456, 389, 24, 2.15%, 0, 0, 8, 576.73, 1037879, 1412
2396, 0, 448, 456, 389, 24, 2.15%, 0, 0, 8, 576.25, 1040840, 1412
2401, 0, 448, 456, 389, 24, 2.15%, 0, 0, 8, 573.46, 1043746, 1412
2406, 0, 448, 456, 389, 24, 2.15%, 0, 0, 8, 585.08, 1046663, 1412
2411, 0, 448, 456, 389, 24, 2.15%, 0, 0, 8, 567.82, 1049501, 1412
2416, 0, 448, 456, 389, 24, 2.15%, 0, 0, 8, 583.29, 1052561, 1412
2422, 0, 448, 456, 389, 26, 2.15%, 0, 0, 8, 587.74, 1055610, 1412
2427, 0, 448, 456, 389, 26, 2.15%, 0, 0, 8, 584.87, 1058635, 1412
2432, 0, 448, 457, 390, 26, 2.15%, 0, 0, 8, 569.75, 1061503, 1412
2437, 0, 448, 457, 390, 26, 2.15%, 0, 0, 8, 570.34, 1064341, 1412
2442, 0, 448, 457, 390, 26, 2.15%, 0, 0, 8, 576.45, 1067245, 1412
2447, 0, 448, 458, 391, 26, 2.15%, 0, 0, 8, 572.59, 1070139, 1412
2452, 0, 448, 458, 391, 26, 2.15%, 0, 0, 8, 585.74, 1073098, 1412
2457, 0, 448, 459, 392, 26, 2.16%, 0, 0, 8, 545.47, 1075768, 1413
2462, 0, 448, 459, 392, 26, 2.16%, 0, 0, 8, 561.99, 1078606, 1413
2467, 0, 448, 459, 392, 26, 2.16%, 0, 0, 8, 547.93, 1081355, 1413
2472, 0, 448, 459, 392, 26, 2.16%, 0, 0, 8, 629.49, 1084614, 1413
2478, 0, 448, 459, 392, 26, 2.16%, 0, 0, 8, 676.14, 1088195, 1413
2483, 0, 448, 459, 392, 26, 2.16%, 0, 0, 8, 686.60, 1091770, 1413
2488, 0, 448, 459, 392, 26, 2.16%, 0, 0, 8, 687.34, 1095345, 1413
2493, 0, 448, 459, 392, 26, 2.16%, 0, 0, 8, 663.95, 1098685, 1413
2498, 0, 448, 459, 392, 26, 2.16%, 0, 0, 8, 633.54, 1101983, 1413
2503, 0, 448, 459, 392, 26, 2.16%, 0, 0, 8, 609.97, 1105083, 1413
2508, 0, 448, 459, 392, 26, 2.16%, 0, 0, 8, 580.78, 1107973, 1413
2513, 0, 448, 459, 392, 26, 2.16%, 0, 0, 8, 576.60, 1110890, 1413
2518, 0, 448, 459, 392, 26, 2.16%, 0, 0, 8, 612.59, 1113938, 1413
2523, 0, 448, 459, 392, 26, 2.16%, 0, 0, 8, 656.74, 1117289, 1413
2528, 0, 448, 459, 392, 26, 2.16%, 0, 0, 8, 592.49, 1120288, 1413
2533, 0, 448, 459, 392, 26, 2.16%, 0, 0, 8, 616.11, 1123420, 1413
2539, 0, 448, 459, 392, 26, 2.16%, 0, 0, 8, 594.67, 1126441, 1413
2544, 0, 448, 459, 392, 26, 2.16%, 0, 0, 8, 586.39, 1129347, 1413
2549, 0, 448, 459, 392, 26, 2.16%, 0, 0, 8, 573.79, 1132218, 1413
2554, 0, 448, 459, 392, 26, 2.16%, 0, 0, 8, 586.76, 1135289, 1413
2559, 0, 448, 459, 392, 26, 2.16%, 0, 0, 8, 587.13, 1138349, 1413
2564, 0, 448, 459, 392, 26, 2.16%, 0, 0, 8, 577.45, 1141244, 1413
2569, 0, 448, 459, 392, 26, 2.16%, 0, 0, 8, 566.08, 1144049, 1413
2574, 0, 448, 459, 392, 26, 2.16%, 0, 0, 8, 572.47, 1146966, 1413
2579, 0, 448, 459, 392, 26, 2.16%, 0, 0, 8, 578.80, 1149905, 1413
2584, 0, 448, 459, 392, 26, 2.16%, 0, 0, 8, 578.78, 1152799, 1413
2589, 0, 376, 460, 393, 27, 2.16%, 0, 0, 8, 605.68, 1155895, 1413
2594, 0, 376, 460, 393, 27, 2.16%, 0, 0, 8, 610.66, 1159011, 1413
2599, 0, 376, 460, 393, 27, 2.16%, 0, 0, 8, 636.62, 1162246, 1413
2604, 0, 376, 460, 393, 27, 2.16%, 0, 0, 8, 620.27, 1165383, 1413
2609, 0, 446, 460, 392, 26, 2.16%, 0, 0, 8, 594.26, 1168367, 1413
2615, 0, 446, 461, 393, 26, 2.16%, 0, 0, 8, 556.34, 1171242, 1413
2620, 0, 446, 461, 393, 26, 2.16%, 0, 0, 8, 629.94, 1174385, 1413
2625, 0, 446, 461, 393, 26, 2.16%, 0, 0, 8, 655.43, 1177746, 1413
2630, 0, 446, 461, 393, 26, 2.16%, 0, 0, 8, 59.71, 1178232, 1413
2635, 0, 446, 461, 393, 26, 2.16%, 0, 0, 8, 59.59, 1178537, 1413
2640, 0, 446, 461, 393, 26, 2.16%, 0, 0, 8, 598.51, 1179317, 1413
2645, 0, 446, 461, 393, 26, 2.16%, 0, 0, 8, 472.74, 1181204, 1413
2650, 0, 446, 461, 393, 26, 2.16%, 0, 0, 8, 496.88, 1183499, 1413
2655, 0, 446, 461, 393, 26, 2.16%, 0, 0, 8, 611.55, 1186649, 1413
2660, 0, 460, 463, 394, 25, 2.16%, 0, 0, 8, 545.41, 1189331, 1413
2665, 0, 460, 464, 395, 25, 2.16%, 0, 0, 8, 516.06, 1191829, 1413
2671, 0, 460, 464, 395, 25, 2.16%, 0, 0, 8, 488.00, 1194260, 1413
2676, 0, 460, 465, 396, 25, 2.16%, 0, 0, 8, 483.71, 1196599, 1413
2681, 0, 460, 466, 397, 25, 2.16%, 0, 0, 8, 488.23, 1199055, 1413
2686, 0, 460, 466, 397, 25, 2.16%, 0, 0, 8, 492.44, 1201542, 1413
2691, 0, 460, 466, 397, 25, 2.16%, 0, 0, 8, 630.63, 1204959, 1413
2696, 0, 460, 466, 397, 25, 2.16%, 0, 0, 8, 641.35, 1208247, 1413
2701, 0, 460, 466, 397, 25, 2.16%, 0, 0, 8, 654.84, 1211531, 1413
2706, 0, 460, 466, 397, 25, 2.16%, 0, 0, 8, 647.96, 1214821, 1413
2711, 0, 460, 466, 397, 25, 2.16%, 0, 0, 8, 48.80, 1216556, 1413
2716, 0, 460, 466, 397, 25, 2.16%, 0, 0, 8, 55.32, 1216839, 1413
2721, 0, 460, 466, 397, 25, 2.16%, 0, 0, 8, 58.78, 1217145, 1413
2726, 0, 460, 466, 397, 25, 2.16%, 0, 0, 8, 660.27, 1219362, 1413
2731, 0, 460, 466, 397, 25, 2.16%, 0, 0, 8, 154.32, 1220649, 1413
2736, 0, 460, 466, 397, 25, 2.16%, 0, 0, 8, 475.99, 1223187, 1413
2741, 0, 448, 466, 396, 26, 2.16%, 0, 0, 8, 582.16, 1226264, 1413
2746, 0, 448, 466, 396, 26, 2.16%, 0, 0, 8, 550.91, 1229020, 1413
2752, 0, 448, 466, 396, 26, 2.16%, 0, 0, 8, 631.93, 1232250, 1413
2757, 0, 448, 466, 396, 26, 2.16%, 0, 0, 8, 630.25, 1235459, 1413
2762, 0, 448, 466, 396, 26, 2.16%, 0, 0, 8, 600.37, 1238426, 1413
2767, 0, 448, 466, 396, 26, 2.16%, 0, 0, 8, 600.23, 1241429, 1413
2772, 0, 448, 466, 396, 26, 2.16%, 0, 0, 8, 587.62, 1244361, 1413
2777, 0, 465, 467, 397, 26, 2.16%, 0, 0, 9, 630.02, 1247693, 1413
2782, 0, 465, 468, 398, 26, 2.16%, 0, 0, 9, 69.41, 1248942, 1413
2787, 0, 465, 468, 398, 26, 2.16%, 0, 0, 9, 60.38, 1249242, 1413
2792, 0, 465, 468, 398, 26, 2.16%, 0, 0, 9, 56.40, 1249528, 1413
2797, 0, 465, 468, 398, 26, 2.16%, 0, 0, 9, 57.53, 1249821, 1413
2802, 0, 465, 468, 398, 26, 2.16%, 0, 0, 9, 54.47, 1250092, 1413
2808, 0, 465, 468, 398, 26, 2.16%, 0, 0, 9, 55.61, 1250385, 1413
2813, 0, 465, 468, 398, 26, 2.16%, 0, 0, 9, 56.10, 1250677, 1413
2818, 0, 465, 468, 398, 26, 2.16%, 0, 0, 9, 63.40, 1251005, 1413
2823, 0, 465, 468, 398, 26, 2.16%, 0, 0, 9, 53.33, 1251266, 1413
2828, 0, 465, 468, 398, 26, 2.16%, 0, 0, 9, 57.02, 1251562, 1413
2833, 0, 465, 468, 398, 26, 2.16%, 0, 0, 9, 52.98, 1251822, 1413
2838, 0, 465, 468, 398, 26, 2.16%, 0, 0, 9, 54.51, 1252110, 1413
2843, 0, 465, 468, 398, 26, 2.16%, 0, 0, 9, 53.13, 1252372, 1413
2848, 0, 465, 468, 398, 26, 2.16%, 0, 0, 9, 53.12, 1252649, 1413
2854, 0, 465, 468, 398, 26, 2.16%, 0, 0, 9, 56.57, 1252951, 1413
2859, 0, 465, 468, 398, 26, 2.16%, 0, 0, 9, 54.47, 1253235, 1413
2864, 0, 465, 468, 398, 26, 2.16%, 0, 0, 9, 607.44, 1254997, 1413
2869, 0, 465, 468, 398, 26, 2.16%, 0, 0, 9, 619.05, 1258225, 1413
2874, 0, 465, 468, 398, 26, 2.16%, 0, 0, 9, 640.57, 1261477, 1413
2879, 0, 465, 468, 398, 26, 2.16%, 0, 0, 9, 57.95, 1262140, 1413
2884, 0, 465, 468, 398, 26, 2.16%, 0, 0, 9, 58.81, 1262448, 1413
2889, 0, 450, 468, 397, 25, 2.16%, 0, 0, 9, 54.06, 1262775, 1413
2894, 0, 450, 468, 397, 25, 2.16%, 0, 0, 9, 49.31, 1263377, 1413
2900, 0, 450, 468, 397, 25, 2.16%, 0, 0, 9, 66.91, 1264005, 1413
2905, 0, 450, 468, 397, 25, 2.16%, 0, 0, 9, 73.77, 1264519, 1413
2910, 0, 457, 468, 396, 24, 2.16%, 0, 0, 9, 457.04, 1265584, 1413
2915, 0, 457, 469, 397, 24, 2.16%, 0, 0, 9, 552.49, 1268458, 1413
2920, 0, 457, 469, 397, 24, 2.16%, 0, 0, 9, 622.96, 1271604, 1413
2925, 0, 457, 469, 397, 24, 2.16%, 0, 0, 9, 598.00, 1274748, 1413
2930, 0, 457, 469, 397, 24, 2.16%, 0, 0, 9, 69.78, 1276132, 1413
2936, 0, 457, 469, 397, 24, 2.16%, 0, 0, 9, 59.23, 1276430, 1413
2941, 0, 457, 469, 397, 24, 2.16%, 0, 0, 9, 59.37, 1276735, 1413
2946, 0, 457, 469, 397, 24, 2.16%, 0, 0, 9, 614.56, 1279680, 1413
2951, 0, 457, 469, 397, 24, 2.16%, 0, 0, 9, 626.47, 1282932, 1413
2956, 0, 407, 470, 397, 23, 2.16%, 0, 0, 9, 620.26, 1286139, 1413
2961, 0, 407, 470, 397, 23, 2.16%, 0, 0, 9, 595.44, 1289130, 1413
2966, 0, 407, 470, 397, 23, 2.16%, 0, 0, 9, 599.16, 1292126, 1413
2971, 0, 407, 470, 397, 23, 2.16%, 0, 0, 9, 620.52, 1295239, 1413
2976, 0, 407, 470, 397, 23, 2.16%, 0, 0, 9, 613.19, 1298323, 1413
2981, 0, 462, 470, 396, 23, 2.16%, 0, 0, 9, 581.84, 1301223, 1413
2986, 0, 462, 472, 398, 23, 2.16%, 0, 0, 9, 514.48, 1303725, 1413
2991, 0, 462, 473, 399, 23, 2.16%, 0, 0, 9, 501.32, 1306233, 1414
2997, 0, 462, 474, 400, 23, 2.16%, 0, 0, 9, 501.08, 1308729, 1414
3002, 0, 462, 474, 400, 23, 2.16%, 0, 0, 9, 532.67, 1311377, 1414
3007, 0, 462, 474, 400, 23, 2.16%, 0, 0, 9, 548.46, 1314172, 1414
3012, 0, 462, 474, 400, 23, 2.16%, 0, 0, 9, 561.38, 1317032, 1414
3017, 0, 462, 474, 400, 23, 2.16%, 0, 0, 9, 565.18, 1319892, 1414
3022, 0, 462, 474, 400, 23, 2.16%, 0, 0, 9, 459.47, 1322274, 1414
3027, 0, 462, 474, 400, 23, 2.16%, 0, 0, 9, 385.48, 1323728, 1414
3032, 0, 462, 474, 400, 23, 2.16%, 0, 0, 9, 541.14, 1325851, 1414
3037, 0, 462, 474, 400, 23, 2.16%, 0, 0, 9, 606.75, 1329033, 1414
3043, 0, 462, 474, 400, 23, 2.16%, 0, 0, 9, 67.02, 1330716, 1414
3048, 0, 462, 474, 400, 23, 2.16%, 0, 0, 9, 65.18, 1331041, 1414
3053, 0, 462, 474, 400, 23, 2.16%, 0, 0, 9, 57.95, 1331330, 1414
3058, 0, 462, 474, 400, 23, 2.16%, 0, 0, 9, 60.09, 1331638, 1414
3063, 0, 462, 474, 400, 23, 2.16%, 0, 0, 9, 566.11, 1334432, 1414
3068, 0, 462, 474, 400, 23, 2.16%, 0, 0, 9, 78.73, 1334818, 1414
3073, 0, 462, 474, 400, 23, 2.16%, 0, 0, 9, 73.82, 1335190, 1414
3078, 0, 462, 474, 400, 23, 2.16%, 0, 0, 9, 70.48, 1335545, 1414
3083, 0, 462, 474, 400, 23, 2.16%, 0, 0, 9, 672.85, 1337558, 1414
3088, 0, 454, 474, 399, 22, 2.16%, 0, 0, 9, 52.18, 1338526, 1414
3093, 0, 454, 474, 399, 22, 2.16%, 0, 0, 9, 68.01, 1338918, 1414
3099, 0, 454, 474, 399, 22, 2.16%, 0, 0, 9, 365.64, 1339626, 1414
3104, 0, 7, 474, 398, 21, 2.16%, 0, 0, 9, 669.18, 1340907, 1414
3109, 0, 7, 474, 398, 21, 2.16%, 0, 0, 9, 304.18, 1342050, 1414
3114, 0, 7, 474, 398, 21, 2.16%, 0, 0, 9, 331.25, 1343760, 1414
3119, 0, 470, 474, 397, 21, 2.16%, 0, 0, 9, 357.82, 1345331, 1414
3124, 0, 470, 474, 397, 21, 2.16%, 0, 0, 9, 504.25, 1348147, 1414
3129, 0, 470, 474, 397, 21, 2.16%, 0, 0, 9, 605.36, 1351181, 1414
3134, 0, 470, 474, 397, 21, 2.16%, 0, 0, 9, 43.01, 1353459, 1414
3139, 0, 470, 474, 397, 21, 2.16%, 0, 0, 9, 54.00, 1353747, 1414
3144, 0, 470, 474, 397, 21, 2.16%, 0, 0, 9, 57.79, 1354050, 1414
3149, 0, 470, 474, 397, 21, 2.16%, 0, 0, 9, 58.75, 1354341, 1414
3154, 0, 470, 474, 397, 21, 2.16%, 0, 0, 9, 588.41, 1355651, 1414
3160, 0, 470, 474, 397, 21, 2.16%, 0, 0, 9, 586.78, 1358637, 1414
3165, 0, 470, 474, 397, 21, 2.16%, 0, 0, 9, 620.31, 1361813, 1414
3170, 0, 470, 474, 397, 21, 2.16%, 0, 0, 9, 583.82, 1364789, 1414
3175, 0, 470, 474, 397, 21, 2.16%, 0, 0, 9, 102.02, 1366591, 1414
3180, 0, 470, 474, 397, 21, 2.16%, 0, 0, 9, 125.73, 1367279, 1414
3185, 0, 470, 474, 397, 21, 2.16%, 0, 0, 9, 430.94, 1369453, 1414
3190, 0, 472, 474, 396, 20, 2.16%, 0, 0, 9, 534.53, 1372256, 1414
3195, 0, 472, 476, 398, 20, 2.16%, 0, 0, 10, 529.70, 1374966, 1414
3200, 0, 472, 476, 398, 20, 2.16%, 0, 0, 10, 552.09, 1377776, 1414
3205, 0, 472, 476, 398, 20, 2.16%, 0, 0, 10, 512.71, 1380366, 1414
3211, 0, 472, 476, 398, 20, 2.16%, 0, 0, 10, 570.38, 1383274, 1414
3216, 0, 472, 476, 398, 20, 2.16%, 0, 0, 10, 601.45, 1386382, 1414
3221, 0, 472, 476, 398, 20, 2.16%, 0, 0, 10, 597.89, 1389489, 1414
3226, 0, 472, 476, 398, 20, 2.16%, 0, 0, 10, 607.39, 1392574, 1414
3231, 0, 472, 477, 399, 20, 2.16%, 0, 0, 10, 533.53, 1395292, 1414
3236, 0, 472, 478, 400, 20, 2.16%, 0, 0, 10, 578.84, 1398227, 1414
3241, 0, 472, 478, 400, 20, 2.16%, 0, 0, 10, 603.14, 1401222, 1414
3246, 0, 472, 478, 400, 20, 2.16%, 0, 0, 10, 601.27, 1404266, 1414
3251, 0, 472, 478, 400, 20, 2.16%, 0, 0, 10, 583.43, 1407364, 1414
3256, 0, 472, 478, 400, 20, 2.16%, 0, 0, 10, 626.08, 1410578, 1414
3261, 0, 413, 478, 399, 20, 2.16%, 0, 0, 10, 597.15, 1413483, 1414
3266, 0, 413, 478, 399, 20, 2.16%, 0, 0, 10, 609.53, 1416656, 1414
3271, 0, 413, 478, 399, 20, 2.16%, 0, 0, 10, 615.32, 1419728, 1414
3277, 0, 341, 478, 398, 19, 2.16%, 0, 0, 10, 610.27, 1422956, 1414
3282, 0, 341, 478, 398, 19, 2.16%, 0, 0, 10, 113.91, 1423583, 1414
3287, 0, 341, 478, 398, 19, 2.16%, 0, 0, 10, 58.54, 1423971, 1414
3292, 0, 341, 478, 398, 19, 2.16%, 0, 0, 10, 442.79, 1424362, 1414
3297, 0, 341, 478, 398, 19, 2.16%, 0, 0, 10, 61.01, 1424874, 1414
3302, 0, 252, 478, 397, 18, 2.16%, 0, 0, 10, 457.34, 1425732, 1414
3307, 0, 285, 478, 396, 17, 2.16%, 0, 0, 10, 622.54, 1429069, 1414
3312, 0, 285, 478, 396, 17, 2.16%, 0, 0, 10, 664.13, 1431115, 1414
3318, 0, 241, 478, 395, 16, 2.16%, 0, 0, 10, 674.03, 1434628, 1414
3323, 0, 475, 478, 394, 15, 2.16%, 0, 0, 10, 54.06, 1436555, 1414
3328, 0, 475, 478, 394, 15, 2.16%, 0, 0, 10, 36.31, 1436716, 1414
3333, 0, 475, 479, 395, 15, 2.16%, 0, 0, 11, 256.49, 1437289, 1414
3338, 0, 475, 479, 395, 15, 2.16%, 0, 0, 11, 49.31, 1437627, 1414
3343, 0, 475, 479, 395, 15, 2.16%, 0, 0, 11, 56.10, 1437906, 1414
3348, 0, 475, 479, 395, 15, 2.16%, 0, 0, 11, 57.30, 1438520, 1414
3353, 0, 475, 479, 395, 15, 2.16%, 0, 0, 11, 57.45, 1439283, 1414
3359, 0, 475, 479, 395, 15, 2.16%, 0, 0, 11, 615.74, 1439940, 1414
3364, 0, 472, 479, 394, 14, 2.16%, 0, 0, 11, 573.42, 1441408, 1414
3369, 0, 472, 479, 394, 14, 2.16%, 0, 0, 11, 566.76, 1444268, 1414
3374, 0, 472, 479, 394, 14, 2.16%, 0, 0, 11, 567.46, 1447139, 1414
3379, 0, 472, 479, 394, 14, 2.16%, 0, 0, 11, 565.83, 1449977, 1414
3384, 0, 472, 479, 394, 14, 2.16%, 0, 0, 11, 545.74, 1452696, 1414
3389, 0, 472, 479, 394, 14, 2.16%, 0, 0, 11, 533.49, 1455516, 1414
3394, 0, 472, 479, 394, 14, 2.16%, 0, 0, 11, 571.97, 1458463, 1414
3399, 0, 472, 479, 394, 14, 2.16%, 0, 0, 11, 575.81, 1461416, 1414
3404, 0, 472, 479, 394, 14, 2.16%, 0, 0, 11, 570.25, 1464287, 1414
3409, 0, 472, 479, 394, 14, 2.16%, 0, 0, 11, 565.50, 1467169, 1414
3415, 0, 472, 479, 394, 14, 2.16%, 0, 0, 11, 559.58, 1470018, 1414
3420, 0, 472, 479, 394, 14, 2.16%, 0, 0, 11, 563.33, 1472885, 1414
3425, 0, 472, 479, 394, 14, 2.16%, 0, 0, 11, 561.15, 1475668, 1414
3430, 0, 472, 480, 395, 14, 2.16%, 0, 0, 11, 570.94, 1478569, 1414
3435, 0, 472, 480, 395, 14, 2.16%, 0, 0, 11, 573.04, 1481462, 1414
3440, 0, 472, 480, 395, 14, 2.16%, 0, 0, 11, 591.43, 1484461, 1414
3445, 0, 472, 480, 395, 14, 2.16%, 0, 0, 11, 571.17, 1487332, 1414
3450, 0, 472, 480, 395, 14, 2.16%, 0, 0, 11, 586.59, 1490268, 1414
3455, 0, 472, 480, 395, 14, 2.16%, 0, 0, 11, 570.09, 1493128, 1414
3460, 0, 472, 480, 395, 14, 2.16%, 0, 0, 11, 83.97, 1495888, 1414
3465, 0, 472, 480, 395, 14, 2.16%, 0, 0, 11, 111.06, 1496472, 1414
3470, 0, 472, 480, 395, 14, 2.16%, 0, 0, 11, 115.86, 1497058, 1414
3475, 0, 472, 480, 395, 14, 2.16%, 0, 0, 11, 104.51, 1497584, 1414
3481, 0, 472, 480, 395, 14, 2.16%, 0, 0, 11, 121.28, 1498246, 1414
3486, 0, 472, 480, 395, 14, 2.16%, 0, 0, 11, 114.99, 1498814, 1414
3491, 0, 472, 480, 395, 14, 2.16%, 0, 0, 11, 110.21, 1499384, 1414
3496, 0, 472, 480, 395, 14, 2.16%, 0, 0, 11, 110.72, 1499952, 1414
3501, 0, 472, 480, 395, 14, 2.16%, 0, 0, 11, 126.78, 1500630, 1414
3506, 0, 472, 480, 395, 14, 2.16%, 0, 0, 11, 111.22, 1501177, 1414
3511, 0, 472, 480, 395, 14, 2.16%, 0, 0, 11, 99.69, 1501669, 1414
3516, 0, 472, 480, 395, 14, 2.16%, 0, 0, 11, 530.37, 1503415, 1414
3522, 0, 472, 480, 395, 14, 2.16%, 0, 0, 11, 502.02, 1505954, 1414
3527, 0, 472, 480, 395, 14, 2.16%, 0, 0, 11, 549.81, 1508726, 1414
3532, 0, 472, 480, 395, 14, 2.16%, 0, 0, 11, 567.15, 1511605, 1414
3537, 0, 472, 480, 395, 14, 2.16%, 0, 0, 11, 588.15, 1514574, 1414
3542, 0, 472, 480, 395, 14, 2.16%, 0, 0, 11, 575.75, 1517456, 1414
3547, 0, 472, 480, 395, 14, 2.16%, 0, 0, 11, 620.33, 1520552, 1414
3552, 0, 472, 480, 395, 14, 2.16%, 0, 0, 11, 636.34, 1523792, 1414
3557, 0, 472, 480, 395, 14, 2.16%, 0, 0, 11, 652.69, 1527079, 1414
3562, 0, 472, 480, 395, 14, 2.16%, 0, 0, 11, 663.31, 1530485, 1414
3567, 0, 472, 480, 395, 14, 2.16%, 0, 0, 11, 645.51, 1533854, 1414
3572, 0, 472, 480, 395, 14, 2.16%, 0, 0, 11, 617.73, 1536909, 1414
3577, 0, 472, 480, 395, 14, 2.16%, 0, 0, 11, 589.19, 1539870, 1414
3582, 0, 472, 480, 395, 14, 2.16%, 0, 0, 11, 577.83, 1542763, 1414
3587, 0, 472, 480, 395, 14, 2.16%, 0, 0, 11, 360.79, 1544456, 1414
3592, 0, 472, 480, 395, 14, 2.16%, 0, 0, 11, 272.11, 1545722, 1414
3597, 0, 472, 480, 395, 14, 2.16%, 0, 0, 11, 239.53, 1546904, 1414
3603, 0, 472, 480, 395, 14, 2.16%, 0, 0, 11, 247.10, 1548200, 1414
3608, 0, 472, 480, 395, 14, 2.16%, 0, 0, 11, 442.38, 1550397, 1414
3613, 0, 472, 480, 395, 14, 2.16%, 0, 0, 11, 552.78, 1553387, 1414
3618, 0, 472, 480, 395, 14, 2.16%, 0, 0, 11, 44.20, 1555549, 1414
3623, 0, 472, 480, 395, 14, 2.16%, 0, 0, 11, 58.42, 1555863, 1414
3628, 0, 472, 480, 395, 14, 2.16%, 0, 0, 11, 58.20, 1556157, 1414
3633, 0, 472, 480, 395, 14, 2.16%, 0, 0, 11, 58.74, 1556448, 1414
3638, 0, 472, 480, 395, 14, 2.16%, 0, 0, 11, 61.23, 1556759, 1414
3643, 0, 472, 480, 395, 14, 2.16%, 0, 0, 11, 55.43, 1557031, 1414
3648, 0, 472, 480, 395, 14, 2.16%, 0, 0, 11, 55.56, 1557313, 1414
3654, 0, 472, 480, 395, 14, 2.16%, 0, 0, 11, 61.57, 1557631, 1414
3659, 0, 472, 480, 395, 14, 2.16%, 0, 0, 11, 55.52, 1557918, 1414
3664, 0, 472, 480, 395, 14, 2.16%, 0, 0, 11, 55.26, 1558195, 1414
3669, 0, 472, 480, 395, 14, 2.16%, 0, 0, 11, 56.02, 1558482, 1414
3674, 0, 472, 480, 395, 14, 2.16%, 0, 0, 11, 58.86, 1558777, 1414
3679, 0, 472, 480, 395, 14, 2.16%, 0, 0, 11, 57.39, 1559067, 1414
3684, 0, 472, 480, 395, 14, 2.16%, 0, 0, 11, 57.03, 1559362, 1414
3689, 0, 472, 480, 395, 14, 2.16%, 0, 0, 11, 55.76, 1559641, 1414
3694, 0, 472, 480, 395, 14, 2.16%, 0, 0, 11, 58.53, 1559931, 1414
3700, 0, 472, 480, 395, 14, 2.16%, 0, 0, 11, 55.13, 1560217, 1414
3705, 0, 472, 480, 395, 14, 2.16%, 0, 0, 11, 59.11, 1560511, 1414
3710, 0, 472, 480, 395, 14, 2.16%, 0, 0, 11, 491.36, 1561122, 1414
3715, 0, 433, 480, 394, 13, 2.16%, 0, 0, 11, 604.24, 1564349, 1414
3720, 0, 433, 480, 394, 13, 2.16%, 0, 0, 11, 633.93, 1567565, 1414
3725, 0, 433, 480, 394, 13, 2.16%, 0, 0, 11, 644.99, 1570789, 1414
3730, 0, 433, 480, 394, 13, 2.16%, 0, 0, 11, 634.31, 1574069, 1414
3735, 0, 185, 480, 393, 12, 2.16%, 0, 0, 11, 631.84, 1577309, 1414
3740, 0, 185, 480, 393, 12, 2.16%, 0, 0, 11, 118.74, 1579303, 1414
3745, 0, 185, 480, 393, 12, 2.16%, 0, 0, 11, 126.70, 1579961, 1414
3750, 0, 185, 480, 393, 12, 2.16%, 0, 0, 11, 125.35, 1580591, 1414
3755, 0, 185, 480, 393, 12, 2.16%, 0, 0, 11, 125.79, 1581237, 1414
3760, 0, 185, 480, 393, 12, 2.16%, 0, 0, 11, 281.58, 1583101, 1414
3765, 0, 185, 480, 393, 12, 2.16%, 0, 0, 11, 165.39, 1583777, 1414
3771, 0, 185, 480, 393, 12, 2.16%, 0, 0, 11, 432.91, 1585985, 1414
3776, 0, 185, 480, 393, 12, 2.16%, 0, 0, 11, 591.36, 1589137, 1414
3781, 0, 185, 480, 393, 12, 2.16%, 0, 0, 11, 368.42, 1591099, 1414
3786, 0, 185, 480, 393, 12, 2.16%, 0, 0, 11, 185.12, 1591754, 1414
3791, 0, 185, 480, 393, 12, 2.16%, 0, 0, 11, 157.23, 1592549, 1414
3796, 0, 185, 480, 393, 12, 2.16%, 0, 0, 11, 136.75, 1593200, 1414
3801, 0, 185, 480, 393, 12, 2.16%, 0, 0, 11, 140.13, 1593971, 1414
3806, 0, 185, 480, 393, 12, 2.16%, 0, 0, 11, 161.61, 1594703, 1414
3811, 0, 185, 480, 393, 12, 2.16%, 0, 0, 11, 134.85, 1595380, 1414
3816, 0, 185, 480, 393, 12, 2.16%, 0, 0, 11, 308.89, 1596736, 1414
3821, 0, 185, 480, 393, 12, 2.16%, 0, 0, 11, 217.95, 1597932, 1414
3826, 0, 185, 480, 393, 12, 2.16%, 0, 0, 11, 223.65, 1598855, 1414
3832, 0, 373, 480, 393, 12, 2.16%, 0, 0, 11, 567.15, 1602095, 1414
3837, 0, 373, 480, 393, 12, 2.16%, 0, 0, 11, 661.63, 1605639, 1414
3842, 0, 373, 481, 394, 12, 2.16%, 0, 0, 11, 654.93, 1609061, 1414
3847, 0, 373, 481, 394, 12, 2.16%, 0, 0, 11, 635.20, 1612200, 1414
3852, 0, 373, 481, 394, 12, 2.16%, 0, 0, 11, 649.40, 1615499, 1414
3857, 0, 373, 481, 394, 12, 2.16%, 0, 0, 11, 660.85, 1618816, 1414
3862, 0, 113, 481, 394, 12, 2.16%, 0, 0, 11, 672.89, 1622283, 1414
3867, 0, 474, 481, 393, 11, 2.16%, 0, 0, 11, 633.69, 1625621, 1414
3873, 0, 474, 482, 394, 11, 2.16%, 0, 0, 11, 591.70, 1628624, 1414
3878, 0, 474, 484, 396, 11, 2.16%, 0, 0, 11, 580.56, 1631511, 1414
3883, 0, 474, 485, 397, 11, 2.16%, 0, 0, 11, 547.89, 1634280, 1414
3888, 0, 474, 486, 398, 11, 2.16%, 0, 0, 11, 570.57, 1637058, 1414
3893, 0, 474, 486, 398, 11, 2.16%, 0, 0, 11, 655.71, 1640499, 1414
3898, 0, 474, 486, 398, 11, 2.16%, 0, 0, 11, 671.48, 1643931, 1414
3903, 0, 474, 486, 398, 11, 2.16%, 0, 0, 11, 639.11, 1647141, 1414
3908, 0, 474, 486, 398, 11, 2.16%, 0, 0, 11, 461.18, 1649468, 1414
3913, 0, 474, 486, 398, 11, 2.16%, 0, 0, 11, 578.01, 1652293, 1414
3918, 0, 474, 486, 398, 11, 2.16%, 0, 0, 11, 626.84, 1655541, 1414
3923, 0, 474, 486, 398, 11, 2.16%, 0, 0, 11, 524.34, 1658259, 1414
3928, 0, 474, 486, 398, 11, 2.16%, 0, 0, 11, 566.25, 1660465, 1414
3934, 0, 474, 486, 398, 11, 2.16%, 0, 0, 11, 543.66, 1663244, 1414
3939, 0, 138, 486, 397, 11, 2.16%, 0, 0, 11, 547.91, 1665896, 1414
3944, 0, 138, 486, 397, 11, 2.16%, 0, 0, 11, 554.77, 1668616, 1414
3949, 0, 269, 486, 396, 10, 2.16%, 0, 0, 11, 593.95, 1671589, 1414
3954, 0, 425, 486, 396, 10, 2.16%, 0, 0, 11, 564.31, 1674387, 1414
3959, 0, 425, 487, 397, 10, 2.16%, 0, 0, 11, 543.51, 1677191, 1414
3964, 0, 425, 487, 397, 10, 2.16%, 0, 0, 11, 585.22, 1680096, 1414
3969, 0, 425, 487, 397, 10, 2.16%, 0, 0, 11, 598.90, 1683209, 1414
3974, 0, 425, 487, 397, 10, 2.16%, 0, 0, 11, 624.21, 1686325, 1414
3979, 0, 140, 487, 396, 9, 2.16%, 0, 0, 11, 629.81, 1689500, 1414
3984, 0, 340, 487, 395, 9, 2.16%, 0, 0, 11, 633.76, 1692668, 1414
3989, 0, 340, 487, 395, 9, 2.16%, 0, 0, 11, 638.28, 1696013, 1414
3994, 0, 340, 488, 396, 9, 2.16%, 0, 0, 11, 623.36, 1699128, 1414
3999, 0, 340, 488, 396, 9, 2.16%, 0, 0, 11, 621.89, 1702272, 1414
4004, 0, 340, 488, 396, 9, 2.16%, 0, 0, 11, 602.49, 1705284, 1414
4009, 0, 244, 488, 396, 10, 2.16%, 0, 0, 11, 610.14, 1708382, 1414
4015, 0, 244, 488, 396, 10, 2.16%, 0, 0, 11, 585.15, 1711362, 1414
