# relative_time, cycles_done, cur_item, corpus_count, pending_total, pending_favs, map_size, saved_crashes, saved_hangs, max_depth, execs_per_sec, total_execs, edges_found
61, 0, 2, 121, 121, 1, 0.98%, 0, 0, 2, 436.00, 27196, 639
66, 0, 2, 121, 121, 1, 0.98%, 0, 0, 2, 443.29, 29428, 639
71, 0, 2, 122, 122, 1, 0.98%, 0, 0, 2, 448.06, 31764, 639
76, 0, 2, 123, 123, 1, 0.98%, 0, 0, 2, 441.77, 34051, 639
81, 0, 2, 175, 175, 1, 1.17%, 2, 0, 2, 428.52, 36196, 766
86, 0, 2, 183, 183, 1, 1.18%, 4, 0, 2, 427.42, 38332, 774
91, 0, 2, 190, 190, 1, 1.20%, 6, 0, 2, 428.78, 40516, 788
96, 0, 2, 193, 193, 1, 1.21%, 6, 0, 2, 434.31, 42772, 791
101, 0, 2, 198, 198, 1, 1.21%, 6, 0, 2, 435.84, 44964, 791
106, 0, 2, 203, 203, 1, 1.21%, 6, 0, 2, 427.16, 47108, 795
112, 0, 2, 203, 203, 1, 1.21%, 6, 0, 2, 435.30, 49396, 795
117, 0, 2, 203, 203, 1, 1.21%, 6, 0, 2, 423.49, 51532, 795
122, 0, 2, 203, 203, 1, 1.21%, 7, 0, 2, 419.70, 53676, 795
127, 0, 2, 204, 204, 1, 1.21%, 7, 0, 2, 407.57, 55700, 795
132, 0, 2, 208, 208, 1, 1.22%, 9, 0, 2, 425.42, 57852, 798
137, 0, 2, 208, 208, 1, 1.22%, 9, 0, 2, 427.59, 59996, 798
142, 0, 2, 209, 209, 1, 1.22%, 10, 0, 2, 437.38, 62180, 798
147, 0, 2, 211, 211, 1, 1.23%, 10, 0, 2, 428.99, 64412, 807
152, 0, 2, 213, 213, 1, 1.23%, 10, 0, 2, 415.29, 66444, 807
157, 0, 2, 230, 230, 1, 1.24%, 10, 0, 2, 413.10, 68572, 812
162, 0, 2, 243, 243, 1, 1.24%, 10, 0, 2, 420.91, 70748, 812
167, 0, 2, 245, 245, 1, 1.24%, 10, 0, 2, 415.39, 72900, 812
172, 0, 2, 253, 253, 1, 1.24%, 11, 0, 2, 418.30, 74996, 812
177, 0, 2, 257, 257, 1, 1.24%, 11, 0, 2, 413.67, 77068, 812
182, 0, 2, 260, 260, 1, 1.24%, 11, 0, 2, 426.14, 79212, 812
188, 0, 2, 261, 261, 1, 1.24%, 11, 0, 2, 426.21, 81404, 812
193, 0, 2, 267, 267, 1, 1.24%, 12, 0, 2, 420.22, 83500, 813
198, 0, 2, 272, 272, 1, 1.24%, 12, 0, 2, 429.46, 85748, 813
203, 0, 2, 274, 274, 1, 1.24%, 12, 0, 2, 424.07, 87876, 813
208, 0, 2, 275, 275, 1, 1.24%, 12, 0, 2, 431.95, 90068, 813
213, 0, 2, 275, 275, 1, 1.24%, 12, 0, 2, 434.49, 92260, 813
218, 0, 2, 276, 276, 1, 1.24%, 12, 0, 2, 431.97, 94484, 813
223, 0, 2, 282, 282, 1, 1.25%, 13, 0, 2, 426.38, 96604, 816
228, 0, 2, 284, 284, 1, 1.25%, 13, 0, 2, 435.35, 98876, 816
233, 0, 2, 285, 285, 1, 1.25%, 14, 0, 2, 436.47, 101068, 816
239, 0, 2, 286, 286, 1, 1.25%, 14, 0, 2, 440.79, 103348, 816
244, 0, 237, 288, 287, 50, 1.25%, 14, 0, 3, 448.07, 105671, 816
249, 0, 237, 299, 298, 50, 1.25%, 15, 0, 3, 452.38, 108014, 819
254, 0, 237, 305, 304, 50, 1.25%, 18, 0, 3, 431.97, 110231, 822
259, 0, 237, 315, 314, 50, 1.26%, 20, 0, 3, 448.41, 112479, 825
264, 0, 237, 319, 318, 50, 1.26%, 20, 0, 3, 450.32, 114791, 825
269, 0, 237, 319, 318, 50, 1.26%, 20, 0, 3, 453.91, 117075, 825
274, 0, 237, 323, 322, 50, 1.26%, 21, 0, 3, 451.84, 119402, 825
280, 0, 237, 325, 324, 50, 1.26%, 21, 0, 3, 450.37, 121668, 825
285, 0, 237, 326, 325, 50, 1.26%, 22, 0, 3, 450.79, 123908, 825
290, 0, 237, 329, 328, 50, 1.28%, 23, 0, 3, 453.59, 126281, 837
295, 0, 237, 331, 330, 50, 1.28%, 23, 0, 3, 463.04, 128619, 840
300, 0, 237, 335, 334, 50, 1.29%, 24, 0, 3, 459.22, 130928, 847
305, 0, 237, 336, 335, 50, 1.29%, 24, 0, 3, 450.64, 133213, 847
310, 0, 237, 339, 338, 50, 1.29%, 24, 0, 3, 457.31, 135532, 848
315, 0, 237, 340, 339, 50, 1.30%, 24, 0, 3, 444.26, 137823, 850
320, 0, 237, 342, 341, 50, 1.30%, 25, 0, 3, 437.37, 140055, 850
325, 0, 237, 343, 342, 50, 1.30%, 25, 0, 3, 438.86, 142239, 850
330, 0, 237, 344, 343, 50, 1.30%, 25, 0, 3, 428.11, 144375, 850
335, 0, 237, 345, 344, 50, 1.30%, 25, 0, 3, 430.60, 146551, 850
340, 0, 237, 349, 348, 50, 1.30%, 25, 0, 3, 430.65, 148687, 850
345, 0, 237, 352, 351, 50, 1.30%, 25, 0, 3, 427.63, 150863, 850
350, 0, 237, 356, 355, 50, 1.30%, 25, 0, 3, 439.62, 153071, 850
355, 0, 237, 357, 356, 50, 1.30%, 25, 0, 3, 433.51, 155255, 850
360, 0, 237, 357, 356, 50, 1.30%, 25, 0, 3, 430.36, 157431, 850
365, 0, 237, 357, 356, 50, 1.30%, 25, 0, 3, 427.15, 159559, 850
370, 0, 237, 359, 358, 50, 1.30%, 25, 0, 3, 412.17, 161623, 850
375, 0, 237, 361, 360, 50, 1.30%, 25, 0, 3, 420.75, 163727, 850
380, 0, 237, 363, 362, 50, 1.30%, 25, 0, 3, 432.23, 165919, 850
385, 0, 237, 365, 364, 50, 1.30%, 25, 0, 3, 400.72, 167943, 850
391, 0, 237, 365, 364, 50, 1.30%, 26, 0, 3, 418.08, 170071, 850
396, 0, 237, 366, 365, 50, 1.30%, 26, 0, 3, 421.69, 172287, 850
401, 0, 237, 367, 366, 50, 1.30%, 26, 0, 3, 422.28, 174415, 850
406, 0, 237, 367, 366, 50, 1.30%, 26, 0, 3, 434.72, 176663, 850
411, 0, 302, 370, 368, 49, 1.30%, 27, 0, 4, 428.82, 178743, 850
416, 0, 302, 370, 368, 49, 1.30%, 28, 0, 4, 427.69, 180999, 850
421, 0, 302, 370, 368, 49, 1.30%, 28, 0, 4, 420.80, 183143, 850
426, 0, 301, 370, 367, 48, 1.30%, 29, 0, 4, 434.86, 185399, 850
431, 0, 301, 374, 371, 48, 1.30%, 31, 0, 4, 444.07, 187631, 852
436, 0, 301, 375, 372, 48, 1.30%, 32, 0, 4, 448.56, 189959, 852
442, 0, 301, 375, 372, 48, 1.30%, 32, 0, 4, 453.38, 192224, 852
447, 0, 301, 376, 373, 48, 1.30%, 32, 0, 4, 466.20, 194590, 852
452, 0, 301, 376, 373, 48, 1.30%, 32, 0, 4, 426.88, 196735, 852
457, 0, 301, 377, 374, 48, 1.30%, 32, 0, 4, 409.16, 198831, 852
462, 0, 301, 378, 375, 48, 1.30%, 32, 0, 4, 417.95, 200951, 852
467, 0, 301, 378, 375, 48, 1.30%, 32, 0, 4, 414.56, 203047, 852
472, 0, 301, 379, 376, 48, 1.30%, 33, 0, 4, 430.17, 205199, 852
477, 0, 301, 380, 377, 48, 1.30%, 33, 0, 4, 422.89, 207335, 852
482, 0, 301, 380, 377, 48, 1.30%, 33, 0, 4, 428.46, 209495, 852
487, 0, 301, 381, 378, 48, 1.30%, 33, 0, 4, 422.21, 211615, 852
492, 0, 301, 381, 378, 48, 1.30%, 33, 0, 4, 431.39, 213791, 852
497, 0, 301, 381, 378, 48, 1.30%, 33, 0, 4, 426.89, 215943, 852
502, 0, 301, 382, 379, 48, 1.30%, 33, 0, 4, 425.68, 218175, 853
507, 0, 301, 382, 379, 48, 1.30%, 33, 0, 4, 413.22, 220247, 853
512, 0, 301, 382, 379, 48, 1.30%, 33, 0, 4, 422.34, 222399, 853
517, 0, 301, 382, 379, 48, 1.30%, 33, 0, 4, 398.89, 224367, 853
522, 0, 301, 382, 379, 48, 1.30%, 33, 0, 4, 398.74, 226376, 853
528, 0, 301, 382, 379, 48, 1.30%, 33, 0, 4, 404.56, 228479, 853
533, 0, 301, 382, 379, 48, 1.30%, 33, 0, 4, 421.05, 230607, 853
538, 0, 301, 382, 379, 48, 1.30%, 33, 0, 4, 426.02, 232839, 853
543, 0, 301, 382, 379, 48, 1.30%, 33, 0, 4, 425.99, 234959, 853
548, 0, 301, 382, 379, 48, 1.30%, 33, 0, 4, 426.50, 237127, 853
553, 0, 301, 382, 379, 48, 1.30%, 33, 0, 4, 430.00, 239303, 853
558, 0, 301, 382, 379, 48, 1.30%, 33, 0, 4, 425.02, 241439, 853
563, 0, 301, 382, 379, 48, 1.30%, 33, 0, 4, 414.09, 243519, 853
568, 0, 301, 382, 379, 48, 1.30%, 33, 0, 4, 427.33, 245695, 853
573, 0, 301, 382, 379, 48, 1.30%, 33, 0, 4, 424.90, 247823, 853
578, 0, 301, 382, 379, 48, 1.30%, 33, 0, 4, 411.83, 249903, 853
583, 0, 301, 382, 379, 48, 1.30%, 33, 0, 4, 403.57, 251943, 853
588, 0, 301, 382, 379, 48, 1.30%, 33, 0, 4, 412.49, 254063, 853
593, 0, 378, 390, 386, 49, 1.30%, 33, 0, 5, 419.86, 256197, 853
599, 0, 378, 397, 393, 49, 1.30%, 33, 0, 5, 433.46, 258441, 853
604, 0, 378, 397, 393, 49, 1.30%, 33, 0, 5, 438.77, 260681, 853
609, 0, 378, 398, 394, 49, 1.30%, 33, 0, 5, 448.21, 262921, 853
614, 0, 378, 399, 395, 49, 1.30%, 33, 0, 5, 456.53, 265224, 853
619, 0, 378, 402, 398, 49, 1.30%, 33, 0, 5, 438.48, 267449, 853
624, 0, 378, 403, 399, 49, 1.30%, 33, 0, 5, 458.20, 269765, 853
629, 0, 378, 404, 400, 49, 1.30%, 33, 0, 5, 466.52, 272113, 853
634, 0, 378, 404, 400, 49, 1.30%, 33, 0, 5, 458.22, 274417, 853
639, 0, 378, 405, 401, 49, 1.30%, 33, 0, 5, 444.59, 276721, 853
644, 0, 378, 405, 401, 49, 1.30%, 33, 0, 5, 435.53, 278977, 853
649, 0, 378, 405, 401, 49, 1.30%, 33, 0, 5, 438.21, 281161, 853
654, 0, 378, 405, 401, 49, 1.30%, 33, 0, 5, 446.80, 283401, 853
659, 0, 378, 405, 401, 49, 1.30%, 33, 0, 5, 439.68, 285577, 853
664, 0, 378, 406, 402, 49, 1.30%, 33, 0, 5, 459.03, 287879, 853
669, 0, 378, 407, 403, 49, 1.30%, 33, 0, 5, 434.33, 290073, 853
674, 0, 378, 407, 403, 49, 1.30%, 33, 0, 5, 423.66, 292185, 853
679, 0, 378, 407, 403, 49, 1.30%, 33, 0, 5, 412.06, 294201, 853
684, 0, 378, 407, 403, 49, 1.30%, 33, 0, 5, 422.49, 296345, 853
689, 0, 378, 407, 403, 49, 1.30%, 33, 0, 5, 440.77, 298569, 853
694, 0, 378, 407, 403, 49, 1.30%, 33, 0, 5, 430.50, 300737, 853
699, 0, 378, 407, 403, 49, 1.30%, 33, 0, 5, 427.72, 302857, 853
705, 0, 378, 407, 403, 49, 1.30%, 33, 0, 5, 418.62, 305033, 853
710, 0, 378, 407, 403, 49, 1.30%, 33, 0, 5, 418.10, 307161, 853
715, 0, 378, 407, 403, 49, 1.30%, 33, 0, 5, 406.22, 309209, 853
720, 0, 378, 407, 403, 49, 1.30%, 33, 0, 5, 411.34, 311241, 853
725, 0, 378, 407, 403, 49, 1.30%, 33, 0, 5, 423.57, 313481, 853
730, 0, 378, 407, 403, 49, 1.30%, 33, 0, 5, 420.02, 315617, 853
735, 0, 378, 407, 403, 49, 1.30%, 33, 0, 5, 422.53, 317745, 853
740, 0, 378, 407, 403, 49, 1.30%, 33, 0, 5, 426.37, 319993, 853
745, 0, 378, 407, 403, 49, 1.30%, 33, 0, 5, 417.44, 322169, 853
750, 0, 378, 407, 403, 49, 1.30%, 34, 0, 5, 410.31, 324233, 853
755, 0, 378, 407, 403, 49, 1.30%, 34, 0, 5, 424.58, 326393, 853
760, 0, 378, 407, 403, 49, 1.30%, 34, 0, 5, 413.78, 328473, 853
766, 0, 299, 407, 402, 46, 1.30%, 34, 0, 5, 422.86, 330688, 853
771, 0, 299, 409, 404, 46, 1.30%, 34, 0, 5, 412.86, 332776, 853
776, 0, 299, 409, 404, 46, 1.30%, 34, 0, 5, 422.95, 334896, 853
781, 0, 385, 409, 403, 46, 1.30%, 34, 0, 5, 400.17, 336967, 853
786, 0, 385, 409, 403, 46, 1.30%, 34, 0, 5, 401.85, 339039, 853
791, 0, 385, 409, 403, 46, 1.30%, 34, 0, 5, 404.94, 341071, 853
796, 0, 385, 409, 403, 46, 1.30%, 34, 0, 5, 417.99, 343175, 853
801, 0, 320, 409, 402, 45, 1.30%, 34, 0, 5, 425.51, 345329, 853
806, 0, 320, 410, 403, 45, 1.30%, 35, 0, 5, 421.54, 347425, 853
811, 0, 320, 410, 403, 45, 1.30%, 35, 0, 5, 415.84, 349513, 853
816, 0, 333, 410, 402, 44, 1.30%, 36, 0, 5, 427.37, 351690, 853
821, 0, 333, 411, 403, 44, 1.30%, 36, 0, 5, 422.05, 353802, 853
826, 0, 333, 411, 403, 44, 1.30%, 36, 0, 5, 436.30, 355994, 853
831, 0, 398, 413, 404, 43, 1.30%, 37, 0, 6, 428.96, 358136, 853
837, 0, 398, 414, 405, 43, 1.30%, 37, 0, 6, 448.40, 360488, 853
842, 0, 398, 414, 405, 43, 1.30%, 37, 0, 6, 441.76, 362760, 853
847, 0, 398, 414, 405, 43, 1.30%, 37, 0, 6, 414.77, 364808, 853
852, 0, 398, 414, 405, 43, 1.30%, 37, 0, 6, 429.69, 367048, 853
857, 0, 398, 414, 405, 43, 1.30%, 37, 0, 6, 437.72, 369328, 853
