# relative_time, cycles_done, cur_item, corpus_count, pending_total, pending_favs, map_size, saved_crashes, saved_hangs, max_depth, execs_per_sec, total_execs, edges_found
60, 0, 0, 29, 28, 4, 0.93%, 0, 0, 2, 217.39, 13158, 607
65, 0, 0, 29, 28, 4, 0.93%, 0, 0, 2, 215.83, 14238, 607
70, 0, 0, 29, 28, 4, 0.93%, 0, 0, 2, 216.39, 15318, 607
75, 0, 0, 29, 28, 4, 0.93%, 0, 0, 2, 214.64, 16390, 607
81, 0, 0, 29, 28, 4, 0.93%, 0, 0, 2, 217.00, 17522, 607
86, 0, 0, 29, 28, 4, 0.93%, 0, 0, 2, 218.54, 18650, 607
91, 0, 0, 30, 29, 4, 0.93%, 0, 0, 2, 218.37, 19742, 610
96, 0, 0, 30, 29, 4, 0.93%, 0, 0, 2, 219.50, 20842, 610
101, 0, 0, 30, 29, 4, 0.93%, 0, 0, 2, 218.54, 21942, 610
106, 0, 0, 32, 31, 4, 0.94%, 0, 0, 2, 216.25, 23062, 613
111, 0, 0, 32, 31, 4, 0.94%, 0, 0, 2, 217.01, 24154, 613
116, 0, 0, 32, 31, 4, 0.94%, 0, 0, 2, 227.21, 25314, 613
121, 0, 16, 34, 32, 16, 0.94%, 0, 0, 3, 228.40, 26465, 617
126, 0, 15, 34, 29, 13, 0.94%, 0, 0, 3, 226.78, 27636, 617
132, 0, 19, 34, 28, 12, 0.94%, 0, 0, 3, 235.90, 28854, 617
137, 0, 4, 35, 27, 11, 0.95%, 0, 0, 3, 224.00, 29961, 625
142, 0, 9, 35, 26, 10, 0.95%, 0, 0, 3, 229.10, 31092, 625
147, 0, 11, 35, 24, 8, 0.95%, 0, 0, 3, 232.59, 32319, 625
152, 0, 34, 35, 23, 7, 0.95%, 0, 0, 3, 229.74, 33455, 625
157, 0, 2, 35, 21, 5, 0.95%, 0, 0, 3, 226.91, 34652, 625
162, 0, 2, 37, 23, 5, 0.95%, 0, 0, 3, 182.38, 35506, 625
167, 0, 2, 37, 23, 5, 0.95%, 0, 0, 3, 209.88, 36577, 625
172, 0, 27, 37, 20, 4, 0.95%, 0, 0, 3, 221.11, 37749, 625
178, 0, 29, 37, 19, 3, 0.95%, 0, 0, 3, 230.47, 38941, 625
183, 0, 35, 37, 18, 2, 0.95%, 0, 0, 3, 184.77, 39848, 625
188, 0, 32, 37, 17, 1, 0.95%, 0, 0, 3, 222.75, 41053, 625
193, 0, 26, 37, 16, 0, 0.95%, 0, 0, 3, 230.82, 42256, 625
198, 0, 26, 37, 16, 0, 0.95%, 0, 0, 3, 239.39, 43502, 625
203, 0, 19, 37, 16, 0, 0.95%, 0, 0, 3, 234.39, 44710, 625
209, 0, 19, 37, 16, 0, 0.95%, 0, 0, 3, 244.68, 45975, 625
214, 0, 26, 37, 16, 0, 0.95%, 0, 0, 3, 242.47, 47207, 625
219, 0, 37, 38, 17, 1, 0.98%, 0, 0, 3, 241.04, 48448, 639
224, 0, 34, 38, 16, 0, 0.98%, 0, 0, 3, 238.79, 49621, 639
229, 0, 13, 38, 16, 0, 0.98%, 0, 0, 3, 239.65, 50864, 639
234, 0, 26, 38, 15, 0, 0.98%, 0, 0, 3, 236.63, 52082, 639
239, 0, 34, 39, 16, 0, 0.98%, 0, 0, 3, 234.23, 53249, 639
244, 0, 26, 40, 17, 0, 1.00%, 0, 0, 3, 230.23, 54459, 656
249, 0, 24, 41, 17, 0, 1.00%, 0, 0, 4, 230.13, 55667, 656
255, 0, 24, 41, 17, 0, 1.00%, 0, 0, 4, 234.38, 56866, 656
260, 0, 24, 41, 17, 0, 1.00%, 0, 0, 4, 241.60, 58140, 656
265, 0, 26, 41, 17, 0, 1.00%, 0, 0, 4, 239.35, 59375, 656
270, 0, 34, 41, 17, 0, 1.00%, 0, 0, 4, 232.07, 60561, 656
275, 0, 26, 41, 17, 0, 1.00%, 0, 0, 4, 235.54, 61800, 656
281, 0, 26, 41, 17, 0, 1.00%, 0, 0, 4, 235.91, 63038, 656
286, 0, 6, 41, 17, 0, 1.00%, 0, 0, 4, 234.32, 64225, 656
291, 1, 26, 41, 17, 0, 1.00%, 0, 0, 4, 238.61, 65466, 656
296, 1, 26, 41, 17, 0, 1.00%, 0, 0, 4, 236.90, 66696, 656
301, 1, 26, 41, 17, 0, 1.00%, 0, 0, 4, 237.74, 67883, 656
306, 1, 9, 41, 17, 0, 1.00%, 0, 0, 4, 227.96, 69051, 656
311, 1, 9, 41, 17, 0, 1.00%, 0, 0, 4, 248.76, 70352, 656
317, 1, 26, 41, 17, 0, 1.00%, 0, 0, 4, 237.45, 71560, 656
322, 1, 26, 41, 17, 0, 1.00%, 0, 0, 4, 234.76, 72778, 656
327, 1, 39, 41, 17, 0, 1.00%, 0, 0, 4, 238.54, 74021, 656
332, 1, 39, 41, 17, 0, 1.00%, 0, 0, 4, 239.86, 75290, 656
337, 1, 15, 42, 18, 0, 1.00%, 0, 0, 4, 232.65, 76478, 656
342, 1, 15, 42, 18, 0, 1.00%, 0, 0, 4, 224.14, 77630, 656
348, 1, 15, 43, 19, 0, 1.00%, 0, 0, 4, 232.78, 78881, 658
353, 1, 42, 43, 19, 1, 1.00%, 0, 0, 4, 226.52, 80062, 658
358, 1, 42, 43, 19, 1, 1.00%, 0, 0, 4, 230.79, 81257, 658
363, 1, 26, 43, 18, 0, 1.00%, 0, 0, 4, 236.54, 82505, 658
368, 1, 26, 43, 18, 0, 1.00%, 0, 0, 4, 235.56, 83679, 658
373, 1, 26, 43, 18, 0, 1.00%, 0, 0, 4, 231.19, 84842, 658
378, 1, 26, 43, 18, 0, 1.00%, 0, 0, 4, 234.50, 86072, 658
384, 1, 24, 43, 18, 0, 1.00%, 0, 0, 4, 225.31, 87239, 658
389, 1, 24, 43, 18, 0, 1.00%, 0, 0, 4, 239.57, 88432, 658
394, 1, 24, 43, 18, 0, 1.00%, 0, 0, 4, 248.75, 89714, 658
399, 1, 31, 43, 18, 0, 1.00%, 0, 0, 4, 240.24, 90959, 658
404, 1, 16, 43, 17, 0, 1.00%, 0, 0, 4, 231.10, 92122, 658
409, 1, 16, 43, 17, 0, 1.00%, 0, 0, 4, 236.96, 93361, 658
415, 1, 26, 43, 17, 0, 1.00%, 0, 0, 4, 239.57, 94622, 658
420, 1, 26, 43, 17, 0, 1.00%, 0, 0, 4, 237.36, 95853, 658
425, 1, 26, 43, 17, 0, 1.00%, 0, 0, 4, 237.41, 97083, 658
430, 1, 24, 43, 17, 0, 1.00%, 0, 0, 4, 231.65, 98302, 658
435, 1, 24, 43, 17, 0, 1.00%, 0, 0, 4, 226.96, 99467, 658
440, 1, 24, 43, 17, 0, 1.00%, 0, 0, 4, 230.76, 100659, 658
446, 1, 26, 43, 17, 0, 1.00%, 0, 0, 4, 243.72, 101938, 658
451, 1, 26, 43, 17, 0, 1.00%, 0, 0, 4, 238.80, 103161, 658
456, 1, 26, 44, 18, 0, 1.01%, 0, 0, 4, 236.06, 104337, 659
461, 1, 4, 44, 18, 1, 1.01%, 0, 0, 4, 216.55, 105422, 659
466, 1, 4, 44, 18, 1, 1.01%, 0, 0, 4, 229.01, 106543, 659
471, 1, 4, 44, 18, 1, 1.01%, 0, 0, 4, 248.08, 107857, 659
476, 1, 43, 44, 18, 1, 1.01%, 0, 0, 4, 240.76, 109062, 659
481, 1, 26, 44, 17, 0, 1.01%, 0, 0, 4, 237.39, 110289, 659
487, 1, 11, 44, 17, 0, 1.01%, 0, 0, 4, 231.56, 111500, 659
492, 1, 11, 44, 17, 0, 1.01%, 0, 0, 4, 219.83, 112631, 659
497, 1, 11, 44, 17, 0, 1.01%, 0, 0, 4, 233.79, 113783, 659
502, 1, 26, 44, 17, 0, 1.01%, 0, 0, 4, 235.26, 114989, 659
507, 1, 4, 44, 17, 0, 1.01%, 0, 0, 4, 220.88, 116152, 659
512, 1, 4, 44, 17, 0, 1.01%, 0, 0, 4, 233.46, 117289, 659
517, 1, 4, 44, 17, 0, 1.01%, 0, 0, 4, 227.36, 118503, 659
522, 1, 26, 44, 17, 0, 1.01%, 0, 0, 4, 230.99, 119724, 659
527, 1, 26, 44, 17, 0, 1.01%, 0, 0, 4, 238.94, 120978, 659
533, 1, 26, 44, 17, 0, 1.01%, 0, 0, 4, 235.12, 122193, 659
538, 1, 24, 44, 17, 0, 1.01%, 0, 0, 4, 227.49, 123369, 659
543, 1, 24, 44, 17, 0, 1.01%, 0, 0, 4, 242.95, 124656, 659
548, 2, 26, 44, 17, 0, 1.01%, 0, 0, 4, 242.99, 125913, 659
553, 2, 30, 44, 17, 0, 1.01%, 0, 0, 4, 225.71, 127073, 659
559, 2, 30, 44, 17, 0, 1.01%, 0, 0, 4, 234.99, 128280, 659
564, 2, 30, 44, 17, 0, 1.01%, 0, 0, 4, 238.41, 129542, 659
569, 2, 24, 44, 17, 0, 1.01%, 0, 0, 4, 225.97, 130686, 659
574, 2, 24, 44, 17, 0, 1.01%, 0, 0, 4, 238.99, 131909, 659
579, 2, 24, 44, 17, 0, 1.01%, 0, 0, 4, 237.87, 133161, 659
584, 2, 26, 44, 17, 0, 1.01%, 0, 0, 4, 236.25, 134381, 659
589, 2, 26, 44, 17, 0, 1.01%, 0, 0, 4, 233.57, 135552, 659
595, 2, 26, 44, 17, 0, 1.01%, 0, 0, 4, 238.17, 136790, 659
600, 2, 28, 44, 17, 0, 1.01%, 0, 0, 4, 227.93, 137938, 659
605, 2, 28, 48, 21, 0, 1.01%, 0, 0, 4, 225.91, 139103, 659
610, 2, 28, 49, 22, 0, 1.01%, 0, 0, 4, 229.23, 140254, 659
615, 2, 28, 50, 23, 0, 1.01%, 0, 0, 4, 227.04, 141434, 659
620, 2, 28, 52, 25, 0, 1.01%, 0, 0, 4, 224.76, 142562, 659
625, 2, 28, 53, 26, 0, 1.01%, 0, 0, 4, 221.57, 143698, 659
630, 2, 28, 53, 26, 0, 1.01%, 0, 0, 4, 227.13, 144846, 659
635, 2, 28, 53, 26, 0, 1.01%, 0, 0, 4, 230.17, 145998, 659
640, 2, 28, 53, 26, 0, 1.01%, 0, 0, 4, 227.63, 147186, 659
645, 2, 28, 54, 27, 0, 1.01%, 0, 0, 4, 225.49, 148310, 659
650, 2, 28, 54, 27, 0, 1.01%, 0, 0, 4, 226.31, 149442, 659
656, 2, 28, 54, 27, 0, 1.01%, 0, 0, 4, 227.73, 150630, 659
661, 2, 28, 54, 27, 0, 1.01%, 0, 0, 4, 230.00, 151826, 659
666, 2, 28, 55, 28, 0, 1.01%, 0, 0, 4, 228.02, 152966, 659
671, 2, 28, 56, 29, 0, 1.01%, 0, 0, 4, 226.89, 154138, 659
676, 2, 28, 57, 30, 0, 1.01%, 0, 0, 4, 230.67, 155330, 659
681, 2, 28, 57, 30, 0, 1.01%, 0, 0, 4, 236.11, 156504, 659
686, 2, 28, 58, 31, 0, 1.01%, 0, 0, 4, 239.82, 157702, 659
691, 2, 26, 59, 32, 0, 1.01%, 0, 0, 4, 244.28, 158972, 659
696, 2, 34, 60, 33, 0, 1.01%, 0, 0, 4, 215.81, 159923, 659
702, 2, 34, 61, 34, 0, 1.01%, 0, 0, 4, 179.17, 160855, 659
707, 2, 28, 63, 36, 0, 1.01%, 0, 0, 4, 39.44, 161692, 659
712, 2, 28, 64, 37, 0, 1.01%, 0, 0, 4, 141.33, 162388, 659
717, 2, 28, 66, 39, 0, 1.01%, 0, 0, 4, 26.97, 162610, 664
722, 2, 28, 67, 40, 0, 1.01%, 0, 0, 4, 30.27, 162763, 664
727, 2, 28, 68, 41, 0, 1.01%, 0, 0, 4, 30.34, 162918, 664
732, 2, 28, 68, 41, 0, 1.01%, 0, 0, 4, 31.60, 163077, 664
737, 2, 28, 68, 41, 0, 1.01%, 0, 0, 4, 31.88, 163242, 664
743, 2, 28, 68, 41, 0, 1.01%, 0, 0, 4, 31.38, 163405, 664
748, 2, 28, 69, 42, 0, 1.01%, 0, 0, 4, 30.84, 163562, 664
753, 2, 28, 69, 42, 0, 1.01%, 0, 0, 4, 30.70, 163719, 664
758, 2, 28, 69, 42, 0, 1.01%, 0, 0, 4, 30.36, 163871, 664
763, 2, 28, 69, 42, 0, 1.01%, 0, 0, 4, 29.94, 164021, 664
768, 2, 28, 69, 42, 0, 1.01%, 0, 0, 4, 29.72, 164172, 664
773, 2, 28, 69, 42, 0, 1.01%, 0, 0, 4, 30.57, 164330, 664
778, 2, 28, 69, 42, 0, 1.01%, 0, 0, 4, 31.38, 164492, 664
784, 2, 28, 69, 42, 0, 1.01%, 0, 0, 4, 30.62, 164652, 664
789, 2, 28, 69, 42, 0, 1.01%, 0, 0, 4, 29.63, 164805, 664
794, 2, 42, 69, 42, 1, 1.01%, 0, 0, 4, 229.33, 165563, 664
799, 2, 42, 69, 42, 1, 1.01%, 0, 0, 4, 183.43, 166490, 664
804, 2, 42, 70, 43, 1, 1.01%, 0, 0, 4, 208.76, 167592, 664
809, 2, 19, 70, 43, 1, 1.01%, 0, 0, 4, 223.72, 168706, 664
814, 2, 19, 70, 43, 1, 1.01%, 0, 0, 4, 201.67, 169748, 664
819, 2, 19, 71, 44, 1, 1.01%, 0, 0, 4, 180.51, 170627, 664
824, 2, 19, 72, 45, 1, 1.01%, 0, 0, 4, 182.74, 171604, 664
829, 2, 26, 72, 45, 1, 1.01%, 0, 0, 4, 22.41, 172640, 664
834, 2, 67, 72, 45, 1, 1.01%, 0, 0, 4, 26.71, 173298, 664
840, 2, 67, 72, 45, 1, 1.01%, 0, 0, 4, 25.42, 173429, 664
845, 2, 67, 72, 45, 1, 1.01%, 0, 0, 4, 25.41, 173556, 664
850, 2, 67, 72, 45, 1, 1.01%, 0, 0, 4, 25.47, 173686, 664
855, 2, 67, 72, 45, 1, 1.01%, 0, 0, 4, 25.13, 173816, 664
860, 2, 67, 72, 45, 1, 1.01%, 0, 0, 4, 25.03, 173947, 664
865, 2, 67, 72, 45, 1, 1.01%, 0, 0, 4, 24.95, 174074, 664
870, 2, 67, 72, 45, 1, 1.01%, 0, 0, 4, 25.11, 174200, 664
875, 2, 67, 72, 45, 1, 1.01%, 0, 0, 4, 25.34, 174329, 664
881, 2, 67, 74, 47, 1, 1.01%, 0, 0, 4, 206.81, 174589, 664
886, 2, 26, 74, 46, 0, 1.01%, 0, 0, 4, 28.40, 175200, 664
891, 2, 26, 74, 46, 0, 1.01%, 0, 0, 4, 20.83, 175610, 664
896, 2, 20, 74, 46, 0, 1.01%, 0, 0, 4, 160.88, 176309, 664
901, 2, 20, 74, 46, 0, 1.01%, 0, 0, 4, 215.75, 177502, 664
906, 2, 20, 74, 46, 0, 1.01%, 0, 0, 4, 240.51, 178732, 664
911, 2, 20, 74, 46, 0, 1.01%, 0, 0, 4, 239.74, 179960, 664
916, 2, 20, 74, 46, 0, 1.01%, 0, 0, 4, 188.94, 180866, 664
921, 2, 20, 74, 46, 0, 1.01%, 0, 0, 4, 158.16, 181485, 664
927, 2, 28, 74, 46, 0, 1.01%, 0, 0, 4, 29.52, 182609, 664
932, 2, 28, 74, 46, 0, 1.01%, 0, 0, 4, 25.69, 182739, 664
937, 2, 28, 76, 48, 0, 1.01%, 0, 0, 4, 22.15, 182846, 664
942, 2, 28, 76, 48, 0, 1.01%, 0, 0, 4, 20.99, 182953, 664
947, 2, 28, 76, 48, 0, 1.01%, 0, 0, 4, 21.12, 183062, 664
952, 2, 28, 76, 48, 0, 1.01%, 0, 0, 4, 134.81, 183275, 664
957, 2, 28, 76, 48, 0, 1.01%, 0, 0, 4, 23.13, 183691, 664
962, 2, 28, 77, 49, 0, 1.01%, 0, 0, 4, 19.88, 183787, 664
968, 2, 28, 77, 49, 0, 1.01%, 0, 0, 4, 18.70, 183882, 664
973, 2, 28, 77, 49, 0, 1.01%, 0, 0, 4, 176.27, 184319, 664
978, 2, 26, 77, 49, 0, 1.01%, 0, 0, 4, 215.51, 185387, 664
983, 2, 26, 77, 49, 0, 1.01%, 0, 0, 4, 24.56, 185549, 664
988, 2, 26, 77, 49, 0, 1.01%, 0, 0, 4, 22.98, 185865, 664
993, 2, 26, 77, 49, 0, 1.01%, 0, 0, 4, 22.51, 186191, 664
998, 2, 26, 77, 49, 0, 1.01%, 0, 0, 4, 20.07, 186373, 664
1003, 2, 20, 77, 49, 0, 1.01%, 0, 0, 4, 224.27, 187031, 664
1009, 2, 20, 77, 49, 0, 1.01%, 0, 0, 4, 230.74, 188227, 664
1014, 2, 20, 77, 49, 0, 1.01%, 0, 0, 4, 242.46, 189505, 664
1019, 2, 20, 77, 49, 0, 1.01%, 0, 0, 4, 26.40, 190269, 664
1024, 2, 20, 77, 49, 0, 1.01%, 0, 0, 4, 26.60, 190403, 664
1029, 2, 20, 77, 49, 0, 1.01%, 0, 0, 4, 223.56, 191137, 664
1034, 2, 20, 77, 49, 0, 1.01%, 0, 0, 4, 209.14, 192157, 664
1039, 2, 26, 77, 49, 0, 1.01%, 0, 0, 4, 26.62, 193063, 664
1044, 2, 26, 77, 49, 0, 1.01%, 0, 0, 4, 25.53, 193415, 664
1050, 2, 26, 77, 49, 0, 1.01%, 0, 0, 4, 168.43, 193825, 664
1055, 2, 26, 77, 49, 0, 1.01%, 0, 0, 4, 208.26, 194845, 664
1060, 2, 26, 77, 49, 0, 1.01%, 0, 0, 4, 106.27, 195275, 664
1065, 2, 26, 77, 49, 0, 1.01%, 0, 0, 4, 73.27, 195700, 664
1070, 2, 26, 77, 49, 0, 1.01%, 0, 0, 4, 184.22, 196643, 664
1075, 2, 26, 77, 49, 0, 1.01%, 0, 0, 4, 205.39, 197735, 664
1081, 2, 26, 77, 49, 0, 1.01%, 0, 0, 4, 239.22, 198075, 664
1086, 2, 26, 77, 49, 0, 1.01%, 0, 0, 4, 191.36, 199083, 664
1091, 2, 26, 77, 49, 0, 1.01%, 0, 0, 4, 36.90, 199619, 664
1096, 2, 26, 77, 49, 0, 1.01%, 0, 0, 4, 17.43, 200445, 664
1101, 2, 26, 77, 49, 0, 1.01%, 0, 0, 4, 183.42, 201039, 664
1106, 2, 26, 77, 49, 0, 1.01%, 0, 0, 4, 100.00, 201255, 664
1111, 2, 26, 77, 49, 0, 1.01%, 0, 0, 4, 18.52, 202316, 664
1116, 2, 26, 77, 49, 0, 1.01%, 0, 0, 4, 31.90, 202461, 664
1121, 2, 26, 77, 49, 0, 1.01%, 0, 0, 4, 30.45, 203154, 664
1126, 2, 26, 77, 49, 0, 1.01%, 0, 0, 4, 242.05, 203953, 664
1132, 2, 26, 77, 49, 0, 1.01%, 0, 0, 4, 24.00, 204590, 664
1137, 2, 26, 77, 49, 0, 1.01%, 0, 0, 4, 73.25, 205056, 664
1142, 2, 26, 77, 49, 0, 1.01%, 0, 0, 4, 170.30, 205850, 664
1147, 2, 26, 77, 49, 0, 1.01%, 0, 0, 4, 26.41, 206853, 664
1152, 2, 26, 77, 49, 0, 1.01%, 0, 0, 4, 101.45, 207365, 664
1157, 2, 26, 77, 49, 0, 1.01%, 0, 0, 4, 208.72, 208583, 664
1163, 2, 26, 77, 49, 0, 1.01%, 0, 0, 4, 22.17, 208731, 664
1168, 2, 26, 77, 49, 0, 1.01%, 0, 0, 4, 175.42, 209167, 664
1173, 2, 26, 77, 49, 0, 1.01%, 0, 0, 4, 202.03, 210271, 664
1178, 2, 26, 77, 49, 0, 1.01%, 0, 0, 4, 20.01, 210606, 664
1183, 2, 26, 77, 49, 0, 1.01%, 0, 0, 4, 23.36, 210725, 664
1188, 2, 26, 77, 49, 0, 1.01%, 0, 0, 4, 210.00, 210891, 664
1193, 2, 26, 77, 49, 0, 1.01%, 0, 0, 4, 175.50, 211839, 664
1198, 2, 26, 77, 49, 0, 1.01%, 0, 0, 4, 235.78, 212179, 664
1203, 2, 26, 77, 49, 0, 1.01%, 0, 0, 4, 25.14, 212442, 664
1208, 2, 26, 77, 49, 0, 1.01%, 0, 0, 4, 29.47, 212590, 664
1213, 2, 26, 77, 49, 0, 1.01%, 0, 0, 4, 79.02, 212946, 664
1219, 2, 26, 77, 49, 0, 1.01%, 0, 0, 4, 16.98, 213914, 664
1224, 2, 26, 77, 49, 0, 1.01%, 0, 0, 4, 176.94, 214360, 664
1229, 2, 6, 77, 49, 0, 1.01%, 0, 0, 4, 26.20, 215241, 664
1234, 2, 26, 77, 49, 0, 1.01%, 0, 0, 4, 228.43, 216102, 664
1239, 2, 26, 77, 49, 0, 1.01%, 0, 0, 4, 20.25, 216459, 664
1244, 2, 26, 77, 49, 0, 1.01%, 0, 0, 4, 20.25, 216562, 664
1249, 2, 26, 77, 49, 0, 1.01%, 0, 0, 4, 33.95, 216844, 664
1254, 2, 26, 77, 49, 0, 1.01%, 0, 0, 4, 168.14, 217358, 664
1260, 2, 39, 77, 49, 0, 1.01%, 0, 0, 4, 22.74, 217771, 664
1265, 2, 26, 77, 49, 0, 1.01%, 0, 0, 4, 224.25, 218661, 664
1270, 2, 26, 77, 49, 0, 1.01%, 0, 0, 4, 192.28, 219597, 664
1275, 2, 26, 77, 49, 0, 1.01%, 0, 0, 4, 106.93, 219954, 664
1280, 2, 26, 77, 49, 0, 1.01%, 0, 0, 4, 24.04, 220774, 664
1285, 2, 26, 77, 49, 0, 1.01%, 0, 0, 4, 234.85, 221005, 664
1290, 2, 26, 77, 49, 0, 1.01%, 0, 0, 4, 232.19, 222129, 664
1295, 2, 26, 77, 49, 0, 1.01%, 0, 0, 4, 18.35, 222977, 664
1300, 2, 26, 77, 49, 0, 1.01%, 0, 0, 4, 179.87, 223480, 664
1305, 2, 37, 77, 49, 0, 1.01%, 0, 0, 4, 223.00, 224050, 664
1310, 2, 26, 77, 49, 0, 1.01%, 0, 0, 4, 236.77, 225004, 664
1316, 2, 26, 78, 50, 0, 1.01%, 0, 0, 4, 22.25, 225236, 664
1321, 2, 26, 78, 50, 0, 1.01%, 0, 0, 4, 18.91, 225648, 664
1326, 2, 26, 78, 50, 0, 1.01%, 0, 0, 4, 164.37, 225875, 664
1331, 2, 26, 78, 50, 0, 1.01%, 0, 0, 4, 211.08, 226312, 664
1336, 2, 26, 78, 50, 0, 1.01%, 0, 0, 4, 26.24, 227018, 664
1342, 2, 26, 78, 50, 0, 1.01%, 0, 0, 4, 20.62, 227351, 664
1347, 2, 26, 78, 50, 0, 1.01%, 0, 0, 4, 139.30, 227551, 664
1352, 2, 26, 78, 50, 0, 1.01%, 0, 0, 4, 213.49, 228726, 664
1357, 2, 26, 78, 50, 0, 1.01%, 0, 0, 4, 24.14, 229318, 664
1362, 2, 26, 78, 50, 0, 1.01%, 0, 0, 4, 23.31, 229578, 664
1367, 2, 26, 78, 50, 0, 1.01%, 0, 0, 4, 20.08, 229984, 664
1372, 2, 26, 78, 50, 0, 1.01%, 0, 0, 4, 147.12, 230242, 664
1377, 2, 26, 78, 50, 0, 1.01%, 0, 0, 4, 206.70, 231424, 664
1382, 2, 26, 78, 50, 0, 1.01%, 0, 0, 4, 24.25, 231662, 664
1387, 2, 26, 78, 50, 0, 1.01%, 0, 0, 4, 21.91, 231774, 664
1392, 2, 26, 78, 50, 0, 1.01%, 0, 0, 4, 225.37, 232724, 664
1397, 2, 26, 78, 50, 0, 1.01%, 0, 0, 4, 24.67, 232876, 664
1403, 2, 26, 78, 50, 0, 1.01%, 0, 0, 4, 236.59, 233388, 664
1408, 2, 26, 78, 50, 0, 1.01%, 0, 0, 4, 211.79, 234332, 664
1413, 2, 26, 78, 50, 0, 1.01%, 0, 0, 4, 23.33, 234906, 664
1418, 2, 26, 78, 50, 0, 1.01%, 0, 0, 4, 24.87, 235392, 664
1423, 2, 26, 78, 50, 0, 1.01%, 0, 0, 4, 44.78, 235724, 664
1428, 2, 26, 78, 50, 0, 1.01%, 0, 0, 4, 225.88, 236684, 664
1433, 2, 26, 78, 50, 0, 1.01%, 0, 0, 4, 21.45, 236922, 664
1438, 2, 26, 78, 50, 0, 1.01%, 0, 0, 4, 20.46, 237026, 664
1443, 2, 26, 78, 50, 0, 1.01%, 0, 0, 4, 23.94, 237287, 664
1448, 2, 16, 78, 50, 0, 1.01%, 0, 0, 4, 198.50, 237758, 664
1453, 2, 16, 78, 50, 0, 1.01%, 0, 0, 4, 23.65, 238346, 664
1458, 2, 16, 78, 50, 0, 1.01%, 0, 0, 4, 24.50, 238612, 664
1463, 2, 16, 78, 50, 0, 1.01%, 0, 0, 4, 155.18, 239439, 664
1469, 2, 26, 78, 50, 0, 1.01%, 0, 0, 4, 180.24, 239852, 664
1474, 2, 26, 78, 50, 0, 1.01%, 0, 0, 4, 25.81, 240273, 664
1479, 2, 26, 78, 50, 0, 1.01%, 0, 0, 4, 36.69, 240473, 664
1484, 2, 26, 78, 50, 0, 1.01%, 0, 0, 4, 116.44, 241044, 664
1489, 2, 26, 78, 50, 0, 1.01%, 0, 0, 4, 23.69, 241344, 664
1494, 2, 37, 78, 50, 0, 1.01%, 0, 0, 4, 41.54, 241684, 664
1499, 2, 37, 80, 52, 0, 1.01%, 0, 0, 4, 29.33, 241838, 664
1504, 2, 79, 80, 52, 1, 1.01%, 0, 0, 4, 41.95, 242226, 664
1509, 2, 79, 80, 52, 1, 1.01%, 0, 0, 4, 56.43, 242536, 664
1515, 2, 79, 80, 52, 1, 1.01%, 0, 0, 4, 44.11, 242765, 664
1520, 2, 79, 80, 52, 1, 1.01%, 0, 0, 4, 38.16, 242949, 664
1525, 2, 79, 80, 52, 1, 1.01%, 0, 0, 4, 36.86, 243133, 664
1530, 2, 79, 80, 52, 1, 1.01%, 0, 0, 4, 36.97, 243324, 664
1535, 2, 79, 80, 52, 1, 1.01%, 0, 0, 4, 36.44, 243514, 664
1540, 2, 26, 80, 51, 0, 1.01%, 0, 0, 4, 198.65, 244305, 664
1545, 2, 26, 80, 51, 0, 1.01%, 0, 0, 4, 206.35, 245424, 664
1550, 2, 26, 80, 51, 0, 1.01%, 0, 0, 4, 97.14, 245794, 664
1555, 2, 38, 80, 51, 0, 1.01%, 0, 0, 4, 123.07, 246404, 664
1561, 2, 16, 80, 50, 0, 1.01%, 0, 0, 4, 211.19, 247596, 664
1566, 2, 16, 80, 50, 0, 1.01%, 0, 0, 4, 19.87, 248011, 664
1571, 2, 16, 80, 50, 0, 1.01%, 0, 0, 4, 258.71, 248342, 664
1576, 2, 16, 80, 50, 0, 1.01%, 0, 0, 4, 168.99, 248599, 664
1581, 2, 16, 80, 50, 0, 1.01%, 0, 0, 4, 131.43, 248920, 664
1586, 2, 16, 80, 50, 0, 1.01%, 0, 0, 4, 238.45, 249334, 664
1591, 2, 16, 80, 50, 0, 1.01%, 0, 0, 4, 19.02, 250022, 664
1596, 2, 16, 80, 50, 0, 1.01%, 0, 0, 4, 24.01, 250142, 664
1601, 2, 16, 81, 51, 0, 1.02%, 0, 0, 4, 97.77, 250536, 671
1606, 2, 16, 81, 51, 0, 1.02%, 0, 0, 4, 258.71, 250883, 671
1611, 2, 57, 81, 51, 1, 1.02%, 0, 0, 4, 246.19, 251594, 671
1616, 2, 57, 81, 51, 1, 1.02%, 0, 0, 4, 218.97, 252720, 671
1622, 2, 16, 81, 50, 1, 1.02%, 0, 0, 4, 231.32, 253436, 671
1627, 2, 16, 81, 50, 1, 1.02%, 0, 0, 4, 21.77, 253736, 671
1632, 2, 16, 81, 50, 1, 1.02%, 0, 0, 4, 143.50, 253994, 671
1637, 2, 16, 83, 52, 1, 1.02%, 0, 0, 4, 93.44, 254457, 671
1642, 2, 16, 83, 52, 1, 1.02%, 0, 0, 4, 80.95, 254894, 671
1647, 2, 81, 83, 52, 1, 1.02%, 0, 0, 4, 152.59, 255771, 671
1652, 2, 81, 86, 55, 1, 1.58%, 0, 0, 4, 22.88, 256473, 1034
1657, 2, 81, 87, 56, 1, 1.58%, 0, 0, 4, 173.32, 257374, 1034
1663, 2, 81, 87, 56, 1, 1.58%, 0, 0, 4, 172.82, 258268, 1034
1668, 2, 81, 87, 56, 1, 1.58%, 0, 0, 4, 172.89, 259162, 1034
1673, 2, 81, 87, 56, 1, 1.58%, 0, 0, 4, 173.86, 260059, 1034
1678, 2, 81, 87, 56, 1, 1.58%, 0, 0, 4, 172.09, 260956, 1034
1683, 2, 81, 87, 56, 1, 1.58%, 0, 0, 4, 170.71, 261811, 1034
1688, 2, 81, 87, 56, 1, 1.58%, 0, 0, 4, 170.61, 262699, 1034
1693, 2, 81, 87, 56, 1, 1.58%, 0, 0, 4, 169.76, 263545, 1034
1698, 2, 81, 88, 57, 1, 1.58%, 0, 0, 4, 170.84, 264243, 1034
1703, 2, 81, 88, 57, 1, 1.58%, 0, 0, 4, 170.53, 265104, 1034
1708, 2, 81, 88, 57, 1, 1.58%, 0, 0, 4, 171.16, 265959, 1034
1714, 2, 81, 89, 58, 1, 1.58%, 0, 0, 4, 173.06, 266675, 1034
1719, 2, 81, 89, 58, 1, 1.58%, 0, 0, 4, 171.75, 267536, 1034
1724, 2, 81, 89, 58, 1, 1.58%, 0, 0, 4, 171.43, 268427, 1034
1729, 2, 81, 90, 59, 1, 1.59%, 0, 0, 4, 170.81, 269131, 1045
1734, 2, 81, 91, 60, 1, 1.60%, 0, 0, 4, 173.54, 269829, 1046
1739, 2, 81, 92, 61, 1, 1.61%, 0, 0, 4, 171.71, 270710, 1053
1744, 2, 81, 92, 61, 1, 1.61%, 0, 0, 4, 172.19, 271610, 1053
1750, 2, 81, 92, 61, 1, 1.61%, 0, 0, 4, 170.52, 272492, 1053
1755, 2, 81, 92, 61, 1, 1.61%, 0, 0, 4, 168.38, 273320, 1053
1760, 2, 81, 92, 61, 1, 1.61%, 0, 0, 4, 173.73, 274223, 1053
1765, 2, 81, 95, 64, 1, 1.61%, 0, 0, 4, 23.97, 274803, 1056
1770, 2, 81, 97, 66, 1, 1.61%, 0, 0, 4, 23.95, 274926, 1056
1775, 2, 81, 98, 67, 1, 1.61%, 0, 0, 4, 24.39, 275047, 1056
1780, 2, 81, 98, 67, 1, 1.61%, 0, 0, 4, 23.61, 275167, 1056
1785, 2, 81, 98, 67, 1, 1.61%, 0, 0, 4, 23.62, 275287, 1056
1791, 2, 81, 98, 67, 1, 1.61%, 0, 0, 4, 23.27, 275408, 1056
1796, 2, 81, 98, 67, 1, 1.61%, 0, 0, 4, 24.15, 275533, 1056
1801, 2, 81, 99, 68, 1, 1.61%, 0, 0, 4, 24.23, 275656, 1056
1806, 2, 81, 99, 68, 1, 1.61%, 0, 0, 4, 23.88, 275776, 1056
1811, 2, 81, 99, 68, 1, 1.61%, 0, 0, 4, 24.21, 275899, 1056
1816, 2, 81, 99, 68, 1, 1.61%, 0, 0, 4, 24.10, 276021, 1056
1821, 2, 81, 99, 68, 1, 1.61%, 0, 0, 4, 24.45, 276144, 1056
1826, 2, 81, 99, 68, 1, 1.61%, 0, 0, 4, 23.94, 276264, 1056
1831, 2, 81, 99, 68, 1, 1.61%, 0, 0, 4, 25.32, 276394, 1056
1836, 2, 81, 99, 68, 1, 1.61%, 0, 0, 4, 23.99, 276514, 1056
1841, 2, 81, 99, 68, 1, 1.61%, 0, 0, 4, 24.76, 276640, 1056
1847, 2, 81, 99, 68, 1, 1.61%, 0, 0, 4, 24.09, 276762, 1056
1852, 2, 81, 99, 68, 1, 1.61%, 0, 0, 4, 23.51, 276882, 1056
1857, 2, 81, 99, 68, 1, 1.61%, 0, 0, 4, 23.46, 277004, 1056
1862, 2, 81, 100, 69, 1, 1.62%, 0, 0, 4, 22.92, 277103, 1062
1867, 2, 81, 100, 69, 1, 1.62%, 0, 0, 4, 26.83, 277557, 1062
1872, 2, 81, 100, 69, 1, 1.62%, 0, 0, 4, 24.34, 277812, 1062
1877, 2, 91, 100, 68, 6, 1.62%, 0, 0, 4, 8.33, 277907, 1062
1882, 2, 91, 100, 68, 6, 1.62%, 0, 0, 4, 8.21, 277949, 1062
1888, 2, 91, 100, 68, 6, 1.62%, 0, 0, 4, 8.35, 277992, 1062
1893, 2, 91, 100, 68, 6, 1.62%, 0, 0, 4, 8.50, 278037, 1062
1898, 2, 91, 100, 68, 6, 1.62%, 0, 0, 4, 8.37, 278079, 1062
1903, 2, 91, 100, 68, 6, 1.62%, 0, 0, 4, 8.49, 278122, 1062
1908, 2, 91, 100, 68, 6, 1.62%, 0, 0, 4, 8.34, 278164, 1062
1913, 2, 91, 100, 68, 6, 1.62%, 0, 0, 4, 74.21, 278385, 1062
1918, 2, 91, 100, 68, 6, 1.62%, 0, 0, 4, 94.94, 278901, 1062
1924, 2, 91, 101, 69, 6, 1.62%, 0, 0, 5, 17.18, 279414, 1062
1929, 2, 91, 101, 69, 6, 1.62%, 0, 0, 5, 126.69, 280066, 1062
1934, 2, 91, 101, 69, 6, 1.62%, 0, 0, 5, 122.40, 280680, 1062
1939, 2, 91, 101, 69, 6, 1.62%, 0, 0, 5, 126.75, 281322, 1062
1945, 2, 91, 101, 69, 6, 1.62%, 0, 0, 5, 123.10, 281954, 1062
1950, 2, 91, 101, 69, 6, 1.62%, 0, 0, 5, 125.97, 282588, 1062
1955, 2, 91, 101, 69, 6, 1.62%, 0, 0, 5, 122.37, 283202, 1062
1960, 2, 91, 101, 69, 6, 1.62%, 0, 0, 5, 122.93, 283810, 1062
1965, 2, 91, 101, 69, 6, 1.62%, 0, 0, 5, 23.15, 284054, 1062
1970, 2, 91, 101, 69, 6, 1.62%, 0, 0, 5, 24.60, 284182, 1062
1975, 2, 91, 101, 69, 6, 1.62%, 0, 0, 5, 193.59, 284620, 1062
1980, 2, 91, 101, 69, 6, 1.62%, 0, 0, 5, 19.33, 285130, 1062
1985, 2, 91, 101, 69, 6, 1.62%, 0, 0, 5, 21.62, 285245, 1062
1990, 2, 91, 101, 69, 6, 1.62%, 0, 0, 5, 21.02, 285350, 1062
1995, 2, 91, 101, 69, 6, 1.62%, 0, 0, 5, 20.65, 285722, 1062
2001, 2, 91, 101, 69, 6, 1.62%, 0, 0, 5, 21.10, 285830, 1062
2006, 2, 91, 101, 69, 6, 1.62%, 0, 0, 5, 21.12, 285938, 1062
2011, 2, 91, 101, 69, 6, 1.62%, 0, 0, 5, 16.74, 286021, 1062
2016, 2, 91, 101, 69, 6, 1.62%, 0, 0, 5, 15.95, 286099, 1062
2021, 2, 91, 101, 69, 6, 1.62%, 0, 0, 5, 15.85, 286178, 1062
2026, 2, 91, 102, 70, 6, 1.62%, 0, 0, 5, 13.66, 286237, 1062
2031, 2, 91, 102, 70, 6, 1.62%, 0, 0, 5, 13.51, 286307, 1062
2036, 2, 91, 102, 70, 6, 1.62%, 0, 0, 5, 13.76, 286379, 1062
2042, 2, 91, 102, 70, 6, 1.62%, 0, 0, 5, 16.09, 286468, 1062
2047, 2, 91, 103, 71, 6, 1.62%, 0, 0, 5, 14.22, 286533, 1062
2052, 2, 91, 103, 71, 6, 1.62%, 0, 0, 5, 15.25, 286617, 1062
2057, 2, 91, 103, 71, 6, 1.62%, 0, 0, 5, 14.22, 286690, 1062
2062, 2, 91, 104, 72, 6, 1.62%, 0, 0, 5, 12.06, 286743, 1062
2067, 2, 91, 104, 72, 6, 1.62%, 0, 0, 5, 14.36, 286824, 1062
2072, 2, 91, 104, 72, 6, 1.62%, 0, 0, 5, 15.79, 286909, 1062
2077, 2, 91, 104, 72, 6, 1.62%, 0, 0, 5, 18.70, 287015, 1062
2083, 2, 91, 104, 72, 6, 1.62%, 0, 0, 5, 14.77, 287084, 1062
2088, 2, 91, 104, 72, 6, 1.62%, 0, 0, 5, 15.86, 287170, 1062
2093, 2, 91, 104, 72, 6, 1.62%, 0, 0, 5, 13.75, 287237, 1062
2098, 2, 91, 104, 72, 6, 1.62%, 0, 0, 5, 14.77, 287316, 1062
2103, 2, 91, 104, 72, 6, 1.62%, 0, 0, 5, 15.61, 287401, 1062
2108, 2, 91, 104, 72, 6, 1.62%, 0, 0, 5, 15.96, 287485, 1062
2113, 2, 91, 104, 72, 6, 1.62%, 0, 0, 5, 14.46, 287561, 1062
2118, 2, 91, 104, 72, 6, 1.62%, 0, 0, 5, 14.27, 287639, 1062
2124, 2, 91, 104, 72, 6, 1.62%, 0, 0, 5, 14.85, 287717, 1062
2129, 2, 91, 104, 72, 6, 1.62%, 0, 0, 5, 14.73, 287794, 1062
2134, 2, 91, 104, 72, 6, 1.62%, 0, 0, 5, 12.99, 287859, 1062
2139, 2, 91, 104, 72, 6, 1.62%, 0, 0, 5, 16.97, 287948, 1062
2144, 2, 91, 104, 72, 6, 1.62%, 0, 0, 5, 15.56, 288025, 1062
2149, 2, 91, 104, 72, 6, 1.62%, 0, 0, 5, 13.44, 288090, 1062
2154, 2, 91, 104, 72, 6, 1.62%, 0, 0, 5, 13.85, 288162, 1062
2159, 2, 91, 104, 72, 6, 1.62%, 0, 0, 5, 14.91, 288242, 1062
2164, 2, 91, 104, 72, 6, 1.62%, 0, 0, 5, 242.49, 288508, 1062
2169, 2, 91, 104, 72, 6, 1.62%, 0, 0, 5, 18.45, 288935, 1062
2174, 2, 91, 104, 72, 6, 1.62%, 0, 0, 5, 19.01, 289034, 1062
2180, 2, 91, 104, 72, 6, 1.62%, 0, 0, 5, 18.61, 289130, 1062
2185, 2, 91, 104, 72, 6, 1.62%, 0, 0, 5, 24.33, 289493, 1062
2190, 2, 91, 104, 72, 6, 1.62%, 0, 0, 5, 25.19, 289620, 1062
2195, 2, 91, 105, 73, 6, 1.62%, 0, 0, 5, 24.78, 289732, 1062
2200, 2, 91, 105, 73, 6, 1.62%, 0, 0, 5, 24.94, 289859, 1062
2205, 2, 91, 105, 73, 6, 1.62%, 0, 0, 5, 25.50, 289987, 1062
2210, 2, 91, 105, 73, 6, 1.62%, 0, 0, 5, 23.67, 290105, 1062
2215, 2, 91, 105, 73, 6, 1.62%, 0, 0, 5, 22.44, 290219, 1062
2220, 2, 91, 105, 73, 6, 1.62%, 0, 0, 5, 180.00, 290366, 1062
2225, 2, 91, 105, 72, 5, 1.62%, 0, 0, 5, 141.76, 291096, 1062
2230, 2, 91, 105, 72, 5, 1.62%, 0, 0, 5, 123.24, 291686, 1062
2235, 2, 91, 105, 72, 5, 1.62%, 0, 0, 5, 118.59, 292276, 1062
2240, 2, 91, 105, 72, 5, 1.62%, 0, 0, 5, 125.63, 292936, 1062
2245, 2, 91, 105, 72, 5, 1.62%, 0, 0, 5, 20.18, 293615, 1062
2251, 2, 91, 105, 72, 5, 1.62%, 0, 0, 5, 19.31, 293711, 1062
2256, 2, 91, 106, 73, 5, 1.62%, 0, 0, 5, 18.88, 293790, 1062
2261, 2, 91, 106, 73, 5, 1.62%, 0, 0, 5, 19.29, 293890, 1062
2266, 2, 91, 106, 73, 5, 1.62%, 0, 0, 5, 19.70, 293992, 1062
2271, 2, 91, 106, 73, 5, 1.62%, 0, 0, 5, 19.03, 294089, 1062
2276, 2, 91, 106, 73, 5, 1.62%, 0, 0, 5, 18.64, 294182, 1062
2281, 2, 91, 106, 73, 5, 1.62%, 0, 0, 5, 256.22, 294375, 1062
2286, 2, 91, 106, 73, 5, 1.62%, 0, 0, 5, 21.88, 294694, 1062
2291, 2, 91, 106, 73, 5, 1.62%, 0, 0, 5, 22.35, 294807, 1062
2296, 2, 91, 106, 73, 5, 1.62%, 0, 0, 5, 22.18, 294919, 1062
2302, 2, 91, 106, 73, 5, 1.62%, 0, 0, 5, 157.40, 295702, 1062
2307, 2, 91, 106, 73, 5, 1.62%, 0, 0, 5, 139.48, 296258, 1062
2312, 2, 91, 106, 73, 5, 1.62%, 0, 0, 5, 11.36, 296316, 1062
2317, 2, 91, 106, 73, 5, 1.62%, 0, 0, 5, 14.06, 296397, 1062
2322, 2, 91, 106, 73, 5, 1.62%, 0, 0, 5, 14.32, 296468, 1062
2327, 2, 91, 106, 73, 5, 1.62%, 0, 0, 5, 14.02, 296542, 1062
2332, 2, 91, 106, 73, 5, 1.62%, 0, 0, 5, 250.19, 297008, 1062
2337, 2, 91, 106, 73, 5, 1.62%, 0, 0, 5, 37.59, 297665, 1062
2343, 2, 91, 106, 73, 5, 1.62%, 0, 0, 5, 39.23, 297867, 1062
2348, 2, 26, 106, 73, 5, 1.62%, 0, 0, 5, 210.34, 298761, 1062
2353, 2, 26, 106, 73, 5, 1.62%, 0, 0, 5, 22.94, 299198, 1062
2358, 2, 26, 106, 73, 5, 1.62%, 0, 0, 5, 32.88, 299713, 1062
2363, 2, 40, 106, 73, 5, 1.62%, 0, 0, 5, 232.37, 300885, 1062
2368, 2, 40, 106, 73, 5, 1.62%, 0, 0, 5, 153.81, 301623, 1062
2373, 2, 40, 106, 73, 5, 1.62%, 0, 0, 5, 22.31, 301922, 1062
2378, 2, 95, 106, 72, 5, 1.62%, 0, 0, 5, 34.89, 302620, 1062
2383, 2, 95, 106, 72, 5, 1.62%, 0, 0, 5, 30.82, 302775, 1062
2388, 2, 95, 106, 72, 5, 1.62%, 0, 0, 5, 30.15, 302930, 1062
2394, 2, 95, 106, 72, 5, 1.62%, 0, 0, 5, 29.76, 303081, 1062
2399, 2, 95, 106, 72, 5, 1.62%, 0, 0, 5, 29.94, 303237, 1062
2404, 2, 95, 106, 72, 5, 1.62%, 0, 0, 5, 29.69, 303391, 1062
2409, 2, 95, 106, 72, 5, 1.62%, 0, 0, 5, 29.23, 303541, 1062
2414, 2, 95, 106, 72, 5, 1.62%, 0, 0, 5, 29.49, 303694, 1062
2419, 2, 95, 106, 72, 5, 1.62%, 0, 0, 5, 30.84, 303852, 1062
2424, 2, 95, 106, 72, 5, 1.62%, 0, 0, 5, 31.51, 304013, 1062
2430, 2, 95, 106, 72, 5, 1.62%, 0, 0, 5, 31.86, 304178, 1062
2435, 2, 95, 106, 72, 5, 1.62%, 0, 0, 5, 31.80, 304337, 1062
2440, 2, 95, 106, 72, 5, 1.62%, 0, 0, 5, 32.31, 304668, 1062
2445, 2, 95, 106, 72, 5, 1.62%, 0, 0, 5, 151.81, 305399, 1062
2450, 2, 95, 106, 72, 5, 1.62%, 0, 0, 5, 27.50, 305861, 1062
2455, 2, 38, 106, 71, 4, 1.62%, 0, 0, 5, 216.72, 306863, 1062
2460, 2, 38, 106, 71, 4, 1.62%, 0, 0, 5, 18.28, 307231, 1062
2466, 2, 38, 106, 71, 4, 1.62%, 0, 0, 5, 12.69, 307286, 1062
2471, 2, 38, 106, 71, 4, 1.62%, 0, 0, 5, 10.73, 307338, 1062
2476, 2, 38, 106, 71, 4, 1.62%, 0, 0, 5, 8.13, 307862, 1062
2481, 2, 38, 106, 71, 4, 1.62%, 0, 0, 5, 10.02, 307918, 1062
2486, 2, 38, 106, 71, 4, 1.62%, 0, 0, 5, 10.08, 307970, 1062
2491, 2, 38, 106, 71, 4, 1.62%, 0, 0, 5, 106.98, 308084, 1062
2496, 2, 38, 106, 71, 4, 1.62%, 0, 0, 5, 140.96, 308936, 1062
2501, 2, 38, 106, 71, 4, 1.62%, 0, 0, 5, 114.43, 309443, 1062
2506, 2, 100, 106, 71, 4, 1.62%, 0, 0, 5, 8.97, 309709, 1062
2511, 2, 100, 106, 71, 4, 1.62%, 0, 0, 5, 8.88, 309753, 1062
2516, 2, 100, 106, 71, 4, 1.62%, 0, 0, 5, 8.67, 309796, 1062
2521, 2, 100, 106, 71, 4, 1.62%, 0, 0, 5, 8.59, 309839, 1062
2526, 2, 100, 106, 71, 4, 1.62%, 0, 0, 5, 8.50, 309882, 1062
2531, 2, 100, 106, 71, 4, 1.62%, 0, 0, 5, 8.60, 309925, 1062
2536, 2, 100, 106, 71, 4, 1.62%, 0, 0, 5, 8.42, 309967, 1062
2542, 2, 100, 106, 71, 4, 1.62%, 0, 0, 5, 8.50, 310011, 1062
2547, 2, 100, 106, 71, 4, 1.62%, 0, 0, 5, 8.56, 310055, 1062
2552, 2, 100, 106, 71, 4, 1.62%, 0, 0, 5, 8.38, 310097, 1062
2557, 2, 100, 106, 71, 4, 1.62%, 0, 0, 5, 8.33, 310139, 1062
2562, 2, 100, 106, 71, 4, 1.62%, 0, 0, 5, 8.75, 310183, 1062
2567, 2, 100, 106, 71, 4, 1.62%, 0, 0, 5, 8.46, 310225, 1062
2572, 2, 100, 106, 71, 4, 1.62%, 0, 0, 5, 8.37, 310267, 1062
2577, 2, 100, 106, 71, 4, 1.62%, 0, 0, 5, 8.82, 310311, 1062
2582, 2, 100, 106, 71, 4, 1.62%, 0, 0, 5, 8.46, 310353, 1062
2587, 2, 100, 106, 71, 4, 1.62%, 0, 0, 5, 8.89, 310398, 1062
2592, 2, 100, 106, 71, 4, 1.62%, 0, 0, 5, 8.51, 310440, 1062
2597, 2, 100, 106, 71, 4, 1.62%, 0, 0, 5, 8.40, 310482, 1062
2602, 2, 100, 106, 71, 4, 1.62%, 0, 0, 5, 8.37, 310524, 1062
2607, 2, 100, 106, 71, 4, 1.62%, 0, 0, 5, 8.30, 310566, 1062
2612, 2, 100, 106, 71, 4, 1.62%, 0, 0, 5, 8.30, 310608, 1062
2617, 2, 100, 106, 71, 4, 1.62%, 0, 0, 5, 8.33, 310650, 1062
2622, 2, 100, 106, 71, 4, 1.62%, 0, 0, 5, 8.95, 310695, 1062
2627, 2, 100, 106, 71, 4, 1.62%, 0, 0, 5, 8.51, 310737, 1062
2632, 2, 100, 106, 71, 4, 1.62%, 0, 0, 5, 8.40, 310779, 1062
2637, 2, 100, 106, 71, 4, 1.62%, 0, 0, 5, 8.38, 310821, 1062
2642, 2, 100, 106, 71, 4, 1.62%, 0, 0, 5, 8.33, 310863, 1062
2647, 2, 100, 106, 71, 4, 1.62%, 0, 0, 5, 8.32, 310905, 1062
2652, 2, 100, 106, 71, 4, 1.62%, 0, 0, 5, 8.72, 310949, 1062
2657, 2, 100, 106, 71, 4, 1.62%, 0, 0, 5, 14.53, 311033, 1062
2663, 2, 100, 106, 71, 4, 1.62%, 0, 0, 5, 13.76, 311103, 1062
2668, 2, 100, 106, 71, 4, 1.62%, 0, 0, 5, 15.56, 311290, 1062
2673, 2, 68, 106, 70, 3, 1.62%, 0, 0, 5, 22.55, 311505, 1062
2678, 2, 68, 106, 70, 3, 1.62%, 0, 0, 5, 22.06, 311615, 1062
2683, 2, 68, 106, 70, 3, 1.62%, 0, 0, 5, 21.70, 311725, 1062
2688, 2, 68, 106, 70, 3, 1.62%, 0, 0, 5, 21.55, 311835, 1062
2693, 2, 68, 106, 70, 3, 1.62%, 0, 0, 5, 21.54, 311945, 1062
2698, 2, 68, 106, 70, 3, 1.62%, 0, 0, 5, 21.59, 312055, 1062
2704, 2, 68, 106, 70, 3, 1.62%, 0, 0, 5, 21.69, 312165, 1062
2709, 2, 68, 106, 70, 3, 1.62%, 0, 0, 5, 21.70, 312275, 1062
2714, 2, 68, 106, 70, 3, 1.62%, 0, 0, 5, 21.76, 312385, 1062
2719, 2, 68, 106, 70, 3, 1.62%, 0, 0, 5, 21.72, 312495, 1062
2724, 2, 68, 106, 70, 3, 1.62%, 0, 0, 5, 26.60, 312627, 1062
2729, 2, 26, 106, 69, 3, 1.62%, 0, 0, 5, 182.74, 313200, 1062
2734, 2, 26, 106, 69, 3, 1.62%, 0, 0, 5, 177.31, 313648, 1062
2739, 2, 26, 106, 69, 3, 1.62%, 0, 0, 5, 18.44, 313788, 1062
2744, 2, 26, 106, 69, 3, 1.62%, 0, 0, 5, 186.12, 313930, 1062
2749, 2, 91, 106, 69, 3, 1.62%, 0, 0, 5, 132.97, 314466, 1062
2754, 2, 91, 106, 69, 3, 1.62%, 0, 0, 5, 134.54, 315134, 1062
2760, 2, 91, 106, 69, 3, 1.62%, 0, 0, 5, 24.41, 315496, 1062
2765, 2, 91, 106, 69, 3, 1.62%, 0, 0, 5, 226.51, 315734, 1062
2770, 2, 91, 106, 69, 3, 1.62%, 0, 0, 5, 10.03, 315968, 1062
2775, 2, 91, 106, 69, 3, 1.62%, 0, 0, 5, 9.54, 316016, 1062
2780, 2, 91, 106, 69, 3, 1.62%, 0, 0, 5, 9.64, 316066, 1062
2785, 2, 91, 106, 69, 3, 1.62%, 0, 0, 5, 12.19, 316121, 1062
2790, 2, 91, 107, 70, 3, 1.62%, 0, 0, 5, 16.77, 316208, 1063
2796, 2, 91, 107, 70, 3, 1.62%, 0, 0, 5, 18.64, 316308, 1063
2801, 2, 91, 107, 70, 3, 1.62%, 0, 0, 5, 19.15, 316409, 1063
2806, 2, 91, 107, 70, 3, 1.62%, 0, 0, 5, 37.28, 316698, 1063
2811, 2, 91, 107, 70, 3, 1.62%, 0, 0, 5, 27.30, 316830, 1063
2816, 2, 91, 107, 70, 3, 1.62%, 0, 0, 5, 251.30, 317096, 1063
2821, 2, 91, 108, 71, 3, 1.62%, 0, 0, 5, 7.91, 317445, 1063
2826, 2, 91, 108, 71, 3, 1.62%, 0, 0, 5, 8.22, 317488, 1063
2831, 2, 91, 108, 71, 3, 1.62%, 0, 0, 5, 8.50, 317532, 1063
2836, 2, 91, 108, 71, 3, 1.62%, 0, 0, 5, 8.68, 317577, 1063
2842, 2, 91, 108, 71, 3, 1.62%, 0, 0, 5, 8.69, 317623, 1063
2847, 2, 91, 108, 71, 3, 1.62%, 0, 0, 5, 8.54, 317667, 1063
2852, 2, 91, 108, 71, 3, 1.62%, 0, 0, 5, 8.38, 317710, 1063
2857, 2, 91, 108, 71, 3, 1.62%, 0, 0, 5, 8.66, 317756, 1063
2862, 2, 91, 108, 71, 3, 1.62%, 0, 0, 5, 20.85, 317877, 1063
2867, 2, 104, 108, 71, 4, 1.62%, 0, 0, 5, 9.61, 318265, 1063
2872, 2, 104, 108, 71, 4, 1.62%, 0, 0, 5, 8.02, 318303, 1063
2878, 2, 104, 108, 71, 4, 1.62%, 0, 0, 5, 7.68, 318341, 1063
2883, 2, 104, 108, 71, 4, 1.62%, 0, 0, 5, 7.56, 318379, 1063
2888, 2, 104, 108, 71, 4, 1.62%, 0, 0, 5, 7.52, 318417, 1063
2893, 2, 104, 108, 71, 4, 1.62%, 0, 0, 5, 7.44, 318455, 1063
2898, 2, 104, 108, 71, 4, 1.62%, 0, 0, 5, 7.42, 318493, 1063
2903, 2, 104, 108, 71, 4, 1.62%, 0, 0, 5, 7.48, 318531, 1063
2908, 2, 104, 108, 71, 4, 1.62%, 0, 0, 5, 7.48, 318569, 1063
2913, 2, 104, 108, 71, 4, 1.62%, 0, 0, 5, 7.40, 318607, 1063
2918, 2, 104, 108, 71, 4, 1.62%, 0, 0, 5, 7.30, 318643, 1063
2923, 2, 104, 108, 71, 4, 1.62%, 0, 0, 5, 7.28, 318681, 1063
2929, 2, 104, 108, 71, 4, 1.62%, 0, 0, 5, 7.39, 318719, 1063
2934, 2, 104, 108, 71, 4, 1.62%, 0, 0, 5, 7.42, 318757, 1063
2939, 2, 104, 108, 71, 4, 1.62%, 0, 0, 5, 7.45, 318795, 1063
2944, 2, 104, 108, 71, 4, 1.62%, 0, 0, 5, 7.47, 318833, 1063
2949, 2, 104, 108, 71, 4, 1.62%, 0, 0, 5, 7.48, 318871, 1063
2954, 2, 104, 108, 71, 4, 1.62%, 0, 0, 5, 7.50, 318909, 1063
2959, 2, 104, 108, 71, 4, 1.62%, 0, 0, 5, 7.49, 318947, 1063
2964, 2, 104, 108, 71, 4, 1.62%, 0, 0, 5, 7.50, 318985, 1063
2969, 2, 104, 108, 71, 4, 1.62%, 0, 0, 5, 7.50, 319023, 1063
2974, 2, 104, 108, 71, 4, 1.62%, 0, 0, 5, 7.46, 319061, 1063
2979, 2, 104, 108, 71, 4, 1.62%, 0, 0, 5, 7.45, 319099, 1063
2984, 2, 104, 108, 71, 4, 1.62%, 0, 0, 5, 7.47, 319137, 1063
2990, 2, 104, 108, 71, 4, 1.62%, 0, 0, 5, 7.47, 319175, 1063
2995, 2, 104, 108, 71, 4, 1.62%, 0, 0, 5, 7.45, 319213, 1063
3000, 2, 104, 108, 71, 4, 1.62%, 0, 0, 5, 7.43, 319251, 1063
3005, 2, 104, 108, 71, 4, 1.62%, 0, 0, 5, 7.41, 319289, 1063
3010, 2, 104, 108, 71, 4, 1.62%, 0, 0, 5, 10.45, 319344, 1063
3015, 2, 104, 108, 71, 4, 1.62%, 0, 0, 5, 10.06, 319396, 1063
3020, 2, 104, 108, 71, 4, 1.62%, 0, 0, 5, 10.06, 319448, 1063
3025, 2, 104, 108, 71, 4, 1.62%, 0, 0, 5, 100.44, 319574, 1063
3030, 2, 91, 108, 70, 3, 1.62%, 0, 0, 5, 82.03, 319876, 1063
3036, 2, 91, 108, 70, 3, 1.62%, 0, 0, 5, 119.30, 320541, 1063
3041, 2, 91, 108, 70, 3, 1.62%, 0, 0, 5, 22.22, 321154, 1063
3046, 2, 91, 108, 70, 3, 1.62%, 0, 0, 5, 24.70, 321281, 1063
3051, 2, 91, 108, 70, 3, 1.62%, 0, 0, 5, 151.29, 321911, 1063
3056, 2, 91, 108, 70, 3, 1.62%, 0, 0, 5, 9.63, 322166, 1063
3061, 2, 91, 108, 70, 3, 1.62%, 0, 0, 5, 8.48, 322208, 1063
3067, 2, 91, 108, 70, 3, 1.62%, 0, 0, 5, 8.20, 322250, 1063
3072, 2, 91, 108, 70, 3, 1.62%, 0, 0, 5, 8.28, 322292, 1063
3077, 2, 91, 108, 70, 3, 1.62%, 0, 0, 5, 33.18, 322545, 1063
3082, 2, 91, 108, 70, 3, 1.62%, 0, 0, 5, 23.14, 322652, 1063
3087, 2, 91, 108, 70, 3, 1.62%, 0, 0, 5, 18.17, 322737, 1063
3092, 2, 91, 108, 70, 3, 1.62%, 0, 0, 5, 8.52, 322969, 1063
3097, 2, 91, 108, 70, 3, 1.62%, 0, 0, 5, 8.16, 323008, 1063
3102, 2, 91, 108, 70, 3, 1.62%, 0, 0, 5, 8.12, 323049, 1063
3108, 2, 91, 108, 70, 3, 1.62%, 0, 0, 5, 8.16, 323091, 1063
3113, 2, 91, 108, 70, 3, 1.62%, 0, 0, 5, 10.80, 323147, 1063
3118, 2, 91, 108, 70, 3, 1.62%, 0, 0, 5, 11.78, 323210, 1063
3123, 2, 91, 108, 70, 3, 1.62%, 0, 0, 5, 12.41, 323273, 1063
3128, 2, 91, 108, 70, 3, 1.62%, 0, 0, 5, 127.83, 323889, 1063
3133, 2, 91, 108, 70, 3, 1.62%, 0, 0, 5, 123.59, 324525, 1063
3138, 2, 91, 108, 70, 3, 1.62%, 0, 0, 5, 101.84, 325052, 1063
3143, 2, 91, 108, 70, 3, 1.62%, 0, 0, 5, 53.18, 325260, 1063
3148, 2, 91, 108, 70, 3, 1.62%, 0, 0, 5, 20.80, 325967, 1063
3153, 2, 91, 108, 70, 3, 1.62%, 0, 0, 5, 21.93, 326079, 1063
3158, 2, 91, 108, 70, 3, 1.62%, 0, 0, 5, 21.32, 326487, 1063
3163, 2, 91, 108, 70, 3, 1.62%, 0, 0, 5, 20.97, 326592, 1063
3169, 2, 91, 108, 70, 3, 1.62%, 0, 0, 5, 20.59, 326851, 1063
3174, 2, 91, 108, 70, 3, 1.62%, 0, 0, 5, 22.98, 326966, 1063
3179, 2, 91, 108, 70, 3, 1.62%, 0, 0, 5, 221.83, 327294, 1063
3184, 2, 91, 108, 70, 3, 1.62%, 0, 0, 5, 146.98, 327935, 1063
3189, 2, 91, 108, 70, 3, 1.62%, 0, 0, 5, 129.34, 328535, 1063
3194, 2, 91, 108, 70, 3, 1.62%, 0, 0, 5, 156.70, 329297, 1063
3199, 2, 91, 108, 70, 3, 1.62%, 0, 0, 5, 24.72, 329504, 1063
3204, 2, 91, 108, 70, 3, 1.62%, 0, 0, 5, 24.97, 329627, 1063
3210, 2, 91, 108, 70, 3, 1.62%, 0, 0, 5, 22.11, 329742, 1063
3215, 2, 91, 108, 70, 3, 1.62%, 0, 0, 5, 15.85, 329813, 1063
3220, 2, 91, 108, 70, 3, 1.62%, 0, 0, 5, 14.34, 329887, 1063
3225, 2, 91, 108, 70, 3, 1.62%, 0, 0, 5, 26.24, 330039, 1063
3230, 2, 91, 108, 70, 3, 1.62%, 0, 0, 5, 24.36, 330760, 1063
3235, 2, 91, 108, 70, 3, 1.62%, 0, 0, 5, 22.08, 330868, 1063
3240, 2, 91, 108, 70, 3, 1.62%, 0, 0, 5, 38.80, 331102, 1063
3245, 2, 91, 108, 70, 3, 1.62%, 0, 0, 5, 66.57, 331390, 1063
3250, 2, 91, 108, 70, 3, 1.62%, 0, 0, 5, 115.12, 332019, 1063
3256, 2, 91, 108, 70, 3, 1.62%, 0, 0, 5, 145.07, 332713, 1063
3261, 2, 91, 108, 70, 3, 1.62%, 0, 0, 5, 8.81, 333705, 1063
3266, 2, 91, 108, 70, 3, 1.62%, 0, 0, 5, 10.96, 333769, 1063
3271, 2, 91, 108, 70, 3, 1.62%, 0, 0, 5, 12.02, 333832, 1063
3276, 2, 91, 108, 70, 3, 1.62%, 0, 0, 5, 155.36, 334166, 1063
3281, 2, 91, 108, 70, 3, 1.62%, 0, 0, 5, 25.05, 334581, 1063
3287, 2, 91, 108, 70, 3, 1.62%, 0, 0, 5, 32.51, 334732, 1063
3292, 2, 91, 108, 70, 3, 1.62%, 0, 0, 5, 31.05, 334924, 1063
3297, 2, 91, 108, 70, 3, 1.62%, 0, 0, 5, 50.84, 335131, 1063
3302, 2, 91, 108, 70, 3, 1.62%, 0, 0, 5, 116.79, 335793, 1063
3307, 2, 91, 108, 70, 3, 1.62%, 0, 0, 5, 104.84, 336358, 1063
3312, 2, 91, 108, 70, 3, 1.62%, 0, 0, 5, 42.87, 336485, 1063
3317, 2, 91, 108, 70, 3, 1.62%, 0, 0, 5, 7.84, 337015, 1063
3322, 2, 91, 108, 70, 3, 1.62%, 0, 0, 5, 8.73, 337061, 1063
3328, 2, 91, 108, 70, 3, 1.62%, 0, 0, 5, 8.86, 337107, 1063
3333, 2, 91, 108, 70, 3, 1.62%, 0, 0, 5, 8.66, 337151, 1063
3338, 2, 91, 108, 70, 3, 1.62%, 0, 0, 5, 19.93, 337832, 1063
3343, 2, 91, 108, 70, 3, 1.62%, 0, 0, 5, 20.22, 337932, 1063
3348, 2, 91, 108, 70, 3, 1.62%, 0, 0, 5, 27.52, 338173, 1063
3353, 2, 91, 108, 70, 3, 1.62%, 0, 0, 5, 17.10, 338240, 1063
3358, 2, 91, 108, 70, 3, 1.62%, 0, 0, 5, 14.29, 338309, 1063
3363, 2, 90, 108, 70, 3, 1.62%, 0, 0, 5, 13.43, 338838, 1063
3368, 2, 90, 108, 70, 3, 1.62%, 0, 0, 5, 9.92, 338883, 1063
3373, 2, 90, 108, 70, 3, 1.62%, 0, 0, 5, 9.04, 338928, 1063
3378, 2, 90, 108, 70, 3, 1.62%, 0, 0, 5, 8.92, 338972, 1063
3383, 2, 90, 108, 70, 3, 1.62%, 0, 0, 5, 8.96, 339017, 1063
3388, 2, 90, 108, 70, 3, 1.62%, 0, 0, 5, 8.51, 339059, 1063
3393, 2, 90, 108, 70, 3, 1.62%, 0, 0, 5, 8.47, 339102, 1063
3398, 2, 90, 108, 70, 3, 1.62%, 0, 0, 5, 8.54, 339146, 1063
3403, 2, 90, 108, 70, 3, 1.62%, 0, 0, 5, 8.81, 339190, 1063
3409, 2, 90, 108, 70, 3, 1.62%, 0, 0, 5, 8.77, 339234, 1063
3414, 2, 90, 108, 70, 3, 1.62%, 0, 0, 5, 8.47, 339276, 1063
3419, 2, 90, 108, 70, 3, 1.62%, 0, 0, 5, 8.39, 339318, 1063
3424, 2, 90, 108, 70, 3, 1.62%, 0, 0, 5, 8.49, 339362, 1063
3429, 2, 90, 108, 70, 3, 1.62%, 0, 0, 5, 8.42, 339406, 1063
3434, 2, 90, 108, 70, 3, 1.62%, 0, 0, 5, 8.76, 339450, 1063
3439, 2, 90, 108, 70, 3, 1.62%, 0, 0, 5, 8.45, 339492, 1063
3444, 2, 90, 108, 70, 3, 1.62%, 0, 0, 5, 8.37, 339534, 1063
3449, 2, 90, 108, 70, 3, 1.62%, 0, 0, 5, 8.82, 339579, 1063
3454, 2, 90, 108, 70, 3, 1.62%, 0, 0, 5, 8.47, 339621, 1063
3459, 2, 90, 108, 70, 3, 1.62%, 0, 0, 5, 8.55, 339665, 1063
3464, 2, 90, 108, 70, 3, 1.62%, 0, 0, 5, 8.26, 339707, 1063
3469, 2, 90, 108, 70, 3, 1.62%, 0, 0, 5, 8.29, 339749, 1063
3474, 2, 90, 108, 70, 3, 1.62%, 0, 0, 5, 8.32, 339791, 1063
3479, 2, 90, 108, 70, 3, 1.62%, 0, 0, 5, 9.70, 339839, 1063
3485, 2, 90, 108, 70, 3, 1.62%, 0, 0, 5, 13.06, 339913, 1063
3490, 2, 90, 108, 70, 3, 1.62%, 0, 0, 5, 15.69, 339995, 1063
3495, 2, 90, 108, 70, 3, 1.62%, 0, 0, 5, 15.13, 340195, 1063
3500, 2, 90, 108, 70, 3, 1.62%, 0, 0, 5, 10.33, 340335, 1063
3505, 2, 42, 108, 69, 2, 1.62%, 0, 0, 5, 223.34, 341333, 1063
3510, 2, 42, 108, 69, 2, 1.62%, 0, 0, 5, 25.22, 341771, 1063
3515, 2, 42, 108, 69, 2, 1.62%, 0, 0, 5, 19.45, 341869, 1063
3520, 2, 42, 108, 69, 2, 1.62%, 0, 0, 5, 11.45, 341912, 1063
3525, 2, 42, 108, 69, 2, 1.62%, 0, 0, 5, 9.25, 341955, 1063
3530, 2, 42, 108, 69, 2, 1.62%, 0, 0, 5, 8.42, 341996, 1063
3535, 2, 42, 108, 69, 2, 1.62%, 0, 0, 5, 27.59, 342521, 1063
3541, 2, 42, 108, 69, 2, 1.62%, 0, 0, 5, 26.89, 342658, 1063
3546, 2, 42, 108, 69, 2, 1.62%, 0, 0, 5, 14.57, 343044, 1063
3551, 2, 42, 108, 69, 2, 1.62%, 0, 0, 5, 12.79, 343109, 1063
3556, 2, 42, 108, 69, 2, 1.62%, 0, 0, 5, 125.64, 343342, 1063
3561, 2, 42, 108, 69, 2, 1.62%, 0, 0, 5, 23.74, 343604, 1063
3566, 2, 34, 108, 69, 2, 1.62%, 0, 0, 5, 216.84, 344183, 1063
3571, 2, 34, 108, 69, 2, 1.62%, 0, 0, 5, 224.78, 345327, 1063
3576, 2, 34, 108, 69, 2, 1.62%, 0, 0, 5, 20.32, 346012, 1063
3582, 2, 34, 108, 69, 2, 1.62%, 0, 0, 5, 15.78, 346083, 1063
3587, 2, 34, 108, 69, 2, 1.62%, 0, 0, 5, 138.79, 346445, 1063
3592, 2, 34, 108, 69, 2, 1.62%, 0, 0, 5, 15.70, 346718, 1063
3597, 2, 34, 108, 69, 2, 1.62%, 0, 0, 5, 13.72, 346785, 1063
3602, 2, 34, 108, 69, 2, 1.62%, 0, 0, 5, 29.75, 346950, 1063
3607, 2, 34, 108, 69, 2, 1.62%, 0, 0, 5, 24.39, 347815, 1063
3612, 2, 34, 108, 69, 2, 1.62%, 0, 0, 5, 24.35, 347943, 1063
3617, 2, 106, 108, 69, 2, 1.62%, 0, 0, 5, 13.70, 347996, 1063
3622, 2, 106, 108, 69, 2, 1.62%, 0, 0, 5, 9.70, 348037, 1063
3628, 2, 106, 108, 69, 2, 1.62%, 0, 0, 5, 8.54, 348079, 1063
3633, 2, 106, 108, 69, 2, 1.62%, 0, 0, 5, 8.28, 348122, 1063
3638, 2, 106, 108, 69, 2, 1.62%, 0, 0, 5, 8.13, 348164, 1063
3643, 2, 106, 108, 69, 2, 1.62%, 0, 0, 5, 8.11, 348206, 1063
3648, 2, 106, 108, 69, 2, 1.62%, 0, 0, 5, 8.10, 348248, 1063
3653, 2, 106, 108, 69, 2, 1.62%, 0, 0, 5, 8.13, 348289, 1063
3659, 2, 106, 108, 69, 2, 1.62%, 0, 0, 5, 8.04, 348331, 1063
3664, 2, 106, 108, 69, 2, 1.62%, 0, 0, 5, 8.00, 348373, 1063
3669, 2, 106, 108, 69, 2, 1.62%, 0, 0, 5, 8.07, 348415, 1063
3674, 2, 106, 108, 69, 2, 1.62%, 0, 0, 5, 8.10, 348457, 1063
3679, 2, 106, 108, 69, 2, 1.62%, 0, 0, 5, 8.07, 348499, 1063
3685, 2, 106, 108, 69, 2, 1.62%, 0, 0, 5, 8.09, 348541, 1063
3690, 2, 106, 108, 69, 2, 1.62%, 0, 0, 5, 8.14, 348584, 1063
3695, 2, 106, 108, 69, 2, 1.62%, 0, 0, 5, 8.13, 348626, 1063
3700, 2, 106, 108, 69, 2, 1.62%, 0, 0, 5, 8.15, 348668, 1063
3705, 2, 106, 108, 69, 2, 1.62%, 0, 0, 5, 8.10, 348710, 1063
3711, 2, 106, 108, 69, 2, 1.62%, 0, 0, 5, 8.10, 348752, 1063
3716, 2, 106, 108, 69, 2, 1.62%, 0, 0, 5, 8.10, 348794, 1063
3721, 2, 106, 108, 69, 2, 1.62%, 0, 0, 5, 8.12, 348836, 1063
3726, 2, 106, 108, 69, 2, 1.62%, 0, 0, 5, 8.00, 348876, 1063
3731, 2, 106, 108, 69, 2, 1.62%, 0, 0, 5, 8.08, 348918, 1063
3736, 2, 106, 108, 69, 2, 1.62%, 0, 0, 5, 8.11, 348960, 1063
3741, 2, 106, 108, 69, 2, 1.62%, 0, 0, 5, 8.13, 349002, 1063
3747, 2, 106, 108, 69, 2, 1.62%, 0, 0, 5, 8.11, 349044, 1063
3752, 2, 106, 108, 69, 2, 1.62%, 0, 0, 5, 8.09, 349086, 1063
3757, 2, 106, 108, 69, 2, 1.62%, 0, 0, 5, 8.51, 349131, 1063
3762, 2, 106, 108, 69, 2, 1.62%, 0, 0, 5, 8.81, 349177, 1063
3767, 2, 106, 108, 69, 2, 1.62%, 0, 0, 5, 8.64, 349222, 1063
3772, 2, 106, 108, 69, 2, 1.62%, 0, 0, 5, 8.05, 349398, 1063
3777, 2, 106, 108, 69, 2, 1.62%, 0, 0, 5, 60.14, 349490, 1063
3782, 2, 91, 108, 68, 1, 1.62%, 0, 0, 5, 193.09, 349689, 1063
3788, 2, 91, 108, 68, 1, 1.62%, 0, 0, 5, 142.24, 350343, 1063
3793, 2, 91, 108, 68, 1, 1.62%, 0, 0, 5, 142.73, 351046, 1063
3798, 2, 91, 108, 68, 1, 1.62%, 0, 0, 5, 26.09, 352086, 1063
3803, 2, 91, 108, 68, 1, 1.62%, 0, 0, 5, 25.72, 352217, 1063
3808, 2, 91, 108, 68, 1, 1.62%, 0, 0, 5, 23.45, 352917, 1063
3813, 2, 91, 108, 68, 1, 1.62%, 0, 0, 5, 25.45, 353048, 1063
3818, 2, 91, 108, 68, 1, 1.62%, 0, 0, 5, 22.43, 353159, 1063
3823, 2, 91, 108, 68, 1, 1.62%, 0, 0, 5, 21.95, 353266, 1063
3828, 2, 91, 108, 68, 1, 1.62%, 0, 0, 5, 23.90, 353390, 1063
3833, 2, 91, 108, 68, 1, 1.62%, 0, 0, 5, 127.45, 354023, 1063
3839, 2, 91, 108, 68, 1, 1.62%, 0, 0, 5, 127.32, 354675, 1063
3844, 2, 91, 108, 68, 1, 1.62%, 0, 0, 5, 9.14, 354916, 1063
3849, 2, 91, 108, 68, 1, 1.62%, 0, 0, 5, 9.07, 354962, 1063
3854, 2, 91, 108, 68, 1, 1.62%, 0, 0, 5, 8.98, 355010, 1063
3859, 2, 91, 108, 68, 1, 1.62%, 0, 0, 5, 13.55, 355071, 1063
3864, 2, 91, 108, 68, 1, 1.62%, 0, 0, 5, 237.44, 355452, 1063
3869, 2, 91, 108, 68, 1, 1.62%, 0, 0, 5, 8.55, 355904, 1063
3874, 2, 91, 108, 68, 1, 1.62%, 0, 0, 5, 8.34, 355947, 1063
3880, 2, 91, 108, 68, 1, 1.62%, 0, 0, 5, 8.43, 355991, 1063
3885, 2, 91, 108, 68, 1, 1.62%, 0, 0, 5, 8.26, 356033, 1063
3890, 2, 91, 108, 68, 1, 1.62%, 0, 0, 5, 24.57, 356447, 1063
3895, 2, 91, 108, 68, 1, 1.62%, 0, 0, 5, 20.96, 356555, 1063
3900, 2, 91, 108, 68, 1, 1.62%, 0, 0, 5, 15.49, 356624, 1063
3905, 2, 91, 108, 68, 1, 1.62%, 0, 0, 5, 14.22, 356692, 1063
3910, 2, 91, 108, 68, 1, 1.62%, 0, 0, 5, 22.58, 356813, 1063
3915, 2, 44, 108, 68, 1, 1.62%, 0, 0, 5, 171.78, 357390, 1063
3921, 2, 44, 108, 68, 1, 1.62%, 0, 0, 5, 225.67, 358642, 1063
3926, 2, 44, 108, 68, 1, 1.62%, 0, 0, 5, 138.76, 359234, 1063
3931, 2, 32, 108, 67, 1, 1.62%, 0, 0, 5, 206.06, 360382, 1063
3936, 2, 32, 108, 67, 1, 1.62%, 0, 0, 5, 219.33, 361506, 1063
3941, 2, 32, 108, 67, 1, 1.62%, 0, 0, 5, 223.54, 362670, 1063
3946, 2, 32, 108, 67, 1, 1.62%, 0, 0, 5, 13.21, 363333, 1063
3951, 2, 32, 108, 67, 1, 1.62%, 0, 0, 5, 14.73, 363411, 1063
3956, 2, 32, 108, 67, 1, 1.62%, 0, 0, 5, 15.00, 363485, 1063
3962, 2, 32, 108, 67, 1, 1.62%, 0, 0, 5, 15.48, 363565, 1063
3967, 2, 32, 108, 67, 1, 1.62%, 0, 0, 5, 16.06, 363651, 1063
3972, 2, 32, 108, 67, 1, 1.62%, 0, 0, 5, 14.47, 363724, 1063
3977, 2, 32, 108, 67, 1, 1.62%, 0, 0, 5, 139.19, 363911, 1063
3982, 2, 32, 108, 67, 1, 1.62%, 0, 0, 5, 187.76, 364849, 1063
3987, 2, 32, 108, 67, 1, 1.62%, 0, 0, 5, 115.35, 365455, 1063
3993, 2, 32, 108, 67, 1, 1.62%, 0, 0, 5, 72.74, 365765, 1063
3998, 2, 32, 108, 67, 1, 1.62%, 0, 0, 5, 184.46, 366782, 1063
4003, 2, 32, 108, 67, 1, 1.62%, 0, 0, 5, 186.72, 367765, 1063
4008, 2, 32, 108, 67, 1, 1.62%, 0, 0, 5, 94.42, 368127, 1063
4013, 2, 32, 108, 67, 1, 1.62%, 0, 0, 5, 12.55, 368287, 1063
4018, 2, 32, 108, 67, 1, 1.62%, 0, 0, 5, 12.69, 368353, 1063
4024, 2, 32, 108, 67, 1, 1.62%, 0, 0, 5, 12.45, 368420, 1063
4029, 2, 32, 108, 67, 1, 1.62%, 0, 0, 5, 11.95, 368481, 1063
4034, 2, 32, 108, 67, 1, 1.62%, 0, 0, 5, 10.59, 368532, 1063
4039, 2, 32, 108, 67, 1, 1.62%, 0, 0, 5, 9.21, 368576, 1063
4044, 2, 32, 108, 67, 1, 1.62%, 0, 0, 5, 9.62, 368628, 1063
4049, 2, 32, 108, 67, 1, 1.62%, 0, 0, 5, 9.28, 368675, 1063
4054, 2, 32, 108, 67, 1, 1.62%, 0, 0, 5, 10.25, 368731, 1063
