# relative_time, cycles_done, cur_item, corpus_count, pending_total, pending_favs, map_size, saved_crashes, saved_hangs, max_depth, execs_per_sec, total_execs, edges_found
61, 0, 1, 29, 28, 1, 1.39%, 0, 0, 2, 213.14, 12947, 912
66, 0, 1, 29, 28, 1, 1.39%, 0, 0, 2, 214.37, 14051, 912
71, 0, 1, 29, 28, 1, 1.39%, 0, 0, 2, 212.62, 15151, 912
76, 0, 1, 29, 28, 1, 1.39%, 0, 0, 2, 213.74, 16231, 912
81, 0, 1, 29, 28, 1, 1.39%, 0, 0, 2, 212.86, 17343, 912
86, 0, 1, 29, 28, 1, 1.39%, 0, 0, 2, 212.81, 18415, 912
92, 0, 1, 29, 28, 1, 1.39%, 0, 0, 2, 213.02, 19519, 912
97, 0, 1, 30, 29, 1, 1.39%, 0, 0, 2, 212.93, 20583, 912
102, 0, 1, 30, 29, 1, 1.39%, 0, 0, 2, 213.80, 21687, 912
107, 0, 1, 30, 29, 1, 1.39%, 0, 0, 2, 212.65, 22751, 912
112, 0, 1, 30, 29, 1, 1.39%, 0, 0, 2, 213.34, 23827, 912
117, 0, 1, 30, 29, 1, 1.39%, 0, 0, 2, 214.70, 24943, 912
122, 0, 1, 30, 29, 1, 1.39%, 0, 0, 2, 212.49, 26015, 912
127, 0, 1, 30, 29, 1, 1.39%, 0, 0, 2, 214.17, 27127, 912
132, 0, 1, 30, 29, 1, 1.39%, 0, 0, 2, 210.51, 28191, 912
138, 0, 1, 30, 29, 1, 1.39%, 0, 0, 2, 211.65, 29291, 912
143, 0, 1, 30, 29, 1, 1.39%, 0, 0, 2, 214.11, 30399, 912
148, 0, 1, 30, 29, 1, 1.39%, 0, 0, 2, 213.46, 31467, 912
153, 0, 1, 30, 29, 1, 1.39%, 0, 0, 2, 213.44, 32543, 912
158, 0, 4, 30, 28, 15, 1.39%, 0, 0, 2, 222.98, 33701, 912
163, 0, 15, 30, 27, 14, 1.39%, 0, 0, 2, 231.72, 34882, 912
168, 0, 20, 30, 25, 12, 1.39%, 0, 0, 2, 221.30, 36001, 912
173, 0, 26, 30, 24, 11, 1.39%, 0, 0, 2, 229.02, 37200, 912
178, 0, 11, 30, 22, 9, 1.39%, 0, 0, 2, 226.63, 38343, 912
183, 0, 27, 31, 22, 8, 1.39%, 0, 0, 3, 214.46, 39425, 913
189, 0, 23, 32, 22, 9, 1.41%, 0, 0, 3, 225.55, 40617, 925
194, 0, 22, 33, 21, 8, 1.43%, 0, 0, 3, 232.77, 41852, 937
199, 0, 3, 33, 19, 6, 1.43%, 0, 0, 3, 225.55, 42975, 937
204, 0, 12, 33, 18, 5, 1.43%, 0, 0, 3, 230.43, 44188, 937
209, 0, 30, 33, 16, 3, 1.43%, 0, 0, 3, 226.72, 45378, 937
214, 0, 19, 33, 15, 2, 1.43%, 0, 0, 3, 232.74, 46590, 937
219, 0, 6, 34, 15, 2, 1.44%, 0, 0, 3, 231.58, 47733, 945
225, 0, 33, 34, 13, 1, 1.44%, 0, 0, 3, 224.44, 48900, 945
230, 0, 26, 34, 12, 0, 1.44%, 0, 0, 3, 225.79, 50044, 945
235, 0, 26, 34, 12, 0, 1.44%, 0, 0, 3, 223.13, 51160, 945
240, 0, 26, 34, 12, 0, 1.44%, 0, 0, 3, 226.27, 52350, 945
245, 0, 26, 34, 12, 0, 1.44%, 0, 0, 3, 237.85, 53558, 945
250, 0, 22, 34, 12, 0, 1.44%, 0, 0, 3, 235.97, 54742, 945
255, 0, 22, 34, 12, 0, 1.44%, 0, 0, 3, 224.05, 55836, 945
260, 0, 25, 34, 12, 0, 1.44%, 0, 0, 3, 219.87, 56923, 945
265, 0, 5, 34, 12, 0, 1.44%, 0, 0, 3, 223.44, 58074, 945
270, 0, 32, 34, 12, 0, 1.44%, 0, 0, 3, 231.44, 59262, 945
275, 0, 22, 34, 12, 0, 1.44%, 0, 0, 3, 227.96, 60459, 945
280, 0, 22, 34, 12, 0, 1.44%, 0, 0, 3, 221.90, 61565, 945
285, 0, 22, 34, 12, 0, 1.44%, 0, 0, 3, 222.74, 62676, 945
290, 0, 15, 34, 12, 0, 1.44%, 0, 0, 3, 215.53, 63776, 945
296, 0, 15, 34, 12, 0, 1.44%, 0, 0, 3, 239.10, 65012, 945
301, 0, 15, 34, 12, 0, 1.44%, 0, 0, 3, 243.13, 66276, 945
306, 0, 19, 34, 12, 0, 1.44%, 0, 0, 3, 229.27, 67433, 945
311, 0, 19, 34, 12, 0, 1.44%, 0, 0, 3, 227.62, 68634, 945
316, 0, 3, 34, 12, 0, 1.44%, 0, 0, 3, 232.76, 69810, 945
321, 0, 3, 34, 12, 0, 1.44%, 0, 0, 3, 226.05, 70929, 945
326, 0, 3, 34, 12, 0, 1.44%, 0, 0, 3, 237.65, 72189, 945
332, 1, 22, 34, 12, 0, 1.44%, 0, 0, 3, 235.20, 73418, 945
337, 1, 22, 34, 12, 0, 1.44%, 0, 0, 3, 226.12, 74538, 945
342, 1, 23, 34, 12, 0, 1.44%, 0, 0, 3, 220.04, 75630, 945
347, 1, 23, 34, 12, 0, 1.44%, 0, 0, 3, 236.20, 76875, 945
352, 1, 3, 34, 12, 0, 1.44%, 0, 0, 3, 228.29, 78027, 945
357, 1, 3, 34, 12, 0, 1.44%, 0, 0, 3, 232.83, 79180, 945
362, 1, 3, 34, 12, 0, 1.44%, 0, 0, 3, 237.08, 80384, 945
367, 1, 26, 34, 12, 0, 1.44%, 0, 0, 3, 232.59, 81599, 945
372, 1, 26, 34, 12, 0, 1.44%, 0, 0, 3, 224.56, 82715, 945
377, 1, 26, 34, 12, 0, 1.44%, 0, 0, 3, 233.18, 83917, 945
382, 1, 26, 34, 12, 0, 1.44%, 0, 0, 3, 234.25, 85077, 945
387, 1, 26, 35, 13, 0, 1.44%, 0, 0, 3, 237.53, 86281, 945
392, 1, 4, 35, 13, 0, 1.44%, 0, 0, 3, 220.58, 87396, 945
397, 1, 26, 35, 13, 0, 1.44%, 0, 0, 3, 226.65, 88542, 945
402, 1, 26, 35, 13, 0, 1.44%, 0, 0, 3, 232.67, 89760, 945
408, 1, 12, 35, 13, 0, 1.44%, 0, 0, 3, 228.93, 90970, 945
413, 1, 12, 35, 13, 0, 1.44%, 0, 0, 3, 236.80, 92159, 945
418, 1, 22, 35, 13, 0, 1.44%, 0, 0, 3, 236.19, 93382, 945
423, 1, 6, 35, 13, 0, 1.44%, 0, 0, 3, 221.85, 94470, 945
428, 1, 6, 35, 13, 0, 1.44%, 0, 0, 3, 231.83, 95623, 945
433, 1, 6, 35, 13, 0, 1.44%, 0, 0, 3, 238.81, 96863, 945
438, 1, 6, 35, 13, 0, 1.44%, 0, 0, 3, 233.02, 98080, 945
443, 1, 6, 35, 13, 0, 1.44%, 0, 0, 3, 230.79, 99220, 945
448, 1, 6, 35, 13, 0, 1.44%, 0, 0, 3, 240.03, 100472, 945
454, 1, 6, 35, 13, 0, 1.44%, 0, 0, 3, 231.02, 101669, 945
459, 1, 6, 35, 13, 0, 1.44%, 0, 0, 3, 227.95, 102789, 945
464, 1, 6, 35, 13, 0, 1.44%, 0, 0, 3, 238.05, 104036, 945
469, 1, 5, 35, 13, 0, 1.44%, 0, 0, 3, 239.07, 105236, 945
474, 1, 12, 35, 13, 0, 1.44%, 0, 0, 3, 230.47, 106373, 945
479, 1, 12, 35, 13, 0, 1.44%, 0, 0, 3, 233.66, 107561, 945
484, 1, 32, 35, 13, 0, 1.44%, 0, 0, 3, 238.27, 108806, 945
489, 1, 22, 35, 13, 0, 1.44%, 0, 0, 3, 236.72, 110044, 945
494, 1, 1, 35, 13, 0, 1.44%, 0, 0, 3, 222.99, 111151, 945
499, 1, 1, 35, 13, 0, 1.44%, 0, 0, 3, 219.26, 112251, 945
505, 1, 1, 35, 13, 0, 1.44%, 0, 0, 3, 239.98, 113527, 945
510, 1, 1, 35, 13, 0, 1.44%, 0, 0, 3, 243.74, 114751, 945
515, 1, 22, 35, 13, 0, 1.44%, 0, 0, 3, 232.27, 115963, 945
520, 1, 25, 35, 13, 0, 1.44%, 0, 0, 3, 225.09, 117125, 945
525, 1, 22, 35, 13, 0, 1.44%, 0, 0, 3, 228.12, 118269, 945
530, 1, 3, 35, 13, 0, 1.44%, 0, 0, 3, 224.54, 119429, 945
535, 1, 3, 35, 13, 0, 1.44%, 0, 0, 3, 229.67, 120614, 945
540, 1, 3, 35, 13, 0, 1.44%, 0, 0, 3, 236.77, 121856, 945
546, 1, 22, 35, 13, 0, 1.44%, 0, 0, 3, 235.66, 123093, 945
551, 1, 23, 35, 13, 0, 1.44%, 0, 0, 3, 230.57, 124218, 945
556, 2, 22, 35, 13, 0, 1.44%, 0, 0, 3, 234.95, 125461, 945
561, 2, 33, 35, 13, 0, 1.44%, 0, 0, 3, 218.12, 126577, 945
566, 2, 33, 35, 13, 0, 1.44%, 0, 0, 3, 235.34, 127754, 945
571, 2, 33, 35, 13, 0, 1.44%, 0, 0, 3, 245.05, 129034, 945
576, 2, 26, 35, 13, 0, 1.44%, 0, 0, 3, 223.48, 130153, 945
581, 2, 5, 35, 13, 0, 1.44%, 0, 0, 3, 236.42, 131379, 945
586, 2, 26, 35, 13, 0, 1.44%, 0, 0, 3, 238.88, 132566, 945
592, 2, 12, 35, 13, 0, 1.44%, 0, 0, 3, 228.37, 133755, 945
597, 2, 12, 35, 13, 0, 1.44%, 0, 0, 3, 238.73, 134997, 945
602, 2, 35, 36, 14, 1, 1.44%, 0, 0, 4, 232.49, 136212, 946
607, 2, 35, 39, 17, 1, 1.44%, 0, 0, 5, 195.96, 136856, 946
612, 2, 35, 42, 20, 1, 1.44%, 0, 0, 5, 199.09, 137794, 946
617, 2, 35, 42, 20, 1, 1.44%, 0, 0, 5, 194.79, 138784, 946
623, 2, 35, 43, 21, 1, 1.44%, 0, 0, 5, 16.48, 139352, 946
628, 2, 35, 43, 21, 1, 1.44%, 0, 0, 5, 207.34, 140380, 946
633, 2, 35, 43, 21, 1, 1.44%, 0, 0, 5, 205.02, 141360, 946
638, 2, 35, 43, 21, 1, 1.44%, 0, 0, 5, 196.60, 142347, 946
643, 2, 35, 43, 21, 1, 1.44%, 0, 0, 5, 206.83, 143444, 946
648, 2, 35, 43, 21, 1, 1.44%, 0, 0, 5, 204.08, 144488, 946
653, 2, 35, 43, 21, 1, 1.44%, 0, 0, 5, 205.74, 145536, 946
658, 2, 35, 43, 21, 1, 1.44%, 0, 0, 5, 206.69, 146596, 946
664, 2, 35, 43, 21, 1, 1.44%, 0, 0, 5, 208.74, 147648, 946
669, 2, 35, 43, 21, 1, 1.44%, 0, 0, 5, 205.27, 148684, 946
674, 2, 35, 43, 21, 1, 1.44%, 0, 0, 5, 186.80, 149625, 946
679, 2, 35, 43, 21, 1, 1.44%, 0, 0, 5, 199.65, 150669, 946
684, 2, 35, 43, 21, 1, 1.44%, 0, 0, 5, 198.13, 151602, 946
689, 2, 35, 43, 21, 1, 1.44%, 0, 0, 5, 200.20, 152622, 946
694, 2, 35, 43, 21, 1, 1.44%, 0, 0, 5, 186.15, 153558, 946
699, 2, 35, 43, 21, 1, 1.44%, 0, 0, 5, 210.78, 154483, 946
704, 2, 35, 43, 21, 1, 1.44%, 0, 0, 5, 202.13, 155504, 946
709, 2, 35, 43, 21, 1, 1.44%, 0, 0, 5, 203.64, 156532, 946
714, 2, 35, 43, 21, 1, 1.44%, 0, 0, 5, 202.17, 157568, 946
720, 2, 35, 43, 21, 1, 1.44%, 0, 0, 5, 193.78, 158574, 946
725, 2, 35, 43, 21, 1, 1.44%, 0, 0, 5, 196.24, 159564, 946
730, 2, 35, 43, 21, 1, 1.44%, 0, 0, 5, 197.60, 160557, 946
735, 2, 35, 43, 21, 1, 1.44%, 0, 0, 5, 203.77, 161516, 946
740, 2, 35, 43, 21, 1, 1.44%, 0, 0, 5, 36.70, 162512, 946
745, 2, 35, 43, 21, 1, 1.44%, 0, 0, 5, 203.83, 163540, 946
750, 2, 35, 43, 21, 1, 1.44%, 0, 0, 5, 202.19, 164572, 946
755, 2, 35, 43, 21, 1, 1.44%, 0, 0, 5, 194.89, 165588, 946
761, 2, 35, 43, 21, 1, 1.44%, 0, 0, 5, 193.11, 166614, 946
766, 2, 35, 43, 21, 1, 1.44%, 0, 0, 5, 199.80, 167628, 946
771, 2, 35, 43, 21, 1, 1.44%, 0, 0, 5, 206.01, 168680, 946
776, 2, 35, 43, 21, 1, 1.44%, 0, 0, 5, 3.66, 169348, 946
781, 2, 35, 44, 22, 1, 1.44%, 0, 0, 5, 4.07, 169375, 946
786, 2, 35, 44, 22, 1, 1.44%, 0, 0, 5, 4.72, 169401, 946
791, 2, 35, 44, 22, 1, 1.44%, 0, 0, 5, 4.16, 169421, 946
797, 2, 35, 45, 23, 1, 1.44%, 0, 0, 5, 4.38, 169444, 946
803, 2, 35, 46, 24, 1, 1.44%, 0, 0, 5, 3.90, 169462, 946
808, 2, 35, 46, 24, 1, 1.44%, 0, 0, 5, 3.94, 169482, 946
814, 2, 35, 47, 25, 1, 1.44%, 0, 0, 5, 3.98, 169503, 946
819, 2, 35, 47, 25, 1, 1.44%, 0, 0, 5, 3.95, 169523, 946
824, 2, 35, 47, 25, 1, 1.44%, 0, 0, 5, 4.33, 169546, 946
829, 2, 35, 47, 25, 1, 1.44%, 0, 0, 5, 4.21, 169568, 946
835, 2, 35, 47, 25, 1, 1.44%, 0, 0, 5, 4.44, 169590, 946
840, 2, 35, 47, 25, 1, 1.44%, 0, 0, 5, 4.75, 169616, 946
845, 2, 35, 47, 25, 1, 1.44%, 0, 0, 5, 3.90, 169634, 946
850, 2, 35, 47, 25, 1, 1.44%, 0, 0, 5, 4.73, 169661, 946
855, 2, 35, 47, 25, 1, 1.44%, 0, 0, 5, 4.22, 169681, 946
861, 2, 35, 47, 25, 1, 1.44%, 0, 0, 5, 4.24, 169703, 946
866, 2, 35, 47, 25, 1, 1.44%, 0, 0, 5, 4.69, 169729, 946
871, 2, 35, 47, 25, 1, 1.44%, 0, 0, 5, 4.21, 169750, 946
876, 2, 35, 47, 25, 1, 1.44%, 0, 0, 5, 3.85, 169769, 946
881, 2, 35, 47, 25, 1, 1.44%, 0, 0, 5, 4.07, 169788, 946
886, 2, 35, 47, 25, 1, 1.44%, 0, 0, 5, 4.20, 169810, 946
891, 2, 35, 47, 25, 1, 1.44%, 0, 0, 5, 4.30, 169832, 946
897, 2, 35, 47, 25, 1, 1.44%, 0, 0, 5, 4.59, 169858, 946
902, 2, 35, 47, 25, 1, 1.44%, 0, 0, 5, 4.34, 169880, 946
907, 2, 35, 47, 25, 1, 1.44%, 0, 0, 5, 4.05, 169901, 946
912, 2, 35, 47, 25, 1, 1.44%, 0, 0, 5, 4.22, 169924, 946
920, 2, 35, 48, 26, 1, 1.44%, 0, 0, 5, 3.74, 169948, 946
925, 2, 35, 48, 26, 1, 1.44%, 0, 0, 5, 4.25, 169973, 946
930, 2, 35, 48, 26, 1, 1.44%, 0, 0, 5, 4.31, 169996, 946
935, 2, 35, 48, 26, 1, 1.44%, 0, 0, 5, 4.13, 170017, 946
941, 2, 35, 48, 26, 1, 1.44%, 0, 0, 5, 4.03, 170037, 946
946, 2, 35, 48, 26, 1, 1.44%, 0, 0, 5, 4.51, 170063, 946
951, 2, 35, 48, 26, 1, 1.44%, 0, 0, 5, 4.09, 170083, 946
956, 2, 35, 48, 26, 1, 1.44%, 0, 0, 5, 3.75, 170102, 946
962, 2, 35, 48, 26, 1, 1.44%, 0, 0, 5, 3.98, 170123, 946
967, 2, 35, 48, 26, 1, 1.44%, 0, 0, 5, 4.49, 170147, 946
972, 2, 35, 48, 26, 1, 1.44%, 0, 0, 5, 4.41, 170169, 946
977, 2, 35, 48, 26, 1, 1.44%, 0, 0, 5, 4.46, 170192, 946
983, 2, 35, 48, 26, 1, 1.44%, 0, 0, 5, 4.52, 170217, 946
988, 2, 35, 48, 26, 1, 1.44%, 0, 0, 5, 4.25, 170237, 946
993, 2, 35, 48, 26, 1, 1.44%, 0, 0, 5, 4.38, 170258, 946
998, 2, 35, 48, 26, 1, 1.44%, 0, 0, 5, 4.09, 170277, 946
1003, 2, 35, 48, 26, 1, 1.44%, 0, 0, 5, 4.06, 170297, 946
1008, 2, 35, 48, 26, 1, 1.44%, 0, 0, 5, 4.19, 170319, 946
1013, 2, 35, 48, 26, 1, 1.44%, 0, 0, 5, 4.15, 170341, 946
1018, 2, 35, 48, 26, 1, 1.44%, 0, 0, 5, 4.06, 170361, 946
1023, 2, 35, 48, 26, 1, 1.44%, 0, 0, 5, 3.91, 170381, 946
1029, 2, 35, 48, 26, 1, 1.44%, 0, 0, 5, 4.02, 170402, 946
1034, 2, 35, 48, 26, 1, 1.44%, 0, 0, 5, 3.99, 170420, 946
1039, 2, 35, 48, 26, 1, 1.44%, 0, 0, 5, 3.98, 170440, 946
1044, 2, 35, 48, 26, 1, 1.44%, 0, 0, 5, 4.22, 170461, 946
1049, 2, 35, 48, 26, 1, 1.44%, 0, 0, 5, 4.69, 170484, 946
1054, 2, 35, 48, 26, 1, 1.44%, 0, 0, 5, 4.36, 170506, 946
1059, 2, 35, 48, 26, 1, 1.44%, 0, 0, 5, 3.97, 170525, 946
1064, 2, 35, 48, 26, 1, 1.44%, 0, 0, 5, 4.47, 170549, 946
1069, 2, 35, 48, 26, 1, 1.44%, 0, 0, 5, 4.70, 170572, 946
1074, 2, 35, 48, 26, 1, 1.44%, 0, 0, 5, 4.32, 170594, 946
1079, 2, 35, 48, 26, 1, 1.44%, 0, 0, 5, 4.09, 170614, 946
1084, 2, 35, 48, 26, 1, 1.44%, 0, 0, 5, 4.16, 170636, 946
1089, 2, 35, 48, 26, 1, 1.44%, 0, 0, 5, 4.16, 170658, 946
1094, 2, 35, 48, 26, 1, 1.44%, 0, 0, 5, 4.12, 170679, 946
1100, 2, 35, 48, 26, 1, 1.44%, 0, 0, 5, 4.16, 170701, 946
1105, 2, 35, 48, 26, 1, 1.44%, 0, 0, 5, 3.94, 170721, 946
1110, 2, 35, 48, 26, 1, 1.44%, 0, 0, 5, 3.58, 170739, 946
1115, 2, 35, 48, 26, 1, 1.44%, 0, 0, 5, 3.71, 170759, 946
1120, 2, 35, 48, 26, 1, 1.44%, 0, 0, 5, 3.58, 170777, 946
1125, 2, 35, 48, 26, 1, 1.44%, 0, 0, 5, 3.64, 170796, 946
1131, 2, 35, 48, 26, 1, 1.44%, 0, 0, 5, 3.96, 170818, 946
1136, 2, 35, 48, 26, 1, 1.44%, 0, 0, 5, 3.75, 170837, 946
1141, 2, 35, 48, 26, 1, 1.44%, 0, 0, 5, 4.16, 170858, 946
1146, 2, 35, 48, 26, 1, 1.44%, 0, 0, 5, 3.89, 170878, 946
1151, 2, 35, 48, 26, 1, 1.44%, 0, 0, 5, 3.95, 170899, 946
1157, 2, 35, 48, 26, 1, 1.44%, 0, 0, 5, 4.03, 170921, 946
1162, 2, 35, 48, 26, 1, 1.44%, 0, 0, 5, 4.34, 170944, 946
1167, 2, 35, 48, 26, 1, 1.44%, 0, 0, 5, 4.06, 170964, 946
1172, 2, 35, 48, 26, 1, 1.44%, 0, 0, 5, 4.09, 170985, 946
1177, 2, 35, 48, 26, 1, 1.44%, 0, 0, 5, 4.36, 171008, 946
1182, 2, 35, 48, 26, 1, 1.44%, 0, 0, 5, 4.01, 171027, 946
1187, 2, 35, 48, 26, 1, 1.44%, 0, 0, 5, 4.31, 171050, 946
1192, 2, 35, 48, 26, 1, 1.44%, 0, 0, 5, 4.44, 171074, 946
1197, 2, 35, 48, 26, 1, 1.44%, 0, 0, 5, 4.40, 171097, 946
1202, 2, 35, 48, 26, 1, 1.44%, 0, 0, 5, 4.10, 171117, 946
1207, 2, 35, 48, 26, 1, 1.44%, 0, 0, 5, 4.32, 171140, 946
1213, 2, 35, 48, 26, 1, 1.44%, 0, 0, 5, 4.23, 171162, 946
1218, 2, 35, 48, 26, 1, 1.44%, 0, 0, 5, 4.23, 171183, 946
1223, 2, 35, 48, 26, 1, 1.44%, 0, 0, 5, 4.15, 171204, 946
1228, 2, 35, 48, 26, 1, 1.44%, 0, 0, 5, 4.64, 171230, 946
1234, 2, 35, 48, 26, 1, 1.44%, 0, 0, 5, 4.30, 171253, 946
1239, 2, 35, 48, 26, 1, 1.44%, 0, 0, 5, 4.26, 171275, 946
1244, 2, 35, 48, 26, 1, 1.44%, 0, 0, 5, 4.18, 171297, 946
1249, 2, 35, 48, 26, 1, 1.44%, 0, 0, 5, 4.22, 171319, 946
1254, 2, 35, 48, 26, 1, 1.44%, 0, 0, 5, 3.97, 171339, 946
1260, 2, 35, 48, 26, 1, 1.44%, 0, 0, 5, 4.64, 171366, 946
1265, 2, 35, 48, 26, 1, 1.44%, 0, 0, 5, 4.12, 171386, 946
1270, 2, 35, 48, 26, 1, 1.44%, 0, 0, 5, 5.12, 171414, 946
1275, 2, 35, 48, 26, 1, 1.44%, 0, 0, 5, 10.06, 171573, 946
1280, 2, 35, 49, 27, 1, 1.44%, 0, 0, 5, 101.80, 171728, 946
1285, 2, 22, 49, 26, 0, 1.44%, 0, 0, 5, 238.57, 172368, 946
1290, 2, 22, 49, 26, 0, 1.44%, 0, 0, 5, 208.30, 173407, 946
1295, 2, 22, 49, 26, 0, 1.44%, 0, 0, 5, 204.98, 174393, 946
1300, 2, 5, 49, 26, 0, 1.44%, 0, 0, 5, 211.20, 175441, 946
1305, 2, 26, 49, 26, 0, 1.44%, 0, 0, 5, 214.79, 176476, 946
1310, 2, 26, 49, 26, 0, 1.44%, 0, 0, 5, 225.17, 177604, 946
1315, 2, 26, 49, 26, 0, 1.44%, 0, 0, 5, 232.69, 178791, 946
1321, 2, 23, 49, 26, 0, 1.44%, 0, 0, 5, 217.09, 179874, 946
1326, 2, 23, 49, 26, 0, 1.44%, 0, 0, 5, 4.50, 180579, 946
1331, 2, 23, 49, 26, 0, 1.44%, 0, 0, 5, 4.67, 180602, 946
1336, 2, 23, 49, 26, 0, 1.44%, 0, 0, 5, 4.46, 180625, 946
1341, 2, 23, 49, 26, 0, 1.44%, 0, 0, 5, 4.23, 180646, 946
1346, 2, 23, 49, 26, 0, 1.44%, 0, 0, 5, 4.83, 180671, 946
1351, 2, 23, 49, 26, 0, 1.44%, 0, 0, 5, 4.78, 180697, 946
1356, 2, 23, 49, 26, 0, 1.44%, 0, 0, 5, 4.23, 180718, 946
1362, 2, 23, 49, 26, 0, 1.44%, 0, 0, 5, 233.44, 180882, 946
1367, 2, 23, 49, 26, 0, 1.44%, 0, 0, 5, 5.53, 180932, 946
1372, 2, 23, 49, 26, 0, 1.44%, 0, 0, 5, 5.27, 180959, 946
1377, 2, 23, 49, 26, 0, 1.44%, 0, 0, 5, 5.45, 180988, 946
1382, 2, 23, 49, 26, 0, 1.44%, 0, 0, 5, 5.40, 181017, 946
1387, 2, 23, 49, 26, 0, 1.44%, 0, 0, 5, 5.61, 181045, 946
1392, 2, 23, 50, 27, 0, 1.44%, 0, 0, 5, 175.84, 181214, 946
1397, 2, 23, 50, 27, 0, 1.44%, 0, 0, 5, 213.31, 182315, 946
1403, 2, 23, 51, 28, 0, 1.44%, 0, 0, 5, 6.37, 182752, 946
1408, 2, 23, 51, 28, 0, 1.44%, 0, 0, 5, 6.43, 182784, 946
1413, 2, 23, 51, 28, 0, 1.44%, 0, 0, 5, 6.54, 182817, 946
1418, 2, 23, 51, 28, 0, 1.44%, 0, 0, 5, 6.51, 182849, 946
1423, 2, 23, 51, 28, 0, 1.44%, 0, 0, 5, 6.11, 182880, 946
1429, 2, 23, 51, 28, 0, 1.44%, 0, 0, 5, 3.15, 183069, 946
1434, 2, 23, 51, 28, 0, 1.44%, 0, 0, 5, 3.97, 183092, 946
1439, 2, 23, 51, 28, 0, 1.44%, 0, 0, 5, 3.93, 183112, 946
1444, 2, 23, 51, 28, 0, 1.44%, 0, 0, 5, 3.96, 183133, 946
1449, 2, 23, 51, 28, 0, 1.44%, 0, 0, 5, 3.82, 183151, 946
1454, 2, 23, 51, 28, 0, 1.44%, 0, 0, 5, 3.92, 183172, 946
1460, 2, 23, 51, 28, 0, 1.44%, 0, 0, 5, 3.83, 183191, 946
1465, 2, 23, 51, 28, 0, 1.44%, 0, 0, 5, 4.23, 183214, 946
1470, 2, 25, 51, 28, 0, 1.44%, 0, 0, 5, 179.65, 183505, 946
1475, 2, 25, 52, 29, 0, 1.45%, 0, 0, 5, 222.00, 184545, 951
1480, 2, 25, 52, 29, 0, 1.45%, 0, 0, 5, 206.21, 185579, 951
1485, 2, 22, 53, 30, 1, 1.45%, 0, 0, 5, 209.71, 186271, 951
1490, 2, 22, 54, 31, 1, 1.45%, 0, 0, 5, 213.45, 187280, 951
1495, 2, 22, 54, 31, 1, 1.45%, 0, 0, 5, 148.17, 188059, 951
1501, 2, 51, 54, 31, 1, 1.45%, 0, 0, 5, 182.89, 189056, 951
1506, 2, 51, 55, 32, 1, 1.46%, 0, 0, 5, 206.30, 190144, 958
1511, 2, 51, 55, 32, 1, 1.46%, 0, 0, 5, 205.42, 191128, 958
1516, 2, 51, 55, 32, 1, 1.46%, 0, 0, 5, 212.99, 192216, 958
1521, 2, 51, 56, 33, 1, 1.46%, 0, 0, 5, 212.14, 193248, 959
1526, 2, 51, 56, 33, 1, 1.46%, 0, 0, 5, 217.45, 194388, 959
1531, 2, 51, 56, 33, 1, 1.46%, 0, 0, 5, 205.12, 195344, 959
1536, 2, 51, 56, 33, 1, 1.46%, 0, 0, 5, 215.85, 196444, 959
1541, 2, 51, 56, 33, 1, 1.46%, 0, 0, 5, 215.69, 197532, 959
1546, 2, 51, 56, 33, 1, 1.46%, 0, 0, 5, 5.40, 198368, 959
1552, 2, 51, 57, 34, 1, 1.46%, 0, 0, 5, 5.98, 198398, 959
1557, 2, 51, 57, 34, 1, 1.46%, 0, 0, 5, 6.46, 198431, 959
1562, 2, 51, 57, 34, 1, 1.46%, 0, 0, 5, 6.33, 198462, 959
1567, 2, 51, 57, 34, 1, 1.46%, 0, 0, 5, 6.38, 198494, 959
1572, 2, 51, 57, 34, 1, 1.46%, 0, 0, 5, 6.47, 198524, 959
1577, 2, 51, 57, 34, 1, 1.46%, 0, 0, 5, 7.02, 198560, 959
1582, 2, 51, 57, 34, 1, 1.46%, 0, 0, 5, 6.87, 198593, 959
1587, 2, 51, 57, 34, 1, 1.46%, 0, 0, 5, 6.57, 198626, 959
1593, 2, 51, 57, 34, 1, 1.46%, 0, 0, 5, 6.25, 198655, 959
1598, 2, 51, 57, 34, 1, 1.46%, 0, 0, 5, 6.47, 198689, 959
1603, 2, 51, 57, 34, 1, 1.46%, 0, 0, 5, 6.93, 198725, 959
1608, 2, 51, 57, 34, 1, 1.46%, 0, 0, 5, 6.08, 198753, 959
1614, 2, 51, 57, 34, 1, 1.46%, 0, 0, 5, 6.66, 198789, 959
1619, 2, 51, 57, 34, 1, 1.46%, 0, 0, 5, 6.99, 198824, 959
1624, 2, 51, 57, 34, 1, 1.46%, 0, 0, 5, 6.47, 198854, 959
1629, 2, 51, 57, 34, 1, 1.46%, 0, 0, 5, 6.57, 198888, 959
1634, 2, 51, 57, 34, 1, 1.46%, 0, 0, 5, 6.68, 198919, 959
1639, 2, 51, 57, 34, 1, 1.46%, 0, 0, 5, 163.76, 199208, 959
1644, 2, 51, 57, 34, 1, 1.46%, 0, 0, 5, 205.25, 200244, 959
1650, 2, 51, 57, 34, 1, 1.46%, 0, 0, 5, 173.88, 201140, 959
1655, 2, 51, 57, 34, 1, 1.46%, 0, 0, 5, 191.73, 202103, 959
1660, 2, 22, 57, 33, 2, 1.46%, 0, 0, 5, 199.29, 203066, 959
1665, 2, 22, 57, 33, 2, 1.46%, 0, 0, 5, 18.46, 204121, 959
1670, 2, 22, 57, 33, 2, 1.46%, 0, 0, 5, 3.79, 204143, 959
1675, 2, 22, 57, 33, 2, 1.46%, 0, 0, 5, 4.51, 204166, 959
1680, 2, 22, 57, 33, 2, 1.46%, 0, 0, 5, 4.20, 204188, 959
1685, 2, 22, 57, 33, 2, 1.46%, 0, 0, 5, 4.13, 204209, 959
1691, 2, 22, 57, 33, 2, 1.46%, 0, 0, 5, 4.08, 204230, 959
1696, 2, 22, 57, 33, 2, 1.46%, 0, 0, 5, 18.18, 204900, 959
1701, 2, 22, 57, 33, 2, 1.46%, 0, 0, 5, 10.67, 204935, 959
1706, 2, 22, 57, 33, 2, 1.46%, 0, 0, 5, 8.47, 204971, 959
1711, 2, 22, 57, 33, 2, 1.46%, 0, 0, 5, 54.19, 205010, 959
1716, 2, 54, 57, 33, 2, 1.46%, 0, 0, 5, 224.24, 205980, 959
1721, 2, 54, 57, 33, 2, 1.46%, 0, 0, 5, 216.45, 207096, 959
1726, 2, 54, 57, 33, 2, 1.46%, 0, 0, 5, 208.95, 208124, 959
1732, 2, 54, 57, 33, 2, 1.46%, 0, 0, 5, 197.53, 209144, 959
1737, 2, 54, 57, 33, 2, 1.46%, 0, 0, 5, 207.37, 210208, 959
1742, 2, 54, 57, 33, 2, 1.46%, 0, 0, 5, 175.03, 211037, 959
1747, 2, 54, 57, 33, 2, 1.46%, 0, 0, 5, 204.91, 212132, 959
1752, 2, 54, 59, 35, 2, 1.46%, 0, 0, 5, 183.24, 213036, 959
1758, 2, 54, 60, 36, 2, 1.46%, 0, 0, 5, 5.66, 213525, 959
1763, 2, 54, 62, 38, 2, 1.46%, 0, 0, 5, 175.18, 214398, 959
1768, 2, 54, 62, 38, 2, 1.46%, 0, 0, 5, 22.85, 215027, 959
1773, 2, 54, 62, 38, 2, 1.46%, 0, 0, 5, 21.06, 215133, 959
1778, 2, 54, 62, 38, 2, 1.46%, 0, 0, 5, 22.86, 215255, 959
1783, 2, 54, 62, 38, 2, 1.46%, 0, 0, 5, 22.60, 215372, 959
1788, 2, 54, 62, 38, 2, 1.46%, 0, 0, 5, 22.74, 215489, 959
1794, 2, 54, 62, 38, 2, 1.46%, 0, 0, 5, 158.04, 215883, 959
1799, 2, 54, 63, 39, 2, 1.46%, 0, 0, 5, 145.93, 216612, 959
1804, 2, 54, 63, 39, 2, 1.46%, 0, 0, 5, 148.37, 217364, 959
1809, 2, 54, 63, 39, 2, 1.46%, 0, 0, 5, 202.03, 218456, 959
1816, 2, 54, 64, 40, 2, 1.46%, 0, 0, 5, 5.49, 219308, 959
1821, 2, 54, 64, 40, 2, 1.46%, 0, 0, 5, 151.44, 220072, 959
1826, 2, 54, 64, 40, 2, 1.46%, 0, 0, 5, 199.86, 221104, 959
1831, 2, 36, 64, 39, 1, 1.46%, 0, 0, 5, 195.33, 222106, 959
1836, 2, 36, 64, 39, 1, 1.46%, 0, 0, 5, 186.41, 223038, 959
1841, 2, 36, 64, 39, 1, 1.46%, 0, 0, 5, 4.93, 223235, 959
1846, 2, 36, 64, 39, 1, 1.46%, 0, 0, 5, 4.64, 223260, 959
1851, 2, 36, 64, 39, 1, 1.46%, 0, 0, 5, 4.42, 223283, 959
1856, 2, 36, 64, 39, 1, 1.46%, 0, 0, 5, 4.50, 223306, 959
1862, 2, 36, 64, 39, 1, 1.46%, 0, 0, 5, 4.97, 223984, 959
1867, 2, 36, 64, 39, 1, 1.46%, 0, 0, 5, 5.50, 224013, 959
1872, 2, 36, 64, 39, 1, 1.46%, 0, 0, 5, 6.11, 224044, 959
1877, 2, 36, 64, 39, 1, 1.46%, 0, 0, 5, 6.62, 224078, 959
1882, 2, 36, 64, 39, 1, 1.46%, 0, 0, 5, 25.17, 224475, 959
1887, 2, 55, 64, 38, 1, 1.46%, 0, 0, 5, 217.74, 225057, 959
1892, 2, 55, 64, 38, 1, 1.46%, 0, 0, 5, 214.28, 226101, 959
1897, 2, 55, 64, 38, 1, 1.46%, 0, 0, 5, 176.58, 226967, 959
1903, 2, 55, 64, 38, 1, 1.46%, 0, 0, 5, 8.65, 227291, 959
1908, 2, 55, 64, 38, 1, 1.46%, 0, 0, 5, 7.96, 227328, 959
1913, 2, 55, 64, 38, 1, 1.46%, 0, 0, 5, 7.80, 227368, 959
1918, 2, 55, 64, 38, 1, 1.46%, 0, 0, 5, 7.56, 227405, 959
1923, 2, 55, 64, 38, 1, 1.46%, 0, 0, 5, 7.33, 227441, 959
1928, 2, 55, 64, 38, 1, 1.46%, 0, 0, 5, 148.79, 228165, 959
1934, 2, 55, 64, 38, 1, 1.46%, 0, 0, 5, 4.44, 228807, 959
1939, 2, 55, 64, 38, 1, 1.46%, 0, 0, 5, 5.31, 228837, 959
1944, 2, 55, 64, 38, 1, 1.46%, 0, 0, 5, 5.68, 228866, 959
1949, 2, 55, 64, 38, 1, 1.46%, 0, 0, 5, 6.04, 228898, 959
1954, 2, 55, 65, 39, 1, 1.87%, 0, 0, 5, 6.37, 228935, 1224
1959, 2, 55, 65, 39, 1, 1.87%, 0, 0, 5, 6.31, 228965, 1224
1964, 2, 55, 65, 39, 1, 1.87%, 0, 0, 5, 6.87, 229000, 1224
1969, 2, 55, 65, 39, 1, 1.87%, 0, 0, 5, 6.29, 229030, 1224
1974, 2, 55, 65, 39, 1, 1.87%, 0, 0, 5, 6.26, 229062, 1224
1979, 2, 55, 65, 39, 1, 1.87%, 0, 0, 5, 9.31, 229091, 1224
1984, 2, 55, 65, 39, 1, 1.87%, 0, 0, 5, 7.04, 229124, 1224
1989, 2, 55, 65, 39, 1, 1.87%, 0, 0, 5, 6.57, 229157, 1224
1995, 2, 55, 65, 39, 1, 1.87%, 0, 0, 5, 5.86, 229186, 1224
2000, 2, 64, 65, 38, 1, 1.87%, 0, 0, 5, 20.37, 229303, 1224
2005, 2, 64, 65, 38, 1, 1.87%, 0, 0, 5, 26.59, 229447, 1224
2010, 2, 64, 65, 38, 1, 1.87%, 0, 0, 5, 29.34, 229595, 1224
2015, 2, 64, 65, 38, 1, 1.87%, 0, 0, 5, 28.54, 229740, 1224
2020, 2, 64, 65, 38, 1, 1.87%, 0, 0, 5, 26.65, 229878, 1224
2025, 2, 64, 65, 38, 1, 1.87%, 0, 0, 5, 27.94, 230022, 1224
2030, 2, 64, 65, 38, 1, 1.87%, 0, 0, 5, 27.77, 230163, 1224
2035, 2, 64, 65, 38, 1, 1.87%, 0, 0, 5, 27.86, 230307, 1224
2041, 2, 64, 65, 38, 1, 1.87%, 0, 0, 5, 27.78, 230451, 1224
2046, 2, 64, 68, 41, 1, 1.87%, 0, 0, 6, 26.58, 230586, 1224
2051, 2, 64, 68, 41, 1, 1.87%, 0, 0, 6, 25.41, 230724, 1224
2056, 2, 64, 68, 41, 1, 1.87%, 0, 0, 6, 24.83, 230853, 1224
2061, 2, 64, 69, 42, 1, 1.87%, 0, 0, 6, 25.67, 230984, 1224
2066, 2, 64, 70, 43, 1, 1.87%, 0, 0, 6, 26.56, 231122, 1224
2072, 2, 64, 70, 43, 1, 1.87%, 0, 0, 6, 25.88, 231247, 1224
2077, 2, 64, 71, 44, 1, 1.87%, 0, 0, 6, 26.70, 231385, 1224
2082, 2, 64, 71, 44, 1, 1.87%, 0, 0, 6, 24.71, 231514, 1224
2087, 2, 64, 71, 44, 1, 1.87%, 0, 0, 6, 23.82, 231631, 1224
2092, 2, 64, 71, 44, 1, 1.87%, 0, 0, 6, 22.91, 231745, 1224
2097, 2, 64, 73, 46, 1, 1.87%, 0, 0, 6, 23.60, 231865, 1224
2102, 2, 64, 73, 46, 1, 1.87%, 0, 0, 6, 25.23, 231998, 1224
2107, 2, 64, 73, 46, 1, 1.87%, 0, 0, 6, 24.58, 232114, 1224
2112, 2, 64, 74, 47, 1, 1.87%, 0, 0, 6, 26.92, 232254, 1224
2118, 2, 64, 74, 47, 1, 1.87%, 0, 0, 6, 26.58, 232373, 1224
2123, 2, 64, 74, 47, 1, 1.87%, 0, 0, 6, 25.52, 232501, 1224
2128, 2, 64, 74, 47, 1, 1.87%, 0, 0, 6, 25.44, 232627, 1224
2133, 2, 64, 74, 47, 1, 1.87%, 0, 0, 6, 25.70, 232759, 1224
2138, 2, 64, 74, 47, 1, 1.87%, 0, 0, 6, 27.01, 232894, 1224
2143, 2, 64, 74, 47, 1, 1.87%, 0, 0, 6, 25.53, 233025, 1224
2148, 2, 64, 74, 47, 1, 1.87%, 0, 0, 6, 25.65, 233140, 1224
2154, 2, 64, 74, 47, 1, 1.87%, 0, 0, 6, 25.88, 233274, 1224
2159, 2, 64, 74, 47, 1, 1.87%, 0, 0, 6, 24.61, 233405, 1224
2164, 2, 64, 74, 47, 1, 1.87%, 0, 0, 6, 25.84, 233541, 1224
2169, 2, 64, 74, 47, 1, 1.87%, 0, 0, 6, 25.83, 233672, 1224
2174, 2, 64, 74, 47, 1, 1.87%, 0, 0, 6, 24.82, 233800, 1224
2179, 2, 64, 74, 47, 1, 1.87%, 0, 0, 6, 25.19, 233923, 1224
2185, 2, 64, 74, 47, 1, 1.87%, 0, 0, 6, 26.35, 234056, 1224
2190, 2, 64, 74, 47, 1, 1.87%, 0, 0, 6, 25.49, 234186, 1224
2195, 2, 64, 74, 47, 1, 1.87%, 0, 0, 6, 24.34, 234304, 1224
2200, 2, 64, 74, 47, 1, 1.87%, 0, 0, 6, 26.66, 234443, 1224
2205, 2, 64, 74, 47, 1, 1.87%, 0, 0, 6, 23.97, 234559, 1224
2210, 2, 64, 74, 47, 1, 1.87%, 0, 0, 6, 24.93, 234688, 1224
2215, 2, 64, 74, 47, 1, 1.87%, 0, 0, 6, 27.16, 234825, 1224
2220, 2, 64, 74, 47, 1, 1.87%, 0, 0, 6, 27.99, 234958, 1224
2226, 2, 64, 74, 47, 1, 1.87%, 0, 0, 6, 27.06, 235090, 1224
2231, 2, 64, 74, 47, 1, 1.87%, 0, 0, 6, 26.18, 235225, 1224
2236, 2, 64, 74, 47, 1, 1.87%, 0, 0, 6, 23.72, 235339, 1224
2241, 2, 64, 74, 47, 1, 1.87%, 0, 0, 6, 24.61, 235464, 1224
2246, 2, 64, 74, 47, 1, 1.87%, 0, 0, 6, 25.56, 235593, 1224
2251, 2, 64, 74, 47, 1, 1.87%, 0, 0, 6, 25.36, 235722, 1224
2256, 2, 64, 74, 47, 1, 1.87%, 0, 0, 6, 25.51, 235846, 1224
2261, 2, 64, 74, 47, 1, 1.87%, 0, 0, 6, 27.35, 235988, 1224
2267, 2, 64, 74, 47, 1, 1.87%, 0, 0, 6, 24.85, 236114, 1224
2272, 2, 64, 74, 47, 1, 1.87%, 0, 0, 6, 23.06, 236230, 1224
2277, 2, 64, 74, 47, 1, 1.87%, 0, 0, 6, 23.88, 236354, 1224
2282, 2, 64, 74, 47, 1, 1.87%, 0, 0, 6, 23.79, 236482, 1224
2287, 2, 64, 74, 47, 1, 1.87%, 0, 0, 6, 25.16, 236613, 1224
2293, 2, 64, 74, 47, 1, 1.87%, 0, 0, 6, 24.54, 236738, 1224
2298, 2, 64, 74, 47, 1, 1.87%, 0, 0, 6, 25.61, 236873, 1224
2303, 2, 64, 74, 47, 1, 1.87%, 0, 0, 6, 25.32, 236999, 1224
2308, 2, 64, 74, 47, 1, 1.87%, 0, 0, 6, 24.48, 237117, 1224
2313, 2, 64, 74, 47, 1, 1.87%, 0, 0, 6, 25.57, 237247, 1224
2318, 2, 64, 74, 47, 1, 1.87%, 0, 0, 6, 25.34, 237378, 1224
2323, 2, 64, 74, 47, 1, 1.87%, 0, 0, 6, 26.49, 237511, 1224
2328, 2, 64, 74, 47, 1, 1.87%, 0, 0, 6, 25.88, 237638, 1224
2333, 2, 64, 74, 47, 1, 1.87%, 0, 0, 6, 27.48, 237774, 1224
2338, 2, 64, 74, 47, 1, 1.87%, 0, 0, 6, 25.88, 237896, 1224
2344, 2, 64, 74, 47, 1, 1.87%, 0, 0, 6, 25.75, 238022, 1224
2349, 2, 64, 74, 47, 1, 1.87%, 0, 0, 6, 26.61, 238157, 1224
2354, 2, 64, 74, 47, 1, 1.87%, 0, 0, 6, 25.16, 238282, 1224
2359, 2, 64, 74, 47, 1, 1.87%, 0, 0, 6, 24.55, 238409, 1224
2364, 2, 64, 74, 47, 1, 1.87%, 0, 0, 6, 23.70, 238527, 1224
2369, 2, 64, 74, 47, 1, 1.87%, 0, 0, 6, 25.74, 238641, 1224
2374, 2, 64, 74, 47, 1, 1.87%, 0, 0, 6, 24.92, 238762, 1224
2379, 2, 64, 74, 47, 1, 1.87%, 0, 0, 6, 26.05, 238891, 1224
2384, 2, 64, 74, 47, 1, 1.87%, 0, 0, 6, 26.47, 239026, 1224
2389, 2, 64, 74, 47, 1, 1.87%, 0, 0, 6, 25.76, 239157, 1224
2394, 2, 64, 74, 47, 1, 1.87%, 0, 0, 6, 25.51, 239288, 1224
2399, 2, 64, 74, 47, 1, 1.87%, 0, 0, 6, 25.36, 239413, 1224
2404, 2, 64, 74, 47, 1, 1.87%, 0, 0, 6, 24.37, 239538, 1224
2410, 2, 64, 74, 47, 1, 1.87%, 0, 0, 6, 23.93, 239661, 1224
2415, 2, 64, 74, 47, 1, 1.87%, 0, 0, 6, 26.22, 239801, 1224
2420, 2, 64, 74, 47, 1, 1.87%, 0, 0, 6, 26.33, 239938, 1224
2425, 2, 64, 74, 47, 1, 1.87%, 0, 0, 6, 27.03, 240076, 1224
2430, 2, 64, 74, 47, 1, 1.87%, 0, 0, 6, 26.43, 240210, 1224
2435, 2, 64, 74, 47, 1, 1.87%, 0, 0, 6, 24.89, 240335, 1224
2440, 2, 64, 74, 47, 1, 1.87%, 0, 0, 6, 26.85, 240473, 1224
2445, 2, 64, 74, 47, 1, 1.87%, 0, 0, 6, 26.18, 240602, 1224
2450, 2, 64, 74, 47, 1, 1.87%, 0, 0, 6, 25.47, 240726, 1224
2456, 2, 64, 74, 47, 1, 1.87%, 0, 0, 6, 25.85, 240861, 1224
2461, 2, 64, 74, 47, 1, 1.87%, 0, 0, 6, 26.64, 241000, 1224
2466, 2, 64, 74, 47, 1, 1.87%, 0, 0, 6, 26.00, 241132, 1224
2471, 2, 64, 74, 47, 1, 1.87%, 0, 0, 6, 26.27, 241262, 1224
2476, 2, 64, 74, 47, 1, 1.87%, 0, 0, 6, 25.79, 241396, 1224
2481, 2, 64, 74, 47, 1, 1.87%, 0, 0, 6, 23.92, 241518, 1224
2486, 2, 64, 74, 47, 1, 1.87%, 0, 0, 6, 25.45, 241652, 1224
2492, 2, 64, 74, 47, 1, 1.87%, 0, 0, 6, 23.99, 241769, 1224
2497, 2, 64, 74, 47, 1, 1.87%, 0, 0, 6, 23.82, 241892, 1224
2502, 2, 64, 74, 47, 1, 1.87%, 0, 0, 6, 24.17, 242008, 1224
2507, 2, 64, 74, 47, 1, 1.87%, 0, 0, 6, 24.37, 242132, 1224
2512, 2, 64, 74, 47, 1, 1.87%, 0, 0, 6, 23.73, 242252, 1224
2517, 2, 64, 74, 47, 1, 1.87%, 0, 0, 6, 24.58, 242375, 1224
2522, 2, 64, 74, 47, 1, 1.87%, 0, 0, 6, 26.47, 242509, 1224
2527, 2, 64, 74, 47, 1, 1.87%, 0, 0, 6, 27.62, 242653, 1224
2532, 2, 64, 74, 47, 1, 1.87%, 0, 0, 6, 25.56, 242777, 1224
2537, 2, 64, 74, 47, 1, 1.87%, 0, 0, 6, 26.90, 242915, 1224
2543, 2, 64, 74, 47, 1, 1.87%, 0, 0, 6, 25.33, 243044, 1224
2548, 2, 64, 74, 47, 1, 1.87%, 0, 0, 6, 24.69, 243165, 1224
2553, 2, 64, 74, 47, 1, 1.87%, 0, 0, 6, 25.57, 243296, 1224
2558, 2, 64, 74, 47, 1, 1.87%, 0, 0, 6, 25.51, 243423, 1224
2563, 2, 64, 74, 47, 1, 1.87%, 0, 0, 6, 23.40, 243533, 1224
2568, 2, 64, 74, 47, 1, 1.87%, 0, 0, 6, 26.06, 243674, 1224
2573, 2, 64, 74, 47, 1, 1.87%, 0, 0, 6, 26.21, 243808, 1224
2578, 2, 64, 74, 47, 1, 1.87%, 0, 0, 6, 26.24, 243919, 1224
2583, 2, 64, 74, 47, 1, 1.87%, 0, 0, 6, 28.14, 244043, 1224
2588, 2, 64, 74, 47, 1, 1.87%, 0, 0, 6, 25.44, 244168, 1224
2594, 2, 64, 74, 47, 1, 1.87%, 0, 0, 6, 25.87, 244302, 1224
2599, 2, 64, 74, 47, 1, 1.87%, 0, 0, 6, 25.67, 244427, 1224
2604, 2, 64, 74, 47, 1, 1.87%, 0, 0, 6, 24.46, 244552, 1224
2609, 2, 64, 74, 47, 1, 1.87%, 0, 0, 6, 26.07, 244688, 1224
2614, 2, 64, 74, 47, 1, 1.87%, 0, 0, 6, 25.46, 244815, 1224
2619, 2, 64, 74, 47, 1, 1.87%, 0, 0, 6, 25.55, 244945, 1224
2624, 2, 64, 74, 47, 1, 1.87%, 0, 0, 6, 25.88, 245080, 1224
2629, 2, 64, 74, 47, 1, 1.87%, 0, 0, 6, 26.74, 245220, 1224
2634, 2, 64, 74, 47, 1, 1.87%, 0, 0, 6, 25.74, 245349, 1224
2640, 2, 64, 74, 47, 1, 1.87%, 0, 0, 6, 24.26, 245470, 1224
2645, 2, 64, 74, 47, 1, 1.87%, 0, 0, 6, 24.30, 245593, 1224
2650, 2, 64, 74, 47, 1, 1.87%, 0, 0, 6, 26.48, 245731, 1224
2655, 2, 64, 74, 47, 1, 1.87%, 0, 0, 6, 26.11, 245858, 1224
2660, 2, 64, 74, 47, 1, 1.87%, 0, 0, 6, 25.76, 245991, 1224
2665, 2, 64, 74, 47, 1, 1.87%, 0, 0, 6, 25.18, 246112, 1224
2670, 2, 64, 74, 47, 1, 1.87%, 0, 0, 6, 25.70, 246240, 1224
2676, 2, 64, 74, 47, 1, 1.87%, 0, 0, 6, 26.46, 246376, 1224
2681, 2, 64, 74, 47, 1, 1.87%, 0, 0, 6, 26.02, 246505, 1224
2686, 2, 64, 74, 47, 1, 1.87%, 0, 0, 6, 26.61, 246640, 1224
2691, 2, 64, 74, 47, 1, 1.87%, 0, 0, 6, 26.09, 246762, 1224
2696, 2, 64, 74, 47, 1, 1.87%, 0, 0, 6, 24.85, 246884, 1224
2701, 2, 64, 74, 47, 1, 1.87%, 0, 0, 6, 24.39, 247006, 1224
2706, 2, 64, 74, 47, 1, 1.87%, 0, 0, 6, 25.21, 247141, 1224
2711, 2, 64, 74, 47, 1, 1.87%, 0, 0, 6, 25.92, 247276, 1224
2717, 2, 64, 74, 47, 1, 1.87%, 0, 0, 6, 26.14, 247407, 1224
2722, 2, 64, 74, 47, 1, 1.87%, 0, 0, 6, 24.78, 247535, 1224
2727, 2, 64, 74, 47, 1, 1.87%, 0, 0, 6, 26.13, 247674, 1224
2732, 2, 64, 74, 47, 1, 1.87%, 0, 0, 6, 24.37, 247802, 1224
2737, 2, 64, 74, 47, 1, 1.87%, 0, 0, 6, 26.53, 247940, 1224
2742, 2, 64, 74, 47, 1, 1.87%, 0, 0, 6, 25.43, 248071, 1224
2748, 2, 64, 74, 47, 1, 1.87%, 0, 0, 6, 25.09, 248197, 1224
2753, 2, 64, 74, 47, 1, 1.87%, 0, 0, 6, 25.69, 248328, 1224
2758, 2, 64, 74, 47, 1, 1.87%, 0, 0, 6, 25.31, 248456, 1224
2763, 2, 64, 74, 47, 1, 1.87%, 0, 0, 6, 24.27, 248585, 1224
2768, 2, 64, 74, 47, 1, 1.87%, 0, 0, 6, 24.91, 248711, 1224
2773, 2, 64, 74, 47, 1, 1.87%, 0, 0, 6, 25.48, 248839, 1224
2778, 2, 64, 74, 47, 1, 1.87%, 0, 0, 6, 24.91, 248964, 1224
2783, 2, 64, 74, 47, 1, 1.87%, 0, 0, 6, 21.58, 249070, 1224
2788, 2, 64, 74, 47, 1, 1.87%, 0, 0, 6, 24.68, 249199, 1224
2794, 2, 64, 74, 47, 1, 1.87%, 0, 0, 6, 27.88, 249346, 1224
2799, 2, 64, 74, 47, 1, 1.87%, 0, 0, 6, 25.65, 249477, 1224
2804, 2, 64, 74, 47, 1, 1.87%, 0, 0, 6, 25.54, 249610, 1224
2809, 2, 64, 74, 47, 1, 1.87%, 0, 0, 6, 25.80, 249737, 1224
2814, 2, 64, 74, 47, 1, 1.87%, 0, 0, 6, 26.45, 249871, 1224
2819, 2, 64, 74, 47, 1, 1.87%, 0, 0, 6, 25.69, 249998, 1224
2824, 2, 64, 74, 47, 1, 1.87%, 0, 0, 6, 26.67, 250136, 1224
2829, 2, 64, 74, 47, 1, 1.87%, 0, 0, 6, 25.13, 250259, 1224
2834, 2, 64, 74, 47, 1, 1.87%, 0, 0, 6, 24.56, 250389, 1224
2840, 2, 64, 74, 47, 1, 1.87%, 0, 0, 6, 25.50, 250522, 1224
2845, 2, 64, 74, 47, 1, 1.87%, 0, 0, 6, 25.13, 250655, 1224
2850, 2, 64, 74, 47, 1, 1.87%, 0, 0, 6, 24.87, 250777, 1224
2855, 2, 64, 75, 48, 1, 1.87%, 0, 0, 6, 24.86, 250908, 1224
2860, 2, 64, 75, 48, 1, 1.87%, 0, 0, 6, 26.83, 251047, 1224
2865, 2, 64, 76, 49, 1, 1.88%, 0, 0, 6, 17.60, 251164, 1231
2870, 2, 64, 76, 49, 1, 1.88%, 0, 0, 6, 22.28, 251281, 1231
2875, 2, 64, 76, 49, 1, 1.88%, 0, 0, 6, 23.43, 251405, 1231
2880, 2, 64, 76, 49, 1, 1.88%, 0, 0, 6, 24.29, 251531, 1231
2886, 2, 64, 76, 49, 1, 1.88%, 0, 0, 6, 25.59, 251664, 1231
2891, 2, 64, 76, 49, 1, 1.88%, 0, 0, 6, 24.85, 251789, 1231
2896, 2, 64, 76, 49, 1, 1.88%, 0, 0, 6, 24.52, 251912, 1231
2901, 2, 64, 76, 49, 1, 1.88%, 0, 0, 6, 25.48, 252042, 1231
2906, 2, 64, 76, 49, 1, 1.88%, 0, 0, 6, 25.15, 252165, 1231
2911, 2, 64, 76, 49, 1, 1.88%, 0, 0, 6, 26.20, 252297, 1231
2916, 2, 64, 76, 49, 1, 1.88%, 0, 0, 6, 25.15, 252422, 1231
2921, 2, 64, 76, 49, 1, 1.88%, 0, 0, 6, 26.03, 252556, 1231
2926, 2, 64, 76, 49, 1, 1.88%, 0, 0, 6, 25.38, 252682, 1231
2931, 2, 64, 76, 49, 1, 1.88%, 0, 0, 6, 26.60, 252817, 1231
2936, 2, 64, 76, 49, 1, 1.88%, 0, 0, 6, 24.63, 252941, 1231
2942, 2, 64, 76, 49, 1, 1.88%, 0, 0, 6, 24.85, 253063, 1231
2947, 2, 64, 76, 49, 1, 1.88%, 0, 0, 6, 25.12, 253192, 1231
2952, 2, 64, 76, 49, 1, 1.88%, 0, 0, 6, 24.58, 253318, 1231
2957, 2, 64, 76, 49, 1, 1.88%, 0, 0, 6, 26.10, 253451, 1231
2962, 2, 64, 76, 49, 1, 1.88%, 0, 0, 6, 24.91, 253575, 1231
2967, 2, 64, 76, 49, 1, 1.88%, 0, 0, 6, 25.70, 253707, 1231
2972, 2, 64, 76, 49, 1, 1.88%, 0, 0, 6, 26.64, 253841, 1231
2977, 2, 64, 76, 49, 1, 1.88%, 0, 0, 6, 26.10, 253972, 1231
2982, 2, 64, 76, 49, 1, 1.88%, 0, 0, 6, 25.27, 254101, 1231
2988, 2, 64, 76, 49, 1, 1.88%, 0, 0, 6, 23.68, 254218, 1231
2993, 2, 64, 76, 49, 1, 1.88%, 0, 0, 6, 24.57, 254339, 1231
2998, 2, 64, 76, 49, 1, 1.88%, 0, 0, 6, 26.41, 254473, 1231
3003, 2, 64, 76, 49, 1, 1.88%, 0, 0, 6, 26.64, 254607, 1231
3008, 2, 64, 76, 49, 1, 1.88%, 0, 0, 6, 25.78, 254736, 1231
3013, 2, 64, 76, 49, 1, 1.88%, 0, 0, 6, 26.66, 254874, 1231
3018, 2, 64, 76, 49, 1, 1.88%, 0, 0, 6, 25.40, 255003, 1231
3023, 2, 64, 76, 49, 1, 1.88%, 0, 0, 6, 250.00, 255188, 1231
3028, 2, 64, 76, 49, 1, 1.88%, 0, 0, 6, 44.29, 255512, 1231
3033, 2, 64, 76, 49, 1, 1.88%, 0, 0, 6, 2.11, 255592, 1231
3038, 2, 64, 76, 49, 1, 1.88%, 0, 0, 6, 17.86, 255685, 1231
3044, 2, 64, 76, 49, 1, 1.88%, 0, 0, 6, 18.75, 255776, 1231
3049, 2, 64, 76, 49, 1, 1.88%, 0, 0, 6, 20.88, 255884, 1231
3054, 2, 64, 76, 49, 1, 1.88%, 0, 0, 6, 24.14, 256178, 1231
3059, 2, 64, 76, 49, 1, 1.88%, 0, 0, 6, 22.52, 256290, 1231
3064, 2, 64, 76, 49, 1, 1.88%, 0, 0, 6, 21.21, 256400, 1231
3069, 2, 64, 76, 49, 1, 1.88%, 0, 0, 6, 20.66, 256506, 1231
3074, 2, 64, 76, 49, 1, 1.88%, 0, 0, 6, 20.99, 256609, 1231
3079, 2, 64, 77, 50, 1, 1.89%, 0, 0, 6, 19.53, 256708, 1236
3084, 2, 64, 77, 50, 1, 1.89%, 0, 0, 6, 21.73, 256822, 1236
3090, 2, 64, 77, 50, 1, 1.89%, 0, 0, 6, 75.87, 257186, 1236
3095, 2, 64, 77, 50, 1, 1.89%, 0, 0, 6, 19.44, 257862, 1236
3100, 2, 64, 77, 50, 1, 1.89%, 0, 0, 6, 18.17, 257955, 1236
3105, 2, 74, 77, 49, 3, 1.89%, 0, 0, 6, 141.08, 258236, 1236
3110, 2, 74, 77, 49, 3, 1.89%, 0, 0, 6, 59.36, 258417, 1236
3115, 2, 74, 77, 49, 3, 1.89%, 0, 0, 6, 45.27, 258623, 1236
3120, 2, 74, 77, 49, 3, 1.89%, 0, 0, 6, 38.12, 258808, 1236
3125, 2, 74, 77, 49, 3, 1.89%, 0, 0, 6, 36.34, 258992, 1236
3131, 2, 74, 77, 49, 3, 1.89%, 0, 0, 6, 38.54, 259185, 1236
3136, 2, 74, 77, 49, 3, 1.89%, 0, 0, 6, 40.56, 259392, 1236
3141, 2, 74, 77, 49, 3, 1.89%, 0, 0, 6, 40.93, 259599, 1236
3146, 2, 74, 77, 49, 3, 1.89%, 0, 0, 6, 41.18, 259806, 1236
3151, 2, 74, 77, 49, 3, 1.89%, 0, 0, 6, 41.86, 260023, 1236
3156, 2, 74, 77, 49, 3, 1.89%, 0, 0, 6, 45.33, 260257, 1236
3161, 2, 74, 77, 49, 3, 1.89%, 0, 0, 6, 47.38, 260503, 1236
3166, 2, 74, 77, 49, 3, 1.89%, 0, 0, 6, 48.09, 260747, 1236
3171, 2, 74, 77, 49, 3, 1.89%, 0, 0, 6, 46.70, 260985, 1236
3176, 2, 74, 77, 49, 3, 1.89%, 0, 0, 6, 46.20, 261223, 1236
3181, 2, 74, 77, 49, 3, 1.89%, 0, 0, 6, 47.12, 261466, 1236
3186, 2, 74, 78, 50, 3, 1.89%, 0, 0, 7, 106.40, 261867, 1236
3192, 2, 74, 78, 50, 3, 1.89%, 0, 0, 7, 22.53, 262327, 1236
3197, 2, 74, 79, 51, 3, 1.89%, 0, 0, 7, 32.42, 262526, 1236
3202, 2, 74, 79, 51, 3, 1.89%, 0, 0, 7, 17.42, 263474, 1236
3207, 2, 74, 79, 51, 3, 1.89%, 0, 0, 7, 16.45, 263556, 1236
3212, 2, 74, 79, 51, 3, 1.89%, 0, 0, 7, 16.51, 263640, 1236
3217, 2, 74, 79, 51, 3, 1.89%, 0, 0, 7, 21.60, 263921, 1236
3223, 2, 74, 79, 51, 3, 1.89%, 0, 0, 7, 21.08, 264029, 1236
3228, 2, 74, 79, 50, 2, 1.89%, 0, 0, 7, 43.45, 264863, 1236
3233, 2, 74, 79, 50, 2, 1.89%, 0, 0, 7, 47.21, 265103, 1236
3238, 2, 74, 79, 50, 2, 1.89%, 0, 0, 7, 46.50, 265333, 1236
3243, 2, 74, 79, 50, 2, 1.89%, 0, 0, 7, 47.25, 265571, 1236
3248, 2, 74, 79, 50, 2, 1.89%, 0, 0, 7, 46.40, 265806, 1236
3253, 2, 74, 79, 50, 2, 1.89%, 0, 0, 7, 47.49, 266048, 1236
3258, 2, 74, 79, 50, 2, 1.89%, 0, 0, 7, 46.40, 266288, 1236
3263, 2, 74, 79, 50, 2, 1.89%, 0, 0, 7, 46.48, 266524, 1236
3268, 2, 74, 79, 50, 2, 1.89%, 0, 0, 7, 170.94, 267474, 1236
3273, 2, 74, 79, 50, 2, 1.89%, 0, 0, 7, 21.86, 268145, 1236
3279, 2, 74, 79, 50, 2, 1.89%, 0, 0, 7, 22.59, 268263, 1236
3284, 2, 74, 79, 50, 2, 1.89%, 0, 0, 7, 15.81, 268570, 1236
3289, 2, 74, 79, 50, 2, 1.89%, 0, 0, 7, 16.18, 268654, 1236
3294, 2, 74, 79, 50, 2, 1.89%, 0, 0, 7, 17.15, 268744, 1236
3299, 2, 74, 79, 50, 2, 1.89%, 0, 0, 7, 133.95, 269259, 1236
3304, 2, 75, 79, 50, 2, 1.89%, 0, 0, 7, 22.84, 269931, 1236
3309, 2, 75, 79, 50, 2, 1.89%, 0, 0, 7, 27.00, 270072, 1236
3315, 2, 75, 79, 50, 2, 1.89%, 0, 0, 7, 28.70, 270217, 1236
3320, 2, 75, 79, 50, 2, 1.89%, 0, 0, 7, 28.09, 270364, 1236
3325, 2, 75, 79, 50, 2, 1.89%, 0, 0, 7, 29.30, 270514, 1236
3330, 2, 75, 79, 50, 2, 1.89%, 0, 0, 7, 29.03, 270665, 1236
3335, 2, 75, 79, 50, 2, 1.89%, 0, 0, 7, 27.95, 270809, 1236
3340, 2, 75, 79, 50, 2, 1.89%, 0, 0, 7, 27.67, 270947, 1236
3345, 2, 75, 79, 50, 2, 1.89%, 0, 0, 7, 26.61, 271084, 1236
3350, 2, 75, 79, 50, 2, 1.89%, 0, 0, 7, 27.00, 271222, 1236
3356, 2, 75, 79, 50, 2, 1.89%, 0, 0, 7, 25.78, 271352, 1236
3361, 2, 75, 79, 50, 2, 1.89%, 0, 0, 7, 25.92, 271484, 1236
3366, 2, 75, 79, 50, 2, 1.89%, 0, 0, 7, 25.27, 271616, 1236
3371, 2, 75, 79, 50, 2, 1.89%, 0, 0, 7, 25.92, 271743, 1236
3376, 2, 75, 80, 51, 2, 1.89%, 0, 0, 7, 26.52, 271883, 1237
3381, 2, 75, 81, 52, 2, 1.89%, 0, 0, 7, 27.82, 272025, 1237
3386, 2, 75, 81, 52, 2, 1.89%, 0, 0, 7, 27.49, 272162, 1237
3391, 2, 75, 81, 52, 2, 1.89%, 0, 0, 7, 26.23, 272289, 1237
3396, 2, 75, 81, 52, 2, 1.89%, 0, 0, 7, 27.43, 272426, 1237
3401, 2, 75, 81, 52, 2, 1.89%, 0, 0, 7, 26.54, 272556, 1237
3406, 2, 75, 81, 52, 2, 1.89%, 0, 0, 7, 25.71, 272681, 1237
3411, 2, 75, 81, 52, 2, 1.89%, 0, 0, 7, 28.35, 272826, 1237
3416, 2, 75, 81, 52, 2, 1.89%, 0, 0, 7, 26.91, 272955, 1237
3421, 2, 75, 81, 52, 2, 1.89%, 0, 0, 7, 25.22, 273083, 1237
3427, 2, 75, 81, 52, 2, 1.89%, 0, 0, 7, 27.27, 273225, 1237
3432, 2, 75, 81, 52, 2, 1.89%, 0, 0, 7, 26.42, 273356, 1237
3437, 2, 75, 81, 52, 2, 1.89%, 0, 0, 7, 26.52, 273492, 1237
3442, 2, 75, 81, 52, 2, 1.89%, 0, 0, 7, 27.59, 273633, 1237
3447, 2, 75, 81, 52, 2, 1.89%, 0, 0, 7, 26.03, 273764, 1237
3452, 2, 75, 81, 52, 2, 1.89%, 0, 0, 7, 20.50, 273898, 1237
3457, 2, 75, 81, 52, 2, 1.89%, 0, 0, 7, 24.45, 274029, 1237
3462, 2, 75, 81, 52, 2, 1.89%, 0, 0, 7, 25.97, 274161, 1237
3468, 2, 75, 82, 53, 2, 1.89%, 0, 0, 7, 27.46, 274299, 1237
3473, 2, 75, 82, 53, 2, 1.89%, 0, 0, 7, 27.05, 274434, 1237
3478, 2, 75, 82, 53, 2, 1.89%, 0, 0, 7, 26.61, 274567, 1237
3483, 2, 75, 82, 53, 2, 1.89%, 0, 0, 7, 25.39, 274695, 1237
3488, 2, 75, 82, 53, 2, 1.89%, 0, 0, 7, 26.24, 274828, 1237
3493, 2, 75, 82, 53, 2, 1.89%, 0, 0, 7, 27.43, 274966, 1237
3498, 2, 75, 82, 53, 2, 1.89%, 0, 0, 7, 26.80, 275104, 1237
3503, 2, 75, 82, 53, 2, 1.89%, 0, 0, 7, 27.22, 275243, 1237
3508, 2, 75, 82, 53, 2, 1.89%, 0, 0, 7, 26.33, 275374, 1237
3513, 2, 75, 82, 53, 2, 1.89%, 0, 0, 7, 25.66, 275500, 1237
3518, 2, 75, 82, 53, 2, 1.89%, 0, 0, 7, 26.27, 275635, 1237
3524, 2, 75, 82, 53, 2, 1.89%, 0, 0, 7, 27.33, 275770, 1237
3529, 2, 75, 82, 53, 2, 1.89%, 0, 0, 7, 26.62, 275903, 1237
3534, 2, 75, 82, 53, 2, 1.89%, 0, 0, 7, 25.99, 276033, 1237
3539, 2, 75, 82, 53, 2, 1.89%, 0, 0, 7, 25.59, 276165, 1237
3544, 2, 75, 82, 53, 2, 1.89%, 0, 0, 7, 26.83, 276306, 1237
3549, 2, 75, 82, 53, 2, 1.89%, 0, 0, 7, 27.17, 276444, 1237
3554, 2, 75, 82, 53, 2, 1.89%, 0, 0, 7, 24.70, 276569, 1237
3559, 2, 75, 82, 53, 2, 1.89%, 0, 0, 7, 26.62, 276705, 1237
3565, 2, 75, 82, 53, 2, 1.89%, 0, 0, 7, 27.13, 276848, 1237
3570, 2, 75, 82, 53, 2, 1.89%, 0, 0, 7, 26.59, 276980, 1237
3575, 2, 75, 82, 53, 2, 1.89%, 0, 0, 7, 26.54, 277117, 1237
3580, 2, 75, 82, 53, 2, 1.89%, 0, 0, 7, 27.28, 277256, 1237
3585, 2, 75, 82, 53, 2, 1.89%, 0, 0, 7, 26.72, 277395, 1237
3590, 2, 75, 82, 53, 2, 1.89%, 0, 0, 7, 27.40, 277539, 1237
3595, 2, 75, 82, 53, 2, 1.89%, 0, 0, 7, 26.64, 277669, 1237
3600, 2, 75, 82, 53, 2, 1.89%, 0, 0, 7, 25.18, 277799, 1237
3605, 2, 75, 82, 53, 2, 1.89%, 0, 0, 7, 27.50, 277946, 1237
3611, 2, 75, 82, 53, 2, 1.89%, 0, 0, 7, 27.60, 278086, 1237
3616, 2, 75, 82, 53, 2, 1.89%, 0, 0, 7, 25.72, 278217, 1237
