# relative_time, cycles_done, cur_item, corpus_count, pending_total, pending_favs, map_size, saved_crashes, saved_hangs, max_depth, execs_per_sec, total_execs, edges_found
61, 0, 6, 18, 14, 4, 0.96%, 0, 0, 2, 306.64, 18753, 626
66, 0, 6, 18, 14, 4, 0.96%, 0, 0, 2, 304.32, 20313, 626
71, 0, 6, 18, 14, 4, 0.96%, 0, 0, 2, 299.18, 21808, 626
76, 0, 6, 18, 14, 4, 0.96%, 0, 0, 2, 305.68, 23379, 626
81, 0, 6, 18, 14, 4, 0.96%, 0, 0, 2, 301.23, 24921, 626
86, 0, 6, 18, 14, 4, 0.96%, 0, 0, 2, 304.99, 26487, 626
91, 0, 6, 18, 14, 4, 0.96%, 0, 0, 2, 305.26, 28053, 626
96, 0, 6, 18, 14, 4, 0.96%, 0, 0, 2, 306.73, 29631, 626
102, 0, 6, 19, 15, 4, 0.96%, 0, 0, 2, 303.65, 31187, 627
107, 0, 6, 19, 15, 4, 0.96%, 0, 0, 2, 304.63, 32747, 627
112, 0, 6, 23, 19, 4, 0.96%, 0, 0, 2, 292.54, 34223, 629
117, 0, 14, 26, 21, 11, 0.98%, 0, 0, 2, 267.78, 35562, 639
122, 0, 14, 29, 24, 11, 0.98%, 0, 0, 3, 259.17, 36858, 640
127, 0, 14, 30, 25, 11, 0.98%, 1, 0, 3, 255.07, 38131, 642
132, 0, 14, 31, 26, 11, 0.98%, 1, 0, 3, 252.87, 39409, 642
137, 0, 14, 32, 27, 11, 0.98%, 2, 0, 3, 251.20, 40707, 642
142, 0, 14, 34, 29, 11, 0.98%, 2, 0, 3, 256.03, 42013, 642
147, 0, 14, 34, 29, 11, 0.98%, 2, 0, 3, 254.10, 43293, 642
152, 0, 14, 35, 30, 11, 0.98%, 2, 0, 3, 253.47, 44571, 644
157, 0, 14, 35, 30, 11, 0.98%, 2, 0, 3, 254.96, 45856, 644
162, 0, 14, 35, 30, 11, 0.98%, 2, 0, 3, 253.95, 47131, 644
167, 0, 14, 35, 30, 11, 0.98%, 2, 0, 3, 252.20, 48406, 644
172, 0, 14, 35, 30, 11, 0.98%, 2, 0, 3, 255.35, 49691, 644
178, 0, 14, 36, 31, 11, 0.98%, 2, 0, 3, 258.24, 51034, 644
183, 0, 14, 36, 31, 11, 0.98%, 2, 0, 3, 260.74, 52344, 644
188, 0, 14, 36, 31, 11, 0.98%, 2, 0, 3, 260.06, 53694, 644
193, 0, 14, 36, 31, 11, 0.98%, 2, 0, 3, 257.60, 54994, 644
198, 0, 14, 36, 31, 11, 0.98%, 2, 0, 3, 249.58, 56249, 644
203, 0, 14, 36, 31, 11, 0.98%, 2, 0, 3, 250.82, 57534, 644
208, 0, 14, 37, 32, 11, 1.00%, 2, 0, 3, 253.13, 58827, 658
213, 0, 14, 37, 32, 11, 1.00%, 2, 0, 3, 252.20, 60097, 658
218, 0, 14, 37, 32, 11, 1.00%, 2, 0, 3, 250.84, 61377, 658
223, 0, 14, 37, 32, 11, 1.00%, 2, 0, 3, 252.83, 62662, 658
228, 0, 14, 37, 32, 11, 1.00%, 2, 0, 3, 256.60, 63962, 658
233, 0, 14, 37, 32, 11, 1.00%, 2, 0, 3, 255.13, 65242, 658
238, 0, 14, 37, 32, 11, 1.00%, 2, 0, 3, 257.41, 66532, 658
243, 0, 14, 37, 32, 11, 1.00%, 3, 0, 3, 256.26, 67822, 658
249, 0, 14, 43, 38, 11, 1.00%, 4, 0, 3, 253.15, 69118, 658
254, 0, 14, 46, 41, 11, 1.00%, 5, 0, 3, 230.72, 70260, 658
259, 0, 14, 49, 44, 11, 1.03%, 6, 0, 3, 223.07, 71400, 675
264, 0, 14, 52, 47, 11, 1.03%, 7, 0, 3, 232.20, 72592, 675
269, 0, 14, 53, 48, 11, 1.03%, 7, 0, 3, 238.41, 73820, 675
274, 0, 14, 53, 48, 11, 1.03%, 7, 0, 3, 243.24, 75040, 675
279, 0, 14, 53, 48, 11, 1.03%, 7, 0, 3, 238.63, 76292, 675
284, 0, 14, 53, 48, 11, 1.03%, 7, 0, 3, 238.01, 77480, 675
289, 0, 14, 53, 48, 11, 1.03%, 8, 0, 3, 242.63, 78700, 675
294, 0, 14, 53, 48, 11, 1.03%, 8, 0, 3, 241.18, 79916, 675
299, 0, 14, 53, 48, 11, 1.03%, 8, 0, 3, 236.27, 81100, 675
304, 0, 14, 53, 48, 11, 1.03%, 8, 0, 3, 236.95, 82284, 675
309, 0, 14, 53, 48, 11, 1.03%, 8, 0, 3, 230.24, 83456, 675
314, 0, 14, 53, 48, 11, 1.03%, 8, 0, 3, 230.59, 84644, 675
319, 0, 14, 53, 48, 11, 1.03%, 8, 0, 3, 235.33, 85832, 675
325, 0, 14, 53, 48, 11, 1.03%, 8, 0, 3, 227.56, 86980, 675
330, 0, 14, 53, 48, 11, 1.03%, 8, 0, 3, 233.51, 88172, 675
335, 0, 14, 53, 48, 11, 1.03%, 8, 0, 3, 224.22, 89308, 675
340, 0, 14, 53, 48, 11, 1.03%, 8, 0, 3, 230.58, 90484, 675
345, 0, 14, 53, 48, 11, 1.03%, 8, 0, 3, 237.84, 91700, 675
350, 0, 14, 53, 48, 11, 1.03%, 8, 0, 3, 233.44, 92864, 675
355, 0, 14, 53, 48, 11, 1.03%, 8, 0, 3, 242.32, 94076, 675
360, 0, 14, 53, 48, 11, 1.03%, 8, 0, 3, 233.09, 95224, 675
365, 0, 14, 53, 48, 11, 1.03%, 8, 0, 3, 238.81, 96452, 675
370, 0, 14, 53, 48, 11, 1.03%, 8, 0, 3, 230.99, 97600, 675
375, 0, 14, 53, 48, 11, 1.03%, 8, 0, 3, 239.18, 98836, 675
380, 0, 14, 53, 48, 11, 1.03%, 8, 0, 3, 238.10, 100068, 675
385, 0, 14, 53, 48, 11, 1.03%, 8, 0, 3, 232.45, 101208, 675
390, 0, 14, 55, 50, 11, 1.03%, 8, 0, 3, 238.04, 102356, 675
395, 0, 14, 56, 51, 11, 1.03%, 8, 0, 3, 257.23, 103682, 675
400, 0, 14, 56, 51, 11, 1.03%, 8, 0, 3, 270.97, 105019, 675
406, 0, 14, 56, 51, 11, 1.03%, 8, 0, 3, 264.01, 106331, 675
411, 0, 36, 56, 50, 12, 1.03%, 8, 0, 3, 268.78, 107682, 675
416, 0, 36, 58, 52, 12, 1.10%, 8, 0, 4, 277.55, 109106, 720
421, 0, 36, 58, 52, 12, 1.10%, 8, 0, 4, 269.42, 110426, 720
426, 0, 17, 58, 51, 13, 1.10%, 8, 0, 4, 277.48, 111764, 720
431, 0, 17, 59, 52, 13, 1.10%, 8, 0, 4, 174.59, 112611, 720
436, 0, 17, 59, 52, 13, 1.10%, 8, 0, 4, 205.25, 113712, 720
441, 0, 27, 59, 51, 12, 1.10%, 8, 0, 4, 222.08, 114816, 720
446, 0, 27, 59, 51, 12, 1.10%, 8, 0, 4, 213.47, 115968, 720
451, 0, 27, 59, 51, 12, 1.10%, 8, 0, 4, 188.65, 116807, 720
456, 0, 27, 59, 51, 12, 1.10%, 8, 0, 4, 226.48, 118052, 720
461, 0, 27, 59, 51, 12, 1.10%, 8, 0, 4, 225.20, 119144, 720
466, 0, 27, 59, 51, 12, 1.10%, 8, 0, 4, 242.05, 120404, 720
471, 0, 27, 59, 51, 12, 1.10%, 8, 0, 4, 208.99, 121448, 720
476, 0, 56, 59, 50, 11, 1.10%, 8, 0, 4, 255.29, 122823, 720
481, 0, 56, 59, 50, 11, 1.10%, 8, 0, 4, 281.27, 124319, 720
486, 0, 56, 60, 51, 11, 1.10%, 8, 0, 5, 262.23, 125612, 721
492, 0, 56, 60, 51, 11, 1.10%, 8, 0, 5, 259.07, 126922, 721
497, 0, 56, 60, 51, 11, 1.10%, 8, 0, 5, 292.65, 128399, 721
502, 0, 56, 60, 51, 11, 1.10%, 8, 0, 5, 304.85, 129960, 721
507, 0, 56, 60, 51, 11, 1.10%, 8, 0, 5, 289.47, 131471, 721
512, 0, 56, 60, 51, 11, 1.10%, 8, 0, 5, 264.44, 132855, 721
517, 0, 56, 60, 51, 11, 1.10%, 8, 0, 5, 286.70, 134353, 721
522, 0, 56, 60, 51, 11, 1.10%, 8, 0, 5, 265.14, 135675, 721
527, 0, 56, 60, 51, 11, 1.10%, 8, 0, 5, 253.95, 136945, 721
532, 0, 56, 62, 53, 11, 1.10%, 9, 0, 5, 278.50, 138318, 721
537, 0, 56, 62, 53, 11, 1.10%, 9, 0, 5, 304.46, 139882, 721
542, 0, 56, 62, 53, 11, 1.10%, 9, 0, 5, 279.88, 141326, 721
547, 0, 56, 62, 53, 11, 1.10%, 9, 0, 5, 249.84, 142532, 721
552, 0, 56, 62, 53, 11, 1.10%, 9, 0, 5, 270.19, 143933, 721
557, 0, 29, 62, 52, 11, 1.10%, 9, 0, 5, 275.26, 145329, 721
563, 0, 29, 62, 52, 11, 1.10%, 9, 0, 5, 262.12, 146667, 721
568, 0, 29, 62, 52, 11, 1.10%, 9, 0, 5, 247.81, 147874, 721
573, 0, 29, 62, 52, 11, 1.10%, 9, 0, 5, 267.33, 149292, 721
578, 0, 29, 62, 52, 11, 1.10%, 9, 0, 5, 260.20, 150558, 721
583, 0, 29, 62, 52, 11, 1.10%, 9, 0, 5, 165.79, 151409, 721
588, 0, 29, 62, 52, 11, 1.10%, 9, 0, 5, 238.67, 152642, 721
593, 0, 10, 62, 51, 10, 1.10%, 9, 0, 5, 259.56, 154004, 721
598, 0, 10, 62, 51, 10, 1.10%, 9, 0, 5, 228.38, 155145, 721
603, 0, 10, 64, 53, 10, 1.11%, 9, 0, 5, 168.20, 155932, 726
608, 0, 46, 64, 52, 10, 1.11%, 9, 0, 5, 215.50, 156979, 726
614, 0, 46, 64, 52, 10, 1.11%, 9, 0, 5, 257.11, 158342, 726
619, 0, 46, 64, 52, 10, 1.11%, 9, 0, 5, 237.23, 159575, 726
624, 0, 46, 67, 55, 10, 1.11%, 9, 0, 5, 153.63, 160247, 726
629, 0, 23, 67, 54, 9, 1.11%, 9, 0, 5, 205.00, 161215, 726
634, 0, 23, 67, 54, 9, 1.11%, 9, 0, 5, 249.12, 162571, 726
639, 0, 23, 67, 54, 9, 1.11%, 10, 0, 5, 271.15, 163938, 726
644, 0, 23, 67, 54, 9, 1.11%, 10, 0, 5, 215.63, 165011, 726
649, 0, 23, 69, 56, 9, 1.11%, 10, 0, 5, 130.97, 165663, 726
655, 0, 23, 69, 56, 9, 1.11%, 10, 0, 5, 99.47, 166135, 726
660, 0, 23, 69, 56, 9, 1.11%, 10, 0, 5, 89.22, 166583, 726
665, 0, 23, 69, 56, 9, 1.11%, 10, 0, 5, 93.12, 167055, 726
670, 0, 23, 69, 56, 9, 1.11%, 10, 0, 5, 207.18, 168051, 726
675, 0, 23, 69, 56, 9, 1.11%, 10, 0, 5, 148.30, 168709, 726
680, 0, 23, 69, 56, 9, 1.11%, 10, 0, 5, 233.39, 170043, 726
685, 0, 18, 69, 55, 8, 1.11%, 10, 0, 5, 270.02, 171435, 726
690, 0, 18, 69, 55, 8, 1.11%, 10, 0, 5, 275.59, 172809, 726
695, 0, 18, 69, 55, 8, 1.11%, 10, 0, 5, 160.05, 173575, 726
700, 0, 18, 70, 56, 8, 1.11%, 10, 0, 5, 246.12, 174815, 726
706, 0, 18, 70, 56, 8, 1.11%, 10, 0, 5, 278.96, 176318, 726
711, 0, 18, 70, 56, 8, 1.11%, 10, 0, 5, 278.68, 177704, 726
716, 0, 18, 70, 56, 8, 1.11%, 10, 0, 5, 245.60, 179020, 726
721, 0, 62, 70, 55, 7, 1.11%, 10, 0, 5, 137.78, 179605, 726
726, 0, 62, 70, 55, 7, 1.11%, 10, 0, 5, 105.48, 180099, 726
731, 0, 62, 70, 55, 7, 1.11%, 10, 0, 5, 101.38, 180605, 726
736, 0, 62, 70, 55, 7, 1.11%, 10, 0, 5, 172.02, 181501, 726
741, 0, 57, 70, 54, 6, 1.11%, 10, 0, 5, 270.49, 182988, 726
746, 0, 57, 70, 54, 6, 1.11%, 10, 0, 5, 282.10, 184514, 726
751, 0, 57, 70, 54, 6, 1.11%, 10, 0, 5, 277.77, 185895, 726
757, 0, 57, 70, 54, 6, 1.11%, 11, 0, 5, 238.64, 187159, 726
762, 0, 57, 70, 54, 6, 1.11%, 11, 0, 5, 128.89, 187669, 726
767, 0, 57, 70, 54, 6, 1.11%, 11, 0, 5, 180.10, 188512, 726
772, 0, 57, 70, 54, 6, 1.11%, 11, 0, 5, 214.41, 189747, 726
777, 0, 57, 70, 54, 6, 1.11%, 11, 0, 5, 128.48, 190287, 726
782, 0, 57, 70, 54, 6, 1.11%, 11, 0, 5, 191.32, 191182, 726
787, 0, 57, 70, 54, 6, 1.11%, 11, 0, 5, 275.83, 192696, 726
792, 0, 57, 70, 54, 6, 1.11%, 11, 0, 5, 292.78, 194189, 726
797, 0, 57, 70, 54, 6, 1.11%, 11, 0, 5, 303.88, 195727, 726
802, 0, 57, 71, 55, 6, 1.11%, 11, 0, 5, 123.69, 196083, 726
807, 0, 57, 71, 55, 6, 1.11%, 11, 0, 5, 82.67, 196448, 726
813, 0, 57, 71, 55, 6, 1.11%, 11, 0, 5, 74.11, 196822, 726
818, 0, 57, 71, 55, 6, 1.11%, 11, 0, 5, 72.92, 197196, 726
823, 0, 57, 71, 55, 6, 1.11%, 11, 0, 5, 173.94, 198051, 726
828, 0, 57, 71, 55, 6, 1.11%, 11, 0, 5, 199.02, 199203, 726
833, 0, 57, 71, 55, 6, 1.11%, 11, 0, 5, 115.74, 199665, 726
838, 0, 25, 71, 54, 4, 1.11%, 11, 0, 5, 163.62, 200406, 726
843, 0, 25, 71, 54, 4, 1.11%, 11, 0, 5, 234.73, 201710, 726
848, 0, 25, 71, 54, 4, 1.11%, 12, 0, 5, 228.38, 202906, 726
853, 0, 25, 71, 54, 4, 1.11%, 12, 0, 5, 219.73, 203834, 726
859, 0, 25, 72, 55, 4, 1.11%, 12, 0, 5, 252.68, 205149, 726
864, 0, 25, 72, 55, 4, 1.11%, 12, 0, 5, 226.61, 206350, 726
869, 0, 25, 72, 55, 4, 1.11%, 12, 0, 5, 104.94, 206724, 726
874, 0, 25, 72, 55, 4, 1.11%, 12, 0, 5, 226.12, 208050, 726
879, 0, 34, 72, 54, 3, 1.11%, 12, 0, 5, 271.34, 209473, 726
884, 0, 34, 72, 54, 3, 1.11%, 12, 0, 5, 281.00, 210939, 726
890, 0, 34, 72, 54, 3, 1.11%, 12, 0, 5, 289.25, 212449, 726
895, 0, 34, 72, 54, 3, 1.11%, 12, 0, 5, 277.47, 213839, 726
900, 0, 34, 72, 54, 3, 1.11%, 12, 0, 5, 260.99, 215150, 726
905, 0, 34, 72, 54, 3, 1.11%, 12, 0, 5, 165.05, 215963, 726
910, 0, 34, 72, 54, 3, 1.11%, 12, 0, 5, 84.06, 216297, 726
915, 0, 34, 73, 55, 3, 1.11%, 12, 0, 5, 144.02, 216916, 726
920, 0, 57, 73, 54, 2, 1.11%, 13, 0, 5, 244.86, 218280, 726
925, 0, 57, 73, 54, 2, 1.11%, 13, 0, 5, 277.69, 219774, 726
930, 0, 57, 73, 54, 2, 1.11%, 13, 0, 5, 267.83, 221114, 726
936, 0, 57, 73, 54, 2, 1.11%, 13, 0, 5, 144.04, 221750, 726
941, 0, 57, 73, 54, 2, 1.11%, 13, 0, 5, 109.31, 222250, 726
946, 0, 57, 73, 54, 2, 1.11%, 13, 0, 5, 102.58, 222758, 726
951, 0, 57, 73, 54, 2, 1.11%, 13, 0, 5, 139.52, 223402, 726
956, 0, 57, 73, 54, 2, 1.11%, 13, 0, 5, 146.75, 224319, 726
961, 0, 57, 73, 54, 2, 1.11%, 13, 0, 5, 87.39, 224690, 726
966, 0, 57, 73, 54, 2, 1.11%, 13, 0, 5, 75.23, 225050, 726
971, 0, 57, 73, 54, 2, 1.11%, 13, 0, 5, 131.93, 225736, 726
976, 0, 57, 73, 54, 2, 1.11%, 13, 0, 5, 238.33, 226955, 726
981, 0, 57, 73, 54, 2, 1.11%, 13, 0, 5, 167.05, 227763, 726
986, 0, 57, 73, 54, 2, 1.11%, 13, 0, 5, 108.47, 228267, 726
991, 0, 57, 73, 54, 2, 1.11%, 13, 0, 5, 104.28, 228789, 726
997, 0, 57, 73, 54, 2, 1.11%, 13, 0, 5, 186.69, 229665, 726
1002, 0, 57, 73, 54, 2, 1.11%, 13, 0, 5, 118.11, 230337, 726
1007, 0, 57, 73, 54, 2, 1.11%, 13, 0, 5, 71.51, 230648, 726
1012, 0, 57, 73, 54, 2, 1.11%, 13, 0, 5, 62.05, 230959, 726
1017, 0, 57, 73, 54, 2, 1.11%, 13, 0, 5, 113.68, 231596, 726
1022, 0, 57, 73, 54, 2, 1.11%, 13, 0, 5, 125.33, 232247, 726
1028, 0, 57, 73, 54, 2, 1.11%, 13, 0, 5, 128.15, 232907, 726
1033, 0, 57, 73, 54, 2, 1.11%, 13, 0, 5, 108.43, 233456, 726
1038, 0, 57, 73, 54, 2, 1.11%, 13, 0, 5, 101.05, 233968, 726
1043, 0, 57, 73, 54, 2, 1.11%, 13, 0, 5, 205.04, 235051, 726
1048, 0, 57, 73, 54, 2, 1.11%, 13, 0, 5, 256.48, 236430, 726
1053, 0, 26, 73, 54, 2, 1.11%, 13, 0, 5, 264.32, 237779, 726
1058, 0, 26, 73, 54, 2, 1.11%, 13, 0, 5, 271.06, 239130, 726
1063, 0, 26, 73, 54, 2, 1.11%, 13, 0, 5, 258.82, 240455, 726
1068, 0, 26, 73, 54, 2, 1.11%, 13, 0, 5, 253.78, 241736, 726
1074, 0, 26, 73, 54, 2, 1.11%, 13, 0, 5, 276.62, 243187, 726
1079, 0, 26, 73, 54, 2, 1.11%, 13, 0, 5, 275.48, 244637, 726
1084, 0, 59, 73, 53, 1, 1.11%, 13, 0, 5, 263.98, 245954, 726
1089, 0, 59, 73, 53, 1, 1.11%, 13, 0, 5, 269.63, 247330, 726
1094, 0, 59, 73, 53, 1, 1.11%, 13, 0, 5, 264.48, 248651, 726
1099, 0, 59, 73, 53, 1, 1.11%, 13, 0, 5, 271.34, 250066, 726
1104, 0, 59, 73, 53, 1, 1.11%, 13, 0, 5, 186.29, 250936, 726
1109, 0, 59, 73, 53, 1, 1.11%, 13, 0, 5, 225.51, 252095, 726
1115, 0, 59, 73, 53, 1, 1.11%, 13, 0, 5, 260.18, 253445, 726
1120, 0, 59, 73, 53, 1, 1.11%, 13, 0, 5, 263.76, 254783, 726
1125, 0, 59, 73, 53, 1, 1.11%, 13, 0, 5, 175.32, 255697, 726
1130, 0, 59, 73, 53, 1, 1.11%, 13, 0, 5, 117.50, 256219, 726
1135, 0, 59, 73, 53, 1, 1.11%, 13, 0, 5, 221.66, 257495, 726
1140, 0, 59, 73, 53, 1, 1.11%, 13, 0, 5, 249.87, 258763, 726
1145, 0, 59, 74, 54, 1, 1.11%, 13, 0, 6, 239.01, 259999, 726
1150, 0, 59, 74, 54, 1, 1.11%, 13, 0, 6, 151.20, 260772, 726
1156, 0, 59, 74, 54, 1, 1.11%, 13, 0, 6, 79.15, 261078, 726
1161, 0, 59, 74, 54, 1, 1.11%, 13, 0, 6, 63.65, 261387, 726
1166, 0, 59, 74, 54, 1, 1.11%, 13, 0, 6, 186.78, 262365, 726
1171, 0, 27, 74, 53, 0, 1.11%, 13, 0, 6, 232.89, 263627, 726
1176, 0, 27, 74, 53, 0, 1.11%, 13, 0, 6, 239.87, 264883, 726
1181, 0, 27, 74, 53, 0, 1.11%, 13, 0, 6, 258.83, 266247, 726
1187, 0, 27, 74, 53, 0, 1.11%, 13, 0, 6, 158.72, 267061, 726
1192, 0, 27, 74, 53, 0, 1.11%, 13, 0, 6, 116.96, 267589, 726
1197, 0, 27, 74, 53, 0, 1.11%, 13, 0, 6, 106.31, 268113, 726
1202, 0, 27, 74, 53, 0, 1.11%, 13, 0, 6, 113.41, 268671, 726
1207, 0, 27, 74, 53, 0, 1.11%, 13, 0, 6, 233.03, 270036, 726
1212, 0, 27, 74, 53, 0, 1.11%, 13, 0, 6, 265.66, 271420, 726
1217, 0, 27, 74, 53, 0, 1.11%, 13, 0, 6, 254.12, 272666, 726
1222, 0, 27, 74, 53, 0, 1.11%, 13, 0, 6, 272.72, 274064, 726
1227, 0, 27, 74, 53, 0, 1.11%, 13, 0, 6, 259.54, 275367, 726
1232, 0, 27, 74, 53, 0, 1.11%, 13, 0, 6, 147.56, 276035, 726
1237, 0, 27, 74, 53, 0, 1.11%, 13, 0, 6, 115.43, 276589, 726
1243, 0, 27, 74, 53, 0, 1.11%, 13, 0, 6, 231.84, 277928, 726
1248, 0, 27, 74, 53, 0, 1.11%, 13, 0, 6, 158.16, 278789, 726
1253, 0, 27, 74, 53, 0, 1.11%, 13, 0, 6, 99.78, 279209, 726
1258, 0, 27, 74, 53, 0, 1.11%, 13, 0, 6, 145.58, 279872, 726
1263, 0, 27, 74, 53, 0, 1.11%, 13, 0, 6, 238.03, 281195, 726
1268, 0, 27, 74, 53, 0, 1.11%, 13, 0, 6, 256.00, 282520, 726
1273, 0, 17, 74, 53, 0, 1.11%, 13, 0, 6, 246.91, 283852, 726
1278, 0, 17, 74, 53, 0, 1.11%, 13, 0, 6, 235.41, 284990, 726
1283, 0, 46, 74, 53, 0, 1.11%, 13, 0, 6, 244.89, 286183, 726
1288, 0, 46, 74, 53, 0, 1.11%, 13, 0, 6, 204.57, 287235, 726
1293, 0, 46, 75, 54, 0, 1.11%, 13, 0, 6, 161.03, 288122, 730
1298, 0, 46, 75, 54, 0, 1.11%, 13, 0, 6, 123.54, 288763, 730
1303, 0, 74, 76, 55, 1, 1.12%, 13, 0, 6, 201.80, 289909, 732
1309, 0, 74, 76, 55, 1, 1.12%, 13, 0, 6, 224.45, 291101, 732
1314, 0, 74, 76, 55, 1, 1.12%, 13, 0, 6, 229.66, 292253, 732
1319, 0, 74, 77, 56, 1, 1.12%, 13, 0, 6, 227.26, 293421, 734
1324, 0, 74, 77, 56, 1, 1.12%, 13, 0, 6, 234.62, 294649, 734
1329, 0, 74, 77, 56, 1, 1.12%, 13, 0, 6, 235.56, 295869, 734
1334, 0, 74, 77, 56, 1, 1.12%, 13, 0, 6, 233.31, 297081, 734
1340, 0, 74, 77, 56, 1, 1.12%, 13, 0, 6, 236.72, 298313, 734
1345, 0, 74, 77, 56, 1, 1.12%, 13, 0, 6, 236.70, 299497, 734
1350, 0, 74, 77, 56, 1, 1.12%, 13, 0, 6, 237.82, 300737, 734
1355, 0, 74, 77, 56, 1, 1.12%, 13, 0, 6, 236.95, 301969, 734
1360, 0, 74, 77, 56, 1, 1.12%, 13, 0, 6, 236.66, 303157, 734
1365, 0, 74, 77, 56, 1, 1.12%, 13, 0, 6, 237.77, 304345, 734
1370, 0, 74, 77, 56, 1, 1.12%, 13, 0, 6, 257.90, 305681, 734
1375, 0, 74, 78, 57, 1, 1.12%, 13, 0, 6, 179.84, 306547, 734
1380, 0, 74, 78, 57, 1, 1.12%, 13, 0, 6, 154.14, 307297, 734
1385, 0, 74, 79, 58, 1, 1.12%, 13, 0, 6, 146.50, 308015, 734
1390, 0, 74, 79, 58, 1, 1.12%, 13, 0, 6, 151.48, 308805, 734
1396, 0, 74, 79, 58, 1, 1.12%, 13, 0, 6, 182.30, 309714, 734
1401, 0, 74, 79, 58, 1, 1.12%, 13, 0, 6, 148.16, 310536, 734
1406, 0, 74, 79, 58, 1, 1.12%, 13, 0, 6, 112.76, 311079, 734
1411, 0, 74, 79, 58, 1, 1.12%, 13, 0, 6, 227.12, 312345, 734
1416, 0, 74, 79, 58, 1, 1.12%, 13, 0, 6, 247.46, 313687, 734
1421, 0, 74, 79, 58, 1, 1.12%, 13, 0, 6, 130.63, 314185, 734
1426, 0, 74, 79, 58, 1, 1.12%, 13, 0, 6, 159.45, 314910, 734
1432, 0, 74, 79, 58, 1, 1.12%, 13, 0, 6, 135.48, 315717, 734
1437, 0, 74, 79, 58, 1, 1.12%, 13, 0, 6, 101.22, 316201, 734
1442, 0, 74, 79, 58, 1, 1.12%, 13, 0, 6, 203.15, 317241, 734
1447, 0, 74, 79, 58, 1, 1.12%, 13, 0, 6, 38.06, 318207, 734
1452, 0, 74, 79, 58, 1, 1.12%, 13, 0, 6, 93.37, 318743, 734
1457, 0, 76, 79, 57, 2, 1.12%, 13, 0, 6, 208.75, 319963, 734
1462, 0, 76, 79, 57, 2, 1.12%, 13, 0, 6, 244.09, 321259, 734
1467, 0, 76, 79, 57, 2, 1.12%, 13, 0, 6, 253.06, 322539, 734
1472, 0, 76, 79, 57, 2, 1.12%, 13, 0, 6, 253.73, 323836, 734
1478, 0, 76, 79, 57, 2, 1.12%, 13, 0, 6, 261.14, 325165, 734
1483, 0, 76, 79, 57, 2, 1.12%, 13, 0, 6, 268.69, 326538, 734
1488, 0, 76, 79, 57, 2, 1.12%, 14, 0, 6, 248.55, 327811, 734
1493, 0, 76, 79, 57, 2, 1.12%, 14, 0, 6, 178.69, 328655, 734
1498, 0, 76, 79, 57, 2, 1.12%, 14, 0, 6, 224.77, 329823, 734
1503, 0, 76, 79, 57, 2, 1.12%, 14, 0, 6, 252.84, 331133, 734
1508, 0, 76, 79, 57, 2, 1.12%, 14, 0, 6, 263.74, 332471, 734
1513, 0, 76, 79, 57, 2, 1.12%, 14, 0, 6, 260.61, 333865, 734
1519, 0, 76, 79, 57, 2, 1.12%, 14, 0, 6, 253.91, 335143, 734
1524, 0, 16, 79, 56, 1, 1.12%, 14, 0, 6, 258.22, 336439, 734
1529, 0, 16, 79, 56, 1, 1.12%, 14, 0, 6, 252.52, 337765, 734
1534, 0, 16, 79, 56, 1, 1.12%, 14, 0, 6, 150.72, 338508, 734
1539, 0, 16, 79, 56, 1, 1.12%, 14, 0, 6, 101.13, 338951, 734
1544, 0, 16, 79, 56, 1, 1.12%, 14, 0, 6, 143.53, 339779, 734
1549, 0, 16, 79, 56, 1, 1.12%, 14, 0, 6, 228.66, 341009, 734
1554, 0, 16, 79, 56, 1, 1.12%, 14, 0, 6, 136.07, 341633, 734
1559, 0, 16, 79, 56, 1, 1.12%, 14, 0, 6, 121.41, 342361, 734
1565, 0, 16, 79, 56, 1, 1.12%, 14, 0, 6, 222.69, 343481, 734
1570, 0, 75, 79, 55, 1, 1.12%, 14, 0, 6, 263.29, 344870, 734
1575, 0, 75, 79, 55, 1, 1.12%, 14, 0, 6, 263.30, 346251, 734
1580, 0, 75, 79, 55, 1, 1.12%, 14, 0, 6, 230.71, 347438, 734
1585, 0, 75, 79, 55, 1, 1.12%, 14, 0, 6, 128.70, 347954, 734
1590, 0, 75, 79, 55, 1, 1.12%, 14, 0, 6, 108.56, 348476, 734
1595, 0, 75, 79, 55, 1, 1.12%, 14, 0, 6, 117.64, 349050, 734
1600, 0, 75, 79, 55, 1, 1.12%, 14, 0, 6, 106.31, 349574, 734
1605, 0, 75, 79, 55, 1, 1.12%, 14, 0, 6, 77.81, 349937, 734
1610, 0, 75, 79, 55, 1, 1.12%, 14, 0, 6, 193.31, 351111, 734
1615, 0, 75, 79, 55, 1, 1.12%, 14, 0, 6, 237.30, 352334, 734
1621, 0, 75, 79, 55, 1, 1.12%, 14, 0, 6, 252.67, 353654, 734
1626, 0, 75, 79, 55, 1, 1.12%, 14, 0, 6, 238.53, 354866, 734
1631, 0, 75, 79, 55, 1, 1.12%, 14, 0, 6, 169.11, 355677, 734
1636, 0, 75, 79, 55, 1, 1.12%, 14, 0, 6, 239.35, 356918, 734
1641, 0, 75, 79, 55, 1, 1.12%, 14, 0, 6, 219.04, 358070, 734
1646, 0, 75, 79, 55, 1, 1.12%, 14, 0, 6, 244.36, 359326, 734
1651, 0, 75, 79, 55, 1, 1.12%, 14, 0, 6, 185.27, 360393, 734
1657, 0, 75, 79, 55, 1, 1.12%, 14, 0, 6, 96.14, 360766, 734
1662, 0, 17, 79, 54, 0, 1.12%, 14, 0, 6, 80.96, 361141, 734
1667, 0, 17, 79, 54, 0, 1.12%, 14, 0, 6, 165.75, 362208, 734
1672, 0, 17, 79, 54, 0, 1.12%, 14, 0, 6, 84.51, 362511, 734
1677, 0, 17, 79, 54, 0, 1.12%, 14, 0, 6, 225.93, 363809, 734
1682, 0, 18, 79, 54, 0, 1.12%, 14, 0, 6, 267.90, 365257, 734
1688, 0, 18, 79, 54, 0, 1.12%, 14, 0, 6, 198.45, 366274, 734
1693, 0, 18, 79, 54, 0, 1.12%, 14, 0, 6, 140.61, 366900, 734
1698, 0, 18, 79, 54, 0, 1.12%, 14, 0, 6, 191.52, 367991, 734
1703, 0, 18, 79, 54, 0, 1.12%, 14, 0, 6, 248.76, 369313, 734
1708, 0, 18, 79, 54, 0, 1.12%, 14, 0, 6, 287.43, 370827, 734
1713, 0, 18, 79, 54, 0, 1.12%, 14, 0, 6, 156.55, 371588, 734
1718, 0, 18, 79, 54, 0, 1.12%, 14, 0, 6, 79.64, 371887, 734
1723, 0, 18, 79, 54, 0, 1.12%, 14, 0, 6, 113.64, 372526, 734
1728, 0, 18, 79, 54, 0, 1.12%, 14, 0, 6, 120.82, 373091, 734
1734, 0, 29, 79, 54, 0, 1.12%, 14, 0, 6, 214.48, 374227, 734
1739, 0, 29, 79, 54, 0, 1.12%, 14, 0, 6, 252.89, 375592, 734
1744, 0, 29, 79, 54, 0, 1.12%, 14, 0, 6, 256.90, 376883, 734
1749, 0, 29, 80, 55, 0, 1.13%, 14, 0, 6, 257.48, 378181, 741
1754, 0, 29, 80, 55, 0, 1.13%, 14, 0, 6, 255.55, 379461, 741
1759, 0, 29, 80, 55, 0, 1.13%, 14, 0, 6, 257.27, 380801, 741
1764, 0, 29, 80, 55, 0, 1.13%, 14, 0, 6, 216.10, 381947, 741
1769, 0, 29, 80, 55, 0, 1.13%, 14, 0, 6, 122.63, 382441, 741
1774, 0, 29, 80, 55, 0, 1.13%, 14, 0, 6, 102.46, 382941, 741
1779, 0, 29, 80, 55, 0, 1.13%, 14, 0, 6, 94.86, 383420, 741
1785, 0, 29, 80, 55, 0, 1.13%, 14, 0, 6, 96.49, 383917, 741
1790, 0, 29, 80, 55, 0, 1.13%, 14, 0, 6, 97.50, 384416, 741
1795, 0, 29, 80, 55, 0, 1.13%, 14, 0, 6, 95.44, 384906, 741
1800, 0, 29, 80, 55, 0, 1.13%, 14, 0, 6, 95.71, 385397, 741
1805, 0, 29, 80, 55, 0, 1.13%, 14, 0, 6, 97.76, 385899, 741
1810, 0, 29, 80, 55, 0, 1.13%, 14, 0, 6, 97.88, 386401, 741
1815, 0, 29, 80, 55, 0, 1.13%, 14, 0, 6, 97.79, 386902, 741
1820, 0, 29, 80, 55, 0, 1.13%, 14, 0, 6, 96.96, 387399, 741
1826, 0, 29, 80, 55, 0, 1.13%, 14, 0, 6, 92.02, 387864, 741
1831, 0, 29, 80, 55, 0, 1.13%, 14, 0, 6, 91.45, 388333, 741
1836, 0, 29, 80, 55, 0, 1.13%, 14, 0, 6, 91.15, 388801, 741
1841, 0, 29, 80, 55, 0, 1.13%, 14, 0, 6, 165.66, 389756, 741
1846, 0, 29, 80, 55, 0, 1.13%, 14, 0, 6, 208.57, 390834, 741
1851, 0, 29, 80, 55, 0, 1.13%, 14, 0, 6, 247.43, 392090, 741
1856, 0, 29, 80, 55, 0, 1.13%, 14, 0, 6, 260.37, 393506, 741
1862, 0, 29, 80, 55, 0, 1.13%, 14, 0, 6, 243.24, 394709, 741
1867, 0, 29, 80, 55, 0, 1.13%, 14, 0, 6, 269.41, 396102, 741
1872, 0, 29, 80, 55, 0, 1.13%, 14, 0, 6, 302.12, 397643, 741
1877, 0, 29, 80, 55, 0, 1.13%, 14, 0, 6, 180.47, 398429, 741
1882, 0, 29, 80, 55, 0, 1.13%, 14, 0, 6, 152.45, 399152, 741
1887, 0, 29, 80, 55, 0, 1.13%, 14, 0, 6, 146.27, 399900, 741
1892, 0, 29, 80, 55, 0, 1.13%, 14, 0, 6, 148.00, 400665, 741
1897, 0, 29, 80, 55, 0, 1.13%, 14, 0, 6, 113.38, 401202, 741
1902, 0, 29, 80, 55, 0, 1.13%, 14, 0, 6, 108.74, 401746, 741
1907, 0, 29, 80, 55, 0, 1.13%, 14, 0, 6, 130.47, 402350, 741
1912, 0, 29, 80, 55, 0, 1.13%, 14, 0, 6, 265.06, 403897, 741
1918, 0, 29, 80, 55, 0, 1.13%, 14, 0, 6, 246.10, 405200, 741
1923, 0, 29, 80, 55, 0, 1.13%, 14, 0, 6, 102.19, 405504, 741
1928, 0, 29, 80, 55, 0, 1.13%, 14, 0, 6, 69.33, 405809, 741
1933, 0, 29, 80, 55, 0, 1.13%, 14, 0, 6, 62.45, 406114, 741
1938, 0, 29, 80, 55, 0, 1.13%, 14, 0, 6, 60.72, 406416, 741
1943, 0, 29, 80, 55, 0, 1.13%, 14, 0, 6, 126.22, 406964, 741
1948, 0, 79, 80, 55, 1, 1.13%, 14, 0, 6, 242.30, 408399, 741
1953, 0, 79, 80, 55, 1, 1.13%, 14, 0, 6, 257.32, 409756, 741
1958, 0, 79, 80, 55, 1, 1.13%, 14, 0, 6, 264.10, 411141, 741
1963, 0, 79, 80, 55, 1, 1.13%, 14, 0, 6, 277.50, 412552, 741
1968, 0, 79, 80, 55, 1, 1.13%, 14, 0, 6, 149.08, 413248, 741
1974, 0, 79, 80, 55, 1, 1.13%, 14, 0, 6, 102.20, 413709, 741
1979, 0, 79, 80, 55, 1, 1.13%, 14, 0, 6, 129.05, 414391, 741
1984, 0, 79, 80, 55, 1, 1.13%, 14, 0, 6, 204.42, 415357, 741
1989, 0, 79, 80, 55, 1, 1.13%, 14, 0, 6, 268.85, 416835, 741
1994, 0, 79, 80, 55, 1, 1.13%, 14, 0, 6, 288.51, 418373, 741
1999, 0, 79, 80, 55, 1, 1.13%, 14, 0, 6, 257.49, 419642, 741
2004, 0, 79, 80, 55, 1, 1.13%, 14, 0, 6, 259.74, 420965, 741
2010, 0, 79, 80, 55, 1, 1.13%, 14, 0, 6, 284.07, 422438, 741
2015, 0, 79, 80, 55, 1, 1.13%, 14, 0, 6, 281.58, 423947, 741
2020, 0, 59, 80, 54, 0, 1.13%, 14, 0, 6, 264.49, 425230, 741
2025, 0, 59, 80, 54, 0, 1.13%, 14, 0, 6, 287.02, 426735, 741
2030, 0, 59, 80, 54, 0, 1.13%, 14, 0, 6, 291.24, 428250, 741
2035, 0, 59, 80, 54, 0, 1.13%, 14, 0, 6, 289.27, 429745, 741
2040, 0, 59, 80, 54, 0, 1.13%, 14, 0, 6, 282.10, 431215, 741
2046, 0, 59, 80, 54, 0, 1.13%, 14, 0, 6, 279.67, 432669, 741
2051, 0, 59, 80, 54, 0, 1.13%, 14, 0, 6, 278.50, 434069, 741
2056, 0, 59, 80, 54, 0, 1.13%, 14, 0, 6, 275.08, 435489, 741
2061, 0, 59, 80, 54, 0, 1.13%, 14, 0, 6, 274.19, 436869, 741
2066, 0, 59, 80, 54, 0, 1.13%, 14, 0, 6, 272.82, 438234, 741
2071, 0, 59, 80, 54, 0, 1.13%, 14, 0, 6, 222.46, 439388, 741
2076, 0, 59, 80, 54, 0, 1.13%, 14, 0, 6, 166.52, 440163, 741
2081, 0, 59, 80, 54, 0, 1.13%, 14, 0, 6, 156.91, 440934, 741
2086, 0, 59, 80, 54, 0, 1.13%, 14, 0, 6, 153.23, 441702, 741
2091, 0, 59, 80, 54, 0, 1.13%, 14, 0, 6, 152.85, 442491, 741
2096, 0, 59, 80, 54, 0, 1.13%, 14, 0, 6, 152.75, 443262, 741
2101, 0, 59, 80, 54, 0, 1.13%, 14, 0, 6, 151.06, 444024, 741
2106, 0, 59, 80, 54, 0, 1.13%, 14, 0, 6, 150.30, 444778, 741
2112, 0, 59, 80, 54, 0, 1.13%, 14, 0, 6, 151.02, 445563, 741
2117, 0, 59, 80, 54, 0, 1.13%, 14, 0, 6, 153.16, 446331, 741
2122, 0, 59, 80, 54, 0, 1.13%, 14, 0, 6, 124.00, 446954, 741
2127, 0, 59, 80, 54, 0, 1.13%, 14, 0, 6, 108.25, 447480, 741
2132, 0, 59, 80, 54, 0, 1.13%, 14, 0, 6, 106.53, 448018, 741
2137, 0, 59, 80, 54, 0, 1.13%, 14, 0, 6, 103.41, 448534, 741
2142, 0, 59, 80, 54, 0, 1.13%, 14, 0, 6, 104.30, 449070, 741
2147, 0, 59, 80, 54, 0, 1.13%, 14, 0, 6, 106.77, 449608, 741
2152, 0, 59, 80, 54, 0, 1.13%, 14, 0, 6, 104.76, 450140, 741
2157, 0, 59, 80, 54, 0, 1.13%, 14, 0, 6, 118.88, 450707, 741
2162, 0, 59, 80, 54, 0, 1.13%, 14, 0, 6, 220.18, 451979, 741
2168, 0, 59, 80, 54, 0, 1.13%, 14, 0, 6, 241.72, 453259, 741
2173, 0, 59, 80, 54, 0, 1.13%, 14, 0, 6, 235.19, 454479, 741
2178, 0, 59, 80, 54, 0, 1.13%, 14, 0, 6, 268.43, 455906, 741
2183, 0, 59, 80, 54, 0, 1.13%, 14, 0, 6, 276.69, 457311, 741
2188, 0, 59, 80, 54, 0, 1.13%, 14, 0, 6, 254.09, 458619, 741
2193, 0, 59, 80, 54, 0, 1.13%, 14, 0, 6, 196.37, 459528, 741
2198, 0, 59, 80, 54, 0, 1.13%, 14, 0, 6, 184.03, 460470, 741
2204, 0, 59, 80, 54, 0, 1.13%, 14, 0, 6, 181.13, 461406, 741
2209, 0, 59, 80, 54, 0, 1.13%, 15, 0, 6, 183.41, 462319, 741
2214, 0, 59, 80, 54, 0, 1.13%, 15, 0, 6, 121.69, 462906, 741
2219, 0, 59, 80, 54, 0, 1.13%, 15, 0, 6, 101.40, 463386, 741
2224, 0, 59, 80, 54, 0, 1.13%, 15, 0, 6, 94.85, 463866, 741
2229, 0, 59, 80, 54, 0, 1.13%, 15, 0, 6, 95.45, 464358, 741
2234, 0, 59, 80, 54, 0, 1.13%, 15, 0, 6, 95.29, 464847, 741
2239, 0, 59, 80, 54, 0, 1.13%, 15, 0, 6, 92.50, 465320, 741
2244, 0, 59, 80, 54, 0, 1.13%, 15, 0, 6, 95.42, 465812, 741
2249, 0, 59, 80, 54, 0, 1.13%, 15, 0, 6, 95.65, 466304, 741
2255, 0, 59, 80, 54, 0, 1.13%, 15, 0, 6, 223.49, 467459, 741
2260, 0, 59, 80, 54, 0, 1.13%, 15, 0, 6, 272.50, 468950, 741
2265, 0, 59, 80, 54, 0, 1.13%, 15, 0, 6, 288.89, 470453, 741
2270, 0, 59, 80, 54, 0, 1.13%, 15, 0, 6, 287.54, 471883, 741
2275, 0, 59, 80, 54, 0, 1.13%, 15, 0, 6, 289.87, 473383, 741
2280, 0, 59, 80, 54, 0, 1.13%, 15, 0, 6, 291.55, 474911, 741
2285, 0, 59, 80, 54, 0, 1.13%, 15, 0, 6, 276.75, 476276, 741
2291, 0, 59, 80, 54, 0, 1.13%, 15, 0, 6, 272.51, 477681, 741
2296, 0, 59, 80, 54, 0, 1.13%, 15, 0, 6, 281.88, 479104, 741
2301, 0, 59, 80, 54, 0, 1.13%, 15, 0, 6, 283.53, 480529, 741
2306, 0, 59, 80, 54, 0, 1.13%, 15, 0, 6, 275.50, 481914, 741
2311, 0, 59, 80, 54, 0, 1.13%, 15, 0, 6, 156.57, 482670, 741
2316, 0, 59, 80, 54, 0, 1.13%, 15, 0, 6, 105.31, 483145, 741
2321, 0, 59, 80, 54, 0, 1.13%, 15, 0, 6, 94.40, 483607, 741
2326, 0, 59, 80, 54, 0, 1.13%, 15, 0, 6, 92.35, 484079, 741
2331, 0, 59, 80, 54, 0, 1.13%, 15, 0, 6, 91.40, 484550, 741
2336, 0, 59, 80, 54, 0, 1.13%, 15, 0, 6, 91.51, 485022, 741
2342, 0, 59, 80, 54, 0, 1.13%, 15, 0, 6, 91.85, 485495, 741
2347, 0, 59, 80, 54, 0, 1.13%, 15, 0, 6, 91.85, 485967, 741
2352, 0, 59, 80, 54, 0, 1.13%, 15, 0, 6, 135.42, 486602, 741
2357, 0, 59, 80, 54, 0, 1.13%, 15, 0, 6, 222.67, 487860, 741
2362, 0, 59, 80, 54, 0, 1.13%, 15, 0, 6, 238.56, 489080, 741
2367, 0, 59, 80, 54, 0, 1.13%, 15, 0, 6, 270.21, 490458, 741
2372, 0, 59, 80, 54, 0, 1.13%, 15, 0, 6, 300.69, 492048, 741
2377, 0, 59, 80, 54, 0, 1.13%, 15, 0, 6, 311.04, 493625, 741
2383, 0, 59, 80, 54, 0, 1.13%, 15, 0, 6, 219.68, 494758, 741
2388, 0, 59, 80, 54, 0, 1.13%, 15, 0, 6, 171.51, 495555, 741
2393, 0, 59, 80, 54, 0, 1.13%, 15, 0, 6, 162.66, 496365, 741
2398, 0, 59, 80, 54, 0, 1.13%, 15, 0, 6, 154.76, 497145, 741
2403, 0, 59, 80, 54, 0, 1.13%, 15, 0, 6, 156.51, 497926, 741
2408, 0, 59, 80, 54, 0, 1.13%, 15, 0, 6, 210.87, 499015, 741
2413, 0, 59, 80, 54, 0, 1.13%, 15, 0, 6, 236.34, 500275, 741
2418, 0, 59, 80, 54, 0, 1.13%, 15, 0, 6, 244.82, 501511, 741
2423, 0, 79, 80, 54, 0, 1.13%, 15, 0, 6, 266.44, 502927, 741
2428, 0, 79, 80, 54, 0, 1.13%, 15, 0, 6, 263.86, 504262, 741
2434, 0, 79, 80, 54, 0, 1.13%, 15, 0, 6, 259.25, 505577, 741
2439, 0, 79, 80, 54, 0, 1.13%, 15, 0, 6, 256.26, 506887, 741
2444, 0, 79, 80, 54, 0, 1.13%, 15, 0, 6, 262.58, 508207, 741
2449, 0, 79, 80, 54, 0, 1.13%, 15, 0, 6, 264.18, 509536, 741
2454, 0, 79, 80, 54, 0, 1.13%, 15, 0, 6, 265.23, 510876, 741
2459, 0, 79, 80, 54, 0, 1.13%, 15, 0, 6, 268.10, 512261, 741
2464, 0, 79, 80, 54, 0, 1.13%, 15, 0, 6, 265.34, 513586, 741
2469, 0, 79, 80, 54, 0, 1.13%, 15, 0, 6, 267.92, 514931, 741
2474, 0, 79, 80, 54, 0, 1.13%, 15, 0, 6, 264.76, 516306, 741
2479, 0, 79, 80, 54, 0, 1.13%, 15, 0, 6, 244.86, 517505, 741
2484, 0, 79, 80, 54, 0, 1.13%, 15, 0, 6, 239.70, 518709, 741
2489, 0, 79, 80, 54, 0, 1.13%, 15, 0, 6, 239.02, 519917, 741
2494, 0, 79, 80, 54, 0, 1.13%, 15, 0, 6, 241.10, 521173, 741
2500, 0, 79, 80, 54, 0, 1.13%, 15, 0, 6, 234.39, 522341, 741
2505, 0, 79, 80, 54, 0, 1.13%, 15, 0, 6, 244.48, 523542, 741
2510, 0, 79, 80, 54, 0, 1.13%, 15, 0, 6, 284.11, 525087, 741
2515, 0, 79, 80, 54, 0, 1.13%, 15, 0, 6, 285.41, 526572, 741
2520, 0, 79, 80, 54, 0, 1.13%, 15, 0, 6, 295.23, 528100, 741
2525, 0, 79, 80, 54, 0, 1.13%, 15, 0, 6, 310.05, 529682, 741
2530, 0, 79, 80, 54, 0, 1.13%, 15, 0, 6, 313.49, 531266, 741
2535, 0, 79, 80, 54, 0, 1.13%, 15, 0, 6, 231.83, 532429, 741
2540, 0, 79, 80, 54, 0, 1.13%, 15, 0, 6, 196.48, 533385, 741
2546, 0, 79, 80, 54, 0, 1.13%, 15, 0, 6, 188.66, 534357, 741
2551, 0, 79, 80, 54, 0, 1.13%, 15, 0, 6, 186.41, 535323, 741
2556, 0, 79, 80, 54, 0, 1.13%, 15, 0, 6, 238.81, 536554, 741
2561, 0, 79, 80, 54, 0, 1.13%, 15, 0, 6, 264.74, 537956, 741
2566, 0, 79, 80, 54, 0, 1.13%, 15, 0, 6, 264.34, 539286, 741
2571, 0, 79, 80, 54, 0, 1.13%, 15, 0, 6, 163.85, 540107, 741
2576, 0, 79, 80, 54, 0, 1.13%, 15, 0, 6, 116.93, 540637, 741
2581, 0, 79, 80, 54, 0, 1.13%, 15, 0, 6, 106.84, 541165, 741
2586, 0, 79, 80, 54, 0, 1.13%, 15, 0, 6, 105.63, 541689, 741
2592, 0, 79, 80, 54, 0, 1.13%, 15, 0, 6, 105.20, 542233, 741
2597, 0, 79, 80, 54, 0, 1.13%, 15, 0, 6, 107.56, 542791, 741
2602, 0, 79, 80, 54, 0, 1.13%, 15, 0, 6, 105.31, 543349, 741
2607, 0, 79, 80, 54, 0, 1.13%, 15, 0, 6, 147.00, 544026, 741
2612, 0, 79, 80, 54, 0, 1.13%, 15, 0, 6, 241.00, 545396, 741
2617, 0, 79, 80, 54, 0, 1.13%, 15, 0, 6, 259.99, 546772, 741
2622, 0, 79, 80, 54, 0, 1.13%, 15, 0, 6, 270.23, 548120, 741
2627, 0, 79, 80, 54, 0, 1.13%, 15, 0, 6, 282.35, 549555, 741
2632, 0, 79, 80, 54, 0, 1.13%, 15, 0, 6, 279.46, 550965, 741
2638, 0, 79, 80, 54, 0, 1.13%, 15, 0, 6, 253.85, 552258, 741
2643, 0, 79, 80, 54, 0, 1.13%, 15, 0, 6, 246.51, 553486, 741
2648, 0, 79, 80, 54, 0, 1.13%, 15, 0, 6, 244.19, 554710, 741
2653, 0, 79, 80, 54, 0, 1.13%, 15, 0, 6, 197.84, 555763, 741
2658, 0, 79, 80, 54, 0, 1.13%, 15, 0, 6, 122.70, 556301, 741
2663, 0, 79, 80, 54, 0, 1.13%, 15, 0, 6, 109.89, 556841, 741
2668, 0, 79, 80, 54, 0, 1.13%, 15, 0, 6, 106.25, 557377, 741
2673, 0, 79, 80, 54, 0, 1.13%, 15, 0, 6, 106.72, 557915, 741
2678, 0, 79, 80, 54, 0, 1.13%, 15, 0, 6, 106.48, 558469, 741
2684, 0, 79, 80, 54, 0, 1.13%, 15, 0, 6, 104.03, 559015, 741
2689, 0, 79, 80, 54, 0, 1.13%, 15, 0, 6, 99.88, 559517, 741
2694, 0, 79, 80, 54, 0, 1.13%, 15, 0, 6, 96.43, 560004, 741
2699, 0, 79, 80, 54, 0, 1.13%, 15, 0, 6, 93.44, 560485, 741
2704, 0, 79, 80, 54, 0, 1.13%, 15, 0, 6, 94.65, 560967, 741
2709, 0, 79, 80, 54, 0, 1.13%, 15, 0, 6, 95.93, 561461, 741
2714, 0, 79, 80, 54, 0, 1.13%, 15, 0, 6, 95.30, 561948, 741
2719, 0, 79, 80, 54, 0, 1.13%, 15, 0, 6, 95.14, 562436, 741
2725, 0, 79, 80, 54, 0, 1.13%, 15, 0, 6, 95.31, 562927, 741
2730, 0, 79, 80, 54, 0, 1.13%, 15, 0, 6, 95.41, 563416, 741
2735, 0, 79, 80, 54, 0, 1.13%, 15, 0, 6, 102.90, 563949, 741
2740, 0, 79, 80, 54, 0, 1.13%, 15, 0, 6, 102.07, 564465, 741
2745, 0, 79, 80, 54, 0, 1.13%, 15, 0, 6, 104.52, 564997, 741
2750, 0, 79, 80, 54, 0, 1.13%, 15, 0, 6, 104.79, 565527, 741
2755, 0, 79, 80, 54, 0, 1.13%, 15, 0, 6, 106.16, 566059, 741
2760, 0, 79, 80, 54, 0, 1.13%, 15, 0, 6, 105.82, 566595, 741
2765, 0, 79, 80, 54, 0, 1.13%, 15, 0, 6, 102.96, 567111, 741
2770, 0, 79, 80, 54, 0, 1.13%, 15, 0, 6, 119.82, 567674, 741
2775, 0, 79, 80, 54, 0, 1.13%, 15, 0, 6, 276.06, 569280, 741
2780, 0, 79, 80, 54, 0, 1.13%, 15, 0, 6, 306.10, 570912, 741
2786, 0, 79, 80, 54, 0, 1.13%, 15, 0, 6, 282.41, 572388, 741
2791, 0, 79, 80, 54, 0, 1.13%, 15, 0, 6, 271.77, 573763, 741
2796, 0, 79, 80, 54, 0, 1.13%, 15, 0, 6, 267.96, 575145, 741
2801, 0, 79, 80, 54, 0, 1.13%, 15, 0, 6, 261.75, 576461, 741
2806, 0, 79, 80, 54, 0, 1.13%, 15, 0, 6, 257.26, 577746, 741
2811, 0, 79, 80, 54, 0, 1.13%, 15, 0, 6, 256.76, 579041, 741
2816, 0, 14, 80, 54, 0, 1.13%, 15, 0, 6, 264.77, 580394, 741
2821, 0, 14, 80, 54, 0, 1.13%, 15, 0, 6, 253.34, 581669, 741
2826, 0, 14, 80, 54, 0, 1.13%, 15, 0, 6, 153.80, 582448, 741
2831, 0, 14, 80, 54, 0, 1.13%, 15, 0, 6, 124.09, 583005, 741
2837, 0, 14, 80, 54, 0, 1.13%, 15, 0, 6, 215.58, 584125, 741
2842, 0, 14, 80, 54, 0, 1.13%, 15, 0, 6, 259.06, 585544, 741
2847, 0, 14, 80, 54, 0, 1.13%, 15, 0, 6, 258.70, 586864, 741
2852, 0, 14, 80, 54, 0, 1.13%, 15, 0, 6, 145.78, 587524, 741
2857, 0, 14, 80, 54, 0, 1.13%, 15, 0, 6, 216.51, 588655, 741
2862, 0, 27, 80, 54, 0, 1.13%, 15, 0, 6, 245.79, 589958, 741
2867, 0, 27, 80, 54, 0, 1.13%, 15, 0, 6, 273.65, 591384, 741
2872, 0, 27, 80, 54, 0, 1.13%, 15, 0, 6, 176.36, 592270, 741
2877, 0, 27, 80, 54, 0, 1.13%, 15, 0, 6, 171.11, 593162, 741
2882, 0, 27, 80, 54, 0, 1.13%, 15, 0, 6, 140.44, 593947, 741
2887, 0, 27, 80, 54, 0, 1.13%, 15, 0, 6, 109.57, 594394, 741
2893, 0, 27, 80, 54, 0, 1.13%, 15, 0, 6, 121.72, 595125, 741
2898, 0, 27, 80, 54, 0, 1.13%, 15, 0, 6, 223.63, 596280, 741
2903, 0, 27, 80, 54, 0, 1.13%, 15, 0, 6, 272.70, 597699, 741
2908, 0, 29, 80, 54, 0, 1.13%, 15, 0, 6, 259.88, 598989, 741
2913, 0, 29, 80, 54, 0, 1.13%, 15, 0, 6, 257.10, 600294, 741
2918, 0, 29, 80, 54, 0, 1.13%, 15, 0, 6, 257.67, 601569, 741
2923, 0, 29, 80, 54, 0, 1.13%, 15, 0, 6, 269.76, 602969, 741
2928, 0, 29, 80, 54, 0, 1.13%, 15, 0, 6, 279.70, 604469, 741
2933, 0, 29, 80, 54, 0, 1.13%, 15, 0, 6, 164.36, 605274, 741
2939, 0, 29, 80, 54, 0, 1.13%, 15, 0, 6, 237.98, 606484, 741
2944, 0, 29, 80, 54, 0, 1.13%, 15, 0, 6, 283.27, 608049, 741
2949, 0, 14, 80, 54, 0, 1.13%, 15, 0, 6, 269.02, 609384, 741
2954, 0, 14, 80, 54, 0, 1.13%, 15, 0, 6, 282.99, 610839, 741
2959, 0, 14, 80, 54, 0, 1.13%, 15, 0, 6, 255.50, 612174, 741
2964, 0, 14, 80, 54, 0, 1.13%, 15, 0, 6, 221.73, 613067, 741
2969, 0, 14, 80, 54, 0, 1.13%, 15, 0, 6, 244.77, 614389, 741
2974, 0, 14, 80, 54, 0, 1.13%, 15, 0, 6, 270.26, 615799, 741
2980, 0, 14, 80, 54, 0, 1.13%, 15, 0, 6, 166.14, 616648, 741
2985, 0, 14, 80, 54, 0, 1.13%, 15, 0, 6, 80.83, 616955, 741
2990, 0, 14, 80, 54, 0, 1.13%, 15, 0, 6, 160.55, 617934, 741
2995, 0, 18, 80, 54, 0, 1.13%, 15, 0, 6, 254.24, 619374, 741
3000, 0, 18, 80, 54, 0, 1.13%, 15, 0, 6, 154.72, 620103, 741
3005, 0, 18, 80, 54, 0, 1.13%, 15, 0, 6, 114.92, 620635, 741
3010, 0, 18, 80, 54, 0, 1.13%, 15, 0, 6, 218.67, 621866, 741
3015, 0, 18, 80, 54, 0, 1.13%, 15, 0, 6, 246.63, 623189, 741
3020, 0, 18, 80, 54, 0, 1.13%, 15, 0, 6, 187.28, 623960, 741
3025, 0, 18, 80, 54, 0, 1.13%, 15, 0, 6, 160.14, 624887, 741
3030, 0, 18, 80, 54, 0, 1.13%, 15, 0, 6, 102.75, 625331, 741
3036, 0, 18, 80, 54, 0, 1.13%, 15, 0, 6, 155.58, 626040, 741
3041, 0, 18, 80, 54, 0, 1.13%, 15, 0, 6, 208.25, 627279, 741
3046, 0, 79, 80, 54, 0, 1.13%, 15, 0, 6, 207.39, 628190, 741
3051, 0, 79, 80, 54, 0, 1.13%, 15, 0, 6, 252.45, 629574, 741
3056, 0, 79, 80, 54, 0, 1.13%, 15, 0, 6, 262.15, 630909, 741
3061, 0, 79, 80, 54, 0, 1.13%, 15, 0, 6, 265.33, 632294, 741
3066, 0, 79, 80, 54, 0, 1.13%, 15, 0, 6, 266.79, 633634, 741
3071, 0, 79, 80, 54, 0, 1.13%, 15, 0, 6, 265.81, 634973, 741
3076, 0, 79, 80, 54, 0, 1.13%, 15, 0, 6, 267.77, 636323, 741
3081, 0, 79, 80, 54, 0, 1.13%, 15, 0, 6, 268.25, 637663, 741
3086, 0, 79, 80, 54, 0, 1.13%, 15, 0, 6, 266.18, 638988, 741
3091, 0, 79, 80, 54, 0, 1.13%, 15, 0, 6, 262.79, 640313, 741
3097, 0, 79, 80, 54, 0, 1.13%, 15, 0, 6, 262.05, 641668, 741
3102, 0, 79, 80, 54, 0, 1.13%, 15, 0, 6, 260.03, 642983, 741
3107, 0, 79, 80, 54, 0, 1.13%, 15, 0, 6, 261.16, 644293, 741
3112, 0, 79, 80, 54, 0, 1.13%, 15, 0, 6, 261.94, 645613, 741
3117, 0, 79, 80, 54, 0, 1.13%, 15, 0, 6, 262.49, 646933, 741
3122, 0, 79, 80, 54, 0, 1.13%, 15, 0, 6, 260.41, 648233, 741
3127, 0, 79, 80, 54, 0, 1.13%, 15, 0, 6, 272.92, 649644, 741
3132, 0, 79, 80, 54, 0, 1.13%, 15, 0, 6, 285.13, 651134, 741
3137, 0, 79, 80, 54, 0, 1.13%, 15, 0, 6, 286.36, 652619, 741
3143, 0, 79, 80, 54, 0, 1.13%, 15, 0, 6, 288.61, 654132, 741
3148, 0, 79, 80, 54, 0, 1.13%, 15, 0, 6, 286.49, 655612, 741
3153, 0, 79, 80, 54, 0, 1.13%, 15, 0, 6, 287.80, 657099, 741
3158, 0, 79, 80, 54, 0, 1.13%, 15, 0, 6, 292.75, 658585, 741
3163, 0, 79, 80, 54, 0, 1.13%, 15, 0, 6, 294.55, 660115, 741
3168, 0, 79, 80, 54, 0, 1.13%, 15, 0, 6, 263.36, 661438, 741
3173, 0, 79, 80, 54, 0, 1.13%, 15, 0, 6, 246.92, 662648, 741
3178, 0, 79, 80, 54, 0, 1.13%, 15, 0, 6, 240.07, 663892, 741
3183, 0, 79, 80, 54, 0, 1.13%, 15, 0, 6, 263.05, 665246, 741
3189, 0, 79, 80, 54, 0, 1.13%, 15, 0, 6, 236.04, 666397, 741
3194, 0, 79, 80, 54, 0, 1.13%, 15, 0, 6, 230.60, 667545, 741
3199, 0, 79, 80, 54, 0, 1.13%, 15, 0, 6, 231.08, 668745, 741
3204, 0, 79, 80, 54, 0, 1.13%, 15, 0, 6, 268.36, 670134, 741
3209, 0, 79, 80, 54, 0, 1.13%, 15, 0, 6, 283.26, 671629, 741
3214, 0, 79, 80, 54, 0, 1.13%, 15, 0, 6, 289.11, 673066, 741
3219, 0, 79, 80, 54, 0, 1.13%, 15, 0, 6, 247.80, 674267, 741
3224, 0, 79, 80, 54, 0, 1.13%, 15, 0, 6, 238.58, 675499, 741
3229, 0, 79, 80, 54, 0, 1.13%, 15, 0, 6, 234.99, 676663, 741
3235, 0, 79, 80, 54, 0, 1.13%, 15, 0, 6, 275.56, 678155, 741
3240, 0, 79, 80, 54, 0, 1.13%, 15, 0, 6, 284.29, 679640, 741
3245, 0, 79, 80, 54, 0, 1.13%, 15, 0, 6, 285.72, 681123, 741
3250, 0, 79, 80, 54, 0, 1.13%, 15, 0, 6, 254.35, 682358, 741
3255, 0, 79, 80, 54, 0, 1.13%, 15, 0, 6, 246.10, 683585, 741
3260, 0, 79, 80, 54, 0, 1.13%, 15, 0, 6, 264.20, 684920, 741
3265, 0, 79, 80, 54, 0, 1.13%, 15, 0, 6, 138.18, 685486, 741
3270, 0, 79, 80, 54, 0, 1.13%, 15, 0, 6, 107.28, 686000, 741
3276, 0, 79, 80, 54, 0, 1.13%, 15, 0, 6, 100.38, 686508, 741
3281, 0, 79, 80, 54, 0, 1.13%, 15, 0, 6, 99.54, 687017, 741
3286, 0, 79, 80, 54, 0, 1.13%, 15, 0, 6, 99.53, 687523, 741
3291, 0, 79, 80, 54, 0, 1.13%, 15, 0, 6, 97.17, 688021, 741
3296, 0, 79, 80, 54, 0, 1.13%, 15, 0, 6, 98.62, 688523, 741
3301, 0, 79, 80, 54, 0, 1.13%, 15, 0, 6, 131.72, 689157, 741
3306, 0, 79, 80, 54, 0, 1.13%, 15, 0, 6, 246.02, 690555, 741
3311, 0, 79, 80, 54, 0, 1.13%, 15, 0, 6, 267.55, 691964, 741
3317, 0, 79, 80, 54, 0, 1.13%, 15, 0, 6, 273.24, 693387, 741
3322, 0, 79, 80, 54, 0, 1.13%, 15, 0, 6, 277.78, 694787, 741
3327, 0, 79, 80, 54, 0, 1.13%, 15, 0, 6, 277.72, 696202, 741
3332, 0, 79, 80, 54, 0, 1.13%, 15, 0, 6, 254.00, 697515, 741
3337, 0, 79, 80, 54, 0, 1.13%, 15, 0, 6, 233.71, 698669, 741
3342, 0, 79, 80, 54, 0, 1.13%, 15, 0, 6, 231.37, 699861, 741
3347, 0, 79, 80, 54, 0, 1.13%, 15, 0, 6, 245.81, 701106, 741
3352, 0, 79, 80, 54, 0, 1.13%, 15, 0, 6, 284.36, 702593, 741
3357, 0, 79, 80, 54, 0, 1.13%, 15, 0, 6, 288.45, 704103, 741
3362, 0, 59, 80, 54, 0, 1.13%, 15, 0, 6, 277.66, 705456, 741
3368, 0, 59, 80, 54, 0, 1.13%, 15, 0, 6, 288.05, 706971, 741
3373, 0, 59, 80, 54, 0, 1.13%, 15, 0, 6, 291.67, 708481, 741
3378, 0, 59, 80, 54, 0, 1.13%, 15, 0, 6, 292.17, 709996, 741
3383, 0, 59, 80, 54, 0, 1.13%, 15, 0, 6, 291.78, 711506, 741
3388, 0, 59, 80, 54, 0, 1.13%, 15, 0, 6, 278.24, 712935, 741
3394, 0, 59, 80, 54, 0, 1.13%, 15, 0, 6, 278.21, 714380, 741
3399, 0, 59, 80, 54, 0, 1.13%, 15, 0, 6, 276.49, 715760, 741
3404, 0, 59, 80, 54, 0, 1.13%, 15, 0, 6, 274.43, 717175, 741
3409, 0, 59, 80, 54, 0, 1.13%, 15, 0, 6, 275.93, 718590, 741
3414, 0, 59, 80, 54, 0, 1.13%, 15, 0, 6, 278.39, 719990, 741
3419, 0, 59, 80, 54, 0, 1.13%, 15, 0, 6, 277.75, 721400, 741
3424, 0, 59, 80, 54, 0, 1.13%, 15, 0, 6, 273.23, 722780, 741
3429, 0, 59, 80, 54, 0, 1.13%, 15, 0, 6, 273.03, 724150, 741
3434, 0, 59, 80, 54, 0, 1.13%, 15, 0, 6, 275.14, 725535, 741
3439, 0, 59, 80, 54, 0, 1.13%, 15, 0, 6, 286.73, 726996, 741
3444, 0, 59, 80, 54, 0, 1.13%, 15, 0, 6, 308.22, 728570, 741
3449, 0, 59, 80, 54, 0, 1.13%, 15, 0, 6, 312.10, 730140, 741
3454, 0, 59, 80, 54, 0, 1.13%, 15, 0, 6, 269.82, 731479, 741
3459, 0, 59, 80, 54, 0, 1.13%, 15, 0, 6, 255.08, 732739, 741
3464, 0, 59, 80, 54, 0, 1.13%, 15, 0, 6, 253.48, 734021, 741
3469, 0, 59, 80, 54, 0, 1.13%, 15, 0, 6, 238.83, 735184, 741
3475, 0, 59, 80, 54, 0, 1.13%, 16, 0, 6, 235.13, 736400, 741
3480, 0, 59, 80, 54, 0, 1.13%, 16, 0, 6, 239.64, 737612, 741
3485, 0, 59, 80, 54, 0, 1.13%, 16, 0, 6, 193.53, 738656, 741
3490, 0, 59, 80, 54, 0, 1.13%, 16, 0, 6, 121.57, 739175, 741
3495, 0, 59, 80, 54, 0, 1.13%, 16, 0, 6, 108.13, 739695, 741
3500, 0, 59, 80, 54, 0, 1.13%, 16, 0, 6, 107.31, 740235, 741
3505, 0, 59, 80, 54, 0, 1.13%, 16, 0, 6, 104.23, 740773, 741
3510, 0, 59, 80, 54, 0, 1.13%, 16, 0, 6, 102.56, 741291, 741
3515, 0, 59, 80, 54, 0, 1.13%, 16, 0, 6, 105.29, 741833, 741
3520, 0, 59, 80, 54, 0, 1.13%, 16, 0, 6, 100.07, 742333, 741
3525, 0, 59, 80, 54, 0, 1.13%, 16, 0, 6, 207.63, 743482, 741
3531, 0, 59, 80, 54, 0, 1.13%, 16, 0, 6, 236.90, 744750, 741
3536, 0, 59, 80, 54, 0, 1.13%, 16, 0, 6, 239.13, 746002, 741
3541, 0, 59, 80, 54, 0, 1.13%, 16, 0, 6, 264.69, 747366, 741
3546, 0, 59, 80, 54, 0, 1.13%, 16, 0, 6, 265.75, 748761, 741
3551, 0, 59, 80, 54, 0, 1.13%, 16, 0, 6, 275.94, 750208, 741
3557, 0, 59, 80, 54, 0, 1.13%, 16, 0, 6, 217.22, 751252, 741
3562, 0, 59, 80, 54, 0, 1.13%, 16, 0, 6, 202.83, 752296, 741
3567, 0, 59, 80, 54, 0, 1.13%, 16, 0, 6, 210.13, 753392, 741
3572, 0, 59, 80, 54, 0, 1.13%, 16, 0, 6, 227.11, 754565, 741
3577, 0, 59, 80, 54, 0, 1.13%, 16, 0, 6, 236.33, 755809, 741
3583, 0, 59, 80, 54, 0, 1.13%, 16, 0, 6, 237.37, 757045, 741
3588, 0, 59, 80, 54, 0, 1.13%, 16, 0, 6, 268.93, 758420, 741
3593, 0, 59, 80, 54, 0, 1.13%, 16, 0, 6, 285.49, 759870, 741
3598, 0, 59, 80, 54, 0, 1.13%, 16, 0, 6, 286.51, 761360, 741
3603, 0, 59, 80, 54, 0, 1.13%, 16, 0, 6, 277.33, 762813, 741
3608, 0, 59, 80, 54, 0, 1.13%, 16, 0, 6, 269.86, 764163, 741
3613, 0, 59, 80, 54, 0, 1.13%, 16, 0, 6, 271.04, 765523, 741
3618, 0, 59, 80, 54, 0, 1.13%, 16, 0, 6, 281.18, 766996, 741
3623, 0, 59, 80, 54, 0, 1.13%, 16, 0, 6, 285.00, 768421, 741
3629, 0, 59, 80, 54, 0, 1.13%, 16, 0, 6, 290.63, 769933, 741
3634, 0, 59, 80, 54, 0, 1.13%, 16, 0, 6, 308.15, 771553, 741
3639, 0, 59, 80, 54, 0, 1.13%, 16, 0, 6, 309.43, 773113, 741
3644, 0, 59, 80, 54, 0, 1.13%, 16, 0, 6, 239.92, 774350, 741
3649, 0, 59, 80, 54, 0, 1.13%, 16, 0, 6, 132.23, 774872, 741
3654, 0, 59, 80, 54, 0, 1.13%, 16, 0, 6, 109.38, 775414, 741
3659, 0, 59, 80, 54, 0, 1.13%, 16, 0, 6, 103.67, 775928, 741
3664, 0, 59, 80, 54, 0, 1.13%, 16, 0, 6, 101.41, 776440, 741
3669, 0, 59, 80, 54, 0, 1.13%, 16, 0, 6, 103.75, 776964, 741
3674, 0, 59, 80, 54, 0, 1.13%, 16, 0, 6, 105.17, 777512, 741
