# relative_time, cycles_done, cur_item, corpus_count, pending_total, pending_favs, map_size, saved_crashes, saved_hangs, max_depth, execs_per_sec, total_execs, edges_found
60, 0, 3, 20, 18, 5, 2.23%, 0, 0, 2, 113.41, 6786, 1461
66, 0, 3, 20, 18, 5, 2.23%, 0, 0, 2, 107.40, 7332, 1461
71, 0, 3, 20, 18, 5, 2.23%, 0, 0, 2, 102.67, 7864, 1461
76, 0, 3, 20, 18, 5, 2.23%, 0, 0, 2, 105.01, 8412, 1461
81, 0, 3, 20, 18, 5, 2.23%, 0, 0, 2, 106.97, 8962, 1461
86, 0, 3, 20, 18, 5, 2.23%, 0, 0, 2, 104.54, 9498, 1461
91, 0, 3, 20, 18, 5, 2.23%, 0, 0, 2, 108.03, 10060, 1461
96, 0, 3, 20, 18, 5, 2.23%, 0, 0, 2, 104.29, 10590, 1461
101, 0, 3, 21, 19, 5, 2.24%, 0, 0, 2, 107.67, 11146, 1468
106, 0, 3, 21, 19, 5, 2.24%, 0, 0, 2, 112.61, 11714, 1468
112, 0, 3, 21, 19, 5, 2.24%, 0, 0, 2, 108.50, 12256, 1468
117, 0, 3, 21, 19, 5, 2.24%, 0, 0, 2, 112.29, 12814, 1468
122, 0, 3, 21, 19, 5, 2.24%, 0, 0, 2, 113.60, 13388, 1468
127, 0, 3, 21, 19, 5, 2.24%, 0, 0, 2, 107.49, 13932, 1468
132, 0, 3, 21, 19, 5, 2.24%, 0, 0, 2, 114.96, 14522, 1468
137, 0, 3, 21, 19, 5, 2.24%, 0, 0, 2, 113.41, 15094, 1468
142, 0, 3, 21, 19, 5, 2.24%, 0, 0, 2, 114.84, 15672, 1468
147, 0, 3, 21, 19, 5, 2.24%, 0, 0, 2, 110.69, 16244, 1468
152, 0, 3, 21, 19, 5, 2.24%, 0, 0, 2, 115.91, 16832, 1468
157, 0, 3, 21, 19, 5, 2.24%, 0, 0, 2, 108.64, 17378, 1468
162, 0, 3, 21, 19, 5, 2.24%, 0, 0, 2, 110.80, 17936, 1468
168, 0, 3, 22, 20, 5, 2.25%, 0, 0, 2, 108.55, 18496, 1475
173, 0, 3, 22, 20, 5, 2.25%, 0, 0, 2, 108.16, 19068, 1475
178, 0, 3, 22, 20, 5, 2.25%, 0, 0, 2, 105.56, 19606, 1475
183, 0, 3, 22, 20, 5, 2.25%, 0, 0, 2, 108.99, 20176, 1475
188, 0, 3, 22, 20, 5, 2.25%, 0, 0, 2, 109.61, 20728, 1475
193, 0, 3, 22, 20, 5, 2.25%, 0, 0, 2, 106.55, 21272, 1475
198, 0, 3, 22, 20, 5, 2.25%, 0, 0, 2, 110.90, 21836, 1475
203, 0, 3, 22, 20, 5, 2.25%, 0, 0, 2, 111.57, 22388, 1475
209, 0, 3, 22, 20, 5, 2.25%, 0, 0, 2, 106.57, 22916, 1475
214, 0, 3, 22, 20, 5, 2.25%, 0, 0, 2, 105.95, 23464, 1475
219, 0, 3, 22, 20, 5, 2.25%, 0, 0, 2, 109.12, 24014, 1475
224, 0, 3, 22, 20, 5, 2.25%, 0, 0, 2, 106.29, 24560, 1475
229, 0, 3, 22, 20, 5, 2.25%, 0, 0, 2, 107.94, 25120, 1475
234, 0, 3, 22, 20, 5, 2.25%, 0, 0, 2, 185.10, 26123, 1475
239, 0, 3, 22, 20, 5, 2.25%, 0, 0, 2, 202.34, 27190, 1475
244, 0, 3, 22, 20, 5, 2.25%, 0, 0, 2, 208.15, 28250, 1475
249, 0, 3, 22, 20, 5, 2.25%, 0, 0, 2, 207.74, 29330, 1475
255, 0, 3, 22, 20, 5, 2.25%, 0, 0, 2, 204.32, 30390, 1475
260, 0, 3, 22, 20, 5, 2.25%, 0, 0, 2, 207.31, 31446, 1475
265, 0, 3, 22, 20, 5, 2.25%, 0, 0, 2, 207.60, 32494, 1475
270, 0, 3, 22, 20, 5, 2.25%, 0, 0, 2, 208.10, 33538, 1475
275, 0, 3, 22, 20, 5, 2.25%, 0, 0, 2, 208.62, 34586, 1475
280, 0, 3, 22, 20, 5, 2.25%, 0, 0, 2, 207.29, 35634, 1475
285, 0, 3, 22, 20, 5, 2.25%, 0, 0, 2, 206.57, 36682, 1475
290, 0, 3, 22, 20, 5, 2.25%, 0, 0, 2, 206.13, 37734, 1475
295, 0, 3, 22, 20, 5, 2.25%, 0, 0, 2, 210.16, 38794, 1475
300, 0, 3, 22, 20, 5, 2.25%, 0, 0, 2, 207.46, 39838, 1475
305, 0, 3, 22, 20, 5, 2.25%, 0, 0, 2, 208.62, 40886, 1475
310, 0, 3, 22, 20, 5, 2.25%, 0, 0, 2, 206.50, 41938, 1475
315, 0, 3, 22, 20, 5, 2.25%, 0, 0, 2, 208.24, 42986, 1475
320, 0, 3, 22, 20, 5, 2.25%, 0, 0, 2, 208.03, 44038, 1475
325, 0, 3, 22, 20, 5, 2.25%, 0, 0, 2, 205.11, 45074, 1475
331, 0, 3, 22, 20, 5, 2.25%, 0, 0, 2, 206.10, 46106, 1475
336, 0, 3, 22, 20, 5, 2.25%, 0, 0, 2, 207.02, 47154, 1475
341, 0, 3, 22, 20, 5, 2.25%, 0, 0, 2, 208.37, 48202, 1475
346, 0, 3, 22, 20, 5, 2.25%, 0, 0, 2, 208.68, 49250, 1475
351, 0, 3, 23, 21, 5, 2.26%, 0, 0, 2, 201.30, 50298, 1483
356, 0, 3, 23, 21, 5, 2.26%, 0, 0, 2, 218.65, 51414, 1483
361, 0, 3, 23, 21, 5, 2.26%, 0, 0, 2, 222.25, 52526, 1483
366, 0, 3, 25, 23, 5, 2.26%, 0, 0, 2, 176.96, 53390, 1483
371, 0, 22, 26, 23, 11, 2.26%, 0, 0, 3, 193.13, 54375, 1484
376, 0, 22, 26, 23, 11, 2.26%, 0, 0, 3, 211.28, 55476, 1484
381, 0, 22, 26, 23, 11, 2.26%, 0, 0, 3, 234.27, 56676, 1484
386, 0, 22, 26, 23, 11, 2.26%, 0, 0, 3, 205.40, 57692, 1484
392, 0, 22, 26, 23, 11, 2.26%, 0, 0, 3, 217.81, 58872, 1484
397, 0, 22, 26, 23, 11, 2.26%, 0, 0, 3, 198.69, 59858, 1484
402, 0, 8, 26, 22, 11, 2.26%, 0, 0, 3, 220.89, 61062, 1484
407, 0, 8, 26, 22, 11, 2.26%, 0, 0, 3, 216.35, 62158, 1484
412, 0, 8, 26, 22, 11, 2.26%, 0, 0, 3, 216.57, 63246, 1484
417, 0, 8, 26, 22, 11, 2.26%, 0, 0, 3, 227.69, 64374, 1484
422, 0, 8, 26, 22, 11, 2.26%, 0, 0, 3, 230.81, 65510, 1484
427, 0, 14, 26, 21, 10, 2.26%, 0, 0, 3, 228.15, 66650, 1484
432, 0, 14, 26, 21, 10, 2.26%, 0, 0, 3, 219.94, 67770, 1484
437, 0, 14, 26, 21, 10, 2.26%, 0, 0, 3, 201.30, 68750, 1484
442, 0, 14, 26, 21, 10, 2.26%, 0, 0, 3, 205.45, 69810, 1484
447, 0, 14, 26, 21, 10, 2.26%, 0, 0, 3, 203.30, 70873, 1484
452, 0, 14, 31, 26, 10, 2.27%, 0, 0, 3, 190.58, 71845, 1488
457, 0, 14, 33, 28, 10, 2.28%, 0, 0, 3, 179.71, 72728, 1491
463, 0, 14, 33, 28, 10, 2.28%, 0, 0, 3, 180.40, 73655, 1491
468, 0, 14, 33, 28, 10, 2.28%, 0, 0, 3, 182.24, 74594, 1491
473, 0, 14, 33, 28, 10, 2.28%, 0, 0, 3, 179.74, 75491, 1491
478, 0, 14, 33, 28, 10, 2.28%, 0, 0, 3, 189.50, 76470, 1491
483, 0, 14, 33, 28, 10, 2.28%, 0, 0, 3, 191.16, 77454, 1491
488, 0, 14, 33, 28, 10, 2.28%, 0, 0, 3, 191.07, 78432, 1491
493, 0, 14, 33, 28, 10, 2.28%, 0, 0, 3, 191.36, 79416, 1491
498, 0, 14, 33, 28, 10, 2.28%, 0, 0, 3, 190.36, 80397, 1491
504, 0, 14, 33, 28, 10, 2.28%, 0, 0, 3, 191.42, 81381, 1491
509, 0, 14, 33, 28, 10, 2.28%, 0, 0, 3, 191.73, 82374, 1491
514, 0, 14, 33, 28, 10, 2.28%, 0, 0, 3, 190.92, 83361, 1491
519, 0, 14, 33, 28, 10, 2.28%, 0, 0, 3, 189.52, 84336, 1491
524, 0, 14, 33, 28, 10, 2.28%, 0, 0, 3, 189.94, 85311, 1491
529, 0, 14, 33, 28, 10, 2.28%, 0, 0, 3, 192.40, 86301, 1491
534, 0, 14, 33, 28, 10, 2.28%, 0, 0, 3, 190.02, 87288, 1491
540, 0, 14, 33, 28, 10, 2.28%, 0, 0, 3, 191.87, 88278, 1491
545, 0, 14, 33, 28, 10, 2.28%, 0, 0, 3, 190.65, 89259, 1491
550, 0, 14, 33, 28, 10, 2.28%, 0, 0, 3, 191.99, 90243, 1491
555, 0, 14, 33, 28, 10, 2.28%, 0, 0, 3, 191.04, 91227, 1491
560, 0, 14, 33, 28, 10, 2.28%, 0, 0, 3, 194.32, 92235, 1491
565, 0, 14, 33, 28, 10, 2.28%, 0, 0, 3, 193.94, 93243, 1491
571, 0, 14, 33, 28, 10, 2.28%, 0, 0, 3, 192.05, 94233, 1491
576, 0, 14, 33, 28, 10, 2.28%, 0, 0, 3, 189.32, 95208, 1491
581, 0, 14, 33, 28, 10, 2.28%, 0, 0, 3, 189.82, 96186, 1491
586, 0, 14, 33, 28, 10, 2.28%, 0, 0, 3, 190.31, 97167, 1491
591, 0, 14, 33, 28, 10, 2.28%, 0, 0, 3, 189.69, 98145, 1491
596, 0, 14, 33, 28, 10, 2.28%, 0, 0, 3, 190.66, 99123, 1491
601, 0, 14, 33, 28, 10, 2.28%, 0, 0, 3, 190.04, 100101, 1491
607, 0, 14, 33, 28, 10, 2.28%, 0, 0, 3, 191.08, 101091, 1491
612, 0, 14, 33, 28, 10, 2.28%, 0, 0, 3, 190.53, 102072, 1491
617, 0, 14, 33, 28, 10, 2.28%, 0, 0, 3, 191.44, 103065, 1491
622, 0, 14, 33, 28, 10, 2.28%, 0, 0, 3, 191.10, 104052, 1491
627, 0, 14, 33, 28, 10, 2.28%, 0, 0, 3, 192.89, 105021, 1491
632, 0, 14, 33, 28, 10, 2.28%, 0, 0, 3, 189.99, 106005, 1491
637, 0, 14, 33, 28, 10, 2.28%, 0, 0, 3, 190.07, 106980, 1491
643, 0, 14, 33, 28, 10, 2.28%, 0, 0, 3, 191.84, 107964, 1491
648, 0, 31, 33, 27, 13, 2.28%, 0, 0, 3, 211.74, 109071, 1491
653, 0, 31, 34, 28, 13, 2.28%, 0, 0, 4, 222.47, 110175, 1491
658, 0, 31, 34, 28, 13, 2.28%, 0, 0, 4, 240.84, 111451, 1491
663, 0, 31, 34, 28, 13, 2.28%, 0, 0, 4, 224.63, 112587, 1491
668, 0, 16, 34, 27, 12, 2.28%, 0, 0, 4, 232.76, 113773, 1491
673, 0, 16, 34, 27, 12, 2.28%, 0, 0, 4, 214.52, 114825, 1491
678, 0, 16, 34, 27, 12, 2.28%, 0, 0, 4, 215.72, 115937, 1491
683, 0, 16, 35, 28, 12, 2.53%, 0, 0, 4, 206.78, 117013, 1657
689, 0, 16, 35, 28, 12, 2.53%, 0, 0, 4, 218.82, 118189, 1657
694, 0, 16, 35, 28, 12, 2.53%, 0, 0, 4, 230.00, 119369, 1657
699, 0, 16, 36, 29, 12, 2.54%, 0, 0, 4, 223.68, 120509, 1663
704, 0, 16, 36, 29, 12, 2.54%, 0, 0, 4, 231.63, 121677, 1663
709, 0, 16, 36, 29, 12, 2.54%, 0, 0, 4, 231.18, 122877, 1663
714, 0, 12, 36, 28, 13, 2.54%, 0, 0, 4, 159.82, 123656, 1663
719, 0, 12, 36, 28, 13, 2.54%, 0, 1, 4, 1.00, 124215, 1663
724, 0, 12, 36, 28, 13, 2.54%, 0, 3, 4, 1.25, 124225, 1663
732, 0, 12, 36, 28, 13, 2.54%, 0, 4, 4, 1.66, 124434, 1663
737, 0, 12, 36, 28, 13, 2.54%, 0, 5, 4, 1.64, 124442, 1663
742, 0, 12, 36, 28, 13, 2.54%, 0, 5, 4, 1.62, 124450, 1663
747, 0, 12, 36, 28, 13, 2.54%, 0, 6, 4, 245.18, 125190, 1663
752, 0, 12, 36, 28, 13, 2.54%, 0, 6, 4, 243.19, 126397, 1663
757, 0, 12, 36, 28, 13, 2.54%, 0, 6, 4, 227.72, 127089, 1663
762, 0, 18, 36, 27, 12, 2.54%, 0, 6, 4, 222.42, 128226, 1663
768, 0, 34, 36, 26, 11, 2.54%, 0, 6, 4, 156.17, 129082, 1663
773, 0, 34, 37, 27, 11, 2.56%, 0, 6, 4, 171.89, 129888, 1675
778, 0, 34, 39, 29, 11, 2.59%, 0, 6, 4, 22.23, 130239, 1700
783, 0, 34, 41, 31, 11, 2.64%, 0, 6, 4, 148.47, 130923, 1731
788, 0, 34, 41, 31, 11, 2.64%, 0, 6, 4, 183.81, 131435, 1731
793, 0, 34, 41, 31, 11, 2.64%, 0, 7, 4, 169.38, 131957, 1731
798, 0, 34, 44, 34, 11, 2.67%, 0, 7, 4, 17.18, 132299, 1753
804, 0, 34, 45, 35, 11, 2.68%, 0, 7, 4, 18.65, 132589, 1757
809, 0, 34, 45, 35, 11, 2.68%, 0, 7, 4, 25.17, 133168, 1757
815, 0, 34, 46, 36, 11, 2.70%, 0, 8, 4, 173.16, 133683, 1769
820, 0, 34, 46, 36, 11, 2.70%, 0, 8, 4, 25.47, 133965, 1769
825, 0, 34, 46, 36, 11, 2.70%, 0, 9, 4, 178.93, 134490, 1769
831, 0, 34, 46, 36, 11, 2.70%, 0, 9, 4, 169.89, 135168, 1769
836, 0, 34, 46, 36, 11, 2.70%, 0, 9, 4, 162.54, 135696, 1769
842, 0, 34, 46, 36, 11, 2.70%, 0, 9, 4, 25.82, 136013, 1769
847, 0, 34, 47, 37, 11, 2.71%, 0, 9, 4, 165.00, 136189, 1773
852, 0, 34, 47, 37, 11, 2.71%, 0, 9, 4, 175.53, 136709, 1773
857, 0, 34, 49, 39, 11, 2.71%, 0, 9, 4, 2.95, 137283, 1777
862, 0, 34, 49, 39, 11, 2.71%, 0, 9, 4, 158.42, 137981, 1777
868, 0, 34, 50, 40, 11, 2.71%, 0, 9, 4, 3.92, 138432, 1778
873, 0, 34, 50, 40, 11, 2.71%, 0, 9, 4, 21.22, 138962, 1778
878, 0, 34, 50, 40, 11, 2.71%, 0, 9, 4, 158.68, 139619, 1778
883, 0, 34, 50, 40, 11, 2.71%, 0, 9, 4, 26.25, 139802, 1778
889, 0, 34, 51, 41, 11, 2.72%, 0, 9, 4, 5.81, 140392, 1784
894, 0, 34, 51, 41, 11, 2.72%, 0, 9, 4, 178.58, 140929, 1784
900, 0, 34, 52, 42, 11, 2.72%, 0, 9, 4, 20.71, 141597, 1785
905, 0, 34, 52, 42, 11, 2.72%, 0, 9, 4, 175.98, 141951, 1785
911, 0, 34, 53, 43, 11, 2.73%, 0, 9, 4, 21.71, 142245, 1786
916, 0, 34, 53, 43, 11, 2.73%, 0, 10, 4, 22.96, 142628, 1786
922, 0, 34, 53, 43, 11, 2.73%, 0, 10, 4, 8.56, 143057, 1786
927, 0, 34, 53, 43, 11, 2.73%, 0, 10, 4, 5.76, 143663, 1786
933, 0, 34, 53, 43, 11, 2.73%, 0, 10, 4, 25.75, 143993, 1786
938, 0, 34, 53, 43, 11, 2.73%, 0, 11, 4, 160.96, 144527, 1786
944, 0, 34, 54, 44, 11, 2.73%, 0, 11, 4, 11.71, 145035, 1792
949, 0, 34, 54, 44, 11, 2.73%, 0, 11, 4, 23.49, 145328, 1792
954, 0, 34, 54, 44, 11, 2.73%, 0, 11, 4, 170.00, 145706, 1792
960, 0, 34, 54, 44, 11, 2.73%, 0, 11, 4, 5.86, 145934, 1792
965, 0, 34, 54, 44, 11, 2.73%, 0, 11, 4, 25.71, 146455, 1792
970, 0, 34, 54, 44, 11, 2.73%, 0, 11, 4, 165.67, 146977, 1792
975, 0, 34, 54, 44, 11, 2.73%, 0, 11, 4, 175.16, 147331, 1792
981, 0, 34, 54, 44, 11, 2.73%, 0, 11, 4, 21.20, 147889, 1792
986, 0, 34, 54, 44, 11, 2.73%, 0, 11, 4, 16.71, 148262, 1792
991, 0, 34, 54, 44, 11, 2.73%, 0, 11, 4, 30.00, 148603, 1792
996, 0, 34, 55, 45, 11, 2.74%, 0, 11, 4, 169.26, 148926, 1793
1001, 0, 34, 55, 45, 11, 2.74%, 0, 11, 4, 175.03, 149424, 1793
1006, 0, 34, 55, 45, 11, 2.74%, 0, 11, 4, 180.00, 149970, 1793
1012, 0, 34, 55, 45, 11, 2.74%, 0, 11, 4, 205.01, 150335, 1793
1017, 0, 34, 55, 45, 11, 2.74%, 0, 11, 4, 3.91, 150689, 1793
1022, 0, 34, 55, 45, 11, 2.74%, 0, 11, 4, 45.63, 151029, 1793
1027, 0, 34, 55, 45, 11, 2.74%, 0, 11, 4, 25.77, 151239, 1793
1032, 0, 34, 58, 48, 11, 2.76%, 0, 11, 4, 7.52, 151645, 1806
1038, 0, 34, 58, 48, 11, 2.76%, 0, 11, 4, 144.93, 151983, 1806
1043, 0, 34, 58, 48, 11, 2.76%, 0, 11, 4, 5.82, 152301, 1806
1049, 0, 34, 58, 48, 11, 2.76%, 0, 11, 4, 25.84, 152877, 1806
1054, 0, 34, 58, 48, 11, 2.76%, 0, 11, 4, 11.25, 153099, 1806
1060, 0, 34, 58, 48, 11, 2.76%, 0, 11, 4, 13.65, 153564, 1806
1065, 0, 34, 58, 48, 11, 2.76%, 0, 11, 4, 146.76, 154093, 1806
1070, 0, 34, 58, 48, 11, 2.76%, 0, 11, 4, 219.44, 155271, 1806
1075, 0, 34, 58, 48, 11, 2.76%, 0, 11, 4, 241.16, 156519, 1806
1080, 0, 34, 58, 48, 11, 2.76%, 0, 11, 4, 246.25, 157763, 1806
1085, 0, 34, 58, 48, 11, 2.76%, 0, 11, 4, 246.36, 159011, 1806
1091, 0, 34, 58, 48, 11, 2.76%, 0, 11, 4, 245.67, 160255, 1806
1096, 0, 34, 58, 48, 11, 2.76%, 0, 11, 4, 243.54, 161475, 1806
1101, 0, 34, 58, 48, 11, 2.76%, 0, 11, 4, 245.62, 162711, 1806
1106, 0, 34, 58, 48, 11, 2.76%, 0, 11, 4, 245.42, 163947, 1806
1111, 0, 34, 58, 48, 11, 2.76%, 0, 11, 4, 245.99, 165183, 1806
1116, 0, 34, 58, 48, 11, 2.76%, 0, 11, 4, 244.75, 166415, 1806
1121, 0, 34, 58, 48, 11, 2.76%, 0, 11, 4, 243.51, 167643, 1806
1126, 0, 34, 58, 48, 11, 2.76%, 0, 11, 4, 243.24, 168875, 1806
1131, 0, 34, 58, 48, 11, 2.76%, 0, 11, 4, 243.21, 170103, 1806
1136, 0, 34, 58, 48, 11, 2.76%, 0, 11, 4, 244.73, 171343, 1806
1141, 0, 34, 58, 48, 11, 2.76%, 0, 11, 4, 246.35, 172583, 1806
1146, 0, 34, 58, 48, 11, 2.76%, 0, 11, 4, 244.19, 173851, 1806
1151, 0, 34, 58, 48, 11, 2.76%, 0, 11, 4, 244.33, 175075, 1806
1156, 0, 34, 58, 48, 11, 2.76%, 0, 11, 4, 246.14, 176319, 1806
1161, 0, 34, 58, 48, 11, 2.76%, 0, 11, 4, 245.80, 177559, 1806
1166, 0, 34, 58, 48, 11, 2.76%, 0, 11, 4, 245.68, 178787, 1806
1171, 0, 34, 58, 48, 11, 2.76%, 0, 11, 4, 232.99, 179923, 1806
1176, 0, 34, 58, 48, 11, 2.76%, 0, 11, 4, 240.49, 181139, 1806
1181, 0, 34, 58, 48, 11, 2.76%, 0, 11, 4, 211.80, 182175, 1806
1186, 0, 34, 58, 48, 11, 2.76%, 0, 11, 4, 211.86, 183263, 1806
1191, 0, 34, 59, 49, 11, 2.76%, 0, 11, 4, 227.49, 184407, 1807
1197, 0, 34, 60, 50, 11, 2.76%, 0, 11, 4, 14.47, 185467, 1809
1202, 0, 25, 60, 49, 31, 2.76%, 0, 11, 4, 212.92, 186652, 1809
1207, 0, 25, 60, 49, 31, 2.76%, 0, 11, 4, 227.89, 187832, 1809
1213, 0, 25, 60, 49, 31, 2.76%, 0, 11, 4, 225.47, 189012, 1809
1218, 0, 39, 60, 48, 30, 2.76%, 0, 11, 4, 219.40, 190179, 1809
1223, 0, 39, 60, 48, 30, 2.76%, 0, 11, 4, 210.13, 191223, 1809
1228, 0, 39, 61, 49, 30, 2.77%, 0, 11, 5, 169.31, 192012, 1815
1233, 0, 39, 62, 50, 30, 2.77%, 0, 11, 5, 176.18, 192770, 1816
1238, 0, 39, 62, 50, 30, 2.77%, 0, 11, 5, 188.02, 193532, 1816
1243, 0, 39, 62, 50, 30, 2.77%, 0, 12, 5, 177.24, 194255, 1816
1249, 0, 39, 62, 50, 30, 2.77%, 0, 13, 5, 27.57, 195110, 1816
1254, 0, 39, 62, 50, 30, 2.77%, 0, 13, 5, 176.88, 195857, 1816
1260, 0, 39, 62, 50, 30, 2.77%, 0, 13, 5, 177.51, 196751, 1816
1265, 0, 39, 62, 50, 30, 2.77%, 0, 13, 5, 204.73, 197791, 1816
1270, 0, 39, 62, 50, 30, 2.77%, 0, 13, 5, 234.22, 199043, 1816
1275, 0, 39, 62, 50, 30, 2.77%, 0, 13, 5, 239.15, 200287, 1816
1280, 0, 39, 62, 50, 30, 2.77%, 0, 13, 5, 238.65, 201531, 1816
1285, 0, 39, 62, 50, 30, 2.77%, 0, 13, 5, 237.77, 202755, 1816
1291, 0, 39, 62, 50, 30, 2.77%, 0, 13, 5, 228.66, 203959, 1816
1296, 0, 39, 62, 50, 30, 2.77%, 0, 13, 5, 213.74, 205019, 1816
1301, 0, 39, 62, 50, 30, 2.77%, 0, 13, 5, 218.16, 206147, 1816
1306, 0, 39, 62, 50, 30, 2.77%, 0, 13, 5, 226.94, 207303, 1816
1311, 0, 39, 62, 50, 30, 2.77%, 0, 13, 5, 203.70, 208303, 1816
1316, 0, 39, 62, 50, 30, 2.77%, 0, 13, 5, 224.46, 209427, 1816
1321, 0, 39, 62, 50, 30, 2.77%, 0, 13, 5, 213.81, 210511, 1816
1326, 0, 39, 62, 50, 30, 2.77%, 0, 13, 5, 201.01, 211515, 1816
1331, 0, 39, 62, 50, 30, 2.77%, 0, 13, 5, 220.63, 212619, 1816
1336, 0, 39, 62, 50, 30, 2.77%, 0, 13, 5, 219.24, 213747, 1816
1341, 0, 39, 62, 50, 30, 2.77%, 0, 13, 5, 217.82, 214879, 1816
1347, 0, 7, 62, 49, 30, 2.77%, 0, 13, 5, 214.86, 216012, 1816
1352, 0, 7, 62, 49, 30, 2.77%, 0, 13, 5, 222.86, 217156, 1816
1357, 0, 7, 62, 49, 30, 2.77%, 0, 13, 5, 220.15, 218260, 1816
1362, 0, 7, 62, 49, 30, 2.77%, 0, 13, 5, 219.22, 219408, 1816
1367, 0, 7, 62, 49, 30, 2.77%, 0, 13, 5, 225.52, 220535, 1816
1372, 0, 23, 62, 48, 29, 2.77%, 0, 13, 5, 236.69, 221736, 1816
1377, 0, 23, 62, 48, 29, 2.77%, 0, 13, 5, 235.32, 222917, 1816
1382, 0, 1, 62, 47, 28, 2.77%, 0, 13, 5, 221.07, 224019, 1816
1387, 0, 1, 62, 47, 28, 2.77%, 0, 13, 5, 230.73, 225163, 1816
1392, 0, 1, 62, 47, 28, 2.77%, 0, 13, 5, 213.09, 226251, 1816
1397, 0, 1, 62, 47, 28, 2.77%, 0, 13, 5, 213.06, 227383, 1816
1402, 0, 1, 62, 47, 28, 2.77%, 0, 13, 5, 231.88, 228539, 1816
1407, 0, 37, 62, 46, 27, 2.77%, 0, 13, 5, 199.32, 229458, 1816
1412, 0, 37, 62, 46, 27, 2.77%, 0, 13, 5, 195.02, 230482, 1816
1417, 0, 37, 62, 46, 27, 2.77%, 0, 13, 5, 181.54, 231037, 1816
1422, 0, 37, 62, 46, 27, 2.77%, 0, 13, 5, 232.54, 232000, 1816
1427, 0, 37, 62, 46, 27, 2.77%, 0, 13, 5, 218.10, 233096, 1816
1433, 0, 37, 62, 46, 27, 2.77%, 0, 13, 5, 231.51, 234296, 1816
1438, 0, 37, 62, 46, 27, 2.77%, 0, 13, 5, 230.49, 235520, 1816
1443, 0, 37, 62, 46, 27, 2.77%, 0, 13, 5, 223.69, 236656, 1816
1448, 0, 37, 62, 46, 27, 2.77%, 0, 13, 5, 223.72, 237800, 1816
1453, 0, 37, 62, 46, 27, 2.77%, 0, 13, 5, 225.29, 238904, 1816
1458, 0, 37, 62, 46, 27, 2.77%, 0, 13, 5, 231.38, 240116, 1816
1463, 0, 59, 62, 45, 26, 2.77%, 0, 13, 5, 166.66, 240926, 1816
1468, 0, 59, 63, 46, 26, 2.78%, 0, 13, 5, 174.13, 241708, 1822
1474, 0, 59, 63, 46, 26, 2.78%, 0, 13, 5, 7.84, 242036, 1822
1479, 0, 59, 63, 46, 26, 2.78%, 0, 13, 5, 168.09, 242390, 1822
1484, 0, 59, 63, 46, 26, 2.78%, 0, 14, 5, 2.94, 242624, 1822
1489, 0, 59, 63, 46, 26, 2.78%, 0, 14, 5, 154.64, 243131, 1822
1494, 0, 59, 63, 46, 26, 2.78%, 0, 14, 5, 193.24, 243703, 1822
1500, 0, 59, 63, 46, 26, 2.78%, 0, 14, 5, 233.35, 244968, 1822
1505, 0, 59, 63, 46, 26, 2.78%, 0, 14, 5, 222.43, 246104, 1822
1510, 0, 59, 63, 46, 26, 2.78%, 0, 14, 5, 236.79, 247328, 1822
1515, 0, 59, 63, 46, 26, 2.78%, 0, 14, 5, 216.36, 248344, 1822
1520, 0, 59, 63, 46, 26, 2.78%, 0, 14, 5, 236.65, 249608, 1822
1525, 0, 59, 63, 46, 26, 2.78%, 0, 14, 5, 224.38, 250752, 1822
1530, 0, 59, 63, 46, 26, 2.78%, 0, 14, 5, 221.06, 251948, 1822
1535, 0, 59, 63, 46, 26, 2.78%, 0, 14, 5, 213.82, 253020, 1822
1540, 0, 20, 63, 45, 26, 2.78%, 0, 14, 5, 211.82, 254109, 1822
1545, 0, 20, 63, 45, 26, 2.78%, 0, 14, 5, 214.98, 255133, 1822
1550, 0, 20, 63, 45, 26, 2.78%, 0, 14, 5, 234.16, 256349, 1822
1555, 0, 20, 63, 45, 26, 2.78%, 0, 14, 5, 209.80, 257189, 1822
1560, 0, 20, 63, 45, 26, 2.78%, 0, 14, 5, 235.78, 258405, 1822
1565, 0, 48, 63, 44, 25, 2.78%, 0, 14, 5, 227.98, 259562, 1822
1570, 0, 48, 63, 44, 25, 2.78%, 0, 14, 5, 216.83, 260650, 1822
1576, 0, 48, 63, 44, 25, 2.78%, 0, 14, 5, 214.84, 261726, 1822
1581, 0, 48, 63, 44, 25, 2.78%, 0, 14, 5, 230.20, 262882, 1822
1586, 0, 48, 63, 44, 25, 2.78%, 0, 14, 5, 224.49, 263982, 1822
1591, 0, 48, 63, 44, 25, 2.78%, 0, 14, 5, 220.78, 265094, 1822
1596, 0, 48, 63, 44, 25, 2.78%, 0, 14, 5, 212.54, 266174, 1822
1601, 0, 48, 63, 44, 25, 2.78%, 0, 14, 5, 221.92, 267314, 1822
1606, 0, 48, 63, 44, 25, 2.78%, 0, 14, 5, 224.34, 268458, 1822
1611, 0, 48, 63, 44, 25, 2.78%, 0, 14, 5, 221.79, 269546, 1822
1616, 0, 30, 63, 43, 24, 2.78%, 0, 14, 5, 205.70, 270629, 1822
1621, 0, 30, 63, 43, 24, 2.78%, 0, 14, 5, 218.92, 271757, 1822
1626, 0, 30, 63, 43, 24, 2.78%, 0, 14, 5, 237.90, 272984, 1822
1631, 0, 30, 63, 43, 24, 2.78%, 0, 14, 5, 211.02, 274017, 1822
1636, 0, 30, 63, 43, 24, 2.78%, 0, 14, 5, 238.63, 275265, 1822
1642, 0, 41, 63, 42, 23, 2.78%, 0, 14, 5, 163.37, 276226, 1822
1647, 0, 41, 63, 42, 23, 2.78%, 0, 14, 5, 202.65, 277344, 1822
1652, 0, 41, 63, 42, 23, 2.78%, 0, 15, 5, 10.69, 277576, 1822
1657, 0, 41, 63, 42, 23, 2.78%, 0, 15, 5, 204.57, 278596, 1822
1662, 0, 41, 63, 42, 23, 2.78%, 0, 15, 5, 233.05, 279808, 1822
1667, 0, 41, 63, 42, 23, 2.78%, 0, 15, 5, 231.41, 280760, 1822
1672, 0, 41, 63, 42, 23, 2.78%, 0, 15, 5, 240.45, 281976, 1822
1678, 0, 41, 63, 42, 23, 2.78%, 0, 15, 5, 232.88, 283164, 1822
1683, 0, 41, 63, 42, 23, 2.78%, 0, 15, 5, 242.18, 284396, 1822
1688, 0, 41, 63, 42, 23, 2.78%, 0, 15, 5, 246.52, 285640, 1822
1693, 0, 41, 63, 42, 23, 2.78%, 0, 15, 5, 223.42, 286776, 1822
1698, 0, 60, 63, 41, 22, 2.78%, 0, 15, 5, 218.35, 287890, 1822
1703, 0, 60, 64, 42, 22, 2.78%, 0, 15, 6, 195.72, 288887, 1822
1708, 0, 60, 65, 43, 22, 2.78%, 0, 15, 6, 193.95, 289891, 1823
1713, 0, 60, 65, 43, 22, 2.78%, 0, 16, 6, 188.01, 290680, 1823
1718, 0, 60, 65, 43, 22, 2.78%, 0, 16, 6, 188.08, 291466, 1823
1724, 0, 60, 65, 43, 22, 2.78%, 0, 17, 6, 30.23, 292144, 1823
1729, 0, 60, 65, 43, 22, 2.78%, 0, 17, 6, 232.10, 293046, 1823
1734, 0, 60, 65, 43, 22, 2.78%, 0, 17, 6, 243.87, 294290, 1823
1739, 0, 60, 65, 43, 22, 2.78%, 0, 17, 6, 243.20, 295510, 1823
1744, 0, 60, 65, 43, 22, 2.78%, 0, 17, 6, 243.57, 296734, 1823
1749, 0, 60, 65, 43, 22, 2.78%, 0, 17, 6, 244.53, 297978, 1823
1754, 0, 60, 65, 43, 22, 2.78%, 0, 17, 6, 218.29, 299078, 1823
1759, 0, 60, 65, 43, 22, 2.78%, 0, 17, 6, 224.62, 300206, 1823
1764, 0, 60, 65, 43, 22, 2.78%, 0, 17, 6, 211.15, 301166, 1823
1769, 0, 60, 65, 43, 22, 2.78%, 0, 17, 6, 228.44, 302322, 1823
1775, 0, 60, 65, 43, 22, 2.78%, 0, 17, 6, 235.07, 303542, 1823
1780, 0, 60, 65, 43, 22, 2.78%, 0, 17, 6, 233.17, 304678, 1823
1785, 0, 40, 65, 42, 23, 2.78%, 0, 17, 6, 204.21, 305599, 1823
1790, 0, 40, 65, 42, 23, 2.78%, 0, 18, 6, 35.03, 306095, 1823
1795, 0, 40, 66, 43, 23, 2.78%, 0, 18, 6, 150.42, 307003, 1824
1801, 0, 40, 67, 44, 23, 2.79%, 0, 18, 6, 157.64, 307536, 1830
1806, 0, 40, 67, 44, 23, 2.79%, 0, 18, 6, 188.78, 308256, 1830
1811, 0, 40, 67, 44, 23, 2.79%, 0, 18, 6, 166.90, 308787, 1830
1816, 0, 40, 67, 44, 23, 2.79%, 0, 18, 6, 13.60, 309028, 1830
1821, 0, 40, 67, 44, 23, 2.79%, 0, 18, 6, 6.70, 309417, 1830
1827, 0, 40, 67, 44, 23, 2.79%, 0, 18, 6, 24.35, 309787, 1830
1832, 0, 40, 67, 44, 23, 2.79%, 0, 18, 6, 246.93, 310491, 1830
1837, 0, 40, 67, 44, 23, 2.79%, 0, 18, 6, 243.77, 311715, 1830
1842, 0, 40, 67, 44, 23, 2.79%, 0, 18, 6, 245.71, 312955, 1830
1847, 0, 40, 67, 44, 23, 2.79%, 0, 18, 6, 243.33, 314183, 1830
1852, 0, 40, 67, 44, 23, 2.79%, 0, 18, 6, 242.03, 315395, 1830
1857, 0, 40, 67, 44, 23, 2.79%, 0, 18, 6, 244.44, 316627, 1830
1862, 0, 40, 67, 44, 23, 2.79%, 0, 18, 6, 245.26, 317899, 1830
1867, 0, 40, 67, 44, 23, 2.79%, 0, 18, 6, 230.62, 319067, 1830
1872, 0, 40, 67, 44, 23, 2.79%, 0, 18, 6, 213.21, 320179, 1830
1877, 0, 40, 67, 44, 23, 2.79%, 0, 18, 6, 231.10, 321383, 1830
1883, 0, 38, 67, 43, 23, 2.79%, 0, 18, 6, 216.62, 322467, 1830
1888, 0, 38, 67, 43, 23, 2.79%, 0, 18, 6, 209.26, 323555, 1830
1893, 0, 38, 67, 43, 23, 2.79%, 0, 18, 6, 199.66, 324539, 1830
1898, 0, 38, 67, 43, 23, 2.79%, 0, 18, 6, 207.45, 325587, 1830
1903, 0, 38, 67, 43, 23, 2.79%, 0, 18, 6, 226.13, 326759, 1830
1908, 0, 38, 67, 43, 23, 2.79%, 0, 18, 6, 224.85, 327919, 1830
1913, 0, 38, 67, 43, 23, 2.79%, 0, 18, 6, 233.49, 329099, 1830
1918, 0, 38, 67, 43, 23, 2.79%, 0, 18, 6, 227.92, 330231, 1830
1923, 0, 38, 67, 43, 23, 2.79%, 0, 18, 6, 124.38, 331064, 1830
1929, 0, 38, 67, 43, 23, 2.79%, 0, 18, 6, 214.31, 332275, 1830
1934, 0, 63, 67, 42, 22, 2.79%, 0, 18, 6, 213.89, 333387, 1830
1939, 0, 63, 67, 42, 22, 2.79%, 0, 18, 6, 174.64, 334301, 1830
1944, 0, 63, 67, 42, 22, 2.79%, 0, 19, 6, 123.90, 334823, 1830
1949, 0, 63, 67, 42, 22, 2.79%, 0, 19, 6, 194.64, 335861, 1830
1954, 0, 63, 67, 42, 22, 2.79%, 0, 19, 6, 217.99, 337025, 1830
1959, 0, 63, 67, 42, 22, 2.79%, 0, 19, 6, 225.38, 338197, 1830
1964, 0, 63, 67, 42, 22, 2.79%, 0, 19, 6, 229.51, 339337, 1830
1969, 0, 63, 67, 42, 22, 2.79%, 0, 19, 6, 232.69, 340505, 1830
1974, 0, 63, 67, 42, 22, 2.79%, 0, 19, 6, 241.92, 341733, 1830
1979, 0, 26, 67, 41, 21, 2.79%, 0, 19, 6, 220.38, 342813, 1830
1984, 0, 26, 67, 41, 21, 2.79%, 0, 19, 6, 238.17, 344017, 1830
1989, 0, 26, 67, 41, 21, 2.79%, 0, 19, 6, 235.22, 345145, 1830
1994, 0, 26, 67, 41, 21, 2.79%, 0, 19, 6, 240.32, 346365, 1830
2000, 0, 66, 67, 40, 20, 2.79%, 0, 19, 6, 3.89, 347533, 1830
2006, 0, 66, 67, 40, 20, 2.79%, 0, 20, 6, 7.73, 348584, 1830
2011, 0, 66, 67, 40, 20, 2.79%, 0, 20, 6, 158.32, 349268, 1830
2016, 0, 66, 67, 40, 20, 2.79%, 0, 20, 6, 169.82, 349857, 1830
2021, 0, 66, 67, 40, 20, 2.79%, 0, 20, 6, 219.86, 351044, 1830
2026, 0, 66, 67, 40, 20, 2.79%, 0, 20, 6, 238.50, 352260, 1830
2031, 0, 66, 67, 40, 20, 2.79%, 0, 20, 6, 243.64, 353499, 1830
2036, 0, 66, 67, 40, 20, 2.79%, 0, 20, 6, 242.75, 354728, 1830
2041, 0, 66, 67, 40, 20, 2.79%, 0, 20, 6, 233.12, 355856, 1830
2046, 0, 66, 67, 40, 20, 2.79%, 0, 20, 6, 242.01, 357084, 1830
2051, 0, 66, 67, 40, 20, 2.79%, 0, 20, 6, 235.87, 358296, 1830
2056, 0, 64, 67, 39, 19, 2.79%, 0, 20, 6, 208.62, 359316, 1830
2062, 0, 64, 67, 39, 19, 2.79%, 0, 20, 6, 182.64, 360126, 1830
2067, 0, 64, 67, 39, 19, 2.79%, 0, 20, 6, 169.11, 360853, 1830
2072, 0, 64, 67, 39, 19, 2.79%, 0, 20, 6, 220.25, 362056, 1830
2077, 0, 64, 67, 39, 19, 2.79%, 0, 20, 6, 231.35, 363280, 1830
2082, 0, 64, 67, 39, 19, 2.79%, 0, 21, 6, 237.99, 364232, 1830
2087, 0, 64, 67, 39, 19, 2.79%, 0, 21, 6, 224.03, 365372, 1830
2093, 0, 64, 67, 39, 19, 2.79%, 0, 21, 6, 231.26, 366608, 1830
2098, 0, 64, 67, 39, 19, 2.79%, 0, 21, 6, 234.40, 367796, 1830
2103, 0, 64, 67, 39, 19, 2.79%, 0, 21, 6, 227.28, 368976, 1830
2108, 0, 61, 67, 38, 18, 2.79%, 0, 21, 6, 211.91, 370071, 1830
2113, 0, 61, 67, 38, 18, 2.79%, 0, 21, 6, 201.71, 371095, 1830
2118, 0, 61, 67, 38, 18, 2.79%, 0, 22, 6, 174.76, 371770, 1830
2123, 0, 61, 68, 39, 18, 2.79%, 0, 22, 6, 162.28, 372420, 1831
2128, 0, 61, 70, 41, 18, 2.80%, 0, 22, 6, 169.58, 373306, 1836
2134, 0, 61, 70, 41, 18, 2.80%, 0, 22, 6, 16.62, 373825, 1836
2139, 0, 61, 70, 41, 18, 2.80%, 0, 22, 6, 16.54, 374620, 1836
2144, 0, 61, 70, 41, 18, 2.80%, 0, 22, 6, 170.38, 375145, 1836
2149, 0, 61, 70, 41, 18, 2.80%, 0, 22, 6, 110.77, 375827, 1836
2155, 0, 61, 71, 42, 18, 2.81%, 0, 22, 6, 160.48, 376710, 1841
2160, 0, 61, 71, 42, 18, 2.81%, 0, 22, 6, 168.46, 377586, 1841
2165, 0, 61, 71, 42, 18, 2.81%, 0, 22, 6, 176.07, 378126, 1841
2170, 0, 61, 71, 42, 18, 2.81%, 0, 22, 6, 170.34, 378654, 1841
2175, 0, 61, 71, 42, 18, 2.81%, 0, 23, 6, 173.18, 379350, 1841
2180, 0, 61, 71, 42, 18, 2.81%, 0, 23, 6, 164.98, 380028, 1841
2185, 0, 61, 71, 42, 18, 2.81%, 0, 23, 6, 29.80, 380562, 1841
2191, 0, 61, 71, 42, 18, 2.81%, 0, 23, 6, 168.95, 381411, 1841
2196, 0, 61, 71, 42, 18, 2.81%, 0, 23, 6, 165.46, 382236, 1841
2201, 0, 61, 72, 43, 18, 2.81%, 0, 23, 6, 22.88, 382886, 1842
2206, 0, 61, 72, 43, 18, 2.81%, 0, 23, 6, 182.40, 383594, 1842
2211, 0, 61, 72, 43, 18, 2.81%, 0, 23, 6, 173.05, 384440, 1842
2217, 0, 61, 72, 43, 18, 2.81%, 0, 24, 6, 169.22, 385139, 1842
2222, 0, 61, 72, 43, 18, 2.81%, 0, 24, 6, 166.67, 385973, 1842
2227, 0, 61, 72, 43, 18, 2.81%, 0, 24, 6, 169.87, 386843, 1842
2232, 0, 61, 74, 45, 18, 2.83%, 0, 24, 6, 179.85, 387516, 1853
2237, 0, 61, 74, 45, 18, 2.83%, 0, 25, 6, 158.79, 388188, 1853
2242, 0, 61, 74, 45, 18, 2.83%, 0, 25, 6, 164.13, 389019, 1853
2247, 0, 61, 74, 45, 18, 2.83%, 0, 25, 6, 171.05, 389703, 1853
2252, 0, 61, 74, 45, 18, 2.83%, 0, 25, 6, 178.09, 390351, 1853
2258, 0, 61, 74, 45, 18, 2.83%, 0, 25, 6, 18.85, 391167, 1853
2263, 0, 61, 74, 45, 18, 2.83%, 0, 25, 6, 162.12, 391845, 1853
2269, 0, 61, 74, 45, 18, 2.83%, 0, 25, 6, 27.57, 392670, 1853
2274, 0, 61, 74, 45, 18, 2.83%, 0, 25, 6, 164.45, 393513, 1853
2279, 0, 61, 74, 45, 18, 2.83%, 0, 25, 6, 167.48, 394359, 1853
2284, 0, 61, 75, 46, 18, 2.83%, 0, 25, 6, 167.92, 395189, 1854
2289, 0, 61, 75, 46, 18, 2.83%, 0, 25, 6, 190.34, 395852, 1854
2294, 0, 61, 75, 46, 18, 2.83%, 0, 25, 6, 171.54, 396701, 1854
2299, 0, 61, 76, 47, 18, 2.83%, 0, 25, 6, 164.76, 397252, 1855
2304, 0, 61, 77, 48, 18, 2.84%, 0, 25, 6, 171.34, 398112, 1858
2310, 0, 61, 77, 48, 18, 2.84%, 0, 25, 6, 163.71, 398646, 1858
2315, 0, 61, 77, 48, 18, 2.84%, 0, 25, 6, 173.26, 399330, 1858
2320, 0, 61, 77, 48, 18, 2.84%, 0, 25, 6, 30.20, 400032, 1858
2325, 0, 61, 77, 48, 18, 2.84%, 0, 25, 6, 152.71, 400724, 1858
2330, 0, 61, 78, 49, 18, 2.93%, 0, 25, 6, 162.46, 401552, 1920
2336, 0, 61, 79, 50, 18, 2.94%, 0, 25, 6, 23.48, 402385, 1926
2341, 0, 61, 79, 50, 18, 2.94%, 0, 25, 6, 175.35, 402913, 1926
2346, 0, 61, 79, 50, 18, 2.94%, 0, 25, 6, 174.25, 403576, 1926
2351, 0, 61, 79, 50, 18, 2.94%, 0, 25, 6, 246.63, 404439, 1926
2356, 0, 61, 79, 50, 18, 2.94%, 0, 25, 6, 248.17, 405683, 1926
2361, 0, 61, 79, 50, 18, 2.94%, 0, 25, 6, 246.54, 406923, 1926
2367, 0, 61, 79, 50, 18, 2.94%, 0, 25, 6, 244.92, 408155, 1926
2372, 0, 61, 79, 50, 18, 2.94%, 0, 25, 6, 246.35, 409387, 1926
2377, 0, 61, 79, 50, 18, 2.94%, 0, 25, 6, 245.85, 410631, 1926
2382, 0, 61, 79, 50, 18, 2.94%, 0, 25, 6, 246.42, 411871, 1926
2387, 0, 61, 79, 50, 18, 2.94%, 0, 25, 6, 245.20, 413147, 1926
2392, 0, 61, 79, 50, 18, 2.94%, 0, 25, 6, 244.06, 414375, 1926
2397, 0, 61, 79, 50, 18, 2.94%, 0, 25, 6, 244.73, 415623, 1926
2402, 0, 61, 79, 50, 18, 2.94%, 0, 25, 6, 244.64, 416859, 1926
2407, 0, 61, 79, 50, 18, 2.94%, 0, 25, 6, 245.18, 418095, 1926
2412, 0, 61, 79, 50, 18, 2.94%, 0, 25, 6, 244.15, 419363, 1926
2417, 0, 61, 79, 50, 18, 2.94%, 0, 25, 6, 245.35, 420603, 1926
2422, 0, 61, 79, 50, 18, 2.94%, 0, 25, 6, 244.48, 421839, 1926
2427, 0, 61, 79, 50, 18, 2.94%, 0, 25, 6, 244.85, 423083, 1926
2432, 0, 61, 79, 50, 18, 2.94%, 0, 25, 6, 244.17, 424315, 1926
2438, 0, 61, 79, 50, 18, 2.94%, 0, 25, 6, 244.34, 425551, 1926
2443, 0, 61, 79, 50, 18, 2.94%, 0, 25, 6, 244.68, 426779, 1926
2448, 0, 61, 79, 50, 18, 2.94%, 0, 25, 6, 245.19, 428019, 1926
2453, 0, 61, 79, 50, 18, 2.94%, 0, 25, 6, 245.45, 429259, 1926
2458, 0, 61, 79, 50, 18, 2.94%, 0, 25, 6, 244.57, 430479, 1926
2463, 0, 61, 79, 50, 18, 2.94%, 0, 25, 6, 243.83, 431699, 1926
2468, 0, 61, 79, 50, 18, 2.94%, 0, 25, 6, 244.11, 432967, 1926
2473, 0, 61, 79, 50, 18, 2.94%, 0, 25, 6, 243.94, 434203, 1926
2478, 0, 61, 79, 50, 18, 2.94%, 0, 25, 6, 244.33, 435431, 1926
2483, 0, 61, 79, 50, 18, 2.94%, 0, 25, 6, 244.50, 436659, 1926
2488, 0, 61, 79, 50, 18, 2.94%, 0, 25, 6, 245.04, 437887, 1926
2493, 0, 61, 79, 50, 18, 2.94%, 0, 25, 6, 224.49, 439007, 1926
2498, 0, 61, 79, 50, 18, 2.94%, 0, 25, 6, 236.04, 440211, 1926
2503, 0, 61, 79, 50, 18, 2.94%, 0, 25, 6, 234.52, 441359, 1926
2508, 0, 61, 79, 50, 18, 2.94%, 0, 25, 6, 234.19, 442587, 1926
2513, 0, 61, 79, 50, 18, 2.94%, 0, 25, 6, 237.80, 443755, 1926
2519, 0, 57, 79, 49, 29, 2.94%, 0, 25, 6, 7.55, 444783, 1926
2525, 0, 57, 79, 49, 29, 2.94%, 0, 25, 6, 18.99, 445867, 1926
2530, 0, 57, 79, 49, 29, 2.94%, 0, 26, 6, 13.65, 446146, 1926
2536, 0, 57, 79, 49, 29, 2.94%, 0, 26, 6, 9.73, 446438, 1926
2541, 0, 57, 79, 49, 29, 2.94%, 0, 26, 6, 23.32, 446767, 1926
2546, 0, 57, 79, 49, 29, 2.94%, 0, 26, 6, 219.52, 447748, 1926
2552, 0, 57, 79, 49, 29, 2.94%, 0, 26, 6, 220.11, 448864, 1926
2557, 0, 57, 79, 49, 29, 2.94%, 0, 26, 6, 237.84, 450092, 1926
2562, 0, 57, 79, 49, 29, 2.94%, 0, 26, 6, 229.17, 451212, 1926
2567, 0, 57, 79, 49, 29, 2.94%, 0, 26, 6, 216.12, 452300, 1926
2572, 0, 57, 79, 49, 29, 2.94%, 0, 26, 6, 221.91, 453400, 1926
2577, 0, 57, 79, 49, 29, 2.94%, 0, 26, 6, 241.61, 454636, 1926
2582, 0, 57, 79, 49, 29, 2.94%, 0, 26, 6, 243.46, 455856, 1926
2587, 0, 77, 79, 48, 28, 2.94%, 0, 26, 6, 220.18, 456940, 1926
2592, 0, 77, 79, 48, 28, 2.94%, 0, 26, 6, 211.85, 458036, 1926
2597, 0, 77, 79, 48, 28, 2.94%, 0, 26, 6, 233.96, 459228, 1926
2602, 0, 77, 79, 48, 28, 2.94%, 0, 26, 6, 224.25, 460324, 1926
2607, 0, 77, 79, 48, 28, 2.94%, 0, 26, 6, 236.34, 461572, 1926
2612, 0, 77, 79, 48, 28, 2.94%, 0, 26, 6, 236.85, 462748, 1926
2618, 0, 77, 79, 48, 28, 2.94%, 0, 26, 6, 244.17, 463992, 1926
2623, 0, 49, 79, 47, 27, 2.94%, 0, 26, 6, 224.21, 465143, 1926
2628, 0, 49, 79, 47, 27, 2.94%, 0, 26, 6, 27.73, 465999, 1926
2633, 0, 49, 79, 47, 27, 2.94%, 0, 27, 6, 195.14, 466819, 1926
2639, 0, 49, 79, 47, 27, 2.94%, 0, 27, 6, 231.57, 468075, 1926
2644, 0, 49, 79, 47, 27, 2.94%, 0, 27, 6, 209.70, 469023, 1926
2649, 0, 49, 79, 47, 27, 2.94%, 0, 27, 6, 234.02, 470243, 1926
2654, 0, 49, 79, 47, 27, 2.94%, 0, 27, 6, 233.31, 471431, 1926
2659, 0, 49, 79, 47, 27, 2.94%, 0, 27, 6, 217.34, 472527, 1926
2664, 0, 49, 79, 47, 27, 2.94%, 0, 27, 6, 237.26, 473731, 1926
2669, 0, 49, 79, 47, 27, 2.94%, 0, 27, 6, 243.62, 474975, 1926
2674, 0, 54, 79, 46, 26, 2.94%, 0, 27, 6, 172.39, 475908, 1926
2680, 0, 54, 79, 46, 26, 2.94%, 0, 28, 6, 2.95, 476875, 1926
2685, 0, 54, 79, 46, 26, 2.94%, 0, 28, 6, 11.47, 477232, 1926
2690, 0, 54, 79, 46, 26, 2.94%, 0, 28, 6, 189.58, 477809, 1926
2695, 0, 54, 79, 46, 26, 2.94%, 0, 28, 6, 233.07, 479078, 1926
2700, 0, 54, 79, 46, 26, 2.94%, 0, 28, 6, 229.56, 480226, 1926
2705, 0, 54, 79, 46, 26, 2.94%, 0, 28, 6, 235.16, 481426, 1926
2710, 0, 54, 79, 46, 26, 2.94%, 0, 28, 6, 240.23, 482626, 1926
2715, 0, 54, 79, 46, 26, 2.94%, 0, 28, 6, 244.39, 483850, 1926
2720, 0, 54, 79, 46, 26, 2.94%, 0, 28, 6, 226.54, 485002, 1926
2726, 0, 54, 79, 46, 26, 2.94%, 0, 28, 6, 240.59, 486230, 1926
2731, 0, 43, 79, 45, 25, 2.94%, 0, 28, 6, 220.15, 487340, 1926
2736, 0, 43, 79, 45, 25, 2.94%, 0, 29, 6, 12.15, 488145, 1926
2741, 0, 43, 79, 45, 25, 2.94%, 0, 29, 6, 169.33, 488871, 1926
2746, 0, 43, 79, 45, 25, 2.94%, 0, 29, 6, 225.90, 490108, 1926
2751, 0, 43, 80, 46, 25, 2.96%, 0, 29, 6, 203.64, 491104, 1938
2756, 0, 43, 80, 46, 25, 2.96%, 0, 29, 6, 214.59, 492196, 1938
2761, 0, 43, 80, 46, 25, 2.96%, 0, 29, 6, 217.47, 493300, 1938
2766, 0, 43, 80, 46, 25, 2.96%, 0, 29, 6, 238.28, 494524, 1938
2771, 0, 43, 80, 46, 25, 2.96%, 0, 29, 6, 225.54, 495672, 1938
2776, 0, 43, 80, 46, 25, 2.96%, 0, 29, 6, 223.15, 496748, 1938
2781, 0, 43, 81, 47, 25, 2.98%, 0, 29, 6, 197.10, 497737, 1950
2786, 0, 43, 81, 47, 25, 2.98%, 0, 29, 6, 228.62, 498892, 1950
2791, 0, 32, 81, 46, 26, 2.98%, 0, 29, 6, 224.52, 500016, 1950
2796, 0, 32, 81, 46, 26, 2.98%, 0, 29, 6, 232.58, 501164, 1950
2802, 0, 32, 81, 46, 26, 2.98%, 0, 29, 6, 235.09, 502408, 1950
2807, 0, 32, 81, 46, 26, 2.98%, 0, 29, 6, 237.78, 503576, 1950
2812, 0, 32, 81, 46, 26, 2.98%, 0, 29, 6, 244.19, 504816, 1950
2817, 0, 56, 81, 45, 25, 2.98%, 0, 29, 6, 225.37, 505917, 1950
2822, 0, 56, 81, 45, 25, 2.98%, 0, 29, 6, 180.18, 506685, 1950
2827, 0, 56, 81, 45, 25, 2.98%, 0, 29, 6, 168.30, 507541, 1950
2832, 0, 56, 81, 45, 25, 2.98%, 0, 29, 6, 183.39, 508461, 1950
2837, 0, 56, 81, 45, 25, 2.98%, 0, 29, 6, 227.25, 509641, 1950
2842, 0, 56, 81, 45, 25, 2.98%, 0, 29, 6, 241.79, 510881, 1950
2847, 0, 56, 81, 45, 25, 2.98%, 0, 29, 6, 243.05, 512145, 1950
2853, 0, 56, 81, 45, 25, 2.98%, 0, 29, 6, 236.14, 513377, 1950
2858, 0, 56, 81, 45, 25, 2.98%, 0, 29, 6, 234.96, 514529, 1950
2863, 0, 56, 81, 45, 25, 2.98%, 0, 29, 6, 215.09, 515593, 1950
2868, 0, 51, 81, 44, 24, 2.98%, 0, 29, 6, 173.26, 516540, 1950
2873, 0, 51, 81, 44, 24, 2.98%, 0, 29, 6, 2.96, 517300, 1950
2878, 0, 51, 81, 44, 24, 2.98%, 0, 29, 6, 5.75, 517846, 1950
2884, 0, 51, 82, 45, 24, 3.11%, 0, 29, 6, 177.76, 518571, 2041
2889, 0, 51, 82, 45, 24, 3.11%, 0, 29, 6, 13.74, 519204, 2041
2894, 0, 51, 82, 45, 24, 3.11%, 0, 29, 6, 225.73, 520416, 2041
2899, 0, 51, 82, 45, 24, 3.11%, 0, 29, 6, 242.14, 521660, 2041
2904, 0, 51, 82, 45, 24, 3.11%, 0, 29, 6, 237.10, 522832, 2041
2909, 0, 51, 82, 45, 24, 3.11%, 0, 29, 6, 227.83, 524016, 2041
2914, 0, 51, 82, 45, 24, 3.11%, 0, 29, 6, 212.97, 525072, 2041
2919, 0, 51, 82, 45, 24, 3.11%, 0, 29, 6, 234.34, 526252, 2041
2924, 0, 51, 82, 45, 24, 3.11%, 0, 29, 6, 242.68, 527484, 2041
2929, 0, 51, 82, 45, 24, 3.11%, 0, 29, 6, 244.99, 528720, 2041
2935, 0, 80, 82, 44, 24, 3.11%, 0, 29, 6, 243.96, 529947, 2041
2940, 0, 80, 82, 44, 24, 3.11%, 0, 29, 6, 242.20, 531206, 2041
2945, 0, 80, 82, 44, 24, 3.11%, 0, 29, 6, 232.14, 532378, 2041
2950, 0, 80, 82, 44, 24, 3.11%, 0, 29, 6, 225.40, 533534, 2041
2955, 0, 79, 82, 43, 23, 3.11%, 0, 29, 6, 175.36, 534339, 2041
2960, 0, 79, 82, 43, 23, 3.11%, 0, 29, 6, 160.65, 534922, 2041
2966, 0, 79, 82, 43, 23, 3.11%, 0, 30, 6, 1.98, 535198, 2041
2971, 0, 79, 83, 44, 23, 3.12%, 0, 30, 6, 13.41, 535611, 2042
2977, 0, 79, 83, 44, 23, 3.12%, 0, 30, 6, 11.23, 535779, 2042
2983, 0, 79, 83, 44, 23, 3.12%, 0, 30, 6, 29.73, 536205, 2042
2988, 0, 79, 83, 44, 23, 3.12%, 0, 30, 6, 157.11, 536679, 2042
2993, 0, 79, 83, 44, 23, 3.12%, 0, 30, 6, 226.79, 537926, 2042
2998, 0, 79, 83, 44, 23, 3.12%, 0, 30, 6, 242.33, 539174, 2042
3003, 0, 79, 83, 44, 23, 3.12%, 0, 30, 6, 242.02, 540390, 2042
3008, 0, 79, 83, 44, 23, 3.12%, 0, 30, 6, 216.81, 541466, 2042
3013, 0, 79, 83, 44, 23, 3.12%, 0, 30, 6, 235.96, 542662, 2042
3019, 0, 79, 83, 44, 23, 3.12%, 0, 30, 6, 235.37, 543846, 2042
3024, 0, 79, 83, 44, 23, 3.12%, 0, 30, 6, 225.17, 545002, 2042
3029, 0, 79, 83, 44, 23, 3.12%, 0, 30, 6, 238.02, 546202, 2042
3034, 0, 81, 83, 43, 23, 3.12%, 0, 30, 6, 219.06, 547296, 2042
3039, 0, 81, 83, 43, 23, 3.12%, 0, 30, 6, 192.54, 548287, 2042
3044, 0, 81, 83, 43, 23, 3.12%, 0, 30, 6, 181.84, 549143, 2042
3049, 0, 81, 83, 43, 23, 3.12%, 0, 30, 6, 231.25, 550412, 2042
3054, 0, 81, 83, 43, 23, 3.12%, 0, 30, 6, 227.57, 551540, 2042
3059, 0, 81, 83, 43, 23, 3.12%, 0, 30, 6, 1.00, 552341, 2042
3065, 0, 81, 83, 43, 23, 3.12%, 0, 30, 6, 197.98, 553500, 2042
3070, 0, 81, 83, 43, 23, 3.12%, 0, 30, 6, 224.04, 554644, 2042
3075, 0, 81, 83, 43, 23, 3.12%, 0, 30, 6, 230.57, 555852, 2042
3080, 0, 81, 83, 43, 23, 3.12%, 0, 30, 6, 233.18, 556992, 2042
3085, 0, 71, 83, 42, 22, 3.12%, 0, 30, 6, 229.61, 558167, 2042
3090, 0, 71, 83, 42, 22, 3.12%, 0, 30, 6, 207.72, 559207, 2042
3095, 0, 71, 83, 42, 22, 3.12%, 0, 30, 6, 179.11, 560074, 2042
3100, 0, 71, 83, 42, 22, 3.12%, 0, 30, 6, 221.24, 561255, 2042
3105, 0, 71, 83, 42, 22, 3.12%, 0, 30, 6, 232.30, 562439, 2042
3110, 0, 71, 83, 42, 22, 3.12%, 0, 30, 6, 244.66, 563683, 2042
3116, 0, 71, 83, 42, 22, 3.12%, 0, 30, 6, 233.80, 564851, 2042
3121, 0, 71, 83, 42, 22, 3.12%, 0, 30, 6, 233.34, 566059, 2042
3126, 0, 71, 83, 42, 22, 3.12%, 0, 30, 6, 234.51, 567215, 2042
3131, 0, 71, 83, 42, 22, 3.12%, 0, 30, 6, 245.18, 568127, 2042
3136, 0, 71, 83, 42, 22, 3.12%, 0, 30, 6, 243.75, 569346, 2042
3141, 0, 45, 83, 41, 21, 3.12%, 0, 30, 6, 189.85, 570201, 2042
3146, 0, 45, 83, 41, 21, 3.12%, 0, 30, 6, 6.08, 570645, 2042
3151, 0, 45, 83, 41, 21, 3.12%, 0, 30, 6, 155.79, 571174, 2042
3156, 0, 45, 83, 41, 21, 3.12%, 0, 30, 6, 190.69, 571823, 2042
3161, 0, 45, 83, 41, 21, 3.12%, 0, 30, 6, 214.93, 572975, 2042
3166, 0, 45, 83, 41, 21, 3.12%, 0, 30, 6, 221.39, 574055, 2042
3171, 0, 45, 83, 41, 21, 3.12%, 0, 30, 6, 228.12, 575195, 2042
3177, 0, 45, 83, 41, 21, 3.12%, 0, 30, 6, 222.67, 576287, 2042
3182, 0, 45, 83, 41, 21, 3.12%, 0, 30, 6, 229.30, 577471, 2042
3187, 0, 45, 83, 41, 21, 3.12%, 0, 30, 6, 217.15, 578555, 2042
3192, 0, 45, 83, 41, 21, 3.12%, 0, 30, 6, 232.73, 579707, 2042
3197, 0, 70, 83, 40, 20, 3.12%, 0, 30, 6, 225.46, 580885, 2042
3202, 0, 70, 84, 41, 20, 3.12%, 0, 30, 7, 199.86, 581885, 2043
3207, 0, 70, 84, 41, 20, 3.12%, 0, 30, 7, 175.95, 582738, 2043
3212, 0, 70, 84, 41, 20, 3.12%, 0, 30, 7, 166.95, 583575, 2043
3217, 0, 70, 84, 41, 20, 3.12%, 0, 30, 7, 225.43, 584761, 2043
3222, 0, 70, 84, 41, 20, 3.12%, 0, 30, 7, 238.29, 585973, 2043
3227, 0, 70, 84, 41, 20, 3.12%, 0, 30, 7, 227.35, 587169, 2043
3232, 0, 70, 84, 41, 20, 3.12%, 0, 30, 7, 237.24, 588353, 2043
3237, 0, 70, 84, 41, 20, 3.12%, 0, 30, 7, 242.35, 589577, 2043
3242, 0, 70, 84, 41, 20, 3.12%, 0, 30, 7, 228.34, 590745, 2043
3247, 0, 70, 84, 41, 20, 3.12%, 0, 30, 7, 229.40, 591873, 2043
3252, 0, 70, 84, 41, 20, 3.12%, 0, 30, 7, 225.71, 592997, 2043
3257, 0, 74, 84, 40, 20, 3.12%, 0, 30, 7, 209.42, 594039, 2043
3263, 0, 74, 84, 40, 20, 3.12%, 0, 31, 7, 14.88, 594995, 2043
3268, 0, 74, 84, 40, 20, 3.12%, 0, 32, 7, 168.80, 595685, 2043
3273, 0, 74, 84, 40, 20, 3.12%, 0, 32, 7, 218.75, 596795, 2043
3278, 0, 74, 84, 40, 20, 3.12%, 0, 32, 7, 240.08, 598023, 2043
3283, 0, 74, 84, 40, 20, 3.12%, 0, 32, 7, 244.00, 599263, 2043
3288, 0, 74, 84, 40, 20, 3.12%, 0, 32, 7, 224.41, 600395, 2043
3293, 0, 74, 84, 40, 20, 3.12%, 0, 32, 7, 235.08, 601567, 2043
3298, 0, 74, 84, 40, 20, 3.12%, 0, 32, 7, 242.77, 602803, 2043
3303, 0, 74, 84, 40, 20, 3.12%, 0, 32, 7, 243.91, 604043, 2043
3309, 0, 67, 84, 39, 19, 3.12%, 0, 32, 7, 225.35, 605233, 2043
3314, 0, 67, 84, 39, 19, 3.12%, 0, 32, 7, 203.18, 606261, 2043
3319, 0, 67, 84, 39, 19, 3.12%, 0, 33, 7, 181.68, 606959, 2043
3324, 0, 67, 84, 39, 19, 3.12%, 0, 33, 7, 224.81, 608109, 2043
3329, 0, 67, 84, 39, 19, 3.12%, 0, 33, 7, 240.57, 609337, 2043
3334, 0, 67, 84, 39, 19, 3.12%, 0, 33, 7, 245.03, 610609, 2043
3339, 0, 67, 84, 39, 19, 3.12%, 0, 33, 7, 224.64, 611769, 2043
3344, 0, 67, 84, 39, 19, 3.12%, 0, 33, 7, 233.15, 612969, 2043
3349, 0, 67, 84, 39, 19, 3.12%, 0, 33, 7, 240.18, 614185, 2043
3354, 0, 67, 84, 39, 19, 3.12%, 0, 33, 7, 235.89, 615341, 2043
3360, 0, 58, 84, 38, 18, 3.12%, 0, 33, 7, 10.75, 616345, 2043
3365, 0, 58, 84, 38, 18, 3.12%, 0, 33, 7, 184.24, 617382, 2043
3370, 0, 58, 84, 38, 18, 3.12%, 0, 33, 7, 180.84, 617905, 2043
3375, 0, 58, 84, 38, 18, 3.12%, 0, 33, 7, 202.09, 618878, 2043
3380, 0, 58, 84, 38, 18, 3.12%, 0, 33, 7, 235.03, 620095, 2043
3385, 0, 58, 84, 38, 18, 3.12%, 0, 33, 7, 214.35, 621155, 2043
3390, 0, 58, 84, 38, 18, 3.12%, 0, 33, 7, 239.00, 622391, 2043
3395, 0, 58, 84, 38, 18, 3.12%, 0, 33, 7, 244.29, 623623, 2043
3400, 0, 58, 84, 38, 18, 3.12%, 0, 33, 7, 245.90, 624867, 2043
3405, 0, 58, 84, 38, 18, 3.12%, 0, 33, 7, 232.50, 626019, 2043
3410, 0, 58, 84, 38, 18, 3.12%, 0, 33, 7, 7.61, 626967, 2043
3415, 0, 44, 84, 37, 16, 3.12%, 0, 33, 7, 141.23, 627868, 2043
3421, 0, 44, 84, 37, 16, 3.12%, 0, 33, 7, 180.48, 628913, 2043
3426, 0, 44, 84, 37, 16, 3.12%, 0, 33, 7, 133.99, 629572, 2043
3431, 0, 44, 84, 37, 16, 3.12%, 0, 33, 7, 218.97, 630788, 2043
3436, 0, 44, 84, 37, 16, 3.12%, 0, 33, 7, 214.20, 631900, 2043
3441, 0, 44, 84, 37, 16, 3.12%, 0, 33, 7, 237.45, 633140, 2043
3446, 0, 44, 84, 37, 16, 3.12%, 0, 33, 7, 231.95, 634304, 2043
3451, 0, 44, 85, 38, 16, 3.12%, 0, 33, 7, 189.19, 635260, 2043
3456, 0, 44, 85, 38, 16, 3.12%, 0, 33, 7, 182.91, 636150, 2043
3461, 0, 44, 85, 38, 16, 3.12%, 0, 33, 7, 227.89, 637336, 2043
3466, 0, 44, 85, 38, 16, 3.12%, 0, 33, 7, 242.90, 638580, 2043
3472, 0, 76, 85, 37, 15, 3.12%, 0, 33, 7, 217.48, 639714, 2043
3477, 0, 76, 85, 37, 15, 3.12%, 0, 33, 7, 195.51, 640698, 2043
3482, 0, 76, 85, 37, 15, 3.12%, 0, 33, 7, 203.34, 641710, 2043
3487, 0, 76, 85, 37, 15, 3.12%, 0, 33, 7, 235.99, 642942, 2043
3492, 0, 76, 85, 37, 15, 3.12%, 0, 33, 7, 244.18, 644190, 2043
3497, 0, 76, 85, 37, 15, 3.12%, 0, 33, 7, 240.93, 645406, 2043
3502, 0, 76, 85, 37, 15, 3.12%, 0, 33, 7, 233.59, 646542, 2043
3507, 0, 76, 85, 37, 15, 3.12%, 0, 33, 7, 219.65, 647626, 2043
3512, 0, 76, 85, 37, 15, 3.12%, 0, 33, 7, 207.86, 648686, 2043
3517, 0, 76, 85, 37, 15, 3.12%, 0, 33, 7, 217.13, 649826, 2043
3522, 0, 82, 85, 36, 14, 3.12%, 0, 33, 7, 115.34, 650712, 2043
3528, 0, 82, 85, 36, 14, 3.12%, 0, 33, 7, 181.24, 651777, 2043
3533, 0, 82, 85, 36, 14, 3.12%, 0, 34, 7, 151.35, 652257, 2043
3538, 0, 82, 85, 36, 14, 3.12%, 0, 34, 7, 160.50, 652813, 2043
3543, 0, 82, 85, 36, 14, 3.12%, 0, 34, 7, 228.87, 654090, 2043
3548, 0, 82, 85, 36, 14, 3.12%, 0, 34, 7, 224.37, 655254, 2043
3553, 0, 82, 85, 36, 14, 3.12%, 0, 34, 7, 215.61, 656366, 2043
3558, 0, 82, 85, 36, 14, 3.12%, 0, 34, 7, 235.75, 657550, 2043
3563, 0, 82, 85, 36, 14, 3.12%, 0, 34, 7, 244.37, 658790, 2043
3568, 0, 82, 85, 36, 14, 3.12%, 0, 34, 7, 219.03, 659902, 2043
3573, 0, 82, 85, 36, 14, 3.12%, 0, 34, 7, 217.25, 661054, 2043
3578, 0, 18, 85, 35, 13, 3.12%, 0, 34, 7, 228.57, 662251, 2043
3584, 0, 18, 85, 35, 13, 3.12%, 0, 34, 7, 227.20, 663435, 2043
3589, 0, 42, 85, 35, 13, 3.12%, 0, 34, 7, 208.97, 664469, 2043
3594, 0, 42, 85, 35, 13, 3.12%, 0, 34, 7, 188.50, 665446, 2043
3599, 0, 42, 85, 35, 13, 3.12%, 0, 34, 7, 146.47, 666091, 2043
3604, 0, 42, 85, 35, 13, 3.12%, 0, 34, 7, 191.21, 666884, 2043
3609, 0, 42, 85, 35, 13, 3.12%, 0, 34, 7, 226.65, 668037, 2043
3614, 0, 42, 85, 35, 13, 3.12%, 0, 34, 7, 219.40, 669145, 2043
3619, 0, 42, 85, 35, 13, 3.12%, 0, 34, 7, 240.13, 670421, 2043
3624, 0, 42, 85, 35, 13, 3.12%, 0, 34, 7, 243.92, 671657, 2043
3629, 0, 42, 85, 35, 13, 3.12%, 0, 34, 7, 243.62, 672885, 2043
3634, 0, 42, 85, 35, 13, 3.12%, 0, 34, 7, 218.67, 673973, 2043
3639, 0, 42, 85, 35, 13, 3.12%, 0, 34, 7, 235.66, 675161, 2043
3644, 0, 53, 85, 34, 12, 3.12%, 0, 34, 7, 206.60, 676067, 2043
3649, 0, 53, 85, 34, 12, 3.12%, 0, 34, 7, 170.75, 676860, 2043
3654, 0, 53, 85, 34, 12, 3.12%, 0, 35, 7, 165.74, 677397, 2043
3660, 0, 53, 85, 34, 12, 3.12%, 0, 35, 7, 196.94, 678448, 2043
3665, 0, 53, 85, 34, 12, 3.12%, 0, 35, 7, 234.18, 679715, 2043
3670, 0, 53, 85, 34, 12, 3.12%, 0, 35, 7, 230.38, 680834, 2043
3675, 0, 53, 85, 34, 12, 3.12%, 0, 35, 7, 239.90, 682055, 2043
3680, 0, 53, 85, 34, 12, 3.12%, 0, 35, 7, 241.97, 683319, 2043
3685, 0, 53, 85, 34, 12, 3.12%, 0, 35, 7, 244.89, 684555, 2043
3690, 0, 53, 85, 34, 12, 3.12%, 0, 35, 7, 246.94, 685795, 2043
3695, 0, 46, 85, 33, 11, 3.12%, 0, 35, 7, 127.81, 686722, 2043
3701, 0, 46, 85, 33, 11, 3.12%, 0, 35, 7, 13.55, 687688, 2043
3706, 0, 46, 85, 33, 11, 3.12%, 0, 35, 7, 1.98, 687906, 2043
3711, 0, 46, 85, 33, 11, 3.12%, 0, 35, 7, 169.88, 688270, 2043
3716, 0, 46, 85, 33, 11, 3.12%, 0, 35, 7, 212.03, 689316, 2043
3721, 0, 46, 85, 33, 11, 3.12%, 0, 35, 7, 238.67, 690552, 2043
3726, 0, 46, 85, 33, 11, 3.12%, 0, 35, 7, 241.95, 691776, 2043
3731, 0, 46, 85, 33, 11, 3.12%, 0, 35, 7, 218.69, 692828, 2043
3736, 0, 46, 85, 33, 11, 3.12%, 0, 35, 7, 239.56, 694108, 2043
3742, 0, 46, 85, 33, 11, 3.12%, 0, 35, 7, 240.41, 695320, 2043
3747, 0, 46, 85, 33, 11, 3.12%, 0, 35, 7, 245.57, 696568, 2043
3752, 0, 46, 85, 33, 11, 3.12%, 0, 35, 7, 245.68, 697800, 2043
3757, 0, 50, 85, 32, 10, 3.12%, 0, 35, 7, 211.05, 698812, 2043
3762, 0, 50, 85, 32, 10, 3.12%, 0, 36, 7, 18.87, 699578, 2043
3767, 0, 50, 85, 32, 10, 3.12%, 0, 36, 7, 218.13, 700716, 2043
3772, 0, 50, 85, 32, 10, 3.12%, 0, 36, 7, 240.83, 701964, 2043
3777, 0, 50, 85, 32, 10, 3.12%, 0, 36, 7, 228.27, 703132, 2043
3782, 0, 50, 85, 32, 10, 3.12%, 0, 36, 7, 225.05, 704284, 2043
3787, 0, 50, 85, 32, 10, 3.12%, 0, 36, 7, 239.20, 705496, 2043
3792, 0, 50, 85, 32, 10, 3.12%, 0, 36, 7, 236.71, 706660, 2043
3797, 0, 50, 85, 32, 10, 3.12%, 0, 36, 7, 243.06, 707892, 2043
3802, 0, 62, 85, 31, 9, 3.12%, 0, 36, 7, 234.15, 709060, 2043
3807, 0, 62, 85, 31, 9, 3.12%, 0, 36, 7, 210.27, 710095, 2043
3813, 0, 62, 85, 31, 9, 3.12%, 0, 36, 7, 192.07, 710897, 2043
3818, 0, 62, 85, 31, 9, 3.12%, 0, 36, 7, 226.52, 712039, 2043
3823, 0, 62, 85, 31, 9, 3.12%, 0, 36, 7, 239.54, 713251, 2043
3828, 0, 62, 85, 31, 9, 3.12%, 0, 36, 7, 218.74, 714375, 2043
3833, 0, 62, 85, 31, 9, 3.12%, 0, 36, 7, 219.80, 715507, 2043
3838, 0, 62, 85, 31, 9, 3.12%, 0, 36, 7, 239.29, 716727, 2043
3843, 0, 62, 85, 31, 9, 3.12%, 0, 36, 7, 244.12, 717991, 2043
3848, 0, 62, 85, 31, 9, 3.12%, 0, 36, 7, 244.61, 719227, 2043
3853, 0, 68, 85, 30, 8, 3.12%, 0, 36, 7, 215.33, 720309, 2043
3858, 0, 68, 85, 30, 8, 3.12%, 0, 36, 7, 206.21, 721337, 2043
3863, 0, 68, 85, 30, 8, 3.12%, 0, 36, 7, 178.94, 722045, 2043
3868, 0, 68, 85, 30, 8, 3.12%, 0, 36, 7, 193.45, 723027, 2043
3873, 0, 68, 85, 30, 8, 3.12%, 0, 36, 7, 221.88, 724169, 2043
3878, 0, 68, 85, 30, 8, 3.12%, 0, 36, 7, 234.65, 725337, 2043
3883, 0, 68, 85, 30, 8, 3.12%, 0, 36, 7, 229.24, 726525, 2043
3888, 0, 68, 85, 30, 8, 3.12%, 0, 36, 7, 238.26, 727685, 2043
3893, 0, 68, 85, 30, 8, 3.12%, 0, 36, 7, 244.22, 728929, 2043
3898, 0, 68, 85, 30, 8, 3.12%, 0, 36, 7, 244.51, 730161, 2043
3904, 0, 68, 85, 30, 8, 3.12%, 0, 36, 7, 246.86, 731401, 2043
3909, 0, 78, 85, 29, 7, 3.12%, 0, 36, 7, 216.81, 732451, 2043
3914, 0, 78, 85, 29, 7, 3.12%, 0, 36, 7, 157.25, 733172, 2043
3919, 0, 78, 86, 30, 7, 3.12%, 0, 37, 7, 179.27, 733708, 2044
3924, 0, 78, 87, 31, 7, 3.12%, 0, 37, 7, 21.28, 734268, 2045
3929, 0, 78, 87, 31, 7, 3.12%, 0, 37, 7, 170.14, 734997, 2045
3934, 0, 78, 87, 31, 7, 3.12%, 0, 37, 7, 182.13, 735714, 2045
3939, 0, 78, 87, 31, 7, 3.12%, 0, 37, 7, 179.42, 736605, 2045
3944, 0, 78, 87, 31, 7, 3.12%, 0, 37, 7, 198.59, 737623, 2045
3949, 0, 78, 87, 31, 7, 3.12%, 0, 37, 7, 204.25, 738671, 2045
3954, 0, 78, 87, 31, 7, 3.12%, 0, 37, 7, 205.02, 739707, 2045
3959, 0, 78, 87, 31, 7, 3.12%, 0, 37, 7, 204.61, 740739, 2045
3964, 0, 78, 87, 31, 7, 3.12%, 0, 37, 7, 224.11, 741863, 2045
3969, 0, 78, 87, 31, 7, 3.12%, 0, 37, 7, 230.24, 743015, 2045
3975, 0, 78, 87, 31, 7, 3.12%, 0, 37, 7, 239.28, 744275, 2045
3980, 0, 78, 87, 31, 7, 3.12%, 0, 37, 7, 248.94, 745307, 2045
3985, 0, 78, 87, 31, 7, 3.12%, 0, 37, 7, 226.94, 746463, 2045
3990, 0, 78, 87, 31, 7, 3.12%, 0, 37, 7, 240.10, 747683, 2045
3995, 0, 78, 87, 31, 7, 3.12%, 0, 37, 7, 223.23, 748819, 2045
4000, 0, 25, 87, 30, 8, 3.12%, 0, 37, 7, 218.44, 749979, 2045
4005, 0, 25, 87, 30, 8, 3.12%, 0, 37, 7, 227.97, 751139, 2045
4010, 0, 25, 87, 30, 8, 3.12%, 0, 37, 7, 231.97, 752350, 2045
4016, 0, 25, 87, 30, 8, 3.12%, 0, 37, 7, 232.43, 753537, 2045
4021, 0, 83, 87, 30, 8, 3.12%, 0, 37, 7, 210.09, 754573, 2045
4026, 0, 83, 87, 30, 8, 3.12%, 0, 39, 7, 8.57, 755191, 2045
4031, 0, 83, 87, 30, 8, 3.12%, 0, 39, 7, 205.81, 756221, 2045
4036, 0, 83, 87, 30, 8, 3.12%, 0, 39, 7, 235.15, 757449, 2045
4041, 0, 83, 87, 30, 8, 3.12%, 0, 39, 7, 217.20, 758545, 2045
4046, 0, 83, 87, 30, 8, 3.12%, 0, 39, 7, 225.83, 759657, 2045
4051, 0, 83, 87, 30, 8, 3.12%, 0, 39, 7, 219.86, 760789, 2045
4056, 0, 83, 87, 30, 8, 3.12%, 0, 39, 7, 231.45, 761981, 2045
4061, 0, 83, 87, 30, 8, 3.12%, 0, 39, 7, 240.97, 763205, 2045
4066, 0, 83, 87, 30, 8, 3.12%, 0, 39, 7, 236.48, 764357, 2045
4071, 0, 1, 87, 29, 7, 3.12%, 0, 39, 7, 230.17, 765529, 2045
4076, 0, 1, 87, 29, 7, 3.12%, 0, 39, 7, 221.82, 766637, 2045
4081, 0, 1, 87, 29, 7, 3.12%, 0, 39, 7, 216.57, 767727, 2045
4087, 0, 1, 87, 29, 7, 3.12%, 0, 39, 7, 211.65, 768819, 2045
4092, 0, 1, 87, 29, 7, 3.12%, 0, 39, 7, 216.14, 769941, 2045
4097, 0, 1, 87, 29, 7, 3.12%, 0, 39, 7, 217.82, 771037, 2045
4102, 0, 1, 87, 29, 7, 3.12%, 0, 39, 7, 221.35, 772145, 2045
4107, 0, 1, 87, 29, 7, 3.12%, 0, 39, 7, 240.50, 773414, 2045
4112, 0, 1, 87, 29, 7, 3.12%, 0, 39, 7, 195.56, 774340, 2045
4117, 0, 1, 89, 31, 7, 3.33%, 0, 39, 7, 192.73, 775308, 2185
4122, 0, 1, 89, 31, 7, 3.33%, 0, 39, 7, 233.84, 776549, 2185
4128, 0, 1, 89, 31, 7, 3.33%, 0, 39, 7, 240.48, 777809, 2185
4133, 0, 1, 89, 31, 7, 3.33%, 0, 39, 7, 240.58, 779029, 2185
4138, 0, 1, 89, 31, 7, 3.33%, 0, 39, 7, 218.80, 780167, 2185
4143, 0, 1, 89, 31, 7, 3.33%, 0, 39, 7, 158.56, 780889, 2185
4148, 0, 1, 89, 31, 7, 3.33%, 0, 39, 7, 182.78, 781784, 2185
4153, 0, 1, 89, 31, 7, 3.33%, 0, 39, 7, 200.58, 782811, 2185
4158, 0, 1, 89, 31, 7, 3.33%, 0, 39, 7, 233.58, 784038, 2185
4163, 0, 1, 89, 31, 7, 3.33%, 0, 39, 7, 189.04, 784927, 2185
4168, 0, 1, 89, 31, 7, 3.33%, 0, 39, 7, 223.65, 786087, 2185
4173, 0, 1, 89, 31, 7, 3.33%, 0, 39, 7, 241.49, 787320, 2185
4178, 0, 1, 89, 31, 7, 3.33%, 0, 39, 7, 244.89, 788605, 2185
4183, 0, 1, 89, 31, 7, 3.33%, 0, 39, 7, 245.17, 789850, 2185
4188, 0, 1, 89, 31, 7, 3.33%, 0, 39, 7, 242.53, 791071, 2185
4193, 0, 1, 89, 31, 7, 3.33%, 0, 39, 7, 244.63, 792308, 2185
4198, 0, 1, 89, 31, 7, 3.33%, 0, 39, 7, 236.97, 793525, 2185
4204, 0, 86, 89, 31, 8, 3.33%, 0, 39, 7, 213.22, 794591, 2185
4209, 0, 86, 89, 31, 8, 3.33%, 0, 39, 7, 207.31, 795631, 2185
4214, 0, 86, 89, 31, 8, 3.33%, 0, 40, 7, 5.84, 796409, 2185
4219, 0, 86, 89, 31, 8, 3.33%, 0, 40, 7, 226.03, 797587, 2185
4224, 0, 86, 89, 31, 8, 3.33%, 0, 40, 7, 223.37, 798743, 2185
4229, 0, 86, 89, 31, 8, 3.33%, 0, 40, 7, 218.44, 799875, 2185
4234, 0, 86, 89, 31, 8, 3.33%, 0, 40, 7, 226.07, 801003, 2185
4239, 0, 86, 89, 31, 8, 3.33%, 0, 40, 7, 216.41, 802111, 2185
4244, 0, 86, 89, 31, 8, 3.33%, 0, 40, 7, 235.18, 803303, 2185
4249, 0, 86, 89, 31, 8, 3.33%, 0, 40, 7, 242.02, 804523, 2185
4254, 0, 86, 89, 31, 8, 3.33%, 0, 40, 7, 242.49, 805743, 2185
4259, 0, 88, 89, 30, 7, 3.33%, 0, 40, 7, 142.93, 806331, 2185
4264, 0, 88, 90, 31, 7, 3.33%, 0, 40, 7, 143.43, 807123, 2185
4270, 0, 88, 90, 31, 7, 3.33%, 0, 40, 7, 125.72, 807753, 2185
4275, 0, 88, 90, 31, 7, 3.33%, 0, 40, 7, 186.07, 808763, 2185
4280, 0, 88, 90, 31, 7, 3.33%, 0, 40, 7, 212.41, 809903, 2185
4285, 0, 88, 90, 31, 7, 3.33%, 0, 40, 7, 211.19, 810995, 2185
4290, 0, 88, 90, 31, 7, 3.33%, 0, 40, 7, 223.94, 812143, 2185
4295, 0, 89, 90, 30, 7, 3.33%, 0, 40, 7, 211.74, 813210, 2185
4300, 0, 89, 90, 30, 7, 3.33%, 0, 40, 7, 228.01, 814381, 2185
4305, 0, 89, 90, 30, 7, 3.33%, 0, 40, 7, 227.05, 815530, 2185
4310, 0, 89, 90, 30, 7, 3.33%, 0, 40, 7, 213.29, 816606, 2185
