# relative_time, cycles_done, cur_item, corpus_count, pending_total, pending_favs, map_size, saved_crashes, saved_hangs, max_depth, execs_per_sec, total_execs, edges_found
60, 0, 0, 26, 23, 0, 0.91%, 2, 0, 2, 253.84, 15268, 598
65, 0, 0, 26, 23, 0, 0.91%, 2, 0, 2, 256.67, 16568, 598
70, 0, 0, 26, 23, 0, 0.91%, 2, 0, 2, 249.16, 17814, 598
75, 0, 0, 26, 23, 0, 0.91%, 2, 0, 2, 248.46, 19050, 598
80, 0, 0, 27, 24, 0, 0.91%, 2, 0, 2, 245.77, 20326, 599
86, 0, 0, 27, 24, 0, 0.91%, 3, 0, 2, 249.73, 21630, 599
91, 0, 0, 27, 24, 0, 0.91%, 3, 0, 2, 253.50, 22906, 599
96, 0, 0, 27, 24, 0, 0.91%, 4, 0, 2, 250.25, 24154, 599
101, 0, 0, 27, 24, 0, 0.91%, 4, 0, 2, 252.54, 25431, 599
106, 0, 0, 27, 24, 0, 0.91%, 4, 0, 2, 252.59, 26716, 599
111, 0, 0, 27, 24, 0, 0.91%, 4, 0, 2, 251.86, 28006, 599
116, 0, 0, 27, 24, 0, 0.91%, 4, 0, 2, 257.70, 29321, 599
121, 0, 0, 27, 24, 0, 0.91%, 4, 0, 2, 257.69, 30621, 599
126, 0, 0, 27, 24, 0, 0.91%, 4, 0, 2, 262.54, 31996, 599
131, 0, 0, 27, 24, 0, 0.91%, 4, 0, 2, 259.50, 33306, 599
136, 0, 5, 33, 29, 8, 0.96%, 4, 0, 3, 265.76, 34643, 626
142, 0, 5, 35, 31, 8, 0.96%, 5, 0, 3, 269.27, 36044, 632
147, 0, 5, 36, 32, 8, 0.97%, 5, 0, 3, 270.08, 37442, 634
152, 0, 5, 36, 32, 8, 0.97%, 5, 0, 3, 271.99, 38857, 634
157, 0, 5, 36, 32, 8, 0.97%, 6, 0, 3, 267.80, 40237, 634
162, 0, 5, 36, 32, 8, 0.97%, 6, 0, 3, 269.50, 41637, 634
167, 0, 5, 36, 32, 8, 0.97%, 6, 0, 3, 267.10, 42982, 634
172, 0, 5, 36, 32, 8, 0.97%, 6, 0, 3, 267.72, 44362, 634
178, 0, 5, 36, 32, 8, 0.97%, 6, 0, 3, 264.66, 45682, 634
183, 0, 5, 36, 32, 8, 0.97%, 6, 0, 3, 268.80, 47042, 634
188, 0, 5, 36, 32, 8, 0.97%, 7, 0, 3, 270.25, 48407, 634
193, 0, 5, 36, 32, 8, 0.97%, 7, 0, 3, 267.62, 49792, 634
198, 0, 5, 36, 32, 8, 0.97%, 7, 0, 3, 268.15, 51152, 634
203, 0, 5, 36, 32, 8, 0.97%, 7, 0, 3, 270.47, 52552, 634
208, 0, 5, 36, 32, 8, 0.97%, 7, 0, 3, 272.50, 53927, 634
213, 0, 5, 36, 32, 8, 0.97%, 7, 0, 3, 275.16, 55352, 634
218, 0, 5, 36, 32, 8, 0.97%, 7, 0, 3, 273.15, 56767, 634
223, 0, 5, 36, 32, 8, 0.97%, 7, 0, 3, 273.41, 58137, 634
229, 0, 5, 36, 32, 8, 0.97%, 7, 0, 3, 272.51, 59532, 634
234, 0, 5, 36, 32, 8, 0.97%, 7, 0, 3, 272.63, 60912, 634
239, 0, 5, 36, 32, 8, 0.97%, 7, 0, 3, 271.72, 62287, 634
244, 0, 5, 36, 32, 8, 0.97%, 7, 0, 3, 264.32, 63597, 634
249, 0, 5, 36, 32, 8, 0.97%, 7, 0, 3, 272.93, 65017, 634
254, 0, 5, 36, 32, 8, 0.97%, 7, 0, 3, 270.11, 66417, 634
259, 0, 9, 36, 30, 7, 0.97%, 7, 0, 3, 246.33, 67652, 634
264, 0, 11, 36, 29, 6, 0.97%, 7, 0, 3, 257.44, 68963, 634
269, 0, 8, 36, 28, 5, 0.97%, 7, 0, 3, 263.49, 70296, 634
274, 0, 34, 36, 27, 4, 0.97%, 7, 0, 3, 248.35, 71475, 634
279, 0, 35, 36, 25, 2, 0.97%, 7, 0, 3, 268.91, 72813, 634
284, 0, 26, 36, 24, 1, 0.97%, 7, 0, 3, 235.16, 73986, 634
289, 0, 27, 36, 23, 0, 0.97%, 7, 0, 3, 246.47, 75284, 634
294, 0, 27, 36, 23, 0, 0.97%, 7, 0, 3, 252.07, 76559, 634
299, 0, 35, 36, 23, 0, 0.97%, 7, 0, 3, 259.91, 77863, 634
305, 0, 35, 36, 23, 0, 0.97%, 7, 0, 3, 285.74, 79378, 634
310, 0, 11, 36, 23, 0, 0.97%, 7, 0, 3, 264.30, 80671, 634
315, 0, 27, 36, 23, 0, 0.97%, 7, 0, 3, 255.33, 81948, 634
320, 0, 27, 36, 23, 0, 0.97%, 7, 0, 3, 256.26, 83242, 634
325, 0, 27, 36, 23, 0, 0.97%, 7, 0, 3, 253.39, 84511, 634
330, 0, 27, 36, 23, 0, 0.97%, 7, 0, 3, 251.95, 85780, 634
335, 0, 27, 36, 23, 0, 0.97%, 7, 0, 3, 250.73, 87046, 634
340, 0, 34, 36, 23, 0, 0.97%, 7, 0, 3, 253.57, 88320, 634
345, 0, 34, 36, 23, 0, 0.97%, 7, 0, 3, 263.86, 89695, 634
350, 0, 34, 36, 23, 0, 0.97%, 7, 0, 3, 267.40, 91085, 634
355, 0, 27, 36, 23, 0, 0.97%, 7, 0, 3, 259.23, 92399, 634
360, 0, 5, 36, 23, 0, 0.97%, 7, 0, 3, 260.72, 93713, 634
365, 1, 5, 36, 23, 0, 0.97%, 7, 0, 3, 263.13, 95040, 634
370, 1, 5, 36, 23, 0, 0.97%, 7, 0, 3, 257.41, 96332, 634
375, 1, 13, 36, 23, 0, 0.97%, 7, 0, 3, 268.67, 97659, 634
381, 1, 33, 36, 22, 0, 0.97%, 7, 0, 3, 254.04, 98944, 634
386, 1, 33, 37, 23, 0, 0.97%, 7, 0, 4, 252.70, 100212, 634
391, 1, 33, 37, 23, 0, 0.97%, 7, 0, 4, 258.43, 101522, 634
396, 1, 33, 37, 23, 0, 0.97%, 7, 0, 4, 259.23, 102832, 634
401, 1, 33, 37, 23, 0, 0.97%, 7, 0, 4, 260.46, 104137, 634
406, 1, 5, 37, 23, 0, 0.97%, 7, 0, 4, 253.37, 105408, 634
411, 1, 11, 37, 23, 0, 0.97%, 7, 0, 4, 259.32, 106750, 634
416, 1, 27, 37, 23, 0, 0.97%, 7, 0, 4, 253.34, 108022, 634
421, 1, 11, 37, 23, 0, 0.97%, 7, 0, 4, 260.40, 109376, 634
426, 1, 5, 37, 23, 0, 0.97%, 7, 0, 4, 260.12, 110733, 634
432, 1, 34, 37, 23, 0, 0.97%, 7, 0, 4, 262.35, 112105, 634
437, 1, 34, 37, 23, 0, 0.97%, 7, 0, 4, 266.56, 113510, 634
442, 1, 5, 37, 23, 0, 0.97%, 7, 0, 4, 267.88, 114901, 634
447, 1, 27, 37, 23, 0, 0.97%, 7, 0, 4, 260.37, 116193, 634
452, 1, 27, 37, 23, 0, 0.97%, 7, 0, 4, 255.10, 117472, 634
457, 1, 27, 37, 23, 0, 0.97%, 7, 0, 4, 254.90, 118751, 634
462, 1, 5, 37, 23, 0, 0.97%, 7, 0, 4, 257.07, 120082, 634
467, 1, 27, 37, 23, 0, 0.97%, 7, 0, 4, 253.83, 121354, 634
473, 2, 27, 37, 23, 0, 0.97%, 7, 0, 4, 255.29, 122693, 634
478, 2, 8, 37, 23, 0, 0.97%, 7, 0, 4, 261.79, 124007, 634
483, 2, 27, 37, 23, 0, 0.97%, 7, 0, 4, 256.48, 125319, 634
488, 2, 32, 37, 23, 0, 0.97%, 7, 0, 4, 254.41, 126648, 634
493, 2, 6, 37, 22, 0, 0.97%, 7, 0, 4, 264.79, 128054, 634
498, 2, 8, 37, 21, 0, 0.97%, 7, 0, 4, 260.52, 129359, 634
503, 2, 9, 37, 21, 0, 0.97%, 7, 0, 4, 262.62, 130734, 634
508, 2, 27, 37, 21, 0, 0.97%, 7, 0, 4, 251.66, 131981, 634
514, 2, 5, 37, 21, 0, 0.97%, 7, 0, 4, 253.18, 133285, 634
519, 2, 27, 37, 21, 0, 0.97%, 7, 0, 4, 253.20, 134610, 634
524, 2, 11, 37, 21, 0, 0.97%, 7, 0, 4, 255.56, 135929, 634
529, 2, 35, 37, 21, 0, 0.97%, 7, 0, 4, 281.61, 137354, 634
534, 2, 27, 37, 21, 0, 0.97%, 7, 0, 4, 267.69, 138770, 634
539, 2, 27, 37, 21, 0, 0.97%, 7, 0, 4, 252.95, 140019, 634
544, 2, 8, 37, 21, 0, 0.97%, 7, 0, 4, 255.14, 141308, 634
549, 2, 5, 37, 21, 0, 0.97%, 7, 0, 4, 263.74, 142673, 634
554, 3, 27, 37, 21, 0, 0.97%, 7, 0, 4, 249.15, 143915, 634
559, 3, 27, 37, 21, 0, 0.97%, 7, 0, 4, 248.45, 145163, 634
564, 3, 27, 37, 21, 0, 0.97%, 7, 0, 4, 248.52, 146417, 634
569, 3, 27, 37, 21, 0, 0.97%, 7, 0, 4, 248.99, 147671, 634
575, 3, 5, 37, 21, 0, 0.97%, 7, 0, 4, 257.21, 149002, 634
580, 3, 27, 37, 21, 0, 0.97%, 7, 0, 4, 247.35, 150271, 634
585, 3, 27, 37, 21, 0, 0.97%, 7, 0, 4, 251.32, 151578, 634
590, 3, 33, 37, 21, 0, 0.97%, 7, 0, 4, 259.24, 152930, 634
595, 3, 33, 37, 21, 0, 0.97%, 7, 0, 4, 251.87, 154230, 634
600, 3, 27, 37, 21, 0, 0.97%, 7, 0, 4, 251.23, 155516, 634
606, 3, 16, 37, 21, 0, 0.97%, 7, 0, 4, 256.28, 156825, 634
611, 3, 27, 37, 20, 0, 0.97%, 7, 0, 4, 266.92, 158207, 634
616, 3, 27, 37, 20, 0, 0.97%, 7, 0, 4, 250.69, 159431, 634
621, 3, 27, 37, 20, 0, 0.97%, 7, 0, 4, 248.01, 160685, 634
626, 3, 27, 37, 20, 0, 0.97%, 7, 0, 4, 247.56, 161965, 634
631, 3, 27, 37, 20, 0, 0.97%, 7, 0, 4, 245.82, 163205, 634
636, 3, 33, 37, 20, 0, 0.97%, 7, 0, 4, 249.81, 164515, 634
641, 3, 33, 37, 20, 0, 0.97%, 7, 0, 4, 251.71, 165765, 634
646, 3, 27, 37, 20, 0, 0.97%, 7, 0, 4, 251.91, 167041, 634
651, 3, 5, 37, 20, 0, 0.97%, 7, 0, 4, 261.11, 168343, 634
656, 4, 27, 37, 20, 0, 0.97%, 7, 0, 4, 256.04, 169635, 634
661, 4, 33, 37, 20, 0, 0.97%, 7, 0, 4, 252.11, 170897, 634
666, 4, 33, 37, 20, 0, 0.97%, 7, 0, 4, 254.70, 172177, 634
671, 4, 35, 37, 20, 0, 0.97%, 7, 0, 4, 252.07, 173440, 634
677, 4, 35, 37, 20, 0, 0.97%, 7, 0, 4, 285.16, 174955, 634
682, 4, 33, 37, 20, 0, 0.97%, 7, 0, 4, 263.08, 176276, 634
687, 4, 33, 37, 20, 0, 0.97%, 7, 0, 4, 253.37, 177546, 634
692, 4, 5, 37, 20, 0, 0.97%, 7, 0, 4, 256.76, 178832, 634
697, 4, 27, 37, 20, 0, 0.97%, 7, 0, 4, 251.85, 180109, 634
702, 4, 27, 37, 20, 0, 0.97%, 7, 0, 4, 250.11, 181386, 634
707, 4, 27, 37, 20, 0, 0.97%, 7, 0, 4, 245.50, 182605, 634
712, 4, 33, 37, 20, 0, 0.97%, 7, 0, 4, 251.74, 183877, 634
717, 4, 33, 37, 20, 0, 0.97%, 7, 0, 4, 255.41, 185167, 634
722, 4, 27, 37, 20, 0, 0.97%, 7, 0, 4, 250.97, 186430, 634
727, 4, 27, 37, 20, 0, 0.97%, 7, 0, 4, 252.27, 187712, 634
732, 4, 27, 37, 20, 0, 0.97%, 7, 0, 4, 249.22, 188971, 634
737, 4, 27, 37, 20, 0, 0.97%, 7, 0, 4, 250.78, 190248, 634
742, 4, 35, 37, 20, 0, 0.97%, 7, 0, 4, 263.30, 191582, 634
747, 4, 26, 37, 20, 0, 0.97%, 7, 0, 4, 277.47, 193068, 634
753, 4, 26, 37, 20, 0, 0.97%, 7, 0, 4, 242.27, 194251, 634
758, 4, 26, 37, 20, 0, 0.97%, 7, 0, 4, 236.17, 195427, 634
763, 4, 5, 37, 20, 0, 0.97%, 7, 0, 4, 236.20, 196603, 634
768, 4, 14, 37, 20, 0, 0.97%, 7, 0, 4, 270.43, 198040, 634
773, 4, 27, 37, 19, 0, 0.97%, 7, 0, 4, 250.43, 199282, 634
778, 4, 33, 37, 19, 0, 0.97%, 7, 0, 4, 253.75, 200561, 634
783, 4, 33, 37, 19, 0, 0.97%, 7, 0, 4, 251.25, 201821, 634
788, 4, 27, 37, 19, 0, 0.97%, 7, 0, 4, 245.34, 203070, 634
793, 4, 9, 37, 19, 0, 0.97%, 7, 0, 4, 240.96, 204260, 634
798, 5, 17, 37, 19, 0, 0.97%, 7, 0, 4, 238.36, 205488, 634
803, 5, 37, 38, 19, 1, 0.97%, 7, 0, 4, 229.51, 206645, 635
808, 5, 37, 38, 19, 1, 0.97%, 7, 0, 4, 191.34, 207556, 635
813, 5, 37, 38, 19, 1, 0.97%, 7, 0, 4, 214.67, 208658, 635
818, 5, 37, 38, 19, 1, 0.97%, 7, 0, 4, 220.07, 209774, 635
823, 5, 27, 38, 18, 0, 0.97%, 7, 0, 4, 229.56, 210926, 635
828, 5, 27, 38, 18, 0, 0.97%, 7, 0, 4, 242.94, 212202, 635
833, 5, 5, 38, 18, 0, 0.97%, 7, 0, 4, 255.35, 213528, 635
839, 5, 27, 38, 18, 0, 0.97%, 7, 0, 4, 254.83, 214818, 635
844, 5, 5, 38, 18, 0, 0.97%, 7, 0, 4, 253.79, 216092, 635
849, 5, 27, 38, 18, 0, 0.97%, 7, 0, 4, 254.43, 217379, 635
854, 5, 27, 38, 18, 0, 0.97%, 7, 0, 4, 254.73, 218663, 635
859, 5, 27, 38, 18, 0, 0.97%, 7, 0, 4, 253.51, 219945, 635
864, 5, 27, 38, 18, 0, 0.97%, 7, 0, 4, 248.57, 221194, 635
869, 5, 27, 38, 18, 0, 0.97%, 7, 0, 4, 253.83, 222478, 635
874, 5, 27, 38, 18, 0, 0.97%, 7, 0, 4, 248.89, 223726, 635
879, 5, 35, 38, 18, 0, 0.97%, 7, 0, 4, 273.43, 225136, 635
884, 5, 10, 38, 18, 0, 0.97%, 7, 0, 4, 288.96, 226647, 635
889, 5, 27, 38, 17, 0, 0.97%, 7, 0, 4, 254.93, 227900, 635
894, 5, 35, 38, 17, 0, 0.97%, 7, 0, 4, 274.71, 229309, 635
900, 5, 27, 38, 17, 0, 0.97%, 7, 0, 4, 269.01, 230745, 635
905, 5, 5, 38, 17, 0, 0.97%, 7, 0, 4, 257.74, 231999, 635
910, 6, 35, 38, 17, 0, 0.97%, 7, 0, 4, 274.88, 233406, 635
915, 6, 35, 38, 17, 0, 0.97%, 7, 0, 4, 283.54, 234892, 635
920, 6, 35, 38, 17, 0, 0.97%, 7, 0, 4, 289.43, 236392, 635
925, 6, 27, 38, 17, 0, 0.97%, 7, 0, 4, 257.56, 237655, 635
930, 6, 5, 38, 17, 0, 0.97%, 7, 0, 4, 251.13, 238906, 635
935, 6, 11, 38, 17, 0, 0.97%, 7, 0, 4, 255.16, 240203, 635
940, 6, 35, 38, 17, 0, 0.97%, 7, 0, 4, 277.71, 241598, 635
945, 6, 27, 38, 17, 0, 0.97%, 7, 0, 4, 278.08, 243019, 635
950, 6, 5, 38, 17, 0, 0.97%, 7, 0, 4, 257.85, 244318, 635
955, 6, 31, 39, 18, 0, 0.97%, 7, 0, 4, 243.54, 245452, 635
961, 6, 27, 39, 17, 0, 0.97%, 7, 0, 4, 257.16, 246817, 635
966, 6, 27, 39, 17, 0, 0.97%, 7, 0, 4, 250.05, 248064, 635
971, 6, 27, 39, 17, 0, 0.97%, 7, 0, 4, 252.30, 249348, 635
976, 6, 9, 39, 17, 0, 0.97%, 7, 0, 4, 247.18, 250632, 635
981, 6, 27, 39, 17, 0, 0.97%, 7, 0, 4, 250.66, 251909, 635
986, 6, 27, 39, 17, 0, 0.97%, 7, 0, 4, 248.47, 253154, 635
991, 6, 27, 39, 17, 0, 0.97%, 7, 0, 4, 246.77, 254398, 635
996, 6, 5, 39, 17, 0, 0.97%, 7, 0, 4, 248.20, 255670, 635
1001, 6, 27, 39, 17, 0, 0.97%, 7, 0, 4, 252.48, 256945, 635
1006, 6, 27, 39, 17, 0, 0.97%, 7, 0, 4, 251.28, 258189, 635
1011, 7, 5, 39, 17, 0, 0.97%, 7, 0, 4, 252.79, 259448, 635
1016, 7, 8, 39, 17, 0, 0.97%, 7, 0, 4, 259.07, 260740, 635
1021, 7, 37, 39, 17, 0, 0.97%, 7, 0, 4, 249.35, 262035, 635
1026, 7, 37, 39, 17, 0, 0.97%, 7, 0, 4, 229.51, 263202, 635
1032, 7, 37, 39, 17, 0, 0.97%, 7, 0, 4, 222.74, 264350, 635
1037, 7, 8, 39, 17, 0, 0.97%, 7, 0, 4, 241.34, 265542, 635
1042, 7, 27, 39, 17, 0, 0.97%, 7, 0, 4, 252.02, 266839, 635
1047, 7, 27, 39, 17, 0, 0.97%, 7, 0, 4, 252.65, 268113, 635
1052, 7, 27, 39, 17, 0, 0.97%, 7, 0, 4, 252.15, 269422, 635
1057, 7, 27, 39, 17, 0, 0.97%, 7, 0, 4, 260.24, 270764, 635
1062, 7, 35, 39, 17, 0, 0.97%, 7, 0, 4, 262.73, 272123, 635
1067, 7, 35, 39, 17, 0, 0.97%, 7, 0, 4, 290.98, 273673, 635
1072, 7, 26, 39, 17, 0, 0.97%, 7, 0, 4, 249.75, 274899, 635
1078, 7, 26, 39, 17, 0, 0.97%, 7, 0, 4, 241.33, 276098, 635
1083, 7, 26, 39, 17, 0, 0.97%, 7, 0, 4, 241.55, 277322, 635
1088, 7, 27, 39, 17, 0, 0.97%, 7, 0, 4, 257.79, 278636, 635
1093, 7, 27, 39, 17, 0, 0.97%, 7, 0, 4, 261.95, 279963, 635
1098, 7, 15, 39, 17, 0, 0.97%, 7, 0, 4, 231.95, 281134, 635
1103, 7, 15, 39, 17, 0, 0.97%, 7, 0, 4, 237.28, 282337, 635
1108, 7, 27, 39, 16, 0, 0.97%, 7, 0, 4, 243.47, 283547, 635
1113, 7, 35, 39, 16, 0, 0.97%, 7, 0, 4, 282.20, 285029, 635
1118, 7, 35, 39, 16, 0, 0.97%, 7, 0, 4, 293.77, 286560, 635
1123, 7, 27, 39, 16, 0, 0.97%, 7, 0, 4, 282.24, 288046, 635
1129, 7, 35, 39, 16, 0, 0.97%, 7, 0, 4, 284.25, 289478, 635
1134, 7, 27, 39, 16, 0, 0.97%, 7, 0, 4, 272.95, 290871, 635
1139, 7, 5, 39, 16, 0, 0.97%, 7, 0, 4, 256.39, 292140, 635
1144, 8, 35, 39, 16, 0, 0.97%, 7, 0, 4, 285.31, 293655, 635
1149, 8, 27, 39, 16, 0, 0.97%, 7, 0, 4, 259.21, 294953, 635
1154, 8, 27, 39, 16, 0, 0.97%, 7, 0, 4, 251.35, 296207, 635
1159, 8, 34, 39, 16, 0, 0.97%, 7, 0, 4, 260.84, 297541, 635
1164, 8, 34, 39, 16, 0, 0.97%, 7, 0, 4, 263.95, 298911, 635
1169, 8, 27, 39, 16, 0, 0.97%, 7, 0, 4, 261.78, 300237, 635
1174, 8, 5, 39, 16, 0, 0.97%, 7, 0, 4, 258.21, 301511, 635
1179, 8, 27, 39, 16, 0, 0.97%, 7, 0, 4, 256.35, 302820, 635
1184, 8, 27, 39, 16, 0, 0.97%, 7, 0, 4, 256.57, 304117, 635
1189, 8, 27, 39, 16, 0, 0.97%, 7, 0, 4, 253.39, 305386, 635
1195, 8, 27, 39, 16, 0, 0.97%, 7, 0, 4, 254.42, 306715, 635
1200, 8, 27, 39, 16, 0, 0.97%, 7, 0, 4, 256.11, 308014, 635
1205, 8, 5, 39, 16, 0, 0.97%, 7, 0, 4, 252.87, 309280, 635
1210, 8, 27, 39, 16, 0, 0.97%, 7, 0, 4, 254.23, 310625, 635
1215, 8, 33, 39, 16, 0, 0.97%, 7, 0, 4, 255.83, 311917, 635
1220, 8, 5, 39, 16, 0, 0.97%, 7, 0, 4, 264.45, 313243, 635
1225, 8, 35, 39, 16, 0, 0.97%, 7, 0, 4, 288.58, 314763, 635
1230, 8, 27, 39, 16, 0, 0.97%, 7, 0, 4, 258.33, 316051, 635
1235, 8, 33, 39, 16, 0, 0.97%, 7, 0, 4, 255.44, 317330, 635
1240, 8, 27, 39, 16, 0, 0.97%, 7, 0, 4, 258.02, 318636, 635
1245, 9, 27, 39, 16, 0, 0.97%, 7, 0, 4, 254.43, 319915, 635
1250, 9, 27, 39, 16, 0, 0.97%, 7, 0, 4, 259.74, 321224, 635
1256, 9, 27, 39, 16, 0, 0.97%, 7, 0, 4, 251.87, 322523, 635
1261, 9, 33, 39, 16, 0, 0.97%, 7, 0, 4, 254.75, 323855, 635
1266, 9, 27, 39, 16, 0, 0.97%, 7, 0, 4, 252.75, 325136, 635
1271, 9, 35, 39, 16, 0, 0.97%, 7, 0, 4, 286.68, 326623, 635
1276, 9, 5, 39, 16, 0, 0.97%, 7, 0, 4, 273.83, 328034, 635
1281, 9, 27, 39, 16, 0, 0.97%, 7, 0, 4, 255.12, 329301, 635
1286, 9, 5, 39, 16, 0, 0.97%, 7, 0, 4, 249.18, 330557, 635
1291, 9, 35, 39, 16, 0, 0.97%, 7, 0, 4, 258.78, 331864, 635
1296, 9, 35, 39, 16, 0, 0.97%, 7, 0, 4, 284.59, 333364, 635
1301, 9, 27, 39, 16, 0, 0.97%, 7, 0, 4, 258.46, 334627, 635
1306, 9, 5, 39, 15, 0, 0.97%, 7, 0, 4, 242.74, 335786, 635
1312, 9, 35, 39, 15, 0, 0.97%, 7, 0, 4, 285.88, 337314, 635
1317, 9, 5, 39, 15, 0, 0.97%, 7, 0, 4, 276.25, 338692, 635
1322, 9, 27, 39, 15, 0, 0.97%, 7, 0, 4, 261.01, 339994, 635
1327, 9, 27, 39, 15, 0, 0.97%, 7, 0, 4, 259.23, 341323, 635
1332, 9, 8, 39, 15, 0, 0.97%, 7, 0, 4, 259.20, 342607, 635
1337, 9, 27, 39, 15, 0, 0.97%, 7, 0, 4, 255.58, 343904, 635
1342, 9, 27, 39, 15, 0, 0.97%, 7, 0, 4, 255.01, 345178, 635
1347, 9, 27, 39, 15, 0, 0.97%, 7, 0, 4, 250.29, 346432, 635
1352, 10, 27, 39, 15, 0, 0.97%, 7, 0, 4, 252.12, 347736, 635
1357, 10, 35, 39, 15, 0, 0.97%, 7, 0, 4, 281.59, 349218, 635
1362, 10, 27, 39, 15, 0, 0.97%, 7, 0, 4, 261.42, 350526, 635
1367, 10, 9, 39, 15, 0, 0.97%, 7, 0, 4, 250.12, 351763, 635
1372, 10, 33, 39, 14, 0, 0.97%, 7, 0, 4, 259.67, 353072, 635
1377, 10, 33, 39, 14, 0, 0.97%, 7, 0, 4, 259.47, 354412, 635
1383, 10, 35, 39, 14, 0, 0.97%, 7, 0, 4, 286.25, 355913, 635
1388, 10, 27, 39, 14, 0, 0.97%, 7, 0, 4, 263.78, 357241, 635
1393, 10, 27, 39, 14, 0, 0.97%, 7, 0, 4, 253.16, 358500, 635
1398, 10, 35, 39, 14, 0, 0.97%, 7, 0, 4, 272.88, 359854, 635
1403, 10, 27, 39, 14, 0, 0.97%, 7, 0, 4, 271.84, 361255, 635
1408, 10, 27, 39, 14, 0, 0.97%, 7, 0, 4, 251.48, 362494, 635
1413, 10, 27, 39, 14, 0, 0.97%, 7, 0, 4, 245.50, 363761, 635
1418, 10, 33, 39, 14, 0, 0.97%, 7, 0, 4, 253.25, 365075, 635
1423, 10, 19, 39, 14, 0, 0.97%, 7, 0, 4, 247.66, 366319, 635
1428, 10, 19, 39, 14, 0, 0.97%, 7, 0, 4, 246.39, 367591, 635
1434, 10, 27, 39, 13, 0, 0.97%, 7, 0, 4, 250.70, 368901, 635
1439, 10, 27, 39, 13, 0, 0.97%, 7, 0, 4, 261.04, 370218, 635
1444, 10, 34, 39, 13, 0, 0.97%, 7, 0, 4, 264.90, 371535, 635
1449, 10, 34, 39, 13, 0, 0.97%, 7, 0, 4, 264.14, 372865, 635
1454, 10, 27, 39, 13, 0, 0.97%, 7, 0, 4, 253.32, 374153, 635
1459, 10, 35, 39, 13, 0, 0.97%, 7, 0, 4, 261.34, 375455, 635
1464, 10, 35, 39, 13, 0, 0.97%, 7, 0, 4, 288.64, 376975, 635
1469, 10, 27, 39, 13, 0, 0.97%, 7, 0, 4, 264.47, 378303, 635
1474, 10, 9, 39, 13, 0, 0.97%, 7, 0, 4, 259.81, 379592, 635
1479, 10, 27, 39, 13, 0, 0.97%, 7, 0, 4, 257.71, 380894, 635
1484, 11, 27, 39, 13, 0, 0.97%, 7, 0, 4, 256.74, 382230, 635
1489, 11, 35, 39, 13, 0, 0.97%, 7, 0, 4, 261.06, 383539, 635
1494, 11, 35, 39, 13, 0, 0.97%, 7, 0, 4, 290.05, 385024, 635
1499, 11, 8, 39, 13, 0, 0.97%, 7, 0, 4, 266.04, 386344, 635
1504, 11, 27, 39, 13, 0, 0.97%, 7, 0, 4, 261.88, 387674, 635
1510, 11, 27, 39, 13, 0, 0.97%, 7, 0, 4, 255.47, 388960, 635
1515, 11, 27, 39, 13, 0, 0.97%, 7, 0, 4, 253.85, 390284, 635
1520, 11, 27, 39, 13, 0, 0.97%, 7, 0, 4, 253.34, 391573, 635
1525, 11, 27, 39, 13, 0, 0.97%, 7, 0, 4, 253.56, 392862, 635
1530, 11, 27, 39, 13, 0, 0.97%, 7, 0, 4, 252.55, 394133, 635
1535, 11, 27, 39, 13, 0, 0.97%, 7, 0, 4, 255.29, 395427, 635
1540, 11, 33, 39, 13, 0, 0.97%, 7, 0, 4, 254.53, 396699, 635
1545, 11, 27, 39, 13, 0, 0.97%, 7, 0, 4, 258.17, 398055, 635
1550, 11, 11, 39, 13, 0, 0.97%, 7, 0, 4, 264.50, 399374, 635
1555, 11, 27, 39, 13, 0, 0.97%, 7, 0, 4, 255.48, 400706, 635
1561, 11, 27, 39, 13, 0, 0.97%, 7, 0, 4, 249.84, 401992, 635
1566, 11, 27, 39, 13, 0, 0.97%, 7, 0, 4, 252.71, 403264, 635
1571, 11, 27, 39, 13, 0, 0.97%, 7, 0, 4, 251.61, 404533, 635
1576, 11, 27, 39, 13, 0, 0.97%, 7, 0, 4, 249.22, 405798, 635
1581, 11, 8, 39, 13, 0, 0.97%, 7, 0, 4, 260.63, 407141, 635
1586, 11, 33, 39, 13, 0, 0.97%, 7, 0, 4, 259.11, 408471, 635
1591, 11, 35, 39, 13, 0, 0.97%, 7, 0, 4, 285.12, 409947, 635
1596, 12, 5, 39, 13, 0, 0.97%, 7, 0, 4, 273.07, 411395, 635
1601, 12, 35, 39, 13, 0, 0.97%, 7, 0, 4, 288.66, 412865, 635
1607, 12, 11, 39, 13, 0, 0.97%, 7, 0, 4, 270.42, 414263, 635
1612, 12, 8, 39, 13, 0, 0.97%, 7, 0, 4, 270.46, 415668, 635
1617, 12, 35, 39, 13, 0, 0.97%, 7, 0, 4, 254.09, 416927, 635
1622, 12, 35, 39, 13, 0, 0.97%, 7, 0, 4, 284.74, 418447, 635
1627, 12, 35, 39, 13, 0, 0.97%, 7, 0, 4, 293.77, 419963, 635
1632, 12, 26, 39, 13, 0, 0.97%, 7, 0, 4, 262.07, 421336, 635
1637, 12, 26, 39, 13, 0, 0.97%, 7, 0, 4, 246.12, 422554, 635
1643, 12, 26, 39, 13, 0, 0.97%, 7, 0, 4, 239.69, 423762, 635
1648, 12, 27, 39, 13, 0, 0.97%, 7, 0, 4, 245.33, 425038, 635
1653, 12, 35, 39, 13, 0, 0.97%, 7, 0, 4, 284.84, 426545, 635
1658, 12, 33, 39, 13, 0, 0.97%, 7, 0, 4, 267.78, 427881, 635
1663, 12, 27, 39, 13, 0, 0.97%, 7, 0, 4, 257.95, 429177, 635
1668, 12, 26, 39, 13, 0, 0.97%, 7, 0, 4, 250.15, 430431, 635
1673, 12, 26, 39, 13, 0, 0.97%, 7, 0, 4, 241.97, 431628, 635
1678, 12, 26, 39, 13, 0, 0.97%, 7, 0, 4, 240.22, 432880, 635
1683, 12, 27, 39, 13, 0, 0.97%, 7, 0, 4, 247.97, 434162, 635
1688, 12, 27, 39, 13, 0, 0.97%, 7, 0, 4, 249.30, 435450, 635
1694, 12, 27, 39, 13, 0, 0.97%, 7, 0, 4, 252.40, 436713, 635
1699, 12, 27, 39, 13, 0, 0.97%, 7, 0, 4, 254.07, 438017, 635
1704, 12, 27, 39, 13, 0, 0.97%, 7, 0, 4, 259.95, 439316, 635
1709, 12, 27, 39, 13, 0, 0.97%, 7, 0, 4, 257.37, 440613, 635
1714, 12, 35, 39, 13, 0, 0.97%, 7, 0, 4, 290.50, 442150, 635
1719, 12, 27, 39, 13, 0, 0.97%, 7, 0, 4, 260.90, 443478, 635
1724, 12, 33, 39, 13, 0, 0.97%, 7, 0, 4, 257.33, 444770, 635
1729, 12, 35, 39, 13, 0, 0.97%, 7, 0, 4, 280.68, 446216, 635
1734, 12, 33, 39, 13, 0, 0.97%, 7, 0, 4, 274.14, 447672, 635
1739, 12, 27, 39, 13, 0, 0.97%, 7, 0, 4, 263.00, 448978, 635
1744, 12, 34, 39, 13, 0, 0.97%, 7, 0, 4, 264.18, 450295, 635
1749, 12, 34, 39, 13, 0, 0.97%, 7, 0, 4, 268.04, 451645, 635
1754, 12, 27, 39, 13, 0, 0.97%, 7, 0, 4, 255.79, 452938, 635
1760, 13, 27, 39, 13, 0, 0.97%, 7, 0, 4, 253.69, 454222, 635
1765, 13, 27, 39, 13, 0, 0.97%, 7, 0, 4, 250.99, 455481, 635
1770, 13, 27, 39, 13, 0, 0.97%, 7, 0, 4, 257.02, 456783, 635
1775, 13, 35, 39, 13, 0, 0.97%, 7, 0, 4, 272.10, 458155, 635
1780, 13, 27, 39, 13, 0, 0.97%, 7, 0, 4, 292.23, 459706, 635
1785, 13, 33, 39, 13, 0, 0.97%, 7, 0, 4, 262.72, 460995, 635
1790, 13, 33, 39, 13, 0, 0.97%, 7, 0, 4, 260.83, 462305, 635
1795, 13, 8, 39, 13, 0, 0.97%, 7, 0, 4, 262.10, 463613, 635
1800, 13, 27, 39, 13, 0, 0.97%, 7, 0, 4, 260.88, 464943, 635
1805, 13, 33, 39, 13, 0, 0.97%, 7, 0, 4, 256.53, 466245, 635
1810, 13, 27, 39, 13, 0, 0.97%, 7, 0, 4, 255.14, 467538, 635
1815, 13, 27, 39, 13, 0, 0.97%, 7, 0, 4, 248.20, 468832, 635
1820, 13, 27, 39, 13, 0, 0.97%, 7, 0, 4, 252.42, 470114, 635
1826, 13, 27, 39, 13, 0, 0.97%, 7, 0, 4, 249.40, 471402, 635
1831, 13, 27, 39, 13, 0, 0.97%, 7, 0, 4, 249.39, 472646, 635
1836, 13, 27, 39, 13, 0, 0.97%, 7, 0, 4, 250.36, 473906, 635
1841, 13, 35, 39, 13, 0, 0.97%, 7, 0, 4, 284.42, 475398, 635
1846, 13, 27, 39, 13, 0, 0.97%, 7, 0, 4, 262.60, 476761, 635
1851, 13, 27, 39, 13, 0, 0.97%, 7, 0, 4, 251.69, 478010, 635
1856, 13, 35, 39, 13, 0, 0.97%, 7, 0, 4, 272.61, 479399, 635
1861, 13, 27, 39, 13, 0, 0.97%, 7, 0, 4, 272.69, 480850, 635
1866, 13, 27, 39, 13, 0, 0.97%, 7, 0, 4, 256.27, 482114, 635
1871, 13, 33, 39, 13, 0, 0.97%, 7, 0, 4, 255.83, 483406, 635
1876, 13, 5, 39, 13, 0, 0.97%, 7, 0, 4, 258.93, 484719, 635
1882, 14, 35, 39, 13, 0, 0.97%, 7, 0, 4, 286.50, 486209, 635
1887, 14, 27, 39, 13, 0, 0.97%, 7, 0, 4, 256.19, 487532, 635
1892, 14, 27, 39, 13, 0, 0.97%, 7, 0, 4, 249.54, 488781, 635
1897, 14, 27, 39, 13, 0, 0.97%, 7, 0, 4, 249.34, 490066, 635
1902, 14, 5, 39, 13, 0, 0.97%, 7, 0, 4, 247.87, 491344, 635
1907, 14, 27, 39, 13, 0, 0.97%, 7, 0, 4, 249.14, 492636, 635
1912, 14, 26, 39, 13, 0, 0.97%, 7, 0, 4, 237.32, 493818, 635
1917, 14, 26, 39, 13, 0, 0.97%, 7, 0, 4, 238.11, 495010, 635
1922, 14, 26, 39, 13, 0, 0.97%, 7, 0, 4, 235.13, 496190, 635
1928, 14, 9, 39, 13, 0, 0.97%, 7, 0, 4, 247.33, 497478, 635
1933, 14, 33, 39, 13, 0, 0.97%, 7, 0, 4, 253.70, 498776, 635
1938, 14, 27, 39, 13, 0, 0.97%, 7, 0, 4, 253.59, 500057, 635
1943, 14, 33, 39, 13, 0, 0.97%, 7, 0, 4, 258.26, 501364, 635
1948, 14, 33, 39, 13, 0, 0.97%, 7, 0, 4, 256.06, 502654, 635
1953, 14, 37, 39, 13, 0, 0.97%, 7, 0, 4, 227.59, 503758, 635
1958, 14, 37, 39, 13, 0, 0.97%, 7, 0, 4, 225.41, 504894, 635
1963, 14, 37, 39, 13, 0, 0.97%, 7, 0, 4, 225.22, 506026, 635
1968, 14, 35, 39, 13, 0, 0.97%, 7, 0, 4, 259.84, 507367, 635
1973, 14, 27, 39, 13, 0, 0.97%, 7, 0, 4, 286.83, 508873, 635
1978, 14, 27, 39, 13, 0, 0.97%, 7, 0, 4, 260.28, 510195, 635
1983, 14, 27, 39, 13, 0, 0.97%, 7, 0, 4, 251.78, 511464, 635
1988, 14, 12, 39, 13, 0, 0.97%, 7, 0, 4, 236.58, 512637, 635
1994, 14, 35, 39, 12, 0, 0.97%, 7, 0, 4, 253.28, 513938, 635
1999, 14, 27, 39, 12, 0, 0.97%, 7, 0, 4, 263.55, 515363, 635
2004, 14, 27, 39, 12, 0, 0.97%, 7, 0, 4, 252.13, 516629, 635
2009, 14, 27, 39, 12, 0, 0.97%, 7, 0, 4, 277.46, 518016, 635
2014, 14, 27, 39, 12, 0, 0.97%, 7, 0, 4, 253.50, 519280, 635
2019, 15, 8, 39, 12, 0, 0.97%, 7, 0, 4, 256.52, 520597, 635
2024, 15, 8, 39, 12, 0, 0.97%, 7, 0, 4, 265.95, 521987, 635
2029, 15, 27, 39, 12, 0, 0.97%, 7, 0, 4, 262.86, 523312, 635
2034, 15, 27, 39, 12, 0, 0.97%, 7, 0, 4, 258.45, 524591, 635
2039, 15, 27, 39, 12, 0, 0.97%, 7, 0, 4, 252.72, 525845, 635
2044, 15, 27, 39, 12, 0, 0.97%, 7, 0, 4, 249.00, 527083, 635
2049, 15, 27, 39, 12, 0, 0.97%, 7, 0, 4, 252.09, 528358, 635
2054, 15, 27, 39, 12, 0, 0.97%, 7, 0, 4, 247.70, 529613, 635
2060, 15, 27, 39, 12, 0, 0.97%, 7, 0, 4, 249.90, 530913, 635
2065, 15, 27, 39, 12, 0, 0.97%, 7, 0, 4, 260.81, 532258, 635
2070, 15, 27, 39, 12, 0, 0.97%, 7, 0, 4, 259.16, 533544, 635
2075, 15, 33, 39, 12, 0, 0.97%, 7, 0, 4, 260.00, 534856, 635
2080, 15, 11, 39, 12, 0, 0.97%, 7, 0, 4, 253.71, 536130, 635
2085, 15, 27, 39, 12, 0, 0.97%, 7, 0, 4, 255.83, 537425, 635
2090, 15, 34, 39, 12, 0, 0.97%, 7, 0, 4, 265.13, 538754, 635
2095, 15, 27, 39, 12, 0, 0.97%, 7, 0, 4, 267.13, 540115, 635
2100, 15, 27, 39, 12, 0, 0.97%, 7, 0, 4, 256.23, 541404, 635
2105, 15, 27, 39, 12, 0, 0.97%, 7, 0, 4, 249.80, 542649, 635
2110, 15, 27, 39, 12, 0, 0.97%, 7, 0, 4, 251.71, 543952, 635
2115, 16, 8, 39, 12, 0, 0.97%, 8, 0, 4, 249.32, 545195, 635
2120, 16, 27, 39, 12, 0, 0.97%, 8, 0, 4, 252.56, 546483, 635
2125, 16, 27, 39, 12, 0, 0.97%, 8, 0, 4, 249.41, 547731, 635
2130, 16, 27, 39, 12, 0, 0.97%, 9, 0, 4, 243.89, 548993, 635
2136, 16, 33, 39, 12, 0, 0.97%, 9, 0, 4, 250.87, 550300, 635
2141, 16, 27, 39, 12, 0, 0.97%, 9, 0, 4, 250.96, 551567, 635
2146, 16, 37, 39, 12, 0, 0.97%, 9, 0, 4, 238.64, 552779, 635
2151, 16, 37, 39, 12, 0, 0.97%, 10, 0, 4, 224.00, 553883, 635
2156, 16, 37, 39, 12, 0, 0.97%, 10, 0, 4, 222.92, 555011, 635
2161, 16, 27, 39, 12, 0, 0.97%, 10, 0, 4, 227.78, 556151, 635
2166, 16, 33, 39, 12, 0, 0.97%, 10, 0, 4, 247.50, 557449, 635
2171, 16, 27, 39, 12, 0, 0.97%, 10, 0, 4, 254.24, 558780, 635
2176, 16, 11, 39, 12, 0, 0.97%, 10, 0, 4, 253.93, 560049, 635
2181, 16, 11, 39, 12, 0, 0.97%, 10, 0, 4, 262.81, 561379, 635
2186, 16, 27, 39, 12, 0, 0.97%, 10, 0, 4, 255.76, 562678, 635
2191, 16, 27, 39, 12, 0, 0.97%, 10, 0, 4, 253.21, 563967, 635
2196, 16, 27, 39, 12, 0, 0.97%, 10, 0, 4, 250.81, 565226, 635
2201, 16, 27, 39, 12, 0, 0.97%, 10, 0, 4, 254.08, 566510, 635
2206, 16, 5, 39, 12, 0, 0.97%, 10, 0, 4, 254.04, 567784, 635
2211, 16, 8, 39, 12, 0, 0.97%, 10, 0, 4, 260.64, 569104, 635
2216, 16, 27, 39, 12, 0, 0.97%, 10, 0, 4, 253.10, 570376, 635
2221, 16, 9, 39, 12, 0, 0.97%, 10, 0, 4, 259.44, 571683, 635
2227, 16, 33, 39, 12, 0, 0.97%, 10, 0, 4, 255.45, 572973, 635
2232, 17, 37, 39, 12, 0, 0.97%, 10, 0, 4, 245.16, 574217, 635
2237, 17, 37, 39, 12, 0, 0.97%, 10, 0, 4, 228.29, 575377, 635
2242, 17, 37, 39, 12, 0, 0.97%, 10, 0, 4, 224.55, 576513, 635
2247, 17, 35, 39, 12, 0, 0.97%, 10, 0, 4, 229.03, 577653, 635
2252, 17, 34, 39, 12, 0, 0.97%, 10, 0, 4, 255.88, 579064, 635
2257, 17, 34, 39, 12, 0, 0.97%, 10, 0, 4, 267.50, 580469, 635
2262, 17, 27, 39, 12, 0, 0.97%, 10, 0, 4, 254.86, 581747, 635
2267, 17, 27, 39, 12, 0, 0.97%, 10, 0, 4, 253.13, 583061, 635
2272, 17, 25, 39, 12, 0, 0.97%, 10, 0, 4, 251.08, 584315, 635
2277, 17, 33, 39, 11, 0, 0.97%, 10, 0, 4, 256.78, 585615, 635
2283, 17, 27, 39, 11, 0, 0.97%, 10, 0, 4, 250.19, 586876, 635
2288, 17, 27, 39, 11, 0, 0.97%, 10, 0, 4, 256.53, 588219, 635
2293, 17, 9, 39, 11, 0, 0.97%, 10, 0, 4, 257.46, 589518, 635
2298, 17, 27, 39, 11, 0, 0.97%, 10, 0, 4, 255.32, 590815, 635
2303, 17, 38, 39, 11, 0, 0.97%, 10, 0, 4, 238.94, 592058, 635
2308, 17, 38, 39, 11, 0, 0.97%, 10, 0, 4, 232.14, 593174, 635
2313, 17, 38, 39, 11, 0, 0.97%, 10, 0, 4, 233.49, 594390, 635
2318, 17, 34, 39, 10, 0, 0.97%, 10, 0, 4, 259.22, 595721, 635
2323, 17, 27, 39, 10, 0, 0.97%, 10, 0, 4, 255.23, 597024, 635
2329, 17, 26, 39, 10, 0, 0.97%, 10, 0, 4, 242.04, 598280, 635
2334, 17, 26, 39, 10, 0, 0.97%, 10, 0, 4, 237.84, 599512, 635
2339, 17, 26, 39, 10, 0, 0.97%, 10, 0, 4, 237.52, 600744, 635
2344, 17, 35, 39, 10, 0, 0.97%, 10, 0, 4, 271.42, 602123, 635
2349, 17, 11, 39, 10, 0, 0.97%, 10, 0, 4, 252.37, 603367, 635
2354, 17, 27, 39, 10, 0, 0.97%, 10, 0, 4, 252.92, 604662, 635
2359, 17, 11, 39, 10, 0, 0.97%, 10, 0, 4, 256.55, 605986, 635
2364, 17, 33, 39, 10, 0, 0.97%, 10, 0, 4, 254.89, 607258, 635
2369, 17, 27, 39, 10, 0, 0.97%, 10, 0, 4, 250.63, 608518, 635
2374, 17, 27, 39, 10, 0, 0.97%, 10, 0, 4, 255.33, 609815, 635
2380, 18, 27, 39, 10, 0, 0.97%, 10, 0, 4, 249.61, 611092, 635
2385, 18, 27, 39, 10, 0, 0.97%, 10, 0, 4, 247.56, 612370, 635
2390, 18, 27, 39, 10, 0, 0.97%, 10, 0, 4, 249.30, 613670, 635
2395, 18, 27, 39, 10, 0, 0.97%, 10, 0, 4, 246.36, 614950, 635
2400, 18, 27, 40, 11, 0, 0.98%, 10, 0, 4, 245.23, 616214, 640
2405, 18, 39, 40, 11, 1, 0.98%, 10, 0, 4, 181.72, 617188, 640
2410, 18, 39, 40, 11, 1, 0.98%, 10, 0, 4, 109.52, 617656, 640
2416, 18, 39, 40, 11, 1, 0.98%, 10, 0, 4, 95.38, 618129, 640
2421, 18, 39, 44, 15, 1, 0.98%, 10, 0, 5, 91.70, 618585, 640
2426, 18, 39, 44, 15, 1, 0.98%, 10, 0, 5, 90.51, 619046, 640
2431, 18, 39, 44, 15, 1, 0.98%, 10, 0, 5, 90.37, 619510, 640
2436, 18, 39, 46, 17, 1, 0.98%, 10, 0, 5, 90.67, 619981, 640
2441, 18, 39, 47, 18, 1, 0.98%, 10, 0, 5, 89.70, 620440, 640
2446, 18, 39, 47, 18, 1, 0.98%, 10, 0, 5, 89.65, 620902, 640
2452, 18, 39, 47, 18, 1, 0.98%, 10, 0, 5, 89.86, 621360, 640
2457, 18, 39, 47, 18, 1, 0.98%, 10, 0, 5, 89.94, 621816, 640
2462, 18, 39, 47, 18, 1, 0.98%, 10, 0, 5, 89.72, 622277, 640
2467, 18, 39, 47, 18, 1, 0.98%, 10, 0, 5, 89.76, 622737, 640
2472, 18, 39, 47, 18, 1, 0.98%, 10, 0, 5, 90.21, 623198, 640
2477, 18, 39, 47, 18, 1, 0.98%, 10, 0, 5, 88.29, 623649, 640
2482, 18, 39, 47, 18, 1, 0.98%, 10, 0, 5, 89.67, 624109, 640
2487, 18, 39, 47, 18, 1, 0.98%, 10, 0, 5, 89.83, 624570, 640
2492, 18, 39, 47, 18, 1, 0.98%, 10, 0, 5, 89.88, 625029, 640
2498, 18, 39, 47, 18, 1, 0.98%, 10, 0, 5, 89.94, 625490, 640
2503, 18, 39, 47, 18, 1, 0.98%, 10, 0, 5, 89.78, 625950, 640
2508, 18, 39, 47, 18, 1, 0.98%, 10, 0, 5, 89.63, 626410, 640
2513, 18, 39, 47, 18, 1, 0.98%, 10, 0, 5, 90.29, 626873, 640
2518, 18, 39, 47, 18, 1, 0.98%, 10, 0, 5, 89.80, 627334, 640
2523, 18, 39, 47, 18, 1, 0.98%, 10, 0, 5, 89.94, 627795, 640
2528, 18, 39, 47, 18, 1, 0.98%, 10, 0, 5, 90.20, 628258, 640
2533, 18, 39, 47, 18, 1, 0.98%, 10, 0, 5, 90.32, 628725, 640
2539, 18, 39, 47, 18, 1, 0.98%, 10, 0, 5, 90.14, 629184, 640
2544, 18, 39, 47, 18, 1, 0.98%, 10, 0, 5, 86.91, 629628, 640
2549, 18, 39, 47, 18, 1, 0.98%, 10, 0, 5, 89.78, 630088, 640
2554, 18, 39, 47, 18, 1, 0.98%, 10, 0, 5, 89.95, 630550, 640
2559, 18, 39, 47, 18, 1, 0.98%, 10, 0, 5, 90.34, 631018, 640
2564, 18, 39, 47, 18, 1, 0.98%, 10, 0, 5, 90.16, 631482, 640
2569, 18, 39, 47, 18, 1, 0.98%, 10, 0, 5, 89.77, 631943, 640
2575, 18, 39, 47, 18, 1, 0.98%, 10, 0, 5, 90.24, 632406, 640
2580, 18, 39, 47, 18, 1, 0.98%, 10, 0, 5, 90.35, 632869, 640
2585, 18, 39, 47, 18, 1, 0.98%, 10, 0, 5, 89.96, 633330, 640
2590, 18, 39, 47, 18, 1, 0.98%, 10, 0, 5, 88.92, 633790, 640
2595, 18, 39, 47, 18, 1, 0.98%, 10, 0, 5, 89.66, 634251, 640
2600, 18, 39, 47, 18, 1, 0.98%, 10, 0, 5, 89.27, 634706, 640
2605, 18, 39, 47, 18, 1, 0.98%, 10, 0, 5, 89.77, 635167, 640
2610, 18, 39, 47, 18, 1, 0.98%, 10, 0, 5, 88.09, 635614, 640
2616, 18, 39, 47, 18, 1, 0.98%, 10, 0, 5, 89.84, 636075, 640
2621, 18, 39, 47, 18, 1, 0.98%, 10, 0, 5, 89.83, 636535, 640
2626, 18, 39, 47, 18, 1, 0.98%, 10, 0, 5, 89.84, 636993, 640
2631, 18, 39, 47, 18, 1, 0.98%, 10, 0, 5, 90.09, 637455, 640
2636, 18, 39, 47, 18, 1, 0.98%, 10, 0, 5, 89.90, 637912, 640
2641, 18, 39, 47, 18, 1, 0.98%, 10, 0, 5, 89.81, 638370, 640
2646, 18, 39, 47, 18, 1, 0.98%, 10, 0, 5, 89.80, 638830, 640
2651, 18, 39, 47, 18, 1, 0.98%, 10, 0, 5, 89.85, 639292, 640
2657, 18, 39, 47, 18, 1, 0.98%, 10, 0, 5, 89.57, 639752, 640
2662, 18, 39, 47, 18, 1, 0.98%, 10, 0, 5, 89.87, 640214, 640
2667, 18, 39, 47, 18, 1, 0.98%, 10, 0, 5, 89.78, 640672, 640
2672, 18, 39, 47, 18, 1, 0.98%, 10, 0, 5, 89.08, 641130, 640
2677, 18, 39, 47, 18, 1, 0.98%, 10, 0, 5, 87.82, 641574, 640
2682, 18, 39, 47, 18, 1, 0.98%, 10, 0, 5, 89.99, 642038, 640
2687, 18, 39, 47, 18, 1, 0.98%, 10, 0, 5, 90.31, 642503, 640
2692, 18, 39, 47, 18, 1, 0.98%, 10, 0, 5, 90.52, 642967, 640
2698, 18, 39, 47, 18, 1, 0.98%, 10, 0, 5, 90.47, 643431, 640
2703, 18, 39, 47, 18, 1, 0.98%, 10, 0, 5, 90.47, 643897, 640
2708, 18, 39, 47, 18, 1, 0.98%, 10, 0, 5, 90.96, 644366, 640
2713, 18, 39, 47, 18, 1, 0.98%, 10, 0, 5, 90.88, 644835, 640
2718, 18, 39, 47, 18, 1, 0.98%, 10, 0, 5, 90.67, 645305, 640
2723, 18, 39, 47, 18, 1, 0.98%, 10, 0, 5, 90.34, 645769, 640
2728, 18, 39, 47, 18, 1, 0.98%, 10, 0, 5, 90.47, 646235, 640
2734, 18, 39, 47, 18, 1, 0.98%, 10, 0, 5, 90.62, 646700, 640
2739, 18, 39, 47, 18, 1, 0.98%, 10, 0, 5, 88.71, 647157, 640
2744, 18, 39, 47, 18, 1, 0.98%, 10, 0, 5, 88.69, 647609, 640
2749, 18, 39, 47, 18, 1, 0.98%, 10, 0, 5, 89.63, 648069, 640
2754, 18, 39, 47, 18, 1, 0.98%, 10, 0, 5, 89.96, 648530, 640
2759, 18, 39, 47, 18, 1, 0.98%, 10, 0, 5, 90.14, 648992, 640
2764, 18, 39, 47, 18, 1, 0.98%, 10, 0, 5, 89.71, 649452, 640
2769, 18, 39, 47, 18, 1, 0.98%, 10, 0, 5, 90.30, 649919, 640
2775, 18, 39, 47, 18, 1, 0.98%, 10, 0, 5, 90.17, 650379, 640
2780, 18, 39, 47, 18, 1, 0.98%, 10, 0, 5, 90.31, 650845, 640
2785, 18, 27, 47, 17, 1, 0.98%, 10, 0, 5, 174.56, 651685, 640
2790, 18, 43, 47, 17, 1, 0.98%, 10, 0, 5, 134.13, 652398, 640
2795, 18, 43, 47, 17, 1, 0.98%, 10, 0, 5, 112.15, 652948, 640
2800, 18, 43, 47, 17, 1, 0.98%, 10, 0, 5, 108.10, 653498, 640
2805, 18, 43, 47, 17, 1, 0.98%, 10, 0, 5, 104.42, 654019, 640
2810, 18, 43, 47, 17, 1, 0.98%, 10, 0, 5, 103.21, 654537, 640
2815, 18, 43, 47, 17, 1, 0.98%, 10, 0, 5, 103.68, 655065, 640
2821, 18, 27, 47, 16, 0, 0.98%, 10, 0, 5, 129.34, 655679, 640
2826, 18, 27, 47, 16, 0, 0.98%, 10, 0, 5, 224.55, 656957, 640
2831, 18, 33, 47, 16, 0, 0.98%, 10, 0, 5, 247.89, 658269, 640
2836, 18, 8, 47, 16, 0, 0.98%, 10, 0, 5, 261.31, 659621, 640
2841, 18, 27, 47, 16, 0, 0.98%, 10, 0, 5, 258.72, 660936, 640
2846, 18, 27, 47, 16, 0, 0.98%, 10, 0, 5, 260.43, 662251, 640
2851, 18, 27, 47, 16, 0, 0.98%, 10, 0, 5, 251.42, 663536, 640
2856, 18, 27, 47, 16, 0, 0.98%, 10, 0, 5, 248.51, 664787, 640
2861, 18, 27, 47, 16, 0, 0.98%, 10, 0, 5, 248.12, 666075, 640
2867, 18, 27, 47, 16, 0, 0.98%, 10, 0, 5, 248.60, 667363, 640
2872, 18, 27, 47, 16, 0, 0.98%, 10, 0, 5, 247.34, 668603, 640
2877, 18, 27, 47, 16, 0, 0.98%, 10, 0, 5, 248.79, 669890, 640
2882, 18, 27, 47, 16, 0, 0.98%, 10, 0, 5, 250.20, 671186, 640
2887, 18, 8, 47, 16, 0, 0.98%, 10, 0, 5, 261.46, 672526, 640
2892, 18, 33, 47, 16, 0, 0.98%, 10, 0, 5, 252.69, 673781, 640
2897, 18, 27, 47, 16, 0, 0.98%, 10, 0, 5, 254.72, 675061, 640
2902, 18, 27, 47, 16, 0, 0.98%, 10, 0, 5, 253.95, 676346, 640
2907, 18, 27, 47, 16, 0, 0.98%, 10, 0, 5, 253.66, 677626, 640
2912, 18, 34, 47, 16, 0, 0.98%, 10, 0, 5, 266.35, 678976, 640
2917, 18, 27, 47, 16, 0, 0.98%, 10, 0, 5, 264.65, 680317, 640
2922, 18, 27, 47, 16, 0, 0.98%, 10, 0, 5, 257.60, 681607, 640
2927, 18, 33, 47, 16, 0, 0.98%, 10, 0, 5, 255.99, 682887, 640
2933, 18, 27, 47, 16, 0, 0.98%, 10, 0, 5, 250.91, 684187, 640
2938, 18, 27, 47, 16, 0, 0.98%, 10, 0, 5, 247.19, 685469, 640
2943, 18, 27, 47, 16, 0, 0.98%, 10, 0, 5, 253.30, 686787, 640
2948, 19, 27, 47, 16, 0, 0.98%, 10, 0, 5, 250.77, 688057, 640
2953, 19, 27, 47, 16, 0, 0.98%, 10, 0, 5, 260.65, 689372, 640
2958, 19, 27, 47, 16, 0, 0.98%, 10, 0, 5, 253.50, 690647, 640
2963, 19, 43, 47, 16, 0, 0.98%, 10, 0, 5, 251.03, 691962, 640
2968, 19, 43, 47, 16, 0, 0.98%, 10, 0, 5, 135.18, 692503, 640
2974, 19, 43, 47, 16, 0, 0.98%, 10, 0, 5, 110.26, 693029, 640
2979, 19, 43, 47, 16, 0, 0.98%, 10, 0, 5, 104.74, 693557, 640
2984, 19, 43, 47, 16, 0, 0.98%, 10, 0, 5, 103.53, 694085, 640
2989, 19, 43, 47, 16, 0, 0.98%, 10, 0, 5, 103.42, 694613, 640
2994, 19, 43, 47, 16, 0, 0.98%, 10, 0, 5, 103.57, 695141, 640
2999, 19, 35, 47, 16, 0, 0.98%, 10, 0, 5, 216.96, 696225, 640
3004, 19, 27, 47, 16, 0, 0.98%, 10, 0, 5, 241.14, 697501, 640
3010, 19, 27, 47, 16, 0, 0.98%, 10, 0, 5, 248.28, 698793, 640
3015, 19, 27, 47, 16, 0, 0.98%, 10, 0, 5, 247.60, 700073, 640
3020, 19, 27, 47, 16, 0, 0.98%, 10, 0, 5, 248.63, 701361, 640
3025, 19, 27, 47, 16, 0, 0.98%, 10, 0, 5, 250.25, 702677, 640
3030, 19, 27, 47, 16, 0, 0.98%, 10, 0, 5, 247.55, 703959, 640
3035, 19, 27, 47, 16, 0, 0.98%, 10, 0, 5, 276.19, 705387, 640
3040, 19, 27, 47, 16, 0, 0.98%, 10, 0, 5, 258.96, 706667, 640
3046, 19, 27, 47, 16, 0, 0.98%, 10, 0, 5, 251.68, 707962, 640
3051, 19, 43, 47, 16, 0, 0.98%, 10, 0, 5, 136.31, 708505, 640
3056, 19, 43, 47, 16, 0, 0.98%, 10, 0, 5, 110.23, 709029, 640
3061, 19, 43, 47, 16, 0, 0.98%, 10, 0, 5, 104.51, 709557, 640
3066, 19, 27, 47, 16, 0, 0.98%, 10, 0, 5, 200.62, 710606, 640
3071, 19, 27, 47, 16, 0, 0.98%, 10, 0, 5, 237.92, 711845, 640
3076, 19, 35, 47, 16, 0, 0.98%, 10, 0, 5, 267.55, 713212, 640
3081, 19, 9, 47, 16, 0, 0.98%, 10, 0, 5, 257.94, 714527, 640
3087, 19, 43, 47, 16, 0, 0.98%, 10, 0, 5, 184.66, 715519, 640
3092, 19, 43, 47, 16, 0, 0.98%, 10, 0, 5, 120.33, 716041, 640
3097, 19, 43, 47, 16, 0, 0.98%, 10, 0, 5, 106.90, 716569, 640
3102, 19, 27, 47, 16, 0, 0.98%, 10, 0, 5, 126.88, 717167, 640
3107, 19, 27, 47, 16, 0, 0.98%, 10, 0, 5, 224.88, 718453, 640
3112, 19, 27, 47, 16, 0, 0.98%, 10, 0, 5, 253.77, 719812, 640
3117, 19, 27, 47, 16, 0, 0.98%, 10, 0, 5, 253.12, 721077, 640
3122, 19, 27, 47, 16, 0, 0.98%, 10, 0, 5, 251.31, 722382, 640
3127, 19, 27, 47, 16, 0, 0.98%, 10, 0, 5, 249.64, 723647, 640
3133, 19, 27, 47, 16, 0, 0.98%, 10, 0, 5, 246.02, 724919, 640
3138, 19, 27, 47, 16, 0, 0.98%, 10, 0, 5, 269.11, 726332, 640
3143, 19, 33, 47, 16, 0, 0.98%, 10, 0, 5, 259.22, 727667, 640
3148, 19, 27, 47, 16, 0, 0.98%, 10, 0, 5, 260.78, 728982, 640
3153, 19, 27, 47, 16, 0, 0.98%, 10, 0, 5, 253.99, 730252, 640
3158, 19, 8, 47, 16, 0, 0.98%, 10, 0, 5, 263.15, 731582, 640
3163, 20, 27, 47, 16, 0, 0.98%, 10, 0, 5, 253.80, 732837, 640
3168, 20, 27, 47, 16, 0, 0.98%, 10, 0, 5, 249.51, 734077, 640
3173, 20, 27, 47, 16, 0, 0.98%, 10, 0, 5, 248.48, 735372, 640
3179, 20, 27, 47, 16, 0, 0.98%, 10, 0, 5, 246.51, 736645, 640
3184, 20, 27, 47, 16, 0, 0.98%, 10, 0, 5, 246.73, 737925, 640
3189, 20, 33, 47, 16, 0, 0.98%, 10, 0, 5, 251.86, 739194, 640
3194, 20, 35, 47, 16, 0, 0.98%, 10, 0, 5, 276.96, 740584, 640
3199, 20, 27, 47, 16, 0, 0.98%, 10, 0, 5, 253.64, 741834, 640
3204, 20, 35, 47, 16, 0, 0.98%, 10, 0, 5, 274.42, 743234, 640
3209, 20, 27, 47, 16, 0, 0.98%, 10, 0, 5, 253.11, 744529, 640
3214, 20, 27, 47, 16, 0, 0.98%, 10, 0, 5, 247.32, 745775, 640
3220, 20, 27, 47, 16, 0, 0.98%, 10, 0, 5, 250.45, 747094, 640
3225, 20, 43, 47, 16, 0, 0.98%, 10, 0, 5, 190.06, 748106, 640
3230, 20, 43, 47, 16, 0, 0.98%, 10, 0, 5, 121.75, 748627, 640
3235, 20, 43, 47, 16, 0, 0.98%, 10, 0, 5, 106.74, 749153, 640
3240, 20, 5, 47, 16, 0, 0.98%, 10, 0, 5, 108.43, 749693, 640
3245, 20, 33, 47, 16, 0, 0.98%, 10, 0, 5, 230.05, 751045, 640
3250, 20, 27, 47, 16, 0, 0.98%, 10, 0, 5, 247.44, 752299, 640
3255, 20, 27, 47, 16, 0, 0.98%, 10, 0, 5, 248.10, 753591, 640
3261, 20, 20, 47, 16, 0, 0.98%, 10, 0, 5, 166.17, 754414, 640
3266, 20, 20, 47, 16, 0, 0.98%, 10, 0, 5, 138.04, 755091, 640
3271, 20, 27, 47, 15, 0, 0.98%, 10, 0, 5, 193.67, 756045, 640
3276, 20, 5, 47, 15, 0, 0.98%, 10, 0, 5, 242.74, 757354, 640
3281, 20, 27, 47, 15, 0, 0.98%, 10, 0, 5, 250.08, 758660, 640
3286, 20, 27, 47, 15, 0, 0.98%, 10, 0, 5, 250.98, 759921, 640
3291, 20, 27, 47, 15, 0, 0.98%, 10, 0, 5, 248.63, 761164, 640
3296, 20, 27, 47, 15, 0, 0.98%, 10, 0, 5, 249.39, 762416, 640
3301, 20, 27, 47, 15, 0, 0.98%, 10, 0, 5, 261.42, 763736, 640
3306, 20, 27, 47, 15, 0, 0.98%, 10, 0, 5, 248.82, 764968, 640
3311, 20, 27, 47, 15, 0, 0.98%, 10, 0, 5, 251.87, 766241, 640
3316, 20, 30, 47, 15, 0, 0.98%, 10, 0, 5, 246.94, 767437, 640
3322, 20, 27, 47, 14, 0, 0.98%, 10, 0, 5, 253.01, 768790, 640
3327, 20, 34, 47, 14, 0, 0.98%, 10, 0, 5, 257.32, 770110, 640
3332, 20, 5, 47, 14, 0, 0.98%, 10, 0, 5, 259.93, 771416, 640
3337, 21, 35, 47, 14, 0, 0.98%, 10, 0, 5, 279.64, 772816, 640
3342, 21, 27, 47, 14, 0, 0.98%, 10, 0, 5, 259.23, 774106, 640
3347, 21, 27, 47, 14, 0, 0.98%, 10, 0, 5, 254.91, 775386, 640
3352, 21, 27, 47, 14, 0, 0.98%, 10, 0, 5, 275.17, 776826, 640
3357, 21, 43, 47, 14, 0, 0.98%, 10, 0, 5, 186.11, 777789, 640
3362, 21, 43, 47, 14, 0, 0.98%, 10, 0, 5, 120.29, 778309, 640
3367, 21, 43, 47, 14, 0, 0.98%, 10, 0, 5, 106.08, 778835, 640
3372, 21, 27, 47, 14, 0, 0.98%, 10, 0, 5, 128.19, 779447, 640
3378, 21, 27, 47, 14, 0, 0.98%, 10, 0, 5, 230.17, 780755, 640
3383, 21, 27, 47, 14, 0, 0.98%, 10, 0, 5, 249.78, 782071, 640
3388, 21, 11, 47, 14, 0, 0.98%, 10, 0, 5, 257.18, 783371, 640
3393, 21, 27, 47, 14, 0, 0.98%, 10, 0, 5, 262.66, 784721, 640
3398, 21, 35, 47, 14, 0, 0.98%, 10, 0, 5, 257.00, 785986, 640
3403, 21, 11, 47, 14, 0, 0.98%, 10, 0, 5, 271.88, 787391, 640
3408, 21, 27, 47, 14, 0, 0.98%, 10, 0, 5, 256.96, 788671, 640
3413, 21, 33, 47, 14, 0, 0.98%, 10, 0, 5, 255.37, 789951, 640
3418, 21, 27, 47, 14, 0, 0.98%, 10, 0, 5, 253.01, 791216, 640
3423, 21, 27, 47, 14, 0, 0.98%, 10, 0, 5, 254.46, 792536, 640
3428, 21, 27, 47, 14, 0, 0.98%, 10, 0, 5, 271.10, 793976, 640
3434, 21, 27, 47, 14, 0, 0.98%, 10, 0, 5, 254.27, 795236, 640
3439, 21, 27, 47, 14, 0, 0.98%, 10, 0, 5, 253.53, 796556, 640
3444, 21, 27, 47, 14, 0, 0.98%, 10, 0, 5, 249.42, 797846, 640
3449, 21, 27, 47, 14, 0, 0.98%, 10, 0, 5, 252.89, 799106, 640
3454, 21, 27, 47, 14, 0, 0.98%, 10, 0, 5, 254.18, 800391, 640
3459, 21, 27, 47, 14, 0, 0.98%, 10, 0, 5, 253.55, 801661, 640
3464, 21, 27, 47, 14, 0, 0.98%, 10, 0, 5, 245.10, 802891, 640
3469, 21, 27, 47, 14, 0, 0.98%, 10, 0, 5, 254.05, 804191, 640
3474, 21, 11, 47, 14, 0, 0.98%, 10, 0, 5, 260.37, 805546, 640
3479, 21, 27, 47, 14, 0, 0.98%, 10, 0, 5, 259.89, 806901, 640
3484, 21, 27, 47, 14, 0, 0.98%, 10, 0, 5, 254.96, 808191, 640
3490, 21, 33, 47, 14, 0, 0.98%, 10, 0, 5, 253.76, 809471, 640
3495, 21, 27, 47, 14, 0, 0.98%, 10, 0, 5, 257.79, 810781, 640
3500, 21, 27, 47, 14, 0, 0.98%, 10, 0, 5, 258.30, 812076, 640
3505, 21, 34, 47, 14, 0, 0.98%, 10, 0, 5, 264.36, 813396, 640
3510, 22, 27, 47, 14, 0, 0.98%, 10, 0, 5, 261.09, 814762, 640
3515, 22, 8, 47, 14, 0, 0.98%, 10, 0, 5, 262.84, 816062, 640
3520, 22, 35, 47, 14, 0, 0.98%, 10, 0, 5, 264.98, 817377, 640
3525, 22, 27, 47, 14, 0, 0.98%, 10, 0, 5, 260.39, 818757, 640
3530, 22, 27, 47, 14, 0, 0.98%, 10, 0, 5, 247.99, 819985, 640
3535, 22, 27, 47, 14, 0, 0.98%, 10, 0, 5, 255.75, 821267, 640
3540, 22, 27, 47, 14, 0, 0.98%, 10, 0, 5, 251.59, 822532, 640
3545, 22, 27, 47, 14, 0, 0.98%, 10, 0, 5, 252.44, 823832, 640
3550, 22, 35, 47, 14, 0, 0.98%, 10, 0, 5, 251.27, 825133, 640
3556, 22, 27, 47, 14, 0, 0.98%, 10, 0, 5, 261.48, 826537, 640
3561, 22, 27, 47, 14, 0, 0.98%, 10, 0, 5, 254.44, 827797, 640
3566, 22, 27, 47, 14, 0, 0.98%, 10, 0, 5, 252.37, 829112, 640
3571, 22, 27, 47, 14, 0, 0.98%, 10, 0, 5, 252.52, 830392, 640
3576, 22, 27, 47, 14, 0, 0.98%, 10, 0, 5, 258.28, 831702, 640
3581, 22, 27, 47, 14, 0, 0.98%, 10, 0, 5, 253.99, 832982, 640
3586, 22, 5, 47, 14, 0, 0.98%, 10, 0, 5, 253.20, 834282, 640
3591, 22, 37, 47, 14, 0, 0.98%, 10, 0, 5, 247.55, 835549, 640
3596, 22, 37, 47, 14, 0, 0.98%, 10, 0, 5, 229.79, 836673, 640
3601, 22, 37, 47, 14, 0, 0.98%, 10, 0, 5, 230.61, 837865, 640
3607, 22, 27, 47, 14, 0, 0.98%, 10, 0, 5, 236.17, 839081, 640
3612, 22, 35, 47, 14, 0, 0.98%, 10, 0, 5, 271.46, 840479, 640
3617, 22, 27, 47, 14, 0, 0.98%, 10, 0, 5, 264.50, 841814, 640
3622, 22, 27, 47, 14, 0, 0.98%, 10, 0, 5, 257.96, 843114, 640
3627, 22, 27, 47, 14, 0, 0.98%, 10, 0, 5, 268.90, 844474, 640
3632, 22, 27, 47, 14, 0, 0.98%, 10, 0, 5, 256.03, 845764, 640
3637, 22, 27, 47, 14, 0, 0.98%, 10, 0, 5, 255.55, 847049, 640
3642, 22, 27, 47, 14, 0, 0.98%, 10, 0, 5, 251.55, 848299, 640
3647, 22, 27, 47, 14, 0, 0.98%, 10, 0, 5, 247.68, 849555, 640
3652, 22, 35, 47, 14, 0, 0.98%, 10, 0, 5, 260.84, 850859, 640
3657, 22, 27, 47, 14, 0, 0.98%, 10, 0, 5, 259.26, 852249, 640
3662, 22, 27, 47, 14, 0, 0.98%, 10, 0, 5, 247.75, 853473, 640
3667, 22, 33, 47, 14, 0, 0.98%, 10, 0, 5, 251.33, 854734, 640
3672, 22, 27, 47, 14, 0, 0.98%, 10, 0, 5, 253.20, 856014, 640
3677, 22, 27, 47, 14, 0, 0.98%, 10, 0, 5, 258.03, 857314, 640
3682, 23, 27, 47, 14, 0, 0.98%, 10, 0, 5, 251.91, 858569, 640
3687, 23, 33, 47, 14, 0, 0.98%, 10, 0, 5, 251.59, 859839, 640
3692, 23, 27, 47, 14, 0, 0.98%, 10, 0, 5, 249.78, 861111, 640
3697, 23, 33, 47, 14, 0, 0.98%, 10, 0, 5, 253.17, 862379, 640
3703, 23, 27, 47, 14, 0, 0.98%, 10, 0, 5, 253.43, 863674, 640
3708, 23, 27, 47, 14, 0, 0.98%, 10, 0, 5, 253.24, 864959, 640
3713, 23, 27, 47, 14, 0, 0.98%, 10, 0, 5, 257.02, 866266, 640
3718, 23, 27, 47, 14, 0, 0.98%, 10, 0, 5, 253.74, 867536, 640
3723, 23, 27, 47, 14, 0, 0.98%, 10, 0, 5, 257.53, 868831, 640
3728, 23, 27, 47, 14, 0, 0.98%, 10, 0, 5, 245.63, 870093, 640
3733, 23, 27, 47, 14, 0, 0.98%, 10, 0, 5, 250.52, 871401, 640
3738, 23, 27, 47, 14, 0, 0.98%, 10, 0, 5, 254.51, 872696, 640
3743, 23, 27, 47, 14, 0, 0.98%, 10, 0, 5, 250.39, 873945, 640
3748, 23, 27, 47, 14, 0, 0.98%, 10, 0, 5, 253.31, 875226, 640
3753, 23, 27, 47, 14, 0, 0.98%, 10, 0, 5, 249.84, 876486, 640
3758, 23, 8, 47, 14, 0, 0.98%, 10, 0, 5, 255.47, 877766, 640
3763, 23, 27, 47, 14, 0, 0.98%, 10, 0, 5, 254.34, 879101, 640
3768, 23, 5, 47, 14, 0, 0.98%, 10, 0, 5, 253.37, 880376, 640
3774, 23, 33, 47, 14, 0, 0.98%, 10, 0, 5, 247.18, 881623, 640
3779, 23, 27, 47, 14, 0, 0.98%, 10, 0, 5, 248.81, 882911, 640
3784, 23, 5, 47, 14, 0, 0.98%, 10, 0, 5, 252.65, 884171, 640
3789, 23, 27, 47, 14, 0, 0.98%, 10, 0, 5, 251.62, 885446, 640
3794, 23, 33, 47, 14, 0, 0.98%, 10, 0, 5, 247.99, 886689, 640
3799, 23, 27, 47, 14, 0, 0.98%, 10, 0, 5, 249.23, 887941, 640
3804, 23, 35, 47, 14, 0, 0.98%, 10, 0, 5, 269.70, 889321, 640
3809, 23, 27, 47, 14, 0, 0.98%, 10, 0, 5, 257.04, 890626, 640
3814, 23, 27, 47, 14, 0, 0.98%, 10, 0, 5, 251.17, 891926, 640
3819, 23, 27, 47, 14, 0, 0.98%, 10, 0, 5, 249.35, 893169, 640
3824, 23, 27, 47, 14, 0, 0.98%, 10, 0, 5, 249.81, 894461, 640
3829, 23, 27, 47, 14, 0, 0.98%, 10, 0, 5, 256.09, 895771, 640
3835, 23, 27, 47, 14, 0, 0.98%, 10, 0, 5, 257.43, 897066, 640
3840, 23, 27, 47, 14, 0, 0.98%, 10, 0, 5, 255.40, 898361, 640
3845, 24, 27, 47, 14, 0, 0.98%, 10, 0, 5, 254.77, 899661, 640
3850, 24, 27, 47, 14, 0, 0.98%, 10, 0, 5, 252.77, 900926, 640
3855, 24, 27, 47, 14, 0, 0.98%, 10, 0, 5, 248.69, 902213, 640
3860, 24, 27, 47, 14, 0, 0.98%, 10, 0, 5, 248.09, 903493, 640
3865, 24, 35, 47, 14, 0, 0.98%, 10, 0, 5, 257.87, 904791, 640
3870, 24, 27, 47, 14, 0, 0.98%, 10, 0, 5, 264.25, 906161, 640
3875, 24, 27, 47, 14, 0, 0.98%, 10, 0, 5, 255.98, 907436, 640
3880, 24, 43, 47, 14, 0, 0.98%, 10, 0, 5, 180.16, 908392, 640
3885, 24, 43, 47, 14, 0, 0.98%, 10, 0, 5, 119.70, 908911, 640
3891, 24, 43, 47, 14, 0, 0.98%, 10, 0, 5, 107.21, 909437, 640
3896, 24, 27, 47, 14, 0, 0.98%, 10, 0, 5, 128.38, 910043, 640
3901, 24, 27, 47, 14, 0, 0.98%, 10, 0, 5, 228.21, 911353, 640
3906, 24, 27, 47, 14, 0, 0.98%, 10, 0, 5, 247.02, 912649, 640
3911, 24, 27, 47, 14, 0, 0.98%, 10, 0, 5, 254.78, 913976, 640
3916, 24, 33, 47, 14, 0, 0.98%, 10, 0, 5, 253.07, 915246, 640
3921, 24, 27, 47, 14, 0, 0.98%, 10, 0, 5, 252.76, 916541, 640
3926, 24, 27, 47, 14, 0, 0.98%, 10, 0, 5, 252.21, 917801, 640
3931, 24, 27, 47, 14, 0, 0.98%, 10, 0, 5, 262.17, 919131, 640
3936, 24, 27, 47, 14, 0, 0.98%, 10, 0, 5, 256.64, 920421, 640
3941, 24, 27, 47, 14, 0, 0.98%, 10, 0, 5, 256.13, 921706, 640
3946, 24, 27, 47, 14, 0, 0.98%, 10, 0, 5, 251.92, 922991, 640
3952, 24, 34, 47, 14, 0, 0.98%, 10, 0, 5, 263.64, 924361, 640
3957, 24, 35, 47, 14, 0, 0.98%, 10, 0, 5, 280.42, 925802, 640
3962, 24, 27, 47, 14, 0, 0.98%, 10, 0, 5, 264.44, 927127, 640
3967, 24, 27, 47, 14, 0, 0.98%, 10, 0, 5, 255.93, 928412, 640
3972, 24, 27, 47, 14, 0, 0.98%, 10, 0, 5, 250.01, 929677, 640
3977, 24, 27, 47, 14, 0, 0.98%, 10, 0, 5, 249.49, 930929, 640
3982, 24, 27, 47, 14, 0, 0.98%, 10, 0, 5, 248.51, 932177, 640
3987, 24, 27, 47, 14, 0, 0.98%, 10, 0, 5, 247.27, 933465, 640
3992, 24, 27, 47, 14, 0, 0.98%, 10, 0, 5, 246.55, 934745, 640
3998, 24, 27, 47, 14, 0, 0.98%, 10, 0, 5, 267.07, 936197, 640
4003, 24, 27, 47, 14, 0, 0.98%, 10, 0, 5, 256.46, 937487, 640
4008, 24, 27, 47, 14, 0, 0.98%, 10, 0, 5, 249.38, 938737, 640
4013, 24, 27, 47, 14, 0, 0.98%, 10, 0, 5, 249.86, 940007, 640
4018, 24, 27, 47, 14, 0, 0.98%, 10, 0, 5, 253.03, 941317, 640
4023, 24, 27, 47, 14, 0, 0.98%, 10, 0, 5, 247.69, 942557, 640
4028, 25, 27, 47, 14, 0, 0.98%, 10, 0, 5, 246.69, 943841, 640
4033, 25, 27, 47, 14, 0, 0.98%, 10, 0, 5, 251.12, 945147, 640
4039, 25, 27, 47, 14, 0, 0.98%, 10, 0, 5, 250.80, 946447, 640
4044, 25, 27, 47, 14, 0, 0.98%, 10, 0, 5, 253.08, 947722, 640
4049, 25, 27, 47, 14, 0, 0.98%, 10, 0, 5, 222.52, 948845, 640
4054, 25, 27, 47, 14, 0, 0.98%, 10, 0, 5, 232.96, 950061, 640
4059, 25, 27, 47, 14, 0, 0.98%, 10, 0, 5, 240.76, 951305, 640
4064, 25, 33, 47, 14, 0, 0.98%, 10, 0, 5, 247.97, 952561, 640
4069, 25, 41, 47, 14, 0, 0.98%, 10, 0, 5, 178.11, 953515, 640
4074, 25, 41, 47, 14, 0, 0.98%, 10, 0, 5, 110.63, 953985, 640
4079, 25, 41, 47, 14, 0, 0.98%, 10, 0, 5, 95.92, 954453, 640
4085, 25, 41, 47, 14, 0, 0.98%, 10, 0, 5, 92.83, 954924, 640
4090, 25, 41, 47, 14, 0, 0.98%, 10, 0, 5, 91.35, 955391, 640
4095, 25, 41, 47, 14, 0, 0.98%, 10, 0, 5, 92.12, 955866, 640
4100, 25, 27, 47, 13, 0, 0.98%, 10, 0, 5, 194.55, 956850, 640
4105, 25, 27, 47, 13, 0, 0.98%, 10, 0, 5, 240.21, 958108, 640
4110, 25, 35, 47, 13, 0, 0.98%, 10, 0, 5, 276.75, 959545, 640
4115, 25, 27, 47, 13, 0, 0.98%, 10, 0, 5, 255.81, 960810, 640
4120, 25, 27, 47, 13, 0, 0.98%, 10, 0, 5, 246.69, 962096, 640
4126, 25, 27, 47, 13, 0, 0.98%, 10, 0, 5, 248.33, 963376, 640
4131, 25, 33, 47, 13, 0, 0.98%, 10, 0, 5, 256.01, 964665, 640
4136, 25, 29, 47, 12, 0, 0.98%, 10, 0, 5, 288.74, 966135, 640
4141, 25, 29, 47, 12, 0, 0.98%, 10, 0, 5, 292.34, 967672, 640
4146, 25, 29, 47, 12, 0, 0.98%, 10, 0, 5, 298.97, 969192, 640
4151, 25, 29, 47, 12, 0, 0.98%, 10, 0, 5, 301.03, 970731, 640
4156, 25, 8, 47, 12, 0, 0.98%, 10, 0, 5, 293.31, 972242, 640
4161, 25, 29, 47, 12, 0, 0.98%, 10, 0, 5, 282.12, 973622, 640
4166, 25, 5, 47, 12, 0, 0.98%, 10, 0, 5, 296.18, 975152, 640
4171, 25, 8, 47, 12, 0, 0.98%, 10, 0, 5, 288.09, 976602, 640
4176, 25, 29, 47, 12, 0, 0.98%, 10, 0, 5, 284.49, 977997, 640
4181, 25, 29, 47, 12, 0, 0.98%, 10, 0, 5, 296.60, 979547, 640
4186, 25, 29, 47, 12, 0, 0.98%, 10, 0, 5, 294.43, 981032, 640
4191, 25, 29, 47, 12, 0, 0.98%, 10, 0, 5, 300.27, 982553, 640
4197, 25, 29, 47, 12, 0, 0.98%, 10, 0, 5, 301.00, 984073, 640
4202, 26, 29, 47, 12, 0, 0.98%, 10, 0, 5, 303.36, 985641, 640
4207, 26, 7, 47, 12, 0, 0.98%, 10, 0, 5, 300.14, 987161, 640
4212, 26, 29, 47, 12, 0, 0.98%, 10, 0, 5, 301.75, 988695, 640
4217, 26, 35, 47, 12, 0, 0.98%, 10, 0, 5, 302.94, 990257, 640
4222, 26, 29, 47, 12, 0, 0.98%, 10, 0, 5, 284.63, 991679, 640
4227, 26, 29, 47, 12, 0, 0.98%, 10, 0, 5, 300.59, 993215, 640
4232, 26, 11, 47, 12, 0, 0.98%, 10, 0, 5, 288.82, 994684, 640
4237, 26, 33, 47, 12, 0, 0.98%, 10, 0, 5, 262.49, 995994, 640
4242, 26, 29, 47, 12, 0, 0.98%, 10, 0, 5, 287.75, 997489, 640
4247, 26, 29, 47, 12, 0, 0.98%, 10, 0, 5, 281.52, 998894, 640
4253, 26, 29, 47, 12, 0, 0.98%, 10, 0, 5, 291.39, 1000424, 640
4258, 26, 29, 47, 12, 0, 0.98%, 10, 0, 5, 298.97, 1001984, 640
4263, 26, 29, 47, 12, 0, 0.98%, 10, 0, 5, 299.32, 1003484, 640
4268, 26, 29, 47, 12, 0, 0.98%, 10, 0, 5, 301.50, 1005013, 640
4273, 26, 35, 47, 12, 0, 0.98%, 10, 0, 5, 295.93, 1006519, 640
4278, 26, 29, 47, 12, 0, 0.98%, 10, 0, 5, 300.08, 1008021, 640
4283, 26, 37, 47, 12, 0, 0.98%, 10, 0, 5, 268.62, 1009439, 640
4288, 26, 37, 47, 12, 0, 0.98%, 10, 0, 5, 232.23, 1010549, 640
4293, 26, 37, 47, 12, 0, 0.98%, 10, 0, 5, 224.29, 1011661, 640
4298, 26, 29, 47, 12, 0, 0.98%, 10, 0, 5, 230.17, 1012845, 640
4303, 26, 37, 47, 12, 0, 0.98%, 10, 0, 5, 248.62, 1014185, 640
4308, 26, 37, 47, 12, 0, 0.98%, 10, 0, 5, 228.42, 1015305, 640
4313, 26, 37, 47, 12, 0, 0.98%, 10, 0, 5, 227.50, 1016441, 640
4318, 26, 8, 47, 12, 0, 0.98%, 10, 0, 5, 235.90, 1017605, 640
4324, 26, 33, 47, 12, 0, 0.98%, 10, 0, 5, 275.95, 1019073, 640
4329, 26, 29, 47, 12, 0, 0.98%, 10, 0, 5, 277.99, 1020418, 640
4334, 26, 29, 47, 12, 0, 0.98%, 10, 0, 5, 279.86, 1021868, 640
4339, 26, 29, 47, 12, 0, 0.98%, 10, 0, 5, 296.30, 1023438, 640
4344, 26, 29, 47, 12, 0, 0.98%, 10, 0, 5, 300.06, 1024963, 640
4349, 26, 33, 47, 12, 0, 0.98%, 10, 0, 5, 271.62, 1026313, 640
4354, 26, 29, 47, 12, 0, 0.98%, 10, 0, 5, 283.56, 1027748, 640
4359, 26, 29, 47, 12, 0, 0.98%, 10, 0, 5, 297.71, 1029313, 640
4365, 27, 29, 47, 12, 0, 0.98%, 10, 0, 5, 296.92, 1030843, 640
4370, 27, 29, 47, 12, 0, 0.98%, 10, 0, 5, 296.71, 1032378, 640
4375, 27, 35, 47, 12, 0, 0.98%, 10, 0, 5, 298.98, 1033933, 640
4380, 27, 29, 47, 12, 0, 0.98%, 10, 0, 5, 300.97, 1035445, 640
4385, 27, 29, 47, 12, 0, 0.98%, 10, 0, 5, 297.03, 1036938, 640
4390, 27, 29, 47, 12, 0, 0.98%, 10, 0, 5, 281.75, 1038358, 640
4395, 27, 29, 47, 12, 0, 0.98%, 10, 0, 5, 299.37, 1039908, 640
4400, 27, 29, 47, 12, 0, 0.98%, 10, 0, 5, 301.96, 1041431, 640
4405, 27, 29, 47, 12, 0, 0.98%, 10, 0, 5, 283.58, 1042843, 640
4410, 27, 29, 47, 12, 0, 0.98%, 10, 0, 5, 299.44, 1044373, 640
4415, 27, 11, 47, 12, 0, 0.98%, 10, 0, 5, 286.55, 1045853, 640
4421, 27, 29, 47, 12, 0, 0.98%, 10, 0, 5, 290.07, 1047333, 640
4426, 27, 29, 47, 12, 0, 0.98%, 10, 0, 5, 298.23, 1048888, 640
4431, 27, 37, 47, 12, 0, 0.98%, 10, 0, 5, 246.61, 1050091, 640
4436, 27, 37, 47, 12, 0, 0.98%, 10, 0, 5, 228.02, 1051255, 640
4441, 27, 37, 47, 12, 0, 0.98%, 10, 0, 5, 225.83, 1052387, 640
4446, 27, 29, 47, 12, 0, 0.98%, 10, 0, 5, 274.64, 1053780, 640
4451, 27, 8, 47, 12, 0, 0.98%, 10, 0, 5, 272.39, 1055165, 640
4456, 27, 34, 47, 12, 0, 0.98%, 10, 0, 5, 280.41, 1056650, 640
4461, 27, 29, 47, 12, 0, 0.98%, 10, 0, 5, 291.69, 1058140, 640
4466, 27, 29, 47, 12, 0, 0.98%, 10, 0, 5, 295.05, 1059645, 640
4472, 27, 29, 47, 12, 0, 0.98%, 10, 0, 5, 280.61, 1061060, 640
4477, 27, 29, 47, 12, 0, 0.98%, 10, 0, 5, 298.54, 1062595, 640
4482, 27, 35, 47, 12, 0, 0.98%, 10, 0, 5, 298.61, 1064115, 640
4487, 27, 29, 47, 12, 0, 0.98%, 10, 0, 5, 287.46, 1065585, 640
4492, 27, 33, 47, 12, 0, 0.98%, 10, 0, 5, 274.37, 1066980, 640
4497, 27, 29, 47, 12, 0, 0.98%, 10, 0, 5, 297.15, 1068515, 640
4502, 27, 29, 47, 12, 0, 0.98%, 10, 0, 5, 303.01, 1070075, 640
4507, 27, 29, 47, 12, 0, 0.98%, 10, 0, 5, 301.43, 1071601, 640
4512, 27, 29, 47, 12, 0, 0.98%, 10, 0, 5, 301.20, 1073141, 640
4517, 27, 29, 47, 12, 0, 0.98%, 10, 0, 5, 294.92, 1074610, 640
4522, 28, 29, 47, 12, 0, 0.98%, 10, 0, 5, 300.11, 1076120, 640
4527, 28, 29, 47, 12, 0, 0.98%, 10, 0, 5, 301.11, 1077653, 640
4532, 28, 8, 47, 12, 0, 0.98%, 10, 0, 5, 286.55, 1079130, 640
4537, 28, 29, 47, 12, 0, 0.98%, 10, 0, 5, 295.50, 1080610, 640
4543, 28, 33, 47, 12, 0, 0.98%, 10, 0, 5, 294.76, 1082110, 640
4548, 28, 35, 47, 12, 0, 0.98%, 10, 0, 5, 281.21, 1083515, 640
4553, 28, 29, 47, 12, 0, 0.98%, 10, 0, 5, 295.41, 1085060, 640
4558, 28, 29, 47, 12, 0, 0.98%, 10, 0, 5, 294.65, 1086535, 640
4563, 28, 29, 47, 12, 0, 0.98%, 10, 0, 5, 293.81, 1088020, 640
4568, 28, 29, 47, 12, 0, 0.98%, 10, 0, 5, 297.91, 1089570, 640
4573, 28, 29, 47, 12, 0, 0.98%, 10, 0, 5, 300.04, 1091085, 640
4578, 28, 29, 47, 12, 0, 0.98%, 10, 0, 5, 297.19, 1092610, 640
4583, 28, 29, 47, 12, 0, 0.98%, 10, 0, 5, 290.77, 1094055, 640
4589, 28, 29, 47, 12, 0, 0.98%, 10, 0, 5, 299.02, 1095620, 640
4594, 28, 29, 47, 12, 0, 0.98%, 10, 0, 5, 301.00, 1097139, 640
4599, 28, 35, 47, 12, 0, 0.98%, 10, 0, 5, 299.61, 1098650, 640
4604, 28, 29, 47, 12, 0, 0.98%, 10, 0, 5, 300.92, 1100169, 640
4609, 28, 29, 47, 12, 0, 0.98%, 10, 0, 5, 295.80, 1101705, 640
4614, 28, 29, 47, 12, 0, 0.98%, 10, 0, 5, 295.67, 1103175, 640
4619, 28, 23, 47, 12, 0, 0.98%, 10, 0, 5, 249.67, 1104465, 640
4624, 28, 23, 47, 12, 0, 0.98%, 10, 0, 5, 211.72, 1105491, 640
4629, 28, 29, 47, 11, 0, 0.98%, 10, 0, 5, 245.59, 1106711, 640
4634, 28, 29, 47, 11, 0, 0.98%, 10, 0, 5, 288.11, 1108244, 640
4639, 28, 17, 47, 11, 0, 0.98%, 10, 0, 5, 292.38, 1109754, 640
4644, 28, 26, 47, 11, 0, 0.98%, 10, 0, 5, 278.20, 1111176, 640
4650, 28, 26, 47, 11, 0, 0.98%, 10, 0, 5, 244.27, 1112363, 640
4655, 28, 26, 47, 11, 0, 0.98%, 10, 0, 5, 235.97, 1113583, 640
4660, 28, 29, 47, 11, 0, 0.98%, 10, 0, 5, 256.84, 1114848, 640
4665, 28, 29, 47, 11, 0, 0.98%, 10, 0, 5, 291.76, 1116393, 640
4670, 28, 29, 47, 11, 0, 0.98%, 10, 0, 5, 299.67, 1117908, 640
4675, 29, 29, 47, 11, 0, 0.98%, 10, 0, 5, 299.52, 1119408, 640
4680, 29, 29, 47, 11, 0, 0.98%, 10, 0, 5, 298.74, 1120903, 640
4685, 29, 43, 47, 11, 0, 0.98%, 10, 0, 5, 186.29, 1121832, 640
4690, 29, 11, 47, 11, 0, 0.98%, 10, 0, 5, 252.20, 1123117, 640
4695, 29, 29, 47, 11, 0, 0.98%, 10, 0, 5, 281.93, 1124547, 640
4700, 29, 29, 47, 11, 0, 0.98%, 10, 0, 5, 299.16, 1126067, 640
4705, 29, 29, 47, 11, 0, 0.98%, 10, 0, 5, 298.91, 1127617, 640
4710, 29, 33, 47, 11, 0, 0.98%, 10, 0, 5, 268.75, 1128972, 640
4716, 29, 29, 47, 11, 0, 0.98%, 10, 0, 5, 290.02, 1130497, 640
4721, 29, 29, 47, 11, 0, 0.98%, 10, 0, 5, 302.66, 1132039, 640
4726, 29, 37, 47, 11, 0, 0.98%, 10, 0, 5, 256.05, 1133337, 640
4731, 29, 37, 47, 11, 0, 0.98%, 10, 0, 5, 234.84, 1134485, 640
4736, 29, 37, 47, 11, 0, 0.98%, 10, 0, 5, 228.41, 1135617, 640
4741, 29, 29, 47, 11, 0, 0.98%, 10, 0, 5, 275.81, 1137054, 640
4746, 29, 9, 47, 11, 0, 0.98%, 10, 0, 5, 276.07, 1138474, 640
4751, 29, 29, 47, 11, 0, 0.98%, 10, 0, 5, 294.74, 1139969, 640
4756, 29, 29, 47, 11, 0, 0.98%, 10, 0, 5, 300.23, 1141503, 640
4761, 29, 29, 47, 11, 0, 0.98%, 10, 0, 5, 305.11, 1143049, 640
4766, 29, 29, 47, 11, 0, 0.98%, 10, 0, 5, 302.56, 1144581, 640
4771, 29, 29, 47, 11, 0, 0.98%, 10, 0, 5, 303.51, 1146119, 640
4777, 29, 26, 47, 11, 0, 0.98%, 10, 0, 5, 255.79, 1147419, 640
4782, 29, 26, 47, 11, 0, 0.98%, 10, 0, 5, 237.72, 1148581, 640
4787, 29, 26, 47, 11, 0, 0.98%, 10, 0, 5, 237.59, 1149813, 640
4792, 29, 29, 47, 11, 0, 0.98%, 10, 0, 5, 281.60, 1151286, 640
4797, 29, 5, 47, 11, 0, 0.98%, 10, 0, 5, 296.40, 1152846, 640
4802, 29, 35, 47, 11, 0, 0.98%, 10, 0, 5, 297.90, 1154376, 640
4807, 29, 29, 47, 11, 0, 0.98%, 10, 0, 5, 299.44, 1155881, 640
4812, 29, 29, 47, 11, 0, 0.98%, 10, 0, 5, 304.52, 1157431, 640
4817, 29, 29, 47, 11, 0, 0.98%, 10, 0, 5, 304.63, 1158993, 640
4823, 29, 29, 47, 11, 0, 0.98%, 10, 0, 5, 305.20, 1160567, 640
4828, 29, 8, 47, 11, 0, 0.98%, 10, 0, 5, 298.92, 1162117, 640
4833, 29, 29, 47, 11, 0, 0.98%, 10, 0, 5, 291.87, 1163541, 640
