# relative_time, cycles_done, cur_item, corpus_count, pending_total, pending_favs, map_size, saved_crashes, saved_hangs, max_depth, execs_per_sec, total_execs, edges_found
61, 0, 0, 23, 22, 4, 2.13%, 0, 0, 2, 88.14, 5598, 1396
66, 0, 0, 24, 23, 4, 2.16%, 0, 0, 2, 91.84, 6071, 1417
72, 0, 0, 24, 23, 4, 2.16%, 0, 0, 2, 93.18, 6549, 1417
77, 0, 0, 24, 23, 4, 2.16%, 0, 0, 2, 89.79, 7002, 1417
82, 0, 0, 25, 24, 4, 2.17%, 0, 0, 2, 89.16, 7455, 1420
87, 0, 0, 26, 25, 4, 2.17%, 0, 0, 2, 88.45, 7903, 1420
92, 0, 0, 26, 25, 4, 2.17%, 0, 0, 2, 90.96, 8360, 1420
97, 0, 0, 27, 26, 4, 2.17%, 0, 0, 2, 89.09, 8815, 1421
102, 0, 0, 27, 26, 4, 2.17%, 0, 0, 2, 94.98, 9314, 1421
108, 0, 0, 27, 26, 4, 2.17%, 0, 0, 2, 89.71, 9770, 1421
113, 0, 0, 27, 26, 4, 2.17%, 0, 0, 2, 91.07, 10235, 1421
118, 0, 0, 27, 26, 4, 2.17%, 0, 0, 2, 90.34, 10692, 1421
123, 0, 0, 27, 26, 4, 2.17%, 0, 0, 2, 93.67, 11174, 1421
128, 0, 0, 27, 26, 4, 2.17%, 0, 0, 2, 87.72, 11607, 1421
133, 0, 0, 27, 26, 4, 2.17%, 0, 0, 2, 90.22, 12081, 1421
139, 0, 0, 27, 26, 4, 2.17%, 0, 0, 2, 92.85, 12564, 1421
144, 0, 10, 30, 27, 14, 2.24%, 0, 0, 3, 152.32, 13467, 1471
149, 0, 29, 30, 26, 13, 2.24%, 0, 0, 3, 139.54, 14117, 1471
154, 0, 27, 30, 24, 11, 2.24%, 0, 0, 3, 188.51, 15150, 1471
159, 0, 19, 30, 21, 6, 2.24%, 0, 0, 3, 173.18, 16015, 1471
164, 0, 4, 33, 23, 5, 2.26%, 0, 0, 3, 182.77, 16941, 1480
169, 0, 32, 34, 22, 5, 2.26%, 0, 0, 3, 195.79, 17951, 1480
174, 0, 26, 35, 22, 4, 2.27%, 0, 0, 3, 147.91, 18676, 1487
179, 0, 23, 36, 22, 4, 2.27%, 0, 0, 3, 137.28, 19385, 1489
184, 0, 35, 37, 22, 4, 2.27%, 0, 0, 4, 155.61, 20220, 1489
189, 0, 14, 37, 20, 2, 2.27%, 0, 0, 4, 164.60, 20998, 1489
194, 0, 34, 37, 20, 2, 2.27%, 0, 0, 4, 187.90, 22005, 1489
200, 0, 34, 37, 20, 2, 2.27%, 0, 0, 4, 206.20, 23096, 1489
205, 0, 24, 37, 19, 1, 2.27%, 0, 0, 4, 154.95, 23805, 1489
210, 0, 24, 37, 19, 1, 2.27%, 0, 0, 4, 115.26, 24329, 1489
215, 0, 24, 37, 19, 1, 2.27%, 0, 0, 4, 189.22, 25333, 1489
220, 0, 21, 37, 19, 1, 2.27%, 0, 0, 4, 155.77, 26061, 1489
225, 0, 32, 37, 18, 0, 2.27%, 0, 0, 4, 198.64, 27118, 1489
230, 0, 14, 37, 18, 0, 2.27%, 0, 0, 4, 198.74, 28123, 1489
235, 0, 22, 39, 20, 0, 2.27%, 0, 0, 4, 196.25, 29058, 1489
240, 0, 22, 39, 20, 0, 2.27%, 0, 0, 4, 195.15, 30042, 1489
245, 0, 22, 39, 20, 0, 2.27%, 0, 0, 4, 196.54, 31052, 1489
251, 0, 32, 39, 20, 0, 2.27%, 0, 0, 4, 199.39, 32098, 1489
256, 0, 22, 39, 20, 0, 2.27%, 0, 0, 4, 200.50, 33119, 1489
261, 0, 22, 39, 20, 0, 2.27%, 0, 0, 4, 178.82, 34034, 1489
266, 0, 22, 39, 20, 0, 2.27%, 0, 0, 4, 186.55, 35049, 1489
271, 0, 32, 39, 20, 0, 2.27%, 0, 0, 4, 200.75, 36089, 1489
276, 0, 22, 39, 20, 0, 2.27%, 0, 0, 4, 209.04, 37191, 1489
281, 0, 14, 39, 20, 0, 2.27%, 0, 0, 4, 203.42, 38217, 1489
286, 0, 14, 39, 20, 0, 2.27%, 0, 0, 4, 199.51, 39211, 1489
291, 1, 22, 39, 20, 0, 2.27%, 0, 0, 4, 205.69, 40257, 1489
297, 1, 14, 39, 19, 0, 2.27%, 0, 0, 4, 195.49, 41253, 1489
302, 1, 35, 39, 19, 0, 2.27%, 0, 0, 4, 150.08, 41990, 1489
307, 1, 35, 39, 19, 0, 2.27%, 0, 0, 4, 128.55, 42643, 1489
312, 1, 23, 39, 19, 0, 2.27%, 0, 0, 4, 149.96, 43447, 1489
317, 1, 32, 39, 19, 0, 2.27%, 0, 0, 4, 195.64, 44506, 1489
322, 1, 34, 39, 19, 0, 2.27%, 0, 0, 4, 193.03, 45479, 1489
327, 1, 34, 39, 19, 0, 2.27%, 0, 0, 4, 194.15, 46461, 1489
333, 1, 23, 39, 19, 0, 2.27%, 0, 0, 4, 169.84, 47402, 1489
338, 1, 12, 39, 18, 0, 2.27%, 0, 0, 4, 194.91, 48436, 1489
343, 1, 7, 39, 17, 0, 2.27%, 0, 0, 4, 163.33, 49240, 1489
348, 1, 23, 39, 16, 0, 2.27%, 0, 0, 4, 192.65, 50251, 1489
353, 1, 35, 39, 16, 0, 2.27%, 0, 0, 4, 186.83, 51179, 1489
358, 1, 32, 39, 16, 0, 2.27%, 0, 0, 4, 187.94, 52094, 1489
363, 1, 32, 39, 16, 0, 2.27%, 0, 0, 4, 206.52, 53180, 1489
368, 1, 19, 39, 16, 0, 2.27%, 0, 0, 4, 188.58, 54140, 1489
374, 1, 32, 39, 16, 0, 2.27%, 0, 0, 4, 201.42, 55222, 1489
379, 1, 14, 39, 16, 0, 2.27%, 0, 0, 4, 205.64, 56288, 1489
384, 1, 14, 39, 16, 0, 2.27%, 0, 0, 4, 204.90, 57323, 1489
389, 1, 35, 39, 16, 0, 2.27%, 0, 0, 4, 182.66, 58254, 1489
394, 1, 22, 39, 16, 0, 2.27%, 0, 0, 4, 202.40, 59257, 1489
399, 1, 14, 39, 16, 0, 2.27%, 0, 0, 4, 193.91, 60257, 1489
404, 1, 29, 39, 16, 0, 2.27%, 0, 0, 4, 145.67, 60918, 1489
410, 1, 29, 39, 16, 0, 2.27%, 0, 0, 4, 178.77, 61893, 1489
415, 1, 32, 39, 16, 0, 2.27%, 0, 0, 4, 188.16, 62858, 1489
420, 1, 32, 40, 17, 0, 2.63%, 0, 0, 4, 201.39, 63898, 1723
425, 1, 39, 40, 17, 1, 2.63%, 0, 0, 4, 123.34, 64436, 1723
430, 1, 39, 41, 18, 1, 2.63%, 0, 0, 4, 132.89, 65092, 1723
435, 1, 40, 41, 17, 1, 2.63%, 0, 0, 4, 200.45, 66204, 1723
440, 1, 35, 41, 16, 0, 2.63%, 0, 0, 4, 185.58, 67160, 1723
445, 2, 40, 41, 16, 0, 2.63%, 0, 0, 4, 200.22, 68193, 1723
450, 2, 24, 41, 16, 0, 2.63%, 0, 0, 4, 147.95, 68984, 1723
455, 2, 24, 41, 16, 0, 2.63%, 0, 0, 4, 147.13, 69636, 1723
461, 2, 27, 41, 16, 0, 2.63%, 0, 0, 4, 204.19, 70759, 1723
466, 2, 14, 41, 16, 0, 2.63%, 0, 0, 4, 191.41, 71755, 1723
471, 2, 29, 41, 16, 0, 2.63%, 0, 0, 4, 162.72, 72593, 1723
476, 2, 29, 41, 16, 0, 2.63%, 0, 0, 4, 171.69, 73461, 1723
481, 2, 40, 41, 16, 0, 2.63%, 0, 0, 4, 191.96, 74460, 1723
486, 2, 40, 41, 16, 0, 2.63%, 0, 0, 4, 207.18, 75561, 1723
491, 2, 22, 41, 16, 0, 2.63%, 0, 0, 4, 205.19, 76604, 1723
496, 2, 14, 41, 16, 0, 2.63%, 0, 0, 4, 200.88, 77585, 1723
502, 2, 22, 42, 17, 0, 2.63%, 0, 0, 4, 203.64, 78614, 1724
507, 2, 22, 42, 17, 0, 2.63%, 0, 0, 4, 198.17, 79651, 1724
512, 2, 41, 42, 16, 0, 2.63%, 0, 0, 4, 189.76, 80596, 1724
517, 2, 41, 42, 16, 0, 2.63%, 0, 0, 4, 205.68, 81653, 1724
522, 2, 14, 42, 16, 0, 2.63%, 0, 0, 4, 193.84, 82624, 1724
527, 2, 14, 42, 16, 0, 2.63%, 0, 0, 4, 206.90, 83735, 1724
532, 2, 42, 43, 17, 1, 2.63%, 0, 0, 4, 192.03, 84665, 1725
537, 2, 41, 43, 16, 0, 2.63%, 0, 0, 4, 206.60, 85776, 1725
542, 2, 28, 43, 16, 0, 2.63%, 0, 0, 4, 201.92, 86793, 1725
547, 2, 29, 43, 16, 0, 2.63%, 0, 0, 4, 155.68, 87577, 1725
552, 2, 29, 43, 16, 0, 2.63%, 0, 0, 4, 177.30, 88430, 1725
557, 2, 14, 43, 16, 0, 2.63%, 0, 0, 4, 190.76, 89425, 1725
563, 2, 24, 43, 16, 0, 2.63%, 0, 0, 4, 147.28, 90183, 1725
568, 2, 24, 43, 16, 0, 2.63%, 0, 0, 4, 135.99, 90830, 1725
573, 2, 28, 43, 16, 0, 2.63%, 0, 0, 4, 199.07, 91932, 1725
578, 2, 40, 43, 16, 0, 2.63%, 0, 0, 4, 191.67, 92904, 1725
583, 2, 39, 43, 16, 0, 2.63%, 0, 0, 4, 186.35, 93903, 1725
588, 2, 14, 43, 16, 0, 2.63%, 0, 0, 4, 199.81, 94964, 1725
593, 2, 5, 44, 16, 1, 2.64%, 0, 0, 4, 193.46, 95929, 1732
599, 2, 44, 45, 16, 1, 2.64%, 0, 0, 4, 201.56, 96976, 1732
604, 2, 14, 48, 18, 0, 2.64%, 0, 0, 5, 180.65, 97720, 1732
610, 2, 14, 52, 22, 0, 2.64%, 0, 0, 5, 12.32, 98280, 1732
616, 2, 14, 53, 23, 0, 2.64%, 0, 0, 5, 193.02, 99037, 1732
621, 2, 14, 53, 23, 0, 2.64%, 0, 0, 5, 190.52, 99974, 1732
626, 2, 14, 54, 24, 0, 2.64%, 0, 0, 5, 187.12, 100915, 1732
631, 2, 14, 54, 24, 0, 2.64%, 0, 0, 5, 186.33, 101878, 1732
636, 2, 14, 54, 24, 0, 2.64%, 0, 0, 5, 185.61, 102856, 1732
641, 2, 14, 54, 24, 0, 2.64%, 0, 0, 5, 184.74, 103789, 1732
646, 2, 14, 54, 24, 0, 2.64%, 0, 0, 5, 185.50, 104731, 1732
651, 2, 14, 54, 24, 0, 2.64%, 0, 0, 5, 184.17, 105655, 1732
657, 2, 14, 54, 24, 0, 2.64%, 0, 0, 5, 185.16, 106567, 1732
662, 2, 14, 54, 24, 0, 2.64%, 0, 0, 5, 185.20, 107542, 1732
667, 2, 14, 54, 24, 0, 2.64%, 0, 0, 5, 188.36, 108499, 1732
672, 2, 14, 54, 24, 0, 2.64%, 0, 0, 5, 181.73, 109420, 1732
677, 2, 14, 54, 24, 0, 2.64%, 0, 0, 5, 180.45, 110299, 1732
682, 2, 14, 54, 24, 0, 2.64%, 0, 0, 5, 188.14, 111232, 1732
687, 2, 14, 55, 25, 0, 2.64%, 0, 0, 5, 14.63, 112108, 1732
692, 2, 41, 56, 26, 0, 2.64%, 0, 0, 5, 18.53, 112594, 1732
698, 2, 41, 56, 26, 0, 2.64%, 0, 0, 5, 133.05, 113069, 1732
703, 2, 14, 56, 26, 0, 2.64%, 0, 0, 5, 145.00, 113485, 1732
708, 2, 14, 56, 26, 0, 2.64%, 0, 0, 5, 6.84, 113649, 1732
713, 2, 14, 57, 27, 0, 2.64%, 0, 0, 5, 6.70, 113682, 1732
718, 2, 14, 58, 28, 0, 2.64%, 0, 0, 5, 7.15, 113723, 1732
723, 2, 14, 59, 29, 0, 2.64%, 0, 0, 5, 6.98, 113759, 1732
728, 2, 14, 59, 29, 0, 2.64%, 0, 0, 5, 7.04, 113794, 1732
733, 2, 14, 60, 30, 0, 2.64%, 0, 0, 5, 7.81, 113837, 1732
739, 2, 14, 61, 31, 0, 2.64%, 0, 0, 5, 7.27, 113867, 1732
744, 2, 14, 61, 31, 0, 2.64%, 0, 0, 5, 6.89, 113900, 1732
749, 2, 14, 61, 31, 0, 2.64%, 0, 0, 5, 7.46, 113936, 1732
754, 2, 14, 61, 31, 0, 2.64%, 0, 0, 5, 7.45, 113971, 1732
759, 2, 14, 61, 31, 0, 2.64%, 0, 0, 5, 7.64, 114008, 1732
764, 2, 14, 61, 31, 0, 2.64%, 0, 0, 5, 6.83, 114041, 1732
769, 2, 14, 62, 32, 0, 2.64%, 0, 0, 5, 6.66, 114084, 1732
774, 2, 14, 62, 32, 0, 2.64%, 0, 0, 5, 6.74, 114118, 1732
779, 2, 14, 62, 32, 0, 2.64%, 0, 0, 5, 7.10, 114153, 1732
785, 2, 14, 62, 32, 0, 2.64%, 0, 0, 5, 7.18, 114189, 1732
790, 2, 14, 62, 32, 0, 2.64%, 0, 0, 5, 6.97, 114225, 1732
795, 2, 14, 62, 32, 0, 2.64%, 0, 0, 5, 7.11, 114260, 1732
800, 2, 14, 62, 32, 0, 2.64%, 0, 0, 5, 7.65, 114298, 1732
805, 2, 14, 62, 32, 0, 2.64%, 0, 0, 5, 7.01, 114332, 1732
811, 2, 14, 62, 32, 0, 2.64%, 0, 0, 5, 6.50, 114364, 1732
816, 2, 14, 62, 32, 0, 2.64%, 0, 0, 5, 7.47, 114405, 1732
821, 2, 14, 62, 32, 0, 2.64%, 0, 0, 5, 7.15, 114440, 1732
826, 2, 14, 62, 32, 0, 2.64%, 0, 0, 5, 7.00, 114475, 1732
831, 2, 14, 62, 32, 0, 2.64%, 0, 0, 5, 6.88, 114509, 1732
836, 2, 14, 62, 32, 0, 2.64%, 0, 0, 5, 7.14, 114544, 1732
842, 2, 14, 62, 32, 0, 2.64%, 0, 0, 5, 6.93, 114580, 1732
847, 2, 14, 62, 32, 0, 2.64%, 0, 0, 5, 7.12, 114616, 1732
852, 2, 14, 62, 32, 0, 2.64%, 0, 0, 5, 6.52, 114648, 1732
857, 2, 14, 62, 32, 0, 2.64%, 0, 0, 5, 6.53, 114680, 1732
862, 2, 14, 62, 32, 0, 2.64%, 0, 0, 5, 6.84, 114716, 1732
867, 2, 14, 62, 32, 0, 2.64%, 0, 0, 5, 7.36, 114753, 1732
872, 2, 14, 62, 32, 0, 2.64%, 0, 0, 5, 6.90, 114786, 1732
878, 2, 14, 62, 32, 0, 2.64%, 0, 0, 5, 7.18, 114822, 1732
883, 2, 14, 62, 32, 0, 2.64%, 0, 0, 5, 7.23, 114855, 1732
888, 2, 14, 62, 32, 0, 2.64%, 0, 0, 5, 7.10, 114891, 1732
893, 2, 14, 62, 32, 0, 2.64%, 0, 0, 5, 7.30, 114929, 1732
898, 2, 14, 62, 32, 0, 2.64%, 0, 0, 5, 8.25, 114971, 1732
904, 2, 14, 62, 32, 0, 2.64%, 0, 0, 5, 5.91, 115082, 1732
909, 2, 14, 64, 34, 0, 2.64%, 0, 0, 5, 154.97, 115359, 1732
914, 2, 40, 65, 35, 0, 2.64%, 0, 0, 5, 222.71, 116050, 1732
919, 2, 40, 66, 36, 0, 2.64%, 0, 0, 5, 220.96, 116498, 1732
924, 2, 40, 66, 36, 0, 2.64%, 0, 0, 5, 4.82, 117384, 1732
930, 2, 40, 68, 38, 0, 2.64%, 0, 0, 5, 5.01, 117412, 1732
935, 2, 40, 68, 38, 0, 2.64%, 0, 0, 5, 6.10, 117446, 1732
940, 2, 40, 68, 38, 0, 2.64%, 0, 0, 5, 6.01, 117477, 1732
945, 2, 40, 69, 39, 0, 2.64%, 0, 0, 5, 5.99, 117506, 1732
950, 2, 40, 70, 40, 0, 2.65%, 0, 0, 5, 6.43, 117541, 1738
955, 2, 40, 70, 40, 0, 2.65%, 0, 0, 5, 6.38, 117574, 1738
965, 2, 40, 71, 41, 0, 2.65%, 0, 0, 5, 6.02, 117610, 1738
970, 2, 40, 71, 41, 0, 2.65%, 0, 0, 5, 6.14, 117641, 1738
975, 2, 40, 71, 41, 0, 2.65%, 0, 0, 5, 6.06, 117672, 1738
981, 2, 40, 71, 41, 0, 2.65%, 0, 0, 5, 5.90, 117702, 1738
986, 2, 40, 71, 41, 0, 2.65%, 0, 0, 5, 6.73, 117736, 1738
991, 2, 40, 71, 41, 0, 2.65%, 0, 0, 5, 6.69, 117771, 1738
997, 2, 40, 72, 42, 0, 2.65%, 0, 0, 5, 5.88, 117808, 1738
1003, 2, 40, 72, 42, 0, 2.65%, 0, 0, 5, 5.54, 117837, 1738
1008, 2, 40, 72, 42, 0, 2.65%, 0, 0, 5, 6.07, 117871, 1738
1013, 2, 40, 72, 42, 0, 2.65%, 0, 0, 5, 6.55, 117904, 1738
1018, 2, 40, 72, 42, 0, 2.65%, 0, 0, 5, 6.00, 117934, 1738
1023, 2, 40, 72, 42, 0, 2.65%, 0, 0, 5, 5.89, 117965, 1738
1028, 2, 40, 72, 42, 0, 2.65%, 0, 0, 5, 5.84, 117996, 1738
1033, 2, 40, 72, 42, 0, 2.65%, 0, 0, 5, 5.55, 118025, 1738
1038, 2, 40, 72, 42, 0, 2.65%, 0, 0, 5, 5.44, 118053, 1738
1044, 2, 40, 72, 42, 0, 2.65%, 0, 0, 5, 5.32, 118081, 1738
1049, 2, 40, 72, 42, 0, 2.65%, 0, 0, 5, 5.32, 118107, 1738
1054, 2, 40, 72, 42, 0, 2.65%, 0, 0, 5, 6.29, 118140, 1738
1059, 2, 40, 72, 42, 0, 2.65%, 0, 0, 5, 5.87, 118172, 1738
1064, 2, 40, 72, 42, 0, 2.65%, 0, 0, 5, 5.47, 118201, 1738
1069, 2, 40, 72, 42, 0, 2.65%, 0, 0, 5, 5.92, 118233, 1738
1075, 2, 40, 72, 42, 0, 2.65%, 0, 0, 5, 5.65, 118259, 1738
1080, 2, 40, 72, 42, 0, 2.65%, 0, 0, 5, 5.79, 118291, 1738
1085, 2, 40, 72, 42, 0, 2.65%, 0, 0, 5, 5.66, 118318, 1738
1090, 2, 40, 72, 42, 0, 2.65%, 0, 0, 5, 5.79, 118349, 1738
1095, 2, 40, 72, 42, 0, 2.65%, 0, 0, 5, 6.19, 118382, 1738
1100, 2, 40, 72, 42, 0, 2.65%, 0, 0, 5, 6.41, 118414, 1738
1105, 2, 40, 72, 42, 0, 2.65%, 0, 0, 5, 5.71, 118444, 1738
1111, 2, 40, 72, 42, 0, 2.65%, 0, 0, 5, 5.25, 118471, 1738
1116, 2, 40, 72, 42, 0, 2.65%, 0, 0, 5, 6.18, 118504, 1738
1121, 2, 40, 72, 42, 0, 2.65%, 0, 0, 5, 5.63, 118528, 1738
1126, 2, 40, 73, 43, 0, 2.65%, 0, 0, 5, 6.23, 118563, 1738
1131, 2, 40, 73, 43, 0, 2.65%, 0, 0, 5, 5.75, 118594, 1738
1136, 2, 40, 74, 44, 0, 2.65%, 0, 0, 5, 6.79, 118631, 1738
1141, 2, 40, 74, 44, 0, 2.65%, 0, 0, 5, 6.70, 118666, 1738
1146, 2, 40, 74, 44, 0, 2.65%, 0, 0, 5, 5.92, 118695, 1738
1151, 2, 40, 74, 44, 0, 2.65%, 0, 0, 5, 5.85, 118725, 1738
1157, 2, 40, 74, 44, 0, 2.65%, 0, 0, 5, 6.05, 118757, 1738
1162, 2, 40, 74, 44, 0, 2.65%, 0, 0, 5, 6.39, 118791, 1738
1167, 2, 40, 74, 44, 0, 2.65%, 0, 0, 5, 5.72, 118821, 1738
1172, 2, 40, 74, 44, 0, 2.65%, 0, 0, 5, 5.47, 118848, 1738
1177, 2, 40, 75, 45, 0, 2.65%, 0, 0, 5, 5.72, 118880, 1738
1182, 2, 40, 75, 45, 0, 2.65%, 0, 0, 5, 5.59, 118910, 1738
1187, 2, 40, 75, 45, 0, 2.65%, 0, 0, 5, 5.94, 118943, 1738
1193, 2, 40, 75, 45, 0, 2.65%, 0, 0, 5, 6.33, 118977, 1738
1198, 2, 40, 75, 45, 0, 2.65%, 0, 0, 5, 6.48, 119009, 1738
1203, 2, 40, 76, 46, 0, 2.65%, 0, 0, 5, 6.40, 119041, 1738
1208, 2, 40, 76, 46, 0, 2.65%, 0, 0, 5, 6.30, 119074, 1738
1213, 2, 40, 76, 46, 0, 2.65%, 0, 0, 5, 5.70, 119101, 1738
1218, 2, 40, 76, 46, 0, 2.65%, 0, 0, 5, 5.92, 119134, 1738
1223, 2, 40, 76, 46, 0, 2.65%, 0, 0, 5, 5.79, 119164, 1738
1229, 2, 40, 76, 46, 0, 2.65%, 0, 0, 5, 5.69, 119194, 1738
1234, 2, 40, 76, 46, 0, 2.65%, 0, 0, 5, 102.96, 119352, 1738
1239, 2, 40, 77, 47, 0, 2.65%, 0, 0, 5, 18.90, 119475, 1738
1244, 2, 40, 77, 47, 0, 2.65%, 0, 0, 5, 4.76, 119627, 1738
1249, 2, 40, 77, 47, 0, 2.65%, 0, 0, 5, 4.54, 119651, 1738
1255, 2, 40, 77, 47, 0, 2.65%, 0, 0, 5, 5.82, 119786, 1738
1260, 2, 40, 78, 48, 0, 2.65%, 0, 0, 5, 6.43, 119819, 1738
1265, 2, 40, 78, 48, 0, 2.65%, 0, 0, 5, 7.09, 119856, 1738
1270, 2, 40, 79, 49, 0, 2.65%, 0, 0, 5, 7.60, 119897, 1738
1275, 2, 40, 79, 49, 0, 2.65%, 0, 0, 5, 7.17, 119932, 1738
1280, 2, 40, 79, 49, 0, 2.65%, 0, 0, 5, 7.49, 119972, 1738
1286, 2, 40, 80, 50, 0, 2.65%, 0, 0, 5, 7.27, 120008, 1738
1291, 2, 40, 80, 50, 0, 2.65%, 0, 0, 5, 7.21, 120046, 1738
1296, 2, 40, 80, 50, 0, 2.65%, 0, 0, 5, 7.49, 120084, 1738
1301, 2, 40, 80, 50, 0, 2.65%, 0, 0, 5, 7.55, 120123, 1738
1306, 2, 40, 80, 50, 0, 2.65%, 0, 0, 5, 7.42, 120161, 1738
1311, 2, 40, 80, 50, 0, 2.65%, 0, 0, 5, 7.66, 120199, 1738
1317, 2, 40, 80, 50, 0, 2.65%, 0, 0, 5, 7.52, 120237, 1738
1322, 2, 30, 81, 51, 1, 2.65%, 0, 0, 5, 6.25, 120858, 1738
1327, 2, 30, 81, 51, 1, 2.65%, 0, 0, 5, 7.83, 120900, 1738
1332, 2, 30, 81, 51, 1, 2.65%, 0, 0, 5, 13.25, 121066, 1738
1337, 2, 30, 81, 51, 1, 2.65%, 0, 0, 5, 16.65, 121312, 1738
1342, 2, 30, 81, 51, 1, 2.65%, 0, 0, 5, 8.14, 121423, 1738
1347, 2, 30, 81, 51, 1, 2.65%, 0, 0, 5, 8.34, 121466, 1738
1353, 2, 30, 81, 51, 1, 2.65%, 0, 0, 5, 7.15, 121501, 1738
1358, 2, 30, 81, 51, 1, 2.65%, 0, 0, 5, 8.16, 121589, 1738
1363, 2, 30, 81, 51, 1, 2.65%, 0, 0, 5, 67.84, 121671, 1738
1368, 2, 35, 81, 51, 1, 2.65%, 0, 0, 5, 118.59, 122316, 1738
1373, 2, 35, 81, 51, 1, 2.65%, 0, 0, 5, 89.95, 122680, 1738
1378, 2, 35, 81, 51, 1, 2.65%, 0, 0, 5, 10.30, 123154, 1738
1383, 2, 35, 81, 51, 1, 2.65%, 0, 0, 5, 6.80, 123181, 1738
1388, 2, 35, 81, 51, 1, 2.65%, 0, 0, 5, 5.94, 123210, 1738
1393, 2, 27, 81, 51, 1, 2.65%, 0, 0, 5, 9.84, 123602, 1738
1398, 2, 27, 81, 51, 1, 2.65%, 0, 0, 5, 208.01, 123826, 1738
1404, 2, 27, 81, 51, 1, 2.65%, 0, 0, 5, 61.73, 123907, 1738
1409, 2, 40, 81, 51, 1, 2.65%, 0, 0, 5, 192.74, 124372, 1738
1414, 2, 40, 81, 51, 1, 2.65%, 0, 0, 5, 212.00, 125465, 1738
1419, 2, 40, 81, 51, 1, 2.65%, 0, 0, 5, 6.96, 125561, 1738
1424, 2, 40, 81, 51, 1, 2.65%, 0, 0, 5, 6.85, 125594, 1738
1429, 2, 40, 81, 51, 1, 2.65%, 0, 0, 5, 6.75, 125626, 1738
1434, 2, 40, 81, 51, 1, 2.65%, 0, 0, 5, 6.98, 125662, 1738
1439, 2, 40, 81, 51, 1, 2.65%, 0, 0, 5, 7.33, 125699, 1738
1444, 2, 40, 81, 51, 1, 2.65%, 0, 0, 5, 7.92, 125738, 1738
1449, 2, 40, 81, 51, 1, 2.65%, 0, 0, 5, 6.31, 125986, 1738
1455, 2, 40, 81, 51, 1, 2.65%, 0, 0, 5, 6.68, 126021, 1738
1460, 2, 40, 81, 51, 1, 2.65%, 0, 0, 5, 6.65, 126054, 1738
1465, 2, 40, 81, 51, 1, 2.65%, 0, 0, 5, 222.98, 126259, 1738
1470, 2, 40, 81, 51, 1, 2.65%, 0, 0, 5, 23.63, 126413, 1738
1475, 2, 40, 81, 51, 1, 2.65%, 0, 0, 5, 12.56, 126448, 1738
1480, 2, 40, 81, 51, 1, 2.65%, 0, 0, 5, 8.91, 126481, 1738
1485, 2, 40, 81, 51, 1, 2.65%, 0, 0, 5, 7.64, 126514, 1738
1490, 2, 6, 81, 51, 1, 2.65%, 0, 0, 5, 128.22, 127121, 1738
1495, 2, 6, 81, 51, 1, 2.65%, 0, 0, 5, 4.25, 127204, 1738
1500, 2, 6, 81, 51, 1, 2.65%, 0, 0, 5, 4.29, 127226, 1738
1505, 2, 6, 81, 51, 1, 2.65%, 0, 0, 5, 4.18, 127247, 1738
1510, 2, 6, 81, 51, 1, 2.65%, 0, 0, 5, 143.48, 127889, 1738
1516, 2, 6, 81, 51, 1, 2.65%, 0, 0, 5, 5.67, 127919, 1738
1521, 2, 27, 81, 50, 1, 2.65%, 0, 0, 5, 201.10, 128134, 1738
1526, 2, 27, 81, 50, 1, 2.65%, 0, 0, 5, 5.99, 128264, 1738
1532, 2, 27, 81, 50, 1, 2.65%, 0, 0, 5, 4.16, 128272, 1738
1537, 2, 27, 81, 50, 1, 2.65%, 0, 0, 5, 3.15, 128281, 1738
1543, 2, 27, 81, 50, 1, 2.65%, 0, 0, 5, 2.53, 128290, 1738
1548, 2, 27, 81, 50, 1, 2.65%, 0, 0, 5, 10.18, 128412, 1738
1553, 2, 27, 81, 50, 1, 2.65%, 0, 0, 5, 10.23, 128540, 1738
1558, 2, 30, 81, 50, 1, 2.65%, 0, 0, 5, 163.16, 129053, 1738
1563, 2, 30, 81, 50, 1, 2.65%, 0, 0, 5, 6.83, 129222, 1738
1568, 2, 30, 81, 50, 1, 2.65%, 0, 0, 5, 7.25, 129260, 1738
1573, 2, 30, 81, 50, 1, 2.65%, 0, 0, 5, 8.01, 129301, 1738
1578, 2, 30, 81, 50, 1, 2.65%, 0, 0, 5, 6.06, 129491, 1738
1584, 2, 30, 81, 50, 1, 2.65%, 0, 0, 5, 5.64, 129639, 1738
1589, 2, 30, 81, 50, 1, 2.65%, 0, 0, 5, 6.93, 129677, 1738
1594, 2, 30, 81, 50, 1, 2.65%, 0, 0, 5, 14.01, 129841, 1738
1599, 2, 30, 81, 50, 1, 2.65%, 0, 0, 5, 9.58, 129881, 1738
1604, 2, 41, 81, 50, 1, 2.65%, 0, 0, 5, 203.89, 130096, 1738
1609, 2, 41, 81, 50, 1, 2.65%, 0, 0, 5, 10.04, 130585, 1738
1615, 2, 41, 81, 50, 1, 2.65%, 0, 0, 5, 210.00, 130665, 1738
1620, 2, 41, 81, 50, 1, 2.65%, 0, 0, 5, 192.79, 131624, 1738
1625, 2, 41, 81, 50, 1, 2.65%, 0, 0, 5, 6.13, 131803, 1738
1630, 2, 41, 81, 50, 1, 2.65%, 0, 0, 5, 5.38, 131829, 1738
1635, 2, 41, 81, 50, 1, 2.65%, 0, 0, 5, 6.54, 131864, 1738
1640, 2, 41, 81, 50, 1, 2.65%, 0, 0, 5, 95.25, 132066, 1738
1645, 2, 41, 81, 50, 1, 2.65%, 0, 0, 5, 8.81, 132233, 1738
1650, 2, 41, 81, 50, 1, 2.65%, 0, 0, 5, 6.43, 132260, 1738
1656, 2, 41, 81, 50, 1, 2.65%, 0, 0, 5, 148.27, 132411, 1738
1661, 2, 33, 81, 50, 1, 2.65%, 0, 0, 5, 7.73, 133149, 1738
1666, 2, 33, 81, 50, 1, 2.65%, 0, 0, 5, 35.97, 133347, 1738
1671, 2, 33, 81, 50, 1, 2.65%, 0, 0, 5, 5.15, 133384, 1738
1676, 2, 33, 81, 50, 1, 2.65%, 0, 0, 5, 2.16, 133477, 1738
1681, 2, 69, 81, 49, 1, 2.65%, 0, 0, 5, 28.19, 133525, 1738
1686, 2, 69, 81, 49, 1, 2.65%, 0, 0, 5, 28.11, 133666, 1738
1691, 2, 69, 81, 49, 1, 2.65%, 0, 0, 5, 28.84, 133817, 1738
1697, 2, 69, 81, 49, 1, 2.65%, 0, 0, 5, 28.33, 133961, 1738
1702, 2, 69, 81, 49, 1, 2.65%, 0, 0, 5, 27.72, 134098, 1738
1707, 2, 69, 81, 49, 1, 2.65%, 0, 0, 5, 28.26, 134242, 1738
1712, 2, 69, 81, 49, 1, 2.65%, 0, 0, 5, 28.64, 134386, 1738
1717, 2, 69, 81, 49, 1, 2.65%, 0, 0, 5, 27.78, 134527, 1738
1722, 2, 69, 81, 49, 1, 2.65%, 0, 0, 5, 28.52, 134671, 1738
1727, 2, 69, 81, 49, 1, 2.65%, 0, 0, 5, 28.68, 134815, 1738
1732, 2, 69, 81, 49, 1, 2.65%, 0, 0, 5, 28.77, 134959, 1738
1737, 2, 69, 81, 49, 1, 2.65%, 0, 0, 5, 28.83, 135104, 1738
1742, 2, 69, 81, 49, 1, 2.65%, 0, 0, 5, 27.01, 135241, 1738
1747, 2, 69, 81, 49, 1, 2.65%, 0, 0, 5, 22.12, 135352, 1738
1752, 2, 69, 81, 49, 1, 2.65%, 0, 0, 5, 4.67, 135412, 1738
1757, 2, 69, 82, 50, 1, 2.67%, 0, 0, 6, 4.77, 135434, 1747
1763, 2, 69, 82, 50, 1, 2.67%, 0, 0, 6, 4.75, 135458, 1747
1768, 2, 69, 82, 50, 1, 2.67%, 0, 0, 6, 29.96, 135558, 1747
1773, 2, 69, 82, 50, 1, 2.67%, 0, 0, 6, 25.58, 135806, 1747
1778, 2, 41, 82, 49, 1, 2.67%, 0, 0, 6, 12.84, 136325, 1747
1783, 2, 41, 82, 49, 1, 2.67%, 0, 0, 6, 9.19, 136434, 1747
1789, 2, 41, 83, 50, 1, 2.67%, 0, 0, 6, 8.58, 136479, 1747
1794, 2, 41, 83, 50, 1, 2.67%, 0, 0, 6, 8.23, 136520, 1747
1800, 2, 41, 83, 50, 1, 2.67%, 0, 0, 6, 6.54, 136824, 1747
1805, 2, 41, 83, 50, 1, 2.67%, 0, 0, 6, 6.95, 136862, 1747
1810, 2, 41, 83, 50, 1, 2.67%, 0, 0, 6, 79.15, 137161, 1747
1815, 2, 41, 84, 51, 1, 2.67%, 0, 0, 6, 11.33, 137665, 1752
1820, 2, 41, 84, 51, 1, 2.67%, 0, 0, 6, 10.45, 137718, 1752
1826, 2, 41, 84, 51, 1, 2.67%, 0, 0, 6, 10.96, 137818, 1752
1831, 2, 41, 84, 51, 1, 2.67%, 0, 0, 6, 109.45, 137884, 1752
1836, 2, 41, 84, 51, 1, 2.67%, 0, 0, 6, 17.57, 138242, 1752
1841, 2, 41, 84, 51, 1, 2.67%, 0, 0, 6, 11.21, 138285, 1752
1846, 2, 41, 84, 51, 1, 2.67%, 0, 0, 6, 15.65, 138359, 1752
1851, 2, 41, 84, 51, 1, 2.67%, 0, 0, 6, 28.29, 138489, 1752
1856, 2, 14, 84, 51, 2, 2.67%, 0, 0, 6, 172.99, 138974, 1752
1862, 2, 14, 84, 51, 2, 2.67%, 0, 0, 6, 12.39, 139210, 1752
1867, 2, 14, 84, 51, 2, 2.67%, 0, 0, 6, 9.25, 139245, 1752
1872, 2, 14, 84, 51, 2, 2.67%, 0, 0, 6, 9.28, 139291, 1752
1877, 2, 14, 84, 51, 2, 2.67%, 0, 0, 6, 10.36, 139342, 1752
1882, 2, 14, 84, 51, 2, 2.67%, 0, 0, 6, 7.43, 139373, 1752
1887, 2, 14, 84, 51, 2, 2.67%, 0, 0, 6, 6.37, 139404, 1752
1893, 2, 14, 84, 51, 2, 2.67%, 0, 0, 6, 216.50, 139561, 1752
1898, 2, 14, 84, 51, 2, 2.67%, 0, 0, 6, 14.78, 139817, 1752
1903, 2, 14, 84, 51, 2, 2.67%, 0, 0, 6, 103.54, 140187, 1752
1908, 2, 14, 84, 51, 2, 2.67%, 0, 0, 6, 4.85, 140264, 1752
1913, 2, 14, 85, 52, 2, 2.67%, 0, 0, 6, 4.77, 140287, 1752
1918, 2, 14, 85, 52, 2, 2.67%, 0, 0, 6, 4.81, 140312, 1752
1923, 2, 14, 85, 52, 2, 2.67%, 0, 0, 6, 4.75, 140336, 1752
1928, 2, 14, 86, 53, 2, 2.67%, 0, 0, 6, 4.83, 140361, 1752
1933, 2, 14, 86, 53, 2, 2.67%, 0, 0, 6, 4.78, 140386, 1752
1939, 2, 14, 86, 53, 2, 2.67%, 0, 0, 6, 4.82, 140411, 1752
1944, 2, 14, 87, 54, 2, 2.67%, 0, 0, 6, 4.76, 140435, 1752
1949, 2, 14, 87, 54, 2, 2.67%, 0, 0, 6, 5.01, 140462, 1752
1954, 2, 14, 87, 54, 2, 2.67%, 0, 0, 6, 4.89, 140487, 1752
1959, 2, 14, 87, 54, 2, 2.67%, 0, 0, 6, 4.91, 140512, 1752
1964, 2, 14, 87, 54, 2, 2.67%, 0, 0, 6, 4.69, 140534, 1752
1969, 2, 14, 87, 54, 2, 2.67%, 0, 0, 6, 4.80, 140559, 1752
1974, 2, 14, 87, 54, 2, 2.67%, 0, 0, 6, 4.81, 140584, 1752
1980, 2, 14, 87, 54, 2, 2.67%, 0, 0, 6, 4.88, 140609, 1752
1985, 2, 14, 87, 54, 2, 2.67%, 0, 0, 6, 4.85, 140633, 1752
1990, 2, 14, 87, 54, 2, 2.67%, 0, 0, 6, 4.83, 140658, 1752
1995, 2, 14, 87, 54, 2, 2.67%, 0, 0, 6, 4.73, 140682, 1752
2000, 2, 14, 87, 54, 2, 2.67%, 0, 0, 6, 4.82, 140707, 1752
2005, 2, 14, 87, 54, 2, 2.67%, 0, 0, 6, 4.85, 140732, 1752
2010, 2, 14, 87, 54, 2, 2.67%, 0, 0, 6, 4.83, 140757, 1752
2015, 2, 14, 87, 54, 2, 2.67%, 0, 0, 6, 4.96, 140783, 1752
2020, 2, 14, 87, 54, 2, 2.67%, 0, 0, 6, 4.87, 140808, 1752
2026, 2, 14, 87, 54, 2, 2.67%, 0, 0, 6, 4.93, 140835, 1752
2031, 2, 14, 87, 54, 2, 2.67%, 0, 0, 6, 4.91, 140860, 1752
2036, 2, 14, 87, 54, 2, 2.67%, 0, 0, 6, 4.85, 140885, 1752
2041, 2, 14, 87, 54, 2, 2.67%, 0, 0, 6, 4.97, 140910, 1752
2046, 2, 14, 87, 54, 2, 2.67%, 0, 0, 6, 25.99, 140954, 1752
2051, 2, 6, 87, 54, 2, 2.67%, 0, 0, 6, 148.81, 141457, 1752
2056, 2, 6, 87, 54, 2, 2.67%, 0, 0, 6, 4.72, 141690, 1752
2061, 2, 6, 87, 54, 2, 2.67%, 0, 0, 6, 4.81, 141715, 1752
2067, 2, 6, 87, 54, 2, 2.67%, 0, 0, 6, 4.77, 141739, 1752
2072, 2, 6, 87, 54, 2, 2.67%, 0, 0, 6, 5.02, 141765, 1752
2077, 2, 6, 87, 54, 2, 2.67%, 0, 0, 6, 4.81, 141789, 1752
2082, 2, 6, 87, 54, 2, 2.67%, 0, 0, 6, 4.77, 141812, 1752
2087, 2, 6, 87, 54, 2, 2.67%, 0, 0, 6, 6.96, 142120, 1752
2092, 2, 6, 87, 54, 2, 2.67%, 0, 0, 6, 6.82, 142154, 1752
2097, 2, 6, 87, 54, 2, 2.67%, 0, 0, 6, 214.32, 142257, 1752
2102, 2, 6, 87, 54, 2, 2.67%, 0, 0, 6, 7.31, 142294, 1752
2108, 2, 6, 87, 54, 2, 2.67%, 0, 0, 6, 7.23, 142330, 1752
2113, 2, 6, 87, 54, 2, 2.67%, 0, 0, 6, 4.87, 142351, 1752
2118, 2, 6, 87, 54, 2, 2.67%, 0, 0, 6, 4.20, 142369, 1752
2123, 2, 6, 87, 54, 2, 2.67%, 0, 1, 6, 2.33, 142386, 1752
2128, 2, 6, 87, 54, 2, 2.67%, 0, 1, 6, 118.17, 142559, 1752
2133, 2, 41, 87, 54, 2, 2.67%, 0, 1, 6, 23.88, 143230, 1752
2143, 2, 41, 88, 55, 2, 2.70%, 0, 1, 6, 1.02, 143261, 1768
2149, 2, 41, 88, 55, 2, 2.70%, 0, 1, 6, 10.61, 143308, 1768
2154, 2, 41, 88, 55, 2, 2.70%, 0, 1, 6, 10.44, 143360, 1768
2159, 2, 41, 89, 56, 2, 2.70%, 0, 1, 6, 3.67, 143433, 1768
2164, 2, 41, 90, 57, 2, 2.70%, 0, 1, 6, 3.62, 143451, 1768
2169, 2, 41, 90, 57, 2, 2.70%, 0, 1, 6, 3.67, 143470, 1768
2174, 2, 41, 90, 57, 2, 2.70%, 0, 1, 6, 3.84, 143490, 1768
2180, 2, 41, 90, 57, 2, 2.70%, 0, 1, 6, 4.05, 143512, 1768
2185, 2, 41, 90, 57, 2, 2.70%, 0, 1, 6, 3.75, 143531, 1768
2190, 2, 41, 90, 57, 2, 2.70%, 0, 1, 6, 3.69, 143550, 1768
2195, 2, 41, 90, 57, 2, 2.70%, 0, 1, 6, 3.84, 143571, 1768
2200, 2, 41, 90, 57, 2, 2.70%, 0, 1, 6, 3.71, 143590, 1768
2206, 2, 41, 90, 57, 2, 2.70%, 0, 1, 6, 3.70, 143609, 1768
2211, 2, 41, 90, 57, 2, 2.70%, 0, 1, 6, 3.82, 143629, 1768
2216, 2, 41, 90, 57, 2, 2.70%, 0, 1, 6, 3.69, 143648, 1768
2221, 2, 41, 90, 57, 2, 2.70%, 0, 1, 6, 4.08, 143830, 1768
2226, 2, 41, 90, 57, 2, 2.70%, 0, 1, 6, 4.06, 143851, 1768
2231, 2, 41, 90, 57, 2, 2.70%, 0, 1, 6, 4.04, 143872, 1768
2236, 2, 6, 90, 57, 3, 2.70%, 0, 1, 6, 155.80, 144499, 1768
2242, 2, 6, 90, 57, 3, 2.70%, 0, 1, 6, 6.15, 145200, 1768
2247, 2, 6, 90, 57, 3, 2.70%, 0, 1, 6, 6.34, 145233, 1768
2252, 2, 6, 90, 57, 3, 2.70%, 0, 1, 6, 6.92, 145269, 1768
2257, 2, 6, 90, 57, 3, 2.70%, 0, 1, 6, 6.82, 145302, 1768
2262, 2, 6, 90, 57, 3, 2.70%, 0, 1, 6, 10.64, 145547, 1768
2267, 2, 6, 90, 57, 3, 2.70%, 0, 1, 6, 8.32, 145580, 1768
2273, 2, 6, 90, 57, 3, 2.70%, 0, 1, 6, 6.95, 145613, 1768
2278, 2, 6, 90, 57, 3, 2.70%, 0, 1, 6, 154.41, 145897, 1768
2283, 2, 6, 90, 57, 3, 2.70%, 0, 1, 6, 2.41, 146194, 1768
2288, 2, 6, 90, 57, 3, 2.70%, 0, 1, 6, 3.63, 146214, 1768
2294, 2, 6, 90, 57, 3, 2.70%, 0, 1, 6, 3.53, 146232, 1768
2299, 2, 6, 90, 57, 3, 2.70%, 0, 1, 6, 3.47, 146249, 1768
2304, 2, 6, 90, 57, 3, 2.70%, 0, 1, 6, 3.45, 146267, 1768
2309, 2, 6, 90, 57, 3, 2.70%, 0, 1, 6, 3.76, 146286, 1768
2314, 2, 6, 90, 57, 3, 2.70%, 0, 1, 6, 5.44, 146316, 1768
2319, 2, 6, 90, 57, 3, 2.70%, 0, 1, 6, 8.99, 146362, 1768
2324, 2, 6, 90, 57, 3, 2.70%, 0, 1, 6, 9.11, 146408, 1768
2329, 2, 6, 90, 57, 3, 2.70%, 0, 1, 6, 6.78, 146437, 1768
2334, 2, 6, 90, 57, 3, 2.70%, 0, 1, 6, 6.23, 146467, 1768
2340, 2, 6, 90, 57, 3, 2.70%, 0, 1, 6, 5.88, 146497, 1768
2345, 2, 6, 90, 57, 3, 2.70%, 0, 1, 6, 100.60, 146734, 1768
2350, 2, 5, 90, 57, 3, 2.70%, 0, 1, 6, 83.74, 146865, 1768
2355, 2, 5, 90, 57, 3, 2.70%, 0, 1, 6, 6.25, 146915, 1768
2360, 2, 14, 90, 57, 3, 2.70%, 0, 1, 6, 192.54, 147324, 1768
2365, 2, 14, 90, 57, 3, 2.70%, 0, 1, 6, 4.67, 147992, 1768
2370, 2, 14, 90, 57, 3, 2.70%, 0, 1, 6, 5.60, 148022, 1768
2375, 2, 14, 90, 57, 3, 2.70%, 0, 1, 6, 5.27, 148048, 1768
2380, 2, 14, 90, 57, 3, 2.70%, 0, 1, 6, 6.00, 148239, 1768
2385, 2, 14, 90, 57, 3, 2.70%, 0, 1, 6, 6.88, 148276, 1768
2391, 2, 14, 90, 57, 3, 2.70%, 0, 1, 6, 7.65, 148314, 1768
2396, 2, 14, 90, 57, 3, 2.70%, 0, 1, 6, 12.81, 148385, 1768
2401, 2, 14, 90, 57, 3, 2.70%, 0, 1, 6, 1.01, 148476, 1768
2407, 2, 14, 90, 57, 3, 2.70%, 0, 2, 6, 1.06, 148483, 1768
2412, 2, 14, 90, 57, 3, 2.70%, 0, 2, 6, 1.18, 148490, 1768
2418, 2, 14, 90, 57, 3, 2.70%, 0, 2, 6, 1.02, 148498, 1768
2424, 2, 14, 90, 57, 3, 2.70%, 0, 2, 6, 1.08, 148505, 1768
2429, 2, 14, 90, 57, 3, 2.70%, 0, 2, 6, 1.11, 148511, 1768
2434, 2, 14, 90, 57, 3, 2.70%, 0, 2, 6, 1.25, 148517, 1768
2439, 2, 14, 90, 57, 3, 2.70%, 0, 2, 6, 1.23, 148523, 1768
2445, 2, 14, 90, 57, 3, 2.70%, 0, 2, 6, 1.16, 148529, 1768
2451, 2, 14, 90, 57, 3, 2.70%, 0, 2, 6, 1.19, 148535, 1768
2456, 2, 14, 90, 57, 3, 2.70%, 0, 2, 6, 1.14, 148541, 1768
2469, 2, 14, 91, 58, 3, 2.70%, 0, 2, 6, 1.47, 148555, 1768
2474, 2, 14, 91, 58, 3, 2.70%, 0, 2, 6, 1.58, 148564, 1768
2479, 2, 14, 91, 58, 3, 2.70%, 0, 2, 6, 1.52, 148570, 1768
2485, 2, 14, 91, 58, 3, 2.70%, 0, 2, 6, 1.50, 148577, 1768
2491, 2, 14, 91, 58, 3, 2.70%, 0, 2, 6, 1.68, 148585, 1768
2496, 2, 14, 91, 58, 3, 2.70%, 0, 2, 6, 1.61, 148591, 1768
2502, 2, 14, 91, 58, 3, 2.70%, 0, 2, 6, 1.49, 148598, 1768
2507, 2, 14, 91, 58, 3, 2.70%, 0, 2, 6, 1.36, 148604, 1768
2512, 2, 14, 91, 58, 3, 2.70%, 0, 2, 6, 1.41, 148610, 1768
2517, 2, 14, 91, 58, 3, 2.70%, 0, 2, 6, 1.39, 148617, 1768
2523, 2, 14, 91, 58, 3, 2.70%, 0, 2, 6, 1.43, 148624, 1768
2529, 2, 14, 91, 58, 3, 2.70%, 0, 2, 6, 1.46, 148632, 1768
2535, 2, 14, 91, 58, 3, 2.70%, 0, 2, 6, 1.32, 148638, 1768
2540, 2, 14, 91, 58, 3, 2.70%, 0, 2, 6, 184.53, 148771, 1768
2545, 2, 14, 91, 58, 3, 2.70%, 0, 2, 6, 8.47, 148856, 1768
2550, 2, 83, 91, 58, 3, 2.70%, 0, 2, 6, 10.79, 148975, 1768
2555, 2, 83, 91, 58, 3, 2.70%, 0, 2, 6, 11.19, 149014, 1768
2561, 2, 83, 91, 58, 3, 2.70%, 0, 2, 6, 10.78, 149062, 1768
2566, 2, 83, 91, 58, 3, 2.70%, 0, 2, 6, 11.00, 149119, 1768
2571, 2, 83, 91, 58, 3, 2.70%, 0, 2, 6, 11.03, 149165, 1768
2576, 2, 83, 91, 58, 3, 2.70%, 0, 2, 6, 11.01, 149222, 1768
2581, 2, 83, 91, 58, 3, 2.70%, 0, 2, 6, 11.05, 149279, 1768
2586, 2, 83, 91, 58, 3, 2.70%, 0, 2, 6, 1.89, 149326, 1768
2591, 2, 83, 91, 58, 3, 2.70%, 0, 2, 6, 11.19, 149383, 1768
2596, 2, 83, 91, 58, 3, 2.70%, 0, 2, 6, 11.16, 149440, 1768
2602, 2, 83, 91, 58, 3, 2.70%, 0, 2, 6, 11.12, 149497, 1768
2607, 2, 83, 91, 58, 3, 2.70%, 0, 2, 6, 11.17, 149554, 1768
2612, 2, 83, 91, 58, 3, 2.70%, 0, 2, 6, 11.17, 149611, 1768
2617, 2, 83, 91, 58, 3, 2.70%, 0, 2, 6, 11.13, 149668, 1768
2622, 2, 83, 91, 58, 3, 2.70%, 0, 2, 6, 10.74, 149716, 1768
2627, 2, 83, 91, 58, 3, 2.70%, 0, 2, 6, 10.86, 149773, 1768
2633, 2, 83, 91, 58, 3, 2.70%, 0, 2, 6, 10.93, 149830, 1768
2638, 2, 83, 91, 58, 3, 2.70%, 0, 2, 6, 11.05, 149887, 1768
2643, 2, 83, 91, 58, 3, 2.70%, 0, 2, 6, 11.05, 149944, 1768
2648, 2, 83, 91, 58, 3, 2.70%, 0, 2, 6, 11.15, 150001, 1768
2653, 2, 83, 91, 58, 3, 2.70%, 0, 2, 6, 11.11, 150058, 1768
2658, 2, 83, 91, 58, 3, 2.70%, 0, 2, 6, 11.10, 150115, 1768
2663, 2, 83, 91, 58, 3, 2.70%, 0, 2, 6, 10.63, 150170, 1768
2669, 2, 83, 91, 58, 3, 2.70%, 0, 2, 6, 9.49, 150218, 1768
2674, 2, 83, 91, 58, 3, 2.70%, 0, 2, 6, 10.37, 150273, 1768
2679, 2, 83, 91, 58, 3, 2.70%, 0, 2, 6, 8.71, 150310, 1768
2684, 2, 83, 91, 58, 3, 2.70%, 0, 2, 6, 8.40, 150349, 1768
2689, 2, 83, 91, 58, 3, 2.70%, 0, 2, 6, 10.89, 150385, 1768
2694, 2, 83, 91, 58, 3, 2.70%, 0, 2, 6, 10.22, 150433, 1768
2700, 2, 83, 91, 58, 3, 2.70%, 0, 2, 6, 9.45, 150478, 1768
2705, 2, 83, 91, 58, 3, 2.70%, 0, 2, 6, 8.73, 150518, 1768
2710, 2, 83, 91, 58, 3, 2.70%, 0, 2, 6, 9.43, 150561, 1768
2715, 2, 83, 91, 58, 3, 2.70%, 0, 2, 6, 10.50, 150612, 1768
2720, 2, 83, 91, 58, 3, 2.70%, 0, 2, 6, 10.68, 150761, 1768
2726, 2, 83, 91, 58, 3, 2.70%, 0, 2, 6, 54.46, 150868, 1768
2731, 2, 83, 91, 58, 3, 2.70%, 0, 2, 6, 5.77, 150919, 1768
2736, 2, 83, 91, 58, 3, 2.70%, 0, 2, 6, 17.19, 151095, 1768
2741, 2, 83, 91, 58, 3, 2.70%, 0, 2, 6, 2.66, 151224, 1768
2746, 2, 83, 91, 58, 3, 2.70%, 0, 2, 6, 2.68, 151238, 1768
2752, 2, 83, 91, 58, 3, 2.70%, 0, 2, 6, 2.59, 151250, 1768
2757, 2, 83, 91, 58, 3, 2.70%, 0, 2, 6, 2.43, 151262, 1768
2762, 2, 27, 91, 57, 2, 2.70%, 0, 2, 6, 3.49, 151574, 1768
2767, 2, 27, 91, 57, 2, 2.70%, 0, 2, 6, 3.37, 151591, 1768
2772, 2, 27, 91, 57, 2, 2.70%, 0, 2, 6, 3.59, 151609, 1768
2777, 2, 27, 91, 57, 2, 2.70%, 0, 2, 6, 5.12, 151635, 1768
2782, 2, 27, 91, 57, 2, 2.70%, 0, 2, 6, 5.21, 151663, 1768
2787, 2, 27, 91, 57, 2, 2.70%, 0, 2, 6, 8.54, 151798, 1768
2793, 2, 27, 91, 57, 2, 2.70%, 0, 2, 6, 6.07, 151822, 1768
2798, 2, 27, 91, 57, 2, 2.70%, 0, 2, 6, 8.11, 151854, 1768
2803, 2, 41, 91, 57, 2, 2.70%, 0, 2, 6, 8.18, 152378, 1768
2808, 2, 41, 91, 57, 2, 2.70%, 0, 2, 6, 9.81, 152427, 1768
2813, 2, 41, 91, 57, 2, 2.70%, 0, 2, 6, 14.41, 152498, 1768
2818, 2, 41, 91, 57, 2, 2.70%, 0, 2, 6, 3.23, 152541, 1768
2823, 2, 41, 91, 57, 2, 2.70%, 0, 2, 6, 3.36, 152559, 1768
2829, 2, 41, 91, 57, 2, 2.70%, 0, 2, 6, 3.36, 152576, 1768
2834, 2, 41, 91, 57, 2, 2.70%, 0, 2, 6, 10.64, 152667, 1768
2839, 2, 41, 91, 57, 2, 2.70%, 0, 2, 6, 43.49, 152799, 1768
2844, 2, 41, 91, 57, 2, 2.70%, 0, 2, 6, 9.35, 153106, 1768
2849, 2, 14, 91, 57, 2, 2.70%, 0, 2, 6, 166.33, 153286, 1768
2854, 2, 14, 91, 57, 2, 2.70%, 0, 2, 6, 21.19, 153961, 1768
2860, 2, 14, 91, 57, 2, 2.70%, 0, 2, 6, 7.78, 154009, 1768
2865, 2, 14, 91, 57, 2, 2.70%, 0, 2, 6, 8.88, 154058, 1768
2870, 2, 14, 91, 57, 2, 2.70%, 0, 2, 6, 8.71, 154101, 1768
2875, 2, 14, 91, 57, 2, 2.70%, 0, 2, 6, 1.82, 154369, 1768
2881, 2, 14, 91, 57, 2, 2.70%, 0, 2, 6, 1.81, 154378, 1768
2886, 2, 14, 91, 57, 2, 2.70%, 0, 2, 6, 1.87, 154388, 1768
2891, 2, 14, 91, 57, 2, 2.70%, 0, 2, 6, 1.84, 154397, 1768
2897, 2, 14, 91, 57, 2, 2.70%, 0, 2, 6, 1.72, 154406, 1768
2902, 2, 14, 91, 57, 2, 2.70%, 0, 2, 6, 1.80, 154415, 1768
2908, 2, 14, 91, 57, 2, 2.70%, 0, 2, 6, 1.82, 154425, 1768
2913, 2, 14, 91, 57, 2, 2.70%, 0, 2, 6, 2.08, 154436, 1768
2919, 2, 14, 91, 57, 2, 2.70%, 0, 2, 6, 2.47, 154449, 1768
2924, 2, 14, 91, 57, 2, 2.70%, 0, 2, 6, 3.00, 154466, 1768
2929, 2, 14, 91, 57, 2, 2.70%, 0, 2, 6, 3.41, 154485, 1768
2935, 2, 14, 91, 57, 2, 2.70%, 0, 2, 6, 3.41, 154503, 1768
2940, 2, 14, 91, 57, 2, 2.70%, 0, 2, 6, 3.47, 154521, 1768
2945, 2, 14, 91, 57, 2, 2.70%, 0, 2, 6, 3.52, 154539, 1768
2950, 2, 14, 91, 57, 2, 2.70%, 0, 2, 6, 3.69, 154559, 1768
2955, 2, 14, 91, 57, 2, 2.70%, 0, 2, 6, 3.93, 154580, 1768
2960, 2, 14, 91, 57, 2, 2.70%, 0, 2, 6, 3.77, 154599, 1768
2966, 2, 14, 91, 57, 2, 2.70%, 0, 2, 6, 4.45, 154622, 1768
2971, 2, 14, 91, 57, 2, 2.70%, 0, 2, 6, 6.05, 154657, 1768
2976, 2, 14, 91, 57, 2, 2.70%, 0, 2, 6, 7.19, 154695, 1768
2981, 2, 14, 91, 57, 2, 2.70%, 0, 2, 6, 14.95, 154783, 1768
2986, 2, 14, 91, 57, 2, 2.70%, 0, 2, 6, 10.56, 154819, 1768
2991, 2, 14, 91, 57, 2, 2.70%, 0, 2, 6, 9.00, 154858, 1768
2997, 2, 14, 91, 57, 2, 2.70%, 0, 2, 6, 5.71, 154967, 1768
3002, 2, 14, 91, 57, 2, 2.70%, 0, 2, 6, 5.78, 154997, 1768
3007, 2, 40, 91, 57, 2, 2.70%, 0, 2, 6, 208.33, 155108, 1768
3012, 2, 40, 91, 57, 2, 2.70%, 0, 2, 6, 3.22, 155910, 1768
3017, 2, 40, 91, 57, 2, 2.70%, 0, 2, 6, 2.72, 155919, 1768
3022, 2, 40, 91, 57, 2, 2.70%, 0, 2, 6, 2.30, 155927, 1768
3028, 2, 40, 91, 57, 2, 2.70%, 0, 2, 6, 2.02, 155935, 1768
3033, 2, 40, 91, 57, 2, 2.70%, 0, 2, 6, 2.00, 155945, 1768
3039, 2, 40, 91, 57, 2, 2.70%, 0, 2, 6, 1.90, 155954, 1768
3044, 2, 40, 91, 57, 2, 2.70%, 0, 2, 6, 1.89, 155963, 1768
3050, 2, 40, 91, 57, 2, 2.70%, 0, 2, 6, 2.02, 155973, 1768
3055, 2, 40, 91, 57, 2, 2.70%, 0, 2, 6, 1.85, 155981, 1768
3060, 2, 40, 91, 57, 2, 2.70%, 0, 2, 6, 1.67, 155989, 1768
3066, 2, 40, 91, 57, 2, 2.70%, 0, 2, 6, 1.93, 155999, 1768
3071, 2, 40, 91, 57, 2, 2.70%, 0, 2, 6, 1.91, 156009, 1768
3077, 2, 40, 91, 57, 2, 2.70%, 0, 2, 6, 1.88, 156017, 1768
3082, 2, 40, 92, 58, 2, 2.70%, 0, 2, 6, 2.93, 156036, 1768
3087, 2, 40, 92, 58, 2, 2.70%, 0, 2, 6, 3.70, 156057, 1768
3092, 2, 40, 92, 58, 2, 2.70%, 0, 2, 6, 3.90, 156078, 1768
3097, 2, 40, 92, 58, 2, 2.70%, 0, 2, 6, 4.05, 156099, 1768
3102, 2, 40, 92, 58, 2, 2.70%, 0, 2, 6, 4.16, 156120, 1768
3107, 2, 40, 92, 58, 2, 2.70%, 0, 2, 6, 4.16, 156142, 1768
3113, 2, 40, 92, 58, 2, 2.70%, 0, 2, 6, 4.10, 156163, 1768
3118, 2, 40, 92, 58, 2, 2.70%, 0, 2, 6, 4.12, 156184, 1768
3123, 2, 40, 92, 58, 2, 2.70%, 0, 2, 6, 4.11, 156205, 1768
3128, 2, 40, 92, 58, 2, 2.70%, 0, 2, 6, 4.08, 156226, 1768
3133, 2, 40, 92, 58, 2, 2.70%, 0, 2, 6, 6.67, 156258, 1768
3138, 2, 40, 92, 58, 2, 2.70%, 0, 2, 6, 15.27, 156355, 1768
3143, 2, 40, 92, 58, 2, 2.70%, 0, 2, 6, 9.49, 156386, 1768
3148, 2, 40, 92, 58, 2, 2.70%, 0, 2, 6, 7.57, 156420, 1768
3153, 2, 40, 92, 58, 2, 2.70%, 0, 2, 6, 7.24, 156453, 1768
3159, 2, 40, 92, 58, 2, 2.70%, 0, 2, 6, 33.95, 156686, 1768
3164, 2, 40, 92, 58, 2, 2.70%, 0, 2, 6, 4.80, 156716, 1768
3169, 2, 40, 92, 58, 2, 2.70%, 0, 2, 6, 6.23, 156752, 1768
3175, 2, 40, 92, 58, 2, 2.70%, 0, 2, 6, 6.28, 156783, 1768
3180, 2, 40, 92, 58, 2, 2.70%, 0, 2, 6, 11.53, 157134, 1768
3185, 2, 40, 92, 58, 2, 2.70%, 0, 2, 6, 11.34, 157192, 1768
3190, 2, 40, 92, 58, 2, 2.70%, 0, 2, 6, 13.36, 157349, 1768
3196, 2, 40, 92, 58, 2, 2.70%, 0, 2, 6, 10.77, 157398, 1768
3201, 2, 40, 92, 58, 2, 2.70%, 0, 2, 6, 10.34, 157450, 1768
3206, 2, 40, 92, 58, 2, 2.70%, 0, 2, 6, 7.01, 157482, 1768
3211, 2, 40, 92, 58, 2, 2.70%, 0, 2, 6, 6.29, 157512, 1768
3216, 2, 40, 92, 58, 2, 2.70%, 0, 2, 6, 5.79, 157541, 1768
3221, 2, 40, 92, 58, 2, 2.70%, 0, 2, 6, 81.04, 157631, 1768
3227, 2, 41, 92, 58, 2, 2.70%, 0, 2, 6, 144.39, 158446, 1768
3232, 2, 41, 92, 58, 2, 2.70%, 0, 2, 6, 8.46, 158487, 1768
3237, 2, 41, 92, 58, 2, 2.70%, 0, 2, 6, 8.25, 158528, 1768
3242, 2, 41, 92, 58, 2, 2.70%, 0, 2, 6, 124.63, 158735, 1768
3247, 2, 41, 92, 58, 2, 2.70%, 0, 2, 6, 5.06, 158783, 1768
3253, 2, 41, 92, 58, 2, 2.70%, 0, 2, 6, 3.68, 158792, 1768
3258, 2, 41, 92, 58, 2, 2.70%, 0, 2, 6, 2.89, 158800, 1768
3263, 2, 41, 92, 58, 2, 2.70%, 0, 2, 6, 2.51, 158810, 1768
3268, 2, 41, 92, 58, 2, 2.70%, 0, 2, 6, 2.37, 158819, 1768
3274, 2, 41, 92, 58, 2, 2.70%, 0, 2, 6, 2.01, 158827, 1768
3279, 2, 41, 92, 58, 2, 2.70%, 0, 2, 6, 3.47, 158847, 1768
3284, 2, 41, 92, 58, 2, 2.70%, 0, 2, 6, 4.60, 158873, 1768
3289, 2, 32, 92, 58, 2, 2.70%, 0, 2, 6, 201.35, 159541, 1768
3295, 2, 32, 92, 58, 2, 2.70%, 0, 2, 6, 4.63, 159624, 1768
3300, 2, 32, 92, 58, 2, 2.70%, 0, 2, 6, 4.57, 159647, 1768
3305, 2, 32, 92, 58, 2, 2.70%, 0, 2, 6, 4.48, 159670, 1768
3310, 2, 32, 92, 58, 2, 2.70%, 0, 2, 6, 6.22, 159700, 1768
3315, 2, 32, 92, 58, 2, 2.70%, 0, 2, 6, 7.71, 159742, 1768
3320, 2, 32, 92, 58, 2, 2.70%, 0, 2, 6, 15.82, 160024, 1768
3325, 2, 32, 92, 58, 2, 2.70%, 0, 2, 6, 16.29, 160108, 1768
3330, 2, 32, 92, 58, 2, 2.70%, 0, 2, 6, 14.43, 160181, 1768
3335, 2, 32, 92, 58, 2, 2.70%, 0, 2, 6, 10.03, 160225, 1768
3341, 2, 32, 92, 58, 2, 2.70%, 0, 2, 6, 31.02, 160387, 1768
3346, 2, 32, 92, 58, 2, 2.70%, 0, 2, 6, 9.64, 160607, 1768
3351, 2, 32, 92, 58, 2, 2.70%, 0, 2, 6, 8.52, 160649, 1768
3356, 2, 32, 92, 58, 2, 2.70%, 0, 2, 6, 5.34, 160763, 1768
3361, 2, 32, 92, 58, 2, 2.70%, 0, 2, 6, 5.91, 160794, 1768
3366, 2, 32, 92, 58, 2, 2.70%, 0, 2, 6, 5.94, 160825, 1768
3371, 2, 27, 92, 58, 2, 2.70%, 0, 2, 6, 3.99, 161223, 1768
3377, 2, 27, 92, 58, 2, 2.70%, 0, 2, 6, 6.04, 161301, 1768
3382, 2, 27, 92, 58, 2, 2.70%, 0, 2, 6, 6.36, 161335, 1768
3387, 2, 41, 92, 58, 2, 2.70%, 0, 2, 6, 179.36, 161847, 1768
3392, 2, 41, 92, 58, 2, 2.70%, 0, 2, 6, 7.99, 161909, 1768
3397, 2, 41, 92, 58, 2, 2.70%, 0, 2, 6, 4.67, 162207, 1768
3402, 2, 41, 92, 58, 2, 2.70%, 0, 2, 6, 4.81, 162232, 1768
3407, 2, 41, 92, 58, 2, 2.70%, 0, 2, 6, 104.84, 162351, 1768
3413, 2, 41, 92, 58, 2, 2.70%, 0, 2, 6, 5.61, 162501, 1768
3418, 2, 41, 92, 58, 2, 2.70%, 0, 2, 6, 5.45, 162529, 1768
3423, 2, 41, 92, 58, 2, 2.70%, 0, 2, 6, 8.53, 162621, 1768
3428, 2, 30, 92, 58, 2, 2.70%, 0, 2, 6, 177.71, 163134, 1768
3433, 2, 30, 92, 58, 2, 2.70%, 0, 2, 6, 8.48, 163227, 1768
3438, 2, 30, 92, 58, 2, 2.70%, 0, 2, 6, 45.66, 163399, 1768
3443, 2, 30, 92, 58, 2, 2.70%, 0, 2, 6, 32.09, 163551, 1768
3448, 2, 30, 92, 58, 2, 2.70%, 0, 2, 6, 7.55, 163923, 1768
3453, 2, 30, 92, 58, 2, 2.70%, 0, 2, 6, 7.11, 163958, 1768
3459, 2, 27, 92, 58, 2, 2.70%, 0, 2, 6, 8.65, 164309, 1768
3464, 2, 27, 92, 58, 2, 2.70%, 0, 2, 6, 1.00, 164427, 1768
3470, 2, 27, 92, 58, 2, 2.70%, 0, 2, 6, 1.04, 164433, 1768
3476, 2, 27, 92, 58, 2, 2.70%, 0, 2, 6, 1.59, 164442, 1768
3481, 2, 27, 92, 58, 2, 2.70%, 0, 3, 6, 1.46, 164448, 1768
3486, 2, 27, 92, 58, 2, 2.70%, 0, 3, 6, 6.33, 164494, 1768
3491, 2, 27, 92, 58, 2, 2.70%, 0, 3, 6, 7.24, 164532, 1768
3496, 2, 14, 92, 58, 2, 2.70%, 0, 3, 6, 157.27, 165007, 1768
3502, 2, 14, 92, 58, 2, 2.70%, 0, 3, 6, 5.15, 165261, 1768
3507, 2, 14, 92, 58, 2, 2.70%, 0, 3, 6, 3.97, 165279, 1768
3512, 2, 14, 92, 58, 2, 2.70%, 0, 3, 6, 3.74, 165298, 1768
3517, 2, 14, 92, 58, 2, 2.70%, 0, 3, 6, 3.54, 165316, 1768
3522, 2, 14, 92, 58, 2, 2.70%, 0, 3, 6, 203.18, 165542, 1768
3528, 2, 14, 92, 58, 2, 2.70%, 0, 3, 6, 4.53, 165600, 1768
3533, 2, 14, 92, 58, 2, 2.70%, 0, 3, 6, 4.15, 165621, 1768
3538, 2, 14, 92, 58, 2, 2.70%, 0, 3, 6, 4.15, 165643, 1768
3543, 2, 14, 92, 58, 2, 2.70%, 0, 3, 6, 6.26, 165676, 1768
3548, 2, 14, 92, 58, 2, 2.70%, 0, 3, 6, 10.40, 165717, 1768
3553, 2, 14, 92, 58, 2, 2.70%, 0, 3, 6, 221.80, 165822, 1768
3559, 2, 14, 92, 58, 2, 2.70%, 0, 3, 6, 1.07, 165863, 1768
3564, 2, 14, 92, 58, 2, 2.70%, 0, 3, 6, 9.34, 165904, 1768
3570, 2, 14, 92, 58, 2, 2.70%, 0, 3, 6, 5.54, 165924, 1768
3577, 2, 14, 93, 59, 2, 2.70%, 0, 3, 6, 4.24, 165948, 1768
3582, 2, 14, 93, 59, 2, 2.70%, 0, 3, 6, 3.88, 165967, 1768
3587, 2, 14, 93, 59, 2, 2.70%, 0, 3, 6, 3.72, 165986, 1768
3592, 2, 14, 93, 59, 2, 2.70%, 0, 3, 6, 3.68, 166005, 1768
3598, 2, 14, 93, 59, 2, 2.70%, 0, 3, 6, 3.74, 166025, 1768
3603, 2, 14, 93, 59, 2, 2.70%, 0, 3, 6, 3.74, 166044, 1768
3608, 2, 14, 93, 59, 2, 2.70%, 0, 3, 6, 3.71, 166063, 1768
3613, 2, 14, 93, 59, 2, 2.70%, 0, 3, 6, 5.83, 166165, 1768
3618, 2, 14, 93, 59, 2, 2.70%, 0, 3, 6, 7.19, 166204, 1768
3623, 2, 14, 93, 59, 2, 2.70%, 0, 3, 6, 214.29, 166284, 1768
