# relative_time, cycles_done, cur_item, corpus_count, pending_total, pending_favs, map_size, saved_crashes, saved_hangs, max_depth, execs_per_sec, total_execs, edges_found
61, 0, 203, 212, 210, 51, 1.26%, 18, 0, 4, 697.11, 42059, 825
66, 0, 203, 212, 210, 51, 1.26%, 18, 0, 4, 706.03, 45740, 825
71, 0, 203, 215, 213, 51, 1.26%, 20, 0, 4, 704.56, 49292, 825
76, 0, 203, 216, 214, 51, 1.26%, 22, 0, 4, 702.88, 52828, 825
81, 0, 203, 219, 217, 51, 1.26%, 23, 0, 4, 706.83, 56408, 826
86, 0, 203, 221, 219, 51, 1.26%, 23, 0, 4, 705.53, 59980, 826
91, 0, 203, 223, 221, 51, 1.26%, 23, 0, 4, 699.27, 63524, 826
96, 0, 203, 224, 222, 51, 1.26%, 23, 0, 4, 696.89, 67011, 827
101, 0, 216, 227, 224, 50, 1.26%, 24, 0, 5, 715.60, 70625, 827
107, 0, 216, 242, 239, 50, 1.26%, 24, 0, 5, 784.27, 74798, 828
112, 0, 216, 247, 244, 50, 1.26%, 24, 0, 5, 793.01, 78918, 828
117, 0, 216, 251, 248, 50, 1.26%, 24, 0, 5, 780.93, 82790, 828
122, 0, 216, 254, 251, 50, 1.26%, 24, 0, 5, 805.89, 86975, 828
127, 0, 216, 255, 252, 50, 1.26%, 24, 0, 5, 808.94, 91127, 828
132, 0, 216, 255, 252, 50, 1.26%, 24, 0, 5, 806.76, 95207, 828
137, 0, 220, 260, 255, 47, 1.26%, 24, 0, 5, 760.85, 99099, 828
142, 0, 230, 265, 259, 46, 1.27%, 24, 0, 6, 764.24, 103000, 830
147, 0, 230, 269, 263, 46, 1.27%, 24, 0, 6, 758.26, 106812, 830
152, 0, 230, 269, 263, 46, 1.27%, 24, 0, 6, 756.05, 110652, 830
158, 0, 230, 271, 265, 46, 1.27%, 24, 0, 6, 758.23, 114493, 830
163, 0, 230, 272, 266, 46, 1.27%, 24, 0, 6, 758.36, 118356, 830
168, 0, 230, 274, 268, 46, 1.27%, 24, 0, 6, 763.92, 122242, 830
173, 0, 230, 275, 269, 46, 1.27%, 24, 0, 6, 760.13, 126075, 830
178, 0, 230, 275, 269, 46, 1.27%, 24, 0, 6, 747.99, 129900, 830
183, 0, 149, 276, 269, 47, 1.27%, 24, 0, 6, 727.17, 133683, 830
188, 0, 277, 283, 273, 44, 1.27%, 24, 0, 7, 743.67, 137585, 830
193, 0, 135, 285, 272, 41, 1.27%, 24, 0, 7, 727.05, 141191, 830
198, 0, 274, 291, 275, 38, 1.27%, 24, 0, 7, 743.13, 144875, 830
203, 0, 269, 292, 274, 36, 1.27%, 25, 0, 7, 731.60, 148536, 830
208, 0, 113, 297, 277, 34, 1.27%, 25, 0, 7, 698.65, 152031, 830
213, 0, 113, 301, 281, 34, 1.27%, 26, 0, 7, 681.94, 155430, 831
218, 0, 113, 305, 285, 34, 1.27%, 27, 0, 7, 688.55, 158998, 834
224, 0, 113, 307, 287, 34, 1.27%, 27, 0, 7, 686.09, 162576, 834
229, 0, 113, 308, 288, 34, 1.27%, 27, 0, 7, 693.48, 166146, 834
234, 0, 113, 308, 288, 34, 1.27%, 27, 0, 7, 688.20, 169708, 834
239, 0, 113, 308, 288, 34, 1.27%, 28, 0, 7, 693.98, 173309, 834
244, 0, 113, 309, 289, 34, 1.28%, 28, 0, 7, 675.68, 176697, 841
249, 0, 113, 310, 290, 34, 1.28%, 28, 0, 7, 685.27, 180137, 842
254, 0, 303, 314, 293, 38, 1.28%, 28, 0, 7, 691.64, 183741, 842
260, 0, 303, 318, 297, 38, 1.28%, 29, 0, 7, 701.02, 187350, 842
265, 0, 303, 318, 297, 38, 1.28%, 29, 0, 7, 693.76, 190936, 842
270, 0, 303, 319, 298, 38, 1.28%, 29, 0, 7, 691.10, 194519, 842
275, 0, 303, 320, 299, 38, 1.28%, 30, 0, 7, 691.95, 198102, 842
280, 0, 303, 323, 302, 38, 1.28%, 30, 0, 7, 693.67, 201675, 842
285, 0, 303, 324, 303, 38, 1.28%, 31, 0, 7, 692.05, 205284, 842
290, 0, 303, 324, 303, 38, 1.28%, 31, 0, 7, 688.79, 208742, 842
296, 0, 303, 326, 305, 38, 1.30%, 31, 0, 7, 692.34, 212333, 851
301, 0, 303, 326, 305, 38, 1.30%, 31, 0, 7, 697.84, 215921, 851
306, 0, 273, 326, 302, 36, 1.30%, 31, 0, 7, 729.65, 219697, 851
311, 0, 267, 328, 300, 32, 1.30%, 31, 0, 7, 714.52, 223381, 851
316, 0, 128, 329, 299, 30, 1.30%, 32, 0, 7, 734.69, 227248, 851
322, 0, 323, 334, 301, 26, 1.30%, 32, 0, 7, 712.86, 230964, 852
327, 0, 323, 338, 305, 26, 1.30%, 32, 0, 7, 693.49, 234538, 852
332, 0, 323, 339, 306, 26, 1.30%, 33, 0, 7, 696.89, 238147, 852
337, 0, 323, 339, 306, 26, 1.30%, 33, 0, 7, 701.07, 241784, 852
342, 0, 323, 340, 307, 26, 1.30%, 33, 0, 7, 697.03, 245404, 852
347, 0, 323, 341, 308, 26, 1.30%, 33, 0, 7, 699.40, 249031, 854
352, 0, 323, 341, 308, 26, 1.30%, 34, 0, 7, 700.46, 252538, 854
358, 0, 323, 341, 308, 26, 1.30%, 34, 0, 7, 698.53, 256168, 854
363, 0, 323, 341, 308, 26, 1.30%, 35, 0, 7, 702.57, 259776, 854
368, 0, 323, 341, 308, 26, 1.30%, 35, 0, 7, 709.29, 263424, 854
373, 0, 331, 344, 309, 27, 1.30%, 35, 0, 7, 731.30, 267084, 854
378, 0, 342, 345, 307, 25, 1.30%, 35, 0, 7, 727.99, 270702, 854
383, 0, 343, 345, 305, 23, 1.30%, 35, 0, 7, 748.67, 274416, 854
388, 0, 131, 345, 301, 19, 1.30%, 35, 0, 7, 719.81, 277992, 854
393, 0, 340, 349, 303, 17, 1.30%, 36, 0, 7, 740.02, 281965, 854
398, 0, 322, 354, 307, 17, 1.30%, 36, 0, 7, 731.07, 285740, 855
404, 0, 322, 357, 310, 17, 1.30%, 36, 0, 7, 717.38, 289376, 855
409, 0, 322, 360, 313, 17, 1.30%, 36, 0, 7, 714.77, 292998, 855
414, 0, 322, 360, 313, 17, 1.30%, 36, 0, 7, 718.17, 296652, 855
419, 0, 322, 360, 313, 17, 1.30%, 36, 0, 7, 714.31, 300250, 855
424, 0, 322, 360, 313, 17, 1.30%, 36, 0, 7, 720.23, 303918, 855
429, 0, 322, 360, 313, 17, 1.30%, 36, 0, 7, 722.35, 307600, 855
434, 0, 322, 360, 313, 17, 1.30%, 36, 0, 7, 723.29, 311254, 855
439, 0, 322, 360, 313, 17, 1.30%, 36, 0, 7, 726.95, 314908, 855
444, 0, 320, 360, 312, 17, 1.30%, 36, 0, 7, 719.31, 318536, 855
449, 0, 222, 360, 309, 14, 1.30%, 37, 0, 7, 715.21, 322233, 855
454, 0, 351, 360, 307, 12, 1.30%, 38, 0, 7, 725.08, 326034, 855
459, 0, 39, 360, 304, 9, 1.30%, 39, 0, 7, 715.35, 329636, 855
465, 0, 358, 361, 303, 7, 1.30%, 39, 0, 7, 733.39, 333343, 855
470, 0, 194, 363, 302, 4, 1.31%, 40, 0, 7, 709.44, 337051, 859
475, 0, 194, 363, 302, 4, 1.31%, 40, 0, 7, 725.75, 340639, 859
480, 0, 207, 365, 302, 3, 1.31%, 40, 0, 7, 717.83, 344338, 859
485, 0, 365, 367, 303, 4, 1.31%, 41, 0, 7, 719.50, 347956, 861
490, 0, 366, 370, 305, 4, 1.31%, 41, 0, 7, 726.19, 351651, 861
495, 0, 361, 373, 306, 3, 1.32%, 41, 0, 8, 729.58, 355331, 862
500, 0, 371, 376, 308, 4, 1.32%, 42, 0, 8, 732.91, 359027, 868
505, 0, 372, 376, 307, 5, 1.32%, 42, 0, 8, 728.23, 362699, 868
510, 0, 374, 378, 308, 4, 1.32%, 43, 0, 8, 722.95, 366342, 868
515, 0, 375, 379, 307, 2, 1.32%, 43, 0, 8, 740.82, 370245, 868
520, 0, 375, 381, 309, 2, 1.33%, 43, 0, 8, 724.01, 373889, 869
526, 0, 277, 383, 309, 2, 1.33%, 43, 0, 8, 739.20, 377725, 869
531, 0, 308, 383, 308, 1, 1.33%, 43, 0, 8, 731.36, 381418, 869
536, 0, 285, 383, 308, 1, 1.33%, 43, 0, 8, 753.06, 385259, 869
541, 0, 211, 384, 308, 0, 1.33%, 43, 0, 8, 735.88, 388955, 869
546, 0, 211, 384, 308, 0, 1.33%, 43, 0, 8, 751.53, 392763, 869
551, 0, 274, 384, 308, 0, 1.33%, 43, 0, 8, 775.90, 396654, 869
556, 0, 372, 385, 309, 0, 1.33%, 43, 0, 8, 752.68, 400552, 870
561, 0, 372, 385, 309, 0, 1.33%, 43, 0, 8, 738.53, 404248, 870
566, 0, 306, 388, 312, 1, 1.33%, 43, 0, 8, 722.99, 407888, 870
571, 0, 277, 388, 310, 2, 1.33%, 43, 0, 8, 748.09, 411647, 870
576, 0, 227, 388, 310, 2, 1.33%, 43, 0, 8, 758.30, 415462, 870
581, 0, 262, 388, 309, 1, 1.33%, 43, 0, 8, 759.16, 419411, 870
587, 0, 262, 388, 308, 0, 1.33%, 43, 0, 8, 750.91, 423283, 870
592, 0, 277, 389, 309, 0, 1.33%, 43, 0, 8, 755.09, 427021, 870
597, 0, 277, 389, 309, 0, 1.33%, 43, 0, 8, 747.76, 430772, 870
602, 0, 173, 389, 309, 0, 1.33%, 44, 0, 8, 739.57, 434509, 870
607, 0, 374, 389, 309, 0, 1.33%, 44, 0, 8, 742.19, 438241, 870
612, 0, 277, 389, 309, 0, 1.33%, 44, 0, 8, 757.91, 442049, 870
617, 0, 277, 389, 309, 0, 1.33%, 44, 0, 8, 745.64, 445783, 870
622, 0, 277, 389, 309, 0, 1.33%, 44, 0, 8, 756.63, 449691, 870
627, 0, 374, 389, 309, 0, 1.33%, 44, 0, 8, 744.73, 453407, 870
632, 0, 267, 389, 309, 0, 1.33%, 44, 0, 8, 759.61, 457341, 870
637, 0, 277, 389, 309, 0, 1.33%, 44, 0, 8, 756.56, 461175, 870
642, 0, 358, 392, 312, 0, 1.33%, 44, 0, 8, 718.09, 464766, 870
647, 0, 358, 392, 312, 0, 1.33%, 44, 0, 8, 755.83, 468732, 870
652, 0, 277, 392, 312, 0, 1.33%, 44, 0, 8, 754.50, 472547, 870
657, 0, 285, 392, 312, 0, 1.33%, 44, 0, 8, 756.90, 476331, 870
663, 0, 277, 392, 312, 0, 1.33%, 44, 0, 8, 753.97, 480128, 870
668, 0, 277, 392, 312, 0, 1.33%, 44, 0, 8, 757.38, 484057, 870
673, 0, 278, 392, 312, 0, 1.33%, 44, 0, 8, 742.76, 487824, 870
678, 0, 335, 392, 312, 0, 1.33%, 44, 0, 8, 742.91, 491676, 870
683, 0, 325, 393, 313, 0, 1.33%, 44, 0, 8, 712.15, 495360, 870
688, 0, 325, 393, 313, 0, 1.33%, 44, 0, 8, 736.23, 499032, 870
693, 0, 374, 394, 314, 0, 1.33%, 44, 0, 8, 757.89, 502997, 870
698, 0, 211, 394, 314, 0, 1.33%, 44, 0, 8, 748.86, 506717, 870
703, 0, 277, 394, 314, 0, 1.33%, 44, 0, 8, 765.27, 510597, 870
708, 0, 277, 394, 314, 0, 1.33%, 44, 0, 8, 722.17, 514136, 870
713, 0, 277, 394, 314, 0, 1.33%, 44, 0, 8, 737.86, 517873, 870
719, 0, 379, 397, 317, 0, 1.33%, 44, 0, 8, 724.69, 521524, 870
724, 0, 379, 397, 317, 0, 1.33%, 45, 0, 8, 725.50, 525192, 870
729, 0, 379, 397, 317, 0, 1.33%, 45, 0, 8, 713.61, 528804, 870
734, 0, 379, 397, 317, 0, 1.33%, 48, 0, 8, 718.44, 532458, 870
739, 0, 379, 399, 319, 0, 1.33%, 48, 0, 8, 711.03, 536086, 871
744, 0, 379, 399, 319, 0, 1.33%, 48, 0, 8, 729.84, 539768, 871
749, 0, 372, 399, 319, 2, 1.33%, 48, 0, 8, 734.59, 543572, 871
754, 0, 395, 402, 321, 2, 1.33%, 50, 0, 8, 732.68, 547254, 871
759, 0, 399, 404, 322, 2, 1.33%, 50, 0, 9, 731.43, 550975, 871
764, 0, 399, 406, 324, 2, 1.33%, 50, 0, 9, 736.43, 554658, 871
769, 0, 406, 407, 323, 2, 1.33%, 50, 0, 9, 730.33, 558354, 871
775, 0, 277, 407, 321, 1, 1.33%, 50, 0, 9, 725.26, 562113, 871
780, 0, 374, 407, 321, 1, 1.33%, 50, 0, 9, 729.23, 565898, 871
785, 0, 277, 407, 321, 1, 1.33%, 50, 0, 9, 735.95, 569594, 871
790, 0, 367, 407, 320, 0, 1.33%, 50, 0, 9, 721.25, 573373, 871
795, 0, 367, 407, 320, 0, 1.33%, 50, 0, 9, 736.87, 577153, 871
800, 0, 277, 407, 320, 0, 1.33%, 50, 0, 9, 752.71, 580964, 871
805, 0, 236, 408, 321, 0, 1.33%, 51, 0, 9, 761.08, 584789, 871
810, 0, 262, 408, 321, 0, 1.33%, 51, 0, 9, 743.30, 588643, 871
816, 0, 374, 408, 321, 0, 1.33%, 51, 0, 9, 733.95, 592464, 871
821, 0, 374, 408, 321, 0, 1.33%, 51, 0, 9, 738.01, 596197, 871
826, 0, 277, 408, 321, 0, 1.33%, 51, 0, 9, 753.75, 600022, 871
831, 0, 308, 408, 321, 0, 1.33%, 51, 0, 9, 736.01, 603717, 871
836, 0, 374, 408, 321, 0, 1.33%, 51, 0, 9, 738.24, 607566, 871
841, 0, 374, 408, 321, 0, 1.33%, 51, 0, 9, 736.25, 611407, 871
846, 0, 380, 408, 321, 0, 1.33%, 51, 0, 9, 731.77, 615063, 871
851, 0, 379, 408, 321, 0, 1.33%, 51, 0, 9, 734.73, 618820, 871
856, 0, 379, 408, 321, 0, 1.33%, 52, 0, 9, 736.87, 622474, 871
861, 0, 142, 408, 321, 0, 1.33%, 52, 0, 9, 749.87, 626379, 871
866, 0, 372, 408, 321, 0, 1.33%, 52, 0, 9, 742.80, 630063, 871
871, 0, 267, 408, 321, 0, 1.33%, 52, 0, 9, 757.37, 633876, 871
876, 0, 267, 408, 321, 0, 1.33%, 52, 0, 9, 732.95, 637524, 871
881, 0, 277, 411, 324, 0, 1.33%, 52, 0, 9, 737.86, 641258, 871
887, 0, 277, 411, 324, 0, 1.33%, 52, 0, 9, 735.86, 645067, 871
892, 0, 372, 411, 324, 0, 1.33%, 52, 0, 9, 729.06, 648691, 871
897, 0, 274, 411, 324, 0, 1.33%, 52, 0, 9, 730.11, 652358, 871
902, 0, 274, 411, 324, 0, 1.33%, 52, 0, 9, 735.20, 656160, 871
907, 0, 262, 411, 324, 0, 1.33%, 52, 0, 9, 730.26, 659813, 871
912, 0, 374, 411, 324, 0, 1.33%, 52, 0, 9, 735.84, 663536, 871
917, 0, 135, 411, 324, 0, 1.33%, 52, 0, 9, 736.21, 667368, 871
922, 0, 161, 412, 324, 0, 1.33%, 52, 0, 9, 724.62, 671140, 871
927, 0, 372, 413, 325, 0, 1.33%, 52, 0, 9, 734.92, 674979, 871
932, 0, 367, 413, 325, 0, 1.33%, 52, 0, 9, 723.25, 678705, 871
938, 0, 262, 413, 325, 0, 1.33%, 52, 0, 9, 747.95, 682597, 871
943, 0, 374, 413, 325, 0, 1.33%, 52, 0, 9, 748.31, 686374, 871
948, 0, 374, 413, 325, 0, 1.33%, 52, 0, 9, 740.23, 690100, 871
953, 0, 404, 413, 325, 0, 1.33%, 52, 0, 9, 754.86, 693887, 871
958, 0, 404, 414, 326, 0, 1.33%, 52, 0, 10, 778.59, 697840, 871
963, 0, 404, 415, 327, 0, 1.33%, 52, 0, 10, 751.59, 701701, 871
968, 0, 277, 415, 327, 0, 1.33%, 52, 0, 10, 742.86, 705426, 871
973, 0, 358, 415, 327, 0, 1.33%, 52, 0, 10, 715.76, 708983, 871
978, 0, 358, 415, 327, 0, 1.33%, 52, 0, 10, 753.81, 712905, 871
983, 0, 342, 416, 328, 0, 1.33%, 52, 0, 10, 727.91, 716549, 871
988, 0, 342, 417, 329, 0, 1.33%, 52, 0, 10, 691.18, 720074, 871
993, 0, 342, 418, 330, 0, 1.33%, 52, 0, 10, 692.11, 723644, 871
999, 0, 342, 418, 330, 0, 1.33%, 52, 0, 10, 691.63, 727245, 871
1004, 0, 342, 418, 330, 0, 1.33%, 52, 0, 10, 693.69, 730820, 871
1009, 0, 342, 418, 330, 0, 1.33%, 52, 0, 10, 695.99, 734408, 871
1014, 0, 342, 418, 330, 0, 1.33%, 52, 0, 10, 747.20, 738321, 871
1019, 0, 137, 419, 331, 0, 1.33%, 52, 0, 10, 729.92, 742047, 871
1024, 0, 277, 419, 331, 0, 1.33%, 52, 0, 10, 739.72, 745779, 871
1029, 0, 379, 419, 331, 0, 1.33%, 52, 0, 10, 720.05, 749406, 871
1035, 0, 379, 419, 331, 0, 1.33%, 52, 0, 10, 708.24, 753144, 871
1040, 0, 277, 420, 332, 0, 1.33%, 52, 0, 10, 730.62, 756828, 871
1045, 0, 277, 420, 332, 0, 1.33%, 52, 0, 10, 728.92, 760597, 871
1050, 0, 277, 420, 332, 0, 1.33%, 52, 0, 10, 728.20, 764369, 871
1055, 0, 343, 420, 332, 0, 1.33%, 52, 0, 10, 745.60, 768247, 871
1060, 0, 374, 420, 332, 0, 1.33%, 52, 0, 10, 728.06, 771900, 871
1065, 0, 220, 420, 332, 0, 1.33%, 52, 0, 10, 738.77, 775621, 871
1070, 0, 277, 420, 332, 0, 1.33%, 52, 0, 10, 736.06, 779432, 871
1076, 0, 374, 420, 332, 0, 1.33%, 52, 0, 10, 732.63, 783242, 871
1081, 0, 277, 420, 332, 0, 1.33%, 52, 0, 10, 740.12, 786990, 871
1086, 0, 351, 420, 332, 0, 1.33%, 52, 0, 10, 725.11, 790633, 871
1091, 0, 351, 420, 332, 0, 1.33%, 52, 0, 10, 745.91, 794329, 871
1096, 0, 277, 420, 332, 0, 1.33%, 52, 0, 10, 751.46, 798141, 871
1101, 0, 340, 421, 333, 0, 1.33%, 52, 0, 10, 714.94, 801725, 871
1106, 0, 277, 421, 333, 1, 1.33%, 52, 0, 10, 726.95, 805362, 871
1111, 0, 372, 421, 332, 0, 1.33%, 52, 0, 10, 731.66, 809020, 871
1116, 0, 277, 421, 332, 0, 1.33%, 53, 0, 10, 733.85, 812697, 871
1121, 0, 236, 422, 333, 0, 1.33%, 53, 0, 10, 760.50, 816632, 871
1126, 0, 262, 422, 333, 0, 1.33%, 53, 0, 10, 751.61, 820551, 871
1131, 0, 374, 422, 333, 0, 1.33%, 53, 0, 10, 740.46, 824257, 871
1137, 0, 342, 422, 333, 0, 1.33%, 53, 0, 10, 722.40, 828054, 871
1142, 0, 342, 422, 333, 0, 1.33%, 53, 0, 10, 734.40, 831820, 871
1147, 0, 149, 422, 332, 0, 1.33%, 53, 0, 10, 734.65, 835696, 871
1152, 0, 406, 422, 332, 0, 1.33%, 53, 0, 10, 735.68, 839425, 871
1157, 0, 406, 423, 333, 0, 1.33%, 53, 0, 10, 723.16, 843073, 871
1162, 0, 406, 423, 333, 0, 1.33%, 53, 0, 10, 741.80, 846798, 871
1167, 0, 406, 423, 333, 0, 1.33%, 53, 0, 10, 737.12, 850522, 871
1172, 0, 285, 423, 333, 0, 1.33%, 53, 0, 10, 747.03, 854282, 871
1177, 0, 262, 423, 333, 0, 1.33%, 53, 0, 10, 753.93, 858064, 871
1182, 0, 374, 423, 333, 0, 1.33%, 53, 0, 10, 738.45, 861780, 871
1187, 0, 277, 423, 333, 0, 1.33%, 53, 0, 10, 740.93, 865492, 871
1192, 0, 374, 423, 333, 0, 1.33%, 53, 0, 10, 739.35, 869333, 871
1197, 0, 135, 423, 333, 0, 1.33%, 53, 0, 10, 744.60, 873088, 871
1202, 0, 277, 423, 333, 0, 1.33%, 53, 0, 10, 755.18, 876914, 871
1208, 0, 277, 423, 333, 0, 1.33%, 53, 0, 10, 740.01, 880721, 871
1213, 0, 277, 423, 333, 0, 1.33%, 53, 0, 10, 731.34, 884472, 871
1218, 0, 325, 423, 333, 0, 1.33%, 53, 0, 10, 722.77, 888251, 871
1223, 0, 277, 423, 333, 0, 1.33%, 53, 0, 10, 740.30, 892117, 871
1228, 0, 277, 423, 333, 0, 1.33%, 53, 0, 10, 743.42, 895843, 871
1233, 0, 384, 424, 334, 1, 1.33%, 53, 0, 10, 717.04, 899545, 871
1239, 0, 384, 424, 334, 1, 1.33%, 53, 0, 10, 744.21, 903409, 871
1244, 0, 277, 424, 334, 1, 1.33%, 53, 0, 10, 746.76, 907287, 871
1249, 0, 277, 424, 333, 0, 1.33%, 53, 0, 10, 739.61, 911014, 871
1254, 0, 277, 425, 334, 0, 1.33%, 53, 0, 10, 731.15, 914822, 871
1259, 0, 374, 425, 334, 1, 1.33%, 53, 0, 10, 745.52, 918721, 871
1264, 0, 399, 425, 334, 1, 1.33%, 53, 0, 10, 721.41, 922362, 871
1269, 0, 399, 425, 334, 1, 1.33%, 53, 0, 10, 733.68, 926055, 871
1275, 0, 374, 425, 334, 1, 1.33%, 53, 0, 10, 745.84, 929958, 871
1280, 0, 277, 425, 334, 1, 1.33%, 53, 0, 10, 739.23, 933663, 871
1285, 0, 277, 425, 333, 1, 1.33%, 53, 0, 10, 725.60, 937318, 871
1290, 0, 424, 426, 334, 1, 1.33%, 53, 0, 10, 727.76, 941027, 871
1295, 0, 175, 426, 333, 0, 1.33%, 53, 0, 10, 733.02, 944861, 871
1300, 0, 384, 426, 333, 0, 1.33%, 53, 0, 10, 719.66, 948455, 871
1305, 0, 384, 426, 333, 0, 1.33%, 53, 0, 10, 743.17, 952165, 871
1310, 0, 277, 426, 333, 0, 1.33%, 53, 0, 10, 738.21, 955996, 871
1315, 0, 406, 426, 333, 0, 1.33%, 53, 0, 10, 728.36, 959674, 871
1320, 0, 406, 426, 333, 0, 1.33%, 53, 0, 10, 747.52, 963520, 871
1325, 0, 277, 426, 333, 0, 1.33%, 53, 0, 10, 742.93, 967299, 871
1330, 1, 392, 428, 335, 0, 1.33%, 53, 0, 10, 711.46, 971005, 871
1336, 1, 285, 428, 334, 0, 1.33%, 53, 0, 10, 739.58, 974862, 871
1341, 1, 135, 431, 337, 0, 1.33%, 53, 0, 10, 745.38, 978597, 871
1346, 1, 277, 433, 339, 0, 1.33%, 53, 0, 10, 741.88, 982372, 871
1351, 1, 262, 433, 339, 0, 1.33%, 53, 0, 10, 733.62, 986157, 871
1356, 1, 277, 433, 339, 0, 1.33%, 53, 0, 10, 734.37, 989984, 871
1361, 1, 374, 433, 339, 0, 1.33%, 53, 0, 10, 734.80, 993682, 871
1366, 1, 374, 433, 338, 0, 1.33%, 53, 0, 10, 722.12, 997280, 871
1371, 1, 264, 433, 338, 0, 1.33%, 53, 0, 10, 734.34, 1000992, 871
1376, 1, 335, 435, 340, 0, 1.33%, 53, 0, 10, 709.49, 1004624, 871
1382, 1, 434, 439, 344, 1, 1.33%, 54, 0, 10, 698.32, 1008283, 871
1387, 1, 434, 440, 345, 1, 1.33%, 54, 0, 10, 695.99, 1011853, 871
1392, 1, 434, 440, 345, 1, 1.33%, 54, 0, 10, 689.27, 1015298, 871
1397, 1, 434, 440, 345, 1, 1.33%, 54, 0, 10, 688.88, 1018743, 871
1402, 1, 434, 442, 347, 1, 1.33%, 54, 0, 10, 691.03, 1022321, 871
1407, 1, 434, 442, 347, 1, 1.33%, 54, 0, 10, 691.29, 1025909, 871
1412, 1, 434, 442, 347, 1, 1.33%, 54, 0, 10, 696.87, 1029497, 871
1417, 1, 434, 443, 348, 1, 1.33%, 54, 0, 10, 696.71, 1033080, 871
1423, 1, 434, 443, 348, 1, 1.33%, 54, 0, 10, 694.77, 1036655, 871
1428, 1, 434, 443, 348, 1, 1.33%, 54, 0, 10, 722.95, 1040375, 871
1433, 1, 441, 447, 351, 1, 1.33%, 54, 0, 10, 693.60, 1043905, 871
1438, 1, 441, 453, 357, 1, 1.33%, 54, 0, 10, 687.90, 1047359, 871
1443, 1, 441, 454, 358, 1, 1.33%, 54, 0, 10, 693.61, 1050942, 871
1448, 1, 441, 454, 358, 1, 1.33%, 54, 0, 10, 694.23, 1054530, 871
1453, 1, 441, 454, 358, 1, 1.33%, 54, 0, 10, 691.38, 1058105, 871
1459, 1, 441, 455, 359, 1, 1.33%, 54, 0, 10, 690.46, 1061688, 871
1464, 1, 441, 455, 359, 1, 1.33%, 54, 0, 10, 695.94, 1065276, 871
1469, 1, 441, 456, 360, 1, 1.33%, 54, 0, 10, 692.54, 1068846, 871
1474, 1, 441, 456, 360, 1, 1.33%, 54, 0, 10, 694.53, 1072421, 871
1479, 1, 441, 457, 361, 1, 1.33%, 54, 0, 10, 725.97, 1076141, 871
1484, 1, 444, 461, 364, 1, 1.33%, 54, 0, 10, 701.34, 1079665, 871
1489, 1, 444, 462, 365, 1, 1.33%, 55, 0, 10, 694.90, 1083229, 871
1495, 1, 444, 463, 366, 1, 1.33%, 55, 0, 10, 680.78, 1086760, 871
1500, 1, 444, 464, 367, 1, 1.33%, 55, 0, 10, 689.13, 1090200, 871
1505, 1, 444, 465, 368, 1, 1.33%, 55, 0, 10, 688.72, 1093770, 871
1510, 1, 444, 465, 368, 1, 1.33%, 55, 0, 10, 692.37, 1097358, 871
1515, 1, 444, 465, 368, 1, 1.33%, 55, 0, 10, 696.64, 1100933, 871
1520, 1, 66, 466, 368, 1, 1.33%, 55, 0, 10, 700.60, 1104574, 871
1525, 1, 462, 466, 366, 1, 1.33%, 55, 0, 10, 726.58, 1108254, 871
1530, 1, 264, 467, 366, 0, 1.33%, 55, 0, 10, 736.34, 1112009, 871
1535, 1, 264, 468, 367, 0, 1.33%, 55, 0, 10, 736.36, 1115721, 871
1541, 1, 262, 468, 367, 0, 1.33%, 55, 0, 10, 745.60, 1119565, 871
1546, 1, 277, 468, 367, 0, 1.33%, 55, 0, 10, 744.29, 1123277, 871
1551, 1, 379, 469, 368, 0, 1.33%, 55, 0, 10, 719.16, 1126871, 871
1556, 1, 379, 469, 368, 0, 1.33%, 55, 0, 10, 740.48, 1130609, 871
1561, 1, 264, 469, 368, 0, 1.33%, 55, 0, 10, 723.97, 1134285, 871
1566, 1, 227, 469, 368, 0, 1.33%, 55, 0, 10, 742.18, 1138036, 871
1571, 1, 380, 469, 368, 0, 1.33%, 55, 0, 10, 734.54, 1141750, 871
1576, 1, 380, 469, 368, 0, 1.33%, 55, 0, 10, 748.76, 1145509, 871
1581, 1, 203, 469, 368, 0, 1.33%, 55, 0, 10, 740.03, 1149187, 871
1586, 1, 264, 469, 368, 0, 1.33%, 55, 0, 10, 726.11, 1152967, 871
1591, 1, 262, 470, 369, 0, 1.33%, 55, 0, 10, 737.30, 1156817, 871
1596, 1, 374, 471, 370, 0, 1.33%, 55, 0, 10, 751.50, 1160608, 871
1601, 1, 262, 471, 370, 0, 1.33%, 55, 0, 10, 747.21, 1164319, 871
1606, 1, 384, 472, 371, 0, 1.33%, 55, 0, 10, 733.54, 1168031, 871
1611, 1, 384, 472, 371, 0, 1.33%, 55, 0, 10, 747.98, 1171785, 871
1616, 1, 135, 472, 371, 0, 1.33%, 55, 0, 10, 738.09, 1175437, 871
1621, 1, 264, 472, 371, 0, 1.33%, 55, 0, 10, 736.99, 1179130, 871
1626, 1, 274, 472, 371, 0, 1.33%, 55, 0, 10, 732.15, 1182839, 871
1632, 1, 274, 472, 371, 0, 1.33%, 55, 0, 10, 735.32, 1186679, 871
1637, 1, 264, 472, 371, 0, 1.33%, 55, 0, 10, 737.72, 1190430, 871
1642, 1, 149, 473, 372, 0, 1.33%, 55, 0, 10, 707.13, 1194086, 871
1647, 1, 176, 473, 372, 0, 1.33%, 55, 0, 10, 725.34, 1197870, 871
1652, 1, 285, 474, 373, 0, 1.33%, 55, 0, 10, 734.15, 1201585, 871
1657, 1, 285, 474, 373, 0, 1.33%, 55, 0, 10, 733.77, 1205277, 871
1662, 1, 264, 474, 373, 0, 1.33%, 55, 0, 10, 742.73, 1209025, 871
1667, 1, 230, 474, 373, 0, 1.33%, 55, 0, 10, 738.47, 1212702, 871
1672, 1, 380, 474, 373, 0, 1.33%, 55, 0, 10, 724.32, 1216313, 871
1677, 1, 264, 475, 374, 0, 1.33%, 55, 0, 10, 737.72, 1220157, 871
1683, 1, 325, 475, 373, 0, 1.33%, 55, 0, 10, 721.58, 1223899, 871
1688, 1, 266, 475, 373, 0, 1.33%, 55, 0, 10, 740.68, 1227638, 871
1693, 1, 374, 475, 373, 0, 1.33%, 55, 0, 10, 721.46, 1231365, 871
1698, 1, 374, 476, 374, 0, 1.33%, 55, 0, 10, 726.05, 1235046, 871
1703, 1, 266, 476, 374, 0, 1.33%, 55, 0, 10, 746.62, 1238840, 871
1708, 1, 399, 476, 374, 0, 1.33%, 55, 0, 10, 721.00, 1242494, 871
1713, 1, 399, 476, 374, 0, 1.33%, 55, 0, 10, 733.12, 1246180, 871
1718, 1, 399, 476, 374, 0, 1.33%, 55, 0, 10, 732.24, 1249876, 871
1723, 1, 266, 477, 375, 0, 1.33%, 55, 0, 10, 735.71, 1253571, 871
1728, 1, 325, 477, 375, 0, 1.33%, 55, 0, 10, 747.30, 1257337, 871
1733, 1, 186, 477, 375, 0, 1.33%, 55, 0, 10, 747.25, 1261104, 871
1738, 1, 374, 479, 376, 0, 1.33%, 55, 0, 10, 730.38, 1264823, 871
1743, 1, 175, 479, 376, 0, 1.33%, 55, 0, 10, 738.74, 1268541, 871
1748, 1, 441, 479, 376, 0, 1.33%, 55, 0, 10, 705.19, 1272168, 871
1753, 1, 441, 479, 376, 0, 1.33%, 55, 0, 10, 751.81, 1275989, 871
1758, 1, 266, 479, 376, 0, 1.33%, 55, 0, 10, 739.82, 1279737, 871
1763, 1, 266, 479, 376, 0, 1.33%, 55, 0, 10, 734.30, 1283434, 871
1768, 1, 374, 482, 379, 0, 1.33%, 55, 0, 10, 727.27, 1287111, 871
1773, 1, 266, 482, 379, 0, 1.33%, 55, 0, 10, 739.68, 1290851, 871
1779, 1, 203, 482, 379, 0, 1.33%, 55, 0, 10, 738.90, 1294662, 871
1784, 1, 266, 482, 379, 0, 1.33%, 55, 0, 10, 740.75, 1298394, 871
1789, 1, 404, 482, 379, 0, 1.33%, 55, 0, 10, 754.57, 1302334, 871
1794, 1, 404, 482, 379, 0, 1.33%, 55, 0, 10, 756.71, 1306186, 871
1799, 1, 374, 482, 379, 0, 1.33%, 55, 0, 10, 751.31, 1309986, 871
1804, 1, 374, 482, 379, 0, 1.33%, 55, 0, 10, 735.05, 1313668, 871
1809, 1, 374, 482, 379, 0, 1.33%, 55, 0, 10, 736.38, 1317381, 871
1814, 1, 325, 482, 379, 0, 1.33%, 55, 0, 10, 719.06, 1321031, 871
1819, 1, 374, 482, 379, 0, 1.33%, 55, 0, 10, 735.96, 1324774, 871
1824, 1, 372, 482, 379, 0, 1.33%, 55, 0, 10, 715.81, 1328495, 871
1829, 1, 374, 482, 379, 0, 1.33%, 55, 0, 10, 720.63, 1332140, 871
1834, 1, 135, 482, 379, 0, 1.33%, 55, 0, 10, 735.70, 1335874, 871
1839, 1, 266, 482, 379, 0, 1.33%, 55, 0, 10, 741.24, 1339611, 871
1845, 1, 399, 482, 379, 0, 1.33%, 56, 0, 10, 731.12, 1343293, 871
1850, 1, 399, 482, 379, 0, 1.33%, 56, 0, 10, 747.40, 1347097, 871
1855, 1, 367, 482, 378, 0, 1.33%, 56, 0, 10, 722.89, 1350778, 871
1860, 1, 367, 482, 378, 0, 1.33%, 56, 0, 10, 732.73, 1354432, 871
1865, 1, 266, 482, 378, 0, 1.33%, 56, 0, 10, 741.56, 1358291, 871
1870, 1, 266, 482, 378, 0, 1.33%, 56, 0, 10, 744.71, 1362019, 871
1875, 1, 384, 482, 378, 0, 1.33%, 56, 0, 10, 707.01, 1365630, 871
1880, 1, 367, 483, 379, 0, 1.33%, 56, 0, 10, 724.93, 1369348, 871
1885, 1, 367, 483, 379, 0, 1.33%, 56, 0, 10, 704.68, 1372848, 871
1890, 1, 367, 483, 379, 0, 1.33%, 57, 0, 10, 729.65, 1376656, 871
1895, 1, 374, 483, 379, 0, 1.33%, 57, 0, 10, 736.76, 1380356, 871
1900, 1, 194, 483, 379, 0, 1.33%, 57, 0, 10, 744.84, 1384149, 871
1905, 1, 379, 483, 379, 0, 1.33%, 57, 0, 10, 729.37, 1387794, 871
1911, 1, 374, 483, 379, 0, 1.33%, 57, 0, 10, 746.73, 1391672, 871
1916, 1, 429, 483, 379, 0, 1.33%, 57, 0, 10, 747.86, 1395411, 871
1921, 1, 266, 483, 377, 0, 1.33%, 57, 0, 10, 732.57, 1399040, 871
1926, 1, 266, 483, 377, 0, 1.33%, 57, 0, 10, 738.81, 1402768, 871
1931, 1, 266, 483, 377, 0, 1.33%, 57, 0, 10, 739.37, 1406502, 871
1936, 1, 166, 483, 377, 0, 1.33%, 57, 0, 10, 726.39, 1410183, 871
1941, 1, 9, 483, 376, 0, 1.33%, 57, 0, 10, 718.30, 1413819, 871
1946, 1, 266, 483, 376, 0, 1.33%, 57, 0, 10, 730.58, 1417533, 871
1951, 1, 274, 484, 377, 0, 1.33%, 57, 0, 10, 762.05, 1421377, 871
1956, 1, 274, 484, 377, 0, 1.33%, 57, 0, 10, 738.22, 1425117, 871
1961, 1, 266, 484, 377, 0, 1.33%, 57, 0, 10, 735.29, 1428824, 871
1966, 1, 384, 484, 376, 0, 1.33%, 57, 0, 10, 713.66, 1432413, 871
1971, 1, 266, 484, 376, 0, 1.33%, 57, 0, 10, 741.82, 1436270, 871
1976, 1, 134, 484, 376, 0, 1.33%, 57, 0, 10, 741.73, 1440105, 871
1981, 1, 374, 484, 375, 0, 1.33%, 57, 0, 10, 730.03, 1443804, 871
1986, 1, 367, 484, 375, 0, 1.33%, 57, 0, 10, 718.66, 1447441, 871
1991, 1, 367, 484, 375, 0, 1.33%, 57, 0, 10, 737.66, 1451165, 871
1997, 1, 175, 484, 375, 0, 1.33%, 57, 0, 10, 738.27, 1454919, 871
2002, 1, 266, 485, 376, 0, 1.33%, 57, 0, 10, 741.69, 1458785, 871
2007, 1, 384, 485, 376, 0, 1.33%, 57, 0, 10, 740.14, 1462524, 871
2012, 1, 384, 485, 376, 0, 1.33%, 57, 0, 10, 747.90, 1466286, 871
2017, 1, 266, 485, 376, 0, 1.33%, 57, 0, 10, 749.57, 1470161, 871
2022, 1, 266, 485, 376, 0, 1.33%, 57, 0, 10, 722.04, 1473796, 871
2027, 1, 384, 485, 376, 0, 1.33%, 57, 0, 10, 723.56, 1477421, 871
2032, 1, 325, 485, 376, 0, 1.33%, 57, 0, 10, 728.63, 1481126, 871
2037, 1, 203, 485, 376, 0, 1.33%, 57, 0, 10, 739.59, 1484858, 871
2042, 1, 266, 486, 377, 0, 1.33%, 57, 0, 10, 738.13, 1488692, 871
2047, 1, 372, 487, 377, 0, 1.33%, 57, 0, 10, 726.25, 1492351, 871
2052, 1, 128, 487, 377, 0, 1.33%, 57, 0, 10, 738.63, 1496071, 871
2057, 1, 351, 487, 377, 0, 1.33%, 57, 0, 10, 727.15, 1499769, 871
2063, 1, 291, 487, 377, 0, 1.33%, 57, 0, 10, 729.02, 1503584, 871
2068, 1, 372, 487, 376, 0, 1.33%, 57, 0, 10, 729.67, 1507273, 871
2073, 1, 266, 488, 377, 0, 1.33%, 57, 0, 10, 740.06, 1511040, 871
2078, 1, 401, 488, 377, 0, 1.33%, 57, 0, 10, 724.90, 1514737, 871
2083, 1, 401, 488, 377, 0, 1.33%, 57, 0, 10, 746.86, 1518584, 871
2088, 1, 401, 488, 377, 0, 1.33%, 57, 0, 10, 748.35, 1522357, 871
2093, 1, 266, 488, 377, 0, 1.33%, 57, 0, 10, 741.52, 1526061, 871
2098, 1, 266, 488, 377, 0, 1.33%, 57, 0, 10, 745.89, 1529825, 871
2103, 1, 374, 488, 377, 0, 1.33%, 57, 0, 10, 737.82, 1533551, 871
2108, 1, 325, 488, 377, 0, 1.33%, 57, 0, 10, 730.24, 1537252, 871
2113, 1, 274, 488, 377, 0, 1.33%, 57, 0, 10, 749.66, 1541006, 871
2118, 1, 274, 488, 377, 0, 1.33%, 57, 0, 10, 741.74, 1544764, 871
2123, 1, 420, 490, 379, 0, 1.33%, 57, 0, 10, 702.86, 1548401, 871
2129, 1, 135, 490, 379, 0, 1.33%, 57, 0, 10, 728.65, 1552134, 871
2134, 1, 203, 490, 379, 0, 1.33%, 57, 0, 10, 720.58, 1555757, 871
2139, 1, 374, 490, 379, 0, 1.33%, 57, 0, 10, 739.51, 1559533, 871
2144, 1, 220, 490, 379, 0, 1.33%, 57, 0, 10, 737.14, 1563288, 871
2149, 1, 406, 490, 379, 0, 1.33%, 57, 0, 10, 733.29, 1566992, 871
2154, 1, 406, 490, 379, 0, 1.33%, 57, 0, 10, 713.56, 1570601, 871
2159, 1, 406, 490, 379, 0, 1.33%, 57, 0, 10, 749.13, 1574381, 871
2164, 1, 266, 490, 379, 0, 1.33%, 57, 0, 10, 750.85, 1578273, 871
2169, 1, 367, 490, 379, 0, 1.33%, 57, 0, 10, 728.70, 1581951, 871
2174, 1, 367, 490, 379, 0, 1.33%, 57, 0, 10, 752.93, 1585858, 871
2179, 1, 266, 490, 379, 0, 1.33%, 57, 0, 10, 744.53, 1589622, 871
2184, 1, 374, 490, 379, 0, 1.33%, 57, 0, 10, 748.03, 1593355, 871
2189, 1, 262, 490, 379, 0, 1.33%, 57, 0, 10, 746.24, 1597092, 871
2194, 1, 462, 490, 378, 0, 1.33%, 57, 0, 10, 735.20, 1600856, 871
2200, 1, 462, 490, 378, 0, 1.33%, 57, 0, 10, 720.40, 1604486, 871
2205, 1, 462, 490, 378, 0, 1.33%, 57, 0, 10, 751.87, 1608323, 871
2210, 1, 266, 490, 378, 0, 1.33%, 57, 0, 10, 750.31, 1612112, 871
2215, 1, 384, 490, 378, 0, 1.33%, 57, 0, 10, 736.94, 1615807, 871
2220, 1, 342, 490, 378, 0, 1.33%, 57, 0, 10, 706.85, 1619487, 871
2225, 1, 342, 490, 378, 0, 1.33%, 57, 0, 10, 731.78, 1623239, 871
2230, 1, 149, 490, 378, 0, 1.33%, 57, 0, 10, 721.58, 1627022, 871
2235, 1, 220, 491, 379, 0, 1.33%, 57, 0, 10, 725.65, 1630858, 871
2241, 1, 358, 491, 379, 0, 1.33%, 57, 0, 10, 743.85, 1634633, 871
2246, 1, 358, 491, 379, 0, 1.33%, 57, 0, 10, 746.26, 1638371, 871
2251, 1, 269, 491, 379, 0, 1.33%, 57, 0, 10, 747.79, 1642190, 871
2256, 1, 269, 491, 379, 0, 1.33%, 57, 0, 10, 740.57, 1645896, 871
2261, 1, 325, 491, 379, 0, 1.33%, 57, 0, 10, 725.61, 1649549, 871
2266, 1, 135, 491, 379, 0, 1.33%, 57, 0, 10, 740.33, 1653421, 871
2271, 1, 399, 491, 379, 0, 1.33%, 57, 0, 10, 716.26, 1657060, 871
2276, 1, 399, 491, 379, 0, 1.33%, 57, 0, 10, 725.10, 1660729, 871
2281, 1, 266, 492, 380, 0, 1.33%, 57, 0, 10, 739.30, 1664457, 871
2286, 1, 266, 492, 380, 0, 1.33%, 57, 0, 10, 719.52, 1668094, 871
2291, 1, 266, 492, 380, 0, 1.33%, 57, 0, 10, 729.14, 1671748, 871
2296, 1, 236, 492, 380, 0, 1.33%, 57, 0, 10, 755.32, 1675672, 871
2301, 1, 137, 492, 380, 0, 1.33%, 57, 0, 10, 745.36, 1679423, 871
2307, 1, 441, 492, 380, 0, 1.33%, 57, 0, 10, 720.16, 1683092, 871
2312, 1, 372, 492, 380, 0, 1.33%, 57, 0, 10, 750.46, 1687036, 871
2317, 1, 266, 492, 380, 0, 1.33%, 57, 0, 10, 750.35, 1690914, 871
2322, 1, 266, 492, 380, 0, 1.33%, 57, 0, 10, 734.88, 1694582, 871
2327, 1, 379, 492, 380, 0, 1.33%, 57, 0, 10, 732.18, 1698285, 871
2332, 1, 274, 492, 380, 0, 1.33%, 57, 0, 10, 750.37, 1702191, 871
2337, 1, 274, 492, 380, 0, 1.33%, 57, 0, 10, 748.54, 1705986, 871
2342, 1, 135, 492, 379, 0, 1.33%, 57, 0, 10, 745.97, 1709884, 871
2348, 1, 149, 492, 379, 0, 1.33%, 57, 0, 10, 742.11, 1713720, 871
2353, 1, 374, 492, 379, 0, 1.33%, 57, 0, 10, 716.23, 1717326, 871
2358, 1, 374, 492, 379, 0, 1.33%, 57, 0, 10, 737.65, 1721049, 871
2363, 1, 262, 492, 378, 0, 1.33%, 57, 0, 10, 730.24, 1724715, 871
2368, 1, 374, 492, 378, 0, 1.33%, 57, 0, 10, 739.85, 1728575, 871
2373, 1, 420, 492, 378, 0, 1.33%, 57, 0, 10, 741.55, 1732298, 871
2378, 1, 374, 492, 378, 0, 1.33%, 57, 0, 10, 726.04, 1735926, 871
2383, 1, 135, 492, 378, 0, 1.33%, 57, 0, 10, 735.64, 1739623, 871
2388, 1, 262, 492, 378, 0, 1.33%, 57, 0, 10, 753.27, 1743444, 871
2393, 1, 274, 492, 378, 0, 1.33%, 57, 0, 10, 756.40, 1747297, 871
2398, 1, 374, 493, 379, 0, 1.33%, 57, 0, 10, 742.43, 1750986, 871
2403, 1, 374, 493, 379, 0, 1.33%, 57, 0, 10, 739.30, 1754726, 871
2408, 1, 374, 493, 379, 0, 1.33%, 57, 0, 10, 732.25, 1758366, 871
2413, 1, 374, 493, 379, 0, 1.33%, 57, 0, 10, 737.12, 1762106, 871
2418, 1, 493, 494, 380, 1, 1.35%, 57, 0, 10, 737.91, 1765836, 883
2423, 1, 266, 494, 379, 0, 1.35%, 58, 0, 10, 742.23, 1769607, 883
2428, 1, 266, 495, 380, 0, 1.35%, 58, 0, 10, 748.02, 1773369, 883
2434, 1, 203, 495, 380, 0, 1.35%, 58, 0, 10, 730.65, 1777077, 883
2439, 2, 372, 497, 382, 0, 1.36%, 58, 0, 10, 727.06, 1780774, 891
2444, 2, 495, 497, 382, 2, 1.36%, 58, 0, 10, 638.22, 1784009, 891
2449, 2, 266, 498, 382, 1, 1.36%, 58, 0, 10, 712.84, 1787670, 891
2454, 2, 496, 498, 382, 1, 1.36%, 58, 0, 10, 700.02, 1791153, 891
2459, 2, 259, 499, 382, 0, 1.36%, 58, 0, 10, 747.24, 1795064, 891
2464, 2, 266, 500, 382, 0, 1.36%, 58, 0, 10, 740.09, 1798773, 891
2469, 2, 285, 500, 382, 0, 1.36%, 58, 0, 10, 745.52, 1802600, 891
2474, 2, 372, 503, 385, 0, 1.36%, 58, 0, 10, 745.00, 1806312, 891
2479, 2, 228, 504, 386, 0, 1.36%, 58, 0, 10, 772.72, 1810222, 891
2484, 2, 228, 504, 386, 0, 1.36%, 58, 0, 10, 742.50, 1813927, 891
2489, 2, 266, 506, 387, 0, 1.36%, 58, 0, 10, 751.12, 1817683, 891
2495, 2, 262, 506, 387, 0, 1.36%, 58, 0, 10, 757.46, 1821627, 891
2500, 2, 374, 506, 387, 0, 1.36%, 58, 0, 10, 750.04, 1825385, 891
2505, 2, 374, 507, 387, 0, 1.36%, 58, 0, 10, 732.36, 1829038, 891
2510, 2, 135, 507, 387, 0, 1.36%, 58, 0, 10, 740.97, 1832786, 891
2515, 2, 266, 507, 387, 0, 1.36%, 58, 0, 10, 745.66, 1836532, 891
2520, 2, 372, 509, 389, 0, 1.36%, 58, 0, 10, 734.55, 1840179, 891
2525, 2, 212, 509, 389, 0, 1.36%, 58, 0, 10, 717.08, 1843900, 891
2530, 2, 230, 509, 388, 0, 1.36%, 58, 0, 10, 736.29, 1847615, 891
2535, 2, 367, 511, 390, 0, 1.36%, 58, 0, 10, 706.33, 1851149, 891
2540, 2, 367, 511, 390, 0, 1.36%, 58, 0, 10, 699.77, 1854702, 891
2545, 2, 266, 511, 390, 0, 1.36%, 58, 0, 10, 681.70, 1858177, 891
2550, 2, 308, 512, 391, 0, 1.36%, 58, 0, 10, 682.42, 1861638, 891
2555, 2, 135, 512, 391, 0, 1.36%, 58, 0, 10, 698.54, 1865142, 891
2560, 2, 266, 512, 391, 0, 1.36%, 58, 0, 10, 714.55, 1868667, 891
2565, 2, 266, 512, 391, 0, 1.36%, 58, 0, 10, 721.03, 1872388, 891
2570, 2, 285, 512, 391, 0, 1.36%, 58, 0, 10, 743.11, 1876272, 891
2575, 2, 363, 512, 391, 0, 1.36%, 58, 0, 10, 732.64, 1879961, 891
2580, 2, 401, 512, 390, 0, 1.36%, 58, 0, 10, 726.69, 1883628, 891
2586, 2, 401, 512, 390, 0, 1.36%, 58, 0, 10, 754.09, 1887420, 891
2591, 2, 401, 514, 392, 0, 1.36%, 58, 0, 10, 761.49, 1891240, 891
2596, 2, 269, 514, 392, 0, 1.36%, 58, 0, 10, 734.77, 1894920, 891
2601, 2, 374, 514, 392, 0, 1.36%, 58, 0, 10, 744.98, 1898802, 891
2606, 2, 374, 514, 392, 0, 1.36%, 58, 0, 10, 745.84, 1902550, 891
2611, 2, 149, 514, 392, 0, 1.36%, 58, 0, 10, 738.86, 1906282, 891
2616, 2, 236, 514, 392, 0, 1.36%, 58, 0, 10, 747.94, 1910047, 891
2621, 2, 374, 514, 392, 0, 1.36%, 58, 0, 10, 752.72, 1914002, 891
2626, 2, 325, 515, 393, 0, 1.36%, 58, 0, 10, 746.46, 1917855, 891
2631, 2, 420, 515, 393, 0, 1.36%, 58, 0, 10, 731.82, 1921567, 891
2636, 2, 351, 516, 394, 0, 1.36%, 58, 0, 10, 733.79, 1925314, 891
2641, 2, 351, 516, 394, 0, 1.36%, 58, 0, 10, 748.09, 1929068, 891
2646, 2, 230, 517, 395, 0, 1.36%, 58, 0, 10, 752.62, 1932859, 891
2651, 2, 374, 517, 395, 0, 1.36%, 58, 0, 10, 751.86, 1936639, 891
2657, 2, 203, 517, 395, 0, 1.36%, 58, 0, 10, 717.15, 1940360, 891
2662, 2, 262, 517, 395, 0, 1.36%, 58, 0, 10, 747.21, 1944173, 891
2667, 2, 262, 517, 395, 0, 1.36%, 59, 0, 10, 733.63, 1947849, 891
2672, 2, 374, 517, 395, 0, 1.36%, 59, 0, 10, 738.38, 1951698, 891
2677, 2, 266, 517, 395, 0, 1.36%, 59, 0, 10, 747.03, 1955499, 891
2682, 2, 358, 517, 395, 0, 1.36%, 59, 0, 10, 701.98, 1959014, 891
2687, 2, 358, 517, 395, 0, 1.36%, 59, 0, 10, 755.48, 1962888, 891
2692, 2, 266, 518, 396, 0, 1.36%, 59, 0, 10, 742.93, 1966712, 891
2697, 2, 358, 520, 397, 0, 1.36%, 59, 0, 10, 728.88, 1970477, 891
2702, 2, 358, 520, 397, 0, 1.36%, 59, 0, 10, 742.35, 1974187, 891
2707, 2, 266, 520, 397, 0, 1.36%, 59, 0, 10, 743.30, 1977924, 891
2713, 2, 176, 520, 397, 0, 1.36%, 59, 0, 10, 732.92, 1981566, 891
2718, 2, 135, 520, 397, 0, 1.36%, 59, 0, 10, 738.04, 1985306, 891
2723, 2, 367, 521, 398, 0, 1.36%, 59, 0, 10, 718.61, 1988873, 891
2728, 2, 367, 521, 398, 0, 1.36%, 59, 0, 10, 742.60, 1992583, 891
2733, 2, 267, 522, 399, 0, 1.36%, 59, 0, 10, 727.00, 1996210, 891
2738, 2, 262, 522, 399, 0, 1.36%, 59, 0, 10, 748.43, 2000138, 891
2743, 2, 372, 522, 399, 0, 1.36%, 59, 0, 10, 749.22, 2003937, 891
2748, 2, 266, 522, 399, 0, 1.36%, 59, 0, 10, 716.00, 2007486, 891
2753, 2, 367, 522, 399, 0, 1.36%, 59, 0, 10, 721.69, 2011154, 891
2758, 2, 367, 522, 399, 0, 1.36%, 59, 0, 10, 745.62, 2015046, 891
2763, 2, 266, 522, 399, 0, 1.36%, 59, 0, 10, 735.37, 2018749, 891
2768, 2, 266, 522, 399, 0, 1.36%, 59, 0, 10, 739.09, 2022589, 891
2773, 2, 262, 522, 398, 0, 1.36%, 59, 0, 10, 739.33, 2026284, 891
2778, 2, 266, 522, 398, 0, 1.36%, 59, 0, 10, 740.09, 2030003, 891
2784, 2, 262, 522, 397, 0, 1.36%, 59, 0, 10, 739.13, 2033836, 891
2789, 2, 325, 522, 397, 0, 1.36%, 59, 0, 10, 742.48, 2037720, 891
2794, 2, 266, 522, 397, 0, 1.36%, 59, 0, 10, 739.77, 2041408, 891
2799, 2, 134, 522, 397, 0, 1.36%, 59, 0, 10, 745.51, 2045214, 891
2804, 2, 342, 523, 398, 0, 1.36%, 59, 0, 10, 729.75, 2048905, 891
2809, 2, 342, 524, 399, 0, 1.36%, 59, 0, 10, 701.56, 2052497, 891
2814, 2, 342, 524, 399, 0, 1.36%, 59, 0, 10, 739.28, 2056235, 891
2819, 2, 266, 524, 399, 0, 1.36%, 59, 0, 10, 742.42, 2060001, 891
2824, 2, 351, 525, 400, 0, 1.36%, 59, 0, 10, 728.66, 2063666, 891
2829, 2, 308, 525, 400, 0, 1.36%, 59, 0, 10, 746.08, 2067477, 891
2834, 2, 372, 525, 400, 0, 1.36%, 59, 0, 10, 734.18, 2071140, 891
2840, 2, 380, 525, 400, 0, 1.36%, 59, 0, 10, 739.51, 2074855, 891
2845, 2, 372, 525, 399, 0, 1.36%, 59, 0, 10, 732.38, 2078516, 891
2850, 2, 266, 525, 399, 0, 1.36%, 59, 0, 10, 744.45, 2082291, 891
2855, 2, 227, 526, 400, 0, 1.36%, 59, 0, 10, 768.14, 2086208, 891
2860, 2, 266, 526, 400, 0, 1.36%, 59, 0, 10, 752.02, 2089964, 891
2865, 2, 266, 526, 400, 0, 1.36%, 59, 0, 10, 738.18, 2093800, 891
2870, 2, 308, 526, 399, 0, 1.36%, 59, 0, 10, 742.17, 2097537, 891
2875, 2, 274, 526, 399, 0, 1.36%, 59, 0, 10, 751.33, 2101430, 891
2880, 2, 266, 526, 399, 0, 1.36%, 59, 0, 10, 731.73, 2105099, 891
2885, 2, 508, 526, 399, 0, 1.36%, 59, 0, 10, 739.47, 2108822, 891
2890, 2, 285, 527, 399, 0, 1.36%, 59, 0, 10, 737.41, 2112482, 891
2895, 2, 194, 527, 399, 0, 1.36%, 59, 0, 10, 750.45, 2116266, 891
2900, 2, 266, 527, 399, 0, 1.36%, 59, 0, 10, 750.61, 2120017, 891
2905, 2, 367, 527, 399, 0, 1.36%, 59, 0, 10, 723.48, 2123601, 891
2910, 2, 367, 527, 399, 0, 1.36%, 59, 0, 10, 763.57, 2127470, 891
2915, 2, 266, 527, 399, 0, 1.36%, 59, 0, 10, 755.07, 2131268, 891
2920, 2, 266, 527, 399, 0, 1.36%, 59, 0, 10, 742.95, 2134992, 891
2925, 2, 374, 530, 402, 0, 1.36%, 59, 0, 10, 715.30, 2138456, 891
2930, 2, 266, 530, 402, 0, 1.36%, 59, 0, 10, 742.66, 2142202, 891
2936, 2, 266, 531, 403, 0, 1.36%, 59, 0, 10, 743.25, 2145955, 891
2941, 2, 274, 531, 403, 0, 1.36%, 59, 0, 10, 760.32, 2149781, 891
2946, 2, 274, 531, 403, 0, 1.36%, 59, 0, 10, 740.73, 2153534, 891
2951, 2, 266, 531, 403, 0, 1.36%, 59, 0, 10, 737.73, 2157238, 891
2956, 2, 266, 531, 403, 0, 1.36%, 59, 0, 10, 739.31, 2161080, 891
2961, 2, 266, 531, 403, 0, 1.36%, 59, 0, 10, 742.39, 2164816, 891
2966, 2, 325, 531, 403, 0, 1.36%, 59, 0, 10, 729.91, 2168637, 891
2971, 2, 266, 531, 403, 0, 1.36%, 59, 0, 10, 740.58, 2172504, 891
2976, 2, 274, 533, 405, 0, 1.36%, 59, 0, 10, 754.51, 2176265, 891
2982, 2, 325, 533, 405, 0, 1.36%, 59, 0, 10, 742.87, 2180150, 891
2987, 2, 266, 533, 405, 0, 1.36%, 59, 0, 10, 740.57, 2183894, 891
2992, 2, 266, 533, 405, 0, 1.36%, 59, 0, 10, 742.69, 2187629, 891
2997, 2, 372, 533, 405, 0, 1.36%, 59, 0, 10, 735.45, 2191313, 891
3002, 2, 95, 533, 405, 0, 1.36%, 59, 0, 10, 738.13, 2195030, 891
3007, 2, 372, 533, 405, 0, 1.36%, 59, 0, 10, 730.46, 2198756, 891
3012, 2, 372, 533, 405, 0, 1.36%, 59, 0, 10, 711.59, 2202330, 891
3017, 2, 93, 534, 406, 0, 1.36%, 59, 0, 10, 737.41, 2206218, 891
3022, 2, 372, 534, 405, 0, 1.36%, 59, 0, 10, 742.31, 2210121, 891
3027, 2, 374, 534, 405, 0, 1.36%, 59, 0, 10, 741.71, 2213865, 891
3032, 2, 266, 534, 405, 0, 1.36%, 59, 0, 10, 741.33, 2217612, 891
3037, 2, 135, 534, 405, 0, 1.36%, 59, 0, 10, 739.94, 2221316, 891
3042, 2, 230, 534, 405, 0, 1.36%, 59, 0, 10, 742.97, 2225197, 891
3048, 2, 236, 534, 405, 0, 1.36%, 59, 0, 10, 761.87, 2229019, 891
3053, 2, 262, 534, 405, 0, 1.36%, 59, 0, 10, 758.32, 2232969, 891
3058, 2, 262, 534, 405, 0, 1.36%, 59, 0, 10, 758.70, 2236743, 891
3063, 2, 374, 535, 406, 0, 1.36%, 59, 0, 10, 744.49, 2240614, 891
3068, 2, 342, 535, 406, 0, 1.36%, 59, 0, 10, 715.81, 2244148, 891
3073, 2, 134, 535, 406, 0, 1.36%, 59, 0, 10, 734.65, 2247907, 891
3078, 2, 285, 535, 406, 0, 1.36%, 59, 0, 10, 720.19, 2251454, 891
3083, 2, 266, 535, 406, 0, 1.36%, 59, 0, 10, 733.91, 2255137, 891
3088, 2, 406, 535, 406, 0, 1.36%, 59, 0, 10, 731.02, 2258819, 891
3093, 2, 406, 535, 406, 0, 1.36%, 59, 0, 10, 744.45, 2262729, 891
3098, 2, 262, 535, 406, 0, 1.36%, 59, 0, 10, 741.36, 2266530, 891
3103, 2, 266, 535, 406, 0, 1.36%, 59, 0, 10, 744.36, 2270263, 891
3109, 2, 372, 535, 406, 0, 1.36%, 59, 0, 10, 733.91, 2274043, 891
3114, 2, 285, 535, 406, 0, 1.36%, 59, 0, 10, 741.52, 2277786, 891
3119, 2, 176, 536, 407, 0, 1.36%, 59, 0, 10, 718.78, 2281469, 892
3124, 2, 374, 536, 407, 1, 1.36%, 59, 0, 10, 742.31, 2285224, 892
3129, 2, 213, 536, 407, 1, 1.36%, 59, 0, 10, 746.30, 2288977, 892
3134, 2, 213, 536, 407, 1, 1.36%, 59, 0, 10, 748.95, 2292743, 892
3139, 2, 374, 536, 407, 1, 1.36%, 59, 0, 10, 738.71, 2296441, 892
3144, 2, 213, 536, 407, 1, 1.36%, 59, 0, 10, 724.86, 2300035, 892
3149, 2, 213, 536, 407, 1, 1.36%, 59, 0, 10, 740.15, 2303885, 892
3154, 2, 535, 538, 409, 1, 1.36%, 59, 0, 10, 727.40, 2307677, 892
3159, 2, 420, 538, 408, 0, 1.36%, 59, 0, 10, 745.26, 2311472, 892
3164, 2, 186, 538, 408, 0, 1.36%, 59, 0, 10, 745.55, 2315195, 892
3169, 2, 173, 538, 408, 0, 1.36%, 59, 0, 10, 729.21, 2318864, 892
3174, 2, 274, 538, 408, 0, 1.36%, 59, 0, 10, 760.38, 2322730, 892
3180, 2, 266, 538, 408, 0, 1.36%, 59, 0, 10, 746.22, 2326592, 892
3185, 2, 266, 538, 408, 0, 1.36%, 59, 0, 10, 743.87, 2330314, 892
3190, 2, 186, 538, 408, 0, 1.36%, 59, 0, 10, 754.15, 2334126, 892
3195, 2, 379, 538, 408, 0, 1.36%, 59, 0, 10, 738.64, 2337815, 892
3200, 2, 379, 538, 408, 0, 1.36%, 59, 0, 10, 738.68, 2341525, 892
3205, 2, 266, 538, 408, 0, 1.36%, 59, 0, 10, 734.11, 2345243, 892
3210, 2, 374, 538, 408, 0, 1.36%, 59, 0, 10, 716.70, 2348798, 892
3215, 2, 266, 539, 409, 0, 1.36%, 59, 0, 10, 737.87, 2352630, 892
3220, 2, 135, 539, 408, 0, 1.36%, 59, 0, 10, 732.84, 2356318, 892
3225, 2, 266, 540, 409, 0, 1.36%, 59, 0, 10, 736.44, 2360039, 892
3230, 2, 495, 540, 409, 0, 1.36%, 59, 0, 10, 725.60, 2363719, 892
3235, 2, 399, 540, 409, 0, 1.36%, 59, 0, 10, 735.40, 2367460, 892
3240, 2, 399, 542, 411, 0, 1.36%, 60, 0, 10, 726.81, 2371144, 893
3245, 2, 399, 542, 411, 0, 1.36%, 60, 0, 10, 722.92, 2374826, 893
3250, 2, 399, 542, 411, 0, 1.36%, 60, 0, 10, 729.71, 2378491, 893
3255, 2, 266, 542, 411, 1, 1.36%, 60, 0, 10, 746.63, 2382267, 893
3260, 2, 110, 543, 412, 1, 1.36%, 60, 0, 10, 728.01, 2385911, 893
3266, 2, 374, 544, 412, 1, 1.36%, 60, 0, 10, 736.92, 2389768, 893
3271, 2, 382, 544, 412, 1, 1.36%, 60, 0, 10, 758.15, 2393608, 893
3276, 2, 541, 544, 412, 1, 1.36%, 60, 0, 10, 689.74, 2397080, 893
3281, 2, 262, 544, 411, 0, 1.36%, 60, 0, 10, 739.43, 2400798, 893
3286, 2, 374, 544, 411, 0, 1.36%, 60, 0, 10, 743.51, 2404528, 893
3291, 2, 262, 544, 411, 0, 1.36%, 60, 0, 10, 754.44, 2408331, 893
3296, 2, 374, 544, 411, 0, 1.36%, 60, 0, 10, 738.89, 2412034, 893
3301, 2, 374, 544, 411, 0, 1.36%, 60, 0, 10, 749.11, 2415829, 893
3306, 2, 266, 544, 411, 0, 1.36%, 60, 0, 10, 749.33, 2419586, 893
3311, 2, 374, 544, 411, 0, 1.36%, 60, 0, 10, 736.84, 2423425, 893
3316, 2, 266, 544, 411, 0, 1.36%, 60, 0, 10, 733.62, 2427151, 893
3321, 2, 266, 544, 410, 0, 1.36%, 60, 0, 10, 753.56, 2431006, 893
3326, 2, 374, 544, 409, 0, 1.36%, 60, 0, 10, 751.39, 2434827, 893
3331, 2, 374, 544, 409, 0, 1.36%, 60, 0, 10, 743.53, 2438558, 893
3336, 2, 401, 544, 409, 0, 1.36%, 60, 0, 10, 719.96, 2442205, 893
3342, 2, 401, 544, 409, 0, 1.36%, 60, 0, 10, 731.33, 2445989, 893
3347, 2, 401, 544, 409, 0, 1.36%, 60, 0, 10, 760.04, 2449834, 893
3352, 2, 516, 544, 409, 0, 1.36%, 60, 0, 10, 704.08, 2453407, 893
3357, 2, 266, 545, 409, 0, 1.36%, 60, 0, 10, 691.54, 2456684, 893
3362, 2, 262, 545, 409, 0, 1.36%, 60, 0, 10, 731.30, 2460407, 893
3367, 2, 372, 545, 409, 0, 1.36%, 60, 0, 10, 743.30, 2464181, 893
3372, 2, 374, 545, 409, 0, 1.36%, 60, 0, 10, 740.25, 2467885, 893
3377, 2, 266, 545, 409, 0, 1.36%, 60, 0, 10, 745.24, 2471643, 893
3382, 2, 266, 545, 409, 0, 1.36%, 60, 0, 10, 738.55, 2475484, 893
3387, 2, 175, 546, 410, 0, 1.36%, 60, 0, 10, 727.44, 2479151, 893
3392, 2, 266, 546, 410, 0, 1.36%, 60, 0, 10, 738.57, 2483018, 893
3397, 2, 262, 546, 410, 0, 1.36%, 60, 0, 10, 756.92, 2486824, 893
3402, 2, 541, 547, 411, 0, 1.36%, 60, 0, 10, 686.32, 2490324, 893
3407, 2, 541, 547, 411, 0, 1.36%, 60, 0, 10, 662.21, 2493639, 893
3412, 2, 541, 547, 411, 0, 1.36%, 60, 0, 10, 721.46, 2497284, 893
3417, 2, 135, 547, 411, 0, 1.36%, 60, 0, 10, 738.03, 2501074, 893
3422, 3, 266, 547, 410, 0, 1.36%, 60, 0, 10, 730.77, 2504735, 893
3427, 3, 262, 547, 410, 0, 1.36%, 60, 0, 10, 737.40, 2508430, 893
3432, 3, 401, 547, 410, 0, 1.36%, 60, 0, 10, 753.77, 2512266, 893
3437, 3, 401, 547, 410, 0, 1.36%, 60, 0, 10, 739.95, 2515971, 893
3443, 3, 401, 547, 410, 0, 1.36%, 60, 0, 10, 746.87, 2519842, 893
3448, 3, 266, 547, 410, 0, 1.36%, 60, 0, 10, 748.04, 2523622, 893
3453, 3, 266, 547, 410, 0, 1.36%, 60, 0, 10, 737.91, 2527317, 893
3458, 3, 496, 547, 410, 0, 1.36%, 60, 0, 10, 744.64, 2531094, 893
3463, 3, 496, 547, 410, 0, 1.36%, 60, 0, 10, 724.15, 2534734, 893
3468, 3, 374, 547, 410, 0, 1.36%, 60, 0, 10, 717.62, 2538374, 893
3473, 3, 149, 547, 410, 0, 1.36%, 60, 0, 10, 734.35, 2542040, 893
3478, 3, 266, 547, 410, 0, 1.36%, 60, 0, 10, 738.65, 2545764, 893
3483, 3, 266, 547, 410, 0, 1.36%, 60, 0, 10, 734.38, 2549463, 893
3488, 3, 266, 547, 410, 0, 1.36%, 60, 0, 10, 745.35, 2553366, 893
3493, 3, 266, 547, 410, 0, 1.36%, 60, 0, 10, 747.46, 2557133, 893
3498, 3, 262, 547, 410, 0, 1.36%, 60, 0, 10, 756.82, 2560933, 893
3503, 3, 374, 547, 410, 0, 1.36%, 60, 0, 10, 742.64, 2564775, 893
3508, 3, 367, 547, 410, 0, 1.36%, 60, 0, 10, 720.20, 2568401, 893
3513, 3, 367, 547, 410, 0, 1.36%, 60, 0, 10, 733.56, 2572111, 893
3519, 3, 266, 547, 410, 0, 1.36%, 60, 0, 10, 740.28, 2575958, 893
3524, 3, 374, 547, 410, 0, 1.36%, 60, 0, 10, 742.23, 2579700, 893
3529, 3, 380, 547, 410, 0, 1.36%, 60, 0, 10, 744.34, 2583440, 893
3534, 3, 266, 547, 410, 0, 1.36%, 60, 0, 10, 720.97, 2587149, 893
3539, 3, 374, 547, 410, 0, 1.36%, 60, 0, 10, 728.20, 2590889, 893
3544, 3, 374, 547, 410, 0, 1.36%, 60, 0, 10, 736.76, 2594741, 893
3549, 3, 374, 547, 410, 0, 1.36%, 60, 0, 10, 744.33, 2598472, 893
3554, 3, 266, 547, 410, 0, 1.36%, 60, 0, 10, 754.21, 2602388, 893
3559, 3, 227, 547, 410, 0, 1.36%, 60, 0, 10, 765.75, 2606207, 893
3564, 3, 374, 547, 410, 0, 1.36%, 60, 0, 10, 755.82, 2610028, 893
3570, 3, 151, 547, 410, 0, 1.36%, 60, 0, 10, 734.28, 2613723, 893
3575, 3, 285, 547, 409, 0, 1.36%, 60, 0, 10, 736.58, 2617542, 893
3580, 3, 374, 547, 409, 0, 1.36%, 60, 0, 10, 728.75, 2621313, 893
3585, 3, 406, 547, 409, 0, 1.36%, 60, 0, 10, 738.13, 2625074, 893
3590, 3, 406, 547, 409, 0, 1.36%, 60, 0, 10, 747.66, 2628802, 893
3595, 3, 406, 547, 409, 0, 1.36%, 60, 0, 10, 751.87, 2632569, 893
3600, 3, 372, 547, 409, 0, 1.36%, 60, 0, 10, 732.56, 2636266, 893
3605, 3, 203, 547, 409, 0, 1.36%, 60, 0, 10, 738.29, 2639967, 893
3610, 3, 266, 547, 409, 0, 1.36%, 60, 0, 10, 744.44, 2643721, 893
3615, 3, 374, 548, 410, 0, 1.36%, 61, 0, 10, 741.03, 2647414, 893
3620, 3, 372, 548, 410, 0, 1.36%, 61, 0, 10, 744.43, 2651217, 893
3625, 3, 213, 548, 410, 0, 1.36%, 61, 0, 10, 744.68, 2654967, 893
3630, 3, 213, 548, 410, 0, 1.36%, 61, 0, 10, 769.97, 2658852, 893
3635, 3, 262, 548, 410, 0, 1.36%, 61, 0, 10, 757.31, 2662627, 893
3640, 3, 367, 548, 410, 0, 1.36%, 61, 0, 10, 734.72, 2666240, 893
3645, 3, 495, 548, 410, 0, 1.36%, 61, 0, 10, 724.23, 2670053, 893
3651, 3, 496, 548, 410, 0, 1.36%, 61, 0, 10, 703.50, 2673650, 893
3656, 3, 496, 548, 410, 0, 1.36%, 61, 0, 10, 732.12, 2677304, 893
3661, 3, 374, 548, 410, 0, 1.36%, 61, 0, 10, 739.22, 2681038, 893
3666, 3, 372, 548, 410, 0, 1.36%, 61, 0, 10, 716.55, 2684633, 893
3671, 3, 266, 548, 410, 0, 1.36%, 61, 0, 10, 740.87, 2688328, 893
3676, 3, 266, 548, 410, 0, 1.36%, 61, 0, 10, 734.04, 2691967, 893
3681, 3, 374, 548, 410, 0, 1.36%, 61, 0, 10, 753.14, 2695902, 893
3686, 3, 135, 548, 409, 0, 1.36%, 61, 0, 10, 737.42, 2699614, 893
