# relative_time, cycles_done, cur_item, corpus_count, pending_total, pending_favs, map_size, saved_crashes, saved_hangs, max_depth, execs_per_sec, total_execs, edges_found
61, 0, 7, 16, 6, 1, 2.19%, 0, 0, 3, 214.47, 12381, 1435
66, 0, 3, 16, 5, 0, 2.19%, 0, 0, 3, 210.43, 13478, 1435
71, 0, 3, 16, 5, 0, 2.19%, 0, 0, 3, 208.04, 14522, 1435
76, 0, 9, 16, 5, 0, 2.19%, 0, 0, 3, 206.41, 15566, 1435
81, 0, 9, 16, 5, 0, 2.19%, 0, 0, 3, 211.48, 16628, 1435
86, 0, 11, 16, 5, 0, 2.19%, 0, 0, 3, 216.89, 17706, 1435
91, 0, 11, 16, 5, 0, 2.19%, 0, 0, 3, 213.38, 18776, 1435
96, 1, 12, 16, 5, 0, 2.19%, 0, 0, 3, 227.60, 19928, 1435
102, 1, 12, 16, 5, 0, 2.19%, 0, 0, 3, 235.63, 21160, 1435
107, 1, 9, 16, 5, 0, 2.19%, 0, 0, 3, 222.32, 22270, 1435
112, 1, 11, 16, 5, 0, 2.19%, 0, 0, 3, 217.32, 23336, 1435
117, 1, 7, 16, 5, 0, 2.19%, 0, 0, 3, 217.08, 24434, 1435
122, 1, 7, 16, 5, 0, 2.19%, 0, 0, 3, 217.81, 25570, 1435
127, 1, 7, 16, 5, 0, 2.19%, 0, 0, 3, 217.15, 26658, 1435
132, 1, 7, 16, 5, 0, 2.19%, 0, 0, 3, 215.35, 27774, 1435
137, 1, 9, 16, 5, 0, 2.19%, 0, 0, 3, 211.70, 28880, 1435
142, 1, 11, 16, 5, 0, 2.19%, 0, 0, 3, 217.28, 29968, 1435
147, 1, 9, 16, 5, 0, 2.19%, 0, 0, 3, 220.82, 31084, 1435
152, 1, 11, 16, 5, 0, 2.19%, 0, 0, 3, 219.17, 32170, 1435
157, 1, 9, 16, 5, 0, 2.19%, 0, 0, 3, 208.99, 33224, 1435
162, 2, 11, 16, 5, 0, 2.19%, 0, 0, 3, 215.66, 34302, 1435
167, 2, 7, 16, 5, 0, 2.19%, 0, 0, 3, 216.81, 35402, 1435
173, 2, 7, 16, 5, 0, 2.19%, 0, 0, 3, 218.93, 36526, 1435
178, 2, 11, 16, 5, 0, 2.19%, 0, 0, 3, 216.49, 37648, 1435
183, 2, 11, 16, 5, 0, 2.19%, 0, 0, 3, 221.35, 38764, 1435
188, 2, 9, 16, 5, 0, 2.19%, 0, 0, 3, 212.68, 39874, 1435
193, 2, 9, 16, 5, 0, 2.19%, 0, 0, 3, 206.95, 40914, 1435
198, 2, 11, 16, 5, 0, 2.19%, 0, 0, 3, 219.87, 42020, 1435
203, 2, 10, 16, 5, 0, 2.19%, 0, 0, 3, 221.29, 43144, 1435
208, 3, 7, 16, 5, 0, 2.19%, 0, 0, 3, 219.43, 44252, 1435
213, 3, 7, 16, 5, 0, 2.19%, 0, 0, 3, 212.93, 45308, 1435
218, 3, 7, 16, 5, 0, 2.19%, 0, 0, 3, 218.69, 46440, 1435
224, 3, 10, 16, 5, 0, 2.19%, 0, 0, 3, 224.52, 47608, 1435
229, 3, 11, 16, 5, 0, 2.19%, 0, 0, 3, 222.90, 48766, 1435
234, 3, 14, 16, 5, 0, 2.19%, 0, 0, 3, 229.76, 49928, 1435
239, 3, 3, 16, 4, 0, 2.19%, 0, 0, 3, 211.99, 50976, 1435
244, 3, 11, 16, 4, 0, 2.19%, 0, 0, 3, 213.47, 52044, 1435
249, 3, 11, 16, 4, 0, 2.19%, 0, 0, 3, 225.78, 53220, 1435
254, 3, 9, 16, 4, 0, 2.19%, 0, 0, 3, 216.46, 54316, 1435
259, 3, 9, 16, 4, 0, 2.19%, 0, 0, 3, 208.72, 55362, 1435
264, 3, 7, 16, 4, 0, 2.19%, 0, 0, 3, 217.91, 56496, 1435
269, 3, 7, 16, 4, 0, 2.19%, 0, 0, 3, 218.28, 57596, 1435
275, 4, 11, 16, 3, 0, 2.19%, 0, 0, 3, 229.02, 58772, 1435
280, 4, 10, 16, 3, 0, 2.19%, 0, 0, 3, 216.15, 59850, 1435
285, 4, 12, 16, 3, 0, 2.19%, 0, 0, 3, 220.46, 60980, 1435
290, 4, 12, 16, 3, 0, 2.19%, 0, 0, 3, 233.03, 62208, 1435
295, 4, 9, 16, 3, 0, 2.19%, 0, 0, 3, 211.14, 63256, 1435
300, 4, 11, 16, 3, 0, 2.19%, 0, 0, 3, 217.88, 64350, 1435
305, 4, 9, 16, 3, 0, 2.19%, 0, 0, 3, 214.86, 65400, 1435
310, 4, 9, 16, 3, 0, 2.19%, 0, 0, 3, 208.38, 66448, 1435
315, 4, 3, 16, 3, 0, 2.19%, 0, 0, 3, 207.59, 67498, 1435
320, 4, 3, 16, 3, 0, 2.19%, 0, 0, 3, 207.65, 68546, 1435
325, 5, 9, 16, 3, 0, 2.19%, 0, 0, 3, 206.46, 69584, 1435
330, 5, 9, 16, 3, 0, 2.19%, 0, 0, 3, 207.74, 70636, 1435
335, 5, 3, 16, 3, 0, 2.19%, 0, 0, 3, 212.58, 71702, 1435
340, 5, 3, 16, 3, 0, 2.19%, 0, 0, 3, 209.57, 72750, 1435
345, 5, 9, 16, 3, 0, 2.19%, 0, 0, 3, 208.73, 73806, 1435
350, 5, 11, 16, 3, 0, 2.19%, 0, 0, 3, 210.64, 74854, 1435
356, 5, 12, 16, 3, 0, 2.19%, 0, 0, 3, 228.43, 76050, 1435
361, 5, 9, 16, 3, 0, 2.19%, 0, 0, 3, 236.05, 77284, 1435
366, 5, 9, 16, 3, 0, 2.19%, 0, 0, 3, 211.10, 78326, 1435
371, 5, 11, 16, 3, 0, 2.19%, 0, 0, 3, 213.02, 79390, 1435
376, 5, 9, 16, 3, 0, 2.19%, 0, 0, 3, 215.08, 80492, 1435
381, 6, 3, 16, 3, 0, 2.19%, 0, 0, 3, 209.94, 81562, 1435
386, 6, 3, 16, 3, 0, 2.19%, 0, 0, 3, 207.54, 82610, 1435
391, 6, 11, 16, 3, 0, 2.19%, 0, 0, 3, 215.66, 83692, 1435
396, 6, 7, 16, 3, 0, 2.19%, 0, 0, 3, 210.08, 84756, 1435
401, 6, 7, 16, 3, 0, 2.19%, 0, 0, 3, 216.13, 85860, 1435
406, 6, 7, 16, 3, 0, 2.19%, 0, 0, 3, 217.80, 86956, 1435
411, 6, 12, 16, 3, 0, 2.19%, 0, 0, 3, 233.22, 88174, 1435
417, 6, 9, 16, 3, 0, 2.19%, 0, 0, 3, 221.82, 89340, 1435
422, 6, 12, 16, 3, 0, 2.19%, 0, 0, 3, 223.91, 90444, 1435
427, 6, 12, 16, 3, 0, 2.19%, 0, 0, 3, 233.64, 91668, 1435
432, 6, 3, 16, 3, 0, 2.19%, 0, 0, 3, 211.71, 92732, 1435
437, 6, 11, 16, 3, 0, 2.19%, 0, 0, 3, 213.00, 93798, 1435
442, 6, 11, 16, 3, 0, 2.19%, 0, 0, 3, 220.43, 94918, 1435
447, 6, 9, 16, 3, 0, 2.19%, 0, 0, 3, 216.92, 96054, 1435
452, 7, 10, 16, 3, 0, 2.19%, 0, 0, 3, 220.41, 97200, 1435
457, 7, 12, 16, 3, 0, 2.19%, 0, 0, 3, 225.87, 98334, 1435
462, 7, 12, 16, 3, 0, 2.19%, 0, 0, 3, 235.94, 99530, 1435
468, 7, 9, 16, 3, 0, 2.19%, 0, 0, 3, 219.15, 100668, 1435
473, 7, 11, 16, 3, 0, 2.19%, 0, 0, 3, 215.25, 101760, 1435
478, 7, 9, 16, 3, 0, 2.19%, 0, 0, 3, 214.28, 102844, 1435
483, 7, 12, 16, 3, 0, 2.19%, 0, 0, 3, 219.94, 103938, 1435
488, 7, 12, 16, 3, 0, 2.19%, 0, 0, 3, 233.62, 105134, 1435
493, 7, 9, 16, 3, 0, 2.19%, 0, 0, 3, 217.50, 106208, 1435
498, 7, 3, 16, 3, 0, 2.19%, 0, 0, 3, 208.83, 107246, 1435
503, 7, 3, 16, 3, 0, 2.19%, 0, 0, 3, 207.94, 108298, 1435
508, 8, 9, 16, 3, 0, 2.19%, 0, 0, 3, 215.05, 109424, 1435
513, 8, 12, 16, 3, 0, 2.19%, 0, 0, 3, 227.46, 110594, 1435
519, 8, 11, 16, 3, 0, 2.19%, 0, 0, 3, 228.77, 111802, 1435
524, 8, 11, 16, 3, 0, 2.19%, 0, 0, 3, 225.56, 112924, 1435
529, 8, 9, 16, 3, 0, 2.19%, 0, 0, 3, 216.60, 114012, 1435
534, 8, 11, 16, 3, 0, 2.19%, 0, 0, 3, 212.95, 115068, 1435
539, 8, 11, 16, 3, 0, 2.19%, 0, 0, 3, 221.40, 116192, 1435
544, 8, 9, 16, 3, 0, 2.19%, 0, 0, 3, 216.26, 117320, 1435
549, 8, 9, 16, 3, 0, 2.19%, 0, 0, 3, 211.83, 118374, 1435
554, 8, 7, 16, 3, 0, 2.19%, 0, 0, 3, 213.72, 119440, 1435
559, 8, 7, 16, 3, 0, 2.19%, 0, 0, 3, 214.85, 120564, 1435
564, 9, 11, 16, 3, 0, 2.19%, 0, 0, 3, 220.68, 121704, 1435
569, 9, 11, 16, 3, 0, 2.19%, 0, 0, 3, 220.59, 122848, 1435
575, 9, 10, 16, 3, 0, 2.19%, 0, 0, 3, 224.41, 124020, 1435
580, 9, 3, 16, 3, 0, 2.19%, 0, 0, 3, 207.83, 125046, 1435
585, 9, 11, 16, 3, 0, 2.19%, 0, 0, 3, 212.03, 126108, 1435
590, 9, 9, 16, 3, 0, 2.19%, 0, 0, 3, 211.61, 127184, 1435
595, 9, 3, 16, 3, 0, 2.19%, 0, 0, 3, 207.48, 128222, 1435
600, 9, 3, 16, 3, 0, 2.19%, 0, 0, 3, 210.25, 129274, 1435
605, 9, 3, 16, 3, 0, 2.19%, 0, 0, 3, 206.59, 130318, 1435
610, 9, 9, 16, 3, 0, 2.19%, 0, 0, 3, 206.26, 131368, 1435
615, 9, 11, 16, 3, 0, 2.19%, 0, 0, 3, 218.77, 132482, 1435
620, 9, 9, 16, 3, 0, 2.19%, 0, 0, 3, 216.34, 133582, 1435
625, 9, 9, 16, 3, 0, 2.19%, 0, 0, 3, 210.33, 134640, 1435
630, 10, 9, 16, 3, 0, 2.19%, 0, 0, 3, 209.36, 135688, 1435
635, 10, 11, 16, 3, 0, 2.19%, 0, 0, 3, 217.78, 136786, 1435
640, 10, 9, 16, 3, 0, 2.19%, 0, 0, 3, 207.38, 137820, 1435
645, 10, 11, 16, 3, 0, 2.19%, 0, 0, 3, 220.69, 138942, 1435
650, 10, 11, 16, 3, 0, 2.19%, 0, 0, 3, 218.82, 140026, 1435
655, 10, 11, 16, 3, 0, 2.19%, 0, 0, 3, 224.44, 141206, 1435
660, 10, 9, 16, 3, 0, 2.19%, 0, 0, 3, 211.51, 142264, 1435
665, 10, 11, 16, 3, 0, 2.19%, 0, 0, 3, 214.94, 143334, 1435
671, 10, 11, 16, 3, 0, 2.19%, 0, 0, 3, 219.75, 144450, 1435
676, 10, 11, 16, 3, 0, 2.19%, 0, 0, 3, 223.41, 145614, 1435
681, 11, 11, 16, 3, 0, 2.19%, 0, 0, 3, 227.40, 146792, 1435
686, 11, 3, 16, 3, 0, 2.19%, 0, 0, 3, 223.34, 147918, 1435
691, 11, 3, 16, 3, 0, 2.19%, 0, 0, 3, 212.02, 148966, 1435
696, 11, 9, 16, 3, 0, 2.19%, 0, 0, 3, 217.01, 150044, 1435
701, 11, 9, 16, 3, 0, 2.19%, 0, 0, 3, 210.97, 151092, 1435
706, 11, 10, 16, 3, 0, 2.19%, 0, 0, 3, 222.09, 152214, 1435
711, 11, 7, 16, 3, 0, 2.19%, 0, 0, 3, 216.01, 153286, 1435
716, 11, 7, 16, 3, 0, 2.19%, 0, 0, 3, 219.42, 154386, 1435
721, 11, 9, 16, 3, 0, 2.19%, 0, 0, 3, 212.69, 155476, 1435
726, 11, 11, 16, 3, 0, 2.19%, 0, 0, 3, 220.25, 156574, 1435
731, 11, 13, 16, 3, 0, 2.19%, 0, 0, 3, 221.49, 157694, 1435
736, 12, 7, 16, 3, 0, 2.19%, 0, 0, 3, 220.85, 158818, 1435
741, 12, 7, 16, 3, 0, 2.19%, 0, 0, 3, 217.89, 159894, 1435
746, 12, 7, 16, 3, 0, 2.19%, 0, 0, 3, 221.05, 161010, 1435
751, 12, 9, 16, 3, 0, 2.19%, 0, 0, 3, 223.92, 162126, 1435
756, 12, 12, 16, 3, 0, 2.19%, 0, 0, 3, 227.61, 163240, 1435
761, 12, 11, 16, 3, 0, 2.19%, 0, 0, 3, 233.03, 164470, 1435
767, 12, 11, 16, 3, 0, 2.19%, 0, 0, 3, 227.34, 165604, 1435
772, 12, 3, 16, 3, 0, 2.19%, 0, 0, 3, 215.27, 166732, 1435
777, 12, 3, 16, 3, 0, 2.19%, 0, 0, 3, 210.09, 167788, 1435
782, 12, 13, 16, 3, 0, 2.19%, 0, 0, 3, 210.33, 168841, 1435
787, 12, 3, 16, 3, 0, 2.19%, 0, 0, 3, 208.68, 169894, 1435
792, 12, 9, 16, 3, 0, 2.19%, 0, 0, 3, 208.39, 170948, 1435
797, 12, 11, 16, 3, 0, 2.19%, 0, 0, 3, 219.44, 172064, 1435
802, 13, 9, 16, 3, 0, 2.19%, 0, 0, 3, 212.95, 173154, 1435
807, 13, 9, 16, 3, 0, 2.19%, 0, 0, 3, 206.29, 174196, 1435
812, 13, 11, 16, 3, 0, 2.19%, 0, 0, 3, 212.73, 175264, 1435
817, 13, 9, 16, 3, 0, 2.19%, 0, 0, 3, 217.52, 176380, 1435
822, 13, 10, 16, 3, 0, 2.19%, 0, 0, 3, 217.28, 177462, 1435
827, 13, 7, 16, 3, 0, 2.19%, 0, 0, 3, 220.85, 178582, 1435
832, 13, 7, 16, 3, 0, 2.19%, 0, 0, 3, 219.92, 179678, 1435
837, 13, 11, 16, 3, 0, 2.19%, 0, 0, 3, 216.38, 180758, 1435
842, 13, 9, 16, 3, 0, 2.19%, 0, 0, 3, 213.90, 181854, 1435
847, 14, 7, 16, 3, 0, 2.19%, 0, 0, 3, 218.08, 182940, 1435
852, 14, 7, 16, 3, 0, 2.19%, 0, 0, 3, 218.10, 184072, 1435
858, 14, 11, 16, 3, 0, 2.19%, 0, 0, 3, 219.93, 185174, 1435
863, 14, 9, 16, 3, 0, 2.19%, 0, 0, 3, 213.64, 186252, 1435
868, 14, 11, 16, 3, 0, 2.19%, 0, 0, 3, 215.23, 187310, 1435
873, 14, 3, 16, 3, 0, 2.19%, 0, 0, 3, 210.95, 188388, 1435
878, 14, 3, 16, 3, 0, 2.19%, 0, 0, 3, 207.70, 189432, 1435
883, 14, 7, 16, 3, 0, 2.19%, 0, 0, 3, 211.76, 190490, 1435
888, 14, 7, 16, 3, 0, 2.19%, 0, 0, 3, 219.29, 191598, 1435
893, 14, 9, 16, 3, 0, 2.19%, 0, 0, 3, 215.45, 192684, 1435
898, 14, 11, 16, 3, 0, 2.19%, 0, 0, 3, 220.67, 193780, 1435
903, 14, 11, 16, 3, 0, 2.19%, 0, 0, 3, 222.68, 194908, 1435
908, 14, 11, 16, 3, 0, 2.19%, 0, 0, 3, 223.39, 196038, 1435
913, 15, 11, 16, 3, 0, 2.19%, 0, 0, 3, 217.37, 197118, 1435
918, 15, 9, 16, 3, 0, 2.19%, 0, 0, 3, 215.54, 198256, 1435
923, 15, 11, 16, 3, 0, 2.19%, 0, 0, 3, 221.71, 199370, 1435
928, 15, 3, 16, 3, 0, 2.19%, 0, 0, 3, 213.21, 200426, 1435
933, 15, 9, 16, 3, 0, 2.19%, 0, 0, 3, 209.80, 201484, 1435
938, 15, 11, 16, 3, 0, 2.19%, 0, 0, 3, 219.95, 202630, 1435
943, 15, 9, 16, 3, 0, 2.19%, 0, 0, 3, 216.06, 203736, 1435
949, 15, 11, 16, 3, 0, 2.19%, 0, 0, 3, 212.07, 204816, 1435
954, 15, 11, 16, 3, 0, 2.19%, 0, 0, 3, 218.82, 205928, 1435
959, 15, 11, 16, 3, 0, 2.19%, 0, 0, 3, 223.85, 207054, 1435
964, 16, 11, 16, 3, 0, 2.19%, 0, 0, 3, 213.70, 208120, 1435
969, 16, 7, 16, 3, 0, 2.19%, 0, 0, 3, 219.86, 209244, 1435
974, 16, 7, 16, 3, 0, 2.19%, 0, 0, 3, 218.46, 210344, 1435
979, 16, 9, 16, 3, 0, 2.19%, 0, 0, 3, 213.30, 211418, 1435
984, 16, 12, 16, 3, 0, 2.19%, 0, 0, 3, 214.44, 212482, 1435
989, 16, 12, 16, 3, 0, 2.19%, 0, 0, 3, 234.84, 213690, 1435
994, 16, 0, 16, 3, 0, 2.19%, 0, 0, 3, 213.06, 214780, 1435
999, 16, 0, 17, 4, 0, 2.20%, 0, 0, 3, 198.51, 215715, 1443
1004, 16, 16, 17, 3, 1, 2.20%, 0, 0, 3, 199.53, 216744, 1443
1009, 16, 16, 17, 3, 1, 2.20%, 0, 0, 3, 211.75, 217852, 1443
1014, 16, 16, 17, 3, 1, 2.20%, 0, 0, 3, 214.85, 218964, 1443
1020, 16, 11, 17, 2, 0, 2.20%, 0, 0, 3, 218.12, 220092, 1443
1025, 16, 12, 17, 2, 0, 2.20%, 0, 0, 3, 230.86, 221250, 1443
1030, 16, 12, 17, 2, 0, 2.20%, 0, 0, 3, 236.43, 222438, 1443
1035, 16, 9, 17, 2, 0, 2.20%, 0, 0, 3, 213.98, 223500, 1443
1040, 16, 11, 17, 2, 0, 2.20%, 0, 0, 3, 216.39, 224574, 1443
1045, 16, 11, 17, 2, 0, 2.20%, 0, 0, 3, 221.14, 225694, 1443
1050, 17, 15, 17, 2, 0, 2.20%, 0, 0, 3, 229.72, 226850, 1443
1055, 17, 9, 17, 2, 0, 2.20%, 0, 0, 3, 233.17, 228092, 1443
1060, 17, 10, 17, 1, 0, 2.20%, 0, 0, 3, 214.67, 229144, 1443
1065, 17, 7, 17, 1, 0, 2.20%, 0, 0, 3, 218.12, 230282, 1443
1070, 17, 7, 17, 1, 0, 2.20%, 0, 0, 3, 218.10, 231406, 1443
1075, 17, 9, 17, 1, 0, 2.20%, 0, 0, 3, 209.78, 232456, 1443
1080, 17, 7, 17, 1, 0, 2.20%, 0, 0, 3, 219.20, 233588, 1443
1085, 17, 7, 17, 1, 0, 2.20%, 0, 0, 3, 218.25, 234680, 1443
1091, 17, 9, 17, 1, 0, 2.20%, 0, 0, 3, 212.24, 235746, 1443
1096, 17, 11, 17, 1, 0, 2.20%, 0, 0, 3, 218.95, 236880, 1443
1101, 17, 16, 17, 1, 0, 2.20%, 0, 0, 3, 221.17, 238030, 1443
1106, 17, 16, 17, 1, 0, 2.20%, 0, 0, 3, 215.64, 239110, 1443
1111, 17, 16, 17, 1, 0, 2.20%, 0, 0, 3, 216.08, 240198, 1443
1116, 17, 16, 17, 1, 0, 2.20%, 0, 0, 3, 215.75, 241326, 1443
1121, 17, 16, 17, 1, 0, 2.20%, 0, 0, 3, 215.22, 242438, 1443
1126, 17, 16, 17, 1, 0, 2.20%, 0, 0, 3, 218.07, 243574, 1443
1131, 17, 16, 17, 1, 0, 2.20%, 0, 0, 3, 214.42, 244654, 1443
1137, 18, 11, 17, 1, 0, 2.20%, 0, 0, 3, 222.65, 245780, 1443
1142, 18, 3, 17, 1, 0, 2.20%, 0, 0, 3, 213.49, 246854, 1443
1147, 18, 3, 17, 1, 0, 2.20%, 0, 0, 3, 206.22, 247886, 1443
1152, 18, 9, 17, 1, 0, 2.20%, 0, 0, 3, 205.73, 248932, 1443
1157, 18, 9, 17, 1, 0, 2.20%, 0, 0, 3, 204.80, 249956, 1443
1162, 18, 11, 17, 1, 0, 2.20%, 0, 0, 3, 218.80, 251066, 1443
1167, 18, 9, 17, 1, 0, 2.20%, 0, 0, 3, 210.26, 252122, 1443
1172, 18, 3, 17, 1, 0, 2.20%, 0, 0, 3, 208.93, 253176, 1443
1177, 18, 3, 17, 1, 0, 2.20%, 0, 0, 3, 209.12, 254232, 1443
1182, 18, 16, 17, 1, 0, 2.20%, 0, 0, 3, 210.57, 255284, 1443
1187, 18, 16, 17, 1, 0, 2.20%, 0, 0, 3, 216.22, 256372, 1443
1192, 18, 16, 17, 1, 0, 2.20%, 0, 0, 3, 216.56, 257456, 1443
1197, 18, 16, 17, 1, 0, 2.20%, 0, 0, 3, 216.88, 258544, 1443
1202, 18, 16, 17, 1, 0, 2.20%, 0, 0, 3, 214.25, 259624, 1443
1207, 18, 16, 17, 1, 0, 2.20%, 0, 0, 3, 217.88, 260760, 1443
1212, 18, 16, 17, 1, 0, 2.20%, 0, 0, 3, 219.73, 261892, 1443
1217, 18, 11, 17, 1, 0, 2.20%, 0, 0, 3, 216.77, 262960, 1443
1222, 19, 9, 17, 1, 0, 2.20%, 0, 0, 3, 213.92, 264042, 1443
1227, 19, 10, 17, 1, 0, 2.20%, 0, 0, 3, 218.72, 265126, 1443
1232, 19, 10, 17, 1, 0, 2.20%, 0, 0, 3, 221.98, 266226, 1443
1237, 19, 9, 17, 1, 0, 2.20%, 0, 0, 3, 219.16, 267328, 1443
1242, 19, 16, 17, 1, 0, 2.20%, 0, 0, 3, 209.74, 268372, 1443
1248, 19, 16, 17, 1, 0, 2.20%, 0, 0, 3, 215.47, 269512, 1443
1253, 19, 16, 17, 1, 0, 2.20%, 0, 0, 3, 216.36, 270596, 1443
1258, 19, 16, 17, 1, 0, 2.20%, 0, 0, 3, 215.68, 271680, 1443
1263, 19, 16, 17, 1, 0, 2.20%, 0, 0, 3, 215.87, 272768, 1443
1268, 19, 16, 17, 1, 0, 2.20%, 0, 0, 3, 216.98, 273896, 1443
1273, 19, 16, 17, 1, 0, 2.20%, 0, 0, 3, 214.37, 274976, 1443
1278, 19, 7, 17, 0, 0, 2.20%, 0, 0, 3, 222.54, 276112, 1443
1283, 19, 7, 17, 0, 0, 2.20%, 0, 0, 3, 216.09, 277232, 1443
1288, 19, 11, 17, 0, 0, 2.20%, 0, 0, 3, 220.47, 278334, 1443
1293, 19, 9, 17, 0, 0, 2.20%, 0, 0, 3, 213.88, 279414, 1443
1298, 20, 9, 17, 0, 0, 2.20%, 0, 0, 3, 207.17, 280450, 1443
1303, 20, 10, 17, 0, 0, 2.20%, 0, 0, 3, 218.55, 281560, 1443
1308, 20, 9, 17, 0, 0, 2.20%, 0, 0, 3, 213.42, 282618, 1443
1313, 20, 12, 17, 0, 0, 2.20%, 0, 0, 3, 225.63, 283744, 1443
1319, 20, 9, 17, 0, 0, 2.20%, 0, 0, 3, 224.45, 284930, 1443
1324, 20, 3, 17, 0, 0, 2.20%, 0, 0, 3, 212.52, 285986, 1443
1329, 20, 3, 17, 0, 0, 2.20%, 0, 0, 3, 207.93, 287034, 1443
1334, 20, 11, 17, 0, 0, 2.20%, 0, 0, 3, 209.45, 288088, 1443
1339, 20, 12, 17, 0, 0, 2.20%, 0, 0, 3, 221.70, 289244, 1443
1344, 20, 12, 17, 0, 0, 2.20%, 0, 0, 3, 236.57, 290492, 1443
1349, 20, 7, 17, 0, 0, 2.20%, 0, 0, 3, 223.95, 291620, 1443
1354, 20, 7, 17, 0, 0, 2.20%, 0, 0, 3, 217.77, 292712, 1443
1359, 20, 9, 17, 0, 0, 2.20%, 0, 0, 3, 212.11, 293778, 1443
1364, 21, 12, 17, 0, 0, 2.20%, 0, 0, 3, 229.90, 294944, 1443
1369, 21, 11, 17, 0, 0, 2.20%, 0, 0, 3, 228.65, 296142, 1443
1374, 21, 3, 17, 0, 0, 2.20%, 0, 0, 3, 214.27, 297218, 1443
1379, 21, 3, 17, 0, 0, 2.20%, 0, 0, 3, 209.43, 298258, 1443
1385, 21, 11, 17, 0, 0, 2.20%, 0, 0, 3, 220.16, 299416, 1443
1390, 21, 11, 17, 0, 0, 2.20%, 0, 0, 3, 219.09, 300552, 1443
1395, 21, 3, 17, 0, 0, 2.20%, 0, 0, 3, 211.84, 301628, 1443
1400, 21, 3, 17, 0, 0, 2.20%, 0, 0, 3, 209.14, 302676, 1443
1405, 21, 16, 17, 0, 0, 2.20%, 0, 0, 3, 219.53, 303832, 1443
1410, 21, 16, 17, 0, 0, 2.20%, 0, 0, 3, 216.33, 304948, 1443
1416, 21, 16, 17, 0, 0, 2.20%, 0, 0, 3, 216.34, 306072, 1443
1421, 21, 16, 17, 0, 0, 2.20%, 0, 0, 3, 219.08, 307164, 1443
1426, 21, 16, 17, 0, 0, 2.20%, 0, 0, 3, 215.41, 308284, 1443
1431, 21, 16, 17, 0, 0, 2.20%, 0, 0, 3, 215.67, 309408, 1443
1436, 21, 16, 17, 0, 0, 2.20%, 0, 0, 3, 215.64, 310532, 1443
1441, 21, 11, 17, 0, 0, 2.20%, 0, 0, 3, 214.40, 311604, 1443
1446, 21, 9, 17, 0, 0, 2.20%, 0, 0, 3, 215.46, 312708, 1443
1451, 21, 9, 17, 0, 0, 2.20%, 0, 0, 3, 208.20, 313750, 1443
1456, 21, 16, 17, 0, 0, 2.20%, 0, 0, 3, 210.77, 314816, 1443
1461, 21, 16, 17, 0, 0, 2.20%, 0, 0, 3, 216.64, 315940, 1443
1467, 21, 16, 17, 0, 0, 2.20%, 0, 0, 3, 217.03, 317032, 1443
1472, 21, 16, 17, 0, 0, 2.20%, 0, 0, 3, 216.82, 318116, 1443
1477, 21, 16, 17, 0, 0, 2.20%, 0, 0, 3, 218.12, 319208, 1443
1482, 21, 16, 17, 0, 0, 2.20%, 0, 0, 3, 217.42, 320300, 1443
1487, 21, 16, 17, 0, 0, 2.20%, 0, 0, 3, 213.98, 321372, 1443
1492, 22, 9, 17, 0, 0, 2.20%, 0, 0, 3, 210.00, 322422, 1443
1497, 22, 16, 17, 0, 0, 2.20%, 0, 0, 3, 214.30, 323496, 1443
1502, 22, 16, 17, 0, 0, 2.20%, 0, 0, 3, 217.45, 324624, 1443
1507, 22, 16, 17, 0, 0, 2.20%, 0, 0, 3, 218.87, 325728, 1443
1512, 22, 16, 17, 0, 0, 2.20%, 0, 0, 3, 218.82, 326828, 1443
1517, 22, 16, 17, 0, 0, 2.20%, 0, 0, 3, 217.12, 327912, 1443
1522, 22, 16, 17, 0, 0, 2.20%, 0, 0, 3, 216.62, 329032, 1443
1527, 22, 11, 17, 0, 0, 2.20%, 0, 0, 3, 218.34, 330124, 1443
1532, 22, 11, 17, 0, 0, 2.20%, 0, 0, 3, 232.30, 331336, 1443
1537, 22, 3, 17, 0, 0, 2.20%, 0, 0, 3, 217.11, 332424, 1443
1542, 22, 3, 17, 0, 0, 2.20%, 0, 0, 3, 209.12, 333480, 1443
1548, 22, 16, 17, 0, 0, 2.20%, 0, 0, 3, 212.31, 334550, 1443
1553, 22, 16, 17, 0, 0, 2.20%, 0, 0, 3, 214.59, 335678, 1443
1558, 22, 16, 17, 0, 0, 2.20%, 0, 0, 3, 216.19, 336798, 1443
1563, 22, 16, 17, 0, 0, 2.20%, 0, 0, 3, 215.03, 337886, 1443
1568, 22, 16, 17, 0, 0, 2.20%, 0, 0, 3, 215.96, 338962, 1443
1573, 22, 16, 17, 0, 0, 2.20%, 0, 0, 3, 216.36, 340078, 1443
1578, 22, 11, 17, 0, 0, 2.20%, 0, 0, 3, 221.49, 341222, 1443
1583, 22, 11, 17, 0, 0, 2.20%, 0, 0, 3, 221.72, 342338, 1443
1588, 22, 12, 17, 0, 0, 2.20%, 0, 0, 3, 232.68, 343546, 1443
1594, 22, 7, 17, 0, 0, 2.20%, 0, 0, 3, 229.41, 344752, 1443
1599, 22, 7, 17, 0, 0, 2.20%, 0, 0, 3, 220.85, 345852, 1443
1604, 22, 3, 17, 0, 0, 2.20%, 0, 0, 3, 217.17, 346942, 1443
1609, 22, 3, 17, 0, 0, 2.20%, 0, 0, 3, 209.71, 347986, 1443
1614, 22, 11, 17, 0, 0, 2.20%, 0, 0, 3, 214.64, 349050, 1443
1619, 22, 9, 17, 0, 0, 2.20%, 0, 0, 3, 213.18, 350136, 1443
1624, 22, 4, 17, 0, 0, 2.20%, 0, 0, 3, 221.18, 351240, 1443
1629, 23, 9, 17, 0, 0, 2.20%, 0, 0, 3, 225.59, 352412, 1443
1634, 23, 11, 17, 0, 0, 2.20%, 0, 0, 3, 221.75, 353514, 1443
1639, 23, 11, 17, 0, 0, 2.20%, 0, 0, 3, 218.52, 354602, 1443
1644, 23, 12, 17, 0, 0, 2.20%, 0, 0, 3, 231.71, 355810, 1443
1649, 23, 11, 17, 0, 0, 2.20%, 0, 0, 3, 235.01, 357028, 1443
1654, 23, 7, 17, 0, 0, 2.20%, 0, 0, 3, 224.06, 358140, 1443
1659, 23, 7, 17, 0, 0, 2.20%, 0, 0, 3, 219.05, 359224, 1443
1664, 23, 9, 17, 0, 0, 2.20%, 0, 0, 3, 214.82, 360310, 1443
1670, 23, 11, 17, 0, 0, 2.20%, 0, 0, 3, 219.57, 361440, 1443
1675, 23, 11, 17, 0, 0, 2.20%, 0, 0, 3, 228.49, 362614, 1443
1680, 23, 11, 17, 0, 0, 2.20%, 0, 0, 3, 224.38, 363738, 1443
1685, 23, 7, 17, 0, 0, 2.20%, 0, 0, 3, 217.52, 364870, 1443
1690, 23, 7, 17, 0, 0, 2.20%, 0, 0, 3, 218.42, 365962, 1443
1695, 23, 11, 17, 0, 0, 2.20%, 0, 0, 3, 218.66, 367076, 1443
1700, 23, 9, 17, 0, 0, 2.20%, 0, 0, 3, 210.33, 368126, 1443
1705, 24, 9, 17, 0, 0, 2.20%, 0, 0, 3, 219.39, 369244, 1443
1710, 24, 12, 17, 0, 0, 2.20%, 0, 0, 3, 224.81, 370390, 1443
1715, 24, 16, 17, 0, 0, 2.20%, 0, 0, 3, 233.53, 371616, 1443
1721, 24, 16, 17, 0, 0, 2.20%, 0, 0, 3, 220.15, 372748, 1443
1726, 24, 16, 17, 0, 0, 2.20%, 0, 0, 3, 217.74, 373848, 1443
1731, 24, 16, 17, 0, 0, 2.20%, 0, 0, 3, 213.91, 374956, 1443
1736, 24, 16, 17, 0, 0, 2.20%, 0, 0, 3, 215.24, 376068, 1443
1741, 24, 16, 17, 0, 0, 2.20%, 0, 0, 3, 215.54, 377192, 1443
1746, 24, 16, 17, 0, 0, 2.20%, 0, 0, 3, 215.63, 378272, 1443
1751, 24, 12, 17, 0, 0, 2.20%, 0, 0, 3, 227.77, 379438, 1443
1757, 24, 11, 17, 0, 0, 2.20%, 0, 0, 3, 233.60, 380660, 1443
1762, 24, 9, 17, 0, 0, 2.20%, 0, 0, 3, 219.61, 381760, 1443
1767, 24, 11, 17, 0, 0, 2.20%, 0, 0, 3, 221.51, 382865, 1443
1772, 24, 9, 17, 0, 0, 2.20%, 0, 0, 3, 219.13, 384000, 1443
1777, 24, 16, 17, 0, 0, 2.20%, 0, 0, 3, 212.65, 385052, 1443
1782, 24, 16, 17, 0, 0, 2.20%, 0, 0, 3, 215.65, 386176, 1443
1787, 24, 16, 17, 0, 0, 2.20%, 0, 0, 3, 214.68, 387292, 1443
1792, 24, 16, 17, 0, 0, 2.20%, 0, 0, 3, 217.10, 388424, 1443
1797, 24, 16, 17, 0, 0, 2.20%, 0, 0, 3, 213.20, 389492, 1443
1802, 24, 16, 17, 0, 0, 2.20%, 0, 0, 3, 215.53, 390588, 1443
1808, 24, 16, 17, 0, 0, 2.20%, 0, 0, 3, 217.71, 391720, 1443
1813, 24, 16, 17, 0, 0, 2.20%, 0, 0, 3, 214.43, 392828, 1443
1818, 24, 16, 17, 0, 0, 2.20%, 0, 0, 3, 213.51, 393944, 1443
1823, 24, 16, 17, 0, 0, 2.20%, 0, 0, 3, 214.19, 395016, 1443
1828, 24, 16, 17, 0, 0, 2.20%, 0, 0, 3, 214.46, 396096, 1443
1833, 24, 16, 17, 0, 0, 2.20%, 0, 0, 3, 215.30, 397172, 1443
1838, 24, 16, 17, 0, 0, 2.20%, 0, 0, 3, 216.46, 398264, 1443
1843, 24, 9, 17, 0, 0, 2.20%, 0, 0, 3, 209.12, 399320, 1443
1848, 24, 7, 17, 0, 0, 2.20%, 0, 0, 3, 217.01, 400422, 1443
1853, 24, 7, 17, 0, 0, 2.20%, 0, 0, 3, 215.53, 401498, 1443
1858, 24, 12, 17, 0, 0, 2.20%, 0, 0, 3, 220.33, 402600, 1443
1863, 24, 12, 17, 0, 0, 2.20%, 0, 0, 3, 234.05, 403816, 1443
1868, 25, 12, 17, 0, 0, 2.20%, 0, 0, 3, 224.34, 404972, 1443
1874, 25, 12, 17, 0, 0, 2.20%, 0, 0, 3, 235.12, 406200, 1443
1879, 25, 16, 17, 0, 0, 2.20%, 0, 0, 3, 225.75, 407374, 1443
1884, 25, 16, 17, 0, 0, 2.20%, 0, 0, 3, 218.46, 408502, 1443
1889, 25, 16, 17, 0, 0, 2.20%, 0, 0, 3, 215.02, 409582, 1443
1894, 25, 16, 17, 0, 0, 2.20%, 0, 0, 3, 214.55, 410658, 1443
1899, 25, 16, 17, 0, 0, 2.20%, 0, 0, 3, 217.30, 411790, 1443
1904, 25, 16, 17, 0, 0, 2.20%, 0, 0, 3, 219.53, 412898, 1443
1910, 25, 16, 17, 0, 0, 2.20%, 0, 0, 3, 214.29, 414002, 1443
1915, 25, 16, 17, 0, 0, 2.20%, 0, 0, 3, 216.84, 415090, 1443
1920, 25, 16, 17, 0, 0, 2.20%, 0, 0, 3, 215.42, 416174, 1443
1925, 25, 16, 17, 0, 0, 2.20%, 0, 0, 3, 217.17, 417266, 1443
1930, 25, 16, 17, 0, 0, 2.20%, 0, 0, 3, 215.90, 418354, 1443
1935, 25, 16, 17, 0, 0, 2.20%, 0, 0, 3, 217.68, 419470, 1443
1940, 25, 16, 17, 0, 0, 2.20%, 0, 0, 3, 218.78, 420570, 1443
1945, 25, 11, 17, 0, 0, 2.20%, 0, 0, 3, 217.30, 421690, 1443
1950, 25, 16, 17, 0, 0, 2.20%, 0, 0, 3, 217.13, 422814, 1443
1955, 25, 16, 17, 0, 0, 2.20%, 0, 0, 3, 217.66, 423946, 1443
1960, 25, 16, 17, 0, 0, 2.20%, 0, 0, 3, 216.46, 425034, 1443
1965, 25, 16, 17, 0, 0, 2.20%, 0, 0, 3, 215.16, 426110, 1443
1970, 25, 16, 17, 0, 0, 2.20%, 0, 0, 3, 214.58, 427182, 1443
1975, 25, 16, 17, 0, 0, 2.20%, 0, 0, 3, 217.51, 428274, 1443
1981, 25, 11, 17, 0, 0, 2.20%, 0, 0, 3, 222.27, 429422, 1443
1986, 25, 11, 17, 0, 0, 2.20%, 0, 0, 3, 224.22, 430550, 1443
1991, 25, 9, 17, 0, 0, 2.20%, 0, 0, 3, 209.47, 431588, 1443
1996, 25, 11, 17, 0, 0, 2.20%, 0, 0, 3, 211.06, 432644, 1443
2001, 25, 11, 17, 0, 0, 2.20%, 0, 0, 3, 221.74, 433808, 1443
2006, 25, 7, 17, 0, 0, 2.20%, 0, 0, 3, 218.37, 434908, 1443
2011, 25, 7, 17, 0, 0, 2.20%, 0, 0, 3, 218.53, 436036, 1443
2016, 25, 11, 17, 0, 0, 2.20%, 0, 0, 3, 221.43, 437150, 1443
2021, 25, 11, 17, 0, 0, 2.20%, 0, 0, 3, 224.29, 438324, 1443
2026, 26, 9, 17, 0, 0, 2.20%, 0, 0, 3, 220.69, 439440, 1443
2031, 26, 9, 17, 0, 0, 2.20%, 0, 0, 3, 208.34, 440476, 1443
2036, 26, 16, 17, 0, 0, 2.20%, 0, 0, 3, 214.93, 441554, 1443
2041, 26, 16, 17, 0, 0, 2.20%, 0, 0, 3, 215.49, 442642, 1443
2047, 26, 16, 17, 0, 0, 2.20%, 0, 0, 3, 216.30, 443726, 1443
2052, 26, 16, 17, 0, 0, 2.20%, 0, 0, 3, 216.15, 444842, 1443
2057, 26, 16, 17, 0, 0, 2.20%, 0, 0, 3, 218.17, 445934, 1443
2062, 26, 16, 17, 0, 0, 2.20%, 0, 0, 3, 217.90, 447030, 1443
2067, 26, 16, 17, 0, 0, 2.20%, 0, 0, 3, 215.55, 448110, 1443
2072, 26, 7, 17, 0, 0, 2.20%, 0, 0, 3, 228.31, 449282, 1443
2077, 26, 7, 17, 0, 0, 2.20%, 0, 0, 3, 218.64, 450406, 1443
2082, 26, 4, 17, 0, 0, 2.20%, 0, 0, 3, 223.84, 451556, 1443
2087, 26, 11, 17, 0, 0, 2.20%, 0, 0, 3, 227.37, 452718, 1443
2092, 26, 9, 17, 0, 0, 2.20%, 0, 0, 3, 226.08, 453854, 1443
2097, 26, 7, 17, 0, 0, 2.20%, 0, 0, 3, 218.79, 454938, 1443
2102, 26, 7, 17, 0, 0, 2.20%, 0, 0, 3, 218.77, 456070, 1443
2108, 26, 9, 17, 0, 0, 2.20%, 0, 0, 3, 214.41, 457184, 1443
2113, 26, 12, 17, 0, 0, 2.20%, 0, 0, 3, 230.89, 458346, 1443
2118, 26, 9, 17, 0, 0, 2.20%, 0, 0, 3, 224.30, 459488, 1443
2123, 26, 11, 17, 0, 0, 2.20%, 0, 0, 3, 223.06, 460594, 1443
2128, 27, 12, 17, 0, 0, 2.20%, 0, 0, 3, 234.78, 461830, 1443
2133, 27, 9, 17, 0, 0, 2.20%, 0, 0, 3, 220.92, 462948, 1443
2138, 27, 9, 17, 0, 0, 2.20%, 0, 0, 3, 208.63, 463988, 1443
2143, 27, 11, 17, 0, 0, 2.20%, 0, 0, 3, 219.85, 465130, 1443
2148, 27, 7, 17, 0, 0, 2.20%, 0, 0, 3, 220.10, 466242, 1443
2153, 27, 7, 17, 0, 0, 2.20%, 0, 0, 3, 220.85, 467358, 1443
2158, 27, 11, 17, 0, 0, 2.20%, 0, 0, 3, 220.92, 468476, 1443
2163, 27, 4, 17, 0, 0, 2.20%, 0, 0, 3, 236.53, 469700, 1443
2168, 27, 11, 17, 0, 0, 2.20%, 0, 0, 3, 227.73, 470826, 1443
2174, 27, 11, 17, 0, 0, 2.20%, 0, 0, 3, 227.53, 472010, 1443
2179, 27, 9, 17, 0, 0, 2.20%, 0, 0, 3, 213.76, 473088, 1443
2184, 27, 11, 17, 0, 0, 2.20%, 0, 0, 3, 219.88, 474186, 1443
2189, 27, 9, 17, 0, 0, 2.20%, 0, 0, 3, 221.98, 475372, 1443
2194, 27, 3, 17, 0, 0, 2.20%, 0, 0, 3, 212.53, 476440, 1443
2199, 27, 3, 17, 0, 0, 2.20%, 0, 0, 3, 208.65, 477496, 1443
2204, 28, 11, 17, 0, 0, 2.20%, 0, 0, 3, 213.13, 478576, 1443
2209, 28, 9, 17, 0, 0, 2.20%, 0, 0, 3, 213.83, 479672, 1443
2214, 28, 7, 17, 0, 0, 2.20%, 0, 0, 3, 216.32, 480754, 1443
2219, 28, 7, 17, 0, 0, 2.20%, 0, 0, 3, 217.08, 481838, 1443
2224, 28, 9, 17, 0, 0, 2.20%, 0, 0, 3, 210.38, 482902, 1443
2229, 28, 11, 17, 0, 0, 2.20%, 0, 0, 3, 206.50, 483934, 1443
2234, 28, 9, 17, 0, 0, 2.20%, 0, 0, 3, 215.97, 485042, 1443
2239, 28, 10, 17, 0, 0, 2.20%, 0, 0, 3, 213.73, 486112, 1443
2245, 28, 16, 17, 0, 0, 2.20%, 0, 0, 3, 217.52, 487250, 1443
2250, 28, 16, 17, 0, 0, 2.20%, 0, 0, 3, 215.98, 488330, 1443
2255, 28, 16, 17, 0, 0, 2.20%, 0, 0, 3, 212.05, 489390, 1443
2260, 28, 16, 17, 0, 0, 2.20%, 0, 0, 3, 217.33, 490522, 1443
2265, 28, 16, 17, 0, 0, 2.20%, 0, 0, 3, 216.93, 491606, 1443
2270, 28, 16, 17, 0, 0, 2.20%, 0, 0, 3, 216.65, 492734, 1443
2275, 28, 9, 17, 0, 0, 2.20%, 0, 0, 3, 209.53, 493818, 1443
2280, 28, 3, 17, 0, 0, 2.20%, 0, 0, 3, 207.78, 494854, 1443
2285, 28, 3, 17, 0, 0, 2.20%, 0, 0, 3, 208.22, 495914, 1443
2290, 29, 9, 17, 0, 0, 2.20%, 0, 0, 3, 209.11, 496972, 1443
2295, 29, 4, 17, 0, 0, 2.20%, 0, 0, 3, 229.31, 498114, 1443
2300, 29, 11, 17, 0, 0, 2.20%, 0, 0, 3, 224.99, 499250, 1443
2305, 29, 11, 17, 0, 0, 2.20%, 0, 0, 3, 225.51, 500384, 1443
2311, 29, 9, 17, 0, 0, 2.20%, 0, 0, 3, 217.52, 501516, 1443
2316, 29, 9, 17, 0, 0, 2.20%, 0, 0, 3, 217.04, 502614, 1443
2321, 29, 9, 17, 0, 0, 2.20%, 0, 0, 3, 209.44, 503656, 1443
2326, 29, 16, 17, 0, 0, 2.20%, 0, 0, 3, 213.41, 504730, 1443
2331, 29, 16, 17, 0, 0, 2.20%, 0, 0, 3, 215.60, 505814, 1443
2336, 29, 16, 17, 0, 0, 2.20%, 0, 0, 3, 215.96, 506910, 1443
2341, 29, 16, 17, 0, 0, 2.20%, 0, 0, 3, 219.55, 508018, 1443
2346, 29, 16, 17, 0, 0, 2.20%, 0, 0, 3, 216.75, 509134, 1443
2351, 29, 16, 17, 0, 0, 2.20%, 0, 0, 3, 216.07, 510250, 1443
2356, 29, 9, 17, 0, 0, 2.20%, 0, 0, 3, 213.73, 511360, 1443
2361, 29, 9, 17, 0, 0, 2.20%, 0, 0, 3, 217.22, 512462, 1443
2367, 29, 11, 17, 0, 0, 2.20%, 0, 0, 3, 220.56, 513596, 1443
2372, 30, 12, 17, 0, 0, 2.20%, 0, 0, 3, 231.13, 514762, 1443
2377, 30, 11, 17, 0, 0, 2.20%, 0, 0, 3, 232.85, 515944, 1443
2382, 30, 11, 17, 0, 0, 2.20%, 0, 0, 3, 224.55, 517060, 1443
2387, 30, 9, 17, 0, 0, 2.20%, 0, 0, 3, 214.67, 518146, 1443
2392, 30, 11, 17, 0, 0, 2.20%, 0, 0, 3, 218.27, 519244, 1443
2397, 30, 11, 17, 0, 0, 2.20%, 0, 0, 3, 221.46, 520364, 1443
2402, 30, 16, 17, 0, 0, 2.20%, 0, 0, 3, 221.27, 521482, 1443
2407, 30, 16, 17, 0, 0, 2.20%, 0, 0, 3, 216.77, 522558, 1443
2412, 30, 16, 17, 0, 0, 2.20%, 0, 0, 3, 217.31, 523650, 1443
2417, 30, 16, 17, 0, 0, 2.20%, 0, 0, 3, 217.49, 524774, 1443
2422, 30, 16, 17, 0, 0, 2.20%, 0, 0, 3, 213.83, 525842, 1443
2427, 30, 16, 17, 0, 0, 2.20%, 0, 0, 3, 215.69, 526930, 1443
2432, 30, 16, 17, 0, 0, 2.20%, 0, 0, 3, 214.99, 528010, 1443
2437, 30, 3, 17, 0, 0, 2.20%, 0, 0, 3, 210.04, 529108, 1443
2442, 30, 3, 17, 0, 0, 2.20%, 0, 0, 3, 209.63, 530164, 1443
2447, 30, 16, 17, 0, 0, 2.20%, 0, 0, 3, 216.21, 531250, 1443
2452, 30, 16, 17, 0, 0, 2.20%, 0, 0, 3, 218.01, 532350, 1443
2457, 30, 16, 17, 0, 0, 2.20%, 0, 0, 3, 215.77, 533438, 1443
2463, 30, 16, 17, 0, 0, 2.20%, 0, 0, 3, 219.70, 534578, 1443
2468, 30, 16, 17, 0, 0, 2.20%, 0, 0, 3, 217.97, 535674, 1443
2473, 30, 16, 17, 0, 0, 2.20%, 0, 0, 3, 217.42, 536770, 1443
2478, 30, 9, 17, 0, 0, 2.20%, 0, 0, 3, 213.93, 537850, 1443
2483, 30, 11, 17, 0, 0, 2.20%, 0, 0, 3, 220.70, 538956, 1443
2488, 30, 9, 17, 0, 0, 2.20%, 0, 0, 3, 217.17, 540064, 1443
2493, 30, 11, 17, 0, 0, 2.20%, 0, 0, 3, 221.74, 541206, 1443
2498, 31, 9, 17, 0, 0, 2.20%, 0, 0, 3, 214.11, 542318, 1443
2503, 31, 11, 17, 0, 0, 2.20%, 0, 0, 3, 219.67, 543428, 1443
2509, 31, 11, 17, 0, 0, 2.20%, 0, 0, 3, 225.08, 544594, 1443
2514, 31, 7, 17, 0, 0, 2.20%, 0, 0, 3, 224.41, 545714, 1443
2519, 31, 7, 17, 0, 0, 2.20%, 0, 0, 3, 222.63, 546830, 1443
2524, 31, 9, 17, 0, 0, 2.20%, 0, 0, 3, 216.57, 547956, 1443
2529, 31, 11, 17, 0, 0, 2.20%, 0, 0, 3, 218.23, 549094, 1443
2534, 31, 11, 17, 0, 0, 2.20%, 0, 0, 3, 229.39, 550308, 1443
2539, 31, 4, 17, 0, 0, 2.20%, 0, 0, 3, 220.99, 551398, 1443
2544, 31, 16, 17, 0, 0, 2.20%, 0, 0, 3, 224.04, 552582, 1443
2549, 31, 16, 17, 0, 0, 2.20%, 0, 0, 3, 218.80, 553710, 1443
2555, 31, 16, 17, 0, 0, 2.20%, 0, 0, 3, 220.14, 554814, 1443
2560, 31, 16, 17, 0, 0, 2.20%, 0, 0, 3, 219.57, 555906, 1443
2565, 31, 16, 17, 0, 0, 2.20%, 0, 0, 3, 220.61, 557014, 1443
2570, 31, 16, 17, 0, 0, 2.20%, 0, 0, 3, 217.48, 558106, 1443
2575, 31, 9, 17, 0, 0, 2.20%, 0, 0, 3, 213.31, 559178, 1443
2580, 31, 10, 17, 0, 0, 2.20%, 0, 0, 3, 207.43, 560210, 1443
2585, 32, 9, 17, 0, 0, 2.20%, 0, 0, 3, 211.77, 561280, 1443
2590, 32, 11, 17, 0, 0, 2.20%, 0, 0, 3, 222.84, 562404, 1443
2595, 32, 10, 17, 0, 0, 2.20%, 0, 0, 3, 224.89, 563536, 1443
2600, 32, 4, 17, 0, 0, 2.20%, 0, 0, 3, 226.42, 564652, 1443
2605, 32, 9, 17, 0, 0, 2.20%, 0, 0, 3, 223.06, 565778, 1443
2610, 32, 9, 17, 0, 0, 2.20%, 0, 0, 3, 211.26, 566838, 1443
2615, 32, 11, 17, 0, 0, 2.20%, 0, 0, 3, 219.12, 567942, 1443
2620, 32, 9, 17, 0, 0, 2.20%, 0, 0, 3, 223.13, 569104, 1443
2625, 32, 3, 17, 0, 0, 2.20%, 0, 0, 3, 210.22, 570142, 1443
2630, 32, 3, 17, 0, 0, 2.20%, 0, 0, 3, 207.41, 571198, 1443
2635, 33, 12, 17, 0, 0, 2.20%, 0, 0, 3, 234.46, 572432, 1443
2641, 33, 12, 17, 0, 0, 2.20%, 0, 0, 3, 238.85, 573676, 1443
2646, 33, 9, 17, 0, 0, 2.20%, 0, 0, 3, 236.83, 574904, 1443
2651, 33, 11, 17, 0, 0, 2.20%, 0, 0, 3, 226.34, 576006, 1443
2656, 33, 11, 17, 0, 0, 2.20%, 0, 0, 3, 225.99, 577184, 1443
2661, 33, 11, 17, 0, 0, 2.20%, 0, 0, 3, 225.18, 578348, 1443
2666, 33, 9, 17, 0, 0, 2.20%, 0, 0, 3, 218.11, 579444, 1443
2671, 33, 7, 17, 0, 0, 2.20%, 0, 0, 3, 218.61, 580582, 1443
2677, 33, 7, 17, 0, 0, 2.20%, 0, 0, 3, 219.68, 581722, 1443
2682, 33, 10, 17, 0, 0, 2.20%, 0, 0, 3, 221.45, 582836, 1443
2687, 33, 3, 17, 0, 0, 2.20%, 0, 0, 3, 210.55, 583894, 1443
2692, 33, 10, 17, 0, 0, 2.20%, 0, 0, 3, 215.45, 584966, 1443
2697, 34, 9, 17, 0, 0, 2.20%, 0, 0, 3, 217.64, 586084, 1443
2702, 34, 11, 17, 0, 0, 2.20%, 0, 0, 3, 221.77, 587186, 1443
2707, 34, 9, 17, 0, 0, 2.20%, 0, 0, 3, 211.22, 588244, 1443
2712, 34, 9, 17, 0, 0, 2.20%, 0, 0, 3, 208.60, 589296, 1443
2717, 34, 11, 17, 0, 0, 2.20%, 0, 0, 3, 217.31, 590390, 1443
2722, 34, 3, 17, 0, 0, 2.20%, 0, 0, 3, 214.10, 591508, 1443
2727, 34, 11, 17, 0, 0, 2.20%, 0, 0, 3, 212.28, 592566, 1443
2732, 34, 4, 17, 0, 0, 2.20%, 0, 0, 3, 230.76, 593732, 1443
2737, 34, 11, 17, 0, 0, 2.20%, 0, 0, 3, 228.99, 594898, 1443
2742, 34, 10, 17, 0, 0, 2.20%, 0, 0, 3, 228.47, 596048, 1443
2747, 34, 4, 17, 0, 0, 2.20%, 0, 0, 3, 230.59, 597172, 1443
2752, 34, 12, 17, 0, 0, 2.20%, 0, 0, 3, 235.99, 598406, 1443
2757, 35, 9, 17, 0, 0, 2.20%, 0, 0, 3, 222.25, 599528, 1443
2762, 35, 9, 17, 0, 0, 2.20%, 0, 0, 3, 209.96, 600564, 1443
2768, 35, 12, 17, 0, 0, 2.20%, 0, 0, 3, 231.04, 601782, 1443
2773, 35, 9, 17, 0, 0, 2.20%, 0, 0, 3, 225.84, 602980, 1443
2778, 35, 11, 17, 0, 0, 2.20%, 0, 0, 3, 213.73, 604024, 1443
2783, 35, 9, 17, 0, 0, 2.20%, 0, 0, 3, 215.57, 605128, 1443
2788, 35, 16, 17, 0, 0, 2.20%, 0, 0, 3, 218.05, 606218, 1443
2793, 35, 16, 17, 0, 0, 2.20%, 0, 0, 3, 217.21, 607342, 1443
2798, 35, 16, 17, 0, 0, 2.20%, 0, 0, 3, 215.36, 608426, 1443
2803, 35, 16, 17, 0, 0, 2.20%, 0, 0, 3, 216.63, 609542, 1443
2808, 35, 16, 17, 0, 0, 2.20%, 0, 0, 3, 217.16, 610630, 1443
2813, 35, 16, 17, 0, 0, 2.20%, 0, 0, 3, 218.99, 611734, 1443
2818, 35, 11, 17, 0, 0, 2.20%, 0, 0, 3, 220.73, 612878, 1443
2823, 35, 11, 17, 0, 0, 2.20%, 0, 0, 3, 222.25, 613998, 1443
2829, 35, 11, 17, 0, 0, 2.20%, 0, 0, 3, 225.25, 615142, 1443
2834, 35, 11, 17, 0, 0, 2.20%, 0, 0, 3, 225.00, 616306, 1443
2839, 35, 7, 17, 0, 0, 2.20%, 0, 0, 3, 219.07, 617402, 1443
2844, 35, 7, 17, 0, 0, 2.20%, 0, 0, 3, 216.80, 618494, 1443
2849, 36, 9, 17, 0, 0, 2.20%, 0, 0, 3, 220.30, 619612, 1443
2854, 36, 9, 17, 0, 0, 2.20%, 0, 0, 3, 209.07, 620654, 1443
2859, 36, 9, 17, 0, 0, 2.20%, 0, 0, 3, 207.88, 621706, 1443
2864, 36, 12, 17, 0, 0, 2.20%, 0, 0, 3, 217.70, 622790, 1443
2869, 36, 12, 17, 0, 0, 2.20%, 0, 0, 3, 236.58, 623994, 1443
2874, 36, 9, 17, 0, 0, 2.20%, 0, 0, 3, 221.41, 625100, 1443
2879, 36, 11, 17, 0, 0, 2.20%, 0, 0, 3, 221.68, 626230, 1443
2884, 36, 7, 17, 0, 0, 2.20%, 0, 0, 3, 222.17, 627396, 1443
2889, 36, 7, 17, 0, 0, 2.20%, 0, 0, 3, 218.44, 628496, 1443
2895, 36, 11, 17, 0, 0, 2.20%, 0, 0, 3, 222.55, 629654, 1443
2900, 36, 9, 17, 0, 0, 2.20%, 0, 0, 3, 211.86, 630722, 1443
2905, 36, 11, 17, 0, 0, 2.20%, 0, 0, 3, 220.31, 631840, 1443
2910, 36, 9, 17, 0, 0, 2.20%, 0, 0, 3, 221.57, 632964, 1443
2915, 37, 11, 17, 0, 0, 2.20%, 0, 0, 3, 217.12, 634042, 1443
2920, 37, 12, 17, 0, 0, 2.20%, 0, 0, 3, 233.35, 635266, 1443
2925, 37, 9, 17, 0, 0, 2.20%, 0, 0, 3, 226.44, 636420, 1443
2930, 37, 11, 17, 0, 0, 2.20%, 0, 0, 3, 225.78, 637536, 1443
2935, 37, 9, 17, 0, 0, 2.20%, 0, 0, 3, 217.59, 638634, 1443
2940, 37, 12, 17, 0, 0, 2.20%, 0, 0, 3, 237.84, 639854, 1443
2945, 37, 12, 17, 0, 0, 2.20%, 0, 0, 3, 236.05, 641038, 1443
2950, 37, 11, 17, 0, 0, 2.20%, 0, 0, 3, 227.62, 642176, 1443
2955, 37, 11, 17, 0, 0, 2.20%, 0, 0, 3, 224.90, 643296, 1443
2960, 37, 11, 17, 0, 0, 2.20%, 0, 0, 3, 223.70, 644452, 1443
2965, 37, 11, 17, 0, 0, 2.20%, 0, 0, 3, 224.60, 645596, 1443
2970, 37, 9, 17, 0, 0, 2.20%, 0, 0, 3, 217.77, 646696, 1443
2976, 38, 9, 17, 0, 0, 2.20%, 0, 0, 3, 221.29, 647846, 1443
2981, 38, 11, 17, 0, 0, 2.20%, 0, 0, 3, 220.06, 648936, 1443
2986, 38, 11, 17, 0, 0, 2.20%, 0, 0, 3, 223.27, 650076, 1443
2991, 38, 11, 17, 0, 0, 2.20%, 0, 0, 3, 219.59, 651154, 1443
2996, 38, 7, 17, 0, 0, 2.20%, 0, 0, 3, 221.35, 652306, 1443
3001, 38, 7, 17, 0, 0, 2.20%, 0, 0, 3, 220.65, 653446, 1443
3006, 38, 11, 17, 0, 0, 2.20%, 0, 0, 3, 222.62, 654600, 1443
3011, 38, 4, 17, 0, 0, 2.20%, 0, 0, 3, 223.70, 655706, 1443
3016, 38, 16, 17, 0, 0, 2.20%, 0, 0, 3, 223.49, 656844, 1443
3022, 38, 16, 17, 0, 0, 2.20%, 0, 0, 3, 219.39, 657976, 1443
3027, 38, 16, 17, 0, 0, 2.20%, 0, 0, 3, 216.94, 659064, 1443
3032, 38, 16, 17, 0, 0, 2.20%, 0, 0, 3, 216.16, 660160, 1443
3037, 38, 16, 17, 0, 0, 2.20%, 0, 0, 3, 214.53, 661228, 1443
3042, 38, 16, 17, 0, 0, 2.20%, 0, 0, 3, 215.25, 662304, 1443
3047, 38, 9, 17, 0, 0, 2.20%, 0, 0, 3, 215.89, 663386, 1443
3052, 38, 11, 17, 0, 0, 2.20%, 0, 0, 3, 209.36, 664430, 1443
3057, 38, 9, 17, 0, 0, 2.20%, 0, 0, 3, 214.75, 665530, 1443
3062, 38, 9, 17, 0, 0, 2.20%, 0, 0, 3, 205.93, 666566, 1443
3067, 38, 4, 17, 0, 0, 2.20%, 0, 0, 3, 210.58, 667626, 1443
3072, 39, 9, 17, 0, 0, 2.20%, 0, 0, 3, 217.69, 668810, 1443
3077, 39, 7, 17, 0, 0, 2.20%, 0, 0, 3, 216.44, 669886, 1443
3082, 39, 7, 17, 0, 0, 2.20%, 0, 0, 3, 216.55, 670974, 1443
3087, 39, 11, 17, 0, 0, 2.20%, 0, 0, 3, 220.42, 672084, 1443
3092, 39, 9, 17, 0, 0, 2.20%, 0, 0, 3, 215.06, 673172, 1443
3097, 39, 9, 17, 0, 0, 2.20%, 0, 0, 3, 210.23, 674220, 1443
3102, 39, 3, 17, 0, 0, 2.20%, 0, 0, 3, 207.01, 675276, 1443
3107, 39, 3, 17, 0, 0, 2.20%, 0, 0, 3, 207.56, 676316, 1443
3112, 39, 7, 17, 0, 0, 2.20%, 0, 0, 3, 215.18, 677400, 1443
3117, 39, 7, 17, 0, 0, 2.20%, 0, 0, 3, 216.89, 678496, 1443
3123, 39, 11, 17, 0, 0, 2.20%, 0, 0, 3, 220.10, 679610, 1443
3128, 39, 9, 17, 0, 0, 2.20%, 0, 0, 3, 213.97, 680694, 1443
3133, 39, 4, 17, 0, 0, 2.20%, 0, 0, 3, 220.94, 681780, 1443
3138, 39, 9, 17, 0, 0, 2.20%, 0, 0, 3, 224.78, 682922, 1443
3143, 40, 11, 17, 0, 0, 2.20%, 0, 0, 3, 221.09, 684008, 1443
3148, 40, 11, 17, 0, 0, 2.20%, 0, 0, 3, 213.39, 685094, 1443
3153, 40, 11, 17, 0, 0, 2.20%, 0, 0, 3, 220.00, 686210, 1443
3158, 40, 12, 17, 0, 0, 2.20%, 0, 0, 3, 215.26, 687328, 1443
3163, 40, 12, 17, 0, 0, 2.20%, 0, 0, 3, 235.23, 688568, 1443
3168, 40, 9, 17, 0, 0, 2.20%, 0, 0, 3, 219.31, 689712, 1443
3173, 40, 9, 17, 0, 0, 2.20%, 0, 0, 3, 208.88, 690750, 1443
3178, 40, 11, 17, 0, 0, 2.20%, 0, 0, 3, 221.57, 691878, 1443
3183, 40, 3, 17, 0, 0, 2.20%, 0, 0, 3, 222.78, 693004, 1443
3188, 40, 3, 17, 0, 0, 2.20%, 0, 0, 3, 211.48, 694056, 1443
3193, 40, 9, 17, 0, 0, 2.20%, 0, 0, 3, 207.94, 695102, 1443
3199, 40, 3, 17, 0, 0, 2.20%, 0, 0, 3, 206.95, 696146, 1443
3204, 40, 3, 17, 0, 0, 2.20%, 0, 0, 3, 207.52, 697206, 1443
3209, 41, 3, 17, 0, 0, 2.20%, 0, 0, 3, 215.06, 698298, 1443
3214, 41, 3, 17, 0, 0, 2.20%, 0, 0, 3, 208.14, 699370, 1443
3219, 41, 11, 17, 0, 0, 2.20%, 0, 0, 3, 227.52, 700526, 1443
3224, 41, 11, 17, 0, 0, 2.20%, 0, 0, 3, 224.70, 701694, 1443
3229, 41, 16, 17, 0, 0, 2.20%, 0, 0, 3, 217.08, 702814, 1443
3234, 41, 16, 17, 0, 0, 2.20%, 0, 0, 3, 218.43, 703942, 1443
3239, 41, 16, 17, 0, 0, 2.20%, 0, 0, 3, 216.52, 705030, 1443
3245, 41, 16, 17, 0, 0, 2.20%, 0, 0, 3, 216.38, 706142, 1443
3250, 41, 16, 17, 0, 0, 2.20%, 0, 0, 3, 217.77, 707270, 1443
3255, 41, 16, 17, 0, 0, 2.20%, 0, 0, 3, 218.88, 708406, 1443
3260, 41, 16, 17, 0, 0, 2.20%, 0, 0, 3, 219.02, 709510, 1443
3265, 41, 9, 17, 0, 0, 2.20%, 0, 0, 3, 212.61, 710572, 1443
3270, 41, 9, 17, 0, 0, 2.20%, 0, 0, 3, 209.30, 711624, 1443
3275, 41, 11, 17, 0, 0, 2.20%, 0, 0, 3, 213.99, 712700, 1443
3280, 41, 9, 17, 0, 0, 2.20%, 0, 0, 3, 211.39, 713788, 1443
3285, 41, 9, 17, 0, 0, 2.20%, 0, 0, 3, 216.19, 714930, 1443
3291, 41, 11, 17, 0, 0, 2.20%, 0, 0, 3, 218.41, 716024, 1443
3296, 41, 7, 17, 0, 0, 2.20%, 0, 0, 3, 217.45, 717156, 1443
3301, 41, 7, 17, 0, 0, 2.20%, 0, 0, 3, 218.84, 718296, 1443
3306, 42, 9, 17, 0, 0, 2.20%, 0, 0, 3, 222.22, 719410, 1443
3311, 42, 16, 17, 0, 0, 2.20%, 0, 0, 3, 215.93, 720472, 1443
3316, 42, 16, 17, 0, 0, 2.20%, 0, 0, 3, 215.90, 721560, 1443
3321, 42, 16, 17, 0, 0, 2.20%, 0, 0, 3, 216.22, 722672, 1443
3326, 42, 16, 17, 0, 0, 2.20%, 0, 0, 3, 214.46, 723748, 1443
3331, 42, 16, 17, 0, 0, 2.20%, 0, 0, 3, 215.22, 724824, 1443
3336, 42, 16, 17, 0, 0, 2.20%, 0, 0, 3, 216.14, 725948, 1443
3342, 42, 10, 17, 0, 0, 2.20%, 0, 0, 3, 216.21, 727072, 1443
3347, 42, 9, 17, 0, 0, 2.20%, 0, 0, 3, 221.48, 728196, 1443
3352, 42, 9, 17, 0, 0, 2.20%, 0, 0, 3, 209.48, 729246, 1443
3357, 42, 9, 17, 0, 0, 2.20%, 0, 0, 3, 218.88, 730352, 1443
3362, 42, 9, 17, 0, 0, 2.20%, 0, 0, 3, 212.56, 731452, 1443
3367, 42, 9, 17, 0, 0, 2.20%, 0, 0, 3, 205.51, 732484, 1443
3372, 42, 9, 17, 0, 0, 2.20%, 0, 0, 3, 218.96, 733594, 1443
3377, 42, 3, 17, 0, 0, 2.20%, 0, 0, 3, 210.09, 734636, 1443
3382, 42, 3, 17, 0, 0, 2.20%, 0, 0, 3, 210.07, 735688, 1443
3387, 42, 4, 17, 0, 0, 2.20%, 0, 0, 3, 218.81, 736776, 1443
3392, 43, 10, 17, 0, 0, 2.20%, 0, 0, 3, 216.49, 737886, 1443
3397, 43, 11, 17, 0, 0, 2.20%, 0, 0, 3, 216.35, 738962, 1443
3402, 43, 11, 17, 0, 0, 2.20%, 0, 0, 3, 221.03, 740082, 1443
3407, 43, 11, 17, 0, 0, 2.20%, 0, 0, 3, 223.80, 741214, 1443
3412, 43, 3, 17, 0, 0, 2.20%, 0, 0, 3, 218.17, 742314, 1443
3417, 43, 3, 17, 0, 0, 2.20%, 0, 0, 3, 209.72, 743354, 1443
3422, 43, 11, 17, 0, 0, 2.20%, 0, 0, 3, 216.74, 744436, 1443
3427, 43, 7, 17, 0, 0, 2.20%, 0, 0, 3, 217.69, 745576, 1443
3433, 43, 7, 17, 0, 0, 2.20%, 0, 0, 3, 217.41, 746672, 1443
3438, 43, 11, 17, 0, 0, 2.20%, 0, 0, 3, 223.31, 747824, 1443
3443, 43, 11, 17, 0, 0, 2.20%, 0, 0, 3, 215.59, 748900, 1443
3448, 43, 11, 17, 0, 0, 2.20%, 0, 0, 3, 223.31, 750068, 1443
3453, 43, 9, 17, 0, 0, 2.20%, 0, 0, 3, 215.75, 751154, 1443
3458, 44, 9, 17, 0, 0, 2.20%, 0, 0, 3, 207.17, 752186, 1443
3463, 44, 11, 17, 0, 0, 2.20%, 0, 0, 3, 219.46, 753340, 1443
3468, 44, 11, 17, 0, 0, 2.20%, 0, 0, 3, 223.50, 754460, 1443
3473, 44, 9, 17, 0, 0, 2.20%, 0, 0, 3, 215.81, 755588, 1443
3478, 44, 11, 17, 0, 0, 2.20%, 0, 0, 3, 214.78, 756648, 1443
3483, 44, 11, 17, 0, 0, 2.20%, 0, 0, 3, 223.24, 757792, 1443
3489, 44, 12, 17, 0, 0, 2.20%, 0, 0, 3, 232.49, 759008, 1443
3494, 44, 9, 17, 0, 0, 2.20%, 0, 0, 3, 222.39, 760150, 1443
3499, 44, 7, 17, 0, 0, 2.20%, 0, 0, 3, 219.43, 761286, 1443
3504, 44, 7, 17, 0, 0, 2.20%, 0, 0, 3, 218.74, 762386, 1443
3509, 44, 11, 17, 0, 0, 2.20%, 0, 0, 3, 221.65, 763492, 1443
3514, 44, 11, 17, 0, 0, 2.20%, 0, 0, 3, 218.32, 764588, 1443
3519, 44, 9, 17, 0, 0, 2.20%, 0, 0, 3, 216.63, 765686, 1443
3524, 45, 11, 17, 0, 0, 2.20%, 0, 0, 3, 218.86, 766784, 1443
3529, 45, 11, 17, 0, 0, 2.20%, 0, 0, 3, 223.72, 767920, 1443
3534, 45, 10, 17, 0, 0, 2.20%, 0, 0, 3, 226.83, 769084, 1443
3539, 45, 11, 17, 0, 0, 2.20%, 0, 0, 3, 228.74, 770264, 1443
3544, 45, 10, 17, 0, 0, 2.20%, 0, 0, 3, 215.98, 771340, 1443
3549, 45, 9, 17, 0, 0, 2.20%, 0, 0, 3, 220.02, 772466, 1443
3554, 45, 3, 17, 0, 0, 2.20%, 0, 0, 3, 212.19, 773524, 1443
3559, 45, 3, 17, 0, 0, 2.20%, 0, 0, 3, 209.88, 774576, 1443
3564, 45, 9, 17, 0, 0, 2.20%, 0, 0, 3, 217.57, 775686, 1443
3569, 45, 11, 17, 0, 0, 2.20%, 0, 0, 3, 220.75, 776784, 1443
3575, 45, 4, 17, 0, 0, 2.20%, 0, 0, 3, 225.18, 777930, 1443
3580, 46, 16, 17, 0, 0, 2.20%, 0, 0, 3, 220.93, 779086, 1443
3585, 46, 16, 17, 0, 0, 2.20%, 0, 0, 3, 215.56, 780162, 1443
3590, 46, 16, 17, 0, 0, 2.20%, 0, 0, 3, 214.33, 781278, 1443
3595, 46, 16, 17, 0, 0, 2.20%, 0, 0, 3, 218.11, 782374, 1443
3600, 46, 16, 17, 0, 0, 2.20%, 0, 0, 3, 216.76, 783498, 1443
3605, 46, 16, 17, 0, 0, 2.20%, 0, 0, 3, 215.05, 784582, 1443
3610, 46, 12, 17, 0, 0, 2.20%, 0, 0, 3, 224.46, 785734, 1443
3616, 46, 12, 17, 0, 0, 2.20%, 0, 0, 3, 235.29, 786970, 1443
3621, 46, 12, 17, 0, 0, 2.20%, 0, 0, 3, 236.84, 788206, 1443
3626, 46, 11, 17, 0, 0, 2.20%, 0, 0, 3, 233.19, 789428, 1443
3631, 46, 16, 17, 0, 0, 2.20%, 0, 0, 3, 223.80, 790538, 1443
3636, 46, 16, 17, 0, 0, 2.20%, 0, 0, 3, 219.18, 791642, 1443
3641, 46, 16, 17, 0, 0, 2.20%, 0, 0, 3, 217.94, 792770, 1443
3646, 46, 16, 17, 0, 0, 2.20%, 0, 0, 3, 217.21, 793854, 1443
3651, 46, 16, 17, 0, 0, 2.20%, 0, 0, 3, 218.57, 794954, 1443
3656, 46, 16, 17, 0, 0, 2.20%, 0, 0, 3, 215.72, 796066, 1443
3662, 46, 7, 17, 0, 0, 2.20%, 0, 0, 3, 217.99, 797198, 1443
3667, 46, 7, 17, 0, 0, 2.20%, 0, 0, 3, 216.72, 798282, 1443
3672, 46, 7, 17, 0, 0, 2.20%, 0, 0, 3, 219.44, 799422, 1443
3677, 46, 7, 17, 0, 0, 2.20%, 0, 0, 3, 219.55, 800568, 1443
3682, 46, 7, 17, 0, 0, 2.20%, 0, 0, 3, 216.62, 801668, 1443
3687, 46, 9, 17, 0, 0, 2.20%, 0, 0, 3, 220.36, 802848, 1443
3693, 46, 11, 17, 0, 0, 2.20%, 0, 0, 3, 222.09, 803998, 1443
3698, 46, 11, 17, 0, 0, 2.20%, 0, 0, 3, 224.06, 805126, 1443
3703, 46, 9, 17, 0, 0, 2.20%, 0, 0, 3, 217.24, 806222, 1443
3708, 46, 7, 17, 0, 0, 2.20%, 0, 0, 3, 215.83, 807294, 1443
3713, 46, 7, 17, 0, 0, 2.20%, 0, 0, 3, 218.19, 808394, 1443
3718, 46, 16, 17, 0, 0, 2.20%, 0, 0, 3, 219.20, 809540, 1443
3723, 46, 16, 17, 0, 0, 2.20%, 0, 0, 3, 216.11, 810616, 1443
3728, 46, 16, 17, 0, 0, 2.20%, 0, 0, 3, 218.77, 811716, 1443
3733, 46, 16, 17, 0, 0, 2.20%, 0, 0, 3, 215.97, 812832, 1443
3738, 46, 16, 17, 0, 0, 2.20%, 0, 0, 3, 214.88, 813948, 1443
3743, 46, 16, 17, 0, 0, 2.20%, 0, 0, 3, 217.72, 815084, 1443
3749, 46, 16, 17, 0, 0, 2.20%, 0, 0, 3, 217.02, 816204, 1443
3754, 47, 11, 17, 0, 0, 2.20%, 0, 0, 3, 221.18, 817316, 1443
3759, 47, 9, 17, 0, 0, 2.20%, 0, 0, 3, 214.15, 818432, 1443
3764, 47, 10, 17, 0, 0, 2.20%, 0, 0, 3, 223.30, 819558, 1443
3769, 47, 9, 17, 0, 0, 2.20%, 0, 0, 3, 220.89, 820712, 1443
3774, 47, 4, 17, 0, 0, 2.20%, 0, 0, 3, 215.76, 821784, 1443
3779, 47, 11, 17, 0, 0, 2.20%, 0, 0, 3, 225.30, 822950, 1443
3784, 47, 11, 17, 0, 0, 2.20%, 0, 0, 3, 219.31, 824040, 1443
3789, 47, 9, 17, 0, 0, 2.20%, 0, 0, 3, 213.95, 825120, 1443
3794, 47, 9, 17, 0, 0, 2.20%, 0, 0, 3, 215.89, 826214, 1443
3799, 47, 9, 17, 0, 0, 2.20%, 0, 0, 3, 210.10, 827258, 1443
3804, 47, 3, 17, 0, 0, 2.20%, 0, 0, 3, 209.63, 828304, 1443
3809, 47, 3, 17, 0, 0, 2.20%, 0, 0, 3, 208.43, 829352, 1443
3814, 48, 10, 17, 0, 0, 2.20%, 0, 0, 3, 221.09, 830466, 1443
3819, 48, 13, 17, 0, 0, 2.20%, 0, 0, 3, 224.34, 831606, 1443
3824, 48, 9, 17, 0, 0, 2.20%, 0, 0, 3, 212.19, 832650, 1443
3829, 48, 9, 17, 0, 0, 2.20%, 0, 0, 3, 223.10, 833802, 1443
3834, 48, 11, 17, 0, 0, 2.20%, 0, 0, 3, 222.86, 834916, 1443
3840, 48, 3, 17, 0, 0, 2.20%, 0, 0, 3, 210.53, 835982, 1443
3845, 48, 9, 17, 0, 0, 2.20%, 0, 0, 3, 205.63, 837012, 1443
3850, 48, 9, 17, 0, 0, 2.20%, 0, 0, 3, 204.60, 838036, 1443
3855, 48, 11, 17, 0, 0, 2.20%, 0, 0, 3, 213.29, 839106, 1443
3860, 48, 11, 17, 0, 0, 2.20%, 0, 0, 3, 213.45, 840192, 1443
3865, 48, 3, 17, 0, 0, 2.20%, 0, 0, 3, 214.03, 841280, 1443
3870, 48, 3, 17, 0, 0, 2.20%, 0, 0, 3, 210.36, 842336, 1443
3875, 48, 11, 17, 0, 0, 2.20%, 0, 0, 3, 217.06, 843426, 1443
3880, 49, 13, 17, 0, 0, 2.20%, 0, 0, 3, 221.87, 844546, 1443
3885, 49, 16, 17, 0, 0, 2.20%, 0, 0, 3, 217.88, 845686, 1443
3890, 49, 16, 17, 0, 0, 2.20%, 0, 0, 3, 218.89, 846786, 1443
3895, 49, 16, 17, 0, 0, 2.20%, 0, 0, 3, 217.45, 847874, 1443
3900, 49, 16, 17, 0, 0, 2.20%, 0, 0, 3, 214.66, 848994, 1443
3905, 49, 16, 17, 0, 0, 2.20%, 0, 0, 3, 214.24, 850070, 1443
3910, 49, 16, 17, 0, 0, 2.20%, 0, 0, 3, 214.70, 851150, 1443
3916, 49, 3, 17, 0, 0, 2.20%, 0, 0, 3, 212.84, 852268, 1443
3921, 49, 3, 17, 0, 0, 2.20%, 0, 0, 3, 207.12, 853308, 1443
3926, 49, 11, 17, 0, 0, 2.20%, 0, 0, 3, 219.05, 854406, 1443
3931, 49, 9, 17, 0, 0, 2.20%, 0, 0, 3, 210.94, 855464, 1443
3936, 49, 7, 17, 0, 0, 2.20%, 0, 0, 3, 216.05, 856542, 1443
3941, 49, 7, 17, 0, 0, 2.20%, 0, 0, 3, 217.50, 857638, 1443
3946, 49, 16, 17, 0, 0, 2.20%, 0, 0, 3, 216.52, 858732, 1443
3951, 49, 16, 17, 0, 0, 2.20%, 0, 0, 3, 218.20, 859868, 1443
3956, 49, 16, 17, 0, 0, 2.20%, 0, 0, 3, 216.89, 860968, 1443
3961, 49, 16, 17, 0, 0, 2.20%, 0, 0, 3, 215.48, 862052, 1443
3966, 49, 16, 17, 0, 0, 2.20%, 0, 0, 3, 217.24, 863184, 1443
3971, 49, 16, 17, 0, 0, 2.20%, 0, 0, 3, 219.17, 864328, 1443
3976, 49, 9, 17, 0, 0, 2.20%, 0, 0, 3, 214.17, 865412, 1443
3981, 49, 4, 17, 0, 0, 2.20%, 0, 0, 3, 212.61, 866464, 1443
3986, 49, 9, 17, 0, 0, 2.20%, 0, 0, 3, 216.78, 867592, 1443
3992, 49, 3, 17, 0, 0, 2.20%, 0, 0, 3, 221.75, 868744, 1443
3997, 49, 3, 17, 0, 0, 2.20%, 0, 0, 3, 213.86, 869804, 1443
4002, 50, 16, 17, 0, 0, 2.20%, 0, 0, 3, 216.10, 870922, 1443
4007, 50, 16, 17, 0, 0, 2.20%, 0, 0, 3, 215.65, 872046, 1443
4012, 50, 16, 17, 0, 0, 2.20%, 0, 0, 3, 214.46, 873154, 1443
4017, 50, 16, 17, 0, 0, 2.20%, 0, 0, 3, 216.85, 874278, 1443
4022, 50, 16, 17, 0, 0, 2.20%, 0, 0, 3, 219.61, 875382, 1443
4028, 50, 16, 17, 0, 0, 2.20%, 0, 0, 3, 217.58, 876502, 1443
4033, 50, 3, 17, 0, 0, 2.20%, 0, 0, 3, 218.57, 877634, 1443
4038, 50, 3, 17, 0, 0, 2.20%, 0, 0, 3, 211.13, 878682, 1443
4043, 50, 4, 17, 0, 0, 2.20%, 0, 0, 3, 226.13, 879798, 1443
4048, 50, 11, 17, 0, 0, 2.20%, 0, 0, 3, 228.17, 880996, 1443
4053, 50, 11, 17, 0, 0, 2.20%, 0, 0, 3, 234.37, 882232, 1443
4058, 50, 9, 17, 0, 0, 2.20%, 0, 0, 3, 214.69, 883308, 1443
4063, 50, 12, 17, 0, 0, 2.20%, 0, 0, 3, 223.89, 884416, 1443
4068, 50, 12, 17, 0, 0, 2.20%, 0, 0, 3, 236.34, 885620, 1443
4073, 50, 16, 17, 0, 0, 2.20%, 0, 0, 3, 225.03, 886734, 1443
4079, 50, 16, 17, 0, 0, 2.20%, 0, 0, 3, 218.64, 887858, 1443
4084, 50, 16, 17, 0, 0, 2.20%, 0, 0, 3, 216.80, 888978, 1443
4089, 50, 16, 17, 0, 0, 2.20%, 0, 0, 3, 217.28, 890078, 1443
4094, 50, 16, 17, 0, 0, 2.20%, 0, 0, 3, 216.24, 891166, 1443
4099, 50, 16, 17, 0, 0, 2.20%, 0, 0, 3, 215.10, 892246, 1443
4104, 50, 16, 17, 0, 0, 2.20%, 0, 0, 3, 215.80, 893330, 1443
4109, 50, 11, 17, 0, 0, 2.20%, 0, 0, 3, 222.11, 894492, 1443
4114, 50, 16, 17, 0, 0, 2.20%, 0, 0, 3, 218.10, 895616, 1443
4119, 50, 16, 17, 0, 0, 2.20%, 0, 0, 3, 216.93, 896740, 1443
4125, 50, 16, 17, 0, 0, 2.20%, 0, 0, 3, 216.08, 897864, 1443
4130, 50, 16, 17, 0, 0, 2.20%, 0, 0, 3, 214.56, 898940, 1443
4135, 50, 16, 17, 0, 0, 2.20%, 0, 0, 3, 214.20, 900056, 1443
4140, 50, 16, 17, 0, 0, 2.20%, 0, 0, 3, 216.50, 901144, 1443
4145, 50, 7, 17, 0, 0, 2.20%, 0, 0, 3, 216.93, 902236, 1443
4150, 50, 7, 17, 0, 0, 2.20%, 0, 0, 3, 217.31, 903336, 1443
4155, 51, 9, 17, 0, 0, 2.20%, 0, 0, 3, 213.39, 904406, 1443
4160, 51, 11, 17, 0, 0, 2.20%, 0, 0, 3, 221.52, 905524, 1443
4165, 51, 12, 17, 0, 0, 2.20%, 0, 0, 3, 233.56, 906716, 1443
4170, 51, 9, 17, 0, 0, 2.20%, 0, 0, 3, 219.72, 907830, 1443
4175, 51, 10, 17, 0, 0, 2.20%, 0, 0, 3, 223.24, 908982, 1443
4180, 51, 11, 17, 0, 0, 2.20%, 0, 0, 3, 217.88, 910072, 1443
4185, 51, 9, 17, 0, 0, 2.20%, 0, 0, 3, 216.94, 911174, 1443
4190, 51, 11, 17, 0, 0, 2.20%, 0, 0, 3, 223.43, 912294, 1443
4196, 51, 11, 17, 0, 0, 2.20%, 0, 0, 3, 222.40, 913448, 1443
4201, 51, 11, 17, 0, 0, 2.20%, 0, 0, 3, 225.12, 914582, 1443
4206, 52, 9, 17, 0, 0, 2.20%, 0, 0, 3, 217.32, 915686, 1443
4211, 52, 9, 17, 0, 0, 2.20%, 0, 0, 3, 219.06, 916784, 1443
4216, 52, 7, 17, 0, 0, 2.20%, 0, 0, 3, 214.22, 917842, 1443
4221, 52, 7, 17, 0, 0, 2.20%, 0, 0, 3, 219.37, 918962, 1443
4226, 52, 9, 17, 0, 0, 2.20%, 0, 0, 3, 216.49, 920052, 1443
4231, 52, 11, 17, 0, 0, 2.20%, 0, 0, 3, 227.39, 921240, 1443
4236, 52, 12, 17, 0, 0, 2.20%, 0, 0, 3, 232.09, 922404, 1443
4241, 52, 13, 17, 0, 0, 2.20%, 0, 0, 3, 234.41, 923630, 1443
4246, 52, 4, 17, 0, 0, 2.20%, 0, 0, 3, 230.52, 924754, 1443
4251, 52, 11, 17, 0, 0, 2.20%, 0, 0, 3, 220.58, 925842, 1443
4256, 52, 11, 17, 0, 0, 2.20%, 0, 0, 3, 233.24, 927028, 1443
4261, 52, 9, 17, 0, 0, 2.20%, 0, 0, 3, 219.78, 928124, 1443
4266, 52, 11, 17, 0, 0, 2.20%, 0, 0, 3, 221.11, 929230, 1443
4271, 52, 16, 17, 0, 0, 2.20%, 0, 0, 3, 220.40, 930382, 1443
4277, 52, 16, 17, 0, 0, 2.20%, 0, 0, 3, 221.19, 931534, 1443
4282, 52, 16, 17, 0, 0, 2.20%, 0, 0, 3, 215.74, 932650, 1443
4287, 52, 16, 17, 0, 0, 2.20%, 0, 0, 3, 215.68, 933738, 1443
4292, 52, 16, 17, 0, 0, 2.20%, 0, 0, 3, 218.57, 934838, 1443
4297, 52, 16, 17, 0, 0, 2.20%, 0, 0, 3, 218.47, 935934, 1443
4302, 52, 16, 17, 0, 0, 2.20%, 0, 0, 3, 218.75, 937030, 1443
4307, 53, 12, 17, 0, 0, 2.20%, 0, 0, 3, 225.89, 938206, 1443
4312, 53, 12, 17, 0, 0, 2.20%, 0, 0, 3, 230.82, 939406, 1443
4317, 53, 11, 17, 0, 0, 2.20%, 0, 0, 3, 228.59, 940556, 1443
4322, 53, 11, 17, 0, 0, 2.20%, 0, 0, 3, 232.72, 941740, 1443
4327, 53, 11, 17, 0, 0, 2.20%, 0, 0, 3, 225.80, 942868, 1443
4333, 53, 9, 17, 0, 0, 2.20%, 0, 0, 3, 213.71, 943974, 1443
4338, 53, 16, 17, 0, 0, 2.20%, 0, 0, 3, 214.47, 945040, 1443
4343, 53, 16, 17, 0, 0, 2.20%, 0, 0, 3, 219.81, 946184, 1443
4348, 53, 16, 17, 0, 0, 2.20%, 0, 0, 3, 216.03, 947268, 1443
4353, 53, 16, 17, 0, 0, 2.20%, 0, 0, 3, 218.03, 948364, 1443
4358, 53, 16, 17, 0, 0, 2.20%, 0, 0, 3, 215.67, 949480, 1443
4363, 53, 16, 17, 0, 0, 2.20%, 0, 0, 3, 216.10, 950568, 1443
4368, 53, 12, 17, 0, 0, 2.20%, 0, 0, 3, 224.61, 951722, 1443
4373, 53, 12, 17, 0, 0, 2.20%, 0, 0, 3, 234.05, 952962, 1443
4378, 53, 3, 17, 0, 0, 2.20%, 0, 0, 3, 214.93, 954044, 1443
4384, 53, 16, 17, 0, 0, 2.20%, 0, 0, 3, 210.68, 955102, 1443
4389, 53, 16, 17, 0, 0, 2.20%, 0, 0, 3, 216.53, 956238, 1443
4394, 53, 16, 17, 0, 0, 2.20%, 0, 0, 3, 217.75, 957374, 1443
4399, 53, 16, 17, 0, 0, 2.20%, 0, 0, 3, 215.20, 958450, 1443
4404, 53, 16, 17, 0, 0, 2.20%, 0, 0, 3, 217.86, 959586, 1443
4409, 53, 16, 17, 0, 0, 2.20%, 0, 0, 3, 217.39, 960674, 1443
4414, 53, 16, 17, 0, 0, 2.20%, 0, 0, 3, 214.69, 961746, 1443
4419, 53, 11, 17, 0, 0, 2.20%, 0, 0, 3, 226.50, 962918, 1443
4424, 53, 3, 17, 0, 0, 2.20%, 0, 0, 3, 211.46, 963960, 1443
4430, 53, 3, 17, 0, 0, 2.20%, 0, 0, 3, 209.25, 965044, 1443
4435, 53, 11, 17, 0, 0, 2.20%, 0, 0, 3, 221.82, 966198, 1443
4440, 54, 16, 17, 0, 0, 2.20%, 0, 0, 3, 220.47, 967354, 1443
4445, 54, 16, 17, 0, 0, 2.20%, 0, 0, 3, 217.03, 968478, 1443
4450, 54, 16, 17, 0, 0, 2.20%, 0, 0, 3, 214.53, 969558, 1443
4455, 54, 16, 17, 0, 0, 2.20%, 0, 0, 3, 217.59, 970650, 1443
4460, 54, 16, 17, 0, 0, 2.20%, 0, 0, 3, 216.51, 971742, 1443
4465, 54, 16, 17, 0, 0, 2.20%, 0, 0, 3, 217.55, 972862, 1443
4470, 54, 16, 17, 0, 0, 2.20%, 0, 0, 3, 217.33, 973970, 1443
4476, 54, 16, 17, 0, 0, 2.20%, 0, 0, 3, 217.03, 975098, 1443
4481, 54, 16, 17, 0, 0, 2.20%, 0, 0, 3, 220.13, 976202, 1443
4486, 54, 16, 17, 0, 0, 2.20%, 0, 0, 3, 218.66, 977302, 1443
4491, 54, 16, 17, 0, 0, 2.20%, 0, 0, 3, 216.25, 978386, 1443
4496, 54, 16, 17, 0, 0, 2.20%, 0, 0, 3, 216.96, 979470, 1443
4501, 54, 16, 17, 0, 0, 2.20%, 0, 0, 3, 215.98, 980550, 1443
4506, 54, 11, 17, 0, 0, 2.20%, 0, 0, 3, 220.09, 981646, 1443
4511, 54, 3, 17, 0, 0, 2.20%, 0, 0, 3, 234.41, 982874, 1443
4516, 54, 3, 17, 0, 0, 2.20%, 0, 0, 3, 210.95, 983902, 1443
4521, 54, 9, 17, 0, 0, 2.20%, 0, 0, 3, 209.56, 984964, 1443
4526, 54, 16, 17, 0, 0, 2.20%, 0, 0, 3, 213.79, 986078, 1443
4531, 54, 16, 17, 0, 0, 2.20%, 0, 0, 3, 216.56, 987170, 1443
4537, 54, 16, 17, 0, 0, 2.20%, 0, 0, 3, 216.81, 988302, 1443
4542, 54, 16, 17, 0, 0, 2.20%, 0, 0, 3, 214.67, 989374, 1443
4547, 54, 16, 17, 0, 0, 2.20%, 0, 0, 3, 214.90, 990458, 1443
4552, 54, 16, 17, 0, 0, 2.20%, 0, 0, 3, 212.86, 991526, 1443
4557, 54, 7, 17, 0, 0, 2.20%, 0, 0, 3, 215.19, 992610, 1443
4562, 54, 7, 17, 0, 0, 2.20%, 0, 0, 3, 218.00, 993750, 1443
4567, 54, 11, 17, 0, 0, 2.20%, 0, 0, 3, 219.93, 994842, 1443
4572, 54, 7, 17, 0, 0, 2.20%, 0, 0, 3, 222.47, 995962, 1443
4577, 54, 7, 17, 0, 0, 2.20%, 0, 0, 3, 217.24, 997082, 1443
4582, 54, 11, 17, 0, 0, 2.20%, 0, 0, 3, 218.73, 998220, 1443
4587, 54, 9, 17, 0, 0, 2.20%, 0, 0, 3, 215.88, 999312, 1443
4592, 54, 13, 17, 0, 0, 2.20%, 0, 0, 3, 221.81, 1000438, 1443
4597, 54, 16, 17, 0, 0, 2.20%, 0, 0, 3, 218.76, 1001532, 1443
4602, 54, 16, 17, 0, 0, 2.20%, 0, 0, 3, 217.55, 1002620, 1443
4608, 54, 16, 17, 0, 0, 2.20%, 0, 0, 3, 217.94, 1003752, 1443
4613, 54, 16, 17, 0, 0, 2.20%, 0, 0, 3, 218.68, 1004852, 1443
4618, 54, 16, 17, 0, 0, 2.20%, 0, 0, 3, 219.16, 1005960, 1443
4623, 54, 16, 17, 0, 0, 2.20%, 0, 0, 3, 218.80, 1007052, 1443
4628, 54, 3, 17, 0, 0, 2.20%, 0, 0, 3, 212.42, 1008120, 1443
4633, 54, 3, 17, 0, 0, 2.20%, 0, 0, 3, 208.54, 1009172, 1443
4638, 55, 11, 17, 0, 0, 2.20%, 0, 0, 3, 214.81, 1010246, 1443
4643, 55, 3, 17, 0, 0, 2.20%, 0, 0, 3, 214.54, 1011338, 1443
4648, 55, 3, 17, 0, 0, 2.20%, 0, 0, 3, 207.97, 1012390, 1443
4653, 55, 11, 17, 0, 0, 2.20%, 0, 0, 3, 222.59, 1013550, 1443
4658, 55, 4, 17, 0, 0, 2.20%, 0, 0, 3, 224.95, 1014656, 1443
4663, 55, 9, 17, 0, 0, 2.20%, 0, 0, 3, 222.32, 1015790, 1443
4668, 55, 11, 17, 0, 0, 2.20%, 0, 0, 3, 218.65, 1016878, 1443
4673, 55, 11, 17, 0, 0, 2.20%, 0, 0, 3, 213.89, 1017952, 1443
4678, 55, 11, 17, 0, 0, 2.20%, 0, 0, 3, 222.85, 1019120, 1443
4683, 55, 9, 17, 0, 0, 2.20%, 0, 0, 3, 215.23, 1020212, 1443
4688, 55, 9, 17, 0, 0, 2.20%, 0, 0, 3, 220.71, 1021364, 1443
4693, 55, 11, 17, 0, 0, 2.20%, 0, 0, 3, 229.36, 1022536, 1443
4699, 56, 3, 17, 0, 0, 2.20%, 0, 0, 3, 215.21, 1023652, 1443
4704, 56, 10, 17, 0, 0, 2.20%, 0, 0, 3, 213.95, 1024718, 1443
4709, 56, 9, 17, 0, 0, 2.20%, 0, 0, 3, 208.99, 1025784, 1443
4714, 56, 11, 17, 0, 0, 2.20%, 0, 0, 3, 217.95, 1026870, 1443
4719, 56, 11, 17, 0, 0, 2.20%, 0, 0, 3, 224.18, 1028028, 1443
4724, 56, 16, 17, 0, 0, 2.20%, 0, 0, 3, 218.11, 1029160, 1443
4729, 56, 16, 17, 0, 0, 2.20%, 0, 0, 3, 217.02, 1030284, 1443
4735, 56, 16, 17, 0, 0, 2.20%, 0, 0, 3, 218.94, 1031420, 1443
4740, 56, 16, 17, 0, 0, 2.20%, 0, 0, 3, 217.71, 1032544, 1443
4745, 56, 16, 17, 0, 0, 2.20%, 0, 0, 3, 218.11, 1033640, 1443
4750, 56, 16, 17, 0, 0, 2.20%, 0, 0, 3, 219.56, 1034752, 1443
4755, 56, 9, 17, 0, 0, 2.20%, 0, 0, 3, 212.25, 1035828, 1443
4760, 56, 16, 17, 0, 0, 2.20%, 0, 0, 3, 213.62, 1036894, 1443
4765, 56, 16, 17, 0, 0, 2.20%, 0, 0, 3, 216.33, 1037998, 1443
4770, 56, 16, 17, 0, 0, 2.20%, 0, 0, 3, 218.26, 1039098, 1443
4775, 56, 16, 17, 0, 0, 2.20%, 0, 0, 3, 217.76, 1040194, 1443
4780, 56, 16, 17, 0, 0, 2.20%, 0, 0, 3, 215.70, 1041306, 1443
4785, 56, 16, 17, 0, 0, 2.20%, 0, 0, 3, 215.92, 1042394, 1443
4790, 56, 16, 17, 0, 0, 2.20%, 0, 0, 3, 213.84, 1043474, 1443
4795, 56, 4, 17, 0, 0, 2.20%, 0, 0, 3, 222.98, 1044602, 1443
4800, 56, 11, 17, 0, 0, 2.20%, 0, 0, 3, 217.73, 1045726, 1443
4806, 56, 9, 17, 0, 0, 2.20%, 0, 0, 3, 214.03, 1046854, 1443
4811, 57, 11, 17, 0, 0, 2.20%, 0, 0, 3, 221.37, 1047952, 1443
4816, 57, 12, 17, 0, 0, 2.20%, 0, 0, 3, 227.97, 1049096, 1443
4821, 57, 12, 17, 0, 0, 2.20%, 0, 0, 3, 235.28, 1050316, 1443
4826, 57, 9, 17, 0, 0, 2.20%, 0, 0, 3, 219.56, 1051434, 1443
4831, 57, 11, 17, 0, 0, 2.20%, 0, 0, 3, 216.37, 1052498, 1443
4836, 57, 12, 17, 0, 0, 2.20%, 0, 0, 3, 229.65, 1053654, 1443
4841, 57, 12, 17, 0, 0, 2.20%, 0, 0, 3, 235.11, 1054878, 1443
4846, 57, 11, 17, 0, 0, 2.20%, 0, 0, 3, 217.24, 1055960, 1443
4851, 57, 9, 17, 0, 0, 2.20%, 0, 0, 3, 211.62, 1057064, 1443
4856, 57, 7, 17, 0, 0, 2.20%, 0, 0, 3, 217.48, 1058154, 1443
4861, 57, 7, 17, 0, 0, 2.20%, 0, 0, 3, 220.04, 1059270, 1443
4866, 57, 9, 17, 0, 0, 2.20%, 0, 0, 3, 212.44, 1060342, 1443
4871, 57, 11, 17, 0, 0, 2.20%, 0, 0, 3, 220.43, 1061444, 1443
4877, 58, 11, 17, 0, 0, 2.20%, 0, 0, 3, 215.40, 1062550, 1443
4882, 58, 9, 17, 0, 0, 2.20%, 0, 0, 3, 210.81, 1063626, 1443
4887, 58, 12, 17, 0, 0, 2.20%, 0, 0, 3, 233.31, 1064820, 1443
4892, 58, 11, 17, 0, 0, 2.20%, 0, 0, 3, 228.65, 1066010, 1443
4897, 58, 7, 17, 0, 0, 2.20%, 0, 0, 3, 218.14, 1067094, 1443
4902, 58, 7, 17, 0, 0, 2.20%, 0, 0, 3, 219.33, 1068194, 1443
4907, 58, 9, 17, 0, 0, 2.20%, 0, 0, 3, 210.28, 1069244, 1443
4912, 58, 9, 17, 0, 0, 2.20%, 0, 0, 3, 214.90, 1070364, 1443
4917, 58, 9, 17, 0, 0, 2.20%, 0, 0, 3, 208.28, 1071404, 1443
4922, 58, 3, 17, 0, 0, 2.20%, 0, 0, 3, 207.13, 1072452, 1443
4927, 58, 11, 17, 0, 0, 2.20%, 0, 0, 3, 207.96, 1073502, 1443
4932, 58, 12, 17, 0, 0, 2.20%, 0, 0, 3, 226.39, 1074690, 1443
4937, 58, 12, 17, 0, 0, 2.20%, 0, 0, 3, 234.64, 1075914, 1443
4942, 58, 3, 17, 0, 0, 2.20%, 0, 0, 3, 227.24, 1077074, 1443
4947, 58, 3, 17, 0, 0, 2.20%, 0, 0, 3, 213.14, 1078126, 1443
4953, 58, 9, 17, 0, 0, 2.20%, 0, 0, 3, 210.34, 1079210, 1443
4958, 59, 3, 17, 0, 0, 2.20%, 0, 0, 3, 207.87, 1080254, 1443
4963, 59, 3, 17, 0, 0, 2.20%, 0, 0, 3, 207.65, 1081306, 1443
4968, 59, 3, 17, 0, 0, 2.20%, 0, 0, 3, 206.02, 1082344, 1443
4973, 59, 3, 17, 0, 0, 2.20%, 0, 0, 3, 206.94, 1083392, 1443
4978, 59, 12, 17, 0, 0, 2.20%, 0, 0, 3, 226.17, 1084566, 1443
4983, 59, 9, 17, 0, 0, 2.20%, 0, 0, 3, 225.30, 1085744, 1443
4988, 59, 3, 17, 0, 0, 2.20%, 0, 0, 3, 211.62, 1086786, 1443
4993, 59, 3, 17, 0, 0, 2.20%, 0, 0, 3, 208.88, 1087830, 1443
4998, 59, 7, 17, 0, 0, 2.20%, 0, 0, 3, 213.10, 1088916, 1443
5003, 59, 7, 17, 0, 0, 2.20%, 0, 0, 3, 216.99, 1090040, 1443
5008, 59, 16, 17, 0, 0, 2.20%, 0, 0, 3, 217.14, 1091138, 1443
5014, 59, 16, 17, 0, 0, 2.20%, 0, 0, 3, 215.74, 1092226, 1443
5019, 59, 16, 17, 0, 0, 2.20%, 0, 0, 3, 215.13, 1093318, 1443
5024, 59, 16, 17, 0, 0, 2.20%, 0, 0, 3, 219.26, 1094426, 1443
5029, 59, 16, 17, 0, 0, 2.20%, 0, 0, 3, 214.93, 1095506, 1443
5034, 59, 16, 17, 0, 0, 2.20%, 0, 0, 3, 215.57, 1096618, 1443
5039, 59, 16, 17, 0, 0, 2.20%, 0, 0, 3, 218.03, 1097702, 1443
5044, 59, 7, 17, 0, 0, 2.20%, 0, 0, 3, 215.59, 1098810, 1443
5049, 59, 7, 17, 0, 0, 2.20%, 0, 0, 3, 217.88, 1099946, 1443
5054, 59, 9, 17, 0, 0, 2.20%, 0, 0, 3, 222.28, 1101108, 1443
5059, 59, 9, 17, 0, 0, 2.20%, 0, 0, 3, 211.24, 1102150, 1443
5065, 59, 12, 17, 0, 0, 2.20%, 0, 0, 3, 231.09, 1103368, 1443
5070, 59, 9, 17, 0, 0, 2.20%, 0, 0, 3, 222.05, 1104506, 1443
5075, 59, 16, 17, 0, 0, 2.20%, 0, 0, 3, 213.71, 1105562, 1443
5080, 59, 16, 17, 0, 0, 2.20%, 0, 0, 3, 216.57, 1106654, 1443
5085, 59, 16, 17, 0, 0, 2.20%, 0, 0, 3, 217.49, 1107750, 1443
5090, 59, 16, 17, 0, 0, 2.20%, 0, 0, 3, 220.40, 1108858, 1443
5095, 59, 16, 17, 0, 0, 2.20%, 0, 0, 3, 217.56, 1109938, 1443
5100, 59, 16, 17, 0, 0, 2.20%, 0, 0, 3, 217.28, 1111030, 1443
5105, 59, 16, 17, 0, 0, 2.20%, 0, 0, 3, 214.39, 1112110, 1443
5110, 60, 11, 17, 0, 0, 2.20%, 0, 0, 3, 213.81, 1113180, 1443
5115, 60, 9, 17, 0, 0, 2.20%, 0, 0, 3, 211.63, 1114264, 1443
5120, 60, 9, 17, 0, 0, 2.20%, 0, 0, 3, 209.21, 1115310, 1443
5125, 60, 3, 17, 0, 0, 2.20%, 0, 0, 3, 206.73, 1116356, 1443
5130, 60, 9, 17, 0, 0, 2.20%, 0, 0, 3, 205.82, 1117398, 1443
5135, 60, 11, 17, 0, 0, 2.20%, 0, 0, 3, 218.34, 1118496, 1443
5140, 60, 9, 17, 0, 0, 2.20%, 0, 0, 3, 216.11, 1119592, 1443
5145, 60, 7, 17, 0, 0, 2.20%, 0, 0, 3, 217.41, 1120714, 1443
5150, 60, 7, 17, 0, 0, 2.20%, 0, 0, 3, 216.81, 1121846, 1443
5155, 60, 11, 17, 0, 0, 2.20%, 0, 0, 3, 221.86, 1122972, 1443
5161, 60, 9, 17, 0, 0, 2.20%, 0, 0, 3, 223.93, 1124102, 1443
5166, 60, 11, 17, 0, 0, 2.20%, 0, 0, 3, 220.73, 1125196, 1443
5171, 60, 11, 17, 0, 0, 2.20%, 0, 0, 3, 210.96, 1126252, 1443
5176, 61, 11, 17, 0, 0, 2.20%, 0, 0, 3, 207.38, 1127250, 1443
