# relative_time, cycles_done, cur_item, corpus_count, pending_total, pending_favs, map_size, saved_crashes, saved_hangs, max_depth, execs_per_sec, total_execs, edges_found
61, 0, 46, 108, 106, 19, 1.58%, 0, 0, 3, 214.36, 20752, 1037
66, 0, 46, 110, 108, 19, 1.58%, 0, 0, 3, 213.63, 21860, 1037
71, 0, 46, 115, 113, 19, 1.59%, 0, 0, 3, 210.41, 22916, 1039
76, 0, 46, 118, 116, 19, 1.59%, 0, 0, 3, 212.84, 23988, 1039
82, 0, 46, 119, 117, 19, 1.59%, 0, 0, 3, 213.73, 25080, 1039
87, 0, 46, 123, 121, 19, 1.59%, 0, 0, 3, 214.01, 26124, 1039
92, 0, 46, 125, 123, 19, 1.59%, 0, 0, 3, 217.26, 27240, 1039
97, 0, 46, 125, 123, 19, 1.59%, 0, 0, 3, 221.74, 28384, 1039
102, 0, 46, 125, 123, 19, 1.59%, 0, 0, 3, 225.50, 29512, 1039
107, 0, 46, 126, 124, 19, 1.59%, 0, 0, 3, 224.54, 30636, 1039
112, 0, 46, 127, 125, 19, 1.59%, 0, 0, 3, 230.29, 31816, 1041
117, 0, 46, 128, 126, 19, 1.59%, 0, 0, 3, 228.08, 32980, 1041
123, 0, 46, 128, 126, 19, 1.59%, 0, 0, 3, 220.45, 34128, 1041
128, 0, 40, 130, 127, 25, 1.62%, 0, 0, 3, 150.29, 34881, 1059
133, 0, 128, 131, 127, 26, 1.62%, 0, 0, 4, 121.45, 35446, 1060
138, 0, 128, 134, 130, 26, 1.62%, 0, 0, 4, 114.82, 36006, 1060
143, 0, 128, 136, 132, 26, 1.62%, 0, 0, 4, 109.26, 36554, 1062
148, 0, 128, 137, 133, 26, 1.62%, 0, 0, 4, 111.06, 37106, 1062
153, 0, 128, 138, 134, 26, 1.62%, 0, 0, 4, 111.29, 37680, 1062
158, 0, 128, 139, 135, 26, 1.62%, 0, 0, 4, 111.39, 38250, 1062
163, 0, 128, 140, 136, 26, 1.62%, 0, 0, 4, 108.93, 38788, 1062
168, 0, 128, 140, 136, 26, 1.62%, 0, 0, 4, 111.34, 39344, 1062
173, 0, 128, 140, 136, 26, 1.62%, 0, 0, 4, 111.41, 39908, 1062
178, 0, 128, 141, 137, 26, 1.62%, 0, 0, 4, 109.85, 40452, 1062
183, 0, 128, 141, 137, 26, 1.62%, 0, 0, 4, 110.81, 41008, 1062
188, 0, 128, 141, 137, 26, 1.62%, 0, 0, 4, 109.83, 41574, 1062
193, 0, 128, 142, 138, 26, 1.62%, 0, 0, 4, 108.74, 42132, 1062
198, 0, 128, 142, 138, 26, 1.62%, 0, 0, 4, 112.70, 42696, 1062
203, 0, 128, 142, 138, 26, 1.62%, 0, 0, 4, 112.14, 43276, 1062
208, 0, 128, 142, 138, 26, 1.62%, 0, 0, 4, 107.13, 43810, 1062
214, 0, 128, 143, 139, 26, 1.62%, 0, 0, 4, 111.23, 44376, 1062
219, 0, 128, 143, 139, 26, 1.62%, 0, 0, 4, 111.59, 44942, 1062
224, 0, 128, 143, 139, 26, 1.62%, 0, 0, 4, 113.44, 45506, 1062
229, 0, 128, 143, 139, 26, 1.62%, 0, 0, 4, 121.83, 46114, 1062
234, 0, 128, 143, 139, 26, 1.62%, 0, 0, 4, 118.03, 46716, 1062
239, 0, 128, 143, 139, 26, 1.62%, 0, 0, 4, 111.62, 47280, 1062
244, 0, 128, 143, 139, 26, 1.62%, 0, 0, 4, 113.51, 47856, 1062
249, 0, 128, 144, 140, 26, 1.62%, 0, 0, 4, 116.67, 48438, 1062
254, 0, 128, 144, 140, 26, 1.62%, 0, 0, 4, 114.13, 49026, 1062
259, 0, 128, 145, 141, 26, 1.62%, 0, 0, 4, 114.18, 49614, 1062
264, 0, 128, 146, 142, 26, 1.62%, 0, 0, 4, 110.51, 50168, 1062
269, 0, 128, 146, 142, 26, 1.62%, 0, 0, 4, 109.20, 50728, 1062
275, 0, 128, 146, 142, 26, 1.62%, 0, 0, 4, 111.57, 51312, 1062
280, 0, 129, 151, 146, 24, 1.63%, 0, 0, 4, 670.42, 52482, 1068
285, 0, 134, 151, 145, 24, 1.63%, 0, 0, 4, 113.02, 55088, 1068
290, 0, 134, 152, 146, 24, 1.63%, 0, 0, 5, 114.70, 55676, 1068
295, 0, 145, 154, 147, 23, 1.63%, 0, 0, 5, 113.61, 56256, 1068
300, 0, 145, 155, 148, 23, 1.63%, 0, 0, 5, 110.11, 56816, 1068
305, 0, 145, 156, 149, 23, 1.63%, 0, 0, 5, 113.87, 57390, 1068
310, 0, 145, 156, 149, 23, 1.63%, 0, 0, 5, 112.14, 57960, 1068
315, 0, 145, 156, 149, 23, 1.63%, 0, 0, 5, 116.31, 58552, 1068
321, 0, 145, 157, 150, 23, 1.63%, 0, 0, 5, 112.14, 59128, 1068
326, 0, 145, 157, 150, 23, 1.63%, 0, 0, 5, 111.20, 59686, 1068
331, 0, 145, 158, 151, 23, 1.63%, 0, 0, 5, 113.57, 60266, 1068
336, 0, 145, 158, 151, 23, 1.63%, 0, 0, 5, 114.49, 60860, 1068
341, 0, 145, 158, 151, 23, 1.63%, 0, 0, 5, 114.92, 61446, 1068
346, 0, 145, 158, 151, 23, 1.63%, 0, 0, 5, 121.24, 62060, 1068
351, 0, 145, 158, 151, 23, 1.63%, 0, 0, 5, 117.26, 62634, 1068
356, 0, 145, 160, 153, 23, 1.63%, 0, 0, 5, 116.13, 63220, 1070
361, 0, 145, 161, 154, 23, 1.63%, 0, 0, 5, 118.72, 63822, 1070
366, 0, 145, 161, 154, 23, 1.63%, 0, 0, 5, 113.27, 64382, 1070
371, 0, 145, 161, 154, 23, 1.63%, 0, 0, 5, 118.75, 64982, 1070
376, 0, 145, 161, 154, 23, 1.63%, 0, 0, 5, 114.04, 65552, 1070
381, 0, 145, 161, 154, 23, 1.63%, 0, 0, 5, 123.27, 66168, 1070
386, 0, 145, 161, 154, 23, 1.63%, 0, 0, 5, 113.74, 66732, 1070
391, 0, 145, 162, 155, 23, 1.63%, 0, 0, 5, 115.54, 67302, 1070
396, 0, 145, 162, 155, 23, 1.63%, 0, 0, 5, 117.92, 67884, 1070
401, 0, 145, 163, 156, 23, 1.63%, 0, 0, 5, 118.03, 68470, 1070
406, 0, 145, 163, 156, 23, 1.63%, 0, 0, 5, 109.90, 69022, 1070
411, 0, 145, 164, 157, 23, 1.63%, 0, 0, 5, 107.78, 69566, 1070
416, 0, 145, 164, 157, 23, 1.63%, 0, 0, 5, 113.14, 70138, 1070
422, 0, 145, 165, 158, 23, 1.63%, 0, 0, 5, 119.68, 70744, 1070
427, 0, 145, 165, 158, 23, 1.63%, 0, 0, 5, 115.98, 71316, 1070
432, 0, 145, 166, 159, 23, 1.63%, 0, 0, 5, 118.11, 71940, 1070
437, 0, 145, 166, 159, 23, 1.63%, 0, 0, 5, 109.27, 72484, 1070
442, 0, 129, 166, 156, 20, 1.63%, 0, 0, 5, 517.51, 74663, 1070
447, 0, 158, 167, 157, 20, 1.63%, 0, 0, 6, 314.50, 76018, 1070
452, 0, 158, 167, 157, 20, 1.63%, 0, 0, 6, 254.36, 77187, 1070
457, 0, 135, 167, 156, 19, 1.63%, 0, 0, 6, 144.05, 77800, 1070
462, 0, 97, 170, 158, 18, 1.65%, 0, 0, 6, 302.22, 79530, 1084
467, 0, 97, 171, 159, 18, 1.65%, 0, 0, 6, 329.52, 81255, 1084
472, 0, 97, 171, 159, 18, 1.65%, 0, 0, 6, 346.87, 83019, 1084
477, 0, 97, 172, 160, 18, 1.65%, 0, 0, 6, 343.06, 84743, 1084
483, 0, 97, 172, 160, 18, 1.65%, 0, 0, 6, 356.36, 86569, 1084
488, 0, 95, 172, 159, 16, 1.65%, 0, 0, 6, 196.33, 87543, 1084
493, 0, 168, 174, 160, 15, 1.65%, 0, 0, 6, 204.30, 88745, 1084
498, 0, 168, 179, 165, 15, 1.65%, 0, 0, 6, 183.47, 89566, 1084
503, 0, 168, 179, 165, 15, 1.65%, 0, 0, 6, 196.02, 90583, 1084
508, 0, 168, 180, 166, 15, 1.66%, 0, 0, 6, 209.35, 91668, 1085
513, 0, 168, 180, 166, 15, 1.66%, 0, 0, 6, 195.31, 92643, 1085
518, 0, 168, 181, 167, 15, 1.66%, 0, 0, 6, 186.29, 93575, 1085
523, 0, 168, 182, 168, 15, 1.66%, 0, 0, 6, 195.72, 94582, 1085
528, 0, 168, 183, 169, 15, 1.66%, 0, 0, 6, 196.86, 95571, 1085
533, 0, 168, 183, 169, 15, 1.66%, 0, 0, 6, 205.28, 96612, 1085
538, 0, 168, 183, 169, 15, 1.66%, 0, 0, 6, 192.33, 97623, 1085
543, 0, 168, 184, 170, 15, 1.66%, 0, 0, 6, 180.32, 98522, 1085
548, 0, 168, 185, 171, 15, 1.66%, 0, 0, 6, 194.20, 99520, 1085
553, 0, 168, 185, 171, 15, 1.66%, 0, 0, 6, 200.61, 100560, 1085
559, 0, 168, 185, 171, 15, 1.66%, 0, 0, 6, 200.99, 101624, 1085
564, 0, 168, 185, 171, 15, 1.66%, 0, 0, 6, 205.26, 102632, 1085
569, 0, 168, 185, 171, 15, 1.66%, 0, 0, 6, 189.34, 103567, 1085
574, 0, 168, 186, 172, 15, 1.66%, 0, 0, 6, 199.63, 104607, 1085
579, 0, 49, 186, 171, 15, 1.66%, 0, 0, 6, 153.62, 105430, 1085
584, 0, 104, 187, 170, 14, 1.66%, 0, 0, 6, 209.02, 106538, 1085
589, 0, 121, 187, 169, 13, 1.66%, 0, 0, 6, 171.97, 107301, 1085
594, 0, 160, 187, 167, 11, 1.66%, 0, 0, 6, 144.53, 107975, 1085
599, 0, 160, 191, 171, 11, 1.66%, 0, 0, 6, 113.66, 108529, 1085
605, 0, 160, 191, 171, 11, 1.66%, 0, 0, 6, 115.16, 109111, 1085
610, 0, 160, 192, 172, 11, 1.66%, 0, 0, 6, 118.90, 109697, 1085
615, 0, 160, 193, 173, 11, 1.66%, 0, 0, 6, 119.22, 110303, 1085
620, 0, 160, 194, 174, 11, 1.66%, 0, 0, 6, 121.83, 110929, 1085
625, 0, 160, 194, 174, 11, 1.66%, 0, 0, 6, 115.32, 111509, 1085
630, 0, 160, 194, 174, 11, 1.66%, 0, 0, 6, 115.15, 112089, 1085
635, 0, 160, 194, 174, 11, 1.66%, 0, 0, 6, 114.42, 112683, 1085
640, 0, 160, 194, 174, 11, 1.66%, 0, 0, 6, 114.79, 113267, 1085
645, 0, 160, 194, 174, 11, 1.66%, 0, 0, 6, 118.90, 113865, 1085
650, 0, 160, 194, 174, 11, 1.66%, 0, 0, 6, 121.85, 114477, 1085
655, 0, 160, 194, 174, 11, 1.66%, 0, 0, 6, 112.80, 115071, 1085
660, 0, 160, 195, 175, 11, 1.66%, 0, 0, 6, 115.36, 115657, 1085
665, 0, 160, 196, 176, 11, 1.66%, 0, 0, 6, 115.69, 116255, 1085
670, 0, 160, 196, 176, 11, 1.66%, 0, 0, 6, 120.42, 116867, 1085
676, 0, 160, 196, 176, 11, 1.66%, 0, 0, 6, 112.66, 117419, 1085
681, 0, 160, 196, 176, 11, 1.66%, 0, 0, 6, 113.72, 118001, 1085
686, 0, 160, 196, 176, 11, 1.66%, 0, 0, 6, 114.87, 118599, 1085
691, 0, 160, 196, 176, 11, 1.66%, 0, 0, 6, 121.36, 119211, 1085
696, 0, 160, 196, 176, 11, 1.66%, 0, 0, 6, 117.49, 119811, 1085
701, 0, 160, 196, 176, 11, 1.66%, 0, 0, 6, 118.30, 120397, 1085
706, 0, 160, 196, 176, 11, 1.66%, 0, 0, 6, 115.22, 120985, 1085
711, 0, 160, 196, 176, 11, 1.66%, 0, 0, 6, 117.55, 121569, 1085
716, 0, 160, 196, 176, 11, 1.66%, 0, 0, 6, 116.01, 122153, 1085
721, 0, 160, 196, 176, 11, 1.66%, 0, 0, 6, 121.84, 122771, 1085
726, 0, 160, 196, 176, 11, 1.66%, 0, 0, 6, 118.24, 123361, 1085
731, 0, 160, 196, 176, 11, 1.66%, 0, 0, 6, 117.40, 123953, 1085
736, 0, 179, 196, 175, 11, 1.66%, 0, 0, 6, 101.93, 124487, 1085
742, 0, 192, 197, 175, 10, 1.66%, 0, 0, 7, 135.20, 125308, 1085
747, 0, 192, 197, 175, 10, 1.66%, 0, 0, 7, 121.23, 125916, 1085
752, 0, 89, 197, 174, 9, 1.66%, 0, 0, 7, 408.97, 128150, 1085
757, 0, 147, 197, 173, 8, 1.66%, 0, 0, 7, 655.31, 129053, 1085
762, 0, 2, 197, 173, 8, 1.66%, 0, 0, 7, 68.12, 129992, 1085
767, 0, 188, 198, 173, 7, 1.66%, 0, 0, 7, 108.70, 130635, 1085
772, 0, 129, 198, 172, 6, 1.66%, 0, 0, 7, 117.67, 131255, 1085
777, 0, 129, 198, 172, 6, 1.66%, 0, 0, 7, 503.74, 133747, 1085
783, 0, 186, 198, 172, 6, 1.66%, 0, 0, 7, 103.85, 135158, 1085
788, 0, 140, 200, 172, 6, 1.66%, 0, 0, 7, 113.49, 136405, 1085
793, 0, 140, 200, 172, 6, 1.66%, 0, 0, 7, 113.19, 136979, 1085
798, 0, 140, 200, 172, 6, 1.66%, 0, 0, 7, 112.90, 137561, 1085
803, 0, 129, 200, 171, 5, 1.66%, 0, 0, 7, 127.47, 138211, 1085
808, 0, 134, 200, 171, 5, 1.66%, 0, 0, 7, 103.70, 138905, 1085
813, 0, 147, 200, 170, 4, 1.66%, 0, 0, 7, 280.07, 140105, 1085
818, 0, 147, 200, 170, 4, 1.66%, 0, 0, 7, 455.78, 142663, 1085
823, 0, 162, 200, 170, 4, 1.66%, 0, 0, 7, 211.97, 143501, 1085
829, 0, 134, 200, 169, 3, 1.66%, 0, 0, 7, 137.73, 144109, 1085
834, 0, 130, 200, 168, 2, 1.66%, 0, 0, 7, 233.48, 145234, 1085
839, 0, 192, 200, 168, 2, 1.66%, 0, 0, 7, 333.61, 147260, 1085
844, 0, 192, 200, 168, 2, 1.66%, 0, 0, 7, 171.42, 147884, 1085
849, 0, 192, 200, 168, 2, 1.66%, 0, 0, 7, 125.30, 148464, 1085
854, 0, 192, 202, 170, 2, 1.66%, 0, 0, 7, 119.67, 149064, 1085
859, 0, 192, 202, 170, 2, 1.66%, 0, 0, 7, 119.53, 149664, 1085
864, 0, 192, 202, 170, 2, 1.66%, 0, 0, 7, 119.48, 150270, 1085
869, 0, 192, 202, 170, 2, 1.66%, 0, 0, 7, 116.30, 150860, 1085
874, 0, 192, 203, 171, 2, 1.66%, 0, 0, 7, 116.46, 151442, 1085
879, 0, 192, 203, 171, 2, 1.66%, 0, 0, 7, 117.56, 152034, 1085
884, 0, 192, 203, 171, 2, 1.66%, 0, 0, 7, 121.21, 152646, 1085
889, 0, 192, 203, 171, 2, 1.66%, 0, 0, 7, 116.69, 153242, 1085
895, 0, 192, 203, 171, 2, 1.66%, 0, 0, 7, 120.72, 153858, 1085
900, 0, 192, 203, 171, 2, 1.66%, 0, 0, 7, 114.15, 154438, 1085
905, 0, 192, 204, 172, 2, 1.66%, 0, 0, 7, 123.27, 155064, 1085
910, 0, 192, 204, 172, 2, 1.66%, 0, 0, 7, 117.68, 155642, 1085
915, 0, 192, 204, 172, 2, 1.66%, 0, 0, 7, 117.02, 156252, 1085
920, 0, 130, 204, 172, 2, 1.66%, 0, 0, 7, 526.09, 157658, 1085
925, 0, 134, 204, 172, 2, 1.66%, 0, 0, 7, 405.15, 159670, 1085
930, 0, 134, 204, 172, 2, 1.66%, 0, 0, 7, 182.38, 160271, 1085
935, 0, 149, 204, 172, 2, 1.66%, 0, 0, 7, 187.57, 161034, 1085
940, 0, 130, 204, 172, 2, 1.66%, 0, 0, 7, 412.02, 163526, 1085
945, 0, 158, 204, 172, 2, 1.66%, 0, 0, 7, 350.02, 165358, 1085
950, 0, 158, 205, 173, 2, 1.66%, 0, 0, 7, 254.55, 166518, 1085
956, 0, 147, 205, 173, 2, 1.66%, 0, 0, 7, 291.98, 167897, 1085
961, 0, 37, 205, 173, 2, 1.66%, 0, 0, 7, 217.73, 169019, 1085
966, 0, 147, 205, 172, 1, 1.66%, 0, 0, 7, 422.25, 171511, 1085
971, 0, 84, 205, 172, 1, 1.66%, 0, 0, 7, 480.00, 172882, 1085
976, 0, 129, 205, 171, 0, 1.66%, 0, 0, 7, 470.27, 175418, 1085
981, 0, 158, 205, 171, 0, 1.66%, 0, 0, 7, 282.33, 176672, 1085
986, 0, 130, 205, 171, 0, 1.66%, 0, 0, 7, 484.84, 179394, 1085
991, 0, 130, 205, 171, 0, 1.66%, 0, 0, 7, 461.86, 181691, 1085
996, 0, 130, 205, 171, 0, 1.66%, 0, 0, 7, 421.71, 183801, 1085
1002, 0, 130, 205, 171, 0, 1.66%, 0, 0, 7, 502.69, 186383, 1085
1007, 0, 130, 205, 171, 0, 1.66%, 0, 0, 7, 438.77, 188503, 1085
1012, 0, 97, 206, 172, 0, 1.66%, 0, 0, 7, 390.58, 190520, 1085
1017, 0, 97, 206, 172, 0, 1.66%, 0, 0, 7, 349.54, 192263, 1085
1022, 0, 97, 206, 172, 0, 1.66%, 0, 0, 7, 348.21, 194031, 1085
1027, 0, 130, 206, 172, 0, 1.66%, 0, 0, 7, 360.60, 195858, 1085
1032, 0, 147, 206, 172, 0, 1.66%, 0, 0, 7, 549.69, 198647, 1085
1037, 0, 130, 206, 172, 0, 1.66%, 0, 0, 7, 615.11, 201903, 1085
1042, 0, 135, 206, 172, 0, 1.66%, 0, 0, 7, 477.30, 204079, 1085
1047, 0, 135, 206, 172, 0, 1.66%, 0, 0, 7, 203.49, 204671, 1085
1052, 0, 135, 206, 172, 0, 1.66%, 0, 0, 7, 131.45, 205241, 1085
1057, 0, 135, 206, 172, 0, 1.66%, 0, 0, 7, 116.37, 205811, 1085
1062, 0, 147, 206, 172, 0, 1.66%, 0, 0, 7, 635.00, 206477, 1085
1068, 0, 130, 206, 172, 0, 1.66%, 0, 0, 7, 517.12, 209235, 1085
1073, 0, 130, 206, 172, 0, 1.66%, 0, 0, 7, 603.01, 212313, 1085
1078, 0, 134, 206, 172, 0, 1.66%, 0, 0, 7, 335.47, 213833, 1085
1083, 0, 134, 206, 172, 0, 1.66%, 0, 0, 7, 199.03, 214609, 1085
1088, 0, 130, 206, 172, 0, 1.66%, 0, 0, 7, 256.55, 215707, 1085
1093, 0, 130, 206, 172, 0, 1.66%, 0, 0, 7, 370.70, 217743, 1085
1098, 0, 129, 206, 172, 0, 1.66%, 0, 0, 7, 519.60, 220293, 1085
1103, 0, 134, 206, 172, 0, 1.66%, 0, 0, 7, 111.89, 221831, 1085
1108, 0, 147, 206, 172, 0, 1.66%, 0, 0, 7, 510.09, 223573, 1085
1114, 0, 130, 206, 172, 0, 1.66%, 0, 0, 7, 519.30, 226397, 1085
1119, 0, 134, 206, 172, 0, 1.66%, 0, 0, 7, 113.33, 228241, 1085
1124, 0, 130, 206, 172, 0, 1.66%, 0, 0, 7, 519.20, 229627, 1085
1129, 0, 134, 206, 172, 0, 1.66%, 0, 0, 7, 247.57, 230714, 1085
1134, 0, 97, 206, 172, 0, 1.66%, 0, 0, 7, 426.11, 232935, 1085
1139, 0, 97, 206, 172, 0, 1.66%, 0, 0, 7, 353.65, 234676, 1085
1144, 0, 97, 206, 172, 0, 1.66%, 0, 0, 7, 359.29, 236512, 1085
1149, 0, 147, 206, 172, 0, 1.66%, 0, 0, 7, 442.13, 238591, 1085
1154, 0, 147, 206, 172, 0, 1.66%, 0, 0, 7, 621.76, 242021, 1085
1159, 0, 134, 206, 172, 0, 1.66%, 0, 0, 7, 93.97, 243802, 1085
1165, 0, 130, 206, 172, 0, 1.66%, 0, 0, 7, 227.12, 244863, 1085
1170, 0, 158, 206, 172, 0, 1.66%, 0, 0, 7, 276.25, 246498, 1085
1175, 0, 130, 206, 172, 0, 1.66%, 0, 0, 7, 388.48, 248382, 1085
1180, 0, 134, 206, 172, 0, 1.66%, 0, 0, 7, 243.22, 249624, 1085
1185, 0, 147, 206, 172, 0, 1.66%, 0, 0, 7, 449.66, 251615, 1085
1190, 0, 130, 206, 172, 0, 1.66%, 0, 0, 7, 459.72, 254179, 1085
1195, 0, 134, 206, 172, 0, 1.66%, 0, 0, 7, 198.81, 254861, 1085
1200, 0, 147, 206, 172, 0, 1.66%, 0, 0, 7, 421.60, 257085, 1085
1205, 0, 134, 206, 172, 0, 1.66%, 0, 0, 7, 293.67, 258761, 1085
1210, 0, 130, 206, 172, 0, 1.66%, 0, 0, 7, 348.72, 260323, 1085
1215, 0, 129, 206, 172, 0, 1.66%, 0, 0, 7, 602.35, 263694, 1085
1220, 0, 130, 206, 172, 0, 1.66%, 0, 0, 7, 490.68, 266248, 1085
1226, 0, 145, 206, 172, 0, 1.66%, 0, 0, 7, 110.78, 266859, 1085
1231, 0, 145, 206, 172, 0, 1.66%, 0, 0, 7, 116.89, 267455, 1085
1236, 0, 145, 206, 172, 0, 1.66%, 0, 0, 7, 115.84, 268031, 1085
1241, 0, 145, 206, 172, 0, 1.66%, 0, 0, 7, 114.81, 268613, 1085
1246, 0, 134, 206, 172, 0, 1.66%, 0, 0, 7, 228.68, 270149, 1085
1251, 0, 134, 206, 172, 0, 1.66%, 0, 0, 7, 308.49, 271467, 1085
1256, 0, 147, 206, 172, 0, 1.66%, 0, 0, 7, 239.59, 272327, 1085
1261, 0, 130, 206, 172, 0, 1.66%, 0, 0, 7, 565.98, 275757, 1085
1266, 0, 130, 206, 172, 0, 1.66%, 0, 0, 7, 479.91, 278091, 1085
1271, 0, 130, 206, 172, 0, 1.66%, 0, 0, 7, 424.01, 280103, 1085
1276, 0, 130, 206, 172, 0, 1.66%, 0, 0, 7, 480.96, 282552, 1085
1282, 0, 130, 206, 172, 0, 1.66%, 0, 0, 7, 441.69, 284777, 1085
1287, 1, 130, 206, 172, 0, 1.66%, 0, 0, 7, 505.73, 287245, 1085
1292, 1, 130, 206, 172, 0, 1.66%, 0, 0, 7, 439.10, 289353, 1085
1297, 1, 2, 206, 172, 0, 1.66%, 0, 0, 7, 384.95, 291531, 1085
1302, 1, 130, 206, 172, 0, 1.66%, 0, 0, 7, 347.40, 293005, 1085
1307, 1, 130, 206, 172, 0, 1.66%, 0, 0, 7, 420.93, 295349, 1085
1312, 1, 147, 206, 172, 0, 1.66%, 0, 0, 7, 452.20, 297763, 1085
1317, 1, 134, 206, 172, 0, 1.66%, 0, 0, 7, 374.10, 299880, 1085
1322, 1, 130, 206, 172, 0, 1.66%, 0, 0, 7, 265.71, 300786, 1085
1327, 1, 130, 206, 172, 0, 1.66%, 0, 0, 7, 378.81, 302949, 1085
1332, 1, 134, 206, 172, 0, 1.66%, 0, 0, 7, 243.13, 304240, 1085
1338, 1, 129, 206, 172, 0, 1.66%, 0, 0, 7, 339.15, 305817, 1085
1343, 1, 134, 206, 172, 0, 1.66%, 0, 0, 7, 367.78, 307887, 1085
1348, 1, 130, 206, 172, 0, 1.66%, 0, 0, 7, 261.08, 308786, 1085
1353, 1, 130, 206, 172, 0, 1.66%, 0, 0, 7, 450.43, 311262, 1085
1358, 1, 130, 206, 172, 0, 1.66%, 0, 0, 7, 429.17, 313383, 1085
1363, 1, 130, 206, 172, 0, 1.66%, 0, 0, 7, 457.31, 315800, 1085
1368, 1, 147, 206, 172, 0, 1.66%, 0, 0, 7, 631.51, 319271, 1085
1373, 1, 147, 206, 172, 0, 1.66%, 0, 0, 7, 526.06, 321935, 1085
1378, 1, 130, 206, 172, 0, 1.66%, 0, 0, 7, 520.56, 324829, 1085
1383, 1, 129, 206, 172, 0, 1.66%, 0, 0, 7, 469.73, 327174, 1085
1388, 1, 158, 206, 172, 0, 1.66%, 0, 0, 7, 375.39, 329272, 1085
1393, 1, 130, 206, 172, 0, 1.66%, 0, 0, 7, 338.98, 330785, 1085
1398, 1, 188, 206, 172, 0, 1.66%, 0, 0, 7, 101.31, 332996, 1085
1403, 1, 188, 206, 172, 0, 1.66%, 0, 0, 7, 117.53, 333613, 1085
1408, 1, 188, 206, 172, 0, 1.66%, 0, 0, 7, 119.24, 334215, 1085
1413, 1, 188, 207, 173, 0, 1.66%, 0, 0, 7, 117.95, 334813, 1085
1418, 1, 188, 207, 173, 0, 1.66%, 0, 0, 7, 115.03, 335385, 1085
1424, 1, 188, 208, 174, 0, 1.66%, 0, 0, 7, 118.24, 336001, 1085
1429, 1, 188, 208, 174, 0, 1.66%, 0, 0, 7, 114.69, 336605, 1085
1434, 1, 188, 208, 174, 0, 1.66%, 0, 0, 7, 118.93, 337215, 1085
1439, 1, 188, 208, 174, 0, 1.66%, 0, 0, 7, 118.84, 337805, 1085
1444, 1, 188, 208, 174, 0, 1.66%, 0, 0, 7, 123.61, 338427, 1085
1449, 1, 188, 208, 174, 0, 1.66%, 0, 0, 7, 119.81, 339027, 1085
1454, 1, 188, 208, 174, 0, 1.66%, 0, 0, 7, 120.29, 339639, 1085
1459, 1, 188, 208, 174, 0, 1.66%, 0, 0, 7, 118.04, 340233, 1085
1464, 1, 188, 209, 175, 0, 1.66%, 0, 0, 7, 123.27, 340863, 1085
1469, 1, 188, 209, 175, 0, 1.66%, 0, 0, 7, 122.49, 341479, 1085
1474, 1, 188, 209, 175, 0, 1.66%, 0, 0, 7, 119.97, 342099, 1085
1479, 1, 130, 209, 175, 0, 1.66%, 0, 0, 7, 334.25, 343911, 1085
1485, 1, 130, 209, 175, 0, 1.66%, 0, 0, 7, 492.40, 346579, 1085
1490, 1, 97, 209, 175, 0, 1.66%, 0, 0, 7, 402.13, 348535, 1085
1495, 1, 130, 209, 175, 0, 1.66%, 0, 0, 7, 391.61, 350434, 1085
1500, 1, 158, 209, 175, 0, 1.66%, 0, 0, 7, 315.45, 352129, 1085
1505, 1, 97, 209, 175, 0, 1.66%, 0, 0, 7, 422.35, 354055, 1085
1510, 1, 97, 209, 175, 0, 1.66%, 0, 0, 7, 374.21, 355881, 1085
1515, 1, 130, 209, 175, 0, 1.66%, 0, 0, 7, 480.77, 358400, 1085
1520, 1, 130, 209, 174, 0, 1.66%, 0, 0, 7, 431.44, 360534, 1085
1525, 1, 134, 209, 174, 0, 1.66%, 0, 0, 7, 107.84, 363484, 1085
1530, 1, 134, 209, 174, 0, 1.66%, 0, 0, 7, 109.34, 364042, 1085
1535, 1, 134, 209, 174, 0, 1.66%, 0, 0, 7, 111.33, 364608, 1085
1540, 1, 130, 209, 174, 0, 1.66%, 0, 0, 7, 428.77, 367488, 1085
1546, 1, 147, 209, 174, 0, 1.66%, 0, 0, 7, 603.25, 370637, 1085
1551, 1, 130, 209, 174, 0, 1.66%, 0, 0, 7, 514.09, 373382, 1085
1556, 1, 134, 209, 174, 0, 1.66%, 0, 0, 7, 423.16, 375692, 1085
1561, 1, 130, 209, 174, 0, 1.66%, 0, 0, 7, 288.79, 376659, 1085
1566, 1, 158, 209, 174, 0, 1.66%, 0, 0, 7, 317.04, 378468, 1085
1571, 1, 129, 209, 174, 0, 1.66%, 0, 0, 7, 404.02, 380206, 1085
1576, 1, 147, 209, 174, 0, 1.66%, 0, 0, 7, 523.74, 382800, 1085
1581, 1, 130, 209, 174, 0, 1.66%, 0, 0, 7, 492.95, 385532, 1085
1586, 1, 97, 209, 174, 0, 1.66%, 0, 0, 7, 427.47, 387806, 1085
1591, 1, 147, 209, 174, 0, 1.66%, 0, 0, 7, 420.59, 389730, 1085
1596, 1, 129, 209, 174, 0, 1.66%, 0, 0, 7, 426.35, 391962, 1085
1602, 1, 130, 209, 174, 0, 1.66%, 0, 0, 7, 590.48, 395241, 1085
1607, 1, 130, 209, 174, 0, 1.66%, 0, 0, 7, 473.69, 397489, 1085
1612, 1, 147, 209, 174, 0, 1.66%, 0, 0, 7, 448.88, 399706, 1085
1617, 1, 130, 209, 174, 0, 1.66%, 0, 0, 7, 486.44, 402423, 1085
1622, 1, 129, 209, 174, 0, 1.66%, 0, 0, 7, 477.35, 404755, 1085
1627, 1, 130, 209, 174, 0, 1.66%, 0, 0, 7, 516.38, 407632, 1085
1632, 1, 134, 209, 174, 0, 1.66%, 0, 0, 7, 252.55, 408774, 1085
1637, 1, 158, 209, 174, 0, 1.66%, 0, 0, 7, 208.94, 409710, 1085
1642, 1, 130, 209, 174, 0, 1.66%, 0, 0, 7, 328.41, 411334, 1085
1647, 1, 158, 209, 174, 0, 1.66%, 0, 0, 7, 388.75, 413597, 1085
1652, 1, 147, 209, 174, 0, 1.66%, 0, 0, 7, 410.51, 415328, 1085
1657, 1, 130, 209, 174, 0, 1.66%, 0, 0, 7, 440.61, 417562, 1085
1662, 1, 130, 209, 174, 0, 1.66%, 0, 0, 7, 428.46, 419684, 1085
1668, 1, 129, 209, 174, 0, 1.66%, 0, 0, 7, 475.20, 422334, 1085
1673, 1, 130, 209, 174, 0, 1.66%, 0, 0, 7, 522.57, 425224, 1085
1678, 1, 134, 209, 174, 0, 1.66%, 0, 0, 7, 107.20, 426186, 1085
1683, 1, 134, 209, 174, 0, 1.66%, 0, 0, 7, 113.72, 426778, 1085
1688, 1, 129, 209, 174, 0, 1.66%, 0, 0, 7, 664.99, 429599, 1085
1693, 1, 97, 209, 174, 0, 1.66%, 0, 0, 7, 426.97, 431522, 1085
1698, 1, 130, 209, 174, 0, 1.66%, 0, 0, 7, 411.54, 433518, 1085
1703, 1, 97, 209, 174, 0, 1.66%, 0, 0, 7, 439.84, 435954, 1085
1708, 1, 97, 209, 174, 0, 1.66%, 0, 0, 7, 389.62, 437856, 1085
1713, 1, 130, 209, 174, 0, 1.66%, 0, 0, 7, 509.82, 440398, 1085
1718, 1, 147, 209, 174, 0, 1.66%, 0, 0, 7, 546.06, 442950, 1085
1723, 1, 130, 209, 174, 0, 1.66%, 0, 0, 7, 521.20, 445806, 1085
1728, 1, 130, 209, 174, 0, 1.66%, 0, 0, 7, 549.68, 448690, 1085
1733, 1, 130, 209, 174, 0, 1.66%, 0, 0, 7, 433.06, 450766, 1085
1739, 1, 134, 209, 174, 0, 1.66%, 0, 0, 7, 226.82, 451800, 1085
1744, 2, 134, 209, 174, 0, 1.66%, 0, 0, 7, 222.84, 453106, 1085
1749, 2, 130, 209, 174, 0, 1.66%, 0, 0, 7, 304.77, 454438, 1085
1754, 2, 130, 209, 174, 0, 1.66%, 0, 0, 7, 425.41, 456864, 1085
1759, 2, 130, 209, 174, 0, 1.66%, 0, 0, 7, 504.16, 459648, 1085
1764, 2, 130, 209, 174, 0, 1.66%, 0, 0, 7, 447.52, 461863, 1085
1769, 2, 129, 209, 174, 0, 1.66%, 0, 0, 7, 529.65, 464406, 1085
1774, 2, 134, 209, 174, 0, 1.66%, 0, 0, 7, 108.70, 465188, 1085
1779, 2, 134, 209, 174, 0, 1.66%, 0, 0, 7, 111.87, 465942, 1085
1784, 2, 147, 209, 174, 0, 1.66%, 0, 0, 7, 414.77, 468123, 1085
1790, 2, 134, 209, 174, 0, 1.66%, 0, 0, 7, 97.01, 470820, 1085
1795, 2, 130, 209, 174, 0, 1.66%, 0, 0, 7, 215.54, 471828, 1085
1800, 2, 130, 209, 174, 0, 1.66%, 0, 0, 7, 350.31, 473792, 1085
1805, 2, 97, 209, 174, 0, 1.66%, 0, 0, 7, 362.15, 475653, 1085
1810, 2, 130, 209, 174, 0, 1.66%, 0, 0, 7, 397.51, 477700, 1085
1815, 2, 130, 209, 174, 0, 1.66%, 0, 0, 7, 427.50, 479938, 1085
1820, 2, 134, 209, 174, 0, 1.66%, 0, 0, 7, 337.49, 481785, 1085
1825, 2, 147, 209, 174, 0, 1.66%, 0, 0, 7, 366.32, 483180, 1085
1830, 2, 130, 209, 174, 0, 1.66%, 0, 0, 7, 458.57, 485617, 1085
1836, 2, 130, 209, 174, 0, 1.66%, 0, 0, 7, 409.34, 487622, 1085
1841, 2, 129, 209, 174, 0, 1.66%, 0, 0, 7, 419.78, 489710, 1085
1846, 2, 130, 209, 174, 0, 1.66%, 0, 0, 7, 487.98, 492496, 1085
1851, 2, 160, 209, 174, 0, 1.66%, 0, 0, 7, 235.48, 493442, 1085
1856, 2, 160, 209, 174, 0, 1.66%, 0, 0, 7, 141.06, 494036, 1085
1861, 2, 160, 209, 174, 0, 1.66%, 0, 0, 7, 124.76, 494644, 1085
1866, 2, 160, 209, 174, 0, 1.66%, 0, 0, 7, 116.68, 495216, 1085
1871, 2, 134, 209, 174, 0, 1.66%, 0, 0, 7, 113.16, 496352, 1085
1876, 2, 134, 209, 174, 0, 1.66%, 0, 0, 7, 103.63, 497086, 1085
1881, 2, 130, 209, 174, 0, 1.66%, 0, 0, 7, 564.18, 498406, 1085
1886, 2, 159, 209, 174, 0, 1.66%, 0, 0, 7, 112.05, 499541, 1085
1892, 2, 130, 209, 173, 0, 1.66%, 0, 0, 7, 532.25, 501489, 1085
1897, 2, 147, 209, 173, 0, 1.66%, 0, 0, 7, 607.16, 504469, 1085
1902, 2, 134, 209, 173, 0, 1.66%, 0, 0, 7, 104.12, 505355, 1085
1907, 2, 147, 209, 173, 0, 1.66%, 0, 0, 7, 421.93, 507611, 1085
1912, 2, 134, 209, 173, 0, 1.66%, 0, 0, 7, 321.85, 509521, 1085
1917, 2, 130, 209, 173, 0, 1.66%, 0, 0, 7, 346.32, 511031, 1085
1922, 2, 186, 209, 173, 0, 1.66%, 0, 0, 7, 204.88, 512051, 1085
1927, 2, 186, 209, 173, 0, 1.66%, 0, 0, 7, 139.98, 512675, 1085
1932, 2, 134, 209, 173, 0, 1.66%, 0, 0, 7, 114.00, 513223, 1085
1938, 2, 147, 209, 173, 0, 1.66%, 0, 0, 7, 511.71, 515359, 1085
1943, 2, 147, 209, 173, 0, 1.66%, 0, 0, 7, 637.45, 518719, 1085
1948, 2, 130, 209, 173, 0, 1.66%, 0, 0, 7, 536.72, 521241, 1085
1953, 2, 130, 209, 173, 0, 1.66%, 0, 0, 7, 452.30, 523448, 1085
1958, 2, 134, 209, 173, 0, 1.66%, 0, 0, 7, 203.51, 524137, 1085
1963, 2, 130, 209, 172, 0, 1.66%, 0, 0, 7, 506.14, 527018, 1085
1968, 2, 130, 209, 172, 0, 1.66%, 0, 0, 7, 412.07, 528996, 1085
1973, 2, 134, 209, 172, 0, 1.66%, 0, 0, 7, 384.15, 531084, 1085
1978, 2, 147, 209, 172, 0, 1.66%, 0, 0, 7, 324.32, 532204, 1085
1983, 2, 134, 209, 172, 0, 1.66%, 0, 0, 7, 426.48, 534642, 1085
1989, 2, 134, 209, 172, 0, 1.66%, 0, 0, 7, 182.24, 535216, 1085
1994, 2, 97, 209, 172, 0, 1.66%, 0, 0, 7, 306.40, 536990, 1085
1999, 2, 158, 209, 172, 0, 1.66%, 0, 0, 7, 408.95, 539146, 1085
2004, 2, 147, 209, 172, 0, 1.66%, 0, 0, 7, 310.55, 540487, 1085
2009, 2, 158, 209, 172, 0, 1.66%, 0, 0, 7, 361.26, 542808, 1085
2014, 2, 158, 210, 173, 0, 1.66%, 0, 0, 7, 260.89, 544004, 1088
2019, 2, 158, 211, 174, 0, 1.66%, 0, 0, 7, 242.34, 545176, 1088
2024, 2, 158, 211, 174, 0, 1.66%, 0, 0, 7, 226.83, 546312, 1088
2030, 2, 158, 211, 174, 0, 1.66%, 0, 0, 7, 233.64, 547508, 1088
2035, 2, 134, 211, 174, 1, 1.66%, 0, 0, 7, 194.51, 548651, 1088
2040, 2, 148, 211, 174, 1, 1.66%, 0, 0, 7, 509.49, 551301, 1088
2045, 2, 209, 216, 179, 1, 1.67%, 0, 0, 7, 312.85, 552737, 1092
2050, 2, 209, 216, 179, 1, 1.67%, 0, 0, 7, 229.52, 553787, 1092
2055, 2, 209, 216, 179, 1, 1.67%, 0, 0, 7, 217.72, 554863, 1092
2060, 2, 209, 216, 179, 1, 1.67%, 0, 0, 7, 221.22, 556015, 1092
2065, 2, 209, 216, 179, 1, 1.67%, 0, 0, 7, 218.32, 557135, 1092
2070, 2, 209, 216, 179, 1, 1.67%, 0, 0, 7, 232.09, 558339, 1092
2076, 2, 209, 216, 179, 1, 1.67%, 0, 0, 7, 227.61, 559511, 1092
2081, 2, 209, 216, 179, 1, 1.67%, 0, 0, 7, 223.51, 560627, 1092
2086, 2, 37, 216, 178, 2, 1.67%, 0, 0, 7, 278.02, 562041, 1092
2091, 2, 211, 217, 179, 2, 1.67%, 0, 0, 8, 344.81, 564143, 1092
2096, 2, 211, 217, 179, 2, 1.67%, 0, 0, 8, 247.97, 565275, 1092
2101, 2, 211, 217, 179, 2, 1.67%, 0, 0, 8, 229.69, 566411, 1092
2106, 2, 211, 218, 180, 2, 1.67%, 0, 0, 8, 224.38, 567551, 1092
2111, 2, 211, 218, 180, 2, 1.67%, 0, 0, 8, 233.30, 568723, 1092
2116, 2, 211, 218, 180, 2, 1.67%, 0, 0, 8, 226.02, 569867, 1092
2121, 2, 211, 218, 180, 2, 1.67%, 0, 0, 8, 230.45, 571031, 1092
2126, 2, 211, 218, 180, 2, 1.67%, 0, 0, 8, 231.20, 572203, 1092
2131, 2, 214, 218, 179, 2, 1.67%, 0, 0, 8, 371.87, 573999, 1092
2137, 2, 214, 219, 180, 2, 1.67%, 0, 0, 8, 278.57, 575272, 1092
2142, 2, 214, 219, 180, 2, 1.67%, 0, 0, 8, 253.32, 576562, 1092
2147, 2, 214, 219, 180, 2, 1.67%, 0, 0, 8, 256.75, 577857, 1092
2152, 2, 216, 219, 179, 1, 1.67%, 0, 0, 8, 267.60, 579290, 1092
2157, 2, 216, 219, 179, 1, 1.67%, 0, 0, 8, 229.60, 580381, 1092
2162, 2, 216, 220, 180, 1, 1.67%, 0, 0, 9, 220.41, 581473, 1092
2167, 2, 216, 221, 181, 1, 1.67%, 0, 0, 9, 228.41, 582641, 1092
2172, 2, 216, 221, 181, 1, 1.67%, 0, 0, 9, 217.98, 583725, 1092
2178, 2, 216, 221, 181, 1, 1.67%, 0, 0, 9, 221.39, 584841, 1092
2183, 2, 216, 221, 181, 1, 1.67%, 0, 0, 9, 224.51, 585965, 1092
2188, 2, 216, 221, 181, 1, 1.67%, 0, 0, 9, 230.46, 587109, 1092
2193, 2, 216, 221, 181, 1, 1.67%, 0, 0, 9, 207.09, 588173, 1092
2198, 2, 216, 221, 181, 1, 1.67%, 0, 0, 9, 222.08, 589345, 1092
2203, 2, 216, 221, 181, 1, 1.67%, 0, 0, 9, 233.83, 590557, 1092
2208, 2, 216, 221, 181, 1, 1.67%, 0, 0, 9, 227.29, 591717, 1092
2213, 2, 129, 221, 180, 0, 1.67%, 0, 0, 9, 303.99, 593135, 1092
2218, 2, 129, 221, 180, 0, 1.67%, 0, 0, 9, 467.23, 595796, 1092
2224, 2, 216, 221, 180, 0, 1.67%, 0, 0, 9, 405.53, 598173, 1092
2229, 2, 216, 221, 180, 0, 1.67%, 0, 0, 9, 263.58, 599293, 1092
2234, 2, 130, 221, 180, 0, 1.67%, 0, 0, 9, 374.10, 601182, 1092
2239, 2, 130, 221, 180, 0, 1.67%, 0, 0, 9, 400.23, 603219, 1092
2244, 2, 134, 221, 180, 0, 1.67%, 0, 0, 9, 197.64, 604001, 1092
2249, 2, 130, 221, 180, 0, 1.67%, 0, 0, 9, 396.51, 606221, 1092
2254, 2, 129, 221, 180, 0, 1.67%, 0, 0, 9, 463.76, 608605, 1092
2259, 2, 130, 221, 180, 0, 1.67%, 0, 0, 9, 473.45, 611251, 1092
2264, 2, 134, 221, 180, 0, 1.67%, 0, 0, 9, 348.67, 613070, 1092
2269, 2, 134, 221, 180, 0, 1.67%, 0, 0, 9, 206.70, 613813, 1092
2274, 2, 134, 221, 180, 0, 1.67%, 0, 0, 9, 135.18, 614403, 1092
2279, 2, 129, 221, 180, 0, 1.67%, 0, 0, 9, 210.71, 615286, 1092
2284, 2, 130, 221, 180, 0, 1.67%, 0, 0, 9, 430.54, 617935, 1092
2289, 2, 129, 221, 180, 0, 1.67%, 0, 0, 9, 633.36, 621471, 1092
2295, 2, 214, 221, 180, 0, 1.67%, 0, 0, 9, 375.26, 623303, 1092
2300, 2, 134, 221, 180, 0, 1.67%, 0, 0, 9, 195.29, 624067, 1092
2305, 2, 130, 221, 180, 0, 1.67%, 0, 0, 9, 338.48, 625713, 1092
2310, 2, 147, 221, 180, 0, 1.67%, 0, 0, 9, 498.01, 628307, 1092
2315, 2, 130, 221, 180, 0, 1.67%, 0, 0, 9, 503.03, 631161, 1092
2320, 2, 129, 221, 180, 0, 1.67%, 0, 0, 9, 451.15, 633283, 1092
2325, 2, 97, 221, 180, 0, 1.67%, 0, 0, 9, 439.44, 635789, 1092
2330, 2, 5, 221, 180, 0, 1.67%, 0, 0, 9, 416.16, 637780, 1092
2335, 2, 130, 221, 179, 0, 1.67%, 0, 0, 9, 532.40, 640859, 1092
2340, 2, 221, 222, 180, 1, 1.67%, 0, 0, 9, 456.14, 643053, 1092
2345, 2, 221, 223, 181, 1, 1.67%, 0, 0, 9, 452.85, 645368, 1092
2350, 2, 221, 223, 181, 1, 1.67%, 0, 0, 9, 442.80, 647622, 1092
2356, 2, 188, 223, 180, 0, 1.67%, 0, 0, 9, 106.30, 650136, 1092
2361, 2, 188, 223, 180, 0, 1.67%, 0, 0, 9, 119.86, 650762, 1092
2366, 2, 188, 224, 181, 0, 1.67%, 0, 0, 9, 120.03, 651386, 1092
2371, 2, 188, 224, 181, 0, 1.67%, 0, 0, 9, 121.14, 652004, 1092
2376, 2, 188, 224, 181, 0, 1.67%, 0, 0, 9, 123.35, 652630, 1092
2381, 2, 188, 224, 181, 0, 1.67%, 0, 0, 9, 116.83, 653222, 1092
2386, 2, 188, 224, 181, 0, 1.67%, 0, 0, 9, 119.05, 653826, 1092
2391, 2, 188, 224, 181, 0, 1.67%, 0, 0, 9, 123.21, 654450, 1092
2396, 2, 209, 224, 181, 1, 1.67%, 0, 0, 9, 405.12, 655768, 1092
2401, 2, 130, 224, 181, 1, 1.67%, 0, 0, 9, 360.20, 657354, 1092
2406, 3, 223, 226, 183, 1, 1.67%, 0, 0, 9, 100.04, 658567, 1092
2412, 3, 223, 227, 184, 1, 1.67%, 0, 0, 9, 114.33, 659159, 1092
2417, 3, 223, 228, 185, 1, 1.67%, 0, 0, 9, 114.62, 659741, 1092
2422, 3, 223, 229, 186, 1, 1.67%, 0, 0, 9, 120.05, 660373, 1092
2427, 3, 223, 229, 186, 1, 1.67%, 0, 0, 9, 116.19, 660963, 1092
2432, 3, 223, 229, 186, 1, 1.67%, 0, 0, 9, 115.85, 661545, 1092
2437, 3, 223, 229, 186, 1, 1.67%, 0, 0, 9, 125.03, 662181, 1092
2442, 3, 223, 229, 186, 1, 1.67%, 0, 0, 9, 119.27, 662787, 1092
2447, 3, 223, 229, 186, 1, 1.67%, 0, 0, 9, 120.15, 663389, 1092
2452, 3, 223, 229, 186, 1, 1.67%, 0, 0, 9, 123.16, 664009, 1092
2457, 3, 223, 229, 186, 1, 1.67%, 0, 0, 9, 123.37, 664621, 1092
2462, 3, 223, 231, 188, 1, 1.67%, 0, 0, 9, 119.01, 665233, 1092
2467, 3, 223, 231, 188, 1, 1.67%, 0, 0, 9, 118.35, 665821, 1092
2472, 3, 223, 231, 188, 1, 1.67%, 0, 0, 9, 118.36, 666415, 1092
2477, 3, 223, 231, 188, 1, 1.67%, 0, 0, 9, 123.94, 667055, 1092
2482, 3, 223, 231, 188, 1, 1.67%, 0, 0, 9, 121.00, 667659, 1092
2488, 3, 223, 231, 188, 1, 1.67%, 0, 0, 9, 123.39, 668285, 1092
2493, 3, 223, 231, 188, 1, 1.67%, 0, 0, 9, 115.37, 668867, 1092
2498, 3, 223, 231, 188, 1, 1.67%, 0, 0, 9, 118.16, 669469, 1092
2503, 3, 223, 231, 188, 1, 1.67%, 0, 0, 9, 118.93, 670089, 1092
2508, 3, 223, 231, 188, 1, 1.67%, 0, 0, 9, 120.98, 670701, 1092
2513, 3, 223, 232, 189, 1, 1.67%, 0, 0, 9, 123.39, 671317, 1092
2518, 3, 223, 232, 189, 1, 1.67%, 0, 0, 9, 123.17, 671955, 1092
2523, 3, 223, 232, 189, 1, 1.67%, 0, 0, 9, 119.20, 672549, 1092
2528, 3, 223, 232, 189, 1, 1.67%, 0, 0, 9, 117.97, 673141, 1092
2533, 3, 223, 232, 189, 1, 1.67%, 0, 0, 9, 121.68, 673743, 1092
2538, 3, 223, 232, 189, 1, 1.67%, 0, 0, 9, 120.60, 674343, 1092
2543, 3, 230, 232, 188, 2, 1.67%, 0, 0, 9, 272.03, 675655, 1092
2548, 3, 230, 233, 189, 2, 1.67%, 0, 0, 9, 156.91, 676250, 1092
2553, 3, 230, 233, 189, 2, 1.67%, 0, 0, 9, 126.99, 676863, 1092
2558, 3, 230, 233, 189, 2, 1.67%, 0, 0, 9, 120.90, 677491, 1092
2563, 3, 230, 233, 189, 2, 1.67%, 0, 0, 9, 118.85, 678083, 1092
2569, 3, 230, 233, 189, 2, 1.67%, 0, 0, 9, 122.84, 678703, 1092
2574, 3, 221, 233, 188, 1, 1.67%, 0, 0, 9, 514.25, 680755, 1092
2579, 3, 221, 233, 188, 1, 1.67%, 0, 0, 9, 457.50, 683001, 1092
2584, 3, 226, 233, 188, 1, 1.67%, 0, 0, 9, 96.73, 684557, 1092
2589, 3, 226, 233, 188, 1, 1.67%, 0, 0, 9, 112.81, 685154, 1092
2594, 3, 226, 233, 188, 1, 1.67%, 0, 0, 9, 116.40, 685750, 1092
2599, 3, 134, 233, 187, 0, 1.67%, 0, 0, 9, 119.45, 688172, 1092
2604, 3, 147, 233, 187, 0, 1.67%, 0, 0, 9, 616.92, 688830, 1092
2609, 3, 130, 233, 187, 0, 1.67%, 0, 0, 9, 593.51, 691960, 1092
2614, 3, 169, 233, 187, 0, 1.67%, 0, 0, 9, 575.10, 694528, 1092
2619, 3, 130, 233, 187, 0, 1.67%, 0, 0, 9, 439.88, 696630, 1092
2624, 3, 129, 233, 187, 0, 1.67%, 0, 0, 9, 589.99, 699704, 1092
2630, 3, 129, 233, 187, 0, 1.67%, 0, 0, 9, 576.47, 702381, 1092
2635, 3, 130, 233, 186, 0, 1.67%, 0, 0, 9, 589.22, 705439, 1092
2640, 3, 97, 233, 186, 0, 1.67%, 0, 0, 9, 418.01, 707397, 1092
2645, 3, 97, 233, 186, 0, 1.67%, 0, 0, 9, 364.76, 709179, 1092
2650, 3, 134, 233, 186, 0, 1.67%, 0, 0, 9, 253.38, 710653, 1092
2655, 3, 221, 233, 186, 0, 1.67%, 0, 0, 9, 343.81, 712255, 1092
2660, 3, 221, 233, 186, 0, 1.67%, 0, 0, 9, 439.41, 714597, 1092
2665, 3, 130, 233, 186, 0, 1.67%, 0, 0, 9, 507.21, 717217, 1092
2670, 3, 216, 233, 186, 0, 1.67%, 0, 0, 9, 450.85, 719422, 1092
2675, 3, 216, 233, 186, 0, 1.67%, 0, 0, 9, 263.85, 720491, 1092
2681, 3, 216, 233, 186, 0, 1.67%, 0, 0, 9, 235.38, 721669, 1092
2686, 3, 216, 233, 186, 0, 1.67%, 0, 0, 9, 220.59, 722757, 1092
2691, 3, 134, 233, 186, 0, 1.67%, 0, 0, 9, 180.40, 723755, 1092
2696, 3, 147, 233, 186, 0, 1.67%, 0, 0, 9, 447.27, 725843, 1092
2701, 3, 134, 233, 186, 0, 1.67%, 0, 0, 9, 112.01, 728951, 1092
2706, 3, 130, 233, 186, 0, 1.67%, 0, 0, 9, 160.78, 729691, 1092
2711, 3, 147, 233, 186, 0, 1.67%, 0, 0, 9, 487.13, 732319, 1092
2717, 3, 130, 233, 185, 0, 1.67%, 0, 0, 9, 487.62, 735047, 1092
2722, 3, 97, 233, 185, 0, 1.67%, 0, 0, 9, 389.81, 737012, 1092
2727, 3, 147, 233, 185, 0, 1.67%, 0, 0, 9, 374.59, 738785, 1092
2732, 3, 214, 233, 185, 0, 1.67%, 0, 0, 9, 303.21, 740458, 1092
2737, 3, 134, 233, 185, 0, 1.67%, 0, 0, 9, 163.91, 741153, 1092
2742, 3, 130, 233, 185, 0, 1.67%, 0, 0, 9, 377.60, 743202, 1092
2747, 3, 216, 233, 185, 0, 1.67%, 0, 0, 9, 326.49, 745024, 1092
2753, 3, 216, 233, 185, 0, 1.67%, 0, 0, 9, 240.52, 746164, 1092
2758, 3, 216, 233, 185, 0, 1.67%, 0, 0, 9, 358.73, 747991, 1092
2763, 3, 216, 233, 185, 0, 1.67%, 0, 0, 9, 248.61, 749098, 1092
2768, 3, 148, 233, 185, 0, 1.67%, 0, 0, 9, 384.07, 750838, 1092
2773, 3, 147, 233, 185, 0, 1.67%, 0, 0, 9, 611.25, 754288, 1092
2778, 3, 134, 233, 185, 0, 1.67%, 0, 0, 9, 107.28, 755070, 1092
2783, 3, 134, 233, 185, 0, 1.67%, 0, 0, 9, 116.46, 757118, 1092
2788, 3, 147, 233, 185, 0, 1.67%, 0, 0, 9, 676.87, 758686, 1092
2793, 3, 134, 233, 185, 0, 1.67%, 0, 0, 9, 112.41, 759888, 1092
2798, 3, 216, 233, 185, 0, 1.67%, 0, 0, 9, 191.02, 760878, 1092
2803, 3, 216, 233, 185, 0, 1.67%, 0, 0, 9, 214.86, 761978, 1092
2809, 3, 134, 233, 185, 0, 1.67%, 0, 0, 9, 312.00, 763882, 1092
2814, 3, 214, 233, 185, 0, 1.67%, 0, 0, 9, 176.76, 764504, 1092
2819, 3, 214, 233, 185, 0, 1.67%, 0, 0, 9, 222.78, 765696, 1092
2824, 3, 134, 233, 185, 0, 1.67%, 0, 0, 9, 206.05, 767012, 1092
2829, 3, 129, 233, 185, 0, 1.67%, 0, 0, 9, 355.24, 768734, 1092
2834, 3, 134, 233, 185, 0, 1.67%, 0, 0, 9, 180.14, 769473, 1092
2839, 3, 130, 233, 185, 0, 1.67%, 0, 0, 9, 420.42, 772028, 1092
2844, 3, 147, 233, 185, 0, 1.67%, 0, 0, 9, 493.59, 774437, 1092
2849, 3, 147, 233, 185, 0, 1.67%, 0, 0, 9, 516.04, 776962, 1092
2854, 3, 216, 233, 185, 0, 1.67%, 0, 0, 9, 404.87, 779272, 1092
2859, 3, 216, 233, 185, 0, 1.67%, 0, 0, 9, 245.28, 780296, 1092
2864, 3, 98, 233, 185, 0, 1.67%, 0, 0, 9, 83.72, 782551, 1092
2870, 3, 130, 233, 184, 0, 1.67%, 0, 0, 9, 234.14, 783605, 1092
2875, 3, 209, 233, 184, 0, 1.67%, 0, 0, 9, 260.56, 785152, 1092
2880, 3, 97, 233, 184, 0, 1.67%, 0, 0, 9, 289.39, 786569, 1092
2885, 3, 97, 233, 184, 0, 1.67%, 0, 0, 9, 313.94, 788205, 1092
2890, 3, 7, 233, 184, 0, 1.67%, 0, 0, 9, 422.21, 790421, 1092
2895, 3, 147, 233, 183, 0, 1.67%, 0, 0, 9, 583.58, 793370, 1092
2900, 3, 169, 233, 183, 0, 1.67%, 0, 0, 9, 651.54, 796790, 1092
2905, 3, 209, 234, 184, 0, 1.67%, 0, 0, 9, 334.36, 798115, 1092
2910, 3, 209, 235, 185, 0, 1.67%, 0, 0, 9, 246.96, 799241, 1092
2915, 3, 209, 235, 185, 0, 1.67%, 0, 0, 9, 222.84, 800341, 1092
2920, 3, 209, 235, 185, 0, 1.67%, 0, 0, 9, 231.39, 801501, 1092
2926, 3, 130, 235, 185, 0, 1.67%, 0, 0, 9, 293.57, 802936, 1092
2931, 3, 130, 235, 185, 0, 1.67%, 0, 0, 9, 460.40, 805566, 1092
2936, 3, 130, 235, 185, 0, 1.67%, 0, 0, 9, 419.78, 807677, 1092
2941, 3, 209, 235, 185, 0, 1.67%, 0, 0, 9, 323.43, 809361, 1092
2946, 3, 130, 235, 185, 0, 1.67%, 0, 0, 9, 301.76, 810723, 1092
2951, 3, 134, 235, 185, 0, 1.67%, 0, 0, 9, 328.52, 812611, 1092
2956, 3, 130, 235, 185, 0, 1.67%, 0, 0, 9, 311.01, 813829, 1092
2961, 3, 130, 235, 185, 0, 1.67%, 0, 0, 9, 383.90, 815877, 1092
2966, 3, 147, 235, 185, 0, 1.67%, 0, 0, 9, 474.27, 818189, 1092
2971, 3, 130, 235, 185, 0, 1.67%, 0, 0, 9, 456.32, 820581, 1092
2976, 3, 134, 235, 185, 0, 1.67%, 0, 0, 9, 266.13, 821885, 1092
2981, 3, 130, 235, 185, 0, 1.67%, 0, 0, 9, 363.64, 823468, 1092
2986, 3, 97, 235, 185, 0, 1.67%, 0, 0, 9, 406.85, 825641, 1092
2992, 3, 97, 235, 185, 0, 1.67%, 0, 0, 9, 370.17, 827494, 1092
2997, 3, 216, 235, 185, 0, 1.67%, 0, 0, 9, 316.17, 829279, 1092
3002, 3, 216, 235, 185, 0, 1.67%, 0, 0, 9, 231.84, 830375, 1092
3007, 3, 214, 235, 185, 0, 1.67%, 0, 0, 9, 308.99, 832159, 1092
3012, 3, 130, 235, 185, 0, 1.67%, 0, 0, 9, 347.88, 833811, 1092
3017, 3, 130, 235, 185, 0, 1.67%, 0, 0, 9, 448.33, 836309, 1092
3022, 3, 130, 235, 185, 0, 1.67%, 0, 0, 9, 433.42, 838451, 1092
3027, 3, 129, 235, 185, 0, 1.67%, 0, 0, 9, 440.54, 840647, 1092
3032, 3, 134, 235, 185, 0, 1.67%, 0, 0, 9, 192.49, 841279, 1092
3037, 3, 147, 235, 185, 0, 1.67%, 0, 0, 9, 465.57, 843761, 1092
3043, 3, 130, 235, 185, 0, 1.67%, 0, 0, 9, 498.79, 846659, 1092
3048, 3, 134, 235, 185, 0, 1.67%, 0, 0, 9, 108.11, 848233, 1092
3053, 3, 130, 235, 185, 0, 1.67%, 0, 0, 9, 600.40, 849959, 1092
3058, 3, 169, 235, 185, 0, 1.67%, 0, 0, 9, 591.58, 852661, 1092
3063, 4, 147, 235, 185, 0, 1.67%, 0, 0, 9, 649.38, 856019, 1092
3068, 4, 130, 235, 185, 0, 1.67%, 0, 0, 9, 492.04, 858542, 1092
3073, 4, 134, 235, 185, 0, 1.67%, 0, 0, 9, 99.78, 859903, 1092
3078, 4, 148, 235, 185, 0, 1.67%, 0, 0, 9, 619.79, 862385, 1092
3083, 4, 134, 235, 185, 0, 1.67%, 0, 0, 9, 108.74, 865091, 1092
3088, 4, 147, 235, 185, 0, 1.67%, 0, 0, 9, 650.58, 866247, 1092
3094, 4, 134, 235, 185, 0, 1.67%, 0, 0, 9, 109.14, 867875, 1092
3099, 4, 145, 235, 185, 0, 1.67%, 0, 0, 9, 106.68, 868997, 1092
3104, 4, 145, 235, 185, 0, 1.67%, 0, 0, 9, 110.34, 869563, 1092
3109, 4, 145, 235, 185, 0, 1.67%, 0, 0, 9, 110.22, 870103, 1092
3114, 4, 145, 235, 185, 0, 1.67%, 0, 0, 9, 114.18, 870681, 1092
3119, 4, 130, 235, 185, 0, 1.67%, 0, 0, 9, 203.96, 871627, 1092
3124, 4, 222, 236, 186, 0, 1.67%, 0, 0, 9, 202.47, 872887, 1092
3129, 4, 222, 236, 186, 0, 1.67%, 0, 0, 9, 130.81, 873453, 1092
3134, 4, 222, 236, 186, 0, 1.67%, 0, 0, 9, 121.34, 874043, 1092
3139, 4, 222, 236, 186, 0, 1.67%, 0, 0, 9, 119.55, 874637, 1092
3144, 4, 147, 236, 185, 0, 1.67%, 0, 0, 9, 316.63, 876285, 1092
3150, 4, 130, 236, 185, 0, 1.67%, 0, 0, 9, 421.59, 878753, 1092
3155, 4, 97, 236, 185, 0, 1.67%, 0, 0, 9, 386.94, 880737, 1092
3160, 4, 97, 236, 185, 0, 1.67%, 0, 0, 9, 353.94, 882508, 1092
3165, 4, 134, 236, 185, 0, 1.67%, 0, 0, 9, 184.40, 883292, 1092
3170, 4, 147, 236, 185, 0, 1.67%, 0, 0, 9, 408.20, 885460, 1092
3175, 4, 134, 236, 185, 0, 1.67%, 0, 0, 9, 265.01, 887041, 1092
3180, 4, 97, 236, 185, 0, 1.67%, 0, 0, 9, 313.65, 888585, 1092
3185, 4, 97, 236, 185, 0, 1.67%, 0, 0, 9, 334.09, 890307, 1092
3190, 4, 134, 236, 185, 0, 1.67%, 0, 0, 9, 303.02, 892187, 1092
3196, 4, 147, 236, 185, 0, 1.67%, 0, 0, 9, 454.40, 894151, 1092
3201, 4, 130, 236, 185, 0, 1.67%, 0, 0, 9, 562.72, 897314, 1092
3206, 4, 214, 236, 185, 0, 1.67%, 0, 0, 9, 373.46, 899036, 1092
3211, 4, 134, 236, 185, 0, 1.67%, 0, 0, 9, 213.50, 900013, 1092
3216, 4, 130, 236, 185, 0, 1.67%, 0, 0, 9, 287.37, 901270, 1092
3221, 4, 147, 236, 185, 0, 1.67%, 0, 0, 9, 412.26, 903524, 1092
3226, 4, 129, 236, 185, 0, 1.67%, 0, 0, 9, 498.54, 906198, 1092
3231, 4, 147, 236, 184, 0, 1.67%, 0, 0, 9, 595.79, 909169, 1092
3236, 4, 2, 236, 184, 0, 1.67%, 0, 0, 9, 371.09, 910935, 1092
3241, 4, 130, 236, 184, 0, 1.67%, 0, 0, 9, 446.34, 913280, 1092
3246, 4, 216, 236, 184, 0, 1.67%, 0, 0, 9, 310.71, 914804, 1092
3251, 4, 216, 236, 184, 0, 1.67%, 0, 0, 9, 229.40, 915850, 1092
3256, 4, 134, 236, 184, 0, 1.67%, 0, 0, 9, 144.12, 916484, 1092
3262, 4, 130, 236, 184, 0, 1.67%, 0, 0, 9, 411.14, 918896, 1092
3267, 4, 134, 236, 184, 0, 1.67%, 0, 0, 9, 235.97, 920058, 1092
3272, 4, 130, 236, 184, 0, 1.67%, 0, 0, 9, 325.15, 921574, 1092
3277, 4, 129, 236, 184, 0, 1.67%, 0, 0, 9, 420.67, 924050, 1092
3282, 4, 147, 236, 184, 0, 1.67%, 0, 0, 9, 606.03, 927418, 1092
3287, 4, 134, 236, 184, 0, 1.67%, 0, 0, 9, 110.99, 929374, 1092
3292, 4, 134, 236, 184, 0, 1.67%, 0, 0, 9, 114.54, 929966, 1092
3297, 4, 129, 236, 184, 0, 1.67%, 0, 0, 9, 658.56, 931856, 1092
3302, 4, 97, 236, 184, 0, 1.67%, 0, 0, 9, 415.26, 933696, 1092
3308, 4, 130, 236, 184, 0, 1.67%, 0, 0, 9, 421.66, 935776, 1092
3313, 4, 230, 236, 184, 0, 1.67%, 0, 0, 9, 254.38, 937024, 1092
3318, 4, 147, 236, 184, 0, 1.67%, 0, 0, 9, 285.13, 938141, 1092
3323, 4, 134, 236, 184, 0, 1.67%, 0, 0, 9, 321.59, 940062, 1092
3328, 4, 130, 236, 184, 0, 1.67%, 0, 0, 9, 239.96, 940914, 1092
3333, 4, 134, 236, 184, 0, 1.67%, 0, 0, 9, 379.06, 943054, 1092
3338, 4, 130, 236, 184, 0, 1.67%, 0, 0, 9, 232.94, 943840, 1092
3343, 4, 145, 236, 184, 0, 1.67%, 0, 0, 9, 209.66, 945174, 1092
3348, 4, 145, 236, 184, 0, 1.67%, 0, 0, 9, 136.00, 945774, 1092
3353, 4, 145, 236, 184, 0, 1.67%, 0, 0, 9, 119.55, 946358, 1092
3358, 4, 145, 236, 184, 0, 1.67%, 0, 0, 9, 114.90, 946956, 1092
3363, 4, 216, 236, 184, 0, 1.67%, 0, 0, 9, 172.78, 947806, 1092
3369, 4, 216, 236, 184, 0, 1.67%, 0, 0, 9, 212.80, 948978, 1092
3374, 4, 130, 236, 184, 0, 1.67%, 0, 0, 9, 399.28, 951186, 1092
3379, 4, 209, 236, 184, 0, 1.67%, 0, 0, 9, 284.05, 952580, 1092
3384, 4, 134, 236, 184, 0, 1.67%, 0, 0, 9, 234.92, 953902, 1092
3389, 4, 130, 236, 184, 0, 1.67%, 0, 0, 9, 292.46, 955168, 1092
3394, 4, 216, 236, 184, 0, 1.67%, 0, 0, 9, 247.14, 956445, 1092
3399, 4, 147, 236, 184, 0, 1.67%, 0, 0, 9, 274.73, 957744, 1092
3404, 4, 134, 236, 184, 0, 1.67%, 0, 0, 9, 231.94, 959206, 1092
3409, 4, 130, 236, 184, 0, 1.67%, 0, 0, 9, 328.45, 960824, 1092
3414, 4, 134, 236, 184, 0, 1.67%, 0, 0, 9, 295.35, 962582, 1092
3420, 4, 130, 236, 184, 0, 1.67%, 0, 0, 9, 328.60, 963972, 1092
3425, 4, 130, 236, 184, 0, 1.67%, 0, 0, 9, 428.04, 966418, 1092
3430, 4, 134, 236, 184, 0, 1.67%, 0, 0, 9, 213.99, 967320, 1092
3435, 4, 216, 236, 184, 0, 1.67%, 0, 0, 9, 374.40, 969526, 1092
3440, 4, 216, 236, 184, 0, 1.67%, 0, 0, 9, 247.11, 970614, 1092
3445, 4, 130, 236, 184, 0, 1.67%, 0, 0, 9, 446.47, 972853, 1092
3450, 4, 130, 236, 184, 0, 1.67%, 0, 0, 9, 493.87, 975362, 1092
3455, 4, 134, 236, 184, 0, 1.67%, 0, 0, 9, 410.47, 977474, 1092
3461, 4, 130, 236, 184, 0, 1.67%, 0, 0, 9, 253.39, 978316, 1092
3466, 4, 130, 236, 184, 0, 1.67%, 0, 0, 9, 433.95, 980760, 1092
3471, 4, 209, 236, 184, 0, 1.67%, 0, 0, 9, 298.30, 982232, 1092
3476, 4, 130, 236, 184, 0, 1.67%, 0, 0, 9, 360.32, 983968, 1092
3481, 4, 134, 236, 184, 0, 1.67%, 0, 0, 9, 297.91, 985616, 1092
3486, 4, 129, 236, 184, 0, 1.67%, 0, 0, 9, 366.49, 987052, 1092
3491, 4, 8, 236, 184, 0, 1.67%, 0, 0, 9, 183.21, 987771, 1092
3496, 4, 134, 236, 183, 0, 1.67%, 0, 0, 9, 385.40, 989857, 1092
3502, 4, 134, 236, 183, 0, 1.67%, 0, 0, 9, 169.43, 990417, 1092
3507, 4, 216, 236, 183, 0, 1.67%, 0, 0, 9, 211.63, 991592, 1092
3512, 4, 129, 236, 183, 0, 1.67%, 0, 0, 9, 248.45, 992778, 1092
3517, 4, 134, 236, 183, 0, 1.67%, 0, 0, 9, 260.15, 994504, 1092
3522, 4, 134, 236, 183, 0, 1.67%, 0, 0, 9, 142.06, 995072, 1092
3527, 4, 130, 236, 183, 0, 1.67%, 0, 0, 9, 549.57, 996566, 1092
3532, 4, 130, 236, 183, 0, 1.67%, 0, 0, 9, 501.28, 999100, 1092
3537, 4, 209, 236, 183, 0, 1.67%, 0, 0, 9, 336.37, 1000762, 1092
3542, 4, 130, 236, 183, 0, 1.67%, 0, 0, 9, 363.88, 1002518, 1092
3547, 4, 216, 236, 183, 0, 1.67%, 0, 0, 9, 260.13, 1003786, 1092
3553, 4, 129, 236, 183, 0, 1.67%, 0, 0, 9, 256.36, 1004976, 1092
3558, 4, 187, 237, 184, 0, 1.67%, 0, 0, 9, 147.85, 1005601, 1092
3563, 4, 129, 237, 183, 0, 1.67%, 0, 0, 9, 134.70, 1006237, 1092
3568, 4, 130, 237, 183, 0, 1.67%, 0, 0, 9, 394.97, 1008811, 1092
3573, 4, 134, 237, 183, 0, 1.67%, 0, 0, 9, 264.17, 1010201, 1092
3578, 4, 130, 237, 183, 0, 1.67%, 0, 0, 9, 299.29, 1011472, 1092
3583, 4, 147, 237, 183, 0, 1.67%, 0, 0, 9, 431.29, 1013733, 1092
3588, 4, 147, 237, 183, 0, 1.67%, 0, 0, 9, 480.48, 1016239, 1092
3593, 4, 134, 237, 183, 0, 1.67%, 0, 0, 9, 115.44, 1018309, 1092
3598, 4, 134, 237, 183, 0, 1.67%, 0, 0, 9, 98.05, 1019783, 1092
3604, 4, 130, 237, 183, 0, 1.67%, 0, 0, 9, 155.84, 1020519, 1092
3609, 4, 147, 237, 183, 0, 1.67%, 0, 0, 9, 510.68, 1023385, 1092
