# relative_time, cycles_done, cur_item, corpus_count, pending_total, pending_favs, map_size, saved_crashes, saved_hangs, max_depth, execs_per_sec, total_execs, edges_found
60, 0, 10, 122, 120, 19, 1.70%, 0, 0, 3, 712.32, 43549, 1112
66, 0, 10, 122, 120, 19, 1.70%, 0, 0, 3, 712.24, 47217, 1112
71, 0, 10, 122, 120, 19, 1.70%, 0, 0, 3, 713.38, 50899, 1112
76, 0, 10, 136, 134, 19, 1.73%, 0, 0, 3, 705.94, 54473, 1134
81, 0, 10, 176, 174, 19, 1.76%, 0, 0, 3, 687.03, 57938, 1153
86, 0, 10, 176, 174, 19, 1.76%, 0, 0, 3, 705.08, 61635, 1153
91, 0, 10, 176, 174, 19, 1.76%, 0, 0, 3, 685.59, 65023, 1153
96, 0, 10, 176, 174, 19, 1.76%, 0, 0, 3, 702.19, 68655, 1153
101, 0, 177, 184, 181, 36, 1.77%, 0, 0, 4, 685.05, 72121, 1158
107, 0, 177, 208, 205, 36, 1.79%, 0, 0, 4, 657.20, 75394, 1171
112, 0, 177, 218, 215, 36, 1.79%, 0, 0, 4, 649.70, 78649, 1174
117, 0, 177, 222, 219, 36, 1.79%, 0, 0, 4, 651.77, 82006, 1174
122, 0, 177, 224, 221, 36, 1.79%, 0, 0, 4, 672.13, 85470, 1174
127, 0, 177, 224, 221, 36, 1.79%, 0, 0, 4, 702.10, 89117, 1174
132, 0, 177, 224, 221, 36, 1.79%, 0, 0, 4, 706.91, 92729, 1174
137, 0, 177, 224, 221, 36, 1.79%, 0, 0, 4, 711.57, 96397, 1174
142, 0, 177, 225, 222, 36, 1.79%, 0, 0, 4, 705.73, 99953, 1175
147, 0, 5, 240, 236, 42, 1.83%, 0, 0, 4, 666.85, 103264, 1201
152, 0, 5, 253, 249, 42, 1.87%, 0, 0, 4, 661.90, 106618, 1227
157, 0, 5, 259, 255, 42, 1.88%, 0, 0, 4, 637.31, 109775, 1235
163, 0, 5, 262, 258, 42, 1.88%, 0, 0, 4, 644.26, 113075, 1235
168, 0, 5, 262, 258, 42, 1.88%, 0, 0, 4, 679.85, 116651, 1235
173, 0, 5, 262, 258, 42, 1.88%, 0, 0, 4, 685.90, 120083, 1235
178, 0, 5, 262, 258, 42, 1.88%, 0, 0, 4, 700.82, 123684, 1235
183, 0, 5, 263, 259, 42, 1.88%, 0, 0, 4, 695.58, 127213, 1235
188, 0, 244, 264, 259, 52, 1.88%, 0, 0, 4, 689.82, 130750, 1235
193, 0, 115, 271, 265, 51, 1.88%, 0, 0, 4, 705.32, 134299, 1235
198, 0, 115, 274, 268, 51, 1.89%, 0, 0, 4, 709.79, 137921, 1236
203, 0, 115, 276, 270, 51, 1.89%, 0, 0, 4, 711.79, 141563, 1236
208, 0, 115, 276, 270, 51, 1.89%, 0, 0, 4, 711.53, 145227, 1236
214, 0, 115, 276, 270, 51, 1.89%, 0, 0, 4, 709.13, 148867, 1236
219, 0, 115, 276, 270, 51, 1.89%, 0, 0, 4, 700.20, 152451, 1236
224, 0, 115, 276, 270, 51, 1.89%, 0, 0, 4, 689.85, 155960, 1236
229, 0, 110, 277, 270, 52, 1.89%, 0, 0, 4, 693.69, 159575, 1236
234, 0, 64, 278, 269, 51, 1.90%, 0, 0, 4, 665.74, 162936, 1248
239, 0, 237, 278, 268, 50, 1.90%, 0, 0, 4, 649.53, 166198, 1248
244, 0, 226, 279, 268, 48, 1.90%, 0, 0, 4, 685.56, 169718, 1248
249, 0, 258, 284, 272, 47, 1.92%, 0, 0, 4, 666.36, 173086, 1257
254, 0, 258, 287, 275, 47, 1.93%, 0, 0, 4, 661.60, 176438, 1268
260, 0, 258, 290, 278, 47, 1.94%, 0, 0, 4, 661.79, 179829, 1271
265, 0, 258, 290, 278, 47, 1.94%, 0, 0, 4, 672.11, 183238, 1271
270, 0, 258, 290, 278, 47, 1.94%, 0, 0, 4, 696.27, 186813, 1271
275, 0, 258, 290, 278, 47, 1.94%, 0, 0, 4, 701.88, 190461, 1271
280, 0, 258, 290, 278, 47, 1.94%, 0, 0, 4, 700.54, 193989, 1271
285, 0, 258, 290, 278, 47, 1.94%, 0, 0, 4, 693.68, 197471, 1271
290, 0, 156, 290, 277, 50, 1.94%, 0, 0, 4, 681.69, 200920, 1271
295, 0, 191, 293, 279, 49, 1.94%, 0, 0, 4, 675.16, 204356, 1271
300, 0, 191, 300, 286, 49, 1.94%, 0, 0, 5, 662.01, 207702, 1273
305, 0, 191, 300, 286, 49, 1.94%, 0, 0, 5, 654.26, 210978, 1273
310, 0, 191, 301, 287, 49, 1.94%, 0, 0, 5, 650.73, 214236, 1273
315, 0, 191, 302, 288, 49, 1.94%, 0, 0, 5, 657.91, 217601, 1274
321, 0, 191, 302, 288, 49, 1.94%, 0, 0, 5, 698.80, 221241, 1274
326, 0, 191, 302, 288, 49, 1.94%, 0, 0, 5, 706.06, 224871, 1274
331, 0, 191, 302, 288, 49, 1.94%, 0, 0, 5, 708.90, 228511, 1274
336, 0, 191, 302, 288, 49, 1.94%, 0, 0, 5, 701.76, 232031, 1274
341, 0, 191, 302, 288, 49, 1.94%, 0, 0, 5, 713.13, 235669, 1274
346, 0, 267, 302, 287, 51, 1.94%, 0, 0, 5, 708.26, 239217, 1274
351, 0, 200, 305, 289, 50, 1.95%, 0, 0, 5, 651.39, 242616, 1276
356, 0, 200, 305, 289, 50, 1.95%, 0, 0, 5, 676.67, 246078, 1276
362, 0, 200, 305, 289, 50, 1.95%, 0, 0, 5, 700.84, 249693, 1276
367, 0, 200, 305, 289, 50, 1.95%, 0, 0, 5, 707.68, 253261, 1276
372, 0, 247, 305, 288, 49, 1.95%, 0, 0, 5, 694.26, 256700, 1276
377, 0, 281, 306, 288, 48, 1.95%, 0, 0, 5, 698.10, 260224, 1276
382, 0, 228, 307, 288, 47, 1.95%, 0, 0, 5, 683.85, 263667, 1276
387, 0, 87, 307, 287, 46, 1.95%, 0, 0, 5, 699.93, 267312, 1276
392, 0, 4, 313, 292, 45, 1.95%, 0, 0, 5, 239.59, 268601, 1276
397, 0, 4, 319, 298, 45, 1.97%, 0, 0, 5, 471.94, 271237, 1289
402, 0, 4, 321, 300, 45, 1.97%, 0, 0, 5, 496.73, 273791, 1289
407, 0, 4, 321, 300, 45, 1.97%, 0, 0, 5, 528.04, 276471, 1289
412, 0, 4, 323, 302, 45, 1.97%, 0, 0, 5, 526.57, 279197, 1289
417, 0, 4, 323, 302, 45, 1.97%, 0, 0, 5, 522.24, 281917, 1289
423, 0, 4, 327, 306, 45, 2.00%, 0, 0, 5, 445.53, 284319, 1311
428, 0, 4, 327, 306, 45, 2.00%, 0, 0, 5, 260.61, 285388, 1311
433, 0, 4, 329, 308, 45, 2.00%, 0, 0, 5, 218.07, 286453, 1311
438, 0, 4, 330, 309, 45, 2.00%, 0, 0, 5, 205.16, 287485, 1311
443, 0, 4, 332, 311, 45, 2.00%, 0, 0, 5, 208.35, 288537, 1311
448, 0, 4, 334, 313, 45, 2.01%, 0, 0, 5, 207.32, 289573, 1318
453, 0, 4, 335, 314, 45, 2.01%, 0, 0, 5, 200.44, 290578, 1318
458, 0, 4, 335, 314, 45, 2.01%, 0, 0, 5, 208.41, 291677, 1318
463, 0, 4, 335, 314, 45, 2.01%, 0, 0, 5, 205.47, 292737, 1318
469, 0, 4, 335, 314, 45, 2.01%, 0, 0, 5, 206.42, 293809, 1318
474, 0, 4, 336, 315, 45, 2.01%, 0, 0, 5, 203.30, 294805, 1318
479, 0, 4, 337, 316, 45, 2.01%, 0, 0, 5, 203.32, 295849, 1318
484, 0, 4, 337, 316, 45, 2.01%, 0, 0, 5, 198.56, 296870, 1318
489, 0, 4, 337, 316, 45, 2.01%, 0, 0, 5, 200.92, 297866, 1318
494, 0, 4, 338, 317, 45, 2.01%, 0, 0, 5, 187.07, 298834, 1318
499, 0, 4, 338, 317, 45, 2.01%, 0, 0, 5, 201.90, 299897, 1318
504, 0, 4, 338, 317, 45, 2.01%, 0, 0, 5, 362.80, 301529, 1318
510, 0, 4, 338, 317, 45, 2.01%, 0, 0, 5, 637.80, 305165, 1318
515, 0, 4, 338, 317, 45, 2.01%, 0, 0, 5, 696.30, 308803, 1318
520, 0, 4, 338, 317, 45, 2.01%, 0, 0, 5, 709.40, 312411, 1318
525, 0, 4, 338, 317, 45, 2.01%, 0, 0, 5, 710.29, 316079, 1318
530, 0, 4, 341, 320, 45, 2.01%, 0, 0, 5, 430.60, 317897, 1320
535, 0, 4, 344, 323, 45, 2.01%, 0, 0, 5, 228.36, 318729, 1320
540, 0, 135, 344, 321, 48, 2.01%, 0, 0, 5, 577.62, 322005, 1320
546, 0, 288, 344, 320, 47, 2.01%, 0, 0, 5, 655.45, 325471, 1320
551, 0, 233, 344, 319, 46, 2.01%, 0, 0, 5, 631.39, 328633, 1320
556, 0, 93, 345, 319, 45, 2.01%, 0, 0, 5, 677.90, 332150, 1320
561, 0, 279, 345, 318, 44, 2.01%, 0, 0, 5, 697.69, 335648, 1320
566, 0, 245, 345, 317, 43, 2.01%, 0, 0, 5, 700.50, 339259, 1320
571, 0, 212, 345, 315, 41, 2.01%, 0, 0, 5, 696.90, 342877, 1320
576, 0, 212, 349, 319, 41, 2.02%, 0, 0, 5, 661.17, 346160, 1323
581, 0, 212, 350, 320, 41, 2.02%, 0, 0, 5, 653.21, 349444, 1323
586, 0, 212, 350, 320, 41, 2.02%, 0, 0, 5, 652.24, 352733, 1323
591, 0, 212, 352, 322, 41, 2.02%, 0, 0, 5, 649.35, 356009, 1323
596, 0, 212, 352, 322, 41, 2.02%, 0, 0, 5, 648.21, 359273, 1323
601, 0, 212, 352, 322, 41, 2.02%, 0, 0, 5, 693.95, 362867, 1323
606, 0, 212, 352, 322, 41, 2.02%, 0, 0, 5, 706.74, 366429, 1323
612, 0, 212, 352, 322, 41, 2.02%, 0, 0, 5, 712.05, 370097, 1323
617, 0, 212, 352, 322, 41, 2.02%, 0, 0, 5, 684.16, 373527, 1323
622, 0, 212, 352, 322, 41, 2.02%, 0, 0, 5, 702.88, 377079, 1323
627, 0, 345, 352, 321, 44, 2.02%, 0, 0, 5, 699.97, 380734, 1323
632, 0, 345, 352, 321, 44, 2.02%, 0, 0, 5, 705.17, 384352, 1323
637, 0, 327, 354, 322, 43, 2.03%, 0, 0, 5, 587.01, 387282, 1331
642, 0, 327, 355, 323, 43, 2.03%, 0, 0, 5, 259.82, 388178, 1331
647, 0, 352, 356, 323, 44, 2.04%, 0, 0, 5, 322.21, 390010, 1335
652, 0, 352, 358, 325, 44, 2.04%, 0, 0, 5, 366.93, 392148, 1336
658, 0, 352, 359, 326, 44, 2.04%, 0, 0, 5, 299.96, 393600, 1336
663, 0, 352, 360, 327, 44, 2.04%, 0, 0, 5, 290.86, 395028, 1336
668, 0, 352, 360, 327, 44, 2.04%, 0, 0, 5, 299.38, 396588, 1336
673, 0, 352, 360, 327, 44, 2.04%, 0, 0, 5, 281.38, 398018, 1336
678, 0, 352, 361, 328, 44, 2.04%, 0, 0, 5, 295.72, 399556, 1336
683, 0, 352, 361, 328, 44, 2.04%, 0, 0, 5, 281.61, 400961, 1336
688, 0, 352, 361, 328, 44, 2.04%, 0, 0, 5, 321.06, 402574, 1336
693, 0, 352, 361, 328, 44, 2.04%, 0, 0, 5, 306.40, 404104, 1336
698, 0, 352, 361, 328, 44, 2.04%, 0, 0, 5, 308.85, 405682, 1336
703, 0, 352, 362, 329, 44, 2.04%, 0, 0, 5, 314.54, 407262, 1336
708, 0, 352, 362, 329, 44, 2.04%, 0, 0, 5, 239.73, 408426, 1336
713, 0, 352, 363, 330, 44, 2.04%, 0, 0, 5, 231.38, 409538, 1336
718, 0, 246, 363, 329, 45, 2.04%, 0, 0, 5, 546.47, 412353, 1336
724, 0, 92, 363, 328, 44, 2.04%, 0, 0, 5, 677.65, 416024, 1336
729, 0, 192, 363, 326, 42, 2.04%, 0, 0, 5, 693.65, 419636, 1336
734, 0, 192, 363, 326, 42, 2.04%, 0, 0, 5, 706.16, 423256, 1336
739, 0, 284, 365, 327, 41, 2.05%, 0, 0, 5, 597.54, 426200, 1346
744, 0, 284, 368, 330, 41, 2.10%, 0, 0, 5, 407.74, 428580, 1374
749, 0, 284, 369, 331, 41, 2.10%, 0, 0, 5, 479.37, 431119, 1375
755, 0, 284, 372, 334, 41, 2.10%, 0, 0, 5, 501.14, 433736, 1375
760, 0, 284, 372, 334, 41, 2.10%, 0, 0, 5, 524.95, 436476, 1375
765, 0, 284, 374, 336, 41, 2.10%, 0, 0, 5, 596.74, 439495, 1375
770, 0, 284, 375, 337, 41, 2.10%, 0, 0, 5, 623.81, 442654, 1375
775, 0, 284, 375, 337, 41, 2.10%, 0, 0, 5, 630.14, 445822, 1375
780, 0, 284, 375, 337, 41, 2.10%, 0, 0, 5, 634.54, 449122, 1375
785, 0, 284, 375, 337, 41, 2.10%, 0, 0, 5, 678.93, 452521, 1375
790, 0, 255, 375, 336, 44, 2.10%, 0, 0, 5, 694.59, 456053, 1375
795, 0, 338, 375, 334, 42, 2.10%, 0, 0, 5, 650.17, 458312, 1375
800, 0, 338, 377, 336, 42, 2.10%, 0, 0, 5, 137.80, 459395, 1375
805, 0, 338, 380, 339, 42, 2.10%, 0, 0, 5, 443.51, 461699, 1375
811, 0, 303, 382, 340, 42, 2.10%, 0, 0, 6, 604.13, 465029, 1375
816, 0, 303, 382, 340, 42, 2.10%, 0, 0, 6, 671.02, 468536, 1375
821, 0, 303, 382, 340, 42, 2.10%, 0, 0, 6, 692.38, 472015, 1375
826, 0, 356, 382, 339, 42, 2.10%, 0, 0, 6, 697.23, 475680, 1375
831, 0, 356, 382, 339, 42, 2.10%, 0, 0, 6, 663.33, 478977, 1375
836, 0, 356, 383, 340, 42, 2.10%, 0, 0, 6, 650.00, 482349, 1375
841, 0, 110, 383, 339, 40, 2.10%, 0, 0, 6, 691.71, 485950, 1375
846, 0, 110, 383, 339, 40, 2.10%, 0, 0, 6, 704.83, 489513, 1375
851, 0, 110, 383, 339, 40, 2.10%, 0, 0, 6, 711.16, 493169, 1375
857, 0, 110, 383, 339, 40, 2.10%, 0, 0, 6, 710.44, 496800, 1375
862, 0, 369, 384, 340, 40, 2.10%, 0, 0, 6, 694.21, 500313, 1375
867, 0, 369, 384, 340, 40, 2.10%, 0, 0, 6, 671.33, 503706, 1375
872, 0, 369, 384, 340, 40, 2.10%, 0, 0, 6, 698.95, 507281, 1375
877, 0, 232, 384, 339, 39, 2.10%, 0, 0, 6, 688.11, 510791, 1375
882, 0, 95, 384, 338, 38, 2.10%, 0, 0, 6, 691.17, 514222, 1375
887, 0, 114, 384, 337, 37, 2.10%, 0, 0, 6, 709.20, 517918, 1375
892, 0, 380, 386, 338, 36, 2.10%, 0, 0, 7, 680.02, 521329, 1375
897, 0, 380, 386, 338, 36, 2.10%, 0, 0, 7, 706.46, 524912, 1375
902, 0, 380, 386, 338, 36, 2.10%, 0, 0, 7, 701.09, 528562, 1375
907, 0, 250, 388, 339, 36, 2.10%, 0, 0, 7, 689.95, 531990, 1375
912, 0, 250, 388, 339, 36, 2.10%, 0, 0, 7, 706.14, 535563, 1375
917, 0, 197, 388, 338, 35, 2.10%, 0, 0, 7, 699.75, 539082, 1375
922, 0, 197, 388, 338, 35, 2.10%, 0, 0, 7, 709.90, 542678, 1375
927, 0, 318, 388, 337, 34, 2.10%, 0, 0, 7, 104.69, 544716, 1375
933, 0, 318, 390, 339, 34, 2.10%, 0, 0, 7, 477.65, 545425, 1375
938, 0, 285, 390, 338, 33, 2.10%, 0, 0, 7, 408.53, 546996, 1375
943, 0, 285, 390, 338, 33, 2.10%, 0, 0, 7, 614.34, 550494, 1375
948, 0, 351, 390, 337, 32, 2.10%, 0, 0, 7, 664.35, 553930, 1375
953, 0, 351, 391, 338, 32, 2.10%, 0, 0, 7, 693.45, 557507, 1375
958, 0, 385, 392, 338, 31, 2.10%, 0, 0, 8, 689.79, 561123, 1375
964, 0, 385, 392, 338, 31, 2.10%, 0, 0, 8, 697.25, 564675, 1375
969, 0, 385, 392, 338, 31, 2.10%, 0, 0, 8, 712.45, 568282, 1375
974, 0, 293, 392, 336, 32, 2.10%, 0, 0, 8, 703.83, 571843, 1375
979, 0, 293, 392, 336, 32, 2.10%, 0, 0, 8, 710.17, 575459, 1375
984, 0, 300, 392, 335, 31, 2.10%, 0, 0, 8, 701.88, 579034, 1375
989, 0, 300, 392, 335, 31, 2.10%, 0, 0, 8, 703.47, 582572, 1375
994, 0, 300, 392, 335, 31, 2.10%, 0, 0, 8, 710.16, 586180, 1375
999, 0, 144, 392, 334, 29, 2.10%, 0, 0, 8, 712.08, 589745, 1375
1004, 0, 364, 392, 332, 27, 2.10%, 0, 0, 8, 693.81, 593340, 1375
1009, 0, 364, 392, 332, 27, 2.10%, 0, 0, 8, 659.09, 596563, 1375
1014, 0, 364, 392, 332, 27, 2.10%, 0, 0, 8, 664.23, 599869, 1375
1019, 0, 248, 392, 331, 26, 2.10%, 0, 0, 8, 686.88, 603473, 1375
1025, 0, 391, 392, 330, 25, 2.10%, 0, 0, 8, 683.43, 606187, 1375
1030, 0, 391, 395, 333, 25, 2.10%, 0, 0, 9, 656.91, 609547, 1375
1035, 0, 391, 395, 333, 25, 2.10%, 0, 0, 9, 646.04, 612841, 1375
1040, 0, 391, 397, 335, 25, 2.10%, 0, 0, 9, 643.86, 616145, 1375
1045, 0, 391, 397, 335, 25, 2.10%, 0, 0, 9, 690.85, 619728, 1375
1050, 0, 391, 397, 335, 25, 2.10%, 0, 0, 9, 701.11, 623317, 1375
1055, 0, 391, 397, 335, 25, 2.10%, 0, 0, 9, 706.31, 626957, 1375
1060, 0, 391, 397, 335, 25, 2.10%, 0, 0, 9, 710.88, 630603, 1375
1065, 0, 391, 397, 335, 25, 2.10%, 0, 0, 9, 703.74, 634225, 1375
1071, 0, 7, 397, 334, 24, 2.10%, 0, 0, 9, 637.15, 637296, 1375
1076, 0, 383, 398, 334, 23, 2.10%, 0, 0, 9, 656.74, 640750, 1375
1081, 0, 383, 398, 334, 23, 2.10%, 0, 0, 9, 686.57, 644286, 1375
1086, 0, 383, 398, 334, 23, 2.10%, 0, 0, 9, 696.00, 647885, 1375
1091, 0, 332, 398, 333, 23, 2.10%, 0, 0, 9, 684.16, 651278, 1375
1096, 0, 224, 399, 333, 22, 2.10%, 0, 0, 9, 679.75, 654761, 1375
1101, 0, 224, 399, 333, 22, 2.10%, 0, 0, 9, 703.85, 658450, 1375
1107, 0, 230, 399, 332, 21, 2.10%, 0, 0, 9, 700.17, 662102, 1375
1112, 0, 370, 399, 331, 20, 2.10%, 0, 0, 9, 682.65, 665581, 1375
1117, 0, 370, 401, 333, 20, 2.10%, 0, 0, 9, 539.47, 668308, 1379
1122, 0, 370, 401, 333, 20, 2.10%, 0, 0, 9, 631.41, 671451, 1379
1127, 0, 370, 401, 333, 20, 2.10%, 0, 0, 9, 690.21, 675055, 1379
1132, 0, 382, 401, 332, 20, 2.10%, 0, 0, 9, 693.31, 678644, 1379
1137, 0, 382, 401, 332, 20, 2.10%, 0, 0, 9, 652.29, 681942, 1379
1142, 0, 382, 403, 334, 20, 2.10%, 0, 0, 9, 636.55, 685041, 1379
1148, 0, 400, 403, 333, 19, 2.10%, 0, 0, 9, 656.41, 688457, 1379
1153, 0, 400, 403, 333, 19, 2.10%, 0, 0, 9, 690.96, 692040, 1379
1158, 0, 400, 403, 333, 19, 2.10%, 0, 0, 9, 695.33, 695642, 1379
1163, 0, 355, 403, 332, 18, 2.10%, 0, 0, 9, 477.59, 697914, 1379
1168, 0, 355, 403, 332, 18, 2.10%, 0, 0, 9, 322.72, 699330, 1379
1173, 0, 355, 403, 332, 18, 2.10%, 0, 0, 9, 273.27, 701018, 1379
1178, 0, 355, 404, 333, 18, 2.10%, 0, 0, 9, 258.21, 702079, 1379
1183, 0, 355, 404, 333, 18, 2.10%, 0, 0, 9, 169.84, 702839, 1379
1188, 0, 355, 404, 333, 18, 2.10%, 0, 0, 9, 244.23, 704354, 1379
1194, 0, 351, 404, 332, 17, 2.10%, 0, 0, 9, 537.14, 707040, 1379
1199, 0, 351, 405, 333, 17, 2.10%, 0, 0, 9, 640.08, 710498, 1379
1204, 0, 351, 406, 334, 17, 2.10%, 0, 0, 9, 644.33, 713806, 1379
1209, 0, 351, 406, 334, 17, 2.10%, 0, 0, 9, 627.63, 717022, 1379
1214, 0, 351, 407, 335, 17, 2.11%, 0, 0, 9, 646.54, 720318, 1380
1219, 0, 351, 407, 335, 17, 2.11%, 0, 0, 9, 658.50, 723661, 1380
1224, 0, 351, 407, 335, 17, 2.11%, 0, 0, 9, 690.54, 727236, 1380
1229, 0, 351, 407, 335, 17, 2.11%, 0, 0, 9, 706.41, 730784, 1380
1234, 0, 351, 407, 335, 17, 2.11%, 0, 0, 9, 711.43, 734424, 1380
1240, 0, 351, 407, 335, 17, 2.11%, 0, 0, 9, 711.12, 738093, 1380
1245, 0, 351, 407, 335, 17, 2.11%, 0, 0, 9, 708.14, 741645, 1380
1250, 0, 351, 407, 335, 17, 2.11%, 0, 0, 9, 709.75, 745285, 1380
1255, 0, 351, 407, 335, 17, 2.11%, 0, 0, 9, 678.17, 748709, 1380
1260, 0, 351, 407, 335, 17, 2.11%, 0, 0, 9, 669.48, 752135, 1380
1265, 0, 351, 407, 335, 17, 2.11%, 0, 0, 9, 702.56, 755771, 1380
1270, 0, 351, 407, 335, 17, 2.11%, 0, 0, 9, 707.00, 759393, 1380
1275, 0, 351, 407, 335, 17, 2.11%, 0, 0, 9, 690.82, 762819, 1380
1280, 0, 406, 407, 335, 18, 2.11%, 0, 0, 9, 670.75, 766238, 1380
1285, 0, 406, 407, 335, 18, 2.11%, 0, 0, 9, 700.75, 769787, 1380
1291, 0, 406, 407, 335, 18, 2.11%, 0, 0, 9, 692.70, 773384, 1380
1296, 0, 257, 408, 335, 17, 2.11%, 0, 0, 9, 674.48, 776719, 1380
1301, 0, 347, 408, 334, 17, 2.11%, 0, 0, 9, 680.98, 780227, 1380
1306, 0, 347, 408, 334, 17, 2.11%, 0, 0, 9, 697.56, 783762, 1380
1311, 0, 395, 409, 334, 16, 2.11%, 0, 0, 10, 694.55, 787373, 1380
1316, 0, 395, 410, 335, 16, 2.11%, 0, 0, 10, 665.65, 790774, 1380
1321, 0, 395, 413, 338, 16, 2.11%, 0, 0, 10, 657.82, 794087, 1380
1326, 0, 395, 413, 338, 16, 2.11%, 0, 0, 10, 679.68, 797518, 1380
1331, 0, 395, 413, 338, 16, 2.11%, 0, 0, 10, 710.23, 801171, 1380
1336, 0, 395, 413, 338, 16, 2.11%, 0, 0, 10, 706.11, 804811, 1380
1342, 0, 395, 413, 338, 16, 2.11%, 0, 0, 10, 688.67, 808345, 1380
1347, 0, 395, 413, 338, 16, 2.11%, 0, 0, 10, 700.85, 811965, 1380
1352, 0, 276, 414, 338, 16, 2.11%, 0, 0, 10, 701.99, 815491, 1380
1357, 0, 276, 414, 338, 16, 2.11%, 0, 0, 10, 694.41, 819017, 1380
1362, 0, 411, 414, 337, 15, 2.11%, 0, 0, 10, 685.78, 822564, 1380
1367, 0, 411, 414, 337, 15, 2.11%, 0, 0, 10, 684.85, 826092, 1380
1372, 0, 411, 414, 337, 15, 2.11%, 0, 0, 10, 693.86, 829683, 1380
1377, 0, 411, 414, 337, 15, 2.11%, 0, 0, 10, 710.19, 833345, 1380
1382, 0, 251, 414, 336, 14, 2.11%, 0, 0, 10, 704.16, 836890, 1380
1387, 0, 397, 414, 335, 14, 2.11%, 0, 0, 10, 699.90, 840401, 1380
1393, 0, 397, 414, 335, 14, 2.11%, 0, 0, 10, 699.24, 843992, 1380
1398, 0, 397, 414, 335, 14, 2.11%, 0, 0, 10, 697.79, 847531, 1380
1403, 0, 326, 414, 334, 13, 2.11%, 0, 0, 10, 167.46, 848659, 1380
1408, 0, 326, 414, 334, 13, 2.11%, 0, 0, 10, 156.45, 849345, 1380
1413, 0, 326, 414, 334, 13, 2.11%, 0, 0, 10, 169.47, 850330, 1380
1418, 0, 407, 414, 333, 12, 2.11%, 0, 0, 10, 584.41, 853749, 1380
1423, 0, 203, 414, 332, 11, 2.11%, 0, 0, 10, 672.40, 857358, 1380
1428, 0, 203, 414, 332, 11, 2.11%, 0, 0, 10, 701.19, 860920, 1380
1433, 0, 399, 414, 331, 10, 2.11%, 0, 0, 10, 539.81, 863857, 1380
1438, 0, 341, 414, 330, 9, 2.11%, 0, 0, 10, 106.86, 865771, 1380
1443, 0, 341, 415, 331, 9, 2.11%, 0, 0, 10, 170.20, 866699, 1380
1449, 0, 341, 415, 331, 9, 2.11%, 0, 0, 10, 169.00, 867511, 1380
1454, 0, 341, 416, 332, 9, 2.11%, 0, 0, 10, 189.03, 868538, 1380
1459, 0, 368, 416, 331, 8, 2.11%, 0, 0, 10, 585.53, 871865, 1380
1464, 0, 368, 416, 331, 8, 2.11%, 0, 0, 10, 684.34, 875477, 1380
1469, 0, 9, 416, 330, 7, 2.11%, 0, 0, 10, 63.19, 877378, 1380
1474, 0, 9, 416, 330, 7, 2.11%, 0, 0, 10, 78.28, 877761, 1380
1479, 0, 9, 417, 331, 7, 2.11%, 0, 0, 10, 109.85, 878373, 1380
1484, 0, 9, 418, 332, 7, 2.11%, 0, 0, 10, 126.20, 879003, 1380
1490, 0, 180, 418, 331, 6, 2.11%, 0, 0, 10, 445.79, 881194, 1380
1495, 0, 180, 418, 331, 6, 2.11%, 0, 0, 10, 647.64, 884807, 1380
1500, 0, 231, 418, 330, 5, 2.11%, 0, 0, 10, 684.47, 888386, 1380
1505, 0, 298, 419, 330, 5, 2.11%, 0, 0, 10, 672.89, 891903, 1380
1510, 0, 298, 419, 330, 5, 2.11%, 0, 0, 10, 687.39, 895458, 1380
1515, 0, 298, 419, 330, 5, 2.11%, 0, 0, 10, 691.01, 899038, 1380
1521, 0, 340, 419, 329, 5, 2.11%, 0, 0, 10, 107.41, 900671, 1380
1526, 0, 340, 419, 329, 5, 2.11%, 0, 0, 10, 240.53, 901998, 1380
1531, 0, 332, 419, 328, 4, 2.11%, 0, 0, 10, 533.63, 904775, 1380
1536, 0, 332, 419, 328, 4, 2.11%, 0, 0, 10, 612.20, 908005, 1380
1541, 0, 332, 419, 328, 4, 2.11%, 0, 0, 10, 679.62, 911605, 1380
1546, 0, 332, 419, 328, 4, 2.11%, 0, 0, 10, 672.17, 914960, 1380
1551, 0, 332, 419, 328, 4, 2.11%, 0, 0, 10, 647.51, 918201, 1380
1556, 0, 332, 419, 328, 4, 2.11%, 0, 0, 10, 658.03, 921613, 1380
1561, 0, 324, 419, 327, 4, 2.11%, 0, 0, 10, 648.44, 925031, 1380
1566, 0, 324, 419, 327, 4, 2.11%, 0, 0, 10, 145.38, 925794, 1380
1571, 0, 324, 419, 327, 4, 2.11%, 0, 0, 10, 178.85, 926749, 1380
1577, 0, 365, 421, 328, 2, 2.13%, 0, 0, 10, 67.60, 927736, 1396
1582, 0, 365, 423, 330, 2, 2.13%, 0, 0, 10, 93.53, 928249, 1399
1587, 0, 365, 424, 331, 2, 2.14%, 0, 0, 10, 114.58, 928851, 1400
1592, 0, 365, 424, 331, 2, 2.14%, 0, 0, 10, 106.44, 929401, 1400
1597, 0, 365, 424, 331, 2, 2.14%, 0, 0, 10, 112.37, 929967, 1400
1602, 0, 365, 425, 332, 2, 2.14%, 0, 0, 10, 100.84, 930455, 1404
1607, 0, 365, 425, 332, 2, 2.14%, 0, 0, 10, 111.62, 931073, 1404
1612, 0, 365, 427, 334, 2, 2.14%, 0, 0, 10, 103.76, 931555, 1405
1618, 0, 365, 427, 334, 2, 2.14%, 0, 0, 10, 107.02, 932107, 1405
1623, 0, 365, 428, 335, 2, 2.14%, 0, 0, 10, 100.64, 932605, 1405
1628, 0, 365, 429, 336, 2, 2.14%, 0, 0, 10, 103.43, 933157, 1405
1633, 0, 365, 429, 336, 2, 2.14%, 0, 0, 10, 111.00, 933705, 1405
1638, 0, 365, 429, 336, 2, 2.14%, 0, 0, 10, 107.26, 934253, 1405
1643, 0, 365, 429, 336, 2, 2.14%, 0, 0, 10, 111.63, 934807, 1405
1648, 0, 365, 430, 337, 2, 2.14%, 0, 0, 10, 104.52, 935350, 1405
1653, 0, 365, 431, 338, 2, 2.15%, 0, 0, 10, 108.26, 935923, 1407
1659, 0, 365, 432, 339, 2, 2.15%, 0, 0, 10, 117.92, 936503, 1407
1664, 0, 365, 432, 339, 2, 2.15%, 0, 0, 10, 114.75, 937061, 1407
1669, 0, 365, 432, 339, 2, 2.15%, 0, 0, 10, 106.11, 937573, 1407
1674, 0, 365, 432, 339, 2, 2.15%, 0, 0, 10, 107.78, 938111, 1407
1679, 0, 365, 432, 339, 2, 2.15%, 0, 0, 10, 101.66, 938620, 1407
1684, 0, 365, 432, 339, 2, 2.15%, 0, 0, 10, 104.75, 939153, 1407
1689, 0, 365, 432, 339, 2, 2.15%, 0, 0, 10, 107.08, 939705, 1407
1694, 0, 365, 433, 340, 2, 2.15%, 0, 0, 10, 103.23, 940231, 1407
1699, 0, 365, 433, 340, 2, 2.15%, 0, 0, 10, 101.78, 940747, 1407
1704, 0, 365, 433, 340, 2, 2.15%, 0, 0, 10, 113.16, 941333, 1407
1709, 0, 365, 434, 341, 2, 2.15%, 0, 0, 10, 108.46, 941869, 1407
1714, 0, 365, 434, 341, 2, 2.15%, 0, 0, 10, 102.69, 942389, 1407
1720, 0, 365, 434, 341, 2, 2.15%, 0, 0, 10, 105.83, 942933, 1407
1725, 0, 365, 434, 341, 2, 2.15%, 0, 0, 10, 110.80, 943501, 1407
1730, 0, 365, 434, 341, 2, 2.15%, 0, 0, 10, 107.25, 944041, 1407
1735, 0, 365, 434, 341, 2, 2.15%, 0, 0, 10, 666.16, 946812, 1407
1740, 0, 365, 434, 341, 2, 2.15%, 0, 0, 10, 699.71, 950489, 1407
1745, 0, 365, 434, 341, 2, 2.15%, 0, 0, 10, 708.45, 954087, 1407
1750, 0, 365, 434, 341, 2, 2.15%, 0, 0, 10, 699.46, 957667, 1407
1755, 0, 365, 434, 341, 2, 2.15%, 0, 0, 10, 693.96, 961227, 1407
1760, 0, 430, 434, 340, 7, 2.15%, 0, 0, 10, 626.08, 964308, 1407
1766, 0, 430, 434, 340, 7, 2.15%, 0, 0, 10, 660.97, 967698, 1407
1771, 0, 430, 434, 340, 7, 2.15%, 0, 0, 10, 688.93, 971293, 1407
1776, 0, 430, 434, 340, 7, 2.15%, 0, 0, 10, 694.98, 974878, 1407
1781, 0, 295, 434, 339, 6, 2.15%, 0, 0, 10, 681.28, 978379, 1407
1786, 0, 295, 434, 339, 6, 2.15%, 0, 0, 10, 696.36, 981835, 1407
1791, 0, 430, 434, 338, 6, 2.15%, 0, 0, 10, 690.28, 985370, 1407
1796, 0, 430, 435, 339, 6, 2.16%, 0, 0, 10, 563.44, 987971, 1414
1801, 0, 430, 435, 339, 6, 2.16%, 0, 0, 10, 639.64, 991312, 1414
1806, 0, 430, 435, 339, 6, 2.16%, 0, 0, 10, 685.79, 992238, 1414
1812, 0, 430, 435, 339, 6, 2.16%, 0, 0, 10, 681.92, 995771, 1414
1817, 0, 430, 436, 340, 6, 2.16%, 0, 0, 10, 705.16, 999379, 1414
1822, 0, 220, 436, 340, 7, 2.16%, 0, 0, 10, 688.85, 1002870, 1414
1827, 0, 220, 436, 340, 7, 2.16%, 0, 0, 10, 695.92, 1006449, 1414
1832, 0, 220, 436, 340, 7, 2.16%, 0, 0, 10, 697.69, 1010070, 1414
1837, 0, 430, 437, 340, 7, 2.16%, 0, 0, 10, 570.34, 1012853, 1416
1842, 0, 430, 439, 342, 7, 2.17%, 0, 0, 10, 491.62, 1015130, 1419
1847, 0, 430, 439, 342, 7, 2.17%, 0, 0, 10, 505.01, 1017712, 1419
1852, 0, 430, 440, 343, 7, 2.17%, 0, 0, 10, 492.83, 1020205, 1419
1857, 0, 430, 440, 343, 7, 2.17%, 0, 0, 10, 588.46, 1023131, 1419
1863, 0, 430, 440, 343, 7, 2.17%, 0, 0, 10, 690.25, 1026834, 1419
1868, 0, 430, 440, 343, 7, 2.17%, 0, 0, 10, 692.11, 1030370, 1419
1873, 0, 430, 440, 343, 7, 2.17%, 0, 0, 10, 707.80, 1033977, 1419
1878, 0, 430, 440, 343, 7, 2.17%, 0, 0, 10, 711.31, 1037650, 1419
1883, 0, 430, 440, 343, 7, 2.17%, 0, 0, 10, 712.89, 1041323, 1419
1888, 0, 437, 440, 343, 8, 2.17%, 0, 0, 10, 716.42, 1043600, 1419
1893, 0, 437, 440, 343, 8, 2.17%, 0, 0, 10, 664.29, 1045352, 1419
1898, 0, 430, 440, 342, 7, 2.17%, 0, 0, 10, 621.13, 1048395, 1419
1903, 0, 430, 440, 342, 7, 2.17%, 0, 0, 10, 685.20, 1051951, 1419
1909, 0, 430, 440, 342, 7, 2.17%, 0, 0, 10, 702.47, 1055582, 1419
1914, 0, 430, 440, 342, 7, 2.17%, 0, 0, 10, 692.72, 1059145, 1419
1919, 0, 418, 440, 342, 7, 2.17%, 0, 0, 10, 675.83, 1062636, 1419
1924, 0, 418, 440, 342, 7, 2.17%, 0, 0, 10, 692.15, 1066241, 1419
1929, 0, 237, 440, 341, 6, 2.17%, 0, 0, 10, 680.99, 1069799, 1419
1934, 0, 237, 440, 341, 6, 2.17%, 0, 0, 10, 660.86, 1073084, 1419
1939, 0, 237, 440, 341, 6, 2.17%, 0, 0, 10, 678.25, 1076576, 1419
1945, 0, 237, 440, 341, 6, 2.17%, 0, 0, 10, 696.88, 1080159, 1419
1950, 0, 237, 440, 341, 6, 2.17%, 0, 0, 10, 696.73, 1083702, 1419
1955, 0, 237, 440, 341, 6, 2.17%, 0, 0, 10, 682.52, 1087214, 1419
1960, 0, 438, 441, 342, 6, 2.17%, 0, 0, 10, 601.39, 1090411, 1419
1965, 0, 438, 442, 343, 6, 2.17%, 0, 0, 10, 483.94, 1092666, 1419
1970, 0, 438, 442, 343, 6, 2.17%, 0, 0, 10, 567.84, 1095440, 1419
1975, 0, 438, 442, 343, 6, 2.17%, 0, 0, 10, 688.97, 1099046, 1419
1980, 0, 438, 442, 343, 6, 2.17%, 0, 0, 10, 713.37, 1102695, 1419
1985, 0, 438, 442, 343, 6, 2.17%, 0, 0, 10, 715.71, 1106387, 1419
1990, 0, 440, 442, 341, 5, 2.17%, 0, 0, 10, 686.32, 1109419, 1419
1996, 0, 440, 447, 346, 5, 2.17%, 0, 0, 10, 395.62, 1111723, 1420
2001, 0, 440, 448, 347, 5, 2.17%, 0, 0, 10, 424.33, 1114003, 1420
2006, 0, 440, 448, 347, 5, 2.17%, 0, 0, 10, 449.60, 1116277, 1420
2011, 0, 440, 448, 347, 5, 2.17%, 0, 0, 10, 490.40, 1118842, 1420
2016, 0, 440, 448, 347, 5, 2.17%, 0, 0, 10, 653.27, 1122343, 1420
2021, 0, 440, 448, 347, 5, 2.17%, 0, 0, 10, 692.19, 1125919, 1420
2026, 0, 440, 448, 347, 5, 2.17%, 0, 0, 10, 701.49, 1129483, 1420
2031, 0, 440, 448, 347, 5, 2.17%, 0, 0, 10, 705.45, 1133063, 1420
2036, 0, 440, 448, 347, 5, 2.17%, 0, 0, 10, 710.29, 1136681, 1420
2041, 0, 434, 448, 346, 7, 2.17%, 0, 0, 10, 334.85, 1138225, 1420
2047, 0, 446, 448, 345, 6, 2.17%, 0, 0, 10, 578.73, 1141207, 1420
2052, 0, 446, 451, 348, 6, 2.17%, 0, 0, 10, 599.81, 1144286, 1422
2057, 0, 446, 452, 349, 6, 2.17%, 0, 0, 10, 585.14, 1147220, 1422
2062, 0, 446, 453, 350, 6, 2.17%, 0, 0, 10, 542.16, 1149975, 1424
2067, 0, 446, 453, 350, 6, 2.17%, 0, 0, 10, 652.69, 1153363, 1424
2072, 0, 446, 453, 350, 6, 2.17%, 0, 0, 10, 698.28, 1157007, 1424
2077, 0, 446, 453, 350, 6, 2.17%, 0, 0, 10, 706.24, 1160629, 1424
2082, 0, 446, 453, 350, 6, 2.17%, 0, 0, 10, 707.84, 1164219, 1424
2087, 0, 446, 453, 350, 6, 2.17%, 0, 0, 10, 710.93, 1167827, 1424
2093, 0, 452, 453, 349, 8, 2.17%, 0, 0, 10, 674.08, 1171315, 1424
2098, 0, 452, 456, 352, 8, 2.18%, 0, 0, 10, 597.37, 1174305, 1426
2103, 0, 452, 456, 352, 8, 2.18%, 0, 0, 10, 589.49, 1177253, 1426
2108, 0, 452, 456, 352, 8, 2.18%, 0, 0, 10, 622.88, 1180389, 1426
2113, 0, 452, 456, 352, 8, 2.18%, 0, 0, 10, 677.35, 1183974, 1426
2118, 0, 452, 456, 352, 8, 2.18%, 0, 0, 10, 687.92, 1187549, 1426
2123, 0, 452, 456, 352, 8, 2.18%, 0, 0, 10, 690.01, 1191113, 1426
2129, 0, 452, 456, 352, 8, 2.18%, 0, 0, 10, 682.81, 1194663, 1426
2134, 0, 452, 456, 352, 8, 2.18%, 0, 0, 10, 694.33, 1198271, 1426
2139, 0, 455, 456, 351, 8, 2.18%, 0, 0, 10, 673.80, 1201703, 1426
2144, 0, 455, 456, 351, 8, 2.18%, 0, 0, 10, 679.41, 1205089, 1426
2149, 0, 455, 457, 352, 8, 2.18%, 0, 0, 11, 690.29, 1208662, 1426
2154, 0, 455, 457, 352, 8, 2.18%, 0, 0, 11, 692.93, 1212238, 1426
2159, 0, 449, 457, 351, 7, 2.18%, 0, 0, 11, 641.37, 1215569, 1426
2164, 0, 449, 457, 351, 7, 2.18%, 0, 0, 11, 680.15, 1219110, 1426
2170, 0, 449, 457, 351, 7, 2.18%, 0, 0, 11, 693.28, 1222701, 1426
2175, 0, 454, 457, 350, 6, 2.18%, 0, 0, 11, 692.98, 1226285, 1426
2180, 0, 454, 457, 350, 6, 2.18%, 0, 0, 11, 669.32, 1229590, 1426
2185, 0, 454, 457, 350, 6, 2.18%, 0, 0, 11, 685.16, 1233170, 1426
2190, 0, 454, 457, 350, 6, 2.18%, 0, 0, 11, 695.49, 1236765, 1426
2195, 0, 228, 457, 349, 5, 2.18%, 0, 0, 11, 676.45, 1240250, 1426
2200, 0, 228, 457, 349, 5, 2.18%, 0, 0, 11, 681.00, 1243652, 1426
2206, 0, 228, 457, 349, 5, 2.18%, 0, 0, 11, 694.54, 1247259, 1426
2211, 0, 228, 457, 349, 5, 2.18%, 0, 0, 11, 694.61, 1250849, 1426
2216, 0, 228, 457, 349, 5, 2.18%, 0, 0, 11, 697.58, 1254444, 1426
2221, 0, 228, 457, 349, 5, 2.18%, 0, 0, 11, 690.65, 1258020, 1426
2226, 0, 442, 459, 351, 5, 2.18%, 0, 0, 11, 559.70, 1260903, 1426
2231, 0, 442, 459, 351, 5, 2.18%, 0, 0, 11, 480.73, 1263228, 1426
2236, 0, 442, 459, 351, 5, 2.18%, 0, 0, 11, 441.04, 1265400, 1426
2241, 0, 442, 459, 351, 5, 2.18%, 0, 0, 11, 575.45, 1268255, 1426
2247, 0, 442, 459, 351, 5, 2.18%, 0, 0, 11, 680.55, 1271862, 1426
2252, 0, 442, 459, 351, 5, 2.18%, 0, 0, 11, 690.02, 1275434, 1426
2257, 0, 442, 459, 351, 5, 2.18%, 0, 0, 11, 691.40, 1278945, 1426
2262, 0, 442, 459, 351, 5, 2.18%, 0, 0, 11, 663.59, 1282199, 1426
2267, 0, 442, 459, 351, 5, 2.18%, 0, 0, 11, 690.70, 1285801, 1426
2272, 0, 110, 459, 350, 4, 2.18%, 0, 0, 11, 680.63, 1289288, 1426
2277, 0, 110, 460, 351, 4, 2.18%, 0, 0, 11, 655.85, 1292660, 1426
2282, 0, 110, 460, 351, 4, 2.18%, 0, 0, 11, 696.02, 1296293, 1426
2287, 0, 110, 460, 351, 4, 2.18%, 0, 0, 11, 705.41, 1299838, 1426
2292, 0, 110, 461, 352, 4, 2.18%, 0, 0, 11, 116.44, 1302510, 1426
2298, 0, 430, 461, 352, 4, 2.18%, 0, 0, 11, 672.65, 1305784, 1426
2303, 0, 430, 461, 352, 4, 2.18%, 0, 0, 11, 677.87, 1309177, 1426
2308, 0, 430, 461, 352, 4, 2.18%, 0, 0, 11, 697.49, 1312749, 1426
2313, 0, 430, 461, 352, 4, 2.18%, 0, 0, 11, 699.98, 1316269, 1426
2318, 0, 110, 461, 352, 4, 2.18%, 0, 0, 11, 699.09, 1319859, 1426
2323, 0, 110, 461, 352, 4, 2.18%, 0, 0, 11, 682.86, 1323395, 1426
2328, 0, 110, 461, 352, 4, 2.18%, 0, 0, 11, 684.69, 1326898, 1426
2334, 0, 110, 461, 352, 4, 2.18%, 0, 0, 11, 690.42, 1330459, 1426
2339, 0, 400, 461, 352, 4, 2.18%, 0, 0, 11, 702.98, 1334119, 1426
2344, 0, 400, 461, 352, 4, 2.18%, 0, 0, 11, 692.24, 1337665, 1426
2349, 0, 400, 462, 353, 4, 2.18%, 0, 0, 11, 669.78, 1341001, 1426
2354, 0, 400, 463, 354, 4, 2.18%, 0, 0, 11, 668.51, 1344389, 1426
2359, 0, 400, 464, 355, 4, 2.18%, 0, 0, 11, 661.98, 1347764, 1426
2364, 0, 400, 464, 355, 4, 2.18%, 0, 0, 11, 668.07, 1351115, 1426
2369, 0, 400, 464, 355, 4, 2.18%, 0, 0, 11, 697.62, 1354716, 1426
2374, 0, 400, 464, 355, 4, 2.18%, 0, 0, 11, 707.30, 1358299, 1426
2379, 0, 400, 464, 355, 4, 2.18%, 0, 0, 11, 708.07, 1361939, 1426
2385, 0, 400, 464, 355, 4, 2.18%, 0, 0, 11, 703.46, 1365552, 1426
2390, 0, 400, 464, 355, 4, 2.18%, 0, 0, 11, 694.62, 1369113, 1426
2395, 0, 400, 464, 355, 4, 2.18%, 0, 0, 11, 694.54, 1372670, 1426
2400, 0, 400, 464, 355, 4, 2.18%, 0, 0, 11, 709.66, 1376336, 1426
2405, 0, 400, 464, 355, 4, 2.18%, 0, 0, 11, 706.40, 1379916, 1426
2410, 0, 400, 464, 355, 4, 2.18%, 0, 0, 11, 697.37, 1383457, 1426
2415, 0, 400, 464, 355, 4, 2.18%, 0, 0, 11, 695.27, 1387026, 1426
2420, 0, 400, 464, 355, 4, 2.18%, 0, 0, 11, 693.47, 1390596, 1426
2425, 0, 262, 464, 355, 6, 2.18%, 0, 0, 11, 677.86, 1394065, 1426
2430, 0, 461, 464, 354, 6, 2.18%, 0, 0, 11, 699.74, 1397603, 1426
2436, 0, 461, 466, 356, 6, 2.18%, 0, 0, 11, 686.55, 1401039, 1426
2441, 0, 461, 466, 356, 6, 2.18%, 0, 0, 11, 690.60, 1404607, 1426
2446, 0, 461, 466, 356, 6, 2.18%, 0, 0, 11, 692.89, 1408207, 1426
2451, 0, 370, 466, 355, 5, 2.18%, 0, 0, 11, 668.70, 1411704, 1426
2456, 0, 370, 466, 355, 5, 2.18%, 0, 0, 11, 675.55, 1415184, 1426
2461, 0, 370, 466, 355, 5, 2.18%, 0, 0, 11, 688.45, 1418734, 1426
2466, 0, 110, 466, 355, 5, 2.18%, 0, 0, 11, 700.02, 1422350, 1426
2472, 0, 110, 466, 355, 5, 2.18%, 0, 0, 11, 693.07, 1425940, 1426
2477, 0, 110, 466, 355, 5, 2.18%, 0, 0, 11, 680.87, 1429447, 1426
2482, 0, 110, 466, 355, 5, 2.18%, 0, 0, 11, 686.20, 1432993, 1426
2487, 0, 296, 467, 356, 5, 2.18%, 0, 0, 11, 667.44, 1436461, 1426
2492, 0, 296, 467, 356, 5, 2.18%, 0, 0, 11, 690.13, 1440045, 1426
2497, 0, 296, 467, 356, 5, 2.18%, 0, 0, 11, 694.63, 1443647, 1426
2503, 0, 430, 467, 355, 5, 2.18%, 0, 0, 11, 621.75, 1446837, 1426
2508, 0, 430, 467, 355, 5, 2.18%, 0, 0, 11, 682.37, 1450398, 1426
2513, 0, 430, 467, 355, 5, 2.18%, 0, 0, 11, 694.78, 1453970, 1426
2518, 0, 430, 467, 355, 5, 2.18%, 0, 0, 11, 684.87, 1457516, 1426
2523, 0, 7, 467, 355, 5, 2.18%, 0, 0, 11, 641.40, 1460855, 1426
2528, 0, 7, 468, 356, 5, 2.18%, 0, 0, 11, 609.19, 1463865, 1426
2533, 0, 7, 469, 357, 5, 2.18%, 0, 0, 11, 605.73, 1466957, 1426
2538, 0, 7, 469, 357, 5, 2.18%, 0, 0, 11, 672.15, 1470431, 1426
2544, 0, 7, 469, 357, 5, 2.18%, 0, 0, 11, 695.67, 1474006, 1426
2549, 0, 7, 469, 357, 5, 2.18%, 0, 0, 11, 667.42, 1477460, 1426
2554, 0, 7, 469, 357, 5, 2.18%, 0, 0, 11, 678.54, 1480907, 1426
2559, 0, 7, 469, 357, 5, 2.18%, 0, 0, 11, 658.55, 1484294, 1426
2564, 0, 7, 469, 357, 5, 2.18%, 0, 0, 11, 678.10, 1487780, 1426
2569, 0, 370, 469, 357, 6, 2.18%, 0, 0, 11, 626.03, 1490947, 1426
2574, 0, 370, 469, 357, 6, 2.18%, 0, 0, 11, 685.31, 1494546, 1426
2579, 0, 370, 469, 357, 6, 2.18%, 0, 0, 11, 701.28, 1498176, 1426
2585, 0, 463, 469, 357, 6, 2.18%, 0, 0, 11, 699.34, 1501725, 1426
2590, 0, 463, 469, 357, 6, 2.18%, 0, 0, 11, 684.75, 1505259, 1426
2595, 0, 267, 469, 356, 5, 2.18%, 0, 0, 11, 703.08, 1508801, 1426
2600, 0, 267, 469, 356, 5, 2.18%, 0, 0, 11, 711.44, 1512469, 1426
2605, 0, 267, 469, 356, 5, 2.18%, 0, 0, 11, 709.58, 1516095, 1426
2610, 0, 267, 469, 356, 5, 2.18%, 0, 0, 11, 706.78, 1519686, 1426
2615, 0, 267, 469, 356, 5, 2.18%, 0, 0, 11, 702.54, 1523214, 1426
2620, 0, 267, 469, 356, 5, 2.18%, 0, 0, 11, 700.25, 1526802, 1426
2625, 0, 267, 469, 356, 5, 2.18%, 0, 0, 11, 698.52, 1530420, 1426
2631, 0, 430, 469, 356, 5, 2.18%, 0, 0, 11, 699.48, 1534015, 1426
2636, 0, 430, 469, 356, 5, 2.18%, 0, 0, 11, 641.49, 1536966, 1426
2641, 0, 430, 469, 356, 5, 2.18%, 0, 0, 11, 688.05, 1540567, 1426
2646, 0, 430, 469, 356, 5, 2.18%, 0, 0, 11, 697.80, 1544154, 1426
2651, 0, 430, 469, 356, 5, 2.18%, 0, 0, 11, 688.47, 1547700, 1426
2656, 0, 430, 469, 356, 5, 2.18%, 0, 0, 11, 600.81, 1550567, 1426
2661, 0, 430, 469, 356, 5, 2.18%, 0, 0, 11, 678.36, 1554148, 1426
2666, 0, 430, 469, 356, 5, 2.18%, 0, 0, 11, 694.63, 1557733, 1426
2671, 0, 430, 469, 356, 5, 2.18%, 0, 0, 11, 700.02, 1561318, 1426
2677, 0, 430, 469, 356, 5, 2.18%, 0, 0, 11, 591.96, 1564367, 1426
2682, 0, 430, 469, 356, 5, 2.18%, 0, 0, 11, 675.92, 1567946, 1426
2687, 0, 430, 469, 356, 5, 2.18%, 0, 0, 11, 695.90, 1571520, 1426
2692, 0, 430, 469, 356, 5, 2.18%, 0, 0, 11, 691.92, 1575014, 1426
2697, 0, 461, 469, 356, 5, 2.18%, 0, 0, 11, 708.84, 1578638, 1426
2702, 0, 461, 469, 356, 5, 2.18%, 0, 0, 11, 686.75, 1582099, 1426
2707, 0, 461, 470, 357, 5, 2.18%, 0, 0, 11, 681.32, 1585526, 1426
2712, 0, 461, 470, 357, 5, 2.18%, 0, 0, 11, 695.33, 1589106, 1426
2717, 0, 461, 470, 357, 5, 2.18%, 0, 0, 11, 694.43, 1592720, 1426
2723, 0, 461, 470, 357, 5, 2.18%, 0, 0, 11, 671.34, 1596180, 1426
2728, 0, 461, 470, 357, 5, 2.18%, 0, 0, 11, 697.30, 1599765, 1426
2733, 0, 461, 470, 357, 5, 2.18%, 0, 0, 11, 702.63, 1603323, 1426
2738, 0, 461, 470, 357, 5, 2.18%, 0, 0, 11, 700.89, 1606847, 1426
2743, 0, 461, 470, 357, 5, 2.18%, 0, 0, 11, 698.60, 1610420, 1426
2748, 0, 461, 470, 357, 5, 2.18%, 0, 0, 11, 684.47, 1613976, 1426
2753, 0, 461, 470, 357, 5, 2.18%, 0, 0, 11, 699.16, 1617548, 1426
2758, 0, 461, 472, 359, 5, 2.18%, 0, 0, 11, 705.21, 1621189, 1426
2764, 0, 461, 472, 359, 5, 2.18%, 0, 0, 11, 706.56, 1624801, 1426
2769, 0, 469, 472, 359, 6, 2.18%, 0, 0, 11, 698.31, 1628357, 1426
2774, 0, 469, 472, 359, 6, 2.18%, 0, 0, 11, 698.95, 1631940, 1426
2779, 0, 469, 472, 359, 6, 2.18%, 0, 0, 11, 699.80, 1635586, 1426
2784, 0, 297, 472, 357, 5, 2.18%, 0, 0, 11, 667.86, 1639066, 1426
2789, 0, 297, 472, 357, 5, 2.18%, 0, 0, 11, 690.98, 1642620, 1426
2794, 0, 430, 472, 356, 5, 2.18%, 0, 0, 11, 699.93, 1646216, 1426
2800, 0, 430, 472, 356, 5, 2.18%, 0, 0, 11, 645.09, 1649353, 1426
2805, 0, 430, 472, 356, 5, 2.18%, 0, 0, 11, 703.93, 1652978, 1426
2810, 0, 430, 472, 356, 5, 2.18%, 0, 0, 11, 718.64, 1656665, 1426
2815, 0, 430, 472, 356, 5, 2.18%, 0, 0, 11, 701.39, 1660265, 1426
2820, 0, 430, 472, 356, 5, 2.18%, 0, 0, 11, 639.08, 1663397, 1426
2825, 0, 430, 472, 356, 5, 2.18%, 0, 0, 11, 698.45, 1666997, 1426
2830, 0, 430, 472, 356, 5, 2.18%, 0, 0, 11, 711.85, 1670626, 1426
2835, 0, 430, 472, 356, 5, 2.18%, 0, 0, 11, 701.25, 1674159, 1426
2840, 0, 430, 472, 356, 5, 2.18%, 0, 0, 11, 611.61, 1677285, 1426
2845, 0, 430, 472, 356, 5, 2.18%, 0, 0, 11, 681.92, 1680892, 1426
2850, 0, 430, 472, 356, 5, 2.18%, 0, 0, 11, 686.39, 1684358, 1426
2856, 0, 430, 472, 356, 5, 2.18%, 0, 0, 11, 672.16, 1687787, 1426
2861, 0, 430, 472, 356, 5, 2.18%, 0, 0, 11, 604.52, 1690954, 1426
2866, 0, 430, 472, 356, 5, 2.18%, 0, 0, 11, 664.69, 1694313, 1426
2871, 0, 430, 472, 356, 5, 2.18%, 0, 0, 11, 691.76, 1697846, 1426
2876, 0, 430, 472, 356, 5, 2.18%, 0, 0, 11, 700.93, 1701493, 1426
2881, 0, 430, 472, 356, 5, 2.18%, 0, 0, 11, 674.32, 1704969, 1426
2886, 0, 430, 472, 356, 5, 2.18%, 0, 0, 11, 670.75, 1708284, 1426
2891, 0, 430, 472, 356, 5, 2.18%, 0, 0, 11, 692.19, 1711878, 1426
2897, 0, 430, 472, 356, 5, 2.18%, 0, 0, 11, 703.22, 1715426, 1426
2902, 0, 430, 472, 356, 5, 2.18%, 0, 0, 11, 704.98, 1719000, 1426
2907, 0, 430, 472, 356, 5, 2.18%, 0, 0, 11, 668.07, 1722188, 1426
2912, 0, 430, 472, 356, 5, 2.18%, 0, 0, 11, 700.92, 1725799, 1426
2917, 0, 430, 472, 356, 5, 2.18%, 0, 0, 11, 687.26, 1729328, 1426
2922, 0, 447, 472, 356, 5, 2.18%, 0, 0, 11, 679.45, 1732819, 1426
2927, 0, 447, 474, 358, 5, 2.18%, 0, 0, 11, 558.10, 1735570, 1426
2932, 0, 447, 474, 358, 5, 2.18%, 0, 0, 11, 515.20, 1738181, 1426
2937, 0, 447, 475, 359, 5, 2.18%, 0, 0, 11, 518.89, 1740749, 1426
2943, 0, 447, 475, 359, 5, 2.18%, 0, 0, 11, 538.88, 1743459, 1426
2948, 0, 447, 475, 359, 5, 2.18%, 0, 0, 11, 481.95, 1745937, 1426
2953, 0, 447, 476, 360, 5, 2.18%, 0, 0, 11, 543.11, 1748621, 1426
2958, 0, 447, 476, 360, 5, 2.18%, 0, 0, 11, 670.29, 1752225, 1426
2963, 0, 447, 476, 360, 5, 2.18%, 0, 0, 11, 705.69, 1755941, 1426
2968, 0, 447, 476, 360, 5, 2.18%, 0, 0, 11, 702.31, 1759581, 1426
2973, 0, 447, 476, 360, 5, 2.18%, 0, 0, 11, 710.78, 1763145, 1426
2979, 0, 447, 476, 360, 5, 2.18%, 0, 0, 11, 702.48, 1766767, 1426
2984, 0, 447, 476, 360, 5, 2.18%, 0, 0, 11, 693.18, 1770254, 1426
2989, 0, 447, 476, 360, 5, 2.18%, 0, 0, 11, 695.06, 1773817, 1426
2994, 0, 475, 477, 360, 8, 2.18%, 0, 0, 11, 669.01, 1777315, 1426
2999, 0, 475, 479, 362, 8, 2.18%, 0, 0, 11, 527.53, 1779825, 1426
3004, 0, 475, 479, 362, 8, 2.18%, 0, 0, 11, 438.58, 1781971, 1426
3009, 0, 475, 479, 362, 8, 2.18%, 0, 0, 11, 453.32, 1784380, 1426
3015, 0, 475, 479, 362, 8, 2.18%, 0, 0, 11, 483.57, 1786873, 1426
3020, 0, 475, 479, 362, 8, 2.18%, 0, 0, 11, 493.47, 1789384, 1426
3025, 0, 475, 479, 362, 8, 2.18%, 0, 0, 11, 542.20, 1791999, 1426
3030, 0, 475, 479, 362, 8, 2.18%, 0, 0, 11, 668.06, 1795585, 1426
3035, 0, 475, 479, 362, 8, 2.18%, 0, 0, 11, 698.93, 1799173, 1426
3040, 0, 475, 479, 362, 8, 2.18%, 0, 0, 11, 704.46, 1802759, 1426
3045, 0, 475, 479, 362, 8, 2.18%, 0, 0, 11, 117.65, 1806095, 1426
3050, 0, 475, 479, 362, 8, 2.18%, 0, 0, 11, 158.93, 1806955, 1426
3055, 0, 475, 479, 362, 8, 2.18%, 0, 0, 11, 571.40, 1810206, 1426
3061, 0, 475, 479, 362, 8, 2.18%, 0, 0, 11, 676.26, 1813815, 1426
3066, 0, 475, 479, 362, 8, 2.18%, 0, 0, 11, 699.70, 1817411, 1426
3071, 0, 478, 486, 368, 7, 2.18%, 0, 0, 11, 644.04, 1820766, 1426
3076, 0, 478, 491, 373, 7, 2.18%, 0, 0, 11, 515.42, 1823192, 1427
3081, 0, 478, 491, 373, 7, 2.18%, 0, 0, 11, 467.33, 1825504, 1427
3086, 0, 478, 491, 373, 7, 2.18%, 0, 0, 11, 461.25, 1827799, 1427
3091, 0, 478, 492, 374, 7, 2.18%, 0, 0, 11, 494.05, 1830273, 1427
3096, 0, 478, 492, 374, 7, 2.18%, 0, 0, 11, 456.42, 1832577, 1427
3101, 0, 478, 492, 374, 7, 2.18%, 0, 0, 11, 553.91, 1835334, 1427
3106, 0, 478, 492, 374, 7, 2.18%, 0, 0, 11, 678.67, 1838941, 1427
3112, 0, 478, 492, 374, 7, 2.18%, 0, 0, 11, 712.38, 1842580, 1427
3117, 0, 478, 492, 374, 7, 2.18%, 0, 0, 11, 708.83, 1846164, 1427
3122, 0, 478, 492, 374, 7, 2.18%, 0, 0, 11, 718.40, 1849840, 1427
3127, 0, 478, 492, 374, 7, 2.18%, 0, 0, 11, 712.42, 1853448, 1427
3132, 0, 478, 492, 374, 7, 2.18%, 0, 0, 11, 706.15, 1857060, 1427
3137, 0, 478, 492, 374, 7, 2.18%, 0, 0, 11, 705.46, 1860658, 1427
3142, 0, 489, 492, 373, 9, 2.18%, 0, 0, 11, 665.70, 1864012, 1427
3147, 0, 489, 492, 373, 9, 2.18%, 0, 0, 11, 627.75, 1866918, 1427
3152, 0, 489, 492, 373, 9, 2.18%, 0, 0, 11, 685.62, 1870427, 1427
3157, 0, 489, 492, 373, 9, 2.18%, 0, 0, 11, 708.91, 1874042, 1427
3162, 0, 489, 492, 373, 9, 2.18%, 0, 0, 11, 711.80, 1877640, 1427
3167, 0, 489, 492, 372, 8, 2.18%, 0, 0, 11, 688.29, 1881093, 1427
3173, 0, 489, 492, 372, 8, 2.18%, 0, 0, 11, 564.55, 1884050, 1427
3178, 0, 489, 492, 372, 8, 2.18%, 0, 0, 11, 631.51, 1887124, 1427
3183, 0, 489, 492, 372, 8, 2.18%, 0, 0, 11, 533.40, 1889314, 1427
3188, 0, 489, 492, 372, 8, 2.18%, 0, 0, 11, 91.15, 1892489, 1427
3193, 0, 489, 492, 372, 8, 2.18%, 0, 0, 11, 696.73, 1895410, 1427
3198, 0, 489, 492, 372, 8, 2.18%, 0, 0, 11, 710.46, 1898388, 1427
3203, 0, 489, 492, 372, 8, 2.18%, 0, 0, 11, 713.21, 1902061, 1427
3208, 0, 489, 492, 372, 8, 2.18%, 0, 0, 11, 627.05, 1905324, 1427
3213, 0, 489, 492, 372, 8, 2.18%, 0, 0, 11, 635.81, 1908342, 1427
3218, 0, 489, 492, 372, 8, 2.18%, 0, 0, 11, 687.85, 1911940, 1427
3223, 0, 489, 492, 372, 8, 2.18%, 0, 0, 11, 705.30, 1915472, 1427
3229, 0, 489, 492, 372, 8, 2.18%, 0, 0, 11, 711.67, 1919103, 1427
3234, 0, 489, 492, 372, 8, 2.18%, 0, 0, 11, 711.51, 1922762, 1427
3239, 0, 271, 492, 371, 7, 2.18%, 0, 0, 11, 715.21, 1926410, 1427
3244, 0, 271, 492, 371, 7, 2.18%, 0, 0, 11, 696.12, 1930001, 1427
3249, 0, 488, 492, 370, 7, 2.18%, 0, 0, 11, 575.18, 1932915, 1427
3254, 0, 488, 492, 370, 7, 2.18%, 0, 0, 11, 83.46, 1935762, 1427
3259, 0, 488, 492, 370, 7, 2.18%, 0, 0, 11, 700.32, 1938680, 1427
3264, 0, 488, 492, 370, 7, 2.18%, 0, 0, 11, 699.76, 1942194, 1427
3269, 0, 488, 492, 370, 7, 2.18%, 0, 0, 11, 702.87, 1945774, 1427
3275, 0, 488, 492, 370, 7, 2.18%, 0, 0, 11, 678.63, 1949344, 1427
3280, 0, 468, 492, 369, 6, 2.18%, 0, 0, 11, 601.41, 1951632, 1427
3285, 0, 489, 492, 368, 5, 2.18%, 0, 0, 11, 672.78, 1955144, 1427
3290, 0, 489, 492, 368, 5, 2.18%, 0, 0, 11, 525.52, 1957905, 1427
3295, 0, 489, 492, 368, 5, 2.18%, 0, 0, 11, 661.98, 1961459, 1427
3300, 0, 489, 492, 368, 5, 2.18%, 0, 0, 11, 698.37, 1965070, 1427
3305, 0, 489, 492, 368, 5, 2.18%, 0, 0, 11, 703.75, 1968658, 1427
3310, 0, 489, 492, 368, 5, 2.18%, 0, 0, 11, 693.71, 1972253, 1427
3316, 0, 489, 492, 368, 5, 2.18%, 0, 0, 11, 697.87, 1975830, 1427
3321, 0, 442, 492, 368, 5, 2.18%, 0, 0, 11, 566.43, 1978876, 1427
3326, 0, 442, 492, 368, 5, 2.18%, 0, 0, 11, 627.55, 1981895, 1427
3331, 0, 442, 492, 368, 5, 2.18%, 0, 0, 11, 686.25, 1985504, 1427
3336, 0, 442, 492, 368, 5, 2.18%, 0, 0, 11, 699.53, 1989089, 1427
3341, 0, 442, 492, 368, 5, 2.18%, 0, 0, 11, 690.99, 1992635, 1427
3346, 0, 442, 492, 368, 5, 2.18%, 0, 0, 11, 704.78, 1996271, 1427
3351, 0, 25, 492, 368, 5, 2.18%, 0, 0, 11, 715.09, 1999919, 1427
3357, 0, 491, 494, 369, 5, 2.18%, 0, 0, 12, 669.12, 2003280, 1427
3362, 0, 491, 494, 369, 5, 2.18%, 0, 0, 12, 596.48, 2006239, 1427
3367, 0, 491, 494, 369, 5, 2.18%, 0, 0, 12, 684.31, 2009825, 1427
3372, 0, 491, 494, 369, 5, 2.18%, 0, 0, 12, 692.88, 2013394, 1427
3377, 0, 491, 494, 369, 5, 2.18%, 0, 0, 12, 679.93, 2016937, 1427
3382, 0, 356, 494, 368, 4, 2.18%, 0, 0, 12, 682.56, 2020470, 1427
3387, 0, 356, 494, 368, 4, 2.18%, 0, 0, 12, 680.80, 2023872, 1427
3392, 0, 356, 494, 368, 4, 2.18%, 0, 0, 12, 653.33, 2027109, 1427
3397, 0, 356, 494, 368, 4, 2.18%, 0, 0, 12, 696.05, 2030680, 1427
3403, 0, 356, 494, 368, 4, 2.18%, 0, 0, 12, 648.35, 2033996, 1427
3408, 0, 356, 495, 369, 4, 2.18%, 0, 0, 12, 639.25, 2037180, 1427
3413, 0, 356, 495, 369, 4, 2.18%, 0, 0, 12, 628.97, 2040378, 1427
3418, 0, 356, 495, 369, 4, 2.18%, 0, 0, 12, 630.58, 2043582, 1427
3423, 0, 356, 495, 369, 4, 2.18%, 0, 0, 12, 679.56, 2047079, 1427
3428, 0, 356, 495, 369, 4, 2.18%, 0, 0, 12, 654.82, 2050493, 1427
3433, 0, 356, 495, 369, 4, 2.18%, 0, 0, 12, 648.25, 2053860, 1427
3438, 0, 356, 495, 369, 4, 2.18%, 0, 0, 12, 645.24, 2057220, 1427
3444, 0, 356, 495, 369, 4, 2.18%, 0, 0, 12, 621.74, 2060370, 1427
3449, 0, 491, 495, 369, 4, 2.18%, 0, 0, 12, 613.70, 2063513, 1427
3454, 0, 491, 495, 369, 4, 2.18%, 0, 0, 12, 685.99, 2067130, 1427
3459, 0, 491, 495, 369, 4, 2.18%, 0, 0, 12, 703.07, 2070780, 1427
3464, 0, 491, 495, 369, 4, 2.18%, 0, 0, 12, 703.46, 2074341, 1427
3469, 0, 489, 495, 369, 4, 2.18%, 0, 0, 12, 637.56, 2077678, 1427
3474, 0, 489, 495, 369, 4, 2.18%, 0, 0, 12, 657.74, 2080835, 1427
3479, 0, 489, 495, 369, 4, 2.18%, 0, 0, 12, 450.65, 2083110, 1427
3484, 0, 489, 495, 369, 4, 2.18%, 0, 0, 12, 641.93, 2086506, 1427
3489, 0, 489, 495, 369, 4, 2.18%, 0, 0, 12, 700.13, 2090087, 1427
3494, 0, 489, 495, 369, 4, 2.18%, 0, 0, 12, 707.71, 2093691, 1427
3500, 0, 489, 495, 369, 4, 2.18%, 0, 0, 12, 720.42, 2096387, 1427
3505, 0, 489, 495, 369, 4, 2.18%, 0, 0, 12, 612.60, 2099566, 1427
3510, 0, 489, 495, 369, 4, 2.18%, 0, 0, 12, 616.77, 2102524, 1427
3515, 0, 489, 495, 369, 4, 2.18%, 0, 0, 12, 678.85, 2106111, 1427
3520, 0, 489, 495, 369, 4, 2.18%, 0, 0, 12, 699.16, 2109768, 1427
3525, 0, 489, 495, 369, 4, 2.18%, 0, 0, 12, 712.30, 2113401, 1427
3530, 0, 489, 495, 369, 4, 2.18%, 0, 0, 12, 706.38, 2117004, 1427
3535, 0, 489, 495, 369, 4, 2.18%, 0, 0, 12, 696.81, 2120580, 1427
3541, 0, 489, 495, 369, 4, 2.18%, 0, 0, 12, 608.11, 2123344, 1427
3546, 0, 489, 495, 369, 4, 2.18%, 0, 0, 12, 683.05, 2126981, 1427
3551, 0, 489, 495, 369, 4, 2.18%, 0, 0, 12, 706.64, 2130555, 1427
3556, 0, 489, 495, 369, 4, 2.18%, 0, 0, 12, 709.59, 2134200, 1427
3561, 0, 489, 495, 369, 4, 2.18%, 0, 0, 12, 699.93, 2137831, 1427
3566, 0, 110, 495, 369, 4, 2.18%, 0, 0, 12, 600.56, 2140480, 1427
3571, 0, 110, 495, 369, 4, 2.18%, 0, 0, 12, 677.97, 2144070, 1427
3576, 0, 110, 495, 369, 4, 2.18%, 0, 0, 12, 670.93, 2147550, 1427
3582, 0, 110, 495, 369, 4, 2.18%, 0, 0, 12, 691.69, 2151122, 1427
3587, 0, 355, 495, 369, 4, 2.18%, 0, 0, 12, 685.86, 2154681, 1427
3592, 0, 355, 495, 369, 4, 2.18%, 0, 0, 12, 390.49, 2156208, 1427
3597, 0, 355, 496, 370, 4, 2.18%, 0, 0, 12, 437.52, 2158378, 1427
3602, 0, 355, 496, 370, 4, 2.18%, 0, 0, 12, 372.82, 2160394, 1427
3607, 0, 355, 496, 370, 4, 2.18%, 0, 0, 12, 285.92, 2161714, 1427
3612, 0, 355, 496, 370, 4, 2.18%, 0, 0, 12, 253.33, 2162984, 1427
3617, 0, 355, 496, 370, 4, 2.18%, 0, 0, 12, 255.85, 2164276, 1427
3622, 0, 355, 496, 370, 4, 2.18%, 0, 0, 12, 167.88, 2165125, 1427
3627, 0, 355, 496, 370, 4, 2.18%, 0, 0, 12, 204.75, 2166106, 1427
3633, 0, 355, 496, 370, 4, 2.18%, 0, 0, 12, 172.92, 2167048, 1427
3638, 0, 355, 496, 370, 4, 2.18%, 0, 0, 12, 161.35, 2167837, 1427
3643, 0, 355, 496, 370, 4, 2.18%, 0, 0, 12, 200.93, 2168731, 1427
3648, 0, 355, 496, 370, 4, 2.18%, 0, 0, 12, 208.55, 2170130, 1427
3653, 0, 355, 496, 370, 4, 2.18%, 0, 0, 12, 302.46, 2171728, 1427
3658, 0, 355, 496, 370, 4, 2.18%, 0, 0, 12, 169.71, 2172421, 1427
3663, 0, 355, 496, 370, 4, 2.18%, 0, 0, 12, 223.91, 2174010, 1427
3668, 0, 355, 496, 370, 4, 2.18%, 0, 0, 12, 374.49, 2175602, 1427
3674, 0, 355, 496, 370, 4, 2.18%, 0, 0, 12, 241.32, 2176761, 1427
3679, 0, 430, 496, 370, 4, 2.18%, 0, 0, 12, 205.60, 2177614, 1427
3684, 0, 430, 496, 370, 4, 2.18%, 0, 0, 12, 530.29, 2180803, 1427
3689, 0, 430, 496, 370, 4, 2.18%, 0, 0, 12, 678.42, 2184484, 1427
3694, 0, 430, 496, 370, 4, 2.18%, 0, 0, 12, 706.37, 2188072, 1427
3699, 0, 430, 496, 370, 4, 2.18%, 0, 0, 12, 711.58, 2191731, 1427
3704, 0, 489, 496, 370, 4, 2.18%, 0, 0, 12, 605.88, 2194928, 1427
3710, 0, 489, 496, 370, 4, 2.18%, 0, 0, 12, 632.36, 2198012, 1427
3715, 0, 489, 496, 370, 4, 2.18%, 0, 0, 12, 693.56, 2201663, 1427
3720, 0, 489, 496, 370, 4, 2.18%, 0, 0, 12, 698.92, 2205248, 1427
3725, 0, 489, 496, 370, 4, 2.18%, 0, 0, 12, 708.07, 2208889, 1427
3730, 0, 489, 496, 370, 4, 2.18%, 0, 0, 12, 694.73, 2212418, 1427
3735, 0, 489, 496, 370, 4, 2.18%, 0, 0, 12, 666.47, 2215897, 1427
3740, 0, 489, 496, 370, 4, 2.18%, 0, 0, 12, 591.05, 2218641, 1427
3746, 0, 489, 496, 370, 4, 2.18%, 0, 0, 12, 677.93, 2222266, 1427
3751, 0, 489, 496, 370, 4, 2.18%, 0, 0, 12, 699.17, 2224773, 1427
3756, 0, 489, 496, 370, 4, 2.18%, 0, 0, 12, 687.54, 2228163, 1427
3761, 0, 489, 496, 370, 4, 2.18%, 0, 0, 12, 710.01, 2231768, 1427
3766, 0, 489, 496, 370, 4, 2.18%, 0, 0, 12, 695.61, 2235268, 1427
3771, 0, 489, 496, 370, 4, 2.18%, 0, 0, 12, 598.29, 2238332, 1427
3776, 0, 489, 496, 370, 4, 2.18%, 0, 0, 12, 620.38, 2241278, 1427
3781, 0, 489, 496, 370, 4, 2.18%, 0, 0, 12, 103.59, 2244771, 1427
3786, 0, 489, 496, 370, 4, 2.18%, 0, 0, 12, 692.18, 2248052, 1427
3791, 0, 489, 496, 370, 4, 2.18%, 0, 0, 12, 645.77, 2250728, 1427
3796, 0, 489, 496, 370, 4, 2.18%, 0, 0, 12, 693.96, 2254390, 1427
3802, 0, 258, 496, 370, 4, 2.18%, 0, 0, 12, 695.31, 2257975, 1427
3807, 0, 258, 496, 370, 4, 2.18%, 0, 0, 12, 695.16, 2261437, 1427
3812, 0, 258, 496, 370, 4, 2.18%, 0, 0, 12, 692.50, 2265024, 1427
3817, 0, 258, 496, 370, 4, 2.18%, 0, 0, 12, 705.45, 2268610, 1427
3822, 0, 258, 496, 370, 4, 2.18%, 0, 0, 12, 687.43, 2272066, 1427
3827, 0, 489, 496, 370, 4, 2.18%, 0, 0, 12, 693.88, 2275594, 1427
3832, 0, 489, 496, 370, 4, 2.18%, 0, 0, 12, 496.54, 2277886, 1427
3837, 0, 489, 496, 370, 4, 2.18%, 0, 0, 12, 644.96, 2281417, 1427
3842, 0, 489, 496, 370, 4, 2.18%, 0, 0, 12, 74.03, 2284412, 1427
3847, 0, 489, 496, 370, 4, 2.18%, 0, 0, 12, 681.86, 2287772, 1427
3852, 0, 489, 496, 370, 4, 2.18%, 0, 0, 12, 700.50, 2291338, 1427
3858, 0, 489, 496, 370, 4, 2.18%, 0, 0, 12, 715.64, 2295023, 1427
3863, 0, 370, 496, 370, 4, 2.18%, 0, 0, 12, 671.14, 2298392, 1427
3868, 0, 370, 496, 370, 4, 2.18%, 0, 0, 12, 696.26, 2301968, 1427
3873, 0, 64, 496, 370, 4, 2.18%, 0, 0, 12, 710.38, 2305647, 1427
3878, 0, 64, 496, 370, 4, 2.18%, 0, 0, 12, 719.02, 2309342, 1427
3883, 0, 64, 497, 371, 4, 2.18%, 0, 0, 12, 711.91, 2312975, 1427
3888, 0, 64, 498, 372, 4, 2.18%, 0, 0, 12, 701.60, 2316546, 1427
3893, 0, 44, 498, 372, 4, 2.18%, 0, 0, 12, 701.27, 2320083, 1427
3899, 0, 145, 498, 371, 4, 2.18%, 0, 0, 12, 686.20, 2323619, 1427
3904, 0, 489, 498, 370, 4, 2.18%, 0, 0, 12, 679.18, 2327168, 1427
3909, 0, 489, 498, 370, 4, 2.18%, 0, 0, 12, 559.00, 2330052, 1427
3914, 0, 489, 498, 370, 4, 2.18%, 0, 0, 12, 657.39, 2333354, 1427
3919, 0, 489, 498, 370, 4, 2.18%, 0, 0, 12, 686.62, 2336328, 1427
3924, 0, 489, 498, 370, 4, 2.18%, 0, 0, 12, 690.25, 2339861, 1427
3929, 0, 489, 498, 370, 4, 2.18%, 0, 0, 12, 709.68, 2343450, 1427
3934, 0, 489, 498, 370, 4, 2.18%, 0, 0, 12, 702.52, 2347053, 1427
3940, 0, 423, 498, 370, 4, 2.18%, 0, 0, 12, 69.67, 2348761, 1427
3945, 0, 400, 498, 369, 3, 2.18%, 0, 0, 12, 692.33, 2351463, 1427
3950, 0, 400, 498, 369, 3, 2.18%, 0, 0, 12, 687.44, 2355047, 1427
3955, 0, 400, 498, 369, 3, 2.18%, 0, 0, 12, 685.12, 2358436, 1427
3960, 0, 400, 498, 369, 3, 2.18%, 0, 0, 12, 702.24, 2362053, 1427
3965, 0, 400, 498, 369, 3, 2.18%, 0, 0, 12, 702.93, 2365703, 1427
3970, 0, 400, 498, 369, 3, 2.18%, 0, 0, 12, 691.88, 2369223, 1427
3975, 0, 400, 498, 369, 3, 2.18%, 0, 0, 12, 710.24, 2372865, 1427
3980, 0, 400, 498, 369, 3, 2.18%, 0, 0, 12, 715.25, 2376487, 1427
3986, 0, 400, 498, 369, 3, 2.18%, 0, 0, 12, 713.20, 2380151, 1427
3991, 0, 400, 498, 369, 3, 2.18%, 0, 0, 12, 706.75, 2383731, 1427
3996, 0, 400, 498, 369, 3, 2.18%, 0, 0, 12, 679.72, 2387201, 1427
4001, 0, 489, 498, 369, 3, 2.18%, 0, 0, 12, 701.24, 2390879, 1427
4006, 0, 489, 498, 369, 3, 2.18%, 0, 0, 12, 582.44, 2393556, 1427
4011, 0, 489, 498, 369, 3, 2.18%, 0, 0, 12, 674.37, 2397126, 1427
4016, 0, 489, 498, 369, 3, 2.18%, 0, 0, 12, 700.45, 2400755, 1427
4021, 0, 489, 498, 369, 3, 2.18%, 0, 0, 12, 703.22, 2404329, 1427
4027, 0, 489, 498, 369, 3, 2.18%, 0, 0, 12, 699.23, 2407919, 1427
4032, 0, 472, 498, 369, 3, 2.18%, 0, 0, 12, 689.17, 2411461, 1427
4037, 0, 472, 498, 369, 3, 2.18%, 0, 0, 12, 552.02, 2414316, 1427
4042, 0, 472, 498, 369, 3, 2.18%, 0, 0, 12, 646.33, 2417749, 1427
4047, 0, 472, 498, 369, 3, 2.18%, 0, 0, 12, 702.99, 2420243, 1427
4052, 0, 472, 498, 369, 3, 2.18%, 0, 0, 12, 708.13, 2423859, 1427
4057, 0, 472, 498, 369, 3, 2.18%, 0, 0, 12, 709.17, 2427467, 1427
4063, 0, 209, 498, 368, 3, 2.18%, 0, 0, 12, 690.90, 2430968, 1427
4068, 0, 209, 498, 368, 3, 2.18%, 0, 0, 12, 698.81, 2434514, 1427
4073, 0, 209, 498, 368, 3, 2.18%, 0, 0, 12, 709.00, 2438121, 1427
4078, 0, 489, 498, 367, 3, 2.18%, 0, 0, 12, 617.51, 2441345, 1427
4083, 0, 489, 498, 367, 3, 2.18%, 0, 0, 12, 654.38, 2444506, 1427
4088, 0, 489, 498, 367, 3, 2.18%, 0, 0, 12, 700.71, 2447443, 1427
4093, 0, 489, 498, 367, 3, 2.18%, 0, 0, 12, 698.54, 2451047, 1427
4098, 0, 489, 498, 367, 3, 2.18%, 0, 0, 12, 698.87, 2454696, 1427
4103, 0, 489, 498, 367, 3, 2.18%, 0, 0, 12, 662.28, 2457190, 1427
4108, 0, 463, 498, 367, 3, 2.18%, 0, 0, 12, 699.96, 2460736, 1427
4113, 0, 463, 498, 367, 3, 2.18%, 0, 0, 12, 708.99, 2464379, 1427
4119, 0, 463, 498, 367, 3, 2.18%, 0, 0, 12, 702.87, 2467981, 1427
4124, 0, 463, 498, 367, 3, 2.18%, 0, 0, 12, 114.04, 2470959, 1427
4129, 0, 463, 498, 367, 3, 2.18%, 0, 0, 12, 702.96, 2474377, 1427
4134, 0, 463, 498, 367, 3, 2.18%, 0, 0, 12, 709.67, 2477985, 1427
4139, 0, 463, 498, 367, 3, 2.18%, 0, 0, 12, 712.30, 2481649, 1427
4144, 0, 463, 498, 367, 3, 2.18%, 0, 0, 12, 701.61, 2485173, 1427
4149, 0, 463, 498, 367, 3, 2.18%, 0, 0, 12, 701.74, 2488827, 1427
