# relative_time, cycles_done, cur_item, corpus_count, pending_total, pending_favs, map_size, saved_crashes, saved_hangs, max_depth, execs_per_sec, total_execs, edges_found
60, 0, 5, 29, 25, 5, 0.97%, 0, 0, 2, 255.31, 15431, 634
65, 0, 5, 30, 26, 5, 0.97%, 0, 0, 2, 254.25, 16709, 635
70, 0, 5, 31, 27, 5, 0.98%, 0, 0, 2, 251.23, 17987, 642
75, 0, 5, 31, 27, 5, 0.98%, 0, 0, 2, 254.10, 19262, 642
80, 0, 5, 31, 27, 5, 0.98%, 0, 0, 2, 251.09, 20522, 642
85, 0, 5, 31, 27, 5, 0.98%, 0, 0, 2, 252.39, 21787, 642
90, 0, 5, 31, 27, 5, 0.98%, 0, 0, 2, 252.09, 23057, 642
95, 0, 5, 31, 27, 5, 0.98%, 0, 0, 2, 250.88, 24312, 642
100, 0, 5, 31, 27, 5, 0.98%, 0, 0, 2, 252.76, 25592, 642
105, 0, 5, 31, 27, 5, 0.98%, 0, 0, 2, 252.39, 26862, 642
110, 0, 5, 31, 27, 5, 0.98%, 0, 0, 2, 252.31, 28127, 642
116, 0, 5, 31, 27, 5, 0.98%, 0, 0, 2, 251.18, 29392, 642
121, 0, 5, 31, 27, 5, 0.98%, 0, 0, 2, 253.00, 30672, 642
126, 0, 5, 31, 27, 5, 0.98%, 0, 0, 2, 252.57, 31947, 642
131, 0, 5, 32, 28, 5, 0.98%, 0, 0, 2, 262.71, 33298, 642
136, 0, 15, 39, 34, 16, 1.07%, 0, 0, 3, 262.86, 34678, 698
141, 0, 15, 39, 34, 16, 1.07%, 0, 0, 3, 249.47, 35907, 698
146, 0, 32, 39, 33, 20, 1.07%, 0, 0, 3, 260.31, 37219, 698
151, 0, 17, 39, 31, 18, 1.07%, 0, 0, 3, 269.18, 38551, 698
156, 0, 39, 40, 29, 16, 1.07%, 0, 0, 3, 263.21, 39880, 700
161, 0, 36, 40, 28, 15, 1.07%, 2, 0, 3, 244.17, 41068, 700
166, 0, 34, 40, 26, 13, 1.07%, 2, 0, 3, 265.66, 42482, 700
171, 0, 35, 40, 25, 12, 1.07%, 2, 0, 3, 275.08, 43857, 700
176, 0, 19, 40, 23, 10, 1.07%, 2, 0, 3, 281.44, 45275, 700
181, 0, 37, 40, 21, 8, 1.07%, 2, 0, 3, 258.67, 46575, 700
186, 0, 25, 40, 19, 6, 1.07%, 2, 0, 3, 275.97, 47995, 700
191, 0, 38, 40, 18, 5, 1.07%, 2, 0, 3, 277.33, 49387, 700
196, 0, 22, 40, 16, 3, 1.07%, 2, 0, 3, 278.46, 50821, 700
202, 0, 16, 40, 13, 0, 1.07%, 2, 0, 3, 285.51, 52306, 700
207, 0, 17, 40, 13, 0, 1.07%, 2, 0, 3, 269.32, 53620, 700
212, 0, 39, 40, 13, 0, 1.07%, 2, 0, 3, 281.07, 55120, 700
217, 0, 39, 40, 13, 0, 1.07%, 2, 0, 3, 249.10, 56312, 700
222, 0, 39, 40, 13, 0, 1.07%, 2, 0, 3, 250.28, 57582, 700
227, 0, 19, 40, 13, 0, 1.07%, 2, 0, 3, 253.58, 58850, 700
232, 0, 19, 40, 13, 0, 1.07%, 2, 0, 3, 275.87, 60214, 700
237, 0, 19, 40, 13, 0, 1.07%, 2, 0, 3, 287.14, 61659, 700
242, 0, 30, 40, 13, 0, 1.07%, 2, 0, 3, 279.44, 63028, 700
247, 0, 36, 40, 13, 0, 1.07%, 2, 0, 3, 283.38, 64478, 700
252, 0, 36, 40, 13, 0, 1.07%, 3, 0, 3, 265.58, 65749, 700
257, 0, 36, 40, 13, 0, 1.07%, 3, 0, 3, 294.34, 67320, 700
262, 0, 19, 40, 13, 0, 1.07%, 3, 0, 3, 259.05, 68653, 700
267, 0, 19, 40, 13, 0, 1.07%, 3, 0, 3, 281.29, 70061, 700
273, 0, 39, 40, 13, 0, 1.07%, 3, 0, 3, 265.24, 71468, 700
278, 0, 39, 40, 13, 0, 1.07%, 3, 0, 3, 239.57, 72691, 700
283, 0, 39, 40, 13, 0, 1.07%, 3, 0, 3, 257.26, 74035, 700
288, 0, 22, 41, 14, 0, 1.07%, 3, 0, 3, 259.41, 75348, 700
293, 0, 22, 41, 14, 0, 1.07%, 3, 0, 3, 268.20, 76688, 700
298, 0, 9, 41, 14, 0, 1.07%, 3, 0, 3, 280.31, 78168, 700
303, 0, 9, 41, 14, 0, 1.07%, 3, 0, 3, 256.52, 79403, 700
308, 0, 9, 41, 14, 0, 1.07%, 3, 0, 3, 292.61, 80934, 700
313, 0, 25, 41, 14, 0, 1.07%, 3, 0, 3, 265.50, 82264, 700
318, 0, 25, 42, 15, 0, 1.09%, 3, 0, 3, 285.83, 83755, 714
324, 0, 19, 42, 14, 0, 1.09%, 3, 0, 3, 268.34, 85124, 714
329, 0, 19, 42, 14, 0, 1.09%, 3, 0, 3, 265.56, 86443, 714
334, 0, 19, 43, 15, 0, 1.12%, 3, 0, 3, 286.92, 87941, 731
339, 0, 29, 44, 15, 0, 1.12%, 3, 0, 4, 265.33, 89276, 731
344, 0, 29, 45, 16, 0, 1.12%, 3, 0, 4, 283.07, 90737, 731
349, 0, 9, 46, 17, 0, 1.12%, 3, 0, 4, 261.55, 92075, 731
354, 0, 9, 46, 17, 0, 1.12%, 3, 0, 4, 271.35, 93420, 731
359, 0, 29, 46, 17, 0, 1.12%, 3, 0, 4, 282.28, 94910, 731
364, 0, 46, 47, 18, 1, 1.12%, 3, 0, 4, 267.28, 96308, 735
370, 0, 46, 47, 18, 1, 1.12%, 3, 0, 4, 280.65, 97688, 735
375, 0, 29, 47, 17, 0, 1.12%, 3, 0, 4, 284.09, 99165, 735
380, 0, 28, 47, 17, 0, 1.12%, 3, 0, 4, 263.17, 100452, 735
385, 0, 28, 47, 17, 0, 1.12%, 3, 0, 4, 289.32, 101962, 735
390, 0, 19, 47, 17, 0, 1.12%, 3, 0, 4, 281.44, 103433, 735
395, 0, 19, 47, 17, 0, 1.12%, 3, 0, 4, 259.93, 104688, 735
400, 0, 19, 47, 17, 0, 1.12%, 3, 0, 4, 293.13, 106244, 735
405, 1, 34, 47, 17, 0, 1.12%, 4, 0, 4, 259.83, 107548, 735
410, 1, 34, 47, 17, 0, 1.12%, 4, 0, 4, 285.89, 109016, 735
415, 1, 39, 47, 17, 0, 1.12%, 4, 0, 4, 251.39, 110266, 735
420, 1, 39, 48, 18, 0, 1.12%, 4, 0, 4, 229.99, 111447, 735
426, 1, 39, 48, 18, 0, 1.12%, 4, 0, 4, 240.30, 112681, 735
431, 1, 28, 48, 18, 0, 1.12%, 4, 0, 4, 255.04, 114015, 735
436, 1, 28, 48, 18, 0, 1.12%, 4, 0, 4, 293.94, 115545, 735
441, 1, 32, 48, 18, 0, 1.12%, 4, 0, 4, 273.15, 116941, 735
446, 1, 32, 48, 18, 0, 1.12%, 4, 0, 4, 268.10, 118260, 735
451, 1, 32, 48, 18, 0, 1.12%, 4, 0, 4, 280.46, 119720, 735
456, 1, 20, 48, 18, 0, 1.12%, 4, 0, 4, 281.25, 121111, 735
461, 1, 20, 48, 18, 0, 1.12%, 4, 0, 4, 276.48, 122524, 735
466, 1, 42, 48, 18, 0, 1.12%, 4, 0, 4, 277.80, 123939, 735
471, 1, 19, 48, 18, 0, 1.12%, 4, 0, 4, 267.88, 125304, 735
476, 1, 19, 48, 18, 0, 1.12%, 4, 0, 4, 273.48, 126688, 735
482, 1, 19, 48, 18, 0, 1.12%, 4, 0, 4, 286.69, 128183, 735
487, 1, 28, 48, 18, 0, 1.12%, 4, 0, 4, 266.26, 129489, 735
492, 1, 28, 48, 18, 0, 1.12%, 4, 0, 4, 289.82, 130979, 735
497, 1, 29, 48, 18, 0, 1.12%, 4, 0, 4, 280.31, 132409, 735
502, 1, 41, 48, 17, 0, 1.12%, 4, 0, 4, 280.46, 133857, 735
507, 1, 20, 48, 17, 0, 1.12%, 4, 0, 4, 280.04, 135288, 735
512, 1, 35, 48, 16, 0, 1.12%, 4, 0, 4, 274.68, 136685, 735
517, 1, 35, 48, 16, 0, 1.12%, 4, 0, 4, 261.07, 137981, 735
523, 1, 35, 48, 16, 0, 1.12%, 4, 0, 4, 279.24, 139462, 735
528, 1, 22, 48, 16, 0, 1.12%, 4, 0, 4, 277.78, 140906, 735
533, 1, 22, 48, 16, 0, 1.12%, 4, 0, 4, 267.48, 142243, 735
538, 1, 22, 48, 16, 0, 1.12%, 4, 0, 4, 282.69, 143703, 735
543, 1, 23, 48, 16, 0, 1.12%, 4, 0, 4, 281.15, 145100, 735
548, 1, 31, 48, 15, 0, 1.12%, 4, 0, 4, 278.06, 146497, 735
553, 1, 46, 48, 15, 0, 1.12%, 4, 0, 4, 252.55, 147743, 735
558, 1, 46, 48, 15, 0, 1.12%, 5, 0, 4, 240.09, 148929, 735
563, 1, 46, 48, 15, 0, 1.12%, 5, 0, 4, 241.10, 150153, 735
568, 1, 46, 48, 15, 0, 1.12%, 5, 0, 4, 270.48, 151582, 735
573, 1, 46, 48, 15, 0, 1.12%, 5, 0, 4, 286.81, 153006, 735
579, 1, 46, 48, 15, 0, 1.12%, 5, 0, 4, 276.54, 154439, 735
584, 1, 46, 48, 15, 0, 1.12%, 5, 0, 4, 288.11, 155942, 735
589, 1, 22, 48, 15, 0, 1.12%, 5, 0, 4, 283.03, 157361, 735
594, 1, 22, 48, 15, 0, 1.12%, 5, 0, 4, 270.79, 158688, 735
599, 1, 22, 48, 15, 0, 1.12%, 5, 0, 4, 293.18, 160239, 735
604, 1, 21, 48, 15, 0, 1.12%, 5, 0, 4, 288.39, 161726, 735
609, 1, 22, 48, 14, 0, 1.12%, 5, 0, 4, 272.92, 163084, 735
614, 1, 22, 48, 14, 0, 1.12%, 5, 0, 4, 280.88, 164507, 735
620, 1, 32, 48, 14, 0, 1.12%, 5, 0, 4, 284.16, 165994, 735
625, 1, 32, 48, 14, 0, 1.12%, 5, 0, 4, 263.14, 167265, 735
630, 1, 32, 48, 14, 0, 1.12%, 5, 0, 4, 292.25, 168765, 735
635, 1, 37, 48, 14, 0, 1.12%, 5, 0, 4, 262.13, 170134, 735
640, 1, 37, 48, 14, 0, 1.12%, 5, 0, 4, 285.78, 171621, 735
645, 1, 46, 48, 14, 0, 1.12%, 5, 0, 4, 270.92, 173049, 735
650, 1, 46, 48, 14, 0, 1.12%, 5, 0, 4, 250.79, 174294, 735
655, 1, 46, 48, 14, 0, 1.12%, 5, 0, 4, 245.76, 175529, 735
660, 1, 46, 48, 14, 0, 1.12%, 5, 0, 4, 276.93, 176957, 735
665, 1, 46, 48, 14, 0, 1.12%, 5, 0, 4, 296.64, 178471, 735
671, 1, 46, 48, 14, 0, 1.12%, 5, 0, 4, 300.30, 180023, 735
676, 1, 46, 48, 14, 0, 1.12%, 5, 0, 4, 298.70, 181568, 735
681, 1, 42, 48, 14, 0, 1.12%, 5, 0, 4, 292.91, 183051, 735
686, 1, 46, 48, 14, 0, 1.12%, 5, 0, 4, 255.21, 184321, 735
691, 1, 46, 48, 14, 0, 1.12%, 5, 0, 4, 251.39, 185601, 735
696, 1, 46, 48, 14, 0, 1.12%, 5, 0, 4, 249.21, 186839, 735
701, 1, 46, 48, 14, 0, 1.12%, 5, 0, 4, 286.35, 188331, 735
706, 1, 46, 48, 14, 0, 1.12%, 5, 0, 4, 299.56, 189849, 735
711, 1, 46, 48, 14, 0, 1.12%, 5, 0, 4, 287.90, 191333, 735
716, 1, 46, 48, 14, 0, 1.12%, 5, 0, 4, 301.15, 192868, 735
721, 1, 38, 48, 14, 0, 1.12%, 5, 0, 4, 267.83, 194198, 735
727, 1, 38, 48, 14, 0, 1.12%, 5, 0, 4, 286.64, 195665, 735
732, 1, 42, 48, 14, 0, 1.12%, 5, 0, 4, 287.66, 197119, 735
737, 1, 24, 48, 14, 0, 1.12%, 5, 0, 4, 277.85, 198534, 735
742, 1, 42, 49, 15, 0, 1.12%, 5, 0, 4, 280.29, 199967, 735
747, 1, 37, 49, 15, 0, 1.12%, 5, 0, 4, 257.66, 201311, 735
752, 1, 37, 49, 15, 0, 1.12%, 5, 0, 4, 286.97, 202748, 735
757, 1, 43, 50, 16, 0, 1.13%, 5, 0, 5, 282.75, 204245, 739
762, 1, 43, 50, 16, 0, 1.13%, 5, 0, 5, 280.08, 205634, 739
767, 1, 41, 50, 14, 0, 1.13%, 5, 0, 5, 282.71, 207069, 739
772, 1, 35, 50, 14, 0, 1.13%, 5, 0, 5, 262.72, 208380, 739
777, 1, 35, 50, 14, 0, 1.13%, 5, 0, 5, 290.20, 209869, 739
782, 1, 25, 50, 14, 0, 1.13%, 5, 0, 5, 287.29, 211320, 739
787, 1, 39, 50, 14, 0, 1.13%, 5, 0, 5, 253.69, 212556, 739
793, 1, 39, 50, 14, 0, 1.13%, 5, 0, 5, 242.47, 213787, 739
798, 2, 42, 51, 15, 0, 1.13%, 5, 0, 5, 248.18, 215071, 739
803, 2, 42, 56, 20, 0, 1.13%, 5, 0, 5, 263.07, 216465, 739
808, 2, 19, 59, 23, 0, 1.13%, 5, 0, 5, 265.98, 217873, 739
813, 2, 19, 60, 24, 0, 1.13%, 5, 0, 5, 253.38, 219151, 739
818, 2, 19, 61, 25, 0, 1.13%, 5, 0, 5, 254.46, 220419, 739
823, 2, 19, 61, 25, 0, 1.13%, 5, 0, 5, 252.37, 221679, 739
828, 2, 19, 61, 25, 0, 1.13%, 5, 0, 5, 267.55, 223028, 739
833, 2, 19, 62, 26, 0, 1.13%, 5, 0, 5, 252.65, 224331, 739
838, 2, 42, 66, 30, 0, 1.13%, 5, 0, 5, 166.89, 225194, 739
843, 2, 42, 68, 32, 0, 1.13%, 5, 0, 5, 108.82, 225658, 739
849, 2, 42, 69, 33, 0, 1.13%, 5, 0, 5, 95.44, 226137, 739
854, 2, 42, 69, 33, 0, 1.13%, 5, 0, 5, 93.82, 226613, 739
859, 2, 42, 70, 34, 0, 1.13%, 5, 0, 5, 92.07, 227065, 739
864, 2, 17, 70, 34, 0, 1.13%, 5, 0, 5, 164.77, 227902, 739
869, 2, 28, 70, 34, 0, 1.13%, 5, 0, 5, 241.69, 229240, 739
874, 2, 28, 71, 35, 0, 1.13%, 6, 0, 5, 234.98, 230442, 739
879, 2, 17, 71, 35, 0, 1.13%, 6, 0, 5, 209.54, 231351, 739
884, 2, 25, 71, 35, 0, 1.13%, 6, 0, 5, 214.81, 232430, 739
890, 2, 58, 71, 35, 0, 1.13%, 6, 0, 5, 266.07, 233872, 739
895, 2, 58, 71, 35, 0, 1.13%, 6, 0, 5, 266.91, 235225, 739
900, 2, 29, 71, 34, 0, 1.13%, 6, 0, 5, 280.47, 236134, 739
905, 2, 46, 71, 34, 0, 1.13%, 6, 0, 5, 225.03, 237085, 739
910, 2, 46, 71, 34, 0, 1.13%, 6, 0, 5, 244.14, 238385, 739
915, 2, 46, 71, 34, 0, 1.13%, 6, 0, 5, 247.19, 239681, 739
921, 2, 46, 71, 34, 0, 1.13%, 6, 0, 5, 282.86, 241153, 739
926, 2, 46, 71, 34, 0, 1.13%, 6, 0, 5, 275.26, 242536, 739
931, 2, 46, 71, 34, 0, 1.13%, 6, 0, 5, 205.58, 243613, 739
936, 2, 46, 71, 34, 0, 1.13%, 6, 0, 5, 284.74, 245187, 739
941, 2, 46, 71, 34, 0, 1.13%, 6, 0, 5, 180.51, 246135, 739
946, 2, 55, 71, 34, 0, 1.13%, 6, 0, 5, 220.90, 247235, 739
951, 2, 55, 71, 34, 0, 1.13%, 6, 0, 5, 244.76, 248534, 739
957, 2, 46, 71, 33, 0, 1.13%, 6, 0, 5, 246.64, 249794, 739
962, 2, 46, 71, 33, 0, 1.13%, 6, 0, 5, 246.80, 251062, 739
967, 2, 46, 71, 33, 0, 1.13%, 6, 0, 5, 247.21, 252346, 739
972, 2, 46, 71, 33, 0, 1.13%, 6, 0, 5, 145.48, 253017, 739
977, 2, 46, 71, 33, 0, 1.13%, 6, 0, 5, 212.05, 253997, 739
982, 2, 46, 72, 34, 0, 1.14%, 6, 0, 5, 165.12, 254935, 744
987, 2, 46, 73, 35, 0, 1.14%, 6, 0, 5, 119.59, 255475, 744
993, 2, 46, 73, 35, 0, 1.14%, 6, 0, 5, 110.80, 256029, 744
998, 2, 46, 73, 35, 0, 1.14%, 6, 0, 5, 168.69, 256854, 744
1003, 2, 46, 74, 36, 0, 1.14%, 6, 0, 5, 121.66, 257404, 744
1008, 2, 46, 74, 36, 0, 1.14%, 6, 0, 5, 108.58, 257942, 744
1013, 2, 46, 74, 36, 0, 1.14%, 6, 0, 5, 195.23, 258950, 744
1018, 2, 46, 74, 36, 0, 1.14%, 6, 0, 5, 145.05, 259764, 744
1023, 2, 46, 74, 36, 0, 1.14%, 6, 0, 5, 102.63, 260221, 744
1028, 2, 74, 76, 38, 2, 1.25%, 6, 0, 5, 203.78, 261326, 818
1034, 2, 74, 77, 39, 2, 1.29%, 6, 0, 5, 252.15, 262696, 843
1039, 2, 74, 77, 39, 2, 1.29%, 6, 0, 5, 260.24, 264061, 843
1044, 2, 74, 77, 39, 2, 1.29%, 6, 0, 5, 258.56, 265371, 843
1049, 2, 74, 77, 39, 2, 1.29%, 7, 0, 5, 31.22, 266088, 843
1054, 2, 74, 78, 40, 2, 1.29%, 7, 0, 5, 234.65, 266818, 844
1059, 2, 75, 78, 39, 4, 1.29%, 7, 0, 5, 256.70, 268177, 844
1064, 2, 75, 78, 39, 4, 1.29%, 7, 0, 5, 218.12, 269293, 844
1069, 2, 75, 79, 40, 4, 1.29%, 7, 0, 6, 25.56, 269711, 844
1075, 2, 75, 79, 40, 4, 1.29%, 7, 0, 6, 26.96, 269857, 844
1080, 2, 76, 80, 40, 3, 1.29%, 7, 0, 6, 252.49, 270802, 846
1085, 2, 76, 80, 40, 3, 1.29%, 7, 0, 6, 253.49, 272067, 846
1090, 2, 76, 80, 40, 3, 1.29%, 7, 0, 6, 255.45, 273372, 846
1095, 2, 76, 80, 40, 3, 1.29%, 7, 0, 6, 259.71, 274729, 846
1100, 2, 76, 83, 43, 3, 1.36%, 8, 0, 6, 245.60, 275951, 893
1105, 2, 76, 84, 44, 3, 1.36%, 8, 0, 6, 265.96, 277307, 894
1110, 2, 76, 86, 46, 3, 1.36%, 8, 0, 6, 129.62, 277811, 894
1115, 2, 76, 86, 46, 3, 1.36%, 8, 0, 6, 86.72, 278208, 894
1121, 2, 82, 86, 45, 6, 1.36%, 8, 0, 6, 195.56, 279263, 894
1126, 2, 82, 86, 45, 6, 1.36%, 8, 0, 6, 239.01, 280499, 894
1131, 2, 82, 86, 45, 6, 1.36%, 8, 0, 6, 246.60, 281723, 894
1136, 2, 82, 86, 45, 6, 1.36%, 8, 0, 6, 177.86, 282461, 894
1141, 2, 79, 86, 44, 5, 1.36%, 8, 0, 6, 229.75, 283706, 894
1146, 2, 79, 86, 44, 5, 1.36%, 8, 0, 6, 252.45, 285012, 894
1151, 2, 77, 86, 43, 4, 1.36%, 8, 0, 6, 250.93, 286299, 894
1156, 2, 77, 86, 43, 4, 1.36%, 8, 0, 6, 225.76, 287481, 894
1162, 2, 72, 86, 42, 3, 1.36%, 8, 0, 6, 192.81, 288493, 894
1167, 2, 72, 86, 42, 3, 1.36%, 8, 0, 6, 108.51, 288925, 894
1172, 2, 72, 86, 42, 3, 1.36%, 8, 0, 6, 91.59, 289375, 894
1177, 2, 83, 86, 41, 2, 1.36%, 8, 0, 6, 147.42, 290085, 894
1182, 2, 83, 86, 41, 2, 1.36%, 8, 0, 6, 220.17, 291323, 894
1187, 2, 21, 86, 40, 1, 1.36%, 8, 0, 6, 259.98, 292678, 894
1192, 2, 80, 86, 40, 1, 1.36%, 8, 0, 6, 242.90, 293868, 894
1197, 2, 80, 86, 40, 1, 1.36%, 8, 0, 6, 241.05, 295140, 894
1203, 2, 20, 86, 39, 0, 1.36%, 8, 0, 6, 242.90, 296371, 894
1208, 2, 25, 87, 40, 0, 1.36%, 8, 0, 6, 214.55, 297327, 894
1213, 2, 25, 87, 40, 0, 1.36%, 8, 0, 6, 234.54, 297677, 894
1218, 2, 29, 87, 40, 0, 1.36%, 8, 0, 6, 255.38, 298972, 894
1223, 2, 29, 87, 40, 0, 1.36%, 8, 0, 6, 129.14, 299357, 894
1228, 2, 77, 87, 40, 0, 1.36%, 8, 0, 6, 215.21, 300569, 894
1233, 2, 77, 87, 40, 0, 1.36%, 8, 0, 6, 240.73, 301837, 894
1239, 2, 77, 87, 40, 0, 1.36%, 8, 0, 6, 230.17, 302996, 894
1244, 2, 77, 88, 41, 0, 1.38%, 8, 0, 6, 210.60, 304136, 903
1249, 2, 77, 88, 41, 0, 1.38%, 8, 0, 6, 154.82, 304725, 903
1254, 2, 77, 88, 41, 0, 1.38%, 8, 0, 6, 199.17, 305859, 903
1259, 2, 77, 88, 41, 0, 1.38%, 8, 0, 6, 223.37, 306980, 903
1264, 2, 87, 89, 42, 1, 1.38%, 8, 0, 7, 246.55, 308252, 904
1269, 2, 87, 89, 42, 1, 1.38%, 8, 0, 7, 264.05, 309618, 904
1274, 2, 87, 89, 42, 1, 1.38%, 8, 0, 7, 33.49, 310756, 904
1280, 2, 87, 89, 42, 1, 1.38%, 8, 0, 7, 267.56, 311277, 904
1285, 2, 88, 90, 42, 1, 1.38%, 8, 0, 8, 263.49, 312593, 907
1290, 2, 88, 90, 42, 1, 1.38%, 8, 0, 8, 261.10, 313918, 907
1295, 2, 88, 90, 42, 1, 1.38%, 8, 0, 8, 196.04, 314961, 907
1300, 2, 88, 90, 42, 1, 1.38%, 8, 0, 8, 217.32, 316049, 907
1305, 2, 88, 90, 42, 1, 1.38%, 8, 0, 8, 29.19, 316466, 907
1310, 2, 88, 90, 42, 1, 1.38%, 8, 0, 8, 269.80, 316934, 907
1315, 2, 21, 90, 41, 1, 1.38%, 8, 0, 8, 203.49, 317997, 907
1320, 2, 89, 90, 41, 1, 1.38%, 8, 0, 8, 247.44, 319294, 907
1325, 2, 89, 90, 41, 1, 1.38%, 8, 0, 8, 28.20, 320084, 907
1330, 2, 89, 90, 41, 1, 1.38%, 8, 0, 8, 53.17, 320319, 907
1336, 2, 89, 90, 41, 1, 1.38%, 8, 0, 8, 158.77, 321175, 907
1341, 2, 89, 90, 41, 1, 1.38%, 8, 0, 8, 226.19, 322386, 907
1346, 2, 77, 90, 40, 0, 1.38%, 8, 0, 8, 248.73, 323714, 907
1351, 2, 77, 90, 40, 0, 1.38%, 8, 0, 8, 250.52, 324980, 907
1356, 2, 77, 90, 40, 0, 1.38%, 8, 0, 8, 146.79, 325697, 907
1361, 2, 77, 90, 40, 0, 1.38%, 8, 0, 8, 165.58, 326528, 907
1366, 2, 77, 90, 40, 0, 1.38%, 8, 0, 8, 170.33, 327223, 907
1371, 2, 77, 90, 40, 0, 1.38%, 8, 0, 8, 241.42, 328505, 907
1377, 2, 77, 90, 40, 0, 1.38%, 8, 0, 8, 244.37, 329790, 907
1382, 2, 29, 90, 40, 0, 1.38%, 8, 0, 8, 234.96, 330929, 907
1387, 2, 29, 90, 40, 0, 1.38%, 8, 0, 8, 194.38, 331958, 907
1392, 2, 87, 90, 40, 0, 1.38%, 8, 0, 8, 237.21, 333194, 907
1397, 2, 87, 90, 40, 0, 1.38%, 8, 0, 8, 240.22, 334480, 907
1402, 2, 87, 90, 40, 0, 1.38%, 8, 0, 8, 153.13, 335038, 907
1407, 2, 87, 90, 40, 0, 1.38%, 8, 0, 8, 212.11, 336264, 907
1412, 2, 87, 90, 40, 0, 1.38%, 8, 0, 8, 159.62, 336965, 907
1417, 2, 34, 90, 40, 0, 1.38%, 8, 0, 8, 170.71, 337795, 907
1422, 2, 34, 90, 40, 0, 1.38%, 8, 0, 8, 229.89, 339064, 907
1427, 2, 34, 90, 40, 0, 1.38%, 8, 0, 8, 24.85, 339277, 907
1433, 2, 34, 90, 40, 0, 1.38%, 8, 0, 8, 189.10, 339553, 907
1438, 2, 34, 90, 40, 0, 1.38%, 8, 0, 8, 105.22, 340022, 907
1443, 2, 34, 90, 40, 0, 1.38%, 8, 0, 8, 212.25, 341140, 907
1448, 2, 34, 90, 40, 0, 1.38%, 8, 0, 8, 17.96, 341416, 907
1453, 2, 75, 90, 40, 0, 1.38%, 8, 0, 8, 206.90, 341543, 907
1458, 2, 75, 90, 40, 0, 1.38%, 8, 0, 8, 237.23, 342823, 907
1463, 2, 75, 90, 40, 0, 1.38%, 8, 0, 8, 243.19, 344091, 907
1468, 2, 75, 90, 40, 0, 1.38%, 8, 0, 8, 241.12, 345279, 907
1474, 2, 75, 90, 40, 0, 1.38%, 8, 0, 8, 161.77, 345880, 907
1479, 2, 75, 91, 41, 0, 1.39%, 8, 0, 8, 175.33, 346926, 909
1484, 2, 75, 91, 41, 0, 1.39%, 8, 0, 8, 98.37, 347326, 909
1489, 2, 42, 91, 41, 1, 1.39%, 8, 0, 8, 233.83, 348607, 909
1494, 2, 90, 91, 41, 1, 1.39%, 8, 0, 8, 203.83, 349362, 909
1499, 2, 90, 91, 41, 1, 1.39%, 8, 0, 8, 237.05, 350566, 909
1504, 2, 90, 91, 41, 1, 1.39%, 8, 0, 8, 248.34, 351823, 909
1509, 2, 20, 91, 40, 0, 1.39%, 8, 0, 8, 272.51, 352683, 909
1514, 2, 49, 92, 41, 0, 1.39%, 8, 0, 8, 267.76, 353877, 909
1520, 2, 49, 93, 42, 0, 1.39%, 8, 0, 8, 48.70, 354461, 909
1525, 2, 49, 93, 42, 0, 1.39%, 8, 0, 8, 229.03, 355375, 909
1530, 2, 49, 94, 43, 0, 1.39%, 8, 0, 8, 259.22, 356606, 909
1535, 2, 49, 94, 43, 0, 1.39%, 8, 0, 8, 285.70, 358106, 909
1540, 2, 49, 94, 43, 0, 1.39%, 8, 0, 8, 280.40, 359533, 909
1545, 2, 49, 94, 43, 0, 1.39%, 8, 0, 8, 216.52, 360639, 909
1550, 2, 49, 94, 43, 0, 1.39%, 8, 0, 8, 95.09, 360981, 909
1555, 2, 49, 94, 43, 0, 1.39%, 8, 0, 8, 191.48, 362103, 909
1560, 2, 49, 94, 43, 0, 1.39%, 8, 0, 8, 94.27, 362407, 909
1566, 2, 61, 94, 43, 0, 1.39%, 8, 0, 8, 172.58, 363315, 909
1571, 2, 72, 94, 42, 0, 1.39%, 9, 0, 8, 59.77, 364051, 909
1576, 2, 82, 94, 42, 0, 1.39%, 9, 0, 8, 189.77, 365085, 909
1581, 2, 82, 94, 42, 0, 1.39%, 9, 0, 8, 204.91, 366217, 909
1586, 2, 36, 94, 42, 0, 1.39%, 9, 0, 8, 222.49, 367309, 909
1591, 2, 36, 94, 42, 0, 1.39%, 9, 0, 8, 241.18, 368577, 909
1596, 2, 36, 94, 42, 0, 1.39%, 9, 0, 8, 259.07, 369975, 909
1601, 2, 36, 94, 42, 0, 1.39%, 9, 0, 8, 252.65, 371155, 909
1606, 2, 27, 94, 42, 0, 1.39%, 9, 0, 8, 241.70, 372279, 909
1611, 2, 27, 94, 42, 0, 1.39%, 9, 0, 8, 219.44, 373364, 909
1616, 2, 27, 94, 42, 0, 1.39%, 9, 0, 8, 224.31, 374414, 909
1622, 2, 28, 94, 42, 0, 1.39%, 9, 0, 8, 212.20, 375599, 909
1627, 2, 28, 94, 42, 0, 1.39%, 9, 0, 8, 190.06, 376580, 909
1632, 2, 42, 94, 42, 0, 1.39%, 9, 0, 8, 207.37, 377622, 909
1637, 2, 38, 94, 42, 0, 1.39%, 9, 0, 8, 229.97, 378754, 909
1642, 2, 38, 94, 42, 0, 1.39%, 9, 0, 8, 30.84, 379635, 909
1647, 2, 38, 94, 42, 0, 1.39%, 9, 0, 8, 28.21, 379775, 909
1652, 2, 38, 94, 42, 0, 1.39%, 9, 0, 8, 20.15, 380484, 909
1657, 2, 38, 94, 42, 0, 1.39%, 9, 0, 8, 18.56, 380575, 909
1662, 2, 38, 94, 42, 0, 1.39%, 9, 0, 8, 18.51, 380669, 909
1667, 2, 38, 94, 42, 0, 1.39%, 9, 0, 8, 287.62, 381837, 909
1672, 2, 41, 94, 42, 0, 1.39%, 9, 0, 8, 272.65, 383213, 909
1677, 2, 49, 94, 42, 0, 1.39%, 9, 0, 8, 269.06, 384435, 909
1683, 2, 49, 94, 42, 0, 1.39%, 9, 0, 8, 24.74, 385184, 909
1688, 2, 49, 94, 42, 0, 1.39%, 9, 0, 8, 55.18, 385458, 909
1693, 2, 75, 94, 42, 0, 1.39%, 9, 0, 8, 135.04, 386118, 909
1698, 2, 75, 94, 42, 0, 1.39%, 9, 0, 8, 235.11, 387462, 909
1703, 2, 75, 94, 42, 0, 1.39%, 9, 0, 8, 234.37, 388690, 909
1708, 2, 75, 94, 42, 0, 1.39%, 9, 0, 8, 178.62, 389671, 909
1713, 2, 75, 95, 43, 0, 1.39%, 9, 0, 8, 181.02, 390369, 912
1718, 2, 75, 95, 43, 0, 1.39%, 9, 0, 8, 218.41, 391562, 912
1723, 2, 75, 95, 43, 0, 1.39%, 9, 0, 8, 153.75, 392418, 912
1728, 2, 75, 95, 43, 1, 1.39%, 9, 0, 8, 213.78, 393426, 912
1734, 2, 75, 95, 43, 1, 1.39%, 9, 0, 8, 248.51, 394762, 912
1739, 2, 75, 95, 43, 1, 1.39%, 9, 0, 8, 238.73, 395992, 912
1744, 2, 75, 95, 43, 1, 1.39%, 9, 0, 8, 131.65, 396638, 912
1749, 2, 75, 95, 43, 1, 1.39%, 9, 0, 8, 157.31, 397446, 912
1754, 2, 75, 95, 43, 1, 1.39%, 9, 0, 8, 215.83, 398728, 912
1759, 2, 75, 95, 43, 1, 1.39%, 9, 0, 8, 117.71, 399218, 912
1764, 2, 89, 95, 43, 1, 1.39%, 9, 0, 8, 215.47, 400344, 912
1769, 2, 89, 95, 43, 1, 1.39%, 9, 0, 8, 261.25, 401684, 912
1775, 2, 89, 95, 43, 1, 1.39%, 9, 0, 8, 173.92, 402567, 912
1780, 2, 89, 95, 43, 1, 1.39%, 9, 0, 8, 153.98, 403452, 912
1785, 2, 94, 95, 43, 1, 1.39%, 9, 0, 8, 230.75, 404662, 912
1790, 2, 94, 95, 43, 1, 1.39%, 9, 0, 8, 247.94, 405966, 912
1795, 2, 94, 95, 43, 1, 1.39%, 9, 0, 8, 158.55, 406776, 912
1800, 2, 42, 95, 42, 0, 1.39%, 9, 0, 8, 244.41, 408150, 912
1806, 2, 75, 95, 42, 0, 1.39%, 9, 0, 8, 248.01, 409411, 912
1811, 2, 75, 95, 42, 0, 1.39%, 9, 0, 8, 260.35, 410760, 912
1816, 2, 75, 95, 42, 0, 1.39%, 9, 0, 8, 235.76, 411977, 912
1821, 2, 75, 95, 42, 0, 1.39%, 9, 0, 8, 200.31, 412888, 912
1826, 2, 75, 95, 42, 0, 1.39%, 9, 0, 8, 234.24, 414153, 912
1831, 2, 75, 95, 42, 0, 1.39%, 9, 0, 8, 252.58, 415495, 912
1836, 2, 75, 95, 42, 0, 1.39%, 9, 0, 8, 229.25, 416663, 912
1841, 2, 75, 95, 42, 0, 1.39%, 9, 0, 8, 228.70, 417775, 912
1846, 2, 75, 95, 42, 0, 1.39%, 9, 0, 8, 226.49, 418867, 912
1852, 2, 82, 95, 42, 0, 1.39%, 9, 0, 8, 210.44, 419964, 912
1857, 2, 82, 95, 42, 0, 1.39%, 9, 0, 8, 223.74, 421032, 912
1862, 2, 24, 95, 42, 0, 1.39%, 9, 0, 8, 16.00, 421999, 912
1867, 2, 82, 95, 42, 0, 1.39%, 9, 0, 8, 137.09, 422663, 912
1872, 2, 82, 95, 42, 0, 1.39%, 9, 0, 8, 184.00, 423719, 912
1877, 2, 82, 95, 42, 0, 1.39%, 9, 0, 8, 196.24, 424679, 912
1882, 2, 82, 95, 42, 0, 1.39%, 9, 0, 8, 242.76, 425979, 912
1887, 2, 82, 95, 42, 0, 1.39%, 9, 0, 8, 220.06, 427137, 912
1893, 2, 29, 95, 42, 0, 1.39%, 9, 0, 8, 208.81, 428189, 912
1898, 2, 77, 95, 42, 0, 1.39%, 9, 0, 8, 242.83, 429478, 912
1903, 2, 77, 95, 42, 0, 1.39%, 9, 0, 8, 248.26, 430726, 912
1908, 2, 77, 95, 42, 0, 1.39%, 9, 0, 8, 142.34, 431447, 912
1913, 2, 77, 95, 42, 0, 1.39%, 9, 0, 8, 168.21, 432295, 912
1918, 2, 77, 95, 42, 0, 1.39%, 9, 0, 8, 210.39, 433241, 912
1923, 2, 77, 95, 42, 0, 1.39%, 9, 0, 8, 218.09, 434358, 912
1928, 2, 77, 95, 42, 0, 1.39%, 9, 0, 8, 234.85, 435594, 912
1933, 2, 75, 95, 42, 0, 1.39%, 9, 0, 8, 245.50, 436868, 912
1938, 2, 75, 95, 42, 0, 1.39%, 9, 0, 8, 257.29, 438176, 912
1943, 2, 75, 95, 42, 0, 1.39%, 9, 0, 8, 174.69, 439133, 912
1948, 2, 75, 95, 42, 0, 1.39%, 9, 0, 8, 163.29, 439811, 912
1954, 2, 75, 95, 42, 0, 1.39%, 9, 0, 8, 242.69, 441122, 912
1959, 2, 25, 95, 42, 0, 1.39%, 9, 0, 8, 18.79, 442149, 912
1964, 2, 42, 95, 42, 0, 1.39%, 9, 0, 8, 205.69, 442836, 912
1969, 2, 82, 95, 42, 0, 1.39%, 9, 0, 8, 231.21, 444016, 912
1974, 2, 82, 95, 42, 0, 1.39%, 9, 0, 8, 222.30, 445093, 912
1979, 2, 29, 95, 42, 0, 1.39%, 9, 0, 8, 207.60, 446218, 912
1984, 2, 29, 95, 42, 0, 1.39%, 9, 0, 8, 115.92, 446459, 912
1989, 2, 27, 95, 42, 0, 1.39%, 9, 0, 8, 183.96, 447354, 912
1994, 2, 27, 95, 42, 0, 1.39%, 9, 0, 8, 266.35, 448817, 912
1999, 2, 46, 95, 42, 0, 1.39%, 9, 0, 8, 229.33, 449895, 912
2004, 2, 46, 95, 42, 0, 1.39%, 9, 0, 8, 242.54, 451123, 912
2010, 2, 46, 95, 42, 0, 1.39%, 9, 0, 8, 251.20, 452442, 912
2015, 2, 46, 95, 42, 0, 1.39%, 9, 0, 8, 187.50, 453413, 912
2020, 2, 46, 95, 42, 0, 1.39%, 9, 0, 8, 90.96, 453744, 912
2025, 2, 46, 95, 42, 0, 1.39%, 9, 0, 8, 76.53, 454108, 912
2030, 2, 46, 95, 42, 0, 1.39%, 9, 0, 8, 137.77, 454825, 912
2035, 2, 46, 95, 42, 0, 1.39%, 9, 0, 8, 81.46, 455165, 912
2040, 2, 46, 95, 42, 0, 1.39%, 9, 0, 8, 26.05, 456128, 912
2046, 2, 46, 95, 42, 0, 1.39%, 9, 0, 8, 27.96, 456276, 912
2051, 2, 46, 95, 42, 0, 1.39%, 9, 0, 8, 27.50, 456416, 912
2056, 2, 46, 95, 42, 0, 1.39%, 9, 0, 8, 46.24, 456631, 912
2061, 2, 46, 95, 42, 0, 1.39%, 9, 0, 8, 143.58, 457320, 912
2066, 2, 46, 95, 42, 0, 1.39%, 9, 0, 8, 178.09, 458423, 912
2071, 2, 46, 95, 42, 0, 1.39%, 9, 0, 8, 181.16, 459149, 912
2076, 2, 75, 95, 42, 0, 1.39%, 9, 0, 8, 249.14, 460550, 912
2081, 2, 75, 95, 42, 0, 1.39%, 9, 0, 8, 185.73, 461560, 912
2086, 2, 75, 95, 42, 0, 1.39%, 9, 0, 8, 262.59, 462960, 912
2092, 2, 75, 95, 42, 0, 1.39%, 9, 0, 8, 271.13, 464380, 912
2097, 2, 17, 95, 42, 0, 1.39%, 9, 0, 8, 229.90, 465491, 912
2102, 2, 82, 95, 42, 0, 1.39%, 9, 0, 8, 236.94, 466736, 912
2107, 2, 82, 95, 42, 0, 1.39%, 9, 0, 8, 208.91, 467798, 912
2112, 2, 46, 95, 42, 0, 1.39%, 9, 0, 8, 236.09, 469052, 912
2117, 2, 46, 95, 42, 0, 1.39%, 9, 0, 8, 243.47, 470280, 912
2122, 2, 46, 95, 42, 0, 1.39%, 9, 0, 8, 249.41, 471568, 912
2127, 2, 46, 95, 42, 0, 1.39%, 9, 0, 8, 119.95, 471994, 912
2133, 2, 46, 95, 42, 0, 1.39%, 9, 0, 8, 102.29, 472618, 912
2138, 2, 46, 95, 42, 0, 1.39%, 9, 0, 8, 62.10, 472879, 912
2143, 2, 46, 95, 42, 0, 1.39%, 9, 0, 8, 238.91, 474246, 912
2148, 2, 46, 95, 42, 0, 1.39%, 9, 0, 8, 276.41, 475740, 912
2153, 2, 46, 95, 42, 0, 1.39%, 9, 0, 8, 265.36, 477083, 912
2158, 2, 87, 95, 42, 0, 1.39%, 9, 0, 8, 273.74, 478521, 912
2163, 2, 87, 95, 42, 0, 1.39%, 9, 0, 8, 258.95, 479801, 912
2168, 2, 87, 95, 42, 0, 1.39%, 9, 0, 8, 262.76, 481127, 912
2173, 2, 87, 95, 42, 0, 1.39%, 9, 0, 8, 126.58, 481621, 912
2178, 2, 87, 95, 42, 0, 1.39%, 9, 0, 8, 92.06, 482099, 912
2183, 2, 87, 95, 42, 0, 1.39%, 9, 0, 8, 112.44, 482751, 912
2188, 2, 17, 95, 42, 0, 1.39%, 9, 0, 8, 158.08, 483449, 912
2194, 2, 83, 95, 42, 0, 1.39%, 9, 0, 8, 200.48, 484505, 912
2199, 2, 83, 95, 42, 0, 1.39%, 9, 0, 8, 238.94, 485768, 912
2204, 2, 83, 95, 42, 0, 1.39%, 9, 0, 8, 243.56, 486996, 912
2209, 2, 83, 95, 42, 0, 1.39%, 9, 0, 8, 250.02, 488285, 912
2214, 2, 83, 95, 42, 0, 1.39%, 9, 0, 8, 270.88, 489684, 912
2219, 2, 83, 95, 42, 0, 1.39%, 9, 0, 8, 207.61, 490795, 912
2224, 2, 83, 95, 42, 0, 1.39%, 9, 0, 8, 94.34, 491112, 912
2230, 2, 83, 95, 42, 0, 1.39%, 9, 0, 8, 221.62, 492354, 912
2235, 2, 83, 95, 42, 0, 1.39%, 9, 0, 8, 233.20, 493669, 912
2240, 2, 90, 95, 42, 0, 1.39%, 10, 0, 8, 237.35, 494847, 912
2245, 2, 90, 95, 42, 0, 1.39%, 10, 0, 8, 247.46, 496143, 912
2250, 2, 90, 95, 42, 0, 1.39%, 10, 0, 8, 267.11, 497479, 912
2255, 2, 90, 95, 42, 0, 1.39%, 10, 0, 8, 244.97, 498681, 912
2260, 2, 90, 95, 42, 0, 1.39%, 10, 0, 8, 25.64, 499833, 912
2265, 2, 90, 95, 42, 0, 1.39%, 10, 0, 8, 27.47, 499975, 912
2270, 2, 90, 95, 42, 0, 1.39%, 10, 0, 8, 27.61, 500114, 912
2275, 2, 28, 95, 42, 0, 1.39%, 10, 0, 8, 189.24, 501045, 912
2280, 2, 28, 95, 42, 0, 1.39%, 10, 0, 8, 182.12, 502103, 912
2286, 2, 28, 95, 42, 0, 1.39%, 10, 0, 8, 220.25, 503080, 912
2291, 2, 19, 95, 42, 0, 1.39%, 10, 0, 8, 228.26, 504190, 912
2296, 2, 19, 95, 42, 0, 1.39%, 10, 0, 8, 225.50, 505400, 912
2301, 2, 19, 95, 42, 0, 1.39%, 10, 0, 8, 237.42, 506527, 912
2306, 2, 94, 95, 42, 0, 1.39%, 10, 0, 8, 245.15, 507640, 912
2311, 2, 94, 95, 42, 0, 1.39%, 10, 0, 8, 261.16, 509013, 912
2316, 2, 94, 95, 42, 0, 1.39%, 10, 0, 8, 259.16, 510313, 912
2321, 2, 94, 95, 42, 0, 1.39%, 10, 0, 8, 262.93, 511638, 912
2326, 2, 94, 95, 42, 0, 1.39%, 10, 0, 8, 253.21, 512923, 912
2331, 2, 94, 95, 42, 0, 1.39%, 10, 0, 8, 260.50, 514273, 912
2337, 2, 94, 95, 42, 0, 1.39%, 10, 0, 8, 146.20, 514877, 912
2342, 2, 94, 95, 42, 0, 1.39%, 10, 0, 8, 126.41, 515476, 912
2347, 2, 94, 95, 42, 0, 1.39%, 10, 0, 8, 157.90, 516277, 912
2352, 2, 94, 95, 42, 0, 1.39%, 10, 0, 8, 266.18, 517787, 912
2357, 2, 94, 95, 42, 0, 1.39%, 10, 0, 8, 283.83, 519243, 912
2362, 2, 94, 95, 42, 0, 1.39%, 10, 0, 8, 262.59, 520599, 912
2367, 2, 94, 95, 42, 0, 1.39%, 10, 0, 8, 113.09, 520904, 912
2372, 2, 94, 95, 42, 0, 1.39%, 10, 0, 8, 72.68, 521218, 912
2377, 2, 94, 95, 42, 0, 1.39%, 10, 0, 8, 134.80, 521803, 912
2383, 2, 94, 95, 42, 0, 1.39%, 10, 0, 8, 244.67, 523222, 912
2388, 2, 94, 95, 42, 0, 1.39%, 10, 0, 8, 272.12, 524661, 912
2393, 2, 94, 95, 42, 0, 1.39%, 10, 0, 8, 279.07, 526062, 912
2398, 2, 94, 95, 42, 0, 1.39%, 10, 0, 8, 286.56, 527510, 912
2403, 2, 79, 95, 42, 0, 1.39%, 10, 0, 8, 258.05, 528778, 912
2408, 2, 79, 95, 42, 0, 1.39%, 10, 0, 8, 256.10, 530050, 912
2413, 2, 79, 95, 42, 0, 1.39%, 10, 0, 8, 51.62, 530750, 912
2418, 2, 79, 95, 42, 0, 1.39%, 10, 0, 8, 146.89, 531514, 912
2423, 2, 79, 95, 42, 0, 1.39%, 10, 0, 8, 189.98, 532360, 912
2428, 2, 79, 95, 42, 0, 1.39%, 10, 0, 8, 245.22, 533722, 912
2434, 2, 75, 95, 42, 0, 1.39%, 10, 0, 8, 258.80, 535040, 912
2439, 2, 75, 95, 42, 0, 1.39%, 10, 0, 8, 222.84, 536218, 912
2444, 2, 75, 95, 42, 0, 1.39%, 10, 0, 8, 132.66, 536702, 912
2449, 2, 75, 95, 42, 0, 1.39%, 10, 0, 8, 224.43, 537998, 912
2454, 2, 75, 95, 42, 0, 1.39%, 11, 0, 8, 191.11, 538812, 912
2459, 2, 31, 95, 42, 0, 1.39%, 11, 0, 8, 232.81, 540061, 912
2464, 2, 27, 95, 42, 0, 1.39%, 11, 0, 8, 241.85, 541349, 912
2469, 2, 27, 95, 42, 0, 1.39%, 11, 0, 8, 157.27, 542027, 912
2474, 2, 27, 95, 42, 0, 1.39%, 11, 0, 8, 124.50, 542600, 912
2479, 2, 77, 95, 42, 0, 1.39%, 11, 0, 8, 220.55, 543812, 912
2485, 2, 77, 95, 42, 0, 1.39%, 11, 0, 8, 247.38, 545116, 912
2490, 2, 77, 95, 42, 0, 1.39%, 11, 0, 8, 241.12, 546390, 912
2495, 2, 77, 95, 42, 0, 1.39%, 11, 0, 8, 235.05, 547686, 912
2500, 2, 77, 95, 42, 0, 1.39%, 11, 0, 8, 226.57, 548851, 912
2505, 2, 77, 95, 42, 0, 1.39%, 11, 0, 8, 249.19, 550143, 912
2510, 2, 20, 95, 42, 0, 1.39%, 11, 0, 8, 221.35, 551266, 912
2516, 3, 88, 95, 42, 0, 1.39%, 11, 0, 8, 229.25, 552306, 912
2521, 3, 88, 95, 42, 0, 1.39%, 11, 0, 8, 253.56, 553659, 912
2526, 3, 88, 95, 42, 0, 1.39%, 11, 0, 8, 252.36, 554959, 912
2531, 3, 88, 95, 42, 0, 1.39%, 11, 0, 8, 124.59, 555500, 912
2536, 3, 88, 95, 42, 0, 1.39%, 11, 0, 8, 147.43, 556195, 912
2541, 3, 88, 95, 42, 0, 1.39%, 11, 0, 8, 142.72, 556783, 912
2546, 3, 88, 95, 42, 0, 1.39%, 11, 0, 8, 266.52, 558307, 912
2551, 3, 88, 95, 42, 0, 1.39%, 11, 0, 8, 254.25, 559696, 912
2557, 3, 88, 95, 42, 0, 1.39%, 11, 0, 8, 124.62, 560139, 912
2562, 3, 88, 95, 42, 0, 1.39%, 11, 0, 8, 207.40, 561167, 912
2567, 3, 41, 95, 42, 0, 1.39%, 11, 0, 8, 220.76, 562384, 912
2572, 3, 42, 95, 42, 0, 1.39%, 11, 0, 8, 245.14, 563336, 912
2577, 3, 43, 95, 42, 0, 1.39%, 11, 0, 8, 216.02, 564420, 912
2582, 3, 77, 95, 42, 0, 1.39%, 11, 0, 8, 232.81, 565610, 912
2587, 3, 77, 95, 42, 0, 1.39%, 11, 0, 8, 235.44, 566854, 912
2592, 3, 77, 95, 42, 0, 1.39%, 11, 0, 8, 215.16, 567930, 912
2597, 3, 77, 95, 42, 0, 1.39%, 11, 0, 8, 150.21, 568724, 912
2603, 3, 77, 95, 42, 0, 1.39%, 11, 0, 8, 182.88, 569615, 912
2608, 3, 77, 95, 42, 0, 1.39%, 11, 0, 8, 242.15, 570873, 912
2613, 3, 77, 95, 42, 0, 1.39%, 11, 0, 8, 225.41, 571870, 912
2618, 3, 39, 95, 42, 0, 1.39%, 11, 0, 8, 230.21, 573052, 912
2623, 3, 39, 95, 42, 0, 1.39%, 11, 0, 8, 234.07, 574224, 912
2628, 3, 39, 95, 42, 0, 1.39%, 11, 0, 8, 223.79, 575414, 912
2633, 3, 39, 95, 42, 0, 1.39%, 11, 0, 8, 226.29, 576570, 912
2638, 3, 39, 95, 42, 0, 1.39%, 11, 0, 8, 167.69, 577500, 912
2643, 3, 75, 95, 42, 0, 1.39%, 11, 0, 8, 230.93, 578650, 912
2649, 3, 75, 95, 42, 0, 1.39%, 11, 0, 8, 245.06, 579964, 912
2654, 3, 75, 95, 42, 0, 1.39%, 11, 0, 8, 253.80, 581321, 912
2659, 3, 75, 95, 42, 0, 1.39%, 11, 0, 8, 169.01, 581909, 912
2664, 3, 24, 95, 42, 0, 1.39%, 11, 0, 8, 218.01, 583087, 912
2669, 3, 89, 95, 42, 0, 1.39%, 11, 0, 8, 238.62, 584243, 912
2674, 3, 89, 95, 42, 0, 1.39%, 11, 0, 8, 191.32, 585174, 912
2679, 3, 89, 95, 42, 0, 1.39%, 11, 0, 8, 230.58, 586307, 912
2684, 3, 89, 95, 42, 0, 1.39%, 11, 0, 8, 134.92, 586924, 912
2689, 3, 46, 95, 42, 0, 1.39%, 11, 0, 8, 178.70, 587784, 912
2695, 3, 46, 95, 42, 0, 1.39%, 11, 0, 8, 234.37, 589077, 912
2700, 3, 46, 95, 42, 0, 1.39%, 11, 0, 8, 250.16, 590390, 912
2705, 3, 46, 95, 42, 0, 1.39%, 11, 0, 8, 181.74, 591391, 912
2710, 3, 46, 95, 42, 0, 1.39%, 11, 0, 8, 123.89, 591889, 912
2715, 3, 46, 95, 42, 0, 1.39%, 11, 0, 8, 112.75, 592466, 912
2720, 3, 46, 95, 42, 0, 1.39%, 11, 0, 8, 117.77, 593202, 912
2725, 3, 46, 95, 42, 0, 1.39%, 11, 0, 8, 97.18, 593648, 912
2731, 3, 46, 95, 42, 0, 1.39%, 11, 0, 8, 217.87, 594729, 912
2736, 3, 46, 95, 42, 0, 1.39%, 11, 0, 8, 126.41, 595421, 912
2741, 3, 46, 95, 42, 0, 1.39%, 11, 0, 8, 144.25, 596000, 912
2746, 3, 46, 95, 42, 0, 1.39%, 11, 0, 8, 98.20, 596468, 912
2751, 3, 42, 95, 42, 0, 1.39%, 11, 0, 8, 237.33, 597791, 912
2756, 3, 29, 95, 42, 0, 1.39%, 11, 0, 8, 220.43, 598552, 912
2761, 3, 41, 95, 42, 0, 1.39%, 11, 0, 8, 222.77, 599546, 912
2767, 3, 75, 95, 42, 0, 1.39%, 11, 0, 8, 241.84, 600735, 912
2772, 3, 75, 95, 42, 0, 1.39%, 11, 0, 8, 260.26, 602073, 912
2777, 3, 75, 95, 42, 0, 1.39%, 11, 0, 8, 205.42, 603137, 912
2782, 3, 75, 95, 42, 0, 1.39%, 11, 0, 8, 257.19, 604552, 912
2787, 3, 20, 95, 42, 0, 1.39%, 11, 0, 8, 197.09, 605576, 912
2792, 3, 39, 95, 42, 0, 1.39%, 11, 0, 8, 196.81, 606433, 912
2797, 3, 39, 95, 42, 0, 1.39%, 11, 0, 8, 236.81, 607722, 912
2803, 3, 39, 95, 42, 0, 1.39%, 11, 0, 8, 256.74, 609080, 912
2808, 3, 39, 95, 42, 0, 1.39%, 11, 0, 8, 241.40, 610246, 912
2813, 3, 39, 95, 42, 0, 1.39%, 11, 0, 8, 135.37, 610866, 912
2818, 3, 25, 95, 42, 0, 1.39%, 11, 0, 8, 228.00, 612097, 912
2823, 3, 49, 95, 42, 0, 1.39%, 11, 0, 8, 272.97, 613485, 912
2828, 3, 49, 95, 42, 0, 1.39%, 11, 0, 8, 18.35, 614339, 912
2833, 3, 49, 95, 42, 0, 1.39%, 11, 0, 8, 18.69, 614432, 912
2838, 3, 89, 95, 42, 0, 1.39%, 11, 0, 8, 237.67, 615573, 912
2843, 3, 89, 95, 42, 0, 1.39%, 11, 0, 8, 259.13, 616936, 912
2848, 3, 89, 95, 42, 0, 1.39%, 11, 0, 8, 188.77, 617857, 912
2854, 3, 89, 96, 43, 0, 1.96%, 11, 0, 9, 16.10, 618339, 1283
2859, 3, 89, 96, 43, 0, 1.96%, 11, 0, 9, 17.79, 618432, 1283
2864, 3, 89, 96, 43, 0, 1.96%, 11, 0, 9, 17.34, 618519, 1283
2869, 3, 89, 96, 43, 0, 1.96%, 11, 0, 9, 17.73, 618607, 1283
2874, 3, 89, 96, 43, 0, 1.96%, 11, 0, 9, 211.58, 619267, 1283
2879, 3, 95, 96, 43, 1, 1.96%, 11, 0, 9, 8.73, 619326, 1283
2884, 3, 95, 96, 43, 1, 1.96%, 11, 0, 9, 8.48, 619369, 1283
2889, 3, 95, 96, 43, 1, 1.96%, 11, 0, 9, 8.29, 619411, 1283
2894, 3, 95, 96, 43, 1, 1.96%, 11, 0, 9, 8.27, 619453, 1283
2899, 3, 95, 96, 43, 1, 1.96%, 11, 0, 9, 8.28, 619496, 1283
2904, 3, 95, 96, 43, 1, 1.96%, 11, 0, 9, 8.29, 619538, 1283
2910, 3, 95, 96, 43, 1, 1.96%, 11, 0, 9, 8.28, 619580, 1283
2915, 3, 95, 96, 43, 1, 1.96%, 11, 0, 9, 8.14, 619622, 1283
2920, 3, 95, 96, 43, 1, 1.96%, 11, 0, 9, 8.11, 619663, 1283
2925, 3, 95, 96, 43, 1, 1.96%, 11, 0, 9, 8.25, 619705, 1283
2930, 3, 95, 96, 43, 1, 1.96%, 11, 0, 9, 8.31, 619747, 1283
2935, 3, 95, 96, 43, 1, 1.96%, 11, 0, 9, 8.31, 619789, 1283
2940, 3, 95, 96, 43, 1, 1.96%, 11, 0, 9, 8.32, 619831, 1283
2945, 3, 95, 96, 43, 1, 1.96%, 11, 0, 9, 8.31, 619873, 1283
2950, 3, 95, 96, 43, 1, 1.96%, 11, 0, 9, 8.30, 619915, 1283
2955, 3, 95, 96, 43, 1, 1.96%, 11, 0, 9, 8.34, 619957, 1283
2960, 3, 95, 96, 43, 1, 1.96%, 11, 0, 9, 8.39, 620000, 1283
2965, 3, 95, 96, 43, 1, 1.96%, 11, 0, 9, 8.36, 620042, 1283
2970, 3, 95, 96, 43, 1, 1.96%, 11, 0, 9, 8.33, 620084, 1283
2975, 3, 95, 96, 43, 1, 1.96%, 11, 0, 9, 8.33, 620126, 1283
2980, 3, 95, 96, 43, 1, 1.96%, 11, 0, 9, 8.33, 620168, 1283
2986, 3, 95, 96, 43, 1, 1.96%, 11, 0, 9, 7.99, 620208, 1283
2991, 3, 95, 96, 43, 1, 1.96%, 11, 0, 9, 8.23, 620250, 1283
2996, 3, 95, 96, 43, 1, 1.96%, 11, 0, 9, 8.29, 620292, 1283
3001, 3, 95, 96, 43, 1, 1.96%, 11, 0, 9, 8.33, 620334, 1283
3006, 3, 95, 96, 43, 1, 1.96%, 11, 0, 9, 8.49, 620377, 1283
3011, 3, 95, 97, 44, 1, 1.96%, 11, 0, 10, 9.22, 620426, 1283
3016, 3, 95, 97, 44, 1, 1.96%, 11, 0, 10, 10.08, 620480, 1283
3021, 3, 95, 97, 44, 1, 1.96%, 11, 0, 10, 10.52, 620534, 1283
3027, 3, 95, 97, 44, 1, 1.96%, 11, 0, 10, 9.51, 620583, 1283
3032, 3, 95, 97, 44, 1, 1.96%, 11, 0, 10, 9.72, 620632, 1283
3037, 3, 95, 97, 44, 1, 1.96%, 11, 0, 10, 9.90, 620684, 1283
3042, 3, 95, 97, 44, 1, 1.96%, 11, 0, 10, 9.81, 620734, 1283
3047, 3, 95, 97, 44, 1, 1.96%, 11, 0, 10, 9.54, 620784, 1283
3052, 3, 95, 97, 44, 1, 1.96%, 11, 0, 10, 9.36, 620831, 1283
3057, 3, 95, 97, 44, 1, 1.96%, 11, 0, 10, 85.43, 621037, 1283
3062, 3, 96, 97, 43, 1, 1.96%, 11, 0, 10, 8.80, 621288, 1283
3067, 3, 96, 97, 43, 1, 1.96%, 11, 0, 10, 8.63, 621332, 1283
3072, 3, 96, 97, 43, 1, 1.96%, 11, 0, 10, 8.73, 621376, 1283
3077, 3, 96, 97, 43, 1, 1.96%, 11, 0, 10, 8.42, 621418, 1283
3083, 3, 96, 97, 43, 1, 1.96%, 11, 0, 10, 8.37, 621460, 1283
3088, 3, 96, 97, 43, 1, 1.96%, 11, 0, 10, 8.57, 621504, 1283
3093, 3, 96, 97, 43, 1, 1.96%, 11, 0, 10, 8.40, 621546, 1283
3098, 3, 96, 97, 43, 1, 1.96%, 11, 0, 10, 8.29, 621588, 1283
3103, 3, 96, 97, 43, 1, 1.96%, 11, 0, 10, 8.30, 621630, 1283
3108, 3, 96, 97, 43, 1, 1.96%, 11, 0, 10, 8.31, 621672, 1283
3113, 3, 96, 97, 43, 1, 1.96%, 11, 0, 10, 8.31, 621715, 1283
3118, 3, 96, 97, 43, 1, 1.96%, 11, 0, 10, 8.35, 621758, 1283
3123, 3, 96, 97, 43, 1, 1.96%, 11, 0, 10, 8.35, 621800, 1283
3128, 3, 96, 97, 43, 1, 1.96%, 11, 0, 10, 8.33, 621842, 1283
3133, 3, 96, 97, 43, 1, 1.96%, 11, 0, 10, 8.35, 621884, 1283
3138, 3, 96, 97, 43, 1, 1.96%, 11, 0, 10, 8.33, 621926, 1283
3143, 3, 96, 97, 43, 1, 1.96%, 11, 0, 10, 8.33, 621968, 1283
3148, 3, 96, 97, 43, 1, 1.96%, 11, 0, 10, 8.36, 622010, 1283
3154, 3, 96, 97, 43, 1, 1.96%, 11, 0, 10, 8.40, 622054, 1283
3159, 3, 96, 97, 43, 1, 1.96%, 11, 0, 10, 8.38, 622096, 1283
3164, 3, 96, 97, 43, 1, 1.96%, 11, 0, 10, 8.32, 622138, 1283
3169, 3, 96, 97, 43, 1, 1.96%, 11, 0, 10, 8.43, 622181, 1283
3174, 3, 96, 97, 43, 1, 1.96%, 11, 0, 10, 8.40, 622225, 1283
3179, 3, 96, 97, 43, 1, 1.96%, 11, 0, 10, 8.27, 622267, 1283
3184, 3, 96, 97, 43, 1, 1.96%, 11, 0, 10, 8.28, 622310, 1283
3189, 3, 96, 97, 43, 1, 1.96%, 11, 0, 10, 8.32, 622352, 1283
3194, 3, 96, 97, 43, 1, 1.96%, 11, 0, 10, 8.36, 622394, 1283
3199, 3, 96, 97, 43, 1, 1.96%, 11, 0, 10, 8.34, 622436, 1283
3204, 3, 96, 97, 43, 1, 1.96%, 11, 0, 10, 8.35, 622478, 1283
3209, 3, 96, 97, 43, 1, 1.96%, 11, 0, 10, 8.34, 622520, 1283
3214, 3, 96, 97, 43, 1, 1.96%, 11, 0, 10, 8.36, 622562, 1283
3219, 3, 96, 97, 43, 1, 1.96%, 11, 0, 10, 8.36, 622604, 1283
3225, 3, 96, 97, 43, 1, 1.96%, 11, 0, 10, 8.33, 622646, 1283
3230, 3, 96, 97, 43, 1, 1.96%, 11, 0, 10, 8.37, 622688, 1283
3235, 3, 96, 97, 43, 1, 1.96%, 11, 0, 10, 10.25, 622745, 1283
3240, 3, 96, 98, 44, 1, 1.96%, 11, 0, 11, 10.75, 622800, 1283
3245, 3, 96, 98, 44, 1, 1.96%, 11, 0, 11, 10.69, 622857, 1283
3250, 3, 96, 98, 44, 1, 1.96%, 11, 0, 11, 10.78, 622913, 1283
3255, 3, 96, 98, 44, 1, 1.96%, 11, 0, 11, 12.04, 622975, 1283
3260, 3, 96, 98, 44, 1, 1.96%, 11, 0, 11, 11.00, 623027, 1283
3265, 3, 96, 98, 44, 1, 1.96%, 11, 0, 11, 11.84, 623086, 1283
3270, 3, 96, 98, 44, 1, 1.96%, 11, 0, 11, 10.85, 623138, 1283
3276, 3, 96, 99, 45, 1, 1.96%, 11, 0, 11, 8.49, 623512, 1284
3281, 3, 82, 99, 44, 1, 1.96%, 11, 0, 11, 135.87, 623679, 1284
3286, 3, 82, 99, 44, 1, 1.96%, 11, 0, 11, 221.25, 624927, 1284
3291, 3, 82, 99, 44, 1, 1.96%, 11, 0, 11, 204.42, 625960, 1284
3296, 3, 82, 99, 44, 1, 1.96%, 11, 0, 11, 224.34, 627127, 1284
3301, 3, 16, 99, 44, 1, 1.96%, 11, 0, 11, 200.78, 628213, 1284
3306, 3, 28, 99, 44, 1, 1.96%, 11, 0, 11, 250.97, 629578, 1284
3311, 3, 28, 99, 44, 1, 1.96%, 11, 0, 11, 182.65, 630457, 1284
3317, 3, 28, 99, 44, 1, 1.96%, 11, 0, 11, 9.02, 630910, 1284
3322, 3, 28, 99, 44, 1, 1.96%, 11, 0, 11, 9.51, 630959, 1284
3327, 3, 28, 99, 44, 1, 1.96%, 11, 0, 11, 9.82, 631011, 1284
3332, 3, 28, 99, 44, 1, 1.96%, 11, 0, 11, 138.69, 631291, 1284
3337, 3, 46, 99, 44, 1, 1.96%, 11, 0, 11, 228.44, 632542, 1284
3342, 3, 46, 99, 44, 1, 1.96%, 11, 0, 11, 244.43, 633790, 1284
3347, 3, 46, 99, 44, 1, 1.96%, 11, 0, 11, 247.23, 635074, 1284
3352, 3, 46, 99, 44, 1, 1.96%, 11, 0, 11, 246.79, 636354, 1284
3357, 3, 46, 99, 44, 1, 1.96%, 11, 0, 11, 193.23, 637397, 1284
3362, 3, 46, 99, 44, 1, 1.96%, 11, 0, 11, 85.21, 637652, 1284
3368, 3, 46, 99, 44, 1, 1.96%, 11, 0, 11, 58.30, 637912, 1284
3373, 3, 46, 99, 44, 1, 1.96%, 11, 0, 11, 251.78, 638826, 1284
3378, 3, 46, 99, 44, 1, 1.96%, 11, 0, 11, 201.08, 639674, 1284
3383, 3, 46, 99, 44, 1, 1.96%, 11, 0, 11, 112.33, 640205, 1284
3388, 3, 46, 99, 44, 1, 1.96%, 11, 0, 11, 71.89, 640518, 1284
3393, 3, 46, 99, 44, 1, 1.96%, 11, 0, 11, 208.75, 641549, 1284
3398, 3, 46, 99, 44, 1, 1.96%, 11, 0, 11, 129.29, 642191, 1284
3403, 3, 46, 99, 44, 1, 1.96%, 11, 0, 11, 76.03, 642511, 1284
3408, 3, 46, 99, 44, 1, 1.96%, 11, 0, 11, 191.31, 643472, 1284
3414, 3, 46, 99, 44, 1, 1.96%, 11, 0, 11, 126.38, 644159, 1284
3419, 3, 46, 99, 44, 1, 1.96%, 11, 0, 11, 74.87, 644475, 1284
3424, 3, 46, 99, 44, 1, 1.96%, 11, 0, 11, 168.59, 645308, 1284
3429, 3, 46, 99, 44, 1, 1.96%, 11, 0, 11, 86.13, 645626, 1284
3434, 3, 46, 99, 44, 1, 1.96%, 11, 0, 11, 67.72, 645941, 1284
3439, 3, 46, 99, 44, 1, 1.96%, 11, 0, 11, 199.47, 647208, 1284
3444, 3, 46, 99, 44, 1, 1.96%, 11, 0, 11, 232.64, 648451, 1284
3449, 3, 46, 99, 44, 1, 1.96%, 11, 0, 11, 239.94, 649699, 1284
3455, 3, 46, 99, 44, 1, 1.96%, 11, 0, 11, 248.45, 650995, 1284
3460, 3, 46, 99, 44, 1, 1.96%, 11, 0, 11, 249.82, 652271, 1284
3465, 3, 46, 99, 44, 1, 1.96%, 11, 0, 11, 284.65, 653748, 1284
3470, 3, 46, 99, 44, 1, 1.96%, 11, 0, 11, 274.94, 655077, 1284
3475, 3, 46, 99, 44, 1, 1.96%, 11, 0, 11, 279.02, 656466, 1284
3480, 3, 46, 99, 44, 1, 1.96%, 11, 0, 11, 289.74, 657932, 1284
3485, 3, 46, 99, 44, 1, 1.96%, 11, 0, 11, 256.98, 659251, 1284
3490, 3, 46, 99, 44, 1, 1.96%, 11, 0, 11, 147.09, 659905, 1284
3495, 3, 46, 99, 44, 1, 1.96%, 11, 0, 11, 81.08, 660216, 1284
3500, 3, 46, 99, 44, 1, 1.96%, 11, 0, 11, 85.52, 660592, 1284
3505, 3, 46, 99, 44, 1, 1.96%, 11, 0, 11, 121.74, 661412, 1284
3510, 3, 46, 99, 44, 1, 1.96%, 11, 0, 11, 88.50, 661814, 1284
3516, 3, 46, 99, 44, 1, 1.96%, 11, 0, 11, 224.46, 663148, 1284
3521, 3, 46, 99, 44, 1, 1.96%, 11, 0, 11, 242.65, 664392, 1284
3526, 3, 46, 99, 44, 1, 1.96%, 11, 0, 11, 249.27, 665688, 1284
3531, 3, 46, 99, 44, 1, 1.96%, 11, 0, 11, 251.81, 666961, 1284
3536, 3, 46, 99, 44, 1, 1.96%, 11, 0, 11, 263.62, 668285, 1284
3541, 3, 46, 99, 44, 1, 1.96%, 11, 0, 11, 277.36, 669786, 1284
3546, 3, 46, 99, 44, 1, 1.96%, 11, 0, 11, 27.00, 669926, 1284
3551, 3, 46, 99, 44, 1, 1.96%, 11, 0, 11, 27.60, 670069, 1284
3557, 3, 46, 100, 45, 1, 1.98%, 11, 0, 11, 27.60, 670194, 1296
3562, 3, 46, 100, 45, 1, 1.98%, 11, 0, 11, 27.79, 670335, 1296
3567, 3, 46, 100, 45, 1, 1.98%, 11, 0, 11, 26.89, 670473, 1296
3572, 3, 46, 100, 45, 1, 1.98%, 11, 0, 11, 28.02, 670618, 1296
3577, 3, 46, 100, 45, 1, 1.98%, 11, 0, 11, 26.17, 670751, 1296
3582, 3, 46, 100, 45, 1, 1.98%, 11, 0, 11, 27.13, 670891, 1296
3587, 3, 46, 100, 45, 1, 1.98%, 11, 0, 11, 28.58, 671035, 1296
3592, 3, 46, 100, 45, 1, 1.98%, 11, 0, 11, 53.77, 671296, 1296
3597, 3, 46, 100, 45, 1, 1.98%, 11, 0, 11, 70.81, 671683, 1296
3603, 3, 46, 100, 45, 1, 1.98%, 11, 0, 11, 224.70, 672885, 1296
3608, 3, 46, 100, 45, 1, 1.98%, 11, 0, 11, 123.28, 673441, 1296
