# relative_time, cycles_done, cur_item, corpus_count, pending_total, pending_favs, map_size, saved_crashes, saved_hangs, max_depth, execs_per_sec, total_execs, edges_found
60, 5, 7, 9, 2, 0, 0.65%, 0, 0, 4, 470.34, 28305, 424
66, 5, 6, 9, 2, 0, 0.65%, 0, 0, 4, 483.37, 30749, 424
71, 6, 3, 9, 2, 0, 0.65%, 0, 0, 4, 470.85, 33080, 424
76, 7, 7, 9, 2, 0, 0.65%, 0, 0, 4, 465.94, 35456, 424
81, 7, 5, 9, 2, 0, 0.65%, 0, 0, 4, 451.69, 37681, 424
86, 8, 7, 9, 2, 0, 0.65%, 0, 0, 4, 476.75, 40196, 424
91, 8, 7, 9, 2, 0, 0.65%, 0, 0, 4, 451.63, 42443, 424
96, 8, 5, 9, 2, 0, 0.65%, 0, 0, 4, 472.31, 44862, 424
101, 9, 7, 9, 2, 0, 0.65%, 0, 0, 4, 464.19, 47188, 424
106, 9, 7, 9, 2, 0, 0.65%, 0, 0, 4, 456.26, 49489, 424
111, 10, 7, 9, 2, 0, 0.65%, 0, 0, 4, 472.31, 51914, 424
116, 10, 4, 9, 2, 0, 0.65%, 0, 0, 4, 453.52, 54168, 424
121, 11, 7, 9, 2, 0, 0.65%, 0, 0, 4, 442.34, 56393, 424
126, 11, 7, 9, 2, 0, 0.65%, 0, 0, 4, 452.90, 58670, 424
131, 11, 7, 9, 2, 0, 0.65%, 0, 0, 4, 454.49, 61023, 424
136, 12, 7, 9, 2, 0, 0.65%, 0, 0, 4, 438.51, 63229, 424
141, 12, 6, 9, 2, 0, 0.65%, 0, 0, 4, 425.93, 65311, 424
147, 13, 7, 9, 2, 0, 0.65%, 0, 0, 4, 436.74, 67587, 424
152, 13, 6, 9, 2, 0, 0.65%, 0, 0, 4, 433.93, 69777, 424
157, 14, 7, 9, 2, 0, 0.65%, 0, 0, 4, 442.49, 72043, 424
162, 15, 6, 9, 2, 0, 0.65%, 0, 0, 4, 459.97, 74335, 424
167, 15, 7, 9, 2, 0, 0.65%, 0, 0, 4, 403.70, 76455, 424
172, 16, 7, 9, 2, 0, 0.65%, 0, 0, 4, 442.35, 78689, 424
177, 16, 7, 9, 2, 0, 0.65%, 0, 0, 4, 443.54, 80903, 424
182, 17, 5, 9, 2, 0, 0.65%, 0, 0, 4, 439.07, 83151, 424
187, 17, 7, 9, 2, 0, 0.65%, 0, 0, 4, 422.85, 85259, 424
192, 18, 7, 9, 2, 0, 0.65%, 0, 0, 4, 434.90, 87439, 424
197, 18, 5, 9, 2, 0, 0.65%, 0, 0, 4, 421.33, 89527, 424
202, 19, 4, 9, 2, 0, 0.65%, 0, 0, 4, 429.08, 91731, 424
207, 19, 7, 9, 2, 0, 0.65%, 0, 0, 4, 408.93, 93775, 424
212, 20, 4, 9, 2, 0, 0.65%, 0, 0, 4, 429.65, 95911, 424
218, 21, 7, 9, 2, 0, 0.65%, 0, 0, 4, 427.55, 98077, 424
223, 21, 7, 9, 2, 0, 0.65%, 0, 0, 4, 413.47, 100145, 424
228, 21, 8, 9, 1, 0, 0.65%, 0, 0, 4, 423.70, 102237, 424
233, 22, 7, 9, 0, 0, 0.65%, 0, 0, 4, 425.37, 104497, 424
238, 22, 7, 9, 0, 0, 0.65%, 0, 0, 4, 444.97, 106817, 424
243, 23, 7, 9, 0, 0, 0.65%, 0, 0, 4, 377.87, 108747, 424
248, 23, 7, 9, 0, 0, 0.65%, 0, 0, 4, 421.03, 110909, 424
253, 24, 7, 9, 0, 0, 0.65%, 0, 0, 4, 427.39, 113127, 424
258, 24, 7, 9, 0, 0, 0.65%, 0, 0, 4, 415.75, 115221, 424
263, 24, 7, 9, 0, 0, 0.65%, 0, 0, 4, 430.96, 117357, 424
268, 25, 7, 9, 0, 0, 0.65%, 0, 0, 4, 447.53, 119641, 424
273, 25, 6, 9, 0, 0, 0.65%, 0, 0, 4, 451.98, 121911, 424
278, 26, 3, 9, 0, 0, 0.65%, 0, 0, 4, 469.57, 124271, 424
284, 27, 7, 9, 0, 0, 0.65%, 0, 0, 4, 458.19, 126639, 424
289, 27, 7, 9, 0, 0, 0.65%, 0, 0, 4, 467.36, 128958, 424
294, 28, 7, 9, 0, 0, 0.65%, 0, 0, 4, 485.20, 131423, 424
299, 28, 7, 9, 0, 0, 0.65%, 0, 0, 4, 458.09, 133698, 424
304, 28, 5, 9, 0, 0, 0.65%, 0, 0, 4, 473.15, 136123, 424
309, 29, 7, 9, 0, 0, 0.65%, 0, 0, 4, 469.14, 138464, 424
314, 30, 7, 9, 0, 0, 0.65%, 0, 0, 4, 453.59, 140718, 424
319, 30, 5, 9, 0, 0, 0.65%, 0, 0, 4, 468.34, 143131, 424
324, 31, 8, 9, 0, 0, 0.65%, 0, 0, 4, 463.08, 145432, 424
329, 31, 7, 9, 0, 0, 0.65%, 0, 0, 4, 476.51, 147898, 424
334, 31, 5, 9, 0, 0, 0.65%, 0, 0, 4, 466.93, 150202, 424
339, 32, 7, 9, 0, 0, 0.65%, 0, 0, 4, 451.15, 152560, 424
344, 32, 7, 9, 0, 0, 0.65%, 0, 0, 4, 447.17, 154789, 424
349, 32, 7, 9, 0, 0, 0.65%, 0, 0, 4, 448.28, 157037, 424
354, 33, 6, 9, 0, 0, 0.65%, 0, 0, 4, 461.21, 159372, 424
359, 33, 7, 9, 0, 0, 0.65%, 0, 0, 4, 450.35, 161637, 424
365, 34, 6, 9, 0, 0, 0.65%, 0, 0, 4, 454.93, 163999, 424
370, 34, 7, 9, 0, 0, 0.65%, 0, 0, 4, 456.72, 166336, 424
375, 34, 7, 9, 0, 0, 0.65%, 0, 0, 4, 460.84, 168700, 424
380, 35, 4, 9, 0, 0, 0.65%, 0, 0, 4, 469.54, 171140, 424
385, 35, 7, 9, 0, 0, 0.65%, 0, 0, 4, 457.54, 173432, 424
390, 36, 7, 9, 0, 0, 0.65%, 0, 0, 4, 465.67, 175854, 424
395, 37, 3, 9, 0, 0, 0.65%, 0, 0, 4, 436.04, 178037, 424
400, 37, 7, 9, 0, 0, 0.65%, 0, 0, 4, 437.16, 180299, 424
405, 38, 7, 9, 0, 0, 0.65%, 0, 0, 4, 403.90, 182315, 424
411, 38, 7, 9, 0, 0, 0.65%, 0, 0, 4, 410.77, 184387, 424
416, 38, 7, 9, 0, 0, 0.65%, 0, 0, 4, 421.86, 186577, 424
421, 39, 6, 9, 0, 0, 0.65%, 0, 0, 4, 437.84, 188851, 424
426, 39, 5, 9, 0, 0, 0.65%, 0, 0, 4, 421.94, 191011, 424
431, 40, 7, 9, 0, 0, 0.65%, 0, 0, 4, 421.84, 193219, 424
436, 40, 7, 9, 0, 0, 0.65%, 0, 0, 4, 395.27, 195167, 424
441, 41, 7, 9, 0, 0, 0.65%, 0, 0, 4, 431.80, 197347, 424
446, 41, 7, 9, 0, 0, 0.65%, 0, 0, 4, 410.87, 199401, 424
451, 42, 7, 9, 0, 0, 0.65%, 0, 0, 4, 373.24, 201226, 424
456, 42, 7, 9, 0, 0, 0.65%, 0, 0, 4, 419.49, 203437, 424
462, 43, 7, 9, 0, 0, 0.65%, 0, 0, 4, 448.06, 205765, 424
467, 43, 7, 9, 0, 0, 0.65%, 0, 0, 4, 430.53, 207933, 424
472, 43, 3, 9, 0, 0, 0.65%, 0, 0, 4, 385.02, 209866, 424
477, 44, 7, 9, 0, 0, 0.65%, 0, 0, 4, 342.51, 211547, 424
482, 44, 7, 9, 0, 0, 0.65%, 0, 0, 4, 347.00, 213339, 424
487, 44, 7, 9, 0, 0, 0.65%, 0, 0, 4, 349.19, 215171, 424
493, 45, 7, 9, 0, 0, 0.65%, 0, 0, 4, 343.28, 216957, 424
498, 45, 7, 9, 0, 0, 0.65%, 0, 0, 4, 340.07, 218667, 424
503, 45, 7, 9, 0, 0, 0.65%, 0, 0, 4, 338.92, 220399, 424
508, 46, 5, 9, 0, 0, 0.65%, 0, 0, 4, 360.96, 222227, 424
513, 46, 7, 9, 0, 0, 0.65%, 0, 0, 4, 347.74, 224013, 424
518, 47, 3, 9, 0, 0, 0.65%, 0, 0, 4, 363.39, 225865, 424
523, 47, 7, 9, 0, 0, 0.65%, 0, 0, 4, 340.11, 227543, 424
528, 48, 6, 9, 0, 0, 0.65%, 0, 0, 4, 345.97, 229287, 424
533, 48, 7, 9, 0, 0, 0.65%, 0, 0, 4, 359.95, 231192, 424
538, 48, 4, 9, 0, 0, 0.65%, 0, 0, 4, 341.71, 232913, 424
543, 49, 7, 9, 0, 0, 0.65%, 0, 0, 4, 330.10, 234531, 424
548, 49, 5, 9, 0, 0, 0.65%, 0, 0, 4, 342.37, 236311, 424
554, 49, 7, 9, 0, 0, 0.65%, 0, 0, 4, 335.48, 238069, 424
559, 50, 7, 9, 0, 0, 0.65%, 0, 0, 4, 325.16, 239729, 424
564, 50, 4, 9, 0, 0, 0.65%, 0, 0, 4, 326.51, 241373, 424
569, 50, 7, 9, 0, 0, 0.65%, 0, 0, 4, 331.22, 243057, 424
574, 51, 7, 9, 0, 0, 0.65%, 0, 0, 4, 333.85, 244723, 424
579, 51, 7, 9, 0, 0, 0.65%, 0, 0, 4, 334.86, 246399, 424
584, 51, 6, 9, 0, 0, 0.65%, 0, 0, 4, 357.04, 248252, 424
589, 52, 7, 9, 0, 0, 0.65%, 0, 0, 4, 338.89, 249919, 424
594, 52, 7, 9, 0, 0, 0.65%, 0, 0, 4, 344.62, 251659, 424
599, 52, 3, 9, 0, 0, 0.65%, 0, 0, 4, 340.69, 253383, 424
604, 53, 7, 9, 0, 0, 0.65%, 0, 0, 4, 339.14, 255179, 424
609, 53, 7, 9, 0, 0, 0.65%, 0, 0, 4, 337.09, 256869, 424
615, 54, 7, 9, 0, 0, 0.65%, 0, 0, 4, 344.85, 258681, 424
620, 54, 0, 9, 0, 0, 0.65%, 0, 0, 4, 328.53, 260381, 424
625, 54, 7, 9, 0, 0, 0.65%, 0, 0, 4, 324.98, 262009, 424
630, 54, 7, 9, 0, 0, 0.65%, 0, 0, 4, 341.28, 263757, 424
635, 55, 7, 9, 0, 0, 0.65%, 0, 0, 4, 350.41, 265536, 424
640, 55, 0, 9, 0, 0, 0.65%, 0, 0, 4, 343.07, 267321, 424
645, 55, 0, 9, 0, 0, 0.65%, 0, 0, 4, 321.21, 268905, 424
650, 56, 7, 9, 0, 0, 0.65%, 0, 0, 4, 338.46, 270611, 424
655, 56, 7, 9, 0, 0, 0.65%, 0, 0, 4, 339.71, 272299, 424
660, 56, 7, 9, 0, 0, 0.65%, 0, 0, 4, 332.96, 273983, 424
666, 57, 7, 9, 0, 0, 0.65%, 0, 0, 4, 341.03, 275765, 424
671, 57, 7, 9, 0, 0, 0.65%, 0, 0, 4, 314.78, 277379, 424
676, 57, 7, 9, 0, 0, 0.65%, 0, 0, 4, 325.63, 279077, 424
681, 58, 7, 9, 0, 0, 0.65%, 0, 0, 4, 336.62, 280803, 424
686, 58, 3, 9, 0, 0, 0.65%, 0, 0, 4, 342.25, 282545, 424
691, 59, 7, 9, 0, 0, 0.65%, 0, 0, 4, 344.18, 284283, 424
696, 59, 6, 9, 0, 0, 0.65%, 0, 0, 4, 348.32, 286095, 424
701, 59, 4, 9, 0, 0, 0.65%, 0, 0, 4, 341.02, 287815, 424
706, 60, 7, 9, 0, 0, 0.65%, 0, 0, 4, 349.85, 289604, 424
711, 60, 5, 9, 0, 0, 0.65%, 0, 0, 4, 348.37, 291381, 424
716, 61, 7, 9, 0, 0, 0.65%, 0, 0, 4, 345.91, 293117, 424
722, 61, 4, 9, 0, 0, 0.65%, 0, 0, 4, 351.09, 294913, 424
727, 61, 3, 9, 0, 0, 0.65%, 0, 0, 4, 370.72, 296823, 424
732, 62, 7, 9, 0, 0, 0.65%, 0, 0, 4, 342.62, 298509, 424
737, 62, 4, 9, 0, 0, 0.65%, 0, 0, 4, 332.67, 300130, 424
742, 62, 7, 9, 0, 0, 0.65%, 0, 0, 4, 334.30, 301827, 424
747, 63, 7, 9, 0, 0, 0.65%, 0, 0, 4, 333.01, 303499, 424
752, 63, 5, 9, 0, 0, 0.65%, 0, 0, 4, 355.32, 305323, 424
757, 64, 7, 9, 0, 0, 0.65%, 0, 0, 4, 336.70, 307011, 424
762, 64, 3, 9, 0, 0, 0.65%, 0, 0, 4, 341.25, 308781, 424
767, 64, 7, 9, 0, 0, 0.65%, 0, 0, 4, 332.58, 310517, 424
772, 65, 7, 9, 0, 0, 0.65%, 0, 0, 4, 345.34, 312229, 424
777, 65, 7, 9, 0, 0, 0.65%, 0, 0, 4, 347.68, 314007, 424
782, 65, 7, 9, 0, 0, 0.65%, 0, 0, 4, 344.46, 315807, 424
787, 66, 7, 9, 0, 0, 0.65%, 0, 0, 4, 340.48, 317537, 424
793, 66, 7, 9, 0, 0, 0.65%, 0, 0, 4, 354.93, 319412, 424
798, 67, 7, 9, 0, 0, 0.65%, 0, 0, 4, 353.46, 321191, 424
803, 67, 7, 9, 0, 0, 0.65%, 0, 0, 4, 342.79, 322867, 424
808, 67, 7, 9, 0, 0, 0.65%, 0, 0, 4, 346.57, 324681, 424
813, 68, 7, 9, 0, 0, 0.65%, 0, 0, 4, 347.77, 326445, 424
818, 68, 7, 9, 0, 0, 0.65%, 0, 0, 4, 338.73, 328181, 424
823, 69, 7, 9, 0, 0, 0.65%, 0, 0, 4, 329.78, 329897, 424
828, 69, 6, 9, 0, 0, 0.65%, 0, 0, 4, 343.57, 331683, 424
833, 69, 4, 9, 0, 0, 0.65%, 0, 0, 4, 324.33, 333321, 424
838, 70, 5, 9, 0, 0, 0.65%, 0, 0, 4, 339.54, 335025, 424
844, 70, 6, 9, 0, 0, 0.65%, 0, 0, 4, 356.25, 336900, 424
849, 70, 7, 9, 0, 0, 0.65%, 0, 0, 4, 346.78, 338635, 424
854, 71, 7, 9, 0, 0, 0.65%, 0, 0, 4, 342.93, 340355, 424
859, 71, 4, 9, 0, 0, 0.65%, 0, 0, 4, 345.55, 342077, 424
864, 71, 7, 9, 0, 0, 0.65%, 0, 0, 4, 334.00, 343797, 424
869, 72, 7, 9, 0, 0, 0.65%, 0, 0, 4, 330.26, 345503, 424
874, 72, 7, 9, 0, 0, 0.65%, 0, 0, 4, 341.50, 347235, 424
879, 73, 4, 9, 0, 0, 0.65%, 0, 0, 4, 345.39, 348951, 424
884, 73, 7, 9, 0, 0, 0.65%, 0, 0, 4, 341.64, 350725, 424
889, 73, 7, 9, 0, 0, 0.65%, 0, 0, 4, 350.47, 352514, 424
894, 73, 7, 9, 0, 0, 0.65%, 0, 0, 4, 342.13, 354221, 424
899, 74, 7, 9, 0, 0, 0.65%, 0, 0, 4, 343.62, 355989, 424
904, 74, 7, 9, 0, 0, 0.65%, 0, 0, 4, 348.71, 357769, 424
909, 75, 7, 9, 0, 0, 0.65%, 0, 0, 4, 364.03, 359625, 424
914, 75, 7, 9, 0, 0, 0.65%, 0, 0, 4, 361.08, 361442, 424
920, 76, 4, 9, 0, 0, 0.65%, 0, 0, 4, 350.78, 363301, 424
925, 76, 1, 9, 0, 0, 0.65%, 0, 0, 4, 349.71, 365101, 424
930, 76, 7, 9, 0, 0, 0.65%, 0, 0, 4, 334.29, 366769, 424
935, 76, 7, 9, 0, 0, 0.65%, 0, 0, 4, 314.58, 368311, 424
940, 77, 1, 9, 0, 0, 0.65%, 0, 0, 4, 340.22, 370033, 424
945, 77, 7, 9, 0, 0, 0.65%, 0, 0, 4, 346.41, 371779, 424
950, 77, 7, 9, 0, 0, 0.65%, 0, 0, 4, 353.73, 373536, 424
955, 78, 7, 9, 0, 0, 0.65%, 0, 0, 4, 342.63, 375327, 424
960, 78, 7, 9, 0, 0, 0.65%, 0, 0, 4, 342.48, 377095, 424
965, 79, 7, 9, 0, 0, 0.65%, 0, 0, 4, 334.84, 378765, 424
970, 79, 7, 9, 0, 0, 0.65%, 0, 0, 4, 340.31, 380539, 424
976, 80, 7, 9, 0, 0, 0.65%, 0, 0, 4, 329.88, 382251, 424
981, 80, 7, 9, 0, 0, 0.65%, 0, 0, 4, 331.34, 383901, 424
986, 80, 4, 9, 0, 0, 0.65%, 0, 0, 4, 329.78, 385549, 424
991, 81, 7, 9, 0, 0, 0.65%, 0, 0, 4, 338.25, 387267, 424
996, 81, 7, 9, 0, 0, 0.65%, 0, 0, 4, 343.72, 389089, 424
1001, 82, 7, 9, 0, 0, 0.65%, 0, 0, 4, 345.85, 390825, 424
1006, 82, 7, 9, 0, 0, 0.65%, 0, 0, 4, 337.02, 392565, 424
1011, 82, 3, 9, 0, 0, 0.65%, 0, 0, 4, 336.56, 394315, 424
1017, 83, 7, 9, 0, 0, 0.65%, 0, 0, 4, 344.65, 396103, 424
1022, 83, 7, 9, 0, 0, 0.65%, 0, 0, 4, 341.54, 397877, 424
1027, 83, 7, 9, 0, 0, 0.65%, 0, 0, 4, 340.32, 399661, 424
1032, 84, 3, 9, 0, 0, 0.65%, 0, 0, 4, 346.41, 401401, 424
1037, 84, 7, 9, 0, 0, 0.65%, 0, 0, 4, 332.44, 403047, 424
1042, 85, 3, 9, 0, 0, 0.65%, 0, 0, 4, 343.99, 404779, 424
1047, 85, 7, 9, 0, 0, 0.65%, 0, 0, 4, 334.19, 406441, 424
1052, 86, 7, 9, 0, 0, 0.65%, 0, 0, 4, 339.46, 408121, 424
1057, 86, 5, 9, 0, 0, 0.65%, 0, 0, 4, 343.91, 409833, 424
1062, 86, 7, 9, 0, 0, 0.65%, 0, 0, 4, 321.82, 411455, 424
1067, 87, 6, 9, 0, 0, 0.65%, 0, 0, 4, 323.67, 413061, 424
1072, 87, 7, 9, 0, 0, 0.65%, 0, 0, 4, 326.65, 414699, 424
1077, 88, 7, 9, 0, 0, 0.65%, 0, 0, 4, 328.05, 416391, 424
1082, 88, 7, 9, 0, 0, 0.65%, 0, 0, 4, 325.83, 418027, 424
1088, 88, 7, 9, 0, 0, 0.65%, 0, 0, 4, 349.53, 419861, 424
1093, 89, 3, 9, 0, 0, 0.65%, 0, 0, 4, 344.34, 421593, 424
1098, 89, 7, 9, 0, 0, 0.65%, 0, 0, 4, 345.32, 423339, 424
1103, 90, 7, 9, 0, 0, 0.65%, 0, 0, 4, 343.45, 425033, 424
1108, 90, 7, 9, 0, 0, 0.65%, 0, 0, 4, 334.61, 426759, 424
1113, 90, 6, 9, 0, 0, 0.65%, 0, 0, 4, 356.08, 428584, 424
1118, 90, 6, 9, 0, 0, 0.65%, 0, 0, 4, 351.58, 430372, 424
1123, 91, 7, 9, 0, 0, 0.65%, 0, 0, 4, 335.46, 432049, 424
1128, 91, 7, 9, 0, 0, 0.65%, 0, 0, 4, 327.51, 433705, 424
1133, 92, 4, 9, 0, 0, 0.65%, 0, 0, 4, 324.23, 435295, 424
1138, 92, 7, 9, 0, 0, 0.65%, 0, 0, 4, 340.84, 437079, 424
1143, 92, 7, 9, 0, 0, 0.65%, 0, 0, 4, 334.36, 438765, 424
1149, 92, 8, 9, 0, 0, 0.65%, 0, 0, 4, 340.20, 440505, 424
1154, 93, 7, 9, 0, 0, 0.65%, 0, 0, 4, 343.82, 442313, 424
1159, 93, 7, 9, 0, 0, 0.65%, 0, 0, 4, 332.58, 444039, 424
1164, 93, 7, 9, 0, 0, 0.65%, 0, 0, 4, 329.93, 445699, 424
1169, 94, 4, 9, 0, 0, 0.65%, 0, 0, 4, 336.08, 447371, 424
1174, 94, 7, 9, 0, 0, 0.65%, 0, 0, 4, 355.80, 449207, 424
1179, 94, 7, 9, 0, 0, 0.65%, 0, 0, 4, 339.92, 450897, 424
1184, 95, 7, 9, 0, 0, 0.65%, 0, 0, 4, 351.12, 452661, 424
1189, 95, 7, 9, 0, 0, 0.65%, 0, 0, 4, 339.34, 454361, 424
1195, 96, 7, 9, 0, 0, 0.65%, 0, 0, 4, 335.14, 456107, 424
1200, 96, 7, 9, 0, 0, 0.65%, 0, 0, 4, 340.28, 457871, 424
1205, 96, 7, 9, 0, 0, 0.65%, 0, 0, 4, 344.15, 459593, 424
1210, 97, 6, 9, 0, 0, 0.65%, 0, 0, 4, 345.45, 461327, 424
1215, 97, 7, 9, 0, 0, 0.65%, 0, 0, 4, 346.99, 463123, 424
1220, 97, 3, 9, 0, 0, 0.65%, 0, 0, 4, 334.24, 464781, 424
1225, 98, 7, 9, 0, 0, 0.65%, 0, 0, 4, 336.33, 466477, 424
1230, 98, 7, 9, 0, 0, 0.65%, 0, 0, 4, 333.83, 468141, 424
1235, 98, 7, 9, 0, 0, 0.65%, 0, 0, 4, 336.37, 469866, 424
1240, 99, 7, 9, 0, 0, 0.65%, 0, 0, 4, 334.69, 471573, 424
1245, 99, 7, 9, 0, 0, 0.65%, 0, 0, 4, 332.42, 473251, 424
1250, 100, 4, 9, 0, 0, 0.65%, 0, 0, 4, 338.15, 474947, 424
1255, 100, 7, 9, 0, 0, 0.65%, 0, 0, 4, 341.56, 476687, 424
1260, 101, 4, 9, 0, 0, 0.65%, 0, 0, 4, 341.19, 478395, 424
1265, 101, 3, 9, 0, 0, 0.65%, 0, 0, 4, 340.52, 480091, 424
1270, 102, 7, 9, 0, 0, 0.65%, 0, 0, 4, 334.21, 481763, 424
1275, 102, 7, 9, 0, 0, 0.65%, 0, 0, 4, 348.66, 483623, 424
1280, 102, 7, 9, 0, 0, 0.65%, 0, 0, 4, 336.40, 485305, 424
1285, 103, 7, 9, 0, 0, 0.65%, 0, 0, 4, 331.57, 486949, 424
1291, 103, 7, 9, 0, 0, 0.65%, 0, 0, 4, 334.08, 488677, 424
1296, 103, 7, 9, 0, 0, 0.65%, 0, 0, 4, 337.61, 490369, 424
1301, 104, 3, 9, 0, 0, 0.65%, 0, 0, 4, 334.45, 492095, 424
1306, 104, 7, 9, 0, 0, 0.65%, 0, 0, 4, 337.69, 493863, 424
1311, 104, 7, 9, 0, 0, 0.65%, 0, 0, 4, 335.35, 495547, 424
1316, 105, 7, 9, 0, 0, 0.65%, 0, 0, 4, 328.87, 497207, 424
1321, 105, 7, 9, 0, 0, 0.65%, 0, 0, 4, 342.84, 498951, 424
1326, 105, 7, 9, 0, 0, 0.65%, 0, 0, 4, 325.27, 500661, 424
1332, 106, 7, 9, 0, 0, 0.65%, 0, 0, 4, 325.00, 502349, 424
1337, 106, 3, 9, 0, 0, 0.65%, 0, 0, 4, 328.26, 503993, 424
1342, 106, 7, 9, 0, 0, 0.65%, 0, 0, 4, 340.35, 505729, 424
1347, 107, 7, 9, 0, 0, 0.65%, 0, 0, 4, 335.92, 507463, 424
1352, 107, 7, 9, 0, 0, 0.65%, 0, 0, 4, 338.28, 509227, 424
1357, 107, 7, 9, 0, 0, 0.65%, 0, 0, 4, 333.80, 510913, 424
1362, 107, 5, 9, 0, 0, 0.65%, 0, 0, 4, 335.11, 512637, 424
1367, 108, 6, 9, 0, 0, 0.65%, 0, 0, 4, 327.18, 514283, 424
1372, 108, 7, 9, 0, 0, 0.65%, 0, 0, 4, 336.59, 516049, 424
1377, 109, 7, 9, 0, 0, 0.65%, 0, 0, 4, 338.49, 517737, 424
1383, 109, 5, 9, 0, 0, 0.65%, 0, 0, 4, 339.67, 519483, 424
1388, 109, 7, 9, 0, 0, 0.65%, 0, 0, 4, 350.63, 521262, 424
1393, 110, 7, 9, 0, 0, 0.65%, 0, 0, 4, 329.92, 522917, 424
1398, 110, 4, 9, 0, 0, 0.65%, 0, 0, 4, 342.02, 524641, 424
1403, 110, 7, 9, 0, 0, 0.65%, 0, 0, 4, 347.27, 526431, 424
1408, 111, 7, 9, 0, 0, 0.65%, 0, 0, 4, 345.72, 528193, 424
1413, 111, 7, 9, 0, 0, 0.65%, 0, 0, 4, 336.04, 529877, 424
1418, 111, 0, 9, 0, 0, 0.65%, 0, 0, 4, 328.50, 531563, 424
1423, 111, 7, 9, 0, 0, 0.65%, 0, 0, 4, 329.20, 533269, 424
1428, 112, 8, 9, 0, 0, 0.65%, 0, 0, 4, 348.61, 535043, 424
1433, 112, 7, 9, 0, 0, 0.65%, 0, 0, 4, 347.41, 536779, 424
1438, 112, 7, 9, 0, 0, 0.65%, 0, 0, 4, 351.83, 538549, 424
1443, 113, 8, 9, 0, 0, 0.65%, 0, 0, 4, 365.52, 540381, 424
1448, 113, 8, 9, 0, 0, 0.65%, 0, 0, 4, 355.49, 542166, 424
1453, 113, 7, 9, 0, 0, 0.65%, 0, 0, 4, 338.34, 543889, 424
1459, 113, 7, 9, 0, 0, 0.65%, 0, 0, 4, 327.92, 545579, 424
1464, 114, 7, 9, 0, 0, 0.65%, 0, 0, 4, 324.68, 547193, 424
1469, 114, 0, 9, 0, 0, 0.65%, 0, 0, 4, 322.26, 548823, 424
1474, 114, 7, 9, 0, 0, 0.65%, 0, 0, 4, 356.25, 550669, 424
1479, 115, 4, 9, 0, 0, 0.65%, 0, 0, 4, 353.07, 552450, 424
1484, 115, 7, 9, 0, 0, 0.65%, 0, 0, 4, 348.02, 554195, 424
1489, 115, 5, 9, 0, 0, 0.65%, 0, 0, 4, 369.52, 556136, 424
1494, 116, 4, 9, 0, 0, 0.65%, 0, 0, 4, 360.30, 557937, 424
1499, 116, 7, 9, 0, 0, 0.65%, 0, 0, 4, 363.43, 559807, 424
1504, 117, 7, 9, 0, 0, 0.65%, 0, 0, 4, 349.58, 561583, 424
1510, 117, 7, 9, 0, 0, 0.65%, 0, 0, 4, 347.52, 563387, 424
1515, 117, 7, 9, 0, 0, 0.65%, 0, 0, 4, 337.16, 565083, 424
1520, 118, 8, 9, 0, 0, 0.65%, 0, 0, 4, 365.61, 567051, 424
1525, 118, 7, 9, 0, 0, 0.65%, 0, 0, 4, 343.01, 568835, 424
1530, 118, 7, 9, 0, 0, 0.65%, 0, 0, 4, 333.43, 570503, 424
1535, 118, 7, 9, 0, 0, 0.65%, 0, 0, 4, 329.97, 572169, 424
1540, 119, 8, 9, 0, 0, 0.65%, 0, 0, 4, 344.36, 573975, 424
1545, 119, 7, 9, 0, 0, 0.65%, 0, 0, 4, 339.49, 575729, 424
1551, 119, 7, 9, 0, 0, 0.65%, 0, 0, 4, 330.07, 577365, 424
1556, 119, 7, 9, 0, 0, 0.65%, 0, 0, 4, 333.25, 579081, 424
1561, 120, 7, 9, 0, 0, 0.65%, 0, 0, 4, 351.80, 580902, 424
1566, 120, 8, 9, 0, 0, 0.65%, 0, 0, 4, 355.09, 582716, 424
1571, 120, 7, 9, 0, 0, 0.65%, 0, 0, 4, 337.29, 584469, 424
1576, 121, 7, 9, 0, 0, 0.65%, 0, 0, 4, 337.93, 586249, 424
1581, 121, 4, 9, 0, 0, 0.65%, 0, 0, 4, 331.84, 587897, 424
1586, 122, 7, 9, 0, 0, 0.65%, 0, 0, 4, 341.52, 589621, 424
1591, 122, 7, 9, 0, 0, 0.65%, 0, 0, 4, 325.95, 591233, 424
1597, 122, 5, 9, 0, 0, 0.65%, 0, 0, 4, 346.87, 593035, 424
1602, 123, 7, 9, 0, 0, 0.65%, 0, 0, 4, 327.95, 594661, 424
1607, 123, 7, 9, 0, 0, 0.65%, 0, 0, 4, 340.00, 596433, 424
1612, 123, 7, 9, 0, 0, 0.65%, 0, 0, 4, 344.07, 598241, 424
1617, 124, 7, 9, 0, 0, 0.65%, 0, 0, 4, 336.24, 599941, 424
1622, 124, 5, 9, 0, 0, 0.65%, 0, 0, 4, 351.94, 601711, 424
1627, 125, 7, 9, 0, 0, 0.65%, 0, 0, 4, 344.79, 603445, 424
1632, 125, 6, 9, 0, 0, 0.65%, 0, 0, 4, 372.50, 605366, 424
1637, 125, 7, 9, 0, 0, 0.65%, 0, 0, 4, 346.90, 607097, 424
1642, 126, 7, 9, 0, 0, 0.65%, 0, 0, 4, 338.69, 608805, 424
1647, 126, 8, 9, 0, 0, 0.65%, 0, 0, 4, 343.52, 610513, 424
1652, 126, 7, 9, 0, 0, 0.65%, 0, 0, 4, 356.95, 612307, 424
1658, 127, 6, 9, 0, 0, 0.65%, 0, 0, 4, 335.88, 614001, 424
1663, 127, 7, 9, 0, 0, 0.65%, 0, 0, 4, 341.09, 615723, 424
1668, 127, 7, 9, 0, 0, 0.65%, 0, 0, 4, 344.09, 617455, 424
1673, 128, 7, 9, 0, 0, 0.65%, 0, 0, 4, 330.00, 619095, 424
1678, 128, 7, 9, 0, 0, 0.65%, 0, 0, 4, 332.57, 620747, 424
1683, 129, 7, 9, 0, 0, 0.65%, 0, 0, 4, 332.77, 622413, 424
1688, 129, 7, 9, 0, 0, 0.65%, 0, 0, 4, 333.66, 624062, 424
1693, 129, 7, 9, 0, 0, 0.65%, 0, 0, 4, 344.88, 625895, 424
1698, 130, 7, 9, 0, 0, 0.65%, 0, 0, 4, 341.04, 627665, 424
1703, 130, 6, 9, 0, 0, 0.65%, 0, 0, 4, 345.68, 629373, 424
1708, 130, 7, 9, 0, 0, 0.65%, 0, 0, 4, 341.63, 631093, 424
1713, 131, 7, 9, 0, 0, 0.65%, 0, 0, 4, 335.93, 632779, 424
1718, 131, 7, 9, 0, 0, 0.65%, 0, 0, 4, 339.98, 634535, 424
1724, 131, 5, 9, 0, 0, 0.65%, 0, 0, 4, 333.26, 636233, 424
1729, 132, 4, 9, 0, 0, 0.65%, 0, 0, 4, 366.88, 638115, 424
1734, 132, 7, 9, 0, 0, 0.65%, 0, 0, 4, 356.81, 639926, 424
1739, 133, 7, 9, 0, 0, 0.65%, 0, 0, 4, 331.21, 641561, 424
1744, 133, 7, 9, 0, 0, 0.65%, 0, 0, 4, 328.46, 643257, 424
1749, 133, 7, 9, 0, 0, 0.65%, 0, 0, 4, 331.83, 644943, 424
1754, 134, 7, 9, 0, 0, 0.65%, 0, 0, 4, 346.98, 646743, 424
1759, 134, 7, 9, 0, 0, 0.65%, 0, 0, 4, 345.62, 648467, 424
1764, 134, 7, 9, 0, 0, 0.65%, 0, 0, 4, 339.00, 650168, 424
1769, 135, 7, 9, 0, 0, 0.65%, 0, 0, 4, 327.41, 651867, 424
1775, 135, 7, 9, 0, 0, 0.65%, 0, 0, 4, 326.05, 653559, 424
1780, 135, 7, 9, 0, 0, 0.65%, 0, 0, 4, 328.17, 655269, 424
1785, 136, 7, 9, 0, 0, 0.65%, 0, 0, 4, 323.06, 656961, 424
1790, 136, 4, 9, 0, 0, 0.65%, 0, 0, 4, 321.22, 658591, 424
1795, 136, 7, 9, 0, 0, 0.65%, 0, 0, 4, 336.42, 660301, 424
1800, 137, 7, 9, 0, 0, 0.65%, 0, 0, 4, 337.35, 662033, 424
1805, 137, 6, 9, 0, 0, 0.65%, 0, 0, 4, 365.73, 663888, 424
1810, 137, 3, 9, 0, 0, 0.65%, 0, 0, 4, 356.97, 665662, 424
1816, 138, 7, 9, 0, 0, 0.65%, 0, 0, 4, 349.72, 667441, 424
1821, 138, 7, 9, 0, 0, 0.65%, 0, 0, 4, 341.52, 669123, 424
1826, 138, 7, 9, 0, 0, 0.65%, 0, 0, 4, 341.73, 670821, 424
1831, 139, 5, 9, 0, 0, 0.65%, 0, 0, 4, 354.82, 672690, 424
1836, 139, 7, 9, 0, 0, 0.65%, 0, 0, 4, 358.82, 674532, 424
1841, 140, 4, 9, 0, 0, 0.65%, 0, 0, 4, 328.78, 676157, 424
1846, 140, 7, 9, 0, 0, 0.65%, 0, 0, 4, 346.29, 677935, 424
1851, 140, 6, 9, 0, 0, 0.65%, 0, 0, 4, 353.50, 679682, 424
1856, 141, 5, 9, 0, 0, 0.65%, 0, 0, 4, 332.20, 681327, 424
1861, 141, 7, 9, 0, 0, 0.65%, 0, 0, 4, 331.87, 683007, 424
1866, 141, 5, 9, 0, 0, 0.65%, 0, 0, 4, 334.95, 684734, 424
1871, 142, 7, 9, 0, 0, 0.65%, 0, 0, 4, 330.44, 686387, 424
1876, 142, 6, 9, 0, 0, 0.65%, 0, 0, 4, 347.21, 688216, 424
1881, 143, 7, 9, 0, 0, 0.65%, 0, 0, 4, 355.08, 690029, 424
1886, 143, 7, 9, 0, 0, 0.65%, 0, 0, 4, 337.19, 691733, 424
1892, 143, 7, 9, 0, 0, 0.65%, 0, 0, 4, 327.42, 693433, 424
1897, 144, 4, 9, 0, 0, 0.65%, 0, 0, 4, 333.85, 695173, 424
1902, 144, 7, 9, 0, 0, 0.65%, 0, 0, 4, 332.96, 696853, 424
1907, 145, 7, 9, 0, 0, 0.65%, 0, 0, 4, 331.41, 698517, 424
1912, 145, 7, 9, 0, 0, 0.65%, 0, 0, 4, 346.95, 700345, 424
1917, 145, 6, 9, 0, 0, 0.65%, 0, 0, 4, 345.33, 702069, 424
1922, 146, 7, 9, 0, 0, 0.65%, 0, 0, 4, 324.06, 703657, 424
1927, 146, 5, 9, 0, 0, 0.65%, 0, 0, 4, 337.95, 705371, 424
1932, 146, 7, 9, 0, 0, 0.65%, 0, 0, 4, 325.40, 707015, 424
1937, 147, 7, 9, 0, 0, 0.65%, 0, 0, 4, 335.26, 708675, 424
1942, 147, 7, 9, 0, 0, 0.65%, 0, 0, 4, 322.60, 710277, 424
1947, 147, 7, 9, 0, 0, 0.65%, 0, 0, 4, 335.62, 711963, 424
1952, 148, 7, 9, 0, 0, 0.65%, 0, 0, 4, 326.01, 713591, 424
1958, 148, 6, 9, 0, 0, 0.65%, 0, 0, 4, 348.04, 715379, 424
1963, 149, 7, 9, 0, 0, 0.65%, 0, 0, 4, 349.37, 717150, 424
1968, 149, 7, 9, 0, 0, 0.65%, 0, 0, 4, 337.24, 718827, 424
1973, 149, 7, 9, 0, 0, 0.65%, 0, 0, 4, 345.16, 720633, 424
1978, 150, 7, 9, 0, 0, 0.65%, 0, 0, 4, 337.31, 722359, 424
1983, 150, 4, 9, 0, 0, 0.65%, 0, 0, 4, 336.30, 724101, 424
1988, 150, 7, 9, 0, 0, 0.65%, 0, 0, 4, 334.97, 725781, 424
1993, 151, 7, 9, 0, 0, 0.65%, 0, 0, 4, 343.69, 727495, 424
1998, 151, 5, 9, 0, 0, 0.65%, 0, 0, 4, 346.94, 729219, 424
2003, 151, 5, 9, 0, 0, 0.65%, 0, 0, 4, 346.51, 730947, 424
2008, 152, 7, 9, 0, 0, 0.65%, 0, 0, 4, 348.54, 732703, 424
2013, 152, 6, 9, 0, 0, 0.65%, 0, 0, 4, 349.46, 734519, 424
2019, 152, 7, 9, 0, 0, 0.65%, 0, 0, 4, 365.28, 736419, 424
2024, 153, 7, 9, 0, 0, 0.65%, 0, 0, 4, 349.89, 738135, 424
2029, 153, 6, 9, 0, 0, 0.65%, 0, 0, 4, 366.24, 740007, 424
2034, 153, 7, 9, 0, 0, 0.65%, 0, 0, 4, 335.14, 741737, 424
2039, 154, 8, 9, 0, 0, 0.65%, 0, 0, 4, 355.28, 743526, 424
2044, 154, 7, 9, 0, 0, 0.65%, 0, 0, 4, 345.09, 745333, 424
2049, 154, 4, 9, 0, 0, 0.65%, 0, 0, 4, 342.92, 747077, 424
2054, 155, 8, 9, 0, 0, 0.65%, 0, 0, 4, 343.74, 748763, 424
2059, 155, 7, 9, 0, 0, 0.65%, 0, 0, 4, 348.30, 750559, 424
2064, 155, 5, 9, 0, 0, 0.65%, 0, 0, 4, 358.71, 752400, 424
2069, 155, 7, 9, 0, 0, 0.65%, 0, 0, 4, 349.33, 754146, 424
2075, 156, 6, 9, 0, 0, 0.65%, 0, 0, 4, 357.48, 755985, 424
2080, 156, 7, 9, 0, 0, 0.65%, 0, 0, 4, 341.73, 757713, 424
2085, 156, 6, 9, 0, 0, 0.65%, 0, 0, 4, 352.87, 759470, 424
2090, 157, 5, 9, 0, 0, 0.65%, 0, 0, 4, 370.94, 761400, 424
2095, 157, 7, 9, 0, 0, 0.65%, 0, 0, 4, 343.25, 763127, 424
2100, 157, 7, 9, 0, 0, 0.65%, 0, 0, 4, 341.64, 764873, 424
2105, 158, 7, 9, 0, 0, 0.65%, 0, 0, 4, 362.93, 766756, 424
2110, 158, 7, 9, 0, 0, 0.65%, 0, 0, 4, 353.67, 768518, 424
2115, 159, 7, 9, 0, 0, 0.65%, 0, 0, 4, 331.47, 770147, 424
2120, 159, 4, 9, 0, 0, 0.65%, 0, 0, 4, 331.55, 771791, 424
2126, 159, 7, 9, 0, 0, 0.65%, 0, 0, 4, 331.86, 773555, 424
2131, 160, 7, 9, 0, 0, 0.65%, 0, 0, 4, 332.48, 775293, 424
2136, 160, 7, 9, 0, 0, 0.65%, 0, 0, 4, 346.66, 777103, 424
2141, 161, 7, 9, 0, 0, 0.65%, 0, 0, 4, 353.13, 778852, 424
2146, 161, 7, 9, 0, 0, 0.65%, 0, 0, 4, 362.58, 780661, 424
2151, 162, 7, 9, 0, 0, 0.65%, 0, 0, 4, 360.79, 782444, 424
2156, 162, 7, 9, 0, 0, 0.65%, 0, 0, 4, 360.82, 784256, 424
2161, 162, 7, 9, 0, 0, 0.65%, 0, 0, 4, 359.11, 786050, 424
2166, 163, 7, 9, 0, 0, 0.65%, 0, 0, 4, 337.29, 787731, 424
2171, 163, 5, 9, 0, 0, 0.65%, 0, 0, 4, 336.80, 789395, 424
2176, 163, 7, 9, 0, 0, 0.65%, 0, 0, 4, 340.41, 791175, 424
2181, 164, 7, 9, 0, 0, 0.65%, 0, 0, 4, 331.12, 792911, 424
2187, 164, 7, 9, 0, 0, 0.65%, 0, 0, 4, 338.73, 794597, 424
2192, 164, 7, 9, 0, 0, 0.65%, 0, 0, 4, 339.76, 796305, 424
2197, 165, 7, 9, 0, 0, 0.65%, 0, 0, 4, 345.71, 798097, 424
2202, 165, 7, 9, 0, 0, 0.65%, 0, 0, 4, 353.94, 799904, 424
2207, 165, 7, 9, 0, 0, 0.65%, 0, 0, 4, 331.64, 801647, 424
2212, 166, 6, 9, 0, 0, 0.65%, 0, 0, 4, 360.28, 803487, 424
2217, 166, 1, 9, 0, 0, 0.65%, 0, 0, 4, 358.45, 805280, 424
2222, 166, 7, 9, 0, 0, 0.65%, 0, 0, 4, 338.49, 806977, 424
2227, 166, 7, 9, 0, 0, 0.65%, 0, 0, 4, 342.75, 808777, 424
2233, 167, 7, 9, 0, 0, 0.65%, 0, 0, 4, 342.81, 810575, 424
2238, 167, 4, 9, 0, 0, 0.65%, 0, 0, 4, 352.64, 812400, 424
2243, 168, 7, 9, 0, 0, 0.65%, 0, 0, 4, 347.14, 814137, 424
2248, 168, 7, 9, 0, 0, 0.65%, 0, 0, 4, 340.95, 815829, 424
2253, 169, 4, 9, 0, 0, 0.65%, 0, 0, 4, 347.01, 817603, 424
2258, 169, 7, 9, 0, 0, 0.65%, 0, 0, 4, 346.17, 819395, 424
2263, 169, 7, 9, 0, 0, 0.65%, 0, 0, 4, 349.53, 821175, 424
2268, 170, 5, 9, 0, 0, 0.65%, 0, 0, 4, 346.52, 822915, 424
2273, 170, 7, 9, 0, 0, 0.65%, 0, 0, 4, 337.97, 824689, 424
2278, 171, 7, 9, 0, 0, 0.65%, 0, 0, 4, 361.04, 826533, 424
2284, 171, 7, 9, 0, 0, 0.65%, 0, 0, 4, 355.79, 828307, 424
2289, 171, 7, 9, 0, 0, 0.65%, 0, 0, 4, 351.06, 830082, 424
2294, 171, 7, 9, 0, 0, 0.65%, 0, 0, 4, 338.37, 831773, 424
2299, 172, 4, 9, 0, 0, 0.65%, 0, 0, 4, 353.42, 833559, 424
2304, 172, 7, 9, 0, 0, 0.65%, 0, 0, 4, 338.28, 835265, 424
2309, 173, 7, 9, 0, 0, 0.65%, 0, 0, 4, 339.84, 837039, 424
2314, 173, 7, 9, 0, 0, 0.65%, 0, 0, 4, 335.80, 838757, 424
2319, 174, 7, 9, 0, 0, 0.65%, 0, 0, 4, 335.84, 840407, 424
2324, 174, 7, 9, 0, 0, 0.65%, 0, 0, 4, 352.67, 842196, 424
2329, 174, 1, 9, 0, 0, 0.65%, 0, 0, 4, 348.86, 843937, 424
2334, 174, 7, 9, 0, 0, 0.65%, 0, 0, 4, 351.89, 845727, 424
2339, 175, 8, 9, 0, 0, 0.65%, 0, 0, 4, 341.75, 847409, 424
2344, 175, 8, 9, 0, 0, 0.65%, 0, 0, 4, 347.07, 849173, 424
2349, 175, 7, 9, 0, 0, 0.65%, 0, 0, 4, 342.42, 850875, 424
2354, 176, 6, 9, 0, 0, 0.65%, 0, 0, 4, 349.94, 852631, 424
2359, 176, 7, 9, 0, 0, 0.65%, 0, 0, 4, 344.64, 854391, 424
2365, 177, 7, 9, 0, 0, 0.65%, 0, 0, 4, 331.14, 856049, 424
2370, 177, 7, 9, 0, 0, 0.65%, 0, 0, 4, 340.88, 857761, 424
2375, 178, 7, 9, 0, 0, 0.65%, 0, 0, 4, 343.86, 859503, 424
2380, 178, 6, 9, 0, 0, 0.65%, 0, 0, 4, 326.45, 861123, 424
2385, 178, 7, 9, 0, 0, 0.65%, 0, 0, 4, 338.43, 862899, 424
2390, 178, 7, 9, 0, 0, 0.65%, 0, 0, 4, 342.54, 864627, 424
2395, 179, 7, 9, 0, 0, 0.65%, 0, 0, 4, 344.83, 866419, 424
2400, 179, 7, 9, 0, 0, 0.65%, 0, 0, 4, 334.95, 868087, 424
2405, 179, 6, 9, 0, 0, 0.65%, 0, 0, 4, 337.99, 869773, 424
2410, 180, 7, 9, 0, 0, 0.65%, 0, 0, 4, 340.62, 871545, 424
2415, 180, 7, 9, 0, 0, 0.65%, 0, 0, 4, 341.09, 873339, 424
2421, 180, 7, 9, 0, 0, 0.65%, 0, 0, 4, 342.09, 875133, 424
2426, 181, 7, 9, 0, 0, 0.65%, 0, 0, 4, 349.72, 876865, 424
2431, 181, 4, 9, 0, 0, 0.65%, 0, 0, 4, 343.03, 878605, 424
2436, 181, 7, 9, 0, 0, 0.65%, 0, 0, 4, 350.84, 880386, 424
2441, 182, 7, 9, 0, 0, 0.65%, 0, 0, 4, 360.73, 882223, 424
2446, 182, 7, 9, 0, 0, 0.65%, 0, 0, 4, 329.96, 883849, 424
2451, 182, 7, 9, 0, 0, 0.65%, 0, 0, 4, 335.14, 885553, 424
2456, 183, 7, 9, 0, 0, 0.65%, 0, 0, 4, 329.63, 887217, 424
2461, 183, 7, 9, 0, 0, 0.65%, 0, 0, 4, 347.69, 888975, 424
2466, 184, 7, 9, 0, 0, 0.65%, 0, 0, 4, 364.31, 890827, 424
2471, 184, 7, 9, 0, 0, 0.65%, 0, 0, 4, 338.39, 892509, 424
2476, 185, 6, 9, 0, 0, 0.65%, 0, 0, 4, 346.49, 894227, 424
2481, 185, 7, 9, 0, 0, 0.65%, 0, 0, 4, 352.58, 896060, 424
2486, 185, 4, 9, 0, 0, 0.65%, 0, 0, 4, 359.06, 897880, 424
2491, 186, 7, 9, 0, 0, 0.65%, 0, 0, 4, 350.77, 899643, 424
2496, 186, 7, 9, 0, 0, 0.65%, 0, 0, 4, 349.66, 901441, 424
2501, 186, 7, 9, 0, 0, 0.65%, 0, 0, 4, 340.19, 903217, 424
2507, 187, 7, 9, 0, 0, 0.65%, 0, 0, 4, 337.77, 904893, 424
2512, 187, 6, 9, 0, 0, 0.65%, 0, 0, 4, 339.94, 906573, 424
2517, 187, 7, 9, 0, 0, 0.65%, 0, 0, 4, 337.73, 908313, 424
2522, 188, 7, 9, 0, 0, 0.65%, 0, 0, 4, 349.11, 910159, 424
2527, 188, 7, 9, 0, 0, 0.65%, 0, 0, 4, 335.26, 911909, 424
2532, 188, 7, 9, 0, 0, 0.65%, 0, 0, 4, 343.92, 913673, 424
2537, 189, 7, 9, 0, 0, 0.65%, 0, 0, 4, 338.90, 915399, 424
2543, 189, 7, 9, 0, 0, 0.65%, 0, 0, 4, 344.09, 917189, 424
2548, 189, 4, 9, 0, 0, 0.65%, 0, 0, 4, 331.20, 918833, 424
2553, 190, 7, 9, 0, 0, 0.65%, 0, 0, 4, 355.49, 920697, 424
2558, 190, 7, 9, 0, 0, 0.65%, 0, 0, 4, 347.03, 922463, 424
2563, 191, 7, 9, 0, 0, 0.65%, 0, 0, 4, 345.93, 924261, 424
2568, 191, 7, 9, 0, 0, 0.65%, 0, 0, 4, 346.72, 926049, 424
2573, 191, 7, 9, 0, 0, 0.65%, 0, 0, 4, 342.51, 927777, 424
2578, 192, 7, 9, 0, 0, 0.65%, 0, 0, 4, 321.05, 929429, 424
2584, 192, 7, 9, 0, 0, 0.65%, 0, 0, 4, 317.17, 931065, 424
2589, 192, 6, 9, 0, 0, 0.65%, 0, 0, 4, 310.19, 932613, 424
2594, 193, 7, 9, 0, 0, 0.65%, 0, 0, 4, 326.55, 934356, 424
2599, 193, 6, 9, 0, 0, 0.65%, 0, 0, 4, 330.74, 936071, 424
2604, 193, 7, 9, 0, 0, 0.65%, 0, 0, 4, 354.41, 937880, 424
2609, 194, 7, 9, 0, 0, 0.65%, 0, 0, 4, 326.61, 939487, 424
2614, 194, 7, 9, 0, 0, 0.65%, 0, 0, 4, 329.87, 941131, 424
2619, 194, 7, 9, 0, 0, 0.65%, 0, 0, 4, 325.67, 942749, 424
2624, 194, 7, 9, 0, 0, 0.65%, 0, 0, 4, 325.28, 944378, 424
2629, 195, 3, 9, 0, 0, 0.65%, 0, 0, 4, 343.00, 946167, 424
2634, 195, 7, 9, 0, 0, 0.65%, 0, 0, 4, 332.01, 947861, 424
2639, 196, 4, 9, 0, 0, 0.65%, 0, 0, 4, 325.47, 949485, 424
2644, 196, 7, 9, 0, 0, 0.65%, 0, 0, 4, 309.23, 951023, 424
2650, 196, 7, 9, 0, 0, 0.65%, 0, 0, 4, 335.41, 952781, 424
2655, 196, 7, 9, 0, 0, 0.65%, 0, 0, 4, 331.80, 954431, 424
2660, 197, 5, 9, 0, 0, 0.65%, 0, 0, 4, 356.79, 956262, 424
2665, 197, 7, 9, 0, 0, 0.65%, 0, 0, 4, 346.53, 958015, 424
2670, 198, 7, 9, 0, 0, 0.65%, 0, 0, 4, 354.51, 959814, 424
2675, 198, 7, 9, 0, 0, 0.65%, 0, 0, 4, 347.50, 961593, 424
2680, 198, 7, 9, 0, 0, 0.65%, 0, 0, 4, 358.87, 963371, 424
2685, 198, 7, 9, 0, 0, 0.65%, 0, 0, 4, 346.73, 965113, 424
2690, 199, 7, 9, 0, 0, 0.65%, 0, 0, 4, 344.72, 966855, 424
2695, 199, 7, 9, 0, 0, 0.65%, 0, 0, 4, 344.06, 968581, 424
2700, 199, 7, 9, 0, 0, 0.65%, 0, 0, 4, 334.03, 970249, 424
2705, 200, 6, 9, 0, 0, 0.65%, 0, 0, 4, 337.30, 971929, 424
2710, 200, 7, 9, 0, 0, 0.65%, 0, 0, 4, 325.26, 973549, 424
2715, 200, 7, 9, 0, 0, 0.65%, 0, 0, 4, 353.73, 975389, 424
2720, 201, 7, 9, 0, 0, 0.65%, 0, 0, 4, 349.76, 977177, 424
2725, 201, 3, 9, 0, 0, 0.65%, 0, 0, 4, 365.53, 979036, 424
2731, 202, 7, 9, 0, 0, 0.65%, 0, 0, 4, 363.90, 980910, 424
2736, 202, 7, 9, 0, 0, 0.65%, 0, 0, 4, 339.77, 982621, 424
2741, 203, 7, 9, 0, 0, 0.65%, 0, 0, 4, 344.32, 984401, 424
2746, 203, 7, 9, 0, 0, 0.65%, 0, 0, 4, 344.65, 986199, 424
2751, 203, 7, 9, 0, 0, 0.65%, 0, 0, 4, 340.80, 987915, 424
2756, 203, 7, 9, 0, 0, 0.65%, 0, 0, 4, 327.32, 989611, 424
2762, 204, 8, 9, 0, 0, 0.65%, 0, 0, 4, 350.43, 991471, 424
2767, 204, 7, 9, 0, 0, 0.65%, 0, 0, 4, 315.12, 993003, 424
2772, 204, 7, 9, 0, 0, 0.65%, 0, 0, 4, 306.25, 994563, 424
2777, 205, 7, 9, 0, 0, 0.65%, 0, 0, 4, 324.93, 996191, 424
2782, 205, 4, 9, 0, 0, 0.65%, 0, 0, 4, 350.69, 997963, 424
2787, 205, 7, 9, 0, 0, 0.65%, 0, 0, 4, 351.41, 999755, 424
2792, 206, 7, 9, 0, 0, 0.65%, 0, 0, 4, 361.83, 1001575, 424
2797, 206, 7, 9, 0, 0, 0.65%, 0, 0, 4, 350.52, 1003331, 424
2802, 206, 1, 9, 0, 0, 0.65%, 0, 0, 4, 342.46, 1005043, 424
2807, 207, 3, 9, 0, 0, 0.65%, 0, 0, 4, 342.29, 1006761, 424
2812, 207, 7, 9, 0, 0, 0.65%, 0, 0, 4, 342.20, 1008557, 424
2817, 207, 5, 9, 0, 0, 0.65%, 0, 0, 4, 344.85, 1010267, 424
2822, 208, 6, 9, 0, 0, 0.65%, 0, 0, 4, 358.75, 1012114, 424
2827, 208, 7, 9, 0, 0, 0.65%, 0, 0, 4, 350.81, 1013946, 424
2832, 208, 7, 9, 0, 0, 0.65%, 0, 0, 4, 349.75, 1015685, 424
2837, 209, 7, 9, 0, 0, 0.65%, 0, 0, 4, 345.32, 1017469, 424
2842, 209, 4, 9, 0, 0, 0.65%, 0, 0, 4, 340.35, 1019145, 424
2848, 210, 7, 9, 0, 0, 0.65%, 0, 0, 4, 354.87, 1020995, 424
2853, 210, 7, 9, 0, 0, 0.65%, 0, 0, 4, 367.48, 1022831, 424
2858, 211, 7, 9, 0, 0, 0.65%, 0, 0, 4, 366.08, 1024691, 424
2863, 211, 7, 9, 0, 0, 0.65%, 0, 0, 4, 347.10, 1026473, 424
2868, 211, 7, 9, 0, 0, 0.65%, 0, 0, 4, 346.16, 1028223, 424
2873, 212, 7, 9, 0, 0, 0.65%, 0, 0, 4, 334.36, 1029877, 424
2878, 212, 7, 9, 0, 0, 0.65%, 0, 0, 4, 348.91, 1031657, 424
2883, 212, 7, 9, 0, 0, 0.65%, 0, 0, 4, 363.19, 1033540, 424
2888, 213, 7, 9, 0, 0, 0.65%, 0, 0, 4, 335.79, 1035199, 424
2893, 213, 4, 9, 0, 0, 0.65%, 0, 0, 4, 358.41, 1037041, 424
2898, 214, 6, 9, 0, 0, 0.65%, 0, 0, 4, 347.41, 1038763, 424
2903, 214, 7, 9, 0, 0, 0.65%, 0, 0, 4, 331.52, 1040453, 424
2908, 214, 7, 9, 0, 0, 0.65%, 0, 0, 4, 322.30, 1042087, 424
2913, 215, 7, 9, 0, 0, 0.65%, 0, 0, 4, 323.06, 1043713, 424
2918, 215, 7, 9, 0, 0, 0.65%, 0, 0, 4, 336.25, 1045439, 424
2923, 215, 7, 9, 0, 0, 0.65%, 0, 0, 4, 312.36, 1047003, 424
2929, 215, 4, 9, 0, 0, 0.65%, 0, 0, 4, 327.60, 1048659, 424
2934, 216, 7, 9, 0, 0, 0.65%, 0, 0, 4, 338.03, 1050415, 424
2939, 216, 7, 9, 0, 0, 0.65%, 0, 0, 4, 355.31, 1052231, 424
2944, 217, 3, 9, 0, 0, 0.65%, 0, 0, 4, 352.43, 1053991, 424
2949, 217, 7, 9, 0, 0, 0.65%, 0, 0, 4, 335.53, 1055725, 424
2954, 217, 8, 9, 0, 0, 0.65%, 0, 0, 4, 345.94, 1057477, 424
2959, 218, 7, 9, 0, 0, 0.65%, 0, 0, 4, 344.05, 1059195, 424
2964, 218, 7, 9, 0, 0, 0.65%, 0, 0, 4, 344.33, 1060987, 424
2969, 218, 7, 9, 0, 0, 0.65%, 0, 0, 4, 338.16, 1062721, 424
2974, 219, 5, 9, 0, 0, 0.65%, 0, 0, 4, 330.01, 1064355, 424
2979, 219, 8, 9, 0, 0, 0.65%, 0, 0, 4, 360.81, 1066209, 424
2984, 219, 7, 9, 0, 0, 0.65%, 0, 0, 4, 340.79, 1067985, 424
2990, 220, 6, 9, 0, 0, 0.65%, 0, 0, 4, 352.30, 1069811, 424
2995, 220, 4, 9, 0, 0, 0.65%, 0, 0, 4, 344.62, 1071541, 424
3000, 220, 3, 9, 0, 0, 0.65%, 0, 0, 4, 356.46, 1073354, 424
3005, 221, 6, 9, 0, 0, 0.65%, 0, 0, 4, 337.46, 1075037, 424
3010, 221, 4, 9, 0, 0, 0.65%, 0, 0, 4, 352.66, 1076881, 424
3015, 222, 6, 9, 0, 0, 0.65%, 0, 0, 4, 351.63, 1078679, 424
3020, 222, 6, 9, 0, 0, 0.65%, 0, 0, 4, 366.23, 1080548, 424
3025, 222, 7, 9, 0, 0, 0.65%, 0, 0, 4, 353.10, 1082317, 424
3030, 223, 7, 9, 0, 0, 0.65%, 0, 0, 4, 355.24, 1084121, 424
3035, 223, 7, 9, 0, 0, 0.65%, 0, 0, 4, 359.02, 1085942, 424
3040, 224, 7, 9, 0, 0, 0.65%, 0, 0, 4, 333.17, 1087573, 424
3046, 224, 7, 9, 0, 0, 0.65%, 0, 0, 4, 348.16, 1089405, 424
3051, 225, 7, 9, 0, 0, 0.65%, 0, 0, 4, 356.66, 1091229, 424
3056, 225, 7, 9, 0, 0, 0.65%, 0, 0, 4, 348.59, 1092977, 424
3061, 225, 4, 9, 0, 0, 0.65%, 0, 0, 4, 325.34, 1094565, 424
3066, 226, 5, 9, 0, 0, 0.65%, 0, 0, 4, 335.36, 1096321, 424
3071, 226, 7, 9, 0, 0, 0.65%, 0, 0, 4, 315.57, 1097905, 424
3076, 226, 7, 9, 0, 0, 0.65%, 0, 0, 4, 335.91, 1099699, 424
3081, 227, 3, 9, 0, 0, 0.65%, 0, 0, 4, 336.67, 1101419, 424
3087, 227, 7, 9, 0, 0, 0.65%, 0, 0, 4, 329.31, 1103129, 424
3092, 227, 1, 9, 0, 0, 0.65%, 0, 0, 4, 328.73, 1104791, 424
3097, 228, 5, 9, 0, 0, 0.65%, 0, 0, 4, 339.44, 1106575, 424
3102, 228, 7, 9, 0, 0, 0.65%, 0, 0, 4, 329.47, 1108235, 424
3107, 228, 7, 9, 0, 0, 0.65%, 0, 0, 4, 325.22, 1109849, 424
3112, 229, 7, 9, 0, 0, 0.65%, 0, 0, 4, 345.38, 1111591, 424
3117, 229, 7, 9, 0, 0, 0.65%, 0, 0, 4, 319.81, 1113163, 424
3122, 229, 1, 9, 0, 0, 0.65%, 0, 0, 4, 324.68, 1114879, 424
3127, 230, 7, 9, 0, 0, 0.65%, 0, 0, 4, 339.23, 1116599, 424
3132, 230, 7, 9, 0, 0, 0.65%, 0, 0, 4, 332.02, 1118247, 424
3137, 231, 7, 9, 0, 0, 0.65%, 0, 0, 4, 332.76, 1119913, 424
3142, 231, 7, 9, 0, 0, 0.65%, 0, 0, 4, 329.00, 1121555, 424
3147, 231, 7, 9, 0, 0, 0.65%, 0, 0, 4, 340.96, 1123311, 424
3152, 232, 7, 9, 0, 0, 0.65%, 0, 0, 4, 330.13, 1125001, 424
3158, 232, 7, 9, 0, 0, 0.65%, 0, 0, 4, 333.61, 1126753, 424
3163, 232, 6, 9, 0, 0, 0.65%, 0, 0, 4, 363.52, 1128599, 424
3168, 233, 7, 9, 0, 0, 0.65%, 0, 0, 4, 333.09, 1130299, 424
3173, 233, 4, 9, 0, 0, 0.65%, 0, 0, 4, 313.62, 1131845, 424
3178, 233, 7, 9, 0, 0, 0.65%, 0, 0, 4, 323.22, 1133491, 424
3183, 234, 7, 9, 0, 0, 0.65%, 0, 0, 4, 324.94, 1135139, 424
3188, 234, 7, 9, 0, 0, 0.65%, 0, 0, 4, 331.95, 1136885, 424
3193, 235, 7, 9, 0, 0, 0.65%, 0, 0, 4, 329.72, 1138603, 424
3198, 235, 0, 9, 0, 0, 0.65%, 0, 0, 4, 327.13, 1140239, 424
3203, 235, 7, 9, 0, 0, 0.65%, 0, 0, 4, 338.94, 1141929, 424
3209, 236, 7, 9, 0, 0, 0.65%, 0, 0, 4, 340.43, 1143715, 424
3214, 236, 7, 9, 0, 0, 0.65%, 0, 0, 4, 331.44, 1145417, 424
3219, 236, 6, 9, 0, 0, 0.65%, 0, 0, 4, 344.88, 1147185, 424
3224, 237, 4, 9, 0, 0, 0.65%, 0, 0, 4, 396.69, 1149172, 424
3229, 237, 6, 9, 0, 0, 0.65%, 0, 0, 4, 431.40, 1151453, 424
3234, 238, 4, 9, 0, 0, 0.65%, 0, 0, 4, 419.01, 1153557, 424
3240, 238, 7, 9, 0, 0, 0.65%, 0, 0, 4, 437.22, 1155765, 424
3245, 239, 5, 9, 0, 0, 0.65%, 0, 0, 4, 446.97, 1158089, 424
3250, 239, 7, 9, 0, 0, 0.65%, 0, 0, 4, 446.49, 1160361, 424
3255, 239, 7, 9, 0, 0, 0.65%, 0, 0, 4, 451.16, 1162709, 424
3260, 240, 7, 9, 0, 0, 0.65%, 0, 0, 4, 456.49, 1165006, 424
3265, 240, 7, 9, 0, 0, 0.65%, 0, 0, 4, 447.57, 1167283, 424
3270, 241, 6, 9, 0, 0, 0.65%, 0, 0, 4, 472.47, 1169672, 424
3275, 241, 4, 9, 0, 0, 0.65%, 0, 0, 4, 460.49, 1171967, 424
3280, 242, 5, 9, 0, 0, 0.65%, 0, 0, 4, 463.26, 1174299, 424
3285, 242, 7, 9, 0, 0, 0.65%, 0, 0, 4, 477.06, 1176742, 424
3290, 243, 7, 9, 0, 0, 0.65%, 0, 0, 4, 463.93, 1179046, 424
3295, 244, 3, 9, 0, 0, 0.65%, 0, 0, 4, 459.02, 1181345, 424
3300, 244, 5, 9, 0, 0, 0.65%, 0, 0, 4, 448.38, 1183559, 424
3305, 245, 4, 9, 0, 0, 0.65%, 0, 0, 4, 459.92, 1185870, 424
3310, 245, 0, 9, 0, 0, 0.65%, 0, 0, 4, 443.03, 1188133, 424
3315, 245, 7, 9, 0, 0, 0.65%, 0, 0, 4, 454.31, 1190374, 424
3320, 246, 7, 9, 0, 0, 0.65%, 0, 0, 4, 454.35, 1192656, 424
3325, 246, 4, 9, 0, 0, 0.65%, 0, 0, 4, 466.24, 1195000, 424
3331, 247, 7, 9, 0, 0, 0.65%, 0, 0, 4, 455.29, 1197316, 424
3336, 247, 7, 9, 0, 0, 0.65%, 0, 0, 4, 467.64, 1199678, 424
3341, 248, 7, 9, 0, 0, 0.65%, 0, 0, 4, 457.40, 1201962, 424
3346, 248, 7, 9, 0, 0, 0.65%, 0, 0, 4, 467.76, 1204363, 424
3351, 249, 7, 9, 0, 0, 0.65%, 0, 0, 4, 468.22, 1206688, 424
3356, 249, 7, 9, 0, 0, 0.65%, 0, 0, 4, 465.72, 1209041, 424
3361, 250, 7, 9, 0, 0, 0.65%, 0, 0, 4, 468.95, 1211466, 424
3366, 250, 7, 9, 0, 0, 0.65%, 0, 0, 4, 434.84, 1213653, 424
3371, 250, 7, 9, 0, 0, 0.65%, 0, 0, 4, 445.30, 1215917, 424
3376, 251, 7, 9, 0, 0, 0.65%, 0, 0, 4, 454.92, 1218334, 424
3381, 251, 7, 9, 0, 0, 0.65%, 0, 0, 4, 465.57, 1220777, 424
3386, 252, 8, 9, 0, 0, 0.65%, 0, 0, 4, 484.36, 1223221, 424
3391, 252, 6, 9, 0, 0, 0.65%, 0, 0, 4, 491.91, 1225694, 424
3396, 253, 8, 9, 0, 0, 0.65%, 0, 0, 4, 467.57, 1228056, 424
3401, 253, 7, 9, 0, 0, 0.65%, 0, 0, 4, 479.95, 1230507, 424
3407, 253, 5, 9, 0, 0, 0.65%, 0, 0, 4, 493.27, 1233004, 424
3412, 254, 7, 9, 0, 0, 0.65%, 0, 0, 4, 461.59, 1235287, 424
3417, 254, 7, 9, 0, 0, 0.65%, 0, 0, 4, 463.60, 1237642, 424
3422, 255, 7, 9, 0, 0, 0.65%, 0, 0, 4, 470.67, 1240024, 424
3427, 255, 7, 9, 0, 0, 0.65%, 0, 0, 4, 472.00, 1242397, 424
3432, 256, 4, 9, 0, 0, 0.65%, 0, 0, 4, 457.95, 1244660, 424
3437, 256, 8, 9, 0, 0, 0.65%, 0, 0, 4, 477.26, 1247025, 424
3442, 256, 7, 9, 0, 0, 0.65%, 0, 0, 4, 467.97, 1249412, 424
3447, 257, 7, 9, 0, 0, 0.65%, 0, 0, 4, 471.09, 1251754, 424
3452, 257, 7, 9, 0, 0, 0.65%, 0, 0, 4, 486.55, 1254215, 424
3457, 258, 3, 9, 0, 0, 0.65%, 0, 0, 4, 479.51, 1256561, 424
3462, 258, 7, 9, 0, 0, 0.65%, 0, 0, 4, 470.49, 1258973, 424
3467, 259, 7, 9, 0, 0, 0.65%, 0, 0, 4, 471.41, 1261452, 424
3472, 260, 7, 9, 0, 0, 0.65%, 0, 0, 4, 476.84, 1263911, 424
3477, 260, 7, 9, 0, 0, 0.65%, 0, 0, 4, 494.61, 1266389, 424
3482, 261, 7, 9, 0, 0, 0.65%, 0, 0, 4, 472.51, 1268780, 424
3488, 261, 7, 9, 0, 0, 0.65%, 0, 0, 4, 460.44, 1271156, 424
3493, 262, 7, 9, 0, 0, 0.65%, 0, 0, 4, 471.86, 1273511, 424
3498, 262, 4, 9, 0, 0, 0.65%, 0, 0, 4, 446.74, 1275743, 424
3503, 262, 8, 9, 0, 0, 0.65%, 0, 0, 4, 475.62, 1278133, 424
3508, 263, 7, 9, 0, 0, 0.65%, 0, 0, 4, 469.64, 1280555, 424
3513, 263, 7, 9, 0, 0, 0.65%, 0, 0, 4, 468.93, 1282964, 424
3518, 264, 7, 9, 0, 0, 0.65%, 0, 0, 4, 468.94, 1285408, 424
3523, 264, 7, 9, 0, 0, 0.65%, 0, 0, 4, 468.62, 1287766, 424
3528, 265, 7, 9, 0, 0, 0.65%, 0, 0, 4, 460.60, 1290075, 424
3533, 265, 7, 9, 0, 0, 0.65%, 0, 0, 4, 461.54, 1292381, 424
3538, 266, 8, 9, 0, 0, 0.65%, 0, 0, 4, 478.56, 1294794, 424
3543, 266, 7, 9, 0, 0, 0.65%, 0, 0, 4, 478.42, 1297234, 424
3548, 267, 3, 9, 0, 0, 0.65%, 0, 0, 4, 480.01, 1299630, 424
3553, 267, 7, 9, 0, 0, 0.65%, 0, 0, 4, 465.02, 1301968, 424
3558, 268, 7, 9, 0, 0, 0.65%, 0, 0, 4, 462.72, 1304238, 424
3563, 268, 7, 9, 0, 0, 0.65%, 0, 0, 4, 454.14, 1306561, 424
3569, 269, 7, 9, 0, 0, 0.65%, 0, 0, 4, 451.82, 1308868, 424
3574, 269, 7, 9, 0, 0, 0.65%, 0, 0, 4, 463.37, 1311223, 424
3579, 270, 7, 9, 0, 0, 0.65%, 0, 0, 4, 445.72, 1313527, 424
3584, 270, 7, 9, 0, 0, 0.65%, 0, 0, 4, 471.73, 1315921, 424
3589, 271, 7, 9, 0, 0, 0.65%, 0, 0, 4, 478.56, 1318414, 424
3594, 272, 7, 9, 0, 0, 0.65%, 0, 0, 4, 478.87, 1320953, 424
3599, 272, 6, 9, 0, 0, 0.65%, 0, 0, 4, 493.04, 1323405, 424
3604, 272, 6, 9, 0, 0, 0.65%, 0, 0, 4, 489.62, 1325805, 424
3610, 273, 7, 9, 0, 0, 0.65%, 0, 0, 4, 464.14, 1328165, 424
3615, 273, 7, 9, 0, 0, 0.65%, 0, 0, 4, 462.17, 1330518, 424
3620, 274, 7, 9, 0, 0, 0.65%, 0, 0, 4, 464.80, 1332837, 424
3625, 274, 7, 9, 0, 0, 0.65%, 0, 0, 4, 432.58, 1334983, 424
3630, 275, 7, 9, 0, 0, 0.65%, 0, 0, 4, 455.05, 1337384, 424
3635, 275, 7, 9, 0, 0, 0.65%, 0, 0, 4, 464.22, 1339735, 424
3640, 275, 7, 9, 0, 0, 0.65%, 0, 0, 4, 474.58, 1342207, 424
3645, 276, 5, 9, 0, 0, 0.65%, 0, 0, 4, 484.38, 1344614, 424
3650, 276, 7, 9, 0, 0, 0.65%, 0, 0, 4, 487.96, 1347075, 424
3655, 277, 1, 9, 0, 0, 0.65%, 0, 0, 4, 480.53, 1349570, 424
3661, 277, 7, 9, 0, 0, 0.65%, 0, 0, 4, 458.68, 1351870, 424
3666, 278, 7, 9, 0, 0, 0.65%, 0, 0, 4, 465.95, 1354212, 424
3671, 278, 7, 9, 0, 0, 0.65%, 0, 0, 4, 451.89, 1356478, 424
3676, 279, 7, 9, 0, 0, 0.65%, 0, 0, 4, 472.97, 1358890, 424
3681, 279, 3, 9, 0, 0, 0.65%, 0, 0, 4, 482.03, 1361270, 424
3686, 280, 7, 9, 0, 0, 0.65%, 0, 0, 4, 460.88, 1363685, 424
3691, 280, 7, 9, 0, 0, 0.65%, 0, 0, 4, 429.86, 1365861, 424
3696, 280, 7, 9, 0, 0, 0.65%, 0, 0, 4, 411.76, 1367949, 424
3701, 281, 5, 9, 0, 0, 0.65%, 0, 0, 4, 436.63, 1370137, 424
3706, 281, 7, 9, 0, 0, 0.65%, 0, 0, 4, 441.40, 1372359, 424
