# relative_time, cycles_done, cur_item, corpus_count, pending_total, pending_favs, map_size, saved_crashes, saved_hangs, max_depth, execs_per_sec, total_execs, edges_found
61, 0, 0, 41, 41, 1, 0.47%, 0, 0, 2, 85.41, 5284, 309
66, 0, 0, 41, 41, 1, 0.47%, 0, 0, 2, 85.28, 5724, 309
71, 0, 0, 43, 43, 1, 0.47%, 0, 0, 2, 85.39, 6153, 310
76, 0, 0, 43, 43, 1, 0.47%, 0, 0, 2, 84.63, 6589, 310
82, 0, 0, 43, 43, 1, 0.47%, 0, 0, 2, 84.55, 7019, 310
87, 0, 0, 43, 43, 1, 0.47%, 0, 0, 2, 85.28, 7461, 310
92, 0, 0, 43, 43, 1, 0.47%, 0, 0, 2, 82.22, 7889, 310
97, 0, 0, 43, 43, 1, 0.47%, 0, 0, 2, 69.18, 8213, 310
102, 0, 0, 43, 43, 1, 0.47%, 0, 0, 2, 75.36, 8603, 310
107, 0, 0, 43, 43, 1, 0.47%, 0, 0, 2, 81.37, 9025, 310
112, 0, 0, 43, 43, 1, 0.47%, 0, 0, 2, 81.45, 9441, 310
118, 0, 0, 43, 43, 1, 0.47%, 0, 0, 2, 84.92, 9882, 310
123, 0, 0, 43, 43, 1, 0.47%, 0, 0, 2, 86.47, 10330, 310
128, 0, 0, 43, 43, 1, 0.47%, 0, 0, 2, 86.62, 10777, 310
133, 0, 0, 43, 43, 1, 0.47%, 0, 0, 2, 85.81, 11217, 310
138, 0, 0, 43, 43, 1, 0.47%, 0, 0, 2, 85.98, 11664, 310
143, 0, 0, 43, 43, 1, 0.47%, 0, 0, 2, 84.25, 12099, 310
149, 0, 0, 43, 43, 1, 0.47%, 0, 0, 2, 85.79, 12543, 310
154, 0, 0, 43, 43, 1, 0.47%, 0, 0, 2, 86.18, 12991, 310
159, 0, 0, 43, 43, 1, 0.47%, 0, 0, 2, 85.82, 13434, 310
164, 0, 0, 44, 44, 1, 0.47%, 0, 0, 2, 86.38, 13866, 310
169, 0, 0, 44, 44, 1, 0.47%, 0, 0, 2, 86.26, 14311, 310
174, 0, 0, 44, 44, 1, 0.47%, 0, 0, 2, 86.19, 14755, 310
179, 0, 0, 44, 44, 1, 0.47%, 0, 0, 2, 86.27, 15201, 310
185, 0, 0, 44, 44, 1, 0.47%, 0, 0, 2, 85.90, 15644, 310
190, 0, 0, 45, 45, 1, 0.47%, 0, 0, 2, 86.24, 16092, 310
195, 0, 0, 46, 46, 1, 0.49%, 0, 0, 2, 85.97, 16525, 318
200, 0, 0, 46, 46, 1, 0.49%, 0, 0, 2, 85.88, 16966, 318
205, 0, 44, 49, 48, 10, 0.49%, 0, 0, 3, 86.23, 17403, 319
210, 0, 44, 49, 48, 10, 0.49%, 0, 0, 3, 82.96, 17829, 319
215, 0, 44, 49, 48, 10, 0.49%, 0, 0, 3, 84.73, 18264, 319
220, 0, 44, 49, 48, 10, 0.49%, 0, 0, 3, 85.59, 18707, 319
226, 0, 44, 49, 48, 10, 0.49%, 0, 0, 3, 86.07, 19152, 319
231, 0, 40, 54, 52, 9, 0.50%, 0, 0, 3, 86.99, 19603, 328
236, 0, 40, 57, 55, 9, 0.50%, 0, 0, 3, 85.73, 20044, 328
241, 0, 40, 58, 56, 9, 0.50%, 0, 0, 3, 86.44, 20492, 328
246, 0, 40, 59, 57, 9, 0.50%, 0, 0, 3, 85.98, 20936, 328
251, 0, 40, 59, 57, 9, 0.50%, 0, 0, 3, 86.41, 21382, 328
257, 0, 40, 60, 58, 9, 0.50%, 0, 0, 3, 86.20, 21827, 328
262, 0, 40, 60, 58, 9, 0.50%, 0, 0, 3, 85.40, 22264, 328
267, 0, 40, 62, 60, 9, 0.50%, 0, 0, 3, 86.55, 22714, 330
272, 0, 40, 62, 60, 9, 0.50%, 0, 0, 3, 85.03, 23152, 330
277, 0, 40, 63, 61, 9, 0.50%, 0, 0, 3, 85.63, 23594, 330
282, 0, 40, 63, 61, 9, 0.50%, 0, 0, 3, 86.44, 24039, 330
288, 0, 40, 63, 61, 9, 0.50%, 0, 0, 3, 86.38, 24487, 330
293, 0, 40, 63, 61, 9, 0.50%, 0, 0, 3, 86.35, 24934, 330
298, 0, 40, 63, 61, 9, 0.50%, 0, 0, 3, 86.71, 25382, 330
303, 0, 40, 63, 61, 9, 0.50%, 0, 0, 3, 85.68, 25824, 330
308, 0, 40, 63, 61, 9, 0.50%, 0, 0, 3, 86.14, 26271, 330
313, 0, 40, 63, 61, 9, 0.50%, 0, 0, 3, 86.75, 26717, 330
319, 0, 40, 63, 61, 9, 0.50%, 0, 0, 3, 86.40, 27163, 330
324, 0, 40, 63, 61, 9, 0.50%, 0, 0, 3, 86.44, 27610, 330
329, 0, 40, 63, 61, 9, 0.50%, 0, 0, 3, 86.11, 28054, 330
334, 0, 40, 63, 61, 9, 0.50%, 0, 0, 3, 86.11, 28497, 330
339, 0, 40, 63, 61, 9, 0.50%, 0, 0, 3, 84.17, 28931, 330
344, 0, 40, 64, 62, 9, 0.50%, 0, 0, 3, 82.11, 29344, 330
349, 0, 40, 65, 63, 9, 0.50%, 0, 0, 3, 83.16, 29771, 330
354, 0, 40, 65, 63, 9, 0.50%, 0, 0, 3, 82.98, 30197, 330
360, 0, 40, 65, 63, 9, 0.50%, 0, 0, 3, 83.50, 30626, 330
365, 0, 40, 65, 63, 9, 0.50%, 0, 0, 3, 83.24, 31050, 330
370, 0, 40, 65, 63, 9, 0.50%, 0, 0, 3, 84.33, 31484, 330
375, 0, 40, 65, 63, 9, 0.50%, 0, 0, 3, 85.28, 31922, 330
380, 0, 40, 65, 63, 9, 0.50%, 0, 0, 3, 84.65, 32361, 330
385, 0, 40, 65, 63, 9, 0.50%, 0, 0, 3, 83.25, 32786, 330
390, 0, 40, 65, 63, 9, 0.50%, 0, 0, 3, 83.02, 33213, 330
396, 0, 40, 65, 63, 9, 0.50%, 0, 0, 3, 74.86, 33613, 330
401, 0, 40, 65, 63, 9, 0.50%, 0, 0, 3, 57.05, 33884, 330
406, 0, 40, 65, 63, 9, 0.50%, 0, 0, 3, 65.72, 34225, 330
411, 0, 40, 65, 63, 9, 0.50%, 0, 0, 3, 80.70, 34656, 330
416, 0, 40, 65, 63, 9, 0.50%, 0, 0, 3, 84.72, 35097, 330
421, 0, 40, 65, 63, 9, 0.50%, 0, 0, 3, 85.52, 35541, 330
426, 0, 40, 65, 63, 9, 0.50%, 0, 0, 3, 80.51, 35959, 330
432, 0, 59, 65, 61, 9, 0.50%, 0, 0, 3, 84.79, 36401, 330
437, 0, 45, 65, 60, 8, 0.50%, 0, 0, 3, 79.79, 36805, 330
442, 0, 50, 66, 60, 7, 0.50%, 0, 0, 4, 82.96, 37232, 330
447, 0, 65, 66, 59, 8, 0.50%, 0, 0, 4, 83.73, 37667, 330
452, 0, 42, 66, 58, 7, 0.50%, 0, 0, 4, 84.59, 38099, 330
457, 0, 50, 66, 56, 4, 0.50%, 0, 0, 4, 83.73, 38531, 330
462, 0, 35, 66, 56, 4, 0.50%, 0, 0, 4, 83.85, 38963, 330
468, 0, 35, 68, 58, 4, 0.50%, 0, 0, 4, 82.98, 39386, 330
473, 0, 35, 68, 58, 4, 0.50%, 0, 0, 4, 83.71, 39814, 330
478, 0, 61, 69, 58, 4, 0.50%, 0, 0, 4, 85.23, 40254, 330
483, 0, 30, 69, 57, 3, 0.50%, 0, 0, 4, 86.44, 40703, 330
488, 0, 50, 69, 55, 1, 0.50%, 0, 0, 4, 85.72, 41146, 330
493, 0, 42, 69, 55, 1, 0.50%, 0, 0, 4, 85.80, 41589, 330
498, 0, 42, 69, 55, 1, 0.50%, 0, 0, 4, 85.46, 42028, 330
504, 0, 42, 69, 55, 1, 0.50%, 0, 0, 4, 85.48, 42468, 330
509, 0, 65, 69, 55, 1, 0.50%, 0, 0, 4, 86.30, 42914, 330
514, 0, 50, 69, 55, 1, 0.50%, 0, 0, 4, 86.40, 43361, 330
519, 0, 55, 70, 56, 1, 0.50%, 0, 0, 4, 86.02, 43804, 330
524, 0, 50, 70, 55, 0, 0.50%, 0, 0, 4, 86.07, 44248, 330
529, 0, 50, 70, 55, 0, 0.50%, 0, 0, 4, 85.88, 44690, 330
535, 0, 50, 70, 55, 0, 0.50%, 0, 0, 4, 85.72, 45130, 330
540, 0, 50, 70, 55, 0, 0.50%, 0, 0, 4, 85.55, 45573, 330
545, 0, 50, 70, 55, 0, 0.50%, 0, 0, 4, 86.29, 46020, 330
550, 0, 50, 70, 55, 0, 0.50%, 0, 0, 4, 86.45, 46467, 330
555, 0, 50, 70, 55, 0, 0.50%, 0, 0, 4, 85.68, 46908, 330
560, 0, 50, 70, 55, 0, 0.50%, 0, 0, 4, 85.76, 47348, 330
565, 0, 50, 70, 55, 0, 0.50%, 0, 0, 4, 86.57, 47793, 330
571, 0, 65, 70, 55, 0, 0.50%, 0, 0, 4, 86.41, 48238, 330
576, 0, 50, 70, 55, 0, 0.50%, 0, 0, 4, 86.33, 48682, 330
581, 0, 50, 70, 55, 0, 0.50%, 0, 0, 4, 86.81, 49131, 330
586, 0, 50, 70, 55, 0, 0.50%, 0, 0, 4, 86.66, 49578, 330
591, 0, 50, 70, 55, 0, 0.50%, 0, 0, 4, 86.91, 50025, 330
596, 0, 50, 70, 55, 0, 0.50%, 0, 0, 4, 86.17, 50471, 330
602, 0, 65, 70, 55, 0, 0.50%, 0, 0, 4, 85.81, 50915, 330
607, 0, 50, 70, 55, 0, 0.50%, 0, 0, 4, 85.85, 51356, 330
612, 0, 50, 70, 55, 0, 0.50%, 0, 0, 4, 86.17, 51802, 330
617, 0, 55, 70, 55, 0, 0.50%, 0, 0, 4, 86.35, 52245, 330
622, 0, 55, 71, 56, 0, 0.50%, 0, 0, 4, 86.33, 52694, 330
627, 0, 55, 71, 56, 0, 0.50%, 0, 0, 4, 86.13, 53138, 330
633, 0, 50, 71, 56, 0, 0.50%, 0, 0, 4, 86.16, 53582, 330
638, 0, 50, 71, 56, 0, 0.50%, 0, 0, 4, 86.37, 54026, 330
643, 0, 59, 71, 56, 0, 0.50%, 0, 0, 4, 86.90, 54474, 330
648, 0, 59, 71, 56, 0, 0.50%, 0, 0, 4, 86.50, 54921, 330
653, 0, 50, 71, 56, 0, 0.50%, 0, 0, 4, 85.92, 55364, 330
658, 0, 42, 71, 56, 0, 0.50%, 0, 0, 4, 85.69, 55804, 330
663, 0, 42, 71, 56, 0, 0.50%, 0, 0, 4, 85.33, 56244, 330
669, 0, 42, 71, 56, 0, 0.50%, 0, 0, 4, 80.20, 56661, 330
674, 0, 50, 71, 56, 0, 0.50%, 0, 0, 4, 83.45, 57091, 330
679, 0, 50, 71, 56, 0, 0.50%, 0, 0, 4, 84.39, 57528, 330
684, 0, 50, 71, 56, 0, 0.50%, 0, 0, 4, 85.38, 57965, 330
689, 0, 50, 71, 56, 0, 0.50%, 0, 0, 4, 85.32, 58406, 330
694, 0, 50, 71, 56, 0, 0.50%, 0, 0, 4, 84.84, 58844, 330
700, 0, 50, 71, 56, 0, 0.50%, 0, 0, 4, 84.99, 59279, 330
705, 0, 61, 72, 57, 0, 0.50%, 0, 0, 4, 85.79, 59722, 330
710, 0, 61, 72, 57, 0, 0.50%, 0, 0, 4, 86.00, 60166, 330
715, 0, 61, 72, 57, 0, 0.50%, 0, 0, 4, 85.63, 60610, 330
720, 0, 61, 72, 57, 0, 0.50%, 0, 0, 4, 85.70, 61049, 330
725, 0, 61, 72, 57, 0, 0.50%, 0, 0, 4, 86.20, 61491, 330
730, 0, 50, 72, 57, 0, 0.50%, 0, 0, 4, 86.15, 61931, 330
736, 0, 50, 72, 57, 0, 0.50%, 0, 0, 4, 85.15, 62368, 330
741, 0, 45, 72, 57, 0, 0.50%, 0, 0, 4, 85.64, 62807, 330
746, 0, 45, 72, 57, 0, 0.50%, 0, 0, 4, 85.23, 63244, 330
751, 0, 45, 73, 58, 0, 0.50%, 0, 0, 4, 85.33, 63687, 330
756, 0, 45, 73, 58, 0, 0.50%, 0, 0, 4, 85.46, 64127, 330
761, 0, 45, 73, 58, 0, 0.50%, 0, 0, 4, 86.15, 64573, 330
766, 0, 50, 73, 58, 0, 0.50%, 0, 0, 4, 85.71, 65010, 330
772, 0, 50, 73, 58, 0, 0.50%, 0, 0, 4, 86.23, 65457, 330
777, 0, 42, 74, 59, 0, 0.50%, 0, 0, 4, 86.16, 65902, 330
782, 0, 42, 74, 59, 0, 0.50%, 0, 0, 4, 85.97, 66346, 330
787, 0, 42, 74, 59, 0, 0.50%, 0, 0, 4, 85.72, 66790, 330
792, 0, 42, 74, 59, 0, 0.50%, 0, 0, 4, 85.69, 67228, 330
797, 0, 42, 74, 59, 0, 0.50%, 0, 0, 4, 86.18, 67674, 330
803, 0, 42, 74, 59, 0, 0.50%, 0, 0, 4, 85.90, 68114, 330
808, 0, 42, 74, 59, 0, 0.50%, 0, 0, 4, 85.58, 68555, 330
813, 0, 42, 74, 59, 0, 0.50%, 0, 0, 4, 85.86, 68998, 330
818, 0, 50, 74, 59, 0, 0.50%, 0, 0, 4, 85.92, 69440, 330
823, 0, 52, 74, 59, 0, 0.50%, 0, 0, 4, 85.67, 69880, 330
828, 0, 52, 74, 59, 0, 0.50%, 0, 0, 4, 86.40, 70326, 330
833, 0, 52, 74, 59, 0, 0.50%, 0, 0, 4, 86.50, 70769, 330
839, 0, 50, 74, 59, 0, 0.50%, 0, 0, 4, 82.71, 71196, 330
844, 1, 50, 74, 59, 0, 0.50%, 0, 0, 4, 84.80, 71632, 330
849, 1, 50, 74, 59, 0, 0.50%, 0, 0, 4, 86.42, 72079, 330
854, 1, 50, 74, 59, 0, 0.50%, 0, 0, 4, 86.37, 72525, 330
859, 1, 50, 74, 59, 0, 0.50%, 0, 0, 4, 87.03, 72974, 330
864, 1, 50, 74, 59, 0, 0.50%, 0, 0, 4, 85.78, 73418, 330
870, 1, 45, 74, 59, 0, 0.50%, 0, 0, 4, 81.71, 73840, 330
875, 1, 45, 74, 59, 0, 0.50%, 0, 0, 4, 84.41, 74276, 330
880, 1, 50, 74, 59, 0, 0.50%, 0, 0, 4, 85.79, 74719, 330
885, 1, 50, 74, 59, 0, 0.50%, 0, 0, 4, 85.98, 75161, 330
890, 1, 50, 74, 59, 0, 0.50%, 0, 0, 4, 86.19, 75606, 330
895, 1, 50, 74, 59, 0, 0.50%, 0, 0, 4, 86.04, 76049, 330
900, 1, 50, 74, 59, 0, 0.50%, 0, 0, 4, 86.53, 76496, 330
906, 1, 59, 74, 59, 0, 0.50%, 0, 0, 4, 86.24, 76939, 330
911, 1, 59, 74, 59, 0, 0.50%, 0, 0, 4, 86.08, 77384, 330
916, 1, 59, 74, 59, 0, 0.50%, 0, 0, 4, 85.92, 77829, 330
921, 1, 50, 74, 59, 0, 0.50%, 0, 0, 4, 86.43, 78275, 330
926, 1, 50, 74, 58, 0, 0.50%, 0, 0, 4, 87.18, 78726, 330
931, 1, 50, 74, 58, 0, 0.50%, 0, 0, 4, 85.89, 79171, 330
937, 1, 59, 74, 58, 0, 0.50%, 0, 0, 4, 82.02, 79592, 330
942, 1, 59, 74, 58, 0, 0.50%, 0, 0, 4, 82.50, 80016, 330
947, 1, 65, 74, 58, 0, 0.50%, 0, 0, 4, 85.17, 80457, 330
952, 1, 65, 74, 58, 0, 0.50%, 0, 0, 4, 86.40, 80902, 330
957, 1, 65, 74, 58, 0, 0.50%, 0, 0, 4, 86.37, 81344, 330
962, 1, 50, 74, 58, 0, 0.50%, 0, 0, 4, 86.47, 81790, 330
967, 1, 45, 74, 58, 0, 0.50%, 0, 0, 4, 85.75, 82232, 330
973, 1, 45, 74, 58, 0, 0.50%, 0, 0, 4, 85.61, 82676, 330
978, 1, 50, 74, 58, 0, 0.50%, 0, 0, 4, 85.67, 83117, 330
983, 1, 50, 74, 58, 0, 0.50%, 0, 0, 4, 87.05, 83567, 330
988, 1, 42, 74, 58, 0, 0.50%, 0, 0, 4, 86.64, 84013, 330
993, 1, 42, 74, 58, 0, 0.50%, 0, 0, 4, 85.66, 84452, 330
998, 1, 50, 74, 58, 0, 0.50%, 0, 0, 4, 83.82, 84883, 330
1003, 1, 50, 74, 58, 0, 0.50%, 0, 0, 4, 78.95, 85283, 330
1008, 1, 50, 74, 58, 0, 0.50%, 0, 0, 4, 83.08, 85700, 330
1014, 1, 36, 74, 58, 0, 0.50%, 0, 0, 4, 85.14, 86138, 330
1019, 1, 56, 74, 57, 0, 0.50%, 0, 0, 4, 85.49, 86578, 330
1024, 1, 56, 74, 57, 0, 0.50%, 0, 0, 4, 85.49, 87022, 330
1029, 1, 56, 74, 57, 0, 0.50%, 0, 0, 4, 86.15, 87466, 330
1034, 1, 50, 74, 57, 0, 0.50%, 0, 0, 4, 86.73, 87914, 330
1039, 1, 50, 74, 57, 0, 0.50%, 0, 0, 4, 86.16, 88357, 330
1045, 1, 22, 74, 57, 0, 0.50%, 0, 0, 4, 81.18, 88774, 330
1050, 1, 50, 74, 56, 0, 0.50%, 0, 0, 4, 83.53, 89206, 330
1055, 1, 50, 74, 56, 0, 0.50%, 0, 0, 4, 85.96, 89655, 330
1060, 1, 11, 74, 56, 0, 0.50%, 0, 0, 4, 87.06, 90102, 330
1065, 1, 67, 74, 55, 1, 0.50%, 0, 0, 4, 86.88, 90547, 330
1070, 1, 67, 75, 56, 1, 0.50%, 0, 0, 4, 86.04, 90990, 330
1076, 1, 50, 75, 55, 0, 0.50%, 0, 0, 4, 86.26, 91437, 330
1081, 1, 19, 75, 55, 0, 0.50%, 0, 0, 4, 86.86, 91885, 330
1086, 1, 50, 75, 54, 0, 0.50%, 0, 0, 4, 86.29, 92331, 330
1091, 1, 67, 76, 55, 0, 0.50%, 0, 0, 4, 86.49, 92778, 330
1096, 1, 67, 76, 55, 0, 0.50%, 0, 0, 4, 85.34, 93212, 330
1101, 1, 67, 76, 55, 0, 0.50%, 0, 0, 4, 86.07, 93657, 330
1106, 1, 67, 76, 55, 0, 0.50%, 0, 0, 4, 81.24, 94074, 330
1112, 1, 50, 76, 55, 0, 0.50%, 0, 0, 4, 84.62, 94513, 330
1117, 1, 50, 76, 55, 0, 0.50%, 0, 0, 4, 81.66, 94934, 330
1122, 1, 50, 76, 55, 0, 0.50%, 0, 0, 4, 84.06, 95366, 330
1127, 1, 50, 76, 55, 0, 0.50%, 0, 0, 4, 85.64, 95810, 330
1132, 1, 74, 76, 55, 0, 0.50%, 0, 0, 4, 85.81, 96254, 330
1137, 1, 67, 76, 54, 0, 0.50%, 0, 0, 4, 85.77, 96694, 330
1142, 1, 50, 76, 54, 0, 0.50%, 0, 0, 4, 85.67, 97136, 330
1148, 1, 45, 76, 54, 0, 0.50%, 0, 0, 4, 85.90, 97577, 330
1153, 1, 45, 76, 54, 0, 0.50%, 0, 0, 4, 85.62, 98018, 330
1158, 1, 45, 76, 54, 0, 0.50%, 0, 0, 4, 86.33, 98464, 330
1163, 1, 50, 76, 54, 0, 0.50%, 0, 0, 4, 86.26, 98907, 330
1168, 1, 50, 76, 54, 0, 0.50%, 0, 0, 4, 86.37, 99353, 330
1173, 1, 73, 76, 54, 0, 0.50%, 0, 0, 4, 86.69, 99799, 330
1179, 1, 50, 76, 53, 0, 0.50%, 0, 0, 4, 85.87, 100243, 330
1184, 1, 11, 76, 53, 0, 0.50%, 0, 0, 4, 85.11, 100677, 330
1189, 1, 67, 76, 53, 0, 0.50%, 0, 0, 4, 85.73, 101118, 330
1194, 1, 11, 77, 54, 0, 0.50%, 0, 0, 4, 85.04, 101560, 330
1199, 1, 11, 78, 55, 0, 0.50%, 0, 0, 4, 83.57, 101990, 330
1204, 1, 11, 78, 55, 0, 0.50%, 0, 0, 4, 84.57, 102425, 330
1209, 1, 50, 78, 55, 0, 0.50%, 0, 0, 4, 85.90, 102870, 330
1215, 1, 50, 78, 55, 0, 0.50%, 0, 0, 4, 86.30, 103316, 330
1220, 1, 67, 78, 55, 0, 0.50%, 0, 0, 4, 85.55, 103753, 330
1225, 1, 7, 78, 55, 0, 0.50%, 0, 0, 4, 85.97, 104196, 330
1230, 1, 11, 78, 54, 0, 0.50%, 0, 0, 4, 85.43, 104636, 330
1235, 1, 50, 78, 54, 0, 0.50%, 0, 0, 4, 86.58, 105083, 330
1240, 1, 50, 78, 54, 0, 0.50%, 0, 0, 4, 86.88, 105532, 330
1246, 1, 50, 78, 54, 0, 0.50%, 0, 0, 4, 86.31, 105978, 330
1251, 2, 50, 78, 54, 0, 0.50%, 0, 0, 4, 80.26, 106391, 330
1256, 2, 11, 78, 54, 0, 0.50%, 0, 0, 4, 82.81, 106820, 330
1261, 2, 50, 78, 54, 0, 0.50%, 0, 0, 4, 84.28, 107259, 330
1266, 2, 25, 78, 54, 0, 0.50%, 0, 0, 4, 85.61, 107701, 330
1271, 2, 50, 78, 53, 0, 0.50%, 0, 0, 4, 86.50, 108147, 330
1277, 2, 52, 78, 53, 0, 0.50%, 0, 0, 4, 86.02, 108591, 330
1282, 2, 52, 78, 53, 0, 0.50%, 0, 0, 4, 87.22, 109041, 330
1287, 2, 52, 78, 53, 0, 0.50%, 0, 0, 4, 86.86, 109488, 330
1292, 2, 50, 78, 53, 0, 0.50%, 0, 0, 4, 86.81, 109932, 330
1297, 2, 50, 78, 53, 0, 0.50%, 0, 0, 4, 86.47, 110378, 330
1302, 2, 50, 78, 53, 0, 0.50%, 0, 0, 4, 87.22, 110826, 330
1307, 2, 50, 78, 53, 0, 0.50%, 0, 0, 4, 84.61, 111257, 330
1313, 2, 50, 78, 53, 0, 0.50%, 0, 0, 4, 82.52, 111682, 330
1318, 2, 50, 78, 53, 0, 0.50%, 0, 0, 4, 85.47, 112125, 330
1323, 2, 50, 78, 53, 0, 0.50%, 0, 0, 4, 85.48, 112564, 330
1328, 2, 59, 78, 53, 0, 0.50%, 0, 0, 4, 85.19, 113004, 330
1333, 2, 59, 78, 53, 0, 0.50%, 0, 0, 4, 86.48, 113451, 330
1338, 2, 59, 78, 53, 0, 0.50%, 0, 0, 4, 86.73, 113901, 330
1343, 2, 11, 78, 53, 0, 0.50%, 0, 0, 4, 85.83, 114340, 330
1349, 2, 50, 78, 53, 0, 0.50%, 0, 0, 4, 85.48, 114780, 330
1354, 2, 50, 78, 53, 0, 0.50%, 0, 0, 4, 86.08, 115223, 330
1359, 2, 50, 78, 53, 0, 0.50%, 0, 0, 4, 86.41, 115670, 330
1364, 2, 50, 78, 53, 0, 0.50%, 0, 0, 4, 86.28, 116114, 330
1369, 2, 50, 78, 53, 0, 0.50%, 0, 0, 4, 86.64, 116559, 330
1374, 2, 50, 78, 53, 0, 0.50%, 0, 0, 4, 86.66, 117007, 330
1380, 2, 50, 78, 53, 0, 0.50%, 0, 0, 4, 86.63, 117452, 330
1385, 2, 50, 78, 53, 0, 0.50%, 0, 0, 4, 86.54, 117898, 330
1390, 2, 50, 78, 53, 0, 0.50%, 0, 0, 4, 86.25, 118343, 330
1395, 2, 50, 78, 53, 0, 0.50%, 0, 0, 4, 85.00, 118780, 330
1400, 2, 11, 78, 53, 0, 0.50%, 0, 0, 4, 86.03, 119225, 330
1405, 2, 11, 78, 53, 0, 0.50%, 0, 0, 4, 85.91, 119670, 330
1410, 2, 11, 78, 53, 0, 0.50%, 0, 0, 4, 86.02, 120113, 330
1416, 2, 11, 78, 53, 0, 0.50%, 0, 0, 4, 85.50, 120552, 330
1421, 2, 33, 78, 53, 0, 0.50%, 0, 0, 4, 85.84, 120995, 330
1426, 2, 50, 78, 52, 0, 0.50%, 0, 0, 4, 86.04, 121440, 330
1431, 2, 50, 78, 52, 0, 0.50%, 0, 0, 4, 86.52, 121886, 330
1436, 2, 45, 78, 52, 0, 0.50%, 0, 0, 4, 86.14, 122332, 330
1441, 2, 45, 78, 52, 0, 0.50%, 0, 0, 4, 85.94, 122773, 330
1447, 2, 50, 78, 52, 0, 0.50%, 0, 0, 4, 86.07, 123212, 330
1452, 2, 50, 78, 52, 0, 0.50%, 0, 0, 4, 85.19, 123651, 330
1457, 2, 65, 78, 52, 0, 0.50%, 0, 0, 4, 86.06, 124095, 330
1462, 2, 50, 78, 52, 0, 0.50%, 0, 0, 4, 85.85, 124534, 330
1467, 2, 50, 78, 52, 0, 0.50%, 0, 0, 4, 85.48, 124972, 330
1472, 2, 50, 78, 52, 0, 0.50%, 0, 0, 4, 85.91, 125416, 330
1477, 2, 50, 78, 52, 0, 0.50%, 0, 0, 4, 85.70, 125860, 330
1483, 2, 50, 78, 52, 0, 0.50%, 0, 0, 4, 86.24, 126307, 330
1488, 2, 50, 78, 52, 0, 0.50%, 0, 0, 4, 86.20, 126750, 330
1493, 2, 50, 78, 52, 0, 0.50%, 0, 0, 4, 86.14, 127190, 330
1498, 2, 45, 78, 52, 0, 0.50%, 0, 0, 4, 85.99, 127632, 330
1503, 2, 45, 78, 52, 0, 0.50%, 0, 0, 4, 85.55, 128073, 330
1508, 2, 50, 78, 52, 0, 0.50%, 0, 0, 4, 85.87, 128517, 330
1513, 2, 50, 78, 52, 0, 0.50%, 0, 0, 4, 85.69, 128959, 330
1519, 2, 50, 78, 52, 0, 0.50%, 0, 0, 4, 85.79, 129401, 330
1524, 2, 50, 78, 52, 0, 0.50%, 0, 0, 4, 85.61, 129844, 330
1529, 2, 50, 78, 52, 0, 0.50%, 0, 0, 4, 86.03, 130286, 330
1534, 2, 50, 78, 52, 0, 0.50%, 0, 0, 4, 86.22, 130732, 330
1539, 2, 50, 78, 52, 0, 0.50%, 0, 0, 4, 86.08, 131172, 330
1544, 2, 50, 78, 52, 0, 0.50%, 0, 0, 4, 86.38, 131619, 330
1550, 2, 50, 78, 52, 0, 0.50%, 0, 0, 4, 86.34, 132061, 330
1555, 2, 45, 78, 52, 0, 0.50%, 0, 0, 4, 85.72, 132500, 330
1560, 2, 45, 78, 52, 0, 0.50%, 0, 0, 4, 86.19, 132943, 330
1565, 2, 50, 78, 52, 0, 0.50%, 0, 0, 4, 85.86, 133386, 330
1570, 2, 52, 78, 52, 0, 0.50%, 0, 0, 4, 85.83, 133826, 330
1575, 2, 52, 78, 52, 0, 0.50%, 0, 0, 4, 86.21, 134271, 330
1580, 2, 52, 78, 52, 0, 0.50%, 0, 0, 4, 86.95, 134720, 330
1586, 2, 52, 78, 52, 0, 0.50%, 0, 0, 4, 86.49, 135167, 330
1591, 2, 52, 78, 52, 0, 0.50%, 0, 0, 4, 86.20, 135609, 330
1596, 2, 50, 78, 52, 0, 0.50%, 0, 0, 4, 85.84, 136050, 330
1601, 2, 50, 78, 52, 0, 0.50%, 0, 0, 4, 86.15, 136497, 330
1606, 2, 50, 78, 52, 0, 0.50%, 0, 0, 4, 86.10, 136938, 330
1611, 3, 50, 78, 52, 0, 0.50%, 0, 0, 4, 85.82, 137380, 330
1616, 3, 50, 78, 52, 0, 0.50%, 0, 0, 4, 86.56, 137825, 330
1622, 3, 50, 78, 52, 0, 0.50%, 0, 0, 4, 86.16, 138268, 330
1627, 3, 50, 78, 52, 0, 0.50%, 0, 0, 4, 86.06, 138710, 330
1632, 3, 50, 78, 52, 0, 0.50%, 0, 0, 4, 85.06, 139148, 330
1637, 3, 50, 78, 52, 0, 0.50%, 0, 0, 4, 86.11, 139592, 330
1642, 3, 50, 78, 52, 0, 0.50%, 0, 0, 4, 85.79, 140035, 330
1647, 3, 50, 78, 52, 0, 0.50%, 0, 0, 4, 86.36, 140478, 330
1653, 3, 45, 78, 52, 0, 0.50%, 0, 0, 4, 85.57, 140921, 330
1658, 3, 45, 78, 52, 0, 0.50%, 0, 0, 4, 77.86, 141308, 330
1663, 3, 45, 78, 52, 0, 0.50%, 0, 0, 4, 82.82, 141737, 330
1668, 3, 67, 78, 52, 0, 0.50%, 0, 0, 4, 83.51, 142162, 330
1673, 3, 50, 78, 52, 0, 0.50%, 0, 0, 4, 84.71, 142600, 330
1678, 3, 50, 78, 52, 0, 0.50%, 0, 0, 4, 84.48, 143027, 330
1683, 3, 50, 78, 52, 0, 0.50%, 0, 0, 4, 85.12, 143466, 330
1689, 3, 67, 78, 52, 0, 0.50%, 0, 0, 4, 85.61, 143910, 330
1694, 3, 50, 78, 52, 0, 0.50%, 0, 0, 4, 85.63, 144348, 330
1699, 3, 59, 78, 52, 0, 0.50%, 0, 0, 4, 85.30, 144786, 330
1704, 3, 59, 78, 52, 0, 0.50%, 0, 0, 4, 86.11, 145231, 330
1709, 3, 59, 78, 52, 0, 0.50%, 0, 0, 4, 85.84, 145677, 330
1714, 3, 50, 78, 52, 0, 0.50%, 0, 0, 4, 85.94, 146118, 330
1719, 3, 50, 78, 52, 0, 0.50%, 0, 0, 4, 84.97, 146556, 330
1725, 3, 50, 78, 52, 0, 0.50%, 0, 0, 4, 84.47, 146986, 330
1730, 3, 56, 78, 52, 0, 0.50%, 0, 0, 4, 85.39, 147427, 330
1735, 3, 56, 78, 52, 0, 0.50%, 0, 0, 4, 85.66, 147868, 330
1740, 3, 50, 78, 52, 0, 0.50%, 0, 0, 4, 85.44, 148312, 330
1745, 3, 50, 78, 52, 0, 0.50%, 0, 0, 4, 85.96, 148753, 330
1750, 3, 11, 78, 52, 0, 0.50%, 0, 0, 4, 83.58, 149179, 330
1755, 3, 50, 78, 52, 0, 0.50%, 0, 0, 4, 85.53, 149622, 330
1761, 3, 50, 78, 52, 0, 0.50%, 0, 0, 4, 85.89, 150065, 330
1766, 3, 50, 78, 52, 0, 0.50%, 0, 0, 4, 85.81, 150507, 330
1771, 3, 50, 78, 52, 0, 0.50%, 0, 0, 4, 86.50, 150952, 330
1776, 3, 11, 78, 52, 0, 0.50%, 0, 0, 4, 85.96, 151392, 330
1781, 3, 52, 78, 52, 0, 0.50%, 0, 0, 4, 86.12, 151833, 330
1786, 3, 52, 78, 52, 0, 0.50%, 0, 0, 4, 84.96, 152272, 330
1791, 3, 52, 78, 52, 0, 0.50%, 0, 0, 4, 86.27, 152715, 330
1797, 3, 50, 78, 52, 0, 0.50%, 0, 0, 4, 85.90, 153157, 330
1802, 3, 59, 78, 52, 0, 0.50%, 0, 0, 4, 85.76, 153600, 330
1807, 3, 59, 78, 52, 0, 0.50%, 0, 0, 4, 86.53, 154046, 330
1812, 3, 59, 78, 52, 0, 0.50%, 0, 0, 4, 87.03, 154494, 330
1817, 3, 50, 78, 52, 0, 0.50%, 0, 0, 4, 86.59, 154940, 330
1822, 3, 50, 78, 52, 0, 0.50%, 0, 0, 4, 86.66, 155387, 330
1828, 3, 50, 78, 52, 0, 0.50%, 0, 0, 4, 86.50, 155836, 330
1833, 3, 11, 78, 52, 0, 0.50%, 0, 0, 4, 86.12, 156282, 330
1838, 3, 67, 78, 52, 0, 0.50%, 0, 0, 4, 85.81, 156726, 330
1843, 3, 50, 78, 52, 0, 0.50%, 0, 0, 4, 86.71, 157172, 330
1848, 3, 50, 78, 52, 0, 0.50%, 0, 0, 4, 86.69, 157617, 330
1853, 3, 50, 78, 52, 0, 0.50%, 0, 0, 4, 85.42, 158056, 330
1858, 3, 50, 78, 52, 0, 0.50%, 0, 0, 4, 86.00, 158498, 330
1864, 3, 50, 78, 52, 0, 0.50%, 0, 0, 4, 86.37, 158942, 330
1869, 3, 50, 78, 52, 0, 0.50%, 0, 0, 4, 86.67, 159388, 330
1874, 3, 50, 78, 52, 0, 0.50%, 0, 0, 4, 86.51, 159835, 330
1879, 3, 50, 78, 52, 0, 0.50%, 0, 0, 4, 86.85, 160282, 330
1884, 3, 11, 78, 52, 0, 0.50%, 0, 0, 4, 86.44, 160729, 330
1889, 3, 11, 79, 53, 0, 0.50%, 0, 0, 4, 86.57, 161165, 330
1894, 3, 11, 79, 53, 0, 0.50%, 0, 0, 4, 85.94, 161608, 330
1900, 3, 50, 79, 53, 0, 0.50%, 0, 0, 4, 86.48, 162054, 330
1905, 3, 50, 79, 53, 0, 0.50%, 0, 0, 4, 85.91, 162497, 330
1910, 3, 50, 79, 53, 0, 0.50%, 0, 0, 4, 86.52, 162945, 330
1915, 3, 50, 79, 53, 0, 0.50%, 0, 0, 4, 86.16, 163388, 330
1920, 3, 50, 79, 53, 0, 0.50%, 0, 0, 4, 85.00, 163823, 330
1925, 3, 50, 79, 53, 0, 0.50%, 0, 0, 4, 86.07, 164267, 330
1930, 3, 50, 79, 53, 0, 0.50%, 0, 0, 4, 86.81, 164715, 330
1936, 3, 50, 79, 53, 0, 0.50%, 0, 0, 4, 86.02, 165159, 330
1941, 3, 50, 79, 53, 0, 0.50%, 0, 0, 4, 86.14, 165603, 330
1946, 3, 50, 79, 53, 0, 0.50%, 0, 0, 4, 86.57, 166049, 330
1951, 3, 50, 79, 53, 0, 0.50%, 0, 0, 4, 86.97, 166498, 330
1956, 4, 50, 79, 53, 0, 0.50%, 0, 0, 4, 85.70, 166940, 330
1961, 4, 50, 79, 53, 0, 0.50%, 0, 0, 4, 85.97, 167386, 330
1967, 4, 50, 79, 53, 0, 0.50%, 0, 0, 4, 86.09, 167830, 330
1972, 4, 11, 79, 53, 0, 0.50%, 0, 0, 4, 86.15, 168273, 330
1977, 4, 50, 79, 53, 0, 0.50%, 0, 0, 4, 86.83, 168720, 330
1982, 4, 45, 79, 53, 0, 0.50%, 0, 0, 4, 86.24, 169167, 330
1987, 4, 45, 79, 53, 0, 0.50%, 0, 0, 4, 85.04, 169601, 330
1992, 4, 45, 79, 53, 0, 0.50%, 0, 0, 4, 85.07, 170039, 330
1997, 4, 50, 79, 53, 0, 0.50%, 0, 0, 4, 85.58, 170478, 330
2003, 4, 50, 79, 53, 0, 0.50%, 0, 0, 4, 85.51, 170917, 330
2008, 4, 60, 79, 53, 0, 0.50%, 0, 0, 4, 85.40, 171356, 330
2013, 4, 60, 79, 53, 0, 0.50%, 0, 0, 4, 85.36, 171794, 330
2018, 4, 60, 80, 54, 0, 0.50%, 0, 0, 4, 85.80, 172226, 330
2023, 4, 60, 80, 54, 0, 0.50%, 0, 0, 4, 86.11, 172671, 330
2028, 4, 60, 80, 54, 0, 0.50%, 0, 0, 4, 85.75, 173111, 330
2033, 4, 77, 80, 54, 1, 0.50%, 0, 0, 4, 86.04, 173549, 330
2038, 4, 67, 80, 53, 1, 0.50%, 0, 0, 4, 84.77, 173981, 330
2043, 4, 79, 80, 53, 1, 0.50%, 0, 0, 4, 85.46, 174423, 330
2049, 4, 50, 80, 52, 0, 0.50%, 0, 0, 4, 84.93, 174863, 330
2054, 4, 50, 80, 52, 0, 0.50%, 0, 0, 4, 85.13, 175300, 330
2059, 4, 50, 80, 52, 0, 0.50%, 0, 0, 4, 85.94, 175745, 330
2064, 4, 50, 80, 52, 0, 0.50%, 0, 0, 4, 86.32, 176189, 330
2069, 4, 11, 80, 52, 0, 0.50%, 0, 0, 4, 86.42, 176632, 330
2074, 4, 50, 80, 52, 0, 0.50%, 0, 0, 4, 86.18, 177076, 330
2080, 4, 52, 80, 52, 0, 0.50%, 0, 0, 4, 86.73, 177521, 330
2085, 4, 52, 80, 52, 0, 0.50%, 0, 0, 4, 86.67, 177969, 330
2090, 4, 52, 80, 52, 0, 0.50%, 0, 0, 4, 87.26, 178419, 330
2095, 4, 50, 80, 52, 0, 0.50%, 0, 0, 4, 87.31, 178867, 330
2100, 4, 11, 80, 52, 0, 0.50%, 0, 0, 4, 86.52, 179311, 330
2105, 4, 41, 80, 52, 0, 0.50%, 0, 0, 4, 86.85, 179759, 330
2110, 4, 67, 80, 51, 0, 0.50%, 0, 0, 4, 86.37, 180204, 330
2116, 4, 50, 80, 51, 0, 0.50%, 0, 0, 4, 86.18, 180649, 330
2121, 4, 50, 80, 51, 0, 0.50%, 0, 0, 4, 85.97, 181091, 330
2126, 4, 50, 80, 51, 0, 0.50%, 0, 0, 4, 86.44, 181538, 330
2131, 4, 50, 80, 51, 0, 0.50%, 0, 0, 4, 86.06, 181982, 330
2136, 4, 52, 80, 51, 0, 0.50%, 0, 0, 4, 86.79, 182431, 330
2141, 4, 52, 80, 51, 0, 0.50%, 0, 0, 4, 86.70, 182879, 330
2147, 4, 52, 80, 51, 0, 0.50%, 0, 0, 4, 86.86, 183329, 330
2152, 4, 50, 80, 51, 0, 0.50%, 0, 0, 4, 86.90, 183777, 330
2157, 4, 50, 80, 51, 0, 0.50%, 0, 0, 4, 86.55, 184222, 330
2162, 4, 11, 80, 51, 0, 0.50%, 0, 0, 4, 86.17, 184667, 330
2167, 4, 50, 80, 51, 0, 0.50%, 0, 0, 4, 85.69, 185108, 330
2172, 4, 50, 80, 51, 0, 0.50%, 0, 0, 4, 86.90, 185558, 330
2178, 4, 11, 80, 51, 0, 0.50%, 0, 0, 4, 86.05, 185998, 330
2183, 4, 30, 80, 51, 0, 0.50%, 0, 0, 4, 84.60, 186432, 330
2188, 4, 30, 80, 51, 0, 0.50%, 0, 0, 4, 85.36, 186871, 330
2193, 4, 30, 80, 51, 0, 0.50%, 0, 0, 4, 85.79, 187316, 330
2198, 4, 50, 80, 51, 0, 0.50%, 0, 0, 4, 86.70, 187763, 330
2203, 4, 50, 80, 51, 0, 0.50%, 0, 0, 4, 86.37, 188208, 330
2208, 4, 30, 80, 51, 0, 0.50%, 0, 0, 4, 85.58, 188648, 330
2214, 4, 30, 80, 51, 0, 0.50%, 0, 0, 4, 85.43, 189090, 330
2219, 4, 50, 80, 51, 0, 0.50%, 0, 0, 4, 86.07, 189535, 330
2224, 4, 50, 80, 51, 0, 0.50%, 0, 0, 4, 86.35, 189980, 330
2229, 4, 50, 80, 51, 0, 0.50%, 0, 0, 4, 86.24, 190426, 330
2234, 4, 11, 80, 51, 0, 0.50%, 0, 0, 4, 86.04, 190871, 330
2239, 4, 11, 80, 51, 0, 0.50%, 0, 0, 4, 85.87, 191314, 330
2245, 4, 11, 80, 51, 0, 0.50%, 0, 0, 4, 86.12, 191757, 330
2250, 4, 45, 80, 51, 0, 0.50%, 0, 0, 4, 84.96, 192196, 330
2255, 4, 45, 80, 51, 0, 0.50%, 0, 0, 4, 85.79, 192641, 330
2260, 4, 50, 80, 51, 0, 0.50%, 0, 0, 4, 86.37, 193087, 330
2265, 4, 11, 80, 51, 0, 0.50%, 0, 0, 4, 86.04, 193531, 330
2270, 4, 11, 81, 52, 0, 0.50%, 0, 0, 4, 86.30, 193976, 330
2276, 4, 11, 81, 52, 0, 0.50%, 0, 0, 4, 85.82, 194419, 330
2281, 4, 58, 81, 52, 0, 0.50%, 0, 0, 4, 87.43, 194869, 330
2286, 4, 50, 81, 51, 0, 0.50%, 0, 0, 4, 86.35, 195317, 330
2291, 4, 50, 81, 51, 0, 0.50%, 0, 0, 4, 87.14, 195765, 330
2296, 4, 52, 81, 51, 0, 0.50%, 0, 0, 4, 86.19, 196210, 330
2301, 4, 52, 81, 51, 0, 0.50%, 0, 0, 4, 86.80, 196658, 330
2307, 4, 52, 81, 51, 0, 0.50%, 0, 0, 4, 86.06, 197102, 330
2312, 4, 50, 81, 51, 0, 0.50%, 0, 0, 4, 86.01, 197548, 330
2317, 4, 65, 81, 51, 0, 0.50%, 0, 0, 4, 86.28, 197991, 330
2322, 4, 65, 81, 51, 0, 0.50%, 0, 0, 4, 86.64, 198438, 330
2327, 4, 50, 81, 51, 0, 0.50%, 0, 0, 4, 86.63, 198884, 330
2332, 4, 50, 81, 51, 0, 0.50%, 0, 0, 4, 86.46, 199326, 330
2337, 4, 50, 81, 51, 0, 0.50%, 0, 0, 4, 86.10, 199770, 330
2343, 4, 50, 81, 51, 0, 0.50%, 0, 0, 4, 86.39, 200216, 330
2348, 4, 50, 81, 51, 0, 0.50%, 0, 0, 4, 86.01, 200660, 330
2353, 4, 11, 81, 51, 0, 0.50%, 0, 0, 4, 85.54, 201099, 330
2358, 4, 50, 81, 51, 0, 0.50%, 0, 0, 4, 86.27, 201543, 330
2363, 4, 50, 81, 51, 0, 0.50%, 0, 0, 4, 86.87, 201988, 330
2368, 4, 50, 81, 51, 0, 0.50%, 0, 0, 4, 86.69, 202434, 330
2373, 4, 50, 81, 51, 0, 0.50%, 0, 0, 4, 86.44, 202881, 330
2379, 5, 50, 81, 51, 0, 0.50%, 0, 0, 4, 85.39, 203324, 330
2384, 5, 50, 81, 51, 0, 0.50%, 0, 0, 4, 85.72, 203766, 330
2389, 5, 50, 81, 51, 0, 0.50%, 0, 0, 4, 86.88, 204214, 330
2394, 5, 50, 81, 51, 0, 0.50%, 0, 0, 4, 86.91, 204661, 330
2399, 5, 50, 81, 51, 0, 0.50%, 0, 0, 4, 87.20, 205110, 330
2404, 5, 50, 81, 51, 0, 0.50%, 0, 0, 4, 87.07, 205559, 330
2410, 5, 50, 81, 51, 0, 0.50%, 0, 0, 4, 87.16, 206006, 330
2415, 5, 50, 81, 51, 0, 0.50%, 0, 0, 4, 87.01, 206456, 330
2420, 5, 50, 81, 51, 0, 0.50%, 0, 0, 4, 86.79, 206904, 330
2425, 5, 50, 81, 51, 0, 0.50%, 0, 0, 4, 86.93, 207351, 330
2430, 5, 50, 81, 51, 0, 0.50%, 0, 0, 4, 86.46, 207797, 330
2435, 5, 67, 82, 52, 0, 0.50%, 0, 0, 4, 86.63, 208245, 330
2440, 5, 50, 82, 52, 0, 0.50%, 0, 0, 4, 85.96, 208688, 330
2446, 5, 50, 82, 52, 0, 0.50%, 0, 0, 4, 86.28, 209131, 330
2451, 5, 50, 82, 52, 0, 0.50%, 0, 0, 4, 87.30, 209579, 330
2456, 5, 50, 82, 52, 0, 0.50%, 0, 0, 4, 86.30, 210020, 330
2461, 5, 50, 82, 52, 0, 0.50%, 0, 0, 4, 87.54, 210467, 330
2466, 5, 50, 82, 52, 0, 0.50%, 0, 0, 4, 86.86, 210912, 330
2471, 5, 50, 82, 52, 0, 0.50%, 0, 0, 4, 87.24, 211360, 330
2476, 5, 50, 82, 52, 0, 0.50%, 0, 0, 4, 87.23, 211806, 330
2481, 5, 50, 82, 52, 0, 0.50%, 0, 0, 4, 86.82, 212248, 330
2487, 5, 50, 82, 52, 0, 0.50%, 0, 0, 4, 86.79, 212697, 330
2492, 5, 30, 82, 52, 0, 0.50%, 0, 0, 4, 86.26, 213142, 330
2497, 5, 30, 82, 52, 0, 0.50%, 0, 0, 4, 86.09, 213584, 330
2502, 5, 50, 82, 52, 0, 0.50%, 0, 0, 4, 86.62, 214030, 330
2507, 5, 50, 82, 52, 0, 0.50%, 0, 0, 4, 86.61, 214477, 330
2512, 5, 50, 82, 52, 0, 0.50%, 0, 0, 4, 85.87, 214916, 330
2517, 5, 50, 82, 52, 0, 0.50%, 0, 0, 4, 86.21, 215358, 330
2523, 5, 50, 82, 52, 0, 0.50%, 0, 0, 4, 87.67, 215808, 330
2528, 5, 50, 82, 52, 0, 0.50%, 0, 0, 4, 87.36, 216258, 330
2533, 5, 50, 82, 52, 0, 0.50%, 0, 0, 4, 87.40, 216706, 330
2538, 5, 50, 82, 52, 0, 0.50%, 0, 0, 4, 87.51, 217155, 330
2543, 5, 65, 82, 52, 0, 0.50%, 0, 0, 4, 87.13, 217599, 330
2548, 5, 50, 82, 52, 0, 0.50%, 0, 0, 4, 86.49, 218044, 330
2553, 5, 50, 82, 52, 0, 0.50%, 0, 0, 4, 86.63, 218491, 330
2559, 5, 50, 82, 52, 0, 0.50%, 0, 0, 4, 87.34, 218939, 330
2564, 5, 50, 82, 52, 0, 0.50%, 0, 0, 4, 86.48, 219385, 330
2569, 5, 50, 82, 52, 0, 0.50%, 0, 0, 4, 87.02, 219832, 330
2574, 5, 11, 82, 52, 0, 0.50%, 0, 0, 4, 85.97, 220275, 330
2579, 5, 50, 82, 52, 0, 0.50%, 0, 0, 4, 85.34, 220710, 330
2584, 5, 50, 82, 52, 0, 0.50%, 0, 0, 4, 86.38, 221156, 330
2589, 5, 50, 82, 52, 0, 0.50%, 0, 0, 4, 86.60, 221601, 330
2595, 5, 50, 82, 52, 0, 0.50%, 0, 0, 4, 86.94, 222049, 330
2600, 5, 50, 82, 52, 0, 0.50%, 0, 0, 4, 86.27, 222492, 330
2605, 5, 50, 82, 52, 0, 0.50%, 0, 0, 4, 86.85, 222939, 330
2610, 5, 50, 82, 52, 0, 0.50%, 0, 0, 4, 87.37, 223387, 330
2615, 5, 50, 82, 52, 0, 0.50%, 0, 0, 4, 87.06, 223832, 330
2620, 5, 50, 82, 52, 0, 0.50%, 0, 0, 4, 86.45, 224278, 330
2625, 5, 50, 82, 52, 0, 0.50%, 0, 0, 4, 87.18, 224725, 330
2630, 5, 50, 82, 52, 0, 0.50%, 0, 0, 4, 87.36, 225172, 330
2636, 5, 50, 82, 52, 0, 0.50%, 0, 0, 4, 86.74, 225618, 330
2641, 5, 50, 82, 52, 0, 0.50%, 0, 0, 4, 86.31, 226060, 330
2646, 5, 56, 82, 52, 0, 0.50%, 0, 0, 4, 86.50, 226503, 330
2651, 5, 56, 82, 52, 0, 0.50%, 0, 0, 4, 84.45, 226938, 330
2656, 5, 50, 82, 52, 0, 0.50%, 0, 0, 4, 86.15, 227380, 330
2661, 5, 59, 82, 52, 0, 0.50%, 0, 0, 4, 87.35, 227828, 330
2666, 5, 59, 82, 52, 0, 0.50%, 0, 0, 4, 86.69, 228274, 330
2672, 5, 59, 82, 52, 0, 0.50%, 0, 0, 4, 87.28, 228723, 330
2677, 5, 11, 82, 52, 0, 0.50%, 0, 0, 4, 86.81, 229169, 330
2682, 5, 50, 82, 52, 0, 0.50%, 0, 0, 4, 86.41, 229613, 330
2687, 5, 50, 82, 52, 0, 0.50%, 0, 0, 4, 87.37, 230061, 330
2692, 5, 50, 82, 52, 0, 0.50%, 0, 0, 4, 87.54, 230512, 330
2697, 5, 50, 82, 52, 0, 0.50%, 0, 0, 4, 87.37, 230960, 330
2702, 6, 50, 82, 52, 0, 0.50%, 0, 0, 4, 87.13, 231409, 330
2708, 6, 50, 82, 52, 0, 0.50%, 0, 0, 4, 85.29, 231848, 330
2713, 6, 65, 82, 52, 0, 0.50%, 0, 0, 4, 85.87, 232288, 330
2718, 6, 65, 82, 52, 0, 0.50%, 0, 0, 4, 86.69, 232737, 330
2723, 6, 50, 82, 52, 0, 0.50%, 0, 0, 4, 86.99, 233184, 330
2728, 6, 50, 82, 52, 0, 0.50%, 0, 0, 4, 87.19, 233634, 330
2733, 6, 50, 82, 52, 0, 0.50%, 0, 0, 4, 86.29, 234078, 330
2738, 6, 50, 82, 52, 0, 0.50%, 0, 0, 4, 87.05, 234525, 330
2744, 6, 52, 82, 52, 0, 0.50%, 0, 0, 4, 87.43, 234975, 330
2749, 6, 52, 82, 52, 0, 0.50%, 0, 0, 4, 87.27, 235425, 330
2754, 6, 52, 82, 52, 0, 0.50%, 0, 0, 4, 87.67, 235873, 330
2759, 6, 52, 82, 52, 0, 0.50%, 0, 0, 4, 87.26, 236323, 330
2764, 6, 52, 82, 52, 0, 0.50%, 0, 0, 4, 87.45, 236772, 330
2769, 6, 52, 82, 52, 0, 0.50%, 0, 0, 4, 87.62, 237221, 330
2774, 6, 65, 82, 52, 0, 0.50%, 0, 0, 4, 86.35, 237665, 330
2779, 6, 50, 82, 52, 0, 0.50%, 0, 0, 4, 87.10, 238113, 330
2785, 6, 50, 82, 52, 0, 0.50%, 0, 0, 4, 87.44, 238562, 330
2790, 6, 50, 82, 52, 0, 0.50%, 0, 0, 4, 87.34, 239012, 330
2795, 6, 60, 82, 52, 0, 0.50%, 0, 0, 4, 86.78, 239458, 330
2800, 6, 60, 82, 52, 0, 0.50%, 0, 0, 4, 87.05, 239905, 330
2805, 6, 60, 82, 52, 0, 0.50%, 0, 0, 4, 86.69, 240352, 330
2810, 6, 50, 82, 52, 0, 0.50%, 0, 0, 4, 87.01, 240800, 330
2815, 6, 50, 82, 52, 0, 0.50%, 0, 0, 4, 87.41, 241251, 330
2821, 6, 50, 82, 52, 0, 0.50%, 0, 0, 4, 87.02, 241698, 330
2826, 6, 56, 82, 52, 0, 0.50%, 0, 0, 4, 87.05, 242147, 330
2831, 6, 56, 82, 52, 0, 0.50%, 0, 0, 4, 87.06, 242593, 330
2836, 6, 56, 82, 52, 0, 0.50%, 0, 0, 4, 87.55, 243042, 330
2841, 6, 50, 82, 52, 0, 0.50%, 0, 0, 4, 87.23, 243487, 330
2846, 6, 50, 82, 52, 0, 0.50%, 0, 0, 4, 87.44, 243937, 330
2851, 6, 50, 82, 52, 0, 0.50%, 0, 0, 4, 87.12, 244380, 330
2857, 6, 11, 82, 52, 0, 0.50%, 0, 0, 4, 86.32, 244825, 330
2862, 6, 50, 82, 52, 0, 0.50%, 0, 0, 4, 86.58, 245272, 330
2867, 6, 50, 82, 52, 0, 0.50%, 0, 0, 4, 87.32, 245722, 330
2872, 6, 50, 82, 52, 0, 0.50%, 0, 0, 4, 86.42, 246164, 330
2877, 6, 52, 82, 52, 0, 0.50%, 0, 0, 4, 86.57, 246610, 330
2882, 6, 52, 82, 52, 0, 0.50%, 0, 0, 4, 86.98, 247058, 330
2887, 6, 52, 82, 52, 0, 0.50%, 0, 0, 4, 86.62, 247504, 330
2893, 6, 50, 82, 52, 0, 0.50%, 0, 0, 4, 86.96, 247953, 330
2898, 6, 50, 82, 52, 0, 0.50%, 0, 0, 4, 86.77, 248399, 330
2903, 6, 65, 82, 52, 0, 0.50%, 0, 0, 4, 87.14, 248849, 330
2908, 6, 50, 82, 52, 0, 0.50%, 0, 0, 4, 86.33, 249294, 330
2913, 6, 59, 82, 52, 0, 0.50%, 0, 0, 4, 86.11, 249738, 330
2918, 6, 59, 82, 52, 0, 0.50%, 0, 0, 4, 86.31, 250183, 330
2924, 6, 11, 82, 52, 0, 0.50%, 0, 0, 4, 86.78, 250631, 330
2929, 6, 11, 82, 52, 0, 0.50%, 0, 0, 4, 85.57, 251072, 330
2934, 6, 65, 82, 52, 0, 0.50%, 0, 0, 4, 86.56, 251520, 330
2939, 6, 65, 82, 52, 0, 0.50%, 0, 0, 4, 86.40, 251965, 330
2944, 6, 50, 82, 52, 0, 0.50%, 0, 0, 4, 87.01, 252415, 330
2949, 6, 50, 82, 52, 0, 0.50%, 0, 0, 4, 87.01, 252863, 330
2954, 6, 50, 82, 52, 0, 0.50%, 0, 0, 4, 87.03, 253312, 330
2960, 6, 50, 82, 52, 0, 0.50%, 0, 0, 4, 87.10, 253758, 330
2965, 6, 50, 82, 52, 0, 0.50%, 0, 0, 4, 87.19, 254206, 330
2970, 6, 50, 82, 52, 0, 0.50%, 0, 0, 4, 86.26, 254650, 330
2975, 6, 50, 82, 52, 0, 0.50%, 0, 0, 4, 86.54, 255095, 330
2980, 6, 50, 82, 52, 0, 0.50%, 0, 0, 4, 86.85, 255541, 330
2985, 6, 50, 82, 52, 0, 0.50%, 0, 0, 4, 87.20, 255989, 330
2990, 6, 50, 82, 52, 0, 0.50%, 0, 0, 4, 86.56, 256435, 330
2996, 6, 50, 82, 52, 0, 0.50%, 0, 0, 4, 86.97, 256881, 330
3001, 6, 68, 82, 52, 0, 0.50%, 0, 0, 4, 87.12, 257328, 330
3006, 6, 50, 82, 51, 0, 0.50%, 0, 0, 4, 86.89, 257775, 330
3011, 6, 68, 82, 51, 0, 0.50%, 0, 0, 4, 86.91, 258222, 330
3016, 6, 68, 82, 51, 0, 0.50%, 0, 0, 4, 85.76, 258662, 330
3021, 6, 50, 82, 51, 0, 0.50%, 0, 0, 4, 86.39, 259110, 330
3026, 6, 50, 82, 51, 0, 0.50%, 0, 0, 4, 86.69, 259557, 330
3032, 6, 67, 82, 51, 0, 0.50%, 0, 0, 4, 86.50, 260004, 330
3037, 6, 59, 82, 51, 0, 0.50%, 0, 0, 4, 86.45, 260450, 330
3042, 6, 59, 82, 51, 0, 0.50%, 0, 0, 4, 86.90, 260896, 330
3047, 6, 59, 82, 51, 0, 0.50%, 0, 0, 4, 86.90, 261345, 330
3052, 6, 50, 82, 51, 0, 0.50%, 0, 0, 4, 86.98, 261791, 330
3057, 6, 50, 82, 51, 0, 0.50%, 0, 0, 4, 87.15, 262239, 330
3063, 6, 50, 82, 51, 0, 0.50%, 0, 0, 4, 86.92, 262686, 330
3068, 6, 50, 82, 51, 0, 0.50%, 0, 0, 4, 87.05, 263131, 330
3073, 6, 50, 82, 51, 0, 0.50%, 0, 0, 4, 87.52, 263580, 330
3078, 6, 50, 82, 51, 0, 0.50%, 0, 0, 4, 87.27, 264029, 330
3083, 7, 50, 82, 51, 0, 0.50%, 0, 0, 4, 87.30, 264477, 330
3088, 7, 50, 82, 51, 0, 0.50%, 0, 0, 4, 86.52, 264922, 330
3093, 7, 68, 82, 51, 0, 0.50%, 0, 0, 4, 86.84, 265367, 330
3098, 7, 68, 82, 51, 0, 0.50%, 0, 0, 4, 86.15, 265811, 330
3104, 7, 68, 82, 51, 0, 0.50%, 0, 0, 4, 85.49, 266250, 330
3109, 7, 68, 82, 51, 0, 0.50%, 0, 0, 4, 85.82, 266693, 330
3114, 7, 50, 82, 51, 0, 0.50%, 0, 0, 4, 86.64, 267139, 330
3119, 7, 50, 82, 51, 0, 0.50%, 0, 0, 4, 87.77, 267589, 330
3124, 7, 50, 82, 51, 0, 0.50%, 0, 0, 4, 87.28, 268036, 330
3129, 7, 60, 82, 51, 0, 0.50%, 0, 0, 4, 86.74, 268480, 330
3134, 7, 60, 82, 51, 0, 0.50%, 0, 0, 4, 87.23, 268929, 330
3140, 7, 60, 82, 51, 0, 0.50%, 0, 0, 4, 87.37, 269378, 330
3145, 7, 11, 82, 51, 0, 0.50%, 0, 0, 4, 86.45, 269823, 330
3150, 7, 50, 82, 51, 0, 0.50%, 0, 0, 4, 86.33, 270265, 330
3155, 7, 50, 82, 51, 0, 0.50%, 0, 0, 4, 86.60, 270710, 330
3160, 7, 50, 82, 51, 0, 0.50%, 0, 0, 4, 86.31, 271157, 330
3165, 7, 45, 82, 51, 0, 0.50%, 0, 0, 4, 86.68, 271606, 330
3170, 7, 45, 82, 51, 0, 0.50%, 0, 0, 4, 85.60, 272043, 330
3176, 7, 45, 82, 51, 0, 0.50%, 0, 0, 4, 86.17, 272489, 330
3181, 7, 11, 82, 51, 0, 0.50%, 0, 0, 4, 86.20, 272931, 330
3186, 7, 50, 82, 51, 0, 0.50%, 0, 0, 4, 86.42, 273374, 330
3191, 7, 50, 82, 51, 0, 0.50%, 0, 0, 4, 87.33, 273823, 330
3196, 7, 50, 82, 51, 0, 0.50%, 0, 0, 4, 87.50, 274272, 330
3201, 7, 50, 82, 51, 0, 0.50%, 0, 0, 4, 87.37, 274721, 330
3206, 7, 68, 82, 51, 0, 0.50%, 0, 0, 4, 86.03, 275162, 330
3212, 7, 50, 82, 51, 0, 0.50%, 0, 0, 4, 86.99, 275610, 330
3217, 7, 50, 82, 51, 0, 0.50%, 0, 0, 4, 87.52, 276060, 330
3222, 7, 68, 82, 51, 0, 0.50%, 0, 0, 4, 86.78, 276506, 330
3227, 7, 50, 82, 51, 0, 0.50%, 0, 0, 4, 86.86, 276952, 330
3232, 7, 50, 82, 50, 0, 0.50%, 0, 0, 4, 87.13, 277402, 330
3237, 7, 50, 82, 50, 0, 0.50%, 0, 0, 4, 85.90, 277845, 330
3242, 7, 50, 82, 50, 0, 0.50%, 0, 0, 4, 83.76, 278272, 330
3248, 7, 50, 82, 50, 0, 0.50%, 0, 0, 4, 80.48, 278681, 330
3253, 7, 11, 82, 50, 0, 0.50%, 0, 0, 4, 83.77, 279114, 330
3258, 7, 50, 82, 50, 0, 0.50%, 0, 0, 4, 85.39, 279554, 330
3263, 7, 50, 82, 50, 0, 0.50%, 0, 0, 4, 86.39, 280000, 330
3268, 7, 50, 82, 50, 0, 0.50%, 0, 0, 4, 85.17, 280438, 330
3273, 7, 50, 82, 50, 0, 0.50%, 0, 0, 4, 85.80, 280882, 330
3278, 7, 50, 82, 50, 0, 0.50%, 0, 0, 4, 85.97, 281325, 330
3284, 7, 50, 82, 50, 0, 0.50%, 0, 0, 4, 85.82, 281765, 330
3289, 7, 50, 82, 50, 0, 0.50%, 0, 0, 4, 85.70, 282209, 330
3294, 7, 68, 82, 50, 0, 0.50%, 0, 0, 4, 85.75, 282649, 330
3299, 7, 11, 82, 50, 0, 0.50%, 0, 0, 4, 84.55, 283085, 330
3304, 7, 50, 82, 50, 0, 0.50%, 0, 0, 4, 85.50, 283525, 330
3309, 7, 50, 82, 50, 0, 0.50%, 0, 0, 4, 86.46, 283971, 330
3315, 7, 50, 82, 50, 0, 0.50%, 0, 0, 4, 86.41, 284417, 330
3320, 7, 50, 82, 50, 0, 0.50%, 0, 0, 4, 85.89, 284857, 330
3325, 7, 11, 82, 50, 0, 0.50%, 0, 0, 4, 86.53, 285306, 330
3330, 7, 50, 82, 50, 0, 0.50%, 0, 0, 4, 86.20, 285752, 330
3335, 7, 50, 82, 50, 0, 0.50%, 0, 0, 4, 86.07, 286196, 330
3340, 7, 50, 82, 50, 0, 0.50%, 0, 0, 4, 86.45, 286640, 330
3345, 7, 68, 82, 50, 0, 0.50%, 0, 0, 4, 86.01, 287086, 330
3351, 7, 11, 82, 50, 0, 0.50%, 0, 0, 4, 86.05, 287529, 330
3356, 7, 50, 82, 50, 0, 0.50%, 0, 0, 4, 85.89, 287975, 330
3361, 7, 68, 82, 50, 0, 0.50%, 0, 0, 4, 86.02, 288420, 330
3366, 7, 50, 82, 50, 0, 0.50%, 0, 0, 4, 85.78, 288863, 330
3371, 7, 50, 82, 50, 0, 0.50%, 0, 0, 4, 86.02, 289308, 330
3376, 7, 50, 82, 50, 0, 0.50%, 0, 0, 4, 86.54, 289753, 330
3382, 7, 45, 82, 50, 0, 0.50%, 0, 0, 4, 85.92, 290195, 330
3387, 7, 45, 82, 50, 0, 0.50%, 0, 0, 4, 85.56, 290635, 330
3392, 7, 45, 82, 50, 0, 0.50%, 0, 0, 4, 85.35, 291074, 330
3397, 7, 50, 82, 50, 0, 0.50%, 0, 0, 4, 85.72, 291517, 330
3402, 7, 50, 82, 50, 0, 0.50%, 0, 0, 4, 86.14, 291962, 330
3407, 7, 50, 82, 50, 0, 0.50%, 0, 0, 4, 86.51, 292406, 330
3413, 7, 50, 82, 50, 0, 0.50%, 0, 0, 4, 86.69, 292851, 330
3418, 7, 68, 82, 50, 0, 0.50%, 0, 0, 4, 86.02, 293292, 330
3423, 7, 50, 82, 50, 0, 0.50%, 0, 0, 4, 85.83, 293739, 330
3428, 7, 50, 82, 50, 0, 0.50%, 0, 0, 4, 86.36, 294182, 330
3433, 7, 68, 82, 50, 0, 0.50%, 0, 0, 4, 85.66, 294621, 330
3438, 7, 50, 82, 50, 0, 0.50%, 0, 0, 4, 85.05, 295062, 330
3443, 7, 50, 82, 50, 0, 0.50%, 0, 0, 4, 85.81, 295504, 330
3449, 7, 50, 82, 50, 0, 0.50%, 0, 0, 4, 86.42, 295952, 330
3454, 8, 68, 82, 50, 0, 0.50%, 0, 0, 4, 86.27, 296398, 330
3459, 8, 5, 82, 50, 0, 0.50%, 0, 0, 4, 86.31, 296842, 330
3464, 8, 52, 82, 49, 0, 0.50%, 0, 0, 4, 86.06, 297287, 330
3469, 8, 52, 82, 49, 0, 0.50%, 0, 0, 4, 86.68, 297735, 330
3474, 8, 52, 82, 49, 0, 0.50%, 0, 0, 4, 86.82, 298180, 330
3480, 8, 50, 82, 49, 0, 0.50%, 0, 0, 4, 86.46, 298625, 330
3485, 8, 50, 82, 49, 0, 0.50%, 0, 0, 4, 85.97, 299068, 330
3490, 8, 50, 82, 49, 0, 0.50%, 0, 0, 4, 85.52, 299511, 330
3495, 8, 67, 82, 49, 0, 0.50%, 0, 0, 4, 85.72, 299954, 330
3500, 8, 50, 82, 49, 0, 0.50%, 0, 0, 4, 83.84, 300379, 330
3505, 8, 68, 82, 49, 0, 0.50%, 0, 0, 4, 85.08, 300819, 330
3510, 8, 50, 82, 49, 0, 0.50%, 0, 0, 4, 85.49, 301256, 330
3516, 8, 67, 82, 49, 0, 0.50%, 0, 0, 4, 86.53, 301705, 330
3521, 8, 50, 82, 49, 0, 0.50%, 0, 0, 4, 86.20, 302147, 330
3526, 8, 68, 82, 49, 0, 0.50%, 0, 0, 4, 85.87, 302590, 330
3531, 8, 50, 82, 49, 0, 0.50%, 0, 0, 4, 85.85, 303027, 330
3536, 8, 50, 82, 49, 0, 0.50%, 0, 0, 4, 86.18, 303470, 330
3541, 8, 50, 82, 49, 0, 0.50%, 0, 0, 4, 86.37, 303916, 330
3546, 8, 50, 82, 49, 0, 0.50%, 0, 0, 4, 86.43, 304363, 330
3552, 8, 50, 82, 49, 0, 0.50%, 0, 0, 4, 86.96, 304812, 330
3557, 8, 43, 82, 49, 0, 0.50%, 0, 0, 4, 86.72, 305262, 330
3562, 8, 11, 82, 48, 0, 0.50%, 0, 0, 4, 85.15, 305702, 330
3567, 8, 11, 82, 48, 0, 0.50%, 0, 0, 4, 85.49, 306140, 330
3572, 8, 67, 82, 48, 0, 0.50%, 0, 0, 4, 86.61, 306587, 330
3577, 8, 50, 82, 48, 0, 0.50%, 0, 0, 4, 86.48, 307031, 330
3583, 8, 76, 82, 48, 0, 0.50%, 0, 0, 4, 86.12, 307477, 330
3588, 8, 50, 82, 47, 0, 0.50%, 0, 0, 4, 86.29, 307922, 330
3593, 8, 50, 82, 47, 0, 0.50%, 0, 0, 4, 86.61, 308367, 330
3598, 8, 50, 82, 47, 0, 0.50%, 0, 0, 4, 86.35, 308813, 330
3603, 8, 50, 82, 47, 0, 0.50%, 0, 0, 4, 86.91, 309261, 330
3608, 8, 50, 82, 47, 0, 0.50%, 0, 0, 4, 86.63, 309708, 330
3614, 8, 67, 82, 47, 0, 0.50%, 0, 0, 4, 85.38, 310147, 330
3619, 8, 50, 82, 47, 0, 0.50%, 0, 0, 4, 82.32, 310570, 330
3624, 8, 50, 82, 47, 0, 0.50%, 0, 0, 4, 85.64, 311016, 330
