# relative_time, cycles_done, cur_item, corpus_count, pending_total, pending_favs, map_size, saved_crashes, saved_hangs, max_depth, execs_per_sec, total_execs, edges_found
60, 0, 3, 26, 24, 1, 1.10%, 0, 0, 2, 380.15, 23466, 723
65, 0, 3, 26, 24, 1, 1.10%, 0, 0, 2, 380.43, 25377, 723
71, 0, 3, 28, 26, 1, 1.27%, 0, 0, 2, 377.71, 27325, 832
76, 0, 3, 28, 26, 1, 1.27%, 0, 0, 2, 379.83, 29236, 832
81, 0, 3, 28, 26, 1, 1.27%, 0, 0, 2, 386.11, 31196, 832
86, 0, 3, 29, 27, 1, 1.27%, 0, 0, 2, 384.82, 33178, 833
91, 0, 3, 31, 29, 1, 1.38%, 0, 0, 2, 383.79, 35168, 902
96, 0, 3, 32, 30, 1, 1.40%, 0, 0, 2, 389.04, 37122, 917
101, 0, 3, 32, 30, 1, 1.40%, 0, 0, 2, 470.40, 39673, 917
106, 0, 3, 32, 30, 1, 1.40%, 0, 0, 2, 490.35, 42166, 917
111, 0, 3, 32, 30, 1, 1.40%, 0, 0, 2, 493.72, 44650, 917
116, 0, 3, 32, 30, 1, 1.40%, 0, 0, 2, 482.03, 47152, 917
121, 0, 3, 32, 30, 1, 1.40%, 0, 0, 2, 487.42, 49609, 917
127, 0, 3, 32, 30, 1, 1.40%, 0, 0, 2, 491.42, 52165, 917
132, 0, 3, 32, 30, 1, 1.40%, 0, 0, 2, 494.62, 54685, 917
137, 0, 3, 32, 30, 1, 1.40%, 0, 0, 2, 490.35, 57142, 917
142, 0, 3, 32, 30, 1, 1.40%, 0, 0, 2, 488.33, 59590, 917
147, 0, 3, 32, 30, 1, 1.40%, 0, 0, 2, 490.74, 62137, 917
152, 0, 3, 32, 30, 1, 1.40%, 0, 0, 2, 491.50, 64675, 917
157, 0, 3, 32, 30, 1, 1.40%, 0, 0, 2, 489.02, 67213, 917
162, 0, 3, 32, 30, 1, 1.40%, 0, 0, 2, 489.40, 69670, 917
167, 0, 3, 32, 30, 1, 1.40%, 0, 0, 2, 457.26, 71960, 917
173, 0, 6, 32, 29, 15, 1.40%, 0, 0, 2, 408.99, 74111, 917
178, 0, 6, 32, 29, 15, 1.40%, 0, 0, 2, 462.07, 76472, 917
183, 0, 6, 32, 29, 15, 1.40%, 0, 0, 2, 460.30, 78808, 917
188, 0, 7, 32, 28, 14, 1.40%, 0, 0, 2, 416.63, 80920, 917
193, 0, 26, 32, 27, 13, 1.40%, 0, 0, 2, 428.59, 83043, 917
213, 0, 26, 33, 28, 13, 2.11%, 0, 0, 3, 2.48, 83282, 1384
218, 0, 26, 33, 28, 13, 2.11%, 0, 1, 3, 2.65, 83298, 1384
223, 0, 26, 33, 28, 13, 2.11%, 0, 1, 3, 2.87, 83316, 1384
228, 0, 26, 33, 28, 13, 2.11%, 0, 1, 3, 2.60, 83326, 1384
233, 0, 26, 33, 28, 13, 2.11%, 0, 2, 3, 2.58, 83339, 1384
238, 0, 26, 33, 28, 13, 2.11%, 0, 2, 3, 2.84, 83357, 1384
243, 0, 26, 33, 28, 13, 2.11%, 0, 2, 3, 3.94, 83392, 1384
248, 0, 26, 33, 28, 13, 2.11%, 0, 3, 3, 3.40, 83402, 1384
253, 0, 26, 33, 28, 13, 2.11%, 0, 3, 3, 3.57, 83422, 1384
258, 0, 26, 33, 28, 13, 2.11%, 0, 3, 3, 3.31, 83436, 1384
263, 0, 26, 33, 28, 13, 2.11%, 0, 3, 3, 3.10, 83449, 1384
268, 0, 26, 33, 28, 13, 2.11%, 0, 3, 3, 2.92, 83461, 1384
274, 0, 26, 33, 28, 13, 2.11%, 0, 3, 3, 3.72, 83490, 1384
279, 0, 26, 33, 28, 13, 2.11%, 0, 3, 3, 3.46, 83504, 1384
284, 0, 26, 33, 28, 13, 2.11%, 0, 3, 3, 3.09, 83515, 1384
289, 0, 26, 33, 28, 13, 2.11%, 0, 3, 3, 3.24, 83534, 1384
294, 0, 26, 33, 28, 13, 2.11%, 0, 3, 3, 3.61, 83557, 1384
299, 0, 26, 33, 28, 13, 2.11%, 0, 3, 3, 3.59, 83574, 1384
304, 0, 26, 35, 30, 13, 2.11%, 0, 3, 3, 253.40, 84676, 1385
309, 0, 26, 36, 31, 13, 2.11%, 0, 3, 3, 264.97, 86064, 1385
314, 0, 26, 36, 31, 13, 2.11%, 0, 3, 3, 256.51, 87384, 1385
319, 0, 26, 36, 31, 13, 2.11%, 0, 3, 3, 391.17, 89385, 1385
324, 0, 26, 37, 32, 13, 2.11%, 0, 3, 3, 357.93, 91242, 1385
329, 0, 19, 37, 31, 13, 2.11%, 0, 3, 3, 403.04, 93394, 1385
334, 0, 19, 38, 32, 13, 2.14%, 0, 3, 3, 442.28, 95586, 1401
339, 0, 19, 39, 33, 13, 2.14%, 0, 3, 3, 433.76, 97682, 1401
345, 0, 15, 39, 32, 13, 2.14%, 0, 3, 3, 464.77, 100162, 1401
350, 0, 15, 39, 32, 13, 2.14%, 0, 3, 3, 435.54, 102397, 1401
355, 0, 8, 39, 31, 12, 2.14%, 0, 3, 3, 451.28, 104721, 1401
360, 0, 8, 39, 31, 12, 2.14%, 0, 3, 3, 443.57, 106957, 1401
365, 0, 8, 39, 31, 12, 2.14%, 0, 3, 3, 457.21, 109215, 1401
370, 0, 21, 39, 30, 11, 2.14%, 0, 3, 3, 394.64, 111221, 1401
375, 0, 21, 39, 30, 11, 2.14%, 0, 3, 3, 398.73, 113202, 1401
380, 0, 30, 39, 29, 10, 2.14%, 0, 3, 3, 380.58, 115164, 1401
385, 0, 30, 41, 31, 10, 2.29%, 0, 3, 3, 395.91, 117225, 1501
390, 0, 30, 41, 31, 10, 2.29%, 0, 3, 3, 448.27, 119574, 1501
395, 0, 30, 41, 31, 10, 2.29%, 0, 3, 3, 449.27, 121766, 1501
401, 0, 30, 42, 32, 10, 2.29%, 0, 3, 3, 458.20, 123958, 1501
406, 0, 9, 42, 31, 11, 2.29%, 0, 3, 3, 465.05, 126300, 1501
411, 0, 9, 42, 31, 11, 2.29%, 0, 3, 3, 433.28, 128347, 1501
416, 0, 13, 42, 30, 10, 2.29%, 0, 3, 3, 430.49, 130495, 1501
421, 0, 13, 42, 30, 10, 2.29%, 0, 3, 3, 437.85, 132615, 1501
426, 0, 13, 42, 30, 10, 2.29%, 0, 3, 3, 477.85, 135072, 1501
431, 0, 0, 42, 29, 9, 2.29%, 0, 3, 3, 378.49, 136872, 1501
436, 0, 0, 42, 29, 9, 2.29%, 0, 3, 3, 453.39, 139272, 1501
441, 0, 0, 42, 29, 9, 2.29%, 0, 3, 3, 408.05, 141354, 1501
446, 0, 33, 42, 28, 9, 2.29%, 0, 3, 3, 394.87, 143167, 1501
451, 0, 33, 42, 28, 9, 2.29%, 0, 3, 3, 454.46, 145590, 1501
456, 0, 11, 42, 26, 7, 2.29%, 0, 3, 3, 450.26, 147828, 1501
461, 0, 11, 42, 26, 7, 2.29%, 0, 3, 3, 460.28, 150081, 1501
466, 0, 11, 42, 26, 7, 2.29%, 0, 3, 3, 442.39, 152350, 1501
471, 0, 40, 42, 25, 7, 2.29%, 0, 3, 3, 463.89, 154684, 1501
476, 0, 40, 43, 26, 7, 2.31%, 0, 3, 4, 380.59, 156670, 1513
481, 0, 39, 43, 25, 7, 2.31%, 0, 3, 4, 416.73, 158762, 1513
487, 0, 39, 44, 26, 7, 2.31%, 0, 3, 4, 426.90, 160912, 1517
492, 0, 39, 44, 26, 7, 2.31%, 0, 3, 4, 480.54, 163409, 1517
497, 0, 39, 44, 26, 7, 2.31%, 0, 3, 4, 406.61, 165473, 1517
502, 0, 43, 44, 25, 7, 2.31%, 0, 3, 4, 437.12, 167790, 1517
507, 0, 43, 44, 25, 7, 2.31%, 0, 3, 4, 389.79, 169837, 1517
512, 0, 43, 44, 25, 7, 2.31%, 0, 3, 4, 426.12, 171990, 1517
517, 0, 43, 44, 25, 7, 2.31%, 0, 3, 4, 462.72, 174465, 1517
522, 0, 43, 44, 25, 7, 2.31%, 0, 3, 4, 439.37, 176638, 1517
527, 0, 27, 44, 24, 6, 2.31%, 0, 3, 4, 455.30, 178934, 1517
532, 0, 27, 44, 24, 6, 2.31%, 0, 3, 4, 420.13, 181060, 1517
537, 0, 42, 44, 23, 5, 2.31%, 0, 3, 4, 450.99, 183357, 1517
542, 0, 42, 44, 23, 5, 2.31%, 0, 3, 4, 415.05, 185573, 1517
547, 0, 42, 44, 23, 5, 2.31%, 0, 3, 4, 470.11, 187931, 1517
553, 0, 42, 44, 23, 5, 2.31%, 0, 3, 4, 491.30, 190433, 1517
558, 0, 42, 44, 23, 5, 2.31%, 0, 3, 4, 470.65, 192911, 1517
563, 0, 42, 44, 23, 5, 2.31%, 0, 3, 4, 464.18, 195239, 1517
568, 0, 42, 44, 23, 5, 2.31%, 0, 3, 4, 355.96, 197087, 1517
573, 0, 42, 44, 23, 5, 2.31%, 0, 3, 4, 402.35, 199301, 1517
578, 0, 37, 44, 22, 4, 2.31%, 0, 3, 4, 376.98, 201123, 1517
583, 0, 28, 44, 21, 3, 2.31%, 0, 3, 4, 386.31, 203005, 1517
588, 0, 28, 44, 21, 3, 2.31%, 0, 3, 4, 468.66, 205567, 1517
593, 0, 24, 44, 20, 2, 2.31%, 0, 3, 4, 452.21, 207809, 1517
598, 0, 24, 44, 20, 2, 2.31%, 0, 3, 4, 424.19, 209966, 1517
603, 0, 24, 44, 20, 2, 2.31%, 0, 3, 4, 458.16, 212321, 1517
608, 0, 29, 44, 19, 1, 2.31%, 0, 3, 4, 400.01, 214322, 1517
614, 0, 29, 44, 19, 1, 2.31%, 0, 3, 4, 404.50, 216398, 1517
619, 0, 29, 44, 18, 0, 2.31%, 0, 3, 4, 405.68, 218406, 1517
624, 0, 29, 45, 19, 0, 2.32%, 0, 3, 4, 409.80, 220548, 1521
629, 0, 29, 47, 21, 0, 2.37%, 0, 3, 4, 378.69, 222412, 1552
634, 0, 29, 49, 23, 0, 2.37%, 0, 3, 4, 368.88, 224255, 1555
639, 0, 29, 49, 23, 0, 2.37%, 0, 3, 4, 371.81, 226208, 1555
644, 0, 29, 49, 23, 0, 2.37%, 0, 3, 4, 368.31, 228070, 1555
649, 0, 29, 49, 23, 0, 2.37%, 0, 3, 4, 371.00, 229918, 1555
654, 0, 29, 49, 23, 0, 2.37%, 0, 3, 4, 380.49, 231913, 1555
659, 0, 29, 50, 24, 0, 2.37%, 0, 3, 4, 372.24, 233783, 1555
664, 0, 29, 50, 24, 0, 2.37%, 0, 3, 4, 371.28, 235659, 1555
669, 0, 29, 50, 24, 0, 2.37%, 0, 3, 4, 378.52, 237626, 1555
674, 0, 29, 51, 25, 0, 2.37%, 0, 3, 4, 370.86, 239482, 1556
680, 0, 29, 51, 25, 0, 2.37%, 0, 3, 4, 373.86, 241407, 1556
685, 0, 29, 51, 25, 0, 2.37%, 0, 3, 4, 374.92, 243346, 1556
690, 0, 29, 51, 25, 0, 2.37%, 0, 3, 4, 379.04, 245327, 1556
695, 0, 29, 51, 25, 0, 2.37%, 0, 3, 4, 374.80, 247217, 1556
700, 0, 29, 51, 25, 0, 2.37%, 0, 3, 4, 377.76, 249195, 1556
705, 0, 29, 51, 25, 0, 2.37%, 0, 3, 4, 371.85, 251106, 1556
710, 0, 29, 51, 25, 0, 2.37%, 0, 3, 4, 362.03, 252919, 1556
715, 0, 29, 51, 25, 0, 2.37%, 0, 3, 4, 368.94, 254781, 1556
721, 0, 29, 51, 25, 0, 2.37%, 0, 3, 4, 374.20, 256734, 1556
726, 0, 29, 51, 25, 0, 2.37%, 0, 3, 4, 375.77, 258680, 1556
731, 0, 29, 51, 25, 0, 2.37%, 0, 3, 4, 378.08, 260619, 1556
736, 0, 29, 51, 25, 0, 2.37%, 0, 3, 4, 370.59, 262467, 1556
741, 0, 29, 51, 25, 0, 2.37%, 0, 3, 4, 370.71, 264322, 1556
746, 0, 29, 51, 25, 0, 2.37%, 0, 3, 4, 368.15, 266163, 1556
751, 0, 29, 51, 25, 0, 2.37%, 0, 3, 4, 370.92, 268032, 1556
756, 0, 29, 51, 25, 0, 2.37%, 0, 3, 4, 370.95, 269887, 1556
761, 0, 29, 51, 25, 0, 2.37%, 0, 3, 4, 372.46, 271756, 1556
766, 0, 29, 51, 25, 0, 2.37%, 0, 3, 4, 373.15, 273695, 1556
771, 0, 29, 51, 25, 0, 2.37%, 0, 3, 4, 368.42, 275536, 1556
776, 0, 29, 51, 25, 0, 2.37%, 0, 3, 4, 366.56, 277441, 1556
782, 0, 29, 51, 25, 0, 2.37%, 0, 3, 4, 409.29, 279482, 1556
787, 0, 29, 51, 25, 0, 2.37%, 0, 3, 4, 430.06, 281733, 1556
792, 0, 29, 51, 25, 0, 2.37%, 0, 3, 4, 404.13, 283647, 1556
797, 0, 29, 51, 25, 0, 2.37%, 0, 3, 4, 434.96, 285769, 1556
802, 0, 29, 51, 25, 0, 2.37%, 0, 3, 4, 411.42, 287859, 1556
807, 0, 29, 51, 25, 0, 2.37%, 0, 3, 4, 422.21, 290045, 1556
812, 0, 45, 51, 25, 5, 2.37%, 0, 3, 4, 433.06, 292156, 1556
817, 0, 45, 51, 25, 5, 2.37%, 0, 3, 4, 406.70, 294180, 1556
822, 0, 48, 51, 24, 4, 2.37%, 0, 3, 4, 423.32, 296378, 1556
827, 0, 48, 51, 24, 4, 2.37%, 0, 3, 4, 413.60, 298418, 1556
832, 0, 48, 51, 24, 4, 2.37%, 0, 3, 4, 418.94, 300546, 1556
837, 0, 47, 51, 23, 3, 2.37%, 0, 3, 4, 412.01, 302608, 1556
842, 0, 47, 51, 23, 3, 2.37%, 0, 3, 4, 427.05, 304752, 1556
847, 0, 47, 51, 23, 3, 2.37%, 0, 3, 4, 398.97, 306792, 1556
852, 0, 46, 51, 22, 2, 2.37%, 0, 3, 4, 435.57, 309022, 1556
857, 0, 46, 51, 22, 2, 2.37%, 0, 3, 4, 415.60, 311086, 1556
862, 0, 46, 52, 23, 2, 2.38%, 0, 3, 4, 420.42, 313214, 1558
867, 0, 51, 52, 22, 2, 2.38%, 0, 3, 4, 414.36, 315327, 1558
872, 0, 51, 52, 22, 2, 2.38%, 0, 3, 4, 404.75, 317359, 1558
877, 0, 51, 52, 22, 2, 2.38%, 0, 3, 4, 434.85, 319575, 1558
883, 0, 51, 52, 22, 2, 2.38%, 0, 3, 4, 385.09, 321526, 1558
888, 0, 51, 52, 22, 2, 2.38%, 0, 3, 4, 410.30, 323615, 1558
893, 0, 51, 52, 22, 2, 2.38%, 0, 3, 4, 421.24, 325743, 1558
898, 0, 50, 52, 21, 1, 2.38%, 0, 3, 4, 393.00, 327721, 1558
903, 0, 50, 52, 21, 1, 2.38%, 0, 3, 4, 444.89, 330141, 1558
908, 0, 47, 52, 20, 0, 2.38%, 0, 3, 4, 418.27, 332269, 1558
913, 0, 47, 52, 20, 0, 2.38%, 0, 3, 4, 411.98, 334293, 1558
918, 0, 47, 52, 20, 0, 2.38%, 0, 3, 4, 415.37, 336341, 1558
923, 0, 47, 52, 20, 0, 2.38%, 0, 3, 4, 416.07, 338542, 1558
928, 0, 47, 52, 20, 0, 2.38%, 0, 3, 4, 401.43, 340495, 1558
933, 0, 47, 52, 20, 0, 2.38%, 0, 3, 4, 446.47, 342739, 1558
938, 0, 27, 52, 20, 0, 2.38%, 0, 3, 4, 419.25, 344822, 1558
943, 0, 27, 52, 20, 0, 2.38%, 0, 3, 4, 460.12, 347310, 1558
948, 0, 27, 53, 21, 0, 2.38%, 0, 3, 4, 423.41, 349420, 1560
954, 0, 27, 53, 21, 0, 2.38%, 0, 3, 4, 414.62, 351516, 1560
959, 0, 27, 53, 21, 0, 2.38%, 0, 3, 4, 477.65, 354007, 1560
964, 0, 27, 53, 21, 0, 2.38%, 0, 3, 4, 491.17, 356493, 1560
969, 0, 27, 53, 21, 0, 2.38%, 0, 3, 4, 487.23, 359004, 1560
974, 0, 27, 53, 21, 0, 2.38%, 0, 3, 4, 471.50, 361367, 1560
979, 0, 27, 53, 21, 0, 2.38%, 0, 3, 4, 480.27, 363856, 1560
984, 0, 27, 53, 21, 0, 2.38%, 0, 3, 4, 397.30, 365799, 1560
989, 0, 27, 53, 21, 0, 2.38%, 0, 3, 4, 472.50, 368278, 1560
994, 0, 27, 53, 21, 0, 2.38%, 0, 3, 4, 443.68, 370560, 1560
999, 0, 27, 53, 21, 0, 2.38%, 0, 3, 4, 467.44, 372887, 1560
1004, 0, 52, 53, 21, 1, 2.38%, 0, 3, 4, 465.46, 375298, 1560
1009, 0, 52, 54, 22, 1, 2.38%, 0, 3, 4, 380.70, 377182, 1561
1014, 0, 52, 54, 22, 1, 2.38%, 0, 3, 4, 389.30, 379040, 1561
1019, 0, 52, 54, 22, 1, 2.38%, 0, 3, 4, 426.69, 381128, 1561
1024, 0, 53, 54, 21, 1, 2.38%, 0, 3, 4, 450.73, 383373, 1561
1029, 0, 53, 55, 22, 1, 2.38%, 0, 3, 5, 413.33, 385581, 1562
1035, 0, 53, 55, 22, 1, 2.38%, 0, 3, 5, 335.88, 387133, 1562
1040, 0, 53, 55, 22, 1, 2.38%, 0, 3, 5, 388.78, 389226, 1562
1045, 0, 53, 55, 22, 1, 2.38%, 0, 3, 5, 448.20, 391661, 1562
1050, 0, 54, 55, 21, 1, 2.38%, 0, 3, 5, 409.89, 393844, 1562
1055, 0, 54, 55, 21, 1, 2.38%, 0, 3, 5, 395.02, 395681, 1562
1060, 0, 54, 55, 21, 1, 2.38%, 0, 3, 5, 458.94, 398110, 1562
1065, 0, 54, 55, 21, 1, 2.38%, 0, 3, 5, 373.86, 399936, 1562
1070, 0, 54, 55, 21, 1, 2.38%, 0, 3, 5, 333.67, 401668, 1562
1075, 0, 54, 55, 21, 1, 2.38%, 0, 3, 5, 431.35, 403908, 1562
1081, 0, 53, 55, 20, 0, 2.38%, 0, 3, 5, 470.56, 406437, 1562
1086, 0, 53, 55, 20, 0, 2.38%, 0, 3, 5, 448.93, 408782, 1562
1091, 0, 53, 55, 20, 0, 2.38%, 0, 3, 5, 478.89, 411283, 1562
1096, 0, 53, 55, 20, 0, 2.38%, 0, 3, 5, 462.31, 413667, 1562
1101, 0, 53, 55, 20, 0, 2.38%, 0, 3, 5, 464.15, 416022, 1562
1106, 0, 45, 55, 20, 0, 2.38%, 0, 3, 5, 408.46, 417979, 1562
1111, 0, 45, 55, 20, 0, 2.38%, 0, 3, 5, 410.97, 420137, 1562
1116, 0, 45, 55, 20, 0, 2.38%, 0, 3, 5, 458.11, 422449, 1562
1121, 0, 45, 55, 20, 0, 2.38%, 0, 3, 5, 427.98, 424500, 1562
1127, 0, 45, 55, 20, 0, 2.38%, 0, 3, 5, 454.53, 426938, 1562
1132, 0, 45, 55, 20, 0, 2.38%, 0, 3, 5, 484.92, 429437, 1562
1137, 0, 45, 55, 20, 0, 2.38%, 0, 3, 5, 436.20, 431571, 1562
1142, 0, 45, 56, 21, 0, 2.38%, 0, 3, 5, 372.84, 433505, 1562
1147, 0, 45, 56, 21, 0, 2.38%, 0, 3, 5, 341.31, 435131, 1562
1152, 0, 45, 56, 21, 0, 2.38%, 0, 3, 5, 384.55, 437227, 1562
1157, 0, 50, 56, 21, 0, 2.38%, 0, 3, 5, 414.09, 439396, 1562
1162, 0, 50, 56, 21, 0, 2.38%, 0, 3, 5, 376.09, 441270, 1562
1167, 0, 50, 56, 21, 0, 2.38%, 0, 3, 5, 341.84, 442990, 1562
1172, 0, 50, 56, 21, 0, 2.38%, 0, 3, 5, 310.00, 444508, 1562
1177, 0, 50, 56, 21, 0, 2.38%, 0, 3, 5, 449.72, 446897, 1562
1182, 0, 50, 56, 21, 0, 2.38%, 0, 3, 5, 485.38, 449395, 1562
1187, 0, 50, 56, 21, 0, 2.38%, 0, 3, 5, 415.78, 451411, 1562
1193, 0, 50, 56, 21, 0, 2.38%, 0, 3, 5, 418.64, 453646, 1562
1198, 0, 50, 56, 21, 0, 2.38%, 0, 3, 5, 473.34, 456036, 1562
1203, 0, 50, 56, 21, 0, 2.38%, 0, 3, 5, 409.67, 458066, 1562
1208, 0, 50, 56, 21, 0, 2.38%, 0, 3, 5, 468.14, 460616, 1562
1213, 0, 50, 56, 21, 0, 2.38%, 0, 3, 5, 384.26, 462624, 1562
1218, 0, 27, 56, 21, 0, 2.38%, 0, 3, 5, 414.09, 464534, 1562
1223, 0, 27, 56, 21, 0, 2.38%, 0, 3, 5, 429.96, 466796, 1562
1228, 0, 27, 56, 21, 0, 2.38%, 0, 3, 5, 457.88, 469049, 1562
1233, 0, 27, 56, 21, 0, 2.38%, 0, 3, 5, 491.77, 471608, 1562
1238, 0, 27, 56, 21, 0, 2.38%, 0, 3, 5, 445.51, 473868, 1562
1243, 0, 27, 56, 21, 0, 2.38%, 0, 3, 5, 478.17, 476271, 1562
1248, 0, 27, 56, 21, 0, 2.38%, 0, 3, 5, 466.55, 478688, 1562
1253, 0, 27, 56, 21, 0, 2.38%, 0, 3, 5, 358.00, 480458, 1562
1259, 0, 27, 56, 21, 0, 2.38%, 0, 3, 5, 414.31, 482547, 1562
1264, 0, 27, 56, 21, 0, 2.38%, 0, 3, 5, 468.50, 484958, 1562
1269, 0, 27, 56, 21, 0, 2.38%, 0, 3, 5, 489.65, 487514, 1562
1274, 0, 45, 56, 21, 0, 2.38%, 0, 3, 5, 462.84, 489928, 1562
1279, 0, 45, 57, 22, 0, 2.39%, 0, 3, 5, 396.87, 491839, 1566
1284, 0, 45, 57, 22, 0, 2.39%, 0, 3, 5, 405.35, 493865, 1566
1289, 0, 45, 57, 22, 0, 2.39%, 0, 3, 5, 396.81, 495792, 1566
1294, 0, 56, 57, 22, 1, 2.39%, 0, 3, 5, 426.04, 497990, 1566
1299, 0, 56, 59, 24, 1, 2.40%, 0, 3, 5, 413.85, 500070, 1571
1304, 0, 56, 59, 24, 1, 2.40%, 0, 3, 5, 396.18, 502056, 1571
1310, 0, 56, 59, 24, 1, 2.40%, 0, 3, 5, 380.37, 503988, 1571
1315, 0, 56, 59, 24, 1, 2.40%, 0, 3, 5, 379.93, 505886, 1571
1320, 0, 56, 59, 24, 1, 2.40%, 0, 3, 5, 420.70, 508142, 1571
1325, 0, 56, 59, 24, 1, 2.40%, 0, 3, 5, 446.20, 510358, 1571
1330, 0, 56, 59, 24, 1, 2.40%, 0, 3, 5, 438.75, 512526, 1571
1335, 0, 58, 59, 23, 2, 2.40%, 0, 3, 5, 471.01, 514941, 1571
1340, 0, 58, 59, 23, 2, 2.40%, 0, 3, 5, 453.08, 517213, 1571
1345, 0, 58, 59, 23, 2, 2.40%, 0, 3, 5, 437.86, 519337, 1571
1350, 0, 58, 59, 23, 2, 2.40%, 0, 3, 5, 410.38, 521465, 1571
1355, 0, 58, 59, 23, 2, 2.40%, 0, 3, 5, 454.79, 523810, 1571
1360, 0, 27, 59, 22, 1, 2.40%, 0, 3, 5, 472.30, 526213, 1571
1365, 0, 27, 60, 23, 1, 2.40%, 0, 3, 5, 451.93, 528517, 1572
1370, 0, 27, 60, 23, 1, 2.40%, 0, 3, 5, 411.15, 530519, 1572
1375, 0, 27, 61, 24, 1, 2.40%, 0, 3, 5, 411.78, 532599, 1573
1380, 0, 27, 61, 24, 1, 2.40%, 0, 3, 5, 413.52, 534687, 1573
1385, 0, 27, 61, 24, 1, 2.40%, 0, 3, 5, 414.98, 536799, 1573
1390, 0, 27, 61, 24, 1, 2.40%, 0, 3, 5, 481.64, 539311, 1573
1396, 0, 27, 61, 24, 1, 2.40%, 0, 3, 5, 500.24, 541876, 1573
1401, 0, 27, 61, 24, 1, 2.40%, 0, 3, 5, 502.82, 544465, 1573
1406, 0, 27, 61, 24, 1, 2.40%, 0, 3, 5, 502.76, 547011, 1573
1411, 0, 27, 61, 24, 1, 2.40%, 0, 3, 5, 492.16, 549555, 1573
1416, 0, 27, 61, 24, 1, 2.40%, 0, 3, 5, 491.80, 552017, 1573
1421, 0, 27, 61, 24, 1, 2.40%, 0, 3, 5, 498.67, 554569, 1573
1426, 0, 27, 61, 24, 1, 2.40%, 0, 3, 5, 391.64, 556554, 1573
1431, 0, 27, 61, 24, 1, 2.40%, 0, 3, 5, 415.28, 558610, 1573
1436, 0, 27, 61, 24, 1, 2.40%, 0, 3, 5, 416.34, 560555, 1573
1441, 0, 27, 61, 24, 1, 2.40%, 0, 3, 5, 435.12, 562893, 1573
1446, 0, 19, 61, 24, 3, 2.40%, 0, 3, 5, 466.80, 565164, 1573
1451, 0, 19, 61, 24, 3, 2.40%, 0, 3, 5, 453.81, 567515, 1573
1456, 0, 19, 61, 24, 3, 2.40%, 0, 3, 5, 467.09, 569794, 1573
1461, 0, 19, 61, 24, 3, 2.40%, 0, 3, 5, 487.76, 572268, 1573
1466, 0, 19, 61, 24, 3, 2.40%, 0, 3, 5, 491.51, 574778, 1573
1472, 0, 19, 61, 24, 3, 2.40%, 0, 3, 5, 492.34, 577352, 1573
1477, 0, 19, 61, 24, 3, 2.40%, 0, 3, 5, 346.86, 578885, 1573
1482, 0, 19, 61, 24, 3, 2.40%, 0, 3, 5, 450.68, 581228, 1573
1487, 0, 19, 61, 24, 3, 2.40%, 0, 3, 5, 467.04, 583688, 1573
1492, 0, 24, 61, 24, 3, 2.40%, 0, 3, 5, 444.98, 585951, 1573
1497, 0, 24, 61, 24, 3, 2.40%, 0, 3, 5, 465.02, 588336, 1573
1502, 0, 24, 61, 24, 3, 2.40%, 0, 3, 5, 396.00, 590232, 1573
1507, 0, 24, 61, 24, 3, 2.40%, 0, 3, 5, 374.95, 592092, 1573
1512, 0, 24, 61, 24, 3, 2.40%, 0, 3, 5, 380.52, 594070, 1573
1518, 0, 24, 61, 24, 3, 2.40%, 0, 3, 5, 448.03, 596501, 1573
1523, 0, 24, 61, 24, 3, 2.40%, 0, 3, 5, 416.93, 598543, 1573
1528, 0, 24, 61, 24, 3, 2.40%, 0, 3, 5, 397.68, 600640, 1573
1533, 0, 24, 61, 24, 3, 2.40%, 0, 3, 5, 458.84, 603023, 1573
1538, 0, 24, 61, 24, 3, 2.40%, 0, 3, 5, 488.89, 605611, 1573
1543, 0, 24, 61, 24, 3, 2.40%, 0, 3, 5, 494.62, 608118, 1573
1548, 0, 24, 61, 24, 3, 2.40%, 0, 3, 5, 393.54, 610062, 1573
1553, 0, 59, 61, 24, 3, 2.40%, 0, 3, 5, 424.57, 612180, 1573
1558, 0, 59, 62, 25, 3, 2.42%, 0, 3, 5, 277.14, 613518, 1585
1563, 0, 59, 62, 25, 3, 2.42%, 0, 3, 5, 367.41, 615580, 1585
1568, 0, 59, 62, 25, 3, 2.42%, 0, 3, 5, 415.63, 617596, 1585
1574, 0, 46, 62, 24, 3, 2.42%, 0, 3, 5, 420.85, 619732, 1585
1579, 0, 46, 62, 24, 3, 2.42%, 0, 3, 5, 408.27, 621778, 1585
1584, 0, 46, 62, 24, 3, 2.42%, 0, 3, 5, 460.28, 624108, 1585
1589, 0, 46, 62, 24, 3, 2.42%, 0, 3, 5, 460.58, 626422, 1585
1594, 0, 46, 62, 24, 3, 2.42%, 0, 3, 5, 465.66, 628819, 1585
1599, 0, 46, 62, 24, 3, 2.42%, 0, 3, 5, 471.52, 631258, 1585
1604, 0, 46, 63, 25, 3, 2.58%, 0, 3, 5, 416.60, 633328, 1690
1609, 0, 46, 64, 26, 3, 2.58%, 0, 3, 5, 433.49, 635534, 1690
1614, 0, 46, 64, 26, 3, 2.58%, 0, 3, 5, 461.39, 637955, 1690
1619, 0, 46, 65, 27, 3, 2.58%, 0, 3, 5, 403.88, 640021, 1692
1624, 0, 46, 65, 27, 3, 2.58%, 0, 3, 5, 380.77, 641888, 1692
1629, 0, 46, 65, 27, 3, 2.58%, 0, 3, 5, 452.49, 644366, 1692
1634, 0, 46, 65, 27, 3, 2.58%, 0, 3, 5, 389.39, 646261, 1692
1640, 0, 60, 65, 27, 5, 2.58%, 0, 3, 5, 421.75, 648423, 1692
1645, 0, 60, 66, 28, 5, 2.59%, 0, 3, 5, 392.26, 650398, 1695
1650, 0, 60, 66, 28, 5, 2.59%, 0, 3, 5, 421.12, 652455, 1695
1655, 0, 17, 66, 27, 5, 2.59%, 0, 3, 5, 452.59, 654726, 1695
1660, 0, 17, 66, 27, 5, 2.59%, 0, 3, 5, 465.29, 657059, 1695
1665, 0, 64, 66, 26, 5, 2.59%, 0, 3, 5, 453.29, 659331, 1695
1670, 0, 64, 66, 26, 5, 2.59%, 0, 3, 5, 424.93, 661480, 1695
1675, 0, 64, 66, 26, 5, 2.59%, 0, 3, 5, 389.00, 663383, 1695
1680, 0, 64, 66, 26, 5, 2.59%, 0, 3, 5, 431.02, 665582, 1695
1685, 0, 64, 66, 26, 5, 2.59%, 0, 3, 5, 430.63, 667801, 1695
1690, 0, 64, 66, 26, 5, 2.59%, 0, 3, 5, 474.78, 670325, 1695
1695, 0, 62, 66, 25, 4, 2.59%, 0, 3, 5, 415.97, 672345, 1695
1700, 0, 62, 66, 25, 4, 2.59%, 0, 3, 5, 372.13, 674156, 1695
1705, 0, 62, 66, 25, 4, 2.59%, 0, 3, 5, 450.97, 676478, 1695
1710, 0, 62, 66, 25, 4, 2.59%, 0, 3, 5, 465.55, 678794, 1695
1716, 0, 62, 66, 25, 4, 2.59%, 0, 3, 5, 413.36, 680874, 1695
1721, 0, 62, 66, 25, 4, 2.59%, 0, 3, 5, 444.40, 683070, 1695
1726, 0, 57, 66, 24, 3, 2.59%, 0, 3, 5, 453.80, 685421, 1695
1731, 0, 57, 66, 24, 3, 2.59%, 0, 3, 5, 470.62, 687776, 1695
1736, 0, 57, 66, 24, 3, 2.59%, 0, 3, 5, 455.95, 689962, 1695
1741, 0, 57, 66, 24, 3, 2.59%, 0, 3, 5, 475.28, 692456, 1695
1746, 0, 57, 66, 24, 3, 2.59%, 0, 3, 5, 410.82, 694425, 1695
1751, 0, 61, 66, 23, 2, 2.59%, 0, 3, 5, 243.42, 695685, 1695
1756, 0, 61, 66, 23, 2, 2.59%, 0, 3, 5, 222.05, 696861, 1695
1761, 0, 61, 67, 24, 2, 2.59%, 0, 3, 5, 194.58, 697805, 1695
1766, 0, 61, 67, 24, 2, 2.59%, 0, 3, 5, 183.77, 698741, 1695
1772, 0, 61, 67, 24, 2, 2.59%, 0, 3, 5, 229.08, 699833, 1695
1777, 0, 61, 67, 24, 2, 2.59%, 0, 3, 5, 428.78, 702317, 1695
