# relative_time, cycles_done, cur_item, corpus_count, pending_total, pending_favs, map_size, saved_crashes, saved_hangs, max_depth, execs_per_sec, total_execs, edges_found
61, 0, 1, 35, 35, 1, 1.42%, 0, 0, 2, 184.71, 11327, 932
66, 0, 1, 35, 35, 1, 1.42%, 0, 0, 2, 183.55, 12248, 932
71, 0, 1, 35, 35, 1, 1.42%, 0, 0, 2, 184.55, 13199, 932
76, 0, 1, 35, 35, 1, 1.42%, 0, 0, 2, 184.17, 14117, 932
82, 0, 1, 35, 35, 1, 1.42%, 0, 0, 2, 185.60, 15083, 932
87, 0, 1, 36, 36, 1, 1.42%, 0, 0, 2, 185.02, 16048, 933
92, 0, 1, 37, 37, 1, 1.44%, 0, 0, 2, 185.68, 16980, 945
97, 0, 1, 37, 37, 1, 1.44%, 0, 0, 2, 187.18, 17949, 945
102, 0, 1, 37, 37, 1, 1.44%, 0, 0, 2, 183.75, 18870, 945
107, 0, 1, 37, 37, 1, 1.44%, 0, 0, 2, 176.19, 19794, 945
112, 0, 1, 37, 37, 1, 1.44%, 0, 0, 2, 184.69, 20748, 945
117, 0, 1, 37, 37, 1, 1.44%, 0, 0, 2, 186.87, 21723, 945
122, 0, 1, 37, 37, 1, 1.44%, 0, 0, 2, 185.65, 22650, 945
128, 0, 1, 37, 37, 1, 1.44%, 0, 0, 2, 184.73, 23574, 945
133, 0, 1, 37, 37, 1, 1.44%, 0, 0, 2, 185.83, 24540, 945
138, 0, 1, 38, 38, 1, 1.45%, 0, 0, 2, 183.61, 25493, 952
143, 0, 1, 38, 38, 1, 1.45%, 0, 0, 2, 182.88, 26405, 952
148, 0, 1, 38, 38, 1, 1.45%, 0, 0, 2, 184.96, 27341, 952
153, 0, 1, 38, 38, 1, 1.45%, 0, 0, 2, 184.79, 28280, 952
158, 0, 1, 39, 39, 1, 1.45%, 0, 0, 2, 186.34, 29248, 952
163, 0, 1, 39, 39, 1, 1.45%, 0, 0, 2, 188.09, 30220, 952
168, 0, 1, 40, 40, 1, 1.45%, 0, 0, 2, 187.01, 31161, 952
173, 0, 1, 40, 40, 1, 1.45%, 0, 0, 2, 185.54, 32091, 952
178, 0, 1, 40, 40, 1, 1.45%, 0, 0, 2, 186.10, 33024, 952
184, 0, 23, 40, 39, 17, 1.45%, 0, 0, 2, 189.15, 34012, 952
189, 0, 7, 40, 38, 16, 1.45%, 0, 0, 2, 190.15, 34968, 952
194, 0, 33, 41, 38, 15, 1.46%, 0, 0, 3, 191.59, 35955, 954
199, 0, 38, 41, 37, 15, 1.46%, 0, 0, 3, 196.58, 36970, 954
204, 0, 14, 41, 36, 14, 1.46%, 0, 0, 3, 198.62, 37993, 954
209, 0, 22, 41, 34, 12, 1.46%, 0, 0, 3, 199.55, 39023, 954
215, 0, 40, 41, 33, 11, 1.46%, 0, 0, 3, 198.59, 40042, 954
220, 0, 35, 41, 32, 10, 1.46%, 0, 0, 3, 199.27, 41074, 954
225, 0, 30, 41, 31, 9, 1.46%, 0, 0, 3, 201.27, 42108, 954
230, 0, 26, 41, 29, 7, 1.46%, 0, 0, 3, 198.40, 43131, 954
235, 0, 12, 41, 28, 6, 1.46%, 0, 0, 3, 191.22, 44083, 954
240, 0, 7, 41, 26, 4, 1.46%, 0, 0, 3, 198.02, 45132, 954
245, 0, 7, 41, 26, 4, 1.46%, 0, 0, 3, 191.72, 46110, 954
251, 0, 7, 41, 26, 4, 1.46%, 0, 0, 3, 200.89, 47166, 954
256, 0, 29, 41, 26, 4, 1.46%, 0, 0, 3, 198.52, 48161, 954
261, 0, 28, 41, 24, 2, 1.46%, 0, 0, 3, 196.90, 49171, 954
266, 0, 32, 41, 23, 1, 1.46%, 0, 0, 3, 194.80, 50180, 954
271, 0, 38, 41, 22, 0, 1.46%, 0, 0, 3, 194.92, 51192, 954
276, 0, 38, 41, 22, 0, 1.46%, 0, 0, 3, 187.49, 52155, 954
282, 0, 38, 41, 22, 0, 1.46%, 0, 0, 3, 196.56, 53178, 954
287, 0, 38, 41, 22, 0, 1.46%, 0, 0, 3, 197.85, 54216, 954
292, 0, 14, 41, 22, 0, 1.46%, 0, 0, 3, 200.65, 55272, 954
297, 0, 14, 41, 22, 0, 1.46%, 0, 0, 3, 201.88, 56297, 954
302, 0, 26, 41, 22, 0, 1.46%, 0, 0, 3, 200.05, 57334, 954
307, 0, 37, 41, 22, 0, 1.46%, 0, 0, 3, 196.99, 58343, 954
313, 0, 37, 41, 22, 0, 1.46%, 0, 0, 3, 190.19, 59315, 954
318, 0, 37, 41, 22, 0, 1.46%, 0, 0, 3, 197.86, 60343, 954
323, 0, 37, 41, 22, 0, 1.46%, 0, 0, 3, 194.35, 61341, 954
328, 0, 26, 41, 22, 0, 1.46%, 0, 0, 3, 192.70, 62326, 954
333, 0, 4, 41, 22, 0, 1.46%, 0, 0, 3, 193.57, 63338, 954
338, 0, 5, 41, 21, 0, 1.46%, 0, 0, 3, 190.80, 64312, 954
344, 0, 5, 41, 21, 0, 1.46%, 0, 0, 3, 194.91, 65323, 954
349, 0, 5, 41, 21, 0, 1.46%, 0, 0, 3, 199.46, 66331, 954
354, 0, 5, 41, 21, 0, 1.46%, 0, 0, 3, 197.77, 67354, 954
359, 0, 26, 41, 21, 0, 1.46%, 0, 0, 3, 195.84, 68372, 954
364, 0, 38, 41, 21, 0, 1.46%, 0, 0, 3, 201.98, 69422, 954
369, 0, 38, 41, 21, 0, 1.46%, 0, 0, 3, 192.23, 70362, 954
374, 0, 38, 41, 21, 0, 1.46%, 0, 0, 3, 203.06, 71425, 954
379, 0, 26, 41, 21, 0, 1.46%, 0, 0, 3, 199.58, 72442, 954
384, 0, 7, 41, 21, 0, 1.46%, 0, 0, 3, 190.02, 73422, 954
390, 0, 7, 41, 21, 0, 1.46%, 0, 0, 3, 196.68, 74437, 954
395, 0, 5, 41, 21, 0, 1.46%, 0, 0, 3, 202.29, 75459, 954
400, 0, 7, 41, 21, 0, 1.46%, 0, 0, 3, 195.18, 76472, 954
405, 0, 7, 42, 22, 0, 1.47%, 0, 0, 3, 198.31, 77504, 962
410, 0, 38, 42, 22, 1, 1.47%, 0, 0, 3, 198.70, 78513, 962
415, 0, 38, 42, 22, 1, 1.47%, 0, 0, 3, 203.03, 79560, 962
420, 0, 26, 42, 21, 0, 1.47%, 0, 0, 3, 195.39, 80548, 962
426, 1, 26, 42, 21, 0, 1.47%, 0, 0, 3, 198.15, 81577, 962
431, 1, 26, 42, 21, 0, 1.47%, 0, 0, 3, 196.61, 82594, 962
436, 1, 38, 42, 21, 0, 1.47%, 0, 0, 3, 196.39, 83604, 962
441, 1, 26, 42, 21, 0, 1.47%, 0, 0, 3, 196.91, 84639, 962
446, 1, 26, 42, 21, 0, 1.47%, 0, 0, 3, 197.68, 85665, 962
451, 1, 26, 42, 21, 0, 1.47%, 0, 0, 3, 191.13, 86649, 962
457, 1, 26, 42, 21, 0, 1.47%, 0, 0, 3, 196.83, 87682, 962
462, 1, 22, 42, 21, 0, 1.47%, 0, 0, 3, 193.52, 88645, 962
467, 1, 22, 42, 21, 0, 1.47%, 0, 0, 3, 196.30, 89667, 962
472, 1, 22, 42, 21, 0, 1.47%, 0, 0, 3, 194.63, 90674, 962
477, 1, 31, 42, 21, 0, 1.47%, 0, 0, 3, 195.04, 91701, 962
482, 1, 31, 42, 21, 0, 1.47%, 0, 0, 3, 197.34, 92715, 962
488, 1, 31, 42, 21, 0, 1.47%, 0, 0, 3, 201.76, 93751, 962
493, 1, 40, 42, 21, 0, 1.47%, 0, 0, 3, 196.85, 94726, 962
498, 1, 40, 42, 21, 0, 1.47%, 0, 0, 3, 202.58, 95786, 962
503, 1, 26, 42, 21, 0, 1.47%, 0, 0, 3, 198.67, 96784, 962
508, 1, 26, 42, 21, 0, 1.47%, 0, 0, 3, 199.76, 97781, 962
513, 1, 29, 43, 22, 0, 1.47%, 0, 0, 3, 191.99, 98779, 963
518, 1, 29, 43, 22, 0, 1.47%, 0, 0, 3, 192.61, 99769, 963
523, 1, 29, 43, 22, 0, 1.47%, 0, 0, 3, 202.91, 100816, 963
528, 1, 34, 43, 22, 1, 1.47%, 0, 0, 3, 188.07, 101794, 963
534, 1, 37, 43, 21, 1, 1.47%, 0, 0, 3, 190.92, 102793, 963
539, 1, 37, 43, 21, 1, 1.47%, 0, 0, 3, 194.29, 103786, 963
544, 1, 37, 43, 21, 1, 1.47%, 0, 0, 3, 208.14, 104882, 963
549, 1, 42, 43, 21, 1, 1.47%, 0, 0, 3, 200.41, 105901, 963
554, 1, 26, 43, 20, 0, 1.47%, 0, 0, 3, 197.39, 106928, 963
559, 1, 26, 43, 20, 0, 1.47%, 0, 0, 3, 196.34, 107945, 963
565, 1, 26, 43, 20, 0, 1.47%, 0, 0, 3, 195.29, 108953, 963
570, 1, 26, 43, 20, 0, 1.47%, 0, 0, 3, 196.12, 109964, 963
575, 1, 26, 43, 20, 0, 1.47%, 0, 0, 3, 195.04, 110939, 963
580, 1, 38, 43, 20, 0, 1.47%, 0, 0, 3, 191.62, 111920, 963
585, 1, 38, 43, 20, 0, 1.47%, 0, 0, 3, 192.88, 112939, 963
590, 1, 5, 43, 20, 0, 1.47%, 0, 0, 3, 200.41, 113985, 963
595, 1, 26, 43, 20, 0, 1.47%, 0, 0, 3, 196.36, 114973, 963
600, 1, 26, 43, 20, 0, 1.47%, 0, 0, 3, 195.70, 115976, 963
606, 1, 38, 43, 20, 0, 1.47%, 0, 0, 3, 194.90, 116985, 963
611, 1, 37, 43, 20, 0, 1.47%, 0, 0, 3, 195.22, 118012, 963
616, 1, 37, 43, 20, 0, 1.47%, 0, 0, 3, 192.16, 118997, 963
621, 1, 37, 43, 20, 0, 1.47%, 0, 0, 3, 197.30, 120028, 963
626, 1, 38, 43, 20, 0, 1.47%, 0, 0, 3, 203.50, 121083, 963
631, 1, 38, 43, 20, 0, 1.47%, 0, 0, 3, 207.86, 122147, 963
637, 1, 30, 43, 20, 0, 1.47%, 0, 0, 3, 195.33, 123119, 963
642, 1, 30, 43, 20, 0, 1.47%, 0, 0, 3, 200.62, 124154, 963
647, 1, 30, 43, 20, 0, 1.47%, 0, 0, 3, 206.05, 125216, 963
652, 1, 26, 43, 20, 0, 1.47%, 0, 0, 3, 202.99, 126234, 963
657, 1, 5, 43, 20, 0, 1.47%, 0, 0, 3, 200.48, 127272, 963
662, 1, 26, 43, 20, 0, 1.47%, 0, 0, 3, 198.50, 128298, 963
668, 1, 26, 43, 20, 0, 1.47%, 0, 0, 3, 196.83, 129318, 963
673, 1, 7, 43, 20, 0, 1.47%, 0, 0, 3, 196.10, 130326, 963
678, 1, 7, 43, 20, 0, 1.47%, 0, 0, 3, 204.51, 131380, 963
683, 1, 36, 43, 20, 0, 1.47%, 0, 0, 3, 202.14, 132390, 963
688, 1, 22, 43, 20, 0, 1.47%, 0, 0, 3, 199.00, 133421, 963
693, 1, 22, 43, 20, 0, 1.47%, 0, 0, 3, 198.55, 134452, 963
698, 1, 22, 43, 20, 0, 1.47%, 0, 0, 3, 201.68, 135488, 963
704, 1, 28, 43, 20, 0, 1.47%, 0, 0, 3, 195.68, 136507, 963
709, 1, 28, 43, 20, 0, 1.47%, 0, 0, 3, 197.60, 137516, 963
714, 1, 28, 43, 20, 0, 1.47%, 0, 0, 3, 200.14, 138537, 963
719, 1, 26, 43, 20, 0, 1.47%, 0, 0, 3, 198.91, 139579, 963
724, 1, 5, 43, 20, 0, 1.47%, 0, 0, 3, 199.76, 140602, 963
729, 1, 7, 43, 20, 0, 1.47%, 0, 0, 3, 196.06, 141583, 963
735, 1, 7, 43, 20, 0, 1.47%, 0, 0, 3, 204.39, 142662, 963
740, 2, 31, 46, 23, 0, 1.47%, 0, 0, 3, 25.49, 143509, 965
745, 2, 31, 49, 26, 0, 1.47%, 0, 0, 3, 193.58, 144332, 965
750, 2, 31, 49, 26, 0, 1.47%, 0, 0, 3, 187.33, 145283, 965
755, 2, 31, 50, 27, 0, 1.47%, 0, 0, 3, 176.65, 146176, 965
760, 2, 31, 50, 27, 0, 1.47%, 0, 0, 3, 189.61, 147118, 965
765, 2, 31, 51, 28, 0, 1.47%, 0, 0, 3, 191.98, 148116, 965
770, 2, 31, 51, 28, 0, 1.47%, 0, 0, 3, 200.04, 149030, 965
776, 2, 31, 52, 29, 0, 1.47%, 0, 0, 3, 190.41, 149993, 965
781, 2, 31, 52, 29, 0, 1.47%, 0, 0, 3, 180.82, 150890, 965
786, 2, 31, 52, 29, 0, 1.47%, 0, 0, 3, 202.22, 151798, 965
791, 2, 31, 52, 29, 0, 1.47%, 0, 0, 3, 191.94, 152753, 965
796, 2, 31, 52, 29, 0, 1.47%, 0, 0, 3, 188.18, 153722, 965
801, 2, 31, 53, 30, 0, 1.47%, 0, 0, 3, 194.95, 154399, 965
806, 2, 31, 54, 31, 0, 1.47%, 0, 0, 3, 185.02, 155331, 965
811, 2, 31, 54, 31, 0, 1.47%, 0, 0, 3, 185.86, 156300, 965
817, 2, 31, 54, 31, 0, 1.47%, 0, 0, 3, 179.62, 157209, 965
822, 2, 31, 54, 31, 0, 1.47%, 0, 0, 3, 176.39, 158112, 965
827, 2, 31, 54, 31, 0, 1.47%, 0, 0, 3, 187.22, 159090, 965
832, 2, 31, 54, 31, 0, 1.47%, 0, 0, 3, 187.29, 160056, 965
837, 2, 31, 54, 31, 0, 1.47%, 0, 0, 3, 186.44, 161025, 965
843, 2, 31, 55, 32, 0, 1.47%, 0, 0, 3, 185.93, 162002, 965
848, 2, 31, 56, 33, 0, 1.47%, 0, 0, 3, 11.38, 162422, 965
853, 2, 43, 56, 33, 1, 1.47%, 0, 0, 3, 204.42, 162926, 965
858, 2, 43, 56, 33, 1, 1.47%, 0, 0, 3, 189.11, 163887, 965
863, 2, 26, 56, 32, 0, 1.47%, 0, 0, 3, 174.36, 164764, 965
868, 2, 36, 58, 34, 0, 1.47%, 0, 0, 3, 198.72, 165407, 965
873, 2, 36, 60, 36, 0, 1.47%, 0, 0, 3, 38.34, 166210, 965
878, 2, 36, 61, 37, 0, 1.47%, 0, 0, 3, 64.19, 166525, 965
883, 2, 26, 61, 37, 0, 1.47%, 0, 0, 3, 156.30, 167421, 965
888, 2, 26, 62, 38, 0, 1.47%, 0, 0, 3, 10.09, 168043, 965
893, 2, 26, 62, 38, 0, 1.47%, 0, 0, 3, 10.08, 168094, 965
898, 2, 26, 62, 38, 0, 1.47%, 0, 0, 3, 114.43, 168167, 965
903, 2, 26, 63, 39, 0, 1.47%, 0, 0, 3, 9.88, 168460, 965
908, 2, 36, 64, 40, 0, 1.47%, 0, 0, 3, 191.12, 169066, 965
914, 2, 36, 65, 41, 0, 1.47%, 0, 0, 3, 6.59, 169510, 965
919, 2, 36, 65, 41, 0, 1.47%, 0, 0, 3, 6.99, 169545, 965
924, 2, 36, 67, 43, 0, 1.47%, 0, 0, 3, 176.99, 169754, 965
929, 2, 26, 67, 43, 0, 1.47%, 0, 0, 3, 179.04, 170611, 965
934, 2, 26, 67, 43, 0, 1.47%, 0, 0, 3, 5.86, 171140, 965
939, 2, 26, 67, 43, 0, 1.47%, 0, 0, 3, 6.61, 171175, 965
944, 2, 26, 67, 43, 0, 1.47%, 0, 0, 3, 184.83, 171384, 965
949, 2, 26, 67, 43, 0, 1.47%, 0, 0, 3, 19.29, 171657, 965
954, 2, 26, 68, 44, 0, 1.47%, 0, 0, 3, 13.34, 171711, 965
960, 2, 26, 68, 44, 0, 1.47%, 0, 0, 3, 11.13, 171763, 965
965, 2, 26, 68, 44, 0, 1.47%, 0, 0, 3, 190.37, 172294, 965
970, 2, 26, 68, 44, 0, 1.47%, 0, 0, 3, 153.16, 173098, 965
975, 2, 26, 69, 45, 0, 1.47%, 0, 0, 3, 117.61, 173703, 965
980, 2, 26, 69, 45, 0, 1.47%, 0, 0, 3, 134.13, 174279, 965
987, 2, 26, 70, 46, 0, 1.47%, 0, 0, 3, 9.41, 174614, 965
993, 2, 26, 70, 46, 0, 1.47%, 0, 0, 3, 10.35, 174670, 965
999, 2, 26, 71, 47, 0, 1.49%, 0, 0, 3, 9.85, 174728, 974
1005, 2, 26, 71, 47, 0, 1.49%, 0, 0, 3, 10.72, 174784, 974
1010, 2, 26, 71, 47, 0, 1.49%, 0, 0, 3, 10.36, 174834, 974
1015, 2, 26, 71, 47, 0, 1.49%, 0, 0, 3, 10.06, 174884, 974
1020, 2, 26, 71, 47, 0, 1.49%, 0, 0, 3, 9.92, 174934, 974
1025, 2, 26, 71, 47, 0, 1.49%, 0, 0, 3, 10.16, 174987, 974
1030, 2, 26, 71, 47, 1, 1.49%, 0, 0, 3, 135.97, 175175, 974
1035, 2, 26, 71, 47, 1, 1.49%, 0, 0, 3, 184.87, 176200, 974
1040, 2, 26, 71, 47, 1, 1.49%, 0, 0, 3, 48.59, 176722, 974
1045, 2, 26, 71, 47, 1, 1.49%, 0, 0, 3, 108.47, 177422, 974
1050, 2, 26, 71, 47, 1, 1.49%, 0, 0, 3, 102.45, 177903, 974
1056, 2, 26, 71, 47, 1, 1.49%, 0, 0, 3, 149.71, 178780, 974
1061, 2, 36, 72, 48, 1, 1.49%, 0, 0, 3, 5.95, 179334, 974
1067, 2, 36, 72, 48, 1, 1.49%, 0, 0, 3, 4.14, 179350, 974
1072, 2, 36, 72, 48, 1, 1.49%, 0, 0, 3, 3.50, 179366, 974
1077, 2, 36, 72, 48, 1, 1.49%, 0, 0, 3, 3.27, 179382, 974
1082, 2, 36, 72, 48, 1, 1.49%, 0, 0, 3, 3.26, 179399, 974
1092, 2, 36, 73, 49, 1, 1.49%, 0, 0, 3, 3.11, 179423, 974
1097, 2, 36, 73, 49, 1, 1.49%, 0, 0, 3, 3.10, 179439, 974
1102, 2, 36, 73, 49, 1, 1.49%, 0, 0, 3, 3.13, 179455, 974
1107, 2, 36, 73, 49, 1, 1.49%, 0, 0, 3, 3.29, 179473, 974
1113, 2, 36, 73, 49, 1, 1.49%, 0, 0, 3, 3.51, 179492, 974
1118, 2, 36, 73, 49, 1, 1.49%, 0, 0, 3, 3.33, 179509, 974
1123, 2, 36, 73, 49, 1, 1.49%, 0, 0, 3, 3.37, 179527, 974
1128, 2, 36, 73, 49, 1, 1.49%, 0, 0, 3, 3.13, 179542, 974
1134, 2, 36, 73, 49, 1, 1.49%, 0, 0, 3, 3.22, 179559, 974
1139, 2, 36, 74, 50, 1, 1.49%, 0, 0, 3, 3.17, 179575, 974
1144, 2, 36, 74, 50, 1, 1.49%, 0, 0, 3, 3.15, 179592, 974
1149, 2, 36, 74, 50, 1, 1.49%, 0, 0, 3, 3.26, 179610, 974
1155, 2, 36, 75, 51, 1, 1.49%, 0, 0, 3, 3.28, 179625, 974
1160, 2, 36, 75, 51, 1, 1.49%, 0, 0, 3, 3.29, 179642, 974
1165, 2, 36, 75, 51, 1, 1.49%, 0, 0, 3, 3.29, 179659, 974
1170, 2, 36, 75, 51, 1, 1.49%, 0, 0, 3, 3.33, 179677, 974
1175, 2, 36, 75, 51, 1, 1.49%, 0, 0, 3, 3.34, 179693, 974
1181, 2, 36, 75, 51, 1, 1.49%, 0, 1, 3, 3.31, 179709, 974
1186, 2, 36, 75, 51, 1, 1.49%, 0, 1, 3, 3.28, 179726, 974
1191, 2, 36, 75, 51, 1, 1.49%, 0, 1, 3, 3.24, 179743, 974
1196, 2, 36, 75, 51, 1, 1.49%, 0, 1, 3, 3.14, 179759, 974
1202, 2, 36, 75, 51, 1, 1.49%, 0, 1, 3, 3.21, 179776, 974
1207, 2, 36, 75, 51, 1, 1.49%, 0, 1, 3, 3.22, 179793, 974
1212, 2, 36, 75, 51, 1, 1.49%, 0, 1, 3, 3.34, 179810, 974
1217, 2, 36, 75, 51, 1, 1.49%, 0, 1, 3, 3.20, 179827, 974
1222, 2, 36, 75, 51, 1, 1.49%, 0, 1, 3, 3.13, 179843, 974
1228, 2, 36, 75, 51, 1, 1.49%, 0, 1, 3, 3.09, 179859, 974
1233, 2, 36, 75, 51, 1, 1.49%, 0, 1, 3, 3.09, 179875, 974
1238, 2, 36, 75, 51, 1, 1.49%, 0, 1, 3, 3.13, 179891, 974
1243, 2, 36, 75, 51, 1, 1.49%, 0, 1, 3, 3.18, 179908, 974
1248, 2, 36, 75, 51, 1, 1.49%, 0, 1, 3, 3.27, 179925, 974
1253, 2, 36, 75, 51, 1, 1.49%, 0, 1, 3, 3.21, 179941, 974
1258, 2, 36, 75, 51, 1, 1.49%, 0, 1, 3, 3.10, 179957, 974
1264, 2, 36, 75, 51, 1, 1.49%, 0, 1, 3, 3.10, 179973, 974
1269, 2, 36, 75, 51, 1, 1.49%, 0, 1, 3, 3.25, 179991, 974
1274, 2, 36, 75, 51, 1, 1.49%, 0, 1, 3, 3.69, 180011, 974
1279, 2, 36, 75, 51, 1, 1.49%, 0, 1, 3, 3.38, 180027, 974
1284, 2, 36, 75, 51, 1, 1.49%, 0, 1, 3, 3.28, 180044, 974
1289, 2, 36, 75, 51, 1, 1.49%, 0, 1, 3, 3.21, 180060, 974
1295, 2, 36, 75, 51, 1, 1.49%, 0, 1, 3, 3.31, 180077, 974
1300, 2, 36, 75, 51, 1, 1.49%, 0, 1, 3, 3.38, 180096, 974
1305, 2, 36, 75, 51, 1, 1.49%, 0, 1, 3, 3.23, 180112, 974
1310, 2, 36, 75, 51, 1, 1.49%, 0, 1, 3, 3.22, 180128, 974
1315, 2, 36, 75, 51, 1, 1.49%, 0, 1, 3, 3.28, 180146, 974
1321, 2, 36, 75, 51, 1, 1.49%, 0, 1, 3, 3.38, 180164, 974
1326, 2, 36, 75, 51, 1, 1.49%, 0, 1, 3, 3.18, 180180, 974
1331, 2, 36, 75, 51, 1, 1.49%, 0, 1, 3, 3.17, 180196, 974
1336, 2, 36, 75, 51, 1, 1.49%, 0, 1, 3, 3.23, 180213, 974
1341, 2, 36, 75, 51, 1, 1.49%, 0, 1, 3, 3.15, 180229, 974
1346, 2, 36, 75, 51, 1, 1.49%, 0, 1, 3, 6.03, 180360, 974
1352, 2, 36, 75, 51, 1, 1.49%, 0, 1, 3, 6.68, 180396, 974
1357, 2, 36, 76, 52, 1, 1.49%, 0, 1, 3, 2.53, 180470, 974
1363, 2, 36, 77, 53, 1, 1.49%, 0, 1, 3, 2.79, 180489, 974
1368, 2, 36, 77, 53, 1, 1.49%, 0, 1, 3, 2.95, 180504, 974
1373, 2, 36, 77, 53, 1, 1.49%, 0, 1, 3, 2.96, 180519, 974
1378, 2, 36, 77, 53, 1, 1.49%, 0, 1, 3, 3.04, 180535, 974
1384, 2, 36, 77, 53, 1, 1.49%, 0, 1, 3, 3.25, 180552, 974
1389, 2, 36, 77, 53, 1, 1.49%, 0, 1, 3, 3.08, 180567, 974
1394, 2, 36, 77, 53, 1, 1.49%, 0, 1, 3, 3.02, 180582, 974
1399, 2, 36, 77, 53, 1, 1.49%, 0, 1, 3, 3.05, 180598, 974
1404, 2, 36, 77, 53, 1, 1.49%, 0, 1, 3, 3.11, 180615, 974
1409, 2, 36, 77, 53, 1, 1.49%, 0, 1, 3, 3.02, 180630, 974
1415, 2, 36, 77, 53, 1, 1.49%, 0, 1, 3, 3.03, 180646, 974
1420, 2, 36, 77, 53, 1, 1.49%, 0, 1, 3, 3.32, 180664, 974
1425, 2, 36, 77, 53, 1, 1.49%, 0, 1, 3, 3.32, 180680, 974
1430, 2, 36, 77, 53, 1, 1.49%, 0, 1, 3, 200.88, 180836, 974
1435, 2, 36, 77, 53, 1, 1.49%, 0, 1, 3, 3.11, 181089, 974
1440, 2, 36, 77, 53, 1, 1.49%, 0, 1, 3, 3.26, 181106, 974
1446, 2, 36, 77, 53, 1, 1.49%, 0, 1, 3, 3.35, 181124, 974
1451, 2, 7, 77, 53, 1, 1.49%, 0, 1, 3, 184.21, 181521, 974
1456, 2, 7, 77, 53, 1, 1.49%, 0, 1, 3, 191.49, 182430, 974
1461, 2, 7, 77, 53, 1, 1.49%, 0, 1, 3, 184.17, 183354, 974
1466, 2, 7, 77, 53, 1, 1.49%, 0, 1, 3, 186.91, 184269, 974
1471, 2, 7, 77, 53, 1, 1.49%, 0, 1, 3, 191.31, 185254, 974
1476, 2, 7, 77, 53, 1, 1.49%, 0, 1, 3, 185.89, 186198, 974
1482, 2, 7, 77, 53, 1, 1.49%, 0, 1, 3, 9.45, 186623, 974
1487, 2, 7, 77, 53, 1, 1.49%, 0, 1, 3, 10.17, 186675, 974
1492, 2, 7, 77, 53, 1, 1.49%, 0, 1, 3, 10.57, 186729, 974
1497, 2, 7, 77, 53, 1, 1.49%, 0, 1, 3, 10.04, 186779, 974
1502, 2, 7, 77, 53, 1, 1.49%, 0, 1, 3, 10.13, 186832, 974
1507, 2, 7, 77, 53, 1, 1.49%, 0, 1, 3, 10.28, 186884, 974
1512, 2, 7, 77, 53, 1, 1.49%, 0, 1, 3, 10.37, 186938, 974
1518, 2, 7, 77, 53, 1, 1.49%, 0, 1, 3, 9.78, 186987, 974
1523, 2, 7, 77, 53, 1, 1.49%, 0, 1, 3, 10.41, 187040, 974
1528, 2, 7, 77, 53, 1, 1.49%, 0, 1, 3, 9.87, 187089, 974
1533, 2, 7, 77, 53, 1, 1.49%, 0, 1, 3, 185.57, 188131, 974
1538, 2, 7, 77, 53, 1, 1.49%, 0, 1, 3, 185.52, 189099, 974
1543, 2, 7, 77, 53, 1, 1.49%, 0, 1, 3, 86.69, 189390, 974
1548, 2, 7, 77, 53, 1, 1.49%, 0, 1, 3, 40.12, 189601, 974
1553, 2, 7, 77, 53, 1, 1.49%, 0, 1, 3, 24.12, 189698, 974
1558, 2, 7, 77, 53, 1, 1.49%, 0, 1, 3, 20.95, 189800, 974
1563, 2, 7, 77, 53, 1, 1.49%, 0, 1, 3, 18.88, 189895, 974
1568, 2, 7, 77, 53, 1, 1.49%, 0, 1, 3, 18.95, 189991, 974
1573, 2, 7, 77, 53, 1, 1.49%, 0, 1, 3, 32.48, 190141, 974
1578, 2, 7, 77, 53, 1, 1.49%, 0, 1, 3, 50.21, 190419, 974
1584, 2, 7, 77, 53, 1, 1.49%, 0, 1, 3, 9.50, 190586, 974
1589, 2, 7, 77, 53, 1, 1.49%, 0, 1, 3, 9.34, 190636, 974
1594, 2, 7, 77, 53, 1, 1.49%, 0, 1, 3, 9.39, 190684, 974
1599, 2, 7, 77, 53, 1, 1.49%, 0, 1, 3, 9.68, 190734, 974
1604, 2, 7, 77, 53, 1, 1.49%, 0, 1, 3, 9.24, 190781, 974
1609, 2, 7, 77, 53, 1, 1.49%, 0, 1, 3, 8.94, 190827, 974
1614, 2, 7, 77, 53, 1, 1.49%, 0, 1, 3, 9.41, 190875, 974
1620, 2, 7, 77, 53, 1, 1.49%, 0, 1, 3, 9.39, 190924, 974
1625, 2, 7, 77, 53, 1, 1.49%, 0, 1, 3, 9.33, 190972, 974
1630, 2, 7, 77, 53, 1, 1.49%, 0, 1, 3, 9.60, 191020, 974
1635, 2, 7, 77, 53, 1, 1.49%, 0, 1, 3, 111.45, 191169, 974
1640, 2, 7, 77, 53, 1, 1.49%, 0, 1, 3, 2.55, 191558, 974
1645, 2, 7, 77, 53, 1, 1.49%, 0, 1, 3, 2.54, 191571, 974
1651, 2, 7, 77, 53, 1, 1.49%, 0, 1, 3, 2.62, 191585, 974
1656, 2, 7, 77, 53, 1, 1.49%, 0, 1, 3, 2.64, 191599, 974
1661, 2, 7, 77, 53, 1, 1.49%, 0, 1, 3, 2.63, 191612, 974
1668, 2, 7, 78, 54, 1, 1.49%, 0, 1, 3, 2.68, 191632, 974
1674, 2, 7, 78, 54, 1, 1.49%, 0, 1, 3, 2.65, 191646, 974
1679, 2, 7, 78, 54, 1, 1.49%, 0, 1, 3, 2.62, 191660, 974
1684, 2, 7, 78, 54, 1, 1.49%, 0, 1, 3, 2.60, 191673, 974
1689, 2, 7, 78, 54, 1, 1.49%, 0, 1, 3, 2.61, 191686, 974
1694, 2, 7, 78, 54, 1, 1.49%, 0, 1, 3, 2.55, 191699, 974
1700, 2, 7, 78, 54, 1, 1.49%, 0, 1, 3, 2.51, 191712, 974
1705, 2, 7, 78, 54, 1, 1.49%, 0, 1, 3, 2.57, 191726, 974
1710, 2, 7, 78, 54, 1, 1.49%, 0, 1, 3, 2.62, 191740, 974
1715, 2, 7, 78, 54, 1, 1.49%, 0, 1, 3, 2.58, 191753, 974
1720, 2, 7, 78, 54, 1, 1.49%, 0, 1, 3, 2.64, 191766, 974
1725, 2, 7, 78, 54, 1, 1.49%, 0, 1, 3, 2.57, 191779, 974
1731, 2, 7, 78, 54, 1, 1.49%, 0, 1, 3, 2.53, 191792, 974
1736, 2, 7, 78, 54, 1, 1.49%, 0, 1, 3, 2.49, 191805, 974
1741, 2, 7, 78, 54, 1, 1.49%, 0, 1, 3, 2.58, 191818, 974
1746, 2, 7, 78, 54, 1, 1.49%, 0, 1, 3, 2.67, 191832, 974
1751, 2, 7, 78, 54, 1, 1.49%, 0, 1, 3, 2.58, 191845, 974
1756, 2, 7, 78, 54, 1, 1.49%, 0, 1, 3, 2.57, 191858, 974
1762, 2, 7, 78, 54, 1, 1.49%, 0, 1, 3, 2.68, 191873, 974
1767, 2, 7, 78, 54, 1, 1.49%, 0, 1, 3, 2.58, 191886, 974
1772, 2, 7, 78, 54, 1, 1.49%, 0, 1, 3, 2.60, 191900, 974
1778, 2, 7, 78, 54, 1, 1.49%, 0, 1, 3, 2.64, 191914, 974
1783, 2, 7, 78, 54, 1, 1.49%, 0, 1, 3, 2.58, 191927, 974
1788, 2, 7, 78, 54, 1, 1.49%, 0, 1, 3, 2.75, 191942, 974
1793, 2, 7, 78, 54, 1, 1.49%, 0, 1, 3, 2.64, 191955, 974
1798, 2, 7, 78, 54, 1, 1.49%, 0, 1, 3, 2.58, 191968, 974
1803, 2, 7, 78, 54, 1, 1.49%, 0, 1, 3, 2.64, 191982, 974
1809, 2, 7, 78, 54, 1, 1.49%, 0, 1, 3, 2.68, 191996, 974
1814, 2, 7, 78, 54, 1, 1.49%, 0, 1, 3, 2.74, 192011, 974
1819, 2, 7, 78, 54, 1, 1.49%, 0, 1, 3, 2.67, 192025, 974
1824, 2, 7, 78, 54, 1, 1.49%, 0, 1, 3, 2.60, 192038, 974
1829, 2, 7, 78, 54, 1, 1.49%, 0, 1, 3, 2.61, 192051, 974
1835, 2, 7, 78, 54, 1, 1.49%, 0, 1, 3, 2.73, 192067, 974
1840, 2, 7, 78, 54, 1, 1.49%, 0, 1, 3, 2.62, 192080, 974
1845, 2, 7, 78, 54, 1, 1.49%, 0, 1, 3, 2.60, 192093, 974
1850, 2, 7, 78, 54, 1, 1.49%, 0, 1, 3, 2.56, 192106, 974
1855, 2, 7, 78, 54, 1, 1.49%, 0, 1, 3, 2.65, 192121, 974
1861, 2, 7, 78, 54, 1, 1.49%, 0, 1, 3, 2.68, 192135, 974
1866, 2, 7, 78, 54, 1, 1.49%, 0, 1, 3, 2.73, 192149, 974
1871, 2, 7, 78, 54, 1, 1.49%, 0, 1, 3, 2.62, 192162, 974
1876, 2, 7, 78, 54, 1, 1.49%, 0, 1, 3, 2.58, 192175, 974
1881, 2, 7, 78, 54, 1, 1.49%, 0, 1, 3, 2.63, 192189, 974
1886, 2, 7, 78, 54, 1, 1.49%, 0, 1, 3, 2.59, 192202, 974
1891, 2, 7, 78, 54, 1, 1.49%, 0, 1, 3, 2.66, 192216, 974
1896, 2, 7, 78, 54, 1, 1.49%, 0, 1, 3, 2.58, 192229, 974
1902, 2, 7, 78, 54, 1, 1.49%, 0, 1, 3, 2.56, 192242, 974
1907, 2, 7, 78, 54, 1, 1.49%, 0, 1, 3, 2.66, 192256, 974
1912, 2, 7, 78, 54, 1, 1.49%, 0, 1, 3, 2.61, 192269, 974
1917, 2, 7, 78, 54, 1, 1.49%, 0, 1, 3, 2.55, 192282, 974
1922, 2, 7, 78, 54, 1, 1.49%, 0, 1, 3, 2.54, 192295, 974
1927, 2, 7, 78, 54, 1, 1.49%, 0, 1, 3, 2.55, 192308, 974
1933, 2, 7, 78, 54, 1, 1.49%, 0, 1, 3, 2.62, 192322, 974
1938, 2, 7, 78, 54, 1, 1.49%, 0, 1, 3, 2.61, 192336, 974
1943, 2, 7, 78, 54, 1, 1.49%, 0, 1, 3, 2.64, 192350, 974
1948, 2, 7, 78, 54, 1, 1.49%, 0, 1, 3, 2.77, 192364, 974
1954, 2, 7, 78, 54, 1, 1.49%, 0, 1, 3, 2.80, 192379, 974
1959, 2, 7, 78, 54, 1, 1.49%, 0, 1, 3, 2.77, 192393, 974
1964, 2, 7, 78, 54, 1, 1.49%, 0, 1, 3, 2.91, 192408, 974
1969, 2, 7, 78, 54, 1, 1.49%, 0, 1, 3, 2.70, 192421, 974
1974, 2, 7, 78, 54, 1, 1.49%, 0, 1, 3, 2.71, 192435, 974
1979, 2, 7, 78, 54, 1, 1.49%, 0, 1, 3, 2.61, 192448, 974
1985, 2, 7, 78, 54, 1, 1.49%, 0, 1, 3, 2.55, 192461, 974
1990, 2, 7, 78, 54, 1, 1.49%, 0, 1, 3, 2.56, 192474, 974
1995, 2, 7, 78, 54, 1, 1.49%, 0, 1, 3, 2.55, 192487, 974
2000, 2, 7, 78, 54, 1, 1.49%, 0, 1, 3, 2.55, 192500, 974
2005, 2, 7, 78, 54, 1, 1.49%, 0, 1, 3, 2.54, 192513, 974
2010, 2, 7, 78, 54, 1, 1.49%, 0, 1, 3, 2.64, 192527, 974
2015, 2, 7, 78, 54, 1, 1.49%, 0, 1, 3, 2.59, 192540, 974
2021, 2, 7, 78, 54, 1, 1.49%, 0, 1, 3, 2.64, 192554, 974
2026, 2, 26, 79, 55, 1, 1.49%, 0, 1, 3, 158.24, 193455, 975
2031, 2, 26, 79, 55, 1, 1.49%, 0, 1, 3, 188.35, 194439, 975
2036, 2, 26, 79, 55, 1, 1.49%, 0, 1, 3, 177.66, 195303, 975
2041, 2, 26, 79, 55, 1, 1.49%, 0, 1, 3, 175.39, 196191, 975
2046, 2, 26, 79, 55, 1, 1.49%, 0, 1, 3, 2.38, 196374, 975
2051, 2, 26, 79, 55, 1, 1.49%, 0, 1, 3, 2.39, 196386, 975
2056, 2, 26, 79, 55, 1, 1.49%, 0, 1, 3, 2.34, 196398, 975
2061, 2, 26, 79, 55, 1, 1.49%, 0, 1, 3, 2.36, 196410, 975
2066, 2, 26, 79, 55, 1, 1.49%, 0, 1, 3, 2.49, 196423, 975
2071, 2, 26, 79, 55, 1, 1.49%, 0, 1, 3, 2.45, 196435, 975
2077, 2, 26, 79, 55, 1, 1.49%, 0, 1, 3, 2.39, 196447, 975
2082, 2, 26, 79, 55, 1, 1.49%, 0, 1, 3, 2.37, 196459, 975
2087, 2, 26, 79, 55, 1, 1.49%, 0, 1, 3, 2.34, 196471, 975
2092, 2, 26, 79, 55, 1, 1.49%, 0, 1, 3, 2.37, 196484, 975
2097, 2, 26, 79, 55, 1, 1.49%, 0, 1, 3, 2.37, 196496, 975
2102, 2, 26, 79, 55, 1, 1.49%, 0, 1, 3, 2.39, 196508, 975
2108, 2, 26, 79, 55, 1, 1.49%, 0, 1, 3, 2.48, 196521, 975
2113, 2, 26, 79, 55, 1, 1.49%, 0, 1, 3, 182.24, 196842, 975
2118, 2, 26, 79, 55, 1, 1.49%, 0, 1, 3, 2.36, 196871, 975
2123, 2, 26, 79, 55, 1, 1.49%, 0, 1, 3, 2.41, 196884, 975
2128, 2, 26, 79, 55, 1, 1.49%, 0, 1, 3, 2.41, 196897, 975
2133, 2, 26, 79, 55, 1, 1.49%, 0, 1, 3, 2.39, 196909, 975
2139, 2, 26, 79, 55, 1, 1.49%, 0, 1, 3, 2.39, 196921, 975
2144, 2, 26, 79, 55, 1, 1.49%, 0, 1, 3, 2.48, 196934, 975
2149, 2, 26, 80, 56, 1, 1.49%, 0, 1, 3, 2.44, 196945, 975
2154, 2, 26, 80, 56, 1, 1.49%, 0, 1, 3, 2.49, 196958, 975
2159, 2, 26, 80, 56, 1, 1.49%, 0, 1, 3, 2.51, 196972, 975
2164, 2, 26, 80, 56, 1, 1.49%, 0, 1, 3, 2.44, 196984, 975
2170, 2, 26, 80, 56, 1, 1.49%, 0, 1, 3, 2.38, 196996, 975
2175, 2, 26, 80, 56, 1, 1.49%, 0, 1, 3, 2.49, 197010, 975
2180, 2, 26, 80, 56, 1, 1.49%, 0, 1, 3, 2.47, 197023, 975
2185, 2, 26, 80, 56, 1, 1.49%, 0, 1, 3, 2.43, 197035, 975
2194, 2, 26, 81, 57, 1, 1.49%, 0, 1, 3, 2.34, 197053, 975
2199, 2, 26, 81, 57, 1, 1.49%, 0, 1, 3, 2.41, 197066, 975
2204, 2, 26, 81, 57, 1, 1.49%, 0, 1, 3, 2.45, 197079, 975
2209, 2, 26, 81, 57, 1, 1.49%, 0, 1, 3, 2.42, 197091, 975
2215, 2, 26, 81, 57, 1, 1.49%, 0, 1, 3, 2.43, 197104, 975
2220, 2, 26, 81, 57, 1, 1.49%, 0, 1, 3, 2.52, 197117, 975
2225, 2, 26, 81, 57, 1, 1.49%, 0, 1, 3, 2.51, 197130, 975
2230, 2, 26, 81, 57, 1, 1.49%, 0, 1, 3, 2.57, 197143, 975
2236, 2, 26, 81, 57, 1, 1.49%, 0, 1, 3, 2.56, 197156, 975
2241, 2, 26, 81, 57, 1, 1.49%, 0, 1, 3, 2.50, 197169, 975
2246, 2, 26, 81, 57, 1, 1.49%, 0, 1, 3, 2.45, 197182, 975
2252, 2, 26, 81, 57, 1, 1.49%, 0, 1, 3, 2.51, 197196, 975
2257, 2, 26, 81, 57, 1, 1.49%, 0, 1, 3, 2.41, 197208, 975
2262, 2, 26, 81, 57, 1, 1.49%, 0, 1, 3, 2.42, 197221, 975
2267, 2, 26, 81, 57, 1, 1.49%, 0, 1, 3, 2.53, 197234, 975
2273, 2, 26, 81, 57, 1, 1.49%, 0, 1, 3, 2.47, 197247, 975
2278, 2, 26, 81, 57, 1, 1.49%, 0, 1, 3, 2.41, 197259, 975
2283, 2, 26, 81, 57, 1, 1.49%, 0, 1, 3, 2.39, 197271, 975
2288, 2, 26, 81, 57, 1, 1.49%, 0, 1, 3, 2.34, 197283, 975
2293, 2, 26, 81, 57, 1, 1.49%, 0, 1, 3, 2.38, 197296, 975
2298, 2, 26, 81, 57, 1, 1.49%, 0, 1, 3, 2.36, 197308, 975
2304, 2, 26, 81, 57, 1, 1.49%, 0, 1, 3, 2.44, 197321, 975
2309, 2, 26, 81, 57, 1, 1.49%, 0, 1, 3, 2.44, 197334, 975
2314, 2, 26, 81, 57, 1, 1.49%, 0, 1, 3, 2.45, 197347, 975
2319, 2, 26, 81, 57, 1, 1.49%, 0, 1, 3, 2.40, 197359, 975
2325, 2, 26, 81, 57, 1, 1.49%, 0, 1, 3, 2.43, 197372, 975
2330, 2, 26, 81, 57, 1, 1.49%, 0, 1, 3, 2.39, 197384, 975
2335, 2, 26, 81, 57, 1, 1.49%, 0, 1, 3, 2.40, 197397, 975
2340, 2, 26, 81, 57, 1, 1.49%, 0, 1, 3, 2.38, 197409, 975
2345, 2, 26, 81, 57, 1, 1.49%, 0, 1, 3, 2.37, 197421, 975
2350, 2, 26, 81, 57, 1, 1.49%, 0, 1, 3, 2.35, 197433, 975
2355, 2, 26, 81, 57, 1, 1.49%, 0, 1, 3, 2.35, 197445, 975
2361, 2, 26, 81, 57, 1, 1.49%, 0, 1, 3, 2.38, 197458, 975
2366, 2, 26, 81, 57, 1, 1.49%, 0, 1, 3, 2.50, 197471, 975
2371, 2, 26, 81, 57, 1, 1.49%, 0, 1, 3, 2.59, 197484, 975
2376, 2, 26, 81, 57, 1, 1.49%, 0, 1, 3, 2.47, 197496, 975
2381, 2, 26, 81, 57, 1, 1.49%, 0, 1, 3, 2.40, 197508, 975
2386, 2, 26, 81, 57, 1, 1.49%, 0, 1, 3, 2.38, 197520, 975
2392, 2, 26, 81, 57, 1, 1.49%, 0, 1, 3, 2.43, 197533, 975
2397, 2, 26, 81, 57, 1, 1.49%, 0, 1, 3, 10.26, 198039, 975
2402, 2, 26, 81, 57, 1, 1.49%, 0, 1, 3, 10.28, 198091, 975
2407, 2, 26, 81, 57, 1, 1.49%, 0, 1, 3, 10.11, 198142, 975
2412, 2, 26, 81, 57, 1, 1.49%, 0, 1, 3, 108.91, 198216, 975
2421, 2, 26, 82, 58, 1, 1.49%, 0, 1, 3, 2.24, 198378, 975
2426, 2, 26, 82, 58, 1, 1.49%, 0, 1, 3, 2.19, 198389, 975
2431, 2, 26, 82, 58, 1, 1.49%, 0, 1, 3, 2.19, 198400, 975
2436, 2, 26, 82, 58, 1, 1.49%, 0, 1, 3, 2.23, 198411, 975
2441, 2, 26, 82, 58, 1, 1.49%, 0, 1, 3, 2.16, 198422, 975
2447, 2, 26, 82, 58, 1, 1.49%, 0, 1, 3, 2.11, 198433, 975
2452, 2, 26, 82, 58, 1, 1.49%, 0, 1, 3, 2.11, 198444, 975
2457, 2, 26, 82, 58, 1, 1.49%, 0, 1, 3, 2.10, 198455, 975
2462, 2, 26, 82, 58, 1, 1.49%, 0, 1, 3, 2.09, 198466, 975
2467, 2, 26, 82, 58, 1, 1.49%, 0, 1, 3, 2.20, 198477, 975
2473, 2, 26, 82, 58, 1, 1.49%, 0, 1, 3, 2.15, 198488, 975
2478, 2, 26, 82, 58, 1, 1.49%, 0, 1, 3, 2.13, 198499, 975
2483, 2, 26, 82, 58, 1, 1.49%, 0, 1, 3, 2.20, 198511, 975
2489, 2, 26, 82, 58, 1, 1.49%, 0, 1, 3, 2.14, 198522, 975
2494, 2, 26, 82, 58, 1, 1.49%, 0, 1, 3, 2.25, 198534, 975
2499, 2, 26, 82, 58, 1, 1.49%, 0, 1, 3, 2.29, 198546, 975
2504, 2, 26, 82, 58, 1, 1.49%, 0, 1, 3, 2.24, 198557, 975
2509, 2, 26, 82, 58, 1, 1.49%, 0, 1, 3, 2.22, 198568, 975
2515, 2, 26, 82, 58, 1, 1.49%, 0, 1, 3, 2.20, 198580, 975
2520, 2, 26, 82, 58, 1, 1.49%, 0, 1, 3, 2.29, 198592, 975
2525, 2, 26, 82, 58, 1, 1.49%, 0, 1, 3, 2.23, 198603, 975
2531, 2, 26, 82, 58, 1, 1.49%, 0, 1, 3, 2.17, 198614, 975
2536, 2, 26, 82, 58, 1, 1.49%, 0, 1, 3, 2.15, 198625, 975
2541, 2, 26, 82, 58, 1, 1.49%, 0, 1, 3, 2.22, 198637, 975
2546, 2, 26, 82, 58, 1, 1.49%, 0, 1, 3, 2.19, 198648, 975
2552, 2, 26, 82, 58, 1, 1.49%, 0, 1, 3, 2.23, 198660, 975
2557, 2, 26, 82, 58, 1, 1.49%, 0, 1, 3, 2.15, 198671, 975
2562, 2, 26, 82, 58, 1, 1.49%, 0, 1, 3, 2.20, 198683, 975
2568, 2, 26, 82, 58, 1, 1.49%, 0, 1, 3, 2.32, 198695, 975
2573, 2, 26, 82, 58, 2, 1.49%, 0, 1, 3, 187.87, 199422, 975
2578, 2, 26, 82, 58, 2, 1.49%, 0, 1, 3, 3.10, 200190, 975
2583, 2, 26, 82, 58, 2, 1.49%, 0, 1, 3, 3.07, 200206, 975
2588, 2, 26, 82, 58, 2, 1.49%, 0, 1, 3, 3.13, 200222, 975
2593, 2, 26, 82, 58, 2, 1.49%, 0, 1, 3, 3.05, 200238, 975
2599, 2, 26, 82, 58, 2, 1.49%, 0, 1, 3, 3.10, 200255, 975
2604, 2, 26, 82, 58, 2, 1.49%, 0, 1, 3, 3.25, 200273, 975
2609, 2, 26, 82, 58, 2, 1.49%, 0, 1, 3, 3.20, 200289, 975
2614, 2, 26, 82, 58, 2, 1.49%, 0, 1, 3, 3.09, 200305, 975
2620, 2, 26, 82, 58, 2, 1.49%, 0, 1, 3, 3.12, 200322, 975
2625, 2, 26, 82, 58, 2, 1.49%, 0, 1, 3, 3.10, 200338, 975
2630, 2, 26, 82, 58, 2, 1.49%, 0, 1, 3, 4.38, 200359, 975
2635, 2, 26, 82, 58, 2, 1.49%, 0, 1, 3, 8.15, 200407, 975
2640, 2, 26, 82, 58, 2, 1.49%, 0, 1, 3, 9.02, 200455, 975
2645, 2, 26, 82, 58, 2, 1.49%, 0, 1, 3, 9.17, 200504, 975
2651, 2, 26, 82, 58, 2, 1.49%, 0, 1, 3, 14.32, 200583, 975
2656, 2, 26, 82, 58, 2, 1.49%, 0, 1, 3, 15.28, 200667, 975
2661, 2, 26, 82, 58, 2, 1.49%, 0, 1, 3, 4.67, 200854, 975
2667, 2, 26, 82, 58, 2, 1.49%, 0, 1, 3, 3.36, 200865, 975
2672, 2, 26, 82, 58, 2, 1.49%, 0, 1, 3, 2.72, 200876, 975
2677, 2, 26, 82, 58, 2, 1.49%, 0, 1, 3, 2.41, 200887, 975
2682, 2, 26, 82, 58, 2, 1.49%, 0, 1, 3, 2.31, 200898, 975
2687, 2, 26, 82, 58, 2, 1.49%, 0, 1, 3, 2.22, 200909, 975
2692, 2, 26, 82, 58, 2, 1.49%, 0, 1, 3, 2.15, 200920, 975
2698, 2, 26, 82, 58, 2, 1.49%, 0, 1, 3, 2.13, 200931, 975
2703, 2, 26, 82, 58, 2, 1.49%, 0, 1, 3, 2.11, 200942, 975
2708, 2, 26, 82, 58, 2, 1.49%, 0, 1, 3, 2.10, 200953, 975
2713, 2, 26, 82, 58, 2, 1.49%, 0, 1, 3, 2.11, 200964, 975
2719, 2, 26, 82, 58, 2, 1.49%, 0, 1, 3, 2.09, 200975, 975
2724, 2, 26, 82, 58, 2, 1.49%, 0, 1, 3, 2.09, 200986, 975
2729, 2, 26, 82, 58, 2, 1.49%, 0, 1, 3, 2.17, 200998, 975
2735, 2, 26, 82, 58, 2, 1.49%, 0, 1, 3, 2.09, 201008, 975
2740, 2, 26, 82, 58, 2, 1.49%, 0, 1, 3, 6.70, 201356, 975
2745, 2, 26, 82, 58, 2, 1.49%, 0, 1, 3, 6.78, 201389, 975
2750, 2, 26, 82, 58, 2, 1.49%, 0, 1, 3, 6.44, 201420, 975
2755, 2, 26, 82, 58, 2, 1.49%, 0, 1, 3, 6.68, 201455, 975
2761, 2, 26, 82, 58, 2, 1.49%, 0, 1, 3, 6.67, 201488, 975
2766, 2, 26, 82, 58, 2, 1.49%, 0, 1, 3, 24.52, 201612, 975
2771, 2, 26, 82, 58, 2, 1.49%, 0, 1, 3, 4.45, 201679, 975
2776, 2, 26, 82, 58, 2, 1.49%, 0, 1, 3, 3.29, 201690, 975
2781, 2, 26, 82, 58, 2, 1.49%, 0, 1, 3, 2.86, 201702, 975
2786, 2, 26, 82, 58, 2, 1.49%, 0, 1, 3, 2.57, 201714, 975
2792, 2, 26, 82, 58, 2, 1.49%, 0, 1, 3, 2.33, 201725, 975
2797, 2, 26, 82, 58, 2, 1.49%, 0, 1, 3, 2.26, 201736, 975
2802, 2, 26, 82, 58, 2, 1.49%, 0, 1, 3, 2.21, 201747, 975
2807, 2, 26, 82, 58, 2, 1.49%, 0, 1, 3, 2.16, 201758, 975
2812, 2, 26, 82, 58, 2, 1.49%, 0, 1, 3, 2.14, 201769, 975
2818, 2, 26, 82, 58, 2, 1.49%, 0, 1, 3, 2.10, 201780, 975
2823, 2, 26, 82, 58, 2, 1.49%, 0, 1, 3, 2.09, 201791, 975
2828, 2, 26, 82, 58, 2, 1.49%, 0, 1, 3, 2.10, 201802, 975
2833, 2, 26, 82, 58, 2, 1.49%, 0, 1, 3, 2.17, 201814, 975
2839, 2, 26, 82, 58, 2, 1.49%, 0, 1, 3, 2.14, 201825, 975
2844, 2, 26, 82, 58, 2, 1.49%, 0, 1, 3, 2.17, 201836, 975
2849, 2, 26, 82, 58, 2, 1.49%, 0, 1, 3, 2.46, 201850, 975
2854, 2, 26, 82, 58, 2, 1.49%, 0, 1, 3, 2.51, 201863, 975
2859, 2, 26, 82, 58, 2, 1.49%, 0, 1, 3, 2.59, 201877, 975
2865, 2, 26, 82, 58, 2, 1.49%, 0, 1, 3, 2.66, 201891, 975
2870, 2, 26, 82, 58, 2, 1.49%, 0, 1, 3, 2.65, 201905, 975
2875, 2, 26, 82, 58, 2, 1.49%, 0, 1, 3, 2.60, 201918, 975
2880, 2, 26, 82, 58, 2, 1.49%, 0, 1, 3, 2.63, 201932, 975
2885, 2, 26, 82, 58, 2, 1.49%, 0, 1, 3, 2.65, 201946, 975
2891, 2, 26, 82, 58, 2, 1.49%, 0, 1, 3, 2.65, 201960, 975
2896, 2, 26, 82, 58, 2, 1.49%, 0, 1, 3, 2.77, 201975, 975
2901, 2, 26, 82, 58, 2, 1.49%, 0, 1, 3, 2.65, 201988, 975
2906, 2, 26, 82, 58, 2, 1.49%, 0, 1, 3, 2.58, 202001, 975
2911, 2, 26, 82, 58, 2, 1.49%, 0, 1, 3, 8.36, 202052, 975
2916, 2, 26, 82, 58, 2, 1.49%, 0, 1, 3, 10.00, 202106, 975
2921, 2, 26, 82, 58, 2, 1.49%, 0, 1, 3, 10.10, 202160, 975
2926, 2, 26, 82, 58, 2, 1.49%, 0, 1, 3, 195.41, 203010, 975
2931, 2, 26, 82, 58, 2, 1.49%, 0, 1, 3, 194.98, 203976, 975
2937, 2, 26, 82, 58, 2, 1.49%, 0, 1, 3, 6.41, 204176, 975
2942, 2, 26, 82, 58, 2, 1.49%, 0, 1, 3, 6.56, 204209, 975
2947, 2, 26, 82, 58, 2, 1.49%, 0, 1, 3, 6.56, 204243, 975
2952, 2, 26, 82, 58, 2, 1.49%, 0, 1, 3, 6.55, 204276, 975
2957, 2, 26, 82, 58, 2, 1.49%, 0, 1, 3, 6.51, 204309, 975
2962, 2, 26, 82, 58, 2, 1.49%, 0, 1, 3, 3.08, 204653, 975
2967, 2, 26, 82, 58, 2, 1.49%, 0, 1, 3, 3.25, 204670, 975
2973, 2, 26, 82, 58, 2, 1.49%, 0, 1, 3, 3.20, 204687, 975
2978, 2, 26, 82, 58, 2, 1.49%, 0, 1, 3, 3.15, 204703, 975
2983, 2, 26, 82, 58, 2, 1.49%, 0, 1, 3, 3.14, 204719, 975
2988, 2, 26, 82, 58, 2, 1.49%, 0, 1, 3, 3.13, 204735, 975
2993, 2, 26, 82, 58, 2, 1.49%, 0, 1, 3, 3.19, 204752, 975
2998, 2, 26, 82, 58, 2, 1.49%, 0, 1, 3, 3.14, 204768, 975
3003, 2, 26, 82, 58, 2, 1.49%, 0, 1, 3, 3.21, 204785, 975
3009, 2, 26, 82, 58, 2, 1.49%, 0, 1, 3, 3.21, 204802, 975
3014, 2, 26, 82, 58, 2, 1.49%, 0, 1, 3, 2.02, 204978, 975
3019, 2, 26, 82, 58, 2, 1.49%, 0, 1, 3, 2.07, 204989, 975
3024, 2, 26, 82, 58, 2, 1.49%, 0, 1, 3, 2.11, 205000, 975
3029, 2, 26, 82, 58, 2, 1.49%, 0, 1, 3, 2.25, 205012, 975
3037, 2, 26, 83, 59, 2, 1.49%, 0, 1, 3, 2.20, 205031, 975
3043, 2, 26, 83, 59, 2, 1.49%, 0, 1, 3, 2.16, 205042, 975
3048, 2, 26, 83, 59, 2, 1.49%, 0, 1, 3, 2.12, 205053, 975
3053, 2, 26, 83, 59, 2, 1.49%, 0, 1, 3, 2.15, 205064, 975
3058, 2, 26, 83, 59, 2, 1.49%, 0, 1, 3, 2.11, 205075, 975
3064, 2, 26, 83, 59, 2, 1.49%, 0, 1, 3, 2.08, 205086, 975
3069, 2, 26, 83, 59, 2, 1.49%, 0, 1, 3, 2.07, 205097, 975
3074, 2, 26, 83, 59, 2, 1.49%, 0, 1, 3, 2.06, 205108, 975
3079, 2, 26, 83, 59, 2, 1.49%, 0, 1, 3, 2.15, 205119, 975
3085, 2, 26, 83, 59, 2, 1.49%, 0, 1, 3, 2.10, 205130, 975
3090, 2, 26, 83, 59, 2, 1.49%, 0, 1, 3, 2.09, 205141, 975
3096, 2, 26, 83, 59, 2, 1.49%, 0, 1, 3, 2.06, 205152, 975
3101, 2, 26, 83, 59, 2, 1.49%, 0, 1, 3, 2.14, 205164, 975
3106, 2, 26, 83, 59, 2, 1.49%, 0, 1, 3, 2.20, 205175, 975
3111, 2, 26, 83, 59, 2, 1.49%, 0, 1, 3, 2.13, 205186, 975
3117, 2, 26, 83, 59, 2, 1.49%, 0, 1, 3, 2.10, 205197, 975
3122, 2, 26, 83, 59, 2, 1.49%, 0, 1, 3, 2.10, 205208, 975
3127, 2, 26, 83, 59, 2, 1.49%, 0, 1, 3, 2.08, 205219, 975
3133, 2, 26, 83, 59, 2, 1.49%, 0, 1, 3, 2.07, 205230, 975
3138, 2, 26, 83, 59, 2, 1.49%, 0, 1, 3, 2.15, 205242, 975
3144, 2, 26, 83, 59, 2, 1.49%, 0, 1, 3, 2.15, 205254, 975
3149, 2, 26, 83, 59, 2, 1.49%, 0, 1, 3, 2.08, 205265, 975
3154, 2, 26, 83, 59, 2, 1.49%, 0, 1, 3, 2.17, 205276, 975
3160, 2, 26, 83, 59, 2, 1.49%, 0, 1, 3, 2.10, 205287, 975
3165, 2, 26, 83, 59, 2, 1.49%, 0, 1, 3, 2.24, 205298, 975
3170, 2, 26, 83, 59, 2, 1.49%, 0, 1, 3, 2.19, 205309, 975
3175, 2, 26, 83, 59, 2, 1.49%, 0, 1, 3, 3.07, 205648, 975
3180, 2, 26, 83, 59, 2, 1.49%, 0, 1, 3, 3.02, 205663, 975
3185, 2, 26, 83, 59, 2, 1.49%, 0, 1, 3, 3.20, 205680, 975
3190, 2, 26, 83, 59, 2, 1.49%, 0, 1, 3, 3.00, 205695, 975
3196, 2, 26, 83, 59, 2, 1.49%, 0, 1, 3, 3.05, 205711, 975
3201, 2, 26, 83, 59, 2, 1.49%, 0, 1, 3, 3.23, 205728, 975
3206, 2, 26, 83, 59, 2, 1.49%, 0, 1, 3, 3.38, 205745, 975
3211, 2, 26, 83, 59, 2, 1.49%, 0, 1, 3, 3.18, 205761, 975
3216, 2, 26, 83, 59, 2, 1.49%, 0, 1, 3, 3.05, 205776, 975
3221, 2, 26, 83, 59, 2, 1.49%, 0, 1, 3, 3.04, 205792, 975
3227, 2, 26, 83, 59, 2, 1.49%, 0, 1, 3, 211.82, 205850, 975
3232, 2, 26, 83, 59, 2, 1.49%, 0, 1, 3, 39.30, 206285, 975
3237, 2, 26, 83, 59, 2, 1.49%, 0, 1, 3, 200.25, 207212, 975
3242, 2, 26, 83, 59, 2, 1.49%, 0, 1, 3, 175.83, 208142, 975
3247, 2, 26, 83, 59, 2, 1.49%, 0, 1, 3, 5.60, 208453, 975
3252, 2, 26, 83, 59, 2, 1.49%, 0, 1, 3, 4.14, 208470, 975
3258, 2, 26, 83, 59, 2, 1.49%, 0, 1, 3, 3.47, 208486, 975
3263, 2, 26, 83, 59, 2, 1.49%, 0, 1, 3, 3.30, 208502, 975
3268, 2, 26, 83, 59, 2, 1.49%, 0, 1, 3, 3.18, 208518, 975
3273, 2, 26, 83, 59, 2, 1.49%, 0, 1, 3, 3.21, 208535, 975
3278, 2, 26, 83, 59, 2, 1.49%, 0, 1, 3, 3.22, 208552, 975
3283, 2, 26, 83, 59, 2, 1.49%, 0, 1, 3, 3.13, 208568, 975
3288, 2, 26, 83, 59, 2, 1.49%, 0, 1, 3, 3.09, 208584, 975
3294, 2, 26, 83, 59, 2, 1.49%, 0, 1, 3, 3.04, 208600, 975
3299, 2, 26, 83, 59, 2, 1.49%, 0, 1, 3, 190.56, 208724, 975
3304, 2, 26, 83, 59, 2, 1.49%, 0, 1, 3, 3.04, 208955, 975
3309, 2, 26, 83, 59, 2, 1.49%, 0, 1, 3, 2.97, 208970, 975
3314, 2, 26, 83, 59, 2, 1.49%, 0, 1, 3, 3.04, 208986, 975
3319, 2, 26, 83, 59, 2, 1.49%, 0, 1, 3, 3.11, 209002, 975
3325, 2, 26, 83, 59, 2, 1.49%, 0, 1, 3, 2.94, 209016, 975
3330, 2, 26, 83, 59, 2, 1.49%, 0, 1, 3, 3.25, 209034, 975
3335, 2, 26, 83, 59, 2, 1.49%, 0, 1, 3, 3.10, 209049, 975
3340, 2, 26, 83, 59, 2, 1.49%, 0, 1, 3, 3.23, 209066, 975
3345, 2, 26, 83, 59, 2, 1.49%, 0, 1, 3, 3.26, 209083, 975
3351, 2, 26, 83, 59, 2, 1.49%, 0, 1, 3, 3.20, 209100, 975
3356, 2, 26, 83, 59, 2, 1.49%, 0, 1, 3, 1.67, 209279, 975
3362, 2, 26, 83, 59, 2, 1.49%, 0, 1, 3, 1.79, 209289, 975
3367, 2, 26, 83, 59, 2, 1.49%, 0, 1, 3, 1.84, 209299, 975
3372, 2, 26, 83, 59, 2, 1.49%, 0, 1, 3, 1.78, 209308, 975
3378, 2, 26, 83, 59, 2, 1.49%, 0, 1, 3, 1.84, 209319, 975
3383, 2, 26, 83, 59, 2, 1.49%, 0, 1, 3, 2.12, 209332, 975
3389, 2, 26, 83, 59, 2, 1.49%, 0, 1, 3, 1.98, 209342, 975
3395, 2, 26, 83, 59, 2, 1.49%, 0, 1, 3, 1.81, 209351, 975
3400, 2, 26, 83, 59, 2, 1.49%, 0, 1, 3, 1.83, 209360, 975
3405, 2, 26, 83, 59, 2, 1.49%, 0, 1, 3, 1.81, 209370, 975
3411, 2, 26, 83, 59, 2, 1.49%, 0, 1, 3, 1.73, 209379, 975
3416, 2, 26, 83, 59, 2, 1.49%, 0, 1, 3, 1.75, 209388, 975
3421, 2, 26, 83, 59, 2, 1.49%, 0, 1, 3, 1.80, 209398, 975
3427, 2, 26, 83, 59, 2, 1.49%, 0, 1, 3, 1.96, 209409, 975
3432, 2, 26, 83, 59, 2, 1.49%, 0, 1, 3, 1.88, 209418, 975
3437, 2, 26, 83, 59, 2, 1.49%, 0, 1, 3, 1.85, 209428, 975
3443, 2, 26, 83, 59, 2, 1.49%, 0, 1, 3, 1.85, 209438, 975
3448, 2, 26, 83, 59, 2, 1.49%, 0, 1, 3, 119.31, 209793, 975
3453, 2, 26, 83, 59, 2, 1.49%, 0, 1, 3, 3.19, 210112, 975
3458, 2, 26, 83, 59, 2, 1.49%, 0, 1, 3, 3.19, 210129, 975
3463, 2, 26, 83, 59, 2, 1.49%, 0, 1, 3, 3.05, 210145, 975
3469, 2, 26, 83, 59, 2, 1.49%, 0, 1, 3, 3.17, 210162, 975
3474, 2, 26, 83, 59, 2, 1.49%, 0, 1, 3, 3.16, 210178, 975
3479, 2, 26, 83, 59, 2, 1.49%, 0, 1, 3, 3.01, 210193, 975
3484, 2, 26, 83, 59, 2, 1.49%, 0, 1, 3, 3.08, 210209, 975
3489, 2, 26, 83, 59, 2, 1.49%, 0, 1, 3, 3.12, 210225, 975
3494, 2, 26, 83, 59, 2, 1.49%, 0, 1, 3, 3.46, 210244, 975
3500, 2, 26, 83, 59, 2, 1.49%, 0, 1, 3, 3.29, 210261, 975
3505, 2, 78, 83, 59, 2, 1.49%, 0, 1, 3, 188.95, 211010, 975
3510, 2, 78, 83, 59, 2, 1.49%, 0, 1, 3, 37.04, 211931, 975
3515, 2, 78, 83, 59, 2, 1.49%, 0, 1, 3, 192.20, 212876, 975
3520, 2, 78, 83, 59, 2, 1.49%, 0, 1, 3, 94.71, 213285, 975
3525, 2, 78, 83, 59, 2, 1.49%, 0, 1, 3, 153.88, 214080, 975
3530, 2, 78, 83, 59, 2, 1.49%, 0, 1, 3, 2.82, 214208, 975
3536, 2, 78, 83, 59, 2, 1.49%, 0, 1, 3, 2.78, 214222, 975
3541, 2, 78, 83, 59, 2, 1.49%, 0, 1, 3, 2.77, 214237, 975
3546, 2, 78, 83, 59, 2, 1.49%, 0, 1, 3, 2.81, 214252, 975
3551, 2, 78, 83, 59, 2, 1.49%, 0, 1, 3, 2.78, 214266, 975
3557, 2, 78, 83, 59, 2, 1.49%, 0, 1, 3, 2.84, 214281, 975
3562, 2, 78, 83, 59, 2, 1.49%, 0, 1, 3, 2.79, 214295, 975
3567, 2, 78, 83, 59, 2, 1.49%, 0, 1, 3, 2.84, 214310, 975
3572, 2, 78, 83, 59, 2, 1.49%, 0, 1, 3, 2.77, 214324, 975
3577, 2, 78, 83, 59, 2, 1.49%, 0, 1, 3, 2.88, 214339, 975
3582, 2, 78, 83, 59, 2, 1.49%, 0, 1, 3, 2.79, 214353, 975
3588, 2, 78, 83, 59, 2, 1.49%, 0, 1, 3, 2.71, 214367, 975
3593, 2, 78, 83, 59, 2, 1.49%, 0, 1, 3, 2.73, 214381, 975
3598, 2, 78, 83, 59, 2, 1.49%, 0, 1, 3, 2.74, 214395, 975
3603, 2, 78, 83, 59, 2, 1.49%, 0, 1, 3, 2.72, 214409, 975
3608, 2, 78, 83, 59, 2, 1.49%, 0, 1, 3, 2.72, 214423, 975
3613, 2, 78, 83, 59, 2, 1.49%, 0, 1, 3, 2.74, 214437, 975
3618, 2, 78, 83, 59, 2, 1.49%, 0, 1, 3, 2.78, 214452, 975
3624, 2, 78, 83, 59, 2, 1.49%, 0, 1, 3, 2.76, 214466, 975
3629, 2, 78, 83, 59, 2, 1.49%, 0, 1, 3, 2.79, 214481, 975
3634, 2, 78, 83, 59, 2, 1.49%, 0, 1, 3, 37.28, 214871, 975
3639, 2, 78, 83, 59, 2, 1.49%, 0, 1, 3, 41.69, 215079, 975
3644, 2, 78, 83, 59, 2, 1.49%, 0, 1, 3, 57.13, 215480, 975
3649, 2, 78, 83, 59, 2, 1.49%, 0, 1, 3, 79.98, 215805, 975
3654, 2, 78, 83, 59, 2, 1.49%, 0, 1, 3, 160.70, 216713, 975
3659, 2, 40, 83, 58, 1, 1.49%, 0, 1, 3, 187.72, 217556, 975
3664, 2, 40, 83, 58, 1, 1.49%, 0, 1, 3, 182.56, 218462, 975
3670, 2, 40, 83, 58, 1, 1.49%, 0, 1, 3, 10.16, 219082, 975
3675, 2, 40, 83, 58, 1, 1.49%, 0, 1, 3, 10.22, 219135, 975
3680, 2, 40, 83, 58, 1, 1.49%, 0, 1, 3, 10.52, 219188, 975
3685, 2, 40, 83, 58, 1, 1.49%, 0, 1, 3, 10.69, 219244, 975
3690, 2, 40, 83, 58, 1, 1.49%, 0, 1, 3, 146.95, 219502, 975
3695, 2, 40, 83, 58, 1, 1.49%, 0, 1, 3, 6.42, 219536, 975
3700, 2, 40, 83, 58, 1, 1.49%, 0, 1, 3, 6.87, 219571, 975
3705, 2, 40, 83, 58, 1, 1.49%, 0, 1, 3, 6.69, 219605, 975
3710, 2, 40, 83, 58, 1, 1.49%, 0, 1, 3, 6.88, 219640, 975
3715, 2, 40, 83, 58, 1, 1.49%, 0, 1, 3, 6.71, 219673, 975
3721, 2, 40, 83, 58, 1, 1.49%, 0, 1, 3, 6.60, 219706, 975
3726, 2, 40, 83, 58, 1, 1.49%, 0, 1, 3, 5.25, 219729, 975
3731, 2, 40, 83, 58, 1, 1.49%, 0, 1, 3, 3.82, 219745, 975
3736, 2, 40, 83, 58, 1, 1.49%, 0, 1, 3, 3.42, 219761, 975
3741, 2, 40, 83, 58, 1, 1.49%, 0, 1, 3, 3.29, 219778, 975
3747, 2, 40, 83, 58, 1, 1.49%, 0, 1, 3, 3.20, 219794, 975
3752, 2, 40, 83, 58, 1, 1.49%, 0, 1, 3, 3.12, 219810, 975
3757, 2, 40, 83, 58, 1, 1.49%, 0, 1, 3, 3.47, 219829, 975
