# relative_time, cycles_done, cur_item, corpus_count, pending_total, pending_favs, map_size, saved_crashes, saved_hangs, max_depth, execs_per_sec, total_execs, edges_found
61, 0, 1, 32, 31, 1, 1.39%, 0, 0, 2, 208.62, 12823, 908
66, 0, 1, 32, 31, 1, 1.39%, 0, 0, 2, 210.88, 13883, 908
71, 0, 1, 32, 31, 1, 1.39%, 0, 0, 2, 210.84, 14939, 908
76, 0, 1, 33, 32, 1, 1.39%, 0, 0, 2, 212.14, 16003, 911
81, 0, 1, 33, 32, 1, 1.39%, 0, 0, 2, 215.02, 17075, 911
86, 0, 1, 33, 32, 1, 1.39%, 0, 0, 2, 216.35, 18159, 911
91, 0, 1, 34, 33, 1, 1.39%, 0, 0, 2, 211.69, 19223, 911
96, 0, 1, 34, 33, 1, 1.39%, 0, 0, 2, 211.43, 20283, 911
101, 0, 1, 35, 34, 1, 1.39%, 0, 0, 2, 210.61, 21339, 912
106, 0, 1, 35, 34, 1, 1.39%, 0, 0, 2, 211.99, 22407, 912
111, 0, 1, 35, 34, 1, 1.39%, 0, 0, 2, 211.71, 23467, 912
116, 0, 1, 35, 34, 1, 1.39%, 0, 0, 2, 210.18, 24567, 912
121, 0, 1, 35, 34, 1, 1.39%, 0, 0, 2, 211.53, 25631, 912
126, 0, 1, 35, 34, 1, 1.39%, 0, 0, 2, 209.73, 26687, 912
131, 0, 1, 35, 34, 1, 1.39%, 0, 0, 2, 210.56, 27743, 912
136, 0, 1, 36, 35, 1, 1.39%, 0, 0, 2, 209.80, 28843, 912
141, 0, 1, 36, 35, 1, 1.39%, 0, 0, 2, 209.97, 29939, 912
147, 0, 1, 36, 35, 1, 1.39%, 0, 0, 2, 212.23, 31007, 912
152, 0, 1, 36, 35, 1, 1.39%, 0, 0, 2, 212.85, 32079, 912
157, 0, 1, 36, 35, 1, 1.39%, 0, 0, 2, 213.20, 33147, 912
162, 0, 30, 38, 36, 14, 1.41%, 0, 0, 3, 220.18, 34284, 927
167, 0, 17, 38, 34, 14, 1.41%, 0, 0, 3, 219.88, 35437, 927
172, 0, 34, 38, 33, 14, 1.41%, 0, 0, 3, 221.26, 36565, 927
177, 0, 32, 39, 33, 13, 1.42%, 0, 0, 3, 225.33, 37710, 928
182, 0, 7, 39, 32, 12, 1.42%, 0, 0, 3, 226.76, 38842, 928
187, 0, 14, 39, 31, 11, 1.42%, 0, 0, 3, 223.56, 39946, 928
192, 0, 28, 39, 29, 9, 1.42%, 0, 0, 3, 225.82, 41084, 928
197, 0, 15, 39, 28, 8, 1.42%, 0, 0, 3, 228.34, 42226, 928
202, 0, 36, 39, 26, 6, 1.42%, 0, 0, 3, 228.44, 43402, 928
207, 0, 27, 39, 24, 4, 1.42%, 0, 0, 3, 223.70, 44561, 928
212, 0, 31, 39, 22, 2, 1.42%, 0, 0, 3, 228.16, 45737, 928
218, 0, 39, 40, 22, 2, 1.42%, 0, 0, 3, 224.80, 46861, 933
223, 0, 26, 40, 21, 1, 1.42%, 0, 0, 3, 220.53, 47976, 933
228, 0, 26, 40, 21, 1, 1.42%, 0, 0, 3, 226.22, 49143, 933
233, 0, 26, 40, 21, 1, 1.42%, 0, 0, 3, 236.00, 50331, 933
238, 0, 31, 41, 22, 1, 1.43%, 0, 0, 3, 226.52, 51485, 935
243, 0, 31, 41, 22, 1, 1.43%, 0, 0, 3, 218.73, 52573, 935
248, 0, 31, 41, 22, 1, 1.43%, 0, 0, 3, 218.42, 53707, 935
253, 0, 31, 41, 22, 1, 1.43%, 0, 0, 3, 232.88, 54934, 935
258, 0, 40, 41, 22, 2, 1.43%, 0, 0, 3, 240.09, 56142, 935
263, 0, 31, 41, 21, 1, 1.43%, 0, 0, 3, 226.60, 57317, 935
269, 0, 27, 41, 21, 1, 1.43%, 0, 0, 3, 229.90, 58527, 935
274, 0, 27, 41, 21, 1, 1.43%, 0, 0, 3, 222.24, 59648, 935
279, 0, 27, 41, 21, 1, 1.43%, 0, 0, 3, 211.00, 60708, 935
284, 0, 31, 41, 21, 1, 1.43%, 0, 0, 3, 215.58, 61798, 935
289, 0, 22, 41, 21, 1, 1.43%, 0, 0, 3, 221.69, 62973, 935
294, 0, 31, 41, 20, 0, 1.43%, 0, 0, 3, 218.39, 64047, 935
299, 0, 41, 43, 22, 1, 1.46%, 0, 0, 4, 235.10, 65291, 959
304, 0, 31, 43, 20, 0, 1.46%, 0, 0, 4, 225.08, 66469, 959
310, 0, 36, 43, 20, 0, 1.46%, 0, 0, 4, 228.50, 67666, 959
315, 0, 36, 43, 20, 0, 1.46%, 0, 0, 4, 228.02, 68809, 959
320, 0, 36, 43, 20, 0, 1.46%, 0, 0, 4, 229.55, 69959, 959
325, 0, 31, 43, 20, 0, 1.46%, 0, 0, 4, 221.38, 71067, 959
330, 0, 17, 43, 20, 0, 1.46%, 0, 0, 4, 226.86, 72264, 959
335, 0, 17, 43, 20, 0, 1.46%, 0, 0, 4, 217.00, 73371, 959
340, 0, 17, 43, 20, 0, 1.46%, 0, 0, 4, 236.54, 74562, 959
345, 0, 31, 43, 20, 0, 1.46%, 0, 0, 4, 241.17, 75762, 959
350, 0, 31, 43, 20, 0, 1.46%, 0, 0, 4, 236.03, 76976, 959
355, 0, 31, 43, 20, 0, 1.46%, 0, 0, 4, 232.83, 78119, 959
360, 0, 41, 43, 20, 0, 1.46%, 0, 0, 4, 242.32, 79392, 959
366, 0, 14, 43, 20, 0, 1.46%, 0, 0, 4, 227.35, 80538, 959
371, 0, 31, 43, 20, 0, 1.46%, 0, 0, 4, 230.37, 81701, 959
376, 0, 15, 43, 20, 0, 1.46%, 0, 0, 4, 225.88, 82887, 959
381, 0, 15, 43, 20, 0, 1.46%, 0, 0, 4, 236.89, 84068, 959
386, 0, 41, 43, 20, 0, 1.46%, 0, 0, 4, 239.53, 85269, 959
391, 0, 7, 43, 20, 0, 1.46%, 0, 0, 4, 240.64, 86481, 959
396, 1, 7, 44, 20, 0, 1.46%, 0, 0, 4, 232.82, 87675, 960
401, 1, 15, 44, 20, 0, 1.46%, 0, 0, 4, 233.26, 88852, 960
406, 1, 31, 44, 20, 0, 1.46%, 0, 0, 4, 233.69, 90016, 960
411, 1, 31, 44, 20, 0, 1.46%, 0, 0, 4, 229.43, 91208, 960
416, 1, 26, 44, 20, 0, 1.46%, 0, 0, 4, 230.90, 92429, 960
421, 1, 26, 44, 20, 0, 1.46%, 0, 0, 4, 228.82, 93564, 960
426, 1, 26, 44, 20, 0, 1.46%, 0, 0, 4, 232.61, 94732, 960
432, 1, 31, 44, 20, 0, 1.46%, 0, 0, 4, 230.84, 95941, 960
437, 1, 14, 44, 20, 0, 1.46%, 0, 0, 4, 233.89, 97170, 960
442, 1, 7, 44, 20, 0, 1.46%, 0, 0, 4, 236.58, 98375, 960
447, 1, 41, 44, 20, 0, 1.46%, 0, 0, 4, 236.23, 99612, 960
452, 1, 31, 44, 20, 0, 1.46%, 0, 0, 4, 235.14, 100779, 960
457, 1, 14, 44, 20, 0, 1.46%, 0, 0, 4, 229.73, 101969, 960
463, 1, 26, 44, 20, 0, 1.46%, 0, 0, 4, 226.41, 103163, 960
468, 1, 26, 44, 20, 0, 1.46%, 0, 0, 4, 225.32, 104300, 960
473, 1, 26, 44, 20, 0, 1.46%, 0, 0, 4, 238.50, 105560, 960
478, 1, 34, 44, 20, 0, 1.46%, 0, 0, 4, 226.75, 106759, 960
483, 1, 34, 44, 20, 0, 1.46%, 0, 0, 4, 215.88, 107867, 960
488, 1, 34, 44, 20, 0, 1.46%, 0, 0, 4, 236.01, 109069, 960
493, 1, 34, 44, 20, 0, 1.46%, 0, 0, 4, 242.19, 110305, 960
498, 1, 32, 44, 20, 0, 1.46%, 0, 0, 4, 238.74, 111501, 960
503, 1, 32, 44, 20, 0, 1.46%, 0, 0, 4, 236.67, 112677, 960
508, 1, 27, 45, 21, 0, 1.47%, 0, 0, 4, 229.66, 113830, 964
513, 1, 27, 45, 21, 0, 1.47%, 0, 0, 4, 223.06, 114992, 964
519, 1, 27, 45, 21, 0, 1.47%, 0, 0, 4, 228.96, 116188, 964
524, 1, 44, 46, 22, 1, 2.29%, 0, 0, 4, 204.26, 117222, 1504
529, 1, 36, 46, 21, 1, 2.29%, 0, 0, 4, 215.60, 118254, 1504
534, 1, 36, 46, 21, 1, 2.29%, 0, 0, 4, 226.71, 119457, 1504
539, 1, 45, 46, 21, 1, 2.29%, 0, 0, 4, 193.73, 120477, 1504
544, 1, 45, 46, 21, 1, 2.29%, 0, 0, 4, 162.10, 121295, 1504
549, 1, 45, 46, 21, 1, 2.29%, 0, 0, 4, 117.96, 121827, 1504
555, 1, 45, 46, 21, 1, 2.29%, 0, 2, 4, 23.47, 121923, 1504
560, 1, 45, 46, 21, 1, 2.29%, 0, 4, 4, 188.70, 122111, 1504
565, 1, 3, 46, 20, 0, 2.29%, 0, 4, 4, 193.38, 123031, 1504
570, 1, 31, 46, 20, 0, 2.29%, 0, 4, 4, 226.02, 124230, 1504
575, 1, 36, 46, 20, 0, 2.29%, 0, 4, 4, 231.37, 125413, 1504
580, 1, 36, 46, 20, 0, 2.29%, 0, 4, 4, 242.24, 126656, 1504
585, 1, 45, 46, 20, 0, 2.29%, 0, 4, 4, 212.98, 127734, 1504
591, 1, 45, 46, 20, 0, 2.29%, 0, 4, 4, 186.61, 128680, 1504
596, 1, 45, 46, 20, 0, 2.29%, 0, 4, 4, 180.22, 129637, 1504
601, 1, 45, 46, 20, 0, 2.29%, 0, 4, 4, 175.18, 130513, 1504
606, 1, 45, 47, 21, 0, 2.32%, 0, 4, 5, 216.65, 131690, 1522
611, 1, 45, 47, 21, 0, 2.32%, 0, 4, 5, 181.95, 132603, 1522
617, 1, 45, 47, 21, 0, 2.32%, 0, 5, 5, 31.67, 133612, 1522
622, 1, 45, 47, 21, 0, 2.32%, 0, 7, 5, 6.82, 133688, 1522
628, 1, 45, 47, 21, 0, 2.32%, 0, 7, 5, 10.83, 133807, 1522
633, 1, 45, 47, 21, 0, 2.32%, 0, 7, 5, 1.98, 133851, 1522
638, 1, 45, 47, 21, 0, 2.32%, 0, 7, 5, 3.19, 133883, 1522
643, 1, 46, 47, 21, 1, 2.32%, 0, 7, 5, 167.21, 134694, 1522
648, 1, 46, 47, 21, 1, 2.32%, 0, 7, 5, 211.02, 135830, 1522
653, 1, 46, 47, 21, 1, 2.32%, 0, 7, 5, 201.39, 136867, 1522
658, 1, 17, 47, 20, 0, 2.32%, 0, 7, 5, 200.32, 137895, 1522
664, 1, 17, 47, 20, 0, 2.32%, 0, 7, 5, 213.65, 139012, 1522
669, 1, 17, 47, 20, 0, 2.32%, 0, 7, 5, 237.84, 140273, 1522
674, 1, 26, 47, 20, 0, 2.32%, 0, 7, 5, 237.68, 141505, 1522
679, 1, 26, 47, 20, 0, 2.32%, 0, 7, 5, 228.54, 142676, 1522
684, 1, 26, 47, 20, 0, 2.32%, 0, 7, 5, 241.26, 143938, 1522
689, 1, 26, 47, 20, 0, 2.32%, 0, 7, 5, 233.31, 145114, 1522
694, 1, 26, 47, 20, 0, 2.32%, 0, 7, 5, 221.80, 146247, 1522
699, 1, 26, 47, 20, 0, 2.32%, 0, 7, 5, 237.44, 147461, 1522
705, 1, 29, 47, 20, 0, 2.32%, 0, 7, 5, 232.37, 148666, 1522
710, 1, 46, 47, 19, 0, 2.32%, 0, 7, 5, 215.90, 149759, 1522
715, 1, 46, 47, 19, 0, 2.32%, 0, 7, 5, 190.03, 150668, 1522
720, 1, 44, 47, 19, 0, 2.32%, 0, 7, 5, 207.59, 151801, 1522
725, 1, 37, 47, 19, 0, 2.32%, 0, 7, 5, 216.78, 152879, 1522
730, 1, 37, 47, 19, 0, 2.32%, 0, 7, 5, 233.49, 154091, 1522
735, 1, 38, 47, 19, 0, 2.32%, 0, 7, 5, 228.53, 155295, 1522
740, 1, 26, 47, 19, 0, 2.32%, 0, 7, 5, 242.12, 156515, 1522
745, 1, 26, 47, 19, 0, 2.32%, 0, 7, 5, 228.47, 157650, 1522
751, 1, 26, 47, 19, 0, 2.32%, 0, 7, 5, 238.53, 158902, 1522
756, 1, 42, 47, 19, 0, 2.32%, 0, 7, 5, 244.27, 160135, 1522
761, 1, 40, 48, 20, 0, 2.40%, 0, 7, 5, 228.79, 161271, 1571
766, 1, 40, 48, 20, 0, 2.40%, 0, 7, 5, 229.21, 162415, 1571
771, 1, 40, 48, 20, 0, 2.40%, 0, 7, 5, 229.82, 163609, 1571
776, 1, 47, 48, 20, 1, 2.40%, 0, 7, 5, 171.01, 164488, 1571
781, 1, 47, 49, 21, 1, 2.40%, 0, 7, 5, 146.18, 165194, 1571
786, 1, 47, 49, 21, 1, 2.40%, 0, 7, 5, 135.05, 165906, 1571
791, 1, 47, 49, 21, 1, 2.40%, 0, 7, 5, 157.38, 166759, 1571
796, 1, 47, 49, 21, 1, 2.40%, 0, 7, 5, 186.07, 167670, 1571
801, 1, 26, 49, 20, 0, 2.40%, 0, 7, 5, 207.26, 168680, 1571
806, 1, 26, 49, 20, 0, 2.40%, 0, 7, 5, 233.33, 169861, 1571
811, 1, 26, 49, 20, 0, 2.40%, 0, 7, 5, 236.69, 171063, 1571
816, 1, 46, 49, 20, 0, 2.40%, 0, 7, 5, 222.57, 172164, 1571
822, 1, 46, 50, 21, 0, 2.63%, 0, 7, 6, 192.67, 173125, 1721
827, 1, 49, 51, 22, 1, 2.65%, 0, 7, 7, 163.28, 173961, 1737
832, 1, 49, 53, 24, 1, 2.71%, 0, 8, 7, 27.44, 174628, 1775
837, 1, 49, 54, 25, 1, 2.72%, 0, 9, 7, 26.26, 175047, 1781
842, 1, 49, 55, 26, 1, 2.73%, 0, 9, 7, 205.97, 175628, 1787
848, 1, 49, 56, 27, 1, 2.74%, 0, 9, 7, 202.52, 176048, 1793
854, 1, 49, 56, 27, 1, 2.74%, 0, 9, 7, 25.75, 176434, 1793
860, 1, 49, 57, 28, 1, 2.74%, 0, 9, 7, 26.43, 177006, 1794
865, 1, 49, 62, 33, 1, 2.78%, 0, 9, 7, 11.36, 177607, 1822
871, 1, 49, 63, 34, 1, 2.79%, 0, 9, 7, 32.10, 178248, 1828
876, 1, 49, 64, 35, 1, 2.80%, 0, 9, 7, 174.50, 179009, 1834
881, 1, 49, 64, 35, 1, 2.80%, 0, 9, 7, 156.86, 179602, 1834
887, 1, 49, 64, 35, 1, 2.80%, 0, 9, 7, 5.85, 179957, 1834
892, 1, 49, 65, 36, 1, 2.81%, 0, 9, 7, 185.20, 180703, 1840
897, 1, 49, 67, 38, 1, 2.82%, 0, 9, 7, 189.21, 181469, 1848
902, 1, 49, 67, 38, 1, 2.82%, 0, 9, 7, 198.02, 182250, 1848
907, 1, 49, 67, 38, 1, 2.82%, 0, 9, 7, 199.86, 182824, 1848
912, 1, 49, 68, 39, 1, 2.82%, 0, 9, 7, 7.72, 183444, 1849
917, 1, 49, 70, 41, 1, 2.83%, 0, 9, 7, 187.49, 184199, 1857
922, 1, 49, 70, 41, 1, 2.83%, 0, 10, 7, 3.94, 184632, 1857
928, 1, 49, 70, 41, 1, 2.83%, 0, 10, 7, 32.55, 185052, 1857
933, 1, 49, 70, 41, 1, 2.83%, 0, 10, 7, 21.62, 185387, 1857
939, 1, 49, 70, 41, 1, 2.83%, 0, 11, 7, 33.11, 186125, 1857
945, 1, 49, 70, 41, 1, 2.83%, 0, 11, 7, 172.41, 186520, 1857
950, 1, 49, 71, 42, 1, 2.84%, 0, 11, 7, 13.86, 187279, 1858
955, 1, 49, 72, 43, 1, 2.85%, 0, 11, 7, 178.82, 188034, 1866
960, 1, 49, 73, 44, 1, 2.86%, 0, 11, 7, 192.71, 188645, 1873
965, 1, 49, 74, 45, 1, 2.86%, 0, 12, 7, 170.48, 189193, 1874
971, 1, 49, 74, 45, 1, 2.86%, 0, 12, 7, 32.55, 189538, 1874
976, 1, 49, 74, 45, 1, 2.86%, 0, 12, 7, 33.11, 190248, 1874
981, 1, 49, 74, 45, 1, 2.86%, 0, 12, 7, 200.09, 191017, 1874
987, 1, 49, 74, 45, 1, 2.86%, 0, 12, 7, 180.12, 191800, 1874
992, 1, 49, 75, 46, 1, 2.86%, 0, 12, 7, 196.10, 192620, 1875
997, 1, 49, 75, 46, 1, 2.86%, 0, 12, 7, 8.64, 193636, 1875
1003, 1, 69, 75, 45, 20, 2.86%, 0, 12, 7, 44.06, 194573, 1875
1008, 1, 69, 75, 45, 20, 2.86%, 0, 14, 7, 12.63, 194846, 1875
1013, 1, 69, 77, 47, 20, 2.87%, 0, 14, 8, 186.26, 195585, 1880
1018, 1, 69, 79, 49, 20, 2.87%, 0, 14, 8, 203.26, 196147, 1882
1023, 1, 69, 80, 50, 20, 2.88%, 0, 14, 8, 189.32, 196680, 1885
1028, 1, 69, 81, 51, 20, 2.88%, 0, 14, 8, 177.31, 197564, 1889
1033, 1, 69, 82, 52, 20, 2.89%, 0, 14, 8, 178.49, 198469, 1895
1038, 1, 69, 82, 52, 20, 2.89%, 0, 15, 8, 173.27, 199032, 1895
1043, 1, 69, 83, 53, 20, 2.89%, 0, 16, 8, 170.22, 199770, 1897
1048, 1, 69, 84, 54, 20, 2.90%, 0, 16, 8, 172.73, 200154, 1898
1054, 1, 69, 84, 54, 20, 2.90%, 0, 16, 8, 209.31, 200727, 1898
1059, 1, 69, 84, 54, 20, 2.90%, 0, 16, 8, 179.76, 201113, 1898
1064, 1, 69, 84, 54, 20, 2.90%, 0, 16, 8, 186.32, 201875, 1898
1069, 1, 69, 85, 55, 20, 2.91%, 0, 16, 8, 199.19, 202648, 1904
1075, 1, 69, 85, 55, 20, 2.91%, 0, 16, 8, 32.99, 203239, 1904
1080, 1, 69, 85, 55, 20, 2.91%, 0, 16, 8, 184.83, 204025, 1904
1085, 1, 69, 85, 55, 20, 2.91%, 0, 16, 8, 185.03, 204799, 1904
1090, 1, 69, 85, 55, 20, 2.91%, 0, 16, 8, 18.46, 205026, 1904
1096, 1, 69, 85, 55, 20, 2.91%, 0, 17, 8, 166.67, 205417, 1904
1101, 1, 69, 85, 55, 20, 2.91%, 0, 17, 8, 13.69, 206071, 1904
1106, 1, 69, 85, 55, 20, 2.91%, 0, 18, 8, 182.03, 206482, 1904
1111, 1, 69, 85, 55, 20, 2.91%, 0, 19, 8, 187.11, 207250, 1904
1117, 1, 69, 85, 55, 20, 2.91%, 0, 20, 8, 7.71, 207859, 1904
1122, 1, 69, 86, 56, 20, 2.91%, 0, 20, 8, 216.46, 208411, 1909
1128, 1, 69, 86, 56, 20, 2.91%, 0, 20, 8, 27.32, 208965, 1909
1133, 1, 69, 86, 56, 20, 2.91%, 0, 21, 8, 20.96, 209445, 1909
1138, 1, 69, 86, 56, 20, 2.91%, 0, 21, 8, 21.28, 210042, 1909
1144, 1, 69, 86, 56, 20, 2.91%, 0, 21, 8, 28.79, 210471, 1909
1149, 1, 69, 86, 56, 20, 2.91%, 0, 22, 8, 177.64, 211230, 1909
1154, 1, 69, 86, 56, 20, 2.91%, 0, 22, 8, 182.57, 211617, 1909
1159, 1, 69, 86, 56, 20, 2.91%, 0, 22, 8, 182.27, 211987, 1909
1165, 1, 69, 86, 56, 20, 2.91%, 0, 22, 8, 18.92, 212358, 1909
1170, 1, 69, 86, 56, 20, 2.91%, 0, 22, 8, 32.34, 212727, 1909
1175, 1, 69, 86, 56, 20, 2.91%, 0, 22, 8, 195.40, 213309, 1909
1181, 1, 69, 86, 56, 20, 2.91%, 0, 24, 8, 27.05, 213810, 1909
1186, 1, 69, 86, 56, 20, 2.91%, 0, 24, 8, 168.32, 214170, 1909
1192, 1, 69, 86, 56, 20, 2.91%, 0, 24, 8, 18.83, 214692, 1909
1198, 1, 69, 86, 56, 20, 2.91%, 0, 25, 8, 20.74, 215034, 1909
1203, 1, 69, 86, 56, 20, 2.91%, 0, 25, 8, 5.78, 215472, 1909
1208, 1, 69, 86, 56, 20, 2.91%, 0, 25, 8, 20.69, 215838, 1909
1213, 1, 69, 87, 57, 20, 2.91%, 0, 26, 8, 25.86, 216611, 1910
1218, 1, 69, 88, 58, 20, 2.91%, 0, 26, 8, 194.83, 216997, 1910
1223, 1, 69, 90, 60, 20, 2.92%, 0, 26, 8, 13.85, 217754, 1915
1228, 1, 69, 90, 60, 20, 2.92%, 0, 26, 8, 29.19, 217989, 1915
1233, 1, 69, 90, 60, 20, 2.92%, 0, 27, 8, 29.36, 218555, 1915
1239, 1, 69, 90, 60, 20, 2.92%, 0, 27, 8, 31.85, 218945, 1915
1244, 1, 69, 91, 61, 20, 2.92%, 0, 27, 8, 208.72, 220059, 1916
1250, 1, 69, 91, 61, 20, 2.92%, 0, 27, 8, 5.82, 220342, 1916
1255, 1, 69, 91, 61, 20, 2.92%, 0, 28, 8, 215.34, 221291, 1916
1261, 1, 80, 91, 60, 29, 2.92%, 0, 29, 8, 3.88, 222412, 1916
1266, 1, 80, 92, 61, 29, 2.93%, 0, 29, 9, 180.71, 222997, 1919
1271, 1, 80, 92, 61, 29, 2.93%, 0, 30, 9, 30.10, 223633, 1919
1276, 1, 80, 92, 61, 29, 2.93%, 0, 30, 9, 2.92, 224263, 1919
1282, 1, 80, 92, 61, 29, 2.93%, 0, 30, 9, 189.39, 224863, 1919
1287, 1, 80, 92, 61, 29, 2.93%, 0, 30, 9, 186.48, 225649, 1919
1292, 1, 80, 92, 61, 29, 2.93%, 0, 30, 9, 187.19, 226425, 1919
1297, 1, 80, 92, 61, 29, 2.93%, 0, 30, 9, 184.62, 227011, 1919
1302, 1, 80, 92, 61, 29, 2.93%, 0, 30, 9, 231.81, 228244, 1919
1307, 1, 80, 92, 61, 29, 2.93%, 0, 30, 9, 234.01, 229408, 1919
1312, 1, 80, 92, 61, 29, 2.93%, 0, 30, 9, 233.30, 230368, 1919
1317, 1, 61, 92, 60, 29, 2.93%, 0, 30, 9, 180.31, 231365, 1919
1322, 1, 61, 92, 60, 29, 2.93%, 0, 30, 9, 186.60, 231767, 1919
1328, 1, 57, 92, 59, 28, 2.93%, 0, 30, 9, 14.27, 232786, 1919
1333, 1, 57, 92, 59, 28, 2.93%, 0, 30, 9, 169.61, 233184, 1919
1338, 1, 57, 92, 59, 28, 2.93%, 0, 30, 9, 15.01, 234114, 1919
1344, 1, 65, 92, 58, 27, 2.93%, 0, 31, 9, 5.80, 234847, 1919
1349, 1, 65, 92, 58, 27, 2.93%, 0, 31, 9, 226.38, 235681, 1919
1354, 1, 51, 92, 57, 26, 2.93%, 0, 31, 9, 55.66, 236578, 1919
1359, 1, 51, 92, 57, 26, 2.93%, 0, 31, 9, 186.42, 237176, 1919
1364, 1, 51, 92, 57, 26, 2.93%, 0, 31, 9, 219.84, 238087, 1919
1369, 1, 59, 92, 56, 25, 2.93%, 0, 31, 9, 180.07, 238926, 1919
1375, 1, 59, 92, 56, 25, 2.93%, 0, 31, 9, 32.53, 239418, 1919
1380, 1, 59, 92, 56, 25, 2.93%, 0, 32, 9, 239.48, 240129, 1919
1386, 1, 82, 92, 55, 24, 2.93%, 0, 33, 9, 34.51, 240954, 1919
1391, 1, 82, 92, 55, 24, 2.93%, 0, 34, 9, 13.84, 241361, 1919
1397, 1, 82, 92, 55, 24, 2.93%, 0, 35, 9, 21.15, 241787, 1919
1402, 1, 82, 92, 55, 24, 2.93%, 0, 35, 9, 198.13, 242621, 1919
1407, 1, 82, 92, 55, 24, 2.93%, 0, 36, 9, 13.76, 243065, 1919
1412, 1, 82, 92, 55, 24, 2.93%, 0, 36, 9, 222.32, 244031, 1919
1417, 1, 76, 92, 54, 23, 2.93%, 0, 36, 9, 105.65, 244701, 1919
1423, 1, 76, 92, 54, 23, 2.93%, 0, 36, 9, 179.00, 245306, 1919
1428, 1, 76, 92, 54, 23, 2.93%, 0, 36, 9, 224.79, 246503, 1919
1433, 1, 58, 92, 53, 22, 2.93%, 0, 36, 9, 7.49, 247623, 1919
1438, 1, 58, 92, 53, 22, 2.93%, 0, 36, 9, 185.51, 248334, 1919
1444, 1, 58, 92, 53, 22, 2.93%, 0, 36, 9, 214.55, 249272, 1919
1449, 1, 53, 92, 52, 21, 2.93%, 0, 36, 9, 158.80, 249971, 1919
1454, 1, 53, 92, 52, 21, 2.93%, 0, 36, 9, 213.23, 250845, 1919
1459, 1, 85, 92, 51, 20, 2.93%, 0, 36, 9, 168.42, 251652, 1919
1464, 1, 85, 92, 51, 20, 2.93%, 0, 36, 9, 201.15, 252022, 1919
1470, 1, 85, 92, 51, 20, 2.93%, 0, 36, 9, 6.76, 252339, 1919
1475, 1, 85, 92, 51, 20, 2.93%, 0, 36, 9, 216.69, 253262, 1919
1480, 1, 85, 92, 51, 20, 2.93%, 0, 36, 9, 158.79, 254193, 1919
1486, 1, 81, 92, 50, 19, 2.93%, 0, 36, 9, 5.87, 254985, 1919
1491, 1, 81, 92, 50, 19, 2.93%, 0, 36, 9, 193.71, 255792, 1919
1496, 1, 81, 92, 50, 19, 2.93%, 0, 36, 9, 235.96, 256733, 1919
1501, 1, 81, 92, 50, 19, 2.93%, 0, 36, 9, 234.26, 257917, 1919
1507, 1, 79, 92, 49, 18, 2.93%, 0, 37, 9, 34.94, 258727, 1919
1512, 1, 79, 92, 49, 18, 2.93%, 0, 38, 9, 156.66, 259561, 1919
1517, 1, 79, 92, 49, 18, 2.93%, 0, 38, 9, 201.70, 260461, 1919
1522, 1, 79, 92, 49, 18, 2.93%, 0, 38, 9, 167.53, 261331, 1919
1528, 1, 75, 92, 48, 17, 2.93%, 0, 38, 9, 164.82, 261886, 1919
1533, 1, 75, 92, 48, 17, 2.93%, 0, 38, 9, 25.71, 262336, 1919
1538, 1, 75, 92, 48, 17, 2.93%, 0, 38, 9, 223.64, 263490, 1919
1543, 1, 75, 92, 48, 17, 2.93%, 0, 38, 9, 222.07, 264602, 1919
1548, 1, 54, 92, 47, 16, 2.93%, 0, 38, 9, 2.95, 264998, 1919
1553, 1, 54, 93, 48, 16, 2.94%, 0, 39, 9, 168.04, 265564, 1924
1558, 1, 54, 93, 48, 16, 2.94%, 0, 39, 9, 188.10, 265963, 1924
1564, 1, 54, 93, 48, 16, 2.94%, 0, 39, 9, 205.34, 266835, 1924
1570, 1, 92, 93, 47, 16, 2.94%, 0, 39, 9, 7.73, 267667, 1924
1575, 1, 92, 93, 47, 16, 2.94%, 0, 40, 9, 37.07, 268035, 1924
1581, 1, 92, 94, 48, 16, 2.94%, 0, 40, 9, 5.83, 268689, 1925
1586, 1, 92, 94, 48, 16, 2.94%, 0, 40, 9, 198.78, 269484, 1925
1591, 1, 92, 94, 48, 16, 2.94%, 0, 40, 9, 165.05, 270103, 1925
1596, 1, 92, 94, 48, 16, 2.94%, 0, 40, 9, 212.84, 270699, 1925
1601, 1, 92, 94, 48, 16, 2.94%, 0, 40, 9, 217.82, 271795, 1925
1606, 1, 92, 94, 48, 16, 2.94%, 0, 40, 9, 202.22, 272803, 1925
1612, 1, 50, 94, 47, 16, 2.94%, 0, 40, 9, 24.71, 273664, 1925
1617, 1, 50, 94, 47, 16, 2.94%, 0, 40, 9, 218.12, 274721, 1925
1622, 1, 71, 94, 46, 15, 2.94%, 0, 40, 9, 191.87, 275668, 1925
1628, 1, 83, 94, 45, 14, 2.94%, 0, 40, 9, 11.26, 276619, 1925
1633, 1, 83, 94, 45, 14, 2.94%, 0, 41, 9, 25.25, 277171, 1925
1638, 1, 83, 94, 45, 14, 2.94%, 0, 41, 9, 196.89, 278231, 1925
1644, 1, 90, 94, 44, 13, 2.94%, 0, 41, 9, 3.94, 278936, 1925
1650, 1, 90, 94, 44, 13, 2.94%, 0, 41, 9, 12.20, 279297, 1925
1655, 1, 90, 94, 44, 13, 2.94%, 0, 41, 9, 193.74, 280029, 1925
1660, 1, 90, 94, 44, 13, 2.94%, 0, 41, 9, 229.82, 281272, 1925
1665, 1, 63, 94, 43, 12, 2.94%, 0, 41, 9, 29.95, 282216, 1925
1671, 1, 63, 94, 43, 12, 2.94%, 0, 41, 9, 25.84, 282724, 1925
1676, 1, 88, 94, 42, 11, 2.94%, 0, 41, 9, 40.03, 283698, 1925
1681, 1, 88, 94, 42, 11, 2.94%, 0, 42, 9, 117.87, 284304, 1925
1686, 1, 88, 94, 42, 11, 2.94%, 0, 42, 9, 201.88, 284727, 1925
1692, 1, 88, 94, 42, 11, 2.94%, 0, 42, 9, 7.72, 285590, 1925
1697, 1, 78, 94, 41, 10, 2.94%, 0, 43, 9, 22.08, 286213, 1925
1702, 1, 78, 94, 41, 10, 2.94%, 0, 43, 9, 195.67, 286795, 1925
1707, 1, 78, 94, 41, 10, 2.94%, 0, 43, 9, 218.66, 287712, 1925
1713, 1, 68, 94, 40, 9, 2.94%, 0, 43, 9, 38.76, 288251, 1925
1718, 1, 68, 94, 40, 9, 2.94%, 0, 43, 9, 161.24, 288641, 1925
1723, 1, 68, 94, 40, 9, 2.94%, 0, 43, 9, 183.32, 289025, 1925
1728, 1, 68, 94, 40, 9, 2.94%, 0, 43, 9, 223.29, 290190, 1925
1733, 1, 64, 94, 39, 8, 2.94%, 0, 44, 9, 3.91, 290677, 1925
1739, 1, 64, 94, 39, 8, 2.94%, 0, 44, 9, 25.22, 290887, 1925
1745, 1, 64, 94, 39, 8, 2.94%, 0, 44, 9, 10.15, 291250, 1925
1750, 1, 64, 94, 39, 8, 2.94%, 0, 44, 9, 225.15, 292438, 1925
1756, 1, 86, 94, 38, 7, 2.94%, 0, 44, 9, 11.42, 292810, 1925
1761, 1, 86, 94, 38, 7, 2.94%, 0, 45, 9, 187.17, 293575, 1925
1766, 1, 86, 94, 38, 7, 2.94%, 0, 45, 9, 229.21, 294822, 1925
1771, 1, 91, 94, 37, 6, 2.94%, 0, 45, 9, 208.20, 295856, 1925
1776, 1, 91, 94, 37, 6, 2.94%, 0, 45, 9, 216.04, 296936, 1925
1782, 1, 91, 94, 37, 6, 2.94%, 0, 45, 9, 43.05, 298108, 1925
1787, 1, 72, 94, 36, 5, 2.94%, 0, 46, 9, 198.94, 298723, 1925
1792, 1, 72, 94, 36, 5, 2.94%, 0, 47, 9, 8.66, 298930, 1925
1798, 1, 72, 94, 36, 5, 2.94%, 0, 47, 9, 28.34, 299531, 1925
1804, 1, 84, 94, 35, 4, 2.94%, 0, 47, 9, 17.64, 300603, 1925
1809, 1, 84, 94, 35, 4, 2.94%, 0, 48, 9, 11.24, 301227, 1925
1814, 1, 84, 94, 35, 4, 2.94%, 0, 48, 9, 224.29, 302098, 1925
1820, 1, 93, 94, 34, 3, 2.94%, 0, 49, 9, 21.39, 303103, 1925
1825, 1, 93, 94, 34, 3, 2.94%, 0, 49, 9, 189.09, 303846, 1925
1830, 1, 93, 94, 34, 3, 2.94%, 0, 49, 9, 219.70, 304979, 1925
1835, 1, 93, 94, 34, 3, 2.94%, 0, 49, 9, 224.52, 306119, 1925
1840, 1, 89, 94, 33, 2, 2.94%, 0, 49, 9, 192.67, 306734, 1925
1846, 1, 89, 94, 33, 2, 2.94%, 0, 49, 9, 5.83, 307136, 1925
1851, 1, 89, 94, 33, 2, 2.94%, 0, 49, 9, 246.10, 307724, 1925
1856, 1, 89, 94, 33, 2, 2.94%, 0, 49, 9, 210.57, 308624, 1925
1861, 1, 89, 94, 33, 2, 2.94%, 0, 49, 9, 182.44, 309500, 1925
1866, 1, 72, 94, 32, 1, 2.94%, 0, 49, 9, 204.22, 310641, 1925
1872, 1, 72, 94, 32, 1, 2.94%, 0, 49, 9, 25.75, 311120, 1925
1877, 1, 72, 94, 32, 1, 2.94%, 0, 50, 9, 12.09, 311378, 1925
1882, 1, 72, 94, 32, 1, 2.94%, 0, 50, 9, 26.43, 311993, 1925
1887, 1, 72, 94, 32, 1, 2.94%, 0, 50, 9, 214.03, 312899, 1925
1892, 1, 72, 94, 32, 1, 2.94%, 0, 50, 9, 236.37, 314151, 1925
1898, 1, 31, 94, 32, 1, 2.94%, 0, 50, 9, 238.58, 315383, 1925
1903, 1, 59, 94, 32, 1, 2.94%, 0, 50, 9, 217.50, 316518, 1925
1908, 1, 59, 94, 32, 1, 2.94%, 0, 50, 9, 213.08, 317371, 1925
1913, 1, 59, 94, 32, 1, 2.94%, 0, 50, 9, 198.54, 318238, 1925
1918, 1, 62, 94, 32, 1, 2.94%, 0, 50, 9, 189.20, 319028, 1925
1923, 1, 62, 94, 32, 1, 2.94%, 0, 50, 9, 171.18, 319850, 1925
1928, 1, 81, 95, 32, 1, 2.94%, 0, 50, 9, 213.63, 321054, 1928
1934, 1, 81, 95, 32, 1, 2.94%, 0, 50, 9, 30.30, 321535, 1928
1939, 1, 81, 95, 32, 1, 2.94%, 0, 50, 9, 193.80, 322156, 1928
1944, 1, 81, 95, 32, 1, 2.94%, 0, 50, 9, 197.77, 323005, 1928
1949, 1, 81, 95, 32, 1, 2.94%, 0, 50, 9, 229.60, 324252, 1928
1955, 1, 73, 95, 32, 2, 2.94%, 0, 50, 9, 177.10, 324983, 1928
1960, 1, 73, 95, 32, 2, 2.94%, 0, 50, 9, 219.52, 326114, 1928
1965, 1, 78, 95, 31, 1, 2.94%, 0, 50, 9, 2.96, 326909, 1928
1970, 1, 78, 95, 31, 1, 2.94%, 0, 50, 9, 184.79, 327299, 1928
1975, 1, 78, 95, 31, 1, 2.94%, 0, 50, 9, 166.06, 327656, 1928
1980, 1, 78, 95, 31, 1, 2.94%, 0, 50, 9, 188.79, 328390, 1928
1986, 1, 78, 95, 31, 1, 2.94%, 0, 50, 9, 225.63, 329592, 1928
1991, 1, 78, 95, 31, 1, 2.94%, 0, 50, 9, 179.17, 330445, 1928
1996, 1, 78, 95, 31, 1, 2.94%, 0, 50, 9, 227.12, 331388, 1928
2001, 1, 17, 95, 31, 1, 2.94%, 0, 50, 9, 218.92, 332484, 1928
2006, 1, 17, 95, 31, 1, 2.94%, 0, 50, 9, 235.57, 333723, 1928
2011, 1, 45, 95, 31, 1, 2.94%, 0, 50, 9, 196.13, 334721, 1928
2016, 1, 45, 95, 31, 1, 2.94%, 0, 50, 9, 26.60, 335317, 1928
2022, 1, 45, 95, 31, 1, 2.94%, 0, 50, 9, 7.60, 336142, 1928
2028, 1, 45, 95, 31, 1, 2.94%, 0, 50, 9, 34.98, 336343, 1928
2033, 1, 94, 95, 31, 1, 2.94%, 0, 50, 9, 209.96, 337105, 1928
2038, 1, 94, 95, 31, 1, 2.94%, 0, 50, 9, 204.40, 338117, 1928
2044, 1, 94, 95, 31, 1, 2.94%, 0, 50, 9, 229.82, 339337, 1928
2049, 2, 17, 98, 33, 0, 2.94%, 0, 50, 9, 214.37, 340249, 1929
2054, 2, 17, 101, 36, 0, 2.94%, 0, 50, 9, 215.33, 341325, 1929
2059, 2, 17, 103, 38, 0, 2.94%, 0, 50, 9, 218.55, 342061, 1929
2064, 2, 17, 103, 38, 0, 2.94%, 0, 50, 9, 210.42, 343105, 1929
2069, 2, 17, 103, 38, 0, 2.94%, 0, 50, 9, 209.92, 344153, 1929
2074, 2, 17, 105, 40, 0, 2.94%, 0, 50, 9, 204.45, 345145, 1929
2079, 2, 17, 105, 40, 0, 2.94%, 0, 50, 9, 206.33, 346181, 1929
2084, 2, 17, 106, 41, 0, 2.94%, 0, 50, 9, 211.01, 347257, 1929
2089, 2, 17, 106, 41, 0, 2.94%, 0, 50, 9, 214.06, 348337, 1929
2095, 2, 17, 106, 41, 0, 2.94%, 0, 50, 9, 201.42, 349345, 1929
2100, 2, 17, 106, 41, 0, 2.94%, 0, 50, 9, 210.92, 350449, 1929
2105, 2, 17, 107, 42, 0, 2.94%, 0, 50, 9, 220.99, 351009, 1929
2110, 2, 17, 107, 42, 0, 2.94%, 0, 50, 9, 215.31, 352093, 1929
2115, 2, 17, 107, 42, 0, 2.94%, 0, 50, 9, 217.34, 353049, 1929
2120, 2, 17, 107, 42, 0, 2.94%, 0, 50, 9, 210.28, 354113, 1929
2125, 2, 17, 107, 42, 0, 2.94%, 0, 50, 9, 216.37, 355205, 1929
2130, 2, 17, 107, 42, 0, 2.94%, 0, 50, 9, 211.73, 356289, 1929
2135, 2, 17, 107, 42, 0, 2.94%, 0, 50, 9, 205.06, 357313, 1929
2143, 2, 17, 109, 44, 0, 2.94%, 0, 50, 9, 17.82, 358115, 1929
2148, 2, 17, 109, 44, 0, 2.94%, 0, 50, 9, 207.69, 359157, 1929
2153, 2, 17, 109, 44, 0, 2.94%, 0, 50, 9, 207.28, 360205, 1929
2158, 2, 17, 109, 44, 0, 2.94%, 0, 50, 9, 211.10, 361221, 1929
2163, 2, 17, 109, 44, 0, 2.94%, 0, 50, 9, 208.48, 362225, 1929
2168, 2, 17, 110, 45, 0, 2.94%, 0, 50, 9, 214.56, 363281, 1929
2173, 2, 17, 111, 46, 0, 2.94%, 0, 50, 9, 213.00, 364317, 1930
2178, 2, 17, 111, 46, 0, 2.94%, 0, 50, 9, 213.66, 365389, 1930
2184, 2, 17, 111, 46, 0, 2.94%, 0, 50, 9, 209.63, 366441, 1930
2189, 2, 17, 111, 46, 0, 2.94%, 0, 50, 9, 210.74, 367485, 1930
2194, 2, 17, 112, 47, 0, 2.94%, 0, 50, 9, 208.71, 368521, 1930
2199, 2, 17, 114, 49, 0, 2.94%, 0, 50, 9, 222.63, 369685, 1930
2204, 2, 96, 114, 49, 2, 2.94%, 0, 50, 9, 228.75, 370759, 1930
2209, 2, 80, 114, 48, 1, 2.94%, 0, 50, 9, 216.31, 371876, 1930
2214, 2, 80, 115, 49, 1, 2.94%, 0, 50, 9, 191.64, 372214, 1930
2219, 2, 80, 115, 49, 1, 2.94%, 0, 50, 9, 193.77, 372958, 1930
2224, 2, 80, 115, 49, 1, 2.94%, 0, 50, 9, 183.55, 373882, 1930
2229, 2, 80, 115, 49, 1, 2.94%, 0, 50, 9, 209.40, 374970, 1930
2234, 2, 80, 115, 49, 1, 2.94%, 0, 50, 9, 207.41, 376057, 1930
2240, 2, 80, 116, 50, 1, 2.94%, 0, 50, 9, 16.83, 376149, 1930
2245, 2, 80, 116, 50, 1, 2.94%, 0, 50, 9, 15.85, 376229, 1930
2250, 2, 80, 116, 50, 1, 2.94%, 0, 50, 9, 16.43, 376315, 1930
2255, 2, 80, 116, 50, 1, 2.94%, 0, 50, 9, 99.01, 376413, 1930
2260, 2, 31, 116, 50, 1, 2.94%, 0, 50, 9, 165.23, 376935, 1930
2265, 2, 31, 116, 50, 1, 2.94%, 0, 50, 9, 196.27, 377999, 1930
2271, 2, 71, 116, 50, 1, 2.94%, 0, 50, 9, 181.15, 378731, 1930
2276, 2, 71, 116, 50, 1, 2.94%, 0, 50, 9, 16.96, 379503, 1930
2281, 2, 71, 116, 50, 1, 2.94%, 0, 50, 9, 12.26, 379647, 1930
2288, 2, 71, 119, 53, 1, 2.94%, 0, 50, 9, 11.81, 379713, 1930
2293, 2, 71, 119, 53, 1, 2.94%, 0, 50, 9, 13.43, 379784, 1930
2298, 2, 71, 119, 53, 1, 2.94%, 0, 50, 9, 13.63, 379853, 1930
2303, 2, 71, 119, 53, 1, 2.94%, 0, 50, 9, 14.03, 379924, 1930
2309, 2, 71, 119, 53, 1, 2.94%, 0, 50, 9, 14.21, 380000, 1930
2314, 2, 71, 119, 53, 1, 2.94%, 0, 50, 9, 14.39, 380070, 1930
2319, 2, 71, 119, 53, 1, 2.94%, 0, 50, 9, 13.61, 380140, 1930
2324, 2, 71, 119, 53, 1, 2.94%, 0, 50, 9, 14.42, 380212, 1930
2329, 2, 7, 119, 53, 1, 2.94%, 0, 50, 9, 161.74, 380593, 1930
2334, 2, 13, 119, 53, 1, 2.94%, 0, 50, 9, 34.03, 381607, 1930
2339, 2, 13, 119, 53, 1, 2.94%, 0, 50, 9, 142.86, 381716, 1930
2344, 2, 110, 119, 52, 1, 2.94%, 0, 50, 9, 186.42, 382150, 1930
2350, 2, 110, 119, 52, 1, 2.94%, 0, 50, 9, 13.19, 383027, 1930
2355, 2, 110, 120, 53, 1, 2.94%, 0, 50, 9, 12.01, 383087, 1930
2360, 2, 110, 120, 53, 1, 2.94%, 0, 50, 9, 79.15, 383180, 1930
2366, 2, 46, 120, 52, 0, 2.94%, 0, 51, 9, 13.88, 384117, 1930
2371, 2, 46, 120, 52, 0, 2.94%, 0, 51, 9, 218.17, 385175, 1930
2376, 2, 46, 120, 52, 0, 2.94%, 0, 51, 9, 13.74, 385376, 1930
2381, 2, 46, 120, 52, 0, 2.94%, 0, 51, 9, 154.59, 385644, 1930
2386, 2, 46, 120, 52, 0, 2.94%, 0, 51, 9, 14.60, 385910, 1930
2391, 2, 46, 120, 52, 0, 2.94%, 0, 51, 9, 12.32, 385970, 1930
2396, 2, 46, 120, 52, 0, 2.94%, 0, 51, 9, 213.88, 387023, 1930
2401, 2, 46, 120, 52, 0, 2.94%, 0, 51, 9, 4.98, 387313, 1930
2407, 2, 46, 120, 52, 0, 2.94%, 0, 51, 9, 4.45, 387335, 1930
2412, 2, 46, 120, 52, 0, 2.94%, 0, 51, 9, 4.55, 387358, 1930
2417, 2, 46, 120, 52, 0, 2.94%, 0, 51, 9, 4.92, 387384, 1930
2422, 2, 46, 120, 52, 0, 2.94%, 0, 51, 9, 7.80, 387424, 1930
2427, 2, 46, 120, 52, 0, 2.94%, 0, 51, 9, 10.98, 387487, 1930
2432, 2, 46, 120, 52, 0, 2.94%, 0, 51, 9, 202.87, 388088, 1930
2437, 2, 3, 121, 53, 0, 2.94%, 0, 51, 9, 199.01, 389025, 1930
2443, 2, 86, 121, 53, 0, 2.94%, 0, 51, 9, 5.70, 389674, 1930
2448, 2, 86, 122, 54, 0, 3.37%, 0, 51, 9, 181.99, 390387, 2210
2453, 2, 86, 122, 54, 0, 3.37%, 0, 51, 9, 176.03, 390912, 2210
2459, 2, 86, 122, 54, 0, 3.37%, 0, 51, 9, 2.94, 391449, 2210
2464, 2, 86, 122, 54, 0, 3.37%, 0, 51, 9, 16.53, 391995, 2210
2470, 2, 86, 122, 54, 0, 3.37%, 0, 51, 9, 191.23, 392760, 2210
2475, 2, 86, 122, 54, 0, 3.37%, 0, 51, 9, 23.50, 393144, 2210
2480, 2, 86, 122, 54, 0, 3.37%, 0, 52, 9, 196.81, 393678, 2210
2485, 2, 86, 122, 54, 0, 3.37%, 0, 52, 9, 181.49, 394359, 2210
2490, 2, 86, 122, 54, 0, 3.37%, 0, 52, 9, 193.07, 394743, 2210
2496, 2, 86, 122, 54, 0, 3.37%, 0, 52, 9, 2.96, 395041, 2210
2501, 2, 86, 122, 54, 0, 3.37%, 0, 52, 9, 169.62, 395433, 2210
2506, 2, 86, 122, 54, 0, 3.37%, 0, 52, 9, 23.36, 395886, 2210
2512, 2, 86, 122, 54, 0, 3.37%, 0, 52, 9, 26.46, 396262, 2210
2518, 2, 86, 122, 54, 0, 3.37%, 0, 52, 9, 25.02, 396807, 2210
2523, 2, 86, 122, 54, 0, 3.37%, 0, 52, 9, 170.13, 397281, 2210
2528, 2, 86, 122, 54, 0, 3.37%, 0, 52, 9, 20.83, 398079, 2210
2533, 2, 86, 122, 54, 0, 3.37%, 0, 52, 9, 232.31, 399277, 2210
2539, 2, 86, 122, 54, 0, 3.37%, 0, 52, 9, 36.51, 400313, 2210
2544, 2, 86, 122, 54, 0, 3.37%, 0, 52, 9, 37.23, 400504, 2210
2549, 2, 86, 122, 54, 0, 3.37%, 0, 52, 9, 38.04, 400699, 2210
2554, 2, 86, 122, 54, 0, 3.37%, 0, 52, 9, 117.91, 401371, 2210
2559, 2, 86, 122, 54, 0, 3.37%, 0, 52, 9, 244.40, 402249, 2210
2564, 2, 86, 122, 54, 0, 3.37%, 0, 52, 9, 234.81, 403325, 2210
2569, 2, 86, 122, 54, 0, 3.37%, 0, 52, 9, 14.52, 403787, 2210
2574, 2, 86, 122, 54, 0, 3.37%, 0, 52, 9, 12.90, 403852, 2210
2579, 2, 86, 122, 54, 0, 3.37%, 0, 52, 9, 13.08, 403918, 2210
2584, 2, 86, 122, 54, 0, 3.37%, 0, 52, 9, 12.27, 403979, 2210
2589, 2, 86, 122, 54, 0, 3.37%, 0, 52, 9, 12.83, 404046, 2210
2595, 2, 86, 122, 54, 0, 3.37%, 0, 52, 9, 12.75, 404109, 2210
2600, 2, 86, 122, 54, 0, 3.37%, 0, 52, 9, 12.53, 404174, 2210
2605, 2, 86, 122, 54, 0, 3.37%, 0, 52, 9, 12.76, 404239, 2210
2610, 2, 121, 122, 54, 1, 3.37%, 0, 52, 9, 7.58, 404815, 2210
2615, 2, 121, 122, 54, 1, 3.37%, 0, 52, 9, 138.87, 405389, 2210
2620, 2, 121, 122, 54, 1, 3.37%, 0, 52, 9, 137.52, 406083, 2210
2625, 2, 121, 122, 54, 1, 3.37%, 0, 52, 9, 124.55, 406495, 2210
2631, 2, 121, 122, 54, 1, 3.37%, 0, 52, 9, 5.87, 406950, 2210
2636, 2, 121, 122, 54, 1, 3.37%, 0, 52, 9, 36.50, 407311, 2210
2641, 2, 121, 122, 54, 1, 3.37%, 0, 52, 9, 20.70, 407411, 2210
2646, 2, 121, 122, 54, 1, 3.37%, 0, 52, 9, 14.47, 407476, 2210
2651, 2, 121, 122, 54, 1, 3.37%, 0, 52, 9, 12.71, 407538, 2210
2656, 2, 121, 122, 54, 1, 3.37%, 0, 52, 9, 13.76, 407607, 2210
2661, 2, 121, 122, 54, 1, 3.37%, 0, 52, 9, 149.55, 407941, 2210
2667, 2, 121, 122, 54, 1, 3.37%, 0, 52, 9, 240.78, 408691, 2210
2672, 2, 121, 122, 54, 1, 3.37%, 0, 52, 9, 209.78, 409831, 2210
2678, 2, 121, 122, 54, 1, 3.37%, 0, 52, 9, 7.71, 410249, 2210
2683, 2, 121, 122, 54, 1, 3.37%, 0, 53, 9, 7.54, 410288, 2210
2688, 2, 121, 122, 54, 1, 3.37%, 0, 53, 9, 11.72, 410335, 2210
2694, 2, 121, 122, 54, 1, 3.37%, 0, 53, 9, 4.87, 410423, 2210
2699, 2, 121, 122, 54, 1, 3.37%, 0, 53, 9, 12.28, 410509, 2210
2704, 2, 121, 122, 54, 1, 3.37%, 0, 53, 9, 236.59, 411215, 2210
2709, 2, 46, 122, 53, 0, 3.37%, 0, 53, 9, 211.17, 412283, 2210
2714, 2, 46, 122, 53, 0, 3.37%, 0, 53, 9, 205.71, 413322, 2210
2719, 2, 46, 122, 53, 0, 3.37%, 0, 53, 9, 138.74, 413658, 2210
2724, 2, 46, 122, 53, 0, 3.37%, 0, 53, 9, 5.27, 414037, 2210
2729, 2, 46, 122, 53, 0, 3.37%, 0, 53, 9, 4.53, 414058, 2210
2735, 2, 46, 122, 53, 0, 3.37%, 0, 53, 9, 4.73, 414084, 2210
2740, 2, 46, 122, 53, 0, 3.37%, 0, 53, 9, 4.34, 414106, 2210
2745, 2, 46, 122, 53, 0, 3.37%, 0, 53, 9, 4.37, 414130, 2210
2750, 2, 31, 122, 53, 0, 3.37%, 0, 53, 9, 208.78, 415082, 2210
2755, 2, 31, 122, 53, 0, 3.37%, 0, 53, 9, 4.96, 415146, 2210
2761, 2, 31, 122, 53, 0, 3.37%, 0, 53, 9, 5.09, 415171, 2210
2766, 2, 31, 122, 53, 0, 3.37%, 0, 53, 9, 4.96, 415195, 2210
2771, 2, 31, 122, 53, 0, 3.37%, 0, 53, 9, 12.09, 415539, 2210
2776, 2, 31, 122, 53, 0, 3.37%, 0, 53, 9, 34.97, 415988, 2210
2781, 2, 59, 122, 53, 0, 3.37%, 0, 53, 9, 183.17, 416547, 2210
2788, 2, 59, 123, 54, 0, 3.37%, 0, 53, 9, 4.55, 417079, 2210
2793, 2, 59, 123, 54, 0, 3.37%, 0, 53, 9, 4.03, 417099, 2210
2800, 2, 59, 124, 55, 0, 3.37%, 0, 53, 9, 4.00, 417112, 2210
2806, 2, 59, 124, 55, 0, 3.37%, 0, 53, 9, 4.40, 417136, 2210
2811, 2, 59, 124, 55, 0, 3.37%, 0, 53, 9, 3.83, 417154, 2210
2816, 2, 59, 124, 55, 0, 3.37%, 0, 53, 9, 3.99, 417176, 2210
2821, 2, 59, 124, 55, 0, 3.37%, 0, 53, 9, 3.80, 417195, 2210
2826, 2, 59, 124, 55, 0, 3.37%, 0, 53, 9, 4.63, 417223, 2210
2832, 2, 59, 124, 55, 0, 3.37%, 0, 53, 9, 4.29, 417246, 2210
2837, 2, 59, 124, 55, 0, 3.37%, 0, 53, 9, 4.14, 417267, 2210
2842, 2, 59, 124, 55, 0, 3.37%, 0, 53, 9, 3.88, 417287, 2210
2847, 2, 59, 124, 55, 0, 3.37%, 0, 53, 9, 3.85, 417307, 2210
2853, 2, 59, 124, 55, 0, 3.37%, 0, 53, 9, 3.86, 417327, 2210
2858, 2, 59, 124, 55, 0, 3.37%, 0, 53, 9, 3.77, 417347, 2210
2863, 2, 59, 124, 55, 0, 3.37%, 0, 53, 9, 4.33, 417368, 2210
2868, 2, 59, 124, 55, 0, 3.37%, 0, 53, 9, 4.43, 417392, 2210
2873, 2, 59, 124, 55, 0, 3.37%, 0, 53, 9, 4.75, 417417, 2210
2878, 2, 59, 124, 55, 0, 3.37%, 0, 53, 9, 4.36, 417439, 2210
2884, 2, 59, 124, 55, 0, 3.37%, 0, 53, 9, 4.27, 417462, 2210
2889, 2, 59, 124, 55, 0, 3.37%, 0, 53, 9, 3.83, 417482, 2210
2894, 2, 59, 124, 55, 0, 3.37%, 0, 53, 9, 3.72, 417501, 2210
2899, 2, 59, 124, 55, 0, 3.37%, 0, 53, 9, 235.22, 417821, 2210
2905, 2, 59, 124, 55, 0, 3.37%, 0, 53, 9, 188.72, 418708, 2210
2910, 2, 59, 124, 55, 0, 3.37%, 0, 53, 9, 192.52, 419740, 2210
2915, 2, 59, 124, 55, 0, 3.37%, 0, 53, 9, 197.31, 420754, 2210
2920, 2, 59, 124, 55, 0, 3.37%, 0, 53, 9, 17.61, 421610, 2210
2925, 2, 59, 124, 55, 0, 3.37%, 0, 53, 9, 15.36, 421688, 2210
2931, 2, 59, 124, 55, 0, 3.37%, 0, 53, 9, 196.79, 421939, 2210
2936, 2, 14, 124, 55, 0, 3.37%, 0, 53, 9, 208.44, 422985, 2210
2941, 2, 14, 124, 55, 0, 3.37%, 0, 53, 9, 18.09, 423975, 2210
2946, 2, 14, 124, 55, 0, 3.37%, 0, 53, 9, 15.39, 424051, 2210
2951, 2, 14, 124, 55, 0, 3.37%, 0, 53, 9, 205.73, 424890, 2210
2956, 2, 14, 124, 55, 0, 3.37%, 0, 53, 9, 13.24, 425010, 2210
2961, 2, 14, 124, 55, 0, 3.37%, 0, 53, 9, 125.44, 425238, 2210
2966, 2, 3, 124, 55, 0, 3.37%, 0, 53, 9, 3.45, 425542, 2210
2972, 2, 15, 124, 55, 0, 3.37%, 0, 53, 9, 141.01, 426019, 2210
2977, 2, 15, 124, 55, 0, 3.37%, 0, 53, 9, 185.90, 427003, 2210
2982, 2, 59, 124, 55, 0, 3.37%, 0, 53, 9, 166.48, 427674, 2210
2987, 2, 59, 124, 55, 0, 3.37%, 0, 53, 9, 195.12, 428278, 2210
2992, 2, 59, 124, 55, 0, 3.37%, 0, 53, 9, 212.30, 428907, 2210
2997, 2, 59, 124, 55, 0, 3.37%, 0, 53, 9, 194.03, 429745, 2210
3002, 2, 59, 124, 55, 0, 3.37%, 0, 53, 9, 18.63, 430013, 2210
3008, 2, 59, 124, 55, 0, 3.37%, 0, 53, 9, 16.78, 430098, 2210
3013, 2, 59, 124, 55, 0, 3.37%, 0, 53, 9, 230.61, 430773, 2210
3018, 2, 59, 124, 55, 0, 3.37%, 0, 53, 9, 11.95, 430835, 2210
3023, 2, 59, 124, 55, 0, 3.37%, 0, 53, 9, 10.98, 430889, 2210
3028, 2, 59, 125, 56, 0, 3.37%, 0, 53, 9, 10.92, 430942, 2210
3033, 2, 59, 125, 56, 0, 3.37%, 0, 53, 9, 11.41, 430999, 2210
3038, 2, 59, 125, 56, 0, 3.37%, 0, 53, 9, 11.04, 431056, 2210
3043, 2, 59, 125, 56, 0, 3.37%, 0, 53, 9, 10.85, 431111, 2210
3049, 2, 59, 125, 56, 0, 3.37%, 0, 53, 9, 6.11, 431130, 2210
3054, 2, 59, 125, 56, 0, 3.37%, 0, 53, 9, 4.61, 431151, 2210
3059, 2, 59, 125, 56, 0, 3.37%, 0, 53, 9, 4.38, 431174, 2210
3064, 2, 59, 125, 56, 0, 3.37%, 0, 53, 9, 3.84, 431191, 2210
3070, 2, 59, 125, 56, 0, 3.37%, 0, 53, 9, 3.95, 431212, 2210
3075, 2, 59, 125, 56, 0, 3.37%, 0, 53, 9, 4.12, 431234, 2210
3080, 2, 59, 125, 56, 0, 3.37%, 0, 53, 9, 4.00, 431255, 2210
3085, 2, 59, 125, 56, 0, 3.37%, 0, 53, 9, 241.41, 431420, 2210
3090, 2, 17, 125, 56, 0, 3.37%, 0, 53, 9, 217.42, 432514, 2210
3095, 2, 17, 125, 56, 0, 3.37%, 0, 53, 9, 195.80, 433511, 2210
3101, 2, 17, 125, 56, 0, 3.37%, 0, 53, 9, 198.57, 434535, 2210
3106, 2, 17, 125, 56, 0, 3.37%, 0, 53, 9, 206.75, 435412, 2210
3111, 2, 17, 125, 56, 0, 3.37%, 0, 53, 9, 180.35, 436256, 2210
3116, 2, 17, 125, 56, 0, 3.37%, 0, 53, 9, 116.11, 436758, 2210
3121, 2, 17, 125, 56, 0, 3.37%, 0, 53, 9, 9.85, 437574, 2210
3126, 2, 17, 125, 56, 0, 3.37%, 0, 53, 9, 11.04, 437628, 2210
3131, 2, 17, 125, 56, 0, 3.37%, 0, 53, 9, 11.52, 437691, 2210
3136, 2, 17, 125, 56, 0, 3.37%, 0, 53, 9, 11.16, 437750, 2210
3142, 2, 17, 125, 56, 0, 3.37%, 0, 53, 9, 11.16, 437808, 2210
3147, 2, 17, 125, 56, 0, 3.37%, 0, 53, 9, 11.89, 437868, 2210
3152, 2, 17, 125, 56, 0, 3.37%, 0, 53, 9, 226.98, 438447, 2210
3157, 2, 3, 125, 56, 0, 3.37%, 0, 53, 9, 25.27, 439162, 2210
3162, 2, 80, 125, 56, 0, 3.37%, 0, 53, 9, 194.24, 440111, 2210
3167, 2, 80, 125, 56, 0, 3.37%, 0, 53, 9, 181.05, 441017, 2210
3172, 2, 80, 125, 56, 0, 3.37%, 0, 53, 9, 190.66, 441954, 2210
3177, 2, 80, 125, 56, 0, 3.37%, 0, 53, 9, 220.72, 442763, 2210
3182, 2, 80, 125, 56, 0, 3.37%, 0, 53, 9, 228.56, 443915, 2210
3187, 2, 80, 125, 56, 0, 3.37%, 0, 53, 9, 10.05, 444560, 2210
3192, 2, 80, 125, 56, 0, 3.37%, 0, 53, 9, 11.27, 444620, 2210
3197, 2, 80, 125, 56, 0, 3.37%, 0, 53, 9, 11.04, 444677, 2210
3203, 2, 80, 125, 56, 0, 3.37%, 0, 53, 9, 11.67, 444737, 2210
3208, 2, 3, 125, 56, 0, 3.37%, 0, 53, 9, 239.99, 445075, 2210
3213, 2, 110, 125, 56, 0, 3.37%, 0, 53, 9, 164.55, 445692, 2210
3218, 2, 110, 125, 56, 0, 3.37%, 0, 53, 9, 189.75, 446688, 2210
3223, 2, 110, 125, 56, 0, 3.37%, 0, 53, 9, 211.20, 447818, 2210
3228, 2, 110, 125, 56, 0, 3.37%, 0, 53, 9, 214.45, 448934, 2210
3234, 2, 110, 125, 56, 0, 3.37%, 0, 53, 9, 219.00, 450007, 2210
3239, 2, 110, 125, 56, 0, 3.37%, 0, 53, 9, 211.54, 451102, 2210
3244, 2, 110, 125, 56, 0, 3.37%, 0, 53, 9, 44.12, 452225, 2210
3249, 2, 110, 125, 56, 0, 3.37%, 0, 53, 9, 19.80, 452285, 2210
3254, 2, 110, 125, 56, 0, 3.37%, 0, 53, 9, 14.30, 452347, 2210
3259, 2, 110, 125, 56, 0, 3.37%, 0, 53, 9, 12.30, 452405, 2210
3264, 2, 110, 125, 56, 0, 3.37%, 0, 53, 9, 12.61, 452471, 2210
3270, 2, 110, 125, 56, 0, 3.37%, 0, 53, 9, 12.01, 452531, 2210
3275, 2, 110, 125, 56, 0, 3.37%, 0, 53, 9, 12.30, 452595, 2210
3280, 2, 110, 125, 56, 0, 3.37%, 0, 53, 9, 12.23, 452658, 2210
3285, 2, 110, 125, 56, 0, 3.37%, 0, 53, 9, 218.94, 453696, 2210
3290, 2, 110, 125, 56, 0, 3.37%, 0, 53, 9, 228.23, 454830, 2210
3295, 2, 110, 125, 56, 0, 3.37%, 0, 53, 9, 16.79, 455360, 2210
3300, 2, 110, 125, 56, 0, 3.37%, 0, 53, 9, 15.51, 455440, 2210
3306, 2, 110, 125, 56, 0, 3.37%, 0, 53, 9, 15.84, 455522, 2210
3311, 2, 110, 125, 56, 0, 3.37%, 0, 53, 9, 16.58, 455608, 2210
3316, 2, 110, 125, 56, 0, 3.37%, 0, 53, 9, 16.94, 455695, 2210
3321, 2, 14, 125, 56, 0, 3.37%, 0, 53, 9, 145.29, 456063, 2210
3326, 2, 14, 125, 56, 0, 3.37%, 0, 53, 9, 3.22, 456639, 2210
3331, 2, 14, 125, 56, 0, 3.37%, 0, 53, 9, 3.90, 456661, 2210
3336, 2, 14, 125, 56, 0, 3.37%, 0, 53, 9, 3.87, 456681, 2210
3341, 2, 14, 125, 56, 0, 3.37%, 0, 53, 9, 3.85, 456701, 2210
3346, 2, 14, 125, 56, 0, 3.37%, 0, 53, 9, 3.60, 456719, 2210
3352, 2, 14, 125, 56, 0, 3.37%, 0, 53, 9, 39.60, 456751, 2210
3357, 2, 14, 125, 56, 0, 3.37%, 0, 53, 9, 240.44, 457418, 2210
3362, 2, 14, 125, 56, 0, 3.37%, 0, 53, 9, 16.56, 457995, 2210
3367, 2, 14, 125, 56, 0, 3.37%, 0, 53, 9, 118.64, 458278, 2210
3372, 2, 51, 125, 56, 0, 3.37%, 0, 53, 9, 189.72, 458909, 2210
3377, 2, 51, 125, 56, 0, 3.37%, 0, 53, 9, 171.57, 459328, 2210
3383, 2, 51, 125, 56, 0, 3.37%, 0, 53, 9, 100.55, 459878, 2210
3388, 2, 51, 125, 56, 0, 3.37%, 0, 53, 9, 243.78, 460358, 2210
3393, 2, 51, 125, 56, 0, 3.37%, 0, 53, 9, 7.88, 460627, 2210
3398, 2, 51, 125, 56, 0, 3.37%, 0, 53, 9, 8.25, 460669, 2210
3403, 2, 51, 125, 56, 0, 3.37%, 0, 53, 9, 8.66, 460712, 2210
3408, 2, 51, 125, 56, 0, 3.37%, 0, 53, 9, 8.74, 460756, 2210
3413, 2, 51, 125, 56, 0, 3.37%, 0, 53, 9, 176.02, 461735, 2210
3418, 2, 81, 125, 56, 0, 3.37%, 0, 53, 9, 185.72, 462695, 2210
3423, 2, 81, 125, 56, 0, 3.37%, 0, 53, 9, 189.14, 463274, 2210
3428, 2, 81, 125, 56, 0, 3.37%, 0, 53, 9, 193.76, 464042, 2210
3434, 2, 81, 125, 56, 0, 3.37%, 0, 53, 9, 223.64, 465202, 2210
3439, 2, 81, 125, 56, 0, 3.37%, 0, 53, 9, 139.04, 465868, 2210
3444, 2, 81, 125, 56, 0, 3.37%, 0, 53, 9, 183.88, 466839, 2210
3449, 2, 15, 125, 56, 0, 3.37%, 0, 53, 9, 211.14, 467922, 2210
3454, 2, 15, 125, 56, 0, 3.37%, 0, 53, 9, 16.51, 468718, 2210
3459, 2, 15, 125, 56, 0, 3.37%, 0, 53, 9, 221.48, 469056, 2210
3464, 2, 15, 125, 56, 0, 3.37%, 0, 54, 9, 3.31, 469435, 2210
3470, 2, 15, 125, 56, 0, 3.37%, 0, 54, 9, 2.66, 469444, 2210
3475, 2, 15, 125, 56, 0, 3.37%, 0, 54, 9, 2.34, 469453, 2210
3480, 2, 15, 125, 56, 0, 3.37%, 0, 54, 9, 2.13, 469462, 2210
3486, 2, 15, 125, 56, 0, 3.37%, 0, 54, 9, 1.95, 469471, 2210
3491, 2, 15, 125, 56, 0, 3.37%, 0, 54, 9, 1.82, 469479, 2210
3496, 2, 15, 125, 56, 0, 3.37%, 0, 54, 9, 1.83, 469488, 2210
3501, 2, 15, 125, 56, 0, 3.37%, 0, 54, 9, 1.77, 469497, 2210
3507, 2, 15, 125, 56, 0, 3.37%, 0, 54, 9, 1.91, 469507, 2210
3512, 2, 46, 125, 56, 0, 3.37%, 0, 54, 9, 164.23, 470201, 2210
3517, 2, 46, 125, 56, 0, 3.37%, 0, 54, 9, 11.21, 471151, 2210
3522, 2, 46, 125, 56, 0, 3.37%, 0, 54, 9, 10.40, 471207, 2210
3527, 2, 46, 125, 56, 0, 3.37%, 0, 54, 9, 11.35, 471266, 2210
3532, 2, 46, 125, 56, 0, 3.37%, 0, 54, 9, 202.78, 471945, 2210
3538, 2, 46, 125, 56, 0, 3.37%, 0, 54, 9, 5.22, 472753, 2210
3543, 2, 46, 125, 56, 0, 3.37%, 0, 54, 9, 4.63, 472776, 2210
3548, 2, 46, 125, 56, 0, 3.37%, 0, 54, 9, 4.48, 472800, 2210
3553, 2, 46, 125, 56, 0, 3.37%, 0, 54, 9, 4.43, 472824, 2210
3558, 2, 46, 125, 56, 0, 3.37%, 0, 54, 9, 4.59, 472848, 2210
3563, 2, 46, 125, 56, 0, 3.37%, 0, 54, 9, 4.75, 472875, 2210
3569, 2, 96, 125, 56, 0, 3.37%, 0, 54, 9, 146.55, 473247, 2210
3574, 2, 45, 125, 56, 0, 3.37%, 0, 54, 9, 165.85, 474146, 2210
3580, 2, 45, 125, 56, 0, 3.37%, 0, 54, 9, 2.96, 474704, 2210
3585, 2, 45, 125, 56, 0, 3.37%, 0, 54, 9, 15.45, 474738, 2210
3590, 2, 45, 125, 56, 0, 3.37%, 0, 55, 9, 104.61, 474879, 2210
3595, 2, 45, 125, 56, 0, 3.37%, 0, 55, 9, 3.67, 475005, 2210
3600, 2, 45, 125, 56, 0, 3.37%, 0, 55, 9, 4.68, 475029, 2210
3605, 2, 45, 125, 56, 0, 3.37%, 0, 55, 9, 4.28, 475049, 2210
3610, 2, 45, 125, 56, 0, 3.37%, 0, 55, 9, 4.31, 475071, 2210
3616, 2, 45, 125, 56, 0, 3.37%, 0, 55, 9, 4.33, 475093, 2210
3621, 2, 45, 125, 56, 0, 3.37%, 0, 55, 9, 133.87, 475389, 2210
3626, 2, 45, 125, 56, 0, 3.37%, 0, 55, 9, 10.35, 475500, 2210
3631, 2, 45, 125, 56, 0, 3.37%, 0, 55, 9, 10.88, 475795, 2210
3637, 2, 45, 125, 56, 0, 3.37%, 0, 55, 9, 12.76, 476023, 2210
3643, 2, 46, 125, 56, 0, 3.37%, 0, 55, 9, 153.10, 476763, 2210
3648, 2, 46, 125, 56, 0, 3.37%, 0, 55, 9, 4.54, 477527, 2210
3653, 2, 46, 125, 56, 0, 3.37%, 0, 55, 9, 4.04, 477546, 2210
3658, 2, 46, 125, 56, 0, 3.37%, 0, 55, 9, 3.67, 477563, 2210
3663, 2, 46, 125, 56, 0, 3.37%, 0, 55, 9, 3.74, 477582, 2210
3669, 2, 46, 125, 56, 0, 3.37%, 0, 55, 9, 3.59, 477601, 2210
3674, 2, 46, 125, 56, 0, 3.37%, 0, 55, 9, 3.67, 477621, 2210
3679, 2, 46, 125, 56, 0, 3.37%, 0, 55, 9, 3.77, 477641, 2210
3684, 2, 46, 125, 56, 0, 3.37%, 0, 55, 9, 3.80, 477660, 2210
3689, 2, 46, 125, 56, 0, 3.37%, 0, 55, 9, 195.99, 478245, 2210
3694, 2, 46, 125, 56, 0, 3.37%, 0, 55, 9, 207.54, 479280, 2210
3699, 2, 59, 125, 56, 0, 3.37%, 0, 55, 9, 194.51, 480084, 2210
3705, 2, 59, 125, 56, 0, 3.37%, 0, 55, 9, 18.78, 480800, 2210
3710, 2, 59, 125, 56, 0, 3.37%, 0, 55, 9, 10.32, 481483, 2210
3715, 2, 59, 125, 56, 0, 3.37%, 0, 55, 9, 13.78, 481557, 2210
3720, 2, 59, 125, 56, 0, 3.37%, 0, 55, 9, 106.73, 481768, 2210
3726, 2, 59, 125, 56, 0, 3.37%, 0, 55, 9, 10.55, 481845, 2210
3731, 2, 59, 125, 56, 0, 3.37%, 0, 55, 9, 10.66, 481904, 2210
3736, 2, 59, 125, 56, 0, 3.37%, 0, 55, 9, 112.43, 482078, 2210
3741, 2, 59, 125, 56, 0, 3.37%, 0, 55, 9, 11.65, 482179, 2210
3746, 2, 59, 125, 56, 0, 3.37%, 0, 55, 9, 12.45, 482247, 2210
3751, 2, 59, 125, 56, 0, 3.37%, 0, 55, 9, 177.67, 482796, 2210
3756, 2, 59, 125, 56, 0, 3.37%, 0, 55, 9, 12.12, 483311, 2210
3762, 2, 59, 125, 56, 0, 3.37%, 0, 55, 9, 11.62, 483370, 2210
3767, 2, 59, 125, 56, 0, 3.37%, 0, 55, 9, 10.70, 483423, 2210
3772, 2, 59, 125, 56, 0, 3.37%, 0, 55, 9, 14.35, 483497, 2210
3777, 2, 59, 125, 56, 0, 3.37%, 0, 55, 9, 16.07, 483580, 2210
3782, 2, 46, 125, 56, 0, 3.37%, 0, 55, 9, 196.29, 484350, 2210
3787, 2, 46, 125, 56, 0, 3.37%, 0, 55, 9, 209.18, 485354, 2210
3792, 2, 46, 125, 56, 0, 3.37%, 0, 55, 9, 202.89, 486418, 2210
3797, 2, 46, 125, 56, 0, 3.37%, 0, 55, 9, 5.23, 486855, 2210
3802, 2, 46, 125, 56, 0, 3.37%, 0, 55, 9, 4.81, 486879, 2210
3808, 2, 46, 125, 56, 0, 3.37%, 0, 55, 9, 4.13, 486897, 2210
3813, 2, 46, 125, 56, 0, 3.37%, 0, 55, 9, 4.34, 486921, 2210
3818, 2, 46, 125, 56, 0, 3.37%, 0, 55, 9, 4.50, 486944, 2210
3823, 2, 46, 125, 56, 0, 3.37%, 0, 55, 9, 4.59, 486968, 2210
3829, 2, 46, 125, 56, 0, 3.37%, 0, 55, 9, 4.31, 486989, 2210
3834, 2, 46, 125, 56, 0, 3.37%, 0, 55, 9, 168.84, 487848, 2210
3839, 2, 46, 125, 56, 0, 3.37%, 0, 55, 9, 190.49, 488850, 2210
3844, 2, 46, 125, 56, 0, 3.37%, 0, 56, 9, 3.94, 489820, 2210
3849, 2, 46, 125, 56, 0, 3.37%, 0, 56, 9, 8.27, 490135, 2210
3855, 2, 46, 125, 56, 0, 3.37%, 0, 56, 9, 7.80, 490175, 2210
3860, 2, 46, 125, 56, 0, 3.37%, 0, 56, 9, 8.76, 490221, 2210
3865, 2, 46, 125, 56, 0, 3.37%, 0, 56, 9, 9.98, 490414, 2210
3870, 2, 46, 125, 56, 0, 3.37%, 0, 56, 9, 14.38, 490495, 2210
3875, 2, 46, 125, 56, 0, 3.37%, 0, 56, 9, 195.71, 490834, 2210
3881, 2, 68, 125, 56, 0, 3.37%, 0, 56, 9, 193.07, 491297, 2210
3886, 2, 68, 125, 56, 0, 3.37%, 0, 56, 9, 2.94, 491780, 2210
3891, 2, 68, 125, 56, 0, 3.37%, 0, 56, 9, 183.80, 492494, 2210
3897, 2, 68, 125, 56, 0, 3.37%, 0, 56, 9, 11.14, 492941, 2210
3904, 2, 68, 125, 56, 0, 3.37%, 0, 56, 9, 30.75, 493508, 2210
3910, 2, 68, 126, 57, 0, 3.54%, 0, 56, 9, 24.20, 494012, 2317
3915, 2, 68, 126, 57, 0, 3.54%, 0, 56, 9, 192.40, 494587, 2317
3920, 2, 68, 126, 57, 0, 3.54%, 0, 56, 9, 11.37, 494956, 2317
3925, 2, 68, 126, 57, 0, 3.54%, 0, 56, 9, 190.44, 495326, 2317
3930, 2, 68, 126, 57, 0, 3.54%, 0, 56, 9, 174.00, 495913, 2317
3936, 2, 68, 126, 57, 0, 3.54%, 0, 56, 9, 24.22, 496494, 2317
3942, 2, 68, 126, 57, 0, 3.54%, 0, 56, 9, 203.02, 497090, 2317
3947, 2, 68, 126, 57, 0, 3.54%, 0, 56, 9, 13.81, 497758, 2317
3953, 2, 68, 126, 57, 0, 3.54%, 0, 56, 9, 180.00, 498280, 2317
3958, 2, 68, 126, 57, 0, 3.54%, 0, 56, 9, 5.75, 498680, 2317
3964, 2, 68, 126, 57, 0, 3.54%, 0, 56, 9, 5.61, 499083, 2317
3969, 2, 68, 126, 57, 0, 3.54%, 0, 56, 9, 5.15, 499109, 2317
3974, 2, 68, 126, 57, 0, 3.54%, 0, 56, 9, 4.65, 499132, 2317
3979, 2, 68, 126, 57, 0, 3.54%, 0, 56, 9, 4.76, 499157, 2317
3984, 2, 68, 126, 57, 0, 3.54%, 0, 56, 9, 4.72, 499184, 2317
3990, 2, 68, 126, 57, 0, 3.54%, 0, 56, 9, 4.28, 499205, 2317
3995, 2, 68, 126, 57, 0, 3.54%, 0, 56, 9, 4.65, 499229, 2317
4000, 2, 68, 126, 57, 0, 3.54%, 0, 56, 9, 4.69, 499254, 2317
4005, 2, 68, 126, 57, 0, 3.54%, 0, 56, 9, 4.95, 499280, 2317
4010, 2, 68, 126, 57, 0, 3.54%, 0, 56, 9, 4.73, 499305, 2317
4015, 2, 68, 126, 57, 0, 3.54%, 0, 56, 9, 4.23, 499327, 2317
4020, 2, 68, 126, 57, 0, 3.54%, 0, 56, 9, 4.91, 499353, 2317
4026, 2, 68, 126, 57, 0, 3.54%, 0, 56, 9, 4.64, 499377, 2317
4031, 2, 68, 126, 57, 0, 3.54%, 0, 56, 9, 4.23, 499398, 2317
4036, 2, 68, 126, 57, 0, 3.54%, 0, 56, 9, 4.38, 499421, 2317
4041, 2, 68, 126, 57, 0, 3.54%, 0, 56, 9, 4.36, 499444, 2317
4046, 2, 68, 126, 57, 0, 3.54%, 0, 56, 9, 4.58, 499467, 2317
4051, 2, 68, 126, 57, 0, 3.54%, 0, 56, 9, 4.93, 499493, 2317
4057, 2, 68, 126, 57, 0, 3.54%, 0, 56, 9, 4.93, 499519, 2317
4062, 2, 68, 126, 57, 0, 3.54%, 0, 56, 9, 4.90, 499543, 2317
4067, 2, 68, 126, 57, 0, 3.54%, 0, 56, 9, 4.80, 499567, 2317
4072, 2, 68, 126, 57, 0, 3.54%, 0, 56, 9, 4.33, 499587, 2317
4077, 2, 68, 126, 57, 0, 3.54%, 0, 56, 9, 3.82, 499606, 2317
4082, 2, 68, 126, 57, 0, 3.54%, 0, 56, 9, 4.50, 499631, 2317
4087, 2, 68, 126, 57, 0, 3.54%, 0, 56, 9, 4.23, 499654, 2317
4092, 2, 68, 126, 57, 0, 3.54%, 0, 56, 9, 3.86, 499672, 2317
4097, 2, 68, 126, 57, 0, 3.54%, 0, 56, 9, 3.77, 499692, 2317
