# relative_time, cycles_done, cur_item, corpus_count, pending_total, pending_favs, map_size, saved_crashes, saved_hangs, max_depth, execs_per_sec, total_execs, edges_found
60, 0, 1, 30, 29, 1, 1.37%, 0, 0, 2, 212.86, 13259, 901
66, 0, 1, 30, 29, 1, 1.37%, 0, 0, 2, 212.67, 14363, 901
71, 0, 1, 31, 30, 1, 1.39%, 0, 0, 2, 211.80, 15431, 908
76, 0, 1, 31, 30, 1, 1.39%, 0, 0, 2, 212.03, 16491, 908
81, 0, 1, 32, 31, 1, 1.39%, 0, 0, 2, 212.26, 17595, 909
86, 0, 1, 32, 31, 1, 1.39%, 0, 0, 2, 211.29, 18655, 909
91, 0, 1, 32, 31, 1, 1.39%, 0, 0, 2, 213.31, 19767, 909
96, 0, 1, 32, 31, 1, 1.39%, 0, 0, 2, 212.45, 20831, 909
101, 0, 1, 32, 31, 1, 1.39%, 0, 0, 2, 213.43, 21895, 909
106, 0, 1, 32, 31, 1, 1.39%, 0, 0, 2, 212.26, 22963, 909
111, 0, 1, 32, 31, 1, 1.39%, 0, 0, 2, 209.80, 24023, 909
116, 0, 1, 32, 31, 1, 1.39%, 0, 0, 2, 212.50, 25103, 909
121, 0, 1, 32, 31, 1, 1.39%, 0, 0, 2, 211.27, 26159, 909
126, 0, 1, 32, 31, 1, 1.39%, 0, 0, 2, 211.75, 27219, 909
132, 0, 1, 32, 31, 1, 1.39%, 0, 0, 2, 212.71, 28327, 909
137, 0, 1, 32, 31, 1, 1.39%, 0, 0, 2, 213.18, 29427, 909
142, 0, 1, 33, 32, 1, 1.39%, 0, 0, 2, 211.86, 30523, 914
147, 0, 1, 33, 32, 1, 1.39%, 0, 0, 2, 210.99, 31583, 914
152, 0, 1, 33, 32, 1, 1.39%, 0, 0, 2, 213.03, 32663, 914
157, 0, 1, 33, 32, 1, 1.39%, 0, 0, 2, 212.51, 33727, 914
162, 0, 1, 34, 33, 1, 1.39%, 0, 0, 2, 212.66, 34795, 914
167, 0, 1, 34, 33, 1, 1.39%, 0, 0, 2, 213.10, 35863, 914
172, 0, 1, 34, 33, 1, 1.39%, 0, 0, 2, 214.29, 36939, 914
177, 0, 1, 35, 34, 1, 1.41%, 0, 0, 2, 211.62, 38003, 921
182, 0, 1, 36, 35, 1, 1.44%, 0, 0, 2, 212.41, 39063, 942
187, 0, 1, 36, 35, 1, 1.44%, 0, 0, 2, 214.00, 40135, 942
192, 0, 1, 36, 35, 1, 1.44%, 0, 0, 2, 213.97, 41243, 942
197, 0, 1, 36, 35, 1, 1.44%, 0, 0, 2, 192.18, 42193, 942
203, 0, 1, 36, 35, 1, 1.44%, 0, 0, 2, 187.96, 43168, 942
208, 0, 1, 36, 35, 1, 1.44%, 0, 0, 2, 186.51, 44134, 942
213, 0, 1, 36, 35, 1, 1.44%, 0, 0, 2, 185.00, 45085, 942
218, 0, 1, 36, 35, 1, 1.44%, 0, 0, 2, 185.05, 46048, 942
223, 0, 1, 36, 35, 1, 1.44%, 0, 0, 2, 183.76, 46999, 942
229, 0, 1, 36, 35, 1, 1.44%, 0, 0, 2, 184.26, 47959, 942
234, 0, 1, 36, 35, 1, 1.44%, 0, 0, 2, 186.40, 48922, 942
239, 0, 1, 36, 35, 1, 1.44%, 0, 0, 2, 184.62, 49849, 942
244, 0, 1, 36, 35, 1, 1.44%, 0, 0, 2, 183.79, 50767, 942
249, 0, 1, 36, 35, 1, 1.44%, 0, 0, 2, 184.74, 51727, 942
254, 0, 1, 36, 35, 1, 1.44%, 0, 0, 2, 185.73, 52657, 942
259, 0, 1, 36, 35, 1, 1.44%, 0, 0, 2, 184.40, 53584, 942
264, 0, 1, 36, 35, 1, 1.44%, 0, 0, 2, 182.23, 54505, 942
269, 0, 1, 36, 35, 1, 1.44%, 0, 0, 2, 183.38, 55429, 942
274, 0, 1, 36, 35, 1, 1.44%, 0, 0, 2, 186.14, 56362, 942
279, 0, 1, 36, 35, 1, 1.44%, 0, 0, 2, 185.64, 57289, 942
284, 0, 1, 36, 35, 1, 1.44%, 0, 0, 2, 186.22, 58231, 942
289, 0, 1, 36, 35, 1, 1.44%, 0, 0, 2, 185.68, 59194, 942
294, 0, 1, 36, 35, 1, 1.44%, 0, 0, 2, 184.20, 60151, 942
300, 0, 1, 36, 35, 1, 1.44%, 0, 0, 2, 187.41, 61120, 942
305, 0, 1, 36, 35, 1, 1.44%, 0, 0, 2, 185.59, 62074, 942
310, 0, 1, 36, 35, 1, 1.44%, 0, 0, 2, 184.13, 63037, 942
315, 0, 1, 36, 35, 1, 1.44%, 0, 0, 2, 184.02, 64003, 942
320, 0, 1, 36, 35, 1, 1.44%, 0, 0, 2, 183.77, 64957, 942
326, 0, 1, 36, 35, 1, 1.44%, 0, 0, 2, 183.86, 65914, 942
331, 0, 1, 36, 35, 1, 1.44%, 0, 0, 2, 183.96, 66844, 942
336, 0, 1, 36, 35, 1, 1.44%, 0, 0, 2, 183.66, 67768, 942
341, 0, 1, 36, 35, 1, 1.44%, 0, 0, 2, 179.09, 68686, 942
346, 0, 1, 36, 35, 1, 1.44%, 0, 0, 2, 183.08, 69646, 942
351, 0, 1, 36, 35, 1, 1.44%, 0, 0, 2, 183.78, 70567, 942
356, 0, 1, 36, 35, 1, 1.44%, 0, 0, 2, 185.02, 71530, 942
361, 0, 1, 36, 35, 1, 1.44%, 0, 0, 2, 181.55, 72472, 942
366, 0, 1, 36, 35, 1, 1.44%, 0, 0, 2, 183.35, 73390, 942
372, 0, 1, 36, 35, 1, 1.44%, 0, 0, 2, 186.46, 74360, 942
377, 0, 1, 36, 35, 1, 1.44%, 0, 0, 2, 195.47, 75419, 942
382, 0, 1, 37, 36, 1, 1.44%, 0, 0, 2, 228.52, 76635, 945
387, 0, 1, 37, 36, 1, 1.44%, 0, 0, 2, 227.87, 77759, 945
392, 0, 36, 37, 35, 18, 1.44%, 0, 0, 2, 219.80, 78865, 945
397, 0, 36, 38, 36, 18, 1.44%, 0, 0, 3, 223.44, 80025, 946
402, 0, 23, 38, 35, 17, 1.44%, 0, 0, 3, 217.60, 81117, 946
407, 0, 23, 38, 35, 17, 1.44%, 0, 0, 3, 205.27, 82141, 946
412, 0, 23, 38, 35, 17, 1.44%, 0, 0, 3, 231.86, 83305, 946
418, 0, 23, 39, 36, 17, 1.46%, 0, 0, 3, 209.29, 84322, 954
423, 0, 23, 39, 36, 17, 1.46%, 0, 0, 3, 225.99, 85537, 954
428, 0, 23, 39, 36, 17, 1.46%, 0, 0, 3, 207.02, 86573, 954
433, 0, 23, 39, 36, 17, 1.46%, 0, 0, 3, 190.45, 87497, 954
438, 0, 23, 39, 36, 17, 1.46%, 0, 0, 3, 232.86, 88753, 954
443, 0, 10, 39, 35, 16, 1.46%, 0, 0, 3, 226.97, 89891, 954
448, 0, 10, 39, 35, 16, 1.46%, 0, 0, 3, 202.10, 90863, 954
453, 0, 10, 39, 35, 16, 1.46%, 0, 0, 3, 193.47, 91866, 954
458, 0, 10, 39, 35, 16, 1.46%, 0, 0, 3, 205.17, 92923, 954
463, 0, 10, 39, 35, 16, 1.46%, 0, 0, 3, 219.54, 94055, 954
468, 0, 28, 39, 34, 15, 1.46%, 0, 0, 3, 217.82, 95141, 954
473, 0, 28, 39, 34, 15, 1.46%, 0, 0, 3, 218.60, 96261, 954
479, 0, 28, 39, 34, 15, 1.46%, 0, 0, 3, 219.64, 97421, 954
484, 0, 28, 39, 34, 15, 1.46%, 0, 0, 3, 210.95, 98537, 954
489, 0, 28, 39, 34, 15, 1.46%, 0, 0, 3, 204.26, 99585, 954
494, 0, 28, 39, 34, 15, 1.46%, 0, 0, 3, 208.60, 100633, 954
499, 0, 28, 39, 34, 15, 1.46%, 0, 0, 3, 210.75, 101737, 954
504, 0, 28, 39, 34, 15, 1.46%, 0, 0, 3, 192.07, 102691, 954
509, 0, 6, 39, 33, 14, 1.46%, 0, 0, 3, 215.03, 103815, 954
514, 0, 6, 39, 33, 14, 1.46%, 0, 0, 3, 206.63, 104887, 954
520, 0, 6, 39, 33, 14, 1.46%, 0, 0, 3, 207.43, 105939, 954
525, 0, 6, 39, 33, 14, 1.46%, 0, 0, 3, 231.43, 107107, 954
530, 0, 6, 39, 33, 14, 1.46%, 0, 0, 3, 234.30, 108295, 954
535, 0, 6, 39, 33, 14, 1.46%, 0, 0, 3, 213.54, 109375, 954
540, 0, 6, 39, 33, 14, 1.46%, 0, 0, 3, 212.68, 110415, 954
545, 0, 15, 39, 32, 13, 1.46%, 0, 0, 3, 227.49, 111584, 954
550, 0, 15, 39, 32, 13, 1.46%, 0, 0, 3, 211.10, 112676, 954
555, 0, 15, 39, 32, 13, 1.46%, 0, 0, 3, 192.77, 113610, 954
560, 0, 15, 39, 32, 13, 1.46%, 0, 0, 3, 212.73, 114704, 954
565, 0, 15, 39, 32, 13, 1.46%, 0, 0, 3, 217.25, 115788, 954
570, 0, 15, 39, 32, 13, 1.46%, 0, 0, 3, 207.49, 116824, 954
575, 0, 35, 39, 31, 12, 1.46%, 0, 0, 3, 210.47, 117901, 954
581, 0, 35, 39, 31, 12, 1.46%, 0, 0, 3, 222.43, 119041, 954
586, 0, 35, 39, 31, 12, 1.46%, 0, 0, 3, 197.55, 120069, 954
591, 0, 35, 39, 31, 12, 1.46%, 0, 0, 3, 231.94, 121265, 954
596, 0, 35, 39, 31, 12, 1.46%, 0, 0, 3, 217.23, 122325, 954
601, 0, 35, 39, 31, 12, 1.46%, 0, 0, 3, 193.59, 123300, 954
606, 0, 35, 39, 31, 12, 1.46%, 0, 0, 3, 203.17, 124345, 954
611, 0, 35, 39, 31, 12, 1.46%, 0, 0, 3, 190.61, 125337, 954
616, 0, 26, 39, 30, 11, 1.46%, 0, 0, 3, 215.25, 126441, 954
621, 0, 26, 39, 30, 11, 1.46%, 0, 0, 3, 208.01, 127493, 954
627, 0, 26, 39, 30, 11, 1.46%, 0, 0, 3, 232.75, 128717, 954
632, 0, 26, 39, 30, 11, 1.46%, 0, 0, 3, 233.53, 129933, 954
637, 0, 12, 39, 29, 10, 1.46%, 0, 0, 3, 220.31, 131085, 954
642, 0, 12, 39, 29, 10, 1.46%, 0, 0, 3, 212.66, 132187, 954
647, 0, 12, 39, 29, 10, 1.46%, 0, 0, 3, 217.21, 133251, 954
653, 0, 12, 39, 29, 10, 1.46%, 0, 0, 3, 234.02, 134503, 954
658, 0, 12, 39, 29, 10, 1.46%, 0, 0, 3, 222.83, 135667, 954
663, 0, 12, 39, 29, 10, 1.46%, 0, 0, 3, 208.71, 136711, 954
668, 0, 31, 39, 28, 9, 1.46%, 0, 0, 3, 231.10, 137925, 954
673, 0, 31, 39, 28, 9, 1.46%, 0, 0, 3, 239.27, 139149, 954
678, 0, 31, 39, 28, 9, 1.46%, 0, 0, 3, 226.00, 140253, 954
683, 0, 31, 39, 28, 9, 1.46%, 0, 0, 3, 226.47, 141413, 954
688, 0, 32, 39, 27, 8, 1.46%, 0, 0, 3, 223.11, 142551, 954
693, 0, 32, 39, 27, 8, 1.46%, 0, 0, 3, 216.74, 143639, 954
698, 0, 32, 39, 27, 8, 1.46%, 0, 0, 3, 226.76, 144815, 954
703, 0, 32, 39, 27, 8, 1.46%, 0, 0, 3, 196.83, 145810, 954
709, 0, 32, 39, 27, 8, 1.46%, 0, 0, 3, 194.56, 146851, 954
714, 0, 32, 39, 27, 8, 1.46%, 0, 0, 3, 235.48, 148087, 954
719, 0, 32, 39, 27, 8, 1.46%, 0, 0, 3, 240.77, 149311, 954
724, 0, 32, 39, 27, 8, 1.46%, 0, 0, 3, 229.70, 150479, 954
729, 0, 38, 39, 26, 7, 1.46%, 0, 0, 3, 213.11, 151531, 954
734, 0, 38, 39, 26, 7, 1.46%, 0, 0, 3, 223.27, 152643, 954
739, 0, 38, 39, 26, 7, 1.46%, 0, 0, 3, 212.27, 153755, 954
744, 0, 38, 39, 26, 7, 1.46%, 0, 0, 3, 207.32, 154831, 954
