# relative_time, cycles_done, cur_item, corpus_count, pending_total, pending_favs, map_size, saved_crashes, saved_hangs, max_depth, execs_per_sec, total_execs, edges_found
61, 0, 10, 135, 132, 16, 1.06%, 1, 0, 3, 621.57, 39658, 692
66, 0, 10, 136, 133, 16, 1.06%, 1, 0, 3, 611.87, 42762, 692
71, 0, 10, 136, 133, 16, 1.06%, 1, 0, 3, 612.23, 45894, 692
76, 0, 10, 136, 133, 16, 1.06%, 1, 0, 3, 620.72, 49050, 692
81, 0, 10, 136, 133, 16, 1.06%, 1, 0, 3, 619.79, 52182, 692
86, 0, 10, 137, 134, 16, 1.06%, 1, 0, 3, 595.24, 55215, 692
91, 0, 10, 137, 134, 16, 1.06%, 1, 0, 3, 562.80, 58031, 692
97, 0, 10, 137, 134, 16, 1.06%, 1, 0, 3, 534.72, 60722, 692
102, 0, 10, 137, 134, 16, 1.06%, 1, 0, 3, 519.86, 63352, 692
107, 0, 10, 137, 134, 16, 1.06%, 1, 0, 3, 515.22, 65932, 692
112, 0, 81, 137, 132, 14, 1.06%, 1, 0, 3, 484.98, 68475, 692
117, 0, 81, 141, 136, 14, 1.06%, 2, 0, 3, 441.60, 70636, 692
122, 0, 81, 144, 139, 14, 1.06%, 2, 0, 3, 436.93, 72830, 692
127, 0, 81, 147, 142, 14, 1.06%, 2, 0, 3, 399.13, 74798, 692
132, 0, 81, 151, 146, 14, 1.06%, 3, 0, 3, 408.22, 76854, 692
137, 0, 81, 153, 148, 14, 1.06%, 3, 0, 3, 408.86, 78910, 692
142, 0, 81, 156, 151, 14, 1.06%, 3, 0, 3, 395.43, 80948, 692
147, 0, 81, 158, 153, 14, 1.06%, 3, 0, 3, 402.49, 83006, 692
152, 0, 81, 158, 153, 14, 1.06%, 3, 0, 3, 405.65, 85038, 692
157, 0, 81, 159, 154, 14, 1.06%, 3, 0, 3, 401.46, 87070, 692
163, 0, 81, 160, 155, 14, 1.06%, 3, 0, 3, 411.60, 89174, 694
168, 0, 81, 163, 158, 14, 1.06%, 3, 0, 3, 415.65, 91358, 694
173, 0, 81, 164, 159, 14, 1.06%, 3, 0, 3, 419.52, 93422, 694
178, 0, 81, 165, 160, 14, 1.06%, 3, 0, 3, 429.26, 95566, 694
183, 0, 81, 168, 163, 14, 1.06%, 4, 0, 3, 422.55, 97710, 696
188, 0, 81, 168, 163, 14, 1.06%, 5, 0, 3, 413.45, 99774, 696
193, 0, 165, 171, 165, 15, 1.06%, 5, 0, 3, 416.88, 101884, 696
198, 0, 2, 173, 166, 14, 1.07%, 6, 0, 4, 423.38, 103987, 700
203, 0, 2, 178, 171, 14, 1.08%, 6, 0, 4, 435.62, 106195, 706
208, 0, 2, 181, 174, 14, 1.08%, 6, 0, 4, 442.55, 108419, 706
213, 0, 2, 183, 176, 14, 1.08%, 8, 0, 4, 439.63, 110651, 710
218, 0, 2, 186, 179, 14, 1.08%, 8, 0, 4, 432.17, 112819, 710
223, 0, 2, 189, 182, 14, 1.08%, 8, 0, 4, 435.00, 114995, 710
228, 0, 2, 192, 185, 14, 1.08%, 8, 0, 4, 429.82, 117235, 710
233, 0, 2, 193, 186, 14, 1.08%, 8, 0, 4, 421.11, 119355, 710
238, 0, 2, 194, 187, 14, 1.08%, 8, 0, 4, 417.41, 121451, 710
243, 0, 2, 196, 189, 14, 1.08%, 8, 0, 4, 424.31, 123603, 710
249, 0, 2, 198, 191, 14, 1.08%, 8, 0, 4, 426.40, 125835, 710
254, 0, 2, 200, 193, 14, 1.08%, 8, 0, 4, 432.34, 128027, 711
259, 0, 2, 204, 197, 14, 1.08%, 8, 0, 4, 425.80, 130235, 711
264, 0, 2, 204, 197, 14, 1.08%, 8, 0, 4, 430.53, 132355, 711
269, 0, 2, 204, 197, 14, 1.08%, 8, 0, 4, 430.55, 134603, 711
274, 0, 84, 204, 196, 16, 1.08%, 10, 0, 4, 411.34, 136699, 711
279, 0, 62, 204, 195, 15, 1.08%, 11, 0, 4, 374.23, 138577, 711
284, 0, 191, 206, 196, 14, 1.09%, 11, 0, 4, 400.01, 140620, 714
290, 0, 116, 206, 195, 14, 1.09%, 11, 0, 4, 413.27, 142799, 714
295, 0, 5, 206, 192, 11, 1.09%, 12, 0, 4, 414.82, 144928, 714
300, 0, 174, 210, 195, 10, 1.09%, 12, 0, 4, 415.54, 147034, 714
305, 0, 174, 211, 196, 10, 1.09%, 12, 0, 4, 434.35, 149226, 714
310, 0, 174, 212, 197, 10, 1.09%, 12, 0, 4, 439.85, 151522, 714
315, 0, 174, 215, 200, 10, 1.09%, 12, 0, 4, 443.02, 153842, 714
320, 0, 174, 216, 201, 10, 1.09%, 12, 0, 4, 443.44, 156098, 714
325, 0, 174, 217, 202, 10, 1.09%, 12, 0, 4, 454.28, 158401, 714
330, 0, 174, 218, 203, 10, 1.09%, 12, 0, 4, 443.75, 160594, 714
335, 0, 174, 219, 204, 10, 1.09%, 12, 0, 4, 434.28, 162810, 714
340, 0, 174, 220, 205, 10, 1.09%, 13, 0, 4, 442.90, 165050, 714
345, 0, 174, 220, 205, 10, 1.09%, 13, 0, 4, 441.29, 167282, 714
351, 0, 174, 221, 206, 10, 1.09%, 13, 0, 4, 444.62, 169586, 714
356, 0, 174, 222, 207, 10, 1.09%, 13, 0, 4, 440.82, 171866, 714
361, 0, 174, 224, 209, 10, 1.09%, 13, 0, 4, 447.58, 174122, 714
366, 0, 174, 224, 209, 10, 1.09%, 13, 0, 4, 433.15, 176298, 714
371, 0, 140, 226, 210, 10, 1.09%, 13, 0, 4, 435.58, 178573, 715
376, 0, 183, 227, 209, 8, 1.09%, 14, 0, 4, 415.64, 180640, 715
381, 0, 225, 228, 208, 6, 1.09%, 14, 0, 4, 419.68, 182851, 715
386, 0, 159, 232, 211, 5, 1.09%, 15, 0, 4, 412.13, 184923, 715
391, 0, 159, 232, 211, 5, 1.09%, 15, 0, 4, 421.45, 187059, 715
396, 0, 159, 232, 211, 5, 1.09%, 15, 0, 4, 427.88, 189227, 715
402, 0, 159, 233, 212, 5, 1.10%, 15, 0, 4, 436.71, 191539, 722
407, 0, 159, 233, 212, 5, 1.10%, 15, 0, 4, 438.77, 193747, 722
412, 0, 159, 235, 214, 5, 1.10%, 15, 0, 4, 433.21, 195939, 722
417, 0, 159, 235, 214, 5, 1.10%, 15, 0, 4, 415.40, 198035, 722
422, 0, 159, 236, 215, 5, 1.10%, 15, 0, 4, 414.63, 200123, 722
427, 0, 159, 236, 215, 5, 1.10%, 16, 0, 4, 430.90, 202315, 722
432, 0, 159, 237, 216, 5, 1.10%, 16, 0, 4, 417.71, 204491, 722
437, 0, 159, 237, 216, 5, 1.10%, 16, 0, 4, 412.77, 206571, 722
442, 0, 159, 238, 217, 5, 1.10%, 16, 0, 4, 425.35, 208779, 724
447, 0, 159, 238, 217, 5, 1.10%, 16, 0, 4, 429.32, 210915, 724
452, 0, 159, 238, 217, 5, 1.10%, 16, 0, 4, 409.73, 212971, 724
457, 0, 159, 239, 218, 5, 1.10%, 16, 0, 4, 424.45, 215203, 724
463, 0, 237, 239, 216, 6, 1.10%, 16, 0, 4, 410.87, 217290, 724
468, 0, 232, 239, 215, 5, 1.10%, 17, 0, 4, 389.76, 219205, 724
473, 0, 199, 245, 220, 4, 1.10%, 17, 0, 4, 375.33, 221176, 724
478, 0, 199, 250, 225, 4, 1.10%, 18, 0, 4, 385.08, 223197, 724
483, 0, 199, 251, 226, 4, 1.10%, 18, 0, 4, 379.05, 225081, 724
488, 0, 199, 251, 226, 4, 1.10%, 18, 0, 4, 378.84, 227069, 724
493, 0, 199, 253, 228, 4, 1.10%, 18, 0, 4, 388.26, 229031, 724
498, 0, 199, 253, 228, 4, 1.10%, 18, 0, 4, 366.56, 230844, 724
503, 0, 199, 253, 228, 4, 1.10%, 18, 0, 4, 376.56, 232769, 724
509, 0, 199, 254, 229, 4, 1.10%, 19, 0, 4, 375.84, 234702, 724
514, 0, 199, 256, 231, 4, 1.10%, 20, 0, 4, 377.06, 236594, 724
519, 0, 199, 256, 231, 4, 1.10%, 20, 0, 4, 378.37, 238498, 724
524, 0, 199, 257, 232, 4, 1.10%, 20, 0, 4, 383.08, 240508, 724
529, 0, 199, 257, 232, 4, 1.10%, 20, 0, 4, 385.34, 242496, 724
534, 0, 199, 258, 233, 4, 1.10%, 20, 0, 4, 381.71, 244415, 724
539, 0, 199, 260, 235, 4, 1.10%, 20, 0, 4, 379.41, 246335, 724
544, 0, 199, 260, 235, 4, 1.10%, 20, 0, 4, 382.08, 248260, 724
549, 0, 199, 260, 235, 4, 1.10%, 20, 0, 4, 385.21, 250213, 724
554, 0, 199, 260, 235, 4, 1.10%, 20, 0, 4, 389.14, 252180, 724
559, 0, 125, 261, 235, 4, 1.10%, 20, 0, 4, 392.22, 254156, 724
564, 0, 5, 261, 233, 2, 1.10%, 20, 0, 4, 392.30, 256134, 724
569, 0, 5, 261, 233, 2, 1.10%, 20, 0, 4, 401.05, 258227, 724
574, 0, 229, 261, 232, 2, 1.10%, 20, 0, 4, 417.78, 260338, 724
579, 0, 125, 261, 231, 1, 1.10%, 20, 0, 4, 413.99, 262414, 724
585, 0, 125, 261, 230, 0, 1.10%, 20, 0, 4, 408.36, 264466, 724
590, 0, 125, 261, 230, 0, 1.10%, 20, 0, 4, 406.11, 266516, 724
595, 0, 229, 261, 230, 0, 1.10%, 20, 0, 4, 410.68, 268586, 724
600, 0, 229, 262, 231, 0, 1.10%, 20, 0, 5, 400.54, 270586, 724
605, 0, 229, 262, 231, 0, 1.10%, 20, 0, 5, 415.56, 272682, 724
610, 0, 229, 262, 231, 0, 1.10%, 20, 0, 5, 416.09, 274762, 724
615, 0, 125, 262, 231, 0, 1.10%, 20, 0, 5, 413.30, 276856, 724
620, 0, 125, 262, 231, 0, 1.10%, 20, 0, 5, 418.01, 278946, 724
625, 0, 125, 262, 231, 0, 1.10%, 20, 0, 5, 415.25, 281102, 724
630, 0, 135, 262, 231, 0, 1.10%, 20, 0, 5, 403.67, 283168, 724
635, 0, 125, 262, 231, 0, 1.10%, 20, 0, 5, 401.40, 285189, 724
640, 0, 125, 262, 231, 0, 1.10%, 20, 0, 5, 394.25, 287181, 724
645, 0, 125, 262, 231, 0, 1.10%, 20, 0, 5, 414.30, 289300, 724
650, 0, 125, 262, 231, 0, 1.10%, 20, 0, 5, 404.27, 291358, 724
655, 0, 84, 263, 232, 0, 1.10%, 20, 0, 5, 426.07, 293492, 724
660, 0, 84, 264, 233, 0, 1.10%, 20, 0, 5, 429.07, 295660, 724
665, 0, 84, 264, 233, 0, 1.10%, 20, 0, 5, 438.20, 297868, 724
670, 0, 84, 264, 233, 0, 1.10%, 20, 0, 5, 429.94, 300012, 724
675, 0, 191, 264, 233, 0, 1.10%, 20, 0, 5, 437.31, 302198, 724
681, 0, 125, 264, 233, 0, 1.10%, 20, 0, 5, 436.41, 304478, 724
686, 0, 5, 264, 233, 0, 1.10%, 20, 0, 5, 414.09, 306556, 724
691, 0, 125, 264, 233, 0, 1.10%, 20, 0, 5, 419.73, 308644, 724
696, 0, 191, 264, 233, 0, 1.10%, 20, 0, 5, 406.83, 310714, 724
701, 0, 125, 264, 233, 0, 1.10%, 20, 0, 5, 434.50, 312960, 724
706, 0, 125, 264, 233, 0, 1.10%, 20, 0, 5, 424.70, 315088, 724
711, 0, 125, 264, 233, 0, 1.10%, 20, 0, 5, 418.74, 317168, 724
716, 0, 32, 264, 233, 0, 1.10%, 20, 0, 5, 412.78, 319298, 724
721, 0, 191, 264, 233, 0, 1.10%, 20, 0, 5, 404.33, 321296, 724
726, 0, 191, 264, 233, 0, 1.10%, 20, 0, 5, 425.23, 323456, 724
731, 0, 135, 264, 233, 0, 1.10%, 20, 0, 5, 428.24, 325624, 724
736, 0, 125, 264, 233, 0, 1.10%, 20, 0, 5, 429.71, 327798, 724
741, 0, 135, 264, 233, 0, 1.10%, 20, 0, 5, 427.36, 330004, 724
746, 0, 125, 264, 233, 0, 1.10%, 20, 0, 5, 426.79, 332126, 724
751, 0, 125, 264, 233, 0, 1.10%, 20, 0, 5, 406.48, 334138, 724
756, 0, 125, 264, 233, 0, 1.10%, 20, 0, 5, 406.98, 336178, 724
762, 0, 125, 264, 233, 0, 1.10%, 20, 0, 5, 390.44, 338123, 724
767, 0, 221, 264, 233, 0, 1.10%, 20, 0, 5, 407.44, 340230, 724
772, 0, 135, 264, 233, 0, 1.10%, 20, 0, 5, 418.87, 342356, 724
777, 0, 232, 264, 233, 0, 1.10%, 20, 0, 5, 427.39, 344506, 724
782, 0, 10, 264, 233, 0, 1.10%, 21, 0, 5, 422.79, 346626, 724
787, 0, 125, 264, 233, 0, 1.10%, 21, 0, 5, 410.66, 348656, 724
792, 0, 225, 264, 233, 0, 1.10%, 21, 0, 5, 410.89, 350696, 724
797, 0, 191, 264, 233, 0, 1.10%, 21, 0, 5, 423.07, 352864, 724
802, 0, 191, 264, 233, 0, 1.10%, 21, 0, 5, 437.20, 355072, 724
807, 0, 2, 264, 233, 0, 1.10%, 21, 0, 5, 431.38, 357302, 724
812, 0, 125, 264, 233, 0, 1.10%, 21, 0, 5, 422.10, 359479, 724
817, 0, 125, 264, 233, 0, 1.10%, 21, 0, 5, 414.17, 361536, 724
822, 0, 125, 264, 233, 0, 1.10%, 21, 0, 5, 417.21, 363704, 724
828, 0, 125, 264, 233, 0, 1.10%, 21, 0, 5, 411.75, 365786, 724
833, 0, 125, 264, 233, 0, 1.10%, 21, 0, 5, 410.98, 367870, 724
838, 0, 84, 264, 233, 0, 1.10%, 21, 0, 5, 425.96, 370074, 724
843, 0, 125, 264, 233, 0, 1.10%, 21, 0, 5, 419.08, 372194, 724
848, 0, 135, 264, 233, 0, 1.10%, 21, 0, 5, 438.24, 374376, 724
853, 0, 125, 264, 233, 0, 1.10%, 21, 0, 5, 416.51, 376458, 724
858, 0, 125, 264, 233, 0, 1.10%, 21, 0, 5, 415.73, 378538, 724
863, 0, 125, 264, 233, 0, 1.10%, 21, 0, 5, 408.09, 380572, 724
868, 0, 125, 264, 233, 0, 1.10%, 21, 0, 5, 410.02, 382624, 724
873, 0, 62, 264, 233, 0, 1.10%, 21, 0, 5, 379.32, 384571, 724
878, 0, 125, 264, 233, 0, 1.10%, 21, 0, 5, 407.74, 386698, 724
883, 0, 125, 264, 233, 0, 1.10%, 21, 0, 5, 398.79, 388714, 724
888, 0, 125, 264, 233, 0, 1.10%, 21, 0, 5, 413.32, 390796, 724
893, 0, 125, 264, 233, 0, 1.10%, 21, 0, 5, 402.99, 392772, 724
899, 0, 175, 264, 233, 0, 1.10%, 22, 0, 5, 406.66, 394894, 724
904, 0, 125, 264, 233, 0, 1.10%, 22, 0, 5, 411.88, 396980, 724
909, 0, 62, 264, 233, 0, 1.10%, 22, 0, 5, 382.81, 398909, 724
914, 0, 125, 264, 233, 0, 1.10%, 22, 0, 5, 400.21, 401002, 724
919, 0, 125, 264, 233, 0, 1.10%, 22, 0, 5, 387.33, 403000, 724
924, 0, 125, 264, 233, 0, 1.10%, 22, 0, 5, 426.93, 405168, 724
929, 0, 6, 264, 233, 0, 1.10%, 22, 0, 5, 426.26, 407320, 724
934, 0, 125, 264, 233, 0, 1.10%, 22, 0, 5, 430.97, 409504, 724
939, 0, 125, 264, 233, 0, 1.10%, 22, 0, 5, 435.09, 411748, 724
944, 0, 217, 264, 233, 0, 1.10%, 22, 0, 5, 411.09, 413782, 724
949, 0, 125, 264, 233, 0, 1.10%, 22, 0, 5, 435.35, 416066, 724
955, 0, 205, 264, 233, 0, 1.10%, 22, 0, 5, 425.27, 418286, 724
960, 0, 6, 264, 233, 0, 1.10%, 23, 0, 5, 409.81, 420338, 724
965, 0, 125, 264, 233, 0, 1.10%, 23, 0, 5, 418.87, 422466, 724
970, 0, 125, 264, 233, 0, 1.10%, 23, 0, 5, 421.72, 424596, 724
975, 0, 125, 264, 233, 0, 1.10%, 23, 0, 5, 449.84, 426912, 724
980, 0, 125, 264, 233, 0, 1.10%, 23, 0, 5, 493.36, 429515, 724
985, 0, 125, 264, 233, 0, 1.10%, 23, 0, 5, 509.99, 432158, 724
990, 0, 125, 264, 233, 0, 1.10%, 23, 0, 5, 492.86, 434632, 724
995, 0, 125, 264, 233, 0, 1.10%, 23, 0, 5, 482.63, 437055, 724
1001, 0, 157, 264, 233, 0, 1.10%, 23, 0, 5, 486.89, 439608, 724
1006, 0, 125, 264, 232, 0, 1.10%, 23, 0, 5, 502.37, 442133, 724
1011, 0, 5, 264, 232, 0, 1.10%, 23, 0, 5, 481.81, 444556, 724
1016, 0, 125, 264, 232, 0, 1.10%, 23, 0, 5, 478.14, 447068, 724
1021, 1, 125, 264, 232, 0, 1.10%, 23, 0, 5, 491.11, 449658, 724
1026, 1, 138, 264, 232, 0, 1.10%, 23, 0, 5, 457.51, 451928, 724
1031, 1, 125, 264, 231, 0, 1.10%, 23, 0, 5, 486.96, 454382, 724
1036, 1, 191, 264, 231, 0, 1.10%, 23, 0, 5, 494.13, 456964, 724
1041, 1, 125, 264, 231, 0, 1.10%, 23, 0, 5, 504.06, 459628, 724
1046, 1, 131, 264, 231, 0, 1.10%, 23, 0, 5, 491.14, 462079, 724
1052, 1, 232, 264, 230, 0, 1.10%, 23, 0, 5, 481.55, 464615, 724
1057, 1, 125, 264, 230, 0, 1.10%, 23, 0, 5, 489.97, 467102, 724
1062, 1, 125, 264, 230, 0, 1.10%, 23, 0, 5, 491.21, 469655, 724
1067, 1, 125, 264, 230, 0, 1.10%, 23, 0, 5, 479.44, 472064, 724
1072, 1, 125, 264, 230, 0, 1.10%, 23, 0, 5, 474.67, 474437, 724
1077, 1, 232, 264, 230, 0, 1.10%, 23, 0, 5, 476.06, 476846, 724
1082, 1, 6, 264, 230, 0, 1.10%, 23, 0, 5, 474.33, 479317, 724
1087, 1, 125, 264, 230, 0, 1.10%, 23, 0, 5, 466.52, 481659, 724
1092, 1, 125, 264, 230, 0, 1.10%, 23, 0, 5, 485.93, 484095, 724
1097, 1, 135, 264, 230, 0, 1.10%, 23, 0, 5, 501.71, 486730, 724
1103, 1, 135, 264, 230, 0, 1.10%, 23, 0, 5, 505.15, 489350, 724
1108, 1, 131, 264, 230, 0, 1.10%, 23, 0, 5, 517.02, 492004, 724
1113, 1, 135, 264, 230, 0, 1.10%, 23, 0, 5, 510.07, 494518, 724
1118, 1, 125, 264, 230, 0, 1.10%, 23, 0, 5, 519.86, 497162, 724
1123, 1, 125, 264, 230, 0, 1.10%, 23, 0, 5, 505.71, 499700, 724
1128, 1, 6, 264, 230, 0, 1.10%, 23, 0, 5, 493.78, 502195, 724
1133, 1, 232, 264, 230, 0, 1.10%, 23, 0, 5, 499.05, 504680, 724
1138, 1, 125, 264, 230, 0, 1.10%, 23, 0, 5, 504.67, 507220, 724
1143, 1, 165, 264, 230, 0, 1.10%, 23, 0, 5, 491.13, 509689, 724
1148, 1, 175, 265, 231, 0, 1.10%, 23, 0, 5, 501.20, 512299, 724
1153, 1, 175, 265, 231, 0, 1.10%, 23, 0, 5, 478.03, 514675, 724
1158, 1, 181, 265, 231, 0, 1.10%, 23, 0, 5, 515.03, 517206, 724
1163, 1, 125, 265, 231, 0, 1.10%, 23, 0, 5, 504.61, 519768, 724
1168, 1, 125, 265, 231, 0, 1.10%, 23, 0, 5, 512.02, 522346, 724
1173, 1, 125, 265, 231, 0, 1.10%, 23, 0, 5, 516.42, 524956, 724
1178, 1, 125, 265, 231, 0, 1.10%, 23, 0, 5, 521.89, 527564, 724
1183, 1, 62, 265, 231, 0, 1.10%, 23, 0, 5, 512.63, 530244, 724
1188, 1, 125, 265, 231, 0, 1.10%, 23, 0, 5, 507.24, 532770, 724
1194, 1, 205, 265, 231, 0, 1.10%, 23, 0, 5, 506.72, 535410, 724
1199, 1, 125, 265, 231, 0, 1.10%, 23, 0, 5, 491.50, 537880, 724
1204, 1, 257, 265, 231, 0, 1.10%, 23, 0, 5, 435.00, 540116, 724
1209, 1, 125, 265, 230, 0, 1.10%, 24, 0, 5, 467.78, 542406, 724
1214, 1, 125, 265, 230, 0, 1.10%, 24, 0, 5, 502.86, 545068, 724
1219, 1, 125, 265, 230, 0, 1.10%, 24, 0, 5, 487.16, 547553, 724
1224, 1, 125, 265, 230, 0, 1.10%, 24, 0, 5, 486.41, 549998, 724
1229, 1, 125, 265, 230, 0, 1.10%, 24, 0, 5, 496.78, 552524, 724
1234, 1, 2, 265, 230, 0, 1.10%, 24, 0, 5, 503.16, 555038, 724
1239, 1, 125, 265, 230, 0, 1.10%, 24, 0, 5, 515.44, 557670, 724
1244, 1, 2, 265, 230, 0, 1.10%, 24, 0, 5, 523.80, 560296, 724
1249, 1, 191, 265, 230, 0, 1.10%, 24, 0, 5, 533.24, 563068, 724
1254, 1, 139, 265, 230, 0, 1.10%, 24, 0, 5, 517.69, 565772, 724
1259, 1, 125, 265, 229, 0, 1.10%, 24, 0, 5, 486.16, 568158, 724
1264, 1, 125, 266, 230, 0, 1.12%, 24, 0, 5, 512.78, 570757, 736
1270, 1, 265, 266, 229, 0, 1.12%, 24, 0, 5, 491.33, 573196, 736
1275, 1, 135, 266, 229, 0, 1.12%, 24, 0, 5, 497.56, 575689, 736
1280, 1, 6, 266, 229, 0, 1.12%, 24, 0, 5, 486.17, 578216, 736
1285, 1, 135, 266, 229, 0, 1.12%, 24, 0, 5, 488.67, 580780, 736
1290, 1, 6, 266, 229, 0, 1.12%, 24, 0, 5, 475.62, 583244, 736
1295, 1, 265, 266, 229, 0, 1.12%, 24, 0, 5, 492.14, 585811, 736
1300, 1, 265, 266, 229, 0, 1.12%, 24, 0, 5, 488.69, 588262, 736
1305, 1, 109, 266, 229, 0, 1.12%, 24, 0, 5, 475.94, 590692, 736
1310, 1, 5, 266, 228, 0, 1.12%, 24, 0, 5, 485.97, 593115, 736
1315, 1, 131, 266, 228, 0, 1.12%, 24, 0, 5, 493.15, 595599, 736
1320, 1, 170, 266, 228, 0, 1.12%, 24, 0, 5, 487.00, 598115, 736
1326, 1, 170, 267, 229, 0, 1.12%, 24, 0, 5, 390.75, 599998, 736
1331, 1, 6, 267, 227, 0, 1.12%, 24, 0, 5, 488.65, 602593, 736
1336, 1, 265, 267, 227, 0, 1.12%, 24, 0, 5, 511.05, 605206, 736
1341, 1, 191, 268, 228, 0, 1.12%, 25, 0, 5, 534.38, 608006, 736
1346, 1, 265, 268, 228, 0, 1.12%, 25, 0, 5, 524.73, 610668, 736
1351, 1, 265, 268, 228, 0, 1.12%, 25, 0, 5, 495.69, 613162, 736
1356, 1, 265, 268, 228, 0, 1.12%, 25, 0, 5, 494.60, 615706, 736
1361, 1, 191, 268, 228, 0, 1.12%, 25, 0, 5, 523.46, 618358, 736
1366, 1, 265, 268, 228, 0, 1.12%, 25, 0, 5, 506.77, 620882, 736
1371, 1, 32, 268, 228, 0, 1.12%, 25, 0, 5, 493.71, 623359, 736
1376, 1, 265, 268, 228, 0, 1.12%, 25, 0, 5, 483.98, 625766, 736
1381, 1, 135, 268, 228, 0, 1.12%, 25, 0, 5, 491.08, 628283, 736
1386, 1, 22, 268, 228, 0, 1.12%, 25, 0, 5, 472.98, 630642, 736
1391, 1, 265, 268, 227, 0, 1.12%, 25, 0, 5, 482.03, 633088, 736
1397, 1, 175, 268, 227, 0, 1.12%, 25, 0, 5, 481.61, 635479, 736
1402, 1, 175, 269, 228, 0, 1.12%, 25, 0, 5, 479.26, 637881, 736
1407, 1, 175, 270, 229, 0, 1.12%, 25, 0, 5, 477.21, 640310, 736
1412, 1, 175, 270, 229, 0, 1.12%, 25, 0, 5, 472.94, 642686, 736
1417, 1, 265, 270, 229, 0, 1.12%, 25, 0, 5, 466.38, 645102, 736
1422, 1, 175, 270, 229, 0, 1.12%, 25, 0, 5, 455.57, 647367, 736
1427, 1, 265, 270, 229, 0, 1.12%, 25, 0, 5, 468.83, 649753, 736
1432, 1, 265, 270, 229, 0, 1.12%, 25, 0, 5, 476.15, 652240, 736
1437, 1, 266, 270, 229, 0, 1.12%, 25, 0, 5, 396.63, 654248, 736
1442, 1, 266, 271, 230, 0, 1.12%, 25, 0, 5, 379.69, 656142, 736
1447, 1, 265, 271, 229, 0, 1.12%, 25, 0, 5, 455.45, 658550, 736
1453, 1, 191, 271, 229, 0, 1.12%, 25, 0, 5, 481.72, 661046, 736
1458, 1, 265, 271, 229, 0, 1.12%, 25, 0, 5, 483.92, 663471, 736
1463, 1, 265, 271, 229, 0, 1.12%, 25, 0, 5, 489.47, 665975, 736
1468, 1, 265, 271, 229, 0, 1.12%, 25, 0, 5, 481.47, 668394, 736
1473, 1, 191, 271, 229, 0, 1.12%, 25, 0, 5, 474.50, 670737, 736
1478, 1, 265, 271, 229, 0, 1.12%, 25, 0, 5, 483.55, 673171, 736
1483, 1, 191, 271, 229, 0, 1.12%, 25, 0, 5, 478.70, 675574, 736
1488, 1, 265, 271, 229, 0, 1.12%, 25, 0, 5, 482.07, 677993, 736
1493, 1, 135, 271, 229, 0, 1.12%, 25, 0, 5, 484.86, 680423, 736
1498, 2, 62, 271, 229, 0, 1.12%, 25, 0, 5, 457.39, 682743, 736
1503, 2, 265, 271, 229, 0, 1.12%, 25, 0, 5, 499.18, 685367, 736
1508, 2, 265, 271, 229, 0, 1.12%, 25, 0, 5, 498.44, 687848, 736
1513, 2, 265, 271, 229, 0, 1.12%, 25, 0, 5, 501.86, 690484, 736
1518, 2, 265, 271, 229, 0, 1.12%, 25, 0, 5, 510.70, 693052, 736
1524, 2, 131, 271, 229, 0, 1.12%, 25, 0, 5, 511.49, 695610, 736
1529, 2, 265, 271, 229, 0, 1.12%, 25, 0, 5, 503.18, 698148, 736
1534, 2, 265, 271, 229, 0, 1.12%, 25, 0, 5, 491.75, 700635, 736
1539, 2, 2, 271, 229, 0, 1.12%, 25, 0, 5, 502.82, 703170, 736
1544, 2, 265, 271, 229, 0, 1.12%, 25, 0, 5, 499.66, 705704, 736
1549, 2, 131, 271, 229, 0, 1.12%, 25, 0, 5, 484.94, 708241, 736
1554, 2, 135, 271, 229, 0, 1.12%, 25, 0, 5, 502.20, 710846, 736
1559, 2, 135, 271, 229, 0, 1.12%, 25, 0, 5, 501.32, 713398, 736
1564, 2, 135, 271, 229, 0, 1.12%, 25, 0, 5, 489.37, 715943, 736
1569, 2, 265, 271, 229, 0, 1.12%, 25, 0, 5, 485.08, 718386, 736
1574, 2, 265, 271, 229, 0, 1.12%, 25, 0, 5, 489.32, 720822, 736
1580, 2, 265, 271, 229, 0, 1.12%, 25, 0, 5, 478.87, 723303, 736
1585, 2, 265, 271, 229, 0, 1.12%, 25, 0, 5, 481.04, 725712, 736
1590, 2, 135, 271, 229, 0, 1.12%, 25, 0, 5, 487.35, 728172, 736
1595, 2, 175, 271, 229, 0, 1.12%, 25, 0, 5, 483.75, 730588, 736
1600, 2, 265, 271, 229, 0, 1.12%, 25, 0, 5, 480.38, 732980, 736
1605, 2, 265, 271, 229, 0, 1.12%, 25, 0, 5, 481.93, 735415, 736
1610, 2, 191, 271, 229, 0, 1.12%, 25, 0, 5, 495.43, 737989, 736
1615, 2, 131, 271, 229, 0, 1.12%, 25, 0, 5, 471.02, 740468, 736
1620, 2, 6, 271, 229, 0, 1.12%, 25, 0, 5, 475.05, 742933, 736
1626, 2, 131, 271, 229, 0, 1.12%, 25, 0, 5, 476.24, 745410, 736
1631, 2, 165, 271, 229, 0, 1.12%, 25, 0, 5, 475.35, 747896, 736
1636, 2, 265, 271, 229, 0, 1.12%, 25, 0, 5, 475.90, 750285, 736
1641, 2, 6, 271, 229, 0, 1.12%, 25, 0, 5, 480.36, 752694, 736
1646, 2, 265, 271, 229, 0, 1.12%, 25, 0, 5, 482.86, 755198, 736
1651, 2, 265, 271, 229, 0, 1.12%, 25, 0, 5, 485.27, 757643, 736
1656, 2, 265, 271, 229, 0, 1.12%, 25, 0, 5, 496.51, 760223, 736
1661, 2, 216, 271, 229, 0, 1.12%, 25, 0, 5, 492.16, 762789, 736
1666, 2, 175, 271, 228, 0, 1.12%, 25, 0, 5, 482.91, 765163, 736
1671, 2, 265, 271, 228, 0, 1.12%, 25, 0, 5, 488.23, 767591, 736
1676, 2, 84, 271, 228, 0, 1.12%, 25, 0, 5, 494.86, 770087, 736
1682, 2, 229, 271, 228, 0, 1.12%, 25, 0, 5, 471.99, 772519, 736
1687, 2, 229, 271, 228, 0, 1.12%, 25, 0, 5, 486.79, 775039, 736
1692, 2, 265, 271, 228, 0, 1.12%, 25, 0, 5, 502.12, 777576, 736
1697, 2, 265, 271, 228, 0, 1.12%, 25, 0, 5, 500.33, 780088, 736
1702, 2, 265, 271, 228, 0, 1.12%, 25, 0, 5, 495.47, 782640, 736
1707, 2, 2, 271, 228, 0, 1.12%, 25, 0, 5, 503.84, 785164, 736
1712, 2, 6, 271, 228, 0, 1.12%, 25, 0, 5, 496.53, 787660, 736
1717, 2, 191, 271, 228, 0, 1.12%, 25, 0, 5, 508.53, 790222, 736
1722, 2, 265, 271, 227, 0, 1.12%, 25, 0, 5, 471.87, 792595, 736
1727, 2, 265, 271, 227, 0, 1.12%, 25, 0, 5, 483.51, 795040, 736
1732, 2, 265, 271, 227, 0, 1.12%, 25, 0, 5, 493.30, 797602, 736
1738, 2, 265, 271, 227, 0, 1.12%, 25, 0, 5, 493.84, 800179, 736
1743, 2, 265, 271, 227, 0, 1.12%, 25, 0, 5, 486.10, 802633, 736
1748, 2, 265, 271, 227, 0, 1.12%, 25, 0, 5, 468.08, 804952, 736
1753, 2, 5, 271, 227, 0, 1.12%, 25, 0, 5, 475.71, 807340, 736
1758, 2, 191, 271, 227, 0, 1.12%, 25, 0, 5, 493.01, 809807, 736
1763, 2, 232, 271, 227, 0, 1.12%, 25, 0, 5, 474.88, 812322, 736
1768, 2, 265, 271, 227, 0, 1.12%, 25, 0, 5, 482.95, 814835, 736
1773, 2, 265, 271, 227, 0, 1.12%, 25, 0, 5, 506.06, 817379, 736
1778, 2, 265, 271, 227, 0, 1.12%, 25, 0, 5, 491.97, 819859, 736
1783, 2, 265, 271, 227, 0, 1.12%, 25, 0, 5, 503.62, 822405, 736
1788, 2, 2, 271, 227, 0, 1.12%, 25, 0, 5, 510.88, 824973, 736
1793, 2, 265, 271, 227, 0, 1.12%, 25, 0, 5, 505.16, 827535, 736
1798, 2, 6, 271, 227, 0, 1.12%, 25, 0, 5, 499.10, 830078, 736
1803, 2, 191, 271, 227, 0, 1.12%, 25, 0, 5, 491.46, 832552, 736
1808, 2, 131, 271, 227, 0, 1.12%, 25, 0, 5, 511.07, 835161, 736
1813, 2, 232, 273, 229, 0, 1.12%, 25, 0, 5, 458.91, 837434, 736
1818, 2, 232, 273, 229, 0, 1.12%, 25, 0, 5, 456.52, 839729, 736
1823, 2, 5, 273, 229, 0, 1.12%, 25, 0, 5, 460.50, 842041, 736
1829, 2, 265, 273, 229, 0, 1.12%, 25, 0, 5, 462.95, 844379, 736
1834, 2, 265, 273, 229, 0, 1.12%, 25, 0, 5, 467.17, 846707, 736
1839, 2, 5, 273, 229, 0, 1.12%, 25, 0, 5, 464.08, 849059, 736
1844, 2, 135, 273, 229, 0, 1.12%, 25, 0, 5, 479.42, 851472, 736
1849, 2, 175, 273, 229, 0, 1.12%, 25, 0, 5, 470.34, 853930, 736
1854, 2, 175, 273, 229, 0, 1.12%, 25, 0, 5, 456.39, 856207, 736
1859, 2, 173, 273, 229, 0, 1.12%, 25, 0, 5, 466.16, 858557, 736
1864, 2, 265, 273, 229, 0, 1.12%, 25, 0, 5, 472.78, 860944, 736
1869, 2, 265, 273, 229, 0, 1.12%, 25, 0, 5, 451.84, 863203, 736
1874, 2, 265, 273, 229, 0, 1.12%, 25, 0, 5, 457.53, 865513, 736
1879, 2, 44, 273, 229, 0, 1.12%, 25, 0, 5, 443.45, 867723, 736
1884, 2, 265, 273, 228, 0, 1.12%, 25, 0, 5, 463.01, 870159, 736
1889, 2, 220, 273, 228, 0, 1.12%, 25, 0, 5, 411.24, 872240, 736
1894, 2, 5, 273, 227, 0, 1.12%, 25, 0, 5, 447.50, 874466, 736
1899, 2, 265, 273, 227, 0, 1.12%, 25, 0, 5, 456.06, 876856, 736
1904, 2, 265, 273, 227, 0, 1.12%, 25, 0, 5, 458.34, 879157, 736
1910, 2, 265, 273, 227, 0, 1.12%, 25, 0, 5, 463.49, 881610, 736
1915, 2, 265, 273, 227, 0, 1.12%, 25, 0, 5, 469.78, 884001, 736
1920, 2, 265, 273, 227, 0, 1.12%, 25, 0, 5, 470.81, 886436, 736
1925, 2, 232, 273, 227, 0, 1.12%, 25, 0, 5, 475.93, 888827, 736
1930, 2, 265, 273, 227, 0, 1.12%, 25, 0, 5, 487.00, 891253, 736
1935, 2, 232, 274, 228, 0, 1.12%, 25, 0, 5, 468.36, 893610, 736
1940, 2, 265, 274, 228, 0, 1.12%, 25, 0, 5, 449.47, 895840, 736
1945, 2, 265, 274, 228, 0, 1.12%, 25, 0, 5, 446.19, 898058, 736
1950, 2, 102, 274, 228, 0, 1.12%, 25, 0, 5, 414.44, 900150, 736
1955, 2, 6, 274, 227, 0, 1.12%, 25, 0, 5, 463.40, 902520, 736
1960, 2, 265, 274, 227, 0, 1.12%, 25, 0, 5, 493.59, 905014, 736
1965, 3, 265, 274, 227, 0, 1.12%, 25, 0, 5, 497.68, 907585, 736
1970, 3, 265, 274, 227, 0, 1.12%, 25, 0, 5, 505.07, 910132, 736
1975, 3, 265, 274, 227, 0, 1.12%, 25, 0, 5, 511.91, 912700, 736
1980, 3, 191, 274, 227, 0, 1.12%, 25, 0, 5, 516.24, 915298, 736
1986, 3, 191, 275, 228, 0, 1.12%, 25, 0, 5, 527.74, 918056, 736
1991, 3, 265, 275, 228, 0, 1.12%, 25, 0, 5, 524.65, 920720, 736
1996, 3, 5, 275, 228, 0, 1.12%, 25, 0, 5, 506.92, 923266, 736
2001, 3, 265, 275, 228, 0, 1.12%, 25, 0, 5, 508.31, 925800, 736
2006, 3, 265, 275, 228, 0, 1.12%, 25, 0, 5, 517.08, 928408, 736
2011, 3, 265, 275, 228, 0, 1.12%, 25, 0, 5, 484.86, 930831, 736
2016, 3, 265, 275, 228, 0, 1.12%, 25, 0, 5, 497.51, 933321, 736
2021, 3, 265, 275, 228, 0, 1.12%, 25, 0, 5, 489.71, 935781, 736
2026, 3, 191, 275, 228, 0, 1.12%, 25, 0, 5, 486.02, 938193, 736
2031, 3, 265, 275, 228, 0, 1.12%, 25, 0, 5, 484.25, 940702, 736
2036, 3, 265, 275, 228, 0, 1.12%, 25, 0, 5, 482.06, 943165, 736
2041, 3, 7, 275, 228, 0, 1.12%, 25, 0, 5, 477.90, 945651, 736
2046, 3, 265, 275, 227, 0, 1.12%, 25, 0, 5, 477.40, 948029, 736
2051, 3, 265, 275, 226, 0, 1.12%, 25, 0, 5, 482.64, 950453, 736
2056, 3, 265, 275, 226, 0, 1.12%, 25, 0, 5, 484.38, 952985, 736
2062, 3, 265, 275, 226, 0, 1.12%, 25, 0, 5, 481.17, 955484, 736
2067, 3, 135, 275, 226, 0, 1.12%, 25, 0, 5, 494.21, 957940, 736
2072, 3, 265, 275, 226, 0, 1.12%, 25, 0, 5, 488.56, 960377, 736
2077, 3, 265, 275, 226, 0, 1.12%, 25, 0, 5, 465.66, 962723, 736
2082, 3, 265, 275, 226, 0, 1.12%, 25, 0, 5, 483.06, 965177, 736
2087, 3, 265, 275, 226, 0, 1.12%, 25, 0, 5, 483.05, 967601, 736
2092, 3, 265, 275, 226, 0, 1.12%, 25, 0, 5, 487.64, 970037, 736
2097, 3, 131, 275, 226, 0, 1.12%, 25, 0, 5, 490.91, 972500, 736
2102, 3, 265, 275, 226, 0, 1.12%, 25, 0, 5, 486.44, 975052, 736
2107, 3, 131, 275, 226, 0, 1.12%, 25, 0, 5, 498.99, 977631, 736
2112, 3, 56, 275, 226, 0, 1.12%, 25, 0, 5, 520.68, 980253, 736
2117, 3, 265, 275, 226, 0, 1.12%, 25, 0, 5, 486.05, 982674, 736
2122, 3, 265, 275, 226, 0, 1.12%, 25, 0, 5, 499.55, 985193, 736
2128, 3, 229, 275, 226, 0, 1.12%, 25, 0, 5, 516.09, 987895, 736
2133, 3, 265, 275, 226, 0, 1.12%, 25, 0, 5, 507.68, 990459, 736
2138, 3, 5, 275, 226, 0, 1.12%, 25, 0, 5, 513.44, 993043, 736
2143, 3, 265, 275, 226, 0, 1.12%, 25, 0, 5, 493.50, 995493, 736
2148, 3, 195, 275, 226, 0, 1.12%, 25, 0, 5, 484.17, 997965, 736
2153, 3, 5, 275, 225, 0, 1.12%, 25, 0, 5, 499.35, 1000415, 736
2158, 3, 265, 275, 225, 0, 1.12%, 25, 0, 5, 521.42, 1003144, 736
2163, 3, 5, 275, 225, 0, 1.12%, 25, 0, 5, 532.86, 1005824, 736
2168, 3, 232, 275, 225, 0, 1.12%, 25, 0, 5, 540.21, 1008626, 736
2173, 3, 205, 276, 226, 0, 1.12%, 25, 0, 5, 526.89, 1011246, 736
2178, 3, 205, 276, 226, 0, 1.12%, 25, 0, 5, 528.40, 1013866, 736
2183, 3, 237, 277, 227, 0, 1.12%, 25, 0, 5, 510.30, 1016444, 736
2188, 3, 237, 278, 228, 0, 1.12%, 25, 0, 5, 509.58, 1019012, 736
2193, 3, 237, 278, 228, 0, 1.12%, 25, 0, 5, 503.40, 1021552, 736
2198, 3, 237, 278, 228, 0, 1.12%, 25, 0, 5, 496.45, 1024076, 736
2203, 3, 237, 278, 228, 0, 1.12%, 25, 0, 5, 500.19, 1026622, 736
2209, 3, 237, 278, 228, 0, 1.12%, 25, 0, 5, 476.52, 1029053, 736
2214, 3, 237, 278, 228, 0, 1.12%, 25, 0, 5, 496.25, 1031546, 736
2219, 3, 265, 278, 228, 0, 1.12%, 25, 0, 5, 476.19, 1033972, 736
2224, 3, 265, 278, 228, 0, 1.12%, 25, 0, 5, 518.58, 1036708, 736
2229, 3, 265, 278, 228, 0, 1.12%, 25, 0, 5, 495.70, 1039182, 736
2234, 3, 221, 278, 228, 0, 1.12%, 25, 0, 5, 500.10, 1041770, 736
2239, 3, 192, 278, 228, 0, 1.12%, 25, 0, 5, 508.58, 1044374, 736
2245, 3, 135, 278, 227, 0, 1.12%, 25, 0, 5, 506.77, 1046924, 736
2250, 3, 265, 278, 227, 0, 1.12%, 25, 0, 5, 516.85, 1049546, 736
2255, 3, 265, 278, 227, 0, 1.12%, 25, 0, 5, 507.36, 1052102, 736
2260, 3, 135, 278, 227, 0, 1.12%, 25, 0, 5, 536.62, 1054830, 736
2265, 3, 265, 278, 227, 0, 1.12%, 25, 0, 5, 533.42, 1057532, 736
2270, 3, 265, 278, 227, 0, 1.12%, 25, 0, 5, 514.49, 1060212, 736
2275, 3, 265, 278, 227, 0, 1.12%, 25, 0, 5, 482.84, 1062604, 736
2280, 3, 84, 278, 227, 0, 1.12%, 25, 0, 5, 512.19, 1065280, 736
2285, 3, 6, 278, 227, 0, 1.12%, 25, 0, 5, 510.47, 1067936, 736
2290, 3, 5, 278, 227, 0, 1.12%, 25, 0, 5, 520.70, 1070586, 736
2296, 3, 191, 278, 227, 0, 1.12%, 25, 0, 5, 522.16, 1073318, 736
2301, 3, 265, 278, 227, 0, 1.12%, 25, 0, 5, 526.75, 1076078, 736
2306, 3, 191, 278, 227, 0, 1.12%, 25, 0, 5, 528.65, 1078824, 736
2311, 3, 265, 278, 227, 0, 1.12%, 25, 0, 5, 519.42, 1081468, 736
2316, 3, 232, 278, 227, 0, 1.12%, 25, 0, 5, 480.74, 1083856, 736
2321, 3, 265, 278, 227, 0, 1.12%, 25, 0, 5, 491.46, 1086324, 736
2326, 3, 265, 278, 227, 0, 1.12%, 25, 0, 5, 501.96, 1088860, 736
2331, 3, 265, 278, 227, 0, 1.12%, 25, 0, 5, 476.75, 1091276, 736
2336, 3, 265, 278, 227, 0, 1.12%, 25, 0, 5, 505.56, 1093836, 736
2341, 3, 265, 278, 227, 0, 1.12%, 25, 0, 5, 476.93, 1096193, 736
2346, 3, 191, 278, 227, 0, 1.12%, 25, 0, 5, 487.14, 1098656, 736
2351, 3, 265, 278, 227, 0, 1.12%, 25, 0, 5, 483.45, 1101114, 736
2356, 3, 2, 278, 227, 0, 1.12%, 25, 0, 5, 478.95, 1103613, 736
2361, 3, 232, 278, 227, 0, 1.12%, 25, 0, 5, 480.86, 1106050, 736
2367, 3, 265, 278, 227, 0, 1.12%, 25, 0, 5, 480.44, 1108574, 736
2372, 3, 265, 278, 227, 0, 1.12%, 25, 0, 5, 487.63, 1111019, 736
2377, 3, 265, 278, 227, 0, 1.12%, 25, 0, 5, 488.06, 1113461, 736
2382, 3, 265, 278, 227, 0, 1.12%, 25, 0, 5, 488.38, 1115924, 736
2387, 3, 265, 278, 227, 0, 1.12%, 25, 0, 5, 489.53, 1118459, 736
2392, 3, 265, 278, 227, 0, 1.12%, 25, 0, 5, 505.23, 1121080, 736
2397, 3, 265, 278, 227, 0, 1.12%, 25, 0, 5, 498.69, 1123598, 736
2402, 3, 265, 278, 227, 0, 1.12%, 25, 0, 5, 499.48, 1126169, 736
2407, 3, 135, 278, 227, 0, 1.12%, 25, 0, 5, 506.93, 1128684, 736
2413, 3, 84, 278, 227, 0, 1.12%, 25, 0, 5, 521.17, 1131424, 736
2418, 3, 265, 278, 227, 0, 1.12%, 25, 0, 5, 527.40, 1134156, 736
2423, 3, 5, 278, 227, 0, 1.12%, 25, 0, 5, 523.62, 1136882, 736
2428, 3, 232, 278, 227, 0, 1.12%, 25, 0, 5, 521.32, 1139526, 736
2433, 3, 265, 278, 227, 0, 1.12%, 25, 0, 5, 507.98, 1142172, 736
2438, 3, 165, 278, 227, 0, 1.12%, 25, 0, 5, 508.16, 1144744, 736
2443, 4, 265, 278, 227, 0, 1.12%, 25, 0, 5, 514.77, 1147342, 736
2448, 4, 191, 278, 227, 0, 1.12%, 25, 0, 5, 534.49, 1150118, 736
2453, 4, 32, 278, 227, 0, 1.12%, 25, 0, 5, 523.21, 1152798, 736
2458, 4, 265, 278, 227, 0, 1.12%, 25, 0, 5, 512.64, 1155340, 736
2464, 4, 265, 278, 227, 0, 1.12%, 25, 0, 5, 508.03, 1157900, 736
2469, 4, 265, 278, 227, 0, 1.12%, 25, 0, 5, 509.51, 1160508, 736
2474, 4, 6, 278, 227, 0, 1.12%, 25, 0, 5, 492.31, 1162917, 736
2479, 4, 265, 278, 227, 0, 1.12%, 25, 0, 5, 516.52, 1165614, 736
2484, 4, 265, 278, 227, 0, 1.12%, 25, 0, 5, 520.74, 1168334, 736
2489, 4, 265, 278, 227, 0, 1.12%, 25, 0, 5, 511.44, 1170910, 736
2494, 4, 265, 278, 226, 0, 1.12%, 25, 0, 5, 507.26, 1173439, 736
2499, 4, 265, 278, 226, 0, 1.12%, 25, 0, 5, 529.88, 1176151, 736
2504, 4, 191, 278, 226, 0, 1.12%, 25, 0, 5, 497.11, 1178616, 736
2509, 4, 265, 278, 226, 0, 1.12%, 25, 0, 5, 519.80, 1181261, 736
2514, 4, 131, 278, 226, 0, 1.12%, 25, 0, 5, 524.06, 1183887, 736
2519, 4, 265, 278, 226, 0, 1.12%, 25, 0, 5, 508.89, 1186405, 736
2524, 4, 265, 278, 225, 0, 1.12%, 25, 0, 5, 500.41, 1188872, 736
2529, 4, 265, 278, 225, 0, 1.12%, 25, 0, 5, 507.35, 1191416, 736
2534, 4, 6, 278, 225, 0, 1.12%, 25, 0, 5, 496.04, 1193914, 736
2539, 4, 2, 278, 225, 0, 1.12%, 25, 0, 5, 478.46, 1196266, 736
2544, 4, 232, 278, 225, 0, 1.12%, 25, 0, 5, 506.13, 1198872, 736
2550, 4, 265, 278, 225, 0, 1.12%, 25, 0, 5, 508.78, 1201510, 736
2555, 4, 265, 278, 224, 0, 1.12%, 25, 0, 5, 503.17, 1204031, 736
2560, 4, 265, 278, 224, 0, 1.12%, 25, 0, 5, 498.47, 1206545, 736
2565, 4, 265, 278, 224, 0, 1.12%, 25, 0, 5, 504.28, 1209089, 736
2570, 4, 265, 278, 224, 0, 1.12%, 25, 0, 5, 511.03, 1211677, 736
2575, 4, 265, 278, 224, 0, 1.12%, 25, 0, 5, 511.16, 1214247, 736
2580, 4, 265, 278, 224, 0, 1.12%, 25, 0, 5, 511.61, 1216825, 736
2585, 4, 265, 278, 224, 0, 1.12%, 25, 0, 5, 514.39, 1219465, 736
2590, 4, 265, 278, 224, 0, 1.12%, 25, 0, 5, 503.28, 1221993, 736
2595, 4, 265, 278, 224, 0, 1.12%, 25, 0, 5, 469.25, 1224420, 736
2600, 4, 67, 278, 224, 0, 1.12%, 25, 0, 5, 477.18, 1226946, 736
2606, 4, 191, 278, 223, 0, 1.12%, 25, 0, 5, 471.00, 1229371, 736
2611, 4, 265, 278, 223, 0, 1.12%, 25, 0, 5, 491.40, 1231883, 736
2616, 4, 265, 278, 223, 0, 1.12%, 25, 0, 5, 493.56, 1234373, 736
2621, 4, 191, 278, 223, 0, 1.12%, 25, 0, 5, 520.21, 1237086, 736
2626, 4, 265, 278, 223, 0, 1.12%, 25, 0, 5, 506.06, 1239752, 736
2631, 4, 265, 278, 223, 0, 1.12%, 25, 0, 5, 508.14, 1242382, 736
2636, 4, 265, 278, 223, 0, 1.12%, 25, 0, 5, 509.29, 1244960, 736
2641, 4, 205, 278, 223, 0, 1.12%, 25, 0, 5, 509.52, 1247554, 736
2646, 4, 265, 278, 223, 0, 1.12%, 25, 0, 5, 511.22, 1250120, 736
2651, 4, 265, 278, 223, 0, 1.12%, 25, 0, 5, 497.46, 1252639, 736
2657, 4, 265, 278, 223, 0, 1.12%, 25, 0, 5, 508.12, 1255198, 736
2662, 4, 265, 278, 223, 0, 1.12%, 25, 0, 5, 512.12, 1257776, 736
2667, 4, 265, 278, 223, 0, 1.12%, 25, 0, 5, 496.31, 1260286, 736
2672, 4, 265, 278, 223, 0, 1.12%, 25, 0, 5, 483.67, 1262710, 736
2677, 4, 32, 278, 223, 0, 1.12%, 25, 0, 5, 486.36, 1265167, 736
2682, 4, 135, 278, 223, 0, 1.12%, 25, 0, 5, 479.28, 1267550, 736
2687, 4, 265, 278, 223, 0, 1.12%, 25, 0, 5, 508.47, 1270122, 736
2692, 4, 265, 278, 223, 0, 1.12%, 25, 0, 5, 493.90, 1272621, 736
2697, 4, 265, 278, 223, 0, 1.12%, 25, 0, 5, 483.19, 1275066, 736
2702, 4, 265, 278, 223, 0, 1.12%, 25, 0, 5, 491.90, 1277520, 736
2707, 4, 131, 278, 223, 0, 1.12%, 25, 0, 5, 502.41, 1280024, 736
2712, 4, 77, 278, 223, 0, 1.12%, 25, 0, 5, 502.56, 1282534, 736
2717, 4, 265, 278, 222, 0, 1.12%, 25, 0, 5, 482.35, 1284931, 736
2722, 4, 265, 278, 222, 0, 1.12%, 25, 0, 5, 483.13, 1287375, 736
2727, 4, 265, 278, 222, 0, 1.12%, 25, 0, 5, 501.51, 1290006, 736
2732, 4, 131, 278, 222, 0, 1.12%, 25, 0, 5, 493.90, 1292523, 736
2737, 4, 265, 278, 222, 0, 1.12%, 25, 0, 5, 480.61, 1294895, 736
2742, 4, 265, 278, 222, 0, 1.12%, 25, 0, 5, 482.96, 1297304, 736
2747, 4, 2, 278, 222, 0, 1.12%, 25, 0, 5, 510.76, 1299886, 736
2752, 4, 265, 278, 222, 0, 1.12%, 25, 0, 5, 507.16, 1302468, 736
2757, 4, 6, 278, 222, 0, 1.12%, 25, 0, 5, 485.50, 1304856, 736
2762, 4, 221, 278, 222, 0, 1.12%, 25, 0, 5, 504.51, 1307424, 736
2768, 4, 265, 278, 222, 0, 1.12%, 25, 0, 5, 507.39, 1310014, 736
2773, 4, 265, 278, 222, 0, 1.12%, 25, 0, 5, 501.15, 1312592, 736
2778, 4, 265, 278, 222, 0, 1.12%, 25, 0, 5, 489.08, 1315047, 736
2783, 4, 135, 278, 222, 0, 1.12%, 25, 0, 5, 493.65, 1317555, 736
2788, 4, 265, 278, 222, 0, 1.12%, 25, 0, 5, 502.58, 1320050, 736
2793, 4, 5, 278, 222, 0, 1.12%, 25, 0, 5, 505.99, 1322598, 736
2798, 4, 265, 278, 222, 0, 1.12%, 25, 0, 5, 463.46, 1324960, 736
2803, 4, 265, 278, 222, 0, 1.12%, 25, 0, 5, 476.72, 1327423, 736
2808, 4, 6, 278, 222, 0, 1.12%, 25, 0, 5, 508.62, 1330002, 736
2813, 4, 265, 278, 222, 0, 1.12%, 25, 0, 5, 521.83, 1332732, 736
2818, 4, 265, 278, 222, 0, 1.12%, 25, 0, 5, 519.68, 1335332, 736
2824, 4, 263, 278, 222, 0, 1.12%, 25, 0, 5, 455.23, 1337664, 736
2829, 4, 221, 279, 222, 0, 1.12%, 25, 0, 5, 502.38, 1340297, 736
2834, 4, 265, 279, 222, 0, 1.12%, 25, 0, 5, 512.38, 1342929, 736
2839, 4, 232, 279, 222, 0, 1.12%, 25, 0, 5, 519.88, 1345567, 736
2844, 5, 265, 279, 222, 0, 1.12%, 25, 0, 5, 519.47, 1348153, 736
2849, 5, 191, 279, 222, 0, 1.12%, 25, 0, 5, 526.04, 1350885, 736
2854, 5, 265, 279, 222, 0, 1.12%, 25, 0, 5, 548.32, 1353657, 736
2859, 5, 265, 279, 222, 0, 1.12%, 25, 0, 5, 536.59, 1356365, 736
2864, 5, 62, 279, 222, 0, 1.12%, 25, 0, 5, 504.60, 1359005, 736
2870, 5, 135, 279, 222, 0, 1.12%, 25, 0, 5, 535.02, 1361747, 736
2875, 5, 265, 279, 222, 0, 1.12%, 25, 0, 5, 526.81, 1364413, 736
2880, 5, 265, 279, 222, 0, 1.12%, 25, 0, 5, 521.68, 1367031, 736
2885, 5, 265, 279, 222, 0, 1.12%, 25, 0, 5, 525.75, 1369679, 736
2890, 5, 265, 279, 222, 0, 1.12%, 25, 0, 5, 540.02, 1372501, 736
2895, 5, 265, 279, 222, 0, 1.12%, 25, 0, 5, 531.51, 1375211, 736
2900, 5, 265, 279, 221, 0, 1.12%, 25, 0, 5, 526.69, 1377872, 736
2905, 5, 62, 279, 221, 0, 1.12%, 25, 0, 5, 519.89, 1380538, 736
2910, 5, 84, 279, 221, 0, 1.12%, 25, 0, 5, 528.99, 1383242, 736
2915, 5, 265, 279, 221, 0, 1.12%, 25, 0, 5, 519.25, 1385864, 736
2920, 5, 265, 279, 221, 0, 1.12%, 25, 0, 5, 531.43, 1388654, 736
2925, 5, 181, 279, 221, 0, 1.12%, 25, 0, 5, 549.28, 1391394, 736
2930, 5, 6, 279, 221, 0, 1.12%, 25, 0, 5, 548.73, 1394214, 736
2935, 5, 265, 279, 221, 0, 1.12%, 25, 0, 5, 533.21, 1396842, 736
2940, 5, 265, 279, 221, 0, 1.12%, 25, 0, 5, 525.69, 1399482, 736
2946, 5, 171, 279, 221, 0, 1.12%, 25, 0, 5, 470.58, 1401737, 736
2951, 5, 265, 279, 220, 0, 1.12%, 25, 0, 5, 516.22, 1404412, 736
2956, 5, 265, 279, 220, 0, 1.12%, 25, 0, 5, 492.96, 1406889, 736
2961, 5, 265, 279, 220, 0, 1.12%, 25, 0, 5, 493.93, 1409387, 736
2966, 5, 265, 279, 220, 0, 1.12%, 25, 0, 5, 475.57, 1411768, 736
2971, 5, 265, 279, 220, 0, 1.12%, 25, 0, 5, 484.33, 1414240, 736
2976, 5, 135, 279, 220, 0, 1.12%, 25, 0, 5, 477.40, 1416639, 736
2981, 5, 265, 279, 220, 0, 1.12%, 25, 0, 5, 492.10, 1419115, 736
2986, 5, 265, 279, 220, 0, 1.12%, 25, 0, 5, 491.48, 1421650, 736
2991, 5, 265, 279, 220, 0, 1.12%, 25, 0, 5, 491.09, 1424132, 736
2996, 5, 265, 279, 220, 0, 1.12%, 25, 0, 5, 475.69, 1426496, 736
3001, 5, 265, 279, 220, 0, 1.12%, 25, 0, 5, 475.84, 1428878, 736
3006, 5, 265, 279, 220, 0, 1.12%, 25, 0, 5, 489.24, 1431359, 736
3011, 5, 2, 279, 220, 0, 1.12%, 25, 0, 5, 481.14, 1433767, 736
3016, 5, 265, 279, 220, 0, 1.12%, 25, 0, 5, 502.07, 1436348, 736
3021, 5, 84, 279, 220, 0, 1.12%, 25, 0, 5, 502.16, 1438952, 736
3027, 5, 265, 279, 220, 0, 1.12%, 25, 0, 5, 498.63, 1441543, 736
3032, 5, 265, 279, 220, 0, 1.12%, 25, 0, 5, 501.59, 1444084, 736
3037, 5, 265, 279, 220, 0, 1.12%, 25, 0, 5, 487.34, 1446489, 736
3042, 5, 265, 279, 220, 0, 1.12%, 25, 0, 5, 505.58, 1449058, 736
3047, 5, 32, 279, 220, 0, 1.12%, 25, 0, 5, 498.75, 1451570, 736
3052, 5, 265, 279, 220, 0, 1.12%, 25, 0, 5, 514.39, 1454248, 736
3057, 5, 265, 279, 220, 0, 1.12%, 25, 0, 5, 532.51, 1456936, 736
3062, 5, 175, 279, 220, 0, 1.12%, 25, 0, 5, 504.57, 1459480, 736
3067, 5, 265, 279, 220, 0, 1.12%, 25, 0, 5, 510.54, 1462116, 736
3072, 5, 191, 279, 220, 0, 1.12%, 25, 0, 5, 543.86, 1464954, 736
3077, 5, 232, 279, 220, 0, 1.12%, 25, 0, 5, 523.55, 1467586, 736
3082, 5, 84, 279, 220, 0, 1.12%, 25, 0, 5, 525.79, 1470180, 736
3087, 5, 237, 279, 220, 0, 1.12%, 25, 0, 5, 509.92, 1472748, 736
3092, 5, 237, 280, 221, 0, 1.12%, 25, 0, 5, 505.08, 1475256, 736
3097, 5, 237, 280, 221, 0, 1.12%, 25, 0, 5, 504.29, 1477796, 736
3103, 5, 237, 281, 222, 0, 1.12%, 25, 0, 5, 496.10, 1480282, 736
3108, 5, 237, 281, 222, 0, 1.12%, 25, 0, 5, 504.43, 1482854, 736
3113, 5, 237, 281, 222, 0, 1.12%, 25, 0, 5, 508.83, 1485424, 736
3118, 5, 237, 282, 223, 0, 1.12%, 25, 0, 5, 507.88, 1487962, 736
3123, 5, 265, 282, 223, 0, 1.12%, 25, 0, 5, 522.13, 1490568, 736
3128, 5, 219, 282, 223, 0, 1.12%, 25, 0, 5, 506.67, 1493148, 736
3133, 5, 135, 282, 222, 0, 1.12%, 25, 0, 5, 523.58, 1495747, 736
3138, 5, 112, 282, 222, 0, 1.12%, 25, 0, 5, 472.69, 1498146, 736
3143, 5, 265, 282, 221, 0, 1.12%, 25, 0, 5, 492.72, 1500523, 736
3148, 5, 265, 282, 221, 0, 1.12%, 25, 0, 5, 512.29, 1503144, 736
3153, 5, 265, 282, 221, 0, 1.12%, 25, 0, 5, 517.26, 1505784, 736
3158, 5, 232, 282, 221, 0, 1.12%, 25, 0, 5, 495.82, 1508281, 736
3163, 5, 265, 282, 221, 0, 1.12%, 25, 0, 5, 510.98, 1510866, 736
3168, 5, 265, 282, 221, 0, 1.12%, 25, 0, 5, 510.85, 1513526, 736
3173, 5, 191, 282, 221, 0, 1.12%, 25, 0, 5, 502.05, 1516024, 736
3178, 5, 265, 282, 221, 0, 1.12%, 25, 0, 5, 504.93, 1518574, 736
3183, 5, 11, 282, 221, 0, 1.12%, 25, 0, 5, 486.92, 1521012, 736
3188, 5, 265, 282, 220, 0, 1.12%, 25, 0, 5, 502.18, 1523584, 736
3193, 5, 265, 282, 220, 0, 1.12%, 25, 0, 5, 474.77, 1525953, 736
3198, 5, 265, 282, 220, 0, 1.12%, 25, 0, 5, 495.89, 1528426, 736
3203, 5, 135, 282, 220, 0, 1.12%, 25, 0, 5, 517.34, 1531044, 736
3208, 5, 32, 282, 220, 0, 1.12%, 25, 0, 5, 477.13, 1533400, 736
3214, 5, 205, 282, 220, 0, 1.12%, 25, 0, 5, 499.22, 1535978, 736
3219, 5, 205, 283, 221, 0, 1.12%, 25, 0, 5, 497.46, 1538479, 736
3224, 5, 131, 283, 221, 0, 1.12%, 25, 0, 5, 508.50, 1541048, 736
3229, 5, 265, 283, 221, 0, 1.12%, 25, 0, 5, 494.91, 1543538, 736
3234, 5, 2, 283, 221, 0, 1.12%, 25, 0, 5, 501.52, 1546160, 736
3239, 5, 191, 283, 221, 0, 1.12%, 25, 0, 5, 511.54, 1548740, 736
3244, 5, 6, 283, 221, 0, 1.12%, 25, 0, 5, 517.21, 1551434, 736
3249, 5, 265, 283, 221, 0, 1.12%, 25, 0, 5, 500.20, 1553931, 736
3254, 5, 181, 283, 221, 0, 1.12%, 25, 0, 5, 537.26, 1556636, 736
3259, 5, 265, 283, 221, 0, 1.12%, 25, 0, 5, 489.80, 1559068, 736
3264, 5, 265, 283, 221, 0, 1.12%, 25, 0, 5, 495.95, 1561548, 736
3269, 5, 265, 283, 221, 0, 1.12%, 25, 0, 5, 514.41, 1564130, 736
3274, 5, 175, 283, 221, 0, 1.12%, 25, 0, 5, 506.27, 1566668, 736
3279, 5, 265, 283, 221, 0, 1.12%, 25, 0, 5, 519.92, 1569300, 736
3285, 5, 191, 283, 220, 0, 1.12%, 25, 0, 5, 532.60, 1572091, 736
3290, 5, 265, 283, 220, 0, 1.12%, 25, 0, 5, 532.70, 1574769, 736
3295, 5, 265, 283, 220, 0, 1.12%, 25, 0, 5, 519.97, 1577357, 736
3300, 5, 265, 283, 220, 0, 1.12%, 25, 0, 5, 522.00, 1579977, 736
3305, 5, 265, 283, 220, 0, 1.12%, 25, 0, 5, 513.34, 1582585, 736
3310, 5, 265, 283, 220, 0, 1.12%, 25, 0, 5, 529.19, 1585285, 736
3315, 5, 265, 283, 220, 0, 1.12%, 25, 0, 5, 511.65, 1587853, 736
3320, 6, 265, 283, 220, 0, 1.12%, 25, 0, 5, 517.99, 1590483, 736
3325, 6, 265, 283, 220, 0, 1.12%, 25, 0, 5, 502.16, 1592991, 736
3330, 6, 229, 283, 220, 0, 1.12%, 25, 0, 5, 515.65, 1595583, 736
3335, 6, 229, 284, 221, 0, 1.12%, 25, 0, 5, 512.83, 1598171, 737
3340, 6, 229, 284, 221, 0, 1.12%, 25, 0, 5, 512.31, 1600751, 737
3345, 6, 6, 284, 221, 1, 1.12%, 25, 0, 5, 513.97, 1603431, 737
3350, 6, 265, 284, 221, 1, 1.12%, 25, 0, 5, 526.42, 1606107, 737
3355, 6, 283, 284, 221, 1, 1.12%, 25, 0, 5, 509.36, 1608645, 737
3360, 6, 283, 284, 221, 1, 1.12%, 26, 0, 5, 495.58, 1611134, 737
3365, 6, 154, 284, 220, 0, 1.12%, 26, 0, 5, 491.40, 1613598, 737
3370, 6, 265, 284, 219, 0, 1.12%, 26, 0, 5, 493.33, 1616056, 737
3375, 6, 181, 284, 219, 0, 1.12%, 26, 0, 5, 520.51, 1618684, 737
3380, 6, 265, 284, 219, 0, 1.12%, 26, 0, 5, 514.32, 1621298, 737
3385, 6, 2, 284, 219, 0, 1.12%, 26, 0, 5, 520.70, 1623906, 737
3391, 6, 265, 284, 219, 0, 1.12%, 26, 0, 5, 495.74, 1626417, 737
3396, 6, 84, 284, 219, 0, 1.12%, 26, 0, 5, 508.72, 1628956, 737
3401, 6, 84, 285, 220, 0, 1.12%, 26, 0, 5, 517.22, 1631624, 737
3406, 6, 265, 285, 220, 0, 1.12%, 26, 0, 5, 498.92, 1634081, 737
3411, 6, 265, 285, 220, 0, 1.12%, 26, 0, 5, 503.09, 1636690, 737
3416, 6, 232, 285, 220, 0, 1.12%, 26, 0, 5, 485.23, 1639127, 737
3421, 6, 265, 285, 220, 0, 1.12%, 26, 0, 5, 506.29, 1641674, 737
3426, 6, 265, 285, 220, 0, 1.12%, 26, 0, 5, 507.99, 1644272, 737
3431, 6, 265, 285, 220, 0, 1.12%, 26, 0, 5, 504.41, 1646934, 737
3436, 6, 265, 285, 220, 0, 1.12%, 26, 0, 5, 507.22, 1649482, 737
3442, 6, 265, 285, 220, 0, 1.12%, 26, 0, 5, 504.41, 1652080, 737
3447, 6, 265, 285, 220, 0, 1.12%, 26, 0, 5, 514.50, 1654698, 737
3452, 6, 265, 285, 220, 0, 1.12%, 26, 0, 5, 510.54, 1657254, 737
3457, 6, 265, 285, 220, 0, 1.12%, 26, 0, 5, 492.94, 1659785, 737
3462, 6, 265, 285, 220, 0, 1.12%, 26, 0, 5, 498.71, 1662292, 737
3467, 6, 265, 285, 219, 0, 1.12%, 26, 0, 5, 497.22, 1664848, 737
3472, 6, 265, 285, 219, 0, 1.12%, 26, 0, 5, 503.47, 1667475, 737
3477, 6, 5, 285, 219, 0, 1.12%, 26, 0, 5, 522.96, 1670111, 737
3482, 6, 265, 285, 219, 0, 1.12%, 26, 0, 5, 535.10, 1672805, 737
3487, 6, 265, 285, 219, 0, 1.12%, 26, 0, 5, 529.29, 1675485, 737
3492, 6, 279, 285, 219, 0, 1.12%, 26, 0, 5, 468.26, 1677893, 737
3497, 6, 265, 285, 218, 0, 1.12%, 26, 0, 5, 489.41, 1680270, 737
3502, 6, 265, 285, 217, 0, 1.12%, 26, 0, 5, 542.64, 1683034, 737
3508, 6, 265, 285, 217, 0, 1.12%, 26, 0, 5, 520.95, 1685712, 737
3513, 6, 191, 285, 217, 0, 1.12%, 26, 0, 5, 537.45, 1688436, 737
3518, 6, 217, 285, 217, 0, 1.12%, 26, 0, 5, 538.55, 1691230, 737
3523, 6, 265, 285, 217, 0, 1.12%, 26, 0, 5, 512.91, 1693814, 737
3528, 6, 265, 285, 217, 0, 1.12%, 26, 0, 5, 518.75, 1696484, 737
3533, 6, 265, 285, 217, 0, 1.12%, 26, 0, 5, 528.66, 1699172, 737
3538, 6, 265, 285, 217, 0, 1.12%, 26, 0, 5, 522.65, 1701772, 737
3543, 6, 135, 285, 217, 0, 1.12%, 26, 0, 5, 517.64, 1704356, 737
3548, 6, 181, 285, 217, 0, 1.12%, 26, 0, 5, 537.70, 1707142, 737
3553, 6, 62, 285, 217, 0, 1.12%, 26, 0, 5, 538.59, 1709894, 737
3558, 6, 265, 285, 217, 0, 1.12%, 26, 0, 5, 531.50, 1712542, 737
3563, 6, 265, 285, 217, 0, 1.12%, 26, 0, 5, 567.60, 1715427, 737
3568, 6, 265, 285, 217, 0, 1.12%, 26, 0, 5, 520.51, 1718012, 737
3574, 6, 265, 285, 217, 0, 1.12%, 26, 0, 5, 511.79, 1720640, 737
3579, 6, 265, 285, 217, 0, 1.12%, 26, 0, 5, 527.84, 1723298, 737
3584, 6, 265, 285, 217, 0, 1.12%, 26, 0, 5, 519.66, 1725926, 737
3589, 6, 6, 285, 217, 0, 1.12%, 26, 0, 5, 497.60, 1728388, 737
3594, 6, 265, 285, 217, 0, 1.12%, 26, 0, 5, 513.97, 1730970, 737
3599, 6, 265, 285, 217, 0, 1.12%, 26, 0, 5, 522.70, 1733700, 737
3604, 6, 265, 285, 216, 0, 1.12%, 26, 0, 5, 516.37, 1736336, 737
3609, 6, 191, 285, 216, 0, 1.12%, 26, 0, 5, 526.28, 1738994, 737
3614, 6, 131, 285, 216, 0, 1.12%, 26, 0, 5, 544.00, 1741854, 737
3619, 6, 265, 285, 216, 0, 1.12%, 26, 0, 5, 525.62, 1744584, 737
3624, 6, 265, 285, 216, 0, 1.12%, 26, 0, 5, 510.81, 1747102, 737
3629, 6, 265, 285, 216, 0, 1.12%, 26, 0, 5, 481.45, 1749522, 737
3634, 6, 9, 285, 216, 0, 1.12%, 26, 0, 5, 514.12, 1752076, 737
3639, 6, 265, 285, 216, 0, 1.12%, 26, 0, 5, 506.68, 1754640, 737
3645, 6, 221, 285, 216, 0, 1.12%, 26, 0, 5, 482.16, 1757126, 737
3650, 6, 265, 285, 216, 0, 1.12%, 26, 0, 5, 475.58, 1759488, 737
3655, 6, 265, 285, 216, 0, 1.12%, 26, 0, 5, 460.88, 1761879, 737
3660, 6, 221, 285, 216, 0, 1.12%, 26, 0, 5, 475.63, 1764330, 737
3665, 6, 265, 285, 216, 0, 1.12%, 26, 0, 5, 486.37, 1766887, 737
3670, 6, 265, 285, 216, 0, 1.12%, 26, 0, 5, 500.03, 1769404, 737
3675, 6, 265, 285, 216, 0, 1.12%, 26, 0, 5, 496.37, 1771965, 737
3680, 6, 265, 285, 216, 0, 1.12%, 26, 0, 5, 494.72, 1774443, 737
3685, 6, 265, 285, 216, 0, 1.12%, 26, 0, 5, 504.22, 1776988, 737
3690, 6, 265, 285, 216, 0, 1.12%, 26, 0, 5, 504.98, 1779536, 737
3696, 6, 265, 285, 216, 0, 1.12%, 26, 0, 5, 504.32, 1782076, 737
3701, 6, 265, 285, 216, 0, 1.12%, 26, 0, 5, 511.46, 1784654, 737
3706, 6, 265, 285, 216, 0, 1.12%, 26, 0, 5, 510.72, 1787304, 737
3711, 6, 265, 285, 216, 0, 1.12%, 26, 0, 5, 511.41, 1789972, 737
3716, 6, 6, 285, 216, 0, 1.12%, 26, 0, 5, 506.27, 1792502, 737
3721, 6, 265, 285, 216, 0, 1.12%, 26, 0, 5, 490.37, 1794947, 737
3726, 6, 265, 285, 216, 0, 1.12%, 26, 0, 5, 507.04, 1797496, 737
3731, 6, 191, 285, 216, 0, 1.12%, 26, 0, 5, 529.73, 1800164, 737
3736, 6, 265, 285, 216, 0, 1.12%, 26, 0, 5, 530.93, 1802836, 737
3741, 6, 221, 285, 216, 0, 1.12%, 26, 0, 5, 515.57, 1805436, 737
3746, 7, 265, 285, 216, 0, 1.12%, 26, 0, 5, 515.99, 1808126, 737
3752, 7, 265, 285, 216, 0, 1.12%, 26, 0, 5, 516.85, 1810794, 737
3757, 7, 265, 285, 216, 0, 1.12%, 26, 0, 5, 515.92, 1813474, 737
3762, 7, 265, 285, 216, 0, 1.12%, 26, 0, 5, 512.35, 1816062, 737
3767, 7, 265, 285, 216, 0, 1.12%, 26, 0, 5, 518.72, 1818670, 737
3772, 7, 6, 285, 216, 0, 1.12%, 26, 0, 5, 502.67, 1821160, 737
3777, 7, 265, 285, 216, 0, 1.12%, 26, 0, 5, 505.18, 1823694, 737
3782, 7, 2, 285, 216, 0, 1.12%, 26, 0, 5, 523.61, 1826328, 737
3787, 7, 191, 285, 216, 0, 1.12%, 26, 0, 5, 502.72, 1828840, 737
3792, 7, 265, 285, 216, 0, 1.12%, 26, 0, 5, 498.76, 1831458, 737
3797, 7, 265, 285, 216, 0, 1.12%, 26, 0, 5, 507.72, 1834044, 737
3802, 7, 265, 285, 216, 0, 1.12%, 26, 0, 5, 508.26, 1836602, 737
3807, 7, 238, 285, 216, 0, 1.12%, 26, 0, 5, 438.54, 1838812, 737
3812, 7, 62, 285, 215, 0, 1.12%, 26, 0, 5, 437.63, 1840974, 737
3817, 7, 265, 285, 215, 0, 1.12%, 26, 0, 5, 495.41, 1843569, 737
3822, 7, 5, 285, 215, 0, 1.12%, 26, 0, 5, 514.97, 1846186, 737
3828, 7, 265, 285, 215, 0, 1.12%, 26, 0, 5, 526.81, 1848840, 737
3833, 7, 265, 285, 215, 0, 1.12%, 26, 0, 5, 518.19, 1851518, 737
3838, 7, 265, 285, 215, 0, 1.12%, 26, 0, 5, 512.34, 1854076, 737
3843, 7, 265, 285, 215, 0, 1.12%, 26, 0, 5, 511.45, 1856664, 737
3848, 7, 131, 285, 215, 0, 1.12%, 26, 0, 5, 501.98, 1859184, 737
3853, 7, 265, 285, 215, 0, 1.12%, 26, 0, 5, 504.08, 1861720, 737
3858, 7, 265, 285, 215, 0, 1.12%, 26, 0, 5, 517.54, 1864420, 737
3863, 7, 191, 285, 215, 0, 1.12%, 26, 0, 5, 517.79, 1866994, 737
3868, 7, 265, 285, 215, 0, 1.12%, 26, 0, 5, 514.35, 1869718, 737
3873, 7, 183, 285, 215, 0, 1.12%, 26, 0, 5, 516.47, 1872324, 737
3878, 7, 183, 286, 216, 0, 1.12%, 26, 0, 5, 529.86, 1875022, 737
3884, 7, 140, 286, 216, 0, 1.12%, 26, 0, 5, 519.53, 1877726, 737
3889, 7, 265, 286, 216, 0, 1.12%, 26, 0, 5, 520.38, 1880324, 737
3894, 7, 265, 286, 216, 0, 1.12%, 26, 0, 5, 532.88, 1883012, 737
3899, 7, 265, 286, 216, 0, 1.12%, 26, 0, 5, 545.24, 1885852, 737
3904, 7, 265, 286, 216, 0, 1.12%, 26, 0, 5, 547.64, 1888602, 737
3909, 7, 2, 286, 216, 0, 1.12%, 26, 0, 5, 550.57, 1891371, 737
3914, 7, 6, 286, 216, 0, 1.12%, 26, 0, 5, 535.31, 1894092, 737
3919, 7, 191, 286, 216, 0, 1.12%, 26, 0, 5, 533.38, 1896768, 737
3924, 7, 205, 286, 216, 0, 1.12%, 26, 0, 5, 548.84, 1899552, 737
3929, 7, 262, 286, 216, 0, 1.12%, 26, 0, 5, 510.30, 1902152, 737
3934, 7, 265, 286, 215, 0, 1.12%, 26, 0, 5, 495.46, 1904528, 737
3939, 7, 265, 286, 215, 0, 1.12%, 26, 0, 5, 505.69, 1907117, 737
3944, 7, 191, 286, 215, 0, 1.12%, 26, 0, 5, 534.44, 1909841, 737
3949, 7, 135, 286, 215, 0, 1.12%, 26, 0, 5, 510.10, 1912427, 737
3954, 7, 6, 286, 215, 0, 1.12%, 26, 0, 5, 498.34, 1915029, 737
3959, 7, 265, 286, 215, 0, 1.12%, 26, 0, 5, 505.36, 1917583, 737
3964, 7, 265, 286, 215, 0, 1.12%, 26, 0, 5, 491.59, 1920044, 737
3970, 7, 265, 286, 215, 0, 1.12%, 26, 0, 5, 489.61, 1922525, 737
3975, 7, 265, 286, 215, 0, 1.12%, 26, 0, 5, 493.31, 1925030, 737
3980, 7, 135, 286, 215, 0, 1.12%, 26, 0, 5, 491.96, 1927601, 737
3985, 7, 265, 286, 215, 0, 1.12%, 26, 0, 5, 472.74, 1929960, 737
3990, 7, 265, 286, 215, 0, 1.12%, 26, 0, 5, 481.78, 1932473, 737
3995, 7, 135, 286, 215, 0, 1.12%, 26, 0, 5, 509.16, 1935039, 737
4000, 7, 265, 286, 215, 0, 1.12%, 26, 0, 5, 516.97, 1937733, 737
4005, 7, 183, 286, 215, 0, 1.12%, 26, 0, 5, 497.05, 1940204, 737
4010, 7, 265, 286, 215, 0, 1.12%, 26, 0, 5, 497.88, 1942716, 737
4015, 7, 232, 286, 215, 0, 1.12%, 26, 0, 5, 495.91, 1945173, 737
4020, 7, 265, 286, 215, 0, 1.12%, 26, 0, 5, 512.16, 1947779, 737
4026, 7, 265, 286, 215, 0, 1.12%, 26, 0, 5, 493.57, 1950329, 737
4031, 7, 265, 286, 215, 0, 1.12%, 26, 0, 5, 493.84, 1952855, 737
4036, 7, 265, 286, 215, 0, 1.12%, 26, 0, 5, 492.35, 1955342, 737
4041, 7, 205, 286, 215, 0, 1.12%, 26, 0, 5, 502.74, 1957897, 737
4046, 7, 191, 286, 215, 0, 1.12%, 26, 0, 5, 503.27, 1960467, 737
4051, 7, 223, 286, 215, 0, 1.12%, 26, 0, 5, 499.00, 1963047, 737
4056, 7, 265, 286, 214, 0, 1.12%, 26, 0, 5, 515.03, 1965738, 737
4061, 7, 265, 286, 214, 0, 1.12%, 26, 0, 5, 518.26, 1968438, 737
4066, 7, 265, 286, 214, 0, 1.12%, 26, 0, 5, 502.18, 1970994, 737
4071, 7, 265, 286, 214, 0, 1.12%, 26, 0, 5, 496.42, 1973479, 737
4077, 7, 191, 286, 214, 0, 1.12%, 26, 0, 5, 499.05, 1976047, 737
4082, 7, 271, 286, 214, 0, 1.12%, 26, 0, 5, 430.27, 1978250, 737
4087, 7, 181, 287, 214, 0, 1.12%, 26, 0, 6, 456.99, 1980551, 737
4092, 7, 131, 287, 214, 0, 1.12%, 26, 0, 6, 486.14, 1983042, 737
4097, 7, 6, 287, 214, 0, 1.12%, 26, 0, 6, 500.35, 1985673, 737
4102, 7, 62, 287, 214, 0, 1.12%, 26, 0, 6, 486.81, 1988116, 737
4107, 7, 135, 287, 214, 0, 1.12%, 26, 0, 6, 503.70, 1990633, 737
4112, 7, 191, 287, 214, 0, 1.12%, 26, 0, 6, 487.32, 1993096, 737
4117, 7, 6, 287, 214, 0, 1.12%, 26, 0, 6, 491.58, 1995556, 737
4122, 7, 265, 287, 214, 0, 1.12%, 26, 0, 6, 490.28, 1998009, 737
4127, 7, 131, 287, 214, 0, 1.12%, 26, 0, 6, 498.59, 2000508, 737
4132, 7, 265, 287, 214, 0, 1.12%, 26, 0, 6, 506.57, 2003067, 737
4138, 7, 191, 287, 214, 0, 1.12%, 26, 0, 6, 508.34, 2005675, 737
4143, 7, 265, 287, 214, 0, 1.12%, 26, 0, 6, 508.20, 2008327, 737
4148, 7, 265, 287, 214, 0, 1.12%, 26, 0, 6, 509.22, 2010887, 737
4153, 7, 265, 287, 214, 0, 1.12%, 26, 0, 6, 511.60, 2013435, 737
4158, 7, 75, 287, 214, 0, 1.12%, 26, 0, 6, 512.02, 2016013, 737
4163, 7, 265, 287, 213, 0, 1.12%, 26, 0, 6, 496.93, 2018528, 737
4168, 7, 265, 287, 213, 0, 1.12%, 26, 0, 6, 484.16, 2021000, 737
4173, 7, 191, 287, 213, 0, 1.12%, 26, 0, 6, 499.22, 2023514, 737
4178, 7, 265, 287, 213, 0, 1.12%, 26, 0, 6, 476.12, 2025930, 737
4183, 7, 265, 287, 213, 0, 1.12%, 26, 0, 6, 457.97, 2028309, 737
4188, 7, 265, 287, 213, 0, 1.12%, 26, 0, 6, 491.16, 2030799, 737
4193, 8, 43, 287, 213, 0, 1.12%, 26, 0, 6, 492.27, 2033318, 737
4198, 8, 191, 287, 212, 0, 1.12%, 26, 0, 6, 514.08, 2035921, 737
4204, 8, 2, 287, 212, 0, 1.12%, 26, 0, 6, 520.95, 2038621, 737
4209, 8, 265, 287, 212, 0, 1.12%, 26, 0, 6, 514.84, 2041207, 737
4214, 8, 265, 287, 212, 0, 1.12%, 26, 0, 6, 501.50, 2043803, 737
4219, 8, 221, 287, 212, 0, 1.12%, 26, 0, 6, 533.09, 2046507, 737
4224, 8, 221, 287, 212, 0, 1.12%, 26, 0, 6, 510.18, 2049065, 737
4229, 8, 265, 287, 212, 0, 1.12%, 26, 0, 6, 510.62, 2051735, 737
4234, 8, 265, 287, 212, 0, 1.12%, 26, 0, 6, 493.76, 2054269, 737
4239, 8, 191, 287, 212, 0, 1.12%, 26, 0, 6, 514.51, 2056857, 737
4244, 8, 265, 287, 212, 0, 1.12%, 26, 0, 6, 489.04, 2059280, 737
4249, 8, 265, 287, 212, 0, 1.12%, 26, 0, 6, 503.71, 2061823, 737
4254, 8, 265, 287, 212, 0, 1.12%, 26, 0, 6, 503.44, 2064371, 737
4259, 8, 6, 287, 212, 0, 1.12%, 26, 0, 6, 509.80, 2066909, 737
4265, 8, 265, 287, 212, 0, 1.12%, 26, 0, 6, 502.33, 2069447, 737
4270, 8, 265, 287, 212, 0, 1.12%, 26, 0, 6, 503.69, 2071945, 737
4275, 8, 135, 287, 212, 0, 1.12%, 26, 0, 6, 522.45, 2074589, 737
4280, 8, 265, 287, 212, 0, 1.12%, 26, 0, 6, 522.76, 2077205, 737
4285, 8, 265, 287, 212, 0, 1.12%, 26, 0, 6, 529.87, 2079875, 737
4290, 8, 265, 287, 212, 0, 1.12%, 26, 0, 6, 529.43, 2082533, 737
4295, 8, 265, 287, 212, 0, 1.12%, 26, 0, 6, 514.70, 2085111, 737
4300, 8, 62, 287, 212, 0, 1.12%, 26, 0, 6, 494.03, 2087648, 737
4305, 8, 265, 287, 212, 0, 1.12%, 26, 0, 6, 430.95, 2089787, 737
4310, 8, 265, 287, 212, 0, 1.12%, 26, 0, 6, 415.77, 2091933, 737
4315, 8, 135, 287, 212, 0, 1.12%, 26, 0, 6, 435.28, 2094095, 737
4320, 8, 32, 287, 212, 0, 1.12%, 26, 0, 6, 471.48, 2096483, 737
4325, 8, 265, 287, 212, 0, 1.12%, 26, 0, 6, 465.88, 2098824, 737
4330, 8, 265, 287, 212, 0, 1.12%, 26, 0, 6, 453.59, 2101116, 737
4335, 8, 265, 287, 212, 0, 1.12%, 26, 0, 6, 449.83, 2103426, 737
4340, 8, 181, 287, 212, 0, 1.12%, 26, 0, 6, 496.46, 2105982, 737
4345, 8, 265, 287, 212, 0, 1.12%, 26, 0, 6, 502.40, 2108627, 737
4350, 8, 265, 287, 212, 0, 1.12%, 26, 0, 6, 510.01, 2111195, 737
4356, 8, 265, 287, 212, 0, 1.12%, 26, 0, 6, 489.13, 2113698, 737
4361, 8, 265, 287, 212, 0, 1.12%, 26, 0, 6, 512.16, 2116251, 737
4366, 8, 265, 287, 212, 0, 1.12%, 26, 0, 6, 496.44, 2118803, 737
4371, 8, 131, 287, 212, 0, 1.12%, 26, 0, 6, 506.95, 2121455, 737
4376, 8, 135, 287, 212, 0, 1.12%, 26, 0, 6, 510.44, 2124053, 737
4381, 8, 135, 288, 213, 0, 1.12%, 26, 0, 6, 523.00, 2126761, 737
4387, 8, 265, 288, 213, 0, 1.12%, 26, 0, 6, 520.92, 2129475, 737
4392, 8, 265, 288, 213, 0, 1.12%, 26, 0, 6, 528.15, 2132155, 737
4397, 8, 265, 288, 213, 0, 1.12%, 26, 0, 6, 518.13, 2134753, 737
4402, 8, 265, 288, 213, 0, 1.12%, 26, 0, 6, 511.61, 2137301, 737
4407, 8, 265, 288, 213, 0, 1.12%, 26, 0, 6, 515.09, 2139861, 737
4412, 8, 6, 288, 213, 0, 1.12%, 26, 0, 6, 512.38, 2142379, 737
4417, 8, 181, 288, 213, 0, 1.12%, 26, 0, 6, 520.48, 2144955, 737
4422, 8, 265, 288, 213, 0, 1.12%, 26, 0, 6, 526.83, 2147767, 737
4427, 8, 265, 288, 213, 0, 1.12%, 26, 0, 6, 504.06, 2150337, 737
4432, 8, 265, 288, 213, 0, 1.12%, 26, 0, 6, 492.36, 2152901, 737
4437, 8, 265, 288, 213, 0, 1.12%, 26, 0, 6, 503.08, 2155425, 737
4442, 8, 181, 288, 213, 0, 1.12%, 26, 0, 6, 531.27, 2158147, 737
4447, 8, 265, 288, 213, 0, 1.12%, 26, 0, 6, 499.19, 2160560, 737
4452, 8, 265, 288, 213, 0, 1.12%, 26, 0, 6, 526.30, 2163233, 737
4457, 8, 265, 288, 213, 0, 1.12%, 26, 0, 6, 516.23, 2165811, 737
4462, 8, 265, 288, 213, 0, 1.12%, 26, 0, 6, 514.19, 2168401, 737
4467, 8, 265, 288, 213, 0, 1.12%, 26, 0, 6, 507.83, 2170959, 737
4472, 8, 265, 288, 213, 0, 1.12%, 26, 0, 6, 510.92, 2173529, 737
4477, 8, 232, 288, 213, 0, 1.12%, 26, 0, 6, 492.80, 2176002, 737
4483, 8, 234, 288, 213, 0, 1.12%, 26, 0, 6, 442.99, 2178235, 737
4488, 8, 265, 288, 212, 0, 1.12%, 26, 0, 6, 483.74, 2180715, 737
4493, 8, 6, 288, 212, 0, 1.12%, 26, 0, 6, 487.92, 2183172, 737
4498, 8, 265, 288, 212, 0, 1.12%, 26, 0, 6, 489.43, 2185619, 737
4503, 8, 265, 288, 212, 0, 1.12%, 26, 0, 6, 483.54, 2188055, 737
4508, 8, 265, 288, 212, 0, 1.12%, 26, 0, 6, 475.97, 2190527, 737
4513, 8, 265, 288, 212, 0, 1.12%, 26, 0, 6, 489.66, 2192972, 737
4518, 8, 265, 288, 212, 0, 1.12%, 26, 0, 6, 505.47, 2195519, 737
4523, 8, 265, 288, 212, 0, 1.12%, 26, 0, 6, 511.45, 2198197, 737
4528, 8, 265, 288, 212, 0, 1.12%, 26, 0, 6, 515.00, 2200805, 737
4533, 8, 135, 288, 212, 0, 1.12%, 26, 0, 6, 520.84, 2203429, 737
4538, 8, 232, 288, 212, 0, 1.12%, 26, 0, 6, 523.68, 2206153, 737
4543, 8, 265, 288, 212, 0, 1.12%, 26, 0, 6, 519.82, 2208761, 737
4548, 8, 265, 288, 212, 0, 1.12%, 26, 0, 6, 522.19, 2211381, 737
4554, 8, 265, 288, 212, 0, 1.12%, 26, 0, 6, 514.19, 2213999, 737
4559, 8, 265, 288, 212, 0, 1.12%, 26, 0, 6, 518.43, 2216609, 737
4564, 8, 150, 288, 212, 0, 1.12%, 26, 0, 6, 472.43, 2219005, 737
4569, 8, 265, 288, 211, 0, 1.12%, 26, 0, 6, 499.01, 2221527, 737
4574, 8, 131, 288, 211, 0, 1.12%, 26, 0, 6, 507.35, 2224087, 737
4579, 8, 265, 288, 211, 0, 1.12%, 26, 0, 6, 504.20, 2226605, 737
4584, 8, 265, 288, 211, 0, 1.12%, 26, 0, 6, 495.72, 2229059, 737
4589, 8, 265, 288, 211, 0, 1.12%, 26, 0, 6, 497.46, 2231573, 737
4594, 8, 217, 288, 211, 0, 1.12%, 26, 0, 6, 512.24, 2234155, 737
4599, 8, 265, 288, 211, 0, 1.12%, 26, 0, 6, 518.08, 2236783, 737
4604, 8, 265, 288, 210, 0, 1.12%, 26, 0, 6, 504.21, 2239321, 737
4609, 9, 265, 288, 210, 0, 1.12%, 26, 0, 6, 497.22, 2241841, 737
4614, 9, 265, 288, 210, 0, 1.12%, 26, 0, 6, 504.22, 2244399, 737
4619, 9, 265, 288, 210, 0, 1.12%, 26, 0, 6, 516.90, 2246999, 737
4624, 9, 5, 288, 210, 0, 1.12%, 26, 0, 6, 488.71, 2249467, 737
4629, 9, 265, 288, 210, 0, 1.12%, 26, 0, 6, 505.89, 2251997, 737
4634, 9, 265, 288, 210, 0, 1.12%, 26, 0, 6, 509.26, 2254577, 737
4639, 9, 135, 288, 210, 0, 1.12%, 26, 0, 6, 495.25, 2257043, 737
4644, 9, 265, 288, 210, 0, 1.12%, 26, 0, 6, 470.98, 2259363, 737
4649, 9, 135, 288, 210, 0, 1.12%, 26, 0, 6, 488.89, 2261898, 737
4654, 9, 135, 288, 210, 0, 1.12%, 26, 0, 6, 498.90, 2264413, 737
4659, 9, 265, 288, 210, 0, 1.12%, 26, 0, 6, 503.80, 2266985, 737
4665, 9, 113, 288, 210, 0, 1.12%, 26, 0, 6, 429.89, 2269132, 737
4670, 9, 265, 288, 209, 0, 1.12%, 26, 0, 6, 480.08, 2271698, 737
4675, 9, 265, 288, 209, 0, 1.12%, 26, 0, 6, 482.40, 2274187, 737
4680, 9, 191, 288, 209, 0, 1.12%, 26, 0, 6, 504.93, 2276750, 737
4685, 9, 191, 289, 210, 0, 1.12%, 26, 0, 6, 501.21, 2279308, 737
4690, 9, 265, 289, 210, 0, 1.12%, 26, 0, 6, 520.42, 2281990, 737
4695, 9, 265, 289, 210, 0, 1.12%, 26, 0, 6, 512.92, 2284558, 737
4700, 9, 111, 289, 210, 0, 1.12%, 26, 0, 6, 513.83, 2287146, 737
4705, 9, 265, 289, 210, 0, 1.12%, 26, 0, 6, 476.12, 2289502, 737
4710, 9, 191, 289, 210, 0, 1.12%, 26, 0, 6, 506.86, 2292048, 737
4715, 9, 265, 289, 210, 0, 1.12%, 26, 0, 6, 511.94, 2294656, 737
4720, 9, 265, 289, 210, 0, 1.12%, 26, 0, 6, 505.24, 2297202, 737
4725, 9, 135, 289, 210, 0, 1.12%, 26, 0, 6, 510.31, 2299772, 737
4731, 9, 265, 289, 210, 0, 1.12%, 26, 0, 6, 526.42, 2302562, 737
4736, 9, 265, 289, 209, 0, 1.12%, 26, 0, 6, 521.29, 2305248, 737
4741, 9, 6, 289, 209, 0, 1.12%, 26, 0, 6, 520.26, 2307856, 737
4746, 9, 232, 290, 210, 0, 1.12%, 26, 0, 6, 500.18, 2310436, 737
4751, 9, 265, 290, 210, 0, 1.12%, 26, 0, 6, 502.81, 2313046, 737
4756, 9, 265, 290, 210, 0, 1.12%, 26, 0, 6, 508.98, 2315696, 737
4761, 9, 265, 290, 210, 0, 1.12%, 26, 0, 6, 511.05, 2318284, 737
4766, 9, 6, 290, 210, 0, 1.12%, 26, 0, 6, 488.96, 2320740, 737
4771, 9, 265, 290, 210, 0, 1.12%, 26, 0, 6, 473.82, 2323076, 737
4776, 9, 131, 290, 210, 0, 1.12%, 26, 0, 6, 495.71, 2325554, 737
4782, 9, 232, 290, 210, 0, 1.12%, 26, 0, 6, 497.81, 2328151, 737
4787, 9, 173, 291, 211, 0, 1.12%, 26, 0, 6, 486.50, 2330564, 737
4792, 9, 265, 291, 211, 0, 1.12%, 26, 0, 6, 483.18, 2332992, 737
4797, 9, 131, 291, 211, 0, 1.12%, 26, 0, 6, 485.15, 2335422, 737
4802, 9, 265, 291, 211, 0, 1.12%, 26, 0, 6, 477.98, 2337823, 737
4807, 9, 265, 291, 211, 0, 1.12%, 26, 0, 6, 474.05, 2340205, 737
4812, 9, 265, 291, 211, 0, 1.12%, 26, 0, 6, 476.31, 2342632, 737
4817, 9, 181, 291, 211, 0, 1.12%, 26, 0, 6, 499.64, 2345155, 737
4822, 9, 265, 291, 211, 0, 1.12%, 26, 0, 6, 493.52, 2347679, 737
4827, 9, 221, 291, 211, 0, 1.12%, 26, 0, 6, 481.39, 2350100, 737
4832, 9, 265, 291, 211, 0, 1.12%, 26, 0, 6, 485.90, 2352561, 737
4837, 9, 265, 291, 211, 0, 1.12%, 26, 0, 6, 468.68, 2354898, 737
4842, 9, 191, 291, 211, 0, 1.12%, 26, 0, 6, 487.29, 2357337, 737
4847, 9, 265, 291, 211, 0, 1.12%, 26, 0, 6, 462.74, 2359720, 737
4852, 9, 265, 291, 211, 0, 1.12%, 26, 0, 6, 397.04, 2361718, 737
4857, 9, 265, 291, 211, 0, 1.12%, 26, 0, 6, 400.37, 2363610, 737
4862, 9, 265, 291, 211, 0, 1.12%, 26, 0, 6, 427.82, 2365902, 737
4867, 9, 265, 291, 211, 0, 1.12%, 26, 0, 6, 420.24, 2368000, 737
4872, 9, 265, 291, 211, 0, 1.12%, 26, 0, 6, 408.59, 2370074, 737
4877, 9, 265, 291, 211, 0, 1.12%, 26, 0, 6, 424.19, 2372178, 737
4882, 9, 265, 291, 210, 0, 1.12%, 26, 0, 6, 459.87, 2374475, 737
