# relative_time, cycles_done, cur_item, corpus_count, pending_total, pending_favs, map_size, saved_crashes, saved_hangs, max_depth, execs_per_sec, total_execs, edges_found
60, 0, 1, 32, 27, 11, 2.26%, 0, 0, 3, 204.53, 13217, 1482
66, 0, 1, 32, 27, 11, 2.26%, 0, 0, 3, 199.58, 14222, 1482
71, 0, 1, 32, 27, 11, 2.26%, 0, 0, 3, 207.85, 15281, 1482
76, 0, 1, 32, 27, 11, 2.26%, 0, 0, 3, 213.39, 16369, 1482
81, 0, 1, 32, 27, 11, 2.26%, 0, 0, 3, 216.87, 17477, 1482
86, 0, 1, 32, 27, 11, 2.26%, 0, 0, 3, 214.73, 18549, 1482
91, 0, 1, 32, 27, 11, 2.26%, 0, 0, 3, 211.18, 19609, 1482
96, 0, 1, 32, 27, 11, 2.26%, 0, 0, 3, 205.88, 20637, 1482
101, 0, 1, 32, 27, 11, 2.26%, 0, 0, 3, 190.12, 21575, 1482
106, 0, 1, 32, 27, 11, 2.26%, 0, 0, 3, 164.20, 22349, 1482
111, 0, 1, 33, 28, 11, 2.27%, 0, 0, 3, 161.34, 23164, 1490
116, 0, 1, 33, 28, 11, 2.27%, 0, 0, 3, 162.80, 24007, 1490
121, 0, 1, 33, 28, 11, 2.27%, 0, 0, 3, 167.71, 24847, 1490
126, 0, 1, 33, 28, 11, 2.27%, 0, 0, 3, 152.12, 25627, 1490
131, 0, 1, 33, 28, 11, 2.27%, 0, 0, 3, 147.85, 26365, 1490
137, 0, 1, 33, 28, 11, 2.27%, 0, 0, 3, 161.35, 27220, 1490
142, 0, 1, 33, 28, 11, 2.27%, 0, 0, 3, 163.91, 28048, 1490
147, 0, 1, 33, 28, 11, 2.27%, 0, 0, 3, 163.01, 28882, 1490
152, 0, 1, 33, 28, 11, 2.27%, 0, 0, 3, 159.17, 29701, 1490
157, 0, 1, 34, 29, 11, 2.27%, 0, 0, 3, 165.57, 30540, 1490
162, 0, 27, 34, 28, 15, 2.27%, 0, 0, 3, 171.52, 31443, 1490
167, 0, 24, 34, 27, 14, 2.27%, 0, 0, 3, 181.71, 32387, 1490
172, 0, 3, 35, 26, 12, 2.27%, 0, 0, 3, 46.14, 32992, 1490
178, 0, 3, 36, 27, 12, 2.30%, 0, 0, 3, 84.58, 33444, 1508
183, 0, 35, 36, 26, 12, 2.30%, 0, 1, 3, 11.12, 34046, 1508
188, 0, 35, 36, 26, 12, 2.30%, 0, 1, 3, 128.65, 34439, 1508
193, 0, 19, 37, 26, 11, 2.30%, 0, 1, 3, 159.70, 35255, 1508
199, 0, 28, 37, 24, 9, 2.30%, 0, 1, 3, 165.80, 36097, 1508
204, 0, 28, 37, 24, 9, 2.30%, 0, 1, 3, 180.20, 36976, 1508
209, 0, 14, 38, 24, 8, 2.30%, 0, 1, 3, 172.69, 37809, 1508
214, 0, 11, 38, 23, 7, 2.30%, 0, 1, 3, 167.12, 38645, 1508
219, 0, 25, 38, 22, 6, 2.30%, 0, 1, 3, 173.75, 39530, 1508
224, 0, 23, 38, 20, 4, 2.30%, 0, 1, 3, 174.17, 40414, 1508
229, 0, 32, 38, 19, 3, 2.30%, 0, 1, 3, 167.35, 41263, 1508
234, 0, 30, 38, 18, 2, 2.30%, 0, 1, 3, 166.76, 42077, 1508
239, 0, 5, 38, 17, 1, 2.30%, 0, 1, 3, 150.28, 42864, 1508
244, 0, 5, 38, 17, 1, 2.30%, 0, 1, 3, 106.75, 43333, 1508
249, 0, 32, 38, 16, 0, 2.30%, 0, 1, 3, 148.64, 44127, 1508
254, 0, 32, 39, 17, 0, 2.31%, 0, 1, 3, 160.11, 44955, 1513
259, 0, 32, 39, 17, 0, 2.31%, 0, 1, 3, 151.34, 45732, 1513
265, 0, 32, 39, 17, 0, 2.31%, 0, 1, 3, 176.12, 46634, 1513
270, 0, 32, 39, 17, 0, 2.31%, 0, 1, 3, 166.50, 47465, 1513
275, 0, 38, 39, 17, 1, 2.31%, 0, 1, 3, 150.75, 48214, 1513
280, 0, 17, 39, 16, 0, 2.31%, 0, 1, 3, 151.49, 48992, 1513
285, 0, 17, 39, 16, 0, 2.31%, 0, 1, 3, 153.19, 49770, 1513
290, 0, 17, 39, 16, 0, 2.31%, 0, 1, 3, 173.50, 50655, 1513
295, 0, 17, 39, 16, 0, 2.31%, 0, 1, 3, 160.74, 51490, 1513
300, 0, 23, 39, 16, 0, 2.31%, 0, 1, 3, 173.07, 52403, 1513
305, 0, 23, 39, 16, 0, 2.31%, 0, 1, 3, 167.44, 53242, 1513
310, 0, 5, 40, 17, 0, 2.31%, 0, 1, 3, 131.46, 53894, 1513
315, 0, 5, 40, 17, 0, 2.31%, 0, 1, 3, 116.86, 54454, 1513
320, 0, 5, 41, 18, 0, 2.31%, 0, 1, 3, 114.38, 55032, 1516
326, 0, 5, 41, 18, 0, 2.31%, 0, 1, 3, 107.71, 55584, 1516
331, 0, 5, 41, 18, 0, 2.31%, 0, 1, 3, 113.34, 56160, 1516
336, 0, 5, 41, 18, 0, 2.31%, 0, 1, 3, 113.73, 56734, 1516
341, 0, 5, 41, 18, 0, 2.31%, 0, 1, 3, 149.94, 57478, 1516
346, 0, 5, 41, 18, 0, 2.31%, 0, 1, 3, 162.59, 58355, 1516
351, 0, 40, 41, 18, 1, 2.31%, 0, 1, 3, 152.42, 59207, 1516
356, 0, 40, 41, 18, 1, 2.31%, 0, 1, 3, 104.75, 59678, 1516
361, 0, 8, 41, 17, 0, 2.31%, 0, 1, 3, 154.56, 60507, 1516
366, 0, 31, 41, 17, 0, 2.31%, 0, 1, 3, 171.71, 61371, 1516
372, 0, 31, 41, 17, 0, 2.31%, 0, 1, 3, 185.86, 62359, 1516
377, 0, 31, 41, 17, 0, 2.31%, 0, 1, 3, 176.04, 63223, 1516
382, 0, 31, 41, 17, 0, 2.31%, 0, 1, 3, 147.64, 63946, 1516
387, 0, 35, 41, 17, 0, 2.31%, 0, 1, 3, 132.86, 64631, 1516
392, 0, 35, 41, 17, 0, 2.31%, 0, 1, 3, 107.87, 65147, 1516
397, 0, 35, 41, 17, 0, 2.31%, 0, 1, 3, 114.29, 65769, 1516
402, 0, 35, 41, 17, 0, 2.31%, 0, 1, 3, 152.57, 66572, 1516
407, 0, 35, 41, 17, 0, 2.31%, 0, 1, 3, 137.36, 67309, 1516
412, 0, 35, 41, 17, 0, 2.31%, 0, 1, 3, 151.89, 68099, 1516
417, 0, 23, 41, 17, 0, 2.31%, 0, 1, 3, 157.18, 68923, 1516
423, 0, 23, 41, 17, 0, 2.31%, 0, 1, 3, 167.62, 69827, 1516
428, 0, 23, 41, 17, 0, 2.31%, 0, 1, 3, 165.74, 70659, 1516
433, 0, 8, 41, 17, 0, 2.31%, 0, 1, 3, 168.30, 71544, 1516
438, 0, 23, 41, 17, 0, 2.31%, 0, 1, 3, 183.89, 72475, 1516
443, 0, 23, 41, 17, 0, 2.31%, 0, 1, 3, 207.27, 73560, 1516
448, 0, 38, 41, 17, 0, 2.31%, 0, 1, 3, 213.59, 74660, 1516
453, 0, 38, 41, 17, 0, 2.31%, 0, 1, 3, 224.65, 75799, 1516
458, 0, 18, 41, 17, 0, 2.31%, 0, 1, 3, 214.61, 76905, 1516
463, 0, 18, 41, 17, 0, 2.31%, 0, 1, 3, 208.74, 77970, 1516
469, 0, 28, 41, 17, 0, 2.31%, 0, 1, 3, 188.96, 78932, 1516
474, 0, 28, 41, 17, 0, 2.31%, 0, 1, 3, 198.53, 79949, 1516
479, 0, 28, 41, 17, 0, 2.31%, 0, 1, 3, 221.34, 81064, 1516
484, 0, 28, 41, 17, 0, 2.31%, 0, 1, 3, 208.83, 82136, 1516
489, 0, 28, 41, 17, 0, 2.31%, 0, 1, 3, 229.63, 83364, 1516
494, 0, 28, 41, 17, 0, 2.31%, 0, 1, 3, 206.58, 84376, 1516
499, 0, 28, 41, 17, 0, 2.31%, 0, 1, 3, 221.94, 85482, 1516
504, 0, 28, 41, 17, 0, 2.31%, 0, 1, 3, 224.94, 86626, 1516
509, 0, 28, 41, 17, 0, 2.31%, 0, 1, 3, 208.68, 87658, 1516
514, 0, 35, 41, 17, 0, 2.31%, 0, 1, 3, 191.61, 88698, 1516
519, 0, 35, 41, 17, 0, 2.31%, 0, 1, 3, 150.62, 89436, 1516
524, 0, 35, 41, 17, 0, 2.31%, 0, 1, 3, 188.91, 90384, 1516
530, 0, 35, 41, 17, 0, 2.31%, 0, 1, 3, 188.76, 91210, 1516
535, 0, 35, 41, 17, 0, 2.31%, 0, 3, 3, 5.04, 91661, 1516
540, 0, 35, 41, 17, 0, 2.31%, 0, 6, 3, 20.04, 91786, 1516
545, 0, 35, 41, 17, 0, 2.31%, 0, 6, 3, 200.33, 92080, 1516
551, 0, 23, 41, 17, 0, 2.31%, 0, 6, 3, 208.39, 93078, 1516
556, 0, 23, 41, 17, 0, 2.31%, 0, 6, 3, 212.26, 94153, 1516
561, 0, 23, 41, 17, 0, 2.31%, 0, 6, 3, 205.82, 95201, 1516
566, 1, 27, 41, 17, 0, 2.31%, 0, 6, 3, 207.68, 96253, 1516
571, 1, 27, 41, 17, 0, 2.31%, 0, 6, 3, 208.23, 97302, 1516
576, 1, 24, 41, 17, 0, 2.31%, 0, 6, 3, 216.10, 98423, 1516
581, 1, 35, 41, 17, 0, 2.31%, 0, 6, 3, 159.29, 99179, 1516
586, 1, 35, 42, 18, 0, 2.56%, 0, 6, 3, 158.49, 99982, 1679
591, 1, 35, 43, 19, 0, 2.57%, 0, 6, 3, 199.75, 101004, 1685
596, 1, 35, 44, 20, 0, 2.58%, 0, 6, 3, 206.06, 102025, 1693
601, 1, 42, 44, 20, 3, 2.58%, 0, 6, 3, 7.45, 102945, 1693
607, 1, 42, 44, 20, 3, 2.58%, 0, 7, 3, 8.03, 103078, 1693
612, 1, 42, 45, 21, 3, 2.59%, 0, 9, 4, 21.67, 103268, 1699
617, 1, 42, 47, 23, 3, 2.64%, 0, 9, 4, 133.00, 103556, 1733
623, 1, 42, 49, 25, 3, 2.66%, 0, 9, 4, 25.40, 103768, 1744
628, 1, 42, 49, 25, 3, 2.66%, 0, 9, 4, 8.41, 103903, 1744
634, 1, 42, 50, 26, 3, 2.67%, 0, 9, 4, 11.17, 104069, 1750
639, 1, 42, 50, 26, 3, 2.67%, 0, 9, 4, 153.28, 104400, 1750
644, 1, 42, 50, 26, 3, 2.67%, 0, 9, 4, 5.80, 104615, 1750
649, 1, 42, 51, 27, 3, 2.69%, 0, 9, 4, 15.78, 104931, 1765
655, 1, 42, 52, 28, 3, 2.70%, 0, 10, 4, 19.98, 105131, 1769
660, 1, 42, 52, 28, 3, 2.70%, 0, 10, 4, 11.04, 105405, 1769
666, 1, 42, 52, 28, 3, 2.70%, 0, 10, 4, 25.73, 105604, 1769
671, 1, 42, 52, 28, 3, 2.70%, 0, 10, 4, 16.80, 105715, 1769
676, 1, 42, 52, 28, 3, 2.70%, 0, 10, 4, 163.18, 106015, 1769
682, 1, 42, 53, 29, 3, 2.70%, 0, 10, 4, 146.11, 106369, 1770
687, 1, 42, 55, 31, 3, 2.71%, 0, 11, 4, 18.07, 106775, 1779
693, 1, 42, 55, 31, 3, 2.71%, 0, 11, 4, 18.98, 107056, 1779
698, 1, 42, 55, 31, 3, 2.71%, 0, 13, 4, 9.55, 107263, 1779
704, 1, 42, 55, 31, 3, 2.71%, 0, 13, 4, 173.24, 107422, 1779
709, 1, 42, 55, 31, 3, 2.71%, 0, 14, 4, 4.82, 107764, 1779
715, 1, 42, 55, 31, 3, 2.71%, 0, 14, 4, 5.79, 108035, 1779
720, 1, 42, 55, 31, 3, 2.71%, 0, 14, 4, 131.07, 108358, 1779
725, 1, 42, 56, 32, 3, 2.72%, 0, 14, 4, 120.47, 108735, 1785
730, 1, 42, 56, 32, 3, 2.72%, 0, 14, 4, 154.77, 109047, 1785
736, 1, 42, 56, 32, 3, 2.72%, 0, 14, 4, 2.89, 109284, 1785
741, 1, 42, 56, 32, 3, 2.72%, 0, 16, 4, 141.82, 109605, 1785
747, 1, 42, 56, 32, 3, 2.72%, 0, 17, 4, 2.94, 109875, 1785
753, 1, 42, 56, 32, 3, 2.72%, 0, 17, 4, 18.36, 110212, 1785
759, 1, 42, 56, 32, 3, 2.72%, 0, 17, 4, 13.11, 110493, 1785
764, 1, 42, 56, 32, 3, 2.72%, 0, 17, 4, 3.92, 110817, 1785
769, 1, 42, 56, 32, 3, 2.72%, 0, 17, 4, 121.90, 110995, 1785
775, 1, 42, 56, 32, 3, 2.72%, 0, 17, 4, 19.45, 111435, 1785
781, 1, 42, 57, 33, 3, 2.73%, 0, 17, 4, 17.12, 111659, 1791
786, 1, 42, 57, 33, 3, 2.73%, 0, 18, 4, 17.47, 111863, 1791
791, 1, 42, 57, 33, 3, 2.73%, 0, 18, 4, 4.85, 112049, 1791
797, 1, 42, 57, 33, 3, 2.73%, 0, 18, 4, 25.17, 112220, 1791
802, 1, 42, 58, 34, 3, 2.75%, 0, 18, 4, 156.07, 112657, 1801
808, 1, 42, 58, 34, 3, 2.75%, 0, 18, 4, 19.43, 112961, 1801
813, 1, 42, 58, 34, 3, 2.75%, 0, 19, 4, 154.23, 113278, 1801
819, 1, 42, 58, 34, 3, 2.75%, 0, 19, 4, 15.04, 113560, 1801
824, 1, 42, 58, 34, 3, 2.75%, 0, 19, 4, 5.81, 113701, 1801
830, 1, 42, 59, 35, 3, 2.76%, 0, 19, 4, 2.93, 113895, 1807
835, 1, 42, 59, 35, 3, 2.76%, 0, 19, 4, 18.76, 114099, 1807
841, 1, 42, 59, 35, 3, 2.76%, 0, 19, 4, 13.38, 114354, 1807
846, 1, 42, 59, 35, 3, 2.76%, 0, 19, 4, 4.12, 114545, 1807
851, 1, 42, 59, 35, 3, 2.76%, 0, 19, 4, 27.22, 114705, 1807
857, 1, 42, 59, 35, 3, 2.76%, 0, 19, 4, 10.94, 114981, 1807
862, 1, 42, 59, 35, 3, 2.76%, 0, 19, 4, 158.42, 115149, 1807
867, 1, 42, 59, 35, 3, 2.76%, 0, 20, 4, 177.26, 115473, 1807
873, 1, 42, 59, 35, 3, 2.76%, 0, 20, 4, 16.38, 115645, 1807
878, 1, 42, 59, 35, 3, 2.76%, 0, 20, 4, 16.11, 115806, 1807
883, 1, 42, 59, 35, 3, 2.76%, 0, 20, 4, 20.32, 115973, 1807
889, 1, 42, 59, 35, 3, 2.76%, 0, 20, 4, 23.87, 116217, 1807
895, 1, 42, 59, 35, 3, 2.76%, 0, 20, 4, 13.26, 116359, 1807
900, 1, 42, 59, 35, 3, 2.76%, 0, 20, 4, 151.14, 116961, 1807
905, 1, 42, 59, 35, 3, 2.76%, 0, 20, 4, 2.95, 117171, 1807
911, 1, 42, 60, 36, 3, 2.76%, 0, 20, 4, 167.49, 117329, 1807
916, 1, 42, 60, 36, 3, 2.76%, 0, 20, 4, 3.56, 117427, 1807
922, 1, 42, 60, 36, 3, 2.76%, 0, 21, 4, 7.52, 117621, 1807
927, 1, 42, 60, 36, 3, 2.76%, 0, 21, 4, 160.55, 117945, 1807
933, 1, 42, 60, 36, 3, 2.76%, 0, 21, 4, 18.43, 118274, 1807
938, 1, 42, 60, 36, 3, 2.76%, 0, 22, 4, 144.84, 118569, 1807
943, 1, 42, 60, 36, 3, 2.76%, 0, 22, 4, 9.55, 118902, 1807
948, 1, 42, 60, 36, 3, 2.76%, 0, 22, 4, 22.65, 119109, 1807
954, 1, 42, 60, 36, 3, 2.76%, 0, 22, 4, 20.57, 119441, 1807
959, 1, 42, 60, 36, 3, 2.76%, 0, 22, 4, 169.37, 119738, 1807
964, 1, 42, 60, 36, 3, 2.76%, 0, 23, 4, 11.13, 120011, 1807
970, 1, 42, 61, 37, 3, 2.76%, 0, 23, 4, 12.12, 120303, 1808
976, 1, 42, 62, 38, 3, 2.76%, 0, 23, 4, 6.47, 120672, 1809
981, 1, 42, 62, 38, 3, 2.76%, 0, 23, 4, 13.60, 120870, 1809
986, 1, 42, 62, 38, 3, 2.76%, 0, 23, 4, 5.77, 121016, 1809
991, 1, 42, 62, 38, 3, 2.76%, 0, 24, 4, 139.13, 121337, 1809
997, 1, 42, 62, 38, 3, 2.76%, 0, 25, 4, 7.57, 121553, 1809
1002, 1, 42, 62, 38, 3, 2.76%, 0, 25, 4, 154.23, 121885, 1809
1007, 1, 42, 63, 39, 3, 2.76%, 0, 25, 4, 2.92, 122201, 1812
1012, 1, 42, 63, 39, 3, 2.76%, 0, 25, 4, 24.05, 122369, 1812
1017, 1, 42, 63, 39, 3, 2.76%, 0, 25, 4, 13.74, 122579, 1812
1023, 1, 42, 63, 39, 3, 2.76%, 0, 25, 4, 24.27, 122917, 1812
1028, 1, 42, 63, 39, 3, 2.76%, 0, 26, 4, 7.55, 123173, 1812
1033, 1, 42, 63, 39, 3, 2.76%, 0, 26, 4, 51.32, 123346, 1812
1038, 1, 42, 63, 39, 3, 2.76%, 0, 26, 4, 158.31, 123647, 1812
1045, 1, 42, 63, 39, 3, 2.76%, 0, 26, 4, 23.24, 124099, 1812
1050, 1, 42, 63, 39, 3, 2.76%, 0, 26, 4, 153.85, 124237, 1812
1055, 1, 42, 63, 39, 3, 2.76%, 0, 26, 4, 137.00, 124399, 1812
1061, 1, 42, 63, 39, 3, 2.76%, 0, 26, 4, 2.94, 124652, 1812
1066, 1, 42, 63, 39, 3, 2.76%, 0, 27, 4, 20.13, 125081, 1812
1072, 1, 42, 63, 39, 3, 2.76%, 0, 27, 4, 21.78, 125263, 1812
1077, 1, 42, 63, 39, 3, 2.76%, 0, 27, 4, 16.26, 125473, 1812
1083, 1, 42, 63, 39, 3, 2.76%, 0, 28, 4, 3.46, 125754, 1812
1088, 1, 42, 63, 39, 3, 2.76%, 0, 28, 4, 137.23, 125911, 1812
1093, 1, 42, 63, 39, 3, 2.76%, 0, 28, 4, 11.35, 126104, 1812
1099, 1, 42, 63, 39, 3, 2.76%, 0, 28, 4, 20.19, 126247, 1812
1104, 1, 42, 63, 39, 3, 2.76%, 0, 28, 4, 123.21, 126543, 1812
1110, 1, 42, 63, 39, 3, 2.76%, 0, 28, 4, 154.23, 126718, 1812
1115, 1, 42, 63, 39, 3, 2.76%, 0, 28, 4, 19.59, 126861, 1812
1120, 1, 42, 63, 39, 3, 2.76%, 0, 29, 4, 38.36, 127168, 1812
1125, 1, 42, 63, 39, 3, 2.76%, 0, 29, 4, 11.15, 127498, 1812
1130, 1, 42, 63, 39, 3, 2.76%, 0, 30, 4, 215.44, 128117, 1812
1136, 1, 57, 63, 38, 18, 2.76%, 0, 30, 4, 4.54, 128457, 1812
1141, 1, 57, 64, 39, 18, 2.77%, 0, 30, 5, 1.98, 128655, 1813
1147, 1, 57, 64, 39, 18, 2.77%, 0, 30, 5, 11.85, 128758, 1813
1152, 1, 57, 64, 39, 18, 2.77%, 0, 30, 5, 3.86, 128903, 1813
1157, 1, 57, 65, 40, 18, 2.77%, 0, 30, 5, 53.79, 129322, 1814
1162, 1, 57, 65, 40, 18, 2.77%, 0, 30, 5, 81.19, 129633, 1814
1167, 1, 57, 65, 40, 18, 2.77%, 0, 30, 5, 159.20, 129799, 1814
1172, 1, 57, 65, 40, 18, 2.77%, 0, 30, 5, 5.83, 129993, 1814
1179, 1, 57, 65, 40, 18, 2.77%, 0, 30, 5, 8.41, 130147, 1814
1184, 1, 57, 65, 40, 18, 2.77%, 0, 30, 5, 14.77, 130265, 1814
1190, 1, 57, 65, 40, 18, 2.77%, 0, 30, 5, 2.94, 130472, 1814
1195, 1, 57, 65, 40, 18, 2.77%, 0, 31, 5, 3.91, 130629, 1814
1200, 1, 57, 65, 40, 18, 2.77%, 0, 31, 5, 18.58, 130880, 1814
1206, 1, 57, 65, 40, 18, 2.77%, 0, 31, 5, 4.87, 131047, 1814
1212, 1, 57, 65, 40, 18, 2.77%, 0, 31, 5, 21.53, 131217, 1814
1218, 1, 57, 65, 40, 18, 2.77%, 0, 31, 5, 4.89, 131483, 1814
1223, 1, 57, 65, 40, 18, 2.77%, 0, 31, 5, 8.80, 131743, 1814
1229, 1, 57, 65, 40, 18, 2.77%, 0, 31, 5, 28.64, 131936, 1814
1234, 1, 57, 65, 40, 18, 2.77%, 0, 31, 5, 132.70, 132067, 1814
1240, 1, 57, 65, 40, 18, 2.77%, 0, 31, 5, 20.41, 132551, 1814
1245, 1, 57, 65, 40, 18, 2.77%, 0, 31, 5, 17.71, 132827, 1814
1251, 1, 57, 65, 40, 18, 2.77%, 0, 31, 5, 22.16, 133013, 1814
1257, 1, 57, 65, 40, 18, 2.77%, 0, 31, 5, 133.15, 133189, 1814
1263, 1, 57, 65, 40, 18, 2.77%, 0, 31, 5, 19.27, 133494, 1814
1268, 1, 57, 65, 40, 18, 2.77%, 0, 31, 5, 12.58, 133601, 1814
1274, 1, 57, 65, 40, 18, 2.77%, 0, 31, 5, 18.70, 133705, 1814
1280, 1, 57, 65, 40, 18, 2.77%, 0, 31, 5, 10.73, 133886, 1814
1285, 1, 57, 65, 40, 18, 2.77%, 0, 31, 5, 27.32, 134054, 1814
1291, 1, 57, 65, 40, 18, 2.77%, 0, 31, 5, 10.44, 134261, 1814
1297, 1, 57, 65, 40, 18, 2.77%, 0, 31, 5, 20.15, 134543, 1814
1302, 1, 57, 65, 40, 18, 2.77%, 0, 32, 5, 173.30, 134744, 1814
1307, 1, 57, 65, 40, 18, 2.77%, 0, 32, 5, 204.48, 135859, 1814
1312, 1, 57, 65, 40, 18, 2.77%, 0, 32, 5, 226.05, 137007, 1814
1318, 1, 61, 65, 39, 19, 2.77%, 0, 33, 5, 31.00, 137572, 1814
1324, 1, 61, 65, 39, 19, 2.77%, 0, 33, 5, 10.26, 137824, 1814
1329, 1, 61, 66, 40, 19, 2.77%, 0, 33, 5, 31.63, 138023, 1815
1334, 1, 61, 67, 41, 19, 2.77%, 0, 33, 5, 132.13, 138352, 1816
1340, 1, 61, 67, 41, 19, 2.77%, 0, 33, 5, 18.09, 138568, 1816
1345, 1, 61, 67, 41, 19, 2.77%, 0, 33, 5, 22.09, 138766, 1816
1350, 1, 61, 67, 41, 19, 2.77%, 0, 33, 5, 165.85, 139072, 1816
1356, 1, 61, 67, 41, 19, 2.77%, 0, 33, 5, 14.28, 139189, 1816
1361, 1, 61, 68, 42, 19, 2.78%, 0, 33, 5, 163.69, 139517, 1822
1366, 1, 61, 68, 42, 19, 2.78%, 0, 33, 5, 11.17, 139823, 1822
1372, 1, 61, 68, 42, 19, 2.78%, 0, 33, 5, 11.25, 140297, 1822
1378, 1, 61, 68, 42, 19, 2.78%, 0, 34, 5, 19.57, 140567, 1822
1383, 1, 61, 69, 43, 19, 2.79%, 0, 34, 5, 131.74, 140848, 1826
1389, 1, 61, 69, 43, 19, 2.79%, 0, 34, 5, 13.90, 141127, 1826
1395, 1, 61, 69, 43, 19, 2.79%, 0, 34, 5, 29.60, 141445, 1826
1400, 1, 61, 69, 43, 19, 2.79%, 0, 34, 5, 13.61, 141712, 1826
1406, 1, 61, 69, 43, 19, 2.79%, 0, 34, 5, 144.19, 141882, 1826
1411, 1, 61, 69, 43, 19, 2.79%, 0, 34, 5, 154.34, 142216, 1826
1417, 1, 61, 69, 43, 19, 2.79%, 0, 34, 5, 24.83, 142513, 1826
1423, 1, 61, 69, 43, 19, 2.79%, 0, 34, 5, 20.82, 142858, 1826
1428, 1, 61, 69, 43, 19, 2.79%, 0, 34, 5, 9.62, 143202, 1826
1434, 1, 61, 69, 43, 19, 2.79%, 0, 34, 5, 13.91, 143344, 1826
1439, 1, 61, 70, 44, 19, 2.79%, 0, 34, 5, 13.75, 143674, 1828
1444, 1, 61, 70, 44, 19, 2.79%, 0, 34, 5, 7.95, 143826, 1828
1450, 1, 61, 70, 44, 19, 2.79%, 0, 34, 5, 22.52, 144156, 1828
1456, 1, 61, 72, 46, 19, 2.80%, 0, 34, 5, 1.97, 144522, 1835
1461, 1, 61, 72, 46, 19, 2.80%, 0, 36, 5, 174.13, 144714, 1835
1466, 1, 61, 72, 46, 19, 2.80%, 0, 36, 5, 125.70, 144902, 1835
1471, 1, 61, 72, 46, 19, 2.80%, 0, 36, 5, 11.02, 145216, 1835
1477, 1, 61, 72, 46, 19, 2.80%, 0, 36, 5, 15.90, 145510, 1835
1483, 1, 61, 74, 48, 19, 2.81%, 0, 37, 5, 1.98, 145861, 1842
1488, 1, 61, 74, 48, 19, 2.81%, 0, 37, 5, 18.34, 146279, 1842
1494, 1, 61, 74, 48, 19, 2.81%, 0, 37, 5, 1.98, 146418, 1842
1500, 1, 61, 74, 48, 19, 2.81%, 0, 37, 5, 151.03, 146764, 1842
1506, 1, 61, 74, 48, 19, 2.81%, 0, 37, 5, 13.74, 146927, 1842
1511, 1, 61, 74, 48, 19, 2.81%, 0, 37, 5, 35.29, 147157, 1842
1517, 1, 61, 74, 48, 19, 2.81%, 0, 37, 5, 18.85, 147434, 1842
1523, 1, 61, 74, 48, 19, 2.81%, 0, 37, 5, 22.18, 147667, 1842
1529, 1, 61, 74, 48, 19, 2.81%, 0, 37, 5, 22.24, 147947, 1842
1534, 1, 61, 74, 48, 19, 2.81%, 0, 37, 5, 166.77, 148256, 1842
1539, 1, 61, 74, 48, 19, 2.81%, 0, 37, 5, 5.63, 148366, 1842
1545, 1, 61, 74, 48, 19, 2.81%, 0, 37, 5, 16.39, 148649, 1842
1550, 1, 61, 74, 48, 19, 2.81%, 0, 37, 5, 7.65, 148828, 1842
1556, 1, 61, 74, 48, 19, 2.81%, 0, 37, 5, 13.63, 149046, 1842
1561, 1, 61, 74, 48, 19, 2.81%, 0, 37, 5, 180.00, 149369, 1842
1567, 1, 61, 74, 48, 19, 2.81%, 0, 37, 5, 19.30, 149528, 1842
1572, 1, 61, 74, 48, 19, 2.81%, 0, 37, 5, 128.71, 149702, 1842
1578, 1, 61, 74, 48, 19, 2.81%, 0, 37, 5, 21.18, 149951, 1842
1583, 1, 61, 74, 48, 19, 2.81%, 0, 37, 5, 160.00, 150095, 1842
1588, 1, 61, 74, 48, 19, 2.81%, 0, 37, 5, 27.04, 150425, 1842
1593, 1, 61, 74, 48, 19, 2.81%, 0, 37, 5, 13.98, 150774, 1842
1599, 1, 61, 74, 48, 19, 2.81%, 0, 37, 5, 27.34, 151109, 1842
1604, 1, 61, 74, 48, 19, 2.81%, 0, 37, 5, 18.97, 151476, 1842
1610, 1, 61, 75, 49, 19, 2.82%, 0, 37, 5, 165.26, 151810, 1845
1615, 1, 61, 75, 49, 19, 2.82%, 0, 37, 5, 10.27, 151929, 1845
1621, 1, 61, 75, 49, 19, 2.82%, 0, 37, 5, 11.56, 152208, 1845
1627, 1, 61, 75, 49, 19, 2.82%, 0, 37, 5, 22.15, 152455, 1845
1633, 1, 61, 75, 49, 19, 2.82%, 0, 37, 5, 22.34, 152704, 1845
1638, 1, 61, 75, 49, 19, 2.82%, 0, 37, 5, 20.87, 153002, 1845
1643, 1, 61, 75, 49, 19, 2.82%, 0, 37, 5, 8.98, 153158, 1845
1648, 1, 61, 75, 49, 19, 2.82%, 0, 37, 5, 159.20, 153604, 1845
1653, 1, 61, 75, 49, 19, 2.82%, 0, 37, 5, 19.30, 153778, 1845
1658, 1, 61, 75, 49, 19, 2.82%, 0, 37, 5, 12.82, 154126, 1845
1664, 1, 61, 75, 49, 19, 2.82%, 0, 37, 5, 16.38, 154356, 1845
1669, 1, 61, 75, 49, 19, 2.82%, 0, 37, 5, 24.39, 154740, 1845
1674, 1, 61, 75, 49, 19, 2.82%, 0, 37, 5, 0.99, 154901, 1845
1680, 1, 61, 75, 49, 19, 2.82%, 0, 37, 5, 3.86, 155460, 1845
1685, 1, 61, 75, 49, 19, 2.82%, 0, 37, 5, 23.18, 155671, 1845
1691, 1, 61, 75, 49, 19, 2.82%, 0, 37, 5, 11.10, 155938, 1845
1698, 1, 61, 75, 49, 19, 2.82%, 0, 37, 5, 8.37, 156310, 1845
1703, 1, 61, 75, 49, 19, 2.82%, 0, 37, 5, 133.50, 156614, 1845
1708, 1, 61, 75, 49, 19, 2.82%, 0, 37, 5, 155.76, 157072, 1845
1714, 1, 61, 76, 50, 19, 2.82%, 0, 37, 5, 5.76, 157350, 1848
1719, 1, 61, 76, 50, 19, 2.82%, 0, 37, 5, 163.37, 157503, 1848
1724, 1, 61, 76, 50, 19, 2.82%, 0, 37, 5, 8.01, 157643, 1848
1730, 1, 61, 76, 50, 19, 2.82%, 0, 37, 5, 9.10, 157932, 1848
1736, 1, 61, 76, 50, 19, 2.82%, 0, 37, 5, 2.04, 158002, 1848
1741, 1, 61, 76, 50, 19, 2.82%, 0, 37, 5, 14.50, 158170, 1848
1746, 1, 61, 76, 50, 19, 2.82%, 0, 37, 5, 14.67, 158397, 1848
1752, 1, 61, 76, 50, 19, 2.82%, 0, 37, 5, 15.50, 158486, 1848
1758, 1, 61, 76, 50, 19, 2.82%, 0, 37, 5, 11.28, 158784, 1848
1764, 1, 61, 77, 51, 19, 2.83%, 0, 37, 5, 18.93, 159070, 1852
1770, 1, 61, 77, 51, 19, 2.83%, 0, 37, 5, 118.84, 159338, 1852
1775, 1, 61, 77, 51, 19, 2.83%, 0, 37, 5, 140.02, 159654, 1852
1781, 1, 61, 78, 52, 19, 2.83%, 0, 37, 5, 1.89, 159911, 1853
1786, 1, 61, 78, 52, 19, 2.83%, 0, 37, 5, 176.47, 160232, 1853
1791, 1, 61, 78, 52, 19, 2.83%, 0, 38, 5, 22.65, 160411, 1853
1796, 1, 61, 78, 52, 19, 2.83%, 0, 38, 5, 163.72, 160732, 1853
1801, 1, 61, 78, 52, 19, 2.83%, 0, 38, 5, 124.38, 160892, 1853
1807, 1, 61, 78, 52, 19, 2.83%, 0, 38, 5, 145.77, 161202, 1853
1812, 1, 61, 78, 52, 19, 2.83%, 0, 38, 5, 1.98, 161612, 1853
1818, 1, 61, 78, 52, 19, 2.83%, 0, 38, 5, 13.24, 161799, 1853
1823, 1, 61, 78, 52, 19, 2.83%, 0, 38, 5, 18.41, 161950, 1853
1829, 1, 61, 79, 53, 19, 2.84%, 0, 38, 5, 35.66, 162233, 1859
1834, 1, 61, 79, 53, 19, 2.84%, 0, 38, 5, 0.99, 162249, 1859
1839, 1, 61, 79, 53, 19, 2.84%, 0, 38, 5, 197.99, 163350, 1859
1844, 1, 58, 79, 52, 29, 2.84%, 0, 38, 5, 14.33, 163713, 1859
1850, 1, 58, 79, 52, 29, 2.84%, 0, 38, 5, 3.89, 164006, 1859
1855, 1, 58, 79, 52, 29, 2.84%, 0, 38, 5, 152.51, 164360, 1859
1861, 1, 58, 80, 53, 29, 2.93%, 0, 38, 5, 211.82, 164861, 1919
1866, 1, 58, 80, 53, 29, 2.93%, 0, 38, 5, 187.09, 165631, 1919
1871, 1, 58, 80, 53, 29, 2.93%, 0, 38, 5, 222.06, 166541, 1919
1876, 1, 46, 80, 52, 29, 2.93%, 0, 38, 5, 10.09, 166816, 1919
1881, 1, 46, 80, 52, 29, 2.93%, 0, 38, 5, 118.92, 167103, 1919
1887, 1, 46, 80, 52, 29, 2.93%, 0, 38, 5, 19.23, 167367, 1919
1892, 1, 46, 80, 52, 29, 2.93%, 0, 38, 5, 182.83, 167766, 1919
1897, 1, 46, 80, 52, 29, 2.93%, 0, 38, 5, 213.95, 168921, 1919
1903, 1, 79, 80, 51, 28, 2.93%, 0, 38, 5, 138.22, 169648, 1919
1909, 1, 79, 80, 51, 28, 2.93%, 0, 38, 5, 12.55, 170380, 1919
1914, 1, 53, 80, 50, 27, 2.93%, 0, 38, 5, 7.66, 170547, 1919
1920, 1, 53, 80, 50, 27, 2.93%, 0, 38, 5, 8.83, 170666, 1919
1926, 1, 53, 80, 50, 27, 2.93%, 0, 38, 5, 10.93, 170953, 1919
1932, 1, 53, 80, 50, 27, 2.93%, 0, 38, 5, 9.44, 171208, 1919
1937, 1, 53, 80, 50, 27, 2.93%, 0, 38, 5, 192.67, 171883, 1919
1942, 1, 55, 80, 49, 26, 2.93%, 0, 39, 5, 18.47, 172711, 1919
1947, 1, 55, 80, 49, 26, 2.93%, 0, 39, 5, 14.59, 172872, 1919
1953, 1, 55, 80, 49, 26, 2.93%, 0, 39, 5, 20.17, 173029, 1919
1958, 1, 55, 80, 49, 26, 2.93%, 0, 39, 5, 16.11, 173188, 1919
1964, 1, 55, 80, 49, 26, 2.93%, 0, 39, 5, 8.57, 173473, 1919
1969, 1, 55, 80, 49, 26, 2.93%, 0, 39, 5, 175.03, 174316, 1919
1974, 1, 66, 80, 48, 25, 2.93%, 0, 39, 5, 31.10, 174972, 1919
1979, 1, 66, 80, 48, 25, 2.93%, 0, 39, 5, 3.89, 175265, 1919
1984, 1, 66, 80, 48, 25, 2.93%, 0, 39, 5, 132.35, 175443, 1919
1990, 1, 66, 80, 48, 25, 2.93%, 0, 39, 5, 13.88, 175648, 1919
1995, 1, 66, 81, 49, 25, 2.93%, 0, 39, 6, 193.69, 176484, 1922
2001, 1, 78, 81, 48, 25, 2.93%, 0, 39, 6, 4.54, 177334, 1922
2007, 1, 78, 81, 48, 25, 2.93%, 0, 39, 6, 9.88, 177659, 1922
2013, 1, 78, 82, 49, 25, 2.93%, 0, 39, 6, 26.10, 177967, 1922
2018, 1, 78, 82, 49, 25, 2.93%, 0, 39, 6, 20.46, 178270, 1922
2023, 1, 78, 82, 49, 25, 2.93%, 0, 39, 6, 16.19, 178495, 1922
2028, 1, 78, 82, 49, 25, 2.93%, 0, 39, 6, 3.91, 178812, 1922
2033, 1, 78, 82, 49, 25, 2.93%, 0, 39, 6, 202.51, 179638, 1922
2039, 1, 78, 82, 49, 25, 2.93%, 0, 39, 6, 17.41, 180291, 1922
2045, 1, 71, 82, 48, 24, 2.93%, 0, 39, 6, 94.70, 180470, 1922
2050, 1, 71, 82, 48, 24, 2.93%, 0, 39, 6, 121.36, 180646, 1922
2056, 1, 71, 82, 48, 24, 2.93%, 0, 39, 6, 9.41, 180785, 1922
2061, 1, 71, 82, 48, 24, 2.93%, 0, 39, 6, 19.01, 180961, 1922
2067, 1, 71, 82, 48, 24, 2.93%, 0, 39, 6, 22.90, 181113, 1922
2072, 1, 71, 82, 48, 24, 2.93%, 0, 39, 6, 216.15, 182041, 1922
2078, 1, 64, 82, 47, 23, 2.93%, 0, 39, 6, 20.07, 182658, 1922
2083, 1, 64, 82, 47, 23, 2.93%, 0, 39, 6, 169.82, 182849, 1922
2089, 1, 64, 82, 47, 23, 2.93%, 0, 39, 6, 18.85, 183149, 1922
2094, 1, 64, 82, 47, 23, 2.93%, 0, 39, 6, 13.56, 183392, 1922
2100, 1, 64, 82, 47, 23, 2.93%, 0, 39, 6, 147.52, 183947, 1922
2105, 1, 73, 82, 46, 22, 2.93%, 0, 39, 6, 23.22, 184865, 1922
2111, 1, 73, 82, 46, 22, 2.93%, 0, 39, 6, 5.84, 185180, 1922
2116, 1, 73, 82, 46, 22, 2.93%, 0, 40, 6, 221.12, 185992, 1922
2121, 1, 45, 82, 45, 21, 2.93%, 0, 40, 6, 7.02, 186549, 1922
2127, 1, 45, 82, 45, 21, 2.93%, 0, 40, 6, 13.69, 186897, 1922
2132, 1, 45, 82, 45, 21, 2.93%, 0, 40, 6, 194.61, 187750, 1922
2138, 1, 62, 82, 44, 20, 2.93%, 0, 40, 6, 91.54, 188293, 1922
2144, 1, 62, 82, 44, 20, 2.93%, 0, 40, 6, 5.69, 188608, 1922
2149, 1, 62, 82, 44, 20, 2.93%, 0, 40, 6, 180.00, 188950, 1922
2154, 1, 62, 82, 44, 20, 2.93%, 0, 40, 6, 194.79, 189949, 1922
2159, 1, 76, 82, 43, 19, 2.93%, 0, 40, 6, 15.38, 190519, 1922
2165, 1, 76, 83, 44, 19, 2.94%, 0, 40, 6, 6.61, 190689, 1925
2170, 1, 76, 83, 44, 19, 2.94%, 0, 41, 6, 8.60, 190922, 1925
2176, 1, 76, 83, 44, 19, 2.94%, 0, 41, 6, 24.94, 191048, 1925
2181, 1, 76, 83, 44, 19, 2.94%, 0, 41, 6, 15.49, 191356, 1925
2187, 1, 76, 83, 44, 19, 2.94%, 0, 41, 6, 18.47, 191480, 1925
2193, 1, 76, 83, 44, 19, 2.94%, 0, 41, 6, 21.18, 191677, 1925
2198, 1, 76, 83, 44, 19, 2.94%, 0, 41, 6, 12.65, 191770, 1925
2203, 1, 76, 83, 44, 19, 2.94%, 0, 41, 6, 149.93, 192188, 1925
2208, 1, 76, 83, 44, 19, 2.94%, 0, 41, 6, 12.85, 193073, 1925
2214, 1, 72, 83, 43, 19, 2.94%, 0, 41, 6, 1.00, 193521, 1925
2219, 1, 72, 83, 43, 19, 2.94%, 0, 42, 6, 16.61, 193691, 1925
2225, 1, 72, 83, 43, 19, 2.94%, 0, 42, 6, 12.68, 193828, 1925
2230, 1, 72, 83, 43, 19, 2.94%, 0, 43, 6, 91.35, 193971, 1925
2235, 1, 72, 83, 43, 19, 2.94%, 0, 43, 6, 162.31, 194361, 1925
2240, 1, 82, 83, 42, 18, 2.94%, 0, 43, 6, 114.43, 195051, 1925
2245, 1, 82, 83, 42, 18, 2.94%, 0, 43, 6, 16.26, 195212, 1925
2250, 1, 82, 83, 42, 18, 2.94%, 0, 43, 6, 18.10, 195402, 1925
2255, 1, 82, 83, 42, 18, 2.94%, 0, 43, 6, 142.86, 195575, 1925
2261, 1, 82, 83, 42, 18, 2.94%, 0, 43, 6, 9.78, 195771, 1925
2266, 1, 82, 83, 42, 18, 2.94%, 0, 43, 6, 207.20, 196904, 1925
2272, 1, 77, 83, 41, 17, 2.94%, 0, 44, 6, 1.98, 197413, 1925
2277, 1, 77, 83, 41, 17, 2.94%, 0, 44, 6, 15.31, 197569, 1925
2283, 1, 77, 83, 41, 17, 2.94%, 0, 44, 6, 13.51, 198053, 1925
2288, 1, 77, 83, 41, 17, 2.94%, 0, 44, 6, 224.65, 199231, 1925
2293, 1, 49, 83, 40, 16, 2.94%, 0, 45, 6, 7.39, 199523, 1925
2299, 1, 49, 83, 40, 16, 2.94%, 0, 45, 6, 10.05, 199646, 1925
2304, 1, 49, 84, 41, 16, 2.95%, 0, 45, 6, 147.74, 199960, 1931
2309, 1, 49, 84, 41, 16, 2.95%, 0, 45, 6, 24.48, 200148, 1931
2315, 1, 49, 84, 41, 16, 2.95%, 0, 45, 6, 7.56, 200366, 1931
2320, 1, 49, 84, 41, 16, 2.95%, 0, 45, 6, 163.06, 200717, 1931
2325, 1, 49, 84, 41, 16, 2.95%, 0, 45, 6, 117.16, 201010, 1931
2331, 1, 49, 84, 41, 16, 2.95%, 0, 45, 6, 5.81, 201170, 1931
2336, 1, 49, 84, 41, 16, 2.95%, 0, 45, 6, 223.24, 202072, 1931
2341, 1, 70, 84, 40, 16, 2.95%, 0, 45, 6, 7.86, 202574, 1931
2347, 1, 70, 84, 40, 16, 2.95%, 0, 46, 6, 3.92, 202848, 1931
2353, 1, 70, 84, 40, 16, 2.95%, 0, 46, 6, 29.80, 202984, 1931
2358, 1, 70, 84, 40, 16, 2.95%, 0, 46, 6, 121.51, 203320, 1931
2363, 1, 70, 84, 40, 16, 2.95%, 0, 46, 6, 198.76, 204430, 1931
2368, 1, 67, 84, 39, 15, 2.95%, 0, 46, 6, 4.36, 204839, 1931
2374, 1, 67, 84, 39, 15, 2.95%, 0, 46, 6, 2.95, 205062, 1931
2380, 1, 67, 84, 39, 15, 2.95%, 0, 46, 6, 20.92, 205181, 1931
2385, 1, 67, 84, 39, 15, 2.95%, 0, 46, 6, 15.48, 205363, 1931
2390, 1, 67, 84, 39, 15, 2.95%, 0, 46, 6, 135.26, 205525, 1931
2395, 1, 67, 84, 39, 15, 2.95%, 0, 46, 6, 33.22, 206030, 1931
2401, 1, 67, 84, 39, 15, 2.95%, 0, 46, 6, 23.73, 206741, 1931
2407, 1, 50, 84, 38, 14, 2.95%, 0, 46, 6, 31.87, 207100, 1931
2413, 1, 50, 84, 38, 14, 2.95%, 0, 46, 6, 30.35, 207416, 1931
2418, 1, 50, 84, 38, 14, 2.95%, 0, 46, 6, 1.94, 207610, 1931
2424, 1, 50, 84, 38, 14, 2.95%, 0, 46, 6, 3.19, 207732, 1931
2429, 1, 50, 84, 38, 14, 2.95%, 0, 46, 6, 134.66, 208211, 1931
2434, 1, 50, 84, 38, 14, 2.95%, 0, 46, 6, 19.44, 208877, 1931
2440, 1, 63, 84, 37, 13, 2.95%, 0, 46, 6, 17.53, 209443, 1931
2445, 1, 63, 84, 37, 13, 2.95%, 0, 46, 6, 150.00, 209632, 1931
2450, 1, 63, 84, 37, 13, 2.95%, 0, 46, 6, 0.99, 209848, 1931
2456, 1, 63, 84, 37, 13, 2.95%, 0, 46, 6, 21.64, 210366, 1931
2462, 1, 54, 84, 36, 12, 2.95%, 0, 46, 6, 3.94, 210951, 1931
2467, 1, 54, 84, 36, 12, 2.95%, 0, 46, 6, 27.62, 211136, 1931
2472, 1, 54, 84, 36, 12, 2.95%, 0, 46, 6, 24.27, 211316, 1931
2477, 1, 54, 84, 36, 12, 2.95%, 0, 46, 6, 141.55, 211491, 1931
2483, 1, 54, 84, 36, 12, 2.95%, 0, 46, 6, 5.82, 211796, 1931
2488, 1, 54, 84, 36, 12, 2.95%, 0, 46, 6, 229.49, 213021, 1931
2494, 1, 74, 84, 35, 11, 2.95%, 0, 47, 6, 6.63, 213131, 1931
2499, 1, 74, 84, 35, 11, 2.95%, 0, 47, 6, 25.91, 213297, 1931
2504, 1, 74, 84, 35, 11, 2.95%, 0, 47, 6, 14.31, 213483, 1931
2509, 1, 74, 84, 35, 11, 2.95%, 0, 47, 6, 0.99, 213832, 1931
2514, 1, 74, 84, 35, 11, 2.95%, 0, 47, 6, 197.88, 214722, 1931
2520, 1, 43, 84, 34, 10, 2.95%, 0, 47, 6, 154.88, 215370, 1931
2525, 1, 43, 84, 34, 10, 2.95%, 0, 47, 6, 95.68, 216017, 1931
2530, 1, 65, 84, 33, 9, 2.95%, 0, 47, 6, 16.13, 216220, 1931
2536, 1, 65, 84, 33, 9, 2.95%, 0, 47, 6, 15.79, 216516, 1931
2541, 1, 65, 84, 33, 9, 2.95%, 0, 47, 6, 5.83, 216740, 1931
2546, 1, 65, 84, 33, 9, 2.95%, 0, 47, 6, 117.07, 216882, 1931
2552, 1, 65, 84, 33, 9, 2.95%, 0, 47, 6, 5.61, 217129, 1931
2557, 1, 65, 84, 33, 9, 2.95%, 0, 47, 6, 228.97, 217988, 1931
2563, 1, 68, 84, 32, 8, 2.95%, 0, 48, 6, 3.61, 218424, 1931
2569, 1, 68, 84, 32, 8, 2.95%, 0, 48, 6, 6.47, 218656, 1931
2575, 1, 68, 85, 33, 8, 2.95%, 0, 48, 6, 24.62, 218880, 1934
2580, 1, 68, 85, 33, 8, 2.95%, 0, 48, 6, 11.17, 219100, 1934
2586, 1, 68, 85, 33, 8, 2.95%, 0, 48, 6, 11.32, 219466, 1934
2591, 1, 68, 85, 33, 8, 2.95%, 0, 49, 6, 158.42, 219788, 1934
2596, 1, 68, 85, 33, 8, 2.95%, 0, 49, 6, 175.08, 220186, 1934
2601, 1, 68, 85, 33, 8, 2.95%, 0, 49, 6, 226.33, 221382, 1934
2607, 1, 75, 85, 32, 8, 2.95%, 0, 49, 6, 3.91, 221649, 1934
2613, 1, 75, 85, 32, 8, 2.95%, 0, 50, 6, 4.36, 221934, 1934
2618, 1, 75, 85, 32, 8, 2.95%, 0, 50, 6, 14.80, 222457, 1934
2624, 1, 80, 85, 31, 7, 2.95%, 0, 50, 6, 4.18, 223137, 1934
2629, 1, 80, 85, 31, 7, 2.95%, 0, 50, 6, 13.70, 223368, 1934
2635, 1, 80, 85, 31, 7, 2.95%, 0, 50, 6, 14.06, 223657, 1934
2640, 1, 58, 85, 30, 6, 2.95%, 0, 50, 6, 17.84, 224329, 1934
2645, 1, 58, 85, 30, 6, 2.95%, 0, 50, 6, 5.60, 224537, 1934
2651, 1, 58, 85, 30, 6, 2.95%, 0, 50, 6, 5.79, 224797, 1934
2657, 1, 58, 85, 30, 6, 2.95%, 0, 50, 6, 10.85, 225415, 1934
2662, 1, 58, 85, 30, 6, 2.95%, 0, 50, 6, 13.07, 225766, 1934
2668, 1, 58, 86, 31, 6, 3.00%, 0, 50, 6, 2.96, 226413, 1967
2673, 1, 58, 86, 31, 6, 3.00%, 0, 50, 6, 12.52, 226667, 1967
2678, 1, 58, 86, 31, 6, 3.00%, 0, 50, 6, 167.20, 227202, 1967
2684, 1, 58, 86, 31, 6, 3.00%, 0, 50, 6, 8.57, 227691, 1967
2689, 1, 58, 86, 31, 6, 3.00%, 0, 50, 6, 143.57, 228181, 1967
2694, 1, 58, 86, 31, 6, 3.00%, 0, 50, 6, 151.46, 228509, 1967
2699, 1, 58, 86, 31, 6, 3.00%, 0, 50, 6, 182.50, 229302, 1967
2705, 1, 58, 86, 31, 6, 3.00%, 0, 50, 6, 226.06, 230519, 1967
2710, 1, 58, 86, 31, 6, 3.00%, 0, 50, 6, 232.40, 231691, 1967
2715, 1, 58, 86, 31, 6, 3.00%, 0, 51, 6, 216.16, 232637, 1967
2720, 1, 69, 87, 32, 7, 3.00%, 0, 51, 6, 5.86, 233543, 1968
2726, 1, 69, 87, 32, 7, 3.00%, 0, 51, 6, 5.81, 234145, 1968
2732, 1, 69, 87, 32, 7, 3.00%, 0, 51, 6, 21.39, 234659, 1968
2738, 1, 85, 87, 31, 7, 3.00%, 0, 51, 6, 1.96, 235008, 1968
2743, 1, 85, 88, 32, 7, 3.02%, 0, 51, 6, 11.37, 235596, 1979
2749, 1, 85, 88, 32, 7, 3.02%, 0, 51, 6, 24.85, 235779, 1979
2754, 1, 85, 89, 33, 7, 3.02%, 0, 51, 6, 0.99, 236121, 1980
2759, 1, 85, 89, 33, 7, 3.02%, 0, 51, 6, 149.70, 236756, 1980
2764, 1, 85, 89, 33, 7, 3.02%, 0, 51, 6, 13.74, 237036, 1980
2770, 1, 85, 89, 33, 7, 3.02%, 0, 52, 6, 163.46, 237395, 1980
2776, 1, 85, 89, 33, 7, 3.02%, 0, 52, 6, 25.15, 237863, 1980
2781, 1, 85, 89, 33, 7, 3.02%, 0, 52, 6, 245.08, 238770, 1980
2787, 1, 60, 89, 32, 8, 3.02%, 0, 52, 6, 4.48, 239477, 1980
2792, 1, 60, 89, 32, 8, 3.02%, 0, 52, 6, 118.42, 239674, 1980
2797, 1, 60, 89, 32, 8, 3.02%, 0, 52, 6, 22.40, 239877, 1980
2804, 1, 60, 89, 32, 8, 3.02%, 0, 52, 6, 1.49, 240094, 1980
2809, 1, 60, 89, 32, 8, 3.02%, 0, 52, 6, 182.89, 240322, 1980
2815, 1, 84, 89, 31, 7, 3.02%, 0, 52, 6, 17.76, 240986, 1980
2821, 1, 84, 89, 31, 7, 3.02%, 0, 52, 6, 6.33, 241286, 1980
2826, 1, 84, 89, 31, 7, 3.02%, 0, 52, 6, 13.17, 241479, 1980
2831, 1, 84, 89, 31, 7, 3.02%, 0, 52, 6, 196.83, 242262, 1980
2836, 1, 27, 89, 30, 6, 3.02%, 0, 52, 6, 214.34, 243413, 1980
2841, 1, 87, 89, 30, 6, 3.02%, 0, 52, 6, 7.99, 244074, 1980
2847, 1, 87, 89, 30, 6, 3.02%, 0, 52, 6, 26.53, 244525, 1980
2853, 1, 87, 89, 30, 6, 3.02%, 0, 52, 6, 23.12, 245214, 1980
2858, 1, 87, 89, 30, 6, 3.02%, 0, 52, 6, 231.49, 246183, 1980
2864, 1, 56, 89, 29, 5, 3.02%, 0, 52, 6, 23.39, 247122, 1980
2869, 1, 56, 89, 29, 5, 3.02%, 0, 52, 6, 149.76, 247283, 1980
2874, 1, 56, 89, 29, 5, 3.02%, 0, 52, 6, 147.78, 247442, 1980
2879, 1, 56, 89, 29, 5, 3.02%, 0, 52, 6, 179.37, 248036, 1980
2884, 1, 88, 89, 28, 4, 3.02%, 0, 52, 6, 30.38, 248663, 1980
2891, 1, 88, 89, 28, 4, 3.02%, 0, 53, 6, 28.39, 249111, 1980
2896, 1, 88, 89, 28, 4, 3.02%, 0, 53, 6, 26.69, 249737, 1980
2901, 1, 88, 89, 28, 4, 3.02%, 0, 53, 6, 208.28, 250783, 1980
2906, 1, 83, 89, 27, 3, 3.02%, 0, 53, 6, 5.06, 250951, 1980
2912, 1, 83, 89, 27, 3, 3.02%, 0, 53, 6, 2.96, 251228, 1980
2918, 1, 83, 89, 27, 3, 3.02%, 0, 53, 6, 1.93, 251523, 1980
2923, 1, 83, 89, 27, 3, 3.02%, 0, 53, 6, 184.08, 252125, 1980
2928, 1, 7, 89, 26, 2, 3.02%, 0, 53, 6, 215.84, 253267, 1980
2933, 1, 7, 89, 26, 2, 3.02%, 0, 53, 6, 207.01, 254295, 1980
2938, 1, 7, 89, 26, 2, 3.02%, 0, 53, 6, 228.34, 255510, 1980
2943, 1, 48, 89, 26, 2, 3.02%, 0, 53, 6, 26.83, 256488, 1980
2948, 1, 48, 89, 26, 2, 3.02%, 0, 53, 6, 186.90, 256789, 1980
2954, 1, 48, 89, 26, 2, 3.02%, 0, 53, 6, 9.54, 257035, 1980
2959, 1, 23, 89, 25, 1, 3.02%, 0, 53, 6, 212.88, 258181, 1980
2964, 1, 53, 89, 25, 1, 3.02%, 0, 53, 6, 23.00, 259038, 1980
2970, 1, 53, 89, 25, 1, 3.02%, 0, 53, 6, 10.63, 259200, 1980
2976, 1, 53, 89, 25, 1, 3.02%, 0, 53, 6, 184.83, 259593, 1980
2981, 1, 53, 89, 25, 1, 3.02%, 0, 53, 6, 13.02, 260456, 1980
2986, 1, 79, 89, 25, 1, 3.02%, 0, 53, 6, 170.78, 261204, 1980
2991, 1, 79, 89, 25, 1, 3.02%, 0, 53, 6, 197.95, 261974, 1980
2997, 1, 86, 89, 25, 1, 3.02%, 0, 53, 6, 5.65, 262333, 1980
3002, 1, 86, 89, 25, 1, 3.02%, 0, 53, 6, 13.46, 262752, 1980
3007, 1, 86, 89, 25, 1, 3.02%, 0, 53, 6, 11.12, 263201, 1980
3012, 1, 4, 89, 24, 0, 3.02%, 0, 53, 6, 203.65, 264258, 1980
3017, 1, 23, 89, 24, 0, 3.02%, 0, 53, 6, 209.77, 265313, 1980
3022, 1, 43, 89, 24, 0, 3.02%, 0, 53, 6, 149.26, 265881, 1980
3028, 1, 43, 89, 24, 0, 3.02%, 0, 53, 6, 224.48, 266670, 1980
3033, 1, 43, 89, 24, 0, 3.02%, 0, 53, 6, 228.42, 267802, 1980
3038, 1, 60, 89, 24, 0, 3.02%, 0, 53, 6, 7.66, 268781, 1980
3043, 1, 60, 89, 24, 0, 3.02%, 0, 53, 6, 13.65, 269138, 1980
3049, 1, 60, 89, 24, 0, 3.02%, 0, 53, 6, 14.13, 269341, 1980
3054, 1, 60, 89, 24, 0, 3.02%, 0, 53, 6, 16.54, 269690, 1980
3060, 1, 60, 89, 24, 0, 3.02%, 0, 53, 6, 8.66, 270397, 1980
3065, 1, 60, 89, 24, 0, 3.02%, 0, 53, 6, 255.74, 270891, 1980
3070, 1, 60, 89, 24, 0, 3.02%, 0, 53, 6, 232.43, 272088, 1980
3075, 1, 7, 89, 24, 0, 3.02%, 0, 53, 6, 214.50, 273182, 1980
3080, 1, 7, 89, 24, 0, 3.02%, 0, 53, 6, 234.33, 274427, 1980
3085, 1, 23, 89, 24, 0, 3.02%, 0, 53, 6, 229.56, 275595, 1980
3090, 1, 79, 89, 24, 0, 3.02%, 0, 53, 6, 217.84, 276486, 1980
3096, 1, 79, 89, 24, 0, 3.02%, 0, 53, 6, 210.34, 277366, 1980
3101, 1, 79, 89, 24, 0, 3.02%, 0, 53, 6, 3.93, 277782, 1980
3107, 1, 87, 90, 25, 0, 3.03%, 0, 53, 7, 28.24, 278289, 1984
3112, 1, 87, 90, 25, 0, 3.03%, 0, 53, 7, 8.51, 278517, 1984
3118, 1, 87, 90, 25, 0, 3.03%, 0, 53, 7, 22.94, 278694, 1984
3123, 1, 87, 90, 25, 0, 3.03%, 0, 53, 7, 165.05, 279043, 1984
3128, 1, 87, 90, 25, 0, 3.03%, 0, 53, 7, 15.49, 279159, 1984
3134, 1, 87, 90, 25, 0, 3.03%, 0, 53, 7, 172.09, 279669, 1984
3139, 1, 87, 90, 25, 0, 3.03%, 0, 53, 7, 188.12, 280049, 1984
3144, 1, 87, 90, 25, 0, 3.03%, 0, 53, 7, 172.26, 280581, 1984
3150, 1, 87, 90, 25, 0, 3.03%, 0, 53, 7, 20.80, 281103, 1984
3155, 1, 87, 90, 25, 0, 3.03%, 0, 53, 7, 154.19, 281424, 1984
3160, 1, 87, 90, 25, 0, 3.03%, 0, 53, 7, 225.35, 282671, 1984
3165, 1, 87, 90, 25, 0, 3.03%, 0, 53, 7, 222.14, 283803, 1984
3172, 1, 82, 90, 25, 1, 3.03%, 0, 53, 7, 3.92, 284839, 1984
3177, 1, 82, 90, 25, 1, 3.03%, 0, 53, 7, 139.92, 285007, 1984
3182, 1, 82, 90, 25, 1, 3.03%, 0, 53, 7, 4.81, 285090, 1984
3188, 1, 82, 90, 25, 1, 3.03%, 0, 53, 7, 12.76, 285217, 1984
3194, 1, 82, 90, 25, 1, 3.03%, 0, 53, 7, 18.71, 285352, 1984
3200, 1, 82, 90, 25, 1, 3.03%, 0, 53, 7, 21.76, 285600, 1984
3205, 1, 82, 90, 25, 1, 3.03%, 0, 53, 7, 7.33, 285717, 1984
3211, 1, 82, 90, 25, 1, 3.03%, 0, 53, 7, 3.72, 285795, 1984
3216, 1, 82, 90, 25, 1, 3.03%, 0, 53, 7, 138.47, 286150, 1984
3221, 1, 82, 90, 25, 1, 3.03%, 0, 53, 7, 211.40, 287302, 1984
3227, 1, 89, 90, 25, 1, 3.03%, 0, 53, 7, 13.76, 288208, 1984
3232, 1, 89, 91, 26, 1, 3.03%, 0, 55, 8, 107.47, 288506, 1986
3237, 1, 89, 91, 26, 1, 3.03%, 0, 55, 8, 8.53, 288705, 1986
3243, 1, 89, 91, 26, 1, 3.03%, 0, 55, 8, 9.42, 288771, 1986
3249, 1, 89, 91, 26, 1, 3.03%, 0, 55, 8, 20.91, 289086, 1986
3255, 1, 89, 91, 26, 1, 3.03%, 0, 55, 8, 18.32, 289413, 1986
3260, 1, 89, 91, 26, 1, 3.03%, 0, 55, 8, 3.94, 289596, 1986
3266, 1, 89, 91, 26, 1, 3.03%, 0, 55, 8, 23.63, 289840, 1986
3271, 1, 89, 91, 26, 1, 3.03%, 0, 55, 8, 25.49, 290115, 1986
3277, 1, 89, 91, 26, 1, 3.03%, 0, 55, 8, 175.72, 290469, 1986
3282, 1, 89, 91, 26, 1, 3.03%, 0, 55, 8, 121.84, 290662, 1986
3287, 1, 89, 91, 26, 1, 3.03%, 0, 55, 8, 20.41, 290854, 1986
3293, 1, 89, 91, 26, 1, 3.03%, 0, 55, 8, 12.45, 291073, 1986
3298, 1, 89, 91, 26, 1, 3.03%, 0, 55, 8, 13.00, 291158, 1986
3303, 1, 89, 91, 26, 1, 3.03%, 0, 55, 8, 21.74, 292120, 1986
3308, 1, 89, 91, 26, 1, 3.03%, 0, 55, 8, 241.34, 293096, 1986
3313, 1, 89, 91, 26, 1, 3.03%, 0, 55, 8, 202.18, 294016, 1986
3320, 1, 90, 91, 25, 1, 3.03%, 0, 55, 8, 7.61, 294375, 1986
3325, 1, 90, 91, 25, 1, 3.03%, 0, 55, 8, 2.95, 294694, 1986
3330, 1, 90, 91, 25, 1, 3.03%, 0, 55, 8, 11.14, 294901, 1986
3336, 1, 90, 91, 25, 1, 3.03%, 0, 55, 8, 6.65, 295170, 1986
3341, 1, 90, 91, 25, 1, 3.03%, 0, 55, 8, 5.72, 295462, 1986
3347, 1, 90, 91, 25, 1, 3.03%, 0, 55, 8, 3.92, 295625, 1986
3352, 1, 90, 91, 25, 1, 3.03%, 0, 55, 8, 140.45, 295763, 1986
3358, 1, 90, 91, 25, 1, 3.03%, 0, 55, 8, 20.71, 295926, 1986
3364, 1, 90, 91, 25, 1, 3.03%, 0, 55, 8, 16.55, 296228, 1986
3370, 1, 90, 91, 25, 1, 3.03%, 0, 55, 8, 24.04, 296368, 1986
3376, 1, 90, 91, 25, 1, 3.03%, 0, 55, 8, 12.37, 296523, 1986
3381, 1, 90, 91, 25, 1, 3.03%, 0, 55, 8, 234.81, 297711, 1986
3387, 1, 90, 91, 25, 1, 3.03%, 0, 55, 8, 232.67, 298703, 1986
3392, 1, 90, 91, 25, 1, 3.03%, 0, 55, 8, 212.64, 299791, 1986
3397, 1, 90, 91, 25, 1, 3.03%, 0, 55, 8, 210.53, 300827, 1986
3402, 1, 23, 91, 24, 0, 3.03%, 0, 55, 8, 179.24, 301726, 1986
3407, 1, 18, 91, 24, 0, 3.03%, 0, 55, 8, 224.08, 302932, 1986
3412, 1, 79, 91, 24, 0, 3.03%, 0, 55, 8, 204.95, 303982, 1986
3417, 1, 54, 91, 24, 0, 3.03%, 0, 55, 8, 211.78, 305069, 1986
3422, 1, 54, 91, 24, 0, 3.03%, 0, 55, 8, 1.98, 305279, 1986
3428, 1, 54, 91, 24, 0, 3.03%, 0, 55, 8, 7.97, 305479, 1986
3434, 1, 54, 91, 24, 0, 3.03%, 0, 55, 8, 11.32, 305816, 1986
3439, 1, 54, 91, 24, 0, 3.03%, 0, 55, 8, 110.00, 306003, 1986
3444, 1, 54, 91, 24, 0, 3.03%, 0, 55, 8, 163.37, 306188, 1986
3450, 1, 54, 91, 24, 0, 3.03%, 0, 55, 8, 13.93, 306542, 1986
3455, 1, 54, 91, 24, 0, 3.03%, 0, 55, 8, 67.82, 306924, 1986
3460, 1, 54, 91, 24, 0, 3.03%, 0, 55, 8, 178.96, 307859, 1986
3465, 1, 54, 91, 24, 0, 3.03%, 0, 55, 8, 242.52, 308851, 1986
3471, 1, 54, 91, 24, 0, 3.03%, 0, 55, 8, 37.83, 309959, 1986
3476, 1, 4, 91, 24, 0, 3.03%, 0, 55, 8, 214.63, 311056, 1986
3481, 1, 23, 91, 24, 0, 3.03%, 0, 55, 8, 217.46, 312147, 1986
3486, 1, 27, 91, 24, 0, 3.03%, 0, 55, 8, 217.22, 313282, 1986
3491, 1, 27, 91, 24, 0, 3.03%, 0, 55, 8, 235.61, 314508, 1986
3497, 1, 23, 91, 24, 0, 3.03%, 0, 55, 8, 236.42, 315731, 1986
3502, 1, 18, 91, 24, 0, 3.03%, 0, 55, 8, 229.07, 316909, 1986
3507, 1, 79, 91, 24, 0, 3.03%, 0, 55, 8, 215.79, 318043, 1986
3512, 1, 79, 91, 24, 0, 3.03%, 0, 55, 8, 25.25, 318740, 1986
3518, 1, 4, 91, 24, 0, 3.03%, 0, 55, 8, 22.05, 319825, 1986
3523, 1, 13, 91, 24, 0, 3.03%, 0, 55, 8, 227.03, 321048, 1986
3529, 1, 67, 91, 23, 0, 3.03%, 0, 55, 8, 5.79, 321562, 1986
3534, 1, 67, 91, 23, 0, 3.03%, 0, 55, 8, 11.20, 321655, 1986
3540, 1, 67, 91, 23, 0, 3.03%, 0, 55, 8, 8.82, 321779, 1986
3546, 1, 67, 91, 23, 0, 3.03%, 0, 55, 8, 8.53, 321917, 1986
3551, 1, 67, 91, 23, 0, 3.03%, 0, 55, 8, 158.42, 322092, 1986
3557, 1, 67, 91, 23, 0, 3.03%, 0, 55, 8, 15.71, 322249, 1986
3562, 1, 67, 91, 23, 0, 3.03%, 0, 55, 8, 12.11, 322343, 1986
3567, 1, 67, 91, 23, 0, 3.03%, 0, 55, 8, 15.57, 322527, 1986
3573, 1, 67, 91, 23, 0, 3.03%, 0, 55, 8, 6.74, 322602, 1986
3579, 1, 67, 91, 23, 0, 3.03%, 0, 55, 8, 2.96, 322719, 1986
3584, 1, 67, 91, 23, 0, 3.03%, 0, 55, 8, 18.91, 322896, 1986
3590, 1, 67, 91, 23, 0, 3.03%, 0, 55, 8, 20.83, 323056, 1986
3596, 1, 67, 91, 23, 0, 3.03%, 0, 55, 8, 4.15, 323164, 1986
3601, 1, 67, 91, 23, 0, 3.03%, 0, 55, 8, 155.06, 323325, 1986
3606, 1, 67, 91, 23, 0, 3.03%, 0, 55, 8, 64.52, 323840, 1986
3611, 1, 67, 91, 23, 0, 3.03%, 0, 55, 8, 98.02, 324168, 1986
3616, 1, 67, 91, 23, 0, 3.03%, 0, 55, 8, 236.32, 325130, 1986
3622, 1, 67, 91, 23, 0, 3.03%, 0, 55, 8, 11.27, 325898, 1986
3627, 1, 4, 91, 23, 0, 3.03%, 0, 55, 8, 188.03, 326808, 1986
3632, 1, 4, 91, 23, 0, 3.03%, 0, 55, 8, 207.92, 327468, 1986
3637, 1, 79, 91, 23, 0, 3.03%, 0, 55, 8, 212.78, 328375, 1986
3642, 1, 79, 91, 23, 0, 3.03%, 0, 55, 8, 239.42, 329301, 1986
3647, 1, 19, 91, 23, 0, 3.03%, 0, 55, 8, 231.84, 330455, 1986
3652, 1, 19, 91, 23, 0, 3.03%, 0, 55, 8, 246.05, 331689, 1986
3657, 1, 18, 91, 23, 0, 3.03%, 0, 55, 8, 238.07, 332852, 1986
3663, 1, 63, 91, 23, 0, 3.03%, 0, 55, 8, 8.48, 333760, 1986
3668, 1, 63, 91, 23, 0, 3.03%, 0, 55, 8, 153.48, 333938, 1986
3673, 1, 63, 91, 23, 0, 3.03%, 0, 55, 8, 4.31, 334167, 1986
3679, 1, 63, 91, 23, 0, 3.03%, 0, 55, 8, 5.77, 334394, 1986
3684, 1, 63, 91, 23, 0, 3.03%, 0, 55, 8, 5.80, 334565, 1986
3690, 1, 63, 91, 23, 0, 3.03%, 0, 55, 8, 2.93, 334817, 1986
3695, 1, 63, 91, 23, 0, 3.03%, 0, 55, 8, 249.78, 335824, 1986
3700, 1, 63, 91, 23, 0, 3.03%, 0, 56, 8, 14.07, 336484, 1986
3706, 1, 63, 91, 23, 0, 3.03%, 0, 56, 8, 113.30, 336883, 1986
3711, 1, 79, 91, 23, 0, 3.03%, 0, 56, 8, 184.53, 337752, 1986
3716, 1, 79, 91, 23, 0, 3.03%, 0, 56, 8, 200.63, 338655, 1986
3721, 1, 88, 91, 23, 0, 3.03%, 0, 56, 8, 147.08, 339175, 1986
3726, 1, 88, 91, 23, 0, 3.03%, 0, 56, 8, 176.18, 339731, 1986
3731, 1, 88, 91, 23, 0, 3.03%, 0, 56, 8, 3.93, 340792, 1986
3736, 1, 23, 91, 23, 0, 3.03%, 0, 56, 8, 227.82, 341717, 1986
3741, 1, 23, 91, 23, 0, 3.03%, 0, 56, 8, 220.58, 342864, 1986
3747, 1, 4, 91, 23, 0, 3.03%, 0, 56, 8, 222.66, 343761, 1986
3752, 1, 91, 92, 24, 1, 3.04%, 0, 56, 8, 128.86, 344308, 1991
3757, 1, 91, 92, 24, 1, 3.04%, 0, 57, 8, 164.75, 344853, 1991
3763, 2, 7, 94, 25, 0, 3.04%, 0, 57, 8, 15.91, 345987, 1991
3768, 2, 7, 96, 27, 0, 3.04%, 0, 57, 8, 229.36, 346790, 1991
3773, 2, 7, 97, 28, 0, 3.04%, 0, 57, 8, 203.61, 347834, 1991
3778, 2, 7, 99, 30, 0, 3.04%, 0, 57, 8, 205.21, 348870, 1991
3783, 2, 7, 101, 32, 0, 3.04%, 0, 57, 8, 210.00, 349697, 1991
3788, 2, 7, 101, 32, 0, 3.04%, 0, 57, 8, 211.15, 350766, 1991
3794, 2, 7, 101, 32, 0, 3.04%, 0, 57, 8, 210.21, 351826, 1991
3799, 2, 7, 101, 32, 0, 3.04%, 0, 57, 8, 202.33, 352870, 1991
3804, 2, 7, 101, 32, 0, 3.04%, 0, 57, 8, 186.36, 353804, 1991
3809, 2, 7, 101, 32, 0, 3.04%, 0, 57, 8, 182.77, 354746, 1991
3814, 2, 7, 101, 32, 0, 3.04%, 0, 57, 8, 199.63, 355766, 1991
3819, 2, 7, 101, 32, 0, 3.04%, 0, 57, 8, 203.83, 356790, 1991
3824, 2, 7, 101, 32, 0, 3.04%, 0, 57, 8, 205.74, 357814, 1991
3830, 2, 7, 101, 32, 0, 3.04%, 0, 57, 8, 206.58, 358854, 1991
3835, 2, 7, 101, 32, 0, 3.04%, 0, 57, 8, 208.15, 359946, 1991
3840, 2, 7, 101, 32, 0, 3.04%, 0, 57, 8, 207.62, 360994, 1991
3845, 2, 7, 101, 32, 0, 3.04%, 0, 57, 8, 203.17, 361998, 1991
3850, 2, 7, 102, 33, 0, 3.04%, 0, 57, 8, 208.08, 362982, 1991
3855, 2, 7, 102, 33, 0, 3.04%, 0, 57, 8, 206.55, 364022, 1991
3860, 2, 7, 102, 33, 0, 3.04%, 0, 57, 8, 206.10, 364986, 1991
3865, 2, 7, 102, 33, 0, 3.04%, 0, 57, 8, 229.66, 366150, 1991
3870, 2, 7, 102, 33, 0, 3.04%, 0, 57, 8, 44.21, 366787, 1991
3875, 2, 43, 102, 33, 0, 3.04%, 0, 57, 8, 125.00, 367209, 1991
3880, 2, 43, 102, 33, 0, 3.04%, 0, 57, 8, 231.71, 367783, 1991
3886, 2, 64, 102, 33, 0, 3.04%, 0, 57, 8, 17.56, 368505, 1991
3892, 2, 64, 102, 33, 0, 3.04%, 0, 57, 8, 15.17, 368675, 1991
3897, 2, 64, 102, 33, 0, 3.04%, 0, 57, 8, 126.17, 368824, 1991
3903, 2, 64, 102, 33, 0, 3.04%, 0, 58, 8, 8.46, 368900, 1991
3908, 2, 64, 102, 33, 0, 3.04%, 0, 58, 8, 137.25, 369053, 1991
3913, 2, 64, 102, 33, 0, 3.04%, 0, 58, 8, 6.09, 369340, 1991
3919, 2, 64, 102, 33, 0, 3.04%, 0, 58, 8, 16.26, 369481, 1991
3925, 2, 64, 102, 33, 0, 3.04%, 0, 58, 8, 25.32, 369688, 1991
3931, 2, 64, 102, 33, 0, 3.04%, 0, 58, 8, 21.28, 369976, 1991
3936, 2, 64, 102, 33, 0, 3.04%, 0, 58, 8, 9.25, 370139, 1991
3942, 2, 64, 102, 33, 0, 3.04%, 0, 58, 8, 3.85, 370245, 1991
3947, 2, 64, 102, 33, 0, 3.04%, 0, 58, 8, 21.72, 370871, 1991
3954, 2, 64, 103, 34, 0, 3.04%, 0, 58, 8, 8.24, 370943, 1991
3959, 2, 64, 103, 34, 0, 3.04%, 0, 58, 8, 7.03, 370977, 1991
3965, 2, 64, 103, 34, 0, 3.04%, 0, 58, 8, 6.77, 371010, 1991
3970, 2, 64, 103, 34, 0, 3.04%, 0, 58, 8, 6.82, 371045, 1991
3975, 2, 64, 103, 34, 0, 3.04%, 0, 58, 8, 7.23, 371081, 1991
3980, 2, 64, 103, 34, 0, 3.04%, 0, 58, 8, 7.28, 371119, 1991
3985, 2, 64, 103, 34, 0, 3.04%, 0, 58, 8, 7.28, 371156, 1991
3990, 2, 64, 103, 34, 0, 3.04%, 0, 58, 8, 6.72, 371188, 1991
3996, 2, 64, 103, 34, 0, 3.04%, 0, 58, 8, 6.74, 371222, 1991
4001, 2, 64, 103, 34, 0, 3.04%, 0, 58, 8, 7.06, 371258, 1991
4006, 2, 64, 103, 34, 0, 3.04%, 0, 58, 8, 4.11, 371289, 1991
4011, 2, 64, 103, 34, 0, 3.04%, 0, 58, 8, 6.00, 371324, 1991
4016, 2, 64, 104, 35, 0, 3.04%, 0, 58, 8, 6.40, 371357, 1991
4021, 2, 64, 104, 35, 0, 3.04%, 0, 58, 8, 6.45, 371390, 1991
4026, 2, 64, 105, 36, 0, 3.04%, 0, 58, 8, 6.47, 371419, 1991
4032, 2, 64, 105, 36, 0, 3.04%, 0, 58, 8, 6.78, 371454, 1991
4037, 2, 64, 105, 36, 0, 3.04%, 0, 58, 8, 6.85, 371490, 1991
4042, 2, 64, 105, 36, 0, 3.04%, 0, 58, 8, 7.01, 371524, 1991
4047, 2, 64, 105, 36, 0, 3.04%, 0, 58, 8, 7.81, 371562, 1991
4052, 2, 64, 105, 36, 0, 3.04%, 0, 58, 8, 7.21, 371597, 1991
4057, 2, 64, 105, 36, 0, 3.04%, 0, 58, 8, 7.20, 371633, 1991
4063, 2, 64, 105, 36, 0, 3.04%, 0, 58, 8, 6.50, 371666, 1991
4068, 2, 64, 105, 36, 0, 3.04%, 0, 58, 8, 6.32, 371698, 1991
4073, 2, 64, 105, 36, 0, 3.04%, 0, 58, 8, 6.27, 371730, 1991
4078, 2, 64, 106, 37, 0, 3.04%, 0, 58, 8, 7.44, 371770, 1991
4084, 2, 64, 106, 37, 0, 3.04%, 0, 58, 8, 6.66, 371802, 1991
4089, 2, 64, 106, 37, 0, 3.04%, 0, 58, 8, 6.31, 371833, 1991
4094, 2, 64, 106, 37, 0, 3.04%, 0, 58, 8, 6.64, 371868, 1991
4099, 2, 64, 106, 37, 0, 3.04%, 0, 58, 8, 6.82, 371902, 1991
4104, 2, 64, 106, 37, 0, 3.04%, 0, 58, 8, 6.71, 371934, 1991
4109, 2, 64, 106, 37, 0, 3.04%, 0, 58, 8, 6.78, 371968, 1991
4115, 2, 64, 106, 37, 0, 3.04%, 0, 58, 8, 6.95, 372003, 1991
4120, 2, 64, 106, 37, 0, 3.04%, 0, 58, 8, 6.19, 372034, 1991
4125, 2, 64, 106, 37, 0, 3.04%, 0, 58, 8, 6.28, 372067, 1991
4130, 2, 64, 106, 37, 0, 3.04%, 0, 58, 8, 5.84, 372096, 1991
4135, 2, 64, 106, 37, 0, 3.04%, 0, 58, 8, 6.76, 372131, 1991
4140, 2, 64, 106, 37, 0, 3.04%, 0, 58, 8, 6.87, 372164, 1991
4145, 2, 64, 106, 37, 0, 3.04%, 0, 58, 8, 6.49, 372195, 1991
4150, 2, 64, 106, 37, 0, 3.04%, 0, 58, 8, 6.63, 372227, 1991
4155, 2, 64, 106, 37, 0, 3.04%, 0, 58, 8, 6.69, 372260, 1991
4161, 2, 64, 106, 37, 0, 3.04%, 0, 58, 8, 6.96, 372292, 1991
4166, 2, 64, 106, 37, 0, 3.04%, 0, 58, 8, 6.17, 372323, 1991
4171, 2, 64, 106, 37, 0, 3.04%, 0, 58, 8, 5.97, 372352, 1991
4176, 2, 64, 106, 37, 0, 3.04%, 0, 58, 8, 6.34, 372384, 1991
4181, 2, 64, 106, 37, 0, 3.04%, 0, 58, 8, 5.99, 372413, 1991
4186, 2, 64, 106, 37, 0, 3.04%, 0, 58, 8, 6.58, 372447, 1991
4191, 2, 64, 106, 37, 0, 3.04%, 0, 58, 8, 6.53, 372476, 1991
4196, 2, 64, 106, 37, 0, 3.04%, 0, 58, 8, 1.53, 372508, 1991
