# relative_time, cycles_done, cur_item, corpus_count, pending_total, pending_favs, map_size, saved_crashes, saved_hangs, max_depth, execs_per_sec, total_execs, edges_found
61, 0, 1, 40, 40, 2, 0.48%, 0, 0, 2, 95.21, 5845, 312
66, 0, 1, 40, 40, 2, 0.48%, 0, 0, 2, 95.69, 6334, 312
72, 0, 1, 40, 40, 2, 0.48%, 0, 0, 2, 95.10, 6825, 312
77, 0, 1, 40, 40, 2, 0.48%, 0, 0, 2, 94.81, 7307, 312
82, 0, 1, 41, 41, 2, 0.48%, 0, 0, 2, 94.68, 7787, 312
87, 0, 1, 41, 41, 2, 0.48%, 0, 0, 2, 94.99, 8274, 312
92, 0, 1, 41, 41, 2, 0.48%, 0, 0, 2, 96.01, 8770, 312
97, 0, 1, 41, 41, 2, 0.48%, 0, 0, 2, 95.84, 9259, 312
102, 0, 1, 41, 41, 2, 0.48%, 0, 0, 2, 94.05, 9739, 312
107, 0, 1, 41, 41, 2, 0.48%, 0, 0, 2, 93.82, 10221, 312
112, 0, 1, 41, 41, 2, 0.48%, 0, 0, 2, 94.37, 10702, 312
118, 0, 1, 41, 41, 2, 0.48%, 0, 0, 2, 94.62, 11185, 312
123, 0, 1, 42, 42, 2, 0.48%, 0, 0, 2, 93.93, 11665, 312
128, 0, 1, 42, 42, 2, 0.48%, 0, 0, 2, 94.96, 12156, 312
133, 0, 1, 42, 42, 2, 0.48%, 0, 0, 2, 95.36, 12649, 312
138, 0, 1, 43, 43, 2, 0.48%, 0, 0, 2, 94.81, 13134, 312
143, 0, 1, 43, 43, 2, 0.48%, 0, 0, 2, 94.80, 13619, 312
148, 0, 1, 43, 43, 2, 0.48%, 0, 0, 2, 95.47, 14108, 312
153, 0, 1, 43, 43, 2, 0.48%, 0, 0, 2, 94.93, 14597, 312
159, 0, 1, 43, 43, 2, 0.48%, 0, 0, 2, 95.08, 15083, 312
164, 0, 1, 43, 43, 2, 0.48%, 0, 0, 2, 94.56, 15565, 312
169, 0, 1, 43, 43, 2, 0.48%, 0, 0, 2, 94.84, 16048, 312
174, 0, 1, 43, 43, 2, 0.48%, 0, 0, 2, 94.19, 16533, 312
179, 0, 21, 44, 43, 11, 0.48%, 0, 0, 3, 95.11, 17019, 313
184, 0, 43, 45, 43, 11, 0.48%, 0, 0, 4, 96.29, 17522, 313
189, 0, 26, 45, 42, 11, 0.48%, 0, 0, 4, 95.88, 18012, 313
194, 0, 44, 45, 41, 10, 0.48%, 0, 0, 4, 96.18, 18502, 313
200, 0, 34, 45, 40, 9, 0.48%, 0, 0, 4, 96.54, 18998, 313
205, 0, 44, 45, 39, 8, 0.48%, 0, 0, 4, 96.86, 19492, 313
210, 0, 44, 45, 38, 7, 0.48%, 0, 0, 4, 95.66, 19985, 313
215, 0, 44, 45, 38, 7, 0.48%, 0, 0, 4, 94.80, 20467, 313
220, 0, 12, 45, 37, 6, 0.48%, 0, 0, 4, 95.51, 20958, 313
225, 0, 19, 45, 36, 5, 0.48%, 0, 0, 4, 95.91, 21448, 313
230, 0, 27, 45, 34, 3, 0.48%, 0, 0, 4, 95.56, 21934, 313
235, 0, 27, 46, 35, 3, 0.48%, 0, 0, 4, 95.60, 22424, 313
240, 0, 0, 46, 34, 3, 0.48%, 0, 0, 4, 94.94, 22914, 313
246, 0, 9, 47, 34, 2, 0.48%, 0, 0, 4, 94.62, 23403, 313
251, 0, 45, 49, 35, 1, 0.49%, 0, 0, 4, 96.54, 23902, 322
256, 0, 45, 57, 43, 1, 0.49%, 0, 0, 4, 96.14, 24392, 322
261, 0, 45, 57, 43, 1, 0.49%, 0, 0, 4, 96.05, 24883, 322
266, 0, 45, 57, 43, 1, 0.49%, 0, 0, 4, 96.25, 25376, 322
271, 0, 45, 57, 43, 1, 0.49%, 0, 0, 4, 96.18, 25871, 322
276, 0, 45, 58, 44, 1, 0.49%, 0, 0, 4, 96.43, 26369, 322
282, 0, 45, 58, 44, 1, 0.49%, 0, 0, 4, 97.11, 26868, 322
287, 0, 45, 58, 44, 1, 0.49%, 0, 0, 4, 96.46, 27363, 322
292, 0, 45, 58, 44, 1, 0.49%, 0, 0, 4, 96.46, 27860, 322
297, 0, 45, 58, 44, 1, 0.49%, 0, 0, 4, 95.22, 28347, 322
302, 0, 45, 58, 44, 1, 0.49%, 0, 0, 4, 96.20, 28843, 322
307, 0, 45, 58, 44, 1, 0.49%, 0, 0, 4, 95.72, 29332, 322
312, 0, 45, 58, 44, 1, 0.49%, 0, 0, 4, 96.62, 29830, 322
317, 0, 45, 58, 44, 1, 0.49%, 0, 0, 4, 96.42, 30323, 322
323, 0, 45, 58, 44, 1, 0.49%, 0, 0, 4, 96.53, 30814, 322
328, 0, 45, 58, 44, 1, 0.49%, 0, 0, 4, 95.45, 31303, 322
333, 0, 45, 58, 44, 1, 0.49%, 0, 0, 4, 96.14, 31797, 322
338, 0, 45, 58, 44, 1, 0.49%, 0, 0, 4, 96.90, 32294, 322
343, 0, 45, 58, 44, 1, 0.49%, 0, 0, 4, 96.30, 32788, 322
348, 0, 45, 58, 44, 1, 0.49%, 0, 0, 4, 96.01, 33278, 322
353, 0, 45, 58, 44, 1, 0.49%, 0, 0, 4, 96.85, 33775, 322
358, 0, 45, 58, 44, 1, 0.49%, 0, 0, 4, 96.41, 34268, 322
364, 0, 45, 58, 44, 1, 0.49%, 0, 0, 4, 96.07, 34765, 322
369, 0, 45, 58, 44, 1, 0.49%, 0, 0, 4, 96.14, 35259, 322
374, 0, 45, 58, 44, 1, 0.49%, 0, 0, 4, 95.19, 35741, 322
379, 0, 45, 58, 44, 1, 0.49%, 0, 0, 4, 96.27, 36235, 322
384, 0, 45, 58, 44, 1, 0.49%, 0, 0, 4, 96.53, 36732, 322
389, 0, 45, 58, 44, 1, 0.49%, 0, 0, 4, 96.07, 37223, 322
394, 0, 45, 58, 44, 1, 0.49%, 0, 0, 4, 95.80, 37717, 322
400, 0, 45, 58, 44, 1, 0.49%, 0, 0, 4, 95.83, 38210, 322
405, 0, 45, 58, 44, 1, 0.49%, 0, 0, 4, 97.22, 38710, 322
410, 0, 45, 58, 44, 1, 0.49%, 0, 0, 4, 97.42, 39209, 322
415, 0, 45, 58, 44, 1, 0.49%, 0, 0, 4, 96.77, 39704, 322
420, 0, 45, 58, 44, 1, 0.49%, 0, 0, 4, 97.11, 40202, 322
425, 0, 50, 59, 44, 2, 0.49%, 0, 0, 5, 97.09, 40700, 322
430, 0, 58, 59, 43, 2, 0.49%, 0, 0, 5, 96.85, 41198, 322
435, 0, 51, 59, 42, 1, 0.49%, 0, 0, 5, 94.69, 41684, 322
441, 0, 51, 59, 41, 0, 0.49%, 0, 0, 5, 94.53, 42167, 322
446, 0, 58, 59, 41, 0, 0.49%, 0, 0, 5, 96.11, 42662, 322
451, 0, 58, 59, 41, 0, 0.49%, 0, 0, 5, 95.98, 43153, 322
456, 0, 58, 59, 41, 0, 0.49%, 0, 0, 5, 96.93, 43647, 322
461, 0, 58, 59, 41, 0, 0.49%, 0, 0, 5, 96.88, 44144, 322
466, 0, 51, 59, 41, 0, 0.49%, 0, 0, 5, 96.47, 44637, 322
471, 0, 0, 59, 41, 0, 0.49%, 0, 0, 5, 96.23, 45128, 322
476, 0, 0, 59, 41, 0, 0.49%, 0, 0, 5, 96.11, 45623, 322
482, 0, 0, 60, 42, 0, 0.49%, 0, 0, 5, 96.19, 46115, 322
487, 0, 0, 60, 42, 0, 0.49%, 0, 0, 5, 95.58, 46605, 322
492, 0, 0, 61, 43, 0, 0.50%, 0, 0, 5, 95.97, 47096, 330
497, 0, 0, 61, 43, 0, 0.50%, 0, 0, 5, 95.96, 47590, 330
502, 0, 0, 61, 43, 0, 0.50%, 0, 0, 5, 94.53, 48078, 330
507, 0, 0, 62, 44, 0, 0.50%, 0, 0, 5, 94.62, 48568, 330
512, 0, 0, 62, 44, 0, 0.50%, 0, 0, 5, 95.32, 49058, 330
518, 0, 0, 62, 44, 0, 0.50%, 0, 0, 5, 94.08, 49541, 330
523, 0, 0, 62, 44, 0, 0.50%, 0, 0, 5, 94.41, 50022, 330
528, 0, 0, 62, 44, 0, 0.50%, 0, 0, 5, 95.06, 50508, 330
533, 0, 0, 62, 44, 0, 0.50%, 0, 0, 5, 96.15, 51001, 330
538, 0, 0, 62, 44, 0, 0.50%, 0, 0, 5, 96.73, 51500, 330
543, 0, 0, 62, 44, 0, 0.50%, 0, 0, 5, 96.20, 51994, 330
548, 0, 0, 62, 44, 0, 0.50%, 0, 0, 5, 96.22, 52485, 330
553, 0, 0, 62, 44, 0, 0.50%, 0, 0, 5, 95.32, 52970, 330
558, 0, 0, 62, 44, 0, 0.50%, 0, 0, 5, 95.71, 53459, 330
564, 0, 0, 62, 44, 0, 0.50%, 0, 0, 5, 96.41, 53954, 330
569, 0, 60, 62, 44, 1, 0.50%, 0, 0, 5, 95.97, 54447, 330
574, 0, 58, 62, 43, 0, 0.50%, 0, 0, 5, 95.66, 54932, 330
579, 0, 58, 62, 43, 0, 0.50%, 0, 0, 5, 97.20, 55431, 330
584, 0, 51, 62, 43, 0, 0.50%, 0, 0, 5, 96.88, 55925, 330
589, 0, 58, 62, 43, 0, 0.50%, 0, 0, 5, 97.17, 56422, 330
594, 0, 58, 62, 43, 0, 0.50%, 0, 0, 5, 96.67, 56918, 330
599, 0, 58, 62, 43, 0, 0.50%, 0, 0, 5, 96.55, 57411, 330
605, 0, 51, 62, 43, 0, 0.50%, 0, 0, 5, 96.77, 57907, 330
610, 0, 58, 62, 43, 0, 0.50%, 0, 0, 5, 97.20, 58405, 330
615, 0, 58, 62, 43, 0, 0.50%, 0, 0, 5, 96.42, 58900, 330
620, 0, 58, 62, 43, 0, 0.50%, 0, 0, 5, 97.29, 59400, 330
625, 0, 58, 62, 43, 0, 0.50%, 0, 0, 5, 97.39, 59900, 330
630, 0, 58, 62, 43, 0, 0.50%, 0, 0, 5, 96.42, 60396, 330
635, 0, 58, 62, 43, 0, 0.50%, 0, 0, 5, 95.35, 60885, 330
640, 0, 58, 62, 43, 0, 0.50%, 0, 0, 5, 96.33, 61375, 330
646, 0, 51, 62, 43, 0, 0.50%, 0, 0, 5, 94.94, 61858, 330
651, 0, 58, 62, 43, 0, 0.50%, 0, 0, 5, 96.65, 62352, 330
656, 0, 58, 62, 43, 0, 0.50%, 0, 0, 5, 96.53, 62843, 330
661, 0, 58, 62, 43, 0, 0.50%, 0, 0, 5, 96.64, 63341, 330
666, 0, 58, 62, 43, 0, 0.50%, 0, 0, 5, 96.43, 63837, 330
671, 0, 58, 62, 43, 0, 0.50%, 0, 0, 5, 97.18, 64333, 330
676, 0, 38, 62, 43, 0, 0.50%, 0, 0, 5, 96.68, 64833, 330
681, 0, 38, 63, 44, 0, 0.50%, 0, 0, 5, 96.55, 65329, 330
687, 0, 38, 64, 45, 0, 0.50%, 0, 0, 5, 96.08, 65822, 330
692, 0, 38, 64, 45, 0, 0.50%, 0, 0, 5, 95.77, 66313, 330
697, 0, 38, 64, 45, 0, 0.50%, 0, 0, 5, 95.48, 66805, 330
702, 0, 38, 64, 45, 0, 0.50%, 0, 0, 5, 94.33, 67289, 330
707, 0, 38, 64, 45, 0, 0.50%, 0, 0, 5, 95.70, 67786, 330
712, 0, 38, 64, 45, 0, 0.50%, 0, 0, 5, 95.49, 68273, 330
717, 0, 38, 64, 45, 0, 0.50%, 0, 0, 5, 94.70, 68758, 330
722, 0, 38, 64, 45, 0, 0.50%, 0, 0, 5, 95.51, 69251, 330
728, 0, 58, 64, 45, 0, 0.50%, 0, 0, 5, 96.09, 69745, 330
733, 0, 58, 64, 45, 0, 0.50%, 0, 0, 5, 96.74, 70241, 330
738, 0, 58, 64, 45, 0, 0.50%, 0, 0, 5, 96.77, 70739, 330
743, 0, 51, 64, 45, 0, 0.50%, 0, 0, 5, 95.94, 71233, 330
748, 0, 58, 64, 45, 0, 0.50%, 0, 0, 5, 96.77, 71727, 330
753, 0, 58, 64, 45, 0, 0.50%, 0, 0, 5, 96.42, 72222, 330
758, 0, 58, 64, 45, 0, 0.50%, 0, 0, 5, 95.65, 72714, 330
763, 0, 58, 64, 45, 0, 0.50%, 0, 0, 5, 96.66, 73212, 330
769, 0, 58, 64, 45, 0, 0.50%, 0, 0, 5, 97.31, 73708, 330
774, 0, 58, 64, 45, 0, 0.50%, 0, 0, 5, 96.42, 74201, 330
779, 0, 34, 64, 45, 0, 0.50%, 0, 0, 5, 95.78, 74693, 330
784, 0, 34, 64, 45, 0, 0.50%, 0, 0, 5, 95.87, 75183, 330
789, 0, 34, 64, 45, 0, 0.50%, 0, 0, 5, 94.58, 75664, 330
794, 0, 38, 64, 45, 0, 0.50%, 0, 0, 5, 94.91, 76152, 330
799, 0, 38, 64, 45, 0, 0.50%, 0, 0, 5, 94.55, 76635, 330
804, 0, 58, 64, 45, 0, 0.50%, 0, 0, 5, 96.24, 77128, 330
810, 0, 46, 64, 45, 0, 0.50%, 0, 0, 5, 95.99, 77617, 330
815, 0, 58, 64, 44, 0, 0.50%, 0, 0, 5, 96.19, 78105, 330
820, 0, 51, 64, 44, 0, 0.50%, 0, 0, 5, 96.18, 78597, 330
825, 0, 58, 64, 44, 0, 0.50%, 0, 0, 5, 96.44, 79092, 330
830, 0, 58, 64, 44, 0, 0.50%, 0, 0, 5, 95.98, 79581, 330
835, 0, 58, 64, 44, 0, 0.50%, 0, 0, 5, 95.81, 80070, 330
840, 0, 58, 64, 44, 0, 0.50%, 0, 0, 5, 96.37, 80563, 330
845, 0, 51, 64, 44, 0, 0.50%, 0, 0, 5, 97.39, 81062, 330
850, 0, 58, 64, 44, 0, 0.50%, 0, 0, 5, 96.31, 81555, 330
856, 0, 58, 64, 44, 0, 0.50%, 0, 0, 5, 97.00, 82053, 330
861, 1, 58, 64, 44, 0, 0.50%, 0, 0, 5, 96.64, 82548, 330
866, 1, 58, 64, 44, 0, 0.50%, 0, 0, 5, 95.51, 83037, 330
871, 1, 58, 64, 44, 0, 0.50%, 0, 0, 5, 96.88, 83533, 330
876, 1, 60, 64, 44, 0, 0.50%, 0, 0, 5, 94.80, 84019, 330
881, 1, 60, 64, 44, 0, 0.50%, 0, 0, 5, 94.82, 84505, 330
886, 1, 58, 64, 44, 0, 0.50%, 0, 0, 5, 94.33, 84988, 330
892, 1, 58, 64, 44, 0, 0.50%, 0, 0, 5, 96.02, 85483, 330
897, 1, 58, 64, 44, 0, 0.50%, 0, 0, 5, 95.54, 85972, 330
902, 1, 58, 64, 44, 0, 0.50%, 0, 0, 5, 96.29, 86463, 330
907, 1, 58, 64, 44, 0, 0.50%, 0, 0, 5, 95.74, 86955, 330
912, 1, 58, 64, 44, 0, 0.50%, 0, 0, 5, 95.07, 87445, 330
917, 1, 51, 64, 44, 0, 0.50%, 0, 0, 5, 95.93, 87937, 330
922, 1, 58, 64, 44, 0, 0.50%, 0, 0, 5, 96.63, 88432, 330
927, 1, 58, 64, 44, 0, 0.50%, 0, 0, 5, 96.92, 88925, 330
932, 1, 58, 64, 44, 0, 0.50%, 0, 0, 5, 97.49, 89423, 330
938, 1, 58, 64, 44, 0, 0.50%, 0, 0, 5, 96.88, 89919, 330
943, 1, 58, 64, 44, 0, 0.50%, 0, 0, 5, 96.34, 90415, 330
948, 1, 51, 64, 44, 0, 0.50%, 0, 0, 5, 97.21, 90914, 330
953, 1, 58, 64, 44, 0, 0.50%, 0, 0, 5, 96.73, 91407, 330
958, 1, 58, 64, 44, 0, 0.50%, 0, 0, 5, 97.30, 91905, 330
963, 1, 58, 64, 44, 0, 0.50%, 0, 0, 5, 95.60, 92396, 330
968, 1, 58, 64, 44, 0, 0.50%, 0, 0, 5, 96.16, 92881, 330
973, 1, 58, 64, 44, 0, 0.50%, 0, 0, 5, 96.66, 93373, 330
979, 1, 58, 64, 44, 0, 0.50%, 0, 0, 5, 97.14, 93873, 330
984, 1, 58, 64, 44, 0, 0.50%, 0, 0, 5, 96.76, 94367, 330
989, 1, 58, 64, 44, 0, 0.50%, 0, 0, 5, 96.61, 94862, 330
994, 1, 58, 64, 44, 0, 0.50%, 0, 0, 5, 96.69, 95359, 330
999, 1, 58, 64, 44, 0, 0.50%, 0, 0, 5, 97.33, 95855, 330
1004, 1, 58, 64, 44, 0, 0.50%, 0, 0, 5, 96.75, 96352, 330
1009, 1, 58, 64, 44, 0, 0.50%, 0, 0, 5, 97.14, 96846, 330
1014, 1, 58, 64, 44, 0, 0.50%, 0, 0, 5, 97.56, 97343, 330
1019, 1, 58, 64, 44, 0, 0.50%, 0, 0, 5, 97.04, 97838, 330
1025, 1, 58, 64, 44, 0, 0.50%, 0, 0, 5, 96.91, 98335, 330
1030, 1, 58, 64, 44, 0, 0.50%, 0, 0, 5, 96.34, 98827, 330
1035, 1, 58, 64, 44, 0, 0.50%, 0, 0, 5, 96.26, 99322, 330
1040, 1, 34, 64, 44, 0, 0.50%, 0, 0, 5, 95.76, 99813, 330
1045, 1, 34, 64, 44, 0, 0.50%, 0, 0, 5, 97.14, 100311, 330
1050, 1, 58, 64, 44, 0, 0.50%, 0, 0, 5, 96.25, 100802, 330
1055, 1, 58, 64, 44, 0, 0.50%, 0, 0, 5, 97.10, 101299, 330
1060, 1, 58, 64, 44, 0, 0.50%, 0, 0, 5, 95.39, 101791, 330
1066, 1, 58, 64, 44, 0, 0.50%, 0, 0, 5, 96.65, 102285, 330
1071, 1, 58, 64, 44, 0, 0.50%, 0, 0, 5, 96.60, 102780, 330
1076, 1, 58, 64, 44, 0, 0.50%, 0, 0, 5, 96.97, 103277, 330
1081, 1, 60, 64, 44, 0, 0.50%, 0, 0, 5, 96.03, 103767, 330
1086, 1, 60, 64, 44, 0, 0.50%, 0, 0, 5, 95.27, 104255, 330
1091, 1, 60, 64, 44, 0, 0.50%, 0, 0, 5, 95.79, 104748, 330
1096, 1, 58, 64, 44, 0, 0.50%, 0, 0, 5, 95.46, 105237, 330
1101, 1, 58, 64, 44, 0, 0.50%, 0, 0, 5, 95.50, 105726, 330
1106, 1, 58, 64, 44, 0, 0.50%, 0, 0, 5, 97.08, 106221, 330
1112, 1, 51, 64, 44, 0, 0.50%, 0, 0, 5, 97.12, 106718, 330
1117, 1, 58, 64, 44, 0, 0.50%, 0, 0, 5, 97.37, 107219, 330
1122, 1, 58, 64, 44, 0, 0.50%, 0, 0, 5, 96.66, 107711, 330
1127, 1, 60, 64, 44, 0, 0.50%, 0, 0, 5, 95.81, 108201, 330
1132, 1, 60, 64, 44, 0, 0.50%, 0, 0, 5, 96.30, 108690, 330
1137, 1, 58, 64, 44, 0, 0.50%, 0, 0, 5, 96.54, 109185, 330
1142, 1, 58, 64, 44, 0, 0.50%, 0, 0, 5, 96.64, 109679, 330
1147, 1, 58, 64, 44, 0, 0.50%, 0, 0, 5, 96.64, 110173, 330
1153, 1, 51, 64, 44, 0, 0.50%, 0, 0, 5, 96.93, 110668, 330
1158, 1, 51, 64, 44, 0, 0.50%, 0, 0, 5, 96.67, 111163, 330
1163, 1, 58, 64, 44, 0, 0.50%, 0, 0, 5, 96.44, 111656, 330
1168, 1, 12, 65, 45, 0, 0.50%, 0, 0, 5, 96.62, 112151, 330
1173, 1, 12, 65, 45, 0, 0.50%, 0, 0, 5, 95.91, 112641, 330
1178, 1, 12, 65, 45, 0, 0.50%, 0, 0, 5, 96.19, 113136, 330
1183, 1, 12, 66, 46, 0, 0.50%, 0, 0, 5, 96.22, 113636, 330
1188, 1, 12, 66, 46, 0, 0.50%, 0, 0, 5, 95.59, 114124, 330
1194, 1, 12, 66, 46, 0, 0.50%, 0, 0, 5, 95.93, 114617, 330
1199, 1, 12, 66, 46, 0, 0.50%, 0, 0, 5, 95.89, 115109, 330
1204, 1, 12, 66, 46, 0, 0.50%, 0, 0, 5, 95.35, 115600, 330
1209, 1, 12, 66, 46, 0, 0.50%, 0, 0, 5, 95.76, 116085, 330
1214, 1, 58, 66, 46, 0, 0.50%, 0, 0, 5, 96.20, 116580, 330
1219, 1, 58, 66, 46, 0, 0.50%, 0, 0, 5, 96.65, 117077, 330
1224, 1, 58, 66, 46, 0, 0.50%, 0, 0, 5, 95.30, 117565, 330
1229, 1, 58, 66, 46, 0, 0.50%, 0, 0, 5, 95.43, 118054, 330
1235, 1, 58, 66, 46, 0, 0.50%, 0, 0, 5, 95.77, 118543, 330
1240, 1, 45, 66, 46, 0, 0.50%, 0, 0, 5, 95.90, 119034, 330
1245, 1, 45, 66, 46, 0, 0.50%, 0, 0, 5, 96.90, 119532, 330
1250, 1, 45, 66, 46, 0, 0.50%, 0, 0, 5, 96.69, 120028, 330
1255, 1, 58, 66, 46, 0, 0.50%, 0, 0, 5, 96.26, 120522, 330
1260, 1, 12, 66, 46, 0, 0.50%, 0, 0, 5, 96.13, 121015, 330
1265, 1, 12, 66, 46, 0, 0.50%, 0, 0, 5, 95.03, 121499, 330
1270, 1, 58, 66, 46, 0, 0.50%, 0, 0, 5, 96.49, 121993, 330
1276, 1, 58, 66, 46, 0, 0.50%, 0, 0, 5, 96.35, 122486, 330
1281, 1, 58, 66, 46, 0, 0.50%, 0, 0, 5, 96.06, 122978, 330
1286, 1, 58, 66, 46, 0, 0.50%, 0, 0, 5, 96.03, 123472, 330
1291, 1, 58, 66, 46, 0, 0.50%, 0, 0, 5, 94.87, 123960, 330
1296, 1, 58, 66, 46, 0, 0.50%, 0, 0, 5, 94.98, 124444, 330
1301, 1, 58, 66, 46, 0, 0.50%, 0, 0, 5, 96.57, 124941, 330
1306, 1, 58, 66, 46, 0, 0.50%, 0, 0, 5, 95.66, 125432, 330
1311, 1, 58, 66, 46, 0, 0.50%, 0, 0, 5, 95.44, 125922, 330
1317, 1, 58, 66, 46, 0, 0.50%, 0, 0, 5, 96.37, 126417, 330
1322, 1, 58, 66, 46, 0, 0.50%, 0, 0, 5, 96.13, 126912, 330
1327, 1, 58, 66, 46, 0, 0.50%, 0, 0, 5, 96.79, 127405, 330
1332, 1, 58, 66, 46, 0, 0.50%, 0, 0, 5, 96.13, 127897, 330
1337, 1, 58, 66, 46, 0, 0.50%, 0, 0, 5, 96.11, 128388, 330
1342, 1, 38, 66, 46, 0, 0.50%, 0, 0, 5, 95.14, 128876, 330
1347, 1, 38, 66, 46, 0, 0.50%, 0, 0, 5, 96.03, 129370, 330
1352, 1, 58, 66, 46, 0, 0.50%, 0, 0, 5, 96.31, 129861, 330
1358, 2, 58, 66, 46, 0, 0.50%, 0, 0, 5, 95.62, 130353, 330
1363, 2, 58, 66, 46, 0, 0.50%, 0, 0, 5, 95.87, 130845, 330
1368, 2, 58, 66, 46, 0, 0.50%, 0, 0, 5, 95.34, 131335, 330
1373, 2, 58, 66, 46, 0, 0.50%, 0, 0, 5, 96.27, 131828, 330
1378, 2, 58, 66, 46, 0, 0.50%, 0, 0, 5, 97.22, 132323, 330
1383, 2, 58, 66, 46, 0, 0.50%, 0, 0, 5, 96.02, 132814, 330
1388, 2, 58, 66, 46, 0, 0.50%, 0, 0, 5, 96.24, 133311, 330
1393, 2, 58, 66, 46, 0, 0.50%, 0, 0, 5, 96.44, 133805, 330
1399, 2, 58, 66, 46, 0, 0.50%, 0, 0, 5, 96.21, 134298, 330
1404, 2, 58, 66, 46, 0, 0.50%, 0, 0, 5, 96.27, 134788, 330
1409, 2, 51, 66, 46, 0, 0.50%, 0, 0, 5, 96.12, 135282, 330
1414, 2, 58, 66, 46, 0, 0.50%, 0, 0, 5, 95.91, 135772, 330
1419, 2, 58, 66, 46, 0, 0.50%, 0, 0, 5, 96.55, 136267, 330
1424, 2, 58, 66, 46, 0, 0.50%, 0, 0, 5, 95.14, 136755, 330
1429, 2, 58, 66, 46, 0, 0.50%, 0, 0, 5, 96.29, 137249, 330
1434, 2, 51, 66, 46, 0, 0.50%, 0, 0, 5, 96.64, 137745, 330
1440, 2, 58, 66, 46, 0, 0.50%, 0, 0, 5, 96.82, 138239, 330
1445, 2, 51, 66, 46, 0, 0.50%, 0, 0, 5, 96.45, 138732, 330
1450, 2, 58, 66, 46, 0, 0.50%, 0, 0, 5, 95.92, 139225, 330
1455, 2, 58, 66, 46, 0, 0.50%, 0, 0, 5, 96.15, 139714, 330
1460, 2, 58, 66, 46, 0, 0.50%, 0, 0, 5, 95.69, 140205, 330
1465, 2, 64, 67, 47, 0, 0.50%, 0, 0, 5, 96.10, 140690, 330
1470, 2, 64, 67, 47, 0, 0.50%, 0, 0, 5, 95.58, 141181, 330
1475, 2, 58, 67, 46, 0, 0.50%, 0, 0, 5, 95.46, 141670, 330
1480, 2, 58, 67, 46, 0, 0.50%, 0, 0, 5, 96.32, 142164, 330
1486, 2, 58, 67, 46, 0, 0.50%, 0, 0, 5, 95.94, 142655, 330
1491, 2, 58, 67, 46, 0, 0.50%, 0, 0, 5, 95.40, 143143, 330
1496, 2, 58, 67, 46, 0, 0.50%, 0, 0, 5, 95.24, 143633, 330
1501, 2, 58, 67, 46, 0, 0.50%, 0, 0, 5, 96.24, 144125, 330
1506, 2, 58, 67, 46, 0, 0.50%, 0, 0, 5, 95.47, 144613, 330
1511, 2, 58, 67, 46, 0, 0.50%, 0, 0, 5, 96.56, 145109, 330
1516, 2, 58, 67, 46, 0, 0.50%, 0, 0, 5, 95.44, 145596, 330
1521, 2, 58, 67, 46, 0, 0.50%, 0, 0, 5, 96.50, 146089, 330
1527, 2, 58, 67, 46, 0, 0.50%, 0, 0, 5, 96.60, 146587, 330
1532, 2, 58, 67, 46, 0, 0.50%, 0, 0, 5, 96.09, 147076, 330
1537, 2, 51, 67, 46, 0, 0.50%, 0, 0, 5, 95.56, 147563, 330
1542, 2, 58, 67, 46, 0, 0.50%, 0, 0, 5, 95.70, 148056, 330
1547, 2, 58, 67, 46, 0, 0.50%, 0, 0, 5, 95.82, 148549, 330
1552, 2, 51, 67, 46, 0, 0.50%, 0, 0, 5, 95.37, 149040, 330
1557, 2, 51, 67, 46, 0, 0.50%, 0, 0, 5, 94.44, 149521, 330
1562, 2, 58, 67, 46, 0, 0.50%, 0, 0, 5, 96.50, 150017, 330
1568, 2, 58, 67, 46, 0, 0.50%, 0, 0, 5, 96.40, 150510, 330
1573, 2, 58, 67, 46, 0, 0.50%, 0, 0, 5, 96.28, 151003, 330
1578, 2, 51, 67, 46, 0, 0.50%, 0, 0, 5, 96.40, 151493, 330
1583, 2, 58, 67, 46, 0, 0.50%, 0, 0, 5, 96.68, 151986, 330
1588, 2, 58, 67, 46, 0, 0.50%, 0, 0, 5, 96.63, 152482, 330
1593, 2, 58, 67, 46, 0, 0.50%, 0, 0, 5, 95.66, 152969, 330
1598, 2, 60, 67, 46, 0, 0.50%, 0, 0, 5, 94.86, 153456, 330
1603, 2, 60, 67, 46, 0, 0.50%, 0, 0, 5, 95.36, 153941, 330
1608, 2, 58, 67, 46, 0, 0.50%, 0, 0, 5, 96.67, 154437, 330
1614, 2, 58, 67, 46, 0, 0.50%, 0, 0, 5, 95.91, 154926, 330
1619, 2, 58, 67, 46, 0, 0.50%, 0, 0, 5, 95.96, 155416, 330
1624, 2, 58, 67, 46, 0, 0.50%, 0, 0, 5, 95.94, 155905, 330
1629, 2, 58, 67, 46, 0, 0.50%, 0, 0, 5, 96.47, 156399, 330
1634, 2, 58, 67, 46, 0, 0.50%, 0, 0, 5, 96.41, 156893, 330
1639, 2, 58, 67, 46, 0, 0.50%, 0, 0, 5, 96.13, 157387, 330
1644, 2, 53, 67, 46, 0, 0.50%, 0, 0, 5, 96.48, 157879, 330
1649, 2, 58, 67, 45, 0, 0.50%, 0, 0, 5, 95.37, 158365, 330
1655, 2, 58, 67, 45, 0, 0.50%, 0, 0, 5, 96.42, 158864, 330
1660, 2, 58, 67, 45, 0, 0.50%, 0, 0, 5, 95.48, 159352, 330
1665, 2, 51, 67, 45, 0, 0.50%, 0, 0, 5, 95.36, 159839, 330
1670, 2, 58, 67, 45, 0, 0.50%, 0, 0, 5, 96.41, 160336, 330
1675, 2, 52, 67, 45, 0, 0.50%, 0, 0, 5, 97.06, 160833, 330
1680, 2, 58, 67, 44, 0, 0.50%, 0, 0, 5, 96.20, 161327, 330
1685, 2, 58, 67, 44, 0, 0.50%, 0, 0, 5, 94.91, 161809, 330
1690, 2, 58, 67, 44, 0, 0.50%, 0, 0, 5, 96.37, 162303, 330
1695, 2, 58, 67, 44, 0, 0.50%, 0, 0, 5, 96.02, 162795, 330
1701, 2, 58, 67, 44, 0, 0.50%, 0, 0, 5, 95.71, 163284, 330
1706, 2, 58, 67, 44, 0, 0.50%, 0, 0, 5, 95.60, 163774, 330
1711, 2, 35, 67, 44, 0, 0.50%, 0, 0, 5, 96.94, 164270, 330
1716, 2, 52, 67, 43, 0, 0.50%, 0, 0, 5, 95.57, 164756, 330
1721, 2, 52, 68, 44, 0, 0.50%, 0, 0, 5, 95.69, 165247, 330
1726, 2, 52, 68, 44, 0, 0.50%, 0, 0, 5, 96.32, 165740, 330
1731, 2, 52, 68, 44, 0, 0.50%, 0, 0, 5, 96.61, 166235, 330
1736, 2, 52, 68, 44, 0, 0.50%, 0, 0, 5, 95.99, 166726, 330
1742, 2, 52, 68, 44, 0, 0.50%, 0, 0, 5, 95.58, 167218, 330
1747, 2, 52, 68, 44, 0, 0.50%, 0, 0, 5, 95.56, 167707, 330
1752, 2, 58, 68, 44, 0, 0.50%, 0, 0, 5, 94.57, 168190, 330
1757, 2, 58, 68, 44, 0, 0.50%, 0, 0, 5, 96.00, 168685, 330
1762, 2, 58, 68, 44, 0, 0.50%, 0, 0, 5, 96.47, 169180, 330
1767, 2, 60, 68, 44, 0, 0.50%, 0, 0, 5, 96.57, 169676, 330
1772, 2, 60, 68, 44, 0, 0.50%, 0, 0, 5, 96.12, 170167, 330
1777, 2, 58, 68, 44, 0, 0.50%, 0, 0, 5, 95.86, 170661, 330
1783, 2, 58, 68, 44, 0, 0.50%, 0, 0, 5, 96.61, 171157, 330
1788, 2, 58, 68, 44, 0, 0.50%, 0, 0, 5, 96.33, 171651, 330
1793, 2, 58, 68, 44, 0, 0.50%, 0, 0, 5, 96.44, 172146, 330
1798, 2, 58, 68, 44, 0, 0.50%, 0, 0, 5, 95.87, 172640, 330
1803, 2, 58, 68, 44, 0, 0.50%, 0, 0, 5, 96.89, 173135, 330
1808, 2, 58, 68, 44, 0, 0.50%, 0, 0, 5, 96.05, 173628, 330
1813, 2, 52, 68, 44, 0, 0.50%, 0, 0, 5, 95.90, 174119, 330
1818, 2, 58, 68, 44, 0, 0.50%, 0, 0, 5, 94.67, 174603, 330
1824, 2, 51, 68, 44, 0, 0.50%, 0, 0, 5, 95.96, 175094, 330
1829, 2, 51, 68, 44, 0, 0.50%, 0, 0, 5, 96.14, 175587, 330
1834, 3, 58, 68, 44, 0, 0.50%, 0, 0, 5, 96.22, 176079, 330
1839, 3, 58, 68, 44, 0, 0.50%, 0, 0, 5, 97.26, 176576, 330
1844, 3, 58, 68, 44, 0, 0.50%, 0, 0, 5, 96.46, 177066, 330
1849, 3, 58, 68, 44, 0, 0.50%, 0, 0, 5, 97.12, 177564, 330
1854, 3, 58, 68, 44, 0, 0.50%, 0, 0, 5, 97.14, 178061, 330
1859, 3, 58, 68, 44, 0, 0.50%, 0, 0, 5, 97.32, 178560, 330
1865, 3, 58, 68, 44, 0, 0.50%, 0, 0, 5, 95.58, 179048, 330
1870, 3, 58, 68, 44, 0, 0.50%, 0, 0, 5, 96.15, 179544, 330
1875, 3, 58, 68, 44, 0, 0.50%, 0, 0, 5, 96.11, 180036, 330
1880, 3, 58, 68, 44, 0, 0.50%, 0, 0, 5, 96.61, 180530, 330
1885, 3, 58, 68, 44, 0, 0.50%, 0, 0, 5, 95.36, 181018, 330
1890, 3, 58, 68, 44, 0, 0.50%, 0, 0, 5, 95.61, 181506, 330
1895, 3, 58, 68, 44, 0, 0.50%, 0, 0, 5, 95.92, 182000, 330
1900, 3, 58, 68, 44, 0, 0.50%, 0, 0, 5, 96.43, 182493, 330
1905, 3, 58, 68, 44, 0, 0.50%, 0, 0, 5, 97.57, 182990, 330
1911, 3, 52, 68, 44, 0, 0.50%, 0, 0, 5, 96.28, 183480, 330
1916, 3, 58, 68, 44, 0, 0.50%, 0, 0, 5, 96.55, 183977, 330
1921, 3, 58, 68, 44, 0, 0.50%, 0, 0, 5, 96.52, 184471, 330
1926, 3, 58, 68, 44, 0, 0.50%, 0, 0, 5, 96.00, 184962, 330
1931, 3, 58, 68, 44, 0, 0.50%, 0, 0, 5, 96.56, 185457, 330
1936, 3, 58, 68, 44, 0, 0.50%, 0, 0, 5, 96.34, 185952, 330
1941, 3, 58, 68, 44, 0, 0.50%, 0, 0, 5, 95.65, 186446, 330
1946, 3, 58, 68, 44, 0, 0.50%, 0, 0, 5, 95.59, 186934, 330
1952, 3, 58, 68, 44, 0, 0.50%, 0, 0, 5, 94.17, 187414, 330
1957, 3, 58, 68, 44, 0, 0.50%, 0, 0, 5, 96.34, 187911, 330
1962, 3, 58, 68, 44, 0, 0.50%, 0, 0, 5, 97.57, 188410, 330
1967, 3, 58, 68, 44, 0, 0.50%, 0, 0, 5, 96.20, 188902, 330
1972, 3, 58, 68, 44, 0, 0.50%, 0, 0, 5, 95.15, 189386, 330
1977, 3, 58, 68, 44, 0, 0.50%, 0, 0, 5, 95.52, 189875, 330
1982, 3, 58, 68, 44, 0, 0.50%, 0, 0, 5, 96.34, 190369, 330
1987, 3, 58, 68, 44, 0, 0.50%, 0, 0, 5, 95.76, 190859, 330
1992, 3, 58, 68, 44, 0, 0.50%, 0, 0, 5, 95.27, 191344, 330
1998, 3, 58, 68, 44, 0, 0.50%, 0, 0, 5, 96.64, 191839, 330
2003, 3, 58, 68, 44, 0, 0.50%, 0, 0, 5, 96.18, 192330, 330
2008, 3, 52, 68, 44, 0, 0.50%, 0, 0, 5, 95.78, 192822, 330
2013, 3, 58, 68, 44, 0, 0.50%, 0, 0, 5, 96.15, 193316, 330
2018, 3, 58, 68, 44, 0, 0.50%, 0, 0, 5, 95.97, 193805, 330
2023, 3, 52, 68, 44, 0, 0.50%, 0, 0, 5, 95.28, 194292, 330
2028, 3, 58, 68, 44, 0, 0.50%, 0, 0, 5, 96.98, 194787, 330
2033, 3, 35, 68, 44, 0, 0.50%, 0, 0, 5, 96.04, 195279, 330
2039, 3, 35, 68, 44, 0, 0.50%, 0, 0, 5, 95.51, 195769, 330
2044, 3, 52, 68, 44, 0, 0.50%, 0, 0, 5, 95.83, 196258, 330
2049, 3, 52, 68, 44, 0, 0.50%, 0, 0, 5, 96.46, 196753, 330
2054, 3, 58, 68, 44, 0, 0.50%, 0, 0, 5, 95.92, 197245, 330
2059, 3, 58, 68, 44, 0, 0.50%, 0, 0, 5, 96.10, 197736, 330
2064, 3, 58, 68, 44, 0, 0.50%, 0, 0, 5, 96.44, 198230, 330
2069, 3, 58, 68, 44, 0, 0.50%, 0, 0, 5, 96.89, 198725, 330
2074, 3, 58, 68, 44, 0, 0.50%, 0, 0, 5, 96.53, 199218, 330
2080, 3, 58, 68, 44, 0, 0.50%, 0, 0, 5, 96.42, 199714, 330
2085, 3, 58, 68, 44, 0, 0.50%, 0, 0, 5, 95.38, 200195, 330
2090, 3, 58, 68, 44, 0, 0.50%, 0, 0, 5, 96.54, 200692, 330
2095, 3, 58, 68, 44, 0, 0.50%, 0, 0, 5, 95.94, 201180, 330
2100, 3, 58, 68, 44, 0, 0.50%, 0, 0, 5, 96.30, 201674, 330
2105, 3, 58, 68, 44, 0, 0.50%, 0, 0, 5, 95.78, 202164, 330
2110, 3, 58, 68, 44, 0, 0.50%, 0, 0, 5, 96.37, 202661, 330
2115, 3, 58, 68, 44, 0, 0.50%, 0, 0, 5, 96.42, 203156, 330
2120, 3, 52, 68, 44, 0, 0.50%, 0, 0, 5, 95.57, 203642, 330
2126, 3, 58, 68, 44, 0, 0.50%, 0, 0, 5, 96.00, 204134, 330
2131, 3, 58, 68, 44, 0, 0.50%, 0, 0, 5, 94.20, 204616, 330
2136, 3, 58, 68, 44, 0, 0.50%, 0, 0, 5, 95.60, 205110, 330
2141, 3, 58, 68, 44, 0, 0.50%, 0, 0, 5, 95.22, 205594, 330
2146, 3, 58, 68, 44, 0, 0.50%, 0, 0, 5, 95.93, 206087, 330
2151, 3, 58, 68, 44, 0, 0.50%, 0, 0, 5, 95.34, 206571, 330
2156, 3, 58, 68, 44, 0, 0.50%, 0, 0, 5, 96.34, 207065, 330
2161, 3, 58, 68, 44, 0, 0.50%, 0, 0, 5, 95.73, 207558, 330
2166, 3, 58, 68, 44, 0, 0.50%, 0, 0, 5, 95.63, 208046, 330
2172, 3, 58, 68, 44, 0, 0.50%, 0, 0, 5, 96.15, 208540, 330
2177, 3, 58, 68, 44, 0, 0.50%, 0, 0, 5, 95.39, 209031, 330
2182, 3, 58, 68, 44, 0, 0.50%, 0, 0, 5, 94.96, 209517, 330
2187, 3, 58, 68, 44, 0, 0.50%, 0, 0, 5, 95.00, 210005, 330
2192, 3, 52, 68, 44, 0, 0.50%, 0, 0, 5, 96.03, 210498, 330
2197, 3, 58, 68, 44, 0, 0.50%, 0, 0, 5, 96.29, 210993, 330
2202, 3, 42, 68, 44, 0, 0.50%, 0, 0, 5, 97.29, 211491, 330
2208, 3, 58, 68, 43, 0, 0.50%, 0, 0, 5, 96.89, 211986, 330
2213, 3, 58, 68, 43, 0, 0.50%, 0, 0, 5, 96.15, 212476, 330
2218, 3, 52, 68, 43, 0, 0.50%, 0, 0, 5, 96.16, 212971, 330
2223, 3, 52, 68, 43, 0, 0.50%, 0, 0, 5, 94.33, 213451, 330
2228, 3, 58, 68, 43, 0, 0.50%, 0, 0, 5, 95.36, 213939, 330
2233, 3, 58, 68, 43, 0, 0.50%, 0, 0, 5, 94.77, 214425, 330
2238, 3, 58, 68, 43, 0, 0.50%, 0, 0, 5, 95.60, 214917, 330
2243, 3, 58, 68, 43, 0, 0.50%, 0, 0, 5, 96.36, 215413, 330
2248, 3, 58, 68, 43, 0, 0.50%, 0, 0, 5, 96.53, 215903, 330
2254, 3, 58, 68, 43, 0, 0.50%, 0, 0, 5, 96.36, 216396, 330
2259, 3, 58, 68, 43, 0, 0.50%, 0, 0, 5, 97.07, 216894, 330
2264, 4, 58, 68, 43, 0, 0.50%, 0, 0, 5, 95.83, 217383, 330
2269, 4, 58, 68, 43, 0, 0.50%, 0, 0, 5, 96.36, 217879, 330
2274, 4, 58, 68, 43, 0, 0.50%, 0, 0, 5, 96.48, 218374, 330
2279, 4, 60, 68, 43, 0, 0.50%, 0, 0, 5, 95.10, 218859, 330
2284, 4, 60, 68, 43, 0, 0.50%, 0, 0, 5, 94.42, 219341, 330
2289, 4, 60, 68, 43, 0, 0.50%, 0, 0, 5, 95.77, 219834, 330
2295, 4, 58, 68, 43, 0, 0.50%, 0, 0, 5, 97.04, 220329, 330
2300, 4, 58, 68, 43, 0, 0.50%, 0, 0, 5, 96.41, 220823, 330
2305, 4, 58, 68, 43, 0, 0.50%, 0, 0, 5, 95.23, 221307, 330
2310, 4, 58, 68, 43, 0, 0.50%, 0, 0, 5, 94.83, 221795, 330
2315, 4, 58, 68, 43, 0, 0.50%, 0, 0, 5, 95.06, 222284, 330
2320, 4, 58, 68, 43, 0, 0.50%, 0, 0, 5, 96.59, 222781, 330
2325, 4, 58, 68, 43, 0, 0.50%, 0, 0, 5, 96.26, 223277, 330
2330, 4, 58, 68, 43, 0, 0.50%, 0, 0, 5, 96.86, 223770, 330
2336, 4, 58, 68, 43, 0, 0.50%, 0, 0, 5, 96.70, 224264, 330
2341, 4, 58, 68, 43, 0, 0.50%, 0, 0, 5, 97.12, 224764, 330
2346, 4, 58, 68, 43, 0, 0.50%, 0, 0, 5, 95.68, 225249, 330
2351, 4, 58, 68, 43, 0, 0.50%, 0, 0, 5, 96.72, 225746, 330
2356, 4, 52, 68, 43, 0, 0.50%, 0, 0, 5, 95.10, 226231, 330
2361, 4, 58, 68, 43, 0, 0.50%, 0, 0, 5, 96.36, 226721, 330
2366, 4, 58, 68, 43, 0, 0.50%, 0, 0, 5, 97.06, 227218, 330
2371, 4, 58, 68, 43, 0, 0.50%, 0, 0, 5, 96.83, 227714, 330
2376, 4, 52, 68, 43, 0, 0.50%, 0, 0, 5, 96.41, 228205, 330
2382, 4, 52, 68, 43, 0, 0.50%, 0, 0, 5, 94.23, 228687, 330
2387, 4, 58, 68, 43, 0, 0.50%, 0, 0, 5, 96.21, 229185, 330
2392, 4, 58, 68, 43, 0, 0.50%, 0, 0, 5, 95.97, 229675, 330
2397, 4, 58, 68, 43, 0, 0.50%, 0, 0, 5, 95.36, 230161, 330
2402, 4, 58, 68, 43, 0, 0.50%, 0, 0, 5, 96.13, 230655, 330
2407, 4, 58, 68, 43, 0, 0.50%, 0, 0, 5, 95.94, 231147, 330
2412, 4, 58, 68, 43, 0, 0.50%, 0, 0, 5, 95.81, 231635, 330
2417, 4, 52, 68, 43, 0, 0.50%, 0, 0, 5, 96.17, 232128, 330
2423, 4, 58, 68, 43, 0, 0.50%, 0, 0, 5, 95.88, 232619, 330
2428, 4, 58, 68, 43, 0, 0.50%, 0, 0, 5, 97.05, 233116, 330
2433, 4, 58, 68, 43, 0, 0.50%, 0, 0, 5, 96.10, 233607, 330
2438, 4, 52, 68, 43, 0, 0.50%, 0, 0, 5, 95.56, 234096, 330
2443, 4, 52, 68, 43, 0, 0.50%, 0, 0, 5, 94.75, 234580, 330
2448, 4, 53, 68, 43, 0, 0.50%, 0, 0, 5, 94.95, 235064, 330
2453, 4, 58, 68, 43, 0, 0.50%, 0, 0, 5, 96.06, 235559, 330
2458, 4, 58, 68, 43, 0, 0.50%, 0, 0, 5, 96.36, 236052, 330
2464, 4, 58, 68, 43, 0, 0.50%, 0, 0, 5, 95.51, 236542, 330
2469, 4, 58, 68, 43, 0, 0.50%, 0, 0, 5, 95.46, 237033, 330
2474, 4, 58, 68, 43, 0, 0.50%, 0, 0, 5, 95.44, 237520, 330
2479, 4, 58, 68, 43, 0, 0.50%, 0, 0, 5, 96.52, 238013, 330
2484, 4, 52, 68, 43, 0, 0.50%, 0, 0, 5, 96.72, 238505, 330
2489, 4, 52, 68, 43, 0, 0.50%, 0, 0, 5, 96.07, 238996, 330
2494, 4, 58, 68, 43, 0, 0.50%, 0, 0, 5, 96.87, 239492, 330
2499, 4, 35, 69, 44, 0, 0.50%, 0, 0, 5, 95.82, 239985, 330
2505, 4, 35, 69, 44, 0, 0.50%, 0, 0, 5, 95.55, 240474, 330
2510, 4, 35, 69, 44, 0, 0.50%, 0, 0, 5, 95.46, 240962, 330
2515, 4, 35, 69, 44, 0, 0.50%, 0, 0, 5, 96.16, 241456, 330
2520, 4, 35, 69, 44, 0, 0.50%, 0, 0, 5, 96.55, 241953, 330
2525, 4, 52, 69, 44, 0, 0.50%, 0, 0, 5, 96.00, 242445, 330
2530, 4, 58, 69, 44, 0, 0.50%, 0, 0, 5, 95.56, 242937, 330
2535, 4, 58, 69, 44, 0, 0.50%, 0, 0, 5, 95.54, 243424, 330
2540, 4, 58, 69, 44, 0, 0.50%, 0, 0, 5, 95.71, 243914, 330
2545, 4, 58, 69, 44, 0, 0.50%, 0, 0, 5, 95.19, 244399, 330
2551, 4, 58, 69, 44, 0, 0.50%, 0, 0, 5, 95.61, 244888, 330
2556, 4, 58, 69, 44, 0, 0.50%, 0, 0, 5, 95.65, 245377, 330
2561, 4, 52, 69, 44, 0, 0.50%, 0, 0, 5, 95.42, 245865, 330
2566, 4, 12, 69, 44, 0, 0.50%, 0, 0, 5, 95.41, 246353, 330
2571, 4, 12, 69, 44, 0, 0.50%, 0, 0, 5, 95.54, 246844, 330
2576, 4, 58, 69, 44, 0, 0.50%, 0, 0, 5, 95.42, 247334, 330
2581, 4, 58, 69, 44, 0, 0.50%, 0, 0, 5, 94.96, 247820, 330
2586, 4, 58, 69, 44, 0, 0.50%, 0, 0, 5, 96.33, 248313, 330
2592, 4, 58, 69, 44, 0, 0.50%, 0, 0, 5, 96.63, 248803, 330
2597, 4, 58, 69, 44, 0, 0.50%, 0, 0, 5, 95.92, 249293, 330
2602, 4, 58, 69, 44, 0, 0.50%, 0, 0, 5, 96.00, 249783, 330
2607, 4, 58, 69, 44, 0, 0.50%, 0, 0, 5, 95.73, 250274, 330
2612, 4, 58, 69, 44, 0, 0.50%, 0, 0, 5, 95.43, 250762, 330
2617, 4, 58, 69, 44, 0, 0.50%, 0, 0, 5, 95.93, 251257, 330
2622, 4, 58, 69, 44, 0, 0.50%, 0, 0, 5, 95.88, 251748, 330
2627, 4, 58, 69, 44, 0, 0.50%, 0, 0, 5, 96.38, 252240, 330
2633, 4, 52, 69, 44, 0, 0.50%, 0, 0, 5, 96.08, 252735, 330
2638, 4, 58, 69, 44, 0, 0.50%, 0, 0, 5, 95.32, 253221, 330
2643, 4, 58, 69, 44, 0, 0.50%, 0, 0, 5, 96.45, 253714, 330
2648, 4, 58, 69, 44, 0, 0.50%, 0, 0, 5, 96.04, 254207, 330
2653, 4, 58, 69, 44, 0, 0.50%, 0, 0, 5, 96.49, 254703, 330
2658, 4, 58, 69, 44, 0, 0.50%, 0, 0, 5, 96.15, 255193, 330
2663, 4, 58, 69, 44, 0, 0.50%, 0, 0, 5, 96.43, 255687, 330
2668, 4, 58, 69, 44, 0, 0.50%, 0, 0, 5, 96.02, 256183, 330
2674, 4, 58, 69, 44, 0, 0.50%, 0, 0, 5, 95.29, 256668, 330
2679, 4, 58, 69, 44, 0, 0.50%, 0, 0, 5, 96.76, 257160, 330
2684, 4, 58, 69, 44, 0, 0.50%, 0, 0, 5, 96.02, 257652, 330
2689, 4, 58, 69, 44, 0, 0.50%, 0, 0, 5, 96.34, 258145, 330
2694, 4, 58, 69, 44, 0, 0.50%, 0, 0, 5, 95.72, 258637, 330
2699, 4, 58, 69, 44, 0, 0.50%, 0, 0, 5, 95.41, 259124, 330
2704, 4, 58, 69, 44, 0, 0.50%, 0, 0, 5, 96.22, 259618, 330
2709, 4, 58, 69, 44, 0, 0.50%, 0, 0, 5, 97.03, 260115, 330
2714, 4, 58, 69, 44, 0, 0.50%, 0, 0, 5, 97.26, 260613, 330
2720, 4, 58, 69, 44, 0, 0.50%, 0, 0, 5, 97.00, 261108, 330
2725, 5, 58, 69, 44, 0, 0.50%, 0, 0, 5, 97.21, 261607, 330
2730, 5, 58, 69, 44, 0, 0.50%, 0, 0, 5, 96.02, 262098, 330
2735, 5, 49, 69, 44, 0, 0.50%, 0, 0, 5, 96.82, 262596, 330
2740, 5, 58, 69, 43, 0, 0.50%, 0, 0, 5, 95.72, 263083, 330
2745, 5, 58, 69, 43, 0, 0.50%, 0, 0, 5, 95.89, 263573, 330
2750, 5, 58, 69, 43, 0, 0.50%, 0, 0, 5, 95.61, 264061, 330
2755, 5, 58, 69, 43, 0, 0.50%, 0, 0, 5, 95.30, 264551, 330
2760, 5, 58, 69, 43, 0, 0.50%, 0, 0, 5, 96.87, 265048, 330
2766, 5, 35, 69, 43, 0, 0.50%, 0, 0, 5, 96.72, 265545, 330
2771, 5, 35, 69, 43, 0, 0.50%, 0, 0, 5, 95.84, 266034, 330
2776, 5, 52, 69, 43, 0, 0.50%, 0, 0, 5, 94.50, 266516, 330
2781, 5, 52, 69, 43, 0, 0.50%, 0, 0, 5, 94.41, 267001, 330
2786, 5, 58, 69, 43, 0, 0.50%, 0, 0, 5, 96.44, 267494, 330
2791, 5, 58, 69, 43, 0, 0.50%, 0, 0, 5, 96.77, 267992, 330
2796, 5, 52, 69, 43, 0, 0.50%, 0, 0, 5, 96.93, 268489, 330
2801, 5, 58, 69, 43, 0, 0.50%, 0, 0, 5, 96.30, 268983, 330
2807, 5, 58, 69, 43, 0, 0.50%, 0, 0, 5, 95.81, 269471, 330
2812, 5, 58, 69, 43, 0, 0.50%, 0, 0, 5, 96.17, 269964, 330
2817, 5, 58, 69, 43, 0, 0.50%, 0, 0, 5, 96.30, 270455, 330
2822, 5, 58, 69, 43, 0, 0.50%, 0, 0, 5, 95.24, 270940, 330
2827, 5, 58, 69, 43, 0, 0.50%, 0, 0, 5, 96.11, 271432, 330
2832, 5, 58, 69, 43, 0, 0.50%, 0, 0, 5, 96.35, 271922, 330
2837, 5, 52, 69, 43, 0, 0.50%, 0, 0, 5, 95.27, 272410, 330
2842, 5, 58, 69, 43, 0, 0.50%, 0, 0, 5, 95.94, 272903, 330
2847, 5, 58, 69, 43, 0, 0.50%, 0, 0, 5, 96.62, 273398, 330
2853, 5, 35, 69, 43, 0, 0.50%, 0, 0, 5, 95.99, 273888, 330
2858, 5, 35, 69, 43, 0, 0.50%, 0, 0, 5, 96.62, 274385, 330
2863, 5, 58, 69, 43, 0, 0.50%, 0, 0, 5, 96.74, 274878, 330
2868, 5, 58, 69, 43, 0, 0.50%, 0, 0, 5, 94.93, 275367, 330
2873, 5, 58, 69, 43, 0, 0.50%, 0, 0, 5, 95.53, 275856, 330
2878, 5, 58, 69, 43, 0, 0.50%, 0, 0, 5, 96.02, 276350, 330
2883, 5, 58, 69, 43, 0, 0.50%, 0, 0, 5, 96.15, 276842, 330
2889, 5, 52, 69, 43, 0, 0.50%, 0, 0, 5, 96.43, 277338, 330
2894, 5, 58, 69, 43, 0, 0.50%, 0, 0, 5, 96.40, 277833, 330
2899, 5, 52, 69, 43, 0, 0.50%, 0, 0, 5, 96.42, 278329, 330
2904, 5, 52, 69, 43, 0, 0.50%, 0, 0, 5, 95.47, 278817, 330
2909, 5, 52, 70, 44, 0, 0.50%, 0, 0, 5, 95.46, 279303, 330
2914, 5, 52, 70, 44, 0, 0.50%, 0, 0, 5, 95.29, 279792, 330
2919, 5, 39, 70, 44, 1, 0.50%, 0, 0, 5, 96.03, 280288, 330
2924, 5, 69, 70, 43, 1, 0.50%, 0, 0, 5, 96.56, 280786, 330
2930, 5, 69, 70, 43, 1, 0.50%, 0, 0, 5, 96.62, 281282, 330
2935, 5, 58, 70, 42, 0, 0.50%, 0, 0, 5, 95.85, 281772, 330
2940, 5, 58, 70, 42, 0, 0.50%, 0, 0, 5, 95.59, 282260, 330
2945, 5, 58, 70, 42, 0, 0.50%, 0, 0, 5, 95.62, 282749, 330
2950, 5, 58, 70, 42, 0, 0.50%, 0, 0, 5, 97.58, 283248, 330
2955, 5, 58, 70, 42, 0, 0.50%, 0, 0, 5, 96.38, 283741, 330
2960, 5, 58, 70, 42, 0, 0.50%, 0, 0, 5, 96.34, 284235, 330
2965, 5, 58, 70, 42, 0, 0.50%, 0, 0, 5, 96.85, 284732, 330
2971, 5, 58, 70, 42, 0, 0.50%, 0, 0, 5, 96.43, 285224, 330
2976, 5, 58, 70, 42, 0, 0.50%, 0, 0, 5, 96.76, 285718, 330
2981, 5, 58, 70, 42, 0, 0.50%, 0, 0, 5, 96.58, 286213, 330
2986, 5, 58, 70, 42, 0, 0.50%, 0, 0, 5, 97.34, 286707, 330
2991, 5, 58, 70, 42, 0, 0.50%, 0, 0, 5, 96.53, 287203, 330
2996, 5, 58, 70, 42, 0, 0.50%, 0, 0, 5, 95.67, 287693, 330
3001, 5, 58, 70, 42, 0, 0.50%, 0, 0, 5, 95.09, 288184, 330
3006, 5, 58, 70, 42, 0, 0.50%, 0, 0, 5, 96.16, 288673, 330
3012, 5, 46, 70, 42, 0, 0.50%, 0, 0, 5, 96.36, 289165, 330
3017, 5, 46, 70, 42, 0, 0.50%, 0, 0, 5, 96.13, 289655, 330
3022, 5, 60, 70, 42, 0, 0.50%, 0, 0, 5, 96.54, 290151, 330
3027, 5, 60, 70, 42, 0, 0.50%, 0, 0, 5, 96.15, 290646, 330
3032, 5, 60, 70, 42, 0, 0.50%, 0, 0, 5, 95.72, 291137, 330
3037, 5, 58, 70, 42, 0, 0.50%, 0, 0, 5, 96.20, 291628, 330
3042, 5, 58, 70, 42, 0, 0.50%, 0, 0, 5, 97.42, 292127, 330
3047, 5, 58, 70, 42, 0, 0.50%, 0, 0, 5, 96.46, 292617, 330
3052, 5, 58, 70, 42, 0, 0.50%, 0, 0, 5, 95.84, 293110, 330
3058, 5, 58, 70, 42, 0, 0.50%, 0, 0, 5, 96.43, 293605, 330
3063, 5, 58, 70, 42, 0, 0.50%, 0, 0, 5, 96.05, 294097, 330
3068, 5, 58, 70, 42, 0, 0.50%, 0, 0, 5, 95.39, 294587, 330
3073, 5, 58, 70, 42, 0, 0.50%, 0, 0, 5, 95.58, 295079, 330
3078, 5, 58, 70, 42, 0, 0.50%, 0, 0, 5, 96.04, 295573, 330
3083, 5, 58, 70, 42, 0, 0.50%, 0, 0, 5, 96.70, 296068, 330
3088, 5, 58, 70, 42, 0, 0.50%, 0, 0, 5, 96.00, 296563, 330
3093, 5, 58, 70, 42, 0, 0.50%, 0, 0, 5, 95.96, 297053, 330
3099, 5, 58, 70, 42, 0, 0.50%, 0, 0, 5, 95.40, 297539, 330
3104, 5, 58, 70, 42, 0, 0.50%, 0, 0, 5, 95.61, 298028, 330
3109, 5, 58, 70, 42, 0, 0.50%, 0, 0, 5, 96.00, 298520, 330
3114, 5, 37, 70, 42, 0, 0.50%, 0, 0, 5, 96.62, 299018, 330
3119, 5, 37, 70, 42, 0, 0.50%, 0, 0, 5, 97.14, 299517, 330
3124, 5, 37, 70, 42, 0, 0.50%, 0, 0, 5, 96.56, 300011, 330
3129, 5, 58, 70, 42, 0, 0.50%, 0, 0, 5, 96.22, 300502, 330
3134, 5, 58, 70, 42, 0, 0.50%, 0, 0, 5, 95.62, 300991, 330
3140, 5, 58, 70, 42, 0, 0.50%, 0, 0, 5, 96.89, 301488, 330
3145, 5, 58, 70, 42, 0, 0.50%, 0, 0, 5, 96.02, 301979, 330
3150, 5, 58, 70, 42, 0, 0.50%, 0, 0, 5, 95.45, 302466, 330
3155, 5, 58, 70, 42, 0, 0.50%, 0, 0, 5, 95.47, 302956, 330
3160, 5, 58, 70, 42, 0, 0.50%, 0, 0, 5, 97.03, 303451, 330
3165, 5, 58, 70, 42, 0, 0.50%, 0, 0, 5, 96.15, 303944, 330
3170, 5, 58, 70, 42, 0, 0.50%, 0, 0, 5, 96.86, 304436, 330
3175, 5, 58, 70, 42, 0, 0.50%, 0, 0, 5, 95.94, 304927, 330
3180, 5, 58, 70, 42, 0, 0.50%, 0, 0, 5, 96.49, 305419, 330
3186, 5, 58, 70, 42, 0, 0.50%, 0, 0, 5, 96.77, 305914, 330
3191, 5, 12, 70, 42, 0, 0.50%, 0, 0, 5, 95.99, 306407, 330
3196, 5, 58, 70, 42, 0, 0.50%, 0, 0, 5, 95.60, 306899, 330
3201, 5, 58, 70, 42, 0, 0.50%, 0, 0, 5, 95.82, 307388, 330
3206, 6, 58, 70, 42, 0, 0.50%, 0, 0, 5, 95.62, 307880, 330
3211, 6, 58, 70, 42, 0, 0.50%, 0, 0, 5, 95.74, 308372, 330
3216, 6, 58, 70, 42, 0, 0.50%, 0, 0, 5, 95.53, 308861, 330
3221, 6, 58, 70, 42, 0, 0.50%, 0, 0, 5, 96.22, 309355, 330
3227, 6, 58, 70, 42, 0, 0.50%, 0, 0, 5, 95.41, 309845, 330
3232, 6, 58, 70, 42, 0, 0.50%, 0, 0, 5, 96.66, 310342, 330
3237, 6, 58, 70, 42, 0, 0.50%, 0, 0, 5, 95.91, 310830, 330
3242, 6, 58, 70, 42, 0, 0.50%, 0, 0, 5, 96.46, 311324, 330
3247, 6, 58, 70, 42, 0, 0.50%, 0, 0, 5, 96.15, 311817, 330
3252, 6, 58, 70, 42, 0, 0.50%, 0, 0, 5, 96.73, 312314, 330
3257, 6, 58, 70, 42, 0, 0.50%, 0, 0, 5, 96.08, 312802, 330
3262, 6, 58, 70, 42, 0, 0.50%, 0, 0, 5, 95.60, 313290, 330
3268, 6, 58, 70, 42, 0, 0.50%, 0, 0, 5, 95.33, 313774, 330
3273, 6, 58, 70, 42, 0, 0.50%, 0, 0, 5, 97.45, 314273, 330
3278, 6, 58, 70, 42, 0, 0.50%, 0, 0, 5, 96.02, 314764, 330
3283, 6, 58, 70, 42, 0, 0.50%, 0, 0, 5, 95.82, 315258, 330
3288, 6, 58, 70, 42, 0, 0.50%, 0, 0, 5, 95.18, 315747, 330
3293, 6, 58, 70, 42, 0, 0.50%, 0, 0, 5, 95.80, 316241, 330
3298, 6, 58, 70, 42, 0, 0.50%, 0, 0, 5, 96.19, 316733, 330
3303, 6, 58, 70, 42, 0, 0.50%, 0, 0, 5, 96.75, 317231, 330
3309, 6, 58, 70, 42, 0, 0.50%, 0, 0, 5, 96.80, 317727, 330
3314, 6, 58, 70, 42, 0, 0.50%, 0, 0, 5, 95.81, 318214, 330
3319, 6, 58, 70, 42, 0, 0.50%, 0, 0, 5, 95.11, 318703, 330
3324, 6, 58, 70, 42, 0, 0.50%, 0, 0, 5, 95.72, 319196, 330
3329, 6, 58, 70, 42, 0, 0.50%, 0, 0, 5, 95.72, 319690, 330
3334, 6, 58, 70, 42, 0, 0.50%, 0, 0, 5, 95.85, 320183, 330
3339, 6, 58, 70, 42, 0, 0.50%, 0, 0, 5, 95.92, 320674, 330
3344, 6, 58, 70, 42, 0, 0.50%, 0, 0, 5, 96.62, 321169, 330
3350, 6, 58, 70, 42, 0, 0.50%, 0, 0, 5, 96.25, 321663, 330
3355, 6, 58, 70, 42, 0, 0.50%, 0, 0, 5, 95.96, 322156, 330
3360, 6, 58, 70, 42, 0, 0.50%, 0, 0, 5, 96.37, 322650, 330
3365, 6, 58, 70, 42, 0, 0.50%, 0, 0, 5, 97.08, 323147, 330
3370, 6, 58, 70, 42, 0, 0.50%, 0, 0, 5, 97.24, 323645, 330
3375, 6, 58, 70, 42, 0, 0.50%, 0, 0, 5, 97.33, 324145, 330
3380, 6, 58, 70, 42, 0, 0.50%, 0, 0, 5, 97.08, 324639, 330
3385, 6, 58, 70, 42, 0, 0.50%, 0, 0, 5, 95.84, 325123, 330
3390, 6, 58, 70, 42, 0, 0.50%, 0, 0, 5, 96.79, 325619, 330
3396, 6, 58, 70, 42, 0, 0.50%, 0, 0, 5, 96.62, 326116, 330
3401, 6, 58, 70, 42, 0, 0.50%, 0, 0, 5, 95.95, 326605, 330
3406, 6, 58, 70, 42, 0, 0.50%, 0, 0, 5, 95.17, 327094, 330
3411, 6, 58, 70, 42, 0, 0.50%, 0, 0, 5, 96.20, 327584, 330
3416, 6, 58, 70, 42, 0, 0.50%, 0, 0, 5, 96.20, 328075, 330
3421, 6, 58, 70, 42, 0, 0.50%, 0, 0, 5, 95.40, 328566, 330
3426, 6, 58, 70, 42, 0, 0.50%, 0, 0, 5, 95.89, 329058, 330
3431, 6, 58, 70, 42, 0, 0.50%, 0, 0, 5, 94.66, 329545, 330
3437, 6, 58, 70, 42, 0, 0.50%, 0, 0, 5, 96.05, 330038, 330
3442, 6, 58, 70, 42, 0, 0.50%, 0, 0, 5, 96.52, 330531, 330
3447, 6, 58, 70, 42, 0, 0.50%, 0, 0, 5, 96.32, 331024, 330
3452, 6, 58, 70, 42, 0, 0.50%, 0, 0, 5, 96.47, 331519, 330
3457, 6, 58, 70, 42, 0, 0.50%, 0, 0, 5, 96.59, 332012, 330
3462, 6, 58, 70, 42, 0, 0.50%, 0, 0, 5, 96.76, 332509, 330
3467, 6, 58, 70, 42, 0, 0.50%, 0, 0, 5, 96.45, 333003, 330
3472, 6, 58, 70, 42, 0, 0.50%, 0, 0, 5, 96.91, 333497, 330
3478, 6, 58, 70, 42, 0, 0.50%, 0, 0, 5, 95.59, 333987, 330
3483, 6, 58, 70, 42, 0, 0.50%, 0, 0, 5, 96.83, 334482, 330
3488, 6, 58, 70, 42, 0, 0.50%, 0, 0, 5, 96.90, 334974, 330
3493, 6, 58, 70, 42, 0, 0.50%, 0, 0, 5, 96.91, 335470, 330
3498, 6, 58, 70, 42, 0, 0.50%, 0, 0, 5, 97.01, 335966, 330
3503, 6, 58, 70, 42, 0, 0.50%, 0, 0, 5, 96.50, 336458, 330
3508, 6, 58, 70, 42, 0, 0.50%, 0, 0, 5, 96.53, 336955, 330
3513, 6, 58, 70, 42, 0, 0.50%, 0, 0, 5, 96.44, 337450, 330
3518, 6, 19, 70, 42, 0, 0.50%, 0, 0, 5, 96.20, 337940, 330
3524, 6, 19, 71, 43, 0, 0.50%, 0, 0, 5, 94.82, 338426, 330
3529, 6, 19, 71, 43, 0, 0.50%, 0, 0, 5, 93.85, 338907, 330
3534, 6, 19, 71, 43, 0, 0.50%, 0, 0, 5, 94.78, 339393, 330
3539, 6, 19, 71, 43, 0, 0.50%, 0, 0, 5, 94.51, 339877, 330
3544, 6, 58, 71, 43, 0, 0.50%, 0, 0, 5, 94.06, 340358, 330
3549, 6, 58, 71, 43, 0, 0.50%, 0, 0, 5, 95.34, 340846, 330
3554, 6, 58, 71, 43, 0, 0.50%, 0, 0, 5, 95.60, 341340, 330
3559, 6, 58, 71, 43, 0, 0.50%, 0, 0, 5, 96.06, 341828, 330
3565, 6, 21, 71, 43, 0, 0.50%, 0, 0, 5, 95.77, 342317, 330
3570, 6, 21, 71, 43, 0, 0.50%, 0, 0, 5, 96.58, 342810, 330
3575, 6, 58, 71, 43, 0, 0.50%, 0, 0, 5, 95.64, 343296, 330
3580, 6, 58, 71, 43, 0, 0.50%, 0, 0, 5, 94.34, 343776, 330
3585, 6, 58, 71, 43, 0, 0.50%, 0, 0, 5, 96.30, 344273, 330
3590, 6, 58, 71, 43, 0, 0.50%, 0, 0, 5, 95.73, 344762, 330
3595, 6, 58, 71, 43, 0, 0.50%, 0, 0, 5, 95.90, 345252, 330
3600, 6, 58, 71, 43, 0, 0.50%, 0, 0, 5, 96.60, 345747, 330
3605, 6, 58, 71, 43, 0, 0.50%, 0, 0, 5, 95.35, 346232, 330
3611, 6, 58, 71, 43, 0, 0.50%, 0, 0, 5, 94.50, 346719, 330
3616, 6, 58, 71, 43, 0, 0.50%, 0, 0, 5, 95.61, 347209, 330
3621, 6, 58, 71, 43, 0, 0.50%, 0, 0, 5, 95.75, 347703, 330
3626, 6, 58, 71, 43, 0, 0.50%, 0, 0, 5, 96.31, 348199, 330
3631, 6, 58, 71, 43, 0, 0.50%, 0, 0, 5, 96.71, 348697, 330
3636, 6, 58, 71, 43, 0, 0.50%, 0, 0, 5, 96.34, 349192, 330
3641, 6, 58, 71, 43, 0, 0.50%, 0, 0, 5, 96.62, 349688, 330
3646, 6, 58, 71, 43, 0, 0.50%, 0, 0, 5, 96.08, 350177, 330
3652, 6, 58, 71, 43, 0, 0.50%, 0, 0, 5, 95.46, 350668, 330
3657, 6, 58, 71, 43, 0, 0.50%, 0, 0, 5, 96.76, 351162, 330
3662, 6, 58, 71, 43, 0, 0.50%, 0, 0, 5, 94.67, 351645, 330
3667, 6, 36, 71, 43, 0, 0.50%, 0, 0, 5, 96.84, 352145, 330
3672, 7, 58, 71, 42, 0, 0.50%, 0, 0, 5, 97.06, 352643, 330
3677, 7, 58, 71, 42, 0, 0.50%, 0, 0, 5, 95.69, 353127, 330
3682, 7, 58, 71, 42, 0, 0.50%, 0, 0, 5, 96.90, 353625, 330
3687, 7, 58, 71, 42, 0, 0.50%, 0, 0, 5, 96.56, 354119, 330
3693, 7, 58, 71, 42, 0, 0.50%, 0, 0, 5, 95.10, 354602, 330
3698, 7, 58, 71, 42, 0, 0.50%, 0, 0, 5, 96.18, 355098, 330
3703, 7, 58, 71, 42, 0, 0.50%, 0, 0, 5, 96.48, 355592, 330
3708, 7, 58, 71, 42, 0, 0.50%, 0, 0, 5, 96.53, 356084, 330
3713, 7, 35, 71, 42, 0, 0.50%, 0, 0, 5, 96.35, 356577, 330
3718, 7, 35, 71, 42, 0, 0.50%, 0, 0, 5, 95.38, 357067, 330
3723, 7, 35, 71, 42, 0, 0.50%, 0, 0, 5, 96.02, 357559, 330
3728, 7, 58, 71, 42, 0, 0.50%, 0, 0, 5, 95.10, 358045, 330
3734, 7, 58, 71, 42, 0, 0.50%, 0, 0, 5, 96.32, 358536, 330
3739, 7, 58, 71, 42, 0, 0.50%, 0, 0, 5, 97.40, 359037, 330
3744, 7, 58, 71, 42, 0, 0.50%, 0, 0, 5, 96.28, 359530, 330
3749, 7, 60, 71, 42, 0, 0.50%, 0, 0, 5, 95.51, 360020, 330
3754, 7, 60, 71, 42, 0, 0.50%, 0, 0, 5, 95.40, 360510, 330
3759, 7, 60, 71, 42, 0, 0.50%, 0, 0, 5, 95.19, 360997, 330
3764, 7, 58, 71, 42, 0, 0.50%, 0, 0, 5, 96.16, 361487, 330
3769, 7, 58, 71, 42, 0, 0.50%, 0, 0, 5, 96.97, 361984, 330
3775, 7, 58, 71, 42, 0, 0.50%, 0, 0, 5, 96.36, 362477, 330
3780, 7, 58, 71, 42, 0, 0.50%, 0, 0, 5, 96.05, 362968, 330
3785, 7, 58, 71, 42, 0, 0.50%, 0, 0, 5, 95.24, 363454, 330
3790, 7, 58, 71, 42, 0, 0.50%, 0, 0, 5, 96.42, 363949, 330
3795, 7, 58, 71, 42, 0, 0.50%, 0, 0, 5, 94.85, 364432, 330
3800, 7, 58, 71, 42, 0, 0.50%, 0, 0, 5, 96.23, 364927, 330
3805, 7, 58, 71, 42, 0, 0.50%, 0, 0, 5, 96.42, 365418, 330
3810, 7, 58, 71, 42, 0, 0.50%, 0, 0, 5, 96.37, 365911, 330
3815, 7, 58, 71, 42, 0, 0.50%, 0, 0, 5, 94.74, 366395, 330
3821, 7, 58, 71, 42, 0, 0.50%, 0, 0, 5, 95.96, 366886, 330
3826, 7, 35, 71, 42, 0, 0.50%, 0, 0, 5, 96.41, 367381, 330
3831, 7, 35, 71, 42, 0, 0.50%, 0, 0, 5, 94.55, 367866, 330
3836, 7, 58, 71, 42, 0, 0.50%, 0, 0, 5, 95.70, 368355, 330
3841, 7, 58, 71, 42, 0, 0.50%, 0, 0, 5, 96.10, 368845, 330
3846, 7, 58, 71, 42, 0, 0.50%, 0, 0, 5, 96.60, 369342, 330
3851, 7, 58, 71, 42, 0, 0.50%, 0, 0, 5, 96.27, 369835, 330
3856, 7, 58, 71, 42, 0, 0.50%, 0, 0, 5, 95.72, 370323, 330
3862, 7, 58, 71, 42, 0, 0.50%, 0, 0, 5, 95.99, 370815, 330
3867, 7, 58, 71, 42, 0, 0.50%, 0, 0, 5, 96.06, 371303, 330
3872, 7, 58, 71, 42, 0, 0.50%, 0, 0, 5, 95.64, 371796, 330
3877, 7, 58, 71, 42, 0, 0.50%, 0, 0, 5, 96.27, 372289, 330
3882, 7, 58, 71, 42, 0, 0.50%, 0, 0, 5, 95.24, 372776, 330
3887, 7, 58, 71, 42, 0, 0.50%, 0, 0, 5, 96.38, 373271, 330
3892, 7, 21, 71, 42, 0, 0.50%, 0, 0, 5, 95.89, 373761, 330
3897, 7, 21, 71, 42, 0, 0.50%, 0, 0, 5, 94.24, 374242, 330
3902, 7, 58, 71, 42, 0, 0.50%, 0, 0, 5, 93.91, 374724, 330
3908, 7, 58, 71, 42, 0, 0.50%, 0, 0, 5, 95.63, 375213, 330
3913, 7, 58, 71, 42, 0, 0.50%, 0, 0, 5, 96.27, 375706, 330
3918, 7, 58, 71, 42, 0, 0.50%, 0, 0, 5, 96.11, 376201, 330
3923, 7, 58, 71, 42, 0, 0.50%, 0, 0, 5, 95.59, 376690, 330
3928, 7, 58, 71, 42, 0, 0.50%, 0, 0, 5, 95.48, 377177, 330
3933, 7, 58, 71, 42, 0, 0.50%, 0, 0, 5, 95.85, 377671, 330
3938, 7, 58, 71, 42, 0, 0.50%, 0, 0, 5, 96.01, 378162, 330
3943, 7, 58, 71, 42, 0, 0.50%, 0, 0, 5, 96.01, 378653, 330
3949, 7, 58, 71, 42, 0, 0.50%, 0, 0, 5, 95.98, 379144, 330
3954, 7, 58, 71, 41, 0, 0.50%, 0, 0, 5, 95.95, 379637, 330
3959, 7, 58, 71, 41, 0, 0.50%, 0, 0, 5, 96.17, 380130, 330
3964, 7, 58, 71, 41, 0, 0.50%, 0, 0, 5, 96.15, 380622, 330
3969, 7, 58, 71, 41, 0, 0.50%, 0, 0, 5, 96.78, 381118, 330
3974, 7, 58, 71, 41, 0, 0.50%, 0, 0, 5, 91.94, 381590, 330
3979, 7, 58, 71, 41, 0, 0.50%, 0, 0, 5, 90.24, 382052, 330
