# relative_time, cycles_done, cur_item, corpus_count, pending_total, pending_favs, map_size, saved_crashes, saved_hangs, max_depth, execs_per_sec, total_execs, edges_found
61, 0, 1, 43, 41, 4, 0.62%, 0, 0, 2, 95.65, 7050, 409
66, 0, 1, 43, 41, 4, 0.62%, 0, 0, 2, 93.81, 7533, 409
71, 0, 1, 43, 41, 4, 0.62%, 0, 0, 2, 94.48, 8017, 409
76, 0, 1, 44, 42, 4, 0.62%, 0, 0, 2, 94.55, 8500, 409
81, 0, 1, 44, 42, 4, 0.62%, 0, 0, 2, 94.48, 8985, 409
86, 0, 1, 44, 42, 4, 0.62%, 0, 0, 2, 92.84, 9456, 409
92, 0, 1, 44, 42, 4, 0.62%, 0, 0, 2, 91.63, 9922, 409
97, 0, 1, 44, 42, 4, 0.62%, 0, 0, 2, 89.46, 10384, 409
102, 0, 1, 45, 43, 4, 0.62%, 0, 0, 2, 91.10, 10849, 409
107, 0, 1, 45, 43, 4, 0.62%, 0, 0, 2, 93.40, 11331, 409
112, 0, 1, 46, 44, 4, 0.62%, 0, 0, 2, 90.92, 11795, 409
117, 0, 1, 46, 44, 4, 0.62%, 0, 0, 2, 91.79, 12267, 409
122, 0, 1, 46, 44, 4, 0.62%, 0, 0, 2, 91.69, 12737, 409
127, 0, 1, 46, 44, 4, 0.62%, 0, 0, 2, 93.03, 13213, 409
133, 0, 1, 48, 46, 4, 0.62%, 0, 0, 2, 92.95, 13687, 409
138, 0, 1, 48, 46, 4, 0.62%, 0, 0, 2, 93.17, 14162, 409
143, 0, 1, 49, 47, 4, 0.62%, 0, 0, 2, 93.19, 14642, 409
148, 0, 1, 49, 47, 4, 0.62%, 0, 0, 2, 93.26, 15121, 409
153, 0, 1, 49, 47, 4, 0.62%, 0, 0, 2, 92.34, 15592, 409
158, 0, 1, 49, 47, 4, 0.62%, 0, 0, 2, 93.22, 16067, 409
163, 0, 1, 50, 48, 4, 0.62%, 0, 0, 2, 89.96, 16537, 409
169, 0, 1, 50, 48, 4, 0.62%, 0, 0, 2, 92.38, 17011, 409
174, 0, 1, 50, 48, 4, 0.62%, 0, 0, 2, 89.71, 17475, 409
179, 0, 1, 51, 49, 4, 0.62%, 0, 0, 2, 89.12, 17927, 409
184, 0, 1, 51, 49, 4, 0.62%, 0, 0, 2, 84.03, 18358, 409
189, 0, 1, 52, 50, 4, 0.63%, 0, 0, 2, 81.34, 18776, 410
194, 0, 1, 52, 50, 4, 0.63%, 0, 0, 2, 82.14, 19198, 410
199, 0, 1, 52, 50, 4, 0.63%, 0, 0, 2, 81.03, 19612, 410
205, 0, 1, 52, 50, 4, 0.63%, 0, 0, 2, 82.69, 20041, 410
210, 0, 1, 52, 50, 4, 0.63%, 0, 0, 2, 82.74, 20463, 410
215, 0, 1, 52, 50, 4, 0.63%, 0, 0, 2, 84.73, 20900, 410
220, 0, 1, 52, 50, 4, 0.63%, 0, 0, 2, 84.32, 21332, 410
225, 0, 1, 52, 50, 4, 0.63%, 0, 0, 2, 84.27, 21767, 410
230, 0, 1, 52, 50, 4, 0.63%, 0, 0, 2, 81.21, 22185, 410
235, 0, 1, 52, 50, 4, 0.63%, 0, 0, 2, 83.06, 22609, 410
241, 0, 1, 52, 50, 4, 0.63%, 0, 0, 2, 85.12, 23051, 410
246, 0, 1, 52, 50, 4, 0.63%, 0, 0, 2, 85.52, 23492, 410
251, 0, 1, 52, 50, 4, 0.63%, 0, 0, 2, 85.75, 23930, 410
256, 0, 1, 52, 50, 4, 0.63%, 0, 0, 2, 86.23, 24373, 410
261, 0, 1, 52, 50, 4, 0.63%, 0, 0, 2, 87.16, 24817, 410
266, 0, 1, 52, 50, 4, 0.63%, 0, 0, 2, 87.14, 25268, 410
271, 0, 1, 52, 50, 4, 0.63%, 0, 0, 2, 87.12, 25716, 410
276, 0, 1, 53, 51, 4, 0.63%, 0, 0, 2, 88.79, 26178, 410
282, 0, 50, 57, 54, 13, 0.63%, 0, 0, 3, 92.28, 26656, 410
287, 0, 50, 58, 55, 13, 0.63%, 0, 0, 3, 93.38, 27137, 410
292, 0, 50, 59, 56, 13, 0.63%, 0, 0, 3, 93.42, 27613, 410
297, 0, 50, 60, 57, 13, 0.63%, 0, 0, 3, 88.62, 28065, 410
302, 0, 50, 61, 58, 13, 0.63%, 0, 0, 3, 91.60, 28541, 412
307, 0, 50, 62, 59, 13, 0.63%, 0, 0, 3, 92.38, 29020, 412
313, 0, 50, 63, 60, 13, 0.63%, 0, 0, 3, 92.70, 29497, 413
318, 0, 50, 63, 60, 13, 0.63%, 0, 0, 3, 93.29, 29976, 413
323, 0, 50, 64, 61, 13, 0.63%, 0, 0, 3, 94.41, 30462, 413
328, 0, 50, 64, 61, 13, 0.63%, 0, 0, 3, 95.44, 30954, 413
333, 0, 50, 64, 61, 13, 0.63%, 0, 0, 3, 95.64, 31443, 413
338, 0, 50, 64, 61, 13, 0.63%, 0, 0, 3, 93.33, 31925, 413
343, 0, 50, 64, 61, 13, 0.63%, 0, 0, 3, 94.95, 32410, 413
348, 0, 50, 64, 61, 13, 0.63%, 0, 0, 3, 95.16, 32901, 413
354, 0, 50, 65, 62, 13, 0.63%, 0, 0, 3, 95.89, 33392, 414
359, 0, 50, 65, 62, 13, 0.63%, 0, 0, 3, 95.88, 33881, 414
364, 0, 50, 66, 63, 13, 0.63%, 0, 0, 3, 93.43, 34341, 414
369, 0, 50, 67, 64, 13, 0.63%, 0, 0, 3, 94.86, 34829, 414
374, 0, 50, 67, 64, 13, 0.63%, 0, 0, 3, 95.73, 35325, 414
379, 0, 50, 67, 64, 13, 0.63%, 0, 0, 3, 96.37, 35822, 414
384, 0, 50, 67, 64, 13, 0.63%, 0, 0, 3, 96.11, 36316, 414
389, 0, 50, 67, 64, 13, 0.63%, 0, 0, 3, 93.98, 36790, 414
394, 0, 50, 67, 64, 13, 0.63%, 0, 0, 3, 94.25, 37274, 414
400, 0, 50, 67, 64, 13, 0.63%, 0, 0, 3, 94.25, 37756, 414
405, 0, 50, 67, 64, 13, 0.63%, 0, 0, 3, 90.14, 38216, 414
410, 0, 50, 68, 65, 13, 0.63%, 0, 0, 3, 90.95, 38685, 414
415, 0, 50, 68, 65, 13, 0.63%, 0, 0, 3, 92.03, 39157, 414
420, 0, 50, 68, 65, 13, 0.63%, 0, 0, 3, 89.98, 39619, 414
425, 0, 50, 68, 65, 13, 0.63%, 0, 0, 3, 88.35, 40074, 414
430, 0, 50, 68, 65, 13, 0.63%, 0, 0, 3, 87.48, 40521, 414
435, 0, 50, 68, 65, 13, 0.63%, 0, 0, 3, 89.69, 40980, 414
441, 0, 50, 68, 65, 13, 0.63%, 0, 0, 3, 89.56, 41439, 414
446, 0, 50, 68, 65, 13, 0.63%, 0, 0, 3, 90.29, 41905, 414
451, 0, 50, 68, 65, 13, 0.63%, 0, 0, 3, 89.99, 42364, 414
456, 0, 50, 68, 65, 13, 0.63%, 0, 0, 3, 90.39, 42825, 414
461, 0, 50, 68, 65, 13, 0.63%, 0, 0, 3, 88.72, 43281, 414
466, 0, 50, 69, 66, 13, 0.63%, 0, 0, 3, 87.66, 43737, 414
471, 0, 50, 69, 66, 13, 0.63%, 0, 0, 3, 87.50, 44188, 414
477, 0, 50, 69, 66, 13, 0.63%, 0, 0, 3, 88.03, 44640, 414
482, 0, 50, 69, 66, 13, 0.63%, 0, 0, 3, 87.35, 45087, 414
487, 0, 50, 69, 66, 13, 0.63%, 0, 0, 3, 88.24, 45548, 414
492, 0, 50, 69, 66, 13, 0.63%, 0, 0, 3, 85.42, 45984, 414
497, 0, 50, 69, 66, 13, 0.63%, 0, 0, 3, 85.97, 46423, 414
502, 0, 50, 69, 66, 13, 0.63%, 0, 0, 3, 87.21, 46871, 414
507, 0, 50, 69, 66, 13, 0.63%, 0, 0, 3, 88.34, 47323, 414
513, 0, 50, 69, 66, 13, 0.63%, 0, 0, 3, 87.85, 47778, 414
518, 0, 50, 69, 66, 13, 0.63%, 0, 0, 3, 89.02, 48237, 414
523, 0, 50, 69, 66, 13, 0.63%, 0, 0, 3, 87.36, 48685, 414
528, 0, 50, 69, 66, 13, 0.63%, 0, 0, 3, 87.85, 49136, 414
533, 0, 50, 69, 66, 13, 0.63%, 0, 0, 3, 86.93, 49582, 414
538, 0, 50, 69, 66, 13, 0.63%, 0, 0, 3, 87.70, 50033, 414
543, 0, 50, 69, 66, 13, 0.63%, 0, 0, 3, 88.19, 50484, 414
549, 0, 50, 69, 66, 13, 0.63%, 0, 0, 3, 87.68, 50934, 414
554, 0, 50, 69, 66, 13, 0.63%, 0, 0, 3, 86.46, 51377, 414
559, 0, 50, 69, 66, 13, 0.63%, 0, 0, 3, 84.46, 51808, 414
564, 0, 50, 69, 66, 13, 0.63%, 0, 0, 3, 86.85, 52260, 414
569, 0, 50, 69, 66, 13, 0.63%, 0, 0, 3, 86.94, 52703, 414
574, 0, 50, 69, 66, 13, 0.63%, 0, 0, 3, 87.61, 53152, 414
579, 0, 50, 69, 66, 13, 0.63%, 0, 0, 3, 86.61, 53594, 414
585, 0, 50, 70, 67, 13, 0.63%, 0, 0, 3, 87.50, 54049, 414
590, 0, 50, 70, 67, 13, 0.63%, 0, 0, 3, 87.89, 54499, 414
595, 0, 50, 70, 67, 13, 0.63%, 0, 0, 3, 84.69, 54936, 414
600, 0, 50, 70, 67, 13, 0.63%, 0, 0, 3, 75.97, 55328, 414
605, 0, 50, 70, 67, 13, 0.63%, 0, 0, 3, 82.11, 55747, 414
610, 0, 50, 70, 67, 13, 0.63%, 0, 0, 3, 84.46, 56183, 414
615, 0, 50, 70, 67, 13, 0.63%, 0, 0, 3, 84.60, 56620, 414
621, 0, 50, 70, 67, 13, 0.63%, 0, 0, 3, 85.56, 57056, 414
626, 0, 50, 70, 67, 13, 0.63%, 0, 0, 3, 82.19, 57474, 414
631, 0, 50, 70, 67, 13, 0.63%, 0, 0, 3, 84.01, 57905, 414
636, 0, 50, 70, 67, 13, 0.63%, 0, 0, 3, 84.81, 58343, 414
641, 0, 50, 70, 67, 13, 0.63%, 0, 0, 3, 84.83, 58781, 414
646, 0, 50, 70, 67, 13, 0.63%, 0, 0, 3, 85.48, 59222, 414
651, 0, 25, 71, 66, 16, 0.63%, 0, 0, 3, 88.06, 60087, 415
656, 0, 25, 71, 66, 16, 0.63%, 0, 0, 3, 85.03, 60518, 415
662, 0, 25, 71, 66, 16, 0.63%, 0, 0, 3, 83.61, 60946, 415
667, 0, 59, 71, 65, 15, 0.63%, 0, 0, 3, 86.95, 61401, 415
672, 0, 70, 72, 65, 14, 0.63%, 0, 0, 4, 86.53, 61849, 415
677, 0, 71, 72, 64, 14, 0.63%, 0, 0, 4, 86.30, 62291, 415
682, 0, 71, 72, 64, 14, 0.63%, 0, 0, 4, 86.19, 62735, 415
687, 0, 60, 72, 63, 13, 0.63%, 0, 0, 4, 86.59, 63179, 415
692, 0, 60, 72, 63, 13, 0.63%, 0, 0, 4, 87.56, 63630, 415
698, 0, 20, 72, 62, 12, 0.63%, 0, 0, 4, 84.86, 64070, 415
703, 0, 64, 73, 62, 11, 0.63%, 0, 0, 4, 85.59, 64514, 415
708, 0, 64, 73, 62, 11, 0.63%, 0, 0, 4, 86.72, 64958, 415
713, 0, 64, 75, 64, 11, 0.63%, 0, 0, 4, 87.18, 65397, 415
718, 0, 64, 76, 65, 11, 0.63%, 0, 0, 4, 88.24, 65852, 415
723, 0, 64, 76, 65, 11, 0.63%, 0, 0, 4, 87.35, 66300, 415
728, 0, 64, 76, 65, 11, 0.63%, 0, 0, 4, 88.08, 66753, 415
734, 0, 64, 76, 65, 11, 0.63%, 0, 0, 4, 89.21, 67212, 415
739, 0, 64, 76, 65, 11, 0.63%, 0, 0, 4, 88.57, 67666, 415
744, 0, 64, 76, 65, 11, 0.63%, 0, 0, 4, 88.77, 68122, 415
749, 0, 64, 76, 65, 11, 0.63%, 0, 0, 4, 89.30, 68580, 415
754, 0, 64, 76, 65, 11, 0.63%, 0, 0, 4, 86.93, 69026, 415
759, 0, 64, 76, 65, 11, 0.63%, 0, 0, 4, 85.38, 69462, 415
764, 0, 64, 76, 65, 11, 0.63%, 0, 0, 4, 86.84, 69910, 415
769, 0, 64, 76, 65, 11, 0.63%, 0, 0, 4, 87.09, 70356, 415
775, 0, 64, 76, 65, 11, 0.63%, 0, 0, 4, 88.61, 70813, 415
780, 0, 64, 76, 65, 11, 0.63%, 0, 0, 4, 90.21, 71276, 415
785, 0, 64, 76, 65, 11, 0.63%, 0, 0, 4, 90.74, 71741, 415
790, 0, 64, 76, 65, 11, 0.63%, 0, 0, 4, 91.92, 72213, 415
795, 0, 53, 76, 64, 10, 0.63%, 0, 0, 4, 93.26, 72688, 415
800, 0, 53, 76, 64, 10, 0.63%, 0, 0, 4, 92.51, 73161, 415
805, 0, 22, 76, 63, 9, 0.63%, 0, 0, 4, 91.26, 73632, 415
810, 0, 34, 76, 62, 8, 0.63%, 0, 0, 4, 89.85, 74088, 415
816, 0, 52, 77, 62, 7, 0.63%, 0, 0, 4, 90.43, 74558, 415
821, 0, 52, 78, 63, 7, 0.63%, 0, 0, 4, 88.05, 75010, 415
826, 0, 52, 78, 63, 7, 0.63%, 0, 0, 4, 90.97, 75477, 415
831, 0, 52, 78, 63, 7, 0.63%, 0, 0, 4, 89.37, 75934, 415
836, 0, 52, 79, 64, 7, 0.63%, 0, 0, 4, 88.09, 76387, 415
841, 0, 52, 79, 64, 7, 0.63%, 0, 0, 4, 86.84, 76830, 415
846, 0, 52, 79, 64, 7, 0.63%, 0, 0, 4, 85.84, 77270, 415
852, 0, 52, 79, 64, 7, 0.63%, 0, 0, 4, 81.31, 77685, 415
857, 0, 52, 79, 64, 7, 0.63%, 0, 0, 4, 76.56, 78066, 415
862, 0, 52, 79, 64, 7, 0.63%, 0, 0, 4, 75.12, 78457, 415
867, 0, 63, 79, 63, 6, 0.63%, 0, 0, 4, 81.72, 78872, 415
872, 0, 62, 79, 62, 5, 0.63%, 0, 0, 4, 86.87, 79325, 415
877, 0, 7, 79, 61, 4, 0.63%, 0, 0, 4, 92.88, 79795, 415
882, 0, 71, 79, 61, 4, 0.63%, 0, 0, 4, 86.17, 81707, 415
887, 0, 71, 79, 61, 4, 0.63%, 0, 0, 4, 83.21, 82130, 415
893, 0, 71, 79, 61, 4, 0.63%, 0, 0, 4, 84.61, 82562, 415
898, 0, 39, 79, 61, 4, 0.63%, 0, 0, 4, 89.37, 83733, 415
903, 0, 39, 79, 61, 4, 0.63%, 0, 0, 4, 84.74, 84164, 415
908, 0, 0, 79, 60, 3, 0.63%, 0, 0, 4, 85.65, 84602, 415
913, 0, 0, 80, 61, 3, 0.63%, 0, 0, 4, 85.07, 85037, 415
918, 0, 0, 80, 61, 3, 0.63%, 0, 0, 4, 83.71, 85463, 415
923, 0, 49, 80, 60, 2, 0.63%, 0, 0, 4, 92.38, 87391, 415
928, 0, 49, 82, 62, 2, 0.63%, 0, 0, 4, 86.49, 87825, 415
934, 0, 49, 82, 62, 2, 0.63%, 0, 0, 4, 81.92, 88242, 415
939, 0, 49, 82, 62, 2, 0.63%, 0, 0, 4, 80.00, 88654, 415
944, 0, 49, 82, 62, 2, 0.63%, 0, 0, 4, 77.44, 89042, 415
949, 0, 49, 82, 62, 2, 0.63%, 0, 0, 4, 78.63, 89447, 415
954, 0, 61, 84, 63, 2, 0.63%, 0, 0, 4, 80.65, 89870, 415
959, 0, 61, 84, 63, 2, 0.63%, 0, 0, 4, 83.89, 90305, 415
964, 0, 61, 84, 63, 2, 0.63%, 0, 0, 4, 85.13, 90740, 415
970, 0, 61, 84, 63, 2, 0.63%, 0, 0, 4, 85.14, 91177, 415
975, 0, 81, 84, 62, 1, 0.63%, 0, 0, 4, 84.33, 91610, 415
980, 0, 81, 91, 69, 1, 0.65%, 0, 0, 4, 81.39, 92030, 424
985, 0, 81, 91, 69, 1, 0.65%, 0, 0, 4, 79.92, 92439, 424
990, 0, 81, 91, 69, 1, 0.65%, 0, 0, 4, 79.64, 92851, 424
995, 0, 81, 91, 69, 1, 0.65%, 0, 0, 4, 80.64, 93267, 424
1001, 0, 81, 91, 69, 1, 0.65%, 0, 0, 4, 79.94, 93678, 424
1006, 0, 81, 91, 69, 1, 0.65%, 0, 0, 4, 79.90, 94092, 424
1011, 0, 81, 91, 69, 1, 0.65%, 0, 0, 4, 80.72, 94510, 424
1016, 0, 81, 91, 69, 1, 0.65%, 0, 0, 4, 80.52, 94924, 424
1021, 0, 81, 91, 69, 1, 0.65%, 0, 0, 4, 77.50, 95318, 424
1026, 0, 81, 91, 69, 1, 0.65%, 0, 0, 4, 80.93, 95738, 424
1031, 0, 81, 91, 69, 1, 0.65%, 0, 0, 4, 81.25, 96154, 424
1037, 0, 81, 91, 69, 1, 0.65%, 0, 0, 4, 81.38, 96573, 424
1042, 0, 81, 91, 69, 1, 0.65%, 0, 0, 4, 81.40, 96990, 424
1047, 0, 81, 91, 69, 1, 0.65%, 0, 0, 4, 82.01, 97411, 424
1052, 0, 81, 91, 69, 1, 0.65%, 0, 0, 4, 81.97, 97834, 424
1057, 0, 81, 91, 69, 1, 0.65%, 0, 0, 4, 83.44, 98259, 424
1062, 0, 81, 91, 69, 1, 0.65%, 0, 0, 4, 83.82, 98687, 424
1067, 0, 81, 91, 69, 1, 0.65%, 0, 0, 4, 81.84, 99110, 424
1072, 0, 81, 91, 69, 1, 0.65%, 0, 0, 4, 83.02, 99540, 424
1078, 0, 81, 91, 69, 1, 0.65%, 0, 0, 4, 83.83, 99975, 424
1083, 0, 81, 91, 69, 1, 0.65%, 0, 0, 4, 81.23, 100392, 424
1088, 0, 81, 91, 69, 1, 0.65%, 0, 0, 4, 80.15, 100798, 424
1093, 0, 81, 91, 69, 1, 0.65%, 0, 0, 4, 82.37, 101225, 424
1098, 0, 81, 91, 69, 1, 0.65%, 0, 0, 4, 83.50, 101654, 424
1103, 0, 81, 91, 69, 1, 0.65%, 0, 0, 4, 84.79, 102091, 424
1108, 0, 81, 91, 69, 1, 0.65%, 0, 0, 4, 84.65, 102523, 424
1114, 0, 81, 91, 69, 1, 0.65%, 0, 0, 4, 85.27, 102959, 424
1119, 0, 81, 91, 69, 1, 0.65%, 0, 0, 4, 84.76, 103397, 424
1124, 0, 81, 91, 69, 1, 0.65%, 0, 0, 4, 85.86, 103836, 424
1129, 0, 81, 91, 69, 1, 0.65%, 0, 0, 4, 85.67, 104276, 424
1134, 0, 81, 91, 69, 1, 0.65%, 0, 0, 4, 85.53, 104719, 424
1139, 0, 81, 91, 69, 1, 0.65%, 0, 0, 4, 86.67, 105170, 424
1144, 0, 81, 91, 69, 1, 0.65%, 0, 0, 4, 86.13, 105612, 424
1150, 0, 81, 91, 69, 1, 0.65%, 0, 0, 4, 85.76, 106053, 424
1155, 0, 81, 91, 69, 1, 0.65%, 0, 0, 4, 87.83, 106499, 424
1160, 0, 81, 91, 69, 1, 0.65%, 0, 0, 4, 88.49, 106954, 424
1165, 0, 81, 91, 69, 1, 0.65%, 0, 0, 4, 89.73, 107413, 424
1170, 0, 81, 91, 69, 1, 0.65%, 0, 0, 4, 90.58, 107878, 424
1175, 0, 81, 91, 69, 1, 0.65%, 0, 0, 4, 92.57, 108354, 424
1180, 0, 81, 91, 69, 1, 0.65%, 0, 0, 4, 91.48, 108821, 424
1185, 0, 81, 91, 69, 1, 0.65%, 0, 0, 4, 91.35, 109289, 424
1191, 0, 81, 91, 69, 1, 0.65%, 0, 0, 4, 89.28, 109746, 424
1196, 0, 81, 91, 69, 1, 0.65%, 0, 0, 4, 89.65, 110205, 424
1201, 0, 81, 91, 69, 1, 0.65%, 0, 0, 4, 90.40, 110673, 424
1206, 0, 81, 91, 69, 1, 0.65%, 0, 0, 4, 84.78, 111104, 424
1211, 0, 81, 91, 69, 1, 0.65%, 0, 0, 4, 84.85, 111539, 424
1216, 0, 81, 91, 69, 1, 0.65%, 0, 0, 4, 82.53, 111964, 424
1221, 0, 81, 91, 69, 1, 0.65%, 0, 0, 4, 83.99, 112395, 424
1227, 0, 81, 91, 69, 1, 0.65%, 0, 0, 4, 85.76, 112838, 424
1232, 0, 81, 91, 69, 1, 0.65%, 0, 0, 4, 86.75, 113285, 424
1237, 0, 81, 91, 69, 1, 0.65%, 0, 0, 4, 84.71, 113719, 424
1242, 0, 81, 91, 69, 1, 0.65%, 0, 0, 4, 85.50, 114159, 424
1247, 0, 81, 91, 69, 1, 0.65%, 0, 0, 4, 86.10, 114602, 424
1252, 0, 81, 91, 69, 1, 0.65%, 0, 0, 4, 86.01, 115044, 424
1257, 0, 81, 91, 69, 1, 0.65%, 0, 0, 4, 84.00, 115476, 424
1263, 0, 81, 91, 69, 1, 0.65%, 0, 0, 4, 84.92, 115915, 424
1268, 0, 81, 91, 69, 1, 0.65%, 0, 0, 4, 84.28, 116347, 424
1273, 0, 81, 91, 69, 1, 0.65%, 0, 0, 4, 85.87, 116789, 424
1278, 0, 81, 91, 69, 1, 0.65%, 0, 0, 4, 86.36, 117231, 424
1283, 0, 81, 91, 69, 1, 0.65%, 0, 0, 4, 81.66, 117647, 424
1288, 0, 81, 91, 69, 1, 0.65%, 0, 0, 4, 84.89, 118087, 424
1293, 0, 81, 91, 69, 1, 0.65%, 0, 0, 4, 86.54, 118533, 424
1298, 0, 81, 91, 69, 1, 0.65%, 0, 0, 4, 86.61, 118979, 424
1304, 0, 81, 91, 69, 1, 0.65%, 0, 0, 4, 87.56, 119428, 424
1309, 0, 81, 91, 69, 1, 0.65%, 0, 0, 4, 86.06, 119870, 424
1314, 0, 81, 91, 69, 1, 0.65%, 0, 0, 4, 86.48, 120310, 424
1319, 0, 81, 91, 69, 1, 0.65%, 0, 0, 4, 87.42, 120760, 424
1324, 0, 81, 91, 69, 1, 0.65%, 0, 0, 4, 83.16, 121184, 424
1329, 0, 81, 91, 69, 1, 0.65%, 0, 0, 4, 81.78, 121603, 424
1334, 0, 81, 91, 69, 1, 0.65%, 0, 0, 4, 81.95, 122028, 424
1340, 0, 81, 91, 69, 1, 0.65%, 0, 0, 4, 82.43, 122448, 424
1345, 0, 81, 91, 69, 1, 0.65%, 0, 0, 4, 82.66, 122874, 424
1350, 0, 81, 91, 69, 1, 0.65%, 0, 0, 4, 81.73, 123289, 424
1355, 0, 81, 91, 69, 1, 0.65%, 0, 0, 4, 84.65, 123727, 424
1360, 0, 81, 91, 69, 1, 0.65%, 0, 0, 4, 84.81, 124162, 424
1365, 0, 84, 91, 68, 2, 0.65%, 0, 0, 4, 85.61, 124606, 424
1370, 0, 84, 91, 68, 2, 0.65%, 0, 0, 4, 85.90, 125048, 424
1375, 0, 84, 91, 68, 2, 0.65%, 0, 0, 4, 86.07, 125492, 424
1381, 0, 84, 91, 67, 1, 0.65%, 0, 0, 4, 89.78, 126681, 424
1386, 0, 84, 91, 67, 1, 0.65%, 0, 0, 4, 87.63, 127130, 424
1391, 0, 84, 91, 67, 1, 0.65%, 0, 0, 4, 86.87, 127574, 424
1396, 0, 84, 91, 67, 1, 0.65%, 0, 0, 4, 85.63, 128009, 424
1401, 0, 84, 91, 67, 1, 0.65%, 0, 0, 4, 86.45, 128453, 424
1406, 0, 71, 91, 67, 1, 0.65%, 0, 0, 4, 86.30, 128897, 424
1411, 0, 71, 91, 67, 1, 0.65%, 0, 0, 4, 84.91, 129336, 424
1416, 0, 71, 91, 67, 1, 0.65%, 0, 0, 4, 85.82, 129773, 424
1422, 0, 86, 91, 67, 1, 0.65%, 0, 0, 4, 87.09, 130220, 424
1427, 0, 86, 91, 67, 1, 0.65%, 0, 0, 4, 90.53, 130688, 424
1432, 0, 7, 91, 66, 0, 0.65%, 0, 0, 4, 519.50, 132074, 424
1437, 0, 71, 91, 66, 0, 0.65%, 0, 0, 4, 88.53, 133063, 424
1442, 0, 71, 91, 66, 0, 0.65%, 0, 0, 4, 89.03, 133519, 424
1447, 0, 7, 91, 66, 0, 0.65%, 0, 0, 4, 584.84, 134479, 424
1452, 0, 39, 91, 66, 0, 0.65%, 0, 0, 4, 88.40, 135176, 424
1457, 0, 39, 91, 66, 0, 0.65%, 0, 0, 4, 89.36, 135637, 424
1462, 0, 39, 92, 67, 0, 0.65%, 0, 0, 4, 91.42, 136106, 424
1468, 0, 39, 92, 67, 0, 0.65%, 0, 0, 4, 90.66, 136575, 424
1473, 0, 39, 92, 67, 0, 0.65%, 0, 0, 4, 88.00, 137028, 424
1478, 0, 71, 92, 67, 0, 0.65%, 0, 0, 4, 81.55, 138956, 424
1483, 0, 71, 92, 67, 0, 0.65%, 0, 0, 4, 84.81, 139392, 424
1488, 0, 71, 92, 67, 0, 0.65%, 0, 0, 4, 83.82, 139822, 424
1493, 0, 7, 92, 67, 0, 0.65%, 0, 0, 4, 520.66, 141176, 424
1498, 0, 84, 92, 67, 0, 0.65%, 0, 0, 4, 88.11, 142896, 424
1503, 0, 84, 92, 67, 0, 0.65%, 0, 0, 4, 86.09, 143336, 424
1509, 0, 84, 92, 67, 0, 0.65%, 0, 0, 4, 85.52, 143775, 424
1514, 0, 7, 92, 67, 0, 0.65%, 0, 0, 4, 509.63, 145908, 424
1519, 0, 7, 92, 67, 0, 0.65%, 0, 0, 4, 528.47, 148628, 424
1524, 0, 84, 92, 67, 0, 0.65%, 0, 0, 4, 83.24, 149508, 424
1529, 0, 84, 92, 67, 0, 0.65%, 0, 0, 4, 85.34, 149944, 424
1534, 0, 7, 92, 67, 0, 0.65%, 0, 0, 4, 580.70, 150693, 424
1539, 0, 84, 92, 67, 0, 0.65%, 0, 0, 4, 83.87, 153044, 424
1545, 0, 84, 92, 67, 0, 0.65%, 0, 0, 4, 82.98, 153470, 424
1550, 0, 84, 92, 67, 0, 0.65%, 0, 0, 4, 84.15, 153903, 424
1555, 0, 7, 92, 67, 0, 0.65%, 0, 0, 4, 577.53, 155462, 424
1560, 0, 60, 92, 67, 0, 0.65%, 0, 0, 4, 91.78, 157016, 424
1565, 0, 60, 92, 67, 0, 0.65%, 0, 0, 4, 90.73, 157482, 424
1570, 0, 60, 92, 67, 0, 0.65%, 0, 0, 4, 90.44, 157945, 424
1575, 0, 60, 92, 67, 0, 0.65%, 0, 0, 4, 90.47, 158407, 424
1581, 0, 84, 92, 67, 0, 0.65%, 0, 0, 4, 85.96, 159611, 424
1586, 0, 84, 92, 67, 0, 0.65%, 0, 0, 4, 88.80, 160067, 424
1591, 0, 84, 92, 67, 0, 0.65%, 0, 0, 4, 88.98, 160527, 424
1596, 0, 84, 92, 67, 0, 0.65%, 0, 0, 4, 89.24, 161729, 424
1601, 0, 84, 92, 67, 0, 0.65%, 0, 0, 4, 88.37, 162182, 424
1606, 0, 84, 92, 67, 0, 0.65%, 0, 0, 4, 89.85, 162647, 424
1611, 0, 7, 92, 67, 0, 0.65%, 0, 0, 4, 428.73, 165244, 424
1617, 0, 7, 92, 67, 0, 0.65%, 0, 0, 4, 514.02, 168072, 424
1622, 0, 84, 92, 67, 0, 0.65%, 0, 0, 4, 85.98, 169119, 424
1627, 0, 84, 92, 67, 0, 0.65%, 0, 0, 4, 86.13, 169560, 424
1632, 0, 84, 92, 67, 0, 0.65%, 0, 0, 4, 85.13, 169998, 424
1637, 0, 84, 92, 67, 0, 0.65%, 0, 0, 4, 85.67, 170439, 424
1642, 0, 84, 92, 67, 0, 0.65%, 0, 0, 4, 83.56, 170869, 424
1647, 0, 7, 92, 67, 0, 0.65%, 0, 0, 4, 530.51, 172016, 424
1653, 0, 3, 92, 67, 0, 0.65%, 0, 0, 4, 521.14, 174676, 424
1658, 0, 84, 92, 67, 0, 0.65%, 0, 0, 4, 87.44, 175103, 424
1663, 0, 84, 92, 67, 0, 0.65%, 0, 0, 4, 85.61, 175540, 424
1668, 0, 84, 92, 67, 0, 0.65%, 0, 0, 4, 85.31, 175981, 424
1673, 0, 84, 92, 67, 0, 0.65%, 0, 0, 4, 83.82, 176411, 424
1678, 0, 84, 92, 67, 0, 0.65%, 0, 0, 4, 81.85, 176826, 424
1683, 0, 53, 92, 67, 0, 0.65%, 0, 0, 4, 90.12, 177985, 424
1688, 0, 53, 92, 67, 0, 0.65%, 0, 0, 4, 86.79, 178425, 424
1693, 0, 53, 92, 67, 0, 0.65%, 0, 0, 4, 84.55, 178857, 424
1699, 0, 84, 92, 67, 0, 0.65%, 0, 0, 4, 83.46, 180022, 424
1704, 0, 84, 92, 67, 0, 0.65%, 0, 0, 4, 82.52, 180443, 424
1709, 0, 84, 92, 67, 0, 0.65%, 0, 0, 4, 83.22, 180870, 424
1714, 0, 71, 92, 67, 0, 0.65%, 0, 0, 4, 82.95, 182037, 424
1719, 0, 71, 92, 67, 0, 0.65%, 0, 0, 4, 83.08, 182463, 424
1724, 0, 71, 92, 67, 0, 0.65%, 0, 0, 4, 82.19, 182881, 424
1729, 0, 7, 92, 67, 0, 0.65%, 0, 0, 4, 527.96, 183992, 424
1735, 0, 71, 92, 67, 0, 0.65%, 0, 0, 4, 81.01, 185952, 424
1740, 0, 71, 92, 67, 0, 0.65%, 0, 0, 4, 82.21, 186382, 424
1745, 0, 71, 92, 67, 0, 0.65%, 0, 0, 4, 81.65, 186795, 424
1750, 0, 7, 92, 67, 0, 0.65%, 0, 0, 4, 504.63, 188404, 424
1755, 0, 84, 92, 67, 0, 0.65%, 0, 0, 4, 83.49, 189853, 424
1760, 0, 84, 92, 67, 0, 0.65%, 0, 0, 4, 81.78, 190270, 424
1765, 0, 84, 92, 67, 0, 0.65%, 0, 0, 4, 82.66, 190694, 424
1771, 1, 7, 92, 67, 0, 0.65%, 0, 0, 4, 513.37, 192746, 424
1776, 1, 84, 92, 67, 0, 0.65%, 0, 0, 4, 82.67, 193747, 424
1781, 1, 84, 92, 67, 0, 0.65%, 0, 0, 4, 83.00, 194174, 424
1786, 1, 84, 92, 67, 0, 0.65%, 0, 0, 4, 82.63, 194600, 424
1791, 1, 53, 92, 67, 0, 0.65%, 0, 0, 4, 85.76, 195774, 424
1796, 1, 53, 92, 67, 0, 0.65%, 0, 0, 4, 84.19, 196205, 424
1801, 1, 53, 92, 67, 0, 0.65%, 0, 0, 4, 85.66, 196644, 424
1806, 1, 84, 92, 67, 0, 0.65%, 0, 0, 4, 81.43, 197061, 424
1812, 1, 84, 92, 67, 0, 0.65%, 0, 0, 4, 81.53, 197480, 424
1817, 1, 7, 92, 67, 0, 0.65%, 0, 0, 4, 461.11, 198247, 424
1822, 1, 71, 92, 67, 0, 0.65%, 0, 0, 4, 78.11, 199793, 424
1827, 1, 71, 92, 67, 0, 0.65%, 0, 0, 4, 78.75, 200199, 424
1832, 1, 71, 92, 67, 0, 0.65%, 0, 0, 4, 79.21, 200605, 424
1837, 1, 7, 92, 67, 0, 0.65%, 0, 0, 4, 480.61, 202167, 424
1842, 1, 84, 92, 67, 0, 0.65%, 0, 0, 4, 81.23, 202875, 424
1847, 1, 84, 92, 67, 0, 0.65%, 0, 0, 4, 80.93, 203292, 424
1853, 1, 3, 92, 67, 0, 0.65%, 0, 0, 4, 91.01, 203743, 424
1858, 1, 7, 92, 67, 0, 0.65%, 0, 0, 4, 502.71, 206222, 424
1863, 1, 7, 92, 67, 0, 0.65%, 0, 0, 4, 490.40, 208688, 424
1868, 1, 84, 92, 67, 0, 0.65%, 0, 0, 4, 82.81, 210082, 424
1873, 1, 84, 92, 67, 0, 0.65%, 0, 0, 4, 80.61, 210495, 424
1878, 1, 84, 92, 67, 0, 0.65%, 0, 0, 4, 80.17, 210909, 424
1883, 1, 7, 92, 67, 0, 0.65%, 0, 0, 4, 539.09, 212944, 424
1888, 1, 39, 92, 67, 0, 0.65%, 0, 0, 4, 82.12, 213977, 424
1893, 1, 84, 92, 67, 0, 0.65%, 0, 0, 4, 82.08, 214394, 424
1898, 1, 84, 92, 67, 0, 0.65%, 0, 0, 4, 83.53, 214824, 424
1904, 1, 84, 92, 67, 0, 0.65%, 0, 0, 4, 83.24, 215249, 424
1909, 1, 7, 92, 67, 0, 0.65%, 0, 0, 4, 519.08, 216988, 424
1914, 1, 84, 92, 67, 0, 0.65%, 0, 0, 4, 85.89, 218340, 424
1919, 1, 84, 92, 67, 0, 0.65%, 0, 0, 4, 85.73, 218778, 424
1924, 1, 84, 92, 67, 0, 0.65%, 0, 0, 4, 83.91, 219205, 424
1929, 1, 71, 92, 67, 0, 0.65%, 0, 0, 4, 83.15, 219632, 424
1934, 1, 71, 92, 67, 0, 0.65%, 0, 0, 4, 86.10, 220074, 424
1939, 1, 20, 92, 67, 0, 0.65%, 0, 0, 4, 82.66, 220495, 424
1945, 1, 20, 92, 67, 0, 0.65%, 0, 0, 4, 83.80, 220923, 424
1950, 1, 20, 92, 67, 0, 0.65%, 0, 0, 4, 85.60, 221363, 424
1955, 1, 20, 92, 67, 0, 0.65%, 0, 0, 4, 85.62, 221803, 424
1960, 1, 84, 92, 67, 0, 0.65%, 0, 0, 4, 87.52, 222256, 424
1965, 1, 84, 92, 67, 0, 0.65%, 0, 0, 4, 89.71, 222721, 424
1970, 1, 84, 92, 67, 0, 0.65%, 0, 0, 4, 89.58, 223180, 424
1975, 1, 84, 92, 67, 0, 0.65%, 0, 0, 4, 91.21, 223650, 424
1980, 1, 84, 92, 67, 0, 0.65%, 0, 0, 4, 92.47, 224123, 424
1986, 1, 7, 92, 67, 0, 0.65%, 0, 0, 4, 630.73, 224976, 424
1991, 1, 84, 92, 67, 0, 0.65%, 0, 0, 4, 98.07, 227310, 424
1996, 1, 84, 92, 67, 0, 0.65%, 0, 0, 4, 96.35, 227798, 424
2001, 1, 84, 92, 67, 0, 0.65%, 0, 0, 4, 94.29, 228280, 424
2006, 1, 84, 92, 67, 0, 0.65%, 0, 0, 4, 297.15, 230230, 424
2011, 1, 84, 92, 67, 0, 0.65%, 0, 0, 4, 134.19, 230666, 424
2016, 1, 84, 92, 67, 0, 0.65%, 0, 0, 4, 98.84, 231122, 424
2021, 1, 84, 92, 67, 0, 0.65%, 0, 0, 4, 88.20, 232319, 424
2026, 1, 84, 92, 67, 0, 0.65%, 0, 0, 4, 88.06, 232773, 424
2031, 1, 84, 92, 67, 0, 0.65%, 0, 0, 4, 87.78, 233222, 424
2037, 1, 7, 92, 67, 0, 0.65%, 0, 0, 4, 557.29, 235561, 424
2042, 1, 7, 92, 67, 0, 0.65%, 0, 0, 4, 571.28, 238454, 424
2047, 1, 64, 92, 67, 0, 0.65%, 0, 0, 4, 90.15, 239040, 424
2052, 1, 22, 92, 67, 0, 0.65%, 0, 0, 4, 89.70, 239500, 424
2057, 1, 22, 92, 67, 0, 0.65%, 0, 0, 4, 88.22, 239952, 424
2062, 1, 22, 92, 67, 0, 0.65%, 0, 0, 4, 89.50, 240410, 424
2067, 1, 22, 92, 67, 0, 0.65%, 0, 0, 4, 91.20, 240879, 424
2072, 1, 84, 92, 67, 0, 0.65%, 0, 0, 4, 82.72, 242798, 424
2077, 1, 84, 92, 67, 0, 0.65%, 0, 0, 4, 85.98, 243249, 424
2083, 1, 84, 92, 67, 0, 0.65%, 0, 0, 4, 82.18, 243668, 424
2088, 1, 84, 92, 67, 0, 0.65%, 0, 0, 4, 79.85, 244823, 424
2093, 1, 84, 92, 67, 0, 0.65%, 0, 0, 4, 78.72, 245237, 424
2098, 1, 84, 92, 67, 0, 0.65%, 0, 0, 4, 79.58, 245642, 424
2103, 1, 7, 92, 67, 0, 0.65%, 0, 0, 4, 491.02, 246642, 424
2108, 1, 71, 92, 67, 0, 0.65%, 0, 0, 4, 80.49, 247935, 424
2114, 1, 71, 92, 67, 0, 0.65%, 0, 0, 4, 79.48, 248346, 424
2119, 1, 71, 92, 67, 0, 0.65%, 0, 0, 4, 79.72, 248756, 424
2124, 1, 84, 92, 67, 0, 0.65%, 0, 0, 4, 491.28, 250642, 424
2129, 1, 84, 92, 67, 0, 0.65%, 0, 0, 4, 83.53, 251067, 424
2134, 1, 84, 92, 67, 0, 0.65%, 0, 0, 4, 82.13, 251493, 424
2139, 1, 7, 92, 67, 0, 0.65%, 0, 0, 4, 512.40, 252374, 424
2144, 1, 63, 92, 67, 0, 0.65%, 0, 0, 4, 84.19, 253072, 424
2150, 1, 63, 92, 67, 0, 0.65%, 0, 0, 4, 86.17, 253515, 424
2155, 1, 63, 92, 67, 0, 0.65%, 0, 0, 4, 85.58, 253949, 424
2160, 1, 63, 92, 67, 0, 0.65%, 0, 0, 4, 88.60, 254404, 424
2165, 1, 84, 92, 67, 0, 0.65%, 0, 0, 4, 86.77, 256322, 424
2170, 1, 84, 92, 67, 0, 0.65%, 0, 0, 4, 85.13, 256757, 424
2175, 1, 84, 92, 67, 0, 0.65%, 0, 0, 4, 84.55, 257190, 424
2180, 1, 84, 92, 67, 0, 0.65%, 0, 0, 4, 88.21, 258363, 424
2185, 1, 84, 92, 67, 0, 0.65%, 0, 0, 4, 88.00, 258815, 424
2190, 1, 84, 92, 67, 0, 0.65%, 0, 0, 4, 88.38, 259269, 424
2196, 1, 84, 92, 67, 0, 0.65%, 0, 0, 4, 377.63, 261222, 424
2201, 1, 84, 92, 67, 0, 0.65%, 0, 0, 4, 151.06, 261665, 424
2206, 1, 84, 92, 67, 0, 0.65%, 0, 0, 4, 98.88, 262092, 424
2211, 1, 7, 92, 67, 0, 0.65%, 0, 0, 4, 288.96, 263386, 424
2216, 1, 7, 92, 67, 0, 0.65%, 0, 0, 4, 529.31, 266346, 424
2221, 1, 3, 92, 67, 0, 0.65%, 0, 0, 4, 538.16, 269056, 424
2226, 1, 84, 92, 67, 0, 0.65%, 0, 0, 4, 91.30, 269793, 424
2231, 1, 84, 92, 67, 0, 0.65%, 0, 0, 4, 87.92, 270244, 424
2236, 1, 7, 92, 67, 0, 0.65%, 0, 0, 4, 527.00, 271274, 424
2241, 1, 84, 92, 67, 0, 0.65%, 0, 0, 4, 87.92, 271872, 424
2247, 1, 84, 92, 67, 0, 0.65%, 0, 0, 4, 88.40, 272329, 424
2252, 1, 7, 92, 67, 0, 0.65%, 0, 0, 4, 266.09, 273476, 424
2257, 1, 17, 92, 67, 0, 0.65%, 0, 0, 4, 127.88, 273968, 424
2262, 1, 84, 92, 66, 0, 0.65%, 0, 0, 4, 92.92, 274388, 424
2267, 1, 84, 92, 66, 0, 0.65%, 0, 0, 4, 77.69, 274765, 424
2272, 1, 84, 92, 66, 0, 0.65%, 0, 0, 4, 76.93, 275161, 424
2277, 1, 84, 92, 66, 0, 0.65%, 0, 0, 4, 86.42, 275618, 424
2282, 1, 84, 92, 66, 0, 0.65%, 0, 0, 4, 89.91, 276081, 424
2288, 1, 84, 92, 66, 0, 0.65%, 0, 0, 4, 83.37, 276493, 424
2293, 1, 84, 92, 66, 0, 0.65%, 0, 0, 4, 85.64, 276932, 424
2298, 1, 84, 92, 66, 0, 0.65%, 0, 0, 4, 77.01, 277324, 424
2303, 1, 7, 92, 66, 0, 0.65%, 0, 0, 4, 499.04, 278276, 424
2308, 1, 84, 92, 66, 0, 0.65%, 0, 0, 4, 84.15, 279598, 424
2313, 1, 84, 92, 66, 0, 0.65%, 0, 0, 4, 83.68, 280025, 424
2318, 1, 84, 92, 66, 0, 0.65%, 0, 0, 4, 82.31, 280450, 424
2323, 1, 7, 92, 66, 0, 0.65%, 0, 0, 4, 448.26, 282062, 424
2328, 1, 71, 92, 66, 0, 0.65%, 0, 0, 4, 81.46, 283433, 424
2334, 1, 71, 92, 66, 0, 0.65%, 0, 0, 4, 78.37, 283831, 424
2339, 1, 71, 92, 66, 0, 0.65%, 0, 0, 4, 78.92, 284239, 424
2344, 1, 7, 92, 66, 0, 0.65%, 0, 0, 4, 514.96, 286120, 424
2349, 2, 84, 92, 66, 0, 0.65%, 0, 0, 4, 82.51, 287294, 424
2354, 2, 84, 92, 66, 0, 0.65%, 0, 0, 4, 73.04, 287672, 424
2359, 2, 84, 92, 66, 0, 0.65%, 0, 0, 4, 71.67, 288041, 424
2364, 2, 7, 92, 66, 0, 0.65%, 0, 0, 4, 448.06, 289692, 424
2370, 2, 86, 92, 66, 0, 0.65%, 0, 0, 4, 79.76, 290313, 424
2375, 2, 86, 92, 66, 0, 0.65%, 0, 0, 4, 81.43, 290733, 424
2380, 2, 7, 92, 66, 0, 0.65%, 0, 0, 4, 591.91, 291631, 424
2385, 2, 52, 92, 66, 0, 0.65%, 0, 0, 4, 93.15, 293152, 424
2390, 2, 7, 92, 66, 0, 0.65%, 0, 0, 4, 560.63, 294534, 424
2395, 2, 84, 92, 66, 0, 0.65%, 0, 0, 4, 93.79, 295593, 424
2400, 2, 84, 92, 66, 0, 0.65%, 0, 0, 4, 90.99, 296054, 424
2406, 2, 7, 92, 66, 0, 0.65%, 0, 0, 4, 613.07, 297328, 424
2411, 2, 53, 92, 66, 0, 0.65%, 0, 0, 4, 97.02, 299980, 424
2416, 2, 53, 92, 66, 0, 0.65%, 0, 0, 4, 95.86, 300469, 424
2421, 2, 84, 92, 66, 0, 0.65%, 0, 0, 4, 92.66, 303172, 424
2426, 2, 84, 92, 66, 0, 0.65%, 0, 0, 4, 94.00, 303657, 424
2431, 2, 84, 92, 66, 0, 0.65%, 0, 0, 4, 94.45, 304142, 424
2436, 2, 84, 92, 66, 0, 0.65%, 0, 0, 4, 95.20, 304634, 424
2441, 2, 84, 92, 66, 0, 0.65%, 0, 0, 4, 94.16, 305114, 424
2447, 2, 7, 92, 66, 0, 0.65%, 0, 0, 4, 554.90, 306353, 424
2452, 2, 84, 92, 66, 0, 0.65%, 0, 0, 4, 94.82, 306843, 424
2457, 2, 84, 92, 66, 0, 0.65%, 0, 0, 4, 94.47, 307326, 424
2462, 2, 7, 92, 66, 0, 0.65%, 0, 0, 4, 622.60, 309430, 424
2467, 2, 17, 92, 66, 0, 0.65%, 0, 0, 4, 90.32, 310513, 424
2472, 2, 17, 92, 66, 0, 0.65%, 0, 0, 4, 93.46, 310998, 424
2477, 2, 17, 92, 66, 0, 0.65%, 0, 0, 4, 94.01, 311476, 424
2482, 2, 17, 92, 66, 0, 0.65%, 0, 0, 4, 94.30, 311959, 424
2487, 2, 22, 92, 66, 0, 0.65%, 0, 0, 4, 94.17, 312439, 424
2493, 2, 7, 92, 66, 0, 0.65%, 0, 0, 4, 627.83, 313612, 424
2498, 2, 71, 92, 66, 0, 0.65%, 0, 0, 4, 94.28, 315633, 424
2503, 2, 71, 92, 66, 0, 0.65%, 0, 0, 4, 94.54, 316118, 424
2508, 2, 71, 92, 66, 0, 0.65%, 0, 0, 4, 93.70, 316594, 424
2513, 2, 7, 92, 66, 0, 0.65%, 0, 0, 4, 620.29, 319620, 424
2518, 2, 71, 92, 66, 0, 0.65%, 0, 0, 4, 94.41, 320528, 424
2523, 2, 71, 92, 66, 0, 0.65%, 0, 0, 4, 94.30, 321011, 424
2528, 2, 84, 92, 66, 0, 0.65%, 0, 0, 4, 93.16, 321491, 424
2533, 2, 84, 92, 66, 0, 0.65%, 0, 0, 4, 91.24, 321956, 424
2538, 2, 84, 92, 66, 0, 0.65%, 0, 0, 4, 92.55, 322431, 424
2544, 2, 0, 93, 67, 0, 0.65%, 0, 0, 4, 93.56, 322909, 424
2549, 2, 0, 93, 67, 0, 0.65%, 0, 0, 4, 91.63, 323378, 424
2554, 2, 0, 93, 67, 0, 0.65%, 0, 0, 4, 90.90, 323846, 424
2559, 2, 0, 93, 67, 0, 0.65%, 0, 0, 4, 92.04, 324318, 424
2564, 2, 0, 93, 67, 0, 0.65%, 0, 0, 4, 93.33, 324794, 424
2569, 2, 0, 93, 67, 0, 0.65%, 0, 0, 4, 93.27, 325271, 424
2574, 2, 0, 94, 68, 0, 0.66%, 0, 0, 4, 91.77, 325741, 432
2579, 2, 0, 94, 68, 0, 0.66%, 0, 0, 4, 92.46, 326217, 432
2585, 2, 0, 94, 68, 0, 0.66%, 0, 0, 4, 91.16, 326687, 432
2590, 2, 0, 94, 68, 0, 0.66%, 0, 0, 4, 90.46, 327151, 432
2595, 2, 0, 94, 68, 0, 0.66%, 0, 0, 4, 88.57, 327608, 432
2600, 2, 0, 94, 68, 0, 0.66%, 0, 0, 4, 89.33, 328060, 432
2605, 2, 0, 94, 68, 0, 0.66%, 0, 0, 4, 90.16, 328525, 432
2610, 2, 0, 94, 68, 0, 0.66%, 0, 0, 4, 89.94, 328988, 432
2615, 2, 0, 94, 68, 0, 0.66%, 0, 0, 4, 90.32, 329456, 432
2621, 2, 0, 94, 68, 0, 0.66%, 0, 0, 4, 89.85, 329917, 432
2626, 2, 0, 94, 68, 0, 0.66%, 0, 0, 4, 89.88, 330376, 432
2631, 2, 0, 94, 68, 0, 0.66%, 0, 0, 4, 89.94, 330835, 432
2636, 2, 0, 94, 68, 0, 0.66%, 0, 0, 4, 89.75, 331293, 432
2641, 2, 0, 94, 68, 0, 0.66%, 0, 0, 4, 90.01, 331753, 432
2646, 2, 84, 94, 68, 1, 0.66%, 0, 0, 4, 87.28, 332925, 432
2651, 2, 84, 94, 68, 1, 0.66%, 0, 0, 4, 87.30, 333368, 432
2656, 2, 84, 94, 68, 1, 0.66%, 0, 0, 4, 84.96, 333797, 432
2661, 2, 93, 94, 68, 1, 0.66%, 0, 0, 4, 92.69, 334984, 432
2666, 2, 93, 94, 68, 1, 0.66%, 0, 0, 4, 90.95, 335443, 432
2672, 2, 93, 94, 68, 1, 0.66%, 0, 0, 4, 91.61, 335915, 432
2677, 2, 12, 94, 67, 1, 0.66%, 0, 0, 4, 86.92, 337104, 432
2682, 2, 84, 94, 66, 0, 0.66%, 0, 0, 4, 83.90, 337534, 432
2687, 2, 84, 94, 66, 0, 0.66%, 0, 0, 4, 90.32, 337998, 432
2692, 2, 84, 94, 66, 0, 0.66%, 0, 0, 4, 92.40, 338473, 432
2697, 2, 84, 94, 66, 0, 0.66%, 0, 0, 4, 90.91, 340438, 432
2702, 2, 84, 94, 66, 0, 0.66%, 0, 0, 4, 92.93, 340918, 432
2707, 2, 84, 94, 66, 0, 0.66%, 0, 0, 4, 93.67, 341397, 432
2713, 2, 84, 94, 66, 0, 0.66%, 0, 0, 4, 93.24, 342626, 432
2718, 2, 84, 94, 66, 0, 0.66%, 0, 0, 4, 93.73, 343107, 432
2723, 2, 84, 94, 66, 0, 0.66%, 0, 0, 4, 94.44, 343590, 432
2728, 2, 84, 94, 66, 0, 0.66%, 0, 0, 4, 563.16, 346280, 432
2733, 2, 84, 94, 66, 0, 0.66%, 0, 0, 4, 94.51, 346766, 432
2738, 2, 84, 94, 66, 0, 0.66%, 0, 0, 4, 96.16, 347257, 432
2743, 2, 87, 94, 66, 0, 0.66%, 0, 0, 4, 94.89, 347741, 432
2748, 2, 87, 94, 66, 0, 0.66%, 0, 0, 4, 93.86, 348225, 432
2753, 2, 93, 94, 65, 0, 0.66%, 0, 0, 4, 91.32, 348693, 432
2759, 2, 93, 95, 66, 0, 0.66%, 0, 0, 4, 91.17, 349163, 432
2764, 2, 93, 95, 66, 0, 0.66%, 0, 0, 4, 91.46, 349631, 432
2769, 2, 93, 95, 66, 0, 0.66%, 0, 0, 4, 90.95, 350096, 432
2774, 2, 93, 95, 66, 0, 0.66%, 0, 0, 4, 90.31, 350558, 432
2779, 2, 93, 95, 66, 0, 0.66%, 0, 0, 4, 91.11, 351029, 432
2784, 2, 93, 95, 66, 0, 0.66%, 0, 0, 4, 91.04, 351495, 432
2789, 2, 93, 95, 66, 0, 0.66%, 0, 0, 4, 90.55, 351960, 432
2795, 2, 93, 95, 66, 0, 0.66%, 0, 0, 4, 87.98, 352408, 432
2800, 2, 93, 95, 66, 0, 0.66%, 0, 0, 4, 90.19, 352875, 432
2805, 2, 84, 95, 66, 0, 0.66%, 0, 0, 4, 91.47, 353346, 432
2810, 2, 84, 95, 66, 0, 0.66%, 0, 0, 4, 93.65, 353830, 432
2815, 2, 84, 95, 66, 0, 0.66%, 0, 0, 4, 94.05, 354309, 432
2820, 2, 7, 95, 66, 0, 0.66%, 0, 0, 4, 576.99, 357133, 432
2825, 2, 71, 95, 66, 0, 0.66%, 0, 0, 4, 93.85, 358243, 432
2830, 2, 71, 95, 66, 0, 0.66%, 0, 0, 4, 92.68, 358715, 432
2836, 2, 7, 95, 66, 0, 0.66%, 0, 0, 4, 614.67, 359892, 432
2841, 2, 81, 95, 66, 0, 0.66%, 0, 0, 4, 92.65, 360416, 432
2846, 2, 81, 95, 66, 0, 0.66%, 0, 0, 4, 96.52, 360914, 432
2851, 2, 81, 95, 66, 0, 0.66%, 0, 0, 4, 96.69, 361408, 432
2856, 2, 81, 95, 66, 0, 0.66%, 0, 0, 4, 97.31, 361905, 432
2861, 2, 81, 96, 67, 0, 0.66%, 0, 0, 4, 92.64, 362376, 432
2866, 2, 81, 96, 67, 0, 0.66%, 0, 0, 4, 93.77, 362857, 432
2871, 2, 81, 96, 67, 0, 0.66%, 0, 0, 4, 91.91, 363326, 432
2877, 2, 81, 96, 67, 0, 0.66%, 0, 0, 4, 89.39, 363783, 432
2882, 2, 81, 96, 67, 0, 0.66%, 0, 0, 4, 94.89, 364267, 432
2887, 2, 7, 96, 67, 0, 0.66%, 0, 0, 4, 539.83, 365442, 432
2892, 2, 84, 96, 67, 0, 0.66%, 0, 0, 4, 98.02, 367523, 432
2897, 2, 84, 96, 67, 0, 0.66%, 0, 0, 4, 97.50, 368019, 432
2902, 2, 7, 96, 67, 0, 0.66%, 0, 0, 4, 672.56, 368815, 432
2907, 2, 53, 96, 67, 0, 0.66%, 0, 0, 4, 97.22, 371260, 432
2912, 2, 84, 96, 67, 0, 0.66%, 0, 0, 4, 97.75, 371760, 432
2918, 2, 84, 96, 67, 0, 0.66%, 0, 0, 4, 97.52, 372258, 432
2923, 2, 84, 96, 67, 0, 0.66%, 0, 0, 4, 96.50, 372752, 432
2928, 2, 7, 96, 67, 0, 0.66%, 0, 0, 4, 646.45, 375350, 432
2933, 2, 84, 96, 67, 0, 0.66%, 0, 0, 4, 98.57, 376734, 432
2938, 2, 84, 96, 67, 0, 0.66%, 0, 0, 4, 98.18, 377233, 432
2943, 2, 84, 96, 67, 0, 0.66%, 0, 0, 4, 99.16, 378486, 432
2948, 2, 84, 96, 67, 0, 0.66%, 0, 0, 4, 97.93, 378984, 432
2953, 2, 84, 96, 67, 0, 0.66%, 0, 0, 4, 98.55, 379486, 432
2958, 2, 84, 96, 67, 0, 0.66%, 0, 0, 4, 108.65, 380728, 432
2963, 2, 84, 96, 67, 0, 0.66%, 0, 0, 4, 100.04, 381228, 432
2969, 2, 7, 96, 67, 0, 0.66%, 0, 0, 4, 665.40, 382148, 432
2974, 2, 7, 96, 67, 0, 0.66%, 0, 0, 4, 666.50, 385544, 432
2979, 2, 84, 96, 67, 0, 0.66%, 0, 0, 4, 98.08, 387238, 432
2984, 2, 84, 96, 67, 0, 0.66%, 0, 0, 4, 97.71, 387737, 432
2989, 2, 7, 96, 67, 0, 0.66%, 0, 0, 4, 662.83, 388918, 432
2994, 2, 7, 96, 67, 0, 0.66%, 0, 0, 4, 652.85, 392191, 432
2999, 2, 79, 97, 68, 0, 0.67%, 0, 0, 4, 98.74, 392966, 436
3004, 2, 84, 97, 67, 1, 0.67%, 0, 0, 4, 97.00, 393459, 436
3009, 2, 84, 97, 67, 1, 0.67%, 0, 0, 4, 97.92, 393960, 436
3015, 2, 84, 97, 67, 1, 0.67%, 0, 0, 4, 97.82, 394460, 436
3020, 2, 84, 97, 67, 1, 0.67%, 0, 0, 4, 99.15, 394965, 436
3025, 2, 84, 97, 67, 1, 0.67%, 0, 0, 4, 98.68, 395468, 436
3030, 2, 96, 97, 67, 1, 0.67%, 0, 0, 4, 99.55, 397476, 436
3035, 2, 96, 97, 67, 1, 0.67%, 0, 0, 4, 98.47, 397976, 436
3040, 2, 96, 97, 67, 1, 0.67%, 0, 0, 4, 98.97, 398478, 436
3045, 3, 81, 97, 66, 0, 0.67%, 0, 0, 4, 99.13, 398985, 436
3050, 3, 81, 97, 66, 0, 0.67%, 0, 0, 4, 98.78, 399485, 436
3055, 3, 81, 97, 66, 0, 0.67%, 0, 0, 4, 96.88, 399980, 436
3060, 3, 81, 97, 66, 0, 0.67%, 0, 0, 4, 97.13, 400471, 436
3065, 3, 71, 97, 66, 0, 0.67%, 0, 0, 4, 98.11, 400969, 436
3070, 3, 71, 97, 66, 0, 0.67%, 0, 0, 4, 98.17, 401468, 436
3075, 3, 71, 97, 66, 0, 0.67%, 0, 0, 4, 98.28, 401970, 436
3081, 3, 84, 97, 66, 0, 0.67%, 0, 0, 4, 98.70, 402469, 436
3086, 3, 84, 97, 66, 0, 0.67%, 0, 0, 4, 98.95, 402971, 436
3091, 3, 65, 97, 66, 0, 0.67%, 0, 0, 4, 661.41, 404969, 436
3096, 3, 65, 97, 66, 0, 0.67%, 0, 0, 4, 102.96, 405497, 436
3101, 3, 7, 97, 65, 0, 0.67%, 0, 0, 4, 668.45, 408171, 436
3106, 3, 93, 97, 65, 0, 0.67%, 0, 0, 4, 98.36, 411007, 436
3111, 3, 93, 97, 65, 0, 0.67%, 0, 0, 4, 97.72, 411506, 436
3116, 3, 93, 97, 65, 0, 0.67%, 0, 0, 4, 97.27, 412004, 436
3121, 3, 93, 97, 65, 0, 0.67%, 0, 0, 4, 95.38, 412493, 436
3126, 3, 53, 97, 65, 0, 0.67%, 0, 0, 4, 99.93, 413740, 436
3132, 3, 7, 97, 65, 0, 0.67%, 0, 0, 4, 686.50, 414932, 436
3137, 3, 53, 97, 65, 0, 0.67%, 0, 0, 4, 99.26, 417010, 436
3142, 3, 84, 97, 65, 0, 0.67%, 0, 0, 4, 632.55, 418267, 436
3147, 3, 84, 97, 65, 0, 0.67%, 0, 0, 4, 98.11, 418771, 436
3152, 3, 84, 97, 65, 0, 0.67%, 0, 0, 4, 99.03, 419277, 436
3157, 3, 84, 97, 65, 0, 0.67%, 0, 0, 4, 99.28, 421272, 436
3162, 3, 84, 97, 65, 0, 0.67%, 0, 0, 4, 99.29, 421777, 436
3167, 3, 84, 97, 65, 0, 0.67%, 0, 0, 4, 98.76, 422277, 436
3172, 3, 84, 97, 65, 0, 0.67%, 0, 0, 4, 99.40, 423526, 436
3177, 3, 84, 97, 65, 0, 0.67%, 0, 0, 4, 98.94, 424028, 436
3182, 3, 7, 97, 65, 0, 0.67%, 0, 0, 4, 677.32, 425303, 436
3187, 3, 3, 97, 65, 0, 0.67%, 0, 0, 4, 662.75, 428658, 436
3192, 3, 53, 97, 65, 0, 0.67%, 0, 0, 4, 96.41, 430025, 436
3198, 3, 7, 97, 65, 0, 0.67%, 0, 0, 4, 656.89, 432142, 436
3203, 3, 7, 97, 65, 0, 0.67%, 0, 0, 4, 670.10, 435523, 436
3208, 3, 84, 97, 65, 0, 0.67%, 0, 0, 4, 98.92, 436055, 436
3213, 3, 84, 97, 65, 0, 0.67%, 0, 0, 4, 99.28, 436563, 436
3218, 3, 3, 97, 65, 0, 0.67%, 0, 0, 4, 678.04, 439170, 436
3223, 3, 39, 97, 65, 0, 0.67%, 0, 0, 4, 98.02, 439840, 436
3228, 3, 59, 97, 65, 0, 0.67%, 0, 0, 4, 100.18, 441089, 436
3233, 3, 7, 97, 65, 0, 0.67%, 0, 0, 4, 658.29, 442677, 436
3239, 3, 39, 97, 65, 0, 0.67%, 0, 0, 4, 97.48, 443596, 436
3244, 3, 71, 97, 65, 0, 0.67%, 0, 0, 4, 98.12, 445596, 436
3249, 3, 71, 97, 65, 0, 0.67%, 0, 0, 4, 96.26, 446088, 436
3254, 3, 71, 97, 65, 0, 0.67%, 0, 0, 4, 94.37, 446570, 436
3259, 3, 84, 97, 65, 0, 0.67%, 0, 0, 4, 97.40, 447809, 436
3264, 3, 84, 97, 65, 0, 0.67%, 0, 0, 4, 97.81, 448309, 436
3269, 3, 7, 97, 65, 0, 0.67%, 0, 0, 4, 676.27, 449305, 436
3274, 3, 7, 97, 65, 0, 0.67%, 0, 0, 4, 665.40, 452721, 436
3279, 3, 84, 97, 65, 0, 0.67%, 0, 0, 4, 95.60, 455829, 436
3285, 3, 84, 97, 65, 0, 0.67%, 0, 0, 4, 97.88, 456328, 436
3290, 3, 84, 97, 65, 0, 0.67%, 0, 0, 4, 98.47, 456828, 436
3295, 3, 93, 97, 65, 0, 0.67%, 0, 0, 4, 98.53, 457328, 436
3300, 3, 93, 97, 65, 0, 0.67%, 0, 0, 4, 99.17, 457833, 436
3305, 3, 93, 97, 65, 0, 0.67%, 0, 0, 4, 98.30, 458331, 436
3310, 3, 84, 97, 65, 0, 0.67%, 0, 0, 4, 97.97, 458828, 436
3315, 3, 84, 97, 65, 0, 0.67%, 0, 0, 4, 98.74, 459327, 436
3320, 3, 84, 97, 65, 0, 0.67%, 0, 0, 4, 96.58, 459817, 436
3325, 3, 64, 97, 65, 0, 0.67%, 0, 0, 4, 98.92, 460322, 436
3330, 3, 7, 97, 65, 0, 0.67%, 0, 0, 4, 677.13, 463018, 436
3335, 3, 28, 97, 65, 0, 0.67%, 0, 0, 4, 99.12, 463588, 436
3340, 3, 84, 97, 64, 0, 0.67%, 0, 0, 4, 100.35, 465584, 436
3346, 3, 84, 97, 64, 0, 0.67%, 0, 0, 4, 99.32, 466086, 436
3351, 3, 84, 97, 64, 0, 0.67%, 0, 0, 4, 99.48, 466590, 436
3356, 3, 84, 97, 64, 0, 0.67%, 0, 0, 4, 98.69, 467843, 436
3361, 3, 84, 97, 64, 0, 0.67%, 0, 0, 4, 99.07, 468345, 436
3366, 3, 93, 97, 64, 0, 0.67%, 0, 0, 4, 98.54, 468849, 436
3371, 3, 93, 97, 64, 0, 0.67%, 0, 0, 4, 98.98, 469351, 436
3376, 3, 93, 97, 64, 0, 0.67%, 0, 0, 4, 98.32, 469853, 436
3381, 3, 93, 97, 64, 0, 0.67%, 0, 0, 4, 99.12, 470359, 436
3386, 3, 53, 97, 64, 0, 0.67%, 0, 0, 4, 97.61, 470858, 436
3391, 3, 84, 97, 64, 0, 0.67%, 0, 0, 4, 98.17, 471357, 436
3396, 3, 84, 97, 64, 0, 0.67%, 0, 0, 4, 99.37, 471864, 436
3402, 3, 7, 97, 64, 0, 0.67%, 0, 0, 4, 657.78, 473201, 436
3407, 3, 64, 99, 66, 0, 0.67%, 0, 0, 4, 100.18, 474388, 436
3412, 3, 64, 99, 66, 0, 0.67%, 0, 0, 4, 100.14, 474904, 436
3417, 3, 64, 99, 66, 0, 0.67%, 0, 0, 4, 99.80, 475416, 436
3422, 3, 64, 99, 66, 0, 0.67%, 0, 0, 4, 99.85, 475922, 436
3427, 3, 59, 99, 66, 0, 0.67%, 0, 0, 4, 99.89, 476439, 436
3432, 3, 84, 99, 66, 0, 0.67%, 0, 0, 4, 99.87, 476941, 436
3437, 3, 84, 99, 66, 0, 0.67%, 0, 0, 4, 99.00, 477442, 436
3442, 3, 84, 99, 66, 0, 0.67%, 0, 0, 4, 98.65, 477941, 436
3447, 3, 84, 99, 66, 0, 0.67%, 0, 0, 4, 98.38, 478440, 436
3453, 3, 84, 99, 66, 0, 0.67%, 0, 0, 4, 96.14, 478927, 436
3458, 3, 20, 99, 66, 0, 0.67%, 0, 0, 4, 98.86, 480179, 436
3463, 3, 20, 99, 66, 0, 0.67%, 0, 0, 4, 98.13, 480678, 436
3468, 3, 20, 99, 66, 0, 0.67%, 0, 0, 4, 98.25, 481179, 436
3473, 3, 2, 99, 66, 0, 0.67%, 0, 0, 4, 679.10, 483765, 436
3478, 3, 7, 99, 66, 0, 0.67%, 0, 0, 4, 662.59, 487108, 436
3483, 3, 84, 99, 66, 0, 0.67%, 0, 0, 4, 99.80, 489918, 436
3488, 3, 84, 99, 66, 0, 0.67%, 0, 0, 4, 98.79, 490421, 436
3493, 3, 84, 99, 66, 0, 0.67%, 0, 0, 4, 98.42, 490922, 436
3498, 3, 84, 99, 66, 0, 0.67%, 0, 0, 4, 97.66, 492921, 436
3503, 3, 84, 99, 66, 0, 0.67%, 0, 0, 4, 98.67, 493423, 436
3508, 3, 84, 99, 66, 0, 0.67%, 0, 0, 4, 98.34, 493925, 436
3514, 3, 71, 99, 66, 0, 0.67%, 0, 0, 4, 97.18, 495920, 436
3519, 3, 71, 99, 66, 0, 0.67%, 0, 0, 4, 94.09, 496397, 436
3524, 3, 84, 99, 66, 0, 0.67%, 0, 0, 4, 96.08, 496891, 436
3529, 3, 84, 99, 66, 0, 0.67%, 0, 0, 4, 96.11, 497380, 436
3534, 3, 84, 99, 66, 0, 0.67%, 0, 0, 4, 98.60, 497889, 436
3539, 3, 3, 99, 66, 0, 0.67%, 0, 0, 4, 669.81, 500561, 436
3544, 4, 84, 99, 66, 0, 0.67%, 0, 0, 4, 98.71, 501157, 436
3549, 4, 84, 99, 66, 0, 0.67%, 0, 0, 4, 99.04, 501661, 436
3555, 4, 7, 99, 66, 0, 0.67%, 0, 0, 4, 671.33, 504024, 436
3560, 4, 84, 99, 66, 0, 0.67%, 0, 0, 4, 98.48, 505665, 436
3565, 4, 84, 99, 66, 0, 0.67%, 0, 0, 4, 98.76, 506165, 436
3570, 4, 7, 99, 66, 0, 0.67%, 0, 0, 4, 673.56, 507419, 436
3575, 4, 7, 99, 66, 0, 0.67%, 0, 0, 4, 670.21, 510827, 436
3580, 4, 71, 99, 66, 0, 0.67%, 0, 0, 4, 90.90, 511393, 436
3585, 4, 71, 99, 66, 0, 0.67%, 0, 0, 4, 91.05, 511849, 436
3590, 4, 53, 99, 66, 0, 0.67%, 0, 0, 4, 99.40, 513102, 436
3595, 4, 7, 99, 66, 0, 0.67%, 0, 0, 4, 115.05, 513654, 436
3600, 4, 53, 99, 66, 0, 0.67%, 0, 0, 4, 91.38, 515526, 436
3605, 4, 7, 99, 66, 0, 0.67%, 0, 0, 4, 650.43, 516612, 436
3610, 4, 84, 99, 66, 0, 0.67%, 0, 0, 4, 88.93, 517217, 436
3616, 4, 84, 99, 66, 0, 0.67%, 0, 0, 4, 91.51, 517692, 436
3621, 4, 7, 99, 66, 0, 0.67%, 0, 0, 4, 561.94, 519244, 436
3626, 4, 84, 99, 66, 0, 0.67%, 0, 0, 4, 92.01, 520870, 436
3631, 4, 84, 99, 66, 0, 0.67%, 0, 0, 4, 95.05, 521363, 436
3636, 4, 7, 99, 66, 0, 0.67%, 0, 0, 4, 458.42, 521978, 436
3641, 4, 71, 99, 66, 0, 0.67%, 0, 0, 4, 90.83, 523013, 436
3646, 4, 71, 99, 66, 0, 0.67%, 0, 0, 4, 94.81, 523506, 436
3651, 4, 84, 99, 66, 0, 0.67%, 0, 0, 4, 96.06, 523997, 436
3656, 4, 84, 99, 66, 0, 0.67%, 0, 0, 4, 97.80, 524497, 436
3661, 4, 84, 99, 66, 0, 0.67%, 0, 0, 4, 98.46, 524997, 436
3667, 4, 84, 99, 66, 0, 0.67%, 0, 0, 4, 98.16, 526243, 436
3672, 4, 84, 99, 66, 0, 0.67%, 0, 0, 4, 94.46, 526725, 436
3677, 4, 7, 99, 66, 0, 0.67%, 0, 0, 4, 589.89, 527935, 436
3682, 4, 71, 99, 66, 0, 0.67%, 0, 0, 4, 90.37, 528398, 436
3687, 4, 71, 99, 66, 0, 0.67%, 0, 0, 4, 89.44, 528860, 436
3692, 4, 84, 99, 66, 0, 0.67%, 0, 0, 4, 91.09, 529326, 436
3697, 4, 84, 99, 66, 0, 0.67%, 0, 0, 4, 94.58, 529815, 436
