# relative_time, cycles_done, cur_item, corpus_count, pending_total, pending_favs, map_size, saved_crashes, saved_hangs, max_depth, execs_per_sec, total_execs, edges_found
60, 0, 87, 140, 139, 20, 1.02%, 0, 0, 3, 810.54, 48755, 668
65, 0, 87, 142, 141, 20, 1.02%, 0, 0, 3, 808.23, 52851, 668
70, 0, 87, 142, 141, 20, 1.02%, 0, 0, 3, 808.08, 56947, 668
76, 0, 87, 142, 141, 20, 1.02%, 0, 0, 3, 808.56, 61059, 668
81, 0, 87, 143, 142, 20, 1.02%, 0, 0, 3, 809.05, 65131, 668
86, 0, 0, 190, 188, 18, 1.17%, 6, 0, 3, 754.10, 68988, 769
91, 0, 0, 202, 200, 18, 1.18%, 11, 0, 3, 730.64, 72642, 775
96, 0, 0, 210, 208, 18, 1.19%, 13, 0, 3, 712.08, 76262, 783
101, 0, 0, 213, 211, 18, 1.19%, 16, 0, 3, 714.25, 79842, 783
106, 0, 0, 214, 212, 18, 1.19%, 19, 0, 3, 725.56, 83532, 783
111, 0, 155, 217, 214, 44, 1.20%, 20, 0, 3, 733.21, 87240, 785
116, 0, 155, 228, 225, 44, 1.20%, 20, 0, 3, 783.11, 91311, 786
121, 0, 201, 233, 225, 40, 1.20%, 20, 0, 4, 762.98, 95137, 788
126, 0, 148, 244, 235, 39, 1.21%, 21, 0, 4, 737.80, 98862, 795
131, 0, 148, 247, 238, 39, 1.22%, 21, 0, 4, 738.70, 102694, 800
137, 0, 148, 249, 240, 39, 1.22%, 21, 0, 4, 730.25, 106378, 800
142, 0, 148, 252, 243, 39, 1.23%, 23, 0, 4, 731.84, 110056, 803
147, 0, 148, 253, 244, 39, 1.23%, 24, 0, 4, 730.55, 113746, 809
152, 0, 148, 254, 245, 39, 1.23%, 24, 0, 4, 735.75, 117436, 809
157, 0, 148, 256, 247, 39, 1.23%, 24, 0, 4, 734.84, 121120, 809
162, 0, 96, 260, 248, 42, 1.23%, 24, 0, 4, 755.69, 124936, 809
167, 0, 4, 265, 251, 40, 1.24%, 26, 0, 4, 590.85, 127939, 813
172, 0, 4, 266, 252, 40, 1.24%, 26, 0, 4, 518.94, 130325, 813
177, 0, 4, 267, 253, 40, 1.24%, 26, 0, 4, 591.71, 133474, 813
182, 0, 4, 270, 256, 40, 1.26%, 26, 0, 4, 639.31, 136823, 826
187, 0, 4, 271, 257, 40, 1.27%, 26, 0, 4, 660.55, 140132, 833
192, 0, 4, 271, 257, 40, 1.27%, 26, 0, 4, 678.09, 143564, 833
197, 0, 4, 271, 257, 40, 1.27%, 26, 0, 4, 680.74, 146996, 833
202, 0, 4, 271, 257, 40, 1.27%, 26, 0, 4, 680.44, 150428, 833
207, 0, 229, 272, 255, 39, 1.27%, 29, 0, 4, 737.01, 154326, 833
212, 0, 270, 276, 258, 38, 1.28%, 29, 0, 4, 717.83, 157848, 836
218, 0, 245, 279, 259, 38, 1.28%, 29, 0, 4, 725.01, 161546, 839
223, 0, 268, 284, 261, 37, 1.28%, 29, 0, 4, 745.02, 165306, 839
228, 0, 268, 292, 269, 37, 1.29%, 29, 0, 4, 675.38, 168590, 844
233, 0, 268, 293, 270, 37, 1.29%, 29, 0, 4, 654.38, 171835, 848
238, 0, 268, 293, 270, 37, 1.29%, 29, 0, 4, 666.94, 175241, 848
243, 0, 268, 294, 271, 37, 1.30%, 29, 0, 4, 674.78, 178642, 850
248, 0, 268, 294, 271, 37, 1.30%, 29, 0, 4, 674.17, 181970, 850
253, 0, 268, 294, 271, 37, 1.30%, 29, 0, 4, 688.02, 185545, 850
258, 0, 268, 294, 271, 37, 1.30%, 29, 0, 4, 685.24, 189107, 850
263, 0, 272, 294, 269, 39, 1.30%, 29, 0, 4, 712.82, 192710, 850
268, 0, 287, 298, 271, 37, 1.30%, 29, 0, 4, 716.04, 196407, 850
274, 0, 93, 298, 267, 33, 1.30%, 29, 0, 4, 747.18, 200330, 850
279, 0, 290, 300, 266, 31, 1.30%, 30, 0, 4, 726.83, 203983, 850
284, 0, 290, 307, 273, 31, 1.30%, 30, 0, 4, 678.34, 207435, 850
289, 0, 290, 308, 274, 31, 1.30%, 30, 0, 4, 670.29, 210836, 850
294, 0, 290, 309, 275, 31, 1.30%, 30, 0, 4, 662.07, 214224, 850
299, 0, 290, 311, 277, 31, 1.30%, 30, 0, 4, 663.71, 217581, 850
304, 0, 290, 312, 278, 31, 1.30%, 30, 0, 4, 668.66, 220943, 850
309, 0, 290, 312, 278, 31, 1.30%, 30, 0, 4, 671.43, 224375, 850
314, 0, 290, 313, 279, 31, 1.30%, 31, 0, 4, 672.32, 227763, 850
319, 0, 170, 313, 276, 29, 1.30%, 33, 0, 4, 720.26, 231536, 850
324, 0, 232, 316, 277, 27, 1.30%, 33, 0, 4, 731.11, 235256, 850
329, 0, 41, 316, 277, 27, 1.30%, 33, 0, 4, 755.36, 239055, 850
335, 0, 257, 318, 277, 26, 1.30%, 34, 0, 5, 725.44, 242747, 851
340, 0, 316, 319, 274, 22, 1.30%, 34, 0, 5, 719.22, 246597, 851
345, 0, 316, 322, 277, 22, 1.30%, 34, 0, 5, 686.65, 250018, 852
350, 0, 316, 323, 278, 22, 1.30%, 34, 0, 5, 675.72, 253432, 852
355, 0, 316, 324, 279, 22, 1.30%, 34, 0, 5, 668.05, 256820, 853
360, 0, 316, 325, 280, 22, 1.30%, 34, 0, 5, 661.53, 260260, 853
365, 0, 316, 325, 280, 22, 1.30%, 34, 0, 5, 661.42, 263588, 853
370, 0, 316, 326, 281, 22, 1.30%, 34, 0, 5, 669.64, 266976, 853
375, 0, 316, 328, 283, 22, 1.31%, 35, 0, 5, 671.31, 270385, 856
381, 0, 317, 328, 281, 22, 1.31%, 35, 0, 5, 732.87, 274242, 856
386, 0, 326, 331, 283, 21, 1.31%, 35, 0, 6, 716.48, 277757, 856
391, 0, 250, 332, 281, 18, 1.31%, 36, 0, 6, 747.43, 281678, 856
396, 0, 323, 332, 276, 13, 1.31%, 37, 0, 6, 721.56, 285455, 856
401, 0, 178, 334, 277, 12, 1.31%, 37, 0, 6, 730.78, 289055, 856
406, 0, 332, 337, 279, 11, 1.31%, 37, 0, 7, 685.40, 292441, 856
411, 0, 332, 340, 282, 11, 1.31%, 37, 0, 7, 681.33, 295858, 856
416, 0, 332, 340, 282, 11, 1.31%, 37, 0, 7, 673.26, 299264, 856
421, 0, 332, 341, 283, 11, 1.31%, 37, 0, 7, 674.95, 302665, 857
426, 0, 332, 341, 283, 11, 1.31%, 37, 0, 7, 662.05, 306006, 857
431, 0, 332, 341, 283, 11, 1.31%, 37, 0, 7, 668.02, 309347, 857
436, 0, 332, 341, 283, 11, 1.31%, 37, 0, 7, 676.23, 312753, 857
442, 0, 340, 342, 283, 11, 1.31%, 37, 0, 7, 701.82, 316423, 857
447, 0, 220, 343, 282, 10, 1.31%, 37, 0, 7, 736.59, 320150, 857
452, 0, 140, 343, 279, 7, 1.31%, 38, 0, 7, 737.82, 323910, 857
457, 0, 195, 349, 285, 7, 1.31%, 38, 0, 7, 735.80, 327762, 857
462, 0, 195, 350, 286, 7, 1.31%, 38, 0, 7, 731.64, 331452, 857
467, 0, 195, 350, 286, 7, 1.31%, 38, 0, 7, 730.60, 335148, 857
472, 0, 195, 350, 286, 7, 1.31%, 38, 0, 7, 725.77, 338802, 857
477, 0, 195, 350, 286, 7, 1.31%, 38, 0, 7, 720.85, 342470, 857
482, 0, 195, 350, 286, 7, 1.31%, 38, 0, 7, 723.43, 346138, 857
487, 0, 195, 350, 286, 7, 1.31%, 38, 0, 7, 730.19, 349834, 857
492, 0, 195, 350, 286, 7, 1.31%, 38, 0, 7, 714.23, 353432, 857
497, 0, 195, 350, 286, 7, 1.31%, 38, 0, 7, 720.50, 357072, 857
502, 0, 293, 350, 284, 7, 1.31%, 38, 0, 7, 706.91, 360672, 857
507, 0, 76, 350, 280, 3, 1.31%, 38, 0, 7, 740.13, 364394, 857
512, 0, 351, 354, 283, 3, 1.31%, 38, 0, 7, 732.06, 368042, 857
517, 0, 351, 355, 284, 3, 1.31%, 38, 0, 7, 726.46, 371704, 857
522, 0, 307, 355, 282, 2, 1.31%, 38, 0, 7, 709.21, 375334, 857
528, 0, 50, 355, 280, 0, 1.31%, 38, 0, 7, 747.45, 379243, 857
533, 0, 250, 357, 282, 0, 1.31%, 38, 0, 7, 725.45, 382919, 857
538, 0, 87, 357, 282, 0, 1.31%, 38, 0, 7, 748.38, 386810, 857
543, 0, 287, 357, 282, 0, 1.31%, 38, 0, 7, 732.39, 390464, 857
548, 0, 252, 358, 283, 0, 1.31%, 38, 0, 7, 739.52, 394250, 857
553, 0, 287, 358, 283, 0, 1.31%, 38, 0, 7, 746.16, 398027, 857
558, 0, 287, 358, 283, 0, 1.31%, 38, 0, 7, 726.60, 401717, 857
564, 0, 332, 358, 283, 0, 1.31%, 38, 0, 7, 734.79, 405534, 857
569, 0, 201, 358, 283, 0, 1.31%, 38, 0, 7, 745.70, 409314, 857
574, 0, 161, 358, 283, 0, 1.31%, 39, 0, 7, 751.17, 413137, 857
579, 0, 87, 358, 283, 0, 1.31%, 39, 0, 7, 754.39, 417073, 857
584, 0, 166, 358, 283, 0, 1.31%, 39, 0, 7, 757.44, 420989, 857
589, 0, 348, 358, 283, 0, 1.31%, 39, 0, 7, 756.35, 424907, 857
594, 0, 76, 358, 283, 0, 1.31%, 39, 0, 7, 768.32, 428761, 857
599, 0, 104, 358, 283, 0, 1.31%, 40, 0, 7, 760.89, 432572, 857
604, 0, 176, 358, 283, 0, 1.31%, 40, 0, 7, 750.77, 436314, 857
609, 0, 104, 358, 283, 0, 1.31%, 40, 0, 7, 773.17, 440220, 857
614, 0, 352, 358, 283, 0, 1.31%, 40, 0, 7, 753.95, 444005, 857
619, 0, 176, 358, 283, 0, 1.31%, 40, 0, 7, 757.58, 447983, 857
625, 0, 196, 359, 284, 0, 1.31%, 40, 0, 7, 737.91, 451733, 857
630, 0, 87, 359, 283, 0, 1.31%, 40, 0, 7, 760.39, 455565, 857
635, 0, 3, 361, 285, 0, 1.31%, 40, 0, 7, 745.94, 459357, 857
640, 0, 76, 361, 285, 0, 1.31%, 40, 0, 7, 757.60, 463148, 857
645, 0, 203, 361, 285, 0, 1.31%, 41, 0, 7, 752.26, 466929, 857
650, 0, 347, 361, 285, 0, 1.31%, 41, 0, 7, 753.54, 470735, 857
655, 0, 201, 361, 285, 0, 1.31%, 41, 0, 7, 753.50, 474562, 857
660, 0, 201, 361, 285, 0, 1.31%, 41, 0, 7, 755.86, 478322, 857
665, 0, 96, 361, 285, 0, 1.31%, 41, 0, 7, 768.06, 482171, 857
670, 0, 141, 361, 285, 0, 1.31%, 41, 0, 7, 759.56, 486095, 857
675, 0, 33, 361, 285, 0, 1.31%, 41, 0, 7, 769.91, 489981, 857
680, 0, 161, 361, 285, 0, 1.31%, 41, 0, 7, 749.32, 493718, 857
685, 0, 76, 361, 285, 0, 1.31%, 42, 0, 7, 763.97, 497550, 857
690, 0, 232, 362, 286, 0, 1.31%, 42, 0, 7, 743.81, 501318, 857
695, 0, 33, 362, 286, 0, 1.31%, 42, 0, 7, 761.23, 505126, 857
700, 0, 252, 362, 286, 0, 1.31%, 42, 0, 7, 752.29, 508914, 857
705, 0, 176, 362, 286, 0, 1.31%, 42, 0, 7, 751.14, 512708, 857
710, 0, 123, 363, 287, 0, 1.31%, 42, 0, 7, 763.20, 516667, 857
715, 0, 87, 363, 287, 0, 1.31%, 42, 0, 7, 767.36, 520500, 857
720, 0, 193, 363, 287, 0, 1.31%, 42, 0, 7, 745.14, 524235, 857
725, 0, 287, 363, 287, 0, 1.31%, 42, 0, 7, 729.89, 527886, 857
730, 0, 347, 364, 288, 0, 1.31%, 42, 0, 7, 756.42, 531750, 857
735, 0, 307, 364, 288, 0, 1.31%, 42, 0, 7, 728.57, 535278, 857
741, 0, 307, 364, 288, 0, 1.31%, 42, 0, 7, 753.29, 539129, 857
746, 0, 93, 364, 288, 0, 1.31%, 42, 0, 7, 768.26, 542958, 857
751, 0, 87, 364, 288, 0, 1.31%, 42, 0, 7, 763.90, 546943, 857
756, 0, 74, 364, 288, 0, 1.31%, 42, 0, 7, 761.70, 550773, 857
761, 0, 76, 364, 288, 0, 1.31%, 42, 0, 7, 748.87, 554506, 857
766, 0, 207, 365, 289, 0, 1.31%, 42, 0, 7, 729.61, 558171, 861
771, 0, 332, 365, 289, 1, 1.31%, 42, 0, 7, 743.26, 562071, 861
776, 0, 364, 366, 289, 1, 1.31%, 42, 0, 7, 742.99, 565918, 861
781, 0, 201, 366, 288, 0, 1.31%, 42, 0, 7, 747.26, 569676, 861
786, 0, 201, 366, 288, 0, 1.31%, 42, 0, 7, 755.17, 573415, 861
791, 0, 161, 366, 288, 0, 1.31%, 42, 0, 7, 744.22, 577172, 861
796, 0, 93, 366, 288, 0, 1.31%, 42, 0, 7, 760.23, 581002, 861
801, 0, 76, 366, 288, 0, 1.31%, 42, 0, 7, 759.89, 584811, 861
807, 0, 165, 366, 288, 0, 1.31%, 42, 0, 7, 753.49, 588708, 861
812, 0, 123, 366, 288, 0, 1.31%, 42, 0, 7, 744.63, 592578, 861
817, 0, 109, 367, 288, 1, 1.32%, 42, 0, 7, 766.51, 596570, 864
822, 0, 366, 369, 290, 1, 1.33%, 42, 0, 7, 734.54, 600234, 871
827, 0, 368, 371, 291, 1, 1.34%, 43, 0, 7, 711.07, 603770, 879
832, 0, 207, 371, 290, 2, 1.34%, 43, 0, 7, 739.55, 607651, 879
837, 0, 232, 371, 289, 1, 1.34%, 45, 0, 7, 745.92, 611430, 879
842, 0, 229, 371, 289, 1, 1.34%, 45, 0, 7, 728.20, 615079, 879
847, 0, 229, 371, 289, 1, 1.34%, 45, 0, 7, 756.59, 618937, 879
852, 0, 76, 371, 288, 0, 1.34%, 45, 0, 7, 754.20, 622707, 879
857, 0, 176, 371, 288, 0, 1.34%, 45, 0, 7, 756.76, 626664, 879
863, 0, 237, 371, 288, 0, 1.34%, 45, 0, 7, 746.87, 630539, 879
868, 0, 201, 371, 288, 0, 1.34%, 45, 0, 7, 742.11, 634307, 879
873, 0, 87, 371, 288, 0, 1.34%, 45, 0, 7, 755.74, 638107, 879
878, 0, 178, 371, 288, 0, 1.34%, 45, 0, 7, 742.16, 641836, 879
883, 0, 252, 371, 288, 0, 1.34%, 46, 0, 7, 748.53, 645603, 879
888, 0, 326, 371, 288, 0, 1.34%, 47, 0, 7, 681.99, 649049, 879
893, 0, 326, 371, 288, 0, 1.34%, 47, 0, 7, 730.28, 652664, 879
898, 0, 326, 371, 288, 0, 1.34%, 47, 0, 7, 770.57, 656568, 879
903, 0, 232, 371, 288, 0, 1.34%, 47, 0, 7, 755.90, 660419, 879
908, 0, 87, 372, 289, 0, 1.34%, 47, 0, 7, 745.66, 664140, 879
913, 0, 298, 373, 290, 0, 1.34%, 47, 0, 7, 773.41, 668182, 879
918, 0, 178, 373, 290, 0, 1.34%, 48, 0, 7, 756.89, 671949, 879
923, 0, 194, 373, 290, 0, 1.34%, 48, 0, 7, 750.86, 675720, 879
928, 0, 176, 373, 290, 0, 1.34%, 48, 0, 7, 747.20, 679490, 879
933, 1, 237, 373, 290, 0, 1.34%, 48, 0, 7, 761.01, 683303, 879
938, 1, 145, 376, 293, 0, 1.34%, 48, 0, 7, 756.74, 687069, 879
943, 1, 87, 377, 293, 0, 1.34%, 48, 0, 7, 765.79, 690923, 879
948, 1, 87, 378, 293, 0, 1.34%, 48, 0, 7, 765.41, 694748, 879
953, 1, 159, 379, 294, 0, 1.34%, 48, 0, 7, 746.88, 698495, 879
958, 1, 276, 380, 295, 0, 1.34%, 48, 0, 7, 742.68, 702246, 879
963, 1, 332, 381, 296, 0, 1.34%, 48, 0, 7, 739.35, 705988, 879
969, 1, 287, 381, 296, 0, 1.34%, 48, 0, 7, 746.82, 709880, 879
974, 1, 87, 381, 296, 0, 1.34%, 48, 0, 7, 747.52, 713581, 879
979, 1, 293, 383, 298, 0, 1.34%, 48, 0, 7, 722.98, 717246, 879
984, 1, 293, 385, 300, 0, 1.34%, 48, 0, 7, 675.01, 720597, 879
989, 1, 293, 386, 301, 0, 1.34%, 48, 0, 7, 673.19, 723985, 880
994, 1, 293, 387, 302, 0, 1.34%, 48, 0, 7, 671.67, 727373, 880
999, 1, 293, 392, 307, 0, 1.34%, 48, 0, 7, 665.60, 730728, 880
1004, 1, 293, 392, 307, 0, 1.34%, 48, 0, 7, 674.28, 734160, 880
1009, 1, 293, 392, 307, 0, 1.34%, 48, 0, 7, 670.42, 737579, 880
1014, 1, 293, 393, 308, 0, 1.34%, 48, 0, 7, 672.85, 741006, 880
1019, 1, 293, 393, 308, 0, 1.34%, 48, 0, 7, 608.83, 744052, 880
1024, 1, 293, 393, 308, 0, 1.34%, 48, 0, 7, 613.07, 747100, 880
1029, 1, 382, 394, 309, 5, 1.34%, 48, 0, 7, 668.70, 750559, 880
1034, 1, 382, 395, 310, 5, 1.34%, 48, 0, 7, 649.48, 753744, 880
1039, 1, 229, 396, 310, 4, 1.34%, 48, 0, 7, 724.02, 757492, 880
1044, 1, 229, 396, 310, 4, 1.34%, 48, 0, 7, 750.60, 761286, 880
1049, 1, 390, 398, 312, 4, 1.34%, 48, 0, 7, 713.75, 764914, 880
1054, 1, 385, 398, 310, 2, 1.34%, 48, 0, 7, 710.40, 768490, 880
1060, 1, 199, 399, 310, 1, 1.34%, 48, 0, 7, 723.45, 772040, 880
1065, 1, 229, 399, 310, 1, 1.34%, 48, 0, 7, 735.40, 775811, 880
1070, 1, 229, 399, 310, 1, 1.34%, 48, 0, 7, 745.45, 779563, 880
1075, 1, 176, 400, 311, 1, 1.34%, 48, 0, 7, 752.07, 783356, 880
1080, 1, 383, 402, 313, 1, 1.34%, 48, 0, 7, 698.13, 786867, 880
1085, 1, 87, 402, 312, 1, 1.34%, 48, 0, 7, 710.46, 790400, 880
1090, 1, 199, 403, 313, 1, 1.34%, 48, 0, 7, 727.02, 794023, 880
1095, 1, 123, 403, 313, 1, 1.34%, 48, 0, 7, 753.82, 797985, 880
1100, 1, 401, 406, 316, 1, 1.34%, 49, 0, 7, 695.17, 801456, 880
1105, 1, 401, 407, 317, 1, 1.34%, 49, 0, 7, 670.20, 804831, 880
1110, 1, 401, 409, 319, 1, 1.34%, 49, 0, 7, 671.82, 808240, 880
1115, 1, 401, 413, 323, 1, 1.34%, 49, 0, 7, 667.86, 811639, 880
1120, 1, 401, 413, 323, 1, 1.34%, 49, 0, 7, 669.33, 815006, 880
1125, 1, 401, 413, 323, 1, 1.34%, 49, 0, 7, 673.44, 818412, 880
1130, 1, 401, 413, 323, 1, 1.34%, 49, 0, 7, 669.50, 821805, 880
1135, 1, 401, 414, 324, 1, 1.34%, 49, 0, 7, 709.93, 825345, 880
1140, 1, 368, 414, 323, 0, 1.34%, 49, 0, 7, 719.85, 829029, 880
1146, 1, 368, 414, 323, 0, 1.34%, 49, 0, 7, 752.03, 832848, 880
1151, 1, 199, 414, 323, 0, 1.34%, 49, 0, 7, 730.69, 836488, 880
1156, 1, 199, 414, 323, 0, 1.34%, 49, 0, 7, 739.01, 840193, 880
1161, 1, 352, 414, 323, 0, 1.34%, 49, 0, 7, 749.42, 843976, 880
1166, 1, 199, 416, 325, 0, 1.34%, 49, 0, 8, 744.12, 847716, 880
1171, 1, 188, 416, 325, 0, 1.34%, 49, 0, 8, 737.96, 851477, 880
1176, 1, 87, 416, 323, 0, 1.34%, 49, 0, 8, 761.09, 855316, 880
1181, 1, 199, 416, 322, 0, 1.34%, 50, 0, 8, 749.49, 859197, 880
1186, 1, 199, 416, 322, 0, 1.34%, 50, 0, 8, 755.08, 863039, 880
1191, 1, 166, 416, 322, 0, 1.34%, 50, 0, 8, 759.49, 866964, 880
1196, 1, 87, 416, 322, 0, 1.34%, 50, 0, 8, 752.64, 870751, 880
1201, 1, 368, 416, 322, 0, 1.34%, 50, 0, 8, 733.33, 874423, 880
1206, 1, 76, 416, 322, 0, 1.34%, 50, 0, 8, 756.78, 878370, 880
1212, 1, 252, 417, 322, 0, 1.34%, 50, 0, 8, 763.81, 882337, 880
1217, 1, 382, 417, 322, 0, 1.34%, 50, 0, 8, 718.11, 885928, 880
1222, 1, 370, 417, 322, 0, 1.34%, 50, 0, 8, 726.49, 889602, 880
1227, 1, 370, 417, 322, 0, 1.34%, 51, 0, 8, 744.98, 893340, 880
1232, 1, 74, 417, 322, 0, 1.34%, 51, 0, 8, 759.57, 897148, 880
1237, 1, 199, 417, 322, 0, 1.34%, 51, 0, 8, 746.64, 900893, 880
1242, 1, 203, 417, 322, 0, 1.34%, 51, 0, 8, 753.42, 904688, 880
1247, 1, 199, 417, 322, 0, 1.34%, 51, 0, 8, 755.60, 908453, 880
1252, 1, 370, 417, 321, 0, 1.34%, 51, 0, 8, 753.03, 912219, 880
1257, 1, 370, 417, 321, 0, 1.34%, 51, 0, 8, 740.23, 915909, 880
1262, 1, 76, 417, 321, 0, 1.34%, 51, 0, 8, 755.47, 919742, 880
1267, 1, 123, 417, 321, 0, 1.34%, 51, 0, 8, 746.30, 923585, 880
1272, 1, 189, 417, 321, 0, 1.34%, 52, 0, 8, 737.22, 927295, 880
1277, 1, 298, 417, 321, 0, 1.34%, 52, 0, 8, 745.22, 931055, 880
1282, 1, 76, 417, 321, 0, 1.34%, 52, 0, 8, 737.27, 934780, 880
1287, 1, 155, 417, 321, 0, 1.34%, 52, 0, 8, 737.31, 938450, 880
1292, 1, 368, 417, 321, 0, 1.34%, 52, 0, 8, 741.02, 942208, 880
1297, 1, 76, 417, 321, 0, 1.34%, 52, 0, 8, 755.58, 946072, 880
1302, 1, 216, 417, 321, 0, 1.34%, 52, 0, 8, 755.42, 949852, 880
1307, 1, 166, 417, 320, 0, 1.34%, 52, 0, 8, 754.91, 953643, 880
1312, 1, 199, 421, 324, 0, 1.34%, 52, 0, 8, 732.05, 957330, 880
1317, 1, 87, 421, 324, 0, 1.34%, 52, 0, 8, 749.89, 961108, 880
1323, 1, 76, 421, 324, 0, 1.34%, 52, 0, 8, 746.09, 964975, 880
1328, 1, 368, 421, 324, 0, 1.34%, 52, 0, 8, 743.61, 968806, 880
1333, 1, 199, 421, 324, 0, 1.34%, 52, 0, 8, 753.24, 972597, 880
1338, 1, 87, 421, 324, 0, 1.34%, 52, 0, 8, 744.44, 976328, 880
1343, 1, 140, 422, 325, 0, 1.34%, 52, 0, 8, 751.93, 980102, 880
1348, 1, 250, 423, 326, 0, 1.34%, 52, 0, 8, 737.44, 983964, 880
1353, 1, 270, 423, 326, 0, 1.34%, 52, 0, 8, 739.73, 987662, 880
1358, 1, 364, 424, 327, 0, 1.34%, 52, 0, 8, 742.98, 991519, 880
1363, 1, 199, 424, 327, 0, 1.34%, 52, 0, 8, 750.01, 995304, 880
1368, 1, 308, 425, 328, 0, 1.34%, 52, 0, 8, 700.79, 998853, 880
1373, 1, 252, 425, 326, 0, 1.34%, 52, 0, 8, 741.03, 1002628, 880
1378, 1, 332, 425, 326, 0, 1.34%, 52, 0, 8, 739.60, 1006413, 880
1384, 1, 178, 425, 326, 0, 1.34%, 52, 0, 8, 749.02, 1010171, 880
1389, 1, 178, 425, 326, 0, 1.34%, 52, 0, 8, 754.50, 1013961, 880
1394, 1, 174, 425, 326, 0, 1.34%, 52, 0, 8, 752.51, 1017722, 880
1399, 1, 250, 425, 326, 0, 1.34%, 52, 0, 8, 747.02, 1021455, 880
1404, 1, 199, 425, 326, 0, 1.34%, 52, 0, 8, 761.78, 1025382, 880
1409, 1, 199, 425, 326, 0, 1.34%, 52, 0, 8, 746.29, 1029107, 880
1414, 1, 76, 425, 326, 0, 1.34%, 52, 0, 8, 740.02, 1032819, 880
1419, 1, 199, 425, 325, 0, 1.34%, 52, 0, 8, 745.00, 1036657, 880
1424, 1, 87, 426, 326, 0, 1.34%, 52, 0, 8, 756.26, 1040432, 880
1429, 1, 201, 426, 326, 0, 1.34%, 52, 0, 8, 756.37, 1044363, 880
1434, 1, 222, 426, 326, 0, 1.34%, 52, 0, 8, 749.34, 1048129, 880
1439, 1, 250, 426, 326, 0, 1.34%, 52, 0, 8, 750.77, 1052055, 880
1444, 1, 161, 426, 326, 0, 1.34%, 52, 0, 8, 746.94, 1055807, 880
1449, 1, 76, 426, 326, 0, 1.34%, 52, 0, 8, 750.21, 1059572, 880
1455, 1, 178, 426, 326, 0, 1.34%, 52, 0, 8, 751.10, 1063441, 880
1460, 1, 151, 426, 326, 0, 1.34%, 52, 0, 8, 748.16, 1067347, 880
1465, 1, 123, 426, 326, 0, 1.34%, 52, 0, 8, 747.75, 1071091, 880
1470, 1, 207, 427, 327, 0, 1.34%, 52, 0, 8, 751.17, 1074868, 880
1475, 1, 76, 427, 327, 0, 1.34%, 52, 0, 8, 760.72, 1078804, 880
1480, 1, 199, 427, 327, 0, 1.34%, 52, 0, 8, 744.48, 1082664, 880
1485, 1, 252, 427, 327, 0, 1.34%, 52, 0, 8, 746.83, 1086428, 880
1490, 1, 411, 428, 327, 0, 1.34%, 52, 0, 8, 733.97, 1090164, 880
1495, 1, 382, 428, 326, 0, 1.34%, 52, 0, 8, 725.27, 1093764, 880
1500, 1, 76, 428, 326, 0, 1.34%, 52, 0, 8, 757.17, 1097627, 880
1506, 1, 199, 428, 325, 0, 1.34%, 52, 0, 8, 749.69, 1101530, 880
1511, 1, 188, 428, 325, 0, 1.34%, 52, 0, 8, 743.59, 1105322, 880
1516, 1, 161, 429, 326, 0, 1.34%, 52, 0, 8, 742.41, 1109073, 880
1521, 1, 332, 429, 326, 0, 1.34%, 52, 0, 8, 749.32, 1112841, 880
1526, 1, 76, 429, 326, 0, 1.34%, 52, 0, 8, 755.20, 1116635, 880
1531, 1, 161, 429, 326, 0, 1.34%, 52, 0, 8, 749.21, 1120395, 880
1536, 1, 176, 429, 326, 0, 1.34%, 52, 0, 8, 757.75, 1124225, 880
1541, 1, 252, 429, 326, 0, 1.34%, 52, 0, 8, 747.84, 1127975, 880
1546, 1, 370, 429, 326, 0, 1.34%, 52, 0, 8, 728.99, 1131630, 880
1551, 1, 87, 429, 326, 0, 1.34%, 52, 0, 8, 745.66, 1135480, 880
1556, 1, 201, 429, 326, 0, 1.34%, 52, 0, 8, 756.59, 1139274, 880
1561, 1, 87, 429, 326, 0, 1.34%, 52, 0, 8, 753.40, 1143020, 880
1566, 1, 332, 429, 326, 0, 1.34%, 52, 0, 8, 747.00, 1146769, 880
1571, 1, 193, 429, 326, 0, 1.34%, 52, 0, 8, 753.60, 1150536, 880
1576, 1, 159, 429, 326, 0, 1.34%, 52, 0, 8, 758.11, 1154308, 880
1581, 1, 250, 430, 327, 0, 1.34%, 52, 0, 8, 751.83, 1158018, 881
1586, 1, 199, 431, 328, 1, 1.34%, 52, 0, 8, 748.40, 1161780, 881
1591, 1, 382, 431, 328, 1, 1.34%, 52, 0, 8, 749.44, 1165675, 881
1596, 1, 429, 431, 328, 1, 1.34%, 52, 0, 8, 754.71, 1169473, 881
1601, 1, 50, 431, 327, 0, 1.34%, 52, 0, 8, 763.18, 1173340, 881
1606, 2, 370, 432, 328, 0, 1.35%, 52, 0, 8, 760.05, 1177150, 886
1612, 2, 370, 432, 328, 0, 1.35%, 52, 0, 8, 711.25, 1180700, 886
1617, 2, 370, 436, 332, 0, 1.35%, 52, 0, 8, 733.38, 1184372, 886
1622, 2, 431, 436, 332, 1, 1.35%, 52, 0, 8, 742.21, 1188279, 886
1627, 2, 431, 436, 332, 1, 1.35%, 52, 0, 8, 648.35, 1191349, 886
1632, 2, 431, 436, 331, 0, 1.35%, 52, 0, 8, 685.22, 1195084, 886
1637, 2, 87, 436, 331, 0, 1.35%, 52, 0, 8, 738.32, 1198851, 886
1642, 2, 87, 436, 331, 0, 1.35%, 52, 0, 8, 758.91, 1202647, 886
1647, 2, 199, 437, 332, 0, 1.35%, 52, 0, 8, 759.67, 1206418, 888
1652, 2, 123, 439, 333, 0, 1.35%, 53, 0, 8, 750.44, 1210295, 888
1657, 2, 352, 439, 333, 0, 1.35%, 53, 0, 8, 747.70, 1214064, 888
1662, 2, 436, 439, 333, 0, 1.35%, 53, 0, 8, 746.32, 1217790, 888
1667, 2, 37, 439, 333, 0, 1.35%, 53, 0, 8, 753.22, 1221565, 888
1672, 2, 390, 442, 335, 0, 1.35%, 53, 0, 8, 709.42, 1225112, 888
1677, 2, 390, 443, 336, 0, 1.35%, 53, 0, 8, 679.38, 1228487, 888
1683, 2, 390, 445, 338, 0, 1.35%, 53, 0, 8, 680.77, 1232013, 888
1688, 2, 390, 445, 338, 0, 1.35%, 53, 0, 8, 689.68, 1235588, 888
1693, 2, 390, 445, 338, 0, 1.35%, 53, 0, 8, 687.47, 1239163, 888
1698, 2, 390, 445, 338, 0, 1.35%, 53, 0, 8, 717.60, 1242716, 888
1703, 2, 87, 445, 338, 0, 1.35%, 53, 0, 8, 754.68, 1246558, 888
1708, 2, 250, 445, 338, 0, 1.35%, 53, 0, 8, 750.52, 1250320, 888
1713, 2, 382, 446, 339, 0, 1.35%, 53, 0, 8, 739.98, 1254168, 888
1718, 2, 189, 446, 339, 0, 1.35%, 53, 0, 8, 749.47, 1257949, 888
1723, 2, 66, 446, 339, 0, 1.35%, 53, 0, 8, 752.45, 1261713, 888
1728, 2, 159, 447, 339, 0, 1.35%, 53, 0, 8, 758.58, 1265501, 888
1733, 2, 229, 447, 339, 0, 1.35%, 53, 0, 8, 743.54, 1269372, 888
1739, 2, 229, 447, 339, 0, 1.35%, 53, 0, 8, 755.86, 1273324, 888
1744, 2, 141, 450, 342, 0, 1.35%, 53, 0, 8, 713.61, 1277025, 888
1749, 2, 436, 451, 343, 0, 1.35%, 53, 0, 8, 737.67, 1280891, 888
1754, 2, 250, 451, 343, 0, 1.35%, 53, 0, 8, 738.57, 1284633, 888
1759, 2, 436, 451, 343, 0, 1.35%, 53, 0, 8, 742.88, 1288514, 888
1764, 2, 207, 451, 343, 0, 1.35%, 53, 0, 8, 742.03, 1292240, 888
1769, 2, 76, 451, 343, 0, 1.35%, 53, 0, 8, 751.86, 1296022, 888
1774, 2, 349, 452, 344, 0, 1.35%, 53, 0, 8, 745.67, 1299873, 888
1780, 2, 76, 452, 343, 0, 1.35%, 53, 0, 8, 753.55, 1303792, 888
1785, 2, 250, 452, 343, 0, 1.35%, 53, 0, 8, 758.99, 1307598, 888
1790, 2, 229, 452, 343, 0, 1.35%, 53, 0, 8, 756.31, 1311488, 888
1795, 2, 229, 452, 343, 0, 1.35%, 53, 0, 8, 751.30, 1315215, 888
1800, 2, 76, 452, 343, 0, 1.35%, 53, 0, 8, 754.03, 1319042, 888
1805, 2, 368, 452, 343, 0, 1.35%, 53, 0, 8, 740.02, 1322737, 888
1810, 2, 431, 453, 344, 0, 1.35%, 53, 0, 8, 716.78, 1326396, 888
1815, 2, 370, 453, 344, 0, 1.35%, 53, 0, 8, 734.66, 1330256, 888
1820, 2, 370, 453, 344, 0, 1.35%, 53, 0, 8, 744.32, 1333980, 888
1825, 2, 401, 453, 344, 0, 1.35%, 53, 0, 8, 736.27, 1337677, 888
1830, 2, 161, 453, 344, 0, 1.35%, 53, 0, 8, 735.11, 1341392, 888
1835, 2, 123, 454, 345, 0, 1.35%, 53, 0, 8, 746.76, 1345244, 888
1840, 2, 76, 454, 345, 0, 1.35%, 53, 0, 8, 747.57, 1348996, 888
1845, 2, 87, 454, 345, 0, 1.35%, 53, 0, 8, 753.68, 1352771, 888
1850, 2, 436, 455, 346, 0, 1.35%, 53, 0, 8, 757.76, 1356577, 888
1855, 2, 270, 455, 346, 0, 1.35%, 53, 0, 8, 747.62, 1360346, 888
1861, 2, 352, 455, 346, 0, 1.35%, 53, 0, 8, 745.41, 1364227, 888
1866, 2, 222, 455, 346, 0, 1.35%, 53, 0, 8, 747.40, 1368114, 888
1871, 2, 273, 456, 347, 0, 1.35%, 53, 0, 8, 706.37, 1371717, 888
1876, 2, 273, 457, 348, 0, 1.35%, 53, 0, 8, 671.85, 1375048, 888
1881, 2, 96, 457, 348, 0, 1.35%, 53, 0, 8, 737.33, 1378971, 888
1886, 2, 370, 458, 349, 0, 1.35%, 53, 0, 8, 748.85, 1382711, 888
1891, 2, 248, 458, 348, 0, 1.35%, 53, 0, 8, 760.61, 1386553, 888
1896, 2, 352, 459, 349, 0, 1.35%, 53, 0, 8, 751.33, 1390472, 888
1902, 2, 326, 459, 349, 0, 1.35%, 53, 0, 8, 748.65, 1394388, 888
1907, 2, 326, 459, 349, 0, 1.35%, 53, 0, 8, 712.68, 1397864, 888
1912, 2, 326, 459, 349, 0, 1.35%, 53, 0, 8, 740.20, 1401632, 888
1917, 2, 382, 459, 349, 0, 1.35%, 53, 0, 8, 712.75, 1405247, 888
1922, 2, 401, 460, 350, 0, 1.35%, 53, 0, 8, 699.16, 1408849, 888
1927, 2, 93, 460, 350, 0, 1.35%, 53, 0, 8, 745.83, 1412784, 888
1932, 2, 76, 461, 351, 0, 1.35%, 53, 0, 8, 746.94, 1416554, 888
1937, 2, 87, 461, 351, 0, 1.35%, 53, 0, 8, 742.74, 1420276, 888
1942, 2, 250, 461, 351, 0, 1.35%, 53, 0, 8, 724.72, 1423909, 888
1947, 2, 436, 461, 351, 0, 1.35%, 53, 0, 8, 750.54, 1427682, 888
1952, 2, 201, 461, 351, 0, 1.35%, 53, 0, 8, 753.30, 1431478, 888
1957, 2, 382, 462, 352, 0, 1.35%, 53, 0, 8, 730.40, 1435186, 888
1962, 2, 326, 462, 352, 0, 1.35%, 53, 0, 8, 725.90, 1438877, 888
1967, 2, 326, 462, 352, 0, 1.35%, 54, 0, 8, 720.13, 1442425, 888
1973, 2, 436, 462, 352, 0, 1.35%, 54, 0, 8, 745.56, 1446339, 888
1978, 2, 155, 462, 352, 0, 1.35%, 54, 0, 8, 755.15, 1450151, 888
1983, 2, 166, 462, 352, 0, 1.35%, 54, 0, 8, 749.25, 1453899, 888
1988, 2, 382, 463, 353, 0, 1.35%, 54, 0, 8, 718.74, 1457544, 888
1993, 2, 109, 463, 353, 0, 1.35%, 54, 0, 8, 753.16, 1461378, 888
1998, 2, 50, 464, 354, 0, 1.35%, 54, 0, 8, 761.38, 1465207, 888
2003, 2, 72, 464, 354, 0, 1.35%, 54, 0, 8, 768.57, 1469098, 888
2008, 2, 436, 464, 352, 0, 1.35%, 54, 0, 8, 741.56, 1472810, 888
2013, 2, 244, 464, 352, 0, 1.35%, 54, 0, 8, 741.12, 1476534, 888
2018, 2, 159, 464, 352, 0, 1.35%, 54, 0, 8, 743.55, 1480263, 888
2023, 2, 87, 464, 352, 0, 1.35%, 54, 0, 8, 761.13, 1484085, 888
2028, 2, 159, 464, 351, 0, 1.35%, 54, 0, 8, 740.02, 1487837, 888
2033, 2, 229, 464, 351, 0, 1.35%, 54, 0, 8, 743.93, 1491590, 888
2038, 2, 229, 464, 351, 0, 1.35%, 54, 0, 8, 758.87, 1495526, 888
2043, 2, 50, 464, 351, 0, 1.35%, 54, 0, 8, 760.02, 1499330, 888
2048, 2, 74, 464, 351, 0, 1.35%, 54, 0, 8, 760.28, 1503269, 888
2053, 2, 436, 464, 351, 0, 1.35%, 55, 0, 8, 748.77, 1506993, 888
2058, 2, 76, 464, 351, 0, 1.35%, 55, 0, 8, 750.26, 1510752, 888
2064, 2, 87, 464, 351, 0, 1.35%, 55, 0, 8, 763.74, 1514588, 888
2069, 2, 401, 466, 353, 0, 1.35%, 55, 0, 8, 696.82, 1518043, 888
2074, 2, 401, 468, 355, 0, 1.35%, 55, 0, 8, 660.20, 1521348, 888
2079, 2, 401, 469, 356, 0, 1.35%, 55, 0, 8, 670.24, 1524775, 888
2084, 2, 401, 469, 356, 0, 1.35%, 55, 0, 8, 672.63, 1528181, 888
2089, 2, 401, 469, 356, 0, 1.35%, 55, 0, 8, 671.75, 1531574, 888
2094, 2, 401, 470, 357, 0, 1.35%, 55, 0, 8, 671.15, 1534988, 888
2099, 2, 401, 471, 358, 0, 1.35%, 55, 0, 8, 671.68, 1538402, 888
2104, 2, 401, 471, 358, 0, 1.35%, 55, 0, 8, 678.97, 1541834, 888
2109, 2, 436, 471, 358, 1, 1.35%, 55, 0, 8, 724.62, 1545567, 888
2114, 2, 465, 472, 359, 1, 1.35%, 55, 0, 8, 696.05, 1549184, 888
2119, 2, 76, 472, 358, 0, 1.35%, 55, 0, 8, 724.41, 1552841, 888
2125, 2, 248, 473, 359, 0, 1.35%, 55, 0, 8, 761.89, 1556853, 888
2130, 2, 332, 473, 359, 0, 1.35%, 55, 0, 8, 748.72, 1560639, 888
2135, 2, 189, 473, 359, 0, 1.35%, 55, 0, 8, 742.77, 1564515, 888
2140, 2, 465, 474, 360, 0, 1.35%, 55, 0, 8, 740.18, 1568217, 888
2145, 2, 165, 474, 360, 0, 1.35%, 55, 0, 8, 743.85, 1571981, 888
2150, 2, 465, 476, 362, 0, 1.35%, 55, 0, 8, 718.32, 1575635, 888
2155, 2, 436, 476, 362, 0, 1.35%, 55, 0, 8, 737.14, 1579388, 888
2160, 2, 178, 476, 362, 0, 1.35%, 55, 0, 8, 742.94, 1583119, 888
2165, 2, 232, 476, 362, 0, 1.35%, 55, 0, 8, 758.01, 1586964, 888
2170, 2, 222, 477, 362, 0, 1.35%, 55, 0, 8, 754.67, 1590752, 888
2175, 2, 87, 477, 362, 0, 1.35%, 55, 0, 8, 754.61, 1594513, 888
2180, 2, 141, 478, 363, 0, 1.35%, 55, 0, 8, 761.97, 1598317, 888
2185, 2, 76, 478, 363, 0, 1.35%, 55, 0, 8, 765.53, 1602156, 888
2190, 2, 87, 479, 364, 0, 1.35%, 55, 0, 8, 736.49, 1605898, 888
2195, 2, 237, 479, 364, 0, 1.35%, 55, 0, 8, 743.29, 1609609, 888
2200, 2, 229, 479, 364, 0, 1.35%, 55, 0, 8, 751.20, 1613523, 888
2205, 2, 229, 481, 366, 0, 1.35%, 55, 0, 8, 625.16, 1616734, 888
2211, 2, 159, 481, 366, 0, 1.35%, 55, 0, 8, 731.26, 1620553, 888
2216, 2, 76, 481, 366, 0, 1.35%, 55, 0, 8, 758.64, 1624368, 888
2221, 2, 465, 481, 366, 0, 1.35%, 55, 0, 8, 747.72, 1628172, 888
2226, 2, 250, 481, 366, 0, 1.35%, 55, 0, 8, 744.39, 1632033, 888
2231, 2, 50, 481, 366, 0, 1.35%, 55, 0, 8, 745.21, 1635745, 888
2236, 2, 465, 481, 366, 0, 1.35%, 55, 0, 8, 743.61, 1639481, 888
2241, 2, 348, 481, 366, 0, 1.35%, 55, 0, 8, 750.75, 1643220, 888
2246, 2, 87, 481, 366, 0, 1.35%, 55, 0, 8, 753.45, 1646955, 888
2251, 2, 244, 481, 366, 0, 1.35%, 56, 0, 8, 763.25, 1650894, 888
2256, 2, 87, 481, 366, 0, 1.35%, 56, 0, 8, 762.57, 1654670, 888
2261, 2, 465, 482, 367, 0, 1.35%, 56, 0, 8, 640.65, 1657848, 888
2266, 2, 87, 482, 367, 0, 1.35%, 56, 0, 8, 705.02, 1661483, 888
2271, 3, 76, 482, 367, 0, 1.35%, 56, 0, 8, 719.25, 1665181, 888
2276, 3, 123, 483, 368, 0, 1.35%, 56, 0, 8, 723.56, 1668836, 888
2281, 3, 87, 483, 368, 0, 1.35%, 56, 0, 8, 727.52, 1672507, 888
2286, 3, 194, 483, 367, 0, 1.35%, 56, 0, 8, 736.85, 1676226, 888
2292, 3, 465, 483, 367, 0, 1.35%, 56, 0, 8, 733.51, 1680051, 888
2297, 3, 332, 484, 368, 0, 1.35%, 56, 0, 8, 734.31, 1683625, 888
2302, 3, 87, 484, 368, 0, 1.35%, 56, 0, 8, 743.52, 1687355, 888
2307, 3, 74, 484, 368, 0, 1.35%, 56, 0, 8, 750.34, 1691221, 888
2312, 3, 436, 484, 368, 0, 1.35%, 56, 0, 8, 745.74, 1694942, 888
2317, 3, 465, 484, 368, 0, 1.35%, 56, 0, 8, 730.07, 1698744, 888
2322, 3, 166, 484, 368, 0, 1.35%, 57, 0, 8, 748.82, 1702617, 888
2327, 3, 201, 484, 368, 0, 1.35%, 57, 0, 8, 752.06, 1706380, 888
2332, 3, 250, 485, 369, 0, 1.35%, 57, 0, 8, 749.47, 1710172, 888
2338, 3, 87, 485, 369, 0, 1.35%, 57, 0, 8, 732.18, 1713857, 888
2343, 3, 87, 486, 370, 0, 1.35%, 57, 0, 8, 702.99, 1717403, 888
2348, 3, 74, 486, 370, 0, 1.35%, 57, 0, 8, 725.58, 1721086, 888
2353, 3, 401, 487, 371, 0, 1.35%, 57, 0, 8, 720.95, 1724654, 888
2358, 3, 382, 487, 371, 0, 1.35%, 57, 0, 8, 740.19, 1728397, 888
2363, 3, 250, 487, 371, 0, 1.35%, 57, 0, 8, 760.84, 1732346, 888
2368, 3, 465, 487, 370, 0, 1.35%, 57, 0, 8, 731.14, 1736040, 888
2373, 3, 385, 487, 370, 0, 1.35%, 57, 0, 8, 705.07, 1739648, 888
2378, 3, 385, 487, 370, 0, 1.35%, 57, 0, 8, 740.51, 1743334, 888
2383, 3, 385, 487, 370, 0, 1.35%, 57, 0, 8, 753.36, 1747159, 888
2388, 3, 465, 488, 371, 0, 1.35%, 57, 0, 8, 734.16, 1750931, 888
2393, 3, 487, 488, 371, 1, 1.35%, 58, 0, 8, 747.58, 1754709, 888
2398, 3, 250, 488, 370, 0, 1.35%, 58, 0, 8, 741.12, 1758477, 888
2403, 3, 50, 488, 370, 0, 1.35%, 58, 0, 8, 735.00, 1762130, 888
2408, 3, 159, 489, 370, 0, 1.35%, 58, 0, 8, 739.74, 1765840, 888
2413, 3, 87, 489, 370, 0, 1.35%, 58, 0, 8, 753.39, 1769617, 888
2418, 3, 436, 489, 370, 0, 1.35%, 58, 0, 8, 742.58, 1773299, 888
2424, 3, 87, 489, 370, 0, 1.35%, 58, 0, 8, 741.98, 1777017, 888
2429, 3, 43, 489, 370, 0, 1.35%, 58, 0, 8, 748.83, 1780766, 888
2434, 3, 352, 489, 368, 0, 1.35%, 58, 0, 8, 741.80, 1784483, 888
2439, 3, 76, 489, 368, 0, 1.35%, 58, 0, 8, 753.11, 1788319, 888
2444, 3, 68, 490, 369, 0, 1.35%, 58, 0, 8, 733.82, 1792050, 888
2449, 3, 87, 490, 369, 0, 1.35%, 58, 0, 8, 749.95, 1795839, 888
2454, 3, 87, 490, 369, 0, 1.35%, 58, 0, 8, 751.11, 1799612, 888
2459, 3, 232, 490, 368, 0, 1.35%, 58, 0, 8, 755.76, 1803404, 888
2464, 3, 87, 491, 369, 0, 1.35%, 58, 0, 8, 748.77, 1807282, 888
2469, 3, 465, 491, 369, 0, 1.35%, 58, 0, 8, 725.32, 1810864, 888
2474, 3, 436, 491, 369, 0, 1.35%, 58, 0, 8, 751.28, 1814662, 888
2479, 3, 159, 492, 370, 0, 1.35%, 58, 0, 8, 757.14, 1818464, 888
2484, 3, 465, 492, 370, 0, 1.35%, 58, 0, 8, 734.75, 1822199, 888
2489, 3, 166, 492, 370, 0, 1.35%, 58, 0, 8, 743.64, 1825948, 888
2494, 3, 317, 492, 369, 0, 1.35%, 58, 0, 8, 747.73, 1829722, 888
2499, 3, 317, 492, 369, 0, 1.35%, 58, 0, 8, 747.18, 1833488, 888
2504, 3, 161, 492, 369, 0, 1.35%, 58, 0, 8, 734.31, 1837240, 888
2509, 3, 76, 492, 369, 0, 1.35%, 58, 0, 8, 734.87, 1840931, 888
2514, 3, 369, 492, 369, 0, 1.35%, 58, 0, 8, 731.00, 1844559, 888
2520, 3, 87, 492, 369, 0, 1.35%, 58, 0, 8, 742.26, 1848314, 888
2525, 3, 141, 492, 369, 0, 1.35%, 58, 0, 8, 738.38, 1852055, 888
2530, 3, 207, 493, 370, 0, 1.36%, 58, 0, 8, 724.62, 1855674, 893
2535, 3, 87, 493, 369, 1, 1.36%, 58, 0, 8, 723.41, 1859280, 893
2540, 3, 187, 493, 369, 1, 1.36%, 58, 0, 8, 747.81, 1863084, 893
2545, 3, 492, 494, 369, 1, 1.36%, 58, 0, 8, 731.80, 1866791, 893
2550, 3, 494, 497, 371, 1, 1.36%, 58, 0, 8, 723.62, 1870530, 894
2555, 3, 494, 500, 374, 1, 1.37%, 58, 0, 8, 709.16, 1874124, 895
2560, 3, 494, 500, 374, 1, 1.37%, 58, 0, 8, 698.62, 1877622, 895
2565, 3, 494, 500, 374, 1, 1.37%, 58, 0, 8, 704.87, 1881222, 895
2570, 3, 494, 500, 374, 1, 1.37%, 58, 0, 8, 694.17, 1884798, 895
2575, 3, 494, 501, 375, 1, 1.37%, 58, 0, 8, 707.60, 1888412, 895
2580, 3, 494, 501, 375, 1, 1.37%, 58, 0, 8, 703.24, 1891954, 895
2586, 3, 494, 501, 375, 1, 1.37%, 58, 0, 8, 707.70, 1895580, 895
2591, 3, 494, 501, 375, 1, 1.37%, 58, 0, 8, 711.04, 1899234, 895
2596, 3, 494, 501, 375, 1, 1.37%, 58, 0, 8, 702.56, 1902804, 895
2601, 3, 497, 502, 375, 2, 1.37%, 58, 0, 8, 714.75, 1906440, 895
2606, 3, 497, 502, 375, 2, 1.37%, 58, 0, 8, 741.76, 1910172, 895
2611, 3, 500, 503, 375, 1, 1.37%, 58, 0, 8, 720.57, 1913725, 895
2616, 3, 123, 503, 374, 0, 1.37%, 58, 0, 8, 741.88, 1917624, 895
2621, 3, 465, 503, 374, 0, 1.37%, 58, 0, 8, 731.57, 1921311, 895
2626, 3, 332, 503, 374, 0, 1.37%, 58, 0, 8, 746.43, 1925097, 895
2631, 3, 366, 503, 374, 0, 1.37%, 58, 0, 8, 751.08, 1928875, 895
2636, 3, 141, 503, 374, 0, 1.37%, 58, 0, 8, 756.35, 1932664, 895
2641, 3, 174, 503, 373, 0, 1.37%, 58, 0, 8, 748.25, 1936448, 895
2646, 3, 87, 503, 373, 0, 1.37%, 58, 0, 8, 759.49, 1940281, 895
2651, 3, 149, 503, 373, 0, 1.37%, 58, 0, 8, 751.89, 1944164, 895
2656, 3, 465, 503, 372, 0, 1.37%, 58, 0, 8, 748.62, 1947904, 895
2662, 3, 76, 503, 372, 0, 1.37%, 58, 0, 8, 742.45, 1951736, 895
2667, 3, 50, 504, 373, 0, 1.37%, 58, 0, 8, 739.74, 1955399, 895
2672, 3, 74, 505, 374, 0, 1.37%, 58, 0, 8, 761.25, 1959221, 895
2677, 3, 76, 507, 376, 0, 1.37%, 58, 0, 8, 756.59, 1962985, 895
2682, 3, 87, 507, 376, 0, 1.37%, 58, 0, 8, 756.26, 1966924, 895
2687, 3, 76, 507, 376, 0, 1.37%, 58, 0, 8, 743.46, 1970782, 895
2692, 3, 465, 507, 376, 0, 1.37%, 58, 0, 8, 726.49, 1974423, 895
2697, 3, 465, 507, 376, 0, 1.37%, 58, 0, 8, 735.41, 1978227, 895
2702, 3, 465, 507, 376, 0, 1.37%, 58, 0, 8, 721.88, 1981877, 895
2707, 3, 317, 507, 376, 0, 1.37%, 58, 0, 8, 739.05, 1985647, 895
2713, 3, 317, 507, 376, 0, 1.37%, 58, 0, 8, 759.44, 1989582, 895
2718, 3, 250, 507, 376, 0, 1.37%, 58, 0, 8, 742.68, 1993305, 895
2723, 3, 368, 507, 376, 0, 1.37%, 58, 0, 8, 741.89, 1997031, 895
2728, 3, 368, 508, 377, 0, 1.37%, 58, 0, 8, 757.77, 2000866, 895
2733, 3, 436, 508, 376, 1, 1.37%, 58, 0, 8, 737.08, 2004540, 895
2738, 3, 194, 508, 376, 1, 1.37%, 58, 0, 8, 746.04, 2008391, 895
2743, 3, 76, 508, 376, 1, 1.37%, 58, 0, 8, 757.19, 2012169, 895
2748, 3, 340, 508, 376, 1, 1.37%, 58, 0, 8, 743.19, 2015810, 895
2753, 3, 507, 508, 376, 1, 1.37%, 58, 0, 8, 722.27, 2019534, 895
2758, 3, 507, 509, 377, 1, 1.37%, 58, 0, 8, 627.25, 2022517, 895
2763, 3, 33, 510, 377, 0, 1.37%, 58, 0, 8, 729.03, 2026227, 895
2768, 3, 369, 510, 377, 0, 1.37%, 58, 0, 8, 748.88, 2030046, 895
2773, 3, 159, 510, 377, 0, 1.37%, 58, 0, 8, 743.28, 2033816, 895
2778, 3, 87, 510, 377, 0, 1.37%, 58, 0, 8, 751.16, 2037627, 895
2783, 3, 194, 510, 377, 0, 1.37%, 58, 0, 8, 743.83, 2041383, 895
2788, 3, 436, 510, 377, 0, 1.37%, 58, 0, 8, 758.11, 2045214, 895
2793, 3, 87, 510, 377, 0, 1.37%, 58, 0, 8, 732.56, 2048873, 895
2798, 3, 332, 510, 377, 0, 1.37%, 58, 0, 8, 721.59, 2052510, 895
2804, 3, 436, 510, 377, 0, 1.37%, 58, 0, 8, 741.24, 2056397, 895
2809, 3, 87, 510, 377, 0, 1.37%, 58, 0, 8, 735.62, 2059962, 895
2814, 3, 159, 510, 377, 0, 1.37%, 58, 0, 8, 745.99, 2063706, 895
2819, 3, 507, 510, 377, 0, 1.37%, 58, 0, 8, 717.20, 2067426, 895
2824, 3, 87, 510, 377, 0, 1.37%, 58, 0, 8, 753.43, 2071276, 895
2829, 3, 248, 510, 377, 0, 1.37%, 58, 0, 8, 742.50, 2074954, 895
2834, 3, 159, 510, 377, 0, 1.37%, 58, 0, 8, 744.61, 2078717, 895
2839, 3, 250, 510, 377, 0, 1.37%, 58, 0, 8, 742.46, 2082456, 895
2844, 3, 178, 510, 377, 0, 1.37%, 58, 0, 8, 750.39, 2086366, 895
2849, 3, 401, 510, 377, 0, 1.37%, 58, 0, 8, 729.11, 2090145, 895
2854, 3, 76, 511, 377, 0, 1.37%, 58, 0, 8, 751.17, 2094064, 895
2859, 3, 470, 511, 377, 0, 1.37%, 58, 0, 8, 678.11, 2097596, 895
2865, 3, 87, 512, 377, 0, 1.37%, 58, 0, 8, 686.48, 2101006, 895
2870, 3, 497, 512, 377, 0, 1.37%, 58, 0, 8, 721.84, 2104763, 895
2875, 3, 497, 512, 377, 0, 1.37%, 58, 0, 8, 753.46, 2108573, 895
2880, 3, 250, 512, 377, 0, 1.37%, 58, 0, 8, 746.36, 2112472, 895
2885, 3, 401, 512, 377, 0, 1.37%, 58, 0, 8, 726.30, 2116128, 895
2890, 3, 250, 512, 377, 0, 1.37%, 58, 0, 8, 731.43, 2119854, 895
2895, 3, 352, 514, 379, 0, 1.37%, 58, 0, 8, 737.49, 2123599, 895
2900, 3, 87, 514, 379, 0, 1.37%, 58, 0, 8, 754.23, 2127513, 895
2905, 3, 222, 514, 379, 0, 1.37%, 58, 0, 8, 741.25, 2131374, 895
2910, 3, 405, 514, 379, 0, 1.37%, 58, 0, 8, 710.11, 2134950, 895
2916, 3, 368, 514, 378, 0, 1.37%, 58, 0, 8, 732.66, 2138701, 895
2921, 3, 368, 514, 378, 0, 1.37%, 58, 0, 8, 741.96, 2142435, 895
2926, 3, 465, 514, 378, 0, 1.37%, 58, 0, 8, 734.54, 2146175, 895
2931, 3, 352, 514, 378, 0, 1.37%, 58, 0, 8, 733.74, 2149797, 895
2936, 4, 122, 514, 378, 0, 1.37%, 58, 0, 8, 756.12, 2153619, 895
2941, 4, 76, 514, 377, 0, 1.37%, 58, 0, 8, 738.52, 2157400, 895
2946, 4, 514, 515, 378, 1, 1.38%, 58, 0, 8, 747.59, 2161293, 907
2951, 4, 201, 515, 377, 0, 1.38%, 59, 0, 8, 739.81, 2165127, 907
2956, 4, 68, 515, 377, 0, 1.38%, 59, 0, 8, 761.17, 2168977, 907
2961, 4, 87, 515, 377, 0, 1.38%, 59, 0, 8, 756.87, 2172755, 907
2966, 4, 465, 515, 377, 0, 1.38%, 59, 0, 8, 756.36, 2176538, 907
2971, 4, 237, 515, 377, 0, 1.38%, 59, 0, 8, 739.32, 2180345, 907
2976, 4, 133, 515, 377, 0, 1.38%, 60, 0, 8, 745.95, 2184140, 907
2982, 4, 222, 515, 376, 0, 1.38%, 60, 0, 8, 742.18, 2187871, 907
2987, 4, 272, 515, 376, 0, 1.38%, 60, 0, 8, 724.22, 2191500, 907
2992, 4, 161, 515, 376, 0, 1.38%, 60, 0, 8, 733.14, 2195226, 907
2997, 4, 201, 515, 376, 0, 1.38%, 60, 0, 8, 739.68, 2198959, 907
3002, 4, 332, 515, 376, 0, 1.38%, 60, 0, 8, 744.64, 2202747, 907
3007, 4, 159, 515, 376, 0, 1.38%, 60, 0, 8, 753.61, 2206509, 907
3012, 4, 174, 515, 376, 0, 1.38%, 60, 0, 8, 761.47, 2210346, 907
3017, 4, 159, 515, 376, 0, 1.38%, 60, 0, 8, 751.30, 2214102, 907
3022, 4, 370, 515, 376, 0, 1.38%, 60, 0, 8, 744.27, 2217830, 907
3027, 4, 87, 515, 376, 0, 1.38%, 60, 0, 8, 745.66, 2221568, 907
3032, 4, 76, 515, 376, 0, 1.38%, 60, 0, 8, 744.68, 2225401, 907
3037, 4, 159, 515, 376, 0, 1.38%, 60, 0, 8, 745.73, 2229140, 907
3042, 4, 161, 515, 376, 0, 1.38%, 60, 0, 8, 743.14, 2232910, 907
3047, 4, 276, 515, 376, 0, 1.38%, 60, 0, 8, 741.11, 2236600, 907
3052, 4, 465, 515, 375, 0, 1.38%, 60, 0, 8, 733.96, 2240344, 907
3057, 4, 76, 515, 375, 0, 1.38%, 60, 0, 8, 746.78, 2244105, 907
3062, 4, 187, 515, 374, 0, 1.38%, 60, 0, 8, 747.23, 2247944, 907
3067, 4, 507, 515, 374, 0, 1.38%, 60, 0, 8, 734.54, 2251651, 907
3072, 4, 76, 516, 375, 0, 1.38%, 60, 0, 8, 748.79, 2255411, 907
3077, 4, 87, 516, 375, 0, 1.38%, 60, 0, 8, 756.55, 2259202, 907
3082, 4, 87, 516, 375, 0, 1.38%, 60, 0, 8, 761.18, 2263014, 907
3088, 4, 511, 516, 375, 0, 1.38%, 60, 0, 8, 527.37, 2265635, 907
3093, 4, 436, 517, 375, 0, 1.38%, 60, 0, 8, 651.93, 2268926, 907
3098, 4, 87, 517, 375, 0, 1.38%, 60, 0, 8, 735.94, 2272859, 907
3103, 4, 166, 517, 375, 0, 1.38%, 60, 0, 8, 732.83, 2276528, 907
3108, 4, 151, 517, 375, 0, 1.38%, 60, 0, 8, 742.62, 2280295, 907
3113, 4, 382, 517, 375, 0, 1.38%, 60, 0, 8, 727.17, 2283944, 907
3118, 4, 207, 517, 375, 0, 1.38%, 60, 0, 8, 744.43, 2287828, 907
3123, 4, 159, 518, 376, 0, 1.38%, 60, 0, 8, 730.07, 2291547, 907
3128, 4, 216, 518, 376, 0, 1.38%, 60, 0, 8, 744.84, 2295422, 907
3133, 4, 270, 518, 375, 0, 1.38%, 60, 0, 8, 747.94, 2299221, 907
3139, 4, 250, 518, 375, 0, 1.38%, 60, 0, 8, 754.34, 2303110, 907
3144, 4, 326, 518, 375, 0, 1.38%, 60, 0, 8, 704.47, 2306665, 907
3149, 4, 326, 518, 375, 0, 1.38%, 60, 0, 8, 729.14, 2310291, 907
3154, 4, 159, 518, 375, 0, 1.38%, 60, 0, 8, 733.25, 2314123, 907
3159, 4, 87, 518, 375, 0, 1.38%, 60, 0, 8, 742.95, 2318005, 907
3164, 4, 465, 518, 375, 0, 1.38%, 60, 0, 8, 735.65, 2321702, 907
3169, 4, 161, 518, 375, 0, 1.38%, 60, 0, 8, 741.54, 2325416, 907
3174, 4, 500, 518, 375, 0, 1.38%, 60, 0, 8, 751.33, 2329200, 907
3179, 4, 33, 518, 375, 0, 1.38%, 60, 0, 8, 759.77, 2333027, 907
3184, 4, 436, 518, 375, 0, 1.38%, 60, 0, 8, 754.65, 2336812, 907
3189, 4, 465, 518, 375, 0, 1.38%, 60, 0, 8, 719.35, 2340452, 907
3194, 4, 497, 518, 375, 0, 1.38%, 60, 0, 8, 721.15, 2344046, 907
3199, 4, 497, 520, 377, 0, 1.39%, 60, 0, 8, 720.58, 2347716, 908
3204, 4, 497, 520, 377, 0, 1.39%, 60, 0, 8, 719.90, 2351356, 908
3210, 4, 497, 520, 377, 0, 1.39%, 60, 0, 8, 751.78, 2355150, 908
3215, 4, 429, 520, 377, 1, 1.39%, 60, 0, 8, 741.20, 2358913, 908
3220, 4, 429, 520, 377, 1, 1.39%, 60, 0, 8, 749.51, 2362665, 908
3225, 4, 518, 521, 378, 1, 1.39%, 60, 0, 8, 742.43, 2366531, 908
3230, 4, 518, 521, 378, 1, 1.39%, 60, 0, 8, 725.67, 2370171, 908
3235, 4, 518, 521, 378, 1, 1.39%, 60, 0, 8, 715.75, 2373727, 908
3240, 4, 76, 521, 377, 0, 1.39%, 60, 0, 8, 739.78, 2377521, 908
3245, 4, 352, 521, 377, 0, 1.39%, 60, 0, 8, 756.68, 2381372, 908
3250, 4, 317, 521, 377, 0, 1.39%, 60, 0, 8, 718.25, 2385022, 908
3255, 4, 317, 521, 377, 0, 1.39%, 60, 0, 8, 705.03, 2388606, 908
3260, 4, 370, 521, 377, 0, 1.39%, 60, 0, 8, 731.31, 2392378, 908
3265, 4, 370, 521, 377, 0, 1.39%, 60, 0, 8, 756.44, 2396189, 908
3270, 4, 514, 521, 377, 0, 1.39%, 60, 0, 8, 757.48, 2399982, 908
3275, 4, 54, 521, 377, 0, 1.39%, 60, 0, 8, 753.04, 2403749, 908
3280, 4, 514, 521, 376, 0, 1.39%, 60, 0, 8, 761.98, 2407609, 908
3285, 4, 270, 521, 375, 0, 1.39%, 60, 0, 8, 747.57, 2411518, 908
3290, 4, 201, 521, 375, 0, 1.39%, 60, 0, 8, 752.83, 2415292, 908
3296, 4, 401, 521, 375, 0, 1.39%, 60, 0, 8, 733.60, 2419120, 908
3301, 4, 392, 521, 375, 0, 1.39%, 60, 0, 8, 714.67, 2422733, 908
3306, 4, 222, 521, 374, 0, 1.39%, 60, 0, 8, 738.22, 2426609, 908
3311, 4, 497, 521, 374, 0, 1.39%, 60, 0, 8, 739.93, 2430487, 908
3316, 4, 497, 521, 374, 0, 1.39%, 60, 0, 8, 756.16, 2434389, 908
3321, 4, 250, 521, 374, 0, 1.39%, 60, 0, 8, 719.57, 2438108, 908
3326, 4, 514, 521, 374, 0, 1.39%, 60, 0, 8, 739.77, 2441793, 908
3331, 4, 159, 521, 373, 0, 1.39%, 60, 0, 8, 741.04, 2445518, 908
3336, 4, 465, 521, 373, 0, 1.39%, 60, 0, 8, 737.80, 2449270, 908
3341, 4, 151, 521, 373, 0, 1.39%, 60, 0, 8, 756.36, 2453095, 908
3347, 4, 123, 521, 373, 0, 1.39%, 60, 0, 8, 755.58, 2457022, 908
3352, 4, 436, 521, 372, 0, 1.39%, 60, 0, 8, 738.59, 2460676, 908
3357, 4, 507, 521, 371, 0, 1.39%, 60, 0, 8, 730.74, 2464408, 908
3362, 4, 161, 521, 370, 0, 1.39%, 60, 0, 8, 738.02, 2468256, 908
3367, 4, 401, 521, 370, 0, 1.39%, 60, 0, 8, 751.57, 2472031, 908
3372, 4, 311, 521, 370, 0, 1.39%, 60, 0, 8, 731.92, 2475664, 908
3377, 4, 76, 521, 369, 0, 1.39%, 60, 0, 8, 749.37, 2479431, 908
3382, 4, 76, 521, 369, 0, 1.39%, 60, 0, 8, 745.71, 2483182, 908
3387, 4, 250, 521, 369, 0, 1.39%, 60, 0, 8, 733.87, 2486882, 908
3392, 4, 514, 521, 369, 0, 1.39%, 60, 0, 8, 746.49, 2490621, 908
3397, 4, 232, 521, 369, 0, 1.39%, 60, 0, 8, 740.19, 2494409, 908
3402, 4, 436, 521, 369, 0, 1.39%, 60, 0, 8, 752.71, 2498210, 908
3407, 4, 87, 521, 368, 0, 1.39%, 60, 0, 8, 761.21, 2502026, 908
3412, 4, 355, 521, 367, 0, 1.39%, 60, 0, 8, 727.05, 2505585, 908
3418, 4, 76, 521, 366, 0, 1.39%, 60, 0, 8, 747.36, 2509464, 908
3423, 4, 87, 521, 366, 0, 1.39%, 60, 0, 8, 756.06, 2513365, 908
3428, 4, 87, 521, 366, 0, 1.39%, 60, 0, 8, 759.46, 2517160, 908
3433, 4, 461, 522, 367, 0, 1.39%, 60, 0, 8, 628.77, 2520296, 908
3438, 4, 436, 522, 366, 0, 1.39%, 60, 0, 8, 719.23, 2524020, 908
3443, 4, 170, 522, 366, 0, 1.39%, 60, 0, 8, 745.83, 2527773, 908
3448, 4, 76, 522, 366, 0, 1.39%, 60, 0, 8, 758.52, 2531681, 908
3453, 4, 201, 522, 365, 0, 1.39%, 60, 0, 8, 730.52, 2535352, 908
3458, 4, 465, 522, 365, 0, 1.39%, 60, 0, 8, 753.09, 2539126, 908
3463, 4, 465, 522, 365, 0, 1.39%, 60, 0, 8, 731.02, 2542761, 908
3468, 4, 465, 522, 365, 0, 1.39%, 60, 0, 8, 735.62, 2546529, 908
3473, 4, 165, 522, 365, 0, 1.39%, 60, 0, 8, 747.00, 2550290, 908
3478, 4, 76, 522, 364, 0, 1.39%, 60, 0, 8, 757.56, 2554102, 908
3483, 4, 198, 522, 364, 0, 1.39%, 60, 0, 8, 745.08, 2557820, 908
3488, 4, 382, 522, 364, 0, 1.39%, 60, 0, 8, 737.53, 2561641, 908
3494, 4, 352, 522, 364, 0, 1.39%, 60, 0, 8, 743.78, 2565498, 908
3499, 4, 145, 522, 364, 0, 1.39%, 60, 0, 8, 753.06, 2569285, 908
3504, 4, 250, 522, 364, 0, 1.39%, 60, 0, 8, 760.09, 2573250, 908
3509, 4, 248, 522, 363, 0, 1.39%, 60, 0, 8, 756.78, 2577087, 908
3514, 4, 465, 522, 362, 0, 1.39%, 60, 0, 8, 735.90, 2580806, 908
3519, 4, 370, 522, 362, 0, 1.39%, 60, 0, 8, 730.69, 2584531, 908
3524, 4, 370, 522, 362, 0, 1.39%, 60, 0, 8, 742.69, 2588268, 908
3529, 4, 250, 522, 362, 0, 1.39%, 60, 0, 8, 746.94, 2592103, 908
3534, 4, 465, 522, 362, 0, 1.39%, 60, 0, 8, 730.46, 2595931, 908
3539, 4, 87, 522, 362, 0, 1.39%, 60, 0, 8, 759.76, 2599776, 908
3545, 4, 465, 522, 361, 0, 1.39%, 60, 0, 8, 717.18, 2603305, 908
3550, 5, 294, 522, 360, 0, 1.39%, 60, 0, 8, 759.61, 2607303, 908
3555, 5, 87, 522, 359, 0, 1.39%, 60, 0, 8, 759.68, 2611222, 908
3560, 5, 465, 522, 359, 0, 1.39%, 60, 0, 8, 735.86, 2614962, 908
3565, 5, 159, 522, 359, 0, 1.39%, 60, 0, 8, 744.18, 2618857, 908
3570, 5, 76, 522, 359, 0, 1.39%, 60, 0, 8, 765.69, 2622720, 908
3575, 5, 465, 522, 359, 0, 1.39%, 60, 0, 8, 750.13, 2626503, 908
3580, 5, 87, 522, 359, 0, 1.39%, 60, 0, 8, 760.89, 2630472, 908
3586, 5, 76, 522, 359, 0, 1.39%, 60, 0, 8, 737.43, 2634204, 908
3591, 5, 436, 522, 359, 0, 1.39%, 60, 0, 8, 756.32, 2638117, 908
3596, 5, 87, 522, 359, 0, 1.39%, 60, 0, 8, 759.28, 2641913, 908
3601, 5, 87, 522, 359, 0, 1.39%, 60, 0, 8, 771.81, 2645915, 908
3606, 5, 369, 522, 359, 0, 1.39%, 60, 0, 8, 758.29, 2649695, 908
3611, 5, 507, 523, 360, 0, 1.39%, 60, 0, 8, 728.01, 2653465, 908
3616, 5, 166, 523, 360, 0, 1.39%, 60, 0, 8, 743.79, 2657289, 908
3621, 5, 518, 523, 360, 0, 1.39%, 60, 0, 8, 732.19, 2660974, 908
3627, 5, 518, 523, 360, 0, 1.39%, 60, 0, 8, 760.41, 2664836, 908
3632, 5, 465, 523, 360, 0, 1.39%, 60, 0, 8, 734.84, 2668548, 908
3637, 5, 159, 523, 359, 0, 1.39%, 60, 0, 8, 749.62, 2672339, 908
3642, 5, 248, 523, 359, 0, 1.39%, 60, 0, 8, 754.80, 2676139, 908
3647, 5, 248, 523, 359, 0, 1.39%, 60, 0, 8, 751.73, 2679915, 908
3652, 5, 74, 523, 358, 0, 1.39%, 60, 0, 8, 748.77, 2683756, 908
3657, 5, 435, 523, 357, 0, 1.39%, 60, 0, 8, 688.10, 2687143, 908
3662, 5, 123, 524, 356, 0, 1.39%, 60, 0, 8, 740.73, 2691070, 908
3667, 5, 369, 524, 356, 0, 1.39%, 60, 0, 8, 757.79, 2695009, 908
3672, 5, 401, 524, 356, 0, 1.39%, 60, 0, 8, 745.74, 2698742, 908
3677, 5, 382, 524, 356, 0, 1.39%, 60, 0, 8, 751.03, 2702502, 908
3682, 5, 96, 524, 356, 0, 1.39%, 60, 0, 8, 760.21, 2706298, 908
3687, 5, 364, 524, 356, 0, 1.39%, 60, 0, 8, 745.77, 2710055, 908
3692, 5, 348, 524, 356, 0, 1.39%, 60, 0, 8, 761.87, 2713881, 908
3697, 5, 465, 524, 356, 0, 1.39%, 60, 0, 8, 741.09, 2717616, 908
3702, 5, 465, 524, 356, 0, 1.39%, 60, 0, 8, 748.44, 2721384, 908
3707, 5, 273, 524, 356, 0, 1.39%, 60, 0, 8, 732.17, 2725053, 908
3713, 5, 514, 524, 356, 0, 1.39%, 60, 0, 8, 746.84, 2728863, 908
3718, 5, 384, 524, 356, 0, 1.39%, 60, 0, 8, 715.86, 2732334, 908
3723, 5, 207, 524, 355, 0, 1.39%, 60, 0, 8, 743.65, 2736140, 908
3728, 5, 50, 524, 355, 0, 1.39%, 60, 0, 8, 754.90, 2739943, 908
3733, 5, 382, 524, 355, 0, 1.39%, 61, 0, 8, 737.99, 2743761, 908
3738, 5, 76, 524, 354, 0, 1.39%, 61, 0, 8, 758.91, 2747562, 908
3743, 5, 222, 524, 354, 0, 1.39%, 61, 0, 8, 749.70, 2751334, 908
3748, 5, 369, 524, 354, 0, 1.39%, 61, 0, 8, 756.14, 2755145, 908
3753, 5, 87, 524, 354, 0, 1.39%, 61, 0, 8, 760.14, 2758949, 908
3758, 5, 518, 524, 354, 0, 1.39%, 61, 0, 8, 731.44, 2762751, 908
3763, 5, 518, 524, 354, 0, 1.39%, 61, 0, 8, 736.62, 2766405, 908
3768, 5, 436, 524, 354, 0, 1.39%, 61, 0, 8, 725.68, 2770157, 908
3773, 5, 87, 525, 355, 0, 1.39%, 61, 0, 8, 703.55, 2773702, 908
