# relative_time, cycles_done, cur_item, corpus_count, pending_total, pending_favs, map_size, saved_crashes, saved_hangs, max_depth, execs_per_sec, total_execs, edges_found
60, 0, 3, 30, 28, 4, 1.39%, 0, 0, 2, 321.20, 21684, 910
65, 0, 3, 30, 28, 4, 1.39%, 0, 0, 2, 336.02, 23376, 910
70, 0, 3, 30, 28, 4, 1.39%, 0, 0, 2, 339.71, 25086, 910
75, 0, 3, 31, 29, 4, 1.40%, 0, 0, 2, 328.87, 26714, 920
80, 0, 3, 31, 29, 4, 1.40%, 0, 0, 2, 335.97, 28406, 920
86, 0, 3, 31, 29, 4, 1.40%, 0, 0, 2, 329.79, 30068, 920
91, 0, 3, 31, 29, 4, 1.40%, 0, 0, 2, 323.83, 31676, 920
96, 0, 3, 31, 29, 4, 1.40%, 0, 0, 2, 325.27, 33318, 920
101, 0, 14, 31, 26, 14, 1.40%, 0, 0, 2, 323.73, 34915, 920
106, 0, 24, 31, 23, 11, 1.40%, 0, 0, 2, 334.26, 36643, 920
111, 0, 15, 32, 22, 9, 1.40%, 0, 0, 3, 329.90, 38286, 920
116, 0, 29, 32, 19, 6, 1.40%, 0, 0, 3, 313.45, 39849, 920
121, 0, 29, 35, 22, 6, 1.44%, 0, 0, 3, 298.05, 41331, 944
126, 0, 29, 36, 23, 6, 1.44%, 0, 0, 3, 293.88, 42835, 944
131, 0, 29, 36, 23, 6, 1.44%, 0, 0, 3, 294.94, 44310, 944
136, 0, 30, 37, 22, 6, 1.44%, 0, 0, 3, 300.66, 45904, 944
141, 0, 30, 37, 22, 6, 1.44%, 0, 0, 3, 323.75, 47491, 944
146, 0, 32, 37, 22, 6, 1.44%, 0, 0, 3, 318.67, 49168, 944
152, 0, 5, 37, 21, 5, 1.44%, 0, 0, 3, 204.74, 50213, 944
157, 0, 7, 38, 21, 5, 1.44%, 0, 0, 3, 265.71, 51550, 946
162, 0, 33, 38, 18, 2, 1.44%, 0, 0, 3, 313.36, 53280, 946
167, 0, 19, 38, 16, 0, 1.44%, 0, 0, 3, 325.60, 54927, 946
172, 0, 19, 38, 16, 0, 1.44%, 0, 0, 3, 345.70, 56721, 946
177, 0, 38, 39, 17, 1, 1.45%, 0, 0, 3, 335.64, 58450, 947
192, 0, 38, 40, 18, 1, 2.15%, 0, 0, 4, 3.56, 58563, 1406
198, 0, 25, 40, 17, 0, 2.15%, 0, 1, 4, 312.55, 59512, 1406
203, 0, 25, 41, 18, 0, 2.15%, 0, 1, 4, 299.29, 60993, 1407
208, 0, 25, 41, 18, 0, 2.15%, 0, 2, 4, 1.81, 61143, 1407
213, 0, 25, 41, 18, 0, 2.15%, 0, 4, 4, 2.08, 61157, 1407
218, 0, 25, 41, 18, 0, 2.15%, 0, 4, 4, 2.04, 61167, 1407
223, 0, 25, 41, 18, 0, 2.15%, 0, 4, 4, 2.33, 61182, 1407
228, 0, 25, 41, 18, 0, 2.15%, 0, 4, 4, 1.35, 61208, 1407
234, 0, 25, 41, 18, 0, 2.15%, 0, 4, 4, 1.47, 61217, 1407
239, 0, 25, 41, 18, 0, 2.15%, 0, 4, 4, 1.91, 61232, 1407
244, 0, 25, 41, 18, 0, 2.15%, 0, 5, 4, 2.43, 61252, 1407
249, 0, 25, 41, 18, 0, 2.15%, 0, 5, 4, 2.10, 61258, 1407
254, 0, 25, 41, 18, 0, 2.15%, 0, 5, 4, 2.11, 61269, 1407
259, 0, 25, 41, 18, 0, 2.15%, 0, 5, 4, 2.03, 61278, 1407
264, 0, 25, 43, 20, 0, 2.17%, 0, 5, 4, 273.89, 62704, 1424
269, 0, 41, 43, 19, 2, 2.17%, 0, 5, 4, 302.50, 64421, 1424
274, 0, 45, 46, 20, 1, 2.20%, 0, 5, 4, 282.89, 65885, 1440
279, 0, 21, 46, 18, 0, 2.20%, 0, 5, 4, 317.58, 67527, 1440
284, 0, 21, 46, 18, 0, 2.20%, 0, 5, 4, 338.82, 69288, 1440
290, 0, 12, 47, 19, 1, 2.20%, 0, 5, 4, 314.30, 70877, 1444
296, 0, 12, 47, 19, 1, 2.20%, 0, 5, 4, 8.08, 71185, 1444
301, 0, 12, 47, 19, 1, 2.20%, 0, 6, 4, 1.05, 71191, 1444
306, 0, 46, 49, 19, 2, 2.22%, 0, 6, 4, 301.19, 72895, 1452
311, 0, 48, 49, 17, 0, 2.22%, 0, 6, 4, 326.79, 74625, 1452
316, 0, 48, 49, 17, 0, 2.22%, 0, 6, 4, 321.91, 76281, 1452
321, 0, 48, 49, 17, 0, 2.22%, 0, 6, 4, 324.10, 77949, 1452
326, 0, 48, 49, 17, 0, 2.22%, 0, 6, 4, 341.68, 79689, 1452
331, 0, 27, 49, 17, 0, 2.22%, 0, 6, 4, 327.42, 81333, 1452
336, 0, 27, 49, 17, 0, 2.22%, 0, 6, 4, 306.67, 82833, 1452
341, 0, 42, 49, 17, 0, 2.22%, 0, 6, 4, 301.43, 84347, 1452
347, 0, 49, 50, 18, 1, 2.43%, 0, 6, 4, 320.92, 86031, 1593
352, 0, 40, 51, 18, 0, 2.43%, 0, 6, 4, 297.75, 87594, 1594
357, 0, 40, 51, 18, 0, 2.43%, 0, 6, 4, 326.08, 89245, 1594
362, 0, 24, 51, 18, 1, 2.43%, 0, 6, 4, 320.21, 90858, 1594
367, 0, 24, 51, 18, 1, 2.43%, 0, 6, 4, 338.20, 92590, 1594
372, 0, 50, 52, 19, 1, 2.43%, 0, 6, 5, 300.59, 94038, 1595
377, 0, 3, 52, 18, 1, 2.43%, 0, 6, 5, 331.80, 95780, 1595
382, 0, 8, 52, 18, 1, 2.43%, 0, 6, 5, 324.24, 97408, 1595
387, 0, 51, 52, 17, 1, 2.43%, 0, 6, 5, 331.71, 99047, 1595
392, 0, 38, 53, 17, 0, 2.44%, 0, 6, 5, 325.07, 100654, 1597
397, 0, 52, 53, 17, 1, 2.44%, 0, 6, 5, 309.18, 102213, 1597
403, 0, 26, 53, 16, 0, 2.44%, 0, 6, 5, 322.25, 103925, 1597
408, 0, 4, 53, 16, 0, 2.44%, 0, 6, 5, 339.71, 105600, 1597
413, 0, 53, 54, 17, 1, 2.55%, 0, 6, 5, 304.75, 107092, 1673
418, 0, 38, 54, 16, 0, 2.55%, 0, 6, 5, 313.46, 108759, 1673
423, 0, 23, 54, 16, 0, 2.55%, 0, 6, 5, 311.81, 110393, 1673
428, 0, 23, 54, 16, 0, 2.55%, 0, 6, 5, 331.52, 112110, 1673
433, 0, 23, 54, 16, 0, 2.55%, 0, 6, 5, 318.62, 113758, 1673
438, 0, 23, 54, 16, 0, 2.55%, 0, 6, 5, 344.62, 115519, 1673
443, 1, 52, 54, 15, 0, 2.55%, 0, 6, 5, 334.77, 117213, 1673
449, 1, 21, 54, 15, 0, 2.55%, 0, 6, 5, 320.86, 118888, 1673
454, 1, 21, 54, 15, 0, 2.55%, 0, 6, 5, 302.71, 120389, 1673
459, 1, 7, 55, 16, 0, 2.56%, 0, 6, 5, 322.17, 122021, 1679
464, 1, 7, 55, 16, 0, 2.56%, 0, 6, 5, 299.97, 123473, 1679
469, 1, 7, 55, 16, 0, 2.56%, 0, 6, 5, 329.15, 125151, 1679
474, 1, 54, 55, 16, 1, 2.56%, 0, 6, 5, 300.28, 126671, 1679
479, 1, 54, 55, 16, 1, 2.56%, 0, 6, 5, 328.77, 128315, 1679
484, 1, 23, 55, 15, 0, 2.56%, 0, 6, 5, 301.51, 129807, 1679
489, 1, 23, 55, 15, 0, 2.56%, 0, 6, 5, 334.48, 131528, 1679
494, 1, 7, 55, 15, 0, 2.56%, 0, 6, 5, 292.41, 132947, 1679
499, 1, 7, 55, 15, 0, 2.56%, 0, 6, 5, 306.23, 134529, 1679
504, 1, 33, 56, 16, 0, 2.61%, 0, 6, 5, 321.69, 136169, 1710
509, 1, 33, 56, 16, 0, 2.61%, 0, 6, 5, 316.94, 137759, 1710
514, 1, 33, 56, 16, 0, 2.61%, 0, 6, 5, 325.81, 139415, 1710
519, 1, 55, 57, 17, 1, 2.62%, 0, 6, 5, 322.08, 141023, 1716
524, 1, 55, 58, 18, 1, 2.62%, 0, 6, 5, 319.63, 142639, 1719
529, 1, 55, 59, 19, 1, 2.63%, 0, 6, 5, 319.23, 144243, 1723
535, 1, 55, 59, 19, 1, 2.63%, 0, 6, 5, 321.89, 145923, 1723
540, 1, 55, 59, 19, 1, 2.63%, 0, 6, 5, 321.34, 147525, 1723
545, 1, 55, 59, 19, 1, 2.63%, 0, 6, 5, 325.09, 149153, 1723
550, 1, 56, 59, 18, 3, 2.63%, 0, 6, 5, 337.39, 150882, 1723
555, 1, 56, 59, 18, 3, 2.63%, 0, 6, 5, 316.92, 152452, 1723
560, 1, 57, 59, 17, 2, 2.63%, 0, 6, 5, 312.36, 154111, 1723
565, 1, 9, 59, 16, 1, 2.63%, 0, 6, 5, 331.77, 155823, 1723
570, 1, 9, 59, 16, 1, 2.63%, 0, 6, 5, 346.22, 157565, 1723
575, 1, 58, 59, 16, 1, 2.63%, 0, 6, 5, 327.98, 159218, 1723
580, 1, 58, 62, 19, 1, 2.67%, 0, 6, 6, 317.01, 160796, 1749
585, 1, 58, 62, 19, 1, 2.67%, 0, 6, 6, 315.56, 162404, 1749
590, 1, 60, 62, 18, 2, 2.67%, 0, 6, 6, 324.73, 164044, 1749
595, 1, 60, 63, 19, 2, 2.67%, 0, 6, 7, 304.32, 165510, 1749
600, 1, 26, 63, 18, 1, 2.67%, 0, 6, 7, 298.81, 167048, 1749
605, 1, 61, 64, 19, 2, 2.73%, 0, 6, 7, 305.28, 168644, 1786
610, 1, 63, 64, 18, 1, 2.73%, 0, 6, 7, 227.20, 169822, 1786
616, 1, 7, 64, 17, 0, 2.73%, 0, 6, 7, 275.29, 171266, 1786
621, 1, 7, 64, 17, 0, 2.73%, 0, 6, 7, 307.26, 172827, 1786
626, 1, 4, 64, 17, 0, 2.73%, 0, 6, 7, 318.15, 174428, 1786
631, 1, 51, 64, 17, 0, 2.73%, 0, 6, 7, 310.58, 175986, 1786
636, 1, 61, 64, 17, 0, 2.73%, 0, 6, 7, 321.47, 177657, 1786
641, 1, 61, 64, 17, 0, 2.73%, 0, 6, 7, 320.42, 179253, 1786
646, 1, 61, 64, 17, 0, 2.73%, 0, 6, 7, 264.75, 180629, 1786
651, 1, 61, 64, 17, 0, 2.73%, 0, 6, 7, 281.84, 182034, 1786
656, 1, 7, 64, 17, 0, 2.73%, 0, 6, 7, 320.57, 183723, 1786
661, 1, 7, 64, 17, 0, 2.73%, 0, 6, 7, 332.01, 185352, 1786
666, 1, 30, 64, 17, 0, 2.73%, 0, 6, 7, 334.12, 187130, 1786
671, 1, 30, 64, 17, 0, 2.73%, 0, 6, 7, 313.88, 188709, 1786
676, 1, 53, 64, 16, 0, 2.73%, 0, 6, 7, 312.40, 190333, 1786
681, 1, 53, 64, 16, 0, 2.73%, 0, 6, 7, 298.89, 191827, 1786
687, 1, 30, 64, 16, 0, 2.73%, 0, 6, 7, 322.97, 193497, 1786
692, 1, 21, 64, 16, 0, 2.73%, 0, 6, 7, 311.81, 195047, 1786
697, 1, 21, 64, 16, 0, 2.73%, 0, 6, 7, 330.60, 196758, 1786
702, 1, 57, 64, 16, 0, 2.73%, 0, 6, 7, 302.13, 198197, 1786
707, 1, 57, 64, 16, 0, 2.73%, 0, 6, 7, 329.18, 199854, 1786
712, 1, 57, 64, 16, 0, 2.73%, 0, 6, 7, 328.42, 201546, 1786
717, 1, 57, 64, 16, 0, 2.73%, 0, 6, 7, 302.71, 203092, 1786
722, 1, 1, 65, 17, 0, 2.73%, 0, 6, 7, 312.70, 204704, 1787
727, 1, 1, 65, 17, 0, 2.73%, 0, 6, 7, 328.85, 206350, 1787
732, 1, 43, 65, 17, 1, 2.73%, 0, 6, 7, 313.58, 207988, 1787
737, 1, 64, 65, 16, 1, 2.73%, 0, 6, 7, 307.34, 209498, 1787
742, 1, 54, 66, 16, 1, 2.73%, 0, 6, 7, 304.11, 211048, 1788
747, 1, 54, 66, 16, 1, 2.73%, 0, 6, 7, 286.11, 212491, 1788
753, 1, 54, 66, 16, 1, 2.73%, 0, 6, 7, 345.80, 214352, 1788
758, 1, 65, 67, 17, 1, 2.73%, 0, 6, 7, 314.38, 215918, 1789
763, 1, 31, 67, 16, 1, 2.73%, 0, 6, 7, 327.01, 217596, 1789
768, 1, 65, 67, 15, 1, 2.73%, 0, 6, 7, 325.18, 219250, 1789
773, 1, 65, 67, 15, 1, 2.73%, 0, 6, 7, 346.28, 221045, 1789
778, 1, 61, 67, 15, 1, 2.73%, 0, 6, 7, 329.94, 222659, 1789
783, 1, 61, 67, 15, 1, 2.73%, 0, 6, 7, 320.74, 224237, 1789
788, 1, 61, 67, 15, 1, 2.73%, 0, 6, 7, 348.23, 226031, 1789
793, 1, 61, 67, 15, 1, 2.73%, 0, 6, 7, 335.84, 227681, 1789
798, 1, 66, 67, 15, 1, 2.73%, 0, 6, 7, 351.31, 229475, 1789
803, 1, 27, 67, 14, 0, 2.73%, 0, 6, 7, 319.24, 230998, 1789
808, 1, 7, 67, 14, 0, 2.73%, 0, 6, 7, 309.33, 232551, 1789
813, 1, 7, 67, 14, 0, 2.73%, 0, 6, 7, 316.96, 234163, 1789
818, 1, 37, 67, 14, 0, 2.73%, 0, 6, 7, 329.26, 235856, 1789
823, 1, 55, 67, 14, 0, 2.73%, 0, 6, 7, 319.95, 237460, 1789
828, 1, 55, 67, 14, 0, 2.73%, 0, 6, 7, 319.86, 239110, 1789
833, 1, 55, 67, 14, 0, 2.73%, 0, 6, 7, 338.34, 240808, 1789
838, 1, 55, 67, 14, 0, 2.73%, 0, 6, 7, 311.07, 242356, 1789
843, 1, 55, 67, 14, 0, 2.73%, 0, 6, 7, 325.33, 243928, 1789
848, 1, 42, 67, 14, 0, 2.73%, 0, 6, 7, 322.33, 245469, 1789
853, 1, 57, 67, 14, 0, 2.73%, 0, 6, 7, 317.98, 247073, 1789
859, 1, 57, 67, 14, 0, 2.73%, 0, 6, 7, 318.46, 248729, 1789
864, 1, 57, 67, 14, 0, 2.73%, 0, 6, 7, 321.94, 250393, 1789
869, 1, 52, 67, 14, 0, 2.73%, 0, 6, 7, 345.42, 252239, 1789
874, 1, 49, 67, 14, 0, 2.73%, 0, 6, 7, 345.21, 254017, 1789
879, 1, 7, 67, 14, 0, 2.73%, 0, 6, 7, 312.35, 255573, 1789
884, 1, 7, 67, 14, 0, 2.73%, 0, 6, 7, 299.40, 257162, 1789
889, 1, 34, 68, 15, 1, 2.73%, 0, 6, 7, 310.08, 258747, 1790
895, 1, 25, 68, 13, 1, 2.73%, 0, 6, 7, 300.97, 260311, 1790
900, 1, 25, 68, 13, 1, 2.73%, 0, 6, 7, 307.96, 261819, 1790
905, 1, 67, 68, 13, 1, 2.73%, 0, 6, 7, 311.07, 263404, 1790
910, 1, 48, 68, 12, 0, 2.73%, 0, 6, 7, 307.86, 264998, 1790
915, 1, 48, 68, 12, 0, 2.73%, 0, 6, 7, 341.20, 266682, 1790
920, 1, 48, 68, 12, 0, 2.73%, 0, 6, 7, 249.92, 267920, 1790
925, 1, 67, 68, 12, 0, 2.73%, 0, 6, 7, 298.21, 269510, 1790
930, 1, 67, 68, 12, 0, 2.73%, 0, 6, 7, 307.73, 271079, 1790
935, 1, 64, 68, 12, 0, 2.73%, 0, 6, 7, 305.00, 272637, 1790
940, 1, 64, 68, 12, 0, 2.73%, 0, 6, 7, 314.25, 274218, 1790
945, 1, 61, 68, 12, 0, 2.73%, 0, 6, 7, 327.99, 276010, 1790
950, 1, 61, 68, 12, 0, 2.73%, 0, 6, 7, 323.24, 277648, 1790
955, 1, 61, 68, 12, 0, 2.73%, 0, 6, 7, 315.46, 279214, 1790
960, 1, 61, 68, 12, 0, 2.73%, 0, 6, 7, 340.98, 280954, 1790
965, 1, 66, 68, 12, 0, 2.73%, 0, 6, 7, 349.55, 282716, 1790
970, 1, 66, 68, 12, 0, 2.73%, 0, 6, 7, 324.98, 284296, 1790
975, 1, 66, 68, 12, 0, 2.73%, 0, 6, 7, 342.90, 286006, 1790
981, 1, 66, 68, 12, 0, 2.73%, 0, 6, 7, 342.72, 287776, 1790
986, 1, 64, 68, 12, 0, 2.73%, 0, 6, 7, 327.84, 289402, 1790
991, 1, 64, 68, 12, 0, 2.73%, 0, 6, 7, 332.25, 291105, 1790
996, 1, 24, 68, 12, 0, 2.73%, 0, 6, 7, 334.86, 292827, 1790
1001, 1, 24, 68, 12, 0, 2.73%, 0, 6, 7, 322.92, 294452, 1790
1006, 1, 13, 68, 12, 0, 2.73%, 0, 6, 7, 343.60, 296241, 1790
1011, 1, 53, 68, 12, 0, 2.73%, 0, 6, 7, 344.28, 297911, 1790
1016, 1, 42, 68, 12, 0, 2.73%, 0, 6, 7, 326.24, 299552, 1790
1021, 1, 60, 68, 12, 0, 2.73%, 0, 6, 7, 313.13, 301136, 1790
1026, 1, 60, 70, 14, 0, 2.84%, 0, 6, 7, 298.45, 302614, 1864
1031, 1, 60, 70, 14, 0, 2.84%, 0, 6, 7, 298.70, 304122, 1864
1036, 1, 60, 70, 14, 0, 2.84%, 0, 6, 7, 326.14, 305862, 1864
1041, 1, 69, 70, 14, 2, 2.84%, 0, 6, 7, 308.34, 307363, 1864
1046, 1, 69, 70, 14, 2, 2.84%, 0, 6, 7, 305.36, 308924, 1864
1051, 1, 68, 70, 13, 1, 2.84%, 0, 6, 7, 304.47, 310483, 1864
1057, 1, 69, 70, 12, 0, 2.84%, 0, 6, 7, 296.58, 312037, 1864
1062, 1, 57, 70, 12, 0, 2.84%, 0, 6, 7, 319.60, 313691, 1864
1067, 1, 57, 70, 12, 0, 2.84%, 0, 6, 7, 327.77, 315368, 1864
1072, 1, 57, 70, 12, 0, 2.84%, 0, 6, 7, 312.88, 316869, 1864
1077, 1, 56, 70, 12, 0, 2.84%, 0, 6, 7, 308.77, 318427, 1864
1082, 1, 54, 70, 12, 0, 2.84%, 0, 6, 7, 313.62, 320102, 1864
1087, 1, 54, 70, 12, 0, 2.84%, 0, 6, 7, 288.10, 321505, 1864
1092, 1, 54, 70, 12, 0, 2.84%, 0, 6, 7, 339.10, 323288, 1864
1097, 2, 67, 70, 12, 0, 2.84%, 0, 6, 7, 339.46, 325066, 1864
1102, 2, 67, 73, 15, 0, 2.84%, 0, 6, 7, 45.13, 325889, 1864
1107, 2, 67, 75, 17, 0, 2.84%, 0, 6, 7, 322.17, 327482, 1864
1113, 2, 67, 76, 18, 0, 2.84%, 0, 6, 7, 330.00, 328059, 1864
1118, 2, 67, 77, 19, 0, 2.84%, 0, 6, 7, 301.02, 329526, 1864
1123, 2, 67, 77, 19, 0, 2.84%, 0, 6, 7, 307.59, 331128, 1864
1128, 2, 67, 77, 19, 0, 2.84%, 0, 6, 7, 302.33, 332658, 1864
1133, 2, 67, 77, 19, 0, 2.84%, 0, 6, 7, 326.54, 334122, 1864
1138, 2, 67, 77, 19, 0, 2.84%, 0, 6, 7, 311.17, 335652, 1864
1143, 2, 67, 77, 19, 0, 2.84%, 0, 6, 7, 292.26, 336987, 1864
1148, 2, 67, 77, 19, 0, 2.84%, 0, 6, 7, 288.91, 338482, 1864
1154, 2, 67, 77, 19, 0, 2.84%, 1, 6, 7, 314.61, 339960, 1864
1159, 2, 67, 77, 19, 0, 2.84%, 1, 6, 7, 309.65, 341490, 1864
1164, 2, 67, 77, 19, 0, 2.84%, 1, 6, 7, 298.36, 343026, 1864
1169, 2, 67, 77, 19, 0, 2.84%, 1, 6, 7, 282.75, 344410, 1864
1174, 2, 67, 82, 24, 0, 2.84%, 1, 6, 7, 301.31, 345736, 1864
1179, 2, 67, 82, 24, 0, 2.84%, 1, 6, 7, 279.20, 347154, 1864
1184, 2, 67, 83, 25, 0, 2.84%, 1, 6, 7, 259.38, 348310, 1864
1189, 2, 5, 83, 25, 0, 2.84%, 1, 6, 7, 204.78, 349238, 1864
1194, 2, 5, 84, 26, 0, 2.84%, 1, 6, 7, 203.39, 350050, 1864
1200, 2, 5, 84, 26, 0, 2.84%, 1, 6, 7, 190.59, 350982, 1864
1205, 2, 5, 84, 26, 0, 2.84%, 1, 6, 7, 219.34, 351842, 1864
1210, 2, 5, 84, 26, 0, 2.84%, 1, 6, 7, 4.05, 351964, 1864
1215, 2, 5, 84, 26, 0, 2.84%, 1, 7, 7, 3.74, 351981, 1864
1220, 2, 5, 84, 26, 0, 2.84%, 1, 7, 7, 3.48, 351997, 1864
1225, 2, 5, 84, 26, 0, 2.84%, 1, 7, 7, 4.04, 352019, 1864
1230, 2, 5, 84, 26, 0, 2.84%, 1, 7, 7, 3.50, 352035, 1864
1236, 2, 5, 84, 26, 0, 2.84%, 1, 7, 7, 3.23, 352051, 1864
1241, 2, 5, 84, 26, 0, 2.84%, 1, 7, 7, 3.34, 352069, 1864
1246, 2, 5, 84, 26, 0, 2.84%, 1, 7, 7, 3.64, 352089, 1864
1251, 2, 5, 84, 26, 0, 2.84%, 1, 7, 7, 3.60, 352108, 1864
1256, 2, 5, 84, 26, 0, 2.84%, 1, 7, 7, 3.62, 352127, 1864
1261, 2, 5, 84, 26, 0, 2.84%, 1, 7, 7, 3.51, 352145, 1864
1267, 2, 5, 84, 26, 0, 2.84%, 1, 7, 7, 3.55, 352163, 1864
1272, 2, 5, 84, 26, 0, 2.84%, 1, 7, 7, 3.93, 352834, 1864
1277, 2, 5, 84, 26, 0, 2.84%, 1, 7, 7, 3.58, 352852, 1864
1282, 2, 5, 84, 26, 0, 2.84%, 1, 7, 7, 3.46, 352869, 1864
1288, 2, 5, 84, 26, 0, 2.84%, 1, 7, 7, 3.72, 352889, 1864
1293, 2, 5, 84, 26, 0, 2.84%, 1, 7, 7, 3.47, 352906, 1864
1298, 2, 5, 84, 26, 0, 2.84%, 1, 7, 7, 3.77, 352926, 1864
1303, 2, 5, 84, 26, 0, 2.84%, 1, 7, 7, 3.27, 352941, 1864
1308, 2, 5, 84, 26, 0, 2.84%, 1, 7, 7, 3.03, 352956, 1864
1313, 2, 5, 84, 26, 0, 2.84%, 1, 7, 7, 3.34, 352972, 1864
1319, 2, 5, 84, 26, 0, 2.84%, 1, 7, 7, 3.39, 352990, 1864
1324, 2, 5, 84, 26, 0, 2.84%, 1, 7, 7, 3.35, 353008, 1864
1329, 2, 5, 84, 26, 0, 2.84%, 1, 7, 7, 3.35, 353026, 1864
1334, 2, 5, 84, 26, 0, 2.84%, 1, 7, 7, 384.00, 353273, 1864
1339, 2, 5, 84, 26, 0, 2.84%, 1, 7, 7, 263.78, 354456, 1864
1344, 2, 38, 84, 26, 0, 2.84%, 1, 7, 7, 310.12, 356044, 1864
1350, 2, 38, 84, 26, 0, 2.84%, 1, 7, 7, 282.20, 357189, 1864
1355, 2, 21, 84, 26, 0, 2.84%, 1, 7, 7, 308.50, 358721, 1864
1360, 2, 21, 84, 26, 0, 2.84%, 1, 7, 7, 254.77, 360030, 1864
1365, 2, 21, 84, 26, 0, 2.84%, 1, 7, 7, 229.00, 361485, 1864
1370, 2, 21, 85, 27, 0, 2.84%, 1, 7, 7, 15.32, 362015, 1864
1375, 2, 21, 85, 27, 0, 2.84%, 1, 7, 7, 17.48, 362107, 1864
1380, 2, 21, 85, 27, 0, 2.84%, 1, 7, 7, 17.31, 362194, 1864
1386, 2, 21, 85, 27, 0, 2.84%, 1, 7, 7, 17.92, 362285, 1864
1391, 2, 21, 85, 27, 0, 2.84%, 1, 7, 7, 17.20, 362371, 1864
1396, 2, 21, 86, 28, 0, 2.84%, 1, 7, 7, 185.25, 362782, 1864
1401, 2, 78, 86, 28, 0, 2.84%, 1, 7, 7, 160.35, 363511, 1864
1406, 2, 78, 86, 28, 0, 2.84%, 1, 7, 7, 172.35, 364369, 1864
1411, 2, 78, 86, 28, 0, 2.84%, 1, 7, 7, 176.03, 365287, 1864
1416, 2, 5, 86, 27, 0, 2.84%, 1, 7, 7, 189.75, 366299, 1864
1421, 2, 5, 86, 27, 0, 2.84%, 1, 7, 7, 141.10, 367163, 1864
1427, 2, 5, 86, 27, 0, 2.84%, 1, 7, 7, 9.80, 367296, 1864
1432, 2, 5, 86, 27, 0, 2.84%, 1, 7, 7, 9.32, 367345, 1864
1437, 2, 5, 86, 27, 0, 2.84%, 1, 7, 7, 9.43, 367393, 1864
1442, 2, 5, 86, 27, 0, 2.84%, 1, 7, 7, 10.07, 367447, 1864
1447, 2, 5, 86, 27, 0, 2.84%, 1, 7, 7, 250.07, 368225, 1864
1452, 2, 5, 86, 27, 0, 2.84%, 1, 7, 7, 18.83, 369251, 1864
1457, 2, 5, 86, 27, 0, 2.84%, 1, 7, 7, 16.46, 369332, 1864
1462, 2, 5, 86, 27, 0, 2.84%, 1, 7, 7, 16.18, 369415, 1864
1468, 2, 5, 86, 27, 0, 2.84%, 1, 7, 7, 16.66, 369710, 1864
1473, 2, 5, 87, 28, 0, 2.84%, 1, 7, 7, 16.67, 369794, 1864
1478, 2, 5, 87, 28, 0, 2.84%, 1, 7, 7, 16.86, 369881, 1864
1484, 2, 5, 88, 29, 0, 2.84%, 1, 7, 7, 15.66, 369972, 1864
1489, 2, 5, 88, 29, 0, 2.84%, 1, 7, 7, 17.05, 370061, 1864
1494, 2, 5, 88, 29, 0, 2.84%, 1, 7, 7, 16.33, 370144, 1864
1500, 2, 5, 88, 29, 0, 2.84%, 1, 7, 7, 16.69, 370231, 1864
1505, 2, 5, 88, 29, 0, 2.84%, 1, 7, 7, 16.33, 370312, 1864
1510, 2, 5, 88, 29, 0, 2.84%, 1, 7, 7, 17.06, 370400, 1864
1515, 2, 5, 88, 29, 0, 2.84%, 1, 7, 7, 17.52, 370483, 1864
1520, 2, 5, 88, 29, 0, 2.84%, 1, 7, 7, 251.62, 370685, 1864
1525, 2, 28, 88, 29, 0, 2.84%, 1, 7, 7, 287.31, 372205, 1864
1530, 2, 28, 88, 29, 0, 2.84%, 1, 7, 7, 308.18, 373799, 1864
1535, 2, 28, 88, 29, 0, 2.84%, 1, 7, 7, 325.32, 375461, 1864
1541, 2, 28, 88, 29, 0, 2.84%, 1, 7, 7, 26.84, 375979, 1864
1546, 2, 28, 88, 29, 0, 2.84%, 1, 7, 7, 17.00, 376050, 1864
1551, 2, 28, 89, 30, 0, 2.84%, 1, 7, 7, 14.14, 376110, 1864
1556, 2, 28, 89, 30, 0, 2.84%, 1, 7, 7, 14.37, 376183, 1864
1561, 2, 28, 89, 30, 0, 2.84%, 1, 7, 7, 13.70, 376250, 1864
1566, 2, 28, 89, 30, 0, 2.84%, 1, 7, 7, 13.60, 376320, 1864
1572, 2, 28, 89, 30, 0, 2.84%, 1, 7, 7, 15.19, 376403, 1864
1577, 2, 28, 89, 30, 0, 2.84%, 1, 7, 7, 15.09, 376478, 1864
1582, 2, 28, 89, 30, 0, 2.84%, 1, 7, 7, 11.49, 376833, 1864
1587, 2, 28, 89, 30, 0, 2.84%, 1, 7, 7, 13.50, 376903, 1864
1592, 2, 28, 89, 30, 0, 2.84%, 1, 7, 7, 14.12, 376977, 1864
1597, 2, 28, 89, 30, 0, 2.84%, 1, 7, 7, 14.47, 377050, 1864
1602, 2, 28, 89, 30, 0, 2.84%, 1, 7, 7, 337.74, 377395, 1864
1608, 2, 28, 89, 30, 0, 2.84%, 1, 7, 7, 2.91, 378002, 1864
1613, 2, 28, 89, 30, 0, 2.84%, 1, 7, 7, 3.76, 378023, 1864
1618, 2, 28, 89, 30, 0, 2.84%, 1, 7, 7, 3.62, 378039, 1864
1623, 2, 28, 89, 30, 0, 2.84%, 1, 7, 7, 3.47, 378057, 1864
1628, 2, 28, 89, 30, 0, 2.84%, 1, 7, 7, 3.52, 378075, 1864
1636, 2, 28, 90, 31, 0, 2.84%, 1, 7, 7, 3.63, 378099, 1864
1641, 2, 28, 90, 31, 0, 2.84%, 1, 7, 7, 4.14, 378119, 1864
1646, 2, 28, 90, 31, 0, 2.84%, 1, 7, 7, 3.78, 378137, 1864
1651, 2, 28, 90, 31, 0, 2.84%, 1, 7, 7, 3.26, 378151, 1864
1656, 2, 28, 90, 31, 0, 2.84%, 1, 7, 7, 3.18, 378167, 1864
1661, 2, 28, 90, 31, 0, 2.84%, 1, 7, 7, 3.17, 378184, 1864
1666, 2, 28, 90, 31, 0, 2.84%, 1, 7, 7, 3.15, 378199, 1864
1672, 2, 28, 90, 31, 0, 2.84%, 1, 7, 7, 3.52, 378219, 1864
1677, 2, 28, 90, 31, 0, 2.84%, 1, 7, 7, 3.05, 378232, 1864
1682, 2, 28, 90, 31, 0, 2.84%, 1, 7, 7, 3.44, 378251, 1864
1687, 2, 28, 90, 31, 0, 2.84%, 1, 7, 7, 3.67, 378271, 1864
1692, 2, 28, 90, 31, 0, 2.84%, 1, 7, 7, 3.57, 378289, 1864
1697, 2, 28, 90, 31, 0, 2.84%, 1, 7, 7, 3.74, 378310, 1864
1702, 2, 28, 90, 31, 0, 2.84%, 1, 7, 7, 3.75, 378329, 1864
1708, 2, 28, 90, 31, 0, 2.84%, 1, 7, 7, 3.67, 378347, 1864
1713, 2, 28, 90, 31, 0, 2.84%, 1, 7, 7, 3.49, 378364, 1864
1718, 2, 28, 90, 31, 0, 2.84%, 1, 7, 7, 3.50, 378381, 1864
1723, 2, 28, 90, 31, 0, 2.84%, 1, 7, 7, 3.48, 378399, 1864
1729, 2, 28, 90, 31, 0, 2.84%, 1, 7, 7, 3.62, 378418, 1864
1734, 2, 28, 90, 31, 0, 2.84%, 1, 7, 7, 3.69, 378438, 1864
1739, 2, 28, 90, 31, 0, 2.84%, 1, 7, 7, 3.66, 378456, 1864
1744, 2, 28, 90, 31, 0, 2.84%, 1, 7, 7, 3.38, 378473, 1864
1750, 2, 28, 90, 31, 0, 2.84%, 1, 7, 7, 3.69, 378493, 1864
1755, 2, 28, 90, 31, 0, 2.84%, 1, 7, 7, 3.43, 378511, 1864
1760, 2, 28, 90, 31, 0, 2.84%, 1, 7, 7, 3.16, 378527, 1864
1766, 2, 28, 90, 31, 0, 2.84%, 1, 7, 7, 3.38, 378546, 1864
1771, 2, 28, 90, 31, 0, 2.84%, 1, 7, 7, 3.27, 378563, 1864
1776, 2, 28, 90, 31, 0, 2.84%, 1, 7, 7, 3.44, 378581, 1864
1781, 2, 54, 90, 31, 0, 2.84%, 1, 7, 7, 203.73, 379311, 1864
1787, 2, 54, 90, 31, 0, 2.84%, 1, 7, 7, 249.80, 380641, 1864
1792, 2, 54, 90, 31, 0, 2.84%, 1, 7, 7, 276.76, 382148, 1864
1797, 2, 54, 90, 31, 0, 2.84%, 1, 7, 7, 15.24, 383035, 1864
1802, 2, 54, 91, 32, 0, 2.85%, 1, 7, 7, 16.06, 383121, 1869
1807, 2, 54, 91, 32, 0, 2.85%, 1, 7, 7, 16.86, 383212, 1869
1812, 2, 54, 91, 32, 0, 2.85%, 1, 7, 7, 16.21, 383297, 1869
1818, 2, 54, 91, 32, 0, 2.85%, 1, 7, 7, 17.77, 383390, 1869
1823, 2, 54, 91, 32, 0, 2.85%, 1, 7, 7, 17.04, 383476, 1869
1828, 2, 54, 91, 32, 0, 2.85%, 1, 7, 7, 16.33, 383562, 1869
1833, 2, 54, 91, 32, 0, 2.85%, 1, 7, 7, 16.47, 383646, 1869
1838, 2, 54, 91, 32, 0, 2.85%, 1, 7, 7, 15.98, 383727, 1869
1843, 2, 54, 91, 32, 0, 2.85%, 1, 7, 7, 15.75, 383803, 1869
1848, 2, 54, 91, 32, 0, 2.85%, 1, 7, 7, 16.58, 383887, 1869
1854, 2, 54, 91, 32, 0, 2.85%, 1, 7, 7, 8.10, 385223, 1869
1859, 2, 54, 92, 33, 0, 2.85%, 1, 7, 7, 10.30, 385280, 1869
1864, 2, 54, 92, 33, 0, 2.85%, 1, 7, 7, 9.70, 385329, 1869
1869, 2, 54, 92, 33, 0, 2.85%, 1, 7, 7, 9.94, 385382, 1869
1875, 2, 54, 92, 33, 0, 2.85%, 1, 7, 7, 10.08, 385432, 1869
1880, 2, 54, 92, 33, 0, 2.85%, 1, 7, 7, 9.90, 385482, 1869
1885, 2, 54, 92, 33, 0, 2.85%, 1, 7, 7, 9.49, 385532, 1869
1890, 2, 54, 92, 33, 0, 2.85%, 1, 7, 7, 9.82, 385581, 1869
1895, 2, 54, 92, 33, 0, 2.85%, 1, 7, 7, 9.84, 385632, 1869
1900, 2, 54, 92, 33, 0, 2.85%, 1, 7, 7, 10.02, 385684, 1869
1905, 2, 54, 92, 33, 0, 2.85%, 1, 7, 7, 9.28, 385729, 1869
1910, 2, 54, 92, 33, 0, 2.85%, 1, 7, 7, 9.46, 385776, 1869
1916, 2, 54, 92, 33, 0, 2.85%, 1, 7, 7, 9.88, 385827, 1869
1921, 2, 54, 92, 33, 0, 2.85%, 1, 7, 7, 8.82, 385871, 1869
1926, 2, 54, 92, 33, 0, 2.85%, 1, 7, 7, 10.10, 385926, 1869
1931, 2, 54, 92, 33, 0, 2.85%, 1, 7, 7, 9.56, 385973, 1869
1936, 2, 54, 92, 33, 0, 2.85%, 1, 7, 7, 9.39, 386021, 1869
1941, 2, 54, 92, 33, 0, 2.85%, 1, 7, 7, 9.61, 386073, 1869
1946, 2, 54, 92, 33, 0, 2.85%, 1, 7, 7, 277.16, 386649, 1869
1952, 2, 54, 92, 33, 0, 2.85%, 1, 7, 7, 154.35, 387392, 1869
1957, 2, 54, 92, 33, 0, 2.85%, 1, 7, 7, 5.09, 388339, 1869
1962, 2, 54, 92, 33, 0, 2.85%, 1, 7, 7, 12.65, 388417, 1869
1967, 2, 54, 92, 33, 0, 2.85%, 1, 7, 7, 14.63, 388496, 1869
1972, 2, 54, 92, 33, 0, 2.85%, 1, 7, 7, 15.20, 388578, 1869
1977, 2, 54, 92, 33, 0, 2.85%, 1, 7, 7, 14.90, 388655, 1869
1982, 2, 54, 92, 33, 0, 2.85%, 1, 7, 7, 15.87, 388735, 1869
1987, 2, 54, 93, 34, 0, 2.86%, 1, 7, 7, 154.07, 389329, 1874
1993, 2, 82, 93, 34, 2, 2.86%, 1, 7, 7, 187.98, 390277, 1874
1998, 2, 82, 93, 34, 2, 2.86%, 1, 7, 7, 174.90, 391138, 1874
2003, 2, 82, 94, 35, 2, 2.86%, 1, 7, 7, 17.32, 391881, 1874
2008, 2, 82, 95, 36, 2, 2.86%, 1, 7, 7, 16.97, 391967, 1874
2013, 2, 82, 97, 38, 2, 2.86%, 1, 7, 7, 17.02, 392052, 1874
2018, 2, 82, 98, 39, 2, 2.86%, 1, 7, 7, 16.19, 392134, 1874
2023, 2, 82, 98, 39, 2, 2.86%, 1, 7, 7, 16.78, 392221, 1874
2028, 2, 82, 98, 39, 2, 2.86%, 1, 7, 7, 16.91, 392309, 1874
2033, 2, 82, 98, 39, 2, 2.86%, 1, 7, 7, 16.80, 392393, 1874
2038, 2, 82, 98, 39, 2, 2.86%, 1, 7, 7, 16.62, 392474, 1874
2044, 2, 82, 99, 40, 2, 2.86%, 1, 7, 7, 16.71, 392558, 1874
2049, 2, 82, 99, 40, 2, 2.86%, 1, 7, 7, 16.80, 392645, 1874
2054, 2, 82, 99, 40, 2, 2.86%, 1, 7, 7, 16.75, 392729, 1874
2059, 2, 82, 99, 40, 2, 2.86%, 1, 7, 7, 16.32, 392810, 1874
2064, 2, 82, 99, 40, 2, 2.86%, 1, 7, 7, 16.55, 392895, 1874
2069, 2, 82, 99, 40, 2, 2.86%, 1, 7, 7, 16.24, 392978, 1874
2074, 2, 82, 99, 40, 2, 2.86%, 1, 7, 7, 16.02, 393059, 1874
2079, 2, 82, 99, 40, 2, 2.86%, 1, 7, 7, 16.19, 393143, 1874
2084, 2, 82, 99, 40, 2, 2.86%, 1, 7, 7, 16.55, 393228, 1874
2089, 2, 82, 99, 40, 2, 2.86%, 1, 7, 7, 16.60, 393312, 1874
2095, 2, 82, 99, 40, 2, 2.86%, 1, 7, 7, 16.85, 393400, 1874
2100, 2, 82, 99, 40, 2, 2.86%, 1, 7, 7, 16.62, 393485, 1874
2105, 2, 82, 99, 40, 2, 2.86%, 1, 7, 7, 16.81, 393571, 1874
2110, 2, 82, 99, 40, 2, 2.86%, 1, 7, 7, 16.75, 393657, 1874
2115, 2, 82, 99, 40, 2, 2.86%, 1, 7, 7, 17.21, 393745, 1874
2120, 2, 82, 99, 40, 2, 2.86%, 1, 7, 7, 16.60, 393830, 1874
2126, 2, 82, 99, 40, 2, 2.86%, 1, 8, 7, 3.37, 393908, 1874
2131, 2, 82, 99, 40, 2, 2.86%, 1, 8, 7, 136.36, 394177, 1874
2136, 2, 86, 99, 39, 2, 2.86%, 1, 8, 7, 13.18, 394457, 1874
2141, 2, 86, 99, 39, 2, 2.86%, 1, 8, 7, 13.18, 394523, 1874
2146, 2, 86, 99, 39, 2, 2.86%, 1, 8, 7, 13.72, 394595, 1874
2151, 2, 86, 99, 39, 2, 2.86%, 1, 8, 7, 13.97, 394668, 1874
2156, 2, 86, 99, 39, 2, 2.86%, 1, 8, 7, 14.00, 394741, 1874
2162, 2, 86, 99, 39, 2, 2.86%, 1, 8, 7, 14.14, 394813, 1874
2167, 2, 86, 99, 39, 2, 2.86%, 1, 8, 7, 14.21, 394886, 1874
2172, 2, 86, 99, 39, 2, 2.86%, 1, 8, 7, 14.13, 394958, 1874
2177, 2, 86, 99, 39, 2, 2.86%, 1, 8, 7, 14.06, 395031, 1874
2182, 2, 86, 99, 39, 2, 2.86%, 1, 8, 7, 14.23, 395104, 1874
2187, 2, 86, 99, 39, 2, 2.86%, 1, 8, 7, 14.16, 395176, 1874
2192, 2, 86, 99, 39, 2, 2.86%, 1, 8, 7, 13.75, 395245, 1874
2197, 2, 86, 99, 39, 2, 2.86%, 1, 8, 7, 14.03, 395317, 1874
2203, 2, 86, 99, 39, 2, 2.86%, 1, 8, 7, 13.94, 395388, 1874
2208, 2, 86, 99, 39, 2, 2.86%, 1, 8, 7, 13.96, 395460, 1874
2213, 2, 86, 99, 39, 2, 2.86%, 1, 8, 7, 13.94, 395530, 1874
2218, 2, 86, 99, 39, 2, 2.86%, 1, 8, 7, 13.85, 395602, 1874
2223, 2, 86, 99, 39, 2, 2.86%, 1, 8, 7, 14.00, 395674, 1874
2228, 2, 86, 99, 39, 2, 2.86%, 1, 8, 7, 13.92, 395746, 1874
2233, 2, 86, 99, 39, 2, 2.86%, 1, 8, 7, 13.89, 395816, 1874
2238, 2, 86, 99, 39, 2, 2.86%, 1, 8, 7, 13.77, 395885, 1874
2243, 2, 86, 99, 39, 2, 2.86%, 1, 8, 7, 13.77, 395954, 1874
2249, 2, 86, 99, 39, 2, 2.86%, 1, 8, 7, 13.94, 396026, 1874
2254, 2, 86, 99, 39, 2, 2.86%, 1, 8, 7, 14.15, 396099, 1874
2259, 2, 86, 99, 39, 2, 2.86%, 1, 8, 7, 13.61, 396168, 1874
2264, 2, 86, 99, 39, 2, 2.86%, 1, 8, 7, 13.63, 396237, 1874
2269, 2, 86, 99, 39, 2, 2.86%, 1, 8, 7, 13.28, 396303, 1874
2274, 2, 86, 99, 39, 2, 2.86%, 1, 8, 7, 14.48, 396378, 1874
2279, 2, 90, 99, 38, 2, 2.86%, 1, 8, 7, 142.82, 396581, 1874
2284, 2, 90, 99, 38, 2, 2.86%, 1, 8, 7, 64.50, 396808, 1874
2289, 2, 90, 99, 38, 2, 2.86%, 1, 8, 7, 47.94, 397025, 1874
2294, 2, 90, 99, 38, 2, 2.86%, 1, 8, 7, 44.16, 397242, 1874
2299, 2, 90, 99, 38, 2, 2.86%, 1, 8, 7, 43.39, 397460, 1874
2304, 2, 90, 99, 38, 2, 2.86%, 1, 8, 7, 42.80, 397674, 1874
2310, 2, 90, 99, 38, 2, 2.86%, 1, 8, 7, 44.24, 397900, 1874
2315, 2, 90, 100, 39, 2, 2.86%, 1, 8, 7, 40.99, 398109, 1874
2320, 2, 90, 102, 41, 2, 2.86%, 1, 8, 7, 41.53, 398318, 1874
2325, 2, 90, 103, 42, 2, 2.86%, 1, 8, 7, 41.53, 398527, 1874
2330, 2, 90, 104, 43, 2, 2.86%, 1, 8, 7, 41.31, 398732, 1874
2335, 2, 90, 104, 43, 2, 2.86%, 1, 8, 7, 40.51, 398938, 1874
2340, 2, 90, 104, 43, 2, 2.86%, 1, 8, 7, 43.91, 399164, 1874
2345, 2, 90, 104, 43, 2, 2.86%, 1, 8, 7, 41.72, 399376, 1874
2350, 2, 90, 104, 43, 2, 2.86%, 1, 8, 7, 43.78, 399595, 1874
2356, 2, 90, 104, 43, 2, 2.86%, 1, 8, 7, 43.74, 399815, 1874
2361, 2, 90, 104, 43, 2, 2.86%, 1, 8, 7, 42.28, 400029, 1874
2366, 2, 90, 105, 44, 2, 2.86%, 1, 8, 7, 44.08, 400260, 1874
2371, 2, 90, 105, 44, 2, 2.86%, 1, 8, 7, 43.49, 400483, 1874
2376, 2, 90, 105, 44, 2, 2.86%, 1, 8, 7, 45.65, 400717, 1874
2381, 2, 90, 105, 44, 2, 2.86%, 1, 8, 7, 47.04, 400961, 1874
2386, 2, 90, 105, 44, 2, 2.86%, 1, 8, 7, 43.88, 401185, 1874
2392, 2, 90, 105, 44, 2, 2.86%, 1, 8, 7, 42.16, 401404, 1874
2397, 2, 90, 105, 44, 2, 2.86%, 1, 8, 7, 41.36, 401619, 1874
2402, 2, 90, 105, 44, 2, 2.86%, 1, 8, 7, 44.63, 401841, 1874
2407, 2, 90, 105, 44, 2, 2.86%, 1, 8, 7, 43.15, 402058, 1874
2412, 2, 90, 105, 44, 2, 2.86%, 1, 8, 7, 44.70, 402295, 1874
2417, 2, 90, 105, 44, 2, 2.86%, 1, 8, 7, 43.72, 402519, 1874
2422, 2, 90, 105, 44, 2, 2.86%, 1, 8, 7, 44.38, 402748, 1874
2427, 2, 90, 105, 44, 2, 2.86%, 1, 8, 7, 43.32, 402975, 1874
2432, 2, 90, 105, 44, 2, 2.86%, 1, 8, 7, 41.92, 403192, 1874
2438, 2, 90, 105, 44, 2, 2.86%, 1, 8, 7, 44.14, 403423, 1874
2443, 2, 90, 105, 44, 2, 2.86%, 1, 8, 7, 38.55, 403623, 1874
2448, 2, 90, 105, 44, 2, 2.86%, 1, 8, 7, 42.45, 403849, 1874
2453, 2, 90, 105, 44, 2, 2.86%, 1, 8, 7, 43.92, 404076, 1874
2458, 2, 90, 105, 44, 2, 2.86%, 1, 8, 7, 44.83, 404299, 1874
2463, 2, 90, 106, 45, 2, 2.86%, 1, 8, 7, 43.55, 404520, 1874
2468, 2, 90, 106, 45, 2, 2.86%, 1, 8, 7, 43.84, 404706, 1874
2473, 2, 90, 106, 45, 2, 2.86%, 1, 8, 7, 43.43, 404931, 1874
2478, 2, 90, 106, 45, 2, 2.86%, 1, 8, 7, 43.38, 405154, 1874
2483, 2, 90, 106, 45, 2, 2.86%, 1, 8, 7, 44.12, 405379, 1874
2489, 2, 90, 106, 45, 2, 2.86%, 1, 8, 7, 43.39, 405598, 1874
2494, 2, 90, 106, 45, 2, 2.86%, 1, 8, 7, 42.62, 405815, 1874
2499, 2, 90, 106, 45, 2, 2.86%, 1, 8, 7, 42.90, 406032, 1874
2504, 2, 90, 106, 45, 2, 2.86%, 1, 8, 7, 42.28, 406252, 1874
2509, 2, 90, 106, 45, 2, 2.86%, 1, 8, 7, 43.36, 406482, 1874
2514, 2, 90, 106, 45, 2, 2.86%, 1, 8, 7, 44.27, 406707, 1874
2519, 2, 90, 106, 45, 2, 2.86%, 1, 8, 7, 43.50, 406922, 1874
2524, 2, 90, 106, 45, 2, 2.86%, 1, 8, 7, 43.71, 407145, 1874
2529, 2, 90, 106, 45, 2, 2.86%, 1, 8, 7, 44.99, 407379, 1874
2534, 2, 90, 106, 45, 2, 2.86%, 1, 8, 7, 43.15, 407578, 1874
2540, 2, 90, 106, 45, 2, 2.86%, 1, 8, 7, 43.28, 407795, 1874
2545, 2, 90, 106, 45, 2, 2.86%, 1, 8, 7, 43.29, 408000, 1874
2550, 2, 90, 106, 45, 2, 2.86%, 1, 8, 7, 42.43, 408215, 1874
2555, 2, 90, 106, 45, 2, 2.86%, 1, 8, 7, 43.83, 408421, 1874
2560, 2, 90, 106, 45, 2, 2.86%, 1, 8, 7, 51.81, 408636, 1874
2565, 2, 90, 106, 45, 2, 2.86%, 1, 8, 7, 47.80, 408879, 1874
2570, 2, 90, 106, 45, 2, 2.86%, 1, 8, 7, 43.98, 409093, 1874
2575, 2, 90, 106, 45, 2, 2.86%, 1, 8, 7, 42.39, 409301, 1874
2581, 2, 90, 106, 45, 2, 2.86%, 1, 8, 7, 42.11, 409513, 1874
2586, 2, 90, 106, 45, 2, 2.86%, 1, 8, 7, 44.40, 409725, 1874
2591, 2, 90, 106, 45, 2, 2.86%, 1, 8, 7, 44.15, 409951, 1874
2596, 2, 90, 106, 45, 2, 2.86%, 1, 8, 7, 41.42, 410153, 1874
2601, 2, 90, 106, 45, 2, 2.86%, 1, 8, 7, 41.94, 410361, 1874
2606, 2, 90, 106, 45, 2, 2.86%, 1, 8, 7, 44.81, 410590, 1874
2611, 2, 90, 106, 45, 2, 2.86%, 1, 8, 7, 44.41, 410815, 1874
2616, 2, 90, 106, 45, 2, 2.86%, 1, 8, 7, 42.41, 411034, 1874
2621, 2, 90, 106, 45, 2, 2.86%, 1, 8, 7, 42.34, 411238, 1874
2626, 2, 90, 106, 45, 2, 2.86%, 1, 8, 7, 43.23, 411460, 1874
2631, 2, 90, 107, 46, 2, 2.87%, 1, 8, 7, 43.20, 411680, 1881
2637, 2, 90, 107, 46, 2, 2.87%, 1, 8, 7, 43.83, 411904, 1881
2642, 2, 90, 107, 46, 2, 2.87%, 1, 8, 7, 44.43, 412128, 1881
2647, 2, 90, 107, 46, 2, 2.87%, 1, 8, 7, 44.07, 412348, 1881
2652, 2, 90, 107, 46, 2, 2.87%, 1, 8, 7, 43.06, 412572, 1881
2657, 2, 90, 107, 46, 2, 2.87%, 1, 8, 7, 44.71, 412801, 1881
2662, 2, 90, 107, 46, 2, 2.87%, 1, 8, 7, 41.23, 413005, 1881
2667, 2, 90, 107, 46, 2, 2.87%, 1, 8, 7, 42.68, 413230, 1881
2672, 2, 90, 107, 46, 2, 2.87%, 1, 8, 7, 42.69, 413449, 1881
2678, 2, 90, 107, 46, 2, 2.87%, 1, 8, 7, 43.61, 413676, 1881
2683, 2, 90, 107, 46, 2, 2.87%, 1, 8, 7, 44.13, 413901, 1881
2688, 2, 90, 107, 46, 2, 2.87%, 1, 8, 7, 42.59, 414120, 1881
2693, 2, 90, 107, 46, 2, 2.87%, 1, 8, 7, 44.20, 414345, 1881
2698, 2, 90, 107, 46, 2, 2.87%, 1, 8, 7, 44.92, 414574, 1881
2703, 2, 90, 107, 46, 2, 2.87%, 1, 8, 7, 42.00, 414789, 1881
2708, 2, 90, 107, 46, 2, 2.87%, 1, 8, 7, 44.29, 415012, 1881
2714, 2, 90, 107, 46, 2, 2.87%, 1, 8, 7, 41.62, 415220, 1881
2719, 2, 90, 107, 46, 2, 2.87%, 1, 8, 7, 42.99, 415447, 1881
2724, 2, 90, 107, 46, 2, 2.87%, 1, 8, 7, 42.65, 415653, 1881
2729, 2, 90, 107, 46, 2, 2.87%, 1, 8, 7, 41.76, 415870, 1881
2734, 2, 90, 107, 46, 2, 2.87%, 1, 8, 7, 39.70, 416069, 1881
2739, 2, 90, 107, 46, 2, 2.87%, 1, 8, 7, 42.56, 416289, 1881
2745, 2, 90, 107, 46, 2, 2.87%, 1, 8, 7, 42.01, 416508, 1881
2750, 2, 90, 107, 46, 2, 2.87%, 1, 8, 7, 43.10, 416719, 1881
2755, 2, 90, 107, 46, 2, 2.87%, 1, 8, 7, 43.30, 416943, 1881
2760, 2, 90, 107, 46, 2, 2.87%, 1, 8, 7, 42.29, 417158, 1881
2765, 2, 90, 107, 46, 2, 2.87%, 1, 8, 7, 43.43, 417376, 1881
2770, 2, 90, 107, 46, 2, 2.87%, 1, 8, 7, 42.86, 417600, 1881
2775, 2, 90, 107, 46, 2, 2.87%, 1, 8, 7, 43.36, 417823, 1881
2781, 2, 90, 107, 46, 2, 2.87%, 1, 8, 7, 46.60, 418063, 1881
2786, 2, 90, 107, 46, 2, 2.87%, 1, 8, 7, 48.60, 418305, 1881
2791, 2, 90, 107, 46, 2, 2.87%, 1, 8, 7, 51.31, 418569, 1881
2796, 2, 90, 107, 46, 2, 2.87%, 1, 8, 7, 49.72, 418819, 1881
2801, 2, 90, 107, 46, 2, 2.87%, 1, 8, 7, 50.87, 419081, 1881
2806, 2, 90, 107, 46, 2, 2.87%, 1, 8, 7, 52.61, 419352, 1881
2811, 2, 90, 107, 46, 2, 2.87%, 1, 8, 7, 51.98, 419615, 1881
2816, 2, 90, 107, 46, 2, 2.87%, 1, 8, 7, 51.40, 419875, 1881
2821, 2, 90, 107, 46, 2, 2.87%, 1, 8, 7, 48.86, 420118, 1881
2826, 2, 90, 107, 46, 2, 2.87%, 1, 8, 7, 50.88, 420379, 1881
2831, 2, 90, 107, 46, 2, 2.87%, 1, 8, 7, 51.56, 420642, 1881
2836, 2, 90, 107, 46, 2, 2.87%, 1, 8, 7, 51.06, 420899, 1881
2842, 2, 90, 107, 46, 2, 2.87%, 1, 8, 7, 52.45, 421167, 1881
2847, 2, 90, 107, 46, 2, 2.87%, 1, 8, 7, 54.80, 421432, 1881
2852, 2, 90, 107, 46, 2, 2.87%, 1, 8, 7, 52.53, 421691, 1881
2857, 2, 90, 107, 46, 2, 2.87%, 1, 8, 7, 51.87, 421960, 1881
2862, 2, 90, 107, 46, 2, 2.87%, 1, 8, 7, 50.36, 422213, 1881
2867, 2, 90, 107, 46, 2, 2.87%, 1, 8, 7, 51.67, 422471, 1881
2872, 2, 106, 107, 45, 2, 2.87%, 1, 8, 7, 266.57, 422973, 1881
2877, 2, 106, 107, 45, 2, 2.87%, 1, 8, 7, 48.81, 423223, 1881
2882, 2, 106, 107, 45, 2, 2.87%, 1, 8, 7, 48.59, 423472, 1881
2887, 2, 106, 107, 45, 2, 2.87%, 1, 8, 7, 49.04, 423728, 1881
2893, 2, 106, 107, 45, 2, 2.87%, 1, 8, 7, 47.10, 423967, 1881
2898, 2, 106, 107, 45, 2, 2.87%, 1, 8, 7, 48.99, 424223, 1881
2903, 2, 106, 108, 46, 2, 2.87%, 1, 8, 7, 48.51, 424447, 1881
2908, 2, 106, 108, 46, 2, 2.87%, 1, 8, 7, 49.48, 424698, 1881
2913, 2, 106, 109, 47, 2, 2.87%, 1, 8, 7, 47.04, 424945, 1881
2918, 2, 106, 109, 47, 2, 2.87%, 1, 8, 7, 50.78, 425207, 1881
2923, 2, 106, 109, 47, 2, 2.87%, 1, 8, 7, 50.19, 425460, 1881
2928, 2, 106, 110, 48, 2, 2.87%, 1, 8, 7, 47.74, 425673, 1881
2934, 2, 106, 110, 48, 2, 2.87%, 1, 8, 7, 53.76, 425943, 1881
2939, 2, 106, 110, 48, 2, 2.87%, 1, 8, 7, 51.76, 426201, 1881
2944, 2, 106, 110, 48, 2, 2.87%, 1, 8, 7, 51.10, 426455, 1881
2949, 2, 106, 110, 48, 2, 2.87%, 1, 8, 7, 52.52, 426720, 1881
2954, 2, 106, 110, 48, 2, 2.87%, 1, 8, 7, 50.17, 426967, 1881
2959, 2, 106, 110, 48, 2, 2.87%, 1, 8, 7, 50.96, 427227, 1881
2964, 2, 106, 110, 48, 2, 2.87%, 1, 8, 7, 50.95, 427480, 1881
2969, 2, 106, 110, 48, 2, 2.87%, 1, 8, 7, 49.93, 427737, 1881
2974, 2, 106, 110, 48, 2, 2.87%, 1, 8, 7, 50.00, 427994, 1881
2979, 2, 106, 110, 48, 2, 2.87%, 1, 8, 7, 51.62, 428255, 1881
2984, 2, 106, 110, 48, 2, 2.87%, 1, 8, 7, 49.21, 428504, 1881
2989, 2, 106, 110, 48, 2, 2.87%, 1, 8, 7, 48.83, 428751, 1881
2994, 2, 106, 110, 48, 2, 2.87%, 1, 8, 7, 44.76, 428958, 1881
3000, 2, 106, 110, 48, 2, 2.87%, 1, 8, 7, 49.28, 429218, 1881
3005, 2, 106, 110, 48, 2, 2.87%, 1, 8, 7, 50.19, 429471, 1881
3010, 2, 106, 110, 48, 2, 2.87%, 1, 8, 7, 50.96, 429730, 1881
3015, 2, 106, 110, 48, 2, 2.87%, 1, 8, 7, 50.52, 429992, 1881
3020, 2, 106, 110, 48, 2, 2.87%, 1, 8, 7, 51.09, 430253, 1881
3025, 2, 106, 110, 48, 2, 2.87%, 1, 8, 7, 49.37, 430505, 1881
3030, 2, 106, 110, 48, 2, 2.87%, 1, 8, 7, 50.70, 430770, 1881
3035, 2, 106, 110, 48, 2, 2.87%, 1, 8, 7, 50.43, 431026, 1881
3040, 2, 106, 110, 48, 2, 2.87%, 1, 8, 7, 51.76, 431277, 1881
3045, 2, 106, 110, 48, 2, 2.87%, 1, 8, 7, 50.29, 431537, 1881
3050, 2, 106, 110, 48, 2, 2.87%, 1, 8, 7, 49.86, 431789, 1881
3055, 2, 106, 111, 49, 2, 2.87%, 1, 8, 7, 50.08, 432041, 1881
3061, 2, 106, 111, 49, 2, 2.87%, 1, 8, 7, 51.06, 432293, 1881
3066, 2, 106, 111, 49, 2, 2.87%, 1, 8, 7, 53.00, 432562, 1881
3071, 2, 106, 111, 49, 2, 2.87%, 1, 8, 7, 53.10, 432830, 1881
3076, 2, 106, 111, 49, 2, 2.87%, 1, 8, 7, 52.25, 433084, 1881
3081, 2, 106, 111, 49, 2, 2.87%, 1, 8, 7, 50.00, 433335, 1881
3086, 2, 106, 111, 49, 2, 2.87%, 1, 8, 7, 52.05, 433594, 1881
3091, 2, 106, 111, 49, 2, 2.87%, 1, 8, 7, 51.94, 433850, 1881
3096, 2, 106, 111, 49, 2, 2.87%, 1, 8, 7, 51.30, 434110, 1881
3101, 2, 106, 111, 49, 2, 2.87%, 1, 8, 7, 52.82, 434372, 1881
3106, 2, 106, 111, 49, 2, 2.87%, 1, 8, 7, 49.81, 434627, 1881
3111, 2, 106, 111, 49, 2, 2.87%, 1, 8, 7, 53.98, 434880, 1881
3117, 2, 106, 111, 49, 2, 2.87%, 1, 8, 7, 52.14, 435146, 1881
3122, 2, 106, 111, 49, 2, 2.87%, 1, 8, 7, 49.43, 435390, 1881
3127, 2, 106, 111, 49, 2, 2.87%, 1, 8, 7, 45.94, 435624, 1881
3132, 2, 106, 111, 49, 2, 2.87%, 1, 8, 7, 48.99, 435876, 1881
3137, 2, 106, 111, 49, 2, 2.87%, 1, 8, 7, 49.01, 436125, 1881
3142, 2, 106, 111, 49, 2, 2.87%, 1, 8, 7, 49.98, 436379, 1881
3147, 2, 106, 111, 49, 2, 2.87%, 1, 8, 7, 51.87, 436650, 1881
3152, 2, 106, 111, 49, 2, 2.87%, 1, 8, 7, 51.48, 436912, 1881
3157, 2, 106, 111, 49, 2, 2.87%, 1, 8, 7, 44.17, 437139, 1881
3162, 2, 106, 111, 49, 2, 2.87%, 1, 8, 7, 50.08, 437399, 1881
3167, 2, 106, 111, 49, 2, 2.87%, 1, 8, 7, 50.86, 437659, 1881
3173, 2, 106, 111, 49, 2, 2.87%, 1, 8, 7, 50.49, 437916, 1881
3178, 2, 106, 111, 49, 2, 2.87%, 1, 8, 7, 49.65, 438163, 1881
3183, 2, 106, 111, 49, 2, 2.87%, 1, 8, 7, 49.28, 438413, 1881
3188, 2, 106, 111, 49, 2, 2.87%, 1, 8, 7, 49.60, 438660, 1881
3193, 2, 106, 111, 49, 2, 2.87%, 1, 8, 7, 50.26, 438919, 1881
3198, 2, 106, 111, 49, 2, 2.87%, 1, 8, 7, 49.36, 439168, 1881
3203, 2, 106, 111, 49, 2, 2.87%, 1, 8, 7, 5.93, 439413, 1881
3208, 2, 106, 111, 49, 2, 2.87%, 1, 8, 7, 49.57, 439665, 1881
3213, 2, 106, 111, 49, 2, 2.87%, 1, 8, 7, 51.19, 439923, 1881
3218, 2, 106, 111, 49, 2, 2.87%, 1, 8, 7, 49.81, 440170, 1881
3224, 2, 106, 111, 49, 2, 2.87%, 1, 8, 7, 51.42, 440441, 1881
3229, 2, 106, 111, 49, 2, 2.87%, 1, 8, 7, 50.16, 440689, 1881
3234, 2, 106, 111, 49, 2, 2.87%, 1, 8, 7, 6.54, 441040, 1881
3239, 2, 106, 111, 49, 2, 2.87%, 1, 8, 7, 6.94, 441077, 1881
3244, 2, 106, 111, 49, 2, 2.87%, 1, 8, 7, 6.76, 441111, 1881
3249, 2, 106, 111, 49, 2, 2.87%, 1, 8, 7, 7.55, 441150, 1881
3254, 2, 106, 111, 49, 2, 2.87%, 1, 8, 7, 54.98, 441534, 1881
3259, 2, 106, 111, 49, 2, 2.87%, 1, 8, 7, 8.47, 441818, 1881
3264, 2, 106, 111, 49, 2, 2.87%, 1, 8, 7, 8.64, 441862, 1881
3269, 2, 106, 111, 49, 2, 2.87%, 1, 8, 7, 8.47, 441906, 1881
3275, 2, 106, 111, 49, 2, 2.87%, 1, 8, 7, 334.77, 442580, 1881
3280, 2, 86, 111, 48, 2, 2.87%, 1, 8, 7, 5.52, 442759, 1881
3285, 2, 86, 111, 48, 2, 2.87%, 1, 8, 7, 4.68, 442777, 1881
3290, 2, 86, 111, 48, 2, 2.87%, 1, 8, 7, 2.74, 442904, 1881
3295, 2, 1, 111, 48, 2, 2.87%, 1, 8, 7, 353.47, 444305, 1881
3300, 2, 1, 111, 48, 2, 2.87%, 1, 8, 7, 13.53, 445986, 1881
3305, 2, 1, 111, 48, 2, 2.87%, 1, 8, 7, 9.65, 446029, 1881
3311, 2, 1, 111, 48, 2, 2.87%, 1, 8, 7, 8.30, 446065, 1881
3316, 2, 1, 111, 48, 2, 2.87%, 1, 8, 7, 7.95, 446105, 1881
3321, 2, 1, 111, 48, 2, 2.87%, 1, 8, 7, 8.20, 446145, 1881
3326, 2, 1, 111, 48, 2, 2.87%, 1, 8, 7, 8.59, 446189, 1881
3331, 2, 1, 111, 48, 2, 2.87%, 1, 8, 7, 8.33, 446230, 1881
3337, 2, 1, 111, 48, 2, 2.87%, 1, 8, 7, 8.58, 446272, 1881
3342, 2, 1, 111, 48, 2, 2.87%, 1, 8, 7, 8.85, 446317, 1881
3347, 2, 1, 111, 48, 2, 2.87%, 1, 8, 7, 8.69, 446362, 1881
3352, 2, 1, 111, 48, 2, 2.87%, 1, 8, 7, 13.54, 446439, 1881
3357, 2, 1, 111, 48, 2, 2.87%, 1, 8, 7, 13.58, 446508, 1881
3362, 2, 1, 111, 48, 2, 2.87%, 1, 8, 7, 13.65, 446578, 1881
3367, 2, 1, 111, 48, 2, 2.87%, 1, 8, 7, 14.29, 446650, 1881
3373, 2, 1, 111, 48, 2, 2.87%, 1, 8, 7, 15.11, 446729, 1881
3378, 2, 1, 112, 49, 2, 2.87%, 1, 8, 7, 16.01, 446814, 1881
3383, 2, 1, 112, 49, 2, 2.87%, 1, 8, 7, 16.18, 446898, 1881
3388, 2, 1, 112, 49, 2, 2.87%, 1, 8, 7, 16.02, 446980, 1881
3393, 2, 1, 112, 49, 2, 2.87%, 1, 8, 7, 16.00, 447062, 1881
3398, 2, 1, 112, 49, 2, 2.87%, 1, 8, 7, 15.78, 447143, 1881
3404, 2, 1, 112, 49, 2, 2.87%, 1, 8, 7, 15.34, 447222, 1881
3409, 2, 1, 112, 49, 2, 2.87%, 1, 8, 7, 15.66, 447302, 1881
3414, 2, 1, 112, 49, 2, 2.87%, 1, 8, 7, 15.99, 447386, 1881
3419, 2, 1, 112, 49, 2, 2.87%, 1, 8, 7, 16.36, 447471, 1881
3424, 2, 1, 112, 49, 2, 2.87%, 1, 8, 7, 453.22, 448267, 1881
3429, 2, 1, 112, 49, 2, 2.87%, 1, 8, 7, 26.61, 448374, 1881
3435, 2, 1, 112, 49, 2, 2.87%, 1, 8, 7, 19.30, 448462, 1881
3440, 2, 1, 112, 49, 2, 2.87%, 1, 8, 7, 17.63, 448550, 1881
3445, 2, 1, 112, 49, 2, 2.87%, 1, 8, 7, 17.36, 448638, 1881
3451, 2, 1, 113, 50, 2, 2.87%, 1, 8, 7, 5.06, 449111, 1881
3457, 2, 1, 113, 50, 2, 2.87%, 1, 8, 7, 39.17, 449312, 1881
3462, 2, 1, 113, 50, 2, 2.87%, 1, 8, 7, 39.40, 449508, 1881
3467, 2, 1, 113, 50, 2, 2.87%, 1, 8, 7, 42.50, 449728, 1881
3472, 2, 1, 113, 50, 2, 2.87%, 1, 8, 7, 13.23, 450232, 1881
3477, 2, 1, 113, 50, 2, 2.87%, 1, 8, 7, 14.54, 450307, 1881
3482, 2, 1, 113, 50, 2, 2.87%, 1, 8, 7, 15.05, 450387, 1881
3487, 2, 1, 113, 50, 2, 2.87%, 1, 8, 7, 15.70, 450467, 1881
3492, 2, 1, 113, 50, 2, 2.87%, 1, 8, 7, 15.21, 450543, 1881
3497, 2, 1, 113, 50, 2, 2.87%, 1, 8, 7, 13.55, 450612, 1881
3502, 2, 1, 113, 50, 2, 2.87%, 1, 8, 7, 9.91, 450656, 1881
3507, 2, 1, 113, 50, 2, 2.87%, 1, 8, 7, 9.95, 450707, 1881
3513, 2, 1, 113, 50, 2, 2.87%, 1, 8, 7, 9.80, 450758, 1881
3518, 2, 1, 113, 50, 2, 2.87%, 1, 8, 7, 10.87, 450815, 1881
3523, 2, 1, 113, 50, 2, 2.87%, 1, 8, 7, 11.22, 450873, 1881
3528, 2, 1, 113, 50, 2, 2.87%, 1, 8, 7, 10.31, 450924, 1881
3533, 2, 1, 113, 50, 2, 2.87%, 1, 8, 7, 10.13, 450976, 1881
3538, 2, 1, 113, 50, 2, 2.87%, 1, 8, 7, 31.61, 451157, 1881
3543, 2, 1, 113, 50, 2, 2.87%, 1, 8, 7, 40.29, 451377, 1881
3548, 2, 1, 113, 50, 2, 2.87%, 1, 8, 7, 23.92, 451472, 1881
3553, 2, 1, 113, 50, 2, 2.87%, 1, 8, 7, 19.92, 451566, 1881
3559, 2, 1, 113, 50, 2, 2.87%, 1, 8, 7, 18.95, 451663, 1881
3564, 2, 1, 113, 50, 2, 2.87%, 1, 8, 7, 18.59, 451756, 1881
3569, 2, 1, 113, 50, 2, 2.87%, 1, 8, 7, 16.41, 451835, 1881
3574, 2, 1, 113, 50, 2, 2.87%, 1, 8, 7, 17.70, 451924, 1881
3579, 2, 1, 113, 50, 2, 2.87%, 1, 8, 7, 16.80, 452008, 1881
3584, 2, 1, 113, 50, 2, 2.87%, 1, 8, 7, 16.23, 452090, 1881
3589, 2, 108, 113, 50, 2, 2.87%, 1, 8, 7, 37.29, 452549, 1881
3594, 2, 108, 113, 50, 2, 2.87%, 1, 8, 7, 39.88, 452758, 1881
3599, 2, 108, 113, 50, 2, 2.87%, 1, 8, 7, 41.88, 452974, 1881
3604, 2, 108, 113, 50, 2, 2.87%, 1, 8, 7, 41.91, 453186, 1881
3610, 2, 108, 113, 50, 2, 2.87%, 1, 8, 7, 42.22, 453402, 1881
3615, 2, 108, 113, 50, 2, 2.87%, 1, 8, 7, 42.24, 453613, 1881
3620, 2, 108, 113, 50, 2, 2.87%, 1, 8, 7, 42.76, 453829, 1881
3625, 2, 108, 113, 50, 2, 2.87%, 1, 8, 7, 43.42, 454048, 1881
3630, 2, 108, 113, 50, 2, 2.87%, 1, 8, 7, 44.46, 454260, 1881
3635, 2, 108, 113, 50, 2, 2.87%, 1, 8, 7, 44.16, 454484, 1881
3640, 2, 108, 113, 50, 2, 2.87%, 1, 8, 7, 43.42, 454706, 1881
3645, 2, 108, 113, 50, 2, 2.87%, 1, 8, 7, 41.55, 454921, 1881
3650, 2, 108, 113, 50, 2, 2.87%, 1, 8, 7, 46.07, 455364, 1881
3656, 2, 108, 113, 50, 2, 2.87%, 1, 8, 7, 74.35, 455995, 1881
3661, 2, 108, 113, 50, 2, 2.87%, 1, 8, 7, 54.36, 456621, 1881
3667, 2, 108, 114, 51, 2, 2.87%, 1, 8, 7, 4.36, 456744, 1881
3672, 2, 108, 115, 52, 2, 2.88%, 1, 8, 7, 39.18, 456932, 1886
3677, 2, 108, 115, 52, 2, 2.88%, 1, 8, 7, 36.61, 457112, 1886
3682, 2, 106, 115, 51, 2, 2.88%, 1, 8, 7, 49.14, 457454, 1886
3687, 2, 106, 115, 51, 2, 2.88%, 1, 8, 7, 13.01, 457800, 1886
