# relative_time, cycles_done, cur_item, corpus_count, pending_total, pending_favs, map_size, saved_crashes, saved_hangs, max_depth, execs_per_sec, total_execs, edges_found
60, 2, 7, 15, 6, 0, 0.73%, 0, 0, 4, 463.16, 24520, 479
65, 2, 10, 15, 6, 0, 0.73%, 0, 0, 4, 452.54, 26868, 479
70, 2, 10, 15, 6, 0, 0.73%, 0, 0, 4, 410.21, 28864, 479
76, 2, 5, 15, 6, 0, 0.73%, 0, 0, 4, 310.48, 30402, 479
81, 2, 5, 15, 6, 0, 0.73%, 0, 0, 4, 246.74, 31548, 479
86, 2, 5, 15, 6, 0, 0.73%, 0, 0, 4, 230.70, 32720, 479
91, 2, 11, 15, 6, 0, 0.73%, 0, 0, 4, 328.11, 34538, 479
96, 3, 10, 15, 6, 0, 0.73%, 0, 0, 4, 355.45, 36367, 479
101, 3, 5, 15, 6, 0, 0.73%, 0, 0, 4, 273.52, 37715, 479
106, 3, 5, 15, 6, 0, 0.73%, 0, 0, 4, 240.36, 38892, 479
111, 3, 10, 15, 6, 0, 0.73%, 0, 0, 4, 280.72, 40275, 479
117, 3, 11, 15, 6, 0, 0.73%, 0, 0, 4, 352.03, 42178, 479
122, 3, 10, 15, 6, 0, 0.73%, 0, 0, 4, 361.27, 44021, 479
127, 3, 7, 15, 6, 0, 0.73%, 0, 0, 4, 355.15, 45821, 479
132, 3, 11, 15, 6, 0, 0.73%, 0, 0, 4, 356.26, 47617, 479
137, 3, 11, 15, 6, 0, 0.73%, 0, 0, 4, 352.15, 49458, 479
142, 3, 10, 15, 6, 0, 0.73%, 0, 0, 4, 350.26, 51251, 479
147, 4, 4, 15, 6, 0, 0.73%, 0, 0, 4, 348.35, 53039, 479
152, 4, 10, 15, 6, 0, 0.73%, 0, 0, 4, 354.59, 54834, 479
157, 4, 10, 15, 6, 0, 0.73%, 0, 0, 4, 348.13, 56582, 479
162, 4, 10, 15, 6, 0, 0.73%, 0, 0, 4, 348.31, 58334, 479
167, 4, 10, 15, 6, 0, 0.73%, 0, 0, 4, 341.21, 60072, 479
172, 4, 10, 15, 6, 0, 0.73%, 0, 0, 4, 341.73, 61770, 479
177, 5, 10, 15, 6, 0, 0.73%, 0, 0, 4, 351.50, 63553, 479
182, 5, 4, 15, 6, 0, 0.73%, 0, 0, 4, 356.57, 65348, 479
188, 5, 4, 15, 6, 0, 0.73%, 0, 0, 4, 351.56, 67171, 479
193, 5, 12, 15, 6, 0, 0.73%, 0, 0, 4, 340.19, 68849, 479
198, 5, 10, 15, 5, 0, 0.73%, 0, 0, 4, 337.76, 70555, 479
203, 6, 8, 15, 5, 0, 0.73%, 0, 0, 4, 333.50, 72319, 479
208, 6, 10, 15, 5, 0, 0.73%, 0, 0, 4, 347.87, 74085, 479
213, 6, 10, 15, 5, 0, 0.73%, 0, 0, 4, 356.00, 75879, 479
218, 6, 10, 15, 5, 0, 0.73%, 0, 0, 4, 352.23, 77702, 479
223, 6, 10, 15, 5, 0, 0.73%, 0, 0, 4, 366.79, 79547, 479
228, 7, 11, 15, 5, 0, 0.73%, 0, 0, 4, 377.66, 81439, 479
233, 7, 4, 15, 5, 0, 0.73%, 0, 0, 4, 366.15, 83271, 479
238, 7, 10, 15, 5, 0, 0.73%, 0, 0, 4, 360.66, 85080, 479
243, 7, 10, 15, 5, 0, 0.73%, 0, 0, 4, 353.89, 86905, 479
249, 7, 4, 15, 5, 0, 0.73%, 0, 0, 4, 359.02, 88700, 479
254, 7, 10, 15, 5, 0, 0.73%, 0, 0, 4, 356.73, 90558, 479
259, 8, 10, 15, 5, 0, 0.73%, 0, 0, 4, 353.92, 92325, 479
264, 8, 10, 15, 5, 0, 0.73%, 0, 0, 4, 340.00, 94029, 479
269, 8, 10, 15, 5, 0, 0.73%, 0, 0, 4, 343.51, 95823, 479
274, 8, 10, 15, 5, 0, 0.73%, 0, 0, 4, 343.98, 97557, 479
279, 8, 4, 15, 5, 0, 0.73%, 0, 0, 4, 368.76, 99444, 479
284, 9, 10, 15, 5, 0, 0.73%, 0, 0, 4, 359.49, 101283, 479
289, 9, 5, 15, 5, 0, 0.73%, 0, 0, 4, 310.72, 102925, 479
294, 9, 5, 15, 5, 0, 0.73%, 0, 0, 4, 247.47, 104085, 479
299, 9, 10, 15, 5, 0, 0.73%, 0, 0, 4, 230.02, 105235, 479
304, 9, 10, 15, 5, 0, 0.73%, 0, 0, 4, 327.05, 107031, 479
310, 9, 10, 15, 4, 0, 0.73%, 0, 0, 4, 347.52, 108851, 479
315, 9, 10, 15, 4, 0, 0.73%, 0, 0, 4, 354.92, 110703, 479
320, 9, 11, 15, 4, 0, 0.73%, 0, 0, 4, 366.22, 112552, 479
325, 10, 10, 15, 4, 0, 0.73%, 0, 0, 4, 373.44, 114448, 479
330, 10, 10, 15, 4, 0, 0.73%, 0, 0, 4, 364.65, 116285, 479
335, 10, 11, 15, 4, 0, 0.73%, 0, 0, 4, 352.72, 118046, 479
340, 10, 11, 15, 4, 0, 0.73%, 0, 0, 4, 365.65, 119941, 479
345, 10, 10, 15, 4, 0, 0.73%, 0, 0, 4, 370.39, 121857, 479
350, 10, 10, 15, 4, 0, 0.73%, 0, 0, 4, 356.50, 123626, 479
356, 10, 10, 15, 4, 0, 0.73%, 0, 0, 4, 363.07, 125540, 479
361, 11, 10, 15, 4, 0, 0.73%, 0, 0, 4, 347.06, 127277, 479
366, 11, 10, 15, 4, 0, 0.73%, 0, 0, 4, 356.15, 129146, 479
371, 11, 8, 15, 4, 0, 0.73%, 0, 0, 4, 345.69, 130947, 479
376, 11, 10, 15, 4, 0, 0.73%, 0, 0, 4, 359.67, 132783, 479
381, 11, 11, 15, 4, 0, 0.73%, 0, 0, 4, 371.93, 134660, 479
386, 12, 8, 15, 4, 0, 0.73%, 0, 0, 4, 372.76, 136543, 479
391, 12, 10, 15, 4, 0, 0.73%, 0, 0, 4, 349.99, 138283, 479
396, 12, 11, 15, 4, 0, 0.73%, 0, 0, 4, 359.93, 140104, 479
401, 12, 4, 15, 4, 0, 0.73%, 0, 0, 4, 342.16, 141791, 479
407, 12, 10, 15, 4, 0, 0.73%, 0, 0, 4, 341.83, 143589, 479
412, 12, 10, 15, 4, 0, 0.73%, 0, 0, 4, 352.76, 145368, 479
417, 13, 11, 15, 4, 0, 0.73%, 0, 0, 4, 350.93, 147214, 479
422, 13, 11, 15, 4, 0, 0.73%, 0, 0, 4, 364.37, 149069, 479
427, 13, 10, 15, 4, 0, 0.73%, 0, 0, 4, 350.99, 150793, 479
432, 13, 11, 15, 4, 0, 0.73%, 0, 0, 4, 336.98, 152491, 479
437, 13, 10, 15, 4, 0, 0.73%, 0, 0, 4, 348.31, 154267, 479
442, 13, 8, 15, 4, 0, 0.73%, 0, 0, 4, 336.10, 155945, 479
447, 13, 10, 15, 4, 0, 0.73%, 0, 0, 4, 337.56, 157675, 479
452, 14, 7, 15, 4, 0, 0.73%, 0, 0, 4, 349.23, 159431, 479
457, 14, 7, 15, 4, 0, 0.73%, 0, 0, 4, 362.65, 161246, 479
462, 14, 11, 15, 4, 0, 0.73%, 0, 0, 4, 372.43, 163105, 479
467, 14, 10, 15, 4, 0, 0.73%, 0, 0, 4, 357.86, 164875, 479
472, 14, 10, 15, 4, 0, 0.73%, 0, 0, 4, 360.81, 166712, 479
477, 14, 10, 15, 4, 0, 0.73%, 0, 0, 4, 350.22, 168483, 479
482, 14, 10, 15, 4, 0, 0.73%, 0, 0, 4, 362.81, 170325, 479
487, 15, 10, 15, 4, 0, 0.73%, 0, 0, 4, 357.59, 172094, 479
492, 15, 10, 15, 4, 0, 0.73%, 0, 0, 4, 347.75, 173831, 479
497, 15, 10, 15, 4, 0, 0.73%, 0, 0, 4, 337.74, 175541, 479
502, 15, 10, 15, 4, 0, 0.73%, 0, 0, 4, 352.49, 177307, 479
507, 15, 10, 15, 4, 0, 0.73%, 0, 0, 4, 365.91, 179172, 479
512, 16, 10, 15, 4, 0, 0.73%, 0, 0, 4, 353.82, 180960, 479
517, 16, 10, 15, 4, 0, 0.73%, 0, 0, 4, 345.70, 182719, 479
522, 16, 10, 15, 4, 0, 0.73%, 0, 0, 4, 354.04, 184510, 479
527, 16, 10, 15, 4, 0, 0.73%, 0, 0, 4, 367.40, 186356, 479
533, 16, 10, 15, 4, 0, 0.73%, 0, 0, 4, 349.91, 188169, 479
538, 17, 10, 15, 4, 0, 0.73%, 0, 0, 4, 341.88, 189935, 479
543, 17, 10, 15, 4, 0, 0.73%, 0, 0, 4, 350.61, 191759, 479
548, 17, 11, 15, 4, 0, 0.73%, 0, 0, 4, 359.34, 193569, 479
553, 17, 4, 15, 4, 0, 0.73%, 0, 0, 4, 357.61, 195373, 479
558, 17, 10, 15, 4, 0, 0.73%, 0, 0, 4, 343.81, 197139, 479
563, 18, 10, 15, 4, 0, 0.73%, 0, 0, 4, 349.62, 198888, 479
568, 18, 11, 15, 4, 0, 0.73%, 0, 0, 4, 359.93, 200696, 479
573, 18, 10, 15, 4, 0, 0.73%, 0, 0, 4, 367.63, 202577, 479
579, 18, 10, 15, 4, 0, 0.73%, 0, 0, 4, 348.82, 204387, 479
584, 18, 10, 15, 4, 0, 0.73%, 0, 0, 4, 356.75, 206276, 479
589, 18, 10, 15, 4, 0, 0.73%, 0, 0, 4, 356.09, 208064, 479
594, 19, 10, 15, 4, 0, 0.73%, 0, 0, 4, 356.82, 209873, 479
599, 19, 11, 15, 4, 0, 0.73%, 0, 0, 4, 352.43, 211617, 479
604, 19, 10, 15, 4, 0, 0.73%, 0, 0, 4, 357.90, 213443, 479
609, 19, 10, 15, 4, 0, 0.73%, 0, 0, 4, 353.91, 215184, 479
614, 19, 10, 15, 4, 0, 0.73%, 0, 0, 4, 358.26, 216986, 479
619, 19, 10, 15, 4, 0, 0.73%, 0, 0, 4, 361.77, 218802, 479
624, 19, 10, 15, 4, 0, 0.73%, 0, 0, 4, 347.48, 220551, 479
629, 20, 10, 15, 4, 0, 0.73%, 0, 0, 4, 344.80, 222273, 479
634, 20, 10, 15, 4, 0, 0.73%, 0, 0, 4, 340.28, 224043, 479
639, 20, 10, 15, 4, 0, 0.73%, 0, 0, 4, 330.03, 225671, 479
644, 20, 10, 15, 4, 0, 0.73%, 0, 0, 4, 339.33, 227405, 479
649, 21, 10, 15, 4, 0, 0.73%, 0, 0, 4, 348.31, 229175, 479
654, 21, 10, 15, 4, 0, 0.73%, 0, 0, 4, 335.76, 230903, 479
660, 21, 8, 15, 4, 0, 0.73%, 0, 0, 4, 338.92, 232631, 479
665, 21, 10, 15, 4, 0, 0.73%, 0, 0, 4, 325.24, 234225, 479
670, 21, 10, 15, 4, 0, 0.73%, 0, 0, 4, 336.21, 235977, 479
675, 21, 10, 15, 4, 0, 0.73%, 0, 0, 4, 335.79, 237657, 479
680, 22, 0, 15, 4, 0, 0.73%, 0, 0, 4, 304.63, 239244, 479
685, 22, 10, 15, 3, 0, 0.73%, 0, 0, 4, 337.74, 240966, 479
690, 22, 10, 15, 3, 0, 0.73%, 0, 0, 4, 340.26, 242662, 479
695, 22, 10, 15, 3, 0, 0.73%, 0, 0, 4, 336.78, 244360, 479
700, 22, 10, 15, 3, 0, 0.73%, 0, 0, 4, 350.45, 246135, 479
705, 23, 10, 15, 3, 0, 0.73%, 0, 0, 4, 339.50, 247844, 479
710, 23, 10, 15, 3, 0, 0.73%, 0, 0, 4, 360.64, 249699, 479
715, 23, 10, 15, 3, 0, 0.73%, 0, 0, 4, 348.21, 251468, 479
721, 23, 10, 15, 3, 0, 0.73%, 0, 0, 4, 341.06, 253202, 479
726, 23, 10, 15, 3, 0, 0.73%, 0, 0, 4, 344.22, 254988, 479
731, 24, 10, 15, 3, 0, 0.73%, 0, 0, 4, 322.56, 256590, 479
736, 24, 10, 15, 3, 0, 0.73%, 0, 0, 4, 346.05, 258378, 479
741, 24, 10, 15, 3, 0, 0.73%, 0, 0, 4, 338.41, 260118, 479
746, 24, 10, 15, 3, 0, 0.73%, 0, 0, 4, 332.60, 261792, 479
751, 24, 10, 15, 3, 0, 0.73%, 0, 0, 4, 335.18, 263544, 479
756, 24, 10, 15, 3, 0, 0.73%, 0, 0, 4, 337.63, 265216, 479
761, 25, 4, 15, 3, 0, 0.73%, 0, 0, 4, 350.51, 266966, 479
766, 25, 10, 15, 3, 0, 0.73%, 0, 0, 4, 340.45, 268698, 479
771, 25, 10, 15, 3, 0, 0.73%, 0, 0, 4, 342.74, 270442, 479
776, 25, 10, 15, 3, 0, 0.73%, 0, 0, 4, 342.78, 272158, 479
782, 25, 10, 15, 3, 0, 0.73%, 0, 0, 4, 349.88, 273952, 479
787, 26, 10, 15, 3, 0, 0.73%, 0, 0, 4, 345.45, 275668, 479
792, 26, 11, 15, 3, 0, 0.73%, 0, 0, 4, 346.35, 277406, 479
797, 26, 10, 15, 3, 0, 0.73%, 0, 0, 4, 354.84, 279188, 479
802, 26, 10, 15, 3, 0, 0.73%, 0, 0, 4, 350.70, 280992, 479
807, 26, 10, 15, 3, 0, 0.73%, 0, 0, 4, 349.31, 282714, 479
812, 27, 10, 15, 3, 0, 0.73%, 0, 0, 4, 352.77, 284499, 479
817, 27, 10, 15, 3, 0, 0.73%, 0, 0, 4, 346.51, 286236, 479
822, 27, 10, 15, 3, 0, 0.73%, 0, 0, 4, 352.20, 287988, 479
827, 27, 11, 15, 3, 0, 0.73%, 0, 0, 4, 344.37, 289768, 479
832, 27, 10, 15, 3, 0, 0.73%, 0, 0, 4, 357.15, 291658, 479
837, 28, 4, 15, 3, 0, 0.73%, 0, 0, 4, 342.53, 293346, 479
843, 28, 10, 15, 3, 0, 0.73%, 0, 0, 4, 360.52, 295241, 479
848, 28, 10, 15, 3, 0, 0.73%, 0, 0, 4, 356.68, 297085, 479
853, 28, 10, 15, 3, 0, 0.73%, 0, 0, 4, 347.12, 298900, 479
858, 28, 10, 15, 3, 0, 0.73%, 0, 0, 4, 338.90, 300610, 479
863, 29, 10, 15, 3, 0, 0.73%, 0, 0, 4, 344.11, 302332, 479
868, 29, 7, 15, 3, 0, 0.73%, 0, 0, 4, 351.44, 304108, 479
873, 29, 7, 15, 3, 0, 0.73%, 0, 0, 4, 353.66, 305877, 479
878, 29, 10, 15, 3, 0, 0.73%, 0, 0, 4, 344.67, 307634, 479
883, 29, 10, 15, 3, 0, 0.73%, 0, 0, 4, 360.39, 309466, 479
888, 29, 10, 15, 3, 0, 0.73%, 0, 0, 4, 359.39, 311282, 479
893, 29, 10, 15, 3, 0, 0.73%, 0, 0, 4, 364.69, 313126, 479
898, 30, 10, 15, 3, 0, 0.73%, 0, 0, 4, 341.52, 314838, 479
904, 30, 7, 15, 3, 0, 0.73%, 0, 0, 4, 347.21, 316654, 479
909, 30, 4, 15, 3, 0, 0.73%, 0, 0, 4, 357.03, 318480, 479
914, 30, 11, 15, 3, 0, 0.73%, 0, 0, 4, 343.03, 320212, 479
919, 30, 10, 15, 3, 0, 0.73%, 0, 0, 4, 360.55, 322071, 479
924, 30, 4, 15, 3, 0, 0.73%, 0, 0, 4, 358.27, 323859, 479
929, 31, 10, 15, 3, 0, 0.73%, 0, 0, 4, 344.36, 325566, 479
934, 31, 10, 15, 3, 0, 0.73%, 0, 0, 4, 352.64, 327393, 479
939, 31, 4, 15, 3, 0, 0.73%, 0, 0, 4, 351.79, 329158, 479
944, 31, 10, 15, 3, 0, 0.73%, 0, 0, 4, 357.21, 330978, 479
949, 31, 11, 15, 3, 0, 0.73%, 0, 0, 4, 363.58, 332864, 479
954, 31, 7, 15, 3, 0, 0.73%, 0, 0, 4, 359.94, 334700, 479
959, 31, 7, 15, 3, 0, 0.73%, 0, 0, 4, 354.80, 336450, 479
964, 32, 10, 15, 3, 0, 0.73%, 0, 0, 4, 337.46, 338194, 479
969, 32, 13, 15, 3, 0, 0.73%, 0, 0, 4, 321.37, 339820, 479
974, 32, 10, 15, 2, 0, 0.73%, 0, 0, 4, 335.76, 341504, 479
980, 32, 5, 15, 2, 0, 0.73%, 0, 0, 4, 253.40, 342740, 479
985, 32, 5, 15, 2, 0, 0.73%, 0, 0, 4, 229.71, 343902, 479
990, 32, 4, 15, 2, 0, 0.73%, 0, 0, 4, 298.77, 345383, 479
995, 32, 10, 15, 2, 0, 0.73%, 0, 0, 4, 321.60, 347074, 479
1000, 33, 10, 15, 2, 0, 0.73%, 0, 0, 4, 342.53, 348814, 479
1005, 33, 7, 15, 2, 0, 0.73%, 0, 0, 4, 349.42, 350558, 479
1010, 33, 7, 15, 2, 0, 0.73%, 0, 0, 4, 351.52, 352367, 479
1015, 33, 11, 15, 2, 0, 0.73%, 0, 0, 4, 352.22, 354168, 479
1020, 33, 11, 15, 2, 0, 0.73%, 0, 0, 4, 355.94, 355984, 479
1025, 33, 10, 15, 2, 0, 0.73%, 0, 0, 4, 359.31, 357799, 479
1030, 33, 11, 15, 2, 0, 0.73%, 0, 0, 4, 364.36, 359614, 479
1035, 33, 7, 15, 2, 0, 0.73%, 0, 0, 4, 351.62, 361374, 479
1040, 33, 7, 15, 2, 0, 0.73%, 0, 0, 4, 361.65, 363187, 479
1045, 33, 7, 15, 2, 0, 0.73%, 0, 0, 4, 361.49, 365039, 479
1050, 34, 10, 15, 2, 0, 0.73%, 0, 0, 4, 348.92, 366788, 479
1055, 34, 10, 15, 2, 0, 0.73%, 0, 0, 4, 338.26, 368492, 479
1060, 34, 7, 15, 2, 0, 0.73%, 0, 0, 4, 352.09, 370250, 479
1066, 34, 10, 15, 2, 0, 0.73%, 0, 0, 4, 358.43, 372075, 479
1071, 34, 10, 15, 2, 0, 0.73%, 0, 0, 4, 355.32, 373849, 479
1076, 34, 10, 15, 2, 0, 0.73%, 0, 0, 4, 361.72, 375679, 479
1081, 34, 11, 15, 2, 0, 0.73%, 0, 0, 4, 361.60, 377493, 479
1086, 35, 4, 15, 2, 0, 0.73%, 0, 0, 4, 356.61, 379284, 479
1091, 35, 5, 15, 2, 0, 0.73%, 0, 0, 4, 258.84, 380537, 479
1096, 35, 5, 15, 2, 0, 0.73%, 0, 0, 4, 236.52, 381682, 479
1101, 35, 10, 15, 2, 0, 0.73%, 0, 0, 4, 292.38, 383140, 479
1106, 35, 10, 15, 2, 0, 0.73%, 0, 0, 4, 339.81, 384960, 479
1111, 35, 11, 15, 2, 0, 0.73%, 0, 0, 4, 352.77, 386793, 479
1116, 35, 10, 15, 2, 0, 0.73%, 0, 0, 4, 356.79, 388671, 479
1122, 35, 11, 15, 2, 0, 0.73%, 0, 0, 4, 340.39, 390458, 479
1127, 35, 10, 15, 2, 0, 0.73%, 0, 0, 4, 358.23, 392261, 479
1132, 36, 10, 15, 2, 0, 0.73%, 0, 0, 4, 349.00, 393994, 479
1137, 36, 10, 15, 2, 0, 0.73%, 0, 0, 4, 339.32, 395758, 479
1142, 36, 10, 15, 2, 0, 0.73%, 0, 0, 4, 342.25, 397504, 479
1147, 36, 10, 15, 2, 0, 0.73%, 0, 0, 4, 355.33, 399294, 479
1152, 36, 10, 15, 2, 0, 0.73%, 0, 0, 4, 346.48, 401038, 479
1157, 36, 5, 15, 2, 0, 0.73%, 0, 0, 4, 260.54, 402349, 479
1162, 36, 5, 15, 2, 0, 0.73%, 0, 0, 4, 233.24, 403492, 479
1167, 36, 10, 15, 2, 0, 0.73%, 0, 0, 4, 288.64, 404932, 479
1173, 37, 4, 15, 2, 0, 0.73%, 0, 0, 4, 335.47, 406730, 479
1178, 37, 10, 15, 2, 0, 0.73%, 0, 0, 4, 354.26, 408573, 479
1183, 37, 10, 15, 2, 0, 0.73%, 0, 0, 4, 358.73, 410396, 479
1188, 37, 10, 15, 2, 0, 0.73%, 0, 0, 4, 337.94, 412102, 479
1193, 37, 11, 15, 2, 0, 0.73%, 0, 0, 4, 341.24, 413860, 479
1198, 37, 10, 15, 2, 0, 0.73%, 0, 0, 4, 343.79, 415614, 479
1203, 38, 10, 15, 2, 0, 0.73%, 0, 0, 4, 342.01, 417336, 479
1208, 38, 10, 15, 2, 0, 0.73%, 0, 0, 4, 344.24, 419130, 479
1213, 38, 10, 15, 2, 0, 0.73%, 0, 0, 4, 356.22, 420934, 479
1218, 38, 10, 15, 2, 0, 0.73%, 0, 0, 4, 355.32, 422708, 479
1223, 38, 10, 15, 2, 0, 0.73%, 0, 0, 4, 355.55, 424510, 479
1229, 38, 11, 15, 2, 0, 0.73%, 0, 0, 4, 353.85, 426367, 479
1234, 39, 7, 15, 2, 0, 0.73%, 0, 0, 4, 350.10, 428142, 479
1239, 39, 7, 15, 2, 0, 0.73%, 0, 0, 4, 348.55, 429882, 479
1244, 39, 10, 15, 2, 0, 0.73%, 0, 0, 4, 357.28, 431704, 479
1249, 39, 10, 15, 2, 0, 0.73%, 0, 0, 4, 346.07, 433434, 479
1254, 39, 11, 15, 2, 0, 0.73%, 0, 0, 4, 355.22, 435238, 479
1259, 39, 11, 15, 2, 0, 0.73%, 0, 0, 4, 348.49, 436950, 479
1264, 39, 10, 15, 2, 0, 0.73%, 0, 0, 4, 349.07, 438692, 479
1269, 39, 11, 15, 2, 0, 0.73%, 0, 0, 4, 361.82, 440581, 479
1274, 40, 10, 15, 2, 0, 0.73%, 0, 0, 4, 353.64, 442356, 479
1279, 40, 7, 15, 2, 0, 0.73%, 0, 0, 4, 355.28, 444191, 479
1284, 40, 10, 15, 2, 0, 0.73%, 0, 0, 4, 349.49, 445996, 479
1290, 40, 10, 15, 2, 0, 0.73%, 0, 0, 4, 359.37, 447878, 479
1295, 40, 10, 15, 2, 0, 0.73%, 0, 0, 4, 355.08, 449666, 479
1300, 40, 10, 15, 2, 0, 0.73%, 0, 0, 4, 333.05, 451340, 479
1305, 41, 10, 15, 2, 0, 0.73%, 0, 0, 4, 340.35, 453104, 479
1310, 41, 10, 15, 2, 0, 0.73%, 0, 0, 4, 354.29, 454962, 479
1315, 41, 14, 15, 2, 0, 0.73%, 0, 0, 4, 345.94, 456696, 479
1320, 41, 5, 15, 1, 0, 0.73%, 0, 0, 4, 258.04, 457973, 479
1325, 41, 5, 15, 1, 0, 0.73%, 0, 0, 4, 230.10, 459100, 479
1330, 41, 11, 15, 1, 0, 0.73%, 0, 0, 4, 285.96, 460519, 479
1335, 41, 10, 15, 1, 0, 0.73%, 0, 0, 4, 338.75, 462258, 479
1340, 41, 10, 15, 1, 0, 0.73%, 0, 0, 4, 351.67, 464036, 479
1345, 42, 4, 15, 1, 0, 0.73%, 0, 0, 4, 365.33, 465908, 479
1351, 42, 10, 15, 1, 0, 0.73%, 0, 0, 4, 343.64, 467606, 479
1356, 42, 10, 15, 1, 0, 0.73%, 0, 0, 4, 356.51, 469402, 479
1361, 42, 10, 15, 1, 0, 0.73%, 0, 0, 4, 351.05, 471155, 479
1366, 42, 10, 15, 1, 0, 0.73%, 0, 0, 4, 357.53, 472971, 479
1371, 43, 10, 15, 1, 0, 0.73%, 0, 0, 4, 352.71, 474795, 479
1376, 43, 10, 15, 1, 0, 0.73%, 0, 0, 4, 341.61, 476498, 479
1381, 43, 8, 15, 1, 0, 0.73%, 0, 0, 4, 359.15, 478309, 479
1386, 43, 10, 15, 1, 0, 0.73%, 0, 0, 4, 340.35, 479998, 479
1391, 43, 11, 15, 1, 0, 0.73%, 0, 0, 4, 353.91, 481838, 479
1396, 43, 10, 15, 1, 0, 0.73%, 0, 0, 4, 340.72, 483618, 479
1401, 43, 10, 15, 1, 0, 0.73%, 0, 0, 4, 340.47, 485328, 479
1406, 44, 4, 15, 1, 0, 0.73%, 0, 0, 4, 355.99, 487175, 479
1411, 44, 11, 15, 1, 0, 0.73%, 0, 0, 4, 351.79, 488930, 479
1416, 44, 10, 15, 1, 0, 0.73%, 0, 0, 4, 347.71, 490692, 479
1422, 44, 10, 15, 1, 0, 0.73%, 0, 0, 4, 349.26, 492480, 479
1427, 44, 5, 15, 1, 0, 0.73%, 0, 0, 4, 268.75, 493851, 479
1432, 44, 5, 15, 1, 0, 0.73%, 0, 0, 4, 231.60, 494978, 479
1437, 44, 10, 15, 1, 0, 0.73%, 0, 0, 4, 284.94, 496384, 479
1442, 45, 10, 15, 1, 0, 0.73%, 0, 0, 4, 334.05, 498184, 479
1447, 45, 10, 15, 1, 0, 0.73%, 0, 0, 4, 362.27, 500083, 479
1452, 45, 10, 15, 1, 0, 0.73%, 0, 0, 4, 336.63, 501734, 479
1458, 45, 10, 15, 1, 0, 0.73%, 0, 0, 4, 361.19, 503584, 479
1463, 45, 10, 15, 1, 0, 0.73%, 0, 0, 4, 359.12, 505400, 479
1468, 46, 10, 15, 1, 0, 0.73%, 0, 0, 4, 361.11, 507216, 479
1473, 46, 5, 15, 1, 0, 0.73%, 0, 0, 4, 309.80, 508844, 479
1478, 46, 5, 15, 1, 0, 0.73%, 0, 0, 4, 251.06, 510030, 479
1483, 46, 10, 15, 1, 0, 0.73%, 0, 0, 4, 253.49, 511290, 479
1488, 46, 10, 15, 1, 0, 0.73%, 0, 0, 4, 320.34, 513082, 479
1493, 46, 7, 15, 1, 0, 0.73%, 0, 0, 4, 352.12, 514904, 479
1498, 46, 10, 15, 1, 0, 0.73%, 0, 0, 4, 362.17, 516782, 479
1504, 46, 10, 15, 1, 0, 0.73%, 0, 0, 4, 352.71, 518557, 479
1509, 47, 7, 15, 1, 0, 0.73%, 0, 0, 4, 358.61, 520365, 479
1514, 47, 10, 15, 1, 0, 0.73%, 0, 0, 4, 348.72, 522126, 479
1519, 47, 10, 15, 1, 0, 0.73%, 0, 0, 4, 325.26, 523720, 479
1524, 47, 4, 15, 1, 0, 0.73%, 0, 0, 4, 331.18, 525406, 479
1529, 47, 7, 15, 1, 0, 0.73%, 0, 0, 4, 347.79, 527196, 479
1534, 47, 7, 15, 1, 0, 0.73%, 0, 0, 4, 335.81, 528882, 479
1539, 47, 11, 15, 1, 0, 0.73%, 0, 0, 4, 340.80, 530606, 479
1544, 47, 10, 15, 1, 0, 0.73%, 0, 0, 4, 334.20, 532282, 479
1549, 47, 10, 15, 1, 0, 0.73%, 0, 0, 4, 330.44, 533980, 479
1554, 48, 7, 15, 1, 0, 0.73%, 0, 0, 4, 348.35, 535738, 479
1559, 48, 10, 15, 1, 0, 0.73%, 0, 0, 4, 347.39, 537492, 479
1564, 48, 10, 15, 1, 0, 0.73%, 0, 0, 4, 342.04, 539196, 479
1569, 48, 10, 15, 1, 0, 0.73%, 0, 0, 4, 348.27, 540942, 479
1574, 48, 11, 15, 1, 0, 0.73%, 0, 0, 4, 349.28, 542712, 479
1579, 48, 10, 15, 1, 0, 0.73%, 0, 0, 4, 346.69, 544444, 479
1584, 49, 10, 15, 1, 0, 0.73%, 0, 0, 4, 328.51, 546082, 479
1589, 49, 10, 15, 1, 0, 0.73%, 0, 0, 4, 339.51, 547836, 479
1594, 49, 10, 15, 1, 0, 0.73%, 0, 0, 4, 344.11, 549552, 479
1599, 49, 10, 15, 1, 0, 0.73%, 0, 0, 4, 358.65, 551375, 479
1604, 49, 10, 15, 1, 0, 0.73%, 0, 0, 4, 351.11, 553149, 479
1609, 49, 10, 15, 1, 0, 0.73%, 0, 0, 4, 339.34, 554832, 479
1615, 50, 11, 15, 1, 0, 0.73%, 0, 0, 4, 344.37, 556620, 479
1620, 50, 5, 15, 1, 0, 0.73%, 0, 0, 4, 250.84, 557812, 479
1625, 50, 5, 15, 1, 0, 0.73%, 0, 0, 4, 220.71, 558892, 479
1630, 50, 5, 15, 1, 0, 0.73%, 0, 0, 4, 224.05, 560036, 479
1635, 50, 5, 15, 1, 0, 0.73%, 0, 0, 4, 226.70, 561180, 479
1640, 50, 5, 15, 1, 0, 0.73%, 0, 0, 4, 222.95, 562308, 479
1645, 50, 5, 15, 1, 0, 0.73%, 0, 0, 4, 227.23, 563488, 479
1650, 50, 5, 15, 1, 0, 0.73%, 0, 0, 4, 214.63, 564556, 479
1655, 50, 10, 15, 1, 0, 0.73%, 0, 0, 4, 319.22, 566290, 479
1661, 50, 11, 15, 1, 0, 0.73%, 0, 0, 4, 354.66, 568175, 479
1666, 50, 5, 15, 1, 0, 0.73%, 0, 0, 4, 261.55, 569393, 479
1671, 50, 5, 15, 1, 0, 0.73%, 0, 0, 4, 232.85, 570532, 479
1676, 50, 8, 15, 1, 0, 0.73%, 0, 0, 4, 312.38, 572168, 479
1681, 50, 5, 15, 1, 0, 0.73%, 0, 0, 4, 239.20, 573274, 479
1686, 50, 5, 15, 1, 0, 0.73%, 0, 0, 4, 235.96, 574450, 479
1691, 50, 10, 15, 1, 0, 0.73%, 0, 0, 4, 295.97, 576010, 479
1696, 51, 7, 15, 1, 0, 0.73%, 0, 0, 4, 342.96, 577784, 479
1701, 51, 7, 15, 1, 0, 0.73%, 0, 0, 4, 359.41, 579604, 479
1706, 51, 11, 15, 1, 0, 0.73%, 0, 0, 4, 361.99, 581409, 479
1711, 51, 4, 15, 1, 0, 0.73%, 0, 0, 4, 355.90, 583205, 479
1717, 51, 10, 15, 1, 0, 0.73%, 0, 0, 4, 344.66, 584974, 479
1722, 51, 10, 15, 1, 0, 0.73%, 0, 0, 4, 354.87, 586755, 479
1727, 52, 10, 15, 1, 0, 0.73%, 0, 0, 4, 344.15, 588500, 479
1732, 52, 11, 15, 1, 0, 0.73%, 0, 0, 4, 354.87, 590354, 479
1737, 52, 10, 15, 1, 0, 0.73%, 0, 0, 4, 351.39, 592129, 479
1742, 52, 7, 15, 1, 0, 0.73%, 0, 0, 4, 363.57, 593957, 479
1747, 52, 4, 15, 1, 0, 0.73%, 0, 0, 4, 357.65, 595775, 479
1752, 52, 5, 15, 1, 0, 0.73%, 0, 0, 4, 334.28, 597534, 479
1757, 52, 5, 15, 1, 0, 0.73%, 0, 0, 4, 255.53, 598701, 479
1762, 52, 5, 15, 1, 0, 0.73%, 0, 0, 4, 234.98, 599872, 479
1767, 52, 10, 15, 1, 0, 0.73%, 0, 0, 4, 316.63, 601580, 479
1772, 52, 10, 15, 1, 0, 0.73%, 0, 0, 4, 352.32, 603411, 479
1777, 53, 10, 15, 1, 0, 0.73%, 0, 0, 4, 348.79, 605144, 479
1782, 53, 10, 15, 1, 0, 0.73%, 0, 0, 4, 339.94, 606810, 479
1788, 53, 10, 15, 1, 0, 0.73%, 0, 0, 4, 362.73, 608697, 479
1793, 53, 7, 15, 1, 0, 0.73%, 0, 0, 4, 366.29, 610540, 479
1798, 53, 10, 15, 1, 0, 0.73%, 0, 0, 4, 373.15, 612434, 479
1803, 54, 4, 15, 1, 0, 0.73%, 0, 0, 4, 370.09, 614264, 479
1808, 54, 10, 15, 1, 0, 0.73%, 0, 0, 4, 355.75, 616059, 479
1813, 54, 11, 15, 1, 0, 0.73%, 0, 0, 4, 368.32, 617916, 479
1818, 54, 10, 15, 1, 0, 0.73%, 0, 0, 4, 362.90, 619742, 479
1823, 54, 4, 15, 1, 0, 0.73%, 0, 0, 4, 362.81, 621575, 479
1828, 54, 10, 15, 1, 0, 0.73%, 0, 0, 4, 351.14, 623330, 479
1833, 55, 7, 15, 1, 0, 0.73%, 0, 0, 4, 354.86, 625098, 479
1838, 55, 7, 15, 1, 0, 0.73%, 0, 0, 4, 363.32, 626918, 479
1843, 55, 10, 15, 1, 0, 0.73%, 0, 0, 4, 354.35, 628692, 479
1848, 55, 7, 15, 1, 0, 0.73%, 0, 0, 4, 345.43, 630442, 479
1853, 55, 11, 15, 1, 0, 0.73%, 0, 0, 4, 352.66, 632288, 479
1858, 55, 10, 15, 1, 0, 0.73%, 0, 0, 4, 349.96, 634043, 479
1863, 55, 11, 15, 1, 0, 0.73%, 0, 0, 4, 349.43, 635831, 479
1868, 55, 10, 15, 1, 0, 0.73%, 0, 0, 4, 352.71, 637635, 479
1874, 56, 4, 15, 1, 0, 0.73%, 0, 0, 4, 351.96, 639445, 479
1879, 56, 11, 15, 1, 0, 0.73%, 0, 0, 4, 356.72, 641284, 479
1884, 56, 11, 15, 1, 0, 0.73%, 0, 0, 4, 361.18, 643122, 479
1889, 56, 10, 15, 1, 0, 0.73%, 0, 0, 4, 354.53, 644912, 479
1894, 56, 10, 15, 1, 0, 0.73%, 0, 0, 4, 364.65, 646729, 479
1899, 57, 8, 15, 1, 0, 0.73%, 0, 0, 4, 355.91, 648496, 479
1904, 57, 11, 15, 1, 0, 0.73%, 0, 0, 4, 348.51, 650226, 479
1909, 57, 10, 15, 1, 0, 0.73%, 0, 0, 4, 346.34, 651974, 479
1914, 57, 11, 15, 1, 0, 0.73%, 0, 0, 4, 328.30, 653600, 479
1919, 57, 7, 15, 1, 0, 0.73%, 0, 0, 4, 334.20, 655306, 479
1924, 57, 10, 15, 1, 0, 0.73%, 0, 0, 4, 352.76, 657103, 479
1929, 57, 8, 15, 1, 0, 0.73%, 0, 0, 4, 341.83, 658884, 479
1934, 58, 10, 15, 1, 0, 0.73%, 0, 0, 4, 355.23, 660709, 479
1939, 58, 4, 15, 1, 0, 0.73%, 0, 0, 4, 351.24, 662448, 479
1944, 58, 10, 15, 1, 0, 0.73%, 0, 0, 4, 363.94, 664288, 479
1950, 58, 11, 15, 1, 0, 0.73%, 0, 0, 4, 367.72, 666138, 479
1955, 58, 10, 15, 1, 0, 0.73%, 0, 0, 4, 357.73, 667909, 479
1960, 59, 10, 15, 1, 0, 0.73%, 0, 0, 4, 351.74, 669666, 479
1965, 59, 11, 15, 1, 0, 0.73%, 0, 0, 4, 344.23, 671384, 479
1970, 59, 10, 15, 1, 0, 0.73%, 0, 0, 4, 360.80, 673215, 479
1975, 59, 11, 15, 1, 0, 0.73%, 0, 0, 4, 366.40, 675059, 479
1980, 59, 10, 15, 1, 0, 0.73%, 0, 0, 4, 336.84, 676750, 479
1985, 59, 5, 15, 1, 0, 0.73%, 0, 0, 4, 270.34, 678123, 479
1990, 59, 5, 15, 1, 0, 0.73%, 0, 0, 4, 240.53, 679290, 479
1995, 60, 10, 15, 1, 0, 0.73%, 0, 0, 4, 281.22, 680695, 479
2000, 60, 10, 15, 1, 0, 0.73%, 0, 0, 4, 330.54, 682436, 479
2005, 60, 10, 15, 1, 0, 0.73%, 0, 0, 4, 354.61, 684250, 479
2010, 60, 11, 15, 1, 0, 0.73%, 0, 0, 4, 371.82, 686215, 479
2015, 60, 10, 15, 1, 0, 0.73%, 0, 0, 4, 365.69, 688032, 479
2020, 60, 10, 15, 1, 0, 0.73%, 0, 0, 4, 367.27, 689883, 479
2025, 61, 10, 15, 1, 0, 0.73%, 0, 0, 4, 358.54, 691647, 479
2031, 61, 11, 15, 1, 0, 0.73%, 0, 0, 4, 352.57, 693428, 479
2036, 61, 10, 15, 1, 0, 0.73%, 0, 0, 4, 357.73, 695266, 479
2041, 61, 10, 15, 1, 0, 0.73%, 0, 0, 4, 352.18, 697026, 479
2046, 61, 10, 15, 1, 0, 0.73%, 0, 0, 4, 334.13, 698658, 479
2051, 62, 10, 15, 1, 0, 0.73%, 0, 0, 4, 351.05, 700464, 479
2056, 62, 10, 15, 1, 0, 0.73%, 0, 0, 4, 350.47, 702224, 479
2061, 62, 7, 15, 1, 0, 0.73%, 0, 0, 4, 361.63, 704047, 479
2066, 62, 10, 15, 1, 0, 0.73%, 0, 0, 4, 370.36, 705948, 479
2071, 62, 10, 15, 1, 0, 0.73%, 0, 0, 4, 367.59, 707785, 479
2076, 62, 10, 15, 1, 0, 0.73%, 0, 0, 4, 363.87, 709594, 479
2081, 63, 10, 15, 1, 0, 0.73%, 0, 0, 4, 346.27, 711324, 479
2086, 63, 10, 15, 1, 0, 0.73%, 0, 0, 4, 351.07, 713098, 479
2091, 63, 11, 15, 1, 0, 0.73%, 0, 0, 4, 349.69, 714882, 479
2096, 63, 11, 15, 1, 0, 0.73%, 0, 0, 4, 342.51, 716610, 479
2101, 63, 10, 15, 1, 0, 0.73%, 0, 0, 4, 342.63, 718298, 479
2106, 63, 10, 15, 1, 0, 0.73%, 0, 0, 4, 357.18, 720158, 479
2111, 64, 10, 15, 1, 0, 0.73%, 0, 0, 4, 346.21, 721874, 479
2116, 64, 10, 15, 1, 0, 0.73%, 0, 0, 4, 364.57, 723699, 479
2121, 64, 10, 15, 1, 0, 0.73%, 0, 0, 4, 347.68, 725456, 479
2126, 64, 10, 15, 1, 0, 0.73%, 0, 0, 4, 347.59, 727214, 479
2131, 64, 10, 15, 1, 0, 0.73%, 0, 0, 4, 332.87, 728906, 479
2137, 64, 10, 15, 1, 0, 0.73%, 0, 0, 4, 339.82, 730676, 479
2142, 65, 10, 15, 1, 0, 0.73%, 0, 0, 4, 354.21, 732543, 479
2147, 65, 10, 15, 1, 0, 0.73%, 0, 0, 4, 342.51, 734280, 479
2152, 65, 10, 15, 1, 0, 0.73%, 0, 0, 4, 339.64, 735972, 479
2157, 65, 10, 15, 1, 0, 0.73%, 0, 0, 4, 367.35, 737887, 479
2162, 65, 10, 15, 1, 0, 0.73%, 0, 0, 4, 360.67, 739762, 479
2167, 65, 7, 15, 1, 0, 0.73%, 0, 0, 4, 376.86, 741709, 479
2172, 65, 4, 15, 1, 0, 0.73%, 0, 0, 4, 360.79, 743520, 479
2178, 66, 10, 15, 1, 0, 0.73%, 0, 0, 4, 331.20, 745238, 479
2183, 66, 10, 15, 1, 0, 0.73%, 0, 0, 4, 337.10, 747002, 479
2188, 66, 10, 15, 1, 0, 0.73%, 0, 0, 4, 334.94, 748700, 479
2193, 66, 4, 15, 1, 0, 0.73%, 0, 0, 4, 332.94, 750380, 479
2198, 66, 5, 15, 1, 0, 0.73%, 0, 0, 4, 324.34, 752018, 479
2203, 66, 5, 15, 1, 0, 0.73%, 0, 0, 4, 240.08, 753124, 479
2208, 66, 5, 15, 1, 0, 0.73%, 0, 0, 4, 227.77, 754240, 479
2213, 66, 4, 15, 1, 0, 0.73%, 0, 0, 4, 300.45, 755782, 479
2218, 67, 10, 15, 1, 0, 0.73%, 0, 0, 4, 344.32, 757630, 479
2223, 67, 10, 15, 1, 0, 0.73%, 0, 0, 4, 345.78, 759418, 479
2228, 67, 10, 15, 1, 0, 0.73%, 0, 0, 4, 341.06, 761134, 479
2233, 67, 10, 15, 1, 0, 0.73%, 0, 0, 4, 343.46, 762884, 479
2238, 67, 7, 15, 1, 0, 0.73%, 0, 0, 4, 336.14, 764582, 479
2244, 67, 4, 15, 1, 0, 0.73%, 0, 0, 4, 327.48, 766228, 479
2249, 68, 8, 15, 1, 0, 0.73%, 0, 0, 4, 333.39, 767932, 479
2254, 68, 10, 15, 1, 0, 0.73%, 0, 0, 4, 345.46, 769748, 479
2259, 68, 10, 15, 1, 0, 0.73%, 0, 0, 4, 351.78, 771503, 479
2264, 68, 7, 15, 1, 0, 0.73%, 0, 0, 4, 350.37, 773289, 479
2269, 68, 4, 15, 1, 0, 0.73%, 0, 0, 4, 344.52, 775032, 479
2274, 68, 10, 15, 1, 0, 0.73%, 0, 0, 4, 353.61, 776862, 479
2279, 69, 4, 15, 1, 0, 0.73%, 0, 0, 4, 364.92, 778727, 479
2284, 69, 11, 15, 1, 0, 0.73%, 0, 0, 4, 368.12, 780591, 479
2289, 69, 10, 15, 1, 0, 0.73%, 0, 0, 4, 360.83, 782409, 479
2294, 69, 11, 15, 1, 0, 0.73%, 0, 0, 4, 353.97, 784172, 479
2299, 69, 11, 15, 1, 0, 0.73%, 0, 0, 4, 352.84, 785943, 479
2304, 69, 11, 15, 1, 0, 0.73%, 0, 0, 4, 357.53, 787802, 479
2310, 69, 10, 15, 1, 0, 0.73%, 0, 0, 4, 341.11, 789500, 479
2315, 70, 10, 15, 1, 0, 0.73%, 0, 0, 4, 351.48, 791303, 479
2320, 70, 11, 15, 1, 0, 0.73%, 0, 0, 4, 359.62, 793119, 479
2325, 70, 10, 15, 1, 0, 0.73%, 0, 0, 4, 355.28, 794951, 479
2330, 70, 10, 15, 1, 0, 0.73%, 0, 0, 4, 359.52, 796795, 479
2335, 70, 4, 15, 1, 0, 0.73%, 0, 0, 4, 374.67, 798656, 479
2340, 71, 8, 15, 1, 0, 0.73%, 0, 0, 4, 357.69, 800532, 479
2345, 71, 10, 15, 1, 0, 0.73%, 0, 0, 4, 359.94, 802335, 479
2350, 71, 10, 15, 1, 0, 0.73%, 0, 0, 4, 356.85, 804138, 479
2355, 71, 10, 15, 1, 0, 0.73%, 0, 0, 4, 343.32, 805880, 479
2360, 71, 11, 15, 1, 0, 0.73%, 0, 0, 4, 353.70, 807653, 479
2365, 71, 10, 15, 1, 0, 0.73%, 0, 0, 4, 328.38, 809288, 479
2370, 72, 10, 15, 1, 0, 0.73%, 0, 0, 4, 331.37, 811034, 479
2376, 72, 11, 15, 1, 0, 0.73%, 0, 0, 4, 340.53, 812798, 479
2381, 72, 10, 15, 1, 0, 0.73%, 0, 0, 4, 356.87, 814649, 479
2386, 72, 10, 15, 1, 0, 0.73%, 0, 0, 4, 357.53, 816458, 479
2391, 72, 7, 15, 1, 0, 0.73%, 0, 0, 4, 372.06, 818315, 479
2396, 72, 10, 15, 1, 0, 0.73%, 0, 0, 4, 362.65, 820167, 479
2401, 73, 10, 15, 1, 0, 0.73%, 0, 0, 4, 366.30, 821976, 479
2406, 73, 7, 15, 1, 0, 0.73%, 0, 0, 4, 354.14, 823708, 479
2411, 73, 7, 15, 1, 0, 0.73%, 0, 0, 4, 359.17, 825612, 479
2416, 73, 5, 15, 1, 0, 0.73%, 0, 0, 4, 356.58, 827454, 479
2421, 73, 5, 15, 1, 0, 0.73%, 0, 0, 4, 253.39, 828605, 479
2426, 73, 5, 15, 1, 0, 0.73%, 0, 0, 4, 235.89, 829768, 479
2431, 73, 10, 15, 1, 0, 0.73%, 0, 0, 4, 326.71, 831466, 479
2436, 73, 10, 15, 1, 0, 0.73%, 0, 0, 4, 350.34, 833290, 479
2442, 74, 10, 15, 1, 0, 0.73%, 0, 0, 4, 353.24, 835133, 479
2447, 74, 10, 15, 1, 0, 0.73%, 0, 0, 4, 352.21, 836921, 479
2452, 74, 10, 15, 1, 0, 0.73%, 0, 0, 4, 338.55, 838682, 479
2457, 74, 10, 15, 1, 0, 0.73%, 0, 0, 4, 356.37, 840548, 479
2462, 74, 4, 15, 1, 0, 0.73%, 0, 0, 4, 363.55, 842343, 479
2467, 74, 10, 15, 1, 0, 0.73%, 0, 0, 4, 359.71, 844159, 479
2472, 75, 10, 15, 1, 0, 0.73%, 0, 0, 4, 345.23, 845878, 479
2477, 75, 10, 15, 1, 0, 0.73%, 0, 0, 4, 362.50, 847753, 479
2482, 75, 10, 15, 1, 0, 0.73%, 0, 0, 4, 361.16, 849555, 479
2487, 75, 10, 15, 1, 0, 0.73%, 0, 0, 4, 361.40, 851357, 479
2492, 75, 10, 15, 1, 0, 0.73%, 0, 0, 4, 350.30, 853138, 479
2497, 76, 10, 15, 1, 0, 0.73%, 0, 0, 4, 348.90, 854919, 479
2502, 76, 7, 15, 1, 0, 0.73%, 0, 0, 4, 330.03, 856548, 479
2508, 76, 7, 15, 1, 0, 0.73%, 0, 0, 4, 340.73, 858324, 479
2513, 76, 10, 15, 1, 0, 0.73%, 0, 0, 4, 351.26, 860153, 479
2518, 76, 10, 15, 1, 0, 0.73%, 0, 0, 4, 338.34, 861854, 479
2523, 76, 10, 15, 1, 0, 0.73%, 0, 0, 4, 345.84, 863616, 479
2528, 77, 10, 15, 1, 0, 0.73%, 0, 0, 4, 354.28, 865400, 479
2533, 77, 10, 15, 1, 0, 0.73%, 0, 0, 4, 348.15, 867126, 479
2538, 77, 11, 15, 1, 0, 0.73%, 0, 0, 4, 350.03, 868886, 479
2543, 77, 10, 15, 1, 0, 0.73%, 0, 0, 4, 348.66, 870688, 479
2548, 77, 4, 15, 1, 0, 0.73%, 0, 0, 4, 362.02, 872516, 479
2553, 77, 11, 15, 1, 0, 0.73%, 0, 0, 4, 357.72, 874289, 479
2558, 78, 11, 15, 1, 0, 0.73%, 0, 0, 4, 360.54, 876163, 479
2563, 78, 10, 15, 1, 0, 0.73%, 0, 0, 4, 352.99, 877945, 479
2568, 78, 11, 15, 1, 0, 0.73%, 0, 0, 4, 345.26, 879754, 479
2573, 78, 10, 15, 1, 0, 0.73%, 0, 0, 4, 341.09, 881432, 479
2578, 78, 10, 15, 1, 0, 0.73%, 0, 0, 4, 354.80, 883232, 479
2583, 78, 10, 15, 1, 0, 0.73%, 0, 0, 4, 363.59, 885062, 479
2589, 79, 11, 15, 1, 0, 0.73%, 0, 0, 4, 368.73, 886977, 479
2594, 79, 10, 15, 1, 0, 0.73%, 0, 0, 4, 369.65, 888920, 479
2599, 79, 4, 15, 1, 0, 0.73%, 0, 0, 4, 366.03, 890814, 479
2604, 79, 10, 15, 1, 0, 0.73%, 0, 0, 4, 360.22, 892661, 479
2609, 79, 10, 15, 1, 0, 0.73%, 0, 0, 4, 365.50, 894534, 479
2614, 80, 10, 15, 1, 0, 0.73%, 0, 0, 4, 358.24, 896345, 479
2620, 80, 10, 15, 1, 0, 0.73%, 0, 0, 4, 363.56, 898273, 479
2625, 80, 10, 15, 1, 0, 0.73%, 0, 0, 4, 366.16, 900117, 479
2630, 80, 10, 15, 1, 0, 0.73%, 0, 0, 4, 368.39, 901968, 479
2635, 80, 10, 15, 1, 0, 0.73%, 0, 0, 4, 359.18, 903777, 479
2640, 81, 10, 15, 1, 0, 0.73%, 0, 0, 4, 352.72, 905544, 479
2645, 81, 10, 15, 1, 0, 0.73%, 0, 0, 4, 359.53, 907368, 479
2650, 81, 10, 15, 1, 0, 0.73%, 0, 0, 4, 347.57, 909090, 479
2655, 81, 10, 15, 1, 0, 0.73%, 0, 0, 4, 358.49, 910923, 479
2660, 81, 10, 15, 1, 0, 0.73%, 0, 0, 4, 341.72, 912630, 479
2665, 82, 10, 15, 1, 0, 0.73%, 0, 0, 4, 337.78, 914338, 479
2670, 82, 10, 15, 1, 0, 0.73%, 0, 0, 4, 337.83, 916096, 479
2675, 82, 10, 15, 1, 0, 0.73%, 0, 0, 4, 340.75, 917872, 479
2681, 82, 4, 15, 1, 0, 0.73%, 0, 0, 4, 346.77, 919672, 479
2686, 82, 8, 15, 1, 0, 0.73%, 0, 0, 4, 326.19, 921308, 479
2691, 82, 10, 15, 1, 0, 0.73%, 0, 0, 4, 325.94, 922938, 479
2696, 83, 10, 15, 1, 0, 0.73%, 0, 0, 4, 336.51, 924618, 479
2701, 83, 11, 15, 1, 0, 0.73%, 0, 0, 4, 326.31, 926250, 479
2706, 83, 10, 15, 1, 0, 0.73%, 0, 0, 4, 332.89, 927980, 479
2711, 83, 10, 15, 1, 0, 0.73%, 0, 0, 4, 335.66, 929756, 479
2716, 83, 11, 15, 1, 0, 0.73%, 0, 0, 4, 351.13, 931508, 479
2721, 83, 10, 15, 1, 0, 0.73%, 0, 0, 4, 353.49, 933276, 479
2726, 84, 11, 15, 1, 0, 0.73%, 0, 0, 4, 348.52, 935096, 479
2731, 84, 10, 15, 1, 0, 0.73%, 0, 0, 4, 354.49, 936918, 479
2736, 84, 10, 15, 1, 0, 0.73%, 0, 0, 4, 359.77, 938756, 479
2741, 84, 7, 15, 1, 0, 0.73%, 0, 0, 4, 365.40, 940584, 479
2747, 84, 4, 15, 1, 0, 0.73%, 0, 0, 4, 358.81, 942424, 479
2752, 84, 10, 15, 1, 0, 0.73%, 0, 0, 4, 363.53, 944261, 479
2757, 85, 10, 15, 1, 0, 0.73%, 0, 0, 4, 349.87, 946010, 479
2762, 85, 5, 15, 1, 0, 0.73%, 0, 0, 4, 249.75, 947173, 479
2767, 85, 5, 15, 1, 0, 0.73%, 0, 0, 4, 218.89, 948238, 479
2772, 85, 10, 15, 1, 0, 0.73%, 0, 0, 4, 278.75, 949631, 479
2777, 85, 10, 15, 1, 0, 0.73%, 0, 0, 4, 352.92, 951514, 479
2782, 85, 11, 15, 1, 0, 0.73%, 0, 0, 4, 331.94, 953150, 479
2787, 85, 11, 15, 1, 0, 0.73%, 0, 0, 4, 348.14, 954910, 479
2792, 85, 10, 15, 1, 0, 0.73%, 0, 0, 4, 357.65, 956731, 479
2798, 86, 10, 15, 1, 0, 0.73%, 0, 0, 4, 344.51, 958478, 479
2803, 86, 10, 15, 1, 0, 0.73%, 0, 0, 4, 334.94, 960144, 479
2808, 86, 10, 15, 1, 0, 0.73%, 0, 0, 4, 340.66, 961924, 479
2813, 86, 10, 15, 1, 0, 0.73%, 0, 0, 4, 340.80, 963688, 479
2818, 86, 7, 15, 1, 0, 0.73%, 0, 0, 4, 334.92, 965368, 479
2823, 86, 10, 15, 1, 0, 0.73%, 0, 0, 4, 413.84, 967474, 479
2828, 87, 10, 15, 1, 0, 0.73%, 0, 0, 4, 450.66, 969778, 479
2833, 87, 10, 15, 1, 0, 0.73%, 0, 0, 4, 442.48, 972002, 479
2838, 87, 10, 15, 1, 0, 0.73%, 0, 0, 4, 461.65, 974317, 479
2843, 87, 10, 15, 1, 0, 0.73%, 0, 0, 4, 466.60, 976681, 479
2848, 88, 10, 15, 1, 0, 0.73%, 0, 0, 4, 480.77, 979090, 479
2853, 88, 10, 15, 1, 0, 0.73%, 0, 0, 4, 487.53, 981553, 479
2859, 88, 10, 15, 1, 0, 0.73%, 0, 0, 4, 481.79, 983996, 479
2864, 88, 10, 15, 1, 0, 0.73%, 0, 0, 4, 477.11, 986420, 479
2869, 89, 8, 15, 1, 0, 0.73%, 0, 0, 4, 473.93, 988820, 479
2874, 89, 10, 15, 1, 0, 0.73%, 0, 0, 4, 477.99, 991227, 479
2879, 89, 7, 15, 1, 0, 0.73%, 0, 0, 4, 474.51, 993673, 479
2884, 89, 11, 15, 1, 0, 0.73%, 0, 0, 4, 499.07, 996246, 479
2889, 90, 10, 15, 1, 0, 0.73%, 0, 0, 4, 468.60, 998592, 479
2894, 90, 10, 15, 1, 0, 0.73%, 0, 0, 4, 481.48, 1001091, 479
2899, 90, 10, 15, 1, 0, 0.73%, 0, 0, 4, 463.05, 1003426, 479
2904, 90, 11, 15, 1, 0, 0.73%, 0, 0, 4, 487.34, 1005856, 479
2909, 90, 11, 15, 1, 0, 0.73%, 0, 0, 4, 508.29, 1008408, 479
2914, 91, 10, 15, 1, 0, 0.73%, 0, 0, 4, 479.39, 1010897, 479
2919, 91, 8, 15, 1, 0, 0.73%, 0, 0, 4, 474.06, 1013314, 479
2925, 91, 10, 15, 1, 0, 0.73%, 0, 0, 4, 478.10, 1015784, 479
2930, 92, 4, 15, 1, 0, 0.73%, 0, 0, 4, 492.52, 1018255, 479
2935, 92, 10, 15, 1, 0, 0.73%, 0, 0, 4, 489.62, 1020671, 479
2940, 92, 11, 15, 1, 0, 0.73%, 0, 0, 4, 487.15, 1023052, 479
2945, 92, 8, 15, 1, 0, 0.73%, 0, 0, 4, 479.09, 1025471, 479
2950, 93, 7, 15, 1, 0, 0.73%, 0, 0, 4, 475.87, 1027806, 479
2955, 93, 10, 15, 1, 0, 0.73%, 0, 0, 4, 495.58, 1030352, 479
2960, 93, 7, 15, 1, 0, 0.73%, 0, 0, 4, 496.85, 1032836, 479
2965, 93, 10, 15, 1, 0, 0.73%, 0, 0, 4, 467.92, 1035231, 479
2970, 94, 10, 15, 1, 0, 0.73%, 0, 0, 4, 481.97, 1037763, 479
2975, 94, 10, 15, 1, 0, 0.73%, 0, 0, 4, 480.90, 1040172, 479
2980, 94, 11, 15, 1, 0, 0.73%, 0, 0, 4, 489.43, 1042627, 479
2985, 94, 10, 15, 1, 0, 0.73%, 0, 0, 4, 490.70, 1045086, 479
2990, 94, 10, 15, 1, 0, 0.73%, 0, 0, 4, 496.62, 1047593, 479
2995, 95, 10, 15, 1, 0, 0.73%, 0, 0, 4, 475.26, 1049953, 479
3000, 95, 10, 15, 1, 0, 0.73%, 0, 0, 4, 489.16, 1052503, 479
3006, 95, 10, 15, 1, 0, 0.73%, 0, 0, 4, 485.35, 1055036, 479
3011, 95, 11, 15, 1, 0, 0.73%, 0, 0, 4, 496.73, 1057520, 479
3016, 96, 11, 15, 1, 0, 0.73%, 0, 0, 4, 495.18, 1060102, 479
3021, 96, 10, 15, 0, 0, 0.73%, 0, 0, 4, 472.46, 1062466, 479
3026, 96, 10, 15, 0, 0, 0.73%, 0, 0, 4, 486.07, 1064947, 479
3031, 96, 10, 15, 0, 0, 0.73%, 0, 0, 4, 472.17, 1067302, 479
3036, 97, 4, 15, 0, 0, 0.73%, 0, 0, 4, 483.28, 1069790, 479
3041, 97, 10, 15, 0, 0, 0.73%, 0, 0, 4, 498.82, 1072307, 479
3046, 97, 10, 15, 0, 0, 0.73%, 0, 0, 4, 486.77, 1074740, 479
3051, 97, 10, 15, 0, 0, 0.73%, 0, 0, 4, 491.77, 1077248, 479
3056, 98, 7, 15, 0, 0, 0.73%, 0, 0, 4, 498.53, 1079864, 479
3061, 98, 8, 15, 0, 0, 0.73%, 0, 0, 4, 469.90, 1082228, 479
3066, 98, 10, 15, 0, 0, 0.73%, 0, 0, 4, 493.54, 1084698, 479
3071, 98, 10, 15, 0, 0, 0.73%, 0, 0, 4, 487.57, 1087152, 479
3077, 99, 11, 15, 0, 0, 0.73%, 0, 0, 4, 496.33, 1089651, 479
3082, 99, 10, 15, 0, 0, 0.73%, 0, 0, 4, 466.57, 1092065, 479
3087, 99, 10, 15, 0, 0, 0.73%, 0, 0, 4, 484.67, 1094618, 479
3092, 99, 10, 15, 0, 0, 0.73%, 0, 0, 4, 477.56, 1097070, 479
3097, 100, 10, 15, 0, 0, 0.73%, 0, 0, 4, 462.01, 1099362, 479
3102, 100, 10, 15, 0, 0, 0.73%, 0, 0, 4, 469.10, 1101733, 479
3107, 100, 10, 15, 0, 0, 0.73%, 0, 0, 4, 482.63, 1104178, 479
3112, 101, 10, 15, 0, 0, 0.73%, 0, 0, 4, 480.83, 1106702, 479
3117, 101, 11, 15, 0, 0, 0.73%, 0, 0, 4, 482.81, 1109135, 479
3122, 101, 10, 15, 0, 0, 0.73%, 0, 0, 4, 488.80, 1111581, 479
3127, 101, 10, 15, 0, 0, 0.73%, 0, 0, 4, 488.30, 1114050, 479
3132, 102, 10, 15, 0, 0, 0.73%, 0, 0, 4, 488.01, 1116486, 479
3138, 102, 10, 15, 0, 0, 0.73%, 0, 0, 4, 489.20, 1119030, 479
3143, 102, 10, 15, 0, 0, 0.73%, 0, 0, 4, 489.60, 1121466, 479
3148, 102, 10, 15, 0, 0, 0.73%, 0, 0, 4, 474.19, 1123844, 479
3153, 102, 7, 15, 0, 0, 0.73%, 0, 0, 4, 495.63, 1126343, 479
3158, 103, 11, 15, 0, 0, 0.73%, 0, 0, 4, 478.90, 1128790, 479
3163, 103, 10, 15, 0, 0, 0.73%, 0, 0, 4, 455.97, 1131100, 479
3168, 103, 10, 15, 0, 0, 0.73%, 0, 0, 4, 475.64, 1133581, 479
3173, 103, 7, 15, 0, 0, 0.73%, 0, 0, 4, 493.43, 1136155, 479
3179, 104, 10, 15, 0, 0, 0.73%, 0, 0, 4, 492.75, 1138731, 479
3184, 104, 5, 15, 0, 0, 0.73%, 0, 0, 4, 362.67, 1140474, 479
3189, 104, 10, 15, 0, 0, 0.73%, 0, 0, 4, 340.77, 1142099, 479
3194, 104, 10, 15, 0, 0, 0.73%, 0, 0, 4, 462.93, 1144592, 479
3199, 104, 10, 15, 0, 0, 0.73%, 0, 0, 4, 480.05, 1147071, 479
3204, 104, 10, 15, 0, 0, 0.73%, 0, 0, 4, 473.47, 1149424, 479
3209, 105, 10, 15, 0, 0, 0.73%, 0, 0, 4, 478.69, 1151923, 479
3214, 105, 10, 15, 0, 0, 0.73%, 0, 0, 4, 491.13, 1154377, 479
3219, 105, 4, 15, 0, 0, 0.73%, 0, 0, 4, 488.07, 1156936, 479
3224, 105, 10, 15, 0, 0, 0.73%, 0, 0, 4, 457.75, 1159201, 479
3229, 106, 10, 15, 0, 0, 0.73%, 0, 0, 4, 477.08, 1161610, 479
3234, 106, 10, 15, 0, 0, 0.73%, 0, 0, 4, 479.53, 1164107, 479
3239, 106, 10, 15, 0, 0, 0.73%, 0, 0, 4, 473.41, 1166568, 479
3245, 107, 10, 15, 0, 0, 0.73%, 0, 0, 4, 478.38, 1169040, 479
3250, 107, 10, 15, 0, 0, 0.73%, 0, 0, 4, 472.77, 1171418, 479
3255, 107, 7, 15, 0, 0, 0.73%, 0, 0, 4, 499.43, 1173953, 479
3260, 107, 10, 15, 0, 0, 0.73%, 0, 0, 4, 490.39, 1176436, 479
3265, 107, 10, 15, 0, 0, 0.73%, 0, 0, 4, 491.99, 1178998, 479
3270, 108, 10, 15, 0, 0, 0.73%, 0, 0, 4, 497.71, 1181505, 479
3275, 108, 10, 15, 0, 0, 0.73%, 0, 0, 4, 488.64, 1183957, 479
3280, 108, 10, 15, 0, 0, 0.73%, 0, 0, 4, 493.98, 1186510, 479
3285, 108, 5, 15, 0, 0, 0.73%, 0, 0, 4, 365.76, 1188327, 479
3290, 108, 5, 15, 0, 0, 0.73%, 0, 0, 4, 285.77, 1189695, 479
3295, 108, 7, 15, 0, 0, 0.73%, 0, 0, 4, 412.28, 1191851, 479
3300, 108, 7, 15, 0, 0, 0.73%, 0, 0, 4, 452.84, 1194167, 479
3306, 109, 10, 15, 0, 0, 0.73%, 0, 0, 4, 468.10, 1196539, 479
3311, 109, 4, 15, 0, 0, 0.73%, 0, 0, 4, 407.26, 1198577, 479
3316, 109, 10, 15, 0, 0, 0.73%, 0, 0, 4, 423.82, 1200665, 479
3321, 109, 10, 15, 0, 0, 0.73%, 0, 0, 4, 422.13, 1202769, 479
3326, 110, 10, 15, 0, 0, 0.73%, 0, 0, 4, 450.85, 1205014, 479
3331, 110, 10, 15, 0, 0, 0.73%, 0, 0, 4, 457.14, 1207333, 479
3336, 110, 10, 15, 0, 0, 0.73%, 0, 0, 4, 452.56, 1209643, 479
3341, 110, 10, 15, 0, 0, 0.73%, 0, 0, 4, 437.37, 1211887, 479
3346, 111, 10, 15, 0, 0, 0.73%, 0, 0, 4, 439.87, 1214189, 479
3351, 111, 10, 15, 0, 0, 0.73%, 0, 0, 4, 425.68, 1216333, 479
3356, 111, 10, 15, 0, 0, 0.73%, 0, 0, 4, 417.96, 1218495, 479
3361, 111, 4, 15, 0, 0, 0.73%, 0, 0, 4, 456.98, 1220817, 479
3367, 111, 10, 15, 0, 0, 0.73%, 0, 0, 4, 451.97, 1223226, 479
3372, 112, 10, 15, 0, 0, 0.73%, 0, 0, 4, 450.06, 1225518, 479
3377, 112, 10, 15, 0, 0, 0.73%, 0, 0, 4, 462.17, 1227864, 479
3382, 112, 10, 15, 0, 0, 0.73%, 0, 0, 4, 458.66, 1230181, 479
3387, 112, 10, 15, 0, 0, 0.73%, 0, 0, 4, 473.37, 1232662, 479
3392, 113, 7, 15, 0, 0, 0.73%, 0, 0, 4, 483.13, 1235179, 479
3397, 113, 10, 15, 0, 0, 0.73%, 0, 0, 4, 478.95, 1237572, 479
3402, 113, 10, 15, 0, 0, 0.73%, 0, 0, 4, 471.56, 1239943, 479
3407, 113, 7, 15, 0, 0, 0.73%, 0, 0, 4, 482.87, 1242370, 479
3412, 113, 7, 15, 0, 0, 0.73%, 0, 0, 4, 477.74, 1244818, 479
3417, 113, 10, 15, 0, 0, 0.73%, 0, 0, 4, 482.20, 1247301, 479
3423, 114, 10, 15, 0, 0, 0.73%, 0, 0, 4, 456.54, 1249569, 479
3428, 114, 10, 15, 0, 0, 0.73%, 0, 0, 4, 452.87, 1251844, 479
3433, 114, 10, 15, 0, 0, 0.73%, 0, 0, 4, 448.20, 1254057, 479
3438, 115, 10, 15, 0, 0, 0.73%, 0, 0, 4, 448.71, 1256361, 479
3443, 115, 7, 15, 0, 0, 0.73%, 0, 0, 4, 407.05, 1258227, 479
3448, 115, 4, 15, 0, 0, 0.73%, 0, 0, 4, 437.48, 1260455, 479
3453, 115, 11, 15, 0, 0, 0.73%, 0, 0, 4, 441.68, 1262645, 479
3458, 115, 10, 15, 0, 0, 0.73%, 0, 0, 4, 453.78, 1264922, 479
3463, 116, 10, 15, 0, 0, 0.73%, 0, 0, 4, 449.60, 1267191, 479
3468, 116, 10, 15, 0, 0, 0.73%, 0, 0, 4, 424.95, 1269359, 479
3473, 116, 10, 15, 0, 0, 0.73%, 0, 0, 4, 455.23, 1271654, 479
3478, 116, 10, 15, 0, 0, 0.73%, 0, 0, 4, 461.95, 1273992, 479
3483, 117, 10, 15, 0, 0, 0.73%, 0, 0, 4, 466.19, 1276354, 479
3488, 117, 10, 15, 0, 0, 0.73%, 0, 0, 4, 454.98, 1278732, 479
3493, 117, 11, 15, 0, 0, 0.73%, 0, 0, 4, 447.53, 1280945, 479
3498, 117, 10, 15, 0, 0, 0.73%, 0, 0, 4, 459.75, 1283288, 479
3504, 118, 7, 15, 0, 0, 0.73%, 0, 0, 4, 479.87, 1285772, 479
3509, 118, 10, 15, 0, 0, 0.73%, 0, 0, 4, 481.39, 1288259, 479
3514, 118, 10, 15, 0, 0, 0.73%, 0, 0, 4, 480.69, 1290731, 479
3519, 118, 10, 15, 0, 0, 0.73%, 0, 0, 4, 474.29, 1293194, 479
3524, 119, 4, 15, 0, 0, 0.73%, 0, 0, 4, 479.31, 1295690, 479
3529, 119, 10, 15, 0, 0, 0.73%, 0, 0, 4, 481.19, 1298126, 479
3534, 119, 7, 15, 0, 0, 0.73%, 0, 0, 4, 461.45, 1300526, 479
3539, 119, 10, 15, 0, 0, 0.73%, 0, 0, 4, 429.42, 1302629, 479
3545, 119, 10, 15, 0, 0, 0.73%, 0, 0, 4, 465.52, 1305052, 479
3550, 120, 10, 15, 0, 0, 0.73%, 0, 0, 4, 471.92, 1307477, 479
3555, 120, 10, 15, 0, 0, 0.73%, 0, 0, 4, 465.41, 1309805, 479
3560, 120, 10, 15, 0, 0, 0.73%, 0, 0, 4, 470.73, 1312232, 479
3565, 120, 10, 15, 0, 0, 0.73%, 0, 0, 4, 464.89, 1314549, 479
3570, 121, 10, 15, 0, 0, 0.73%, 0, 0, 4, 472.23, 1316922, 479
3575, 121, 7, 15, 0, 0, 0.73%, 0, 0, 4, 481.98, 1319421, 479
3580, 121, 4, 15, 0, 0, 0.73%, 0, 0, 4, 482.87, 1321839, 479
3585, 121, 11, 15, 0, 0, 0.73%, 0, 0, 4, 473.29, 1324293, 479
3590, 121, 10, 15, 0, 0, 0.73%, 0, 0, 4, 467.34, 1326583, 479
3596, 122, 10, 15, 0, 0, 0.73%, 0, 0, 4, 478.81, 1329008, 479
3601, 122, 10, 15, 0, 0, 0.73%, 0, 0, 4, 471.47, 1331381, 479
3606, 122, 10, 15, 0, 0, 0.73%, 0, 0, 4, 466.92, 1333736, 479
3611, 122, 10, 15, 0, 0, 0.73%, 0, 0, 4, 482.63, 1336190, 479
3616, 123, 10, 15, 0, 0, 0.73%, 0, 0, 4, 470.92, 1338653, 479
3621, 123, 10, 15, 0, 0, 0.73%, 0, 0, 4, 458.48, 1341006, 479
