# relative_time, cycles_done, cur_item, corpus_count, pending_total, pending_favs, map_size, saved_crashes, saved_hangs, max_depth, execs_per_sec, total_execs, edges_found
61, 0, 0, 23, 22, 4, 1.68%, 0, 0, 2, 37.66, 2506, 1103
66, 0, 0, 23, 22, 4, 1.68%, 0, 0, 2, 40.29, 2701, 1103
72, 0, 0, 23, 22, 4, 1.68%, 0, 0, 2, 38.31, 2905, 1103
77, 0, 0, 23, 22, 4, 1.68%, 0, 0, 2, 45.39, 3138, 1103
82, 0, 0, 23, 22, 4, 1.68%, 0, 0, 2, 43.74, 3362, 1103
87, 0, 0, 23, 22, 4, 1.68%, 0, 0, 2, 41.98, 3578, 1103
92, 0, 0, 23, 22, 4, 1.68%, 0, 0, 2, 43.81, 3810, 1103
97, 0, 0, 23, 22, 4, 1.68%, 0, 0, 2, 39.59, 4025, 1103
103, 0, 0, 23, 22, 4, 1.68%, 0, 0, 2, 40.19, 4225, 1103
108, 0, 0, 23, 22, 4, 1.68%, 0, 0, 2, 40.77, 4439, 1103
113, 0, 0, 24, 23, 4, 1.68%, 0, 0, 2, 41.57, 4665, 1103
118, 0, 0, 25, 24, 4, 1.70%, 0, 0, 2, 39.40, 4867, 1111
123, 0, 0, 25, 24, 4, 1.70%, 0, 0, 2, 35.55, 5052, 1111
128, 0, 11, 26, 24, 12, 1.70%, 0, 0, 3, 303.45, 5718, 1112
133, 0, 18, 27, 23, 10, 1.70%, 0, 0, 3, 60.72, 6497, 1112
138, 0, 26, 28, 21, 8, 1.70%, 0, 0, 3, 253.30, 7928, 1115
144, 0, 24, 28, 17, 4, 1.70%, 0, 0, 3, 50.26, 9005, 1115
149, 0, 21, 28, 16, 3, 1.70%, 0, 0, 3, 249.14, 9693, 1115
154, 0, 18, 28, 14, 1, 1.70%, 0, 0, 3, 201.51, 10569, 1115
159, 0, 18, 28, 14, 1, 1.70%, 0, 0, 3, 28.63, 11153, 1115
164, 0, 18, 29, 15, 1, 1.71%, 0, 0, 3, 240.43, 12305, 1122
169, 0, 18, 29, 15, 1, 1.71%, 0, 0, 3, 239.66, 13399, 1122
174, 0, 19, 29, 14, 1, 1.71%, 0, 0, 3, 185.96, 13985, 1122
179, 0, 18, 29, 13, 0, 1.71%, 0, 0, 3, 256.60, 15394, 1122
185, 0, 25, 29, 13, 0, 1.71%, 0, 0, 3, 312.13, 17075, 1122
190, 0, 23, 30, 14, 0, 1.71%, 0, 0, 4, 318.84, 18676, 1122
195, 0, 27, 30, 14, 0, 1.71%, 0, 0, 4, 308.17, 20177, 1122
200, 0, 18, 31, 15, 0, 1.82%, 0, 0, 4, 299.99, 21757, 1191
205, 0, 18, 34, 17, 1, 1.82%, 0, 0, 4, 247.24, 22996, 1194
210, 0, 32, 34, 17, 1, 1.82%, 0, 0, 4, 217.19, 23917, 1194
215, 0, 25, 34, 16, 0, 1.82%, 0, 0, 4, 288.24, 25434, 1194
220, 1, 30, 34, 16, 0, 1.82%, 0, 0, 4, 315.32, 26816, 1194
225, 1, 30, 34, 16, 0, 1.82%, 0, 0, 4, 292.46, 28231, 1194
231, 1, 18, 34, 16, 0, 1.82%, 0, 0, 4, 230.63, 29291, 1194
236, 1, 34, 35, 17, 1, 1.82%, 0, 0, 4, 224.74, 30147, 1196
241, 1, 30, 35, 16, 0, 1.82%, 0, 0, 4, 239.92, 31301, 1196
246, 1, 23, 35, 16, 0, 1.82%, 0, 0, 4, 261.01, 32606, 1196
251, 1, 30, 36, 17, 0, 1.82%, 0, 0, 4, 285.22, 33838, 1196
256, 1, 18, 36, 17, 0, 1.82%, 0, 0, 4, 283.65, 35298, 1196
261, 1, 23, 36, 17, 0, 1.82%, 0, 0, 4, 307.91, 36936, 1196
266, 1, 30, 36, 17, 0, 1.82%, 0, 0, 4, 292.90, 38429, 1196
272, 1, 30, 36, 17, 0, 1.82%, 0, 0, 4, 339.62, 39628, 1196
277, 1, 4, 37, 18, 0, 1.86%, 0, 0, 4, 296.54, 40913, 1221
282, 1, 30, 37, 17, 0, 1.86%, 0, 0, 4, 321.50, 42341, 1221
287, 1, 13, 37, 17, 0, 1.86%, 0, 0, 4, 312.18, 43733, 1221
292, 2, 4, 38, 17, 0, 1.88%, 0, 0, 4, 291.82, 45197, 1235
297, 2, 27, 38, 16, 0, 1.88%, 0, 0, 4, 307.39, 46801, 1235
302, 2, 37, 38, 16, 0, 1.88%, 0, 0, 4, 290.92, 48314, 1235
308, 2, 37, 38, 16, 0, 1.88%, 0, 0, 4, 294.07, 49784, 1235
313, 2, 37, 39, 17, 0, 1.89%, 0, 0, 4, 319.63, 51391, 1238
318, 2, 28, 39, 16, 0, 1.89%, 0, 0, 4, 310.10, 52969, 1238
323, 2, 25, 39, 16, 0, 1.89%, 0, 0, 4, 294.56, 54404, 1238
328, 2, 23, 39, 16, 0, 1.89%, 0, 0, 4, 233.59, 55696, 1238
333, 2, 18, 39, 16, 0, 1.89%, 0, 0, 4, 256.72, 57036, 1238
338, 2, 18, 39, 16, 0, 1.89%, 0, 0, 4, 313.25, 58329, 1238
343, 2, 18, 39, 16, 0, 1.89%, 0, 0, 4, 41.54, 59545, 1238
348, 2, 37, 39, 16, 0, 1.89%, 0, 0, 4, 206.76, 60754, 1238
353, 2, 23, 39, 16, 0, 1.89%, 0, 0, 4, 264.38, 62158, 1238
359, 2, 7, 39, 16, 0, 1.89%, 0, 0, 4, 269.27, 63501, 1238
364, 2, 30, 39, 16, 0, 1.89%, 0, 0, 4, 38.20, 64698, 1238
369, 3, 30, 39, 16, 0, 1.89%, 0, 0, 4, 258.30, 66044, 1238
374, 3, 23, 39, 16, 0, 1.89%, 0, 0, 4, 288.19, 67497, 1238
379, 3, 37, 39, 16, 0, 1.89%, 0, 0, 4, 336.02, 68830, 1238
384, 3, 39, 40, 17, 1, 1.89%, 0, 0, 4, 307.23, 70328, 1239
389, 3, 37, 40, 16, 0, 1.89%, 0, 0, 4, 286.00, 71790, 1239
394, 3, 30, 40, 16, 0, 1.89%, 0, 0, 4, 83.98, 73011, 1239
399, 3, 37, 40, 16, 0, 1.89%, 0, 0, 4, 229.40, 74276, 1239
404, 3, 18, 40, 16, 0, 1.89%, 0, 0, 4, 285.79, 75820, 1239
410, 3, 23, 40, 16, 0, 1.89%, 0, 0, 4, 311.98, 77074, 1239
415, 3, 23, 40, 16, 0, 1.89%, 0, 0, 4, 313.49, 78646, 1239
420, 3, 36, 42, 18, 0, 2.43%, 0, 0, 4, 308.61, 80177, 1595
425, 3, 36, 43, 19, 0, 2.44%, 0, 0, 4, 316.55, 81841, 1599
430, 3, 41, 44, 19, 2, 2.44%, 0, 0, 4, 237.38, 82996, 1599
435, 3, 25, 44, 17, 1, 2.44%, 0, 0, 4, 286.12, 84489, 1599
440, 3, 37, 44, 16, 0, 2.44%, 0, 0, 4, 308.65, 86124, 1599
445, 4, 27, 44, 16, 0, 2.44%, 0, 0, 4, 309.36, 87659, 1599
451, 4, 27, 44, 16, 0, 2.44%, 0, 0, 4, 322.94, 89360, 1599
456, 4, 18, 45, 17, 0, 2.45%, 0, 0, 4, 189.51, 90421, 1604
461, 4, 18, 45, 17, 1, 2.45%, 0, 1, 4, 253.57, 91492, 1604
466, 4, 44, 45, 17, 1, 2.45%, 0, 1, 4, 40.81, 92207, 1604
471, 4, 41, 45, 16, 0, 2.45%, 0, 1, 4, 81.41, 92684, 1604
476, 4, 37, 46, 17, 0, 2.46%, 0, 1, 4, 239.11, 93983, 1612
481, 4, 30, 46, 16, 0, 2.46%, 0, 1, 4, 274.76, 95457, 1612
486, 4, 45, 46, 16, 0, 2.46%, 0, 1, 4, 296.61, 96946, 1612
491, 4, 37, 46, 16, 0, 2.46%, 0, 1, 4, 301.45, 98274, 1612
496, 4, 7, 46, 16, 0, 2.46%, 0, 1, 4, 278.03, 99667, 1612
501, 4, 36, 46, 16, 0, 2.46%, 0, 1, 4, 312.55, 101276, 1612
507, 4, 23, 46, 16, 0, 2.46%, 0, 1, 4, 311.25, 102661, 1612
512, 4, 31, 46, 16, 0, 2.46%, 0, 1, 4, 8.98, 104008, 1612
518, 4, 16, 46, 15, 0, 2.46%, 0, 1, 4, 290.85, 105611, 1612
523, 4, 30, 46, 15, 0, 2.46%, 0, 1, 4, 46.84, 106964, 1612
528, 4, 41, 46, 15, 0, 2.46%, 0, 1, 4, 83.81, 107639, 1612
533, 4, 41, 46, 15, 0, 2.46%, 0, 1, 4, 139.51, 108286, 1612
538, 4, 37, 46, 15, 0, 2.46%, 0, 1, 4, 255.11, 109702, 1612
543, 4, 41, 46, 15, 0, 2.46%, 0, 2, 4, 145.60, 110445, 1612
549, 5, 36, 46, 15, 0, 2.46%, 0, 2, 4, 218.50, 111545, 1612
554, 5, 23, 46, 15, 0, 2.46%, 0, 2, 4, 293.04, 113179, 1612
559, 5, 46, 50, 19, 1, 2.50%, 0, 2, 4, 292.69, 114715, 1636
564, 5, 49, 50, 17, 1, 2.50%, 0, 2, 4, 292.62, 116278, 1636
569, 5, 27, 50, 16, 0, 2.50%, 0, 2, 4, 279.24, 117762, 1636
574, 5, 16, 50, 16, 0, 2.50%, 0, 2, 4, 323.53, 119256, 1636
580, 5, 45, 50, 16, 0, 2.50%, 0, 2, 4, 310.73, 120818, 1636
585, 5, 39, 50, 16, 0, 2.50%, 0, 2, 4, 305.17, 122338, 1636
590, 5, 23, 50, 16, 0, 2.50%, 0, 2, 4, 298.41, 123791, 1636
595, 5, 23, 50, 16, 0, 2.50%, 0, 2, 4, 305.20, 125300, 1636
600, 5, 18, 50, 16, 0, 2.50%, 0, 2, 4, 302.25, 126820, 1636
605, 5, 45, 55, 21, 0, 2.50%, 0, 2, 4, 233.58, 127503, 1636
610, 5, 49, 61, 27, 0, 2.50%, 0, 2, 5, 28.98, 128187, 1636
615, 5, 49, 62, 28, 0, 2.50%, 0, 2, 5, 15.15, 128229, 1636
620, 5, 49, 63, 29, 0, 2.50%, 0, 2, 5, 11.43, 128282, 1636
626, 5, 49, 64, 30, 0, 2.50%, 0, 2, 5, 8.77, 128323, 1636
631, 5, 49, 64, 30, 0, 2.50%, 0, 2, 5, 8.73, 128366, 1636
636, 5, 49, 64, 30, 0, 2.50%, 0, 2, 5, 8.07, 128405, 1636
641, 5, 49, 64, 30, 0, 2.50%, 0, 2, 5, 7.80, 128444, 1636
646, 5, 49, 64, 30, 0, 2.50%, 0, 2, 5, 7.52, 128480, 1636
652, 5, 49, 64, 30, 0, 2.50%, 0, 2, 5, 7.15, 128516, 1636
657, 5, 49, 64, 30, 0, 2.50%, 0, 2, 5, 7.69, 128555, 1636
662, 5, 49, 64, 30, 0, 2.50%, 0, 2, 5, 8.16, 128596, 1636
667, 5, 49, 64, 30, 0, 2.50%, 0, 2, 5, 9.13, 128641, 1636
672, 5, 49, 64, 30, 0, 2.50%, 0, 2, 5, 7.96, 128679, 1636
677, 5, 49, 64, 30, 0, 2.50%, 0, 2, 5, 7.29, 128712, 1636
682, 5, 49, 64, 30, 0, 2.50%, 0, 2, 5, 7.34, 128746, 1636
687, 5, 49, 64, 30, 0, 2.50%, 0, 2, 5, 7.61, 128785, 1636
692, 5, 49, 64, 30, 0, 2.50%, 0, 2, 5, 1.40, 128824, 1636
698, 5, 49, 65, 31, 0, 2.50%, 0, 2, 5, 7.70, 128858, 1636
703, 5, 49, 65, 31, 0, 2.50%, 0, 2, 5, 7.42, 128893, 1636
708, 5, 30, 65, 31, 0, 2.50%, 0, 2, 5, 7.77, 129123, 1636
713, 5, 30, 65, 31, 0, 2.50%, 0, 2, 5, 46.30, 129177, 1636
719, 5, 30, 66, 32, 0, 2.50%, 0, 2, 5, 4.19, 129253, 1636
724, 5, 30, 67, 33, 0, 2.50%, 0, 2, 5, 4.64, 129277, 1636
729, 5, 30, 67, 33, 0, 2.50%, 0, 2, 5, 4.74, 129302, 1636
734, 5, 30, 68, 34, 0, 2.50%, 0, 2, 5, 5.07, 129332, 1636
739, 5, 30, 68, 34, 0, 2.50%, 0, 2, 5, 5.56, 129363, 1636
744, 5, 30, 68, 34, 0, 2.50%, 0, 2, 5, 4.74, 129385, 1636
749, 5, 30, 68, 34, 0, 2.50%, 0, 2, 5, 5.22, 129413, 1636
754, 5, 30, 68, 34, 0, 2.50%, 0, 2, 5, 8.48, 129571, 1636
759, 5, 23, 68, 34, 0, 2.50%, 0, 2, 5, 10.66, 129944, 1636
765, 5, 23, 69, 35, 0, 2.50%, 0, 2, 5, 322.83, 130383, 1636
770, 5, 23, 70, 36, 0, 2.50%, 0, 2, 5, 8.68, 130641, 1636
775, 5, 30, 70, 36, 0, 2.50%, 0, 2, 5, 28.68, 130895, 1636
780, 5, 30, 70, 36, 0, 2.50%, 0, 2, 5, 23.49, 131202, 1636
785, 5, 18, 70, 36, 0, 2.50%, 0, 2, 5, 4.80, 131985, 1636
790, 5, 18, 70, 36, 0, 2.50%, 0, 2, 5, 214.80, 132074, 1636
795, 5, 18, 70, 36, 0, 2.50%, 0, 2, 5, 331.68, 132297, 1636
801, 5, 41, 73, 39, 0, 2.50%, 0, 2, 5, 8.90, 132736, 1636
807, 5, 41, 73, 39, 0, 2.50%, 0, 2, 5, 8.49, 132778, 1636
812, 5, 18, 74, 40, 0, 2.50%, 0, 2, 5, 7.30, 133277, 1636
817, 5, 18, 74, 40, 0, 2.50%, 0, 2, 5, 172.65, 133866, 1636
822, 5, 30, 74, 40, 0, 2.50%, 0, 2, 5, 9.08, 134270, 1636
827, 5, 23, 74, 40, 0, 2.50%, 0, 2, 5, 164.61, 134704, 1636
832, 5, 23, 74, 40, 0, 2.50%, 0, 2, 5, 9.90, 134842, 1636
837, 5, 23, 74, 40, 0, 2.50%, 0, 2, 5, 7.10, 134915, 1636
842, 5, 30, 74, 40, 0, 2.50%, 0, 2, 5, 15.51, 135355, 1636
847, 5, 37, 74, 40, 0, 2.50%, 0, 2, 5, 273.03, 136006, 1636
853, 5, 37, 74, 40, 0, 2.50%, 0, 2, 5, 6.98, 136263, 1636
858, 5, 37, 74, 40, 0, 2.50%, 0, 2, 5, 5.21, 136326, 1636
863, 5, 37, 74, 40, 0, 2.50%, 0, 2, 5, 7.13, 136426, 1636
868, 5, 37, 75, 41, 0, 2.50%, 0, 2, 5, 9.79, 136697, 1636
873, 5, 37, 75, 41, 0, 2.50%, 0, 2, 5, 6.32, 136725, 1636
878, 5, 30, 76, 42, 0, 2.50%, 0, 2, 5, 190.45, 137140, 1636
883, 5, 30, 76, 42, 0, 2.50%, 0, 2, 5, 7.12, 137173, 1636
888, 5, 16, 76, 42, 0, 2.50%, 0, 2, 5, 292.04, 137519, 1636
894, 5, 16, 77, 43, 0, 2.50%, 0, 2, 5, 7.68, 137660, 1636
899, 5, 37, 78, 44, 0, 2.50%, 0, 2, 5, 10.82, 138448, 1637
904, 5, 37, 78, 44, 0, 2.50%, 0, 2, 5, 124.09, 138641, 1637
909, 5, 37, 78, 44, 0, 2.50%, 0, 2, 5, 3.94, 138744, 1637
915, 5, 37, 78, 44, 0, 2.50%, 0, 2, 5, 4.32, 138767, 1637
920, 5, 37, 78, 44, 0, 2.50%, 0, 2, 5, 6.49, 138805, 1637
925, 5, 77, 79, 45, 1, 2.50%, 0, 2, 5, 250.86, 140102, 1639
930, 5, 77, 80, 46, 1, 2.51%, 0, 2, 5, 9.96, 140155, 1644
935, 5, 77, 80, 46, 1, 2.51%, 0, 2, 5, 8.97, 140198, 1644
940, 5, 77, 80, 46, 1, 2.51%, 0, 2, 5, 9.07, 140245, 1644
946, 5, 77, 80, 46, 1, 2.51%, 0, 2, 5, 5.26, 140653, 1644
951, 5, 77, 80, 46, 1, 2.51%, 0, 2, 5, 5.49, 140681, 1644
956, 5, 77, 80, 46, 1, 2.51%, 0, 2, 5, 4.94, 140706, 1644
961, 5, 77, 80, 46, 1, 2.51%, 0, 2, 5, 4.49, 140882, 1644
966, 5, 77, 80, 46, 1, 2.51%, 0, 2, 5, 4.65, 140906, 1644
971, 5, 77, 80, 46, 1, 2.51%, 0, 2, 5, 4.52, 140929, 1644
976, 5, 77, 80, 46, 1, 2.51%, 0, 2, 5, 17.83, 141143, 1644
981, 5, 77, 80, 46, 1, 2.51%, 0, 2, 5, 18.85, 141236, 1644
986, 5, 78, 80, 45, 2, 2.51%, 0, 2, 5, 268.04, 142535, 1644
991, 5, 78, 80, 45, 2, 2.51%, 0, 2, 5, 236.16, 143753, 1644
997, 5, 78, 80, 45, 2, 2.51%, 0, 2, 5, 13.82, 143899, 1644
1002, 5, 78, 80, 45, 2, 2.51%, 0, 2, 5, 9.95, 143938, 1644
1007, 5, 78, 80, 45, 2, 2.51%, 0, 2, 5, 8.57, 143978, 1644
1012, 5, 78, 80, 45, 2, 2.51%, 0, 2, 5, 7.96, 144015, 1644
1017, 5, 78, 80, 45, 2, 2.51%, 0, 2, 5, 7.95, 144055, 1644
1022, 5, 78, 80, 45, 2, 2.51%, 0, 2, 5, 321.35, 144225, 1644
1027, 5, 78, 80, 45, 2, 2.51%, 0, 2, 5, 9.84, 145252, 1644
1032, 5, 78, 80, 45, 2, 2.51%, 0, 2, 5, 9.38, 145298, 1644
1037, 5, 78, 80, 45, 2, 2.51%, 0, 2, 5, 8.34, 145338, 1644
1043, 5, 78, 80, 45, 2, 2.51%, 0, 2, 5, 8.51, 145382, 1644
1048, 5, 78, 80, 45, 2, 2.51%, 0, 2, 5, 8.26, 145424, 1644
1053, 5, 78, 80, 45, 2, 2.51%, 0, 2, 5, 8.08, 145466, 1644
1058, 5, 78, 81, 46, 2, 2.51%, 0, 2, 5, 7.88, 145506, 1644
1063, 5, 78, 81, 46, 2, 2.51%, 0, 2, 5, 8.73, 145553, 1644
1068, 5, 78, 81, 46, 2, 2.51%, 0, 2, 5, 8.07, 145593, 1644
1073, 5, 78, 81, 46, 2, 2.51%, 0, 2, 5, 8.61, 145637, 1644
1078, 5, 78, 81, 46, 2, 2.51%, 0, 2, 5, 8.55, 145683, 1644
1084, 5, 78, 81, 46, 2, 2.51%, 0, 2, 5, 9.53, 145730, 1644
1089, 5, 78, 81, 46, 2, 2.51%, 0, 2, 5, 11.21, 145789, 1644
1094, 5, 78, 81, 46, 2, 2.51%, 0, 2, 5, 10.87, 145843, 1644
1099, 5, 78, 81, 46, 2, 2.51%, 0, 2, 5, 11.80, 145904, 1644
1104, 5, 78, 81, 46, 2, 2.51%, 0, 2, 5, 15.49, 146189, 1644
1109, 5, 78, 81, 46, 2, 2.51%, 0, 2, 5, 16.75, 146276, 1644
1114, 5, 78, 81, 46, 2, 2.51%, 0, 2, 5, 18.28, 146371, 1644
1119, 5, 78, 81, 46, 2, 2.51%, 0, 2, 5, 14.95, 146442, 1644
1125, 5, 78, 81, 46, 2, 2.51%, 0, 2, 5, 2.47, 146500, 1644
1130, 5, 78, 81, 46, 2, 2.51%, 0, 2, 5, 12.03, 146552, 1644
1135, 5, 78, 81, 46, 2, 2.51%, 0, 2, 5, 12.09, 146613, 1644
1140, 5, 23, 81, 45, 1, 2.51%, 0, 2, 5, 6.40, 147160, 1644
1145, 5, 18, 81, 45, 1, 2.51%, 0, 2, 5, 257.30, 147720, 1644
1151, 5, 18, 81, 45, 1, 2.51%, 0, 2, 5, 4.78, 147745, 1644
1156, 5, 18, 81, 45, 1, 2.51%, 0, 2, 5, 6.07, 148031, 1644
1161, 5, 18, 81, 45, 1, 2.51%, 0, 2, 5, 5.57, 148059, 1644
1166, 5, 26, 81, 45, 1, 2.51%, 0, 2, 5, 8.89, 148499, 1644
1172, 5, 16, 81, 45, 1, 2.51%, 0, 2, 5, 20.06, 148783, 1644
1177, 5, 16, 81, 45, 1, 2.51%, 0, 2, 5, 6.69, 148953, 1644
1182, 5, 16, 81, 45, 1, 2.51%, 0, 2, 5, 19.47, 149067, 1644
1187, 5, 79, 81, 45, 1, 2.51%, 0, 2, 5, 15.48, 149190, 1644
1192, 5, 79, 81, 45, 1, 2.51%, 0, 2, 5, 19.18, 149294, 1644
1197, 5, 79, 81, 45, 1, 2.51%, 0, 2, 5, 20.06, 149399, 1644
1202, 5, 79, 81, 45, 1, 2.51%, 0, 2, 5, 20.49, 149504, 1644
1207, 5, 79, 81, 45, 1, 2.51%, 0, 2, 5, 20.26, 149609, 1644
1213, 5, 79, 81, 45, 1, 2.51%, 0, 2, 5, 20.53, 149714, 1644
1218, 5, 79, 81, 45, 1, 2.51%, 0, 2, 5, 20.57, 149819, 1644
1223, 5, 79, 81, 45, 1, 2.51%, 0, 2, 5, 20.51, 149924, 1644
1228, 5, 79, 81, 45, 1, 2.51%, 0, 2, 5, 20.56, 150029, 1644
1233, 5, 79, 81, 45, 1, 2.51%, 0, 2, 5, 19.81, 150130, 1644
1238, 5, 79, 81, 45, 1, 2.51%, 0, 2, 5, 20.29, 150235, 1644
1243, 5, 79, 81, 45, 1, 2.51%, 0, 2, 5, 20.48, 150340, 1644
1248, 5, 79, 81, 45, 1, 2.51%, 0, 2, 5, 20.68, 150445, 1644
1253, 5, 79, 81, 45, 1, 2.51%, 0, 2, 5, 20.78, 150550, 1644
1258, 5, 79, 81, 45, 1, 2.51%, 0, 2, 5, 20.72, 150655, 1644
1263, 5, 79, 81, 45, 1, 2.51%, 0, 2, 5, 20.77, 150760, 1644
1268, 5, 79, 81, 45, 1, 2.51%, 0, 2, 5, 20.65, 150865, 1644
1274, 5, 79, 81, 45, 1, 2.51%, 0, 2, 5, 20.72, 150970, 1644
1279, 5, 79, 81, 45, 1, 2.51%, 0, 2, 5, 20.70, 151075, 1644
1284, 5, 79, 84, 48, 1, 2.51%, 0, 2, 5, 20.91, 151183, 1644
1289, 5, 79, 86, 50, 1, 2.51%, 0, 2, 5, 20.76, 151290, 1644
1294, 5, 79, 86, 50, 1, 2.51%, 0, 2, 5, 20.39, 151392, 1644
1299, 5, 79, 87, 51, 1, 2.51%, 0, 2, 5, 20.36, 151496, 1644
1304, 5, 79, 87, 51, 1, 2.51%, 0, 2, 5, 20.55, 151602, 1644
1310, 5, 79, 87, 51, 1, 2.51%, 0, 2, 5, 20.82, 151711, 1644
1315, 5, 79, 87, 51, 1, 2.51%, 0, 2, 5, 20.93, 151820, 1644
1320, 5, 79, 87, 51, 1, 2.51%, 0, 2, 5, 21.10, 151930, 1644
1325, 5, 79, 87, 51, 1, 2.51%, 0, 2, 5, 20.93, 152039, 1644
1330, 5, 79, 87, 51, 1, 2.51%, 0, 2, 5, 21.15, 152144, 1644
1336, 5, 79, 87, 51, 1, 2.51%, 0, 2, 5, 20.33, 152248, 1644
1341, 5, 79, 87, 51, 1, 2.51%, 0, 2, 5, 20.56, 152355, 1644
1346, 5, 79, 87, 51, 1, 2.51%, 0, 2, 5, 3.52, 152456, 1644
1351, 5, 79, 87, 51, 1, 2.51%, 0, 2, 5, 20.55, 152563, 1644
1356, 5, 79, 87, 51, 1, 2.51%, 0, 2, 5, 20.40, 152667, 1644
1361, 5, 79, 87, 51, 1, 2.51%, 0, 2, 5, 20.36, 152771, 1644
1366, 5, 79, 87, 51, 1, 2.51%, 0, 2, 5, 20.26, 152871, 1644
1371, 5, 79, 87, 51, 1, 2.51%, 0, 2, 5, 20.64, 152976, 1644
1377, 5, 79, 87, 51, 1, 2.51%, 0, 2, 5, 20.58, 153079, 1644
1382, 5, 79, 87, 51, 1, 2.51%, 0, 2, 5, 20.54, 153183, 1644
1387, 5, 79, 87, 51, 1, 2.51%, 0, 2, 5, 20.84, 153288, 1644
1392, 5, 79, 87, 51, 1, 2.51%, 0, 2, 5, 21.01, 153393, 1644
1397, 5, 79, 87, 51, 1, 2.51%, 0, 2, 5, 20.56, 153498, 1644
1402, 5, 79, 87, 51, 1, 2.51%, 0, 2, 5, 20.34, 153598, 1644
1407, 5, 79, 87, 51, 1, 2.51%, 0, 2, 5, 20.76, 153703, 1644
1412, 5, 79, 87, 51, 1, 2.51%, 0, 2, 5, 21.01, 153808, 1644
1417, 5, 79, 87, 51, 1, 2.51%, 0, 2, 5, 20.96, 153917, 1644
1422, 5, 79, 87, 51, 1, 2.51%, 0, 2, 5, 20.60, 154020, 1644
1428, 5, 79, 87, 51, 1, 2.51%, 0, 2, 5, 20.85, 154129, 1644
1433, 5, 79, 87, 51, 1, 2.51%, 0, 2, 5, 20.16, 154228, 1644
1438, 5, 79, 87, 51, 1, 2.51%, 0, 2, 5, 20.85, 154337, 1644
1443, 5, 79, 87, 51, 1, 2.51%, 0, 2, 5, 20.96, 154446, 1644
1448, 5, 79, 87, 51, 1, 2.51%, 0, 2, 5, 20.76, 154549, 1644
1453, 5, 79, 87, 51, 1, 2.51%, 0, 2, 5, 19.79, 154654, 1644
1458, 5, 79, 87, 51, 1, 2.51%, 0, 2, 5, 19.62, 154753, 1644
1463, 5, 79, 87, 51, 1, 2.51%, 0, 2, 5, 20.77, 154863, 1644
1468, 5, 79, 87, 51, 1, 2.51%, 0, 2, 5, 20.84, 154968, 1644
1473, 5, 79, 87, 51, 1, 2.51%, 0, 2, 5, 19.81, 155063, 1644
1479, 5, 79, 87, 51, 1, 2.51%, 0, 2, 5, 20.54, 155170, 1644
1484, 5, 79, 87, 51, 1, 2.51%, 0, 2, 5, 19.69, 155268, 1644
1489, 5, 79, 87, 51, 1, 2.51%, 0, 2, 5, 20.23, 155370, 1644
1494, 5, 79, 87, 51, 1, 2.51%, 0, 2, 5, 20.69, 155479, 1644
1499, 5, 79, 87, 51, 1, 2.51%, 0, 2, 5, 20.64, 155583, 1644
1504, 5, 79, 87, 51, 1, 2.51%, 0, 2, 5, 20.68, 155689, 1644
1509, 5, 79, 87, 51, 1, 2.51%, 0, 2, 5, 21.02, 155794, 1644
1514, 5, 79, 87, 51, 1, 2.51%, 0, 2, 5, 20.77, 155902, 1644
1520, 5, 79, 87, 51, 1, 2.51%, 0, 2, 5, 20.31, 156007, 1644
1525, 5, 79, 87, 51, 1, 2.51%, 0, 2, 5, 21.02, 156116, 1644
1530, 5, 79, 87, 51, 1, 2.51%, 0, 2, 5, 20.98, 156223, 1644
1535, 5, 79, 87, 51, 1, 2.51%, 0, 2, 5, 20.81, 156332, 1644
1540, 5, 79, 87, 51, 1, 2.51%, 0, 2, 5, 20.69, 156435, 1644
1545, 5, 79, 87, 51, 1, 2.51%, 0, 2, 5, 19.78, 156528, 1644
1551, 5, 79, 87, 51, 1, 2.51%, 0, 2, 5, 20.93, 156637, 1644
1556, 5, 79, 87, 51, 1, 2.51%, 0, 2, 5, 21.20, 156745, 1644
1561, 5, 79, 87, 51, 1, 2.51%, 0, 2, 5, 21.26, 156855, 1644
1566, 5, 79, 87, 51, 1, 2.51%, 0, 2, 5, 19.72, 156950, 1644
1571, 5, 79, 87, 51, 1, 2.51%, 0, 2, 5, 20.77, 157056, 1644
1576, 5, 79, 87, 51, 1, 2.51%, 0, 2, 5, 20.73, 157161, 1644
1581, 5, 79, 87, 51, 1, 2.51%, 0, 2, 5, 20.01, 157260, 1644
1586, 5, 79, 87, 51, 1, 2.51%, 0, 2, 5, 19.02, 157352, 1644
1591, 5, 79, 87, 51, 1, 2.51%, 0, 2, 5, 19.60, 157453, 1644
1596, 5, 79, 87, 51, 1, 2.51%, 0, 2, 5, 20.42, 157557, 1644
1602, 5, 79, 87, 51, 1, 2.51%, 0, 2, 5, 20.22, 157660, 1644
1607, 5, 79, 87, 51, 1, 2.51%, 0, 2, 5, 94.06, 157876, 1644
1612, 5, 18, 87, 50, 0, 2.51%, 0, 2, 5, 8.69, 158265, 1644
1617, 5, 18, 87, 50, 0, 2.51%, 0, 2, 5, 145.00, 158400, 1644
1622, 5, 18, 87, 50, 0, 2.51%, 0, 2, 5, 19.33, 158731, 1644
1627, 5, 30, 87, 50, 0, 2.51%, 0, 2, 5, 8.26, 159176, 1644
1632, 5, 30, 87, 50, 0, 2.51%, 0, 2, 5, 7.70, 159250, 1644
1638, 5, 30, 87, 50, 0, 2.51%, 0, 2, 5, 13.86, 159456, 1644
1643, 5, 30, 87, 50, 0, 2.51%, 0, 2, 5, 4.88, 159518, 1644
1648, 5, 23, 87, 50, 0, 2.51%, 0, 2, 5, 9.23, 159943, 1644
1653, 5, 23, 87, 50, 0, 2.51%, 0, 2, 5, 8.11, 159984, 1644
1658, 5, 23, 87, 50, 0, 2.51%, 0, 2, 5, 8.29, 160140, 1644
1664, 5, 23, 87, 50, 0, 2.51%, 0, 2, 5, 7.64, 160176, 1644
1669, 5, 23, 87, 50, 0, 2.51%, 0, 2, 5, 8.42, 160377, 1644
1674, 5, 41, 87, 50, 0, 2.51%, 0, 2, 5, 12.31, 160570, 1644
1679, 5, 41, 87, 50, 0, 2.51%, 0, 2, 5, 7.31, 160680, 1644
1684, 5, 30, 87, 50, 0, 2.51%, 0, 2, 5, 4.12, 161051, 1644
1689, 5, 30, 87, 50, 0, 2.51%, 0, 2, 5, 7.25, 161088, 1644
1694, 5, 30, 87, 50, 0, 2.51%, 0, 2, 5, 19.75, 161338, 1644
1699, 5, 30, 87, 50, 0, 2.51%, 0, 2, 5, 20.00, 161475, 1644
1704, 5, 23, 87, 50, 0, 2.51%, 0, 2, 5, 31.15, 162236, 1644
1709, 5, 18, 87, 50, 0, 2.51%, 0, 2, 5, 226.32, 162718, 1644
1715, 5, 18, 87, 50, 0, 2.51%, 0, 2, 5, 7.10, 162822, 1644
1720, 5, 18, 87, 50, 0, 2.51%, 0, 2, 5, 7.50, 162990, 1644
1725, 5, 23, 87, 50, 0, 2.51%, 0, 2, 5, 19.35, 163673, 1644
1730, 5, 23, 87, 50, 0, 2.51%, 0, 2, 5, 6.60, 163812, 1644
1736, 5, 23, 87, 50, 0, 2.51%, 0, 2, 5, 8.59, 163889, 1644
1741, 5, 23, 87, 50, 0, 2.51%, 0, 2, 5, 8.31, 163929, 1644
1746, 5, 23, 87, 50, 0, 2.51%, 0, 2, 5, 240.81, 164334, 1644
1751, 5, 23, 87, 50, 0, 2.51%, 0, 2, 5, 5.86, 164541, 1644
1756, 5, 23, 87, 50, 0, 2.51%, 0, 2, 5, 8.82, 164605, 1644
1761, 5, 87, 88, 51, 1, 2.52%, 0, 2, 5, 254.83, 165228, 1649
1766, 5, 87, 88, 51, 1, 2.52%, 0, 2, 5, 4.62, 166155, 1649
1772, 5, 87, 88, 51, 1, 2.52%, 0, 2, 5, 5.35, 166184, 1649
1777, 5, 87, 88, 51, 1, 2.52%, 0, 2, 5, 5.22, 166213, 1649
1782, 5, 87, 88, 51, 1, 2.52%, 0, 2, 5, 4.87, 166239, 1649
1787, 5, 87, 88, 51, 1, 2.52%, 0, 2, 5, 172.01, 166369, 1649
1792, 5, 87, 88, 51, 1, 2.52%, 0, 2, 5, 12.14, 167311, 1649
1797, 5, 87, 88, 51, 1, 2.52%, 0, 2, 5, 11.04, 167365, 1649
1803, 5, 23, 88, 50, 0, 2.52%, 0, 2, 5, 251.53, 167677, 1649
1808, 5, 23, 88, 50, 0, 2.52%, 0, 2, 5, 18.18, 168096, 1649
1813, 5, 37, 88, 50, 0, 2.52%, 0, 2, 5, 197.77, 168528, 1649
1818, 5, 37, 88, 50, 0, 2.52%, 0, 2, 5, 27.05, 168873, 1649
1823, 5, 37, 88, 50, 0, 2.52%, 0, 2, 5, 13.50, 168968, 1649
1828, 5, 37, 88, 50, 0, 2.52%, 0, 2, 5, 145.51, 169135, 1649
1833, 5, 37, 88, 50, 0, 2.52%, 0, 2, 5, 318.47, 169433, 1649
1838, 5, 37, 88, 50, 0, 2.52%, 0, 2, 5, 21.08, 169819, 1649
1844, 5, 37, 88, 50, 0, 2.52%, 0, 2, 5, 7.37, 169950, 1649
1849, 5, 37, 88, 50, 0, 2.52%, 0, 2, 5, 8.38, 169991, 1649
1854, 5, 37, 88, 50, 0, 2.52%, 0, 2, 5, 133.24, 170494, 1649
1859, 5, 37, 88, 50, 0, 2.52%, 0, 2, 5, 280.83, 171264, 1649
1864, 5, 23, 88, 50, 0, 2.52%, 0, 2, 5, 19.91, 171709, 1649
1869, 5, 23, 88, 50, 0, 2.52%, 0, 2, 5, 19.09, 171842, 1649
1875, 5, 23, 88, 50, 0, 2.52%, 0, 2, 5, 13.12, 171896, 1649
1880, 5, 37, 88, 50, 0, 2.52%, 0, 2, 5, 243.77, 172455, 1649
1885, 5, 37, 88, 50, 0, 2.52%, 0, 2, 5, 7.95, 172520, 1649
1890, 5, 37, 88, 50, 0, 2.52%, 0, 2, 5, 16.80, 172935, 1649
1895, 5, 23, 88, 50, 0, 2.52%, 0, 2, 5, 165.86, 173420, 1649
1900, 5, 23, 88, 50, 0, 2.52%, 0, 2, 5, 10.46, 173824, 1649
1906, 5, 23, 88, 50, 0, 2.52%, 0, 2, 5, 7.12, 174249, 1649
1911, 5, 23, 88, 50, 0, 2.52%, 0, 2, 5, 5.82, 174275, 1649
1916, 5, 23, 88, 50, 0, 2.52%, 0, 2, 5, 187.12, 174602, 1649
1921, 5, 18, 88, 50, 0, 2.52%, 0, 2, 5, 6.70, 175164, 1649
1926, 5, 18, 88, 50, 0, 2.52%, 0, 2, 5, 79.82, 175336, 1649
1931, 5, 18, 88, 50, 0, 2.52%, 0, 2, 5, 6.97, 175560, 1649
1936, 5, 49, 88, 50, 0, 2.52%, 0, 2, 5, 19.03, 175826, 1649
1941, 5, 23, 88, 50, 0, 2.52%, 0, 2, 5, 266.91, 176438, 1649
1947, 5, 23, 88, 50, 0, 2.52%, 0, 2, 5, 6.58, 176678, 1649
1952, 5, 23, 88, 50, 0, 2.52%, 0, 2, 5, 8.63, 176750, 1649
1957, 5, 18, 88, 50, 0, 2.52%, 0, 2, 5, 207.77, 177143, 1649
1962, 5, 18, 88, 50, 0, 2.52%, 0, 2, 5, 20.54, 177377, 1649
1967, 5, 18, 88, 50, 0, 2.52%, 0, 2, 5, 9.65, 177615, 1649
1972, 5, 18, 88, 50, 0, 2.52%, 0, 2, 5, 201.54, 177780, 1649
1977, 5, 34, 89, 51, 0, 2.52%, 0, 2, 5, 113.88, 178166, 1650
1982, 5, 34, 89, 51, 0, 2.52%, 0, 2, 5, 7.54, 178446, 1650
1987, 5, 18, 89, 51, 1, 2.52%, 0, 2, 5, 219.17, 178834, 1650
1992, 5, 18, 89, 51, 1, 2.52%, 0, 2, 5, 30.72, 179246, 1650
1998, 5, 18, 89, 51, 1, 2.52%, 0, 2, 5, 16.48, 179456, 1650
2003, 5, 88, 89, 51, 1, 2.52%, 0, 2, 5, 117.54, 179757, 1650
2008, 5, 88, 89, 51, 1, 2.52%, 0, 2, 5, 127.88, 180483, 1650
2013, 5, 88, 89, 51, 1, 2.52%, 0, 2, 5, 104.38, 180983, 1650
2018, 5, 88, 89, 51, 1, 2.52%, 0, 2, 5, 14.14, 181658, 1650
2023, 5, 88, 89, 51, 1, 2.52%, 0, 2, 5, 14.22, 181732, 1650
2029, 5, 88, 89, 51, 1, 2.52%, 0, 2, 5, 17.74, 181818, 1650
2034, 5, 88, 89, 51, 1, 2.52%, 0, 2, 5, 13.89, 182144, 1650
2039, 5, 88, 89, 51, 1, 2.52%, 0, 2, 5, 16.43, 182230, 1650
2044, 5, 88, 89, 51, 1, 2.52%, 0, 2, 5, 14.36, 182455, 1650
2049, 5, 88, 89, 51, 1, 2.52%, 0, 2, 5, 14.40, 182529, 1650
2054, 5, 88, 89, 51, 1, 2.52%, 0, 3, 5, 39.98, 182734, 1650
2059, 5, 88, 89, 51, 1, 2.52%, 0, 3, 5, 19.63, 182807, 1650
2064, 5, 88, 89, 51, 1, 2.52%, 0, 3, 5, 171.96, 183023, 1650
2069, 5, 88, 89, 51, 1, 2.52%, 0, 3, 5, 6.31, 183051, 1650
2075, 5, 88, 89, 51, 1, 2.52%, 0, 3, 5, 5.28, 183076, 1650
2080, 5, 88, 89, 51, 1, 2.52%, 0, 3, 5, 5.03, 183102, 1650
2085, 5, 88, 89, 51, 1, 2.52%, 0, 3, 5, 4.79, 183126, 1650
2090, 5, 88, 89, 51, 1, 2.52%, 0, 3, 5, 4.63, 183150, 1650
2095, 5, 88, 89, 51, 1, 2.52%, 0, 3, 5, 4.53, 183175, 1650
2100, 5, 37, 89, 50, 0, 2.52%, 0, 3, 5, 19.79, 184139, 1650
2105, 5, 37, 89, 50, 0, 2.52%, 0, 3, 5, 7.24, 184238, 1650
2111, 5, 37, 89, 50, 0, 2.52%, 0, 3, 5, 38.67, 184382, 1650
2116, 5, 37, 89, 50, 0, 2.52%, 0, 3, 5, 13.43, 184600, 1650
2121, 5, 23, 89, 50, 0, 2.52%, 0, 3, 5, 8.14, 184944, 1650
2126, 5, 23, 89, 50, 0, 2.52%, 0, 3, 5, 50.00, 185021, 1650
2131, 5, 23, 89, 50, 0, 2.52%, 0, 3, 5, 8.49, 185319, 1650
2136, 5, 23, 89, 50, 0, 2.52%, 0, 3, 5, 6.69, 185392, 1650
2142, 5, 30, 89, 50, 0, 2.52%, 0, 3, 5, 8.11, 185750, 1650
2147, 5, 30, 89, 50, 0, 2.52%, 0, 3, 5, 8.13, 185887, 1650
2152, 5, 30, 89, 50, 0, 2.52%, 0, 3, 5, 6.74, 186152, 1650
2157, 5, 23, 89, 50, 0, 2.52%, 0, 3, 5, 216.96, 186688, 1650
2162, 5, 23, 89, 50, 0, 2.52%, 0, 3, 5, 265.28, 186920, 1650
2167, 5, 18, 89, 50, 0, 2.52%, 0, 3, 5, 26.95, 187668, 1650
2172, 5, 18, 89, 50, 0, 2.52%, 0, 3, 5, 7.95, 187838, 1650
2178, 5, 4, 89, 50, 0, 2.52%, 0, 3, 5, 244.03, 188685, 1650
2183, 5, 4, 89, 50, 0, 2.52%, 0, 3, 5, 19.49, 189075, 1650
2188, 5, 4, 89, 50, 0, 2.52%, 0, 3, 5, 326.49, 189690, 1650
2193, 5, 4, 89, 50, 0, 2.52%, 0, 3, 5, 19.57, 189884, 1650
2198, 5, 4, 89, 50, 0, 2.52%, 0, 3, 5, 18.77, 190116, 1650
2203, 5, 4, 89, 50, 0, 2.52%, 0, 3, 5, 13.44, 190721, 1650
2208, 5, 4, 89, 50, 0, 2.52%, 0, 3, 5, 7.47, 190749, 1650
2213, 5, 4, 89, 50, 0, 2.52%, 0, 3, 5, 6.48, 190780, 1650
2218, 5, 4, 89, 50, 0, 2.52%, 0, 3, 5, 5.78, 190809, 1650
2224, 5, 4, 89, 50, 0, 2.52%, 0, 3, 5, 5.41, 190836, 1650
2229, 5, 4, 89, 50, 0, 2.52%, 0, 3, 5, 14.35, 190909, 1650
2234, 5, 30, 89, 50, 0, 2.52%, 0, 3, 5, 141.13, 191281, 1650
2239, 5, 30, 89, 50, 0, 2.52%, 0, 3, 5, 8.46, 191512, 1650
2244, 5, 30, 89, 50, 0, 2.52%, 0, 3, 5, 19.76, 191677, 1650
2249, 5, 47, 89, 50, 0, 2.52%, 0, 3, 5, 20.27, 192089, 1650
2254, 5, 47, 89, 50, 0, 2.52%, 0, 3, 5, 15.03, 192165, 1650
2259, 5, 39, 89, 50, 0, 2.52%, 0, 3, 5, 180.78, 192929, 1650
2264, 5, 39, 89, 50, 0, 2.52%, 0, 3, 5, 18.45, 193485, 1650
2269, 5, 39, 89, 50, 0, 2.52%, 0, 3, 5, 23.39, 193861, 1650
2275, 5, 39, 89, 50, 0, 2.52%, 0, 3, 5, 260.50, 194505, 1650
2280, 5, 39, 89, 50, 0, 2.52%, 0, 3, 5, 20.68, 195368, 1650
2285, 5, 39, 89, 50, 0, 2.52%, 0, 3, 5, 269.35, 196175, 1650
2290, 5, 39, 89, 50, 0, 2.52%, 0, 3, 5, 21.69, 196568, 1650
2295, 5, 37, 89, 50, 0, 2.52%, 0, 3, 5, 246.91, 197256, 1650
2300, 5, 37, 89, 50, 0, 2.52%, 0, 3, 5, 10.10, 197429, 1650
2305, 5, 37, 89, 50, 0, 2.52%, 0, 3, 5, 7.95, 197688, 1650
2311, 5, 37, 89, 50, 0, 2.52%, 0, 3, 5, 7.08, 197722, 1650
2316, 5, 23, 89, 50, 0, 2.52%, 0, 3, 5, 9.43, 198250, 1650
2321, 5, 23, 89, 50, 0, 2.52%, 0, 3, 5, 6.79, 198394, 1650
2326, 6, 30, 89, 50, 0, 2.52%, 0, 3, 5, 10.49, 198916, 1650
2331, 6, 30, 89, 50, 0, 2.52%, 0, 3, 5, 3.86, 199111, 1650
2336, 6, 30, 89, 50, 0, 2.52%, 0, 3, 5, 4.27, 199134, 1650
2342, 6, 30, 89, 50, 0, 2.52%, 0, 3, 5, 183.28, 199475, 1650
2347, 6, 30, 89, 50, 0, 2.52%, 0, 3, 5, 7.00, 199919, 1650
2352, 6, 30, 89, 50, 0, 2.52%, 0, 3, 5, 8.53, 200053, 1650
2357, 6, 23, 89, 50, 0, 2.52%, 0, 3, 5, 20.19, 200634, 1650
2362, 6, 23, 89, 50, 0, 2.52%, 0, 3, 5, 7.74, 200717, 1650
2368, 6, 23, 89, 50, 0, 2.52%, 0, 3, 5, 15.06, 201194, 1650
2373, 6, 18, 89, 50, 0, 2.52%, 0, 3, 5, 179.00, 201991, 1650
2378, 6, 18, 89, 50, 0, 2.52%, 0, 3, 5, 22.22, 202330, 1650
2383, 6, 18, 89, 50, 0, 2.52%, 0, 3, 5, 11.65, 202462, 1650
2388, 6, 18, 89, 50, 0, 2.52%, 0, 3, 5, 12.53, 202516, 1650
2393, 6, 77, 89, 50, 0, 2.52%, 0, 3, 5, 11.96, 202993, 1650
2398, 6, 77, 89, 50, 0, 2.52%, 0, 3, 5, 180.39, 203109, 1650
2403, 6, 45, 89, 50, 0, 2.52%, 0, 3, 5, 55.16, 203571, 1650
2408, 6, 45, 89, 50, 0, 2.52%, 0, 3, 5, 18.86, 203814, 1650
2413, 6, 18, 89, 50, 0, 2.52%, 0, 3, 5, 7.65, 204388, 1650
2418, 6, 18, 89, 50, 0, 2.52%, 0, 3, 5, 232.59, 204702, 1650
2424, 6, 23, 89, 50, 0, 2.52%, 0, 3, 5, 26.74, 205316, 1650
2429, 6, 23, 89, 50, 0, 2.52%, 0, 3, 5, 6.21, 205364, 1650
2434, 6, 23, 89, 50, 0, 2.52%, 0, 3, 5, 22.01, 205477, 1650
2439, 6, 23, 89, 50, 0, 2.52%, 0, 3, 5, 7.23, 205591, 1650
2444, 6, 18, 89, 50, 0, 2.52%, 0, 3, 5, 19.00, 206148, 1650
2449, 6, 18, 89, 50, 0, 2.52%, 0, 3, 5, 11.87, 206191, 1650
2454, 6, 18, 89, 50, 0, 2.52%, 0, 3, 5, 8.74, 206555, 1650
2459, 6, 18, 89, 50, 0, 2.52%, 0, 3, 5, 8.48, 206597, 1650
2464, 6, 27, 89, 50, 0, 2.52%, 0, 3, 5, 313.31, 206850, 1650
2470, 6, 27, 89, 50, 0, 2.52%, 0, 3, 5, 100.42, 207092, 1650
2475, 6, 23, 89, 50, 0, 2.52%, 0, 3, 5, 5.46, 207454, 1650
2480, 6, 23, 89, 50, 0, 2.52%, 0, 3, 5, 254.29, 207634, 1650
2485, 6, 23, 89, 50, 0, 2.52%, 0, 3, 5, 3.96, 207744, 1650
2490, 6, 23, 89, 50, 0, 2.52%, 0, 3, 5, 4.40, 207767, 1650
2495, 6, 18, 89, 50, 0, 2.52%, 0, 3, 5, 19.81, 208368, 1650
2501, 6, 18, 89, 50, 0, 2.52%, 0, 3, 5, 18.53, 208452, 1650
2506, 6, 18, 89, 50, 0, 2.52%, 0, 3, 5, 9.39, 208635, 1650
2511, 6, 18, 89, 50, 0, 2.52%, 0, 3, 5, 199.13, 208996, 1650
2516, 6, 18, 89, 50, 0, 2.52%, 0, 3, 5, 3.98, 209398, 1650
2521, 6, 18, 89, 50, 0, 2.52%, 0, 3, 5, 4.62, 209424, 1650
2526, 6, 18, 89, 50, 0, 2.52%, 0, 3, 5, 15.39, 209502, 1650
2531, 6, 18, 89, 50, 0, 2.52%, 0, 3, 5, 10.69, 209567, 1650
2537, 6, 16, 89, 50, 0, 2.52%, 0, 3, 5, 209.78, 210237, 1650
2542, 6, 16, 89, 50, 0, 2.52%, 0, 3, 5, 4.28, 210338, 1650
2547, 6, 30, 89, 50, 0, 2.52%, 0, 3, 5, 40.75, 210839, 1650
2552, 6, 23, 89, 50, 0, 2.52%, 0, 3, 5, 7.53, 211566, 1650
2557, 6, 23, 89, 50, 0, 2.52%, 0, 3, 5, 22.85, 211733, 1650
2562, 6, 23, 89, 50, 0, 2.52%, 0, 3, 5, 13.31, 211973, 1650
2567, 6, 23, 89, 50, 0, 2.52%, 0, 3, 5, 8.51, 212460, 1650
2573, 6, 23, 89, 50, 0, 2.52%, 0, 3, 5, 28.24, 212554, 1650
2578, 6, 23, 89, 50, 0, 2.52%, 0, 3, 5, 7.87, 212690, 1650
2583, 6, 16, 89, 50, 0, 2.52%, 0, 3, 5, 16.88, 213104, 1650
2588, 6, 23, 89, 50, 0, 2.52%, 0, 3, 5, 290.62, 213637, 1650
2594, 6, 23, 89, 50, 0, 2.52%, 0, 3, 5, 6.78, 213995, 1650
2599, 6, 23, 89, 50, 0, 2.52%, 0, 3, 5, 3.57, 214289, 1650
2604, 6, 23, 89, 50, 0, 2.52%, 0, 3, 5, 5.11, 214414, 1650
2609, 6, 23, 89, 50, 0, 2.52%, 0, 3, 5, 5.71, 214443, 1650
2615, 6, 23, 89, 50, 0, 2.52%, 0, 3, 5, 8.98, 214744, 1650
2620, 6, 49, 89, 50, 0, 2.52%, 0, 3, 5, 11.55, 214958, 1650
2625, 6, 49, 89, 50, 0, 2.52%, 0, 3, 5, 4.11, 215029, 1650
2630, 6, 37, 89, 50, 0, 2.52%, 0, 3, 5, 134.16, 215446, 1650
2635, 6, 37, 89, 50, 0, 2.52%, 0, 3, 5, 7.07, 215919, 1650
2641, 6, 37, 89, 50, 0, 2.52%, 0, 3, 5, 8.25, 216076, 1650
2646, 6, 37, 89, 50, 0, 2.52%, 0, 3, 5, 311.88, 216177, 1650
2651, 6, 23, 89, 50, 0, 2.52%, 0, 3, 5, 16.51, 216923, 1650
2656, 6, 18, 89, 50, 0, 2.52%, 0, 3, 5, 277.03, 217365, 1650
2661, 6, 18, 89, 50, 0, 2.52%, 0, 3, 5, 8.03, 217699, 1650
2666, 6, 18, 89, 50, 0, 2.52%, 0, 3, 5, 14.58, 217914, 1650
2672, 6, 37, 89, 50, 0, 2.52%, 0, 3, 5, 8.09, 218605, 1650
2677, 6, 37, 89, 50, 0, 2.52%, 0, 3, 5, 283.35, 218861, 1650
2682, 6, 49, 89, 50, 0, 2.52%, 0, 3, 5, 7.08, 219401, 1650
2687, 6, 37, 89, 50, 0, 2.52%, 0, 3, 5, 20.12, 220081, 1650
2692, 6, 37, 89, 50, 0, 2.52%, 0, 3, 5, 14.42, 220145, 1650
2697, 6, 37, 89, 50, 0, 2.52%, 0, 3, 5, 10.09, 220190, 1650
2702, 6, 37, 89, 50, 0, 2.52%, 0, 3, 5, 8.48, 220315, 1650
2708, 6, 37, 89, 50, 0, 2.52%, 0, 3, 5, 7.16, 220555, 1650
2713, 6, 37, 89, 50, 0, 2.52%, 0, 3, 5, 6.98, 220590, 1650
2718, 6, 18, 89, 50, 0, 2.52%, 0, 3, 5, 26.94, 221171, 1650
2723, 6, 18, 89, 50, 0, 2.52%, 0, 3, 5, 7.30, 221403, 1650
2728, 6, 18, 89, 50, 0, 2.52%, 0, 3, 5, 7.17, 221439, 1650
2733, 6, 18, 89, 50, 0, 2.52%, 0, 3, 5, 154.76, 221520, 1650
2738, 6, 23, 89, 50, 0, 2.52%, 0, 3, 5, 6.51, 221977, 1650
2744, 6, 23, 89, 50, 0, 2.52%, 0, 3, 5, 20.13, 222219, 1650
2749, 6, 37, 90, 51, 0, 2.52%, 0, 3, 5, 299.62, 223035, 1651
2754, 6, 37, 90, 51, 0, 2.52%, 0, 3, 5, 48.48, 223720, 1651
2759, 6, 18, 90, 51, 1, 2.52%, 0, 3, 5, 17.35, 224303, 1651
2764, 6, 18, 90, 51, 1, 2.52%, 0, 3, 5, 20.74, 224437, 1651
2769, 6, 89, 90, 51, 1, 2.52%, 0, 3, 5, 300.70, 225054, 1651
2774, 6, 89, 90, 51, 1, 2.52%, 0, 3, 5, 15.82, 225635, 1651
2779, 6, 89, 90, 51, 1, 2.52%, 0, 3, 5, 10.95, 225677, 1651
2785, 6, 89, 90, 51, 1, 2.52%, 0, 3, 5, 17.63, 225967, 1651
2790, 6, 36, 90, 50, 0, 2.52%, 0, 3, 5, 257.28, 226698, 1651
2795, 6, 36, 90, 50, 0, 2.52%, 0, 3, 5, 14.07, 227356, 1651
2800, 6, 36, 90, 50, 0, 2.52%, 0, 3, 5, 12.27, 227419, 1651
2805, 6, 36, 90, 50, 0, 2.52%, 0, 3, 5, 9.49, 227463, 1651
2810, 6, 36, 90, 50, 0, 2.52%, 0, 3, 5, 13.87, 227532, 1651
2815, 6, 36, 90, 50, 0, 2.52%, 0, 3, 5, 10.08, 227770, 1651
2820, 6, 36, 90, 50, 0, 2.52%, 0, 3, 5, 9.63, 227819, 1651
2825, 6, 36, 90, 50, 0, 2.52%, 0, 3, 5, 20.30, 227977, 1651
2830, 6, 36, 90, 50, 0, 2.52%, 0, 3, 5, 12.40, 228036, 1651
2835, 6, 36, 90, 50, 0, 2.52%, 0, 3, 5, 7.16, 228061, 1651
2841, 6, 36, 90, 50, 0, 2.52%, 0, 3, 5, 5.55, 228086, 1651
2846, 6, 36, 90, 50, 0, 2.52%, 0, 3, 5, 4.90, 228109, 1651
2851, 6, 36, 90, 50, 0, 2.52%, 0, 3, 5, 5.29, 228137, 1651
2856, 6, 36, 90, 50, 0, 2.52%, 0, 3, 5, 4.79, 228160, 1651
2861, 6, 36, 90, 50, 0, 2.52%, 0, 3, 5, 4.88, 228186, 1651
2866, 6, 36, 90, 50, 0, 2.52%, 0, 3, 5, 19.73, 228325, 1651
2871, 6, 45, 90, 50, 0, 2.52%, 0, 3, 5, 20.66, 228856, 1651
2876, 6, 23, 90, 50, 0, 2.52%, 0, 3, 5, 9.29, 229741, 1651
2881, 6, 23, 90, 50, 0, 2.52%, 0, 3, 5, 23.15, 229867, 1651
2886, 6, 23, 90, 50, 0, 2.52%, 0, 3, 5, 11.86, 230015, 1651
2891, 6, 23, 90, 50, 0, 2.52%, 0, 3, 5, 13.52, 230051, 1651
2896, 6, 38, 91, 51, 0, 2.53%, 0, 3, 5, 268.37, 231295, 1656
2902, 6, 38, 91, 51, 0, 2.53%, 0, 3, 5, 4.98, 232070, 1656
2907, 6, 38, 91, 51, 0, 2.53%, 0, 3, 5, 6.12, 232103, 1656
2912, 6, 38, 91, 51, 0, 2.53%, 0, 3, 5, 7.33, 232143, 1656
2917, 6, 38, 91, 51, 0, 2.53%, 0, 3, 5, 10.14, 232374, 1656
2922, 6, 38, 91, 51, 0, 2.53%, 0, 3, 5, 8.78, 232418, 1656
2927, 6, 38, 91, 51, 0, 2.53%, 0, 3, 5, 38.46, 232758, 1656
2932, 6, 38, 91, 51, 0, 2.53%, 0, 3, 5, 346.72, 233010, 1656
2938, 6, 18, 91, 51, 1, 2.53%, 0, 3, 5, 17.78, 233568, 1656
2943, 6, 18, 91, 51, 1, 2.53%, 0, 3, 5, 19.31, 234083, 1656
2948, 6, 68, 91, 51, 1, 2.53%, 0, 3, 5, 265.68, 235362, 1656
2953, 6, 90, 91, 50, 1, 2.53%, 0, 3, 5, 269.87, 235825, 1656
2958, 6, 90, 91, 50, 1, 2.53%, 0, 3, 5, 16.25, 237080, 1656
2963, 6, 90, 91, 50, 1, 2.53%, 0, 3, 5, 16.53, 237164, 1656
2968, 6, 90, 91, 50, 1, 2.53%, 0, 3, 5, 19.73, 237584, 1656
2973, 6, 90, 91, 50, 1, 2.53%, 0, 3, 5, 4.12, 237760, 1656
2979, 6, 90, 91, 50, 1, 2.53%, 0, 3, 5, 5.71, 237793, 1656
2984, 6, 90, 91, 50, 1, 2.53%, 0, 3, 5, 4.79, 237817, 1656
2989, 6, 90, 91, 50, 1, 2.53%, 0, 3, 5, 5.87, 237850, 1656
2994, 6, 47, 91, 49, 0, 2.53%, 0, 3, 5, 321.62, 238179, 1656
2999, 6, 23, 91, 49, 0, 2.53%, 0, 3, 5, 9.06, 238860, 1656
3004, 6, 41, 91, 49, 0, 2.53%, 0, 3, 5, 35.80, 239411, 1656
3009, 6, 41, 92, 50, 0, 2.57%, 0, 3, 5, 160.35, 239729, 1685
3015, 6, 91, 92, 50, 1, 2.57%, 0, 3, 5, 146.97, 239860, 1685
3020, 6, 91, 92, 50, 1, 2.57%, 0, 3, 5, 147.03, 240618, 1685
3025, 6, 91, 92, 50, 1, 2.57%, 0, 3, 5, 171.09, 241462, 1685
3030, 6, 91, 92, 50, 1, 2.57%, 0, 3, 5, 20.98, 241985, 1685
3035, 6, 91, 92, 50, 1, 2.57%, 0, 3, 5, 17.31, 242069, 1685
3040, 6, 91, 92, 50, 1, 2.57%, 0, 3, 5, 211.70, 242823, 1685
3045, 6, 21, 92, 49, 0, 2.57%, 0, 3, 5, 194.07, 243631, 1685
3050, 6, 21, 92, 49, 0, 2.57%, 0, 3, 5, 5.10, 244230, 1685
3056, 6, 21, 92, 49, 0, 2.57%, 0, 3, 5, 4.66, 244253, 1685
3061, 6, 21, 92, 49, 0, 2.57%, 0, 3, 5, 4.62, 244279, 1685
3066, 6, 21, 92, 49, 0, 2.57%, 0, 3, 5, 28.25, 244571, 1685
3071, 6, 21, 92, 49, 0, 2.57%, 0, 3, 5, 14.03, 244918, 1685
3076, 6, 21, 92, 49, 0, 2.57%, 0, 3, 5, 8.06, 244944, 1685
3081, 6, 21, 92, 49, 0, 2.57%, 0, 3, 5, 5.41, 244965, 1685
3086, 6, 21, 92, 49, 0, 2.57%, 0, 3, 5, 4.74, 244989, 1685
3092, 6, 21, 92, 49, 0, 2.57%, 0, 3, 5, 10.34, 245039, 1685
3097, 6, 21, 92, 49, 0, 2.57%, 0, 3, 5, 10.35, 245103, 1685
3102, 6, 21, 92, 49, 0, 2.57%, 0, 3, 5, 7.62, 245134, 1685
3107, 6, 21, 92, 49, 0, 2.57%, 0, 3, 5, 5.09, 245154, 1685
3112, 6, 21, 92, 49, 0, 2.57%, 0, 3, 5, 4.84, 245179, 1685
3117, 6, 88, 92, 49, 0, 2.57%, 0, 3, 5, 14.18, 245846, 1685
3122, 6, 88, 92, 49, 0, 2.57%, 0, 3, 5, 7.77, 246244, 1685
3127, 6, 23, 92, 49, 0, 2.57%, 0, 3, 5, 133.55, 246502, 1685
3132, 6, 23, 92, 49, 0, 2.57%, 0, 3, 5, 4.19, 246776, 1685
3138, 6, 23, 92, 49, 0, 2.57%, 0, 3, 5, 283.09, 247030, 1685
3143, 6, 23, 92, 49, 0, 2.57%, 0, 3, 5, 9.78, 247078, 1685
3148, 6, 23, 92, 49, 0, 2.57%, 0, 3, 5, 7.93, 247570, 1685
3153, 6, 23, 92, 49, 0, 2.57%, 0, 3, 5, 211.56, 247801, 1685
3158, 6, 23, 92, 49, 0, 2.57%, 0, 3, 5, 25.95, 248350, 1685
3163, 6, 23, 92, 49, 0, 2.57%, 0, 3, 5, 12.73, 248458, 1685
3169, 6, 23, 92, 49, 0, 2.57%, 0, 3, 5, 12.09, 248607, 1685
3174, 6, 16, 92, 49, 0, 2.57%, 0, 3, 5, 27.75, 249588, 1685
3180, 6, 16, 92, 49, 0, 2.57%, 0, 3, 5, 6.43, 249666, 1685
3185, 6, 16, 92, 49, 0, 2.57%, 0, 3, 5, 90.00, 249883, 1685
3190, 6, 23, 92, 49, 0, 2.57%, 0, 3, 5, 8.48, 250305, 1685
3195, 6, 23, 92, 49, 0, 2.57%, 0, 3, 5, 7.12, 250472, 1685
3200, 6, 23, 92, 49, 0, 2.57%, 0, 3, 5, 83.75, 250576, 1685
3205, 6, 18, 92, 49, 0, 2.57%, 0, 3, 5, 231.35, 250939, 1685
3210, 6, 18, 92, 49, 0, 2.57%, 0, 3, 5, 115.65, 251178, 1685
3215, 6, 18, 92, 49, 0, 2.57%, 0, 3, 5, 7.73, 251435, 1685
3220, 6, 18, 92, 49, 0, 2.57%, 0, 3, 5, 21.52, 251600, 1685
3225, 6, 18, 92, 49, 0, 2.57%, 0, 3, 5, 78.82, 251654, 1685
3230, 6, 23, 92, 49, 0, 2.57%, 0, 3, 5, 157.25, 252275, 1685
3235, 6, 41, 92, 49, 0, 2.57%, 0, 3, 5, 211.00, 252535, 1685
3241, 6, 90, 92, 49, 0, 2.57%, 0, 3, 5, 136.40, 253086, 1685
3246, 6, 90, 92, 49, 0, 2.57%, 0, 3, 5, 245.44, 254482, 1685
3251, 6, 90, 92, 49, 0, 2.57%, 0, 3, 5, 220.81, 255613, 1685
3256, 6, 90, 92, 49, 0, 2.57%, 0, 3, 5, 305.56, 257037, 1685
3261, 6, 90, 92, 49, 0, 2.57%, 0, 3, 5, 20.17, 257558, 1685
3266, 6, 90, 92, 49, 0, 2.57%, 0, 3, 5, 11.93, 257605, 1685
3271, 6, 90, 92, 49, 0, 2.57%, 0, 3, 5, 9.69, 257650, 1685
3276, 6, 90, 92, 49, 0, 2.57%, 0, 3, 5, 9.18, 257696, 1685
3281, 6, 90, 92, 49, 0, 2.57%, 0, 3, 5, 9.55, 257747, 1685
3286, 6, 90, 92, 49, 0, 2.57%, 0, 3, 5, 97.22, 257936, 1685
3292, 6, 90, 92, 49, 0, 2.57%, 0, 3, 5, 10.11, 258104, 1685
3297, 6, 90, 92, 49, 0, 2.57%, 0, 3, 5, 11.21, 258166, 1685
3302, 6, 90, 92, 49, 0, 2.57%, 0, 3, 5, 12.24, 258230, 1685
3307, 6, 90, 92, 49, 0, 2.57%, 0, 3, 5, 11.94, 258290, 1685
3312, 6, 90, 92, 49, 0, 2.57%, 0, 3, 5, 15.15, 258367, 1685
3317, 6, 90, 92, 49, 0, 2.57%, 0, 3, 5, 16.44, 258453, 1685
3322, 6, 90, 92, 49, 0, 2.57%, 0, 3, 5, 17.09, 258542, 1685
3327, 6, 30, 92, 49, 0, 2.57%, 0, 3, 5, 236.40, 259211, 1685
3332, 6, 30, 92, 49, 0, 2.57%, 0, 3, 5, 9.22, 259306, 1685
3337, 6, 30, 92, 49, 0, 2.57%, 0, 3, 5, 6.11, 259333, 1685
3342, 6, 30, 92, 49, 0, 2.57%, 0, 3, 5, 8.24, 259375, 1685
3348, 6, 30, 92, 49, 0, 2.57%, 0, 3, 5, 7.90, 259540, 1685
3353, 6, 30, 92, 49, 0, 2.57%, 0, 3, 5, 8.85, 259901, 1685
3358, 6, 30, 92, 49, 0, 2.57%, 0, 3, 5, 17.94, 260260, 1685
3363, 6, 30, 92, 49, 0, 2.57%, 0, 3, 5, 4.48, 260322, 1685
3368, 6, 23, 92, 49, 0, 2.57%, 0, 3, 5, 20.74, 260696, 1685
3373, 6, 23, 92, 49, 0, 2.57%, 0, 3, 5, 264.54, 261090, 1685
3379, 6, 37, 92, 49, 0, 2.57%, 0, 3, 5, 17.08, 261664, 1685
3384, 6, 37, 92, 49, 0, 2.57%, 0, 3, 5, 201.79, 261870, 1685
3389, 6, 41, 93, 50, 0, 2.57%, 0, 3, 5, 6.05, 262552, 1685
3394, 6, 28, 93, 50, 0, 2.57%, 0, 3, 5, 34.20, 262999, 1685
3399, 6, 28, 93, 50, 0, 2.57%, 0, 3, 5, 9.64, 263264, 1685
3405, 6, 37, 93, 50, 0, 2.57%, 0, 3, 5, 16.94, 263728, 1685
3410, 6, 18, 93, 50, 0, 2.57%, 0, 3, 5, 227.63, 264812, 1685
3415, 6, 18, 93, 50, 0, 2.57%, 0, 3, 5, 23.94, 265096, 1685
3420, 6, 18, 93, 50, 0, 2.57%, 0, 3, 5, 5.07, 265179, 1685
3425, 6, 18, 93, 50, 0, 2.57%, 0, 3, 5, 22.29, 265305, 1685
3430, 6, 47, 93, 50, 0, 2.57%, 0, 3, 5, 12.42, 265820, 1685
3435, 6, 47, 93, 50, 0, 2.57%, 0, 3, 5, 338.17, 265974, 1685
3440, 6, 47, 93, 50, 0, 2.57%, 0, 3, 5, 3.68, 266209, 1685
3446, 6, 47, 93, 50, 0, 2.57%, 0, 3, 5, 4.63, 266555, 1685
3451, 6, 47, 93, 50, 0, 2.57%, 0, 3, 5, 4.80, 266581, 1685
3456, 6, 30, 93, 50, 0, 2.57%, 0, 3, 5, 86.77, 266861, 1685
3461, 6, 30, 93, 50, 0, 2.57%, 0, 3, 5, 7.87, 267536, 1685
3466, 6, 30, 93, 50, 0, 2.57%, 0, 3, 5, 243.52, 267932, 1685
3472, 6, 30, 93, 50, 0, 2.57%, 0, 3, 5, 9.19, 268064, 1685
3477, 6, 30, 93, 50, 0, 2.57%, 0, 3, 5, 8.22, 268105, 1685
3482, 6, 30, 93, 50, 0, 2.57%, 0, 3, 5, 11.89, 268161, 1685
3487, 6, 30, 93, 50, 0, 2.57%, 0, 3, 5, 13.22, 268220, 1685
3492, 6, 23, 93, 50, 0, 2.57%, 0, 3, 5, 8.02, 268672, 1685
3497, 6, 23, 93, 50, 0, 2.57%, 0, 3, 5, 7.31, 268958, 1685
3503, 6, 23, 93, 50, 0, 2.57%, 0, 3, 5, 170.00, 269048, 1685
3508, 6, 18, 93, 50, 0, 2.57%, 0, 3, 5, 7.60, 269930, 1685
3513, 6, 18, 93, 50, 0, 2.57%, 0, 3, 5, 9.07, 269972, 1685
3518, 6, 45, 93, 50, 0, 2.57%, 0, 3, 5, 19.53, 270576, 1685
3523, 6, 23, 93, 50, 0, 2.57%, 0, 3, 5, 268.66, 271238, 1685
3528, 6, 23, 93, 50, 0, 2.57%, 0, 3, 5, 4.48, 271403, 1685
3533, 6, 23, 93, 50, 0, 2.57%, 0, 3, 5, 7.47, 271465, 1685
3538, 6, 30, 93, 50, 0, 2.57%, 0, 3, 5, 16.47, 271933, 1685
3543, 6, 30, 93, 50, 0, 2.57%, 0, 3, 5, 242.57, 272249, 1685
3549, 6, 30, 93, 50, 0, 2.57%, 0, 3, 5, 289.18, 272874, 1685
3554, 6, 30, 93, 50, 0, 2.57%, 0, 3, 5, 2.47, 273090, 1685
3559, 6, 36, 93, 50, 0, 2.57%, 0, 3, 5, 30.07, 273947, 1685
3564, 6, 36, 93, 50, 0, 2.57%, 0, 3, 5, 19.64, 274203, 1685
3569, 6, 36, 93, 50, 0, 2.57%, 0, 3, 5, 19.61, 274305, 1685
3574, 6, 36, 93, 50, 0, 2.57%, 0, 3, 5, 19.18, 274486, 1685
3580, 6, 36, 93, 50, 0, 2.57%, 0, 3, 5, 15.69, 274569, 1685
3585, 6, 36, 93, 50, 0, 2.57%, 0, 3, 5, 160.00, 274659, 1685
3590, 6, 36, 93, 50, 0, 2.57%, 0, 3, 5, 7.48, 274925, 1685
3595, 6, 36, 93, 50, 0, 2.57%, 0, 3, 5, 7.46, 274963, 1685
3600, 6, 36, 93, 50, 0, 2.57%, 0, 3, 5, 14.83, 275090, 1685
3605, 6, 36, 93, 50, 0, 2.57%, 0, 3, 5, 10.44, 275134, 1685
3610, 6, 23, 93, 50, 0, 2.57%, 0, 3, 5, 7.68, 275434, 1685
3615, 6, 23, 93, 50, 0, 2.57%, 0, 3, 5, 283.58, 275615, 1685
