# relative_time, cycles_done, cur_item, corpus_count, pending_total, pending_favs, map_size, saved_crashes, saved_hangs, max_depth, execs_per_sec, total_execs, edges_found
60, 0, 13, 24, 22, 11, 1.68%, 0, 0, 3, 220.03, 15085, 1099
66, 0, 13, 24, 22, 11, 1.68%, 0, 0, 3, 221.69, 16225, 1099
71, 0, 13, 24, 22, 11, 1.68%, 0, 0, 3, 235.46, 17446, 1099
76, 0, 6, 26, 23, 13, 1.68%, 0, 0, 3, 258.21, 18777, 1099
81, 0, 9, 26, 22, 12, 1.68%, 0, 0, 3, 270.09, 20190, 1099
86, 0, 5, 29, 24, 11, 1.71%, 0, 0, 3, 265.24, 21549, 1123
91, 0, 5, 29, 24, 11, 1.71%, 0, 0, 3, 235.86, 22782, 1123
97, 0, 5, 29, 24, 11, 1.71%, 0, 0, 3, 226.55, 23870, 1123
102, 0, 8, 29, 23, 11, 1.71%, 0, 0, 3, 249.28, 25154, 1123
107, 0, 11, 29, 22, 10, 1.71%, 0, 0, 3, 258.57, 26462, 1123
112, 0, 21, 30, 22, 9, 1.75%, 0, 0, 4, 262.87, 27856, 1144
117, 0, 24, 30, 21, 9, 1.75%, 0, 0, 4, 267.48, 29210, 1144
122, 0, 27, 30, 20, 8, 1.75%, 0, 0, 4, 260.72, 30602, 1144
127, 0, 29, 32, 21, 8, 1.75%, 0, 0, 5, 278.44, 32030, 1150
132, 0, 29, 32, 21, 8, 1.75%, 0, 0, 5, 261.46, 33328, 1150
138, 0, 30, 32, 19, 7, 1.75%, 0, 0, 5, 265.05, 34684, 1150
143, 0, 15, 32, 18, 6, 1.75%, 0, 0, 5, 267.33, 36028, 1150
148, 0, 31, 32, 17, 5, 1.75%, 0, 0, 5, 278.44, 37447, 1150
153, 0, 31, 32, 17, 5, 1.75%, 0, 0, 5, 263.72, 38801, 1150
158, 0, 16, 32, 16, 4, 1.75%, 0, 0, 5, 267.21, 40199, 1150
163, 0, 16, 33, 17, 4, 1.76%, 0, 0, 5, 261.88, 41517, 1153
168, 0, 16, 33, 17, 4, 1.76%, 0, 0, 5, 257.57, 42863, 1153
173, 0, 16, 33, 17, 4, 1.76%, 0, 0, 5, 255.62, 44168, 1153
178, 0, 1, 33, 16, 4, 1.76%, 0, 0, 5, 21.60, 45457, 1153
184, 0, 1, 33, 16, 4, 1.76%, 0, 1, 5, 276.32, 45990, 1153
189, 0, 0, 33, 15, 3, 1.76%, 0, 1, 5, 42.04, 46227, 1153
194, 0, 0, 34, 16, 3, 1.79%, 0, 1, 5, 178.74, 46415, 1170
199, 0, 0, 39, 21, 3, 1.79%, 0, 1, 5, 105.89, 46837, 1175
204, 0, 0, 40, 22, 3, 1.79%, 0, 1, 5, 89.97, 47279, 1175
209, 0, 0, 41, 23, 3, 1.79%, 0, 1, 5, 73.76, 47634, 1176
214, 0, 0, 43, 25, 3, 1.79%, 0, 1, 5, 80.08, 48056, 1176
219, 0, 0, 44, 26, 3, 1.80%, 0, 1, 5, 82.14, 48462, 1179
224, 0, 0, 44, 26, 3, 1.80%, 0, 1, 5, 85.43, 48906, 1179
229, 0, 0, 44, 26, 3, 1.80%, 0, 1, 5, 79.87, 49314, 1179
235, 0, 0, 45, 27, 3, 1.80%, 0, 1, 5, 74.31, 49681, 1179
240, 0, 0, 45, 27, 3, 1.80%, 0, 1, 5, 75.06, 50063, 1179
245, 0, 0, 46, 28, 3, 1.80%, 0, 1, 5, 81.44, 50493, 1179
250, 0, 0, 46, 28, 3, 1.80%, 0, 1, 5, 79.72, 50892, 1179
255, 0, 0, 46, 28, 3, 1.80%, 0, 1, 5, 81.23, 51316, 1179
260, 0, 0, 46, 28, 3, 1.80%, 0, 1, 5, 89.95, 51771, 1179
265, 0, 0, 46, 28, 3, 1.80%, 0, 1, 5, 82.24, 52187, 1179
271, 0, 0, 47, 29, 3, 1.81%, 0, 1, 5, 84.74, 52631, 1185
276, 0, 0, 47, 29, 3, 1.81%, 0, 1, 5, 77.26, 53023, 1185
281, 0, 0, 47, 29, 3, 1.81%, 0, 1, 5, 176.24, 53967, 1185
286, 0, 0, 47, 29, 3, 1.81%, 0, 1, 5, 208.73, 55081, 1185
291, 0, 0, 47, 29, 3, 1.81%, 0, 1, 5, 212.65, 56193, 1185
296, 0, 0, 47, 29, 3, 1.81%, 0, 1, 5, 209.59, 57245, 1185
301, 0, 0, 47, 29, 3, 1.81%, 0, 1, 5, 208.48, 58309, 1185
307, 0, 0, 47, 29, 3, 1.81%, 0, 1, 5, 211.69, 59405, 1185
312, 0, 32, 48, 29, 8, 1.81%, 0, 1, 5, 245.84, 60688, 1187
317, 0, 32, 48, 29, 8, 1.81%, 0, 1, 5, 266.28, 62104, 1187
322, 0, 32, 48, 29, 8, 1.81%, 0, 1, 5, 259.38, 63446, 1187
327, 0, 33, 48, 28, 8, 1.81%, 0, 1, 5, 246.66, 64688, 1187
332, 0, 33, 48, 28, 8, 1.81%, 0, 1, 5, 243.08, 65954, 1187
337, 0, 46, 59, 38, 7, 1.81%, 0, 1, 5, 259.34, 67255, 1188
342, 0, 46, 62, 41, 7, 1.81%, 0, 1, 5, 275.63, 68644, 1188
347, 0, 46, 63, 42, 7, 1.81%, 0, 1, 5, 286.03, 70082, 1188
353, 0, 46, 64, 43, 7, 1.81%, 0, 1, 5, 285.66, 71569, 1188
358, 0, 46, 65, 44, 7, 1.81%, 0, 1, 5, 263.33, 72867, 1188
363, 0, 46, 66, 45, 7, 1.81%, 0, 1, 5, 260.29, 74215, 1188
368, 0, 46, 66, 45, 7, 1.81%, 0, 1, 5, 257.99, 75550, 1188
373, 0, 46, 66, 45, 7, 1.81%, 0, 1, 5, 275.71, 76960, 1188
378, 0, 46, 66, 45, 7, 1.81%, 0, 1, 5, 290.58, 78475, 1188
383, 0, 46, 66, 45, 7, 1.81%, 0, 1, 5, 291.09, 79945, 1188
389, 0, 46, 66, 45, 7, 1.81%, 0, 1, 5, 281.90, 81431, 1188
394, 0, 47, 66, 44, 7, 1.81%, 0, 1, 5, 269.31, 82832, 1188
399, 0, 16, 66, 43, 6, 1.81%, 0, 1, 5, 267.86, 84224, 1188
404, 0, 16, 66, 43, 6, 1.81%, 0, 1, 5, 279.93, 85634, 1188
409, 0, 16, 66, 43, 6, 1.81%, 0, 1, 5, 277.58, 87033, 1188
414, 0, 16, 66, 43, 6, 1.81%, 0, 1, 5, 279.69, 88418, 1188
419, 0, 62, 66, 43, 6, 1.81%, 0, 1, 5, 278.82, 89809, 1188
424, 0, 18, 67, 43, 5, 1.81%, 0, 1, 5, 251.91, 91039, 1188
429, 0, 37, 67, 42, 4, 1.81%, 0, 1, 5, 51.23, 91982, 1188
434, 0, 41, 68, 42, 3, 1.81%, 0, 1, 5, 212.50, 93252, 1188
440, 0, 64, 69, 42, 2, 1.81%, 0, 1, 5, 261.72, 94662, 1188
445, 0, 64, 71, 44, 2, 1.81%, 0, 1, 5, 260.79, 96005, 1189
450, 0, 64, 71, 44, 2, 1.81%, 0, 1, 5, 257.04, 97245, 1189
455, 0, 16, 71, 43, 2, 1.81%, 0, 1, 5, 276.98, 98698, 1189
460, 0, 16, 71, 43, 2, 1.81%, 0, 1, 5, 273.62, 100059, 1189
465, 0, 16, 71, 43, 2, 1.81%, 0, 1, 5, 259.62, 101339, 1189
470, 0, 16, 72, 44, 2, 1.82%, 0, 1, 5, 271.46, 102727, 1191
475, 0, 70, 73, 45, 3, 1.82%, 0, 1, 5, 258.01, 104031, 1192
480, 0, 70, 73, 45, 3, 1.82%, 0, 1, 5, 258.69, 105311, 1192
485, 0, 72, 73, 44, 3, 1.82%, 0, 1, 5, 263.95, 106611, 1192
490, 0, 72, 73, 44, 3, 1.82%, 0, 1, 5, 263.12, 107925, 1192
495, 0, 8, 73, 43, 2, 1.82%, 0, 1, 5, 267.31, 109292, 1192
500, 0, 71, 73, 43, 2, 1.82%, 0, 1, 5, 268.39, 110652, 1192
505, 0, 33, 73, 42, 1, 1.82%, 0, 1, 5, 266.78, 112047, 1192
510, 0, 33, 75, 44, 1, 1.82%, 0, 1, 5, 273.26, 113430, 1192
516, 0, 33, 75, 44, 1, 1.82%, 0, 1, 5, 264.89, 114740, 1192
521, 0, 43, 75, 44, 1, 1.82%, 0, 1, 5, 146.08, 115490, 1192
526, 0, 62, 76, 44, 0, 1.82%, 0, 1, 5, 243.06, 116876, 1193
531, 0, 62, 76, 44, 0, 1.82%, 0, 1, 5, 263.82, 118271, 1193
536, 0, 62, 77, 45, 0, 1.82%, 0, 1, 5, 273.71, 119671, 1193
541, 0, 62, 77, 45, 0, 1.82%, 0, 1, 5, 258.62, 120998, 1193
546, 0, 75, 77, 45, 1, 1.82%, 0, 1, 5, 273.51, 122410, 1193
551, 0, 75, 77, 45, 1, 1.82%, 0, 1, 5, 255.19, 123690, 1193
556, 0, 9, 77, 44, 0, 1.82%, 0, 1, 5, 272.82, 125130, 1193
562, 0, 33, 77, 44, 0, 1.82%, 0, 1, 5, 268.81, 126516, 1193
567, 0, 33, 77, 44, 0, 1.82%, 0, 1, 5, 266.61, 127821, 1193
572, 0, 13, 77, 44, 0, 1.82%, 0, 1, 5, 267.88, 129146, 1193
577, 0, 16, 77, 44, 0, 1.82%, 0, 1, 5, 273.55, 130561, 1193
582, 0, 16, 77, 44, 0, 1.82%, 0, 1, 5, 274.01, 131961, 1193
587, 0, 16, 77, 44, 0, 1.82%, 0, 1, 5, 273.58, 133350, 1193
592, 0, 24, 77, 44, 0, 1.82%, 0, 1, 5, 270.62, 134724, 1193
597, 0, 16, 77, 44, 0, 1.82%, 0, 1, 5, 265.57, 136058, 1193
602, 0, 16, 77, 44, 0, 1.82%, 0, 1, 5, 265.67, 137409, 1193
607, 0, 16, 77, 44, 0, 1.82%, 0, 1, 5, 275.95, 138813, 1193
612, 0, 29, 77, 44, 0, 1.82%, 0, 1, 5, 276.73, 140173, 1193
618, 0, 9, 77, 44, 0, 1.82%, 0, 1, 5, 274.58, 141562, 1193
623, 0, 33, 77, 44, 0, 1.82%, 0, 1, 5, 267.13, 142885, 1193
628, 0, 33, 77, 44, 0, 1.82%, 0, 1, 5, 259.70, 144172, 1193
633, 0, 33, 77, 44, 0, 1.82%, 0, 1, 5, 251.54, 145422, 1193
638, 0, 33, 77, 44, 0, 1.82%, 0, 1, 5, 240.52, 146693, 1193
643, 0, 47, 77, 44, 0, 1.82%, 0, 1, 5, 258.29, 148002, 1193
648, 0, 47, 77, 44, 0, 1.82%, 0, 1, 5, 265.03, 149378, 1193
653, 0, 47, 77, 44, 0, 1.82%, 0, 1, 5, 273.32, 150816, 1193
658, 0, 21, 77, 44, 0, 1.82%, 0, 1, 5, 274.12, 152194, 1193
663, 0, 21, 77, 44, 0, 1.82%, 0, 1, 5, 255.93, 153531, 1193
668, 0, 30, 78, 45, 0, 1.82%, 0, 1, 5, 273.55, 154906, 1193
674, 0, 30, 79, 46, 0, 1.83%, 0, 1, 5, 255.87, 156218, 1197
679, 0, 30, 79, 46, 0, 1.83%, 0, 1, 5, 252.20, 157467, 1197
684, 0, 30, 79, 46, 0, 1.83%, 0, 1, 5, 261.80, 158823, 1197
689, 0, 78, 79, 46, 1, 1.83%, 0, 1, 5, 263.07, 160157, 1197
694, 0, 33, 79, 45, 0, 1.83%, 0, 1, 5, 256.22, 161467, 1197
699, 0, 16, 79, 45, 0, 1.83%, 0, 1, 5, 264.15, 162827, 1197
704, 0, 16, 79, 45, 0, 1.83%, 0, 1, 5, 279.48, 164264, 1197
709, 0, 16, 80, 46, 0, 1.83%, 0, 1, 5, 280.47, 165677, 1197
714, 0, 16, 80, 46, 0, 1.83%, 0, 1, 5, 268.66, 167057, 1197
719, 0, 16, 80, 46, 0, 1.83%, 0, 1, 5, 254.96, 168275, 1197
724, 0, 16, 80, 46, 0, 1.83%, 0, 1, 5, 270.88, 169658, 1197
729, 0, 16, 80, 46, 0, 1.83%, 0, 1, 5, 273.02, 171064, 1197
735, 0, 62, 80, 46, 0, 1.83%, 0, 1, 5, 271.46, 172487, 1197
740, 0, 33, 80, 46, 0, 1.83%, 0, 1, 5, 265.65, 173822, 1197
745, 0, 33, 80, 46, 0, 1.83%, 0, 1, 5, 258.63, 175122, 1197
750, 0, 33, 80, 46, 0, 1.83%, 0, 1, 5, 261.34, 176450, 1197
755, 0, 13, 80, 46, 0, 1.83%, 0, 1, 5, 251.45, 177759, 1197
760, 0, 9, 80, 46, 0, 1.83%, 0, 1, 5, 277.97, 179229, 1197
765, 0, 33, 80, 46, 0, 1.83%, 0, 1, 5, 260.27, 180502, 1197
770, 0, 33, 80, 46, 0, 1.83%, 0, 1, 5, 250.62, 181759, 1197
775, 0, 27, 80, 46, 0, 1.83%, 0, 1, 5, 256.07, 183126, 1197
780, 0, 27, 80, 46, 0, 1.83%, 0, 1, 5, 252.64, 184454, 1197
786, 0, 27, 80, 46, 0, 1.83%, 0, 1, 5, 237.98, 185640, 1197
791, 0, 27, 81, 47, 0, 1.83%, 0, 1, 5, 239.59, 186840, 1197
796, 0, 31, 81, 47, 0, 1.83%, 0, 1, 5, 263.97, 188234, 1197
801, 0, 33, 81, 47, 0, 1.83%, 0, 1, 5, 255.51, 189539, 1197
806, 0, 1, 82, 48, 0, 2.06%, 0, 1, 5, 39.09, 190634, 1347
811, 0, 1, 82, 48, 0, 2.06%, 0, 1, 5, 308.64, 191255, 1347
816, 0, 81, 82, 48, 1, 2.06%, 0, 2, 5, 201.97, 192084, 1347
822, 0, 70, 83, 48, 1, 2.06%, 0, 2, 5, 240.31, 192922, 1348
827, 0, 70, 83, 48, 1, 2.06%, 0, 2, 5, 257.33, 194293, 1348
832, 0, 70, 83, 48, 1, 2.06%, 0, 2, 5, 271.24, 195632, 1348
837, 0, 70, 83, 48, 1, 2.06%, 0, 2, 5, 252.83, 196868, 1348
842, 0, 70, 83, 48, 1, 2.06%, 0, 2, 5, 236.24, 198116, 1348
847, 0, 70, 83, 48, 1, 2.06%, 0, 2, 5, 270.46, 199523, 1348
852, 0, 8, 83, 48, 1, 2.06%, 0, 2, 5, 277.35, 200896, 1348
857, 0, 6, 83, 48, 1, 2.06%, 0, 2, 5, 273.58, 202260, 1348
862, 0, 8, 83, 48, 1, 2.06%, 0, 2, 5, 280.77, 203718, 1348
868, 0, 16, 83, 48, 1, 2.06%, 0, 2, 5, 274.55, 205142, 1348
873, 0, 16, 83, 48, 1, 2.06%, 0, 2, 5, 283.67, 206571, 1348
878, 0, 16, 83, 48, 1, 2.06%, 0, 2, 5, 282.28, 208027, 1348
883, 1, 68, 83, 48, 1, 2.06%, 0, 2, 5, 276.85, 209422, 1348
888, 1, 68, 83, 48, 1, 2.06%, 0, 2, 5, 248.73, 210656, 1348
893, 1, 82, 83, 47, 1, 2.06%, 0, 3, 5, 21.10, 211334, 1348
898, 1, 31, 83, 46, 0, 2.06%, 0, 3, 5, 181.60, 212081, 1348
904, 1, 63, 83, 46, 0, 2.06%, 0, 3, 5, 255.21, 213468, 1348
909, 1, 33, 83, 45, 0, 2.06%, 0, 3, 5, 264.20, 214822, 1348
914, 1, 33, 83, 45, 0, 2.06%, 0, 3, 5, 251.57, 216092, 1348
919, 1, 29, 83, 45, 0, 2.06%, 0, 3, 5, 265.37, 217439, 1348
924, 1, 33, 83, 45, 0, 2.06%, 0, 3, 5, 276.89, 218831, 1348
929, 1, 21, 83, 45, 0, 2.06%, 0, 3, 5, 252.35, 220128, 1348
934, 1, 21, 83, 45, 0, 2.06%, 0, 3, 5, 259.52, 221491, 1348
939, 1, 33, 83, 45, 0, 2.06%, 0, 3, 5, 255.89, 222771, 1348
944, 1, 33, 83, 45, 0, 2.06%, 0, 3, 5, 267.77, 224141, 1348
949, 1, 33, 83, 45, 0, 2.06%, 0, 3, 5, 257.57, 225416, 1348
954, 1, 33, 83, 45, 0, 2.06%, 0, 3, 5, 261.05, 226721, 1348
959, 1, 33, 83, 45, 0, 2.06%, 0, 3, 5, 263.96, 228021, 1348
964, 1, 8, 83, 45, 0, 2.06%, 0, 3, 5, 278.48, 229421, 1348
970, 1, 33, 83, 45, 0, 2.06%, 0, 3, 5, 275.65, 230836, 1348
975, 1, 18, 83, 45, 0, 2.06%, 0, 3, 5, 288.59, 232291, 1348
980, 1, 18, 83, 45, 0, 2.06%, 0, 3, 5, 279.16, 233710, 1348
985, 1, 18, 83, 45, 0, 2.06%, 0, 3, 5, 275.22, 235100, 1348
990, 1, 16, 83, 45, 0, 2.06%, 0, 3, 5, 285.15, 236613, 1348
996, 1, 16, 83, 45, 0, 2.06%, 0, 3, 5, 274.40, 238048, 1348
1001, 1, 16, 83, 45, 0, 2.06%, 0, 3, 5, 274.67, 239399, 1348
1006, 1, 62, 83, 45, 0, 2.06%, 0, 3, 5, 275.83, 240798, 1348
1011, 1, 33, 84, 46, 0, 2.06%, 0, 3, 5, 272.07, 242154, 1349
1016, 1, 50, 84, 46, 1, 2.06%, 0, 3, 5, 275.11, 243542, 1349
1021, 1, 76, 84, 45, 1, 2.06%, 0, 3, 5, 262.45, 244844, 1349
1026, 1, 76, 84, 45, 1, 2.06%, 0, 3, 5, 275.33, 246284, 1349
1031, 1, 21, 84, 43, 0, 2.06%, 0, 3, 5, 276.59, 247705, 1349
1036, 1, 21, 84, 43, 0, 2.06%, 0, 3, 5, 266.87, 249080, 1349
1041, 1, 33, 84, 43, 0, 2.06%, 0, 3, 5, 259.52, 250360, 1349
1046, 1, 33, 84, 43, 0, 2.06%, 0, 3, 5, 257.69, 251665, 1349
1051, 1, 5, 84, 43, 0, 2.06%, 0, 3, 5, 255.18, 252930, 1349
1056, 1, 5, 84, 43, 0, 2.06%, 0, 3, 5, 253.05, 254197, 1349
1062, 1, 5, 84, 43, 0, 2.06%, 0, 3, 5, 260.94, 255517, 1349
1067, 1, 5, 84, 43, 0, 2.06%, 0, 3, 5, 252.73, 256758, 1349
1072, 1, 33, 84, 43, 0, 2.06%, 0, 3, 5, 264.48, 258075, 1349
1077, 1, 8, 84, 43, 0, 2.06%, 0, 3, 5, 279.45, 259495, 1349
1082, 1, 33, 84, 43, 0, 2.06%, 0, 3, 5, 270.53, 260845, 1349
1087, 1, 16, 84, 43, 0, 2.06%, 0, 3, 5, 270.46, 262205, 1349
1092, 1, 16, 84, 43, 0, 2.06%, 0, 3, 5, 269.72, 263570, 1349
1097, 1, 16, 84, 43, 0, 2.06%, 0, 3, 5, 255.90, 264814, 1349
1102, 1, 21, 84, 43, 0, 2.06%, 0, 3, 5, 266.59, 266197, 1349
1107, 1, 16, 84, 43, 0, 2.06%, 0, 3, 5, 270.02, 267604, 1349
1112, 1, 16, 84, 43, 0, 2.06%, 0, 3, 5, 269.48, 269012, 1349
1117, 1, 16, 84, 43, 0, 2.06%, 0, 3, 5, 276.25, 270430, 1349
1122, 1, 82, 84, 43, 0, 2.06%, 0, 3, 5, 263.31, 271786, 1349
1127, 1, 82, 84, 43, 0, 2.06%, 0, 3, 5, 242.59, 272564, 1349
1132, 1, 8, 84, 43, 0, 2.06%, 0, 3, 5, 241.85, 273701, 1349
1137, 1, 13, 84, 43, 0, 2.06%, 0, 3, 5, 259.79, 275051, 1349
1142, 1, 47, 84, 43, 0, 2.06%, 0, 3, 5, 259.18, 276381, 1349
1147, 1, 47, 84, 43, 0, 2.06%, 0, 3, 5, 264.44, 277716, 1349
1152, 1, 33, 84, 43, 0, 2.06%, 0, 3, 5, 262.27, 279021, 1349
1158, 1, 33, 84, 43, 0, 2.06%, 0, 3, 5, 260.53, 280391, 1349
1163, 1, 16, 84, 43, 0, 2.06%, 0, 3, 5, 270.73, 281754, 1349
1168, 1, 16, 84, 43, 0, 2.06%, 0, 3, 5, 277.05, 283150, 1349
1173, 1, 9, 84, 43, 0, 2.06%, 0, 3, 5, 280.26, 284556, 1349
1178, 1, 62, 84, 43, 0, 2.06%, 0, 3, 5, 272.73, 285923, 1349
1183, 1, 62, 84, 43, 0, 2.06%, 0, 3, 5, 266.14, 287270, 1349
1188, 1, 62, 84, 43, 0, 2.06%, 0, 3, 5, 261.63, 288620, 1349
1193, 1, 29, 84, 43, 0, 2.06%, 0, 3, 5, 273.19, 290009, 1349
1198, 1, 5, 84, 43, 0, 2.06%, 0, 3, 5, 256.24, 291269, 1349
1203, 1, 5, 84, 43, 0, 2.06%, 0, 3, 5, 224.49, 292336, 1349
1208, 1, 5, 84, 43, 0, 2.06%, 0, 3, 5, 226.66, 293468, 1349
1213, 1, 5, 84, 43, 0, 2.06%, 0, 3, 5, 251.95, 294818, 1349
1218, 1, 16, 84, 43, 0, 2.06%, 0, 3, 5, 252.83, 296106, 1349
1223, 1, 16, 84, 43, 0, 2.06%, 0, 3, 5, 273.36, 297556, 1349
1228, 1, 16, 84, 43, 0, 2.06%, 0, 3, 5, 275.16, 298942, 1349
1234, 1, 47, 84, 43, 0, 2.06%, 0, 3, 5, 278.59, 300361, 1349
1239, 1, 21, 84, 43, 0, 2.06%, 0, 3, 5, 277.54, 301787, 1349
1244, 1, 21, 84, 43, 0, 2.06%, 0, 3, 5, 265.29, 303101, 1349
1249, 1, 16, 84, 43, 0, 2.06%, 0, 3, 5, 262.20, 304459, 1349
1254, 1, 16, 84, 43, 0, 2.06%, 0, 3, 5, 270.81, 305829, 1349
1259, 1, 16, 84, 43, 0, 2.06%, 0, 3, 5, 259.13, 307125, 1349
1264, 1, 15, 84, 43, 0, 2.06%, 0, 3, 5, 284.05, 308525, 1349
1270, 1, 15, 84, 43, 0, 2.06%, 0, 3, 5, 292.82, 310037, 1349
1275, 1, 62, 84, 43, 0, 2.06%, 0, 3, 5, 277.67, 311422, 1349
1280, 1, 70, 84, 43, 0, 2.06%, 0, 3, 5, 270.95, 312774, 1349
1285, 1, 70, 84, 43, 0, 2.06%, 0, 3, 5, 271.36, 314158, 1349
1290, 1, 16, 84, 43, 0, 2.06%, 0, 3, 5, 269.38, 315482, 1349
1295, 1, 16, 84, 43, 0, 2.06%, 0, 3, 5, 266.47, 316872, 1349
1300, 1, 16, 84, 43, 0, 2.06%, 0, 3, 5, 275.64, 318248, 1349
1305, 1, 16, 84, 43, 0, 2.06%, 0, 3, 5, 276.44, 319612, 1349
1310, 1, 16, 84, 43, 0, 2.06%, 0, 3, 5, 273.89, 320982, 1349
1315, 1, 16, 84, 43, 0, 2.06%, 0, 3, 5, 268.00, 322286, 1349
1320, 1, 8, 84, 43, 0, 2.06%, 0, 3, 5, 286.30, 323774, 1349
1325, 1, 16, 84, 43, 0, 2.06%, 0, 3, 5, 264.82, 325144, 1349
1330, 1, 16, 84, 43, 0, 2.06%, 0, 3, 5, 269.27, 326510, 1349
1335, 1, 16, 84, 43, 0, 2.06%, 0, 3, 5, 256.38, 327783, 1349
1340, 1, 70, 84, 43, 0, 2.06%, 0, 3, 5, 256.34, 329085, 1349
1346, 1, 70, 84, 43, 0, 2.06%, 0, 3, 5, 252.27, 330427, 1349
1351, 1, 33, 85, 44, 0, 2.06%, 0, 3, 5, 256.63, 331722, 1349
1356, 1, 21, 85, 44, 0, 2.06%, 0, 3, 5, 268.52, 333075, 1349
1361, 1, 33, 85, 44, 0, 2.06%, 0, 3, 5, 255.03, 334357, 1349
1366, 1, 9, 85, 44, 0, 2.06%, 0, 3, 5, 265.72, 335678, 1349
1371, 1, 13, 85, 44, 0, 2.06%, 0, 3, 5, 275.17, 337057, 1349
1376, 1, 67, 85, 44, 0, 2.06%, 0, 3, 5, 275.71, 338491, 1349
1381, 1, 33, 85, 43, 0, 2.06%, 0, 3, 5, 260.43, 339827, 1349
1386, 1, 33, 85, 43, 0, 2.06%, 0, 3, 5, 258.99, 341177, 1349
1391, 1, 16, 85, 43, 0, 2.06%, 0, 3, 5, 253.05, 342421, 1349
1396, 1, 16, 85, 43, 0, 2.06%, 0, 3, 5, 262.29, 343804, 1349
1401, 1, 16, 85, 43, 0, 2.06%, 0, 3, 5, 277.36, 345205, 1349
1406, 1, 82, 86, 44, 0, 2.06%, 0, 3, 5, 240.83, 346445, 1349
1411, 1, 82, 86, 44, 0, 2.06%, 0, 4, 5, 60.76, 346881, 1349
1417, 1, 33, 86, 44, 0, 2.06%, 0, 4, 5, 202.84, 348030, 1349
1422, 1, 16, 86, 44, 0, 2.06%, 0, 4, 5, 259.64, 349402, 1349
1427, 1, 16, 86, 44, 0, 2.06%, 0, 4, 5, 262.13, 350780, 1349
1432, 1, 16, 86, 44, 0, 2.06%, 0, 4, 5, 251.03, 352028, 1349
1437, 1, 47, 86, 44, 0, 2.06%, 0, 4, 5, 270.68, 353407, 1349
1442, 1, 62, 86, 44, 0, 2.06%, 0, 4, 5, 263.74, 354744, 1349
1447, 1, 7, 86, 44, 0, 2.06%, 0, 4, 5, 270.74, 356144, 1349
1452, 1, 33, 86, 43, 0, 2.06%, 0, 4, 5, 266.65, 357510, 1349
1457, 1, 1, 86, 43, 0, 2.06%, 0, 4, 5, 49.18, 358611, 1349
1462, 1, 1, 86, 43, 0, 2.06%, 0, 4, 5, 6.83, 359561, 1349
1468, 1, 33, 86, 43, 0, 2.06%, 0, 4, 5, 252.31, 360832, 1349
1473, 1, 33, 86, 43, 0, 2.06%, 0, 4, 5, 268.24, 362247, 1349
1478, 1, 65, 86, 43, 0, 2.06%, 0, 4, 5, 277.88, 363711, 1349
1483, 1, 16, 86, 42, 0, 2.06%, 0, 4, 5, 276.97, 365161, 1349
1488, 1, 16, 86, 42, 0, 2.06%, 0, 4, 5, 268.12, 366543, 1349
1493, 1, 16, 86, 42, 0, 2.06%, 0, 4, 5, 256.36, 367874, 1349
1499, 1, 33, 86, 42, 0, 2.06%, 0, 4, 5, 260.58, 369179, 1349
1504, 1, 21, 86, 42, 0, 2.06%, 0, 4, 5, 263.25, 370556, 1349
1509, 1, 31, 86, 42, 0, 2.06%, 0, 4, 5, 269.79, 371961, 1349
1514, 1, 16, 86, 42, 0, 2.06%, 0, 4, 5, 269.10, 373315, 1349
1519, 1, 16, 86, 42, 0, 2.06%, 0, 4, 5, 274.02, 374707, 1349
1524, 1, 16, 86, 42, 0, 2.06%, 0, 4, 5, 284.13, 376201, 1349
1529, 2, 33, 86, 42, 0, 2.06%, 0, 4, 5, 277.93, 377563, 1349
1534, 2, 84, 88, 44, 0, 2.06%, 0, 4, 5, 268.12, 378908, 1349
1540, 2, 9, 92, 47, 0, 2.06%, 0, 4, 5, 23.19, 380094, 1349
1545, 2, 33, 92, 47, 0, 2.06%, 0, 4, 5, 285.31, 381491, 1349
1550, 2, 9, 94, 49, 0, 2.06%, 0, 4, 5, 260.16, 382659, 1349
1555, 2, 33, 94, 49, 0, 2.06%, 0, 4, 5, 246.71, 383902, 1349
1561, 2, 29, 95, 50, 0, 2.06%, 0, 4, 5, 4.45, 384908, 1349
1568, 2, 18, 97, 52, 0, 2.06%, 0, 4, 5, 7.76, 386191, 1349
1573, 2, 18, 97, 52, 0, 2.06%, 0, 4, 5, 32.48, 387420, 1349
1578, 2, 18, 97, 52, 0, 2.06%, 0, 4, 5, 267.34, 388590, 1349
1583, 2, 18, 97, 52, 0, 2.06%, 0, 4, 5, 253.32, 389879, 1349
1588, 2, 18, 97, 52, 0, 2.06%, 0, 4, 5, 248.10, 391166, 1349
1594, 2, 18, 97, 52, 0, 2.06%, 0, 4, 5, 259.66, 392506, 1349
1599, 2, 18, 97, 52, 0, 2.06%, 0, 4, 5, 261.06, 393747, 1349
1604, 2, 18, 97, 52, 0, 2.06%, 0, 4, 5, 284.87, 395270, 1349
1609, 2, 18, 97, 52, 0, 2.06%, 0, 4, 5, 280.36, 396723, 1349
1614, 2, 33, 98, 53, 0, 2.06%, 0, 4, 5, 260.96, 398024, 1350
1619, 2, 33, 98, 53, 0, 2.06%, 0, 4, 5, 5.20, 398883, 1350
1625, 2, 33, 98, 53, 0, 2.06%, 0, 4, 5, 6.11, 398914, 1350
1630, 2, 33, 98, 53, 0, 2.06%, 0, 4, 5, 5.93, 398943, 1350
1635, 2, 33, 98, 53, 0, 2.06%, 0, 4, 5, 5.93, 398973, 1350
1640, 2, 33, 98, 53, 0, 2.06%, 0, 4, 5, 6.16, 399004, 1350
1645, 2, 33, 99, 54, 0, 2.06%, 0, 4, 5, 6.08, 399030, 1350
1654, 2, 33, 100, 55, 0, 2.06%, 0, 4, 5, 8.57, 399466, 1350
1659, 2, 33, 100, 55, 0, 2.06%, 0, 4, 5, 5.57, 399490, 1350
1664, 2, 33, 101, 56, 0, 2.07%, 0, 4, 5, 4.98, 399506, 1355
1669, 2, 33, 101, 56, 0, 2.07%, 0, 4, 5, 4.56, 399529, 1355
1674, 2, 33, 101, 56, 0, 2.07%, 0, 4, 5, 276.48, 400418, 1355
1679, 2, 97, 101, 56, 2, 2.07%, 0, 4, 5, 256.03, 401744, 1355
1685, 2, 97, 101, 56, 2, 2.07%, 0, 4, 5, 242.34, 402972, 1355
1690, 2, 97, 101, 56, 2, 2.07%, 0, 4, 5, 5.74, 403344, 1355
1695, 2, 97, 101, 56, 2, 2.07%, 0, 4, 5, 5.50, 403373, 1355
1700, 2, 97, 101, 56, 2, 2.07%, 0, 4, 5, 5.90, 403404, 1355
1705, 2, 97, 101, 56, 2, 2.07%, 0, 4, 5, 6.04, 403434, 1355
1710, 2, 97, 101, 56, 2, 2.07%, 0, 4, 5, 6.23, 403466, 1355
1716, 2, 97, 101, 56, 2, 2.07%, 0, 4, 5, 6.00, 403495, 1355
1721, 2, 97, 101, 56, 2, 2.07%, 0, 4, 5, 5.90, 403526, 1355
1726, 2, 97, 101, 56, 2, 2.07%, 0, 4, 5, 5.75, 403554, 1355
1731, 2, 97, 101, 56, 2, 2.07%, 0, 4, 5, 5.90, 403584, 1355
1736, 2, 97, 101, 56, 2, 2.07%, 0, 4, 5, 5.93, 403614, 1355
1741, 2, 97, 101, 56, 2, 2.07%, 0, 4, 5, 5.58, 403642, 1355
1747, 2, 97, 101, 56, 2, 2.07%, 0, 4, 5, 308.79, 403927, 1355
1752, 2, 97, 101, 56, 2, 2.07%, 0, 4, 5, 267.55, 405239, 1355
1757, 2, 97, 101, 56, 2, 2.07%, 0, 4, 5, 259.25, 406504, 1355
1762, 2, 97, 101, 56, 2, 2.07%, 0, 4, 5, 256.27, 407724, 1355
1767, 2, 33, 101, 55, 1, 2.07%, 0, 4, 5, 249.26, 409002, 1355
1772, 2, 33, 101, 55, 1, 2.07%, 0, 4, 5, 274.50, 410377, 1355
1777, 2, 33, 101, 55, 1, 2.07%, 0, 4, 5, 225.48, 411603, 1355
1782, 2, 33, 102, 56, 1, 2.07%, 0, 4, 5, 40.46, 411817, 1355
1787, 2, 33, 102, 56, 1, 2.07%, 0, 4, 5, 44.84, 412051, 1355
1792, 2, 33, 102, 56, 1, 2.07%, 0, 4, 5, 48.34, 412290, 1355
1797, 2, 33, 105, 59, 1, 2.07%, 0, 4, 5, 38.21, 412475, 1355
1802, 2, 33, 105, 59, 1, 2.07%, 0, 4, 5, 30.06, 412616, 1355
1807, 2, 33, 105, 59, 1, 2.07%, 0, 4, 5, 273.90, 413466, 1355
1813, 2, 33, 105, 59, 1, 2.07%, 0, 4, 5, 269.41, 414851, 1355
1818, 2, 33, 105, 59, 1, 2.07%, 0, 4, 5, 260.22, 416169, 1355
1823, 2, 21, 105, 59, 1, 2.07%, 0, 4, 5, 257.80, 417481, 1355
1828, 2, 21, 105, 59, 1, 2.07%, 0, 4, 5, 266.36, 418802, 1355
1833, 2, 21, 105, 59, 1, 2.07%, 0, 4, 5, 45.05, 419349, 1355
1838, 2, 21, 105, 59, 1, 2.07%, 0, 4, 5, 3.69, 419750, 1355
1844, 2, 21, 105, 59, 1, 2.07%, 0, 4, 5, 3.21, 419765, 1355
1849, 2, 62, 105, 59, 1, 2.07%, 0, 4, 5, 266.99, 421011, 1355
1854, 2, 62, 105, 59, 1, 2.07%, 0, 4, 5, 260.43, 422363, 1355
1859, 2, 62, 105, 59, 1, 2.07%, 0, 4, 5, 115.22, 423379, 1355
1864, 2, 62, 105, 59, 1, 2.07%, 0, 4, 5, 192.96, 424575, 1355
1869, 2, 62, 105, 59, 1, 2.07%, 0, 4, 5, 14.78, 424746, 1355
1874, 2, 62, 105, 59, 1, 2.07%, 0, 4, 5, 265.49, 425863, 1355
1879, 2, 33, 105, 59, 1, 2.07%, 0, 4, 5, 238.13, 426976, 1355
1884, 2, 33, 105, 59, 1, 2.07%, 0, 4, 5, 263.97, 428368, 1355
1889, 2, 33, 105, 59, 1, 2.07%, 0, 4, 5, 224.87, 429497, 1355
1894, 2, 33, 105, 59, 1, 2.07%, 0, 4, 5, 244.29, 430789, 1355
1899, 2, 6, 105, 59, 1, 2.07%, 0, 4, 5, 249.38, 431997, 1355
1904, 2, 16, 105, 59, 1, 2.07%, 0, 4, 5, 262.23, 433332, 1355
1909, 2, 16, 105, 59, 1, 2.07%, 0, 4, 5, 279.34, 434735, 1355
1915, 2, 16, 105, 59, 1, 2.07%, 0, 4, 5, 284.04, 436214, 1355
1920, 2, 16, 105, 59, 1, 2.07%, 0, 4, 5, 232.68, 437390, 1355
1925, 2, 16, 105, 59, 1, 2.07%, 0, 4, 5, 70.86, 437795, 1355
1930, 2, 16, 105, 59, 1, 2.07%, 0, 4, 5, 2.79, 438083, 1355
1937, 2, 16, 106, 60, 1, 2.07%, 0, 4, 5, 2.70, 438101, 1355
1942, 2, 16, 106, 60, 1, 2.07%, 0, 4, 5, 2.67, 438115, 1355
1948, 2, 16, 106, 60, 1, 2.07%, 0, 4, 5, 2.68, 438129, 1355
1953, 2, 16, 106, 60, 1, 2.07%, 0, 4, 5, 2.63, 438142, 1355
1959, 2, 16, 107, 61, 1, 2.07%, 0, 4, 5, 2.74, 438163, 1355
1965, 2, 16, 107, 61, 1, 2.07%, 0, 4, 5, 2.68, 438177, 1355
1970, 2, 16, 107, 61, 1, 2.07%, 0, 4, 5, 2.69, 438191, 1355
1975, 2, 16, 107, 61, 1, 2.07%, 0, 4, 5, 2.64, 438205, 1355
1980, 2, 16, 107, 61, 1, 2.07%, 0, 4, 5, 2.72, 438219, 1355
1986, 2, 16, 107, 61, 1, 2.07%, 0, 4, 5, 2.94, 438235, 1355
1991, 2, 16, 108, 62, 1, 2.07%, 0, 4, 5, 3.03, 438254, 1355
1996, 2, 16, 108, 62, 1, 2.07%, 0, 4, 5, 2.87, 438268, 1355
2001, 2, 16, 108, 62, 1, 2.07%, 0, 4, 5, 3.00, 438284, 1355
2006, 2, 16, 108, 62, 1, 2.07%, 0, 4, 5, 2.77, 438297, 1355
2012, 2, 16, 108, 62, 1, 2.07%, 0, 4, 5, 2.77, 438312, 1355
2017, 2, 16, 108, 62, 1, 2.07%, 0, 4, 5, 2.70, 438326, 1355
2022, 2, 16, 108, 62, 1, 2.07%, 0, 4, 5, 2.96, 438341, 1355
2027, 2, 16, 108, 62, 1, 2.07%, 0, 4, 5, 2.88, 438356, 1355
2033, 2, 16, 108, 62, 1, 2.07%, 0, 4, 5, 2.75, 438370, 1355
2038, 2, 16, 108, 62, 1, 2.07%, 0, 4, 5, 2.68, 438384, 1355
2043, 2, 16, 108, 62, 1, 2.07%, 0, 4, 5, 2.63, 438398, 1355
2048, 2, 16, 108, 62, 1, 2.07%, 0, 4, 5, 2.74, 438413, 1355
2054, 2, 16, 108, 62, 1, 2.07%, 0, 4, 5, 2.79, 438428, 1355
2059, 2, 16, 108, 62, 1, 2.07%, 0, 4, 5, 2.67, 438442, 1355
2064, 2, 16, 108, 62, 1, 2.07%, 0, 4, 5, 2.72, 438457, 1355
2070, 2, 16, 108, 62, 1, 2.07%, 0, 4, 5, 2.74, 438471, 1355
2075, 2, 16, 108, 62, 1, 2.07%, 0, 4, 5, 2.69, 438485, 1355
2080, 2, 16, 108, 62, 1, 2.07%, 0, 4, 5, 2.69, 438498, 1355
2085, 2, 16, 108, 62, 1, 2.07%, 0, 4, 5, 2.68, 438512, 1355
2090, 2, 16, 108, 62, 1, 2.07%, 0, 4, 5, 2.71, 438526, 1355
2096, 2, 16, 108, 62, 1, 2.07%, 0, 5, 5, 2.70, 438539, 1355
2101, 2, 16, 108, 62, 1, 2.07%, 0, 5, 5, 2.69, 438553, 1355
2106, 2, 16, 108, 62, 1, 2.07%, 0, 5, 5, 2.69, 438567, 1355
2111, 2, 16, 108, 62, 1, 2.07%, 0, 5, 5, 2.88, 438582, 1355
2117, 2, 16, 108, 62, 1, 2.07%, 0, 5, 5, 2.85, 438597, 1355
2122, 2, 16, 108, 62, 1, 2.07%, 0, 5, 5, 2.89, 438611, 1355
2127, 2, 16, 108, 62, 1, 2.07%, 0, 5, 5, 2.74, 438625, 1355
2132, 2, 16, 108, 62, 1, 2.07%, 0, 5, 5, 303.44, 439782, 1355
2137, 2, 16, 108, 62, 1, 2.07%, 0, 5, 5, 307.54, 441360, 1355
2142, 2, 16, 108, 62, 1, 2.07%, 0, 5, 5, 303.65, 442911, 1355
2148, 2, 16, 108, 62, 1, 2.07%, 0, 5, 5, 274.24, 444330, 1355
2153, 2, 16, 108, 62, 1, 2.07%, 0, 5, 5, 273.14, 445730, 1355
2158, 2, 16, 108, 62, 1, 2.07%, 0, 5, 5, 268.35, 447079, 1355
2163, 2, 16, 108, 62, 1, 2.07%, 0, 5, 5, 122.40, 447234, 1355
2168, 2, 16, 108, 62, 1, 2.07%, 0, 5, 5, 19.53, 447354, 1355
2173, 2, 16, 108, 62, 1, 2.07%, 0, 5, 5, 75.17, 447559, 1355
2179, 2, 16, 108, 62, 1, 2.07%, 0, 5, 5, 12.59, 447639, 1355
2184, 2, 16, 108, 62, 1, 2.07%, 0, 5, 5, 7.44, 447664, 1355
2189, 2, 16, 108, 62, 1, 2.07%, 0, 5, 5, 5.84, 447692, 1355
2194, 2, 16, 110, 64, 1, 2.07%, 0, 5, 5, 275.00, 448321, 1355
2199, 2, 16, 110, 64, 1, 2.07%, 0, 5, 5, 302.35, 449926, 1355
2204, 2, 77, 110, 64, 1, 2.07%, 0, 5, 5, 306.51, 451487, 1355
2209, 2, 77, 110, 64, 1, 2.07%, 0, 5, 5, 271.22, 452882, 1355
2215, 2, 77, 110, 64, 1, 2.07%, 0, 5, 5, 264.15, 454212, 1355
2220, 2, 77, 110, 64, 1, 2.07%, 0, 5, 5, 290.01, 455707, 1355
2225, 2, 77, 110, 64, 1, 2.07%, 0, 5, 5, 42.23, 456484, 1355
2230, 2, 77, 110, 64, 1, 2.07%, 0, 5, 5, 43.57, 456718, 1355
2235, 2, 13, 110, 63, 1, 2.07%, 0, 5, 5, 171.60, 457670, 1355
2240, 2, 13, 110, 63, 1, 2.07%, 0, 5, 5, 243.85, 459011, 1355
2245, 2, 13, 111, 64, 1, 2.07%, 0, 5, 5, 225.90, 460213, 1355
2250, 2, 97, 111, 64, 1, 2.07%, 0, 5, 5, 265.44, 461581, 1355
2255, 2, 97, 111, 64, 1, 2.07%, 0, 5, 5, 257.37, 462862, 1355
2260, 2, 97, 111, 64, 1, 2.07%, 0, 5, 5, 235.28, 464149, 1355
2266, 2, 97, 111, 64, 1, 2.07%, 0, 5, 5, 4.91, 464412, 1355
2271, 2, 97, 111, 64, 1, 2.07%, 0, 5, 5, 4.63, 464435, 1355
2276, 2, 97, 111, 64, 1, 2.07%, 0, 5, 5, 235.31, 465480, 1355
2281, 2, 97, 111, 64, 1, 2.07%, 0, 5, 5, 265.95, 466859, 1355
2286, 2, 97, 111, 64, 1, 2.07%, 0, 5, 5, 262.42, 468190, 1355
2291, 2, 16, 111, 64, 1, 2.07%, 0, 5, 5, 244.95, 469322, 1355
2296, 2, 16, 111, 64, 1, 2.07%, 0, 5, 5, 267.63, 470744, 1355
2301, 2, 16, 111, 64, 1, 2.07%, 0, 5, 5, 284.23, 472183, 1355
2306, 2, 16, 111, 64, 1, 2.07%, 0, 5, 5, 240.91, 473311, 1355
2311, 2, 16, 111, 64, 1, 2.07%, 0, 5, 5, 277.41, 474802, 1355
2316, 2, 16, 111, 64, 1, 2.07%, 0, 5, 5, 285.00, 476243, 1355
2321, 2, 16, 111, 64, 1, 2.07%, 0, 5, 5, 258.59, 477513, 1355
2326, 2, 16, 111, 64, 1, 2.07%, 0, 5, 5, 280.24, 478923, 1355
2332, 2, 16, 111, 64, 1, 2.07%, 0, 5, 5, 280.90, 480348, 1355
2337, 2, 6, 111, 64, 1, 2.07%, 0, 5, 5, 4.22, 481222, 1355
2342, 2, 6, 111, 64, 1, 2.07%, 0, 5, 5, 3.79, 481298, 1355
2347, 2, 6, 111, 64, 1, 2.07%, 0, 5, 5, 125.13, 482072, 1355
2352, 2, 21, 111, 64, 1, 2.07%, 0, 5, 5, 220.21, 483346, 1355
2357, 2, 21, 111, 64, 1, 2.07%, 0, 5, 5, 4.40, 483477, 1355
2363, 2, 21, 111, 64, 1, 2.07%, 0, 5, 5, 5.69, 483511, 1355
2368, 2, 21, 111, 64, 1, 2.07%, 0, 5, 5, 5.11, 483536, 1355
2373, 2, 21, 111, 64, 1, 2.07%, 0, 5, 5, 5.18, 483563, 1355
2378, 2, 21, 111, 64, 1, 2.07%, 0, 5, 5, 5.13, 483588, 1355
2383, 2, 21, 111, 64, 1, 2.07%, 0, 5, 5, 4.97, 483614, 1355
2388, 2, 21, 111, 64, 1, 2.07%, 0, 5, 5, 5.31, 483641, 1355
2393, 2, 21, 111, 64, 1, 2.07%, 0, 5, 5, 180.51, 484224, 1355
2398, 2, 21, 111, 64, 1, 2.07%, 0, 5, 5, 228.53, 485444, 1355
2404, 2, 21, 112, 65, 1, 2.07%, 0, 5, 5, 5.44, 486019, 1355
2409, 2, 21, 113, 66, 1, 2.07%, 0, 5, 5, 5.88, 486054, 1355
2415, 2, 21, 114, 67, 1, 2.07%, 0, 5, 5, 5.70, 486084, 1355
2420, 2, 21, 114, 67, 1, 2.07%, 0, 5, 5, 5.60, 486112, 1355
2425, 2, 21, 114, 67, 1, 2.07%, 0, 5, 5, 5.55, 486140, 1355
2430, 2, 21, 114, 67, 1, 2.07%, 0, 5, 5, 5.71, 486170, 1355
2435, 2, 21, 114, 67, 1, 2.07%, 0, 5, 5, 5.71, 486200, 1355
2440, 2, 21, 114, 67, 1, 2.07%, 0, 5, 5, 243.35, 487245, 1355
2445, 2, 21, 114, 67, 1, 2.07%, 0, 5, 5, 260.92, 488551, 1355
2450, 2, 21, 114, 67, 1, 2.07%, 0, 5, 5, 7.50, 489256, 1355
2456, 2, 6, 114, 67, 1, 2.07%, 0, 5, 5, 196.29, 490191, 1355
2461, 2, 6, 114, 67, 1, 2.07%, 0, 5, 5, 3.92, 490872, 1355
2466, 2, 6, 114, 67, 1, 2.07%, 0, 5, 5, 2.65, 490946, 1355
2471, 2, 6, 114, 67, 1, 2.07%, 0, 5, 5, 3.92, 491167, 1355
2476, 2, 33, 114, 67, 1, 2.07%, 0, 5, 5, 236.89, 492376, 1355
2481, 2, 33, 114, 67, 1, 2.07%, 0, 5, 5, 182.65, 493202, 1355
2486, 2, 33, 114, 67, 1, 2.07%, 0, 5, 5, 256.41, 494654, 1355
2492, 2, 33, 114, 67, 1, 2.07%, 0, 5, 5, 181.10, 495659, 1355
2497, 2, 33, 114, 67, 1, 2.07%, 0, 5, 5, 2.59, 495730, 1355
2502, 2, 33, 114, 67, 1, 2.07%, 0, 5, 5, 2.63, 495744, 1355
2507, 2, 33, 114, 67, 1, 2.07%, 0, 5, 5, 237.04, 496410, 1355
2512, 2, 11, 114, 67, 1, 2.07%, 0, 5, 5, 270.18, 497646, 1355
2517, 2, 11, 114, 67, 1, 2.07%, 0, 5, 5, 256.95, 498930, 1355
2523, 2, 11, 114, 67, 1, 2.07%, 0, 5, 5, 5.83, 499343, 1355
2528, 2, 11, 114, 67, 1, 2.07%, 0, 5, 5, 6.55, 499489, 1355
2533, 2, 11, 114, 67, 1, 2.07%, 0, 5, 5, 5.74, 499517, 1355
2538, 2, 11, 114, 67, 1, 2.07%, 0, 5, 5, 5.48, 499545, 1355
2543, 2, 11, 114, 67, 1, 2.07%, 0, 5, 5, 5.29, 499572, 1355
2549, 2, 11, 114, 67, 1, 2.07%, 0, 5, 5, 5.47, 499602, 1355
2554, 2, 11, 114, 67, 1, 2.07%, 0, 5, 5, 5.07, 499628, 1355
2559, 2, 11, 115, 68, 1, 2.07%, 0, 5, 5, 271.84, 499818, 1355
2564, 2, 62, 115, 68, 1, 2.07%, 0, 5, 5, 261.31, 501106, 1355
2569, 2, 62, 115, 68, 1, 2.07%, 0, 5, 5, 205.99, 502158, 1355
2574, 2, 62, 115, 68, 1, 2.07%, 0, 5, 5, 266.66, 503551, 1355
2580, 2, 62, 115, 68, 1, 2.07%, 0, 5, 5, 267.78, 504923, 1355
2585, 2, 21, 115, 68, 1, 2.07%, 0, 5, 5, 268.53, 506284, 1355
2590, 2, 21, 115, 68, 1, 2.07%, 0, 5, 5, 248.01, 507505, 1355
2595, 2, 21, 115, 68, 1, 2.07%, 0, 5, 5, 5.92, 507725, 1355
2600, 2, 21, 115, 68, 1, 2.07%, 0, 5, 5, 5.54, 507751, 1355
2605, 2, 21, 115, 68, 1, 2.07%, 0, 5, 5, 5.27, 507777, 1355
2610, 2, 21, 115, 68, 1, 2.07%, 0, 5, 5, 5.64, 507806, 1355
2615, 2, 21, 115, 68, 1, 2.07%, 0, 5, 5, 5.39, 507835, 1355
2620, 2, 21, 115, 68, 1, 2.07%, 0, 5, 5, 5.11, 507862, 1355
2626, 2, 21, 115, 68, 1, 2.07%, 0, 5, 5, 5.08, 507889, 1355
2631, 2, 21, 115, 68, 1, 2.07%, 0, 5, 5, 196.17, 508689, 1355
2636, 2, 21, 115, 68, 1, 2.07%, 0, 5, 5, 6.22, 508720, 1355
2641, 2, 21, 115, 68, 1, 2.07%, 0, 5, 5, 6.45, 508752, 1355
2646, 2, 21, 115, 68, 1, 2.07%, 0, 5, 5, 6.32, 508783, 1355
2652, 2, 21, 115, 68, 1, 2.07%, 0, 5, 5, 5.82, 508812, 1355
2657, 2, 21, 115, 68, 1, 2.07%, 0, 5, 5, 6.03, 508842, 1355
2662, 2, 21, 115, 68, 1, 2.07%, 0, 5, 5, 5.85, 508870, 1355
2667, 2, 21, 115, 68, 1, 2.07%, 0, 5, 5, 238.58, 509485, 1355
2672, 2, 47, 115, 68, 1, 2.07%, 0, 5, 5, 254.04, 510806, 1355
2677, 2, 47, 115, 68, 1, 2.07%, 0, 5, 5, 260.90, 512122, 1355
2682, 2, 47, 115, 68, 1, 2.07%, 0, 5, 5, 150.92, 512417, 1355
2687, 2, 47, 115, 68, 1, 2.07%, 0, 5, 5, 8.80, 512477, 1355
2693, 2, 47, 115, 68, 1, 2.07%, 0, 5, 5, 6.38, 513087, 1355
2698, 2, 47, 115, 68, 1, 2.07%, 0, 5, 5, 5.74, 513115, 1355
2703, 2, 47, 115, 68, 1, 2.07%, 0, 5, 5, 5.68, 513143, 1355
2708, 2, 47, 115, 68, 1, 2.07%, 0, 5, 5, 5.60, 513171, 1355
2713, 2, 47, 115, 68, 1, 2.07%, 0, 5, 5, 5.47, 513199, 1355
2719, 2, 47, 115, 68, 1, 2.07%, 0, 5, 5, 5.76, 513230, 1355
2724, 2, 47, 115, 68, 1, 2.07%, 0, 5, 5, 5.76, 513258, 1355
2729, 2, 47, 115, 68, 1, 2.07%, 0, 5, 5, 5.71, 513287, 1355
2734, 2, 47, 115, 68, 1, 2.07%, 0, 5, 5, 5.60, 513315, 1355
2739, 2, 47, 115, 68, 1, 2.07%, 0, 5, 5, 5.40, 513342, 1355
2744, 2, 47, 115, 68, 1, 2.07%, 0, 5, 5, 5.59, 513371, 1355
2749, 2, 47, 115, 68, 1, 2.07%, 0, 5, 5, 198.18, 514191, 1355
2754, 2, 47, 115, 68, 1, 2.07%, 0, 5, 5, 9.50, 514883, 1355
2759, 2, 47, 115, 68, 1, 2.07%, 0, 5, 5, 10.44, 514940, 1355
2765, 2, 47, 115, 68, 1, 2.07%, 0, 5, 5, 10.19, 514993, 1355
2770, 2, 47, 115, 68, 1, 2.07%, 0, 5, 5, 10.20, 515046, 1355
2775, 2, 47, 115, 68, 1, 2.07%, 0, 5, 5, 9.38, 515093, 1355
2780, 2, 47, 115, 68, 1, 2.07%, 0, 5, 5, 9.72, 515144, 1355
2785, 2, 13, 115, 68, 1, 2.07%, 0, 5, 5, 220.69, 516213, 1355
2790, 2, 13, 115, 68, 1, 2.07%, 0, 5, 5, 217.54, 517396, 1355
2795, 2, 13, 115, 68, 1, 2.07%, 0, 5, 5, 6.09, 517525, 1355
2801, 2, 13, 115, 68, 1, 2.07%, 0, 5, 5, 212.45, 518644, 1355
2806, 2, 13, 115, 68, 1, 2.07%, 0, 5, 5, 12.24, 518923, 1355
2811, 2, 13, 115, 68, 1, 2.07%, 0, 5, 5, 11.37, 518980, 1355
2816, 2, 13, 115, 68, 1, 2.07%, 0, 5, 5, 11.12, 519036, 1355
2821, 2, 13, 115, 68, 1, 2.07%, 0, 5, 5, 10.68, 519090, 1355
2826, 2, 21, 115, 68, 1, 2.07%, 0, 5, 5, 228.82, 519908, 1355
2832, 2, 21, 115, 68, 1, 2.07%, 0, 5, 5, 251.90, 521235, 1355
2837, 2, 21, 115, 68, 1, 2.07%, 0, 5, 5, 40.28, 522406, 1355
2842, 2, 21, 115, 68, 1, 2.07%, 0, 5, 5, 263.98, 523032, 1355
2847, 2, 6, 115, 68, 1, 2.07%, 0, 5, 5, 271.12, 524449, 1355
2852, 2, 112, 115, 68, 1, 2.07%, 0, 5, 5, 15.30, 524578, 1355
2857, 2, 112, 115, 68, 1, 2.07%, 0, 5, 5, 9.55, 524612, 1355
2862, 2, 112, 115, 68, 1, 2.07%, 0, 5, 5, 7.55, 524647, 1355
2868, 2, 112, 115, 68, 1, 2.07%, 0, 5, 5, 6.96, 524681, 1355
2873, 2, 112, 115, 68, 1, 2.07%, 0, 5, 5, 6.76, 524715, 1355
2878, 2, 112, 115, 68, 1, 2.07%, 0, 5, 5, 6.65, 524749, 1355
2883, 2, 112, 115, 68, 1, 2.07%, 0, 5, 5, 6.62, 524783, 1355
2888, 2, 112, 115, 68, 1, 2.07%, 0, 5, 5, 6.73, 524817, 1355
2893, 2, 112, 115, 68, 1, 2.07%, 0, 5, 5, 6.69, 524851, 1355
2898, 2, 112, 115, 68, 1, 2.07%, 0, 5, 5, 6.66, 524885, 1355
2903, 2, 112, 115, 68, 1, 2.07%, 0, 5, 5, 6.63, 524919, 1355
2909, 2, 112, 115, 68, 1, 2.07%, 0, 5, 5, 6.62, 524953, 1355
2914, 2, 112, 115, 68, 1, 2.07%, 0, 5, 5, 6.64, 524987, 1355
2919, 2, 112, 115, 68, 1, 2.07%, 0, 5, 5, 6.66, 525021, 1355
2924, 2, 112, 115, 68, 1, 2.07%, 0, 5, 5, 6.66, 525055, 1355
2929, 2, 112, 115, 68, 1, 2.07%, 0, 5, 5, 6.64, 525089, 1355
2934, 2, 112, 115, 68, 1, 2.07%, 0, 5, 5, 6.59, 525123, 1355
2939, 2, 112, 115, 68, 1, 2.07%, 0, 5, 5, 6.65, 525157, 1355
2944, 2, 112, 115, 68, 1, 2.07%, 0, 5, 5, 6.63, 525191, 1355
2950, 2, 112, 115, 68, 1, 2.07%, 0, 5, 5, 6.65, 525225, 1355
2955, 2, 112, 115, 68, 1, 2.07%, 0, 5, 5, 6.66, 525259, 1355
2960, 2, 112, 115, 68, 1, 2.07%, 0, 5, 5, 6.62, 525293, 1355
2965, 2, 112, 115, 68, 1, 2.07%, 0, 5, 5, 6.64, 525327, 1355
2970, 2, 112, 115, 68, 1, 2.07%, 0, 5, 5, 6.57, 525361, 1355
2975, 2, 112, 115, 68, 1, 2.07%, 0, 5, 5, 6.58, 525395, 1355
2980, 2, 112, 115, 68, 1, 2.07%, 0, 5, 5, 6.62, 525429, 1355
2985, 2, 112, 115, 68, 1, 2.07%, 0, 5, 5, 6.64, 525463, 1355
2991, 2, 112, 115, 68, 1, 2.07%, 0, 5, 5, 6.69, 525497, 1355
2996, 2, 112, 115, 68, 1, 2.07%, 0, 5, 5, 6.71, 525531, 1355
3001, 2, 112, 115, 68, 1, 2.07%, 0, 5, 5, 6.67, 525565, 1355
3006, 2, 112, 115, 68, 1, 2.07%, 0, 5, 5, 6.77, 525644, 1355
3011, 2, 112, 115, 68, 1, 2.07%, 0, 5, 5, 6.76, 525679, 1355
3016, 2, 112, 115, 68, 1, 2.07%, 0, 5, 5, 91.92, 526111, 1355
3021, 2, 8, 115, 67, 0, 2.07%, 0, 5, 5, 286.25, 527260, 1355
3026, 2, 8, 115, 67, 0, 2.07%, 0, 5, 5, 260.92, 528573, 1355
3031, 2, 8, 115, 67, 0, 2.07%, 0, 5, 5, 248.55, 529782, 1355
3036, 2, 82, 115, 67, 0, 2.07%, 0, 5, 5, 293.27, 530791, 1355
3042, 2, 82, 115, 67, 0, 2.07%, 0, 5, 5, 2.60, 531036, 1355
3048, 2, 82, 115, 67, 0, 2.07%, 0, 5, 5, 14.16, 531192, 1355
3053, 2, 82, 115, 67, 0, 2.07%, 0, 5, 5, 2.45, 531425, 1355
3058, 2, 31, 115, 67, 0, 2.07%, 0, 5, 5, 191.49, 532212, 1355
3063, 2, 31, 115, 67, 0, 2.07%, 0, 5, 5, 230.76, 532408, 1355
3069, 2, 31, 115, 67, 0, 2.07%, 0, 5, 5, 137.75, 532764, 1355
3074, 2, 31, 115, 67, 0, 2.07%, 0, 5, 5, 151.44, 533292, 1355
3079, 2, 33, 115, 67, 0, 2.07%, 0, 5, 5, 214.83, 534512, 1355
3084, 2, 33, 115, 67, 0, 2.07%, 0, 5, 5, 255.39, 535872, 1355
3089, 2, 33, 115, 67, 0, 2.07%, 0, 5, 5, 282.09, 537382, 1355
3094, 2, 33, 115, 67, 0, 2.07%, 0, 5, 5, 255.16, 538650, 1355
3099, 2, 33, 115, 67, 0, 2.07%, 0, 5, 5, 45.59, 539184, 1355
3104, 2, 8, 115, 67, 0, 2.07%, 0, 5, 5, 225.64, 540046, 1355
3110, 2, 8, 115, 67, 0, 2.07%, 0, 5, 5, 5.12, 540594, 1355
3115, 2, 8, 115, 67, 0, 2.07%, 0, 5, 5, 5.75, 540625, 1355
3120, 2, 8, 115, 67, 0, 2.07%, 0, 5, 5, 5.47, 540654, 1355
3125, 2, 8, 115, 67, 0, 2.07%, 0, 5, 5, 5.86, 540686, 1355
3130, 2, 8, 115, 67, 0, 2.07%, 0, 5, 5, 5.71, 540716, 1355
3135, 2, 8, 115, 67, 0, 2.07%, 0, 5, 5, 5.29, 540742, 1355
3140, 2, 8, 115, 67, 0, 2.07%, 0, 5, 5, 6.23, 540775, 1355
3145, 2, 8, 115, 67, 0, 2.07%, 0, 5, 5, 3.74, 541382, 1355
3151, 2, 8, 115, 67, 0, 2.07%, 0, 5, 5, 3.55, 541400, 1355
3156, 2, 8, 115, 67, 0, 2.07%, 0, 5, 5, 3.85, 541421, 1355
3161, 2, 8, 115, 67, 0, 2.07%, 0, 5, 5, 3.71, 541439, 1355
3166, 2, 8, 115, 67, 0, 2.07%, 0, 5, 5, 3.63, 541458, 1355
3172, 2, 8, 115, 67, 0, 2.07%, 0, 5, 5, 4.23, 541481, 1355
3177, 2, 8, 115, 67, 0, 2.07%, 0, 5, 5, 4.77, 541504, 1355
3182, 2, 8, 115, 67, 0, 2.07%, 0, 5, 5, 5.50, 541533, 1355
3188, 2, 8, 115, 67, 0, 2.07%, 0, 5, 5, 4.19, 541550, 1355
3193, 2, 8, 115, 67, 0, 2.07%, 0, 5, 5, 3.17, 541562, 1355
3198, 2, 8, 115, 67, 0, 2.07%, 0, 5, 5, 3.86, 541747, 1355
3203, 2, 8, 115, 67, 0, 2.07%, 0, 5, 5, 327.87, 541899, 1355
3208, 2, 8, 115, 67, 0, 2.07%, 0, 5, 5, 234.47, 543099, 1355
3214, 2, 16, 115, 67, 0, 2.07%, 0, 5, 5, 267.33, 543206, 1355
3219, 2, 16, 115, 67, 0, 2.07%, 0, 5, 5, 261.28, 544546, 1355
3224, 2, 16, 115, 67, 0, 2.07%, 0, 5, 5, 270.98, 545955, 1355
3229, 2, 16, 115, 67, 0, 2.07%, 0, 5, 5, 265.05, 547335, 1355
3234, 2, 16, 115, 67, 0, 2.07%, 0, 5, 5, 271.49, 548734, 1355
3239, 2, 16, 115, 67, 0, 2.07%, 0, 5, 5, 144.19, 549304, 1355
3244, 2, 16, 115, 67, 0, 2.07%, 0, 5, 5, 7.18, 549335, 1355
3250, 2, 16, 115, 67, 0, 2.07%, 0, 5, 5, 6.36, 549363, 1355
3255, 2, 16, 115, 67, 0, 2.07%, 0, 5, 5, 219.74, 550169, 1355
3260, 2, 16, 115, 67, 0, 2.07%, 0, 5, 5, 6.33, 550509, 1355
3265, 2, 16, 115, 67, 0, 2.07%, 0, 5, 5, 6.59, 550543, 1355
3270, 2, 16, 115, 67, 0, 2.07%, 0, 5, 5, 267.02, 551290, 1355
3275, 2, 16, 115, 67, 0, 2.07%, 0, 5, 5, 285.41, 552790, 1355
3280, 2, 16, 115, 67, 0, 2.07%, 0, 5, 5, 231.68, 553823, 1355
3285, 2, 16, 115, 67, 0, 2.07%, 0, 5, 5, 13.11, 554173, 1355
3291, 2, 16, 115, 67, 0, 2.07%, 0, 5, 5, 11.43, 554230, 1355
3296, 2, 16, 115, 67, 0, 2.07%, 0, 5, 5, 11.31, 554286, 1355
3301, 2, 16, 115, 67, 0, 2.07%, 0, 5, 5, 10.50, 554337, 1355
3306, 2, 16, 115, 67, 0, 2.07%, 0, 5, 5, 10.32, 554392, 1355
3311, 2, 16, 115, 67, 0, 2.07%, 0, 5, 5, 10.36, 554446, 1355
3316, 2, 16, 115, 67, 0, 2.07%, 0, 5, 5, 10.41, 554500, 1355
3321, 2, 16, 115, 67, 0, 2.07%, 0, 5, 5, 10.62, 554555, 1355
3327, 2, 16, 115, 67, 0, 2.07%, 0, 5, 5, 11.18, 554614, 1355
3332, 2, 16, 115, 67, 0, 2.07%, 0, 5, 5, 10.59, 554667, 1355
3337, 2, 16, 115, 67, 0, 2.07%, 0, 5, 5, 11.20, 554724, 1355
3342, 2, 16, 115, 67, 0, 2.07%, 0, 5, 5, 275.74, 556123, 1355
3347, 2, 16, 115, 67, 0, 2.07%, 0, 5, 5, 287.13, 557552, 1355
3352, 2, 16, 115, 67, 0, 2.07%, 0, 5, 5, 279.22, 559022, 1355
3357, 2, 16, 115, 67, 0, 2.07%, 0, 5, 5, 267.63, 560387, 1355
3362, 2, 16, 115, 67, 0, 2.07%, 0, 5, 5, 288.19, 561867, 1355
3367, 2, 16, 115, 67, 0, 2.07%, 0, 5, 5, 281.35, 563306, 1355
3373, 2, 16, 115, 67, 0, 2.07%, 0, 5, 5, 272.86, 564702, 1355
3378, 2, 16, 115, 67, 0, 2.07%, 0, 5, 5, 297.21, 566241, 1355
3383, 2, 29, 115, 67, 0, 2.07%, 0, 5, 5, 227.06, 567513, 1355
3388, 2, 41, 116, 68, 0, 2.10%, 0, 5, 5, 244.40, 568673, 1377
3393, 2, 41, 116, 68, 0, 2.10%, 0, 5, 5, 282.12, 570175, 1377
3398, 2, 41, 117, 69, 0, 2.10%, 0, 5, 5, 292.25, 571698, 1377
3403, 2, 41, 117, 69, 0, 2.10%, 0, 5, 5, 287.86, 573148, 1377
3408, 2, 41, 117, 69, 0, 2.10%, 0, 5, 5, 284.32, 574598, 1377
3414, 2, 41, 117, 69, 0, 2.10%, 0, 5, 5, 267.70, 575910, 1377
3419, 2, 41, 117, 69, 0, 2.10%, 0, 5, 5, 272.66, 577275, 1377
3424, 2, 41, 117, 69, 0, 2.10%, 0, 5, 5, 259.02, 578450, 1377
3429, 2, 41, 117, 69, 0, 2.10%, 0, 5, 5, 273.99, 579850, 1377
3434, 2, 41, 117, 69, 0, 2.10%, 0, 5, 5, 245.81, 581076, 1377
3439, 2, 41, 117, 69, 0, 2.10%, 0, 5, 5, 168.25, 581828, 1377
3444, 2, 41, 117, 69, 0, 2.10%, 0, 5, 5, 151.00, 582584, 1377
3449, 2, 41, 117, 69, 0, 2.10%, 0, 5, 5, 147.05, 583335, 1377
3454, 2, 41, 117, 69, 0, 2.10%, 0, 5, 5, 146.78, 584083, 1377
3459, 2, 41, 117, 69, 0, 2.10%, 0, 5, 5, 146.01, 584829, 1377
3464, 2, 41, 117, 69, 0, 2.10%, 0, 5, 5, 146.08, 585577, 1377
3469, 2, 41, 117, 69, 0, 2.10%, 0, 5, 5, 146.22, 586325, 1377
3475, 2, 41, 117, 69, 0, 2.10%, 0, 5, 5, 144.70, 587069, 1377
3480, 2, 41, 117, 69, 0, 2.10%, 0, 5, 5, 8.28, 587342, 1377
3485, 2, 41, 117, 69, 0, 2.10%, 0, 5, 5, 7.38, 587376, 1377
3490, 2, 41, 117, 69, 0, 2.10%, 0, 5, 5, 7.19, 587412, 1377
3495, 2, 41, 117, 69, 0, 2.10%, 0, 5, 5, 123.90, 587990, 1377
3500, 2, 41, 117, 69, 0, 2.10%, 0, 5, 5, 5.25, 588224, 1377
3505, 2, 41, 117, 69, 0, 2.10%, 0, 5, 5, 4.72, 588248, 1377
3510, 2, 41, 117, 69, 0, 2.10%, 0, 5, 5, 4.73, 588272, 1377
3515, 2, 41, 117, 69, 0, 2.10%, 0, 5, 5, 4.43, 588295, 1377
3521, 2, 41, 117, 69, 0, 2.10%, 0, 5, 5, 265.61, 588979, 1377
3526, 2, 41, 117, 69, 0, 2.10%, 0, 5, 5, 237.34, 590107, 1377
3531, 2, 41, 117, 69, 0, 2.10%, 0, 5, 5, 276.10, 591628, 1377
3536, 2, 41, 117, 69, 0, 2.10%, 0, 5, 5, 233.32, 592826, 1377
3541, 2, 41, 117, 69, 0, 2.10%, 0, 5, 5, 122.40, 593308, 1377
3546, 2, 41, 117, 69, 0, 2.10%, 0, 5, 5, 6.27, 593582, 1377
3551, 2, 41, 117, 69, 0, 2.10%, 0, 5, 5, 6.28, 593615, 1377
3557, 2, 41, 117, 69, 0, 2.10%, 0, 5, 5, 6.39, 593648, 1377
3562, 2, 41, 117, 69, 0, 2.10%, 0, 5, 5, 290.30, 594217, 1377
3567, 2, 41, 117, 69, 0, 2.10%, 0, 5, 5, 33.63, 595475, 1377
3572, 2, 41, 117, 69, 0, 2.10%, 0, 5, 5, 28.27, 595608, 1377
3577, 2, 41, 117, 69, 0, 2.10%, 0, 5, 5, 27.37, 595733, 1377
3582, 2, 41, 117, 69, 0, 2.10%, 0, 5, 5, 27.91, 595871, 1377
3588, 2, 41, 117, 69, 0, 2.10%, 0, 5, 5, 23.68, 595997, 1377
3593, 2, 41, 117, 69, 0, 2.10%, 0, 5, 5, 23.04, 596127, 1377
3598, 2, 41, 117, 69, 0, 2.10%, 0, 5, 5, 23.04, 596253, 1377
3603, 2, 41, 117, 69, 0, 2.10%, 0, 5, 5, 14.97, 596314, 1377
3608, 2, 41, 117, 69, 0, 2.10%, 0, 5, 5, 270.32, 597185, 1377
3613, 2, 41, 117, 69, 0, 2.10%, 0, 5, 5, 268.15, 598632, 1377
3619, 2, 41, 117, 69, 0, 2.10%, 0, 5, 5, 229.29, 599793, 1377
3624, 2, 48, 117, 69, 1, 2.10%, 0, 5, 5, 270.45, 601210, 1377
3629, 2, 48, 117, 69, 1, 2.10%, 0, 5, 5, 267.62, 602625, 1377
3634, 2, 48, 117, 69, 1, 2.10%, 0, 5, 5, 4.77, 603237, 1377
3639, 2, 48, 117, 69, 1, 2.10%, 0, 5, 5, 4.57, 603261, 1377
3644, 2, 48, 117, 69, 1, 2.10%, 0, 5, 5, 4.89, 603287, 1377
3649, 2, 48, 117, 69, 1, 2.10%, 0, 5, 5, 5.18, 603316, 1377
3655, 2, 48, 117, 69, 1, 2.10%, 0, 5, 5, 4.83, 603341, 1377
3660, 2, 48, 117, 69, 1, 2.10%, 0, 5, 5, 5.51, 603373, 1377
3665, 2, 48, 117, 69, 1, 2.10%, 0, 5, 5, 5.08, 603399, 1377
3670, 2, 48, 117, 69, 1, 2.10%, 0, 5, 5, 4.97, 603425, 1377
3675, 2, 48, 117, 69, 1, 2.10%, 0, 5, 5, 5.22, 603453, 1377
3680, 2, 48, 117, 69, 1, 2.10%, 0, 5, 5, 196.39, 603638, 1377
3685, 2, 48, 117, 69, 1, 2.10%, 0, 5, 5, 23.23, 604488, 1377
3690, 2, 48, 117, 69, 1, 2.10%, 0, 5, 5, 12.60, 604519, 1377
3695, 2, 48, 117, 69, 1, 2.10%, 0, 5, 5, 7.30, 604544, 1377
3700, 2, 48, 117, 69, 1, 2.10%, 0, 5, 5, 5.65, 604569, 1377
3706, 2, 48, 117, 69, 1, 2.10%, 0, 5, 5, 5.92, 604599, 1377
3711, 2, 48, 117, 69, 1, 2.10%, 0, 5, 5, 5.23, 604626, 1377
3716, 2, 48, 117, 69, 1, 2.10%, 0, 5, 5, 5.44, 604656, 1377
3721, 2, 48, 117, 69, 1, 2.10%, 0, 5, 5, 5.40, 604684, 1377
3726, 2, 48, 117, 69, 1, 2.10%, 0, 5, 5, 5.16, 604710, 1377
3731, 2, 48, 117, 69, 1, 2.10%, 0, 5, 5, 4.94, 604735, 1377
3736, 2, 48, 118, 70, 1, 2.10%, 0, 5, 5, 5.06, 604759, 1377
3741, 2, 48, 118, 70, 1, 2.10%, 0, 5, 5, 5.04, 604784, 1377
3746, 2, 48, 118, 70, 1, 2.10%, 0, 5, 5, 273.28, 605088, 1377
3751, 2, 56, 119, 70, 1, 2.10%, 0, 5, 5, 259.90, 606376, 1377
3757, 2, 56, 119, 70, 1, 2.10%, 0, 5, 5, 270.39, 607747, 1377
3762, 2, 56, 119, 70, 1, 2.10%, 0, 5, 5, 7.74, 608423, 1377
3767, 2, 56, 119, 70, 1, 2.10%, 0, 5, 5, 232.60, 609064, 1377
3772, 2, 56, 119, 70, 1, 2.10%, 0, 5, 5, 274.97, 610553, 1377
3777, 2, 8, 119, 69, 1, 2.10%, 0, 5, 5, 281.45, 611993, 1377
3782, 2, 8, 119, 69, 1, 2.10%, 0, 5, 5, 290.18, 613471, 1377
3787, 2, 8, 119, 69, 1, 2.10%, 0, 5, 5, 240.75, 614745, 1377
3793, 2, 8, 119, 69, 1, 2.10%, 0, 5, 5, 2.59, 614846, 1377
3798, 2, 8, 119, 69, 1, 2.10%, 0, 5, 5, 276.80, 615096, 1377
3803, 2, 51, 119, 69, 1, 2.10%, 0, 5, 5, 271.77, 616453, 1377
3808, 2, 51, 119, 69, 1, 2.10%, 0, 5, 5, 16.29, 617394, 1377
3813, 2, 51, 119, 69, 1, 2.10%, 0, 5, 5, 171.94, 617956, 1377
3818, 2, 51, 119, 69, 1, 2.10%, 0, 5, 5, 11.86, 618688, 1377
3824, 2, 51, 119, 69, 1, 2.10%, 0, 5, 5, 150.54, 619225, 1377
3829, 2, 51, 119, 69, 1, 2.10%, 0, 5, 5, 47.67, 619406, 1377
3834, 2, 51, 119, 69, 1, 2.10%, 0, 5, 5, 4.17, 619472, 1377
3839, 2, 51, 119, 69, 1, 2.10%, 0, 5, 5, 250.32, 620179, 1377
3844, 2, 29, 119, 68, 1, 2.10%, 0, 5, 5, 200.06, 621277, 1377
3849, 2, 29, 119, 68, 1, 2.10%, 0, 5, 5, 99.08, 621939, 1377
3854, 2, 29, 119, 68, 1, 2.10%, 0, 5, 5, 242.34, 623357, 1377
3859, 2, 29, 119, 68, 1, 2.10%, 0, 5, 5, 235.58, 624613, 1377
3865, 2, 6, 119, 68, 1, 2.10%, 0, 5, 5, 251.54, 625535, 1377
3870, 2, 70, 119, 68, 1, 2.10%, 0, 5, 5, 264.32, 626893, 1377
3875, 2, 70, 119, 68, 1, 2.10%, 0, 5, 5, 261.07, 628195, 1377
3880, 2, 70, 119, 68, 1, 2.10%, 0, 5, 5, 234.58, 629355, 1377
3885, 2, 70, 119, 68, 1, 2.10%, 0, 5, 5, 208.49, 630362, 1377
3890, 2, 70, 119, 68, 1, 2.10%, 0, 5, 5, 213.34, 631336, 1377
3895, 2, 70, 119, 68, 1, 2.10%, 0, 5, 5, 203.75, 632430, 1377
3900, 2, 70, 119, 68, 1, 2.10%, 0, 5, 5, 2.65, 632805, 1377
3906, 2, 70, 119, 68, 1, 2.10%, 0, 5, 5, 2.81, 632820, 1377
3911, 2, 70, 119, 68, 1, 2.10%, 0, 5, 5, 2.89, 632835, 1377
3916, 2, 70, 119, 68, 1, 2.10%, 0, 5, 5, 2.80, 632849, 1377
3921, 2, 70, 119, 68, 1, 2.10%, 0, 5, 5, 2.91, 632864, 1377
3926, 2, 70, 119, 68, 1, 2.10%, 0, 5, 5, 37.65, 633532, 1377
3931, 2, 70, 119, 68, 1, 2.10%, 0, 5, 5, 38.27, 633727, 1377
3936, 2, 70, 119, 68, 1, 2.10%, 0, 5, 5, 42.52, 633944, 1377
3942, 2, 70, 119, 68, 1, 2.10%, 0, 5, 5, 230.92, 634431, 1377
3947, 2, 70, 119, 68, 1, 2.10%, 0, 5, 5, 280.99, 635860, 1377
3952, 2, 70, 119, 68, 1, 2.10%, 0, 5, 5, 289.22, 637365, 1377
3957, 2, 6, 119, 68, 1, 2.10%, 0, 5, 5, 6.34, 638287, 1377
3962, 2, 6, 119, 68, 1, 2.10%, 0, 5, 5, 4.25, 638440, 1377
3967, 2, 6, 119, 68, 1, 2.10%, 0, 5, 5, 243.86, 638831, 1377
3972, 2, 16, 119, 68, 1, 2.10%, 0, 5, 5, 285.82, 640051, 1377
3978, 2, 16, 119, 68, 1, 2.10%, 0, 5, 5, 214.54, 641033, 1377
3983, 2, 16, 119, 68, 1, 2.10%, 0, 5, 5, 23.91, 641616, 1377
3988, 2, 16, 119, 68, 1, 2.10%, 0, 5, 5, 14.04, 641670, 1377
3993, 2, 16, 119, 68, 1, 2.10%, 0, 5, 5, 11.45, 641723, 1377
3998, 2, 16, 119, 68, 1, 2.10%, 0, 5, 5, 10.25, 641774, 1377
4003, 2, 16, 119, 68, 1, 2.10%, 0, 5, 5, 9.82, 641824, 1377
4009, 2, 16, 119, 68, 1, 2.10%, 0, 5, 5, 10.33, 641879, 1377
4014, 2, 16, 119, 68, 1, 2.10%, 0, 5, 5, 10.73, 641936, 1377
4019, 2, 16, 119, 68, 1, 2.10%, 0, 5, 5, 204.63, 642329, 1377
4024, 2, 16, 119, 68, 1, 2.10%, 0, 5, 5, 136.95, 643595, 1377
4029, 2, 16, 119, 68, 1, 2.10%, 0, 5, 5, 263.92, 645133, 1377
4034, 2, 16, 119, 68, 1, 2.10%, 0, 5, 5, 252.84, 646388, 1377
4039, 2, 31, 119, 68, 1, 2.10%, 0, 5, 5, 257.96, 647700, 1377
4045, 2, 31, 119, 68, 1, 2.10%, 0, 5, 5, 3.01, 647877, 1377
4050, 2, 31, 119, 68, 1, 2.10%, 0, 5, 5, 29.99, 648214, 1377
4055, 2, 31, 119, 68, 1, 2.10%, 0, 5, 5, 35.00, 648485, 1377
4060, 2, 61, 119, 68, 1, 2.10%, 0, 5, 5, 217.86, 649810, 1377
4065, 2, 61, 119, 68, 1, 2.10%, 0, 5, 5, 264.46, 651223, 1377
4071, 2, 61, 119, 68, 1, 2.10%, 0, 5, 5, 188.83, 652230, 1377
4076, 2, 61, 119, 68, 1, 2.10%, 0, 5, 5, 4.65, 652255, 1377
4081, 2, 61, 119, 68, 1, 2.10%, 0, 5, 5, 261.45, 653623, 1377
4086, 2, 54, 119, 67, 1, 2.10%, 0, 5, 5, 260.63, 654904, 1377
4091, 2, 54, 119, 67, 1, 2.10%, 0, 5, 5, 43.06, 655702, 1377
4096, 2, 54, 119, 67, 1, 2.10%, 0, 5, 5, 261.65, 656399, 1377
4101, 2, 54, 119, 67, 1, 2.10%, 0, 5, 5, 279.41, 657804, 1377
4106, 2, 54, 119, 67, 1, 2.10%, 0, 5, 5, 2.65, 658635, 1377
4112, 2, 54, 119, 67, 1, 2.10%, 0, 5, 5, 2.57, 658648, 1377
4117, 2, 54, 119, 67, 1, 2.10%, 0, 5, 5, 209.06, 658837, 1377
4122, 2, 115, 119, 66, 1, 2.10%, 0, 5, 5, 196.99, 659670, 1377
4127, 2, 115, 119, 66, 1, 2.10%, 0, 5, 5, 41.83, 660350, 1377
4132, 2, 115, 119, 66, 1, 2.10%, 0, 5, 5, 5.89, 660541, 1377
4137, 2, 115, 119, 66, 1, 2.10%, 0, 5, 5, 6.36, 660576, 1377
4142, 2, 115, 119, 66, 1, 2.10%, 0, 5, 5, 6.95, 660610, 1377
4147, 2, 115, 119, 66, 1, 2.10%, 0, 5, 5, 8.14, 660649, 1377
4152, 2, 115, 119, 66, 1, 2.10%, 0, 5, 5, 9.62, 660701, 1377
4157, 2, 62, 119, 65, 0, 2.10%, 0, 5, 5, 218.92, 661787, 1377
4163, 2, 62, 119, 65, 0, 2.10%, 0, 5, 5, 239.40, 663111, 1377
4168, 2, 62, 119, 65, 0, 2.10%, 0, 5, 5, 261.86, 664447, 1377
4173, 2, 62, 119, 65, 0, 2.10%, 0, 5, 5, 3.45, 664721, 1377
4178, 2, 62, 119, 65, 0, 2.10%, 0, 5, 5, 3.35, 664739, 1377
4184, 2, 62, 119, 65, 0, 2.10%, 0, 5, 5, 3.73, 664761, 1377
4189, 2, 62, 119, 65, 0, 2.10%, 0, 5, 5, 3.55, 664779, 1377
4194, 2, 62, 119, 65, 0, 2.10%, 0, 5, 5, 3.51, 664796, 1377
4199, 2, 62, 119, 65, 0, 2.10%, 0, 5, 5, 4.01, 664820, 1377
4205, 2, 62, 119, 65, 0, 2.10%, 0, 5, 5, 3.42, 664836, 1377
4210, 2, 62, 119, 65, 0, 2.10%, 0, 5, 5, 3.70, 664857, 1377
4215, 2, 62, 119, 65, 0, 2.10%, 0, 5, 5, 3.47, 664875, 1377
4220, 2, 62, 119, 65, 0, 2.10%, 0, 5, 5, 3.76, 664897, 1377
4225, 2, 62, 119, 65, 0, 2.10%, 0, 5, 5, 3.67, 664916, 1377
4230, 2, 62, 119, 65, 0, 2.10%, 0, 5, 5, 3.81, 664936, 1377
4235, 2, 62, 119, 65, 0, 2.10%, 0, 5, 5, 3.67, 664954, 1377
4241, 2, 62, 119, 65, 0, 2.10%, 0, 5, 5, 3.49, 664972, 1377
4246, 2, 62, 119, 65, 0, 2.10%, 0, 5, 5, 3.05, 664986, 1377
4251, 2, 62, 119, 65, 0, 2.10%, 0, 6, 5, 2.72, 664997, 1377
4256, 2, 62, 119, 65, 0, 2.10%, 0, 6, 5, 223.30, 665387, 1377
4261, 2, 62, 119, 65, 0, 2.10%, 0, 6, 5, 3.67, 665576, 1377
4266, 2, 62, 119, 65, 0, 2.10%, 0, 6, 5, 3.88, 665596, 1377
4272, 2, 33, 119, 65, 0, 2.10%, 0, 6, 5, 263.19, 666791, 1377
4277, 2, 33, 119, 65, 0, 2.10%, 0, 6, 5, 196.83, 667784, 1377
4282, 2, 33, 119, 65, 0, 2.10%, 0, 6, 5, 4.79, 668089, 1377
4287, 2, 33, 119, 65, 0, 2.10%, 0, 6, 5, 218.02, 668246, 1377
4292, 2, 33, 119, 65, 0, 2.10%, 0, 6, 5, 206.94, 669414, 1377
4297, 2, 33, 119, 65, 0, 2.10%, 0, 6, 5, 5.27, 669581, 1377
4302, 2, 33, 119, 65, 0, 2.10%, 0, 6, 5, 320.24, 670387, 1377
4307, 2, 33, 119, 65, 0, 2.10%, 0, 6, 5, 219.86, 671501, 1377
4312, 2, 33, 119, 65, 0, 2.10%, 0, 6, 5, 5.42, 671660, 1377
4318, 2, 33, 119, 65, 0, 2.10%, 0, 6, 5, 269.01, 672378, 1377
4323, 2, 33, 119, 65, 0, 2.10%, 0, 6, 5, 284.88, 673755, 1377
4328, 2, 33, 119, 65, 0, 2.10%, 0, 6, 5, 46.98, 674358, 1377
4333, 2, 33, 119, 65, 0, 2.10%, 0, 6, 5, 171.90, 675147, 1377
4338, 2, 33, 119, 65, 0, 2.10%, 0, 6, 5, 163.70, 676092, 1377
4343, 2, 33, 119, 65, 0, 2.10%, 0, 6, 5, 6.55, 676252, 1377
4348, 2, 33, 119, 65, 0, 2.10%, 0, 6, 5, 275.01, 677229, 1377
4353, 2, 8, 119, 65, 0, 2.10%, 0, 6, 5, 287.90, 678697, 1377
4358, 2, 8, 119, 65, 0, 2.10%, 0, 6, 5, 5.31, 679341, 1377
4363, 2, 8, 119, 65, 0, 2.10%, 0, 6, 5, 6.22, 679375, 1377
4369, 2, 8, 119, 65, 0, 2.10%, 0, 6, 5, 7.60, 679415, 1377
4374, 2, 8, 119, 65, 0, 2.10%, 0, 6, 5, 7.38, 679453, 1377
4379, 2, 8, 119, 65, 0, 2.10%, 0, 6, 5, 8.20, 679491, 1377
4384, 2, 8, 119, 65, 0, 2.10%, 0, 6, 5, 6.26, 679520, 1377
4389, 2, 8, 119, 65, 0, 2.10%, 0, 6, 5, 9.47, 680105, 1377
4394, 2, 8, 119, 65, 0, 2.10%, 0, 6, 5, 134.56, 680485, 1377
4399, 2, 8, 119, 65, 0, 2.10%, 0, 6, 5, 5.51, 680509, 1377
4404, 2, 8, 119, 65, 0, 2.10%, 0, 6, 5, 9.96, 680889, 1377
4409, 2, 8, 119, 65, 0, 2.10%, 0, 6, 5, 5.75, 680904, 1377
4415, 2, 8, 119, 65, 0, 2.10%, 0, 6, 5, 19.44, 681522, 1377
4420, 2, 8, 119, 65, 0, 2.10%, 0, 6, 5, 11.71, 681569, 1377
4425, 2, 8, 119, 65, 0, 2.10%, 0, 6, 5, 11.32, 681625, 1377
4430, 2, 8, 119, 65, 0, 2.10%, 0, 6, 5, 10.11, 681676, 1377
4435, 2, 16, 119, 65, 0, 2.10%, 0, 6, 5, 219.11, 682581, 1377
4440, 2, 16, 119, 65, 0, 2.10%, 0, 6, 5, 284.80, 684069, 1377
4446, 2, 16, 119, 65, 0, 2.10%, 0, 6, 5, 17.66, 684422, 1377
4451, 2, 16, 119, 65, 0, 2.10%, 0, 6, 5, 10.49, 684450, 1377
4456, 2, 16, 119, 65, 0, 2.10%, 0, 6, 5, 254.01, 685550, 1377
4461, 2, 16, 119, 65, 0, 2.10%, 0, 6, 5, 241.85, 686848, 1377
4466, 2, 16, 119, 65, 0, 2.10%, 0, 6, 5, 3.72, 687195, 1377
4471, 2, 16, 119, 65, 0, 2.10%, 0, 6, 5, 3.81, 687215, 1377
4476, 2, 16, 119, 65, 0, 2.10%, 0, 6, 5, 293.04, 687355, 1377
4481, 2, 16, 119, 65, 0, 2.10%, 0, 6, 5, 5.55, 687653, 1377
4487, 2, 16, 119, 65, 0, 2.10%, 0, 6, 5, 5.62, 687682, 1377
4492, 2, 16, 119, 65, 0, 2.10%, 0, 6, 5, 4.86, 687706, 1377
4497, 2, 16, 119, 65, 0, 2.10%, 0, 6, 5, 5.23, 687734, 1377
4502, 2, 16, 119, 65, 0, 2.10%, 0, 6, 5, 5.89, 687764, 1377
4507, 2, 16, 119, 65, 0, 2.10%, 0, 6, 5, 5.55, 687793, 1377
4512, 2, 16, 119, 65, 0, 2.10%, 0, 6, 5, 6.09, 687825, 1377
4517, 2, 16, 119, 65, 0, 2.10%, 0, 6, 5, 5.21, 687851, 1377
4522, 2, 16, 119, 65, 0, 2.10%, 0, 6, 5, 5.52, 687880, 1377
4528, 2, 16, 119, 65, 0, 2.10%, 0, 6, 5, 5.64, 687910, 1377
4533, 2, 16, 119, 65, 0, 2.10%, 0, 6, 5, 5.49, 687938, 1377
4538, 2, 16, 119, 65, 0, 2.10%, 0, 6, 5, 5.03, 687963, 1377
4543, 2, 16, 119, 65, 0, 2.10%, 0, 6, 5, 4.96, 687989, 1377
4548, 2, 16, 119, 65, 0, 2.10%, 0, 6, 5, 4.94, 688013, 1377
4553, 2, 16, 119, 65, 0, 2.10%, 0, 6, 5, 288.78, 688661, 1377
4558, 2, 16, 119, 65, 0, 2.10%, 0, 6, 5, 48.27, 689376, 1377
4563, 2, 31, 119, 65, 0, 2.10%, 0, 6, 5, 55.11, 689638, 1377
4568, 2, 31, 119, 65, 0, 2.10%, 0, 6, 5, 5.03, 690760, 1377
4574, 2, 31, 119, 65, 0, 2.10%, 0, 6, 5, 5.52, 690790, 1377
4579, 2, 31, 119, 65, 0, 2.10%, 0, 6, 5, 5.70, 690819, 1377
4584, 2, 31, 119, 65, 0, 2.10%, 0, 6, 5, 5.53, 690847, 1377
4589, 2, 31, 119, 65, 0, 2.10%, 0, 6, 5, 228.16, 691525, 1377
4594, 2, 31, 119, 65, 0, 2.10%, 0, 6, 5, 5.65, 691556, 1377
4599, 2, 21, 119, 65, 0, 2.10%, 0, 6, 5, 42.66, 692342, 1377
4605, 2, 21, 119, 65, 0, 2.10%, 0, 6, 5, 33.75, 692504, 1377
4610, 2, 21, 119, 65, 0, 2.10%, 0, 6, 5, 3.76, 692621, 1377
4615, 2, 21, 119, 65, 0, 2.10%, 0, 6, 5, 42.14, 693048, 1377
4620, 2, 21, 119, 65, 0, 2.10%, 0, 6, 5, 34.26, 693208, 1377
4625, 2, 21, 119, 65, 0, 2.10%, 0, 6, 5, 4.44, 693230, 1377
4630, 2, 21, 119, 65, 0, 2.10%, 0, 6, 5, 274.63, 694610, 1377
4635, 2, 31, 119, 65, 0, 2.10%, 0, 6, 5, 267.63, 695761, 1377
4640, 2, 31, 119, 65, 0, 2.10%, 0, 6, 5, 5.63, 695971, 1377
4645, 2, 31, 119, 65, 0, 2.10%, 0, 6, 5, 5.39, 695998, 1377
4651, 2, 31, 119, 65, 0, 2.10%, 0, 6, 5, 5.26, 696025, 1377
4656, 2, 31, 119, 65, 0, 2.10%, 0, 6, 5, 118.85, 696335, 1377
4661, 2, 31, 119, 65, 0, 2.10%, 0, 6, 5, 2.62, 696745, 1377
4666, 2, 31, 119, 65, 0, 2.10%, 0, 6, 5, 6.10, 696869, 1377
4671, 2, 31, 119, 65, 0, 2.10%, 0, 6, 5, 5.99, 696899, 1377
4676, 2, 31, 119, 65, 0, 2.10%, 0, 6, 5, 5.88, 696929, 1377
4681, 2, 33, 119, 65, 0, 2.10%, 0, 6, 5, 242.25, 697401, 1377
4687, 2, 33, 119, 65, 0, 2.10%, 0, 6, 5, 276.74, 698811, 1377
4692, 2, 33, 119, 65, 0, 2.10%, 0, 6, 5, 265.38, 700166, 1377
4697, 2, 33, 119, 65, 0, 2.10%, 0, 6, 5, 263.41, 701549, 1377
4702, 2, 33, 119, 65, 0, 2.10%, 0, 6, 5, 5.09, 701666, 1377
4707, 2, 33, 119, 65, 0, 2.10%, 0, 6, 5, 5.91, 701699, 1377
4712, 2, 33, 119, 65, 0, 2.10%, 0, 6, 5, 5.78, 701728, 1377
4718, 2, 33, 119, 65, 0, 2.10%, 0, 6, 5, 5.91, 701758, 1377
4723, 2, 33, 119, 65, 0, 2.10%, 0, 6, 5, 5.75, 701787, 1377
4728, 2, 33, 119, 65, 0, 2.10%, 0, 6, 5, 6.38, 701819, 1377
4733, 2, 33, 119, 65, 0, 2.10%, 0, 6, 5, 6.25, 701851, 1377
4738, 2, 33, 119, 65, 0, 2.10%, 0, 6, 5, 5.97, 701880, 1377
4743, 2, 33, 119, 65, 0, 2.10%, 0, 6, 5, 5.65, 701908, 1377
4748, 2, 33, 119, 65, 0, 2.10%, 0, 6, 5, 49.75, 701946, 1377
4753, 2, 33, 119, 65, 0, 2.10%, 0, 6, 5, 296.64, 703426, 1377
4758, 2, 33, 119, 65, 0, 2.10%, 0, 6, 5, 245.95, 704615, 1377
4764, 2, 33, 119, 65, 0, 2.10%, 0, 6, 5, 4.87, 704766, 1377
4769, 2, 33, 119, 65, 0, 2.10%, 0, 6, 5, 5.46, 704796, 1377
4774, 2, 33, 119, 65, 0, 2.10%, 0, 6, 5, 4.91, 704821, 1377
4779, 2, 33, 119, 65, 0, 2.10%, 0, 6, 5, 5.28, 704852, 1377
4784, 2, 33, 119, 65, 0, 2.10%, 0, 6, 5, 5.12, 704879, 1377
4790, 2, 33, 119, 65, 0, 2.10%, 0, 6, 5, 5.42, 704907, 1377
4795, 2, 33, 119, 65, 0, 2.10%, 0, 6, 5, 5.31, 704936, 1377
4800, 2, 33, 119, 65, 0, 2.10%, 0, 6, 5, 5.01, 704962, 1377
4805, 2, 33, 119, 65, 0, 2.10%, 0, 6, 5, 5.11, 704990, 1377
4810, 2, 33, 119, 65, 0, 2.10%, 0, 6, 5, 5.52, 705017, 1377
4815, 2, 33, 119, 65, 0, 2.10%, 0, 6, 5, 335.00, 705108, 1377
4820, 2, 33, 119, 65, 0, 2.10%, 0, 6, 5, 296.46, 706562, 1377
4826, 2, 33, 119, 65, 0, 2.10%, 0, 6, 5, 83.49, 706995, 1377
4831, 2, 33, 119, 65, 0, 2.10%, 0, 6, 5, 4.13, 707102, 1377
4836, 2, 33, 119, 65, 0, 2.10%, 0, 6, 5, 199.99, 707526, 1377
4841, 2, 33, 119, 65, 0, 2.10%, 0, 6, 5, 5.42, 708023, 1377
4847, 2, 33, 119, 65, 0, 2.10%, 0, 6, 5, 4.17, 708040, 1377
4852, 2, 33, 119, 65, 0, 2.10%, 0, 6, 5, 4.06, 708061, 1377
4857, 2, 33, 119, 65, 0, 2.10%, 0, 6, 5, 3.77, 708079, 1377
4862, 2, 33, 119, 65, 0, 2.10%, 0, 6, 5, 3.82, 708096, 1377
4868, 2, 33, 119, 65, 0, 2.10%, 0, 6, 5, 4.51, 708121, 1377
4873, 2, 33, 119, 65, 0, 2.10%, 0, 6, 5, 4.30, 708143, 1377
4878, 2, 33, 119, 65, 0, 2.10%, 0, 6, 5, 3.55, 708159, 1377
4884, 2, 33, 119, 65, 0, 2.10%, 0, 6, 5, 4.28, 708183, 1377
4889, 2, 33, 119, 65, 0, 2.10%, 0, 6, 5, 3.86, 708199, 1377
4894, 2, 33, 119, 65, 0, 2.10%, 0, 6, 5, 3.31, 708213, 1377
4899, 2, 33, 119, 65, 0, 2.10%, 0, 6, 5, 4.08, 708234, 1377
4904, 2, 33, 119, 65, 0, 2.10%, 0, 6, 5, 4.44, 708257, 1377
4909, 2, 33, 119, 65, 0, 2.10%, 0, 6, 5, 3.94, 708273, 1377
