# relative_time, cycles_done, cur_item, corpus_count, pending_total, pending_favs, map_size, saved_crashes, saved_hangs, max_depth, execs_per_sec, total_execs, edges_found
60, 0, 6, 82, 82, 5, 1.04%, 0, 0, 2, 421.97, 35759, 682
65, 0, 6, 82, 82, 5, 1.04%, 0, 0, 2, 422.50, 37863, 682
70, 0, 6, 82, 82, 5, 1.04%, 0, 0, 2, 404.28, 39959, 682
75, 0, 6, 82, 82, 5, 1.04%, 0, 0, 2, 412.60, 42047, 682
80, 0, 6, 82, 82, 5, 1.04%, 0, 0, 2, 418.96, 44207, 682
86, 0, 6, 82, 82, 5, 1.04%, 0, 0, 2, 422.65, 46415, 682
91, 0, 6, 82, 82, 5, 1.04%, 0, 0, 2, 418.35, 48503, 682
96, 0, 6, 82, 82, 5, 1.04%, 0, 0, 2, 414.91, 50599, 682
101, 0, 6, 82, 82, 5, 1.04%, 0, 0, 2, 411.69, 52671, 682
106, 0, 6, 82, 82, 5, 1.04%, 0, 0, 2, 419.38, 54799, 682
111, 0, 6, 82, 82, 5, 1.04%, 0, 0, 2, 400.48, 56793, 682
116, 0, 6, 82, 82, 5, 1.04%, 0, 0, 2, 429.01, 59023, 682
121, 0, 6, 82, 82, 5, 1.04%, 0, 0, 2, 426.43, 61247, 682
126, 0, 6, 82, 82, 5, 1.04%, 0, 0, 2, 421.75, 63359, 682
131, 0, 6, 82, 82, 5, 1.04%, 0, 0, 2, 427.66, 65567, 682
136, 0, 6, 109, 109, 5, 1.10%, 0, 0, 2, 414.63, 67647, 720
141, 0, 6, 153, 153, 5, 1.14%, 5, 0, 2, 407.91, 69687, 745
147, 0, 6, 167, 167, 5, 1.16%, 6, 0, 2, 414.80, 71855, 761
152, 0, 6, 167, 167, 5, 1.16%, 6, 0, 2, 407.42, 73887, 761
157, 0, 6, 167, 167, 5, 1.16%, 6, 0, 2, 406.66, 75919, 761
162, 0, 6, 167, 167, 5, 1.16%, 6, 0, 2, 422.19, 78071, 761
167, 0, 6, 167, 167, 5, 1.16%, 6, 0, 2, 413.32, 80223, 761
172, 0, 6, 167, 167, 5, 1.16%, 6, 0, 2, 418.96, 82335, 761
177, 0, 6, 167, 167, 5, 1.16%, 6, 0, 2, 391.97, 84273, 761
182, 0, 6, 167, 167, 5, 1.16%, 6, 0, 2, 406.55, 86359, 761
187, 0, 6, 167, 167, 5, 1.16%, 6, 0, 2, 404.85, 88391, 761
192, 0, 6, 167, 167, 5, 1.16%, 6, 0, 2, 416.01, 90559, 761
197, 0, 6, 167, 167, 5, 1.16%, 6, 0, 2, 412.30, 92631, 761
202, 0, 6, 167, 167, 5, 1.16%, 6, 0, 2, 393.00, 94563, 761
208, 0, 6, 167, 167, 5, 1.16%, 6, 0, 2, 408.88, 96695, 761
213, 0, 6, 167, 167, 5, 1.16%, 6, 0, 2, 407.72, 98823, 761
218, 0, 6, 167, 167, 5, 1.16%, 6, 0, 2, 413.98, 100887, 761
223, 0, 6, 167, 167, 5, 1.16%, 6, 0, 2, 410.38, 103015, 761
228, 0, 6, 167, 167, 5, 1.16%, 6, 0, 2, 410.39, 105071, 761
233, 0, 16, 168, 167, 38, 1.16%, 6, 0, 2, 423.31, 107209, 761
238, 0, 16, 183, 182, 38, 1.17%, 6, 0, 3, 436.37, 109433, 764
243, 0, 16, 185, 184, 38, 1.17%, 6, 0, 3, 426.33, 111609, 768
248, 0, 16, 185, 184, 38, 1.17%, 6, 0, 3, 417.26, 113705, 768
253, 0, 16, 185, 184, 38, 1.17%, 6, 0, 3, 422.84, 115881, 768
258, 0, 16, 185, 184, 38, 1.17%, 6, 0, 3, 411.44, 117985, 768
264, 0, 16, 185, 184, 38, 1.17%, 6, 0, 3, 424.73, 120201, 768
269, 0, 16, 185, 184, 38, 1.17%, 6, 0, 3, 415.29, 122265, 768
274, 0, 16, 185, 184, 38, 1.17%, 6, 0, 3, 412.42, 124369, 768
279, 0, 16, 185, 184, 38, 1.17%, 6, 0, 3, 421.50, 126497, 768
284, 0, 16, 185, 184, 38, 1.17%, 6, 0, 3, 435.03, 128753, 768
289, 0, 16, 185, 184, 38, 1.17%, 6, 0, 3, 438.36, 130937, 768
294, 0, 16, 185, 184, 38, 1.17%, 6, 0, 3, 435.41, 133121, 768
299, 0, 16, 185, 184, 38, 1.17%, 6, 0, 3, 435.28, 135305, 768
304, 0, 16, 189, 188, 38, 1.17%, 6, 0, 3, 403.31, 137337, 768
309, 0, 16, 191, 190, 38, 1.17%, 6, 0, 3, 409.44, 139425, 768
314, 0, 16, 202, 201, 38, 1.17%, 6, 0, 3, 434.23, 141705, 768
319, 0, 16, 203, 202, 38, 1.17%, 6, 0, 3, 419.56, 143833, 768
325, 0, 16, 203, 202, 38, 1.17%, 6, 0, 3, 421.46, 145969, 768
330, 0, 16, 203, 202, 38, 1.17%, 6, 0, 3, 429.03, 148121, 768
335, 0, 16, 203, 202, 38, 1.17%, 6, 0, 3, 418.62, 150297, 768
340, 0, 16, 203, 202, 38, 1.17%, 6, 0, 3, 425.46, 152441, 768
345, 0, 16, 203, 202, 38, 1.17%, 6, 0, 3, 435.56, 154641, 768
350, 0, 16, 203, 202, 38, 1.17%, 6, 0, 3, 418.60, 156729, 768
355, 0, 16, 203, 202, 38, 1.17%, 6, 0, 3, 423.15, 158921, 768
360, 0, 16, 203, 202, 38, 1.17%, 6, 0, 3, 408.05, 160985, 768
365, 0, 16, 203, 202, 38, 1.17%, 6, 0, 3, 422.37, 163113, 768
370, 0, 16, 203, 202, 38, 1.17%, 6, 0, 3, 407.47, 165249, 768
375, 0, 16, 203, 202, 38, 1.17%, 6, 0, 3, 406.53, 167233, 768
380, 0, 10, 203, 201, 37, 1.17%, 6, 0, 3, 411.74, 169325, 768
385, 0, 10, 204, 202, 37, 1.17%, 6, 0, 3, 405.24, 171349, 768
390, 0, 10, 207, 205, 37, 1.17%, 6, 0, 3, 411.10, 173437, 768
396, 0, 10, 207, 205, 37, 1.17%, 6, 0, 3, 415.31, 175581, 768
401, 0, 67, 207, 203, 35, 1.17%, 6, 0, 3, 436.10, 177886, 768
406, 0, 67, 208, 204, 35, 1.17%, 6, 0, 3, 423.03, 179990, 768
411, 0, 67, 212, 208, 35, 1.18%, 6, 0, 3, 404.41, 182102, 773
416, 0, 67, 212, 208, 35, 1.18%, 6, 0, 3, 392.24, 184055, 773
421, 0, 130, 212, 205, 32, 1.18%, 6, 0, 3, 410.41, 186190, 773
426, 0, 130, 221, 214, 32, 1.20%, 8, 0, 3, 403.04, 188201, 785
431, 0, 130, 223, 216, 32, 1.20%, 10, 0, 3, 420.84, 190307, 785
436, 0, 130, 229, 222, 32, 1.20%, 10, 0, 3, 402.48, 192347, 786
441, 0, 130, 232, 225, 32, 1.20%, 10, 0, 3, 395.62, 194305, 786
446, 0, 130, 233, 226, 32, 1.20%, 10, 0, 3, 402.44, 196331, 786
451, 0, 130, 237, 230, 32, 1.20%, 11, 0, 3, 405.13, 198403, 786
457, 0, 130, 238, 231, 32, 1.20%, 11, 0, 3, 415.52, 200515, 788
462, 0, 130, 239, 232, 32, 1.20%, 11, 0, 3, 427.62, 202731, 788
467, 0, 130, 242, 235, 32, 1.20%, 12, 0, 3, 414.70, 204867, 788
472, 0, 130, 244, 237, 32, 1.20%, 12, 0, 3, 406.46, 206939, 788
477, 0, 130, 247, 240, 32, 1.21%, 12, 0, 3, 430.08, 209131, 791
482, 0, 130, 247, 240, 32, 1.21%, 13, 0, 3, 431.12, 211299, 791
487, 0, 130, 247, 240, 32, 1.21%, 13, 0, 3, 421.35, 213419, 791
492, 0, 130, 247, 240, 32, 1.21%, 13, 0, 3, 423.19, 215555, 791
497, 0, 130, 247, 240, 32, 1.21%, 13, 0, 3, 421.41, 217667, 791
502, 0, 130, 247, 240, 32, 1.21%, 13, 0, 3, 398.71, 219743, 791
508, 0, 130, 247, 240, 32, 1.21%, 13, 0, 3, 392.37, 221717, 791
513, 0, 130, 247, 240, 32, 1.21%, 13, 0, 3, 391.01, 223740, 791
518, 0, 130, 247, 240, 32, 1.21%, 13, 0, 3, 391.82, 225707, 791
523, 0, 130, 247, 240, 32, 1.21%, 13, 0, 3, 397.97, 227795, 791
528, 0, 130, 247, 240, 32, 1.21%, 13, 0, 3, 399.15, 229883, 791
533, 0, 130, 247, 240, 32, 1.21%, 13, 0, 3, 404.39, 231915, 791
538, 0, 130, 247, 240, 32, 1.21%, 13, 0, 3, 401.71, 234009, 791
543, 0, 130, 247, 240, 32, 1.21%, 13, 0, 3, 398.07, 235997, 791
548, 0, 130, 253, 246, 32, 1.21%, 13, 0, 3, 413.79, 238083, 791
553, 0, 130, 255, 248, 32, 1.21%, 13, 0, 3, 409.53, 240131, 792
558, 0, 130, 255, 248, 32, 1.21%, 13, 0, 3, 407.40, 242171, 792
563, 0, 130, 255, 248, 32, 1.21%, 13, 0, 3, 398.71, 244165, 792
568, 0, 130, 255, 248, 32, 1.21%, 13, 0, 3, 379.26, 246076, 792
573, 0, 130, 255, 248, 32, 1.21%, 13, 0, 3, 399.46, 248099, 792
579, 0, 130, 255, 248, 32, 1.21%, 13, 0, 3, 394.14, 250087, 792
584, 0, 130, 255, 248, 32, 1.21%, 13, 0, 3, 398.08, 252082, 792
589, 0, 130, 255, 248, 32, 1.21%, 13, 0, 3, 388.32, 254021, 792
594, 0, 130, 255, 248, 32, 1.21%, 13, 0, 3, 410.31, 256099, 792
599, 0, 130, 255, 248, 32, 1.21%, 13, 0, 3, 413.94, 258251, 792
604, 0, 130, 255, 248, 32, 1.21%, 13, 0, 3, 416.99, 260355, 792
609, 0, 130, 255, 248, 32, 1.21%, 13, 0, 3, 406.61, 262459, 792
614, 0, 130, 255, 248, 32, 1.21%, 13, 0, 3, 412.10, 264619, 792
619, 0, 130, 255, 248, 32, 1.21%, 13, 0, 3, 408.10, 266675, 792
624, 0, 130, 255, 248, 32, 1.21%, 13, 0, 3, 418.18, 268771, 792
629, 0, 127, 255, 247, 36, 1.21%, 13, 0, 3, 407.55, 270828, 792
634, 0, 127, 256, 248, 36, 1.21%, 14, 0, 3, 378.20, 272741, 792
639, 0, 127, 256, 248, 36, 1.21%, 14, 0, 3, 405.27, 274772, 792
644, 0, 127, 256, 248, 36, 1.21%, 14, 0, 3, 413.40, 276836, 792
649, 0, 127, 256, 248, 36, 1.21%, 14, 0, 3, 404.61, 278876, 792
655, 0, 5, 260, 251, 36, 1.22%, 14, 0, 3, 392.93, 280831, 802
660, 0, 5, 273, 264, 36, 1.26%, 15, 0, 3, 425.26, 283069, 827
665, 0, 5, 277, 268, 36, 1.26%, 16, 0, 3, 428.76, 285277, 827
670, 0, 5, 278, 269, 36, 1.26%, 16, 0, 3, 412.93, 287365, 828
675, 0, 5, 280, 271, 36, 1.27%, 16, 0, 3, 420.46, 289445, 831
680, 0, 5, 281, 272, 36, 1.27%, 16, 0, 3, 428.99, 291685, 831
685, 0, 5, 282, 273, 36, 1.27%, 17, 0, 3, 418.00, 293781, 832
690, 0, 5, 283, 274, 36, 1.27%, 18, 0, 3, 421.21, 295941, 832
695, 0, 5, 283, 274, 36, 1.27%, 19, 0, 3, 411.93, 298029, 832
701, 0, 5, 284, 275, 36, 1.27%, 21, 0, 3, 406.75, 300069, 832
706, 0, 5, 286, 277, 36, 1.27%, 21, 0, 3, 419.39, 302165, 832
711, 0, 5, 286, 277, 36, 1.27%, 21, 0, 3, 423.57, 304293, 832
716, 0, 5, 286, 277, 36, 1.27%, 21, 0, 3, 419.55, 306397, 832
721, 0, 5, 286, 277, 36, 1.27%, 22, 0, 3, 409.55, 308477, 832
726, 0, 5, 286, 277, 36, 1.27%, 22, 0, 3, 405.62, 310541, 832
731, 0, 5, 286, 277, 36, 1.27%, 22, 0, 3, 407.63, 312653, 832
736, 0, 5, 287, 278, 36, 1.27%, 22, 0, 3, 415.18, 314757, 832
741, 0, 5, 287, 278, 36, 1.27%, 22, 0, 3, 413.84, 316853, 832
746, 0, 5, 287, 278, 36, 1.27%, 22, 0, 3, 411.96, 319021, 832
751, 0, 5, 287, 278, 36, 1.27%, 22, 0, 3, 404.51, 321061, 832
756, 0, 5, 287, 278, 36, 1.27%, 22, 0, 3, 406.51, 323133, 832
761, 0, 5, 287, 278, 36, 1.27%, 22, 0, 3, 416.29, 325221, 832
767, 0, 5, 287, 278, 36, 1.27%, 22, 0, 3, 394.96, 327288, 832
772, 0, 5, 287, 278, 36, 1.27%, 22, 0, 3, 399.42, 329353, 832
777, 0, 5, 287, 278, 36, 1.27%, 22, 0, 3, 411.46, 331437, 832
782, 0, 5, 287, 278, 36, 1.27%, 22, 0, 3, 402.86, 333469, 832
787, 0, 5, 287, 278, 36, 1.27%, 22, 0, 3, 413.14, 335541, 832
792, 0, 5, 287, 278, 36, 1.27%, 22, 0, 3, 416.58, 337645, 832
797, 0, 5, 287, 278, 36, 1.27%, 22, 0, 3, 403.17, 339725, 832
802, 0, 5, 287, 278, 36, 1.27%, 22, 0, 3, 399.44, 341725, 832
807, 0, 5, 287, 278, 36, 1.27%, 22, 0, 3, 397.81, 343773, 832
812, 0, 5, 287, 278, 36, 1.27%, 22, 0, 3, 403.89, 345821, 832
818, 0, 5, 287, 278, 36, 1.27%, 22, 0, 3, 403.46, 347899, 832
823, 0, 5, 287, 278, 36, 1.27%, 22, 0, 3, 405.50, 349941, 832
828, 0, 232, 287, 276, 46, 1.27%, 22, 0, 3, 390.77, 351917, 832
833, 0, 232, 287, 276, 46, 1.27%, 22, 0, 3, 389.50, 353912, 832
838, 0, 232, 288, 277, 46, 1.27%, 22, 0, 4, 388.35, 355893, 832
843, 0, 232, 296, 285, 46, 1.27%, 23, 0, 4, 398.44, 357899, 832
848, 0, 232, 297, 286, 46, 1.27%, 23, 0, 4, 395.08, 359890, 833
853, 0, 232, 297, 286, 46, 1.27%, 23, 0, 4, 388.58, 361843, 833
858, 0, 232, 297, 286, 46, 1.27%, 23, 0, 4, 394.36, 363901, 833
863, 0, 232, 297, 286, 46, 1.27%, 23, 0, 4, 410.56, 365933, 833
868, 0, 232, 297, 286, 46, 1.27%, 23, 0, 4, 393.34, 367884, 833
873, 0, 232, 297, 286, 46, 1.27%, 23, 0, 4, 404.76, 369997, 833
878, 0, 232, 297, 286, 46, 1.27%, 23, 0, 4, 404.67, 372045, 833
883, 0, 232, 297, 286, 46, 1.27%, 23, 0, 4, 408.46, 374117, 833
888, 0, 232, 297, 286, 46, 1.27%, 23, 0, 4, 413.16, 376189, 833
893, 0, 232, 297, 286, 46, 1.27%, 23, 0, 4, 412.32, 378261, 833
899, 0, 232, 297, 286, 46, 1.27%, 23, 0, 4, 401.64, 380333, 833
904, 0, 232, 297, 286, 46, 1.27%, 23, 0, 4, 409.53, 382389, 833
909, 0, 232, 298, 287, 46, 1.27%, 23, 0, 4, 418.07, 384493, 833
914, 0, 232, 298, 287, 46, 1.27%, 23, 0, 4, 425.38, 386621, 833
919, 0, 267, 298, 285, 45, 1.27%, 23, 0, 4, 489.54, 389152, 833
924, 0, 267, 298, 285, 45, 1.27%, 23, 0, 4, 484.68, 391633, 833
929, 0, 267, 298, 285, 45, 1.27%, 23, 0, 4, 497.06, 394140, 833
934, 0, 184, 299, 285, 44, 1.27%, 23, 0, 4, 499.02, 396682, 833
939, 0, 184, 300, 286, 44, 1.27%, 23, 0, 4, 482.98, 399186, 833
944, 0, 184, 305, 291, 44, 1.27%, 25, 0, 4, 496.50, 401793, 833
949, 0, 184, 305, 291, 44, 1.27%, 25, 0, 4, 486.67, 404313, 833
954, 0, 184, 305, 291, 44, 1.27%, 25, 0, 4, 487.92, 406788, 833
960, 0, 184, 305, 291, 44, 1.27%, 25, 0, 4, 476.60, 409171, 833
965, 0, 269, 305, 290, 43, 1.27%, 25, 0, 4, 466.61, 411504, 833
970, 0, 269, 305, 290, 43, 1.27%, 25, 0, 4, 487.72, 413952, 833
975, 0, 253, 305, 289, 42, 1.27%, 25, 0, 4, 475.69, 416424, 833
980, 0, 253, 306, 290, 42, 1.27%, 25, 0, 4, 464.53, 418732, 833
985, 0, 253, 306, 290, 42, 1.27%, 25, 0, 4, 469.55, 421078, 833
990, 0, 293, 306, 289, 42, 1.27%, 25, 0, 4, 479.05, 423514, 833
995, 0, 293, 307, 290, 42, 1.27%, 25, 0, 5, 468.91, 425848, 833
1000, 0, 293, 307, 290, 42, 1.27%, 27, 0, 5, 472.45, 428281, 833
1005, 0, 293, 307, 290, 42, 1.27%, 27, 0, 5, 457.61, 430594, 833
1010, 0, 293, 308, 291, 42, 1.27%, 27, 0, 5, 482.55, 433017, 833
1015, 0, 293, 308, 291, 42, 1.27%, 27, 0, 5, 491.08, 435489, 833
1020, 0, 293, 308, 291, 42, 1.27%, 27, 0, 5, 468.23, 437802, 833
1025, 0, 293, 308, 291, 42, 1.27%, 27, 0, 5, 476.77, 440160, 833
1030, 0, 293, 308, 291, 42, 1.27%, 27, 0, 5, 476.69, 442539, 833
1035, 0, 274, 309, 291, 42, 1.27%, 27, 0, 5, 491.87, 445086, 833
1040, 0, 274, 310, 292, 42, 1.27%, 27, 0, 5, 494.53, 447619, 833
1045, 0, 274, 310, 292, 42, 1.27%, 27, 0, 5, 512.53, 450201, 833
1050, 0, 274, 310, 292, 42, 1.27%, 27, 0, 5, 494.28, 452696, 833
1056, 0, 304, 310, 291, 41, 1.27%, 27, 0, 5, 508.40, 455327, 833
1061, 0, 304, 310, 291, 41, 1.27%, 27, 0, 5, 500.32, 457837, 833
1066, 0, 304, 317, 298, 41, 1.28%, 27, 0, 5, 506.61, 460415, 838
1071, 0, 304, 319, 300, 41, 1.28%, 27, 0, 5, 511.95, 463061, 838
1076, 0, 304, 319, 300, 41, 1.28%, 27, 0, 5, 531.31, 465751, 838
1081, 0, 304, 320, 301, 41, 1.28%, 27, 0, 5, 520.88, 468469, 838
1086, 0, 304, 320, 301, 41, 1.28%, 27, 0, 5, 500.74, 470955, 838
1091, 0, 304, 320, 301, 41, 1.28%, 27, 0, 5, 500.19, 473475, 838
1096, 0, 304, 321, 302, 41, 1.28%, 27, 0, 5, 488.32, 475985, 838
1101, 0, 304, 321, 302, 41, 1.28%, 27, 0, 5, 496.36, 478487, 838
1106, 0, 304, 321, 302, 41, 1.28%, 27, 0, 5, 508.11, 481047, 838
1112, 0, 304, 321, 302, 41, 1.28%, 27, 0, 5, 519.66, 483757, 838
1117, 0, 304, 321, 302, 41, 1.28%, 27, 0, 5, 519.59, 486367, 838
1122, 0, 304, 322, 303, 41, 1.28%, 27, 0, 5, 517.66, 488995, 838
1127, 0, 304, 323, 304, 41, 1.28%, 27, 0, 5, 531.26, 491695, 838
1132, 0, 304, 323, 304, 41, 1.28%, 27, 0, 5, 519.52, 494371, 838
1137, 0, 286, 323, 303, 40, 1.28%, 27, 0, 5, 500.68, 496878, 838
1142, 0, 286, 327, 307, 40, 1.28%, 29, 0, 5, 509.09, 499530, 838
1147, 0, 286, 338, 318, 40, 1.28%, 30, 0, 5, 503.03, 502148, 838
1152, 0, 286, 344, 324, 40, 1.28%, 30, 0, 5, 510.04, 504726, 838
1157, 0, 286, 346, 326, 40, 1.28%, 30, 0, 5, 514.01, 507392, 838
1163, 0, 286, 348, 328, 40, 1.28%, 30, 0, 5, 491.78, 509899, 838
1168, 0, 286, 349, 329, 40, 1.28%, 30, 0, 5, 492.41, 512355, 838
1173, 0, 286, 350, 330, 40, 1.28%, 31, 0, 5, 500.25, 514874, 838
1178, 0, 286, 350, 330, 40, 1.28%, 31, 0, 5, 516.61, 517494, 838
1183, 0, 286, 352, 332, 40, 1.28%, 31, 0, 5, 508.10, 520030, 838
1188, 0, 286, 352, 332, 40, 1.28%, 31, 0, 5, 512.69, 522590, 838
1193, 0, 286, 353, 333, 40, 1.28%, 31, 0, 5, 505.18, 525108, 838
1198, 0, 286, 355, 335, 40, 1.28%, 31, 0, 5, 526.03, 527744, 838
1203, 0, 286, 357, 337, 40, 1.28%, 31, 0, 5, 514.47, 530360, 838
1208, 0, 286, 358, 338, 40, 1.30%, 32, 0, 5, 493.93, 532834, 850
1213, 0, 286, 358, 338, 40, 1.30%, 32, 0, 5, 497.13, 535408, 850
1218, 0, 310, 358, 337, 40, 1.30%, 32, 0, 5, 464.25, 537766, 850
1223, 0, 310, 359, 338, 40, 1.30%, 32, 0, 6, 459.76, 540059, 850
1228, 0, 310, 359, 338, 40, 1.30%, 32, 0, 6, 479.64, 542476, 850
1233, 0, 310, 360, 339, 40, 1.30%, 32, 0, 6, 506.04, 545131, 850
1238, 0, 310, 360, 339, 40, 1.30%, 32, 0, 6, 533.66, 547831, 850
1243, 0, 310, 360, 339, 40, 1.30%, 32, 0, 6, 538.49, 550485, 850
1249, 0, 359, 362, 340, 39, 1.30%, 32, 0, 7, 567.97, 553466, 850
1254, 0, 359, 363, 341, 39, 1.30%, 32, 0, 7, 582.64, 556411, 850
1259, 0, 359, 364, 342, 39, 1.30%, 32, 0, 7, 596.92, 559400, 850
1264, 0, 359, 364, 342, 39, 1.30%, 32, 0, 7, 613.23, 562486, 850
1269, 0, 359, 364, 342, 39, 1.30%, 32, 0, 7, 589.54, 565484, 850
1274, 0, 359, 364, 342, 39, 1.30%, 32, 0, 7, 547.99, 568184, 850
1279, 0, 359, 364, 342, 39, 1.30%, 32, 0, 7, 543.86, 570884, 850
1284, 0, 359, 364, 342, 39, 1.30%, 32, 0, 7, 537.82, 573644, 850
1289, 0, 359, 364, 342, 39, 1.30%, 32, 0, 7, 533.45, 576324, 850
1294, 0, 359, 364, 342, 39, 1.30%, 32, 0, 7, 504.08, 578826, 850
1299, 0, 359, 364, 342, 39, 1.30%, 32, 0, 7, 511.54, 581388, 850
1304, 0, 218, 365, 342, 38, 1.30%, 32, 0, 7, 524.77, 584046, 852
1309, 0, 218, 366, 343, 38, 1.31%, 32, 0, 7, 533.41, 586730, 856
1314, 0, 218, 367, 344, 38, 1.31%, 32, 0, 7, 528.51, 589508, 856
1319, 0, 180, 367, 343, 39, 1.31%, 32, 0, 7, 524.82, 592161, 856
1324, 0, 278, 367, 342, 38, 1.31%, 32, 0, 7, 512.76, 594717, 856
1329, 0, 278, 368, 343, 38, 1.31%, 32, 0, 7, 509.68, 597287, 860
1334, 0, 278, 368, 343, 38, 1.31%, 32, 0, 7, 505.69, 599919, 860
1340, 0, 8, 369, 343, 38, 1.31%, 32, 0, 7, 484.56, 602374, 860
1345, 0, 8, 370, 344, 38, 1.31%, 33, 0, 7, 483.38, 604756, 860
1350, 0, 8, 372, 346, 38, 1.31%, 33, 0, 7, 487.42, 607251, 860
1355, 0, 246, 374, 347, 37, 1.31%, 33, 0, 7, 494.24, 609725, 860
1360, 0, 246, 374, 347, 37, 1.31%, 33, 0, 7, 478.51, 612185, 860
1365, 0, 225, 374, 346, 36, 1.31%, 33, 0, 7, 494.13, 614759, 860
1370, 0, 225, 374, 346, 36, 1.31%, 33, 0, 7, 493.88, 617241, 860
1375, 0, 225, 374, 346, 36, 1.31%, 33, 0, 7, 494.58, 619812, 860
1380, 0, 225, 374, 346, 36, 1.31%, 33, 0, 7, 505.67, 622425, 860
1386, 0, 275, 375, 346, 35, 1.31%, 33, 0, 7, 499.05, 624988, 860
1391, 0, 275, 375, 346, 35, 1.31%, 33, 0, 7, 473.97, 627437, 860
1396, 0, 275, 377, 348, 35, 1.31%, 33, 0, 7, 474.08, 629796, 860
1401, 0, 275, 382, 353, 35, 1.31%, 34, 0, 7, 493.12, 632302, 860
1406, 0, 275, 384, 355, 35, 1.31%, 34, 0, 7, 506.19, 634858, 860
1411, 0, 275, 385, 356, 35, 1.31%, 34, 0, 7, 495.05, 637375, 860
1416, 0, 275, 385, 356, 35, 1.31%, 34, 0, 7, 503.07, 639896, 860
1421, 0, 275, 387, 358, 35, 1.31%, 34, 0, 7, 508.29, 642572, 860
1426, 0, 275, 388, 359, 35, 1.31%, 34, 0, 7, 501.67, 645090, 860
1431, 0, 275, 388, 359, 35, 1.31%, 34, 0, 7, 511.54, 647680, 860
1436, 0, 275, 389, 360, 35, 1.31%, 34, 0, 7, 515.26, 650288, 860
1441, 0, 275, 389, 360, 35, 1.31%, 34, 0, 7, 525.82, 652938, 860
1446, 0, 275, 389, 360, 35, 1.31%, 34, 0, 7, 525.40, 655588, 860
1452, 0, 275, 389, 360, 35, 1.31%, 34, 0, 7, 530.11, 658358, 860
1457, 0, 275, 389, 360, 35, 1.31%, 34, 0, 7, 536.39, 661158, 860
1462, 0, 264, 389, 359, 34, 1.31%, 34, 0, 7, 525.03, 663805, 860
1467, 0, 264, 389, 359, 34, 1.31%, 35, 0, 7, 518.12, 666499, 860
1472, 0, 174, 390, 359, 33, 1.33%, 35, 0, 7, 529.97, 669164, 869
1477, 0, 174, 392, 361, 33, 1.33%, 35, 0, 7, 540.70, 672010, 869
1482, 0, 174, 392, 361, 33, 1.33%, 35, 0, 7, 530.89, 674660, 869
1487, 0, 365, 392, 360, 32, 1.33%, 35, 0, 7, 537.45, 677361, 869
1492, 0, 365, 392, 360, 32, 1.33%, 35, 0, 7, 522.46, 679935, 869
1497, 0, 365, 393, 361, 32, 1.33%, 35, 0, 7, 500.39, 682497, 869
1502, 0, 365, 397, 365, 32, 1.33%, 36, 0, 7, 478.91, 684878, 869
1507, 0, 365, 398, 366, 32, 1.33%, 36, 0, 7, 472.28, 687262, 870
1512, 0, 365, 402, 370, 32, 1.33%, 36, 0, 7, 467.56, 689688, 870
1517, 0, 365, 403, 371, 32, 1.33%, 36, 0, 7, 482.94, 692135, 870
1523, 0, 365, 403, 371, 32, 1.33%, 36, 0, 7, 481.25, 694619, 870
1528, 0, 365, 405, 373, 32, 1.33%, 36, 0, 7, 480.91, 697083, 870
1533, 0, 365, 406, 374, 32, 1.33%, 36, 0, 7, 473.44, 699512, 870
1538, 0, 365, 407, 375, 32, 1.33%, 36, 0, 7, 467.46, 701869, 870
1543, 0, 365, 409, 377, 32, 1.33%, 36, 0, 7, 479.96, 704288, 870
1548, 0, 365, 410, 378, 32, 1.33%, 36, 0, 7, 482.35, 706789, 870
1553, 0, 365, 411, 379, 32, 1.33%, 36, 0, 7, 461.27, 709155, 870
1558, 0, 365, 411, 379, 32, 1.33%, 36, 0, 7, 456.04, 711450, 870
1563, 0, 365, 412, 380, 32, 1.33%, 36, 0, 7, 460.92, 713780, 870
1568, 0, 365, 413, 381, 32, 1.33%, 36, 0, 7, 484.33, 716245, 870
1574, 0, 365, 414, 382, 32, 1.33%, 36, 0, 7, 508.39, 718819, 870
1579, 0, 398, 415, 382, 32, 1.33%, 36, 0, 7, 504.51, 721468, 870
1584, 0, 398, 420, 387, 32, 1.33%, 36, 0, 7, 493.79, 723965, 870
1589, 0, 398, 420, 387, 32, 1.33%, 36, 0, 7, 498.68, 726467, 870
1594, 0, 398, 421, 388, 32, 1.33%, 37, 0, 7, 509.13, 729036, 870
1599, 0, 398, 421, 388, 32, 1.33%, 37, 0, 7, 500.05, 731632, 870
1604, 0, 398, 421, 388, 32, 1.33%, 37, 0, 7, 503.02, 734186, 870
1609, 0, 398, 421, 388, 32, 1.33%, 37, 0, 7, 492.26, 736654, 870
1614, 0, 398, 421, 388, 32, 1.33%, 37, 0, 7, 518.86, 739366, 870
1619, 0, 398, 422, 389, 32, 1.33%, 37, 0, 7, 493.92, 741873, 870
1625, 0, 398, 422, 389, 32, 1.33%, 37, 0, 7, 491.78, 744402, 870
1630, 0, 398, 422, 389, 32, 1.33%, 37, 0, 7, 514.28, 747014, 870
1635, 0, 398, 423, 390, 32, 1.33%, 37, 0, 7, 517.90, 749712, 870
1640, 0, 398, 424, 391, 32, 1.33%, 37, 0, 7, 512.03, 752290, 870
1645, 0, 398, 424, 391, 32, 1.33%, 37, 0, 7, 530.52, 754988, 870
1650, 0, 398, 424, 391, 32, 1.33%, 37, 0, 7, 521.20, 757708, 870
1655, 0, 398, 424, 391, 32, 1.33%, 38, 0, 7, 528.68, 760438, 870
1660, 0, 398, 424, 391, 32, 1.33%, 38, 0, 7, 522.27, 763058, 870
1665, 0, 398, 425, 392, 32, 1.33%, 38, 0, 7, 515.07, 765656, 871
1670, 0, 398, 425, 392, 32, 1.33%, 38, 0, 7, 523.37, 768276, 871
1675, 0, 398, 426, 393, 32, 1.33%, 38, 0, 7, 513.64, 770884, 874
1680, 0, 398, 426, 393, 32, 1.33%, 38, 0, 7, 500.11, 773394, 874
1685, 0, 398, 426, 393, 32, 1.33%, 38, 0, 7, 492.74, 775906, 874
1691, 0, 398, 426, 393, 32, 1.33%, 38, 0, 7, 498.24, 778489, 874
1696, 0, 398, 426, 393, 32, 1.33%, 38, 0, 7, 501.94, 781044, 874
1701, 0, 398, 426, 393, 32, 1.33%, 39, 0, 7, 519.17, 783684, 874
1706, 0, 398, 426, 393, 32, 1.33%, 39, 0, 7, 510.73, 786212, 874
1711, 0, 398, 426, 393, 32, 1.33%, 39, 0, 7, 523.94, 788922, 874
1716, 0, 398, 426, 393, 32, 1.33%, 39, 0, 7, 534.53, 791622, 874
1721, 0, 398, 426, 393, 32, 1.33%, 39, 0, 7, 530.55, 794262, 874
1726, 0, 398, 426, 393, 32, 1.33%, 39, 0, 7, 536.70, 796932, 874
1731, 0, 398, 426, 393, 32, 1.33%, 39, 0, 7, 538.41, 799642, 874
1736, 0, 398, 426, 393, 32, 1.33%, 39, 0, 7, 510.37, 802242, 874
1741, 0, 398, 426, 393, 32, 1.33%, 39, 0, 7, 515.95, 804852, 874
1747, 0, 398, 426, 393, 32, 1.33%, 39, 0, 7, 532.01, 807602, 874
1752, 0, 398, 426, 393, 32, 1.33%, 39, 0, 7, 519.32, 810232, 874
1757, 0, 398, 426, 393, 32, 1.33%, 39, 0, 7, 507.38, 812722, 874
1762, 0, 398, 426, 393, 32, 1.33%, 39, 0, 7, 503.38, 815262, 874
1767, 0, 398, 426, 393, 32, 1.33%, 39, 0, 7, 493.52, 817719, 874
1772, 0, 398, 426, 393, 32, 1.33%, 39, 0, 7, 462.24, 820023, 874
1777, 0, 398, 426, 393, 32, 1.33%, 39, 0, 7, 494.85, 822579, 874
1782, 0, 398, 427, 394, 32, 1.33%, 39, 0, 7, 478.05, 825054, 874
1787, 0, 56, 427, 393, 34, 1.33%, 39, 0, 7, 498.07, 827563, 874
1792, 0, 364, 427, 393, 34, 1.33%, 39, 0, 7, 468.21, 829905, 874
1797, 0, 364, 427, 393, 34, 1.33%, 39, 0, 7, 473.00, 832287, 874
1802, 0, 364, 427, 393, 34, 1.33%, 39, 0, 7, 490.12, 834852, 874
1807, 0, 364, 427, 393, 34, 1.33%, 39, 0, 7, 477.96, 837246, 874
1812, 0, 66, 427, 392, 33, 1.33%, 39, 0, 7, 476.59, 839608, 874
1817, 0, 66, 427, 392, 33, 1.33%, 39, 0, 7, 461.60, 841976, 874
1822, 0, 397, 430, 394, 32, 1.33%, 39, 0, 7, 440.19, 844154, 874
1827, 0, 397, 430, 394, 32, 1.33%, 39, 0, 7, 448.45, 846410, 874
1832, 0, 397, 431, 395, 32, 1.34%, 39, 0, 7, 458.09, 848698, 880
1837, 0, 397, 433, 397, 32, 1.34%, 39, 0, 7, 460.99, 851036, 880
1843, 0, 397, 435, 399, 32, 1.34%, 39, 0, 7, 440.99, 853298, 880
1848, 0, 397, 436, 400, 32, 1.34%, 39, 0, 7, 467.08, 855650, 880
1853, 0, 397, 436, 400, 32, 1.34%, 40, 0, 7, 468.89, 858080, 880
1858, 0, 397, 436, 400, 32, 1.34%, 40, 0, 7, 458.39, 860411, 880
1863, 0, 397, 436, 400, 32, 1.34%, 40, 0, 7, 474.06, 862904, 880
1868, 0, 397, 436, 400, 32, 1.34%, 40, 0, 7, 475.74, 865307, 880
1873, 0, 397, 437, 401, 32, 1.34%, 40, 0, 7, 466.86, 867643, 880
1878, 0, 397, 437, 401, 32, 1.34%, 40, 0, 7, 472.91, 870028, 880
1883, 0, 397, 437, 401, 32, 1.34%, 40, 0, 7, 473.95, 872395, 880
1888, 0, 397, 437, 401, 32, 1.34%, 40, 0, 7, 490.32, 874843, 880
1893, 0, 397, 437, 401, 32, 1.34%, 40, 0, 7, 486.83, 877282, 880
1898, 0, 397, 437, 401, 32, 1.34%, 40, 0, 7, 494.86, 879793, 880
1903, 0, 397, 437, 401, 32, 1.34%, 40, 0, 7, 508.86, 882444, 880
1909, 0, 397, 437, 401, 32, 1.34%, 40, 0, 7, 521.56, 885174, 880
1914, 0, 397, 437, 401, 32, 1.34%, 40, 0, 7, 519.56, 887774, 880
1919, 0, 397, 437, 401, 32, 1.34%, 40, 0, 7, 526.66, 890404, 880
1924, 0, 397, 441, 405, 32, 1.34%, 40, 0, 7, 484.03, 892863, 880
1929, 0, 397, 441, 405, 32, 1.34%, 40, 0, 7, 460.98, 895140, 880
1934, 0, 397, 442, 406, 32, 1.34%, 40, 0, 7, 455.91, 897452, 880
1939, 0, 397, 442, 406, 32, 1.34%, 40, 0, 7, 453.89, 899738, 880
1944, 0, 397, 442, 406, 32, 1.34%, 40, 0, 7, 452.61, 902078, 880
1949, 0, 397, 443, 407, 32, 1.34%, 40, 0, 7, 438.08, 904306, 880
1954, 0, 397, 444, 408, 32, 1.34%, 40, 0, 7, 433.27, 906466, 880
1959, 0, 397, 445, 409, 32, 1.34%, 40, 0, 7, 435.21, 908674, 880
1964, 0, 397, 445, 409, 32, 1.34%, 40, 0, 7, 429.00, 910834, 880
1969, 0, 397, 445, 409, 32, 1.34%, 40, 0, 7, 419.26, 912922, 880
1974, 0, 397, 445, 409, 32, 1.34%, 40, 0, 7, 424.96, 915082, 880
1979, 0, 397, 445, 409, 32, 1.34%, 40, 0, 7, 464.59, 917381, 880
1985, 0, 397, 445, 409, 32, 1.34%, 40, 0, 7, 488.65, 920009, 880
1990, 0, 397, 446, 410, 32, 1.34%, 40, 0, 7, 468.89, 922321, 880
1995, 0, 397, 446, 410, 32, 1.34%, 40, 0, 7, 477.40, 924733, 880
2000, 0, 397, 446, 410, 32, 1.34%, 40, 0, 7, 488.43, 927244, 880
2005, 0, 92, 446, 409, 32, 1.34%, 40, 0, 7, 472.88, 929602, 880
2010, 0, 92, 446, 409, 32, 1.34%, 40, 0, 7, 470.73, 932048, 880
2015, 0, 92, 446, 409, 32, 1.34%, 40, 0, 7, 457.16, 934451, 880
2020, 0, 324, 446, 408, 31, 1.34%, 40, 0, 7, 469.46, 936817, 880
2025, 0, 324, 450, 412, 31, 1.34%, 40, 0, 7, 486.35, 939287, 880
2030, 0, 324, 450, 412, 31, 1.34%, 40, 0, 7, 493.52, 941771, 880
2035, 0, 324, 451, 413, 31, 1.34%, 40, 0, 7, 493.80, 944254, 880
2040, 0, 324, 451, 413, 31, 1.34%, 40, 0, 7, 504.26, 946800, 880
2045, 0, 324, 451, 413, 31, 1.34%, 40, 0, 7, 502.42, 949350, 880
2050, 0, 324, 452, 414, 31, 1.34%, 40, 0, 7, 507.53, 951938, 880
2055, 0, 324, 452, 414, 31, 1.34%, 40, 0, 7, 509.90, 954538, 880
2061, 0, 324, 452, 414, 31, 1.34%, 40, 0, 7, 513.93, 957108, 880
2066, 0, 324, 452, 414, 31, 1.34%, 40, 0, 7, 524.02, 959848, 880
2071, 0, 324, 452, 414, 31, 1.34%, 40, 0, 7, 524.57, 962498, 880
2076, 0, 324, 452, 414, 31, 1.34%, 40, 0, 7, 531.67, 965158, 880
2081, 0, 324, 452, 414, 31, 1.34%, 40, 0, 7, 528.53, 967848, 880
2086, 0, 324, 452, 414, 31, 1.34%, 40, 0, 7, 520.59, 970436, 880
2091, 0, 324, 452, 414, 31, 1.34%, 40, 0, 7, 519.70, 973066, 880
2096, 0, 324, 452, 414, 31, 1.34%, 40, 0, 7, 519.70, 975746, 880
2101, 0, 324, 452, 414, 31, 1.34%, 40, 0, 7, 516.13, 978346, 880
2106, 0, 324, 452, 414, 31, 1.34%, 40, 0, 7, 526.48, 981106, 880
2112, 0, 324, 452, 414, 31, 1.34%, 40, 0, 7, 513.28, 983806, 880
2117, 0, 324, 452, 414, 31, 1.34%, 40, 0, 7, 505.80, 986376, 880
2122, 0, 324, 452, 414, 31, 1.34%, 40, 0, 7, 512.28, 989016, 880
2127, 0, 324, 452, 414, 31, 1.34%, 40, 0, 7, 522.21, 991646, 880
2132, 0, 324, 452, 414, 31, 1.34%, 40, 0, 7, 527.26, 994296, 880
2137, 0, 324, 452, 414, 31, 1.34%, 40, 0, 7, 524.77, 996946, 880
2142, 0, 324, 452, 414, 31, 1.34%, 40, 0, 7, 517.93, 999636, 880
2147, 0, 324, 452, 414, 31, 1.34%, 40, 0, 7, 490.16, 1002095, 880
2152, 0, 324, 452, 414, 31, 1.34%, 40, 0, 7, 507.60, 1004694, 880
2157, 0, 271, 452, 413, 31, 1.34%, 40, 0, 7, 508.13, 1007356, 880
2162, 0, 271, 452, 413, 31, 1.34%, 40, 0, 7, 487.95, 1009793, 880
2168, 0, 271, 452, 413, 31, 1.34%, 40, 0, 7, 509.68, 1012468, 880
2173, 0, 166, 452, 412, 30, 1.34%, 41, 0, 7, 497.16, 1014958, 880
2178, 0, 166, 452, 412, 30, 1.34%, 41, 0, 7, 515.92, 1017615, 880
2183, 0, 416, 454, 413, 29, 1.34%, 41, 0, 7, 509.89, 1020193, 880
2188, 0, 416, 455, 414, 29, 1.34%, 41, 0, 7, 501.42, 1022801, 880
2193, 0, 416, 455, 414, 29, 1.34%, 41, 0, 7, 498.65, 1025341, 880
2198, 0, 416, 455, 414, 29, 1.34%, 41, 0, 7, 518.49, 1027933, 880
2203, 0, 416, 455, 414, 29, 1.34%, 41, 0, 7, 529.13, 1030713, 880
2209, 0, 416, 455, 414, 29, 1.34%, 42, 0, 7, 518.63, 1033393, 880
2214, 0, 416, 457, 416, 29, 1.34%, 43, 0, 7, 473.92, 1035808, 880
2219, 0, 416, 459, 418, 29, 1.34%, 43, 0, 7, 465.96, 1038092, 880
2224, 0, 416, 459, 418, 29, 1.34%, 43, 0, 7, 460.72, 1040423, 880
2229, 0, 416, 459, 418, 29, 1.34%, 43, 0, 7, 465.55, 1042763, 880
2234, 0, 416, 459, 418, 29, 1.34%, 43, 0, 7, 478.44, 1045202, 880
2239, 0, 416, 459, 418, 29, 1.34%, 43, 0, 7, 468.55, 1047650, 880
2244, 0, 416, 459, 418, 29, 1.34%, 43, 0, 7, 464.09, 1049981, 880
2249, 0, 416, 459, 418, 29, 1.34%, 43, 0, 7, 471.80, 1052366, 880
2254, 0, 416, 459, 418, 29, 1.34%, 43, 0, 7, 437.13, 1054559, 880
2259, 0, 416, 459, 418, 29, 1.34%, 43, 0, 7, 445.28, 1056807, 880
2264, 0, 416, 459, 418, 29, 1.34%, 43, 0, 7, 454.12, 1059089, 880
2269, 0, 416, 459, 418, 29, 1.34%, 43, 0, 7, 459.78, 1061429, 880
2274, 0, 416, 459, 418, 29, 1.34%, 43, 0, 7, 465.55, 1063760, 880
2279, 0, 416, 459, 418, 29, 1.34%, 43, 0, 7, 437.94, 1065967, 880
2284, 0, 416, 460, 419, 29, 1.34%, 43, 0, 7, 443.03, 1068191, 880
2289, 0, 416, 460, 419, 29, 1.34%, 43, 0, 7, 458.17, 1070554, 880
2294, 0, 416, 460, 419, 29, 1.34%, 43, 0, 7, 451.39, 1072831, 880
2299, 0, 416, 460, 419, 29, 1.34%, 43, 0, 7, 461.85, 1075135, 880
2305, 0, 389, 461, 419, 28, 1.34%, 44, 0, 7, 474.76, 1077575, 881
2310, 0, 389, 462, 420, 28, 1.35%, 44, 0, 7, 471.24, 1080036, 888
2315, 0, 389, 462, 420, 28, 1.35%, 44, 0, 7, 475.01, 1082431, 888
2320, 0, 389, 462, 420, 28, 1.35%, 44, 0, 7, 477.62, 1084843, 888
2325, 0, 425, 462, 419, 29, 1.35%, 44, 0, 7, 496.82, 1087453, 888
2330, 0, 425, 462, 419, 29, 1.35%, 44, 0, 7, 493.90, 1090033, 888
2335, 0, 425, 462, 419, 29, 1.35%, 44, 0, 7, 488.33, 1092526, 888
2340, 0, 425, 462, 419, 29, 1.35%, 44, 0, 7, 504.94, 1095090, 888
2345, 0, 210, 462, 418, 28, 1.35%, 44, 0, 7, 505.70, 1097614, 888
2350, 0, 210, 462, 418, 28, 1.35%, 44, 0, 7, 506.79, 1100119, 888
2355, 0, 210, 462, 418, 28, 1.35%, 44, 0, 7, 511.16, 1102676, 888
2360, 0, 308, 462, 417, 27, 1.35%, 44, 0, 7, 527.96, 1105330, 888
2365, 0, 308, 462, 417, 27, 1.35%, 44, 0, 7, 515.27, 1107882, 888
2371, 0, 260, 462, 416, 26, 1.35%, 44, 0, 7, 521.99, 1110593, 888
2376, 0, 260, 462, 416, 26, 1.35%, 44, 0, 7, 523.66, 1113317, 888
2381, 0, 261, 462, 415, 25, 1.35%, 44, 0, 7, 518.98, 1115904, 888
2386, 0, 261, 462, 415, 25, 1.35%, 44, 0, 7, 506.05, 1118454, 888
2391, 0, 423, 462, 414, 24, 1.35%, 44, 0, 7, 514.70, 1121054, 888
2396, 0, 423, 462, 414, 24, 1.35%, 44, 0, 7, 474.65, 1123510, 888
2401, 0, 423, 462, 414, 24, 1.35%, 44, 0, 7, 518.19, 1126144, 888
2406, 0, 423, 462, 414, 24, 1.35%, 44, 0, 7, 499.18, 1128658, 888
2411, 0, 423, 462, 414, 24, 1.35%, 44, 0, 7, 483.16, 1131123, 888
2416, 0, 461, 463, 414, 23, 1.36%, 45, 0, 7, 494.47, 1133587, 889
2421, 0, 461, 463, 414, 23, 1.36%, 45, 0, 7, 517.75, 1136212, 889
2426, 0, 461, 463, 414, 23, 1.36%, 45, 0, 7, 518.83, 1138838, 889
2431, 0, 461, 463, 414, 23, 1.36%, 45, 0, 7, 513.53, 1141496, 889
2436, 0, 461, 463, 414, 23, 1.36%, 45, 0, 7, 518.02, 1144096, 889
2441, 0, 367, 465, 415, 23, 1.36%, 45, 0, 7, 515.71, 1146720, 889
2446, 0, 367, 465, 415, 23, 1.36%, 45, 0, 7, 490.76, 1149137, 889
2451, 0, 367, 465, 415, 23, 1.36%, 45, 0, 7, 489.99, 1151568, 889
2457, 0, 66, 465, 414, 23, 1.36%, 45, 0, 7, 507.70, 1154250, 889
2462, 0, 66, 465, 414, 23, 1.36%, 45, 0, 7, 517.19, 1156875, 889
2467, 0, 66, 465, 414, 23, 1.36%, 45, 0, 7, 505.91, 1159400, 889
2472, 0, 66, 465, 414, 23, 1.36%, 45, 0, 7, 507.16, 1161965, 889
2477, 0, 305, 465, 414, 23, 1.36%, 45, 0, 7, 471.56, 1164364, 889
2482, 0, 305, 465, 414, 23, 1.36%, 45, 0, 7, 487.71, 1166799, 889
2487, 0, 305, 465, 414, 23, 1.36%, 45, 0, 7, 488.90, 1169282, 889
2492, 0, 305, 467, 416, 23, 1.36%, 45, 0, 7, 498.62, 1171776, 889
2497, 0, 305, 467, 416, 23, 1.36%, 45, 0, 7, 504.48, 1174309, 889
2502, 0, 270, 467, 415, 22, 1.36%, 45, 0, 7, 509.95, 1176959, 889
2507, 0, 270, 467, 415, 22, 1.36%, 45, 0, 7, 502.44, 1179466, 889
2512, 0, 270, 467, 415, 22, 1.36%, 45, 0, 7, 491.61, 1181958, 889
2517, 0, 283, 467, 414, 21, 1.36%, 45, 0, 7, 523.69, 1184635, 889
2522, 0, 283, 467, 414, 21, 1.36%, 45, 0, 7, 505.84, 1187157, 889
2527, 0, 237, 467, 413, 20, 1.36%, 45, 0, 7, 496.21, 1189644, 889
2532, 0, 237, 467, 413, 20, 1.36%, 45, 0, 7, 481.03, 1192058, 889
2537, 0, 237, 467, 413, 20, 1.36%, 45, 0, 7, 487.25, 1194515, 889
2542, 0, 256, 467, 412, 19, 1.36%, 45, 0, 7, 465.64, 1196834, 889
2547, 0, 256, 467, 412, 19, 1.36%, 45, 0, 7, 462.84, 1199142, 889
2552, 0, 463, 467, 411, 18, 1.36%, 45, 0, 7, 484.34, 1201600, 889
2557, 0, 463, 467, 411, 18, 1.36%, 45, 0, 7, 483.54, 1204044, 889
2562, 0, 463, 467, 411, 18, 1.36%, 45, 0, 7, 486.67, 1206480, 889
2567, 0, 463, 467, 411, 18, 1.36%, 45, 0, 7, 497.29, 1208984, 889
2573, 0, 463, 467, 411, 18, 1.36%, 45, 0, 7, 492.44, 1211522, 889
2578, 0, 396, 468, 411, 17, 1.36%, 45, 0, 7, 482.91, 1213958, 889
2583, 0, 396, 468, 411, 17, 1.36%, 45, 0, 7, 505.83, 1216606, 889
2588, 0, 396, 468, 411, 17, 1.36%, 45, 0, 7, 503.83, 1219146, 889
2593, 0, 396, 469, 412, 17, 1.36%, 45, 0, 7, 494.60, 1221570, 889
2598, 0, 396, 469, 412, 17, 1.36%, 45, 0, 7, 495.05, 1224080, 889
2603, 0, 396, 469, 412, 17, 1.36%, 45, 0, 7, 475.19, 1226528, 889
2608, 0, 364, 469, 411, 17, 1.36%, 45, 0, 7, 474.90, 1228870, 889
2613, 0, 364, 469, 411, 17, 1.36%, 45, 0, 7, 470.66, 1231188, 889
2618, 0, 364, 469, 411, 17, 1.36%, 45, 0, 7, 481.15, 1233725, 889
2623, 0, 364, 469, 411, 17, 1.36%, 45, 0, 7, 498.32, 1236315, 889
2629, 0, 364, 469, 411, 17, 1.36%, 45, 0, 7, 506.32, 1238882, 889
2634, 0, 257, 469, 411, 17, 1.36%, 45, 0, 7, 483.32, 1241260, 889
2639, 0, 257, 469, 411, 17, 1.36%, 45, 0, 7, 476.60, 1243711, 889
2644, 0, 213, 469, 410, 16, 1.36%, 45, 0, 7, 478.00, 1246132, 889
2649, 0, 213, 469, 410, 16, 1.36%, 45, 0, 7, 473.16, 1248492, 889
2654, 0, 213, 469, 410, 16, 1.36%, 45, 0, 7, 489.50, 1251057, 889
2659, 0, 118, 469, 409, 15, 1.36%, 45, 0, 7, 492.09, 1253597, 889
2664, 0, 118, 469, 409, 15, 1.36%, 45, 0, 7, 483.14, 1256002, 889
2669, 0, 118, 469, 409, 15, 1.36%, 45, 0, 7, 492.36, 1258549, 889
2674, 0, 162, 469, 408, 14, 1.36%, 45, 0, 7, 467.22, 1260877, 889
2680, 0, 162, 469, 408, 14, 1.36%, 45, 0, 7, 476.14, 1263325, 889
2685, 0, 460, 469, 407, 13, 1.36%, 45, 0, 7, 484.97, 1265743, 889
2690, 0, 460, 469, 407, 13, 1.36%, 45, 0, 7, 485.57, 1268204, 889
2695, 0, 460, 469, 407, 13, 1.36%, 45, 0, 7, 471.28, 1270571, 889
2700, 0, 460, 469, 407, 13, 1.36%, 45, 0, 7, 471.42, 1272911, 889
2705, 0, 460, 469, 407, 13, 1.36%, 45, 0, 7, 485.65, 1275458, 889
2710, 0, 424, 469, 406, 12, 1.36%, 45, 0, 7, 486.99, 1277915, 889
2715, 0, 424, 469, 406, 12, 1.36%, 45, 0, 7, 506.14, 1280572, 889
2720, 0, 424, 469, 406, 12, 1.36%, 45, 0, 7, 491.80, 1283051, 889
2725, 0, 424, 469, 406, 12, 1.36%, 45, 0, 7, 490.30, 1285625, 889
2730, 0, 255, 469, 405, 11, 1.36%, 45, 0, 7, 476.21, 1288024, 889
2735, 0, 255, 469, 405, 11, 1.36%, 45, 0, 7, 478.45, 1290447, 889
2741, 0, 255, 469, 405, 11, 1.36%, 45, 0, 7, 462.89, 1292778, 889
2746, 0, 448, 469, 404, 10, 1.36%, 45, 0, 7, 488.42, 1295317, 889
2751, 0, 448, 469, 404, 10, 1.36%, 45, 0, 7, 505.58, 1297897, 889
2756, 0, 448, 469, 404, 10, 1.36%, 45, 0, 7, 499.02, 1300415, 889
2761, 0, 448, 469, 404, 10, 1.36%, 45, 0, 7, 511.69, 1303001, 889
2766, 0, 448, 469, 404, 10, 1.36%, 45, 0, 7, 510.60, 1305655, 889
2771, 0, 462, 469, 403, 9, 1.36%, 45, 0, 7, 514.68, 1308243, 889
2776, 0, 462, 469, 403, 9, 1.36%, 45, 0, 7, 506.41, 1310793, 889
2781, 0, 462, 469, 403, 9, 1.36%, 45, 0, 7, 518.51, 1313493, 889
2786, 0, 462, 469, 403, 9, 1.36%, 45, 0, 7, 520.10, 1316193, 889
2792, 0, 467, 469, 402, 8, 1.36%, 45, 0, 7, 519.41, 1318899, 889
2797, 0, 467, 469, 402, 8, 1.36%, 45, 0, 7, 502.53, 1321435, 889
2802, 0, 467, 469, 402, 8, 1.36%, 45, 0, 7, 532.63, 1324267, 889
2807, 0, 467, 469, 402, 8, 1.36%, 45, 0, 7, 526.95, 1326921, 889
2812, 0, 277, 469, 401, 7, 1.36%, 45, 0, 7, 527.24, 1329580, 889
2817, 0, 277, 469, 401, 7, 1.36%, 45, 0, 7, 501.81, 1332066, 889
2822, 0, 323, 469, 400, 6, 1.36%, 45, 0, 7, 522.94, 1334705, 889
2827, 0, 323, 469, 400, 6, 1.36%, 45, 0, 7, 510.05, 1337325, 889
2832, 0, 323, 469, 400, 6, 1.36%, 45, 0, 7, 502.90, 1339855, 889
2837, 0, 435, 469, 398, 5, 1.36%, 45, 0, 7, 499.51, 1342396, 889
2842, 0, 435, 469, 398, 5, 1.36%, 45, 0, 7, 480.47, 1344800, 889
2847, 0, 435, 469, 398, 5, 1.36%, 45, 0, 7, 516.80, 1347568, 889
2852, 0, 435, 469, 398, 5, 1.36%, 45, 0, 7, 535.19, 1350266, 889
2858, 0, 227, 469, 397, 4, 1.36%, 45, 0, 7, 536.79, 1353069, 889
2863, 0, 227, 469, 397, 4, 1.36%, 45, 0, 7, 528.92, 1355713, 889
2868, 0, 9, 469, 396, 3, 1.36%, 45, 0, 7, 535.20, 1358484, 889
2873, 0, 9, 469, 396, 3, 1.36%, 45, 0, 7, 491.61, 1360917, 889
2878, 0, 9, 469, 396, 3, 1.36%, 45, 0, 7, 521.09, 1363649, 889
2883, 0, 282, 469, 395, 2, 1.36%, 46, 0, 7, 517.67, 1366268, 889
2888, 0, 282, 469, 395, 2, 1.36%, 46, 0, 7, 516.60, 1368860, 889
2893, 0, 257, 469, 394, 1, 1.36%, 46, 0, 7, 509.85, 1371410, 889
2898, 0, 257, 469, 394, 1, 1.36%, 46, 0, 7, 491.21, 1373841, 889
2903, 0, 257, 469, 394, 1, 1.36%, 46, 0, 7, 481.71, 1376227, 889
2908, 0, 257, 469, 394, 1, 1.36%, 46, 0, 7, 479.94, 1378694, 889
2913, 0, 257, 469, 394, 1, 1.36%, 46, 0, 7, 472.97, 1381059, 889
2919, 0, 257, 469, 394, 1, 1.36%, 46, 0, 7, 468.73, 1383503, 889
2924, 0, 257, 469, 394, 1, 1.36%, 46, 0, 7, 472.58, 1385983, 889
2929, 0, 257, 469, 394, 1, 1.36%, 46, 0, 7, 478.24, 1388373, 889
2934, 0, 257, 469, 394, 1, 1.36%, 46, 0, 7, 471.95, 1390736, 889
2939, 0, 257, 469, 394, 1, 1.36%, 46, 0, 7, 456.38, 1393002, 889
2944, 0, 257, 469, 394, 1, 1.36%, 46, 0, 7, 465.51, 1395428, 889
2949, 0, 285, 469, 394, 1, 1.36%, 46, 0, 7, 476.45, 1397824, 889
2954, 0, 285, 469, 394, 1, 1.36%, 46, 0, 7, 484.66, 1400326, 889
2960, 0, 56, 469, 393, 0, 1.36%, 46, 0, 7, 499.51, 1402882, 889
2965, 0, 57, 469, 393, 0, 1.36%, 46, 0, 7, 498.88, 1405382, 889
2970, 0, 5, 469, 393, 0, 1.36%, 46, 0, 7, 495.35, 1407942, 889
2975, 0, 5, 469, 393, 0, 1.36%, 46, 0, 7, 494.59, 1410400, 889
2980, 0, 5, 469, 393, 0, 1.36%, 46, 0, 7, 490.22, 1412948, 889
2985, 0, 5, 469, 393, 0, 1.36%, 46, 0, 7, 493.16, 1415424, 889
2990, 0, 5, 469, 393, 0, 1.36%, 46, 0, 7, 494.64, 1417904, 889
2995, 0, 5, 469, 393, 0, 1.36%, 46, 0, 7, 520.51, 1420523, 889
3000, 0, 5, 469, 393, 0, 1.36%, 46, 0, 7, 508.27, 1423085, 889
3005, 0, 5, 469, 393, 0, 1.36%, 46, 0, 7, 485.83, 1425486, 889
3010, 0, 5, 469, 393, 0, 1.36%, 46, 0, 7, 503.88, 1428028, 889
3015, 0, 5, 469, 393, 0, 1.36%, 46, 0, 7, 515.64, 1430640, 889
3020, 0, 56, 469, 393, 0, 1.36%, 46, 0, 7, 535.19, 1433397, 889
3025, 0, 308, 469, 393, 0, 1.36%, 46, 0, 7, 521.45, 1436027, 889
3030, 0, 308, 469, 393, 0, 1.36%, 46, 0, 7, 556.57, 1438842, 889
3035, 0, 308, 469, 393, 0, 1.36%, 46, 0, 7, 521.48, 1441427, 889
3040, 0, 308, 469, 393, 0, 1.36%, 46, 0, 7, 523.18, 1444059, 889
3045, 0, 308, 469, 393, 0, 1.36%, 46, 0, 7, 533.53, 1446701, 889
3051, 0, 308, 469, 393, 0, 1.36%, 46, 0, 7, 524.19, 1449429, 889
3056, 0, 308, 469, 393, 0, 1.36%, 46, 0, 7, 528.32, 1452071, 889
3061, 0, 308, 469, 393, 0, 1.36%, 46, 0, 7, 522.61, 1454803, 889
3066, 0, 308, 469, 393, 0, 1.36%, 46, 0, 7, 523.09, 1457445, 889
3071, 0, 56, 469, 393, 0, 1.36%, 46, 0, 7, 518.95, 1460007, 889
3076, 0, 5, 469, 393, 0, 1.36%, 46, 0, 7, 528.28, 1462697, 889
3081, 0, 5, 469, 393, 0, 1.36%, 46, 0, 7, 535.03, 1465397, 889
3086, 0, 5, 469, 393, 0, 1.36%, 46, 0, 7, 513.68, 1467957, 889
3091, 0, 5, 469, 393, 0, 1.36%, 46, 0, 7, 489.94, 1470377, 889
3096, 0, 5, 469, 393, 0, 1.36%, 46, 0, 7, 501.13, 1472902, 889
3101, 0, 5, 469, 393, 0, 1.36%, 46, 0, 7, 501.75, 1475498, 889
3106, 0, 5, 469, 393, 0, 1.36%, 46, 0, 7, 491.74, 1477961, 889
3111, 0, 5, 469, 393, 0, 1.36%, 46, 0, 7, 494.20, 1480450, 889
3116, 0, 5, 469, 393, 0, 1.36%, 46, 0, 7, 465.07, 1482786, 889
3121, 0, 5, 469, 393, 0, 1.36%, 46, 0, 7, 468.07, 1485111, 889
3126, 0, 5, 469, 393, 0, 1.36%, 46, 0, 7, 481.76, 1487532, 889
3131, 0, 5, 469, 393, 0, 1.36%, 46, 0, 7, 488.28, 1489999, 889
3136, 0, 5, 469, 393, 0, 1.36%, 46, 0, 7, 476.39, 1492367, 889
3141, 0, 5, 469, 393, 0, 1.36%, 46, 0, 7, 516.90, 1494968, 889
3146, 0, 5, 469, 393, 0, 1.36%, 46, 0, 7, 504.51, 1497435, 889
3151, 0, 5, 469, 393, 0, 1.36%, 46, 0, 7, 500.36, 1499940, 889
3156, 0, 5, 469, 393, 0, 1.36%, 46, 0, 7, 499.37, 1502459, 889
3162, 0, 5, 469, 393, 0, 1.36%, 46, 0, 7, 489.01, 1504981, 889
3167, 0, 5, 469, 393, 0, 1.36%, 46, 0, 7, 488.97, 1507533, 889
3172, 0, 5, 469, 393, 0, 1.36%, 46, 0, 7, 487.71, 1510058, 889
3177, 0, 364, 469, 393, 0, 1.36%, 46, 0, 7, 495.03, 1512556, 889
3182, 0, 364, 469, 393, 0, 1.36%, 46, 0, 7, 498.08, 1515071, 889
3187, 0, 364, 469, 393, 0, 1.36%, 46, 0, 7, 492.33, 1517535, 889
3192, 0, 364, 469, 393, 0, 1.36%, 46, 0, 7, 495.26, 1520018, 889
3197, 0, 364, 469, 393, 0, 1.36%, 46, 0, 7, 488.66, 1522447, 889
3202, 0, 364, 469, 393, 0, 1.36%, 46, 0, 7, 477.65, 1524802, 889
3207, 0, 57, 469, 393, 0, 1.36%, 46, 0, 7, 514.90, 1527497, 889
3212, 0, 416, 469, 393, 0, 1.36%, 46, 0, 7, 514.48, 1530107, 889
3217, 0, 416, 469, 393, 0, 1.36%, 46, 0, 7, 505.69, 1532657, 889
3222, 0, 416, 469, 393, 0, 1.36%, 46, 0, 7, 517.78, 1535251, 889
3228, 0, 416, 469, 393, 0, 1.36%, 46, 0, 7, 531.54, 1538001, 889
3233, 0, 416, 469, 393, 0, 1.36%, 46, 0, 7, 507.14, 1540556, 889
3238, 0, 416, 469, 393, 0, 1.36%, 46, 0, 7, 487.55, 1543025, 889
3243, 0, 416, 469, 393, 0, 1.36%, 46, 0, 7, 531.24, 1545715, 889
3248, 0, 416, 469, 393, 0, 1.36%, 46, 0, 7, 528.48, 1548361, 889
3253, 0, 416, 469, 393, 0, 1.36%, 46, 0, 7, 522.59, 1551117, 889
3258, 0, 416, 469, 393, 0, 1.36%, 46, 0, 7, 550.08, 1553853, 889
3263, 0, 416, 469, 393, 0, 1.36%, 46, 0, 7, 515.30, 1556479, 889
3268, 0, 416, 469, 393, 0, 1.36%, 46, 0, 7, 532.70, 1559145, 889
3273, 0, 416, 469, 393, 0, 1.36%, 46, 0, 7, 538.76, 1561971, 889
3278, 0, 416, 469, 393, 0, 1.36%, 46, 0, 7, 512.70, 1564517, 889
3283, 0, 416, 469, 393, 0, 1.36%, 46, 0, 7, 513.24, 1567193, 889
3288, 0, 416, 469, 393, 0, 1.36%, 46, 0, 7, 558.91, 1570028, 889
3293, 0, 416, 469, 393, 0, 1.36%, 46, 0, 7, 540.88, 1572747, 889
3299, 0, 416, 469, 393, 0, 1.36%, 46, 0, 7, 566.30, 1575702, 889
3304, 0, 416, 469, 393, 0, 1.36%, 46, 0, 7, 511.49, 1578263, 889
3309, 0, 416, 469, 393, 0, 1.36%, 46, 0, 7, 498.92, 1580742, 889
3314, 0, 10, 470, 394, 0, 1.36%, 46, 0, 7, 508.82, 1583293, 889
3319, 0, 10, 470, 394, 0, 1.36%, 46, 0, 7, 491.46, 1585739, 889
3324, 0, 10, 470, 394, 0, 1.36%, 46, 0, 7, 499.44, 1588249, 889
3329, 0, 10, 470, 394, 0, 1.36%, 46, 0, 7, 471.16, 1590623, 889
3334, 0, 10, 470, 394, 0, 1.36%, 46, 0, 7, 467.77, 1592898, 889
3339, 0, 10, 470, 394, 0, 1.36%, 46, 0, 7, 498.79, 1595541, 889
3344, 0, 10, 470, 394, 0, 1.36%, 46, 0, 7, 491.30, 1598120, 889
3350, 0, 10, 470, 394, 0, 1.36%, 46, 0, 7, 480.14, 1600603, 889
3355, 0, 10, 470, 394, 0, 1.36%, 46, 0, 7, 479.55, 1603032, 889
3360, 0, 10, 470, 394, 0, 1.36%, 46, 0, 7, 490.33, 1605488, 889
3365, 0, 50, 470, 394, 0, 1.36%, 46, 0, 7, 504.88, 1608061, 889
3370, 0, 57, 470, 394, 0, 1.36%, 46, 0, 7, 538.57, 1610801, 889
3375, 0, 57, 470, 394, 0, 1.36%, 46, 0, 7, 528.69, 1613446, 889
3380, 0, 269, 470, 394, 0, 1.36%, 46, 0, 7, 495.44, 1615921, 889
3385, 0, 269, 470, 394, 0, 1.36%, 46, 0, 7, 484.77, 1618356, 889
3390, 0, 269, 470, 394, 0, 1.36%, 46, 0, 7, 485.18, 1620857, 889
3395, 0, 269, 470, 394, 0, 1.36%, 46, 0, 7, 473.31, 1623286, 889
3400, 0, 269, 470, 394, 0, 1.36%, 46, 0, 7, 468.96, 1625623, 889
3405, 0, 57, 470, 394, 0, 1.36%, 46, 0, 7, 506.73, 1628168, 889
3410, 0, 56, 470, 394, 0, 1.36%, 46, 0, 7, 515.13, 1630835, 889
3415, 0, 57, 470, 394, 0, 1.36%, 46, 0, 7, 522.64, 1633556, 889
3420, 0, 57, 470, 394, 0, 1.36%, 46, 0, 7, 540.43, 1636286, 889
3425, 0, 56, 470, 394, 0, 1.36%, 46, 0, 7, 544.15, 1639011, 889
3430, 0, 66, 470, 394, 0, 1.36%, 46, 0, 7, 536.65, 1641681, 889
3436, 0, 66, 470, 394, 0, 1.36%, 46, 0, 7, 537.87, 1644421, 889
3441, 0, 66, 470, 394, 0, 1.36%, 46, 0, 7, 524.15, 1647066, 889
3446, 0, 66, 470, 394, 0, 1.36%, 46, 0, 7, 516.10, 1649656, 889
3451, 0, 424, 470, 394, 0, 1.36%, 46, 0, 7, 525.17, 1652266, 889
3456, 0, 424, 470, 394, 0, 1.36%, 46, 0, 7, 533.48, 1655046, 889
3461, 0, 424, 470, 394, 0, 1.36%, 46, 0, 7, 522.49, 1657720, 889
3466, 0, 424, 470, 394, 0, 1.36%, 46, 0, 7, 517.90, 1660325, 889
3471, 0, 424, 470, 394, 0, 1.36%, 46, 0, 7, 553.09, 1663254, 889
3476, 0, 424, 470, 394, 0, 1.36%, 46, 0, 7, 514.61, 1665894, 889
3481, 0, 424, 470, 394, 0, 1.36%, 46, 0, 7, 507.96, 1668370, 889
3486, 0, 424, 470, 394, 0, 1.36%, 46, 0, 7, 506.29, 1671106, 889
3491, 0, 424, 470, 394, 0, 1.36%, 46, 0, 7, 470.29, 1673415, 889
3496, 0, 424, 470, 394, 0, 1.36%, 46, 0, 7, 477.81, 1675782, 889
3502, 0, 424, 470, 394, 0, 1.36%, 46, 0, 7, 517.33, 1678384, 889
3507, 0, 424, 470, 394, 0, 1.36%, 46, 0, 7, 519.96, 1681060, 889
3512, 0, 424, 470, 394, 0, 1.36%, 46, 0, 7, 518.59, 1683726, 889
3517, 0, 424, 470, 394, 0, 1.36%, 47, 0, 7, 516.94, 1686292, 889
3522, 0, 424, 470, 394, 0, 1.36%, 47, 0, 7, 527.57, 1688938, 889
3527, 0, 424, 470, 394, 0, 1.36%, 47, 0, 7, 501.33, 1691554, 889
3532, 0, 424, 470, 394, 0, 1.36%, 47, 0, 7, 516.00, 1694120, 889
3537, 0, 424, 470, 394, 0, 1.36%, 47, 0, 7, 527.37, 1696866, 889
3542, 0, 424, 470, 394, 0, 1.36%, 47, 0, 7, 544.76, 1699632, 889
3548, 0, 56, 470, 394, 0, 1.36%, 47, 0, 7, 551.40, 1702548, 889
3553, 0, 435, 471, 395, 0, 1.37%, 47, 0, 7, 512.34, 1705098, 899
3558, 0, 435, 471, 395, 0, 1.37%, 47, 0, 7, 510.99, 1707652, 899
3563, 0, 435, 471, 395, 0, 1.37%, 47, 0, 7, 498.54, 1710165, 899
3568, 0, 435, 471, 395, 0, 1.37%, 47, 0, 7, 493.35, 1712719, 899
3573, 0, 435, 471, 395, 0, 1.37%, 47, 0, 7, 485.71, 1715120, 899
3578, 0, 435, 471, 395, 0, 1.37%, 47, 0, 7, 500.78, 1717646, 899
3583, 0, 470, 471, 395, 1, 1.37%, 47, 0, 7, 473.21, 1720004, 899
3588, 0, 470, 471, 395, 1, 1.37%, 47, 0, 7, 480.56, 1722376, 899
3593, 0, 470, 472, 396, 1, 1.38%, 47, 0, 8, 470.60, 1724725, 903
3598, 0, 470, 472, 396, 1, 1.38%, 47, 0, 8, 489.88, 1727154, 903
3603, 0, 470, 472, 396, 1, 1.38%, 47, 0, 8, 515.24, 1729812, 903
3608, 0, 471, 472, 395, 1, 1.38%, 47, 0, 8, 501.71, 1732293, 903
3613, 0, 471, 472, 395, 1, 1.38%, 47, 0, 8, 528.48, 1735049, 903
3619, 0, 471, 472, 395, 1, 1.38%, 47, 0, 8, 512.71, 1737629, 903
3624, 0, 471, 472, 395, 1, 1.38%, 47, 0, 8, 505.15, 1740191, 903
3629, 0, 471, 472, 395, 1, 1.38%, 47, 0, 8, 488.88, 1742733, 903
3634, 0, 471, 472, 395, 1, 1.38%, 47, 0, 8, 519.06, 1745425, 903
3639, 0, 471, 472, 394, 0, 1.38%, 47, 0, 8, 515.05, 1748017, 903
3644, 0, 471, 472, 394, 0, 1.38%, 47, 0, 8, 506.91, 1750587, 903
3649, 0, 471, 472, 394, 0, 1.38%, 47, 0, 8, 517.15, 1753287, 903
3654, 0, 471, 472, 394, 0, 1.38%, 47, 0, 8, 522.22, 1755891, 903
3659, 0, 471, 472, 394, 0, 1.38%, 47, 0, 8, 518.76, 1758511, 903
3664, 0, 471, 472, 394, 0, 1.38%, 48, 0, 8, 513.44, 1761121, 903
3669, 0, 471, 472, 394, 0, 1.38%, 48, 0, 8, 486.81, 1763540, 903
3674, 0, 471, 472, 394, 0, 1.38%, 48, 0, 8, 473.59, 1765898, 903
3680, 0, 471, 472, 394, 0, 1.38%, 48, 0, 8, 468.67, 1768319, 903
3685, 0, 471, 472, 394, 0, 1.38%, 48, 0, 8, 536.27, 1771052, 903
3690, 0, 471, 472, 394, 0, 1.38%, 48, 0, 8, 527.79, 1773765, 903
3695, 0, 471, 472, 394, 0, 1.38%, 48, 0, 8, 509.42, 1776295, 903
3700, 0, 471, 472, 394, 0, 1.38%, 48, 0, 8, 526.82, 1779018, 903
3705, 0, 471, 472, 394, 0, 1.38%, 48, 0, 8, 519.82, 1781581, 903
3710, 0, 471, 472, 394, 0, 1.38%, 48, 0, 8, 535.91, 1784331, 903
3715, 0, 471, 472, 394, 0, 1.38%, 48, 0, 8, 556.44, 1787113, 903
3720, 0, 471, 472, 394, 0, 1.38%, 49, 0, 8, 562.30, 1789964, 903
3725, 0, 471, 472, 394, 0, 1.38%, 49, 0, 8, 543.49, 1792739, 903
3730, 0, 471, 472, 394, 0, 1.38%, 49, 0, 8, 521.54, 1795360, 903
3735, 0, 471, 472, 394, 0, 1.38%, 49, 0, 8, 486.74, 1797912, 903
3740, 0, 471, 472, 394, 0, 1.38%, 49, 0, 8, 455.36, 1800144, 903
3745, 0, 471, 472, 394, 0, 1.38%, 49, 0, 8, 479.31, 1802569, 903
3751, 0, 471, 472, 394, 0, 1.38%, 49, 0, 8, 489.64, 1805129, 903
3756, 0, 471, 472, 394, 0, 1.38%, 49, 0, 8, 483.69, 1807541, 903
3761, 0, 471, 472, 394, 0, 1.38%, 49, 0, 8, 500.65, 1810072, 903
3766, 0, 471, 473, 395, 0, 1.38%, 49, 0, 9, 491.79, 1812512, 903
3771, 0, 471, 473, 395, 0, 1.38%, 49, 0, 9, 499.66, 1815104, 903
3776, 0, 471, 473, 395, 0, 1.38%, 49, 0, 9, 517.69, 1817735, 903
3781, 0, 471, 473, 395, 0, 1.38%, 49, 0, 9, 518.69, 1820328, 903
3786, 0, 471, 473, 395, 0, 1.38%, 49, 0, 9, 557.53, 1823174, 903
3791, 0, 471, 473, 395, 0, 1.38%, 49, 0, 9, 530.81, 1825811, 903
3796, 0, 461, 473, 395, 0, 1.38%, 49, 0, 9, 508.71, 1828494, 903
3801, 0, 461, 473, 395, 0, 1.38%, 49, 0, 9, 496.76, 1830995, 903
3806, 0, 461, 473, 395, 0, 1.38%, 49, 0, 9, 503.40, 1833551, 903
3811, 0, 461, 473, 395, 0, 1.38%, 49, 0, 9, 498.58, 1836067, 903
3816, 0, 461, 473, 395, 0, 1.38%, 49, 0, 9, 510.91, 1838663, 903
3821, 0, 10, 473, 395, 0, 1.38%, 49, 0, 9, 520.51, 1841299, 903
3826, 0, 10, 473, 395, 0, 1.38%, 49, 0, 9, 522.20, 1844033, 903
3832, 0, 10, 473, 395, 0, 1.38%, 49, 0, 9, 524.51, 1846755, 903
3837, 0, 10, 473, 395, 0, 1.38%, 49, 0, 9, 531.41, 1849431, 903
3842, 0, 10, 473, 395, 0, 1.38%, 49, 0, 9, 534.04, 1852107, 903
3847, 0, 308, 473, 395, 0, 1.38%, 49, 0, 9, 537.91, 1854814, 903
3852, 0, 308, 473, 395, 0, 1.38%, 49, 0, 9, 557.09, 1857692, 903
3857, 0, 308, 473, 395, 0, 1.38%, 49, 0, 9, 524.70, 1860394, 903
3862, 0, 308, 473, 395, 0, 1.38%, 49, 0, 9, 529.40, 1863131, 903
3867, 0, 308, 473, 395, 0, 1.38%, 49, 0, 9, 535.23, 1865853, 903
3873, 0, 308, 473, 395, 0, 1.38%, 49, 0, 9, 524.68, 1868585, 903
3878, 0, 308, 474, 396, 0, 1.38%, 49, 0, 9, 503.40, 1871140, 903
3883, 0, 308, 474, 396, 0, 1.38%, 49, 0, 9, 504.38, 1873657, 903
3888, 0, 308, 474, 396, 0, 1.38%, 49, 0, 9, 501.71, 1876189, 903
3893, 0, 308, 474, 396, 0, 1.38%, 49, 0, 9, 499.08, 1878701, 903
3898, 0, 467, 474, 396, 0, 1.38%, 49, 0, 9, 497.94, 1881300, 903
3903, 0, 467, 474, 396, 0, 1.38%, 49, 0, 9, 487.97, 1883757, 903
3908, 0, 467, 474, 396, 0, 1.38%, 49, 0, 9, 495.22, 1886319, 903
3913, 0, 467, 474, 396, 0, 1.38%, 49, 0, 9, 501.90, 1888938, 903
3918, 0, 467, 474, 396, 0, 1.38%, 50, 0, 9, 512.93, 1891492, 903
3923, 0, 467, 474, 396, 0, 1.38%, 50, 0, 9, 518.23, 1894102, 903
3928, 0, 467, 474, 396, 0, 1.38%, 50, 0, 9, 498.34, 1896611, 903
3933, 0, 467, 474, 396, 0, 1.38%, 50, 0, 9, 518.73, 1899207, 903
3938, 0, 467, 474, 396, 0, 1.38%, 50, 0, 9, 533.53, 1901913, 903
3944, 0, 467, 474, 396, 0, 1.38%, 50, 0, 9, 499.68, 1904409, 903
3949, 0, 467, 474, 396, 0, 1.38%, 50, 0, 9, 495.99, 1906994, 903
3954, 0, 467, 474, 396, 0, 1.38%, 50, 0, 9, 489.60, 1909487, 903
3959, 0, 467, 474, 396, 0, 1.38%, 50, 0, 9, 480.92, 1911926, 903
3964, 0, 467, 474, 396, 0, 1.38%, 50, 0, 9, 492.29, 1914329, 903
3969, 0, 467, 474, 396, 0, 1.38%, 50, 0, 9, 539.82, 1917099, 903
3974, 0, 467, 474, 396, 0, 1.38%, 50, 0, 9, 519.36, 1919735, 903
3979, 0, 467, 474, 396, 0, 1.38%, 50, 0, 9, 490.03, 1922150, 903
3984, 0, 467, 474, 396, 0, 1.38%, 50, 0, 9, 495.39, 1924670, 903
3989, 0, 467, 474, 396, 0, 1.38%, 50, 0, 9, 514.55, 1927293, 903
3994, 0, 467, 474, 396, 0, 1.38%, 50, 0, 9, 538.95, 1929969, 903
3999, 0, 50, 474, 396, 0, 1.38%, 50, 0, 9, 540.72, 1932715, 903
4004, 0, 364, 474, 396, 0, 1.38%, 50, 0, 9, 535.39, 1935445, 903
4009, 0, 364, 474, 396, 0, 1.38%, 50, 0, 9, 502.91, 1937939, 903
4014, 0, 364, 474, 396, 0, 1.38%, 50, 0, 9, 484.45, 1940372, 903
4019, 0, 364, 474, 396, 0, 1.38%, 50, 0, 9, 486.33, 1942800, 903
4024, 0, 364, 474, 396, 0, 1.38%, 50, 0, 9, 468.29, 1945148, 903
4029, 0, 364, 474, 396, 0, 1.38%, 50, 0, 9, 465.25, 1947512, 903
4034, 0, 56, 474, 396, 0, 1.38%, 50, 0, 9, 497.32, 1950099, 903
4039, 0, 463, 474, 396, 0, 1.38%, 50, 0, 9, 509.96, 1952725, 903
4044, 0, 463, 474, 396, 0, 1.38%, 50, 0, 9, 480.78, 1955106, 903
4050, 0, 463, 474, 396, 0, 1.38%, 50, 0, 9, 489.94, 1957632, 903
4055, 0, 463, 474, 396, 0, 1.38%, 50, 0, 9, 488.99, 1960161, 903
4060, 0, 463, 475, 397, 0, 1.39%, 50, 0, 9, 493.01, 1962653, 908
4065, 0, 463, 475, 397, 0, 1.39%, 50, 0, 9, 488.18, 1965155, 908
4070, 0, 463, 475, 397, 0, 1.39%, 50, 0, 9, 495.44, 1967734, 908
4075, 0, 463, 475, 397, 0, 1.39%, 50, 0, 9, 491.08, 1970281, 908
4080, 0, 463, 475, 397, 0, 1.39%, 50, 0, 9, 486.25, 1972792, 908
4086, 0, 463, 475, 397, 0, 1.39%, 50, 0, 9, 486.70, 1975330, 908
4091, 0, 463, 475, 397, 0, 1.39%, 50, 0, 9, 483.78, 1977843, 908
4096, 0, 463, 475, 397, 0, 1.39%, 50, 0, 9, 488.27, 1980309, 908
4101, 0, 463, 475, 397, 0, 1.39%, 50, 0, 9, 504.01, 1982883, 908
4106, 0, 463, 475, 397, 0, 1.39%, 50, 0, 9, 474.41, 1985349, 908
4111, 0, 463, 475, 397, 0, 1.39%, 50, 0, 9, 471.43, 1987725, 908
4116, 0, 463, 475, 397, 0, 1.39%, 50, 0, 9, 479.19, 1990164, 908
4121, 0, 463, 475, 397, 0, 1.39%, 50, 0, 9, 447.30, 1992355, 908
4126, 0, 463, 475, 397, 0, 1.39%, 50, 0, 9, 460.02, 1994631, 908
4131, 0, 463, 475, 397, 0, 1.39%, 50, 0, 9, 464.86, 1996977, 908
4136, 0, 463, 475, 397, 0, 1.39%, 50, 0, 9, 467.86, 1999326, 908
4141, 0, 463, 475, 397, 0, 1.39%, 50, 0, 9, 476.97, 2001747, 908
4146, 0, 463, 475, 397, 0, 1.39%, 50, 0, 9, 487.43, 2004240, 908
4151, 0, 463, 475, 397, 0, 1.39%, 50, 0, 9, 493.39, 2006742, 908
4156, 0, 463, 475, 397, 0, 1.39%, 50, 0, 9, 471.17, 2009109, 908
4162, 0, 463, 475, 397, 0, 1.39%, 50, 0, 9, 491.68, 2011683, 908
4167, 0, 56, 475, 397, 1, 1.39%, 50, 0, 9, 489.50, 2014192, 908
4172, 0, 474, 476, 398, 1, 1.39%, 50, 0, 9, 492.05, 2016680, 909
4177, 0, 474, 479, 401, 1, 1.39%, 50, 0, 9, 498.61, 2019140, 910
4182, 0, 474, 479, 401, 1, 1.39%, 50, 0, 9, 498.55, 2021741, 910
4187, 0, 474, 480, 402, 1, 1.39%, 50, 0, 9, 489.12, 2024170, 911
4192, 0, 474, 480, 402, 1, 1.39%, 50, 0, 9, 507.96, 2026856, 911
4197, 0, 474, 480, 402, 1, 1.39%, 50, 0, 9, 512.24, 2029446, 911
4202, 0, 474, 480, 402, 1, 1.39%, 50, 0, 9, 519.67, 2032036, 911
4207, 0, 474, 480, 402, 1, 1.39%, 50, 0, 9, 516.38, 2034716, 911
4213, 0, 474, 480, 402, 1, 1.39%, 50, 0, 9, 522.82, 2037446, 911
4218, 0, 474, 480, 402, 1, 1.39%, 50, 0, 9, 521.17, 2040066, 911
4223, 0, 474, 480, 402, 1, 1.39%, 50, 0, 9, 531.15, 2042826, 911
4228, 0, 474, 480, 402, 1, 1.39%, 50, 0, 9, 534.63, 2045536, 911
4233, 0, 474, 480, 402, 1, 1.39%, 50, 0, 9, 520.16, 2048146, 911
4238, 0, 474, 480, 402, 1, 1.39%, 50, 0, 9, 515.15, 2050744, 911
4243, 0, 474, 480, 402, 1, 1.39%, 50, 0, 9, 455.77, 2053077, 911
4248, 0, 474, 480, 402, 1, 1.39%, 50, 0, 9, 427.51, 2055226, 911
4253, 0, 474, 480, 402, 1, 1.39%, 50, 0, 9, 404.39, 2057186, 911
4258, 0, 474, 480, 402, 1, 1.39%, 50, 0, 9, 438.04, 2059474, 911
4263, 0, 474, 480, 402, 1, 1.39%, 50, 0, 9, 465.50, 2061861, 911
4269, 0, 474, 480, 402, 1, 1.39%, 50, 0, 9, 455.72, 2064246, 911
4274, 0, 474, 480, 402, 1, 1.39%, 50, 0, 9, 449.90, 2066523, 911
4279, 0, 474, 480, 402, 1, 1.39%, 50, 0, 9, 462.99, 2068881, 911
4284, 0, 474, 480, 402, 1, 1.39%, 50, 0, 9, 480.97, 2071329, 911
4289, 0, 474, 480, 402, 1, 1.39%, 50, 0, 9, 489.59, 2073813, 911
4294, 0, 474, 480, 402, 1, 1.39%, 50, 0, 9, 489.34, 2076297, 911
4299, 0, 474, 480, 402, 1, 1.39%, 50, 0, 9, 485.00, 2078754, 911
4304, 0, 474, 480, 402, 1, 1.39%, 50, 0, 9, 498.94, 2081304, 911
4309, 0, 474, 480, 402, 1, 1.39%, 50, 0, 9, 501.10, 2083814, 911
4314, 0, 474, 480, 402, 1, 1.39%, 50, 0, 9, 499.44, 2086313, 911
4319, 0, 474, 480, 402, 1, 1.39%, 50, 0, 9, 492.36, 2088834, 911
4325, 0, 476, 481, 402, 4, 1.39%, 50, 0, 9, 519.88, 2091550, 911
4330, 0, 476, 481, 402, 4, 1.39%, 50, 0, 9, 523.99, 2094278, 911
4335, 0, 476, 481, 402, 4, 1.39%, 50, 0, 9, 514.06, 2096858, 911
4340, 0, 476, 481, 402, 4, 1.39%, 50, 0, 9, 498.86, 2099422, 911
4345, 0, 476, 481, 402, 4, 1.39%, 50, 0, 9, 495.53, 2101887, 911
4350, 0, 477, 481, 401, 3, 1.39%, 50, 0, 9, 516.09, 2104489, 911
4355, 0, 477, 481, 401, 3, 1.39%, 50, 0, 9, 513.45, 2107171, 911
4360, 0, 477, 481, 401, 3, 1.39%, 50, 0, 9, 497.00, 2109643, 911
4365, 0, 477, 481, 401, 3, 1.39%, 50, 0, 9, 494.58, 2112190, 911
4370, 0, 477, 481, 401, 3, 1.39%, 50, 0, 9, 498.17, 2114682, 911
4375, 0, 425, 481, 400, 2, 1.39%, 50, 0, 9, 483.94, 2117122, 911
4381, 0, 425, 481, 400, 2, 1.39%, 50, 0, 9, 492.40, 2119714, 911
4386, 0, 425, 481, 400, 2, 1.39%, 50, 0, 9, 489.89, 2122159, 911
4391, 0, 425, 481, 400, 2, 1.39%, 50, 0, 9, 512.84, 2124798, 911
4396, 0, 425, 481, 400, 2, 1.39%, 50, 0, 9, 499.35, 2127296, 911
4401, 0, 425, 481, 400, 2, 1.39%, 50, 0, 9, 507.75, 2129957, 911
4406, 0, 425, 481, 400, 2, 1.39%, 50, 0, 9, 462.24, 2132190, 911
4411, 0, 425, 481, 400, 2, 1.39%, 50, 0, 9, 497.58, 2134728, 911
4416, 0, 425, 481, 400, 2, 1.39%, 50, 0, 9, 497.87, 2137341, 911
4421, 0, 425, 481, 400, 2, 1.39%, 50, 0, 9, 485.84, 2139792, 911
4426, 0, 425, 481, 400, 2, 1.39%, 50, 0, 9, 492.24, 2142357, 911
4431, 0, 425, 481, 400, 2, 1.39%, 50, 0, 9, 518.93, 2145017, 911
4436, 0, 425, 482, 401, 2, 1.39%, 50, 0, 9, 498.10, 2147531, 911
4441, 0, 425, 482, 401, 2, 1.39%, 50, 0, 9, 477.91, 2149925, 911
4446, 0, 425, 482, 401, 2, 1.39%, 50, 0, 9, 483.55, 2152394, 911
4451, 0, 425, 482, 401, 2, 1.39%, 50, 0, 9, 492.20, 2154851, 911
4457, 0, 425, 482, 401, 2, 1.39%, 50, 0, 9, 509.85, 2157431, 911
4462, 0, 425, 482, 401, 2, 1.39%, 50, 0, 9, 529.71, 2160117, 911
4467, 0, 425, 482, 401, 2, 1.39%, 50, 0, 9, 525.14, 2162753, 911
4472, 0, 425, 482, 401, 2, 1.39%, 50, 0, 9, 547.76, 2165519, 911
4477, 0, 425, 482, 401, 2, 1.39%, 50, 0, 9, 507.83, 2168105, 911
4482, 0, 479, 482, 401, 2, 1.39%, 50, 0, 9, 514.55, 2170701, 911
4487, 0, 479, 482, 401, 2, 1.39%, 50, 0, 9, 511.13, 2173245, 911
4492, 0, 479, 482, 401, 2, 1.39%, 50, 0, 9, 516.12, 2175857, 911
4497, 0, 475, 482, 400, 1, 1.39%, 50, 0, 9, 508.52, 2178393, 911
4502, 0, 475, 482, 400, 1, 1.39%, 50, 0, 9, 515.98, 2180999, 911
4507, 0, 475, 482, 400, 1, 1.39%, 50, 0, 9, 503.91, 2183553, 911
4512, 0, 475, 482, 400, 1, 1.39%, 50, 0, 9, 505.71, 2186163, 911
4517, 0, 475, 482, 400, 1, 1.39%, 50, 0, 9, 476.74, 2188527, 911
4522, 0, 5, 482, 399, 0, 1.39%, 50, 0, 9, 510.86, 2191123, 911
4527, 0, 5, 482, 399, 0, 1.39%, 50, 0, 9, 508.71, 2193663, 911
4532, 0, 5, 482, 399, 0, 1.39%, 50, 0, 9, 507.63, 2196243, 911
4537, 0, 5, 482, 399, 0, 1.39%, 50, 0, 9, 495.52, 2198716, 911
4542, 0, 5, 482, 399, 0, 1.39%, 50, 0, 9, 486.00, 2201250, 911
4548, 0, 5, 482, 399, 0, 1.39%, 50, 0, 9, 489.64, 2203766, 911
4553, 0, 5, 482, 399, 0, 1.39%, 50, 0, 9, 484.73, 2206192, 911
4558, 0, 5, 482, 399, 0, 1.39%, 50, 0, 9, 487.15, 2208627, 911
4563, 0, 5, 482, 399, 0, 1.39%, 50, 0, 9, 500.18, 2211129, 911
4568, 0, 5, 482, 399, 0, 1.39%, 50, 0, 9, 492.97, 2213576, 911
4573, 0, 5, 482, 399, 0, 1.39%, 50, 0, 9, 510.90, 2216147, 911
4578, 0, 435, 482, 399, 0, 1.39%, 50, 0, 9, 470.22, 2218560, 911
4583, 0, 435, 482, 399, 0, 1.39%, 50, 0, 9, 464.58, 2220923, 911
4588, 0, 435, 482, 399, 0, 1.39%, 50, 0, 9, 466.97, 2223269, 911
4593, 0, 435, 482, 399, 0, 1.39%, 50, 0, 9, 479.15, 2225707, 911
4598, 0, 435, 482, 399, 0, 1.39%, 50, 0, 9, 493.25, 2228289, 911
4603, 0, 10, 482, 399, 0, 1.39%, 50, 0, 9, 487.35, 2230689, 911
4608, 0, 10, 482, 399, 0, 1.39%, 50, 0, 9, 508.21, 2233292, 911
4613, 0, 10, 482, 399, 0, 1.39%, 50, 0, 9, 482.59, 2235778, 911
4619, 0, 10, 482, 399, 0, 1.39%, 50, 0, 9, 480.70, 2238252, 911
4624, 0, 10, 482, 399, 0, 1.39%, 50, 0, 9, 483.20, 2240788, 911
4629, 0, 461, 482, 399, 0, 1.39%, 50, 0, 9, 485.46, 2243288, 911
4634, 0, 461, 482, 399, 0, 1.39%, 51, 0, 9, 494.94, 2245785, 911
4639, 0, 461, 482, 399, 0, 1.39%, 51, 0, 9, 500.00, 2248295, 911
4644, 0, 461, 482, 399, 0, 1.39%, 51, 0, 9, 480.83, 2250831, 911
4649, 0, 461, 482, 399, 0, 1.39%, 51, 0, 9, 481.65, 2253296, 911
4654, 0, 56, 482, 399, 0, 1.39%, 51, 0, 9, 498.73, 2255824, 911
4659, 0, 476, 482, 399, 0, 1.39%, 51, 0, 9, 496.67, 2258378, 911
4665, 0, 476, 482, 399, 0, 1.39%, 51, 0, 9, 497.18, 2260898, 911
4670, 0, 476, 483, 400, 0, 1.39%, 51, 0, 9, 522.04, 2263630, 911
4675, 0, 476, 483, 400, 0, 1.39%, 51, 0, 9, 515.72, 2266220, 911
4680, 0, 476, 483, 400, 0, 1.39%, 51, 0, 9, 517.57, 2268900, 911
4685, 0, 476, 483, 400, 0, 1.39%, 51, 0, 9, 507.55, 2271480, 911
4690, 0, 476, 483, 400, 0, 1.39%, 51, 0, 9, 501.26, 2273980, 911
4695, 0, 476, 483, 400, 0, 1.39%, 51, 0, 9, 494.31, 2276514, 911
4700, 0, 476, 483, 400, 0, 1.39%, 51, 0, 9, 500.00, 2279016, 911
4705, 0, 476, 483, 400, 0, 1.39%, 51, 0, 9, 494.97, 2281565, 911
4710, 0, 476, 483, 400, 0, 1.39%, 51, 0, 9, 467.05, 2283914, 911
4715, 0, 476, 483, 400, 0, 1.39%, 51, 0, 9, 477.48, 2286317, 911
4721, 0, 476, 483, 400, 0, 1.39%, 51, 0, 9, 478.40, 2288828, 911
4726, 0, 476, 483, 400, 0, 1.39%, 51, 0, 9, 471.76, 2291222, 911
4731, 0, 476, 483, 400, 0, 1.39%, 51, 0, 9, 472.57, 2293580, 911
4736, 0, 476, 483, 400, 0, 1.39%, 51, 0, 9, 474.95, 2295959, 911
4741, 0, 476, 483, 400, 0, 1.39%, 51, 0, 9, 478.14, 2298386, 911
4746, 0, 476, 483, 400, 0, 1.39%, 51, 0, 9, 476.66, 2300798, 911
4751, 0, 476, 483, 400, 0, 1.39%, 51, 0, 9, 472.96, 2303183, 911
4756, 0, 476, 483, 400, 0, 1.39%, 51, 0, 9, 462.71, 2305523, 911
4761, 0, 476, 483, 400, 0, 1.39%, 51, 0, 9, 462.00, 2307863, 911
4766, 0, 476, 483, 400, 0, 1.39%, 51, 0, 9, 462.18, 2310203, 911
4771, 0, 476, 483, 400, 0, 1.39%, 51, 0, 9, 445.29, 2312450, 911
4776, 0, 476, 483, 400, 0, 1.39%, 51, 0, 9, 410.60, 2314490, 911
4781, 0, 476, 483, 400, 0, 1.39%, 51, 0, 9, 457.21, 2316827, 911
4786, 0, 57, 483, 400, 0, 1.39%, 51, 0, 9, 485.76, 2319307, 911
4791, 0, 50, 483, 400, 0, 1.39%, 51, 0, 9, 427.70, 2321459, 911
4796, 0, 50, 483, 400, 0, 1.39%, 51, 0, 9, 409.19, 2323395, 911
4801, 0, 5, 483, 400, 0, 1.39%, 51, 0, 9, 448.90, 2325707, 911
4806, 0, 5, 483, 400, 0, 1.39%, 51, 0, 9, 432.59, 2327841, 911
4811, 0, 5, 483, 400, 0, 1.39%, 51, 0, 9, 421.63, 2330007, 911
4816, 0, 5, 483, 400, 0, 1.39%, 51, 0, 9, 413.20, 2332023, 911
4821, 0, 5, 483, 400, 0, 1.39%, 51, 0, 9, 436.45, 2334193, 911
4827, 0, 5, 483, 400, 0, 1.39%, 51, 0, 9, 438.80, 2336467, 911
4832, 0, 5, 483, 400, 0, 1.39%, 51, 0, 9, 400.95, 2338404, 911
4837, 0, 5, 483, 400, 0, 1.39%, 51, 0, 9, 368.73, 2340219, 911
4842, 0, 5, 483, 400, 0, 1.39%, 51, 0, 9, 375.09, 2342092, 911
4847, 0, 5, 483, 400, 0, 1.39%, 51, 0, 9, 419.68, 2344265, 911
4852, 0, 5, 483, 400, 0, 1.39%, 51, 0, 9, 431.18, 2346490, 911
4857, 0, 5, 483, 400, 0, 1.39%, 51, 0, 9, 425.20, 2348572, 911
4862, 0, 310, 483, 400, 0, 1.39%, 51, 0, 9, 397.74, 2350597, 911
4867, 0, 310, 483, 400, 0, 1.39%, 51, 0, 9, 397.83, 2352545, 911
4872, 0, 310, 483, 400, 0, 1.39%, 51, 0, 9, 416.01, 2354671, 911
4877, 0, 310, 483, 400, 0, 1.39%, 51, 0, 9, 436.32, 2356939, 911
4882, 0, 56, 483, 400, 0, 1.39%, 51, 0, 9, 460.28, 2359271, 911
