# relative_time, cycles_done, cur_item, corpus_count, pending_total, pending_favs, map_size, saved_crashes, saved_hangs, max_depth, execs_per_sec, total_execs, edges_found
60, 2, 11, 16, 6, 0, 0.83%, 0, 0, 4, 462.22, 25936, 545
65, 2, 9, 16, 6, 0, 0.83%, 0, 0, 4, 458.11, 28172, 545
70, 2, 12, 16, 6, 0, 0.83%, 0, 0, 4, 460.03, 30528, 545
75, 2, 15, 16, 6, 0, 0.83%, 0, 0, 4, 412.95, 32561, 545
80, 2, 12, 16, 6, 0, 0.83%, 0, 0, 4, 415.44, 34683, 545
85, 2, 12, 16, 6, 0, 0.83%, 0, 0, 4, 412.83, 36771, 545
90, 2, 2, 16, 6, 0, 0.83%, 0, 0, 4, 429.87, 39001, 545
96, 3, 11, 16, 6, 0, 0.83%, 0, 0, 4, 426.03, 41145, 545
101, 3, 12, 16, 6, 0, 0.83%, 0, 0, 4, 417.51, 43241, 545
106, 3, 12, 16, 6, 0, 0.83%, 0, 0, 4, 435.06, 45437, 545
111, 3, 9, 16, 6, 0, 0.83%, 0, 0, 4, 463.02, 47850, 545
116, 3, 9, 16, 6, 0, 0.83%, 0, 0, 4, 443.99, 50013, 545
121, 4, 6, 16, 6, 0, 0.83%, 0, 0, 4, 450.08, 52313, 545
126, 4, 9, 16, 6, 0, 0.83%, 0, 0, 4, 469.29, 54788, 545
131, 4, 12, 16, 6, 0, 0.83%, 0, 0, 4, 436.25, 56997, 545
136, 4, 12, 16, 6, 0, 0.83%, 0, 0, 4, 409.23, 59101, 545
141, 4, 15, 16, 6, 0, 0.83%, 0, 0, 4, 397.69, 61072, 545
146, 4, 15, 16, 6, 0, 0.83%, 0, 0, 4, 409.60, 63165, 545
151, 5, 12, 16, 6, 0, 0.83%, 0, 0, 4, 414.10, 65271, 545
156, 5, 12, 16, 6, 0, 0.83%, 0, 0, 4, 410.54, 67327, 545
161, 5, 12, 16, 6, 0, 0.83%, 0, 0, 4, 401.74, 69327, 545
166, 5, 15, 16, 6, 0, 0.83%, 0, 0, 4, 420.07, 71427, 545
171, 5, 15, 16, 6, 0, 0.83%, 0, 0, 4, 421.91, 73545, 545
176, 5, 10, 16, 6, 0, 0.83%, 0, 0, 4, 414.72, 75633, 545
181, 6, 12, 16, 6, 0, 0.83%, 0, 0, 4, 411.77, 77697, 545
187, 6, 11, 16, 6, 0, 0.83%, 0, 0, 4, 414.50, 79791, 545
192, 6, 12, 16, 6, 0, 0.83%, 0, 0, 4, 417.96, 81893, 545
197, 6, 12, 16, 6, 0, 0.83%, 0, 0, 4, 421.51, 84077, 545
202, 7, 9, 16, 6, 0, 0.83%, 0, 0, 4, 439.26, 86253, 545
207, 7, 12, 16, 6, 0, 0.83%, 0, 0, 4, 423.91, 88499, 545
212, 7, 12, 16, 6, 0, 0.83%, 0, 0, 4, 406.89, 90531, 545
217, 7, 12, 16, 6, 0, 0.83%, 0, 0, 4, 412.37, 92597, 545
222, 7, 12, 16, 5, 0, 0.83%, 0, 0, 4, 422.38, 94713, 545
227, 8, 12, 16, 5, 0, 0.83%, 0, 0, 4, 413.91, 96857, 545
232, 8, 9, 16, 5, 0, 0.83%, 0, 0, 4, 453.60, 99125, 545
237, 8, 5, 16, 5, 0, 0.83%, 0, 0, 4, 446.51, 101494, 545
243, 8, 12, 16, 4, 0, 0.83%, 0, 0, 4, 419.60, 103558, 545
248, 8, 9, 16, 4, 0, 0.83%, 0, 0, 4, 448.62, 105804, 545
253, 8, 12, 16, 4, 0, 0.83%, 0, 0, 4, 467.28, 108278, 545
258, 8, 12, 16, 4, 0, 0.83%, 0, 0, 4, 441.30, 110474, 545
263, 9, 6, 16, 4, 0, 0.83%, 0, 0, 4, 440.39, 112640, 545
268, 9, 12, 16, 4, 0, 0.83%, 0, 0, 4, 434.72, 114854, 545
273, 9, 12, 16, 4, 0, 0.83%, 0, 0, 4, 413.45, 116904, 545
278, 9, 12, 16, 4, 0, 0.83%, 0, 0, 4, 418.58, 119096, 545
283, 10, 12, 16, 4, 0, 0.83%, 0, 0, 4, 419.68, 121222, 545
288, 10, 12, 16, 4, 0, 0.83%, 0, 0, 4, 415.75, 123326, 545
293, 10, 12, 16, 4, 0, 0.83%, 0, 0, 4, 414.97, 125440, 545
298, 10, 15, 16, 4, 0, 0.83%, 0, 0, 4, 426.79, 127568, 545
304, 10, 12, 16, 4, 0, 0.83%, 0, 0, 4, 412.25, 129718, 545
309, 11, 12, 16, 4, 0, 0.83%, 0, 0, 4, 408.09, 131798, 545
314, 11, 12, 16, 4, 0, 0.83%, 0, 0, 4, 412.80, 133960, 545
319, 11, 6, 16, 4, 0, 0.83%, 0, 0, 4, 426.22, 136112, 545
324, 11, 9, 16, 4, 0, 0.83%, 0, 0, 4, 460.77, 138519, 545
329, 11, 12, 16, 4, 0, 0.83%, 0, 0, 4, 425.64, 140662, 545
334, 12, 12, 16, 4, 0, 0.83%, 0, 0, 4, 407.54, 142718, 545
339, 12, 11, 16, 4, 0, 0.83%, 0, 0, 4, 407.75, 144750, 545
344, 12, 12, 16, 4, 0, 0.83%, 0, 0, 4, 413.73, 146874, 545
349, 12, 2, 16, 4, 0, 0.83%, 0, 0, 4, 423.62, 149018, 545
354, 12, 12, 16, 4, 0, 0.83%, 0, 0, 4, 431.98, 151216, 545
359, 13, 12, 16, 4, 0, 0.83%, 0, 0, 4, 418.58, 153312, 545
364, 13, 12, 16, 4, 0, 0.83%, 0, 0, 4, 403.51, 155344, 545
370, 13, 12, 16, 4, 0, 0.83%, 0, 0, 4, 397.51, 157382, 545
375, 13, 2, 16, 4, 0, 0.83%, 0, 0, 4, 424.37, 159626, 545
380, 13, 12, 16, 4, 0, 0.83%, 0, 0, 4, 412.38, 161700, 545
385, 13, 15, 16, 4, 0, 0.83%, 0, 0, 4, 420.87, 163808, 545
390, 14, 12, 16, 4, 0, 0.83%, 0, 0, 4, 412.66, 165892, 545
395, 14, 12, 16, 4, 0, 0.83%, 0, 0, 4, 425.55, 168046, 545
400, 14, 12, 16, 4, 0, 0.83%, 0, 0, 4, 417.76, 170190, 545
405, 14, 12, 16, 4, 0, 0.83%, 0, 0, 4, 397.14, 172144, 545
410, 15, 2, 16, 4, 0, 0.83%, 0, 0, 4, 412.00, 174228, 545
415, 15, 2, 16, 4, 0, 0.83%, 0, 0, 4, 427.41, 176444, 545
420, 15, 11, 16, 4, 0, 0.83%, 0, 0, 4, 434.26, 178596, 545
425, 15, 12, 16, 4, 0, 0.83%, 0, 0, 4, 445.76, 180818, 545
430, 15, 12, 16, 4, 0, 0.83%, 0, 0, 4, 417.75, 182884, 545
435, 16, 12, 16, 4, 0, 0.83%, 0, 0, 4, 425.14, 185082, 545
440, 16, 12, 16, 4, 0, 0.83%, 0, 0, 4, 410.87, 187148, 545
446, 16, 12, 16, 4, 0, 0.83%, 0, 0, 4, 413.79, 189244, 545
451, 16, 12, 16, 4, 0, 0.83%, 0, 0, 4, 410.96, 191310, 545
456, 16, 15, 16, 4, 0, 0.83%, 0, 0, 4, 419.44, 193424, 545
461, 16, 0, 16, 4, 0, 0.83%, 0, 0, 4, 400.38, 195534, 545
466, 17, 9, 16, 3, 0, 0.83%, 0, 0, 4, 394.17, 197378, 545
471, 17, 12, 16, 3, 0, 0.83%, 0, 0, 4, 432.98, 199709, 545
476, 17, 2, 16, 3, 0, 0.83%, 0, 0, 4, 418.80, 201789, 545
481, 17, 12, 16, 3, 0, 0.83%, 0, 0, 4, 427.45, 204011, 545
486, 17, 12, 16, 3, 0, 0.83%, 0, 0, 4, 421.03, 206125, 545
491, 17, 9, 16, 3, 0, 0.83%, 0, 0, 4, 456.88, 208539, 545
496, 17, 12, 16, 3, 0, 0.83%, 0, 0, 4, 432.93, 210691, 545
502, 18, 12, 16, 3, 0, 0.83%, 0, 0, 4, 409.67, 212725, 545
507, 18, 12, 16, 3, 0, 0.83%, 0, 0, 4, 405.02, 214765, 545
512, 18, 15, 16, 3, 0, 0.83%, 0, 0, 4, 414.85, 216871, 545
517, 18, 12, 16, 3, 0, 0.83%, 0, 0, 4, 411.06, 218935, 545
522, 18, 12, 16, 3, 0, 0.83%, 0, 0, 4, 422.21, 221087, 545
527, 18, 12, 16, 3, 0, 0.83%, 0, 0, 4, 420.53, 223255, 545
532, 19, 12, 16, 3, 0, 0.83%, 0, 0, 4, 399.55, 225258, 545
537, 19, 12, 16, 3, 0, 0.83%, 0, 0, 4, 397.78, 227237, 545
542, 19, 12, 16, 3, 0, 0.83%, 0, 0, 4, 415.49, 229339, 545
547, 19, 15, 16, 3, 0, 0.83%, 0, 0, 4, 425.48, 231477, 545
552, 19, 11, 16, 3, 0, 0.83%, 0, 0, 4, 430.05, 233637, 545
557, 20, 12, 16, 3, 0, 0.83%, 0, 0, 4, 410.07, 235685, 545
562, 20, 12, 16, 3, 0, 0.83%, 0, 0, 4, 405.54, 237717, 545
567, 20, 12, 16, 3, 0, 0.83%, 0, 0, 4, 407.02, 239781, 545
572, 20, 12, 16, 3, 0, 0.83%, 0, 0, 4, 419.39, 241885, 545
577, 20, 12, 16, 3, 0, 0.83%, 0, 0, 4, 414.15, 243959, 545
582, 21, 15, 16, 3, 0, 0.83%, 0, 0, 4, 431.17, 246103, 545
587, 21, 12, 16, 3, 0, 0.83%, 0, 0, 4, 421.82, 248223, 545
592, 21, 11, 16, 3, 0, 0.83%, 0, 0, 4, 412.91, 250285, 545
597, 21, 12, 16, 3, 0, 0.83%, 0, 0, 4, 403.89, 252369, 545
602, 22, 12, 16, 3, 0, 0.83%, 0, 0, 4, 396.82, 254340, 545
607, 22, 12, 16, 3, 0, 0.83%, 0, 0, 4, 421.48, 256475, 545
613, 22, 2, 16, 3, 0, 0.83%, 0, 0, 4, 417.32, 258589, 545
618, 22, 12, 16, 3, 0, 0.83%, 0, 0, 4, 419.70, 260785, 545
623, 22, 12, 16, 3, 0, 0.83%, 0, 0, 4, 412.81, 262859, 545
628, 23, 12, 16, 3, 0, 0.83%, 0, 0, 4, 404.64, 264907, 545
633, 23, 12, 16, 3, 0, 0.83%, 0, 0, 4, 417.73, 267029, 545
638, 23, 12, 16, 3, 0, 0.83%, 0, 0, 4, 408.62, 269093, 545
643, 23, 6, 16, 3, 0, 0.83%, 0, 0, 4, 413.95, 271237, 545
648, 23, 12, 16, 3, 0, 0.83%, 0, 0, 4, 416.22, 273383, 545
653, 23, 12, 16, 3, 0, 0.83%, 0, 0, 4, 405.46, 275423, 545
658, 24, 2, 16, 3, 0, 0.83%, 0, 0, 4, 419.80, 277523, 545
663, 24, 6, 16, 3, 0, 0.83%, 0, 0, 4, 437.28, 279717, 545
668, 24, 10, 16, 3, 0, 0.83%, 0, 0, 4, 412.92, 281789, 545
673, 24, 15, 16, 3, 0, 0.83%, 0, 0, 4, 426.87, 283981, 545
678, 24, 15, 16, 3, 0, 0.83%, 0, 0, 4, 406.91, 286005, 545
684, 24, 12, 16, 3, 0, 0.83%, 0, 0, 4, 418.06, 288199, 545
689, 25, 6, 16, 3, 0, 0.83%, 0, 0, 4, 418.69, 290279, 545
694, 25, 12, 16, 3, 0, 0.83%, 0, 0, 4, 431.62, 292503, 545
699, 25, 12, 16, 3, 0, 0.83%, 0, 0, 4, 415.48, 294577, 545
704, 25, 10, 16, 3, 0, 0.83%, 0, 0, 4, 415.19, 296663, 545
709, 26, 12, 16, 3, 0, 0.83%, 0, 0, 4, 408.31, 298727, 545
714, 26, 12, 16, 3, 0, 0.83%, 0, 0, 4, 411.39, 300805, 545
719, 26, 12, 16, 3, 0, 0.83%, 0, 0, 4, 414.37, 302949, 545
724, 26, 12, 16, 3, 0, 0.83%, 0, 0, 4, 410.56, 305005, 545
729, 26, 11, 16, 3, 0, 0.83%, 0, 0, 4, 412.39, 307093, 545
734, 27, 12, 16, 3, 0, 0.83%, 0, 0, 4, 410.25, 309149, 545
739, 27, 12, 16, 3, 0, 0.83%, 0, 0, 4, 416.41, 311331, 545
744, 27, 12, 16, 3, 0, 0.83%, 0, 0, 4, 410.72, 313387, 545
749, 27, 12, 16, 3, 0, 0.83%, 0, 0, 4, 412.07, 315475, 545
754, 28, 12, 16, 3, 0, 0.83%, 0, 0, 4, 412.78, 317571, 545
759, 28, 12, 16, 3, 0, 0.83%, 0, 0, 4, 429.12, 319757, 545
764, 28, 12, 16, 3, 0, 0.83%, 0, 0, 4, 422.65, 321885, 545
770, 28, 12, 16, 3, 0, 0.83%, 0, 0, 4, 424.48, 324093, 545
775, 28, 12, 16, 3, 0, 0.83%, 0, 0, 4, 420.00, 326191, 545
780, 29, 15, 16, 3, 0, 0.83%, 0, 0, 4, 441.35, 328391, 545
785, 29, 12, 16, 3, 0, 0.83%, 0, 0, 4, 427.52, 330615, 545
790, 29, 12, 16, 3, 0, 0.83%, 0, 0, 4, 418.52, 332783, 545
795, 29, 12, 16, 3, 0, 0.83%, 0, 0, 4, 413.43, 334873, 545
800, 29, 15, 16, 3, 0, 0.83%, 0, 0, 4, 433.77, 337123, 545
805, 29, 2, 16, 3, 0, 0.83%, 0, 0, 4, 424.11, 339249, 545
810, 30, 12, 16, 3, 0, 0.83%, 0, 0, 4, 433.60, 341479, 545
815, 30, 12, 16, 3, 0, 0.83%, 0, 0, 4, 432.66, 343649, 545
821, 30, 12, 16, 3, 0, 0.83%, 0, 0, 4, 422.32, 345847, 545
826, 30, 12, 16, 3, 0, 0.83%, 0, 0, 4, 423.07, 347967, 545
831, 30, 12, 16, 3, 0, 0.83%, 0, 0, 4, 415.41, 350023, 545
836, 31, 12, 16, 3, 0, 0.83%, 0, 0, 4, 424.87, 352181, 545
841, 31, 15, 16, 3, 0, 0.83%, 0, 0, 4, 442.35, 354381, 545
846, 31, 12, 16, 3, 0, 0.83%, 0, 0, 4, 427.47, 356605, 545
851, 31, 15, 16, 2, 0, 0.83%, 0, 0, 4, 451.28, 358907, 545
856, 31, 9, 16, 2, 0, 0.83%, 0, 0, 4, 466.40, 361208, 545
861, 31, 12, 16, 2, 0, 0.83%, 0, 0, 4, 440.53, 363463, 545
866, 32, 12, 16, 2, 0, 0.83%, 0, 0, 4, 419.81, 365541, 545
871, 32, 12, 16, 2, 0, 0.83%, 0, 0, 4, 391.54, 367403, 545
876, 32, 12, 16, 2, 0, 0.83%, 0, 0, 4, 400.71, 369495, 545
882, 32, 12, 16, 2, 0, 0.83%, 0, 0, 4, 404.50, 371575, 545
887, 32, 12, 16, 2, 0, 0.83%, 0, 0, 4, 391.30, 373528, 545
892, 33, 12, 16, 2, 0, 0.83%, 0, 0, 4, 387.63, 375549, 545
897, 33, 12, 16, 2, 0, 0.83%, 0, 0, 4, 398.99, 377577, 545
902, 33, 12, 16, 2, 0, 0.83%, 0, 0, 4, 409.83, 379687, 545
907, 33, 12, 16, 2, 0, 0.83%, 0, 0, 4, 409.65, 381777, 545
912, 33, 12, 16, 2, 0, 0.83%, 0, 0, 4, 394.02, 383751, 545
917, 34, 12, 16, 2, 0, 0.83%, 0, 0, 4, 397.98, 385751, 545
922, 34, 15, 16, 2, 0, 0.83%, 0, 0, 4, 417.40, 387825, 545
927, 34, 12, 16, 2, 0, 0.83%, 0, 0, 4, 417.21, 389953, 545
932, 34, 12, 16, 2, 0, 0.83%, 0, 0, 4, 410.48, 392003, 545
937, 34, 12, 16, 2, 0, 0.83%, 0, 0, 4, 418.33, 394115, 545
942, 35, 12, 16, 2, 0, 0.83%, 0, 0, 4, 418.36, 396219, 545
947, 35, 11, 16, 2, 0, 0.83%, 0, 0, 4, 401.35, 398221, 545
952, 35, 12, 16, 2, 0, 0.83%, 0, 0, 4, 401.92, 400253, 545
957, 35, 12, 16, 2, 0, 0.83%, 0, 0, 4, 394.53, 402286, 545
963, 35, 12, 16, 2, 0, 0.83%, 0, 0, 4, 384.81, 404263, 545
968, 36, 12, 16, 2, 0, 0.83%, 0, 0, 4, 398.31, 406269, 545
973, 36, 12, 16, 2, 0, 0.83%, 0, 0, 4, 422.11, 408401, 545
978, 36, 12, 16, 2, 0, 0.83%, 0, 0, 4, 407.59, 410427, 545
983, 36, 6, 16, 2, 0, 0.83%, 0, 0, 4, 441.00, 412625, 545
988, 36, 12, 16, 2, 0, 0.83%, 0, 0, 4, 420.28, 414817, 545
993, 37, 12, 16, 2, 0, 0.83%, 0, 0, 4, 400.82, 416849, 545
998, 37, 6, 16, 2, 0, 0.83%, 0, 0, 4, 415.85, 418985, 545
1003, 37, 12, 16, 2, 0, 0.83%, 0, 0, 4, 407.43, 421025, 545
1008, 37, 12, 16, 2, 0, 0.83%, 0, 0, 4, 393.52, 423008, 545
1013, 37, 12, 16, 2, 0, 0.83%, 0, 0, 4, 445.73, 425321, 545
1018, 38, 12, 16, 2, 0, 0.83%, 0, 0, 4, 427.57, 427451, 545
1023, 38, 2, 16, 2, 0, 0.83%, 0, 0, 4, 427.22, 429603, 545
1029, 38, 12, 16, 2, 0, 0.83%, 0, 0, 4, 430.04, 431761, 545
1034, 38, 12, 16, 2, 0, 0.83%, 0, 0, 4, 422.89, 433891, 545
1039, 38, 12, 16, 2, 0, 0.83%, 0, 0, 4, 427.99, 436031, 545
1044, 38, 12, 16, 2, 0, 0.83%, 0, 0, 4, 416.37, 438113, 545
1049, 39, 12, 16, 2, 0, 0.83%, 0, 0, 4, 415.88, 440217, 545
1054, 39, 12, 16, 2, 0, 0.83%, 0, 0, 4, 414.08, 442289, 545
1059, 39, 9, 16, 2, 0, 0.83%, 0, 0, 4, 453.33, 444576, 545
1064, 39, 12, 16, 2, 0, 0.83%, 0, 0, 4, 444.63, 446853, 545
1069, 39, 12, 16, 2, 0, 0.83%, 0, 0, 4, 420.00, 448933, 545
1074, 40, 15, 16, 2, 0, 0.83%, 0, 0, 4, 428.69, 451079, 545
1079, 40, 9, 16, 2, 0, 0.83%, 0, 0, 4, 464.86, 453480, 545
1084, 40, 12, 16, 2, 0, 0.83%, 0, 0, 4, 443.50, 455771, 545
1089, 40, 12, 16, 2, 0, 0.83%, 0, 0, 4, 428.15, 457885, 545
1094, 40, 12, 16, 2, 0, 0.83%, 0, 0, 4, 421.94, 459989, 545
1099, 41, 12, 16, 2, 0, 0.83%, 0, 0, 4, 426.95, 462133, 545
1104, 41, 12, 16, 2, 0, 0.83%, 0, 0, 4, 437.15, 464319, 545
1109, 41, 15, 16, 2, 0, 0.83%, 0, 0, 4, 431.27, 466465, 545
1114, 41, 12, 16, 2, 0, 0.83%, 0, 0, 4, 420.45, 468575, 545
1119, 41, 12, 16, 2, 0, 0.83%, 0, 0, 4, 414.87, 470663, 545
1124, 41, 2, 16, 2, 0, 0.83%, 0, 0, 4, 414.23, 472809, 545
1130, 42, 11, 16, 2, 0, 0.83%, 0, 0, 4, 434.47, 475055, 545
1135, 42, 12, 16, 2, 0, 0.83%, 0, 0, 4, 424.89, 477269, 545
1140, 42, 12, 16, 2, 0, 0.83%, 0, 0, 4, 431.26, 479531, 545
1145, 42, 9, 16, 2, 0, 0.83%, 0, 0, 4, 475.29, 481942, 545
1150, 42, 12, 16, 2, 0, 0.83%, 0, 0, 4, 459.42, 484283, 545
1155, 43, 6, 16, 2, 0, 0.83%, 0, 0, 4, 444.07, 486465, 545
1160, 43, 11, 16, 2, 0, 0.83%, 0, 0, 4, 441.27, 488715, 545
1165, 43, 12, 16, 2, 0, 0.83%, 0, 0, 4, 433.24, 490969, 545
1170, 43, 12, 16, 2, 0, 0.83%, 0, 0, 4, 424.55, 493089, 545
1175, 43, 15, 16, 2, 0, 0.83%, 0, 0, 4, 424.99, 495217, 545
1181, 43, 9, 16, 2, 0, 0.83%, 0, 0, 4, 475.33, 497713, 545
1186, 44, 12, 16, 2, 0, 0.83%, 0, 0, 4, 452.36, 500015, 545
1191, 44, 9, 16, 2, 0, 0.83%, 0, 0, 4, 463.95, 502313, 545
1196, 44, 2, 16, 2, 0, 0.83%, 0, 0, 4, 448.96, 504599, 545
1201, 44, 12, 16, 2, 0, 0.83%, 0, 0, 4, 429.39, 506747, 545
1206, 44, 12, 16, 2, 0, 0.83%, 0, 0, 4, 423.00, 508938, 545
1211, 44, 12, 16, 2, 0, 0.83%, 0, 0, 4, 420.87, 511045, 545
1216, 45, 15, 16, 2, 0, 0.83%, 0, 0, 4, 431.84, 513315, 545
1221, 45, 12, 16, 2, 0, 0.83%, 0, 0, 4, 426.04, 515475, 545
1226, 45, 12, 16, 2, 0, 0.83%, 0, 0, 4, 419.63, 517571, 545
1231, 45, 12, 16, 2, 0, 0.83%, 0, 0, 4, 420.23, 519669, 545
1236, 45, 2, 16, 2, 0, 0.83%, 0, 0, 4, 432.33, 521841, 545
1242, 45, 12, 16, 2, 0, 0.83%, 0, 0, 4, 441.17, 524161, 545
1247, 45, 9, 16, 2, 0, 0.83%, 0, 0, 4, 483.49, 526614, 545
1252, 46, 12, 16, 2, 0, 0.83%, 0, 0, 4, 432.27, 528751, 545
1257, 46, 12, 16, 2, 0, 0.83%, 0, 0, 4, 413.71, 530817, 545
1262, 46, 15, 16, 2, 0, 0.83%, 0, 0, 4, 438.65, 533059, 545
1267, 46, 12, 16, 2, 0, 0.83%, 0, 0, 4, 433.50, 535303, 545
1272, 47, 11, 16, 2, 0, 0.83%, 0, 0, 4, 431.43, 537557, 545
1277, 47, 2, 16, 2, 0, 0.83%, 0, 0, 4, 438.15, 539771, 545
1282, 47, 12, 16, 2, 0, 0.83%, 0, 0, 4, 430.10, 542003, 545
1287, 47, 12, 16, 2, 0, 0.83%, 0, 0, 4, 451.51, 544318, 545
1292, 47, 2, 16, 2, 0, 0.83%, 0, 0, 4, 440.49, 546495, 545
1298, 47, 12, 16, 2, 0, 0.83%, 0, 0, 4, 426.11, 548643, 545
1303, 48, 12, 16, 2, 0, 0.83%, 0, 0, 4, 425.81, 550857, 545
1308, 48, 6, 16, 2, 0, 0.83%, 0, 0, 4, 442.97, 553105, 545
1313, 48, 2, 16, 2, 0, 0.83%, 0, 0, 4, 435.90, 555265, 545
1318, 48, 10, 16, 2, 0, 0.83%, 0, 0, 4, 461.82, 557619, 545
1323, 48, 15, 16, 2, 0, 0.83%, 0, 0, 4, 440.27, 559871, 545
1328, 49, 11, 16, 2, 0, 0.83%, 0, 0, 4, 431.22, 562013, 545
1333, 49, 12, 16, 2, 0, 0.83%, 0, 0, 4, 424.09, 564141, 545
1338, 49, 12, 16, 2, 0, 0.83%, 0, 0, 4, 429.19, 566357, 545
1343, 49, 6, 16, 2, 0, 0.83%, 0, 0, 4, 459.80, 568718, 545
1348, 49, 12, 16, 2, 0, 0.83%, 0, 0, 4, 447.30, 570989, 545
1353, 50, 12, 16, 2, 0, 0.83%, 0, 0, 4, 425.02, 573099, 545
1358, 50, 12, 16, 2, 0, 0.83%, 0, 0, 4, 441.01, 575371, 545
1363, 50, 12, 16, 2, 0, 0.83%, 0, 0, 4, 425.40, 577473, 545
1369, 50, 15, 16, 2, 0, 0.83%, 0, 0, 4, 427.34, 579593, 545
1374, 50, 12, 16, 2, 0, 0.83%, 0, 0, 4, 423.67, 581833, 545
1379, 51, 15, 16, 2, 0, 0.83%, 0, 0, 4, 434.50, 584091, 545
1384, 51, 12, 16, 2, 0, 0.83%, 0, 0, 4, 430.62, 586329, 545
1389, 51, 12, 16, 2, 0, 0.83%, 0, 0, 4, 425.07, 588475, 545
1394, 51, 11, 16, 2, 0, 0.83%, 0, 0, 4, 423.21, 590587, 545
1399, 51, 15, 16, 2, 0, 0.83%, 0, 0, 4, 431.84, 592821, 545
1405, 52, 12, 16, 2, 0, 0.83%, 0, 0, 4, 449.77, 595131, 545
1410, 52, 9, 16, 2, 0, 0.83%, 0, 0, 4, 468.98, 597508, 545
1415, 52, 11, 16, 2, 0, 0.83%, 0, 0, 4, 453.37, 599819, 545
1420, 52, 12, 16, 2, 0, 0.83%, 0, 0, 4, 423.38, 601905, 545
1425, 52, 12, 16, 2, 0, 0.83%, 0, 0, 4, 438.62, 604159, 545
1430, 53, 12, 16, 2, 0, 0.83%, 0, 0, 4, 427.25, 606353, 545
1435, 53, 12, 16, 2, 0, 0.83%, 0, 0, 4, 437.80, 608661, 545
1440, 53, 9, 16, 2, 0, 0.83%, 0, 0, 4, 479.50, 611095, 545
1445, 53, 2, 16, 2, 0, 0.83%, 0, 0, 4, 453.26, 613427, 545
1451, 53, 12, 16, 2, 0, 0.83%, 0, 0, 4, 437.25, 615705, 545
1456, 53, 15, 16, 2, 0, 0.83%, 0, 0, 4, 428.30, 617827, 545
1461, 54, 12, 16, 2, 0, 0.83%, 0, 0, 4, 422.44, 620023, 545
1466, 54, 12, 16, 2, 0, 0.83%, 0, 0, 4, 422.83, 622231, 545
1471, 54, 12, 16, 2, 0, 0.83%, 0, 0, 4, 421.51, 624431, 545
1476, 54, 12, 16, 2, 0, 0.83%, 0, 0, 4, 428.52, 626573, 545
1482, 55, 12, 16, 2, 0, 0.83%, 0, 0, 4, 423.01, 628767, 545
1487, 55, 11, 16, 2, 0, 0.83%, 0, 0, 4, 429.18, 630919, 545
1492, 55, 12, 16, 2, 0, 0.83%, 0, 0, 4, 422.92, 633055, 545
1497, 55, 12, 16, 2, 0, 0.83%, 0, 0, 4, 421.81, 635177, 545
1502, 55, 10, 16, 2, 0, 0.83%, 0, 0, 4, 428.53, 637295, 545
1507, 56, 12, 16, 2, 0, 0.83%, 0, 0, 4, 430.71, 639463, 545
1512, 56, 15, 16, 2, 0, 0.83%, 0, 0, 4, 435.94, 641647, 545
1517, 56, 12, 16, 2, 0, 0.83%, 0, 0, 4, 429.08, 643901, 545
1522, 56, 12, 16, 2, 0, 0.83%, 0, 0, 4, 413.65, 645967, 545
1527, 56, 15, 16, 2, 0, 0.83%, 0, 0, 4, 431.24, 648143, 545
1532, 57, 2, 16, 2, 0, 0.83%, 0, 0, 4, 438.75, 650397, 545
1537, 57, 12, 16, 2, 0, 0.83%, 0, 0, 4, 432.33, 652651, 545
1542, 57, 6, 16, 2, 0, 0.83%, 0, 0, 4, 445.02, 654899, 545
1547, 57, 12, 16, 2, 0, 0.83%, 0, 0, 4, 427.18, 657051, 545
1552, 57, 15, 16, 2, 0, 0.83%, 0, 0, 4, 424.83, 659171, 545
1558, 57, 2, 16, 2, 0, 0.83%, 0, 0, 4, 439.85, 661481, 545
1563, 58, 12, 16, 2, 0, 0.83%, 0, 0, 4, 433.16, 663735, 545
1568, 58, 6, 16, 2, 0, 0.83%, 0, 0, 4, 432.82, 665877, 545
1573, 58, 12, 16, 2, 0, 0.83%, 0, 0, 4, 437.31, 668125, 545
1578, 58, 9, 16, 2, 0, 0.83%, 0, 0, 4, 436.45, 670269, 545
1583, 58, 12, 16, 2, 0, 0.83%, 0, 0, 4, 465.48, 672684, 545
1588, 58, 12, 16, 2, 0, 0.83%, 0, 0, 4, 425.99, 674763, 545
1593, 59, 15, 16, 2, 0, 0.83%, 0, 0, 4, 437.39, 676959, 545
1598, 59, 12, 16, 2, 0, 0.83%, 0, 0, 4, 423.93, 679069, 545
1603, 59, 9, 16, 2, 0, 0.83%, 0, 0, 4, 462.52, 681374, 545
1608, 59, 12, 16, 2, 0, 0.83%, 0, 0, 4, 434.48, 683665, 545
1613, 59, 12, 16, 2, 0, 0.83%, 0, 0, 4, 419.30, 685761, 545
1618, 60, 12, 16, 2, 0, 0.83%, 0, 0, 4, 435.22, 687993, 545
1623, 60, 12, 16, 2, 0, 0.83%, 0, 0, 4, 423.08, 690097, 545
1628, 60, 11, 16, 2, 0, 0.83%, 0, 0, 4, 425.02, 692249, 545
1634, 60, 12, 16, 2, 0, 0.83%, 0, 0, 4, 423.39, 694487, 545
1639, 60, 11, 16, 2, 0, 0.83%, 0, 0, 4, 423.42, 696577, 545
1644, 61, 12, 16, 2, 0, 0.83%, 0, 0, 4, 422.34, 698705, 545
1649, 61, 15, 16, 2, 0, 0.83%, 0, 0, 4, 436.84, 700879, 545
1654, 61, 15, 16, 2, 0, 0.83%, 0, 0, 4, 412.86, 702943, 545
1659, 61, 2, 16, 2, 0, 0.83%, 0, 0, 4, 437.17, 705257, 545
1664, 61, 9, 16, 2, 0, 0.83%, 0, 0, 4, 447.15, 707501, 545
1669, 61, 6, 16, 2, 0, 0.83%, 0, 0, 4, 487.28, 710013, 545
1674, 62, 12, 16, 2, 0, 0.83%, 0, 0, 4, 435.93, 712147, 545
1679, 62, 12, 16, 2, 0, 0.83%, 0, 0, 4, 427.22, 714275, 545
1684, 62, 12, 16, 2, 0, 0.83%, 0, 0, 4, 428.75, 716475, 545
1689, 62, 12, 16, 2, 0, 0.83%, 0, 0, 4, 423.35, 718655, 545
1694, 63, 11, 16, 2, 0, 0.83%, 0, 0, 4, 426.87, 720785, 545
1699, 63, 15, 16, 2, 0, 0.83%, 0, 0, 4, 440.19, 723009, 545
1704, 63, 12, 16, 2, 0, 0.83%, 0, 0, 4, 432.61, 725199, 545
1709, 63, 11, 16, 2, 0, 0.83%, 0, 0, 4, 437.81, 727407, 545
1714, 63, 12, 16, 2, 0, 0.83%, 0, 0, 4, 421.05, 729535, 545
1720, 64, 12, 16, 2, 0, 0.83%, 0, 0, 4, 412.72, 731679, 545
1725, 64, 15, 16, 2, 0, 0.83%, 0, 0, 4, 425.99, 733873, 545
1730, 64, 12, 16, 2, 0, 0.83%, 0, 0, 4, 421.83, 736007, 545
1735, 64, 12, 16, 2, 0, 0.83%, 0, 0, 4, 434.67, 738297, 545
1740, 64, 12, 16, 2, 0, 0.83%, 0, 0, 4, 422.12, 740393, 545
1745, 65, 12, 16, 2, 0, 0.83%, 0, 0, 4, 420.05, 742561, 545
1750, 65, 12, 16, 2, 0, 0.83%, 0, 0, 4, 422.39, 744675, 545
1755, 65, 12, 16, 2, 0, 0.83%, 0, 0, 4, 426.79, 746801, 545
1760, 65, 12, 16, 2, 0, 0.83%, 0, 0, 4, 421.40, 748899, 545
1765, 65, 12, 16, 2, 0, 0.83%, 0, 0, 4, 418.34, 751003, 545
1770, 66, 12, 16, 2, 0, 0.83%, 0, 0, 4, 425.95, 753131, 545
1775, 66, 12, 16, 2, 0, 0.83%, 0, 0, 4, 422.74, 755253, 545
1780, 66, 12, 16, 2, 0, 0.83%, 0, 0, 4, 426.83, 757467, 545
1786, 66, 12, 16, 2, 0, 0.83%, 0, 0, 4, 407.12, 759515, 545
1791, 67, 11, 16, 2, 0, 0.83%, 0, 0, 4, 436.48, 761799, 545
1796, 67, 12, 16, 2, 0, 0.83%, 0, 0, 4, 427.38, 763945, 545
1801, 67, 12, 16, 2, 0, 0.83%, 0, 0, 4, 422.28, 766167, 545
1806, 67, 12, 16, 2, 0, 0.83%, 0, 0, 4, 426.19, 768383, 545
1811, 67, 12, 16, 2, 0, 0.83%, 0, 0, 4, 430.01, 770607, 545
1816, 68, 12, 16, 2, 0, 0.83%, 0, 0, 4, 428.05, 772759, 545
1821, 68, 12, 16, 2, 0, 0.83%, 0, 0, 4, 424.77, 774887, 545
1826, 68, 12, 16, 2, 0, 0.83%, 0, 0, 4, 434.31, 777125, 545
1831, 68, 12, 16, 2, 0, 0.83%, 0, 0, 4, 432.29, 779397, 545
1837, 69, 12, 16, 2, 0, 0.83%, 0, 0, 4, 450.34, 781716, 545
1842, 69, 12, 16, 2, 0, 0.83%, 0, 0, 4, 430.75, 783933, 545
1847, 69, 2, 16, 2, 0, 0.83%, 0, 0, 4, 437.73, 786225, 545
1852, 69, 12, 16, 2, 0, 0.83%, 0, 0, 4, 427.20, 788351, 545
1857, 69, 11, 16, 2, 0, 0.83%, 0, 0, 4, 426.29, 790567, 545
1862, 70, 12, 16, 2, 0, 0.83%, 0, 0, 4, 418.49, 792687, 545
1867, 70, 12, 16, 2, 0, 0.83%, 0, 0, 4, 422.94, 794799, 545
1872, 70, 12, 16, 2, 0, 0.83%, 0, 0, 4, 432.25, 796975, 545
1877, 70, 10, 16, 2, 0, 0.83%, 0, 0, 4, 426.55, 799127, 545
1883, 71, 15, 16, 2, 0, 0.83%, 0, 0, 4, 415.83, 801343, 545
1888, 71, 12, 16, 2, 0, 0.83%, 0, 0, 4, 428.52, 803589, 545
1893, 71, 12, 16, 2, 0, 0.83%, 0, 0, 4, 420.68, 805767, 545
1898, 71, 15, 16, 2, 0, 0.83%, 0, 0, 4, 429.25, 807985, 545
1903, 71, 12, 16, 2, 0, 0.83%, 0, 0, 4, 421.13, 810103, 545
1908, 72, 10, 16, 2, 0, 0.83%, 0, 0, 4, 421.05, 812223, 545
1913, 72, 12, 16, 2, 0, 0.83%, 0, 0, 4, 423.62, 814367, 545
1918, 72, 12, 16, 2, 0, 0.83%, 0, 0, 4, 409.73, 816409, 545
1924, 72, 12, 16, 2, 0, 0.83%, 0, 0, 4, 414.88, 818569, 545
1929, 72, 12, 16, 2, 0, 0.83%, 0, 0, 4, 444.94, 820909, 545
1934, 73, 11, 16, 2, 0, 0.83%, 0, 0, 4, 448.73, 823221, 545
1939, 73, 9, 16, 2, 0, 0.83%, 0, 0, 4, 464.66, 825512, 545
1944, 73, 12, 16, 2, 0, 0.83%, 0, 0, 4, 449.65, 827823, 545
1949, 73, 2, 16, 2, 0, 0.83%, 0, 0, 4, 429.71, 829931, 545
1954, 73, 12, 16, 2, 0, 0.83%, 0, 0, 4, 435.23, 832161, 545
1959, 73, 2, 16, 2, 0, 0.83%, 0, 0, 4, 441.26, 834457, 545
1964, 73, 2, 16, 2, 0, 0.83%, 0, 0, 4, 444.98, 836713, 545
1970, 74, 12, 16, 2, 0, 0.83%, 0, 0, 4, 427.80, 838927, 545
1975, 74, 12, 16, 2, 0, 0.83%, 0, 0, 4, 425.18, 841061, 545
1980, 74, 12, 16, 2, 0, 0.83%, 0, 0, 4, 422.39, 843189, 545
1985, 74, 12, 16, 2, 0, 0.83%, 0, 0, 4, 415.37, 845271, 545
1990, 75, 12, 16, 2, 0, 0.83%, 0, 0, 4, 449.90, 847588, 545
1995, 75, 12, 16, 2, 0, 0.83%, 0, 0, 4, 427.27, 849711, 545
2000, 75, 12, 16, 2, 0, 0.83%, 0, 0, 4, 423.92, 851823, 545
2005, 75, 12, 16, 2, 0, 0.83%, 0, 0, 4, 452.11, 854175, 545
2010, 75, 2, 16, 2, 0, 0.83%, 0, 0, 4, 445.42, 856393, 545
2015, 76, 12, 16, 2, 0, 0.83%, 0, 0, 4, 433.67, 858633, 545
2020, 76, 11, 16, 2, 0, 0.83%, 0, 0, 4, 434.04, 860795, 545
2025, 76, 12, 16, 2, 0, 0.83%, 0, 0, 4, 423.53, 862907, 545
2030, 76, 12, 16, 2, 0, 0.83%, 0, 0, 4, 450.07, 865233, 545
2036, 77, 12, 16, 2, 0, 0.83%, 0, 0, 4, 428.27, 867441, 545
2041, 77, 15, 16, 2, 0, 0.83%, 0, 0, 4, 438.19, 869685, 545
2046, 77, 12, 16, 2, 0, 0.83%, 0, 0, 4, 428.94, 871867, 545
2051, 77, 12, 16, 2, 0, 0.83%, 0, 0, 4, 418.59, 874075, 545
2056, 77, 15, 16, 2, 0, 0.83%, 0, 0, 4, 439.45, 876293, 545
2061, 77, 2, 16, 2, 0, 0.83%, 0, 0, 4, 439.28, 878513, 545
2066, 77, 9, 16, 2, 0, 0.83%, 0, 0, 4, 464.52, 880800, 545
2071, 77, 12, 16, 2, 0, 0.83%, 0, 0, 4, 457.63, 883174, 545
2076, 78, 6, 16, 2, 0, 0.83%, 0, 0, 4, 439.90, 885343, 545
2081, 78, 12, 16, 2, 0, 0.83%, 0, 0, 4, 433.62, 887543, 545
2086, 78, 15, 16, 2, 0, 0.83%, 0, 0, 4, 440.23, 889743, 545
2091, 78, 12, 16, 2, 0, 0.83%, 0, 0, 4, 425.90, 891893, 545
2096, 79, 12, 16, 2, 0, 0.83%, 0, 0, 4, 425.10, 894087, 545
2102, 79, 12, 16, 2, 0, 0.83%, 0, 0, 4, 424.56, 896287, 545
2107, 79, 15, 16, 2, 0, 0.83%, 0, 0, 4, 445.36, 898601, 545
2112, 79, 15, 16, 2, 0, 0.83%, 0, 0, 4, 434.36, 900799, 545
2117, 79, 15, 16, 2, 0, 0.83%, 0, 0, 4, 427.76, 903007, 545
2122, 79, 12, 16, 2, 0, 0.83%, 0, 0, 4, 428.13, 905185, 545
2127, 80, 15, 16, 2, 0, 0.83%, 0, 0, 4, 443.62, 907497, 545
2132, 80, 6, 16, 2, 0, 0.83%, 0, 0, 4, 459.57, 909783, 545
2137, 80, 12, 16, 2, 0, 0.83%, 0, 0, 4, 438.97, 912001, 545
2142, 80, 12, 16, 2, 0, 0.83%, 0, 0, 4, 425.91, 914121, 545
2147, 80, 11, 16, 2, 0, 0.83%, 0, 0, 4, 428.50, 916251, 545
2152, 81, 12, 16, 2, 0, 0.83%, 0, 0, 4, 419.65, 918361, 545
2157, 81, 12, 16, 2, 0, 0.83%, 0, 0, 4, 414.58, 920427, 545
2163, 81, 12, 16, 2, 0, 0.83%, 0, 0, 4, 433.33, 922699, 545
2168, 81, 12, 16, 2, 0, 0.83%, 0, 0, 4, 431.40, 924859, 545
2173, 81, 2, 16, 2, 0, 0.83%, 0, 0, 4, 443.42, 927117, 545
2178, 81, 12, 16, 2, 0, 0.83%, 0, 0, 4, 420.40, 929233, 545
2183, 82, 12, 16, 2, 0, 0.83%, 0, 0, 4, 422.55, 931353, 545
2188, 82, 12, 16, 2, 0, 0.83%, 0, 0, 4, 416.57, 933443, 545
2193, 82, 12, 16, 2, 0, 0.83%, 0, 0, 4, 413.88, 935523, 545
2198, 82, 12, 16, 2, 0, 0.83%, 0, 0, 4, 417.97, 937651, 545
2203, 82, 12, 16, 2, 0, 0.83%, 0, 0, 4, 419.59, 939763, 545
2208, 83, 12, 16, 2, 0, 0.83%, 0, 0, 4, 413.41, 941835, 545
2213, 83, 12, 16, 2, 0, 0.83%, 0, 0, 4, 415.52, 943925, 545
2218, 83, 12, 16, 2, 0, 0.83%, 0, 0, 4, 440.67, 946125, 545
2223, 83, 12, 16, 2, 0, 0.83%, 0, 0, 4, 426.79, 948323, 545
2228, 83, 11, 16, 2, 0, 0.83%, 0, 0, 4, 428.28, 950461, 545
2233, 84, 12, 16, 2, 0, 0.83%, 0, 0, 4, 434.69, 952725, 545
2238, 84, 12, 16, 2, 0, 0.83%, 0, 0, 4, 428.05, 954845, 545
2243, 84, 12, 16, 2, 0, 0.83%, 0, 0, 4, 420.79, 956981, 545
2248, 84, 12, 16, 2, 0, 0.83%, 0, 0, 4, 424.45, 959163, 545
2253, 85, 15, 16, 2, 0, 0.83%, 0, 0, 4, 433.72, 961349, 545
2259, 85, 12, 16, 2, 0, 0.83%, 0, 0, 4, 432.55, 963563, 545
2264, 85, 12, 16, 2, 0, 0.83%, 0, 0, 4, 426.34, 965739, 545
2269, 85, 2, 16, 2, 0, 0.83%, 0, 0, 4, 429.09, 967947, 545
2274, 85, 12, 16, 2, 0, 0.83%, 0, 0, 4, 428.98, 970185, 545
2279, 85, 9, 16, 2, 0, 0.83%, 0, 0, 4, 479.47, 972714, 545
2284, 86, 12, 16, 2, 0, 0.83%, 0, 0, 4, 451.84, 974947, 545
2289, 86, 12, 16, 2, 0, 0.83%, 0, 0, 4, 422.44, 977023, 545
2294, 86, 12, 16, 2, 0, 0.83%, 0, 0, 4, 422.32, 979169, 545
2299, 86, 12, 16, 2, 0, 0.83%, 0, 0, 4, 426.24, 981385, 545
2304, 86, 12, 16, 2, 0, 0.83%, 0, 0, 4, 443.50, 983591, 545
2309, 87, 11, 16, 2, 0, 0.83%, 0, 0, 4, 427.91, 985713, 545
2315, 87, 12, 16, 2, 0, 0.83%, 0, 0, 4, 421.73, 987857, 545
2320, 87, 12, 16, 2, 0, 0.83%, 0, 0, 4, 432.11, 990079, 545
2325, 87, 12, 16, 2, 0, 0.83%, 0, 0, 4, 422.75, 992209, 545
2330, 87, 2, 16, 2, 0, 0.83%, 0, 0, 4, 425.87, 994339, 545
2335, 88, 12, 16, 2, 0, 0.83%, 0, 0, 4, 436.83, 996631, 545
2340, 88, 2, 16, 2, 0, 0.83%, 0, 0, 4, 433.27, 998823, 545
2345, 88, 12, 16, 2, 0, 0.83%, 0, 0, 4, 431.42, 1001093, 545
2350, 88, 12, 16, 2, 0, 0.83%, 0, 0, 4, 421.61, 1003261, 545
2355, 88, 11, 16, 2, 0, 0.83%, 0, 0, 4, 429.89, 1005461, 545
2360, 88, 2, 16, 2, 0, 0.83%, 0, 0, 4, 435.56, 1007723, 545
2366, 88, 12, 16, 2, 0, 0.83%, 0, 0, 4, 428.98, 1009949, 545
2371, 89, 12, 16, 2, 0, 0.83%, 0, 0, 4, 425.15, 1012101, 545
2376, 89, 12, 16, 2, 0, 0.83%, 0, 0, 4, 441.77, 1014307, 545
2381, 89, 12, 16, 2, 0, 0.83%, 0, 0, 4, 418.68, 1016397, 545
2386, 89, 12, 16, 1, 0, 0.83%, 0, 0, 4, 420.99, 1018503, 545
2391, 90, 12, 16, 1, 0, 0.83%, 0, 0, 4, 437.46, 1020791, 545
2396, 90, 12, 16, 1, 0, 0.83%, 0, 0, 4, 435.90, 1023039, 545
2401, 90, 15, 16, 1, 0, 0.83%, 0, 0, 4, 429.90, 1025183, 545
2406, 90, 10, 16, 1, 0, 0.83%, 0, 0, 4, 427.88, 1027351, 545
2411, 90, 3, 16, 1, 0, 0.83%, 0, 0, 4, 433.14, 1029605, 545
2416, 90, 12, 16, 1, 0, 0.83%, 0, 0, 4, 434.40, 1031781, 545
2421, 91, 12, 16, 1, 0, 0.83%, 0, 0, 4, 423.99, 1033909, 545
2426, 91, 12, 16, 1, 0, 0.83%, 0, 0, 4, 420.97, 1036037, 545
2432, 91, 12, 16, 1, 0, 0.83%, 0, 0, 4, 433.46, 1038237, 545
2437, 91, 12, 16, 1, 0, 0.83%, 0, 0, 4, 425.48, 1040413, 545
2442, 92, 12, 16, 1, 0, 0.83%, 0, 0, 4, 406.52, 1042479, 545
2447, 92, 9, 16, 1, 0, 0.83%, 0, 0, 4, 469.08, 1044894, 545
2452, 92, 12, 16, 1, 0, 0.83%, 0, 0, 4, 430.74, 1047053, 545
2457, 92, 3, 16, 1, 0, 0.83%, 0, 0, 4, 432.60, 1049231, 545
2462, 92, 15, 16, 1, 0, 0.83%, 0, 0, 4, 441.88, 1051469, 545
2467, 92, 12, 16, 1, 0, 0.83%, 0, 0, 4, 426.65, 1053611, 545
2472, 92, 12, 16, 1, 0, 0.83%, 0, 0, 4, 421.30, 1055739, 545
2477, 93, 15, 16, 1, 0, 0.83%, 0, 0, 4, 447.60, 1058015, 545
2482, 93, 15, 16, 1, 0, 0.83%, 0, 0, 4, 439.62, 1060307, 545
2487, 93, 9, 16, 1, 0, 0.83%, 0, 0, 4, 459.44, 1062609, 545
2492, 93, 12, 16, 1, 0, 0.83%, 0, 0, 4, 452.24, 1064965, 545
2498, 93, 12, 16, 1, 0, 0.83%, 0, 0, 4, 434.98, 1067223, 545
2503, 93, 15, 16, 1, 0, 0.83%, 0, 0, 4, 426.75, 1069321, 545
2508, 94, 12, 16, 1, 0, 0.83%, 0, 0, 4, 419.07, 1071457, 545
2513, 94, 9, 16, 1, 0, 0.83%, 0, 0, 4, 469.85, 1073844, 545
2518, 94, 12, 16, 1, 0, 0.83%, 0, 0, 4, 441.12, 1076055, 545
2523, 94, 15, 16, 1, 0, 0.83%, 0, 0, 4, 440.49, 1078241, 545
2528, 94, 6, 16, 1, 0, 0.83%, 0, 0, 4, 450.20, 1080495, 545
2533, 94, 3, 16, 1, 0, 0.83%, 0, 0, 4, 444.75, 1082741, 545
2538, 94, 15, 16, 1, 0, 0.83%, 0, 0, 4, 440.42, 1084927, 545
2543, 95, 12, 16, 1, 0, 0.83%, 0, 0, 4, 417.62, 1087029, 545
2548, 95, 12, 16, 1, 0, 0.83%, 0, 0, 4, 430.13, 1089277, 545
2553, 95, 12, 16, 1, 0, 0.83%, 0, 0, 4, 419.30, 1091365, 545
2558, 95, 3, 16, 1, 0, 0.83%, 0, 0, 4, 431.72, 1093531, 545
2563, 95, 12, 16, 1, 0, 0.83%, 0, 0, 4, 441.11, 1095869, 545
2568, 95, 15, 16, 1, 0, 0.83%, 0, 0, 4, 436.42, 1098031, 545
2573, 96, 9, 16, 1, 0, 0.83%, 0, 0, 4, 466.49, 1100452, 545
2579, 96, 12, 16, 1, 0, 0.83%, 0, 0, 4, 435.98, 1102681, 545
2584, 96, 12, 16, 1, 0, 0.83%, 0, 0, 4, 425.48, 1104807, 545
2589, 96, 12, 16, 1, 0, 0.83%, 0, 0, 4, 425.20, 1107007, 545
2594, 96, 6, 16, 1, 0, 0.83%, 0, 0, 4, 434.42, 1109151, 545
2599, 97, 12, 16, 1, 0, 0.83%, 0, 0, 4, 427.22, 1111324, 545
2604, 97, 12, 16, 1, 0, 0.83%, 0, 0, 4, 434.13, 1113669, 545
2609, 97, 12, 16, 1, 0, 0.83%, 0, 0, 4, 425.74, 1115811, 545
2614, 97, 12, 16, 1, 0, 0.83%, 0, 0, 4, 419.04, 1117901, 545
2619, 98, 12, 16, 1, 0, 0.83%, 0, 0, 4, 413.56, 1120069, 545
2624, 98, 12, 16, 1, 0, 0.83%, 0, 0, 4, 416.37, 1122173, 545
2629, 98, 12, 16, 1, 0, 0.83%, 0, 0, 4, 418.98, 1124279, 545
2635, 98, 12, 16, 1, 0, 0.83%, 0, 0, 4, 476.14, 1126816, 545
2640, 98, 12, 16, 1, 0, 0.83%, 0, 0, 4, 432.35, 1129017, 545
2645, 98, 12, 16, 1, 0, 0.83%, 0, 0, 4, 435.11, 1131177, 545
2650, 99, 12, 16, 1, 0, 0.83%, 0, 0, 4, 422.09, 1133275, 545
2655, 99, 15, 16, 1, 0, 0.83%, 0, 0, 4, 432.43, 1135501, 545
2660, 99, 9, 16, 1, 0, 0.83%, 0, 0, 4, 480.08, 1137952, 545
2665, 99, 12, 16, 1, 0, 0.83%, 0, 0, 4, 437.68, 1140121, 545
2670, 99, 12, 16, 1, 0, 0.83%, 0, 0, 4, 432.41, 1142345, 545
2675, 100, 12, 16, 1, 0, 0.83%, 0, 0, 4, 433.72, 1144569, 545
2681, 100, 12, 16, 1, 0, 0.83%, 0, 0, 4, 425.54, 1146771, 545
2686, 100, 12, 16, 1, 0, 0.83%, 0, 0, 4, 434.12, 1149033, 545
2691, 100, 3, 16, 1, 0, 0.83%, 0, 0, 4, 441.34, 1151247, 545
2696, 100, 12, 16, 1, 0, 0.83%, 0, 0, 4, 424.49, 1153361, 545
2701, 100, 12, 16, 1, 0, 0.83%, 0, 0, 4, 415.99, 1155441, 545
2706, 101, 12, 16, 1, 0, 0.83%, 0, 0, 4, 427.61, 1157665, 545
2711, 101, 12, 16, 1, 0, 0.83%, 0, 0, 4, 424.19, 1159853, 545
2716, 101, 9, 16, 1, 0, 0.83%, 0, 0, 4, 474.60, 1162271, 545
2721, 101, 15, 16, 1, 0, 0.83%, 0, 0, 4, 433.98, 1164435, 545
2726, 101, 12, 16, 1, 0, 0.83%, 0, 0, 4, 423.05, 1166573, 545
2731, 102, 15, 16, 1, 0, 0.83%, 0, 0, 4, 427.28, 1168715, 545
2736, 102, 9, 16, 1, 0, 0.83%, 0, 0, 4, 448.11, 1170957, 545
2741, 102, 10, 16, 1, 0, 0.83%, 0, 0, 4, 484.79, 1173529, 545
2746, 102, 12, 16, 1, 0, 0.83%, 0, 0, 4, 430.64, 1175653, 545
2752, 102, 15, 16, 1, 0, 0.83%, 0, 0, 4, 423.62, 1177759, 545
2757, 102, 12, 16, 1, 0, 0.83%, 0, 0, 4, 431.18, 1179965, 545
2762, 103, 12, 16, 1, 0, 0.83%, 0, 0, 4, 431.12, 1182221, 545
2767, 103, 12, 16, 1, 0, 0.83%, 0, 0, 4, 433.63, 1184405, 545
2772, 103, 12, 16, 1, 0, 0.83%, 0, 0, 4, 412.90, 1186479, 545
2777, 103, 12, 16, 1, 0, 0.83%, 0, 0, 4, 412.90, 1188567, 545
2782, 103, 12, 16, 1, 0, 0.83%, 0, 0, 4, 420.29, 1190681, 545
2787, 104, 12, 16, 1, 0, 0.83%, 0, 0, 4, 421.78, 1192801, 545
2792, 104, 11, 16, 1, 0, 0.83%, 0, 0, 4, 420.75, 1194905, 545
2797, 104, 3, 16, 1, 0, 0.83%, 0, 0, 4, 431.67, 1197101, 545
2802, 104, 12, 16, 1, 0, 0.83%, 0, 0, 4, 431.03, 1199305, 545
2807, 104, 6, 16, 1, 0, 0.83%, 0, 0, 4, 434.39, 1201529, 545
2812, 105, 15, 16, 1, 0, 0.83%, 0, 0, 4, 436.70, 1203729, 545
2818, 105, 12, 16, 1, 0, 0.83%, 0, 0, 4, 425.04, 1205937, 545
2823, 105, 12, 16, 1, 0, 0.83%, 0, 0, 4, 442.54, 1208137, 545
2828, 105, 12, 16, 1, 0, 0.83%, 0, 0, 4, 424.55, 1210247, 545
2833, 105, 12, 16, 1, 0, 0.83%, 0, 0, 4, 423.36, 1212367, 545
2838, 106, 12, 16, 1, 0, 0.83%, 0, 0, 4, 422.60, 1214543, 545
2843, 106, 11, 16, 1, 0, 0.83%, 0, 0, 4, 442.31, 1216753, 545
2848, 106, 12, 16, 1, 0, 0.83%, 0, 0, 4, 424.12, 1218921, 545
2853, 106, 9, 16, 1, 0, 0.83%, 0, 0, 4, 480.25, 1221383, 545
2858, 106, 12, 16, 1, 0, 0.83%, 0, 0, 4, 442.88, 1223671, 545
2863, 106, 6, 16, 1, 0, 0.83%, 0, 0, 4, 454.69, 1226024, 545
2868, 107, 9, 16, 1, 0, 0.83%, 0, 0, 4, 445.85, 1228307, 545
2873, 107, 12, 16, 1, 0, 0.83%, 0, 0, 4, 472.93, 1230770, 545
2878, 107, 12, 16, 1, 0, 0.83%, 0, 0, 4, 435.50, 1232897, 545
2884, 107, 12, 16, 1, 0, 0.83%, 0, 0, 4, 424.85, 1235023, 545
2889, 108, 12, 16, 1, 0, 0.83%, 0, 0, 4, 416.30, 1237105, 545
2894, 108, 12, 16, 1, 0, 0.83%, 0, 0, 4, 420.27, 1239239, 545
2899, 108, 12, 16, 1, 0, 0.83%, 0, 0, 4, 424.89, 1241369, 545
2904, 108, 12, 16, 1, 0, 0.83%, 0, 0, 4, 414.64, 1243441, 545
2909, 108, 10, 16, 1, 0, 0.83%, 0, 0, 4, 421.19, 1245521, 545
2914, 109, 11, 16, 1, 0, 0.83%, 0, 0, 4, 423.77, 1247647, 545
2919, 109, 12, 16, 1, 0, 0.83%, 0, 0, 4, 419.58, 1249791, 545
2924, 109, 15, 16, 1, 0, 0.83%, 0, 0, 4, 444.18, 1252105, 545
2929, 109, 12, 16, 1, 0, 0.83%, 0, 0, 4, 432.68, 1254263, 545
2934, 109, 12, 16, 1, 0, 0.83%, 0, 0, 4, 424.10, 1256369, 545
2939, 110, 12, 16, 1, 0, 0.83%, 0, 0, 4, 417.98, 1258473, 545
2944, 110, 12, 16, 1, 0, 0.83%, 0, 0, 4, 439.25, 1260681, 545
2949, 110, 9, 16, 1, 0, 0.83%, 0, 0, 4, 470.30, 1263028, 545
2954, 110, 9, 16, 1, 0, 0.83%, 0, 0, 4, 450.84, 1265319, 545
2959, 110, 12, 16, 1, 0, 0.83%, 0, 0, 4, 478.30, 1267801, 545
2964, 110, 3, 16, 1, 0, 0.83%, 0, 0, 4, 447.61, 1270055, 545
2969, 111, 12, 16, 1, 0, 0.83%, 0, 0, 4, 427.45, 1272219, 545
2974, 111, 12, 16, 1, 0, 0.83%, 0, 0, 4, 421.62, 1274345, 545
2980, 111, 12, 16, 1, 0, 0.83%, 0, 0, 4, 422.53, 1276547, 545
2985, 111, 12, 16, 1, 0, 0.83%, 0, 0, 4, 424.01, 1278683, 545
2990, 111, 12, 16, 1, 0, 0.83%, 0, 0, 4, 418.98, 1280787, 545
2995, 112, 12, 16, 1, 0, 0.83%, 0, 0, 4, 423.07, 1282995, 545
3000, 112, 12, 16, 1, 0, 0.83%, 0, 0, 4, 423.47, 1285131, 545
3005, 112, 11, 16, 1, 0, 0.83%, 0, 0, 4, 431.49, 1287395, 545
3010, 112, 12, 16, 1, 0, 0.83%, 0, 0, 4, 438.12, 1289635, 545
3015, 113, 12, 16, 1, 0, 0.83%, 0, 0, 4, 425.35, 1291761, 545
3020, 113, 12, 16, 1, 0, 0.83%, 0, 0, 4, 429.52, 1293911, 545
3025, 113, 12, 16, 1, 0, 0.83%, 0, 0, 4, 425.16, 1296117, 545
3030, 113, 12, 16, 1, 0, 0.83%, 0, 0, 4, 421.53, 1298221, 545
3035, 114, 12, 16, 1, 0, 0.83%, 0, 0, 4, 421.26, 1300381, 545
3040, 114, 12, 16, 1, 0, 0.83%, 0, 0, 4, 410.77, 1302423, 545
3046, 114, 15, 16, 1, 0, 0.83%, 0, 0, 4, 427.74, 1304663, 545
3051, 114, 12, 16, 1, 0, 0.83%, 0, 0, 4, 427.69, 1306823, 545
3056, 114, 9, 16, 1, 0, 0.83%, 0, 0, 4, 474.77, 1309298, 545
3061, 115, 11, 16, 1, 0, 0.83%, 0, 0, 4, 442.91, 1311509, 545
3066, 115, 12, 16, 1, 0, 0.83%, 0, 0, 4, 427.40, 1313645, 545
3071, 115, 3, 16, 1, 0, 0.83%, 0, 0, 4, 429.26, 1315791, 545
3076, 115, 12, 16, 1, 0, 0.83%, 0, 0, 4, 427.84, 1318035, 545
3081, 115, 12, 16, 1, 0, 0.83%, 0, 0, 4, 421.55, 1320147, 545
3086, 115, 12, 16, 1, 0, 0.83%, 0, 0, 4, 420.06, 1322267, 545
3091, 116, 12, 16, 1, 0, 0.83%, 0, 0, 4, 419.87, 1324389, 545
3096, 116, 6, 16, 1, 0, 0.83%, 0, 0, 4, 468.97, 1326810, 545
3101, 116, 12, 16, 1, 0, 0.83%, 0, 0, 4, 451.90, 1329064, 545
3107, 116, 15, 16, 1, 0, 0.83%, 0, 0, 4, 429.35, 1331179, 545
3112, 117, 12, 16, 1, 0, 0.83%, 0, 0, 4, 436.11, 1333451, 545
3117, 117, 12, 16, 1, 0, 0.83%, 0, 0, 4, 421.45, 1335613, 545
3122, 117, 12, 16, 1, 0, 0.83%, 0, 0, 4, 430.64, 1337813, 545
3127, 117, 12, 16, 1, 0, 0.83%, 0, 0, 4, 424.87, 1339941, 545
3132, 117, 12, 16, 1, 0, 0.83%, 0, 0, 4, 415.61, 1342023, 545
3137, 117, 15, 16, 1, 0, 0.83%, 0, 0, 4, 418.53, 1344119, 545
3142, 118, 12, 16, 1, 0, 0.83%, 0, 0, 4, 422.08, 1346263, 545
3147, 118, 12, 16, 1, 0, 0.83%, 0, 0, 4, 407.97, 1348313, 545
3152, 118, 12, 16, 1, 0, 0.83%, 0, 0, 4, 420.52, 1350487, 545
3157, 118, 12, 16, 1, 0, 0.83%, 0, 0, 4, 410.53, 1352551, 545
3162, 118, 6, 16, 1, 0, 0.83%, 0, 0, 4, 420.32, 1354671, 545
3167, 119, 3, 16, 1, 0, 0.83%, 0, 0, 4, 423.14, 1356877, 545
3172, 119, 12, 16, 1, 0, 0.83%, 0, 0, 4, 403.53, 1358879, 545
3177, 119, 12, 16, 1, 0, 0.83%, 0, 0, 4, 416.34, 1360989, 545
3182, 119, 11, 16, 1, 0, 0.83%, 0, 0, 4, 414.15, 1363047, 545
3187, 119, 12, 16, 1, 0, 0.83%, 0, 0, 4, 413.60, 1365155, 545
3192, 120, 12, 16, 1, 0, 0.83%, 0, 0, 4, 412.19, 1367219, 545
3197, 120, 15, 16, 1, 0, 0.83%, 0, 0, 4, 418.79, 1369357, 545
3203, 120, 3, 16, 1, 0, 0.83%, 0, 0, 4, 425.50, 1371577, 545
3208, 120, 3, 16, 1, 0, 0.83%, 0, 0, 4, 428.50, 1373721, 545
3213, 120, 12, 16, 1, 0, 0.83%, 0, 0, 4, 427.15, 1375921, 545
3218, 121, 12, 16, 1, 0, 0.83%, 0, 0, 4, 418.34, 1378031, 545
3223, 121, 12, 16, 1, 0, 0.83%, 0, 0, 4, 413.04, 1380189, 545
3228, 121, 12, 16, 1, 0, 0.83%, 0, 0, 4, 410.27, 1382239, 545
3233, 121, 12, 16, 1, 0, 0.83%, 0, 0, 4, 405.28, 1384341, 545
3238, 122, 11, 16, 1, 0, 0.83%, 0, 0, 4, 418.14, 1386439, 545
3243, 122, 12, 16, 1, 0, 0.83%, 0, 0, 4, 422.73, 1388551, 545
3248, 122, 12, 16, 1, 0, 0.83%, 0, 0, 4, 420.15, 1390671, 545
3253, 122, 11, 16, 1, 0, 0.83%, 0, 0, 4, 428.61, 1392815, 545
3258, 122, 10, 16, 1, 0, 0.83%, 0, 0, 4, 419.69, 1394903, 545
3263, 123, 12, 16, 1, 0, 0.83%, 0, 0, 4, 427.25, 1397095, 545
3269, 123, 12, 16, 1, 0, 0.83%, 0, 0, 4, 422.18, 1399303, 545
3274, 123, 12, 16, 1, 0, 0.83%, 0, 0, 4, 419.83, 1401399, 545
3279, 123, 12, 16, 1, 0, 0.83%, 0, 0, 4, 419.45, 1403513, 545
3284, 123, 12, 16, 1, 0, 0.83%, 0, 0, 4, 415.79, 1405593, 545
3289, 124, 12, 16, 1, 0, 0.83%, 0, 0, 4, 426.81, 1407801, 545
3294, 124, 12, 16, 1, 0, 0.83%, 0, 0, 4, 430.51, 1410025, 545
3299, 124, 3, 16, 1, 0, 0.83%, 0, 0, 4, 423.62, 1412239, 545
3304, 124, 15, 16, 1, 0, 0.83%, 0, 0, 4, 437.74, 1414543, 545
3309, 124, 12, 16, 1, 0, 0.83%, 0, 0, 4, 424.45, 1416671, 545
3315, 125, 12, 16, 1, 0, 0.83%, 0, 0, 4, 417.46, 1418775, 545
3320, 125, 12, 16, 1, 0, 0.83%, 0, 0, 4, 424.11, 1420911, 545
3325, 125, 12, 16, 1, 0, 0.83%, 0, 0, 4, 420.42, 1423015, 545
3330, 125, 12, 16, 1, 0, 0.83%, 0, 0, 4, 419.22, 1425199, 545
3335, 125, 9, 16, 1, 0, 0.83%, 0, 0, 4, 460.44, 1427490, 545
3340, 125, 3, 16, 1, 0, 0.83%, 0, 0, 4, 455.56, 1429831, 545
3345, 125, 12, 16, 1, 0, 0.83%, 0, 0, 4, 432.56, 1431989, 545
3350, 126, 12, 16, 1, 0, 0.83%, 0, 0, 4, 425.41, 1434139, 545
3355, 126, 12, 16, 1, 0, 0.83%, 0, 0, 4, 421.13, 1436253, 545
3360, 126, 3, 16, 1, 0, 0.83%, 0, 0, 4, 436.53, 1438461, 545
3365, 126, 12, 16, 1, 0, 0.83%, 0, 0, 4, 426.29, 1440675, 545
3370, 126, 12, 16, 1, 0, 0.83%, 0, 0, 4, 420.16, 1442843, 545
3375, 127, 15, 16, 1, 0, 0.83%, 0, 0, 4, 424.20, 1444965, 545
3381, 127, 11, 16, 1, 0, 0.83%, 0, 0, 4, 426.97, 1447205, 545
3386, 127, 15, 16, 1, 0, 0.83%, 0, 0, 4, 438.15, 1449421, 545
3391, 127, 12, 16, 1, 0, 0.83%, 0, 0, 4, 425.54, 1451581, 545
3396, 127, 12, 16, 1, 0, 0.83%, 0, 0, 4, 420.76, 1453687, 545
3401, 127, 12, 16, 1, 0, 0.83%, 0, 0, 4, 433.79, 1455853, 545
3406, 128, 12, 16, 1, 0, 0.83%, 0, 0, 4, 422.91, 1457959, 545
3411, 128, 12, 16, 1, 0, 0.83%, 0, 0, 4, 434.01, 1460239, 545
3416, 128, 12, 16, 1, 0, 0.83%, 0, 0, 4, 424.67, 1462423, 545
3421, 128, 12, 16, 1, 0, 0.83%, 0, 0, 4, 422.34, 1464535, 545
3426, 128, 12, 16, 1, 0, 0.83%, 0, 0, 4, 420.20, 1466639, 545
3431, 129, 12, 16, 1, 0, 0.83%, 0, 0, 4, 411.55, 1468705, 545
3436, 129, 15, 16, 1, 0, 0.83%, 0, 0, 4, 429.59, 1470861, 545
3441, 129, 12, 16, 1, 0, 0.83%, 0, 0, 4, 423.23, 1473077, 545
3446, 129, 11, 16, 1, 0, 0.83%, 0, 0, 4, 423.09, 1475189, 545
3451, 130, 12, 16, 1, 0, 0.83%, 0, 0, 4, 426.52, 1477357, 545
3457, 130, 12, 16, 1, 0, 0.83%, 0, 0, 4, 427.79, 1479587, 545
3462, 130, 10, 16, 1, 0, 0.83%, 0, 0, 4, 420.42, 1481707, 545
3467, 130, 9, 16, 1, 0, 0.83%, 0, 0, 4, 474.23, 1484193, 545
3472, 130, 12, 16, 1, 0, 0.83%, 0, 0, 4, 439.63, 1486511, 545
3477, 131, 11, 16, 1, 0, 0.83%, 0, 0, 4, 438.54, 1488753, 545
3482, 131, 15, 16, 1, 0, 0.83%, 0, 0, 4, 443.54, 1490977, 545
3487, 131, 11, 16, 1, 0, 0.83%, 0, 0, 4, 433.61, 1493145, 545
3492, 131, 12, 16, 1, 0, 0.83%, 0, 0, 4, 423.63, 1495273, 545
3497, 131, 12, 16, 1, 0, 0.83%, 0, 0, 4, 416.27, 1497371, 545
3502, 132, 12, 16, 1, 0, 0.83%, 0, 0, 4, 422.16, 1499487, 545
3508, 132, 12, 16, 1, 0, 0.83%, 0, 0, 4, 423.12, 1501701, 545
3513, 132, 15, 16, 1, 0, 0.83%, 0, 0, 4, 430.42, 1503917, 545
3518, 132, 12, 16, 1, 0, 0.83%, 0, 0, 4, 431.62, 1506093, 545
3523, 132, 12, 16, 1, 0, 0.83%, 0, 0, 4, 424.55, 1508293, 545
3528, 133, 12, 16, 1, 0, 0.83%, 0, 0, 4, 424.05, 1510435, 545
3533, 133, 12, 16, 1, 0, 0.83%, 0, 0, 4, 421.43, 1512627, 545
3538, 133, 9, 16, 1, 0, 0.83%, 0, 0, 4, 464.17, 1514962, 545
3543, 133, 3, 16, 1, 0, 0.83%, 0, 0, 4, 454.76, 1517291, 545
3548, 133, 12, 16, 1, 0, 0.83%, 0, 0, 4, 438.98, 1519479, 545
3553, 133, 12, 16, 1, 0, 0.83%, 0, 0, 4, 430.09, 1521631, 545
3559, 134, 12, 16, 1, 0, 0.83%, 0, 0, 4, 428.43, 1523839, 545
3564, 134, 12, 16, 1, 0, 0.83%, 0, 0, 4, 413.52, 1525921, 545
3569, 134, 12, 16, 1, 0, 0.83%, 0, 0, 4, 419.09, 1528033, 545
3574, 134, 12, 16, 1, 0, 0.83%, 0, 0, 4, 416.01, 1530123, 545
3579, 135, 12, 16, 1, 0, 0.83%, 0, 0, 4, 436.25, 1532399, 545
3584, 135, 15, 16, 1, 0, 0.83%, 0, 0, 4, 427.96, 1534505, 545
3589, 135, 6, 16, 1, 0, 0.83%, 0, 0, 4, 442.12, 1536703, 545
3594, 135, 12, 16, 1, 0, 0.83%, 0, 0, 4, 429.36, 1538871, 545
3599, 135, 12, 16, 1, 0, 0.83%, 0, 0, 4, 422.60, 1540975, 545
3604, 136, 10, 16, 1, 0, 0.83%, 0, 0, 4, 417.80, 1543071, 545
3609, 136, 12, 16, 1, 0, 0.83%, 0, 0, 4, 414.01, 1545159, 545
3614, 136, 12, 16, 1, 0, 0.83%, 0, 0, 4, 417.79, 1547359, 545
3619, 136, 12, 16, 1, 0, 0.83%, 0, 0, 4, 421.19, 1549497, 545
3625, 136, 12, 16, 1, 0, 0.83%, 0, 0, 4, 417.88, 1551673, 545
3630, 137, 12, 16, 1, 0, 0.83%, 0, 0, 4, 419.75, 1553785, 545
3635, 137, 15, 16, 1, 0, 0.83%, 0, 0, 4, 422.85, 1555907, 545
3640, 137, 15, 16, 1, 0, 0.83%, 0, 0, 4, 431.12, 1558149, 545
3645, 137, 6, 16, 1, 0, 0.83%, 0, 0, 4, 436.38, 1560337, 545
3650, 137, 12, 16, 1, 0, 0.83%, 0, 0, 4, 427.50, 1562521, 545
3655, 138, 12, 16, 1, 0, 0.83%, 0, 0, 4, 418.92, 1564611, 545
3660, 138, 12, 16, 1, 0, 0.83%, 0, 0, 4, 421.78, 1566817, 545
3665, 138, 12, 16, 1, 0, 0.83%, 0, 0, 4, 442.51, 1569073, 545
3670, 138, 12, 16, 1, 0, 0.83%, 0, 0, 4, 444.43, 1571273, 545
3675, 139, 12, 16, 1, 0, 0.83%, 0, 0, 4, 426.71, 1573431, 545
3680, 139, 12, 16, 1, 0, 0.83%, 0, 0, 4, 423.16, 1575553, 545
3686, 139, 12, 16, 1, 0, 0.83%, 0, 0, 4, 417.31, 1577633, 545
3691, 139, 12, 16, 1, 0, 0.83%, 0, 0, 4, 411.96, 1579715, 545
3696, 139, 11, 16, 1, 0, 0.83%, 0, 0, 4, 432.17, 1581881, 545
3701, 140, 12, 16, 1, 0, 0.83%, 0, 0, 4, 419.38, 1583953, 545
3706, 140, 15, 16, 1, 0, 0.83%, 0, 0, 4, 416.50, 1586057, 545
3711, 140, 3, 16, 1, 0, 0.83%, 0, 0, 4, 425.77, 1588283, 545
3716, 140, 12, 16, 1, 0, 0.83%, 0, 0, 4, 427.67, 1590441, 545
3721, 140, 12, 16, 1, 0, 0.83%, 0, 0, 4, 416.03, 1592521, 545
3726, 140, 12, 16, 1, 0, 0.83%, 0, 0, 4, 414.35, 1594635, 545
3731, 141, 12, 16, 1, 0, 0.83%, 0, 0, 4, 427.75, 1596803, 545
3736, 141, 11, 16, 1, 0, 0.83%, 0, 0, 4, 422.76, 1598915, 545
3741, 141, 12, 16, 1, 0, 0.83%, 0, 0, 4, 415.02, 1601027, 545
3746, 141, 9, 16, 1, 0, 0.83%, 0, 0, 4, 475.84, 1603558, 545
3751, 141, 3, 16, 1, 0, 0.83%, 0, 0, 4, 429.74, 1605657, 545
3756, 141, 12, 16, 1, 0, 0.83%, 0, 0, 4, 429.88, 1607839, 545
3761, 142, 12, 16, 1, 0, 0.83%, 0, 0, 4, 412.37, 1609897, 545
3766, 142, 12, 16, 1, 0, 0.83%, 0, 0, 4, 418.09, 1612009, 545
3772, 142, 11, 16, 1, 0, 0.83%, 0, 0, 4, 443.83, 1614297, 545
3777, 142, 12, 16, 1, 0, 0.83%, 0, 0, 4, 427.97, 1616425, 545
3782, 143, 12, 16, 1, 0, 0.83%, 0, 0, 4, 425.53, 1618573, 545
3787, 143, 12, 16, 1, 0, 0.83%, 0, 0, 4, 417.67, 1620647, 545
3792, 143, 12, 16, 1, 0, 0.83%, 0, 0, 4, 416.69, 1622767, 545
3797, 143, 15, 16, 1, 0, 0.83%, 0, 0, 4, 434.96, 1625031, 545
3802, 143, 12, 16, 1, 0, 0.83%, 0, 0, 4, 423.88, 1627173, 545
3807, 143, 12, 16, 1, 0, 0.83%, 0, 0, 4, 416.68, 1629271, 545
3812, 144, 12, 16, 1, 0, 0.83%, 0, 0, 4, 465.52, 1631764, 545
3817, 144, 12, 16, 1, 0, 0.83%, 0, 0, 4, 423.43, 1633861, 545
3822, 144, 10, 16, 1, 0, 0.83%, 0, 0, 4, 447.80, 1636089, 545
3827, 144, 6, 16, 1, 0, 0.83%, 0, 0, 4, 426.47, 1638169, 545
3833, 144, 12, 16, 1, 0, 0.83%, 0, 0, 4, 426.92, 1640417, 545
3838, 145, 12, 16, 1, 0, 0.83%, 0, 0, 4, 440.69, 1642609, 545
3843, 145, 12, 16, 1, 0, 0.83%, 0, 0, 4, 433.13, 1644771, 545
3848, 145, 12, 16, 1, 0, 0.83%, 0, 0, 4, 412.43, 1646819, 545
3853, 145, 6, 16, 1, 0, 0.83%, 0, 0, 4, 435.49, 1648979, 545
3858, 146, 12, 16, 1, 0, 0.83%, 0, 0, 4, 424.66, 1651185, 545
3863, 146, 3, 16, 1, 0, 0.83%, 0, 0, 4, 419.02, 1653275, 545
3868, 146, 12, 16, 1, 0, 0.83%, 0, 0, 4, 423.04, 1655417, 545
3873, 146, 12, 16, 1, 0, 0.83%, 0, 0, 4, 418.62, 1657497, 545
3878, 146, 9, 16, 1, 0, 0.83%, 0, 0, 4, 455.48, 1659764, 545
3883, 146, 3, 16, 1, 0, 0.83%, 0, 0, 4, 450.25, 1662082, 545
3888, 146, 12, 16, 1, 0, 0.83%, 0, 0, 4, 433.83, 1664325, 545
3893, 147, 12, 16, 1, 0, 0.83%, 0, 0, 4, 413.12, 1666413, 545
3898, 147, 12, 16, 1, 0, 0.83%, 0, 0, 4, 415.80, 1668501, 545
3903, 147, 12, 16, 1, 0, 0.83%, 0, 0, 4, 412.52, 1670588, 545
3909, 147, 12, 16, 1, 0, 0.83%, 0, 0, 4, 467.01, 1673110, 545
3914, 147, 12, 16, 1, 0, 0.83%, 0, 0, 4, 440.51, 1675315, 545
3919, 148, 15, 16, 1, 0, 0.83%, 0, 0, 4, 444.39, 1677545, 545
3924, 148, 12, 16, 1, 0, 0.83%, 0, 0, 4, 452.74, 1679831, 545
3929, 148, 12, 16, 1, 0, 0.83%, 0, 0, 4, 424.52, 1681945, 545
3934, 148, 12, 16, 1, 0, 0.83%, 0, 0, 4, 417.51, 1684017, 545
3939, 148, 15, 16, 1, 0, 0.83%, 0, 0, 4, 415.50, 1686185, 545
3944, 148, 15, 16, 1, 0, 0.83%, 0, 0, 4, 437.63, 1688413, 545
3949, 149, 6, 16, 1, 0, 0.83%, 0, 0, 4, 456.59, 1690752, 545
3954, 149, 15, 16, 1, 0, 0.83%, 0, 0, 4, 439.95, 1692933, 545
3959, 149, 12, 16, 1, 0, 0.83%, 0, 0, 4, 416.69, 1695041, 545
3964, 149, 12, 16, 1, 0, 0.83%, 0, 0, 4, 415.84, 1697127, 545
3969, 150, 9, 16, 1, 0, 0.83%, 0, 0, 4, 457.33, 1699477, 545
3974, 150, 12, 16, 1, 0, 0.83%, 0, 0, 4, 452.86, 1701824, 545
3980, 150, 12, 16, 1, 0, 0.83%, 0, 0, 4, 455.26, 1704143, 545
3985, 150, 10, 16, 1, 0, 0.83%, 0, 0, 4, 432.90, 1706345, 545
3990, 150, 9, 16, 1, 0, 0.83%, 0, 0, 4, 478.09, 1708877, 545
3995, 150, 12, 16, 1, 0, 0.83%, 0, 0, 4, 437.33, 1711053, 545
4000, 151, 12, 16, 1, 0, 0.83%, 0, 0, 4, 419.27, 1713141, 545
4005, 151, 12, 16, 1, 0, 0.83%, 0, 0, 4, 415.88, 1715223, 545
4010, 151, 12, 16, 1, 0, 0.83%, 0, 0, 4, 425.01, 1717427, 545
4015, 151, 12, 16, 1, 0, 0.83%, 0, 0, 4, 419.73, 1719541, 545
4020, 152, 12, 16, 1, 0, 0.83%, 0, 0, 4, 424.72, 1721749, 545
4026, 152, 12, 16, 1, 0, 0.83%, 0, 0, 4, 440.87, 1724053, 545
4031, 152, 12, 16, 1, 0, 0.83%, 0, 0, 4, 433.83, 1726245, 545
4036, 152, 12, 16, 1, 0, 0.83%, 0, 0, 4, 419.55, 1728347, 545
4041, 152, 3, 16, 1, 0, 0.83%, 0, 0, 4, 436.06, 1730537, 545
4046, 152, 12, 16, 1, 0, 0.83%, 0, 0, 4, 425.17, 1732659, 545
4051, 153, 12, 16, 1, 0, 0.83%, 0, 0, 4, 420.54, 1734763, 545
4056, 153, 12, 16, 1, 0, 0.83%, 0, 0, 4, 428.68, 1736941, 545
4061, 153, 6, 16, 1, 0, 0.83%, 0, 0, 4, 454.12, 1739253, 545
4066, 153, 10, 16, 1, 0, 0.83%, 0, 0, 4, 432.40, 1741437, 545
4071, 153, 12, 16, 1, 0, 0.83%, 0, 0, 4, 434.52, 1743653, 545
4076, 154, 12, 16, 1, 0, 0.83%, 0, 0, 4, 424.79, 1745819, 545
4081, 154, 6, 16, 1, 0, 0.83%, 0, 0, 4, 440.70, 1748081, 545
4086, 154, 12, 16, 1, 0, 0.83%, 0, 0, 4, 434.20, 1750313, 545
4091, 154, 12, 16, 1, 0, 0.83%, 0, 0, 4, 413.28, 1752371, 545
4096, 155, 12, 16, 1, 0, 0.83%, 0, 0, 4, 418.01, 1754475, 545
4101, 155, 3, 16, 1, 0, 0.83%, 0, 0, 4, 433.30, 1756663, 545
4107, 155, 12, 16, 1, 0, 0.83%, 0, 0, 4, 424.56, 1758857, 545
4112, 155, 6, 16, 1, 0, 0.83%, 0, 0, 4, 445.26, 1761131, 545
4117, 155, 12, 16, 1, 0, 0.83%, 0, 0, 4, 418.32, 1763211, 545
4122, 156, 12, 16, 1, 0, 0.83%, 0, 0, 4, 426.73, 1765459, 545
4127, 156, 12, 16, 1, 0, 0.83%, 0, 0, 4, 436.51, 1767667, 545
4132, 156, 11, 16, 1, 0, 0.83%, 0, 0, 4, 429.47, 1769795, 545
4137, 156, 9, 16, 1, 0, 0.83%, 0, 0, 4, 455.77, 1772139, 545
4142, 156, 12, 16, 1, 0, 0.83%, 0, 0, 4, 452.07, 1774477, 545
4147, 157, 12, 16, 1, 0, 0.83%, 0, 0, 4, 423.19, 1776591, 545
4152, 157, 12, 16, 1, 0, 0.83%, 0, 0, 4, 434.40, 1778789, 545
4157, 157, 12, 16, 1, 0, 0.83%, 0, 0, 4, 414.65, 1780927, 545
4162, 157, 12, 16, 1, 0, 0.83%, 0, 0, 4, 427.54, 1783095, 545
4168, 157, 12, 16, 1, 0, 0.83%, 0, 0, 4, 433.16, 1785231, 545
4173, 157, 15, 16, 1, 0, 0.83%, 0, 0, 4, 432.52, 1787371, 545
4178, 158, 11, 16, 1, 0, 0.83%, 0, 0, 4, 466.94, 1789849, 545
4183, 158, 12, 16, 1, 0, 0.83%, 0, 0, 4, 423.94, 1791943, 545
4188, 158, 12, 16, 1, 0, 0.83%, 0, 0, 4, 385.68, 1793894, 545
4193, 158, 12, 16, 1, 0, 0.83%, 0, 0, 4, 394.98, 1795864, 545
4198, 158, 12, 16, 1, 0, 0.83%, 0, 0, 4, 405.07, 1797904, 545
4203, 158, 11, 16, 1, 0, 0.83%, 0, 0, 4, 415.93, 1800019, 545
