# relative_time, cycles_done, cur_item, corpus_count, pending_total, pending_favs, map_size, saved_crashes, saved_hangs, max_depth, execs_per_sec, total_execs, edges_found
61, 0, 6, 20, 5, 0, 0.94%, 0, 0, 3, 278.81, 15427, 618
66, 0, 10, 21, 6, 0, 0.95%, 0, 0, 3, 250.84, 16717, 620
71, 0, 20, 22, 7, 1, 0.95%, 0, 0, 4, 240.39, 17949, 622
76, 0, 10, 22, 5, 0, 0.95%, 0, 0, 4, 239.95, 19193, 622
81, 0, 21, 22, 5, 0, 0.95%, 0, 0, 4, 235.25, 20409, 622
87, 0, 21, 22, 5, 0, 0.95%, 0, 0, 4, 238.43, 21641, 622
92, 0, 10, 22, 5, 0, 0.95%, 0, 0, 4, 237.67, 22847, 622
97, 1, 10, 22, 5, 0, 0.95%, 0, 0, 4, 249.46, 24113, 622
102, 1, 16, 22, 5, 0, 0.95%, 0, 0, 4, 257.31, 25422, 622
107, 1, 16, 22, 5, 0, 0.95%, 0, 0, 4, 272.14, 26817, 622
112, 1, 6, 22, 5, 0, 0.95%, 0, 0, 4, 294.65, 28299, 622
117, 1, 10, 22, 5, 0, 0.95%, 0, 0, 4, 254.55, 29578, 622
122, 1, 10, 22, 5, 0, 0.95%, 0, 0, 4, 242.66, 30787, 622
127, 1, 11, 22, 5, 0, 0.95%, 0, 0, 4, 270.93, 32243, 622
132, 1, 10, 22, 5, 0, 0.95%, 0, 0, 4, 246.73, 33449, 622
137, 1, 16, 22, 5, 0, 0.95%, 0, 0, 4, 255.07, 34736, 622
142, 1, 16, 22, 5, 0, 0.95%, 0, 0, 4, 271.97, 36121, 622
147, 1, 20, 22, 5, 0, 0.95%, 0, 0, 4, 253.31, 37438, 622
152, 1, 18, 22, 5, 0, 0.95%, 0, 0, 4, 263.00, 38725, 622
158, 1, 18, 22, 5, 0, 0.95%, 0, 0, 4, 272.09, 40084, 622
163, 1, 20, 22, 5, 0, 0.95%, 0, 0, 4, 245.40, 41303, 622
168, 2, 18, 22, 5, 0, 0.95%, 0, 0, 4, 266.84, 42660, 622
173, 2, 10, 22, 5, 0, 0.95%, 0, 0, 4, 256.76, 43991, 622
178, 2, 10, 22, 5, 0, 0.95%, 0, 0, 4, 242.67, 45189, 622
183, 2, 10, 22, 5, 0, 0.95%, 0, 0, 4, 237.62, 46413, 622
188, 2, 3, 22, 5, 0, 0.95%, 0, 0, 4, 265.76, 47751, 622
193, 2, 3, 22, 5, 0, 0.95%, 0, 0, 4, 274.08, 49146, 622
198, 2, 10, 22, 5, 0, 0.95%, 0, 0, 4, 245.34, 50339, 622
203, 2, 10, 22, 5, 0, 0.95%, 0, 0, 4, 250.11, 51664, 622
208, 2, 3, 22, 5, 0, 0.95%, 0, 0, 4, 264.17, 52981, 622
213, 2, 3, 22, 5, 0, 0.95%, 0, 0, 4, 271.45, 54396, 622
218, 2, 10, 22, 5, 0, 0.95%, 0, 0, 4, 244.81, 55595, 622
224, 2, 10, 22, 5, 0, 0.95%, 0, 0, 4, 234.17, 56801, 622
229, 2, 10, 22, 5, 0, 0.95%, 0, 0, 4, 253.80, 58103, 622
234, 2, 10, 22, 5, 0, 0.95%, 0, 0, 4, 239.43, 59333, 622
239, 3, 10, 22, 5, 0, 0.95%, 0, 0, 4, 237.13, 60565, 622
244, 3, 10, 22, 5, 0, 0.95%, 0, 0, 4, 238.36, 61809, 622
249, 3, 6, 22, 5, 0, 0.95%, 0, 0, 4, 266.10, 63164, 622
255, 3, 10, 22, 5, 0, 0.95%, 0, 0, 4, 241.97, 64395, 622
260, 3, 11, 22, 5, 0, 0.95%, 0, 0, 4, 260.94, 65719, 622
265, 3, 20, 22, 5, 0, 0.95%, 0, 0, 4, 242.51, 66953, 622
270, 3, 10, 22, 5, 0, 0.95%, 0, 0, 4, 238.79, 68175, 622
275, 3, 18, 22, 5, 0, 0.95%, 0, 0, 4, 266.13, 69529, 622
280, 3, 10, 22, 5, 0, 0.95%, 0, 0, 4, 246.55, 70743, 622
285, 3, 20, 22, 5, 0, 0.95%, 0, 0, 4, 242.14, 71991, 622
290, 3, 3, 22, 5, 0, 0.95%, 0, 0, 4, 237.63, 73173, 622
296, 3, 3, 22, 5, 0, 0.95%, 0, 0, 4, 265.44, 74576, 622
301, 3, 6, 22, 5, 0, 0.95%, 0, 0, 4, 283.44, 76043, 622
306, 4, 10, 22, 5, 0, 0.95%, 0, 0, 4, 255.64, 77347, 622
311, 4, 11, 22, 5, 0, 0.95%, 0, 0, 4, 259.76, 78656, 622
316, 4, 10, 22, 5, 0, 0.95%, 0, 0, 4, 243.23, 79897, 622
321, 4, 10, 22, 5, 0, 0.95%, 0, 0, 4, 237.80, 81125, 622
326, 4, 10, 22, 5, 0, 0.95%, 0, 0, 4, 238.20, 82361, 622
332, 4, 20, 22, 5, 0, 0.95%, 0, 0, 4, 237.80, 83589, 622
337, 4, 10, 22, 5, 0, 0.95%, 0, 0, 4, 237.19, 84819, 622
342, 4, 21, 22, 5, 0, 0.95%, 0, 0, 4, 239.67, 86019, 622
347, 4, 21, 22, 5, 0, 0.95%, 0, 0, 4, 240.14, 87259, 622
352, 4, 10, 22, 5, 0, 0.95%, 0, 0, 4, 239.82, 88465, 622
357, 4, 20, 22, 5, 0, 0.95%, 0, 0, 4, 234.17, 89631, 622
362, 4, 10, 22, 5, 0, 0.95%, 0, 0, 4, 256.71, 90951, 622
367, 4, 10, 22, 5, 0, 0.95%, 0, 0, 4, 241.46, 92145, 622
372, 5, 10, 22, 5, 0, 0.95%, 0, 0, 4, 249.04, 93435, 622
377, 5, 20, 22, 5, 0, 0.95%, 0, 0, 4, 240.99, 94669, 622
383, 5, 11, 22, 5, 0, 0.95%, 0, 0, 4, 238.24, 95903, 622
388, 5, 20, 22, 5, 0, 0.95%, 0, 0, 4, 239.73, 97141, 622
393, 5, 16, 22, 5, 0, 0.95%, 0, 0, 4, 252.99, 98436, 622
398, 5, 16, 22, 5, 0, 0.95%, 0, 0, 4, 269.28, 99856, 622
403, 5, 11, 22, 5, 0, 0.95%, 0, 0, 4, 247.19, 101095, 622
408, 5, 21, 22, 5, 0, 0.95%, 0, 0, 4, 237.46, 102315, 622
414, 5, 21, 22, 5, 0, 0.95%, 0, 0, 4, 236.86, 103539, 622
419, 5, 10, 22, 5, 0, 0.95%, 0, 0, 4, 236.47, 104773, 622
424, 5, 18, 22, 5, 0, 0.95%, 0, 0, 4, 251.45, 105997, 622
429, 5, 10, 22, 5, 0, 0.95%, 0, 0, 4, 267.70, 107322, 622
434, 5, 21, 22, 5, 0, 0.95%, 0, 0, 4, 247.32, 108573, 622
439, 5, 21, 22, 5, 0, 0.95%, 0, 0, 4, 241.95, 109809, 622
444, 5, 18, 22, 5, 0, 0.95%, 0, 0, 4, 257.56, 111116, 622
449, 5, 10, 22, 5, 0, 0.95%, 0, 0, 4, 243.83, 112389, 622
455, 5, 10, 22, 5, 0, 0.95%, 0, 0, 4, 239.50, 113629, 622
460, 6, 10, 22, 4, 0, 0.95%, 0, 0, 4, 218.36, 114706, 622
465, 6, 10, 22, 4, 0, 0.95%, 0, 0, 4, 232.55, 115890, 622
470, 6, 10, 22, 4, 0, 0.95%, 0, 0, 4, 234.46, 117110, 622
475, 6, 10, 22, 4, 0, 0.95%, 0, 0, 4, 231.14, 118294, 622
480, 6, 10, 22, 4, 0, 0.95%, 0, 0, 4, 214.77, 119358, 622
485, 6, 21, 22, 4, 0, 0.95%, 0, 0, 4, 228.25, 120548, 622
491, 6, 17, 22, 4, 0, 0.95%, 0, 0, 4, 229.69, 121726, 622
496, 6, 10, 22, 4, 0, 0.95%, 0, 0, 4, 235.94, 122974, 622
501, 6, 10, 22, 4, 0, 0.95%, 0, 0, 4, 237.40, 124180, 622
506, 6, 21, 22, 4, 0, 0.95%, 0, 0, 4, 238.50, 125414, 622
511, 6, 10, 22, 4, 0, 0.95%, 0, 0, 4, 242.03, 126662, 622
516, 6, 10, 22, 4, 0, 0.95%, 0, 0, 4, 239.15, 127894, 622
521, 7, 10, 22, 4, 0, 0.95%, 0, 0, 4, 238.23, 129130, 622
527, 7, 10, 22, 4, 0, 0.95%, 0, 0, 4, 238.82, 130366, 622
532, 7, 6, 22, 4, 0, 0.95%, 0, 0, 4, 280.23, 131784, 622
537, 7, 10, 22, 4, 0, 0.95%, 0, 0, 4, 248.53, 133006, 622
542, 7, 10, 22, 4, 0, 0.95%, 0, 0, 4, 244.69, 134220, 622
547, 7, 10, 22, 4, 0, 0.95%, 0, 0, 4, 251.01, 135550, 622
552, 7, 10, 22, 4, 0, 0.95%, 0, 0, 4, 236.46, 136762, 622
557, 7, 10, 22, 4, 0, 0.95%, 0, 0, 4, 233.33, 137918, 622
562, 7, 10, 22, 4, 0, 0.95%, 0, 0, 4, 236.50, 139154, 622
567, 7, 18, 22, 4, 0, 0.95%, 0, 0, 4, 252.10, 140440, 622
572, 7, 10, 22, 4, 0, 0.95%, 0, 0, 4, 248.12, 141736, 622
578, 8, 10, 22, 4, 0, 0.95%, 0, 0, 4, 256.46, 143066, 622
583, 8, 10, 22, 4, 0, 0.95%, 0, 0, 4, 242.41, 144260, 622
588, 8, 10, 22, 4, 0, 0.95%, 0, 0, 4, 238.46, 145492, 622
593, 8, 10, 22, 4, 0, 0.95%, 0, 0, 4, 265.27, 146820, 622
598, 8, 10, 22, 3, 0, 0.95%, 0, 0, 4, 266.47, 148143, 622
603, 8, 10, 22, 3, 0, 0.95%, 0, 0, 4, 243.86, 149332, 622
608, 8, 10, 22, 3, 0, 0.95%, 0, 0, 4, 241.02, 150580, 622
613, 8, 9, 22, 3, 0, 0.95%, 0, 0, 4, 265.87, 151978, 622
618, 8, 10, 22, 3, 0, 0.95%, 0, 0, 4, 245.08, 153242, 622
623, 8, 20, 22, 3, 0, 0.95%, 0, 0, 4, 232.84, 154390, 622
628, 8, 18, 22, 3, 0, 0.95%, 0, 0, 4, 246.41, 155658, 622
634, 8, 10, 22, 3, 0, 0.95%, 0, 0, 4, 247.84, 156954, 622
639, 9, 10, 22, 3, 0, 0.95%, 0, 0, 4, 237.57, 158170, 622
644, 9, 10, 22, 3, 0, 0.95%, 0, 0, 4, 237.00, 159358, 622
649, 9, 20, 22, 3, 0, 0.95%, 0, 0, 4, 253.68, 160715, 622
654, 9, 10, 22, 3, 0, 0.95%, 0, 0, 4, 264.15, 162086, 622
659, 9, 18, 22, 3, 0, 0.95%, 0, 0, 4, 260.61, 163390, 622
664, 9, 10, 22, 3, 0, 0.95%, 0, 0, 4, 287.27, 164891, 622
669, 9, 10, 22, 3, 0, 0.95%, 0, 0, 4, 248.19, 166090, 622
675, 9, 10, 22, 3, 0, 0.95%, 0, 0, 4, 239.96, 167322, 622
680, 9, 10, 22, 3, 0, 0.95%, 0, 0, 4, 238.35, 168518, 622
685, 9, 10, 22, 3, 0, 0.95%, 0, 0, 4, 220.81, 169666, 622
690, 9, 10, 22, 3, 0, 0.95%, 0, 0, 4, 221.53, 170814, 622
695, 10, 10, 22, 3, 0, 0.95%, 0, 0, 4, 250.89, 172155, 622
700, 10, 10, 22, 3, 0, 0.95%, 0, 0, 4, 238.31, 173338, 622
705, 10, 21, 23, 4, 0, 0.95%, 0, 0, 5, 251.17, 174646, 624
710, 10, 21, 23, 4, 0, 0.95%, 0, 0, 5, 239.76, 175874, 624
716, 10, 22, 25, 6, 1, 0.95%, 0, 0, 6, 255.38, 177160, 624
721, 10, 22, 25, 6, 1, 0.95%, 0, 0, 6, 278.11, 178630, 624
726, 10, 22, 25, 6, 1, 0.95%, 0, 0, 6, 290.86, 180145, 624
731, 10, 22, 25, 6, 1, 0.95%, 0, 0, 6, 296.45, 181690, 624
736, 10, 22, 25, 6, 1, 0.95%, 0, 0, 6, 295.10, 183205, 624
742, 10, 22, 25, 6, 1, 0.95%, 0, 0, 6, 298.14, 184755, 624
747, 10, 22, 25, 6, 1, 0.95%, 0, 0, 6, 296.78, 186280, 624
752, 10, 22, 25, 6, 1, 0.95%, 0, 0, 6, 289.63, 187775, 624
757, 10, 22, 25, 6, 1, 0.95%, 0, 0, 6, 294.35, 189280, 624
762, 10, 22, 25, 6, 1, 0.95%, 0, 0, 6, 296.32, 190815, 624
767, 10, 22, 25, 6, 1, 0.95%, 0, 0, 6, 295.72, 192340, 624
772, 10, 18, 25, 5, 0, 0.95%, 0, 0, 6, 273.23, 193726, 624
777, 10, 6, 25, 5, 0, 0.95%, 0, 0, 6, 273.18, 195085, 624
783, 10, 10, 25, 5, 0, 0.95%, 0, 0, 6, 249.13, 196324, 624
788, 10, 10, 25, 5, 0, 0.95%, 0, 0, 6, 266.05, 197680, 624
793, 10, 6, 25, 5, 0, 0.95%, 0, 0, 6, 250.68, 198952, 624
798, 10, 10, 25, 5, 0, 0.95%, 0, 0, 6, 247.96, 200244, 624
803, 10, 21, 25, 5, 0, 0.95%, 0, 0, 6, 243.18, 201456, 624
808, 10, 10, 25, 5, 0, 0.95%, 0, 0, 6, 238.03, 202692, 624
813, 10, 10, 25, 5, 0, 0.95%, 0, 0, 6, 237.11, 203880, 624
818, 11, 10, 25, 5, 0, 0.95%, 0, 0, 6, 230.05, 205068, 624
823, 11, 6, 25, 5, 0, 0.95%, 0, 0, 6, 259.21, 206348, 624
829, 11, 10, 25, 5, 0, 0.95%, 0, 0, 6, 242.80, 207600, 624
834, 11, 10, 25, 5, 0, 0.95%, 0, 0, 6, 238.35, 208790, 624
839, 11, 6, 25, 5, 0, 0.95%, 0, 0, 6, 247.45, 210058, 624
844, 11, 22, 25, 5, 0, 0.95%, 0, 0, 6, 287.23, 211604, 624
849, 11, 22, 25, 5, 0, 0.95%, 0, 0, 6, 293.97, 213124, 624
854, 11, 22, 25, 5, 0, 0.95%, 0, 0, 6, 296.14, 214664, 624
859, 11, 22, 25, 5, 0, 0.95%, 0, 0, 6, 295.04, 216184, 624
865, 11, 22, 25, 5, 0, 0.95%, 0, 0, 6, 295.27, 217709, 624
870, 11, 22, 25, 5, 0, 0.95%, 0, 0, 6, 296.96, 219234, 624
875, 11, 22, 25, 5, 0, 0.95%, 0, 0, 6, 293.69, 220744, 624
880, 11, 22, 25, 5, 0, 0.95%, 0, 0, 6, 292.14, 222259, 624
885, 11, 22, 25, 5, 0, 0.95%, 0, 0, 6, 289.16, 223684, 624
890, 11, 22, 25, 5, 0, 0.95%, 0, 0, 6, 295.33, 225214, 624
895, 11, 22, 25, 5, 0, 0.95%, 0, 0, 6, 290.11, 226719, 624
901, 11, 22, 25, 5, 0, 0.95%, 0, 0, 6, 295.20, 228244, 624
906, 11, 0, 25, 5, 0, 0.95%, 0, 0, 6, 270.18, 229665, 624
911, 11, 26, 27, 6, 2, 0.97%, 0, 0, 6, 258.18, 230967, 634
916, 11, 26, 27, 6, 2, 0.97%, 0, 0, 6, 263.19, 232330, 634
921, 11, 10, 27, 5, 1, 0.97%, 0, 0, 6, 251.90, 233603, 634
926, 11, 25, 27, 5, 1, 0.97%, 0, 0, 6, 266.83, 234936, 634
931, 11, 10, 27, 4, 0, 0.97%, 0, 0, 6, 262.36, 236294, 634
936, 11, 10, 27, 4, 0, 0.97%, 0, 0, 6, 240.58, 237470, 634
941, 11, 21, 27, 4, 0, 0.97%, 0, 0, 6, 238.31, 238694, 634
946, 11, 10, 27, 4, 0, 0.97%, 0, 0, 6, 234.35, 239874, 634
951, 11, 22, 27, 4, 0, 0.97%, 0, 0, 6, 253.55, 241118, 634
956, 11, 22, 27, 4, 0, 0.97%, 0, 0, 6, 289.96, 242663, 634
962, 11, 22, 27, 4, 0, 0.97%, 0, 0, 6, 295.66, 244203, 634
967, 11, 10, 27, 4, 0, 0.97%, 0, 0, 6, 278.56, 245657, 634
972, 11, 10, 27, 4, 0, 0.97%, 0, 0, 6, 248.59, 246874, 634
977, 11, 10, 27, 4, 0, 0.97%, 0, 0, 6, 239.45, 248110, 634
982, 12, 10, 27, 4, 0, 0.97%, 0, 0, 6, 252.64, 249439, 634
987, 12, 10, 27, 4, 0, 0.97%, 0, 0, 6, 240.70, 250632, 634
992, 12, 10, 27, 4, 0, 0.97%, 0, 0, 6, 233.75, 251840, 634
997, 12, 10, 27, 4, 0, 0.97%, 0, 0, 6, 232.29, 253052, 634
1003, 12, 10, 27, 4, 0, 0.97%, 0, 0, 6, 231.37, 254252, 634
1008, 12, 10, 27, 4, 0, 0.97%, 0, 0, 6, 240.26, 255486, 634
1013, 12, 10, 27, 4, 0, 0.97%, 0, 0, 6, 226.27, 256650, 634
1018, 12, 26, 27, 4, 0, 0.97%, 0, 0, 6, 237.35, 257834, 634
1023, 12, 26, 27, 4, 0, 0.97%, 0, 0, 6, 261.82, 259219, 634
1028, 12, 26, 27, 4, 0, 0.97%, 0, 0, 6, 263.71, 260594, 634
1033, 12, 26, 37, 14, 0, 0.97%, 1, 0, 6, 254.29, 261892, 634
1038, 12, 26, 40, 17, 0, 0.97%, 1, 0, 6, 257.88, 263193, 634
1044, 12, 26, 40, 17, 0, 0.97%, 1, 0, 6, 264.48, 264573, 634
1049, 12, 26, 40, 17, 0, 0.97%, 1, 0, 6, 264.74, 265908, 634
1054, 12, 26, 40, 17, 0, 0.97%, 2, 0, 6, 265.64, 267283, 634
1059, 12, 26, 40, 17, 0, 0.97%, 2, 0, 6, 263.97, 268608, 634
1064, 12, 26, 40, 17, 0, 0.97%, 2, 0, 6, 265.29, 269938, 634
1069, 12, 26, 40, 17, 0, 0.97%, 2, 0, 6, 265.50, 271268, 634
1074, 12, 26, 40, 17, 0, 0.97%, 2, 0, 6, 263.65, 272593, 634
1079, 12, 26, 40, 17, 0, 0.97%, 2, 0, 6, 255.75, 273888, 634
1084, 12, 26, 40, 17, 0, 0.97%, 2, 0, 6, 257.89, 275188, 634
1089, 12, 26, 40, 17, 0, 0.97%, 2, 0, 6, 264.29, 276513, 634
1094, 12, 26, 40, 17, 0, 0.97%, 2, 0, 6, 264.27, 277883, 634
1099, 12, 26, 40, 17, 0, 0.97%, 2, 0, 6, 264.55, 279208, 634
1104, 12, 26, 40, 17, 0, 0.97%, 2, 0, 6, 263.57, 280533, 634
1109, 12, 26, 40, 17, 0, 0.97%, 2, 0, 6, 259.37, 281838, 634
1114, 12, 26, 40, 17, 0, 0.97%, 2, 0, 6, 262.58, 283168, 634
1120, 12, 26, 40, 17, 0, 0.97%, 2, 0, 6, 260.85, 284523, 634
1125, 12, 26, 40, 17, 0, 0.97%, 2, 0, 6, 261.88, 285843, 634
1130, 12, 10, 40, 17, 0, 0.97%, 2, 0, 6, 238.18, 287068, 634
1135, 12, 10, 40, 17, 0, 0.97%, 2, 0, 6, 233.79, 288276, 634
1140, 12, 6, 40, 17, 0, 0.97%, 2, 0, 6, 281.28, 289767, 634
1145, 12, 10, 40, 17, 0, 0.97%, 2, 0, 6, 243.40, 291000, 634
1151, 12, 10, 40, 17, 0, 0.97%, 2, 0, 6, 231.73, 292180, 634
1156, 12, 10, 40, 17, 0, 0.97%, 2, 0, 6, 232.23, 293380, 634
1161, 12, 10, 40, 17, 0, 0.97%, 2, 0, 6, 228.96, 294564, 634
1166, 12, 10, 40, 17, 0, 0.97%, 2, 0, 6, 233.34, 295732, 634
1171, 12, 10, 40, 17, 0, 0.97%, 2, 0, 6, 231.07, 296888, 634
1176, 12, 21, 40, 17, 0, 0.97%, 2, 0, 6, 229.32, 298030, 634
1181, 12, 16, 40, 17, 0, 0.97%, 2, 0, 6, 238.95, 299252, 634
1186, 12, 16, 40, 17, 0, 0.97%, 2, 0, 6, 256.68, 300567, 634
1191, 12, 10, 40, 17, 0, 0.97%, 2, 0, 6, 263.45, 301897, 634
1196, 13, 10, 40, 17, 0, 0.97%, 2, 0, 6, 237.21, 303054, 634
1201, 13, 10, 40, 17, 0, 0.97%, 2, 0, 6, 229.83, 304202, 634
1207, 13, 10, 40, 17, 0, 0.97%, 2, 0, 6, 226.79, 305344, 634
1212, 13, 10, 40, 17, 0, 0.97%, 2, 0, 6, 220.36, 306492, 634
1217, 13, 10, 40, 17, 0, 0.97%, 2, 0, 6, 226.06, 307628, 634
1222, 13, 10, 40, 17, 0, 0.97%, 2, 0, 6, 226.60, 308808, 634
1227, 13, 25, 40, 17, 0, 0.97%, 2, 0, 6, 247.74, 310092, 634
1232, 13, 25, 40, 17, 0, 0.97%, 2, 0, 6, 264.38, 311473, 634
1237, 13, 25, 40, 17, 0, 0.97%, 2, 0, 6, 266.23, 312808, 634
1242, 13, 25, 40, 17, 0, 0.97%, 3, 0, 6, 263.93, 314128, 634
1247, 13, 10, 40, 17, 0, 0.97%, 3, 0, 6, 241.11, 315340, 634
1253, 13, 10, 40, 17, 0, 0.97%, 3, 0, 6, 231.95, 316532, 634
1258, 13, 10, 40, 17, 0, 0.97%, 3, 0, 6, 225.60, 317708, 634
1263, 13, 18, 40, 17, 0, 0.97%, 3, 0, 6, 233.36, 318880, 634
1268, 13, 10, 40, 17, 0, 0.97%, 3, 0, 6, 247.65, 320240, 634
1273, 13, 9, 40, 17, 0, 0.97%, 3, 0, 6, 256.97, 321577, 634
1278, 13, 9, 40, 17, 0, 0.97%, 3, 0, 6, 254.27, 322857, 634
1283, 13, 10, 40, 17, 0, 0.97%, 4, 0, 6, 234.52, 324012, 634
1288, 13, 10, 40, 17, 0, 0.97%, 4, 0, 6, 230.67, 325160, 634
1293, 13, 10, 40, 17, 0, 0.97%, 4, 0, 6, 228.63, 326316, 634
1298, 13, 10, 40, 17, 0, 0.97%, 4, 0, 6, 244.61, 327618, 634
1304, 13, 22, 41, 18, 0, 0.97%, 4, 0, 6, 261.10, 328949, 634
1309, 13, 22, 41, 18, 0, 0.97%, 4, 0, 6, 276.62, 330399, 634
1314, 13, 22, 41, 18, 0, 0.97%, 4, 0, 6, 277.27, 331804, 634
1319, 13, 22, 41, 18, 0, 0.97%, 4, 0, 6, 276.17, 333199, 634
1324, 13, 22, 41, 18, 0, 0.97%, 4, 0, 6, 280.57, 334609, 634
1329, 13, 22, 41, 18, 0, 0.97%, 4, 0, 6, 281.41, 336029, 634
1334, 13, 22, 41, 18, 0, 0.97%, 4, 0, 6, 280.41, 337444, 634
1339, 13, 16, 41, 18, 0, 0.97%, 4, 0, 6, 265.53, 338807, 634
1344, 13, 22, 41, 18, 0, 0.97%, 4, 0, 6, 265.06, 340123, 634
1349, 13, 22, 41, 18, 0, 0.97%, 4, 0, 6, 277.35, 341538, 634
1354, 13, 10, 41, 18, 0, 0.97%, 4, 0, 6, 271.91, 342970, 634
1360, 13, 10, 41, 18, 0, 0.97%, 4, 0, 6, 240.96, 344142, 634
1365, 13, 10, 41, 18, 0, 0.97%, 4, 0, 6, 235.87, 345350, 634
1370, 13, 22, 41, 18, 0, 0.97%, 4, 0, 6, 262.11, 346710, 634
1375, 13, 22, 41, 18, 0, 0.97%, 4, 0, 6, 277.51, 348120, 634
1380, 13, 10, 41, 18, 0, 0.97%, 4, 0, 6, 267.92, 349482, 634
1385, 13, 10, 41, 18, 0, 0.97%, 4, 0, 6, 273.89, 350839, 634
1390, 14, 10, 41, 18, 0, 0.97%, 4, 0, 6, 257.28, 352101, 634
1395, 14, 10, 41, 18, 0, 0.97%, 4, 0, 6, 238.26, 353320, 634
1400, 14, 10, 41, 18, 0, 0.97%, 4, 0, 6, 234.81, 354540, 634
1405, 14, 10, 41, 18, 0, 0.97%, 4, 0, 6, 230.75, 355696, 634
1411, 14, 26, 41, 18, 0, 0.97%, 4, 0, 6, 249.86, 356994, 634
1416, 14, 26, 41, 18, 0, 0.97%, 4, 0, 6, 257.41, 358300, 634
1421, 14, 26, 41, 18, 0, 0.97%, 4, 0, 6, 262.54, 359675, 634
1426, 14, 26, 41, 18, 0, 0.97%, 4, 0, 6, 263.16, 360990, 634
1431, 14, 10, 41, 18, 0, 0.97%, 4, 0, 6, 242.51, 362198, 634
1436, 14, 11, 41, 18, 0, 0.97%, 4, 0, 6, 236.14, 363378, 634
1441, 14, 18, 41, 18, 0, 0.97%, 4, 0, 6, 280.88, 364808, 634
1446, 14, 10, 41, 18, 0, 0.97%, 4, 0, 6, 245.39, 366028, 634
1451, 14, 10, 41, 18, 0, 0.97%, 4, 0, 6, 262.20, 367427, 634
1456, 14, 10, 41, 18, 0, 0.97%, 4, 0, 6, 240.77, 368610, 634
1461, 14, 10, 41, 18, 0, 0.97%, 4, 0, 6, 236.32, 369830, 634
1466, 14, 10, 41, 18, 0, 0.97%, 4, 0, 6, 233.73, 370998, 634
1472, 14, 10, 41, 18, 0, 0.97%, 4, 0, 6, 232.30, 372198, 634
1477, 14, 10, 41, 18, 0, 0.97%, 4, 0, 6, 251.77, 373505, 634
1482, 14, 18, 41, 18, 0, 0.97%, 4, 0, 6, 256.16, 374774, 634
1487, 14, 10, 41, 18, 0, 0.97%, 4, 0, 6, 246.23, 376046, 634
1492, 14, 11, 41, 18, 0, 0.97%, 4, 0, 6, 235.18, 377202, 634
1497, 14, 10, 41, 18, 0, 0.97%, 4, 0, 6, 237.33, 378398, 634
1502, 14, 10, 41, 18, 0, 0.97%, 4, 0, 6, 233.12, 379602, 634
1507, 14, 10, 41, 18, 0, 0.97%, 4, 0, 6, 255.93, 380963, 634
1512, 15, 9, 41, 18, 0, 0.97%, 4, 0, 6, 252.55, 382237, 634
1517, 15, 9, 41, 18, 0, 0.97%, 4, 0, 6, 261.21, 383562, 634
1522, 15, 10, 41, 18, 0, 0.97%, 4, 0, 6, 249.46, 384818, 634
1527, 15, 28, 41, 18, 0, 0.97%, 4, 0, 6, 263.35, 386235, 634
1533, 15, 10, 41, 17, 0, 0.97%, 4, 0, 6, 265.19, 387647, 634
1538, 15, 10, 41, 17, 0, 0.97%, 4, 0, 6, 238.50, 388854, 634
1543, 15, 10, 41, 17, 0, 0.97%, 4, 0, 6, 227.56, 390014, 634
1548, 15, 10, 41, 17, 0, 0.97%, 4, 0, 6, 234.50, 391242, 634
1553, 15, 25, 41, 17, 0, 0.97%, 4, 0, 6, 249.77, 392526, 634
1559, 15, 25, 41, 17, 0, 0.97%, 4, 0, 6, 264.80, 393918, 634
1564, 15, 10, 41, 17, 0, 0.97%, 4, 0, 6, 248.79, 395184, 634
1569, 15, 25, 41, 17, 0, 0.97%, 4, 0, 6, 269.27, 396588, 634
1574, 15, 25, 41, 17, 0, 0.97%, 5, 0, 6, 267.94, 397928, 634
1579, 15, 10, 41, 17, 0, 0.97%, 5, 0, 6, 244.57, 399156, 634
1584, 15, 25, 41, 17, 0, 0.97%, 5, 0, 6, 242.12, 400392, 634
1589, 15, 25, 41, 17, 0, 0.97%, 5, 0, 6, 265.14, 401750, 634
1594, 15, 10, 41, 17, 0, 0.97%, 5, 0, 6, 259.40, 403076, 634
1599, 15, 10, 41, 17, 0, 0.97%, 5, 0, 6, 238.80, 404242, 634
1604, 15, 10, 41, 17, 0, 0.97%, 5, 0, 6, 231.63, 405406, 634
1609, 15, 18, 41, 17, 0, 0.97%, 5, 0, 6, 241.79, 406590, 634
1614, 15, 21, 41, 17, 0, 0.97%, 5, 0, 6, 245.70, 407886, 634
1619, 15, 21, 41, 17, 0, 0.97%, 5, 0, 6, 238.83, 409066, 634
1624, 15, 10, 41, 17, 0, 0.97%, 5, 0, 6, 236.48, 410288, 634
1629, 15, 10, 41, 17, 0, 0.97%, 5, 0, 6, 234.18, 411504, 634
1634, 15, 10, 41, 17, 0, 0.97%, 5, 0, 6, 236.47, 412692, 634
1639, 15, 40, 41, 17, 0, 0.97%, 5, 0, 6, 252.37, 413935, 634
1644, 15, 40, 41, 17, 0, 0.97%, 5, 0, 6, 297.63, 415484, 634
1650, 15, 40, 41, 17, 0, 0.97%, 5, 0, 6, 304.79, 417041, 634
1655, 15, 25, 41, 16, 0, 0.97%, 5, 0, 6, 270.60, 418412, 634
1660, 15, 25, 41, 16, 0, 0.97%, 5, 0, 6, 274.86, 419837, 634
1665, 15, 25, 41, 16, 0, 0.97%, 5, 0, 6, 262.50, 421138, 634
1670, 15, 25, 41, 16, 0, 0.97%, 5, 0, 6, 264.70, 422518, 634
1675, 15, 10, 41, 16, 0, 0.97%, 5, 0, 6, 248.48, 423814, 634
1680, 15, 10, 41, 16, 0, 0.97%, 5, 0, 6, 231.98, 424953, 634
1685, 16, 10, 41, 16, 0, 0.97%, 5, 0, 6, 230.69, 426149, 634
1691, 16, 18, 41, 16, 0, 0.97%, 5, 0, 6, 248.21, 427401, 634
1696, 16, 10, 41, 16, 0, 0.97%, 5, 0, 6, 248.79, 428711, 634
1701, 16, 10, 41, 16, 0, 0.97%, 5, 0, 6, 235.02, 429919, 634
1706, 16, 18, 41, 16, 0, 0.97%, 5, 0, 6, 256.41, 431179, 634
1711, 16, 10, 41, 16, 0, 0.97%, 5, 0, 6, 259.39, 432499, 634
1716, 16, 18, 41, 16, 0, 0.97%, 5, 0, 6, 265.16, 433811, 634
1721, 16, 18, 41, 16, 0, 0.97%, 5, 0, 6, 265.46, 435088, 634
1726, 16, 26, 41, 16, 0, 0.97%, 5, 0, 6, 265.63, 436473, 634
1731, 16, 26, 42, 17, 0, 0.97%, 5, 0, 6, 254.79, 437791, 634
1737, 16, 26, 42, 17, 0, 0.97%, 5, 0, 6, 241.36, 439003, 634
1742, 16, 26, 42, 17, 0, 0.97%, 5, 0, 6, 256.06, 440346, 634
1747, 16, 10, 42, 17, 0, 0.97%, 5, 0, 6, 235.91, 441521, 634
1752, 16, 10, 42, 17, 0, 0.97%, 5, 0, 6, 222.52, 442637, 634
1757, 16, 10, 42, 17, 0, 0.97%, 5, 0, 6, 241.72, 443839, 634
1762, 16, 10, 42, 17, 0, 0.97%, 5, 0, 6, 227.40, 444945, 634
1767, 16, 10, 42, 17, 0, 0.97%, 5, 0, 6, 226.54, 446118, 634
1772, 16, 10, 42, 17, 0, 0.97%, 5, 0, 6, 224.93, 447281, 634
1777, 16, 10, 42, 17, 0, 0.97%, 5, 0, 6, 223.59, 448397, 634
1783, 16, 10, 42, 17, 0, 0.97%, 5, 0, 6, 225.56, 449565, 634
1788, 16, 25, 42, 17, 0, 0.97%, 5, 0, 6, 245.79, 450825, 634
1793, 16, 25, 42, 17, 0, 0.97%, 5, 0, 6, 266.55, 452178, 634
1798, 16, 18, 42, 17, 0, 0.97%, 5, 0, 6, 279.38, 453579, 634
1803, 16, 10, 42, 17, 0, 0.97%, 5, 0, 6, 236.54, 454785, 634
1808, 16, 6, 42, 17, 0, 0.97%, 5, 0, 6, 244.68, 456031, 634
1813, 16, 10, 42, 17, 0, 0.97%, 5, 0, 6, 235.02, 457271, 634
1819, 16, 25, 42, 17, 0, 0.97%, 5, 0, 6, 258.74, 458643, 634
1824, 16, 25, 42, 17, 0, 0.97%, 5, 0, 6, 269.86, 460003, 634
1829, 16, 22, 42, 17, 0, 0.97%, 5, 0, 6, 274.66, 461434, 634
1834, 16, 22, 42, 17, 0, 0.97%, 5, 0, 6, 281.91, 462894, 634
1839, 17, 21, 42, 17, 0, 0.97%, 5, 0, 6, 250.31, 464119, 634
1844, 17, 11, 42, 17, 0, 0.97%, 5, 0, 6, 237.95, 465301, 634
1849, 17, 10, 42, 17, 0, 0.97%, 5, 0, 6, 234.69, 466479, 634
1854, 17, 10, 42, 17, 0, 0.97%, 5, 0, 6, 235.77, 467667, 634
1859, 17, 10, 42, 17, 0, 0.97%, 5, 0, 6, 232.45, 468835, 634
1864, 17, 10, 42, 17, 0, 0.97%, 5, 0, 6, 232.45, 469999, 634
1869, 17, 10, 42, 17, 0, 0.97%, 5, 0, 6, 227.92, 471147, 634
1874, 17, 11, 42, 17, 0, 0.97%, 5, 0, 6, 225.62, 472263, 634
1879, 17, 10, 42, 17, 0, 0.97%, 5, 0, 6, 229.77, 473419, 634
1884, 17, 10, 42, 17, 0, 0.97%, 5, 0, 6, 228.19, 474561, 634
1889, 17, 18, 42, 17, 0, 0.97%, 5, 0, 6, 230.11, 475709, 634
1894, 17, 16, 42, 17, 0, 0.97%, 5, 0, 6, 260.46, 477081, 634
1899, 17, 22, 42, 17, 0, 0.97%, 5, 0, 6, 266.47, 478467, 634
1904, 17, 22, 42, 17, 0, 0.97%, 5, 0, 6, 278.50, 479882, 634
1909, 17, 10, 42, 17, 0, 0.97%, 5, 0, 6, 252.42, 481172, 634
1914, 17, 16, 42, 17, 0, 0.97%, 5, 0, 6, 261.20, 482489, 634
1920, 17, 10, 42, 17, 0, 0.97%, 5, 0, 6, 243.11, 483755, 634
1925, 17, 10, 42, 17, 0, 0.97%, 5, 0, 6, 232.15, 484899, 634
1930, 17, 10, 42, 17, 0, 0.97%, 5, 0, 6, 230.00, 486091, 634
1935, 17, 10, 42, 17, 0, 0.97%, 5, 0, 6, 227.90, 487275, 634
1940, 17, 11, 42, 17, 0, 0.97%, 5, 0, 6, 234.64, 488489, 634
1945, 17, 18, 42, 17, 0, 0.97%, 5, 0, 6, 273.58, 489893, 634
1950, 17, 10, 42, 17, 0, 0.97%, 5, 0, 6, 242.75, 491101, 634
1955, 17, 22, 42, 17, 0, 0.97%, 5, 0, 6, 277.83, 492532, 634
1961, 17, 10, 42, 17, 0, 0.97%, 5, 0, 6, 263.20, 493877, 634
1966, 17, 10, 42, 17, 0, 0.97%, 5, 0, 6, 239.50, 495053, 634
1971, 17, 11, 42, 17, 0, 0.97%, 5, 0, 6, 238.07, 496305, 634
1976, 18, 10, 42, 17, 0, 0.97%, 5, 0, 6, 232.76, 497513, 634
1981, 18, 18, 42, 17, 0, 0.97%, 5, 0, 6, 251.69, 498785, 634
1986, 18, 37, 42, 17, 0, 0.97%, 5, 0, 6, 248.27, 500079, 634
1991, 18, 37, 42, 17, 0, 0.97%, 5, 0, 6, 235.73, 501283, 634
1997, 18, 10, 42, 16, 0, 0.97%, 5, 0, 6, 233.71, 502500, 634
2002, 18, 17, 42, 16, 0, 0.97%, 5, 0, 6, 234.37, 503726, 634
2007, 18, 22, 42, 16, 0, 0.97%, 5, 0, 6, 272.18, 505128, 634
2012, 18, 16, 42, 16, 0, 0.97%, 5, 0, 6, 273.39, 506533, 634
2017, 18, 16, 42, 16, 0, 0.97%, 5, 0, 6, 265.64, 507903, 634
2022, 18, 10, 42, 16, 0, 0.97%, 5, 0, 6, 241.35, 509142, 634
2027, 18, 10, 42, 16, 0, 0.97%, 5, 0, 6, 230.54, 510322, 634
2033, 18, 10, 42, 16, 0, 0.97%, 5, 0, 6, 260.05, 511646, 634
2038, 18, 21, 42, 16, 0, 0.97%, 5, 0, 6, 240.93, 512866, 634
2043, 18, 29, 42, 16, 0, 0.97%, 5, 0, 6, 267.89, 514240, 634
2048, 18, 10, 43, 16, 1, 0.97%, 5, 0, 6, 266.24, 515613, 635
2053, 18, 10, 43, 16, 1, 0.97%, 5, 0, 6, 240.42, 516794, 635
2058, 18, 42, 43, 16, 1, 0.97%, 5, 0, 6, 250.63, 518045, 635
2063, 18, 42, 43, 16, 1, 0.97%, 5, 0, 6, 252.38, 519325, 635
2068, 18, 42, 43, 16, 1, 0.97%, 6, 0, 6, 249.69, 520625, 635
2073, 18, 18, 43, 15, 0, 0.97%, 6, 0, 6, 274.83, 522001, 635
2078, 18, 31, 43, 15, 0, 0.97%, 6, 0, 6, 268.78, 523343, 635
2083, 18, 10, 43, 14, 0, 0.97%, 6, 0, 6, 244.88, 524546, 635
2088, 18, 10, 43, 14, 0, 0.97%, 6, 0, 6, 240.77, 525790, 635
2094, 18, 10, 43, 14, 0, 0.97%, 6, 0, 6, 234.90, 526962, 635
2099, 18, 10, 43, 14, 0, 0.97%, 6, 0, 6, 235.91, 528142, 635
2104, 18, 10, 43, 14, 0, 0.97%, 6, 0, 6, 234.61, 529354, 635
2109, 18, 10, 43, 14, 0, 0.97%, 6, 0, 6, 233.92, 530526, 635
2114, 18, 18, 43, 14, 0, 0.97%, 6, 0, 6, 260.91, 531856, 635
2119, 18, 10, 43, 14, 0, 0.97%, 6, 0, 6, 276.66, 533311, 635
2124, 18, 10, 43, 14, 0, 0.97%, 6, 0, 6, 277.38, 534693, 635
2129, 19, 18, 43, 14, 0, 0.97%, 6, 0, 6, 256.27, 535922, 635
2134, 19, 10, 43, 14, 0, 0.97%, 6, 0, 6, 246.89, 537210, 635
2139, 19, 22, 43, 14, 0, 0.97%, 6, 0, 6, 243.60, 538454, 635
2144, 19, 22, 43, 14, 0, 0.97%, 6, 0, 6, 276.30, 539923, 635
2150, 19, 10, 43, 14, 0, 0.97%, 6, 0, 6, 256.45, 541233, 635
2155, 19, 10, 43, 14, 0, 0.97%, 6, 0, 6, 259.50, 542605, 635
2160, 19, 10, 43, 14, 0, 0.97%, 6, 0, 6, 254.03, 543921, 635
2165, 19, 10, 43, 14, 0, 0.97%, 6, 0, 6, 235.49, 545080, 635
2170, 19, 18, 43, 14, 0, 0.97%, 6, 0, 6, 241.41, 546320, 635
2175, 19, 10, 43, 14, 0, 0.97%, 6, 0, 6, 252.36, 547664, 635
2180, 19, 21, 43, 14, 0, 0.97%, 6, 0, 6, 235.98, 548828, 635
2185, 19, 10, 43, 14, 0, 0.97%, 6, 0, 6, 231.19, 549984, 635
2190, 19, 10, 43, 14, 0, 0.97%, 6, 0, 6, 230.89, 551180, 635
2195, 19, 6, 43, 14, 0, 0.97%, 6, 0, 6, 284.51, 552701, 635
2200, 19, 18, 43, 14, 0, 0.97%, 6, 0, 6, 270.75, 554050, 635
2206, 19, 10, 43, 14, 0, 0.97%, 6, 0, 6, 246.39, 555310, 635
2211, 19, 16, 43, 14, 0, 0.97%, 6, 0, 6, 249.73, 556578, 635
2216, 19, 16, 43, 14, 0, 0.97%, 6, 0, 6, 258.56, 557886, 635
2221, 19, 25, 43, 14, 0, 0.97%, 6, 0, 6, 265.52, 559267, 635
2226, 19, 10, 43, 14, 0, 0.97%, 6, 0, 6, 266.37, 560618, 635
2231, 19, 22, 43, 14, 0, 0.97%, 6, 0, 6, 266.19, 561935, 635
2236, 19, 22, 43, 14, 0, 0.97%, 6, 0, 6, 276.25, 563360, 635
2241, 19, 10, 43, 14, 0, 0.97%, 6, 0, 6, 242.84, 564588, 635
2246, 19, 10, 43, 14, 0, 0.97%, 6, 0, 6, 231.12, 565732, 635
2251, 19, 10, 43, 14, 0, 0.97%, 6, 0, 6, 232.12, 566936, 635
2256, 19, 11, 43, 14, 0, 0.97%, 7, 0, 6, 228.99, 568080, 635
2262, 19, 10, 43, 14, 0, 0.97%, 7, 0, 6, 251.31, 569481, 635
2267, 20, 10, 43, 14, 0, 0.97%, 7, 0, 6, 235.48, 570682, 635
2272, 20, 10, 43, 14, 0, 0.97%, 7, 0, 6, 234.46, 571906, 635
2277, 20, 10, 43, 14, 0, 0.97%, 7, 0, 6, 236.06, 573098, 635
2282, 20, 3, 43, 14, 0, 0.97%, 7, 0, 6, 263.50, 574485, 635
2287, 20, 3, 43, 14, 0, 0.97%, 8, 0, 6, 267.04, 575875, 635
2293, 20, 10, 43, 14, 0, 0.97%, 8, 0, 6, 248.34, 577132, 635
2298, 20, 10, 43, 14, 0, 0.97%, 8, 0, 6, 249.08, 578438, 635
2303, 20, 10, 43, 14, 0, 0.97%, 8, 0, 6, 260.90, 579742, 635
2308, 20, 3, 43, 14, 0, 0.97%, 8, 0, 6, 277.17, 581124, 635
2313, 20, 3, 43, 14, 0, 0.97%, 8, 0, 6, 268.20, 582519, 635
2318, 20, 3, 43, 14, 0, 0.97%, 8, 0, 6, 262.57, 583829, 635
2323, 20, 10, 43, 14, 0, 0.97%, 8, 0, 6, 246.17, 585126, 635
2328, 20, 10, 43, 14, 0, 0.97%, 8, 0, 6, 233.77, 586318, 635
2333, 20, 18, 43, 14, 0, 0.97%, 8, 0, 6, 229.28, 587490, 635
2339, 20, 25, 43, 14, 0, 0.97%, 8, 0, 6, 269.34, 588956, 635
2344, 20, 25, 43, 14, 0, 0.97%, 8, 0, 6, 270.19, 590306, 635
2349, 20, 10, 43, 14, 0, 0.97%, 8, 0, 6, 258.75, 591672, 635
2354, 20, 10, 43, 14, 0, 0.97%, 8, 0, 6, 240.15, 592862, 635
2359, 20, 10, 43, 14, 0, 0.97%, 8, 0, 6, 233.41, 594026, 635
2364, 20, 10, 43, 14, 0, 0.97%, 8, 0, 6, 236.39, 595258, 635
2369, 20, 22, 43, 14, 0, 0.97%, 8, 0, 6, 273.48, 596661, 635
2374, 20, 10, 43, 14, 0, 0.97%, 8, 0, 6, 267.76, 598036, 635
2379, 20, 16, 43, 14, 0, 0.97%, 8, 0, 6, 267.51, 599398, 635
2384, 20, 18, 43, 14, 0, 0.97%, 8, 0, 6, 287.16, 600834, 635
2389, 20, 10, 43, 14, 0, 0.97%, 8, 0, 6, 245.59, 602024, 635
2394, 20, 26, 43, 14, 0, 0.97%, 8, 0, 6, 262.31, 603413, 635
2400, 20, 26, 43, 14, 0, 0.97%, 8, 0, 6, 263.81, 604784, 635
2405, 20, 26, 43, 14, 0, 0.97%, 8, 0, 6, 263.41, 606164, 635
2410, 20, 17, 43, 14, 0, 0.97%, 8, 0, 6, 264.99, 607535, 635
2415, 20, 10, 43, 14, 0, 0.97%, 8, 0, 6, 240.33, 608710, 635
2420, 20, 10, 43, 14, 0, 0.97%, 8, 0, 6, 233.62, 609906, 635
2425, 20, 26, 43, 14, 0, 0.97%, 8, 0, 6, 270.48, 611373, 635
2430, 20, 26, 43, 14, 0, 0.97%, 8, 0, 6, 263.16, 612683, 635
2436, 20, 10, 43, 14, 0, 0.97%, 8, 0, 6, 249.22, 613954, 635
2441, 21, 22, 43, 14, 0, 0.97%, 8, 0, 6, 259.05, 615253, 635
2446, 21, 22, 43, 14, 0, 0.97%, 8, 0, 6, 278.76, 616673, 635
2451, 21, 10, 43, 14, 0, 0.97%, 8, 0, 6, 248.77, 617922, 635
2456, 21, 21, 43, 14, 0, 0.97%, 8, 0, 6, 241.32, 619160, 635
2461, 21, 10, 43, 14, 0, 0.97%, 8, 0, 6, 233.15, 620326, 635
2466, 21, 10, 43, 14, 0, 0.97%, 8, 0, 6, 231.51, 621530, 635
2471, 21, 11, 43, 14, 0, 0.97%, 8, 0, 6, 238.04, 622754, 635
2476, 21, 18, 43, 14, 0, 0.97%, 8, 0, 6, 267.14, 624108, 635
2481, 21, 3, 43, 14, 0, 0.97%, 8, 0, 6, 268.55, 625458, 635
2487, 21, 3, 43, 14, 0, 0.97%, 8, 0, 6, 266.76, 626838, 635
2492, 21, 18, 43, 14, 0, 0.97%, 8, 0, 6, 278.04, 628220, 635
2497, 21, 10, 43, 14, 0, 0.97%, 8, 0, 6, 254.60, 629512, 635
2502, 21, 22, 43, 14, 0, 0.97%, 8, 0, 6, 273.34, 630909, 635
2507, 21, 3, 43, 14, 0, 0.97%, 8, 0, 6, 281.97, 632334, 635
2512, 21, 3, 43, 14, 0, 0.97%, 8, 0, 6, 275.28, 633744, 635
2517, 21, 3, 43, 14, 0, 0.97%, 8, 0, 6, 268.59, 635084, 635
2522, 21, 10, 43, 14, 0, 0.97%, 8, 0, 6, 249.03, 636351, 635
2527, 21, 6, 43, 14, 0, 0.97%, 8, 0, 6, 231.59, 637526, 635
2532, 21, 10, 43, 14, 0, 0.97%, 8, 0, 6, 245.27, 638826, 635
2537, 21, 10, 43, 14, 0, 0.97%, 8, 0, 6, 236.38, 640002, 635
2542, 21, 10, 43, 14, 0, 0.97%, 8, 0, 6, 233.15, 641210, 635
2548, 21, 10, 43, 14, 0, 0.97%, 8, 0, 6, 235.69, 642426, 635
2553, 21, 10, 43, 14, 0, 0.97%, 8, 0, 6, 244.49, 643692, 635
2558, 21, 25, 43, 14, 0, 0.97%, 8, 0, 6, 258.97, 644984, 635
2563, 21, 25, 43, 14, 0, 0.97%, 8, 0, 6, 267.11, 646344, 635
2568, 21, 10, 43, 14, 0, 0.97%, 8, 0, 6, 246.36, 647590, 635
2573, 21, 18, 43, 14, 0, 0.97%, 8, 0, 6, 252.73, 648858, 635
2578, 21, 10, 43, 14, 0, 0.97%, 8, 0, 6, 249.02, 650213, 635
2583, 21, 10, 43, 14, 0, 0.97%, 8, 0, 6, 242.68, 651460, 635
2589, 21, 10, 43, 14, 0, 0.97%, 8, 0, 6, 236.40, 652676, 635
2594, 22, 22, 43, 14, 0, 0.97%, 8, 0, 6, 268.29, 654096, 635
2599, 22, 16, 43, 14, 0, 0.97%, 8, 0, 6, 274.28, 655496, 635
2604, 22, 10, 43, 14, 0, 0.97%, 8, 0, 6, 264.74, 656877, 635
2609, 22, 10, 43, 14, 0, 0.97%, 8, 0, 6, 240.25, 658086, 635
2614, 22, 10, 43, 14, 0, 0.97%, 8, 0, 6, 270.95, 659493, 635
2619, 22, 18, 43, 14, 0, 0.97%, 8, 0, 6, 252.42, 660716, 635
2624, 22, 6, 43, 14, 0, 0.97%, 8, 0, 6, 260.03, 662084, 635
2629, 22, 10, 43, 14, 0, 0.97%, 8, 0, 6, 249.85, 663393, 635
2635, 22, 16, 43, 14, 0, 0.97%, 8, 0, 6, 241.01, 664574, 635
2640, 22, 16, 43, 14, 0, 0.97%, 8, 0, 6, 264.17, 665977, 635
2645, 22, 10, 43, 14, 0, 0.97%, 8, 0, 6, 240.56, 667214, 635
2650, 22, 3, 43, 14, 0, 0.97%, 8, 0, 6, 265.46, 668567, 635
2655, 22, 3, 43, 14, 0, 0.97%, 9, 0, 6, 269.42, 669917, 635
2660, 22, 10, 43, 14, 0, 0.97%, 9, 0, 6, 251.54, 671184, 635
2665, 22, 10, 43, 14, 0, 0.97%, 9, 0, 6, 237.58, 672388, 635
2670, 22, 10, 43, 14, 0, 0.97%, 9, 0, 6, 233.09, 673556, 635
2675, 22, 25, 43, 14, 0, 0.97%, 9, 0, 6, 260.90, 674929, 635
2681, 22, 25, 43, 14, 0, 0.97%, 9, 0, 6, 270.35, 676344, 635
2686, 22, 42, 43, 14, 0, 0.97%, 9, 0, 6, 255.32, 677610, 635
2691, 22, 42, 43, 14, 0, 0.97%, 9, 0, 6, 252.81, 678880, 635
2696, 22, 42, 43, 14, 0, 0.97%, 9, 0, 6, 255.67, 680165, 635
2701, 22, 42, 43, 14, 0, 0.97%, 9, 0, 6, 259.24, 681465, 635
2706, 22, 42, 43, 14, 0, 0.97%, 9, 0, 6, 258.23, 682775, 635
2711, 22, 42, 43, 14, 0, 0.97%, 9, 0, 6, 257.76, 684065, 635
2716, 22, 42, 43, 14, 0, 0.97%, 9, 0, 6, 259.43, 685380, 635
2721, 22, 42, 43, 14, 0, 0.97%, 9, 0, 6, 261.68, 686695, 635
2726, 22, 42, 43, 14, 0, 0.97%, 9, 0, 6, 253.21, 687955, 635
2731, 22, 42, 43, 14, 0, 0.97%, 9, 0, 6, 256.16, 689245, 635
2736, 22, 10, 43, 14, 0, 0.97%, 9, 0, 6, 256.82, 690545, 635
2741, 22, 10, 43, 14, 0, 0.97%, 9, 0, 6, 241.19, 691778, 635
2746, 22, 10, 43, 14, 0, 0.97%, 9, 0, 6, 234.38, 692986, 635
2751, 22, 16, 43, 14, 0, 0.97%, 9, 0, 6, 252.51, 694295, 635
2757, 22, 11, 43, 14, 0, 0.97%, 9, 0, 6, 251.35, 695586, 635
2762, 22, 6, 43, 14, 0, 0.97%, 9, 0, 6, 266.24, 696910, 635
2767, 22, 10, 43, 14, 0, 0.97%, 9, 0, 6, 239.45, 698086, 635
2772, 22, 10, 43, 14, 0, 0.97%, 9, 0, 6, 234.91, 699296, 635
2777, 22, 10, 43, 14, 0, 0.97%, 9, 0, 6, 233.21, 700500, 635
2782, 22, 10, 43, 14, 0, 0.97%, 9, 0, 6, 228.23, 701684, 635
2787, 22, 18, 43, 14, 0, 0.97%, 9, 0, 6, 237.04, 702876, 635
2792, 23, 10, 43, 14, 0, 0.97%, 9, 0, 6, 244.27, 704176, 635
2798, 23, 10, 43, 14, 0, 0.97%, 9, 0, 6, 261.04, 705513, 635
2803, 23, 35, 43, 14, 0, 0.97%, 9, 0, 6, 182.53, 706418, 635
2808, 23, 35, 43, 14, 0, 0.97%, 9, 0, 6, 148.41, 707126, 635
2813, 23, 35, 43, 14, 0, 0.97%, 9, 0, 6, 142.55, 707856, 635
2818, 23, 10, 43, 13, 0, 0.97%, 9, 0, 6, 164.09, 708682, 635
2823, 23, 18, 43, 13, 0, 0.97%, 9, 0, 6, 235.49, 709943, 635
2828, 23, 10, 43, 13, 0, 0.97%, 9, 0, 6, 242.77, 711277, 635
2834, 23, 10, 43, 13, 0, 0.97%, 9, 0, 6, 256.34, 712621, 635
2839, 23, 10, 43, 13, 0, 0.97%, 9, 0, 6, 237.18, 713825, 635
2844, 23, 16, 43, 13, 0, 0.97%, 9, 0, 6, 247.19, 715077, 635
2849, 23, 10, 43, 13, 0, 0.97%, 9, 0, 6, 240.72, 716307, 635
2854, 23, 22, 43, 13, 0, 0.97%, 9, 0, 6, 242.97, 717499, 635
2859, 23, 10, 43, 13, 0, 0.97%, 9, 0, 6, 249.95, 718802, 635
2864, 23, 11, 43, 13, 0, 0.97%, 9, 0, 6, 237.63, 720015, 635
2869, 23, 10, 43, 13, 0, 0.97%, 9, 0, 6, 238.75, 721247, 635
2875, 23, 10, 43, 13, 0, 0.97%, 9, 0, 6, 238.74, 722487, 635
2880, 23, 26, 43, 13, 0, 0.97%, 9, 0, 6, 261.37, 723831, 635
2885, 23, 21, 43, 13, 0, 0.97%, 9, 0, 6, 264.61, 725212, 635
2890, 23, 10, 43, 13, 0, 0.97%, 9, 0, 6, 243.89, 726411, 635
2895, 23, 10, 43, 13, 0, 0.97%, 9, 0, 6, 236.31, 727627, 635
2900, 23, 10, 43, 13, 0, 0.97%, 9, 0, 6, 236.35, 728843, 635
2905, 23, 10, 43, 13, 0, 0.97%, 9, 0, 6, 234.65, 730063, 635
2911, 23, 18, 43, 13, 0, 0.97%, 9, 0, 6, 256.63, 731360, 635
2916, 23, 10, 43, 13, 0, 0.97%, 9, 0, 6, 280.49, 732835, 635
2921, 23, 10, 43, 13, 0, 0.97%, 9, 0, 6, 238.98, 734007, 635
2926, 23, 42, 43, 13, 0, 0.97%, 9, 0, 6, 237.25, 735223, 635
2931, 23, 42, 43, 13, 0, 0.97%, 9, 0, 6, 255.57, 736568, 635
2936, 23, 42, 43, 13, 0, 0.97%, 9, 0, 6, 260.96, 737893, 635
2941, 23, 42, 43, 13, 0, 0.97%, 9, 0, 6, 256.42, 739183, 635
2946, 23, 42, 43, 13, 0, 0.97%, 9, 0, 6, 259.24, 740483, 635
2951, 23, 42, 43, 13, 0, 0.97%, 9, 0, 6, 258.23, 741788, 635
2956, 23, 42, 43, 13, 0, 0.97%, 9, 0, 6, 258.82, 743098, 635
2961, 23, 42, 43, 13, 0, 0.97%, 9, 0, 6, 259.92, 744458, 635
2966, 23, 42, 43, 13, 0, 0.97%, 9, 0, 6, 260.92, 745763, 635
2972, 23, 42, 43, 13, 0, 0.97%, 9, 0, 6, 260.26, 747068, 635
2977, 23, 42, 43, 13, 0, 0.97%, 9, 0, 6, 255.51, 748348, 635
2982, 23, 18, 43, 13, 0, 0.97%, 9, 0, 6, 274.41, 749718, 635
2987, 24, 38, 43, 13, 0, 0.97%, 9, 0, 6, 234.82, 750915, 635
2992, 24, 38, 43, 13, 0, 0.97%, 9, 0, 6, 214.91, 751959, 635
2997, 24, 10, 43, 12, 0, 0.97%, 9, 0, 6, 215.88, 753075, 635
3002, 24, 21, 43, 12, 0, 0.97%, 9, 0, 6, 232.96, 754299, 635
3007, 24, 16, 43, 12, 0, 0.97%, 9, 0, 6, 247.61, 755531, 635
3012, 24, 22, 43, 12, 0, 0.97%, 9, 0, 6, 276.28, 756990, 635
3017, 24, 10, 43, 12, 0, 0.97%, 9, 0, 6, 288.13, 758462, 635
3022, 24, 10, 43, 12, 0, 0.97%, 9, 0, 6, 246.97, 759657, 635
3028, 24, 6, 43, 12, 0, 0.97%, 9, 0, 6, 247.35, 760897, 635
3033, 24, 10, 43, 12, 0, 0.97%, 9, 0, 6, 247.16, 762225, 635
3038, 24, 21, 43, 12, 0, 0.97%, 9, 0, 6, 239.79, 763463, 635
3043, 24, 10, 43, 12, 0, 0.97%, 9, 0, 6, 265.16, 764853, 635
3048, 24, 25, 43, 12, 0, 0.97%, 9, 0, 6, 256.69, 766107, 635
3053, 24, 25, 43, 12, 0, 0.97%, 9, 0, 6, 265.86, 767502, 635
3058, 24, 10, 43, 12, 0, 0.97%, 9, 0, 6, 254.67, 768793, 635
3063, 24, 10, 43, 12, 0, 0.97%, 9, 0, 6, 241.97, 770001, 635
3068, 24, 10, 43, 12, 0, 0.97%, 9, 0, 6, 239.42, 771247, 635
3074, 24, 10, 43, 12, 0, 0.97%, 9, 0, 6, 233.69, 772459, 635
3079, 24, 10, 43, 12, 0, 0.97%, 9, 0, 6, 272.53, 773864, 635
3084, 24, 25, 43, 12, 0, 0.97%, 9, 0, 6, 244.86, 775085, 635
3089, 24, 25, 43, 12, 0, 0.97%, 9, 0, 6, 269.21, 776513, 635
3094, 24, 10, 43, 12, 0, 0.97%, 9, 0, 6, 262.14, 777844, 635
3099, 24, 10, 43, 12, 0, 0.97%, 9, 0, 6, 240.46, 779019, 635
3104, 24, 6, 43, 12, 0, 0.97%, 9, 0, 6, 249.92, 780243, 635
3109, 24, 11, 43, 12, 0, 0.97%, 9, 0, 6, 240.63, 781519, 635
3114, 24, 18, 43, 12, 0, 0.97%, 9, 0, 6, 267.14, 782863, 635
3120, 24, 26, 43, 12, 0, 0.97%, 9, 0, 6, 250.63, 784200, 635
3125, 24, 26, 43, 12, 0, 0.97%, 9, 0, 6, 260.60, 785565, 635
3130, 24, 11, 43, 12, 0, 0.97%, 9, 0, 6, 259.95, 786896, 635
3135, 25, 21, 43, 12, 0, 0.97%, 9, 0, 6, 275.00, 788293, 635
3140, 25, 10, 43, 12, 0, 0.97%, 9, 0, 6, 244.56, 789519, 635
3145, 25, 10, 43, 12, 0, 0.97%, 9, 0, 6, 240.59, 790759, 635
3150, 25, 25, 43, 12, 0, 0.97%, 9, 0, 6, 261.73, 792081, 635
3156, 25, 25, 43, 12, 0, 0.97%, 9, 0, 6, 272.57, 793511, 635
3161, 25, 10, 43, 12, 0, 0.97%, 9, 0, 6, 249.05, 794741, 635
3166, 25, 10, 43, 12, 0, 0.97%, 9, 0, 6, 269.32, 796168, 635
3171, 25, 10, 43, 12, 0, 0.97%, 9, 0, 6, 244.04, 797367, 635
3176, 25, 10, 43, 12, 0, 0.97%, 9, 0, 6, 238.30, 798599, 635
3181, 25, 10, 43, 12, 0, 0.97%, 9, 0, 6, 237.06, 799779, 635
3186, 25, 10, 43, 12, 0, 0.97%, 9, 0, 6, 229.70, 800967, 635
3191, 25, 10, 43, 12, 0, 0.97%, 9, 0, 6, 233.84, 802183, 635
3197, 25, 42, 43, 12, 0, 0.97%, 9, 0, 6, 242.23, 803435, 635
3202, 25, 42, 43, 12, 0, 0.97%, 9, 0, 6, 255.70, 804732, 635
3207, 25, 42, 43, 12, 0, 0.97%, 9, 0, 6, 259.75, 806042, 635
3212, 25, 42, 43, 12, 0, 0.97%, 9, 0, 6, 261.59, 807357, 635
3217, 25, 42, 43, 12, 0, 0.97%, 9, 0, 6, 259.85, 808657, 635
3222, 25, 42, 43, 12, 0, 0.97%, 9, 0, 6, 263.00, 809977, 635
3227, 25, 10, 43, 12, 0, 0.97%, 9, 0, 6, 276.25, 811383, 635
3232, 25, 11, 43, 12, 0, 0.97%, 9, 0, 6, 243.98, 812619, 635
3237, 25, 10, 43, 12, 0, 0.97%, 9, 0, 6, 237.67, 813843, 635
3242, 25, 18, 43, 12, 0, 0.97%, 9, 0, 6, 258.52, 815160, 635
3247, 25, 10, 43, 12, 0, 0.97%, 9, 0, 6, 251.66, 816477, 635
3253, 25, 10, 43, 12, 0, 0.97%, 9, 0, 6, 268.10, 817879, 635
3258, 25, 10, 43, 12, 0, 0.97%, 9, 0, 6, 243.14, 819071, 635
3263, 25, 11, 43, 12, 0, 0.97%, 9, 0, 6, 235.46, 820255, 635
3268, 25, 10, 43, 12, 0, 0.97%, 9, 0, 6, 237.76, 821491, 635
3273, 25, 10, 43, 12, 0, 0.97%, 9, 0, 6, 238.21, 822727, 635
3278, 25, 18, 43, 12, 0, 0.97%, 9, 0, 6, 265.06, 824074, 635
3283, 26, 10, 43, 12, 0, 0.97%, 9, 0, 6, 247.80, 825373, 635
3288, 26, 18, 43, 12, 0, 0.97%, 9, 0, 6, 285.68, 826828, 635
3294, 26, 10, 43, 12, 0, 0.97%, 9, 0, 6, 254.72, 828135, 635
3299, 26, 10, 43, 12, 0, 0.97%, 9, 0, 6, 258.24, 829504, 635
3304, 26, 10, 43, 12, 0, 0.97%, 9, 0, 6, 265.44, 830881, 635
3309, 26, 10, 43, 12, 0, 0.97%, 9, 0, 6, 242.24, 832099, 635
3314, 26, 18, 43, 12, 0, 0.97%, 9, 0, 6, 256.72, 833414, 635
3319, 26, 10, 43, 12, 0, 0.97%, 9, 0, 6, 246.65, 834747, 635
3324, 26, 11, 43, 12, 0, 0.97%, 9, 0, 6, 245.13, 836011, 635
3330, 26, 10, 43, 12, 0, 0.97%, 9, 0, 6, 239.26, 837235, 635
3335, 26, 3, 43, 12, 0, 0.97%, 9, 0, 6, 273.20, 838679, 635
3340, 26, 3, 43, 12, 0, 0.97%, 9, 0, 6, 271.38, 840044, 635
3345, 26, 3, 43, 12, 0, 0.97%, 9, 0, 6, 270.57, 841404, 635
3350, 26, 10, 43, 12, 0, 0.97%, 9, 0, 6, 245.82, 842623, 635
3355, 26, 10, 43, 12, 0, 0.97%, 9, 0, 6, 236.65, 843843, 635
3360, 26, 10, 43, 12, 0, 0.97%, 9, 0, 6, 232.90, 845039, 635
3365, 26, 10, 43, 12, 0, 0.97%, 9, 0, 6, 255.42, 846438, 635
3370, 26, 10, 43, 12, 0, 0.97%, 9, 0, 6, 237.27, 847641, 635
3375, 26, 42, 43, 12, 0, 0.97%, 9, 0, 6, 251.03, 848914, 635
3381, 26, 42, 43, 12, 0, 0.97%, 9, 0, 6, 254.03, 850209, 635
3386, 26, 42, 43, 12, 0, 0.97%, 9, 0, 6, 252.95, 851479, 635
3391, 26, 42, 43, 12, 0, 0.97%, 9, 0, 6, 254.50, 852774, 635
3396, 26, 42, 43, 12, 0, 0.97%, 9, 0, 6, 259.85, 854079, 635
3401, 26, 9, 43, 12, 0, 0.97%, 9, 0, 6, 263.12, 855388, 635
3406, 26, 9, 43, 12, 0, 0.97%, 9, 0, 6, 268.07, 856783, 635
3411, 26, 9, 43, 12, 0, 0.97%, 9, 0, 6, 264.17, 858163, 635
3416, 26, 10, 43, 12, 0, 0.97%, 9, 0, 6, 245.82, 859373, 635
3421, 26, 42, 43, 12, 0, 0.97%, 9, 0, 6, 256.22, 860699, 635
3426, 26, 42, 43, 12, 0, 0.97%, 9, 0, 6, 258.74, 862009, 635
3431, 26, 42, 43, 12, 0, 0.97%, 9, 0, 6, 258.61, 863314, 635
3436, 26, 42, 43, 12, 0, 0.97%, 9, 0, 6, 261.21, 864629, 635
3441, 26, 42, 43, 12, 0, 0.97%, 9, 0, 6, 260.60, 865934, 635
3446, 26, 10, 43, 12, 0, 0.97%, 9, 0, 6, 250.44, 867195, 635
3451, 26, 10, 43, 12, 0, 0.97%, 9, 0, 6, 261.93, 868484, 635
3456, 26, 10, 43, 12, 0, 0.97%, 9, 0, 6, 244.02, 869689, 635
3462, 26, 10, 43, 12, 0, 0.97%, 9, 0, 6, 258.23, 871062, 635
3467, 27, 10, 43, 12, 0, 0.97%, 9, 0, 6, 240.28, 872285, 635
3472, 27, 25, 43, 12, 0, 0.97%, 9, 0, 6, 267.22, 873678, 635
3477, 27, 10, 43, 12, 0, 0.97%, 9, 0, 6, 272.87, 875114, 635
3482, 27, 22, 43, 12, 0, 0.97%, 9, 0, 6, 248.90, 876365, 635
3488, 27, 18, 43, 12, 0, 0.97%, 9, 0, 6, 284.70, 877870, 635
3493, 27, 10, 43, 12, 0, 0.97%, 9, 0, 6, 256.70, 879167, 635
3498, 27, 10, 43, 12, 0, 0.97%, 9, 0, 6, 251.38, 880446, 635
3503, 27, 6, 43, 12, 0, 0.97%, 9, 0, 6, 256.76, 881735, 635
3508, 27, 10, 43, 12, 0, 0.97%, 9, 0, 6, 246.67, 883005, 635
3513, 27, 6, 43, 12, 0, 0.97%, 9, 0, 6, 266.19, 884318, 635
3518, 27, 10, 43, 12, 0, 0.97%, 9, 0, 6, 271.78, 885725, 635
3523, 27, 10, 43, 12, 0, 0.97%, 9, 0, 6, 243.69, 886901, 635
3528, 27, 10, 43, 12, 0, 0.97%, 9, 0, 6, 236.05, 888081, 635
3533, 27, 10, 43, 11, 0, 0.97%, 9, 0, 6, 253.64, 889358, 635
3538, 27, 10, 43, 11, 0, 0.97%, 9, 0, 6, 242.49, 890549, 635
3543, 27, 22, 43, 11, 0, 0.97%, 9, 0, 6, 268.87, 891904, 635
3548, 27, 3, 43, 11, 0, 0.97%, 9, 0, 6, 258.63, 893193, 635
3554, 27, 3, 43, 11, 0, 0.97%, 9, 0, 6, 270.47, 894608, 635
3559, 27, 3, 43, 11, 0, 0.97%, 9, 0, 6, 268.73, 895998, 635
3564, 27, 11, 43, 11, 0, 0.97%, 9, 0, 6, 247.58, 897235, 635
3569, 27, 10, 43, 11, 0, 0.97%, 9, 0, 6, 254.22, 898591, 635
3574, 27, 10, 43, 11, 0, 0.97%, 9, 0, 6, 255.62, 899893, 635
3579, 27, 11, 43, 11, 0, 0.97%, 9, 0, 6, 263.79, 901275, 635
3584, 27, 10, 43, 11, 0, 0.97%, 9, 0, 6, 236.51, 902459, 635
3589, 27, 18, 43, 11, 0, 0.97%, 9, 0, 6, 257.36, 903743, 635
3595, 28, 10, 43, 11, 0, 0.97%, 9, 0, 6, 248.41, 905045, 635
3600, 28, 21, 43, 11, 0, 0.97%, 9, 0, 6, 233.92, 906199, 635
3605, 28, 10, 43, 11, 0, 0.97%, 9, 0, 6, 234.29, 907413, 635
3610, 28, 10, 43, 11, 0, 0.97%, 9, 0, 6, 231.37, 908605, 635
3615, 28, 10, 43, 11, 0, 0.97%, 9, 0, 6, 232.11, 909805, 635
3620, 28, 18, 43, 11, 0, 0.97%, 9, 0, 6, 257.76, 911123, 635
3625, 28, 22, 43, 11, 0, 0.97%, 9, 0, 6, 275.51, 912543, 635
3630, 28, 10, 43, 11, 0, 0.97%, 9, 0, 6, 238.52, 913711, 635
3636, 28, 10, 43, 11, 0, 0.97%, 9, 0, 6, 227.44, 914875, 635
3641, 28, 21, 43, 11, 0, 0.97%, 9, 0, 6, 220.33, 915979, 635
3646, 28, 10, 43, 11, 0, 0.97%, 9, 0, 6, 222.96, 917131, 635
3651, 28, 10, 43, 11, 0, 0.97%, 9, 0, 6, 222.39, 918243, 635
3656, 28, 25, 43, 11, 0, 0.97%, 9, 0, 6, 237.07, 919451, 635
3661, 28, 25, 43, 11, 0, 0.97%, 9, 0, 6, 262.29, 920840, 635
3666, 28, 10, 43, 11, 0, 0.97%, 9, 0, 6, 252.30, 922131, 635
3671, 28, 10, 43, 11, 0, 0.97%, 9, 0, 6, 238.86, 923337, 635
3677, 28, 10, 43, 11, 0, 0.97%, 9, 0, 6, 236.41, 924553, 635
3682, 28, 10, 43, 11, 0, 0.97%, 9, 0, 6, 236.69, 925753, 635
3687, 28, 10, 43, 11, 0, 0.97%, 9, 0, 6, 233.94, 926933, 635
3692, 28, 10, 43, 11, 0, 0.97%, 9, 0, 6, 237.95, 928137, 635
3697, 28, 10, 43, 11, 0, 0.97%, 9, 0, 6, 232.90, 929307, 635
3702, 28, 10, 43, 11, 0, 0.97%, 9, 0, 6, 239.00, 930543, 635
3707, 28, 10, 43, 11, 0, 0.97%, 9, 0, 6, 235.11, 931719, 635
3712, 28, 18, 43, 11, 0, 0.97%, 9, 0, 6, 260.81, 933037, 635
3717, 28, 10, 43, 11, 0, 0.97%, 9, 0, 6, 244.52, 934277, 635
3722, 29, 10, 43, 11, 0, 0.97%, 9, 0, 6, 236.89, 935453, 635
3727, 29, 10, 43, 10, 0, 0.97%, 9, 0, 6, 273.00, 936852, 635
3732, 29, 18, 43, 10, 0, 0.97%, 9, 0, 6, 281.49, 938219, 635
3737, 29, 10, 43, 10, 0, 0.97%, 9, 0, 6, 236.05, 939350, 635
3742, 29, 10, 43, 10, 0, 0.97%, 9, 0, 6, 225.77, 940470, 635
