# relative_time, cycles_done, cur_item, corpus_count, pending_total, pending_favs, map_size, saved_crashes, saved_hangs, max_depth, execs_per_sec, total_execs, edges_found
61, 0, 4, 172, 170, 2, 1.77%, 0, 0, 2, 211.53, 21329, 1160
66, 0, 4, 177, 175, 2, 1.77%, 0, 0, 2, 198.15, 22341, 1163
71, 0, 4, 180, 178, 2, 1.77%, 0, 0, 2, 207.04, 23357, 1163
76, 0, 4, 186, 184, 2, 1.79%, 0, 0, 2, 206.97, 24421, 1170
82, 0, 4, 190, 188, 2, 1.79%, 0, 0, 2, 195.44, 25441, 1174
87, 0, 4, 193, 191, 2, 1.81%, 0, 0, 2, 193.81, 26440, 1185
92, 0, 4, 195, 193, 2, 1.82%, 0, 0, 2, 210.38, 27497, 1190
97, 0, 4, 199, 197, 2, 1.82%, 0, 0, 2, 208.93, 28593, 1194
102, 0, 4, 201, 199, 2, 1.82%, 0, 0, 2, 216.29, 29709, 1194
107, 0, 4, 205, 203, 2, 1.82%, 0, 0, 2, 197.66, 30697, 1195
112, 0, 4, 207, 205, 2, 1.84%, 0, 0, 2, 206.73, 31753, 1207
117, 0, 4, 207, 205, 2, 1.84%, 0, 0, 2, 214.90, 32833, 1207
122, 0, 4, 207, 205, 2, 1.84%, 0, 0, 2, 205.07, 33849, 1207
127, 0, 4, 209, 207, 2, 1.84%, 0, 0, 2, 177.05, 34759, 1209
133, 0, 4, 213, 211, 2, 1.85%, 0, 0, 2, 110.37, 35236, 1210
138, 0, 4, 215, 213, 2, 1.85%, 0, 0, 2, 98.02, 35711, 1210
143, 0, 4, 215, 213, 2, 1.85%, 0, 0, 2, 98.51, 36221, 1210
148, 0, 4, 215, 213, 2, 1.85%, 0, 0, 2, 99.88, 36747, 1210
153, 0, 4, 216, 214, 2, 1.85%, 0, 0, 2, 99.04, 37244, 1210
158, 0, 4, 216, 214, 2, 1.85%, 0, 0, 2, 100.36, 37767, 1210
163, 0, 4, 216, 214, 2, 1.85%, 0, 0, 2, 96.82, 38262, 1210
169, 0, 4, 217, 215, 2, 1.85%, 0, 0, 2, 93.76, 38748, 1211
174, 0, 4, 217, 215, 2, 1.85%, 0, 0, 2, 97.14, 39254, 1211
179, 0, 4, 218, 216, 2, 1.85%, 0, 0, 2, 96.08, 39731, 1211
184, 0, 4, 221, 219, 2, 1.85%, 0, 0, 2, 96.11, 40231, 1212
189, 0, 4, 221, 219, 2, 1.85%, 0, 0, 2, 98.16, 40734, 1212
194, 0, 4, 222, 220, 2, 1.85%, 0, 0, 2, 95.80, 41219, 1212
199, 0, 4, 222, 220, 2, 1.85%, 0, 0, 2, 96.83, 41724, 1212
204, 0, 4, 225, 223, 2, 1.86%, 0, 0, 2, 95.65, 42214, 1216
210, 0, 4, 226, 224, 2, 1.86%, 0, 0, 2, 99.05, 42720, 1218
215, 0, 4, 227, 225, 2, 1.86%, 0, 0, 2, 96.97, 43211, 1218
220, 0, 4, 227, 225, 2, 1.86%, 0, 0, 2, 98.48, 43718, 1218
225, 0, 4, 227, 225, 2, 1.86%, 0, 0, 2, 95.07, 44206, 1218
230, 0, 4, 228, 226, 2, 1.86%, 0, 0, 2, 98.33, 44705, 1218
235, 0, 4, 229, 227, 2, 1.86%, 0, 0, 2, 96.99, 45200, 1218
240, 0, 4, 229, 227, 2, 1.86%, 0, 0, 2, 97.07, 45698, 1218
245, 0, 4, 229, 227, 2, 1.86%, 0, 0, 2, 94.70, 46188, 1218
251, 0, 4, 230, 228, 2, 1.86%, 0, 0, 2, 94.88, 46678, 1218
256, 0, 4, 230, 228, 2, 1.86%, 0, 0, 2, 96.05, 47178, 1218
261, 0, 4, 230, 228, 2, 1.86%, 0, 0, 2, 96.41, 47670, 1218
266, 0, 4, 232, 230, 2, 1.86%, 0, 0, 2, 98.52, 48176, 1218
271, 0, 4, 232, 230, 2, 1.86%, 0, 0, 2, 97.96, 48676, 1218
276, 0, 4, 234, 232, 2, 1.86%, 0, 0, 2, 98.56, 49183, 1218
282, 0, 4, 234, 232, 2, 1.86%, 0, 0, 2, 98.55, 49689, 1218
287, 0, 4, 234, 232, 2, 1.86%, 0, 0, 2, 101.43, 50205, 1218
292, 0, 4, 234, 232, 2, 1.86%, 0, 0, 2, 100.41, 50705, 1218
297, 0, 4, 234, 232, 2, 1.86%, 0, 0, 2, 96.29, 51196, 1218
302, 0, 4, 237, 235, 2, 1.86%, 0, 0, 2, 134.94, 52039, 1221
307, 0, 4, 238, 236, 2, 1.87%, 0, 0, 2, 120.10, 52647, 1223
312, 0, 4, 240, 238, 2, 1.87%, 0, 0, 2, 118.39, 53233, 1223
317, 0, 4, 240, 238, 2, 1.87%, 0, 0, 2, 119.21, 53839, 1223
323, 0, 4, 244, 242, 2, 1.87%, 0, 0, 2, 118.91, 54447, 1223
328, 0, 4, 245, 243, 2, 1.87%, 0, 0, 2, 122.31, 55085, 1223
333, 0, 4, 245, 243, 2, 1.87%, 0, 0, 2, 120.39, 55677, 1223
338, 0, 4, 245, 243, 2, 1.87%, 0, 0, 2, 120.00, 56277, 1223
343, 0, 4, 246, 244, 2, 1.87%, 0, 0, 2, 118.71, 56879, 1223
348, 0, 4, 248, 246, 2, 1.87%, 0, 0, 2, 121.53, 57487, 1225
353, 0, 4, 249, 247, 2, 1.87%, 0, 0, 2, 121.62, 58093, 1225
358, 0, 4, 249, 247, 2, 1.87%, 0, 0, 2, 123.74, 58733, 1225
363, 0, 4, 250, 248, 2, 1.87%, 0, 0, 2, 121.80, 59351, 1225
368, 0, 4, 251, 249, 2, 1.87%, 0, 0, 2, 121.48, 59941, 1225
373, 0, 4, 251, 249, 2, 1.87%, 0, 0, 2, 127.03, 60583, 1225
378, 0, 4, 252, 250, 2, 1.87%, 0, 0, 2, 119.51, 61163, 1225
384, 0, 4, 252, 250, 2, 1.87%, 0, 0, 2, 123.28, 61795, 1225
389, 0, 4, 252, 250, 2, 1.87%, 0, 0, 2, 120.78, 62405, 1225
394, 0, 4, 252, 250, 2, 1.87%, 0, 0, 2, 127.38, 63047, 1225
399, 0, 4, 252, 250, 2, 1.87%, 0, 0, 2, 124.86, 63667, 1225
404, 0, 4, 252, 250, 2, 1.87%, 0, 0, 2, 118.81, 64265, 1225
409, 0, 4, 252, 250, 2, 1.87%, 0, 0, 2, 117.91, 64857, 1225
414, 0, 4, 254, 252, 2, 1.87%, 0, 0, 2, 118.47, 65449, 1225
419, 0, 4, 254, 252, 2, 1.87%, 0, 0, 2, 119.54, 66057, 1225
424, 0, 4, 254, 252, 2, 1.87%, 0, 0, 2, 120.12, 66669, 1225
429, 0, 4, 254, 252, 2, 1.87%, 0, 0, 2, 122.51, 67285, 1225
434, 0, 4, 254, 252, 2, 1.87%, 0, 0, 2, 120.32, 67891, 1225
439, 0, 4, 254, 252, 2, 1.87%, 0, 0, 2, 125.82, 68509, 1225
444, 0, 4, 254, 252, 2, 1.87%, 0, 0, 2, 168.12, 69468, 1225
449, 0, 234, 271, 268, 63, 1.87%, 0, 0, 3, 401.09, 71178, 1225
454, 0, 234, 280, 277, 63, 1.87%, 0, 0, 3, 688.07, 75084, 1225
460, 0, 234, 282, 279, 63, 1.87%, 0, 0, 3, 744.86, 78995, 1225
465, 0, 234, 285, 282, 63, 1.87%, 0, 0, 3, 759.63, 82868, 1225
470, 0, 234, 285, 282, 63, 1.87%, 0, 0, 3, 739.37, 86687, 1225
475, 0, 234, 286, 283, 63, 1.87%, 0, 0, 3, 736.76, 90377, 1225
480, 0, 234, 286, 283, 63, 1.87%, 0, 0, 3, 734.10, 94059, 1225
485, 0, 234, 295, 292, 63, 1.87%, 0, 0, 3, 735.84, 97717, 1227
490, 0, 234, 295, 292, 63, 1.87%, 0, 0, 3, 751.36, 101608, 1227
495, 0, 234, 295, 292, 63, 1.87%, 0, 0, 3, 756.33, 105418, 1227
500, 0, 234, 295, 292, 63, 1.87%, 0, 0, 3, 756.99, 109273, 1227
505, 0, 234, 298, 295, 63, 1.87%, 0, 0, 3, 711.93, 112783, 1227
510, 0, 133, 303, 299, 64, 1.87%, 0, 0, 3, 647.95, 116074, 1227
515, 0, 133, 304, 300, 64, 1.87%, 0, 0, 3, 631.91, 119202, 1227
520, 0, 133, 304, 300, 64, 1.87%, 0, 0, 3, 636.03, 122514, 1227
526, 0, 133, 309, 305, 64, 1.87%, 0, 0, 3, 633.17, 125782, 1227
531, 0, 133, 309, 305, 64, 1.87%, 0, 0, 3, 665.66, 129220, 1227
536, 0, 133, 309, 305, 64, 1.87%, 0, 0, 3, 669.65, 132624, 1227
541, 0, 175, 311, 306, 58, 1.87%, 0, 0, 3, 683.85, 136181, 1228
546, 0, 175, 311, 306, 58, 1.87%, 0, 0, 3, 701.18, 139918, 1228
551, 0, 185, 312, 306, 58, 1.87%, 0, 0, 3, 688.64, 143363, 1228
556, 0, 185, 317, 311, 58, 1.91%, 0, 0, 3, 683.96, 146782, 1251
561, 0, 185, 322, 316, 58, 1.98%, 0, 0, 3, 669.36, 149981, 1298
566, 0, 185, 324, 318, 58, 1.99%, 0, 0, 3, 677.94, 153390, 1304
571, 0, 185, 324, 318, 58, 1.99%, 0, 0, 3, 679.13, 156822, 1304
576, 0, 185, 328, 322, 58, 1.99%, 0, 0, 3, 662.86, 160156, 1304
581, 0, 185, 328, 322, 58, 1.99%, 0, 0, 3, 650.73, 163422, 1304
587, 0, 185, 328, 322, 58, 1.99%, 0, 0, 3, 647.48, 166794, 1304
592, 0, 185, 328, 322, 58, 1.99%, 0, 0, 3, 646.99, 170142, 1304
597, 0, 185, 328, 322, 58, 1.99%, 0, 0, 3, 646.67, 173478, 1304
602, 0, 185, 328, 322, 58, 1.99%, 0, 0, 3, 644.51, 176790, 1304
607, 0, 185, 328, 322, 58, 1.99%, 0, 0, 3, 655.18, 180145, 1304
612, 0, 322, 330, 323, 60, 1.99%, 0, 0, 4, 677.82, 183625, 1305
617, 0, 322, 332, 325, 60, 1.99%, 0, 0, 4, 679.17, 187034, 1306
622, 0, 322, 332, 325, 60, 1.99%, 0, 0, 4, 678.65, 190453, 1306
627, 0, 322, 333, 326, 60, 1.99%, 0, 0, 4, 678.97, 193880, 1306
632, 0, 322, 334, 327, 60, 1.99%, 0, 0, 4, 650.74, 197167, 1306
638, 0, 322, 334, 327, 60, 1.99%, 0, 0, 4, 638.73, 200480, 1306
643, 0, 322, 336, 329, 60, 1.99%, 0, 0, 4, 633.86, 203796, 1306
648, 0, 322, 337, 330, 60, 1.99%, 0, 0, 4, 644.61, 207056, 1306
653, 0, 322, 337, 330, 60, 1.99%, 0, 0, 4, 669.68, 210461, 1306
658, 0, 322, 343, 336, 60, 1.99%, 0, 0, 4, 712.17, 214124, 1306
663, 0, 329, 345, 337, 59, 1.99%, 0, 0, 5, 698.94, 217728, 1306
668, 0, 329, 346, 338, 59, 1.99%, 0, 0, 5, 693.30, 221311, 1306
673, 0, 329, 347, 339, 59, 1.99%, 0, 0, 5, 686.81, 224738, 1306
679, 0, 329, 348, 340, 59, 1.99%, 0, 0, 5, 690.82, 228308, 1306
684, 0, 329, 348, 340, 59, 1.99%, 0, 0, 5, 735.46, 232175, 1306
689, 0, 329, 348, 340, 59, 1.99%, 0, 0, 5, 744.50, 236025, 1306
694, 0, 329, 348, 340, 59, 1.99%, 0, 0, 5, 746.19, 239875, 1306
699, 0, 329, 348, 340, 59, 1.99%, 0, 0, 5, 688.23, 243282, 1306
704, 0, 329, 348, 340, 59, 1.99%, 0, 0, 5, 690.24, 246834, 1306
709, 0, 329, 348, 340, 59, 1.99%, 0, 0, 5, 661.28, 250155, 1306
714, 0, 316, 348, 339, 58, 1.99%, 0, 0, 5, 657.30, 253582, 1306
719, 0, 316, 350, 341, 58, 1.99%, 0, 0, 5, 677.24, 256996, 1307
725, 0, 316, 350, 341, 58, 1.99%, 0, 0, 5, 703.71, 260770, 1307
730, 0, 316, 350, 341, 58, 1.99%, 0, 0, 5, 664.47, 264056, 1307
735, 0, 269, 352, 342, 58, 1.99%, 0, 0, 5, 715.39, 267760, 1307
740, 0, 269, 353, 343, 58, 1.99%, 0, 0, 5, 732.28, 271604, 1307
745, 0, 116, 353, 342, 55, 1.99%, 0, 0, 5, 735.03, 275301, 1307
750, 0, 97, 353, 341, 54, 1.99%, 0, 0, 5, 705.42, 278834, 1307
755, 0, 97, 354, 342, 54, 1.99%, 0, 0, 5, 688.62, 282293, 1307
760, 0, 52, 354, 341, 54, 1.99%, 0, 0, 5, 528.93, 285058, 1307
765, 0, 52, 354, 341, 54, 1.99%, 0, 0, 5, 232.49, 285802, 1307
771, 0, 52, 354, 341, 54, 1.99%, 0, 0, 5, 265.17, 286961, 1307
776, 0, 52, 354, 341, 54, 1.99%, 0, 0, 5, 160.35, 287648, 1307
781, 0, 52, 355, 342, 54, 1.99%, 0, 0, 5, 139.79, 288346, 1307
786, 0, 52, 355, 342, 54, 1.99%, 0, 0, 5, 129.80, 288976, 1307
791, 0, 52, 355, 342, 54, 1.99%, 0, 0, 5, 125.27, 289646, 1307
796, 0, 351, 359, 345, 53, 1.99%, 0, 0, 5, 729.48, 291577, 1307
801, 0, 351, 363, 349, 53, 1.99%, 0, 0, 5, 753.38, 295395, 1307
806, 0, 351, 364, 350, 53, 1.99%, 0, 0, 5, 758.89, 299288, 1307
812, 0, 351, 364, 350, 53, 1.99%, 0, 0, 5, 760.04, 303188, 1307
817, 0, 351, 364, 350, 53, 1.99%, 0, 0, 5, 747.91, 307069, 1307
822, 0, 351, 364, 350, 53, 1.99%, 0, 0, 5, 747.13, 310919, 1307
827, 0, 351, 364, 350, 53, 1.99%, 0, 0, 5, 745.85, 314769, 1307
832, 0, 351, 365, 351, 53, 1.99%, 0, 0, 5, 128.96, 316039, 1307
837, 0, 351, 365, 351, 53, 1.99%, 0, 0, 5, 721.88, 318275, 1307
842, 0, 351, 366, 352, 53, 1.99%, 0, 0, 5, 669.95, 321573, 1307
847, 0, 160, 366, 351, 52, 1.99%, 0, 0, 5, 724.50, 325393, 1307
852, 0, 353, 366, 350, 51, 1.99%, 0, 0, 5, 708.32, 328988, 1307
858, 0, 353, 367, 351, 51, 1.99%, 0, 0, 5, 697.56, 332524, 1307
863, 0, 356, 368, 351, 50, 1.99%, 0, 0, 5, 711.98, 336035, 1307
868, 0, 356, 368, 351, 50, 1.99%, 0, 0, 5, 727.73, 339653, 1307
873, 0, 356, 369, 352, 50, 1.99%, 0, 0, 6, 740.31, 343493, 1307
878, 0, 347, 374, 356, 49, 1.99%, 0, 0, 6, 725.37, 347133, 1307
883, 0, 347, 375, 357, 49, 1.99%, 0, 0, 6, 713.93, 350767, 1307
888, 0, 347, 378, 360, 49, 1.99%, 0, 0, 6, 710.19, 354389, 1307
893, 0, 347, 380, 362, 49, 1.99%, 0, 0, 6, 731.54, 358083, 1307
898, 0, 347, 380, 362, 49, 1.99%, 0, 0, 6, 755.21, 362027, 1307
903, 0, 347, 380, 362, 49, 1.99%, 0, 0, 6, 748.85, 365822, 1307
908, 0, 347, 380, 362, 49, 1.99%, 0, 0, 6, 733.61, 369571, 1307
914, 0, 347, 380, 362, 49, 1.99%, 0, 0, 6, 739.15, 373425, 1307
919, 0, 374, 380, 361, 47, 1.99%, 0, 0, 6, 733.81, 377118, 1307
924, 0, 374, 380, 361, 47, 1.99%, 0, 0, 6, 751.14, 381022, 1307
929, 0, 374, 380, 361, 47, 1.99%, 0, 0, 6, 755.23, 384850, 1307
934, 0, 379, 380, 360, 46, 1.99%, 0, 0, 6, 754.52, 388681, 1307
939, 0, 379, 384, 364, 46, 1.99%, 0, 0, 7, 725.43, 392351, 1307
944, 0, 379, 384, 364, 46, 1.99%, 0, 0, 7, 719.35, 396047, 1307
949, 0, 379, 384, 364, 46, 1.99%, 0, 0, 7, 731.73, 399733, 1307
954, 0, 379, 384, 364, 46, 1.99%, 0, 0, 7, 750.48, 403583, 1307
959, 0, 379, 384, 364, 46, 1.99%, 0, 0, 7, 755.14, 407451, 1307
965, 0, 379, 384, 364, 46, 1.99%, 0, 0, 7, 754.84, 411279, 1307
970, 0, 379, 384, 364, 46, 1.99%, 0, 0, 7, 742.90, 415113, 1307
975, 0, 155, 384, 363, 45, 1.99%, 0, 0, 7, 685.41, 418550, 1307
980, 0, 155, 384, 363, 45, 1.99%, 0, 0, 7, 680.37, 422110, 1307
985, 0, 162, 384, 362, 44, 1.99%, 0, 0, 7, 712.58, 425661, 1307
990, 0, 159, 384, 361, 43, 1.99%, 0, 0, 7, 720.43, 429332, 1307
995, 0, 262, 384, 360, 42, 1.99%, 0, 0, 7, 737.58, 433034, 1307
1000, 0, 303, 384, 359, 41, 1.99%, 0, 0, 7, 702.30, 436618, 1307
1005, 0, 303, 384, 359, 41, 1.99%, 0, 0, 7, 687.80, 440093, 1307
1010, 0, 384, 388, 362, 40, 1.99%, 0, 0, 7, 661.71, 443383, 1307
1015, 0, 384, 388, 362, 40, 1.99%, 0, 0, 7, 665.79, 446699, 1307
1020, 0, 384, 388, 362, 40, 1.99%, 0, 0, 7, 690.54, 450288, 1307
1026, 0, 384, 388, 362, 40, 1.99%, 0, 0, 7, 739.33, 454147, 1307
1031, 0, 384, 388, 362, 40, 1.99%, 0, 0, 7, 715.50, 457737, 1307
1036, 0, 384, 388, 362, 40, 1.99%, 0, 0, 7, 662.65, 461057, 1307
1041, 0, 275, 388, 361, 39, 1.99%, 0, 0, 7, 716.33, 464774, 1307
1046, 0, 328, 388, 360, 38, 1.99%, 0, 0, 7, 718.53, 468435, 1307
1051, 0, 328, 389, 361, 38, 1.99%, 0, 0, 7, 719.16, 472113, 1307
1056, 0, 328, 389, 361, 38, 1.99%, 0, 0, 7, 689.20, 475575, 1307
1061, 0, 328, 389, 361, 38, 1.99%, 0, 0, 7, 689.41, 479057, 1307
1066, 0, 310, 390, 361, 37, 1.99%, 0, 0, 7, 677.51, 482510, 1307
1071, 0, 310, 391, 362, 37, 1.99%, 0, 0, 7, 681.86, 485968, 1307
1076, 0, 237, 391, 361, 36, 1.99%, 0, 0, 7, 92.12, 487016, 1307
1081, 0, 237, 392, 362, 36, 1.99%, 0, 0, 7, 138.39, 487749, 1307
1086, 0, 237, 393, 363, 36, 1.99%, 0, 0, 7, 125.75, 488371, 1307
1091, 0, 237, 393, 363, 36, 1.99%, 0, 0, 7, 150.58, 489267, 1307
1096, 0, 205, 393, 362, 34, 1.99%, 0, 0, 7, 372.38, 490965, 1307
1102, 0, 205, 393, 362, 34, 1.99%, 0, 0, 7, 607.87, 494431, 1307
1107, 0, 145, 393, 361, 33, 1.99%, 0, 0, 7, 668.87, 497936, 1307
1112, 0, 247, 393, 360, 32, 1.99%, 0, 0, 7, 632.27, 501159, 1307
1117, 0, 247, 393, 360, 32, 1.99%, 0, 0, 7, 132.74, 502065, 1307
1122, 0, 247, 393, 360, 32, 1.99%, 0, 0, 7, 129.25, 502725, 1307
1127, 0, 247, 393, 360, 32, 1.99%, 0, 0, 7, 129.88, 503389, 1307
1132, 0, 247, 393, 360, 32, 1.99%, 0, 0, 7, 135.86, 504087, 1307
1137, 0, 247, 393, 360, 32, 1.99%, 0, 0, 7, 190.06, 504978, 1307
1142, 0, 179, 393, 359, 31, 1.99%, 0, 0, 7, 528.68, 507681, 1307
1147, 0, 317, 394, 359, 30, 1.99%, 0, 0, 7, 42.40, 510131, 1307
1152, 0, 317, 395, 360, 30, 1.99%, 0, 0, 7, 204.76, 510347, 1307
1158, 0, 317, 396, 361, 30, 2.00%, 0, 0, 7, 117.98, 510862, 1310
1163, 0, 317, 396, 361, 30, 2.00%, 0, 0, 7, 66.16, 511120, 1310
1168, 0, 317, 396, 361, 30, 2.00%, 0, 0, 7, 51.98, 511469, 1310
1173, 0, 317, 396, 361, 30, 2.00%, 0, 0, 7, 50.53, 511884, 1310
1178, 0, 364, 397, 361, 30, 2.00%, 0, 0, 7, 104.85, 512527, 1310
1183, 0, 364, 397, 361, 30, 2.00%, 0, 0, 7, 170.06, 513375, 1310
1188, 0, 364, 397, 361, 30, 2.00%, 0, 0, 7, 150.02, 514191, 1310
1193, 0, 364, 397, 361, 30, 2.00%, 0, 0, 7, 167.55, 515046, 1310
1198, 0, 364, 397, 361, 30, 2.00%, 0, 0, 7, 183.11, 515913, 1310
1203, 0, 364, 399, 363, 30, 2.00%, 0, 0, 7, 157.92, 516721, 1310
1208, 0, 364, 399, 363, 30, 2.00%, 0, 0, 7, 136.17, 517355, 1310
1213, 0, 267, 399, 362, 29, 2.00%, 0, 0, 7, 464.93, 519653, 1310
1218, 0, 375, 399, 361, 28, 2.00%, 0, 0, 7, 683.79, 523456, 1310
1224, 0, 375, 399, 361, 28, 2.00%, 0, 0, 7, 725.96, 527248, 1310
1229, 0, 375, 399, 361, 28, 2.00%, 0, 0, 7, 736.02, 530952, 1310
1234, 0, 375, 399, 361, 28, 2.00%, 0, 0, 7, 725.55, 534602, 1310
1239, 0, 349, 401, 362, 27, 2.00%, 0, 0, 7, 670.71, 537904, 1310
1244, 0, 349, 402, 363, 27, 2.00%, 0, 0, 7, 676.28, 541331, 1310
1249, 0, 349, 402, 363, 27, 2.00%, 0, 0, 7, 670.85, 544726, 1310
1254, 0, 349, 403, 364, 27, 2.00%, 0, 0, 7, 635.92, 547896, 1310
1259, 0, 349, 404, 365, 27, 2.00%, 0, 0, 7, 634.06, 551072, 1310
1264, 0, 349, 404, 365, 27, 2.00%, 0, 0, 7, 631.71, 554240, 1310
1269, 0, 349, 404, 365, 27, 2.00%, 0, 0, 7, 625.23, 557408, 1310
1274, 0, 349, 404, 365, 27, 2.00%, 0, 0, 7, 626.48, 560576, 1310
1279, 0, 349, 404, 365, 27, 2.00%, 0, 0, 7, 663.74, 563979, 1310
1284, 0, 349, 404, 365, 27, 2.00%, 0, 0, 7, 661.09, 567409, 1310
1289, 0, 143, 404, 364, 26, 2.00%, 0, 0, 7, 685.24, 570840, 1310
1294, 0, 143, 404, 364, 26, 2.00%, 0, 0, 7, 607.76, 573745, 1310
1299, 0, 143, 404, 364, 26, 2.00%, 0, 0, 7, 98.92, 575538, 1310
1305, 0, 143, 404, 364, 26, 2.00%, 0, 0, 7, 735.44, 576525, 1310
1310, 0, 393, 404, 363, 25, 2.00%, 0, 0, 7, 693.60, 579902, 1310
1315, 0, 398, 404, 362, 24, 2.00%, 0, 0, 7, 660.34, 583254, 1310
1320, 0, 398, 405, 363, 24, 2.00%, 0, 0, 7, 113.01, 583816, 1310
1325, 0, 398, 405, 363, 24, 2.00%, 0, 0, 7, 158.03, 584574, 1310
1330, 0, 398, 407, 365, 24, 2.00%, 0, 0, 7, 263.11, 586199, 1310
1335, 0, 398, 407, 365, 24, 2.00%, 0, 0, 7, 157.70, 586846, 1310
1340, 0, 398, 410, 368, 24, 2.00%, 0, 0, 7, 131.18, 587480, 1310
1345, 0, 398, 410, 368, 24, 2.00%, 0, 0, 7, 118.63, 588064, 1310
1350, 0, 398, 410, 368, 24, 2.00%, 0, 0, 7, 131.41, 588706, 1310
1356, 0, 398, 412, 370, 24, 2.00%, 0, 0, 7, 126.53, 589354, 1310
1361, 0, 398, 412, 370, 24, 2.00%, 0, 0, 7, 119.94, 589958, 1310
1366, 0, 398, 412, 370, 24, 2.00%, 0, 0, 7, 127.54, 590616, 1310
1371, 0, 384, 412, 369, 23, 2.00%, 0, 0, 7, 453.33, 592872, 1310
1376, 0, 384, 412, 369, 23, 2.00%, 0, 0, 7, 619.35, 596291, 1310
1381, 0, 384, 412, 369, 23, 2.00%, 0, 0, 7, 656.10, 599703, 1310
1386, 0, 384, 412, 369, 23, 2.00%, 0, 0, 7, 661.98, 603055, 1310
1391, 0, 109, 412, 369, 23, 2.00%, 0, 0, 7, 700.28, 606694, 1310
1396, 0, 194, 412, 368, 22, 2.00%, 0, 0, 7, 696.04, 610210, 1310
1401, 0, 314, 412, 367, 21, 2.00%, 0, 0, 7, 665.64, 613545, 1310
1406, 0, 314, 412, 367, 21, 2.00%, 0, 0, 7, 673.92, 616957, 1310
1412, 0, 276, 412, 366, 20, 2.00%, 0, 0, 7, 705.04, 620577, 1310
1417, 0, 160, 412, 365, 19, 2.00%, 0, 0, 7, 726.86, 624269, 1310
1422, 0, 160, 412, 365, 19, 2.00%, 0, 0, 7, 695.59, 627738, 1310
1427, 0, 160, 413, 366, 19, 2.00%, 0, 0, 7, 732.20, 631585, 1310
1432, 0, 160, 413, 366, 19, 2.00%, 0, 0, 7, 716.23, 635197, 1310
1437, 0, 160, 413, 366, 19, 2.00%, 0, 0, 7, 727.49, 638858, 1310
1442, 0, 160, 413, 366, 19, 2.00%, 0, 0, 7, 737.06, 642687, 1310
1447, 0, 160, 413, 366, 19, 2.00%, 0, 0, 7, 737.80, 646516, 1310
1452, 0, 94, 413, 366, 19, 2.00%, 0, 0, 7, 723.54, 650166, 1310
1457, 0, 94, 413, 366, 19, 2.00%, 0, 0, 7, 685.11, 653559, 1310
1463, 0, 199, 414, 366, 18, 2.04%, 0, 0, 7, 92.62, 654821, 1338
1468, 0, 199, 414, 366, 18, 2.04%, 0, 0, 7, 49.24, 656146, 1338
1473, 0, 199, 414, 366, 18, 2.04%, 0, 0, 7, 57.11, 656441, 1338
1478, 0, 199, 414, 366, 18, 2.04%, 0, 0, 7, 52.94, 656714, 1338
1483, 0, 199, 414, 366, 18, 2.04%, 0, 0, 7, 51.92, 656987, 1338
1488, 0, 199, 415, 367, 18, 2.04%, 0, 0, 7, 43.18, 657192, 1338
1493, 0, 199, 415, 367, 18, 2.04%, 0, 0, 7, 44.14, 657415, 1338
1498, 0, 199, 415, 367, 18, 2.04%, 0, 0, 7, 49.78, 657936, 1338
1503, 0, 199, 415, 367, 18, 2.04%, 0, 0, 7, 50.72, 658499, 1338
1509, 0, 199, 415, 367, 18, 2.04%, 0, 0, 7, 51.31, 658774, 1338
1514, 0, 199, 415, 367, 18, 2.04%, 0, 0, 7, 52.36, 659049, 1338
1519, 0, 199, 415, 367, 18, 2.04%, 0, 0, 7, 54.14, 659341, 1338
1524, 0, 199, 415, 367, 18, 2.04%, 0, 0, 7, 58.27, 659647, 1338
1529, 0, 199, 415, 367, 18, 2.04%, 0, 0, 7, 47.93, 660206, 1338
1534, 0, 199, 416, 368, 18, 2.04%, 0, 0, 7, 51.14, 660463, 1338
1539, 0, 318, 416, 367, 18, 2.04%, 0, 0, 7, 725.17, 662600, 1338
1545, 0, 358, 417, 367, 16, 2.04%, 0, 0, 7, 715.36, 666264, 1338
1550, 0, 358, 417, 367, 16, 2.04%, 0, 0, 7, 699.29, 669779, 1338
1555, 0, 358, 417, 367, 16, 2.04%, 0, 0, 7, 707.73, 673296, 1338
1560, 0, 330, 417, 366, 15, 2.04%, 0, 0, 7, 687.16, 676735, 1338
1565, 0, 330, 417, 366, 15, 2.04%, 0, 0, 7, 692.40, 680161, 1338
1570, 0, 330, 418, 367, 15, 2.04%, 0, 0, 7, 676.57, 683634, 1338
1575, 0, 196, 418, 366, 14, 2.04%, 0, 0, 7, 662.72, 686920, 1338
1580, 0, 196, 418, 366, 14, 2.04%, 0, 0, 7, 659.37, 690209, 1338
1585, 0, 147, 418, 365, 13, 2.04%, 0, 0, 7, 675.02, 693625, 1338
1590, 0, 147, 418, 365, 13, 2.04%, 0, 0, 7, 682.93, 697072, 1338
1595, 0, 313, 419, 365, 12, 2.04%, 0, 0, 7, 57.28, 699089, 1338
1600, 0, 313, 419, 365, 12, 2.04%, 0, 0, 7, 55.68, 699374, 1338
1605, 0, 313, 419, 365, 12, 2.04%, 0, 0, 7, 53.59, 699647, 1338
1610, 0, 313, 419, 365, 12, 2.04%, 0, 0, 7, 42.84, 701370, 1338
1616, 0, 313, 419, 365, 12, 2.04%, 0, 0, 7, 44.16, 701600, 1338
1621, 0, 313, 419, 365, 12, 2.04%, 0, 0, 7, 50.42, 701862, 1338
1626, 0, 313, 419, 365, 12, 2.04%, 0, 0, 7, 52.91, 702143, 1338
1631, 0, 313, 419, 365, 12, 2.04%, 0, 0, 7, 44.15, 702439, 1338
1636, 0, 313, 419, 365, 12, 2.04%, 0, 0, 7, 46.15, 702782, 1338
1641, 0, 313, 419, 365, 12, 2.04%, 0, 0, 7, 637.35, 703343, 1338
1646, 0, 313, 419, 365, 12, 2.04%, 0, 0, 7, 52.96, 704540, 1338
1651, 0, 313, 419, 365, 12, 2.04%, 0, 0, 7, 60.75, 704847, 1338
1657, 0, 313, 419, 365, 12, 2.04%, 0, 0, 7, 55.74, 705130, 1338
1662, 0, 313, 419, 365, 12, 2.04%, 0, 0, 7, 46.16, 705836, 1338
1667, 0, 313, 419, 365, 12, 2.04%, 0, 0, 7, 278.61, 706131, 1338
1672, 0, 313, 419, 365, 12, 2.04%, 0, 0, 7, 50.00, 707144, 1338
1677, 0, 368, 419, 364, 11, 2.04%, 0, 0, 7, 592.47, 708048, 1338
1682, 0, 368, 420, 365, 11, 2.04%, 0, 0, 7, 679.50, 711701, 1339
1688, 0, 368, 421, 366, 11, 2.04%, 0, 0, 7, 733.20, 715559, 1339
1693, 0, 368, 422, 367, 11, 2.04%, 0, 0, 7, 739.41, 719361, 1340
1698, 0, 368, 423, 368, 11, 2.04%, 0, 0, 7, 724.13, 723143, 1340
1703, 0, 368, 423, 368, 11, 2.04%, 0, 0, 7, 736.70, 726949, 1340
1708, 0, 112, 423, 367, 12, 2.04%, 0, 0, 7, 718.09, 730708, 1340
1713, 0, 112, 423, 367, 12, 2.04%, 0, 0, 7, 687.17, 734084, 1340
1718, 0, 162, 425, 368, 11, 2.04%, 0, 0, 7, 687.08, 737535, 1340
1723, 0, 162, 427, 370, 11, 2.04%, 0, 0, 7, 650.70, 740853, 1340
1729, 0, 162, 427, 370, 11, 2.04%, 0, 0, 7, 698.46, 744435, 1340
1734, 0, 162, 427, 370, 11, 2.04%, 0, 0, 7, 695.23, 747901, 1340
1739, 0, 162, 427, 370, 11, 2.04%, 0, 0, 7, 692.77, 751484, 1340
1744, 0, 415, 427, 370, 11, 2.04%, 0, 0, 7, 38.15, 753338, 1340
1749, 0, 415, 427, 370, 11, 2.04%, 0, 0, 7, 38.74, 753528, 1340
1754, 0, 415, 428, 371, 11, 2.04%, 0, 0, 7, 51.12, 753833, 1340
1759, 0, 415, 428, 371, 11, 2.04%, 0, 0, 7, 63.36, 754175, 1340
1764, 0, 415, 429, 372, 11, 2.04%, 0, 0, 7, 59.39, 754474, 1340
1769, 0, 419, 429, 371, 10, 2.04%, 0, 0, 7, 671.04, 756056, 1340
1774, 0, 419, 430, 372, 10, 2.04%, 0, 0, 8, 693.33, 759671, 1340
1780, 0, 419, 430, 372, 10, 2.04%, 0, 0, 8, 735.61, 763525, 1340
1785, 0, 419, 430, 372, 10, 2.04%, 0, 0, 8, 745.92, 767359, 1340
1790, 0, 419, 430, 372, 10, 2.04%, 0, 0, 8, 730.46, 771177, 1340
1795, 0, 164, 430, 371, 9, 2.04%, 0, 0, 8, 729.03, 774977, 1340
1800, 0, 164, 430, 371, 9, 2.04%, 0, 0, 8, 700.02, 778441, 1340
1805, 0, 381, 430, 370, 8, 2.04%, 0, 0, 8, 699.74, 782009, 1340
1811, 0, 381, 430, 370, 8, 2.04%, 0, 0, 8, 735.28, 785815, 1340
1816, 0, 381, 430, 370, 8, 2.04%, 0, 0, 8, 741.02, 789661, 1340
1821, 0, 395, 430, 369, 7, 2.04%, 0, 0, 8, 712.81, 793283, 1340
1826, 0, 395, 431, 370, 7, 2.05%, 0, 0, 8, 623.16, 796395, 1341
1831, 0, 395, 431, 370, 7, 2.05%, 0, 0, 8, 658.22, 799831, 1341
1836, 0, 395, 431, 370, 7, 2.05%, 0, 0, 8, 671.46, 803171, 1341
1841, 0, 320, 431, 369, 7, 2.05%, 0, 0, 8, 686.55, 806743, 1341
1846, 0, 320, 431, 369, 7, 2.05%, 0, 0, 8, 661.20, 810043, 1341
1851, 0, 162, 431, 368, 6, 2.05%, 0, 0, 8, 669.33, 813529, 1341
1856, 0, 162, 431, 368, 6, 2.05%, 0, 0, 8, 719.54, 817253, 1341
1861, 0, 430, 431, 368, 6, 2.05%, 0, 0, 8, 605.73, 820211, 1341
1867, 0, 430, 431, 368, 6, 2.05%, 0, 0, 8, 700.78, 823936, 1341
1872, 0, 430, 431, 368, 6, 2.05%, 0, 0, 8, 675.41, 827327, 1341
1877, 0, 338, 432, 368, 5, 2.05%, 0, 0, 8, 714.01, 830884, 1341
1882, 0, 338, 432, 368, 5, 2.05%, 0, 0, 8, 737.22, 834710, 1341
1887, 0, 338, 432, 368, 5, 2.05%, 0, 0, 8, 743.80, 838570, 1341
1892, 0, 421, 432, 367, 4, 2.05%, 0, 0, 8, 727.20, 842350, 1341
1897, 0, 421, 432, 367, 4, 2.05%, 0, 0, 8, 696.06, 845839, 1341
1902, 0, 421, 432, 367, 4, 2.05%, 0, 0, 8, 710.85, 849432, 1341
1907, 0, 421, 432, 367, 4, 2.05%, 0, 0, 8, 737.45, 853262, 1341
1913, 0, 431, 434, 368, 3, 2.05%, 0, 0, 8, 747.79, 857113, 1341
1918, 0, 431, 435, 369, 3, 2.05%, 0, 0, 8, 757.85, 860958, 1341
1923, 0, 431, 435, 369, 3, 2.05%, 0, 0, 8, 751.04, 864732, 1341
1928, 0, 431, 435, 369, 3, 2.05%, 0, 0, 8, 747.01, 868585, 1341
1933, 0, 431, 435, 369, 3, 2.05%, 0, 0, 8, 742.54, 872409, 1341
1938, 0, 247, 436, 369, 3, 2.05%, 0, 0, 8, 696.29, 876085, 1341
1943, 0, 247, 436, 369, 3, 2.05%, 0, 0, 8, 405.55, 877986, 1341
1948, 0, 247, 436, 369, 3, 2.05%, 0, 0, 8, 184.83, 878606, 1341
1954, 0, 247, 436, 369, 3, 2.05%, 0, 0, 8, 235.65, 879874, 1341
1959, 0, 247, 436, 369, 3, 2.05%, 0, 0, 8, 144.48, 880488, 1341
1964, 0, 247, 436, 369, 3, 2.05%, 0, 0, 8, 120.78, 881020, 1341
1969, 0, 247, 436, 369, 3, 2.05%, 0, 0, 8, 730.40, 882140, 1341
1974, 0, 247, 436, 369, 3, 2.05%, 0, 0, 8, 145.73, 882934, 1341
1979, 0, 247, 436, 369, 3, 2.05%, 0, 0, 8, 755.00, 883704, 1341
1984, 0, 247, 436, 369, 3, 2.05%, 0, 0, 8, 115.09, 885250, 1341
1989, 0, 247, 436, 369, 3, 2.05%, 0, 0, 8, 130.98, 885946, 1341
1994, 0, 247, 436, 369, 3, 2.05%, 0, 0, 8, 131.74, 887182, 1341
1999, 0, 247, 436, 369, 3, 2.05%, 0, 0, 8, 126.67, 887830, 1341
2004, 0, 368, 436, 369, 3, 2.05%, 0, 0, 8, 716.06, 889960, 1341
2009, 0, 368, 436, 369, 3, 2.05%, 0, 0, 8, 714.82, 893662, 1341
2015, 0, 368, 436, 369, 3, 2.05%, 0, 0, 8, 738.02, 897524, 1341
2020, 0, 419, 437, 370, 4, 2.05%, 0, 0, 8, 739.90, 901358, 1343
2025, 0, 419, 437, 370, 4, 2.05%, 0, 0, 8, 721.11, 905056, 1343
2030, 0, 419, 437, 370, 4, 2.05%, 0, 0, 8, 725.49, 908806, 1343
2035, 0, 419, 437, 370, 4, 2.05%, 0, 0, 8, 733.31, 912609, 1343
2040, 0, 419, 437, 370, 4, 2.05%, 0, 0, 8, 743.03, 916455, 1343
2045, 0, 162, 437, 370, 4, 2.05%, 0, 0, 8, 703.81, 919940, 1343
2050, 0, 162, 438, 371, 4, 2.06%, 0, 0, 8, 681.70, 923374, 1348
2055, 0, 437, 438, 371, 5, 2.06%, 0, 0, 8, 671.20, 926735, 1348
2061, 0, 437, 438, 371, 5, 2.06%, 0, 0, 8, 699.94, 930255, 1348
2066, 0, 384, 438, 370, 4, 2.06%, 0, 0, 8, 663.49, 933660, 1348
2071, 0, 384, 438, 370, 4, 2.06%, 0, 0, 8, 662.38, 936976, 1348
2076, 0, 384, 438, 370, 4, 2.06%, 0, 0, 8, 679.19, 940598, 1348
2081, 0, 162, 438, 370, 4, 2.06%, 0, 0, 8, 686.78, 944067, 1348
2086, 0, 162, 438, 370, 4, 2.06%, 0, 0, 8, 711.13, 947829, 1348
2091, 0, 436, 440, 372, 4, 2.06%, 0, 0, 8, 689.15, 951306, 1349
2096, 0, 436, 440, 372, 4, 2.06%, 0, 0, 8, 689.88, 954830, 1349
2102, 0, 436, 440, 372, 4, 2.06%, 0, 0, 8, 724.46, 958641, 1349
2107, 0, 436, 440, 372, 4, 2.06%, 0, 0, 8, 743.29, 962462, 1349
2112, 0, 436, 440, 372, 4, 2.06%, 0, 0, 8, 747.36, 966311, 1349
2117, 0, 438, 440, 371, 4, 2.06%, 0, 0, 8, 719.07, 969991, 1349
2122, 0, 438, 440, 371, 4, 2.06%, 0, 0, 8, 744.22, 973827, 1349
2127, 0, 438, 440, 371, 4, 2.06%, 0, 0, 8, 749.58, 977675, 1349
2132, 0, 438, 440, 371, 4, 2.06%, 0, 0, 8, 748.74, 981519, 1349
2138, 0, 207, 440, 369, 3, 2.06%, 0, 0, 8, 700.88, 985187, 1349
2143, 0, 207, 441, 370, 3, 2.06%, 0, 0, 8, 678.14, 988534, 1349
2148, 0, 175, 441, 369, 2, 2.06%, 0, 0, 8, 708.61, 992089, 1349
2153, 0, 175, 441, 369, 2, 2.06%, 0, 0, 8, 701.61, 995715, 1349
2158, 0, 175, 441, 369, 2, 2.06%, 0, 0, 8, 692.01, 999387, 1349
2163, 0, 175, 441, 369, 2, 2.06%, 0, 0, 8, 666.86, 1002827, 1349
2168, 0, 175, 441, 369, 2, 2.06%, 0, 0, 8, 725.61, 1006595, 1349
2174, 0, 175, 441, 369, 2, 2.06%, 0, 0, 8, 701.26, 1010208, 1349
2179, 0, 175, 441, 369, 2, 2.06%, 0, 0, 8, 705.00, 1013760, 1349
2184, 0, 175, 441, 369, 2, 2.06%, 0, 0, 8, 692.35, 1017229, 1349
2189, 0, 336, 441, 369, 2, 2.06%, 0, 0, 8, 675.18, 1020639, 1349
2194, 0, 336, 441, 369, 2, 2.06%, 0, 0, 8, 658.79, 1024072, 1349
2199, 0, 336, 441, 369, 2, 2.06%, 0, 0, 8, 661.51, 1027424, 1349
2204, 0, 162, 441, 368, 1, 2.06%, 0, 0, 8, 666.96, 1030906, 1349
2209, 0, 162, 441, 368, 1, 2.06%, 0, 0, 8, 701.04, 1034496, 1349
2214, 0, 384, 441, 368, 1, 2.06%, 0, 0, 8, 663.94, 1037892, 1349
2219, 0, 384, 441, 368, 1, 2.06%, 0, 0, 8, 662.64, 1041325, 1349
2225, 0, 384, 441, 368, 1, 2.06%, 0, 0, 8, 651.96, 1044781, 1349
2230, 0, 143, 441, 368, 1, 2.06%, 0, 0, 8, 681.25, 1048237, 1349
2235, 0, 143, 441, 368, 1, 2.06%, 0, 0, 8, 126.64, 1050585, 1349
2240, 0, 143, 441, 368, 1, 2.06%, 0, 0, 8, 124.77, 1051233, 1349
2245, 0, 143, 441, 368, 1, 2.06%, 0, 0, 8, 480.77, 1054361, 1349
2250, 0, 143, 441, 368, 1, 2.06%, 0, 0, 8, 458.71, 1056071, 1349
2255, 0, 162, 441, 368, 1, 2.06%, 0, 0, 8, 589.68, 1058875, 1349
2260, 0, 162, 442, 369, 1, 2.06%, 0, 0, 8, 668.08, 1062450, 1351
2266, 0, 384, 442, 369, 2, 2.06%, 0, 0, 8, 666.97, 1065912, 1351
2271, 0, 384, 442, 369, 2, 2.06%, 0, 0, 8, 656.12, 1069309, 1351
2276, 0, 384, 442, 369, 2, 2.06%, 0, 0, 8, 691.84, 1072931, 1351
2281, 0, 441, 442, 369, 2, 2.06%, 0, 0, 8, 695.02, 1076518, 1351
2286, 0, 441, 442, 369, 2, 2.06%, 0, 0, 8, 667.18, 1079931, 1351
2291, 0, 374, 442, 368, 1, 2.06%, 0, 0, 8, 691.28, 1083366, 1351
2296, 0, 374, 442, 368, 1, 2.06%, 0, 0, 8, 736.45, 1087195, 1351
2302, 0, 374, 442, 368, 1, 2.06%, 0, 0, 8, 712.24, 1090813, 1351
2307, 0, 374, 442, 368, 1, 2.06%, 0, 0, 8, 731.77, 1094586, 1351
2312, 0, 374, 442, 368, 1, 2.06%, 0, 0, 8, 727.95, 1098368, 1351
2317, 0, 374, 442, 368, 1, 2.06%, 0, 0, 8, 740.72, 1102188, 1351
2322, 0, 374, 442, 368, 1, 2.06%, 0, 0, 8, 746.63, 1106050, 1351
2327, 0, 374, 442, 368, 1, 2.06%, 0, 0, 8, 749.00, 1109901, 1351
2333, 0, 374, 442, 368, 1, 2.06%, 0, 0, 8, 742.83, 1113730, 1351
2338, 0, 374, 442, 368, 1, 2.06%, 0, 0, 8, 751.45, 1117653, 1351
2343, 0, 374, 442, 368, 1, 2.06%, 0, 0, 8, 748.51, 1121524, 1351
2348, 0, 374, 442, 368, 1, 2.06%, 0, 0, 8, 752.58, 1125438, 1351
2353, 0, 374, 443, 369, 1, 2.06%, 0, 0, 8, 754.81, 1129267, 1351
2358, 0, 374, 443, 369, 1, 2.06%, 0, 0, 8, 729.27, 1133015, 1351
2364, 0, 374, 443, 369, 1, 2.06%, 0, 0, 8, 745.07, 1136884, 1351
2369, 0, 374, 443, 369, 1, 2.06%, 0, 0, 8, 745.88, 1140727, 1351
2374, 0, 262, 443, 369, 1, 2.06%, 0, 0, 8, 742.77, 1144519, 1351
2379, 0, 262, 443, 369, 1, 2.06%, 0, 0, 8, 746.55, 1148400, 1351
2384, 0, 262, 443, 369, 1, 2.06%, 0, 0, 8, 743.31, 1152256, 1351
2389, 0, 358, 443, 369, 1, 2.06%, 0, 0, 8, 751.53, 1156115, 1351
2394, 0, 358, 443, 369, 1, 2.06%, 0, 0, 8, 758.45, 1160008, 1351
2400, 0, 358, 443, 369, 1, 2.06%, 0, 0, 8, 756.23, 1163880, 1351
2405, 0, 358, 443, 369, 1, 2.06%, 0, 0, 8, 654.82, 1167269, 1351
2410, 0, 358, 443, 369, 1, 2.06%, 0, 0, 8, 714.18, 1170828, 1351
2415, 0, 358, 443, 369, 1, 2.06%, 0, 0, 8, 662.19, 1174175, 1351
2420, 0, 358, 443, 369, 1, 2.06%, 0, 0, 8, 713.61, 1177848, 1351
2425, 0, 358, 443, 369, 1, 2.06%, 0, 0, 8, 718.54, 1181456, 1351
2430, 0, 358, 443, 369, 1, 2.06%, 0, 0, 8, 736.50, 1185288, 1351
2435, 0, 358, 443, 369, 1, 2.06%, 0, 0, 8, 740.47, 1189096, 1351
2440, 0, 287, 443, 369, 1, 2.06%, 0, 0, 8, 697.85, 1192749, 1351
2445, 0, 287, 443, 369, 1, 2.06%, 0, 0, 8, 675.24, 1196123, 1351
2451, 0, 384, 443, 368, 1, 2.06%, 0, 0, 8, 668.38, 1199583, 1351
2456, 0, 384, 443, 368, 1, 2.06%, 0, 0, 8, 716.88, 1203212, 1351
2461, 0, 384, 443, 368, 1, 2.06%, 0, 0, 8, 705.31, 1206750, 1351
2466, 0, 384, 444, 369, 1, 2.07%, 0, 0, 8, 674.74, 1210240, 1357
2471, 0, 356, 444, 369, 2, 2.07%, 0, 0, 8, 730.51, 1214075, 1357
2476, 0, 356, 444, 369, 2, 2.07%, 0, 0, 8, 730.98, 1217854, 1357
2481, 0, 443, 444, 369, 2, 2.07%, 0, 0, 8, 679.48, 1221337, 1357
2487, 0, 443, 444, 369, 2, 2.07%, 0, 0, 8, 677.86, 1224809, 1357
2492, 0, 443, 444, 369, 2, 2.07%, 0, 0, 8, 660.52, 1228109, 1357
2497, 0, 443, 444, 369, 2, 2.07%, 0, 0, 8, 652.54, 1231353, 1357
2502, 0, 313, 444, 368, 1, 2.07%, 0, 0, 8, 50.33, 1231694, 1357
2507, 0, 313, 444, 368, 1, 2.07%, 0, 0, 8, 49.47, 1231936, 1357
2512, 0, 313, 444, 368, 1, 2.07%, 0, 0, 8, 52.76, 1232212, 1357
2517, 0, 313, 444, 368, 1, 2.07%, 0, 0, 8, 50.73, 1232469, 1357
2522, 0, 313, 444, 368, 1, 2.07%, 0, 0, 8, 50.71, 1232725, 1357
2527, 0, 313, 444, 368, 1, 2.07%, 0, 0, 8, 54.18, 1233005, 1357
2532, 0, 313, 444, 368, 1, 2.07%, 0, 0, 8, 50.16, 1233252, 1357
2537, 0, 313, 444, 368, 1, 2.07%, 0, 0, 8, 53.35, 1233520, 1357
2543, 0, 313, 444, 368, 1, 2.07%, 0, 0, 8, 50.76, 1233789, 1357
2548, 0, 313, 444, 368, 1, 2.07%, 0, 0, 8, 53.94, 1234065, 1357
2553, 0, 313, 444, 368, 1, 2.07%, 0, 0, 8, 53.95, 1234335, 1357
2558, 0, 313, 444, 368, 1, 2.07%, 0, 0, 8, 49.91, 1234583, 1357
2563, 0, 313, 444, 368, 1, 2.07%, 0, 0, 8, 52.09, 1234856, 1357
2569, 0, 313, 444, 368, 1, 2.07%, 0, 0, 8, 670.86, 1236969, 1357
2574, 0, 313, 444, 368, 1, 2.07%, 0, 0, 8, 50.10, 1238639, 1357
2579, 0, 313, 444, 368, 1, 2.07%, 0, 0, 8, 49.98, 1238891, 1357
2584, 0, 313, 444, 368, 1, 2.07%, 0, 0, 8, 50.18, 1239156, 1357
2589, 0, 313, 444, 368, 1, 2.07%, 0, 0, 8, 51.99, 1239422, 1357
2594, 0, 313, 444, 368, 1, 2.07%, 0, 0, 8, 52.75, 1239692, 1357
2599, 0, 313, 444, 368, 1, 2.07%, 0, 0, 8, 51.83, 1239953, 1357
2604, 0, 313, 444, 368, 1, 2.07%, 0, 0, 8, 52.74, 1240217, 1357
2609, 0, 313, 444, 368, 1, 2.07%, 0, 0, 8, 49.32, 1240459, 1357
2615, 0, 313, 444, 368, 1, 2.07%, 0, 0, 8, 49.35, 1240708, 1357
2620, 0, 313, 444, 368, 1, 2.07%, 0, 0, 8, 49.10, 1240957, 1357
2625, 0, 313, 444, 368, 1, 2.07%, 0, 0, 8, 52.60, 1241238, 1357
2630, 0, 313, 444, 368, 1, 2.07%, 0, 0, 8, 49.17, 1241487, 1357
2635, 0, 313, 444, 368, 1, 2.07%, 0, 0, 8, 49.99, 1241735, 1357
2640, 0, 313, 444, 368, 1, 2.07%, 0, 0, 8, 47.98, 1241977, 1357
2645, 0, 313, 444, 368, 1, 2.07%, 0, 0, 8, 51.11, 1244286, 1357
2650, 0, 313, 444, 368, 1, 2.07%, 0, 0, 8, 50.35, 1244544, 1357
2655, 0, 313, 444, 368, 1, 2.07%, 0, 0, 8, 49.34, 1244795, 1357
2660, 0, 313, 444, 368, 1, 2.07%, 0, 0, 8, 48.27, 1245035, 1357
2666, 0, 313, 444, 368, 1, 2.07%, 0, 0, 8, 49.12, 1245301, 1357
2671, 0, 313, 444, 368, 1, 2.07%, 0, 0, 8, 48.69, 1245550, 1357
2676, 0, 313, 444, 368, 1, 2.07%, 0, 0, 8, 50.57, 1245811, 1357
2681, 0, 313, 444, 368, 1, 2.07%, 0, 0, 8, 481.11, 1246848, 1357
2686, 0, 313, 444, 368, 1, 2.07%, 0, 0, 8, 48.06, 1248368, 1357
2691, 0, 313, 444, 368, 1, 2.07%, 0, 0, 8, 51.30, 1248639, 1357
2696, 0, 313, 444, 368, 1, 2.07%, 0, 0, 8, 52.62, 1248905, 1357
2701, 0, 313, 444, 368, 1, 2.07%, 0, 0, 8, 51.78, 1249167, 1357
2706, 0, 313, 444, 368, 1, 2.07%, 0, 0, 8, 51.95, 1249440, 1357
2711, 0, 313, 444, 368, 1, 2.07%, 0, 0, 8, 52.14, 1249706, 1357
2716, 0, 313, 444, 368, 1, 2.07%, 0, 0, 8, 53.37, 1249980, 1357
2721, 0, 313, 444, 368, 1, 2.07%, 0, 0, 8, 45.16, 1250435, 1357
2727, 0, 313, 444, 368, 1, 2.07%, 0, 0, 8, 49.01, 1250693, 1357
2732, 0, 313, 444, 368, 1, 2.07%, 0, 0, 8, 49.66, 1250952, 1357
2737, 0, 313, 444, 368, 1, 2.07%, 0, 0, 8, 49.39, 1251210, 1357
2742, 0, 313, 444, 368, 1, 2.07%, 0, 0, 8, 50.25, 1251473, 1357
2747, 0, 313, 444, 368, 1, 2.07%, 0, 0, 8, 46.67, 1251708, 1357
2752, 0, 313, 444, 368, 1, 2.07%, 0, 0, 8, 49.25, 1251951, 1357
2757, 0, 313, 444, 368, 1, 2.07%, 0, 0, 8, 48.06, 1254241, 1357
2762, 0, 313, 445, 369, 1, 2.07%, 0, 0, 8, 47.15, 1254475, 1357
2767, 0, 313, 445, 369, 1, 2.07%, 0, 0, 8, 49.43, 1254732, 1357
2773, 0, 313, 445, 369, 1, 2.07%, 0, 0, 8, 53.24, 1255014, 1357
2778, 0, 313, 445, 369, 1, 2.07%, 0, 0, 8, 48.67, 1255256, 1357
2783, 0, 313, 445, 369, 1, 2.07%, 0, 0, 8, 47.09, 1255495, 1357
2788, 0, 313, 445, 369, 1, 2.07%, 0, 0, 8, 47.18, 1255736, 1357
2793, 0, 313, 445, 369, 1, 2.07%, 0, 0, 8, 47.27, 1255971, 1357
2798, 0, 313, 445, 369, 1, 2.07%, 0, 0, 8, 50.05, 1256240, 1357
2803, 0, 313, 445, 369, 1, 2.07%, 0, 0, 8, 50.28, 1256494, 1357
2808, 0, 313, 445, 369, 1, 2.07%, 0, 0, 8, 49.50, 1256751, 1357
2813, 0, 313, 445, 369, 1, 2.07%, 0, 0, 8, 49.39, 1257004, 1357
2818, 0, 313, 445, 369, 1, 2.07%, 0, 0, 8, 51.11, 1257266, 1357
2823, 0, 313, 445, 369, 1, 2.07%, 0, 0, 8, 50.95, 1257527, 1357
2828, 0, 313, 445, 369, 1, 2.07%, 0, 0, 8, 366.07, 1258150, 1357
2834, 0, 313, 445, 369, 1, 2.07%, 0, 0, 8, 255.03, 1259300, 1357
2839, 0, 313, 445, 369, 1, 2.07%, 0, 0, 8, 148.38, 1260028, 1357
2844, 0, 313, 445, 369, 1, 2.07%, 0, 0, 8, 67.60, 1260267, 1357
2849, 0, 313, 445, 369, 1, 2.07%, 0, 0, 8, 56.48, 1260556, 1357
2854, 0, 313, 445, 369, 1, 2.07%, 0, 0, 8, 53.15, 1260824, 1357
2859, 0, 313, 445, 369, 1, 2.07%, 0, 0, 8, 51.22, 1261090, 1357
2865, 0, 313, 445, 369, 1, 2.07%, 0, 0, 8, 50.22, 1261346, 1357
2870, 0, 313, 445, 369, 1, 2.07%, 0, 0, 8, 49.67, 1261600, 1357
2875, 0, 313, 445, 369, 1, 2.07%, 0, 0, 8, 49.41, 1262059, 1357
2880, 0, 313, 445, 369, 1, 2.07%, 0, 0, 8, 47.54, 1262298, 1357
2885, 0, 313, 445, 369, 1, 2.07%, 0, 0, 8, 49.83, 1262555, 1357
2890, 0, 313, 445, 369, 1, 2.07%, 0, 0, 8, 49.93, 1262811, 1357
2895, 0, 313, 445, 369, 1, 2.07%, 0, 0, 8, 52.75, 1263080, 1357
2901, 0, 313, 445, 369, 1, 2.07%, 0, 0, 8, 49.42, 1263331, 1357
2906, 0, 313, 445, 369, 1, 2.07%, 0, 0, 8, 51.11, 1263591, 1357
2911, 0, 313, 445, 369, 1, 2.07%, 0, 0, 8, 742.41, 1266150, 1357
2916, 0, 313, 445, 369, 1, 2.07%, 0, 0, 8, 500.65, 1268670, 1357
2921, 0, 313, 445, 369, 1, 2.07%, 0, 0, 8, 265.36, 1269771, 1357
2926, 0, 313, 445, 369, 1, 2.07%, 0, 0, 8, 46.40, 1270063, 1357
2931, 0, 313, 445, 369, 1, 2.07%, 0, 0, 8, 48.87, 1270311, 1357
2936, 0, 313, 445, 369, 1, 2.07%, 0, 0, 8, 52.91, 1270584, 1357
2941, 0, 313, 445, 369, 1, 2.07%, 0, 0, 8, 51.41, 1270848, 1357
2947, 0, 313, 445, 369, 1, 2.07%, 0, 0, 8, 50.31, 1271114, 1357
2952, 0, 313, 445, 369, 1, 2.07%, 0, 0, 8, 47.40, 1271348, 1357
2957, 0, 313, 445, 369, 1, 2.07%, 0, 0, 8, 375.00, 1271693, 1357
2962, 0, 384, 445, 369, 1, 2.07%, 0, 0, 8, 639.35, 1275235, 1357
2967, 0, 384, 445, 369, 1, 2.07%, 0, 0, 8, 671.97, 1278869, 1357
2972, 0, 384, 446, 370, 1, 2.07%, 0, 0, 8, 644.69, 1282154, 1357
2977, 0, 318, 446, 370, 1, 2.07%, 0, 0, 8, 666.68, 1285612, 1357
2982, 0, 318, 446, 370, 1, 2.07%, 0, 0, 8, 603.23, 1286916, 1357
2988, 0, 318, 446, 370, 1, 2.07%, 0, 0, 8, 85.50, 1288961, 1357
2993, 0, 303, 446, 370, 1, 2.07%, 0, 0, 8, 669.32, 1291550, 1357
2998, 0, 303, 446, 370, 1, 2.07%, 0, 0, 8, 662.68, 1295029, 1357
3003, 0, 162, 446, 370, 1, 2.07%, 0, 0, 8, 685.02, 1298410, 1357
3008, 0, 143, 446, 370, 1, 2.07%, 0, 0, 8, 693.26, 1301995, 1357
3013, 0, 143, 446, 370, 1, 2.07%, 0, 0, 8, 424.42, 1304172, 1357
3018, 0, 143, 446, 370, 1, 2.07%, 0, 0, 8, 250.84, 1305278, 1357
3023, 0, 143, 446, 370, 1, 2.07%, 0, 0, 8, 424.20, 1307174, 1357
3028, 0, 143, 446, 370, 1, 2.07%, 0, 0, 8, 269.45, 1308274, 1357
3033, 0, 143, 446, 370, 1, 2.07%, 0, 0, 8, 507.39, 1311320, 1357
3039, 0, 318, 446, 370, 1, 2.07%, 0, 0, 8, 115.76, 1313975, 1357
3044, 0, 318, 446, 370, 1, 2.07%, 0, 0, 8, 695.00, 1316180, 1357
3049, 0, 162, 446, 370, 1, 2.07%, 0, 0, 8, 683.11, 1319581, 1357
3054, 0, 237, 446, 370, 1, 2.07%, 0, 0, 8, 119.38, 1320679, 1357
3059, 0, 237, 446, 370, 1, 2.07%, 0, 0, 8, 221.02, 1321727, 1357
3064, 0, 237, 446, 370, 1, 2.07%, 0, 0, 8, 244.14, 1323386, 1357
3069, 0, 237, 446, 370, 1, 2.07%, 0, 0, 8, 244.75, 1324669, 1357
3074, 0, 237, 446, 370, 1, 2.07%, 0, 0, 8, 183.97, 1325662, 1357
3080, 0, 237, 446, 370, 1, 2.07%, 0, 0, 8, 142.73, 1326317, 1357
3085, 0, 237, 446, 370, 1, 2.07%, 0, 0, 8, 141.43, 1327004, 1357
3090, 0, 421, 446, 370, 1, 2.07%, 0, 0, 8, 743.18, 1330847, 1357
3095, 0, 421, 446, 370, 1, 2.07%, 0, 0, 8, 736.91, 1334677, 1357
3100, 0, 421, 446, 370, 1, 2.07%, 0, 0, 8, 707.35, 1338191, 1357
3105, 0, 421, 446, 370, 1, 2.07%, 0, 0, 8, 711.24, 1341840, 1357
3110, 0, 421, 446, 370, 1, 2.07%, 0, 0, 8, 738.96, 1345690, 1357
3115, 0, 421, 446, 370, 1, 2.07%, 0, 0, 8, 742.06, 1349542, 1357
3121, 0, 421, 446, 370, 1, 2.07%, 0, 0, 8, 737.41, 1353347, 1357
3126, 0, 421, 446, 370, 1, 2.07%, 0, 0, 8, 728.47, 1357152, 1357
3131, 0, 421, 446, 370, 1, 2.07%, 0, 0, 8, 741.41, 1361013, 1357
3136, 0, 421, 446, 370, 1, 2.07%, 0, 0, 8, 731.97, 1364818, 1357
3141, 0, 421, 446, 370, 1, 2.07%, 0, 0, 8, 745.88, 1368679, 1357
3146, 0, 421, 446, 370, 1, 2.07%, 0, 0, 8, 721.57, 1372295, 1357
3152, 0, 421, 446, 370, 1, 2.07%, 0, 0, 8, 736.27, 1376100, 1357
3157, 0, 421, 446, 370, 1, 2.07%, 0, 0, 8, 742.02, 1379957, 1357
3162, 0, 421, 446, 370, 1, 2.07%, 0, 0, 8, 740.57, 1383762, 1357
3167, 0, 421, 446, 370, 1, 2.07%, 0, 0, 8, 743.87, 1387609, 1357
3172, 0, 421, 446, 370, 1, 2.07%, 0, 0, 8, 742.24, 1391316, 1357
3177, 0, 421, 446, 370, 1, 2.07%, 0, 0, 8, 738.25, 1395107, 1357
3182, 0, 421, 446, 370, 1, 2.07%, 0, 0, 8, 742.81, 1398968, 1357
3188, 0, 421, 446, 370, 1, 2.07%, 0, 0, 8, 743.99, 1402801, 1357
3193, 0, 162, 446, 370, 1, 2.07%, 0, 0, 8, 717.31, 1406415, 1357
3198, 0, 150, 446, 370, 1, 2.07%, 0, 0, 8, 732.82, 1410079, 1357
3203, 0, 150, 446, 370, 1, 2.07%, 0, 0, 8, 726.96, 1412675, 1357
3208, 0, 359, 446, 369, 1, 2.07%, 0, 0, 8, 739.49, 1416522, 1357
3213, 0, 359, 446, 369, 1, 2.07%, 0, 0, 8, 698.82, 1419960, 1357
3218, 0, 162, 446, 368, 1, 2.07%, 0, 0, 8, 679.76, 1423297, 1357
3223, 0, 162, 446, 368, 1, 2.07%, 0, 0, 8, 662.83, 1426640, 1357
3228, 0, 162, 446, 368, 1, 2.07%, 0, 0, 8, 691.25, 1430204, 1357
3233, 0, 355, 446, 368, 1, 2.07%, 0, 0, 8, 729.21, 1434003, 1357
3238, 0, 355, 446, 368, 1, 2.07%, 0, 0, 8, 706.63, 1437591, 1357
3243, 0, 162, 446, 367, 1, 2.07%, 0, 0, 8, 676.36, 1440990, 1357
3248, 0, 162, 450, 371, 1, 2.09%, 0, 0, 8, 658.19, 1444382, 1369
3253, 0, 190, 450, 371, 3, 2.09%, 0, 0, 8, 90.35, 1446870, 1369
3259, 0, 190, 452, 373, 3, 2.09%, 0, 0, 8, 320.01, 1447712, 1370
3264, 0, 190, 452, 373, 3, 2.09%, 0, 0, 8, 166.71, 1448342, 1370
3269, 0, 190, 453, 374, 3, 2.09%, 0, 0, 8, 168.96, 1449256, 1370
3274, 0, 446, 453, 373, 4, 2.09%, 0, 0, 8, 240.30, 1450314, 1370
3279, 0, 449, 456, 375, 3, 2.09%, 0, 0, 8, 564.96, 1453719, 1370
3284, 0, 449, 457, 376, 3, 2.09%, 0, 0, 8, 622.64, 1457018, 1370
3289, 0, 449, 458, 377, 3, 2.09%, 0, 0, 8, 631.00, 1460194, 1370
3294, 0, 449, 458, 377, 3, 2.09%, 0, 0, 8, 637.33, 1463494, 1370
3300, 0, 449, 458, 377, 3, 2.09%, 0, 0, 8, 639.17, 1466794, 1370
3305, 0, 449, 459, 378, 3, 2.09%, 0, 0, 8, 638.71, 1470118, 1372
3310, 0, 449, 460, 379, 3, 2.10%, 0, 0, 8, 652.95, 1473410, 1374
3315, 0, 449, 460, 379, 3, 2.10%, 0, 0, 8, 662.81, 1476790, 1374
3320, 0, 449, 460, 379, 3, 2.10%, 0, 0, 8, 664.39, 1480183, 1374
3325, 0, 449, 460, 379, 3, 2.10%, 0, 0, 8, 663.86, 1483589, 1374
3330, 0, 449, 460, 379, 3, 2.10%, 0, 0, 8, 650.09, 1486960, 1374
3336, 0, 449, 460, 379, 3, 2.10%, 0, 0, 8, 638.25, 1490254, 1374
3341, 0, 449, 460, 379, 3, 2.10%, 0, 0, 8, 620.01, 1493386, 1374
3346, 0, 449, 460, 379, 3, 2.10%, 0, 0, 8, 624.73, 1496506, 1374
3351, 0, 449, 460, 379, 3, 2.10%, 0, 0, 8, 627.57, 1499662, 1374
3356, 0, 449, 460, 379, 3, 2.10%, 0, 0, 8, 637.89, 1502854, 1374
3361, 0, 459, 462, 380, 4, 2.10%, 0, 0, 8, 653.24, 1506267, 1374
3366, 0, 459, 462, 380, 4, 2.10%, 0, 0, 8, 639.66, 1509582, 1374
3371, 0, 459, 462, 380, 4, 2.10%, 0, 0, 8, 652.32, 1512963, 1374
3376, 0, 459, 462, 380, 4, 2.10%, 0, 0, 8, 646.56, 1516298, 1374
3382, 0, 459, 462, 380, 4, 2.10%, 0, 0, 8, 662.58, 1519719, 1374
3387, 0, 459, 462, 380, 4, 2.10%, 0, 0, 8, 664.35, 1523006, 1374
3392, 0, 458, 462, 379, 3, 2.10%, 0, 0, 8, 663.31, 1526410, 1374
3397, 0, 458, 462, 379, 3, 2.10%, 0, 0, 8, 650.73, 1529784, 1374
3402, 0, 458, 463, 380, 3, 2.10%, 0, 0, 8, 702.13, 1533377, 1374
3407, 0, 458, 463, 380, 3, 2.10%, 0, 0, 8, 659.50, 1536691, 1374
3412, 0, 267, 463, 379, 2, 2.10%, 0, 0, 8, 720.97, 1540447, 1374
3417, 0, 267, 463, 379, 2, 2.10%, 0, 0, 8, 744.19, 1544325, 1374
3422, 0, 267, 463, 379, 2, 2.10%, 0, 0, 8, 747.33, 1548166, 1374
3427, 0, 267, 463, 379, 2, 2.10%, 0, 0, 8, 124.68, 1550437, 1374
3433, 0, 267, 463, 379, 2, 2.10%, 0, 0, 8, 746.90, 1552526, 1374
3438, 0, 384, 463, 379, 2, 2.10%, 0, 0, 8, 672.31, 1555877, 1374
3443, 0, 384, 463, 379, 2, 2.10%, 0, 0, 8, 687.25, 1559362, 1374
3448, 0, 384, 463, 379, 2, 2.10%, 0, 0, 8, 661.42, 1562688, 1374
3453, 0, 451, 463, 379, 2, 2.10%, 0, 0, 8, 134.55, 1565972, 1374
3458, 0, 451, 463, 379, 2, 2.10%, 0, 0, 8, 122.51, 1566518, 1374
3463, 0, 451, 463, 379, 2, 2.10%, 0, 0, 8, 168.87, 1567499, 1374
3468, 0, 162, 463, 378, 1, 2.10%, 0, 0, 8, 346.29, 1569116, 1374
3473, 0, 162, 463, 378, 1, 2.10%, 0, 0, 8, 616.41, 1572601, 1374
3479, 0, 143, 464, 379, 1, 2.10%, 0, 0, 8, 657.76, 1576127, 1374
3484, 0, 143, 464, 379, 1, 2.10%, 0, 0, 8, 91.84, 1577651, 1374
3489, 0, 143, 464, 379, 1, 2.10%, 0, 0, 8, 116.91, 1578718, 1374
3494, 0, 143, 464, 379, 1, 2.10%, 0, 0, 8, 120.23, 1580626, 1374
3499, 0, 143, 464, 379, 1, 2.10%, 0, 0, 8, 127.45, 1581274, 1374
3504, 0, 143, 464, 379, 1, 2.10%, 0, 0, 8, 229.70, 1582770, 1374
3509, 0, 303, 464, 379, 2, 2.10%, 0, 0, 8, 535.85, 1585601, 1374
3515, 0, 268, 464, 379, 2, 2.10%, 0, 0, 8, 693.08, 1589324, 1374
3520, 0, 463, 465, 379, 2, 2.10%, 0, 0, 8, 688.82, 1592868, 1374
3525, 0, 463, 465, 379, 2, 2.10%, 0, 0, 8, 666.67, 1596169, 1374
3530, 0, 143, 465, 378, 1, 2.10%, 0, 0, 8, 705.41, 1599832, 1374
3535, 0, 143, 465, 378, 1, 2.10%, 0, 0, 8, 119.36, 1601563, 1374
3540, 0, 143, 465, 378, 1, 2.10%, 0, 0, 8, 445.13, 1604235, 1374
3545, 0, 143, 465, 378, 1, 2.10%, 0, 0, 8, 179.59, 1605404, 1374
3550, 0, 143, 465, 378, 1, 2.10%, 0, 0, 8, 195.77, 1606619, 1374
3555, 0, 162, 465, 378, 1, 2.10%, 0, 0, 8, 559.98, 1609834, 1374
3560, 0, 164, 465, 378, 1, 2.10%, 0, 0, 8, 672.05, 1613336, 1374
3565, 0, 164, 465, 378, 1, 2.10%, 0, 0, 8, 676.87, 1616702, 1374
3571, 0, 164, 465, 378, 1, 2.10%, 0, 0, 8, 664.41, 1620045, 1374
3576, 0, 164, 465, 378, 1, 2.10%, 0, 0, 8, 665.21, 1623445, 1374
3581, 0, 164, 465, 378, 1, 2.10%, 0, 0, 8, 718.20, 1627047, 1374
3586, 0, 164, 465, 378, 1, 2.10%, 0, 0, 8, 710.03, 1630820, 1374
3591, 0, 164, 465, 378, 1, 2.10%, 0, 0, 8, 737.56, 1634593, 1374
3596, 0, 164, 465, 378, 1, 2.10%, 0, 0, 8, 723.61, 1638191, 1374
3601, 0, 143, 465, 378, 1, 2.10%, 0, 0, 8, 722.85, 1641831, 1374
3606, 0, 143, 465, 378, 1, 2.10%, 0, 0, 8, 545.85, 1644184, 1374
3611, 0, 143, 465, 378, 1, 2.10%, 0, 0, 8, 123.54, 1644819, 1374
3616, 0, 143, 465, 378, 1, 2.10%, 0, 0, 8, 114.28, 1645885, 1374
3621, 0, 143, 465, 378, 1, 2.10%, 0, 0, 8, 124.88, 1646551, 1374
3626, 0, 206, 465, 378, 1, 2.10%, 0, 0, 8, 623.86, 1650309, 1374
3631, 0, 143, 465, 377, 1, 2.10%, 0, 0, 8, 689.91, 1653926, 1374
3636, 0, 143, 465, 377, 1, 2.10%, 0, 0, 8, 104.40, 1655538, 1374
3642, 0, 143, 465, 377, 1, 2.10%, 0, 0, 8, 114.14, 1656120, 1374
3647, 0, 143, 465, 377, 1, 2.10%, 0, 0, 8, 619.32, 1658745, 1374
3652, 0, 143, 465, 377, 1, 2.10%, 0, 0, 8, 103.92, 1660526, 1374
3657, 0, 162, 465, 377, 1, 2.10%, 0, 0, 8, 687.33, 1663255, 1374
3662, 0, 162, 465, 377, 1, 2.10%, 0, 0, 8, 700.76, 1666839, 1374
3667, 0, 162, 465, 377, 1, 2.10%, 0, 0, 8, 695.72, 1670418, 1374
3672, 0, 52, 465, 377, 1, 2.10%, 0, 0, 8, 452.00, 1672436, 1374
3677, 0, 52, 465, 377, 1, 2.10%, 0, 0, 8, 239.00, 1673559, 1374
3683, 0, 52, 465, 377, 1, 2.10%, 0, 0, 8, 147.33, 1674185, 1374
3688, 0, 52, 465, 377, 1, 2.10%, 0, 0, 8, 101.63, 1677054, 1374
3693, 0, 52, 465, 377, 1, 2.10%, 0, 0, 8, 133.58, 1677717, 1374
3698, 0, 52, 465, 377, 1, 2.10%, 0, 0, 8, 144.59, 1678435, 1374
3703, 0, 52, 465, 377, 1, 2.10%, 0, 0, 8, 209.39, 1679351, 1374
3708, 0, 52, 465, 377, 1, 2.10%, 0, 0, 8, 151.13, 1680107, 1374
3713, 0, 52, 465, 377, 1, 2.10%, 0, 0, 8, 130.43, 1680779, 1374
3718, 0, 52, 465, 377, 1, 2.10%, 0, 0, 8, 123.87, 1681451, 1374
3723, 0, 52, 465, 377, 1, 2.10%, 0, 0, 8, 128.39, 1682125, 1374
3728, 0, 162, 465, 377, 1, 2.10%, 0, 0, 8, 723.04, 1685501, 1374
3733, 0, 450, 465, 377, 1, 2.10%, 0, 0, 8, 89.90, 1688398, 1374
3739, 0, 450, 465, 377, 1, 2.10%, 0, 0, 8, 373.17, 1689396, 1374
3744, 0, 450, 468, 380, 1, 2.10%, 0, 0, 8, 188.29, 1690069, 1377
3749, 0, 450, 468, 380, 1, 2.10%, 0, 0, 8, 174.32, 1690861, 1377
3754, 0, 162, 468, 379, 2, 2.10%, 0, 0, 8, 432.30, 1692849, 1377
3759, 0, 465, 468, 379, 2, 2.10%, 0, 0, 8, 109.82, 1696075, 1377
3764, 0, 465, 468, 379, 2, 2.10%, 0, 0, 8, 132.96, 1696983, 1377
