# relative_time, cycles_done, cur_item, corpus_count, pending_total, pending_favs, map_size, saved_crashes, saved_hangs, max_depth, execs_per_sec, total_execs, edges_found
60, 0, 5, 30, 27, 4, 1.46%, 0, 0, 2, 392.82, 23970, 954
66, 0, 5, 30, 27, 4, 1.46%, 0, 0, 2, 401.04, 26064, 954
71, 0, 5, 31, 28, 4, 1.46%, 0, 0, 2, 397.37, 28129, 956
76, 0, 5, 31, 28, 4, 1.46%, 0, 0, 2, 402.57, 30168, 956
81, 0, 5, 31, 28, 4, 1.46%, 0, 0, 2, 402.91, 32192, 956
86, 0, 5, 31, 28, 4, 1.46%, 0, 0, 2, 403.52, 34224, 956
91, 0, 5, 31, 28, 4, 1.46%, 0, 0, 2, 404.16, 36264, 956
96, 0, 5, 31, 28, 4, 1.46%, 0, 0, 2, 455.76, 38546, 956
101, 0, 5, 31, 28, 4, 1.46%, 0, 0, 2, 465.34, 40994, 956
106, 0, 5, 31, 28, 4, 1.46%, 0, 0, 2, 474.28, 43433, 956
111, 0, 5, 31, 28, 4, 1.46%, 0, 0, 2, 481.51, 45845, 956
116, 0, 5, 31, 28, 4, 1.46%, 0, 0, 2, 493.17, 48338, 956
121, 0, 5, 31, 28, 4, 1.46%, 0, 0, 2, 498.81, 50849, 956
126, 0, 5, 31, 28, 4, 1.46%, 0, 0, 2, 497.36, 53342, 956
132, 0, 5, 31, 28, 4, 1.46%, 0, 0, 2, 498.80, 55934, 956
137, 0, 5, 31, 28, 4, 1.46%, 0, 0, 2, 500.48, 58450, 956
142, 0, 5, 31, 28, 4, 1.46%, 0, 0, 2, 500.96, 60960, 956
147, 0, 5, 31, 28, 4, 1.46%, 0, 0, 2, 500.77, 63500, 956
152, 0, 5, 31, 28, 4, 1.46%, 0, 0, 2, 499.98, 66023, 956
157, 0, 5, 31, 28, 4, 1.46%, 0, 0, 2, 501.54, 68580, 956
162, 0, 5, 31, 28, 4, 1.46%, 0, 0, 2, 499.41, 71079, 956
167, 0, 5, 33, 30, 4, 1.46%, 0, 0, 2, 364.61, 72812, 956
172, 0, 25, 33, 29, 16, 1.46%, 0, 0, 2, 398.55, 74848, 956
177, 0, 25, 33, 29, 16, 1.46%, 0, 0, 2, 373.64, 76719, 956
182, 0, 25, 34, 30, 16, 1.46%, 0, 0, 3, 373.10, 78651, 956
187, 0, 25, 34, 30, 16, 1.46%, 0, 0, 3, 390.55, 80586, 956
192, 0, 14, 34, 29, 15, 1.46%, 0, 0, 3, 432.26, 82785, 956
197, 0, 14, 34, 29, 15, 1.46%, 0, 0, 3, 429.86, 84937, 956
203, 0, 33, 34, 28, 14, 1.46%, 0, 0, 3, 391.87, 86910, 956
208, 0, 33, 34, 28, 14, 1.46%, 0, 0, 3, 421.75, 89128, 956
213, 0, 33, 34, 28, 14, 1.46%, 0, 0, 3, 398.17, 91162, 956
218, 0, 9, 34, 27, 13, 1.46%, 0, 0, 3, 423.24, 93337, 956
223, 0, 9, 34, 27, 13, 1.46%, 0, 0, 3, 441.66, 95681, 956
228, 0, 20, 34, 26, 12, 1.46%, 0, 0, 3, 434.27, 97887, 956
233, 0, 20, 34, 26, 12, 1.46%, 0, 0, 3, 387.80, 99821, 956
238, 0, 20, 34, 26, 12, 1.46%, 0, 0, 3, 392.81, 101837, 956
243, 0, 24, 34, 25, 11, 1.46%, 0, 0, 3, 400.54, 103858, 956
248, 0, 24, 34, 25, 11, 1.46%, 0, 0, 3, 400.38, 105934, 956
253, 0, 24, 34, 25, 11, 1.46%, 0, 0, 3, 398.91, 107994, 956
258, 0, 12, 34, 24, 10, 1.46%, 0, 0, 3, 432.98, 110165, 956
264, 0, 11, 34, 23, 9, 1.46%, 0, 0, 3, 445.60, 112461, 956
269, 0, 11, 34, 23, 9, 1.46%, 0, 0, 3, 428.12, 114549, 956
274, 0, 27, 34, 22, 8, 1.46%, 0, 0, 3, 395.71, 116534, 956
279, 0, 27, 36, 24, 8, 1.49%, 0, 0, 3, 367.52, 118342, 976
284, 0, 27, 36, 24, 8, 1.49%, 0, 0, 3, 434.32, 120608, 976
289, 0, 27, 37, 25, 8, 1.51%, 0, 0, 3, 404.37, 122716, 992
294, 0, 27, 37, 25, 8, 1.51%, 0, 0, 3, 417.62, 124824, 992
299, 0, 21, 37, 24, 10, 1.51%, 0, 0, 3, 388.32, 126792, 992
304, 0, 21, 37, 24, 10, 1.51%, 0, 0, 3, 429.72, 129017, 992
309, 0, 21, 38, 25, 10, 1.51%, 0, 0, 3, 430.77, 131151, 992
314, 0, 29, 38, 24, 9, 1.51%, 0, 0, 3, 389.75, 133114, 992
320, 0, 29, 39, 25, 9, 1.51%, 0, 0, 3, 406.23, 135170, 992
325, 0, 29, 39, 25, 9, 1.51%, 0, 0, 3, 440.25, 137322, 992
330, 0, 19, 39, 24, 8, 1.51%, 0, 0, 3, 431.46, 139504, 992
335, 0, 19, 39, 24, 8, 1.51%, 0, 0, 3, 436.03, 141559, 992
340, 0, 35, 39, 23, 7, 1.51%, 0, 0, 3, 401.50, 143570, 992
345, 0, 35, 40, 24, 7, 1.51%, 0, 0, 4, 436.08, 145714, 992
350, 0, 35, 40, 24, 7, 1.51%, 0, 0, 4, 437.87, 147978, 992
355, 0, 34, 40, 23, 6, 1.51%, 0, 0, 4, 420.53, 150068, 992
360, 0, 34, 40, 23, 6, 1.51%, 0, 0, 4, 409.25, 152132, 992
365, 0, 34, 40, 23, 6, 1.51%, 0, 0, 4, 399.69, 154040, 992
370, 0, 14, 40, 22, 5, 1.51%, 0, 0, 4, 392.72, 155992, 992
375, 0, 14, 40, 22, 5, 1.51%, 0, 0, 4, 409.66, 157978, 992
380, 0, 14, 40, 22, 5, 1.51%, 0, 0, 4, 472.69, 160463, 992
385, 0, 14, 40, 22, 5, 1.51%, 0, 0, 4, 409.02, 162533, 992
391, 0, 14, 40, 22, 5, 1.51%, 0, 0, 4, 404.84, 164647, 992
396, 0, 14, 40, 22, 5, 1.51%, 0, 0, 4, 387.58, 166645, 992
401, 0, 14, 40, 22, 5, 1.51%, 0, 0, 4, 377.32, 168540, 992
406, 0, 14, 40, 22, 5, 1.51%, 0, 0, 4, 455.76, 170881, 992
411, 0, 14, 40, 22, 5, 1.51%, 0, 0, 4, 415.84, 173040, 992
416, 0, 36, 40, 22, 5, 1.51%, 0, 0, 4, 378.46, 174931, 992
421, 0, 36, 41, 23, 5, 1.52%, 0, 0, 4, 410.47, 177025, 993
426, 0, 36, 41, 23, 5, 1.52%, 0, 0, 4, 372.01, 179014, 993
431, 0, 36, 41, 23, 5, 1.52%, 0, 0, 4, 399.54, 181065, 993
436, 0, 26, 43, 24, 5, 1.60%, 0, 0, 4, 357.12, 182812, 1046
441, 0, 26, 43, 24, 5, 1.60%, 0, 0, 4, 433.48, 184968, 1046
446, 0, 26, 43, 24, 5, 1.60%, 0, 0, 4, 436.99, 187184, 1046
451, 0, 40, 43, 23, 6, 1.60%, 0, 0, 4, 450.23, 189462, 1046
456, 0, 40, 43, 23, 6, 1.60%, 0, 0, 4, 377.41, 191319, 1046
462, 0, 40, 43, 23, 6, 1.60%, 0, 0, 4, 408.55, 193277, 1046
467, 0, 40, 43, 23, 6, 1.60%, 0, 0, 4, 445.21, 195557, 1046
472, 0, 40, 43, 23, 6, 1.60%, 0, 0, 4, 405.96, 197589, 1046
477, 0, 41, 43, 22, 5, 1.60%, 0, 0, 4, 417.30, 199819, 1046
482, 0, 41, 43, 22, 5, 1.60%, 0, 0, 4, 427.93, 201947, 1046
487, 0, 41, 43, 22, 5, 1.60%, 0, 0, 4, 422.29, 204035, 1046
492, 0, 22, 43, 21, 4, 1.60%, 0, 0, 4, 407.51, 206101, 1046
497, 0, 22, 43, 21, 4, 1.60%, 0, 0, 4, 406.18, 208085, 1046
502, 0, 22, 43, 21, 4, 1.60%, 0, 0, 4, 378.18, 210031, 1046
507, 0, 42, 43, 20, 4, 1.60%, 0, 0, 4, 400.51, 211921, 1046
512, 0, 42, 43, 20, 4, 1.60%, 0, 0, 4, 396.33, 213917, 1046
517, 0, 23, 43, 19, 3, 1.60%, 0, 0, 4, 398.12, 215917, 1046
522, 0, 23, 43, 19, 3, 1.60%, 0, 0, 4, 404.94, 217996, 1046
528, 0, 6, 43, 18, 2, 1.60%, 0, 0, 4, 408.21, 220088, 1046
533, 0, 30, 44, 18, 1, 1.60%, 0, 0, 4, 359.55, 221894, 1046
538, 0, 30, 45, 19, 1, 1.60%, 0, 0, 4, 317.23, 223417, 1046
543, 0, 30, 45, 19, 1, 1.60%, 0, 0, 4, 419.45, 225509, 1046
548, 0, 30, 45, 19, 1, 1.60%, 0, 0, 4, 440.65, 227785, 1046
553, 0, 30, 45, 19, 1, 1.60%, 0, 0, 4, 421.72, 229888, 1046
558, 0, 6, 45, 18, 0, 1.60%, 0, 0, 4, 447.71, 232185, 1046
563, 0, 6, 45, 18, 0, 1.60%, 0, 0, 4, 417.69, 234316, 1046
568, 0, 6, 45, 18, 0, 1.60%, 0, 0, 4, 381.16, 236244, 1046
573, 0, 6, 45, 18, 0, 1.60%, 0, 0, 4, 369.69, 238158, 1046
578, 0, 6, 45, 18, 0, 1.60%, 0, 0, 4, 374.12, 240149, 1046
583, 0, 27, 45, 18, 0, 1.60%, 0, 0, 4, 403.73, 242177, 1046
589, 0, 27, 45, 18, 0, 1.60%, 0, 0, 4, 416.43, 244274, 1046
594, 0, 14, 45, 18, 0, 1.60%, 0, 0, 4, 424.54, 246403, 1046
599, 0, 14, 45, 18, 0, 1.60%, 0, 0, 4, 400.06, 248362, 1046
604, 0, 14, 45, 18, 0, 1.60%, 0, 0, 4, 383.73, 250273, 1046
609, 0, 14, 45, 18, 0, 1.60%, 0, 0, 4, 397.86, 252268, 1046
614, 0, 14, 45, 18, 0, 1.60%, 0, 0, 4, 420.54, 254559, 1046
619, 0, 14, 45, 18, 0, 1.60%, 0, 0, 4, 380.88, 256557, 1046
624, 0, 35, 45, 18, 0, 1.60%, 0, 0, 4, 374.03, 258525, 1046
629, 0, 35, 45, 18, 0, 1.60%, 0, 0, 4, 376.77, 260521, 1046
634, 0, 35, 45, 18, 0, 1.60%, 0, 0, 4, 395.87, 262426, 1046
639, 0, 14, 45, 18, 0, 1.60%, 0, 0, 4, 385.73, 264347, 1046
