# relative_time, cycles_done, cur_item, corpus_count, pending_total, pending_favs, map_size, saved_crashes, saved_hangs, max_depth, execs_per_sec, total_execs, edges_found
61, 0, 0, 40, 40, 1, 1.33%, 0, 0, 2, 79.08, 8880, 869
66, 0, 0, 41, 41, 1, 1.34%, 0, 0, 2, 73.07, 9236, 875
71, 0, 0, 41, 41, 1, 1.34%, 0, 0, 2, 63.44, 9548, 875
76, 0, 0, 48, 48, 1, 1.37%, 0, 0, 2, 73.41, 9927, 897
81, 0, 0, 48, 48, 1, 1.37%, 0, 0, 2, 76.43, 10318, 897
86, 0, 0, 48, 48, 1, 1.37%, 0, 0, 2, 76.60, 10709, 897
91, 0, 0, 49, 49, 1, 1.37%, 0, 0, 2, 74.81, 11096, 897
96, 0, 0, 50, 50, 1, 1.37%, 0, 0, 2, 76.48, 11509, 898
102, 0, 0, 51, 51, 1, 1.37%, 0, 0, 2, 71.94, 11883, 899
107, 0, 0, 51, 51, 1, 1.37%, 0, 0, 2, 83.97, 12311, 899
112, 0, 0, 51, 51, 1, 1.37%, 0, 0, 2, 76.49, 12693, 899
117, 0, 0, 53, 53, 1, 1.38%, 0, 0, 2, 74.04, 13069, 903
122, 0, 0, 54, 54, 1, 1.40%, 0, 0, 2, 78.78, 13475, 915
127, 0, 0, 54, 54, 1, 1.40%, 0, 0, 2, 80.50, 13882, 915
132, 0, 0, 55, 55, 1, 1.40%, 0, 0, 2, 179.13, 14932, 916
137, 0, 0, 55, 55, 1, 1.40%, 0, 0, 2, 204.87, 15986, 916
142, 0, 0, 55, 55, 1, 1.40%, 0, 0, 2, 209.65, 17038, 916
147, 0, 0, 55, 55, 1, 1.40%, 0, 0, 2, 214.69, 18118, 916
152, 0, 0, 55, 55, 1, 1.40%, 0, 0, 2, 210.85, 19166, 916
157, 0, 0, 55, 55, 1, 1.40%, 0, 0, 2, 210.43, 20222, 916
162, 0, 0, 55, 55, 1, 1.40%, 0, 0, 2, 215.25, 21314, 916
168, 0, 31, 56, 54, 19, 1.40%, 0, 0, 3, 251.66, 22660, 917
173, 0, 40, 56, 53, 19, 1.40%, 0, 0, 3, 45.29, 23893, 917
178, 0, 54, 56, 52, 18, 1.40%, 0, 0, 3, 250.57, 24953, 917
183, 0, 26, 56, 51, 17, 1.40%, 0, 0, 3, 255.55, 26280, 917
188, 0, 26, 57, 52, 17, 1.40%, 0, 0, 3, 286.09, 27782, 917
193, 0, 36, 57, 50, 15, 1.40%, 0, 0, 3, 272.16, 29194, 917
198, 0, 36, 58, 51, 15, 1.42%, 0, 0, 3, 281.40, 30580, 929
203, 0, 10, 62, 54, 16, 1.42%, 0, 0, 3, 253.59, 31818, 930
208, 0, 10, 62, 54, 16, 1.42%, 0, 0, 3, 268.51, 33137, 930
213, 0, 2, 64, 54, 16, 1.42%, 0, 0, 4, 279.75, 34628, 931
218, 0, 55, 64, 53, 15, 1.42%, 0, 0, 4, 281.06, 36028, 931
223, 0, 62, 64, 52, 14, 1.42%, 0, 0, 4, 291.07, 37465, 931
228, 0, 62, 64, 52, 14, 1.42%, 0, 0, 4, 274.20, 38798, 931
234, 0, 39, 64, 51, 13, 1.42%, 0, 0, 4, 261.53, 40158, 931
239, 0, 39, 64, 51, 13, 1.42%, 0, 0, 4, 284.93, 41610, 931
244, 0, 61, 64, 50, 12, 1.42%, 0, 0, 4, 286.88, 43068, 931
249, 0, 51, 65, 50, 11, 1.42%, 0, 0, 4, 278.56, 44471, 933
254, 0, 35, 65, 49, 11, 1.42%, 0, 0, 4, 280.84, 45913, 933
259, 0, 62, 65, 48, 10, 1.42%, 0, 0, 4, 266.18, 47247, 933
264, 0, 62, 65, 48, 10, 1.42%, 0, 0, 4, 270.14, 48589, 933
269, 0, 62, 65, 48, 10, 1.42%, 0, 0, 4, 294.07, 50094, 933
274, 0, 62, 65, 48, 10, 1.42%, 0, 0, 4, 282.38, 51524, 933
279, 0, 62, 65, 48, 10, 1.42%, 0, 0, 4, 286.65, 52927, 933
284, 0, 62, 65, 48, 10, 1.42%, 0, 0, 4, 282.00, 54323, 933
289, 0, 41, 65, 48, 10, 1.42%, 0, 0, 4, 275.38, 55705, 933
294, 0, 54, 65, 47, 9, 1.42%, 0, 0, 4, 280.64, 57112, 933
299, 0, 58, 65, 47, 9, 1.42%, 0, 0, 4, 298.62, 58606, 933
304, 0, 29, 65, 45, 7, 1.42%, 0, 0, 4, 272.11, 59940, 933
309, 0, 62, 65, 44, 6, 1.42%, 0, 0, 4, 279.32, 61022, 933
315, 0, 62, 65, 44, 6, 1.42%, 0, 0, 4, 285.78, 62506, 933
320, 0, 62, 65, 44, 6, 1.42%, 0, 0, 4, 271.33, 63852, 933
325, 0, 49, 65, 44, 6, 1.42%, 0, 0, 4, 255.64, 65146, 933
330, 0, 62, 67, 45, 7, 1.43%, 0, 0, 4, 262.04, 66474, 936
335, 0, 62, 68, 46, 7, 1.43%, 0, 0, 5, 265.64, 67849, 936
340, 0, 62, 68, 46, 7, 1.43%, 0, 0, 5, 238.27, 68926, 936
345, 0, 66, 69, 47, 7, 1.43%, 0, 0, 5, 272.12, 70393, 936
350, 0, 55, 69, 46, 6, 1.43%, 0, 0, 5, 267.74, 71717, 936
355, 0, 64, 69, 46, 6, 1.43%, 0, 0, 5, 269.54, 73060, 936
360, 0, 65, 69, 45, 5, 1.43%, 0, 0, 5, 263.31, 74450, 936
365, 0, 53, 70, 45, 4, 1.43%, 0, 0, 5, 278.48, 75917, 936
371, 0, 19, 70, 44, 3, 1.43%, 0, 0, 5, 103.25, 76963, 936
376, 0, 44, 70, 43, 2, 1.43%, 0, 0, 5, 123.92, 77723, 936
381, 0, 62, 70, 42, 1, 1.43%, 0, 0, 5, 241.06, 79120, 936
386, 0, 62, 70, 42, 1, 1.43%, 0, 0, 5, 267.60, 80514, 936
391, 0, 62, 70, 42, 1, 1.43%, 0, 0, 5, 258.44, 81810, 936
396, 0, 6, 70, 42, 1, 1.43%, 0, 0, 5, 270.94, 83210, 936
401, 0, 57, 70, 41, 1, 1.43%, 0, 0, 5, 273.21, 84648, 936
406, 0, 39, 70, 41, 1, 1.43%, 0, 0, 5, 282.59, 86051, 936
411, 0, 39, 70, 41, 1, 1.43%, 0, 0, 5, 267.55, 87442, 936
416, 0, 2, 70, 41, 1, 1.43%, 0, 0, 5, 261.38, 88768, 936
421, 0, 62, 70, 41, 1, 1.43%, 0, 0, 5, 267.54, 90110, 936
426, 0, 62, 70, 41, 1, 1.43%, 0, 0, 5, 281.68, 91540, 936
431, 0, 62, 70, 41, 1, 1.43%, 0, 0, 5, 260.05, 92831, 936
436, 0, 50, 70, 41, 1, 1.43%, 0, 0, 5, 221.21, 93467, 936
442, 0, 62, 70, 40, 0, 1.43%, 0, 0, 5, 259.91, 94855, 936
447, 0, 62, 70, 40, 0, 1.43%, 0, 0, 5, 262.20, 96210, 936
452, 0, 62, 70, 40, 0, 1.43%, 0, 0, 5, 230.70, 97401, 936
457, 0, 62, 70, 40, 0, 1.43%, 0, 0, 5, 249.11, 98682, 936
462, 0, 62, 70, 40, 0, 1.43%, 0, 0, 5, 264.03, 99972, 936
467, 0, 62, 70, 40, 0, 1.43%, 0, 0, 5, 276.33, 101358, 936
472, 0, 39, 70, 40, 0, 1.43%, 0, 0, 5, 271.51, 102709, 936
477, 0, 62, 70, 40, 0, 1.43%, 0, 0, 5, 267.97, 104071, 936
482, 0, 62, 70, 40, 0, 1.43%, 0, 0, 5, 264.23, 105398, 936
487, 0, 62, 70, 40, 0, 1.43%, 0, 0, 5, 288.44, 106859, 936
492, 0, 57, 71, 41, 0, 1.43%, 0, 0, 5, 282.90, 108252, 936
497, 0, 62, 71, 41, 0, 1.43%, 0, 0, 5, 288.84, 109733, 936
502, 0, 62, 72, 42, 0, 1.43%, 0, 0, 5, 269.02, 111055, 936
507, 0, 62, 73, 43, 0, 1.43%, 0, 0, 5, 280.46, 112485, 936
512, 0, 62, 73, 43, 0, 1.43%, 0, 0, 5, 282.27, 113896, 936
517, 0, 62, 73, 43, 0, 1.43%, 0, 0, 5, 273.32, 115317, 936
522, 0, 65, 73, 43, 0, 1.43%, 0, 0, 5, 274.97, 116705, 936
527, 0, 65, 73, 43, 0, 1.43%, 0, 0, 5, 286.62, 118113, 936
533, 0, 65, 73, 43, 0, 1.43%, 0, 0, 5, 295.10, 119643, 936
538, 0, 65, 73, 43, 0, 1.43%, 0, 0, 5, 307.56, 121206, 936
543, 0, 57, 73, 43, 0, 1.43%, 0, 0, 5, 292.06, 122721, 936
548, 0, 62, 73, 43, 0, 1.43%, 0, 0, 5, 296.44, 124240, 936
553, 0, 62, 73, 43, 0, 1.43%, 0, 0, 5, 288.12, 125696, 936
558, 0, 62, 73, 43, 0, 1.43%, 0, 0, 5, 285.03, 127133, 936
563, 0, 62, 73, 43, 0, 1.43%, 0, 0, 5, 298.31, 128671, 936
568, 0, 62, 73, 43, 0, 1.43%, 0, 0, 5, 301.79, 130186, 936
573, 0, 62, 73, 43, 0, 1.43%, 0, 0, 5, 301.41, 131706, 936
578, 0, 62, 73, 43, 0, 1.43%, 0, 0, 5, 304.46, 133216, 936
583, 0, 62, 73, 43, 0, 1.43%, 0, 0, 5, 291.38, 134687, 936
588, 0, 62, 73, 43, 0, 1.43%, 0, 0, 5, 288.47, 136150, 936
593, 0, 62, 73, 43, 0, 1.43%, 0, 0, 5, 283.93, 137558, 936
599, 0, 62, 73, 43, 0, 1.43%, 0, 0, 5, 296.71, 139077, 936
604, 0, 62, 73, 43, 0, 1.43%, 0, 0, 5, 304.17, 140592, 936
609, 0, 57, 73, 43, 0, 1.43%, 0, 0, 5, 296.23, 142071, 936
614, 0, 62, 73, 43, 0, 1.43%, 0, 0, 5, 288.26, 143496, 936
619, 0, 62, 73, 43, 0, 1.43%, 0, 0, 5, 282.11, 144924, 936
624, 0, 62, 73, 43, 0, 1.43%, 0, 0, 5, 272.41, 146275, 936
629, 0, 62, 73, 43, 0, 1.43%, 0, 0, 5, 257.00, 147618, 936
