# relative_time, cycles_done, cur_item, corpus_count, pending_total, pending_favs, map_size, saved_crashes, saved_hangs, max_depth, execs_per_sec, total_execs, edges_found
61, 0, 2, 27, 25, 1, 0.95%, 0, 0, 2, 230.70, 14040, 622
66, 0, 2, 28, 26, 1, 0.96%, 0, 0, 2, 229.07, 15228, 629
71, 0, 2, 29, 27, 1, 0.97%, 0, 0, 2, 228.99, 16415, 633
76, 0, 2, 29, 27, 1, 0.97%, 0, 0, 2, 229.13, 17576, 633
81, 0, 2, 29, 27, 1, 0.97%, 0, 0, 2, 227.64, 18716, 633
87, 0, 2, 29, 27, 1, 0.97%, 0, 0, 2, 226.96, 19892, 633
92, 0, 2, 29, 27, 1, 0.97%, 0, 0, 2, 226.57, 21028, 633
97, 0, 2, 29, 27, 1, 0.97%, 0, 0, 2, 227.46, 22208, 633
102, 0, 2, 29, 27, 1, 0.97%, 0, 0, 2, 227.97, 23356, 633
107, 0, 2, 29, 27, 1, 0.97%, 0, 0, 2, 228.45, 24544, 633
112, 0, 2, 29, 27, 1, 0.97%, 0, 0, 2, 229.93, 25732, 633
117, 0, 2, 29, 27, 1, 0.97%, 0, 0, 2, 230.04, 26888, 633
123, 0, 2, 29, 27, 1, 0.97%, 0, 0, 2, 229.88, 28084, 633
128, 0, 2, 29, 27, 1, 0.97%, 0, 0, 2, 228.37, 29232, 633
133, 0, 2, 29, 27, 1, 0.97%, 0, 0, 2, 228.40, 30384, 633
138, 0, 2, 29, 27, 1, 0.97%, 0, 0, 2, 227.88, 31528, 633
143, 0, 2, 29, 27, 1, 0.97%, 0, 0, 2, 228.70, 32716, 633
148, 0, 16, 29, 25, 10, 0.97%, 0, 0, 2, 239.09, 33971, 633
153, 0, 20, 29, 23, 8, 0.97%, 0, 0, 2, 244.42, 35241, 633
158, 0, 18, 29, 21, 5, 0.97%, 0, 0, 2, 237.68, 36483, 633
164, 0, 28, 30, 21, 4, 0.97%, 0, 0, 3, 231.30, 37682, 635
169, 0, 9, 30, 19, 3, 0.97%, 0, 0, 3, 234.62, 38900, 635
174, 0, 30, 33, 21, 3, 0.97%, 0, 0, 4, 224.86, 40036, 638
179, 0, 30, 35, 23, 3, 0.98%, 0, 0, 4, 223.30, 41164, 643
184, 0, 30, 36, 24, 3, 0.99%, 0, 0, 4, 223.00, 42292, 651
189, 0, 34, 36, 23, 6, 0.99%, 0, 0, 4, 226.10, 43435, 651
194, 0, 27, 36, 21, 3, 0.99%, 0, 0, 4, 235.88, 44664, 651
199, 0, 16, 36, 20, 2, 0.99%, 0, 0, 4, 233.04, 45888, 651
204, 0, 35, 36, 20, 2, 0.99%, 0, 0, 4, 244.76, 47145, 651
209, 0, 35, 36, 20, 2, 0.99%, 0, 0, 4, 242.56, 48389, 651
214, 0, 33, 36, 19, 1, 0.99%, 0, 0, 4, 231.31, 49574, 651
220, 0, 27, 36, 18, 0, 0.99%, 0, 0, 4, 230.45, 50780, 651
225, 0, 27, 36, 18, 0, 0.99%, 0, 0, 4, 235.32, 51959, 651
230, 0, 27, 36, 18, 0, 0.99%, 0, 0, 4, 240.77, 53241, 651
235, 0, 33, 36, 18, 0, 0.99%, 0, 0, 4, 232.67, 54461, 651
240, 0, 33, 36, 18, 0, 0.99%, 0, 0, 4, 229.13, 55617, 651
245, 0, 33, 36, 18, 0, 0.99%, 0, 0, 4, 239.30, 56831, 651
250, 0, 33, 36, 18, 0, 0.99%, 0, 0, 4, 232.79, 58007, 651
255, 0, 33, 36, 18, 0, 0.99%, 0, 0, 4, 241.24, 59267, 651
261, 0, 33, 37, 19, 0, 0.99%, 2, 0, 5, 237.54, 60509, 651
266, 0, 25, 37, 19, 0, 0.99%, 2, 0, 5, 235.53, 61748, 651
271, 0, 16, 37, 19, 0, 0.99%, 2, 0, 5, 239.79, 62980, 651
276, 0, 33, 37, 19, 0, 0.99%, 3, 0, 5, 228.88, 64152, 651
281, 0, 33, 37, 19, 0, 0.99%, 3, 0, 5, 221.18, 65302, 651
286, 0, 33, 37, 19, 0, 0.99%, 3, 0, 5, 210.23, 66382, 651
291, 0, 33, 37, 19, 0, 0.99%, 3, 0, 5, 216.99, 67458, 651
297, 0, 25, 37, 19, 0, 0.99%, 3, 0, 5, 247.06, 68762, 651
302, 0, 28, 38, 20, 1, 1.01%, 4, 0, 5, 231.25, 69904, 665
307, 0, 28, 38, 20, 1, 1.01%, 4, 0, 5, 227.30, 71031, 665
312, 0, 28, 38, 20, 1, 1.01%, 4, 0, 5, 255.42, 72343, 665
317, 0, 35, 39, 20, 0, 1.01%, 4, 0, 5, 252.08, 73675, 665
322, 0, 35, 40, 21, 0, 1.02%, 4, 0, 5, 235.10, 74836, 668
327, 0, 35, 40, 21, 0, 1.02%, 4, 0, 5, 235.60, 76054, 668
332, 0, 35, 42, 23, 0, 1.05%, 4, 0, 5, 222.44, 77202, 688
337, 0, 35, 42, 23, 0, 1.05%, 4, 0, 5, 226.04, 78402, 688
342, 0, 41, 43, 24, 3, 1.05%, 4, 0, 6, 225.77, 79530, 690
347, 0, 40, 43, 23, 3, 1.05%, 4, 0, 6, 237.83, 80744, 690
352, 0, 42, 43, 22, 2, 1.05%, 4, 0, 6, 241.55, 81934, 690
357, 0, 39, 43, 21, 1, 1.05%, 4, 0, 6, 239.53, 83181, 690
363, 0, 25, 43, 20, 0, 1.05%, 4, 0, 6, 244.82, 84483, 690
368, 0, 41, 43, 20, 0, 1.05%, 4, 0, 6, 229.91, 85648, 690
373, 0, 41, 43, 20, 0, 1.05%, 4, 0, 6, 240.60, 86842, 690
378, 0, 41, 43, 20, 0, 1.05%, 4, 0, 6, 236.53, 88018, 690
383, 0, 41, 43, 20, 0, 1.05%, 4, 0, 6, 237.52, 89174, 690
388, 0, 25, 43, 20, 0, 1.05%, 4, 0, 6, 241.79, 90437, 690
393, 0, 25, 43, 20, 0, 1.05%, 4, 0, 6, 242.53, 91692, 690
399, 0, 25, 43, 20, 0, 1.05%, 4, 0, 6, 242.53, 92933, 690
404, 0, 25, 43, 20, 0, 1.05%, 4, 0, 6, 244.93, 94176, 690
409, 0, 33, 43, 20, 0, 1.05%, 4, 0, 6, 226.73, 95300, 690
414, 0, 33, 43, 20, 0, 1.05%, 4, 0, 6, 210.69, 96351, 690
419, 0, 33, 43, 20, 0, 1.05%, 4, 0, 6, 205.10, 97405, 690
424, 0, 39, 43, 20, 0, 1.05%, 4, 0, 6, 222.83, 98577, 690
429, 0, 39, 43, 20, 0, 1.05%, 4, 0, 6, 239.96, 99826, 690
434, 0, 25, 43, 20, 0, 1.05%, 4, 0, 6, 251.80, 101139, 690
439, 0, 25, 43, 20, 0, 1.05%, 4, 0, 6, 239.05, 102318, 690
444, 1, 33, 43, 20, 0, 1.05%, 4, 0, 6, 235.38, 103541, 690
449, 1, 33, 43, 20, 0, 1.05%, 4, 0, 6, 228.66, 104682, 690
455, 1, 33, 43, 20, 0, 1.05%, 4, 0, 6, 233.86, 105902, 690
460, 1, 25, 43, 20, 0, 1.05%, 4, 0, 6, 243.29, 107165, 690
465, 1, 42, 43, 20, 0, 1.05%, 4, 0, 6, 238.90, 108384, 690
470, 1, 42, 43, 20, 0, 1.05%, 4, 0, 6, 229.83, 109528, 690
475, 1, 42, 43, 20, 0, 1.05%, 4, 0, 6, 234.36, 110718, 690
480, 1, 42, 43, 20, 0, 1.05%, 4, 0, 6, 253.06, 112013, 690
485, 1, 42, 43, 20, 0, 1.05%, 4, 0, 6, 255.40, 113313, 690
490, 1, 35, 43, 20, 0, 1.05%, 4, 0, 6, 242.41, 114568, 690
495, 1, 35, 43, 20, 0, 1.05%, 4, 0, 6, 236.23, 115755, 690
501, 1, 16, 43, 20, 0, 1.05%, 4, 0, 6, 236.76, 117000, 690
506, 1, 25, 43, 20, 0, 1.05%, 4, 0, 6, 241.84, 118218, 690
511, 1, 35, 43, 20, 0, 1.05%, 4, 0, 6, 235.57, 119386, 690
516, 1, 33, 43, 20, 0, 1.05%, 4, 0, 6, 232.31, 120593, 690
521, 1, 33, 43, 20, 0, 1.05%, 4, 0, 6, 240.91, 121830, 690
526, 1, 33, 43, 20, 0, 1.05%, 4, 0, 6, 222.14, 122948, 690
531, 1, 25, 43, 20, 0, 1.05%, 4, 0, 6, 232.08, 124153, 690
536, 1, 25, 43, 20, 0, 1.05%, 4, 0, 6, 242.55, 125400, 690
542, 1, 8, 43, 20, 0, 1.05%, 4, 0, 6, 237.96, 126605, 690
547, 1, 33, 43, 19, 0, 1.05%, 4, 0, 6, 236.15, 127816, 690
552, 1, 33, 43, 19, 0, 1.05%, 4, 0, 6, 234.66, 128992, 690
557, 1, 33, 43, 19, 0, 1.05%, 4, 0, 6, 229.21, 130126, 690
562, 1, 25, 43, 19, 0, 1.05%, 4, 0, 6, 238.66, 131333, 690
567, 1, 25, 43, 19, 0, 1.05%, 4, 0, 6, 238.12, 132580, 690
572, 1, 25, 43, 19, 0, 1.05%, 4, 0, 6, 243.42, 133846, 690
577, 1, 25, 43, 19, 0, 1.05%, 4, 0, 6, 230.29, 134985, 690
582, 1, 25, 44, 20, 1, 1.05%, 4, 0, 6, 234.38, 136176, 691
587, 1, 44, 45, 21, 2, 1.06%, 4, 0, 6, 205.92, 137234, 693
593, 1, 44, 45, 21, 2, 1.06%, 4, 0, 6, 231.10, 138422, 693
598, 1, 39, 45, 19, 0, 1.06%, 4, 0, 6, 239.03, 139640, 693
603, 1, 39, 45, 19, 0, 1.06%, 4, 0, 6, 245.32, 140895, 693
608, 1, 34, 45, 19, 0, 1.06%, 4, 0, 6, 234.08, 142101, 693
613, 1, 34, 45, 19, 0, 1.06%, 4, 0, 6, 225.35, 143228, 693
618, 1, 34, 46, 20, 0, 1.12%, 6, 0, 6, 195.80, 144250, 737
623, 1, 18, 46, 20, 1, 1.12%, 6, 0, 6, 218.78, 145368, 737
628, 1, 18, 46, 20, 1, 1.12%, 6, 0, 6, 241.98, 146631, 737
633, 1, 18, 47, 21, 1, 1.13%, 6, 0, 6, 248.90, 147871, 739
638, 1, 45, 47, 21, 2, 1.13%, 7, 0, 6, 211.63, 148913, 739
644, 1, 25, 48, 21, 1, 1.13%, 7, 0, 6, 225.00, 150132, 739
649, 1, 35, 48, 21, 1, 1.13%, 7, 0, 6, 236.86, 151330, 739
654, 1, 5, 48, 20, 0, 1.13%, 7, 0, 6, 245.33, 152626, 739
659, 1, 41, 48, 19, 0, 1.13%, 7, 0, 6, 240.30, 153874, 739
664, 1, 33, 48, 19, 0, 1.13%, 7, 0, 6, 237.55, 155130, 739
669, 1, 33, 48, 19, 0, 1.13%, 7, 0, 6, 233.47, 156294, 739
674, 1, 39, 48, 19, 0, 1.13%, 7, 0, 6, 242.80, 157525, 739
680, 1, 45, 48, 19, 0, 1.13%, 7, 0, 6, 233.40, 158759, 739
685, 1, 45, 48, 19, 0, 1.13%, 7, 0, 6, 238.63, 159952, 739
690, 1, 45, 48, 19, 0, 1.13%, 7, 0, 6, 248.67, 161256, 739
695, 1, 25, 48, 19, 0, 1.13%, 7, 0, 6, 244.04, 162480, 739
700, 1, 14, 48, 19, 0, 1.13%, 7, 0, 6, 241.19, 163735, 739
705, 1, 14, 48, 19, 0, 1.13%, 7, 0, 6, 236.95, 164912, 739
710, 1, 25, 48, 19, 0, 1.13%, 7, 0, 6, 255.08, 166211, 739
715, 1, 41, 48, 19, 0, 1.13%, 7, 0, 6, 239.47, 167423, 739
720, 1, 41, 48, 19, 0, 1.13%, 7, 0, 6, 246.64, 168634, 739
725, 1, 25, 48, 19, 0, 1.13%, 7, 0, 6, 243.53, 169894, 739
730, 1, 40, 48, 19, 0, 1.13%, 7, 0, 6, 230.41, 171025, 739
736, 1, 41, 48, 19, 0, 1.13%, 7, 0, 6, 233.25, 172229, 739
741, 2, 40, 50, 21, 0, 1.13%, 7, 0, 6, 235.20, 173433, 739
746, 2, 40, 53, 24, 0, 1.13%, 7, 0, 6, 227.63, 174597, 739
751, 2, 40, 54, 25, 0, 1.13%, 7, 0, 6, 228.16, 175785, 739
756, 2, 40, 55, 26, 0, 1.13%, 7, 0, 6, 229.44, 176937, 739
761, 2, 40, 57, 28, 0, 1.13%, 7, 0, 6, 227.73, 178077, 739
766, 2, 40, 58, 29, 0, 1.13%, 7, 0, 6, 228.21, 179233, 739
771, 2, 40, 58, 29, 0, 1.13%, 7, 0, 6, 228.63, 180393, 739
776, 2, 40, 59, 30, 0, 1.13%, 7, 0, 6, 228.66, 181545, 739
781, 2, 40, 59, 30, 0, 1.13%, 7, 0, 6, 228.78, 182693, 739
786, 2, 40, 59, 30, 0, 1.13%, 7, 0, 6, 230.13, 183885, 739
791, 2, 40, 62, 33, 0, 1.13%, 7, 0, 6, 229.09, 185029, 739
796, 2, 40, 62, 33, 0, 1.13%, 7, 0, 6, 228.39, 186173, 739
801, 2, 40, 62, 33, 0, 1.13%, 7, 0, 6, 229.14, 187321, 739
807, 2, 40, 62, 33, 0, 1.13%, 7, 0, 6, 231.50, 188521, 739
812, 2, 40, 63, 34, 0, 1.13%, 7, 0, 6, 223.80, 189649, 739
817, 2, 40, 63, 34, 0, 1.13%, 7, 0, 6, 227.74, 190805, 739
822, 2, 40, 64, 35, 0, 1.13%, 7, 0, 6, 222.00, 191925, 739
827, 2, 24, 66, 37, 1, 1.14%, 7, 0, 6, 78.46, 192356, 744
832, 2, 33, 67, 37, 1, 1.14%, 7, 0, 6, 207.80, 193590, 744
837, 2, 33, 67, 37, 1, 1.14%, 7, 0, 6, 220.06, 194705, 744
842, 2, 33, 68, 38, 1, 1.14%, 7, 0, 6, 173.70, 195595, 744
847, 2, 25, 68, 38, 1, 1.14%, 7, 0, 6, 197.63, 196596, 744
852, 2, 25, 69, 39, 1, 1.14%, 7, 0, 6, 197.12, 197642, 744
857, 2, 25, 69, 39, 1, 1.14%, 7, 0, 6, 201.59, 198697, 744
862, 2, 61, 69, 39, 1, 1.14%, 7, 0, 6, 233.94, 199910, 744
867, 2, 25, 70, 39, 1, 1.14%, 7, 0, 6, 214.63, 200994, 744
872, 2, 25, 70, 39, 1, 1.14%, 7, 0, 6, 205.87, 201925, 744
877, 2, 35, 70, 39, 1, 1.14%, 7, 0, 6, 221.91, 203033, 744
882, 2, 35, 70, 39, 1, 1.14%, 7, 0, 6, 196.20, 203971, 744
887, 2, 25, 70, 39, 1, 1.14%, 7, 0, 6, 219.29, 205177, 744
892, 2, 8, 70, 39, 1, 1.14%, 7, 0, 6, 201.34, 206099, 744
897, 2, 25, 70, 39, 1, 1.14%, 7, 0, 6, 202.90, 207081, 744
902, 2, 25, 70, 39, 1, 1.14%, 7, 0, 6, 213.89, 208160, 744
908, 2, 26, 70, 39, 1, 1.14%, 7, 0, 6, 22.28, 209048, 744
913, 2, 25, 70, 38, 1, 1.14%, 7, 0, 6, 201.78, 209982, 744
918, 2, 65, 70, 38, 1, 1.14%, 7, 0, 6, 21.68, 210831, 744
923, 2, 65, 70, 38, 1, 1.14%, 7, 0, 6, 21.29, 210941, 744
928, 2, 65, 70, 38, 1, 1.14%, 7, 0, 6, 21.01, 211046, 744
933, 2, 65, 70, 38, 1, 1.14%, 7, 0, 6, 21.08, 211156, 744
938, 2, 65, 70, 38, 1, 1.14%, 7, 0, 6, 21.01, 211266, 744
944, 2, 65, 70, 38, 1, 1.14%, 7, 0, 6, 21.12, 211376, 744
949, 2, 65, 70, 38, 1, 1.14%, 7, 0, 6, 21.09, 211486, 744
954, 2, 65, 70, 38, 1, 1.14%, 7, 0, 6, 21.08, 211596, 744
959, 2, 65, 70, 38, 1, 1.14%, 7, 0, 6, 20.99, 211705, 744
964, 2, 65, 70, 38, 1, 1.14%, 7, 0, 6, 21.09, 211815, 744
970, 2, 65, 70, 38, 1, 1.14%, 7, 0, 6, 21.10, 211925, 744
975, 2, 65, 71, 39, 1, 1.14%, 7, 0, 7, 21.44, 212035, 744
980, 2, 40, 71, 38, 0, 1.14%, 7, 0, 7, 200.64, 212552, 744
985, 2, 25, 71, 38, 0, 1.14%, 7, 0, 7, 225.30, 213408, 744
990, 2, 25, 73, 40, 0, 1.14%, 7, 0, 7, 24.01, 213830, 744
995, 2, 25, 73, 40, 1, 1.14%, 7, 0, 7, 250.95, 214343, 744
1000, 2, 25, 73, 40, 1, 1.14%, 7, 0, 7, 228.44, 215413, 744
1006, 2, 25, 76, 43, 1, 1.14%, 7, 0, 7, 31.58, 215774, 744
1011, 2, 25, 76, 43, 1, 1.14%, 7, 0, 7, 27.24, 215904, 744
1016, 2, 71, 76, 43, 1, 1.14%, 7, 0, 7, 122.19, 216171, 744
1021, 2, 71, 76, 43, 1, 1.14%, 7, 0, 7, 21.28, 216282, 744
1026, 2, 71, 76, 43, 1, 1.14%, 7, 0, 7, 21.14, 216392, 744
1031, 2, 71, 76, 43, 1, 1.14%, 7, 0, 7, 21.46, 216502, 744
1036, 2, 71, 76, 43, 1, 1.14%, 7, 0, 7, 21.57, 216612, 744
1041, 2, 71, 76, 43, 1, 1.14%, 7, 0, 7, 21.58, 216722, 744
1047, 2, 71, 76, 43, 1, 1.14%, 7, 0, 7, 21.52, 216832, 744
1052, 2, 71, 76, 43, 1, 1.14%, 7, 0, 7, 21.59, 216942, 744
1057, 2, 71, 76, 43, 1, 1.14%, 7, 0, 7, 21.49, 217052, 744
1062, 2, 71, 76, 43, 1, 1.14%, 7, 0, 7, 21.47, 217162, 744
1067, 2, 71, 76, 43, 1, 1.14%, 7, 0, 7, 21.49, 217272, 744
1072, 2, 71, 76, 43, 1, 1.14%, 7, 0, 7, 23.35, 217393, 744
1077, 2, 71, 76, 43, 1, 1.14%, 7, 0, 7, 23.75, 217644, 744
1083, 2, 25, 76, 42, 0, 1.14%, 7, 0, 7, 238.08, 218420, 744
1088, 2, 25, 76, 42, 0, 1.14%, 7, 0, 7, 23.81, 218845, 744
1093, 2, 35, 77, 43, 0, 1.14%, 7, 0, 7, 220.28, 219819, 744
1098, 2, 35, 77, 43, 0, 1.14%, 7, 0, 7, 247.00, 221112, 744
1103, 2, 39, 77, 43, 0, 1.14%, 7, 0, 7, 238.10, 222336, 744
1108, 2, 39, 78, 44, 0, 1.14%, 7, 0, 7, 236.18, 223510, 744
1113, 2, 39, 78, 44, 0, 1.14%, 7, 0, 7, 219.27, 224668, 744
1118, 2, 25, 78, 44, 0, 1.14%, 7, 0, 7, 216.31, 225631, 744
1124, 2, 25, 78, 44, 0, 1.14%, 7, 0, 7, 226.98, 226157, 744
1129, 2, 25, 78, 44, 0, 1.14%, 7, 0, 7, 227.16, 227069, 744
1134, 2, 9, 78, 44, 0, 1.14%, 7, 0, 7, 234.56, 228302, 744
1139, 2, 9, 78, 44, 0, 1.14%, 7, 0, 7, 232.31, 229500, 744
1144, 2, 9, 78, 44, 0, 1.14%, 7, 0, 7, 28.49, 230320, 744
1149, 2, 9, 78, 44, 0, 1.14%, 7, 0, 7, 27.87, 230458, 744
1154, 2, 9, 78, 44, 0, 1.14%, 7, 0, 7, 25.38, 230976, 744
1159, 2, 9, 78, 44, 0, 1.14%, 7, 0, 7, 25.59, 231103, 744
1164, 2, 9, 78, 44, 0, 1.14%, 7, 0, 7, 208.88, 231868, 744
1169, 2, 9, 78, 44, 0, 1.14%, 7, 0, 7, 151.86, 232565, 744
1174, 2, 19, 78, 44, 0, 1.14%, 7, 0, 7, 181.97, 233562, 744
1180, 2, 25, 78, 43, 0, 1.14%, 7, 0, 7, 259.96, 233885, 744
1185, 2, 25, 78, 43, 0, 1.14%, 7, 0, 7, 26.14, 234593, 744
1190, 2, 25, 79, 44, 0, 1.14%, 7, 0, 7, 21.61, 234699, 744
1195, 2, 37, 79, 44, 0, 1.14%, 7, 0, 7, 21.20, 235107, 744
1200, 2, 25, 80, 45, 0, 1.14%, 7, 0, 7, 242.24, 236294, 744
1205, 2, 45, 80, 45, 0, 1.14%, 7, 0, 7, 221.27, 237416, 744
1210, 2, 45, 80, 45, 0, 1.14%, 7, 0, 7, 220.96, 238520, 744
1215, 2, 45, 80, 45, 0, 1.14%, 7, 0, 7, 40.20, 239142, 744
1221, 2, 45, 80, 45, 0, 1.14%, 7, 0, 7, 50.79, 239733, 744
1226, 2, 45, 80, 45, 0, 1.14%, 7, 0, 7, 157.44, 240499, 744
1231, 2, 45, 80, 45, 0, 1.14%, 7, 0, 7, 25.12, 240671, 744
1236, 2, 45, 80, 45, 0, 1.14%, 7, 0, 7, 224.49, 240962, 744
1241, 2, 45, 81, 46, 0, 1.14%, 7, 0, 7, 240.12, 242194, 744
1246, 2, 25, 81, 46, 0, 1.14%, 7, 0, 7, 214.09, 243269, 744
1251, 2, 25, 81, 46, 0, 1.14%, 7, 0, 7, 199.77, 244251, 744
1256, 2, 25, 81, 46, 0, 1.14%, 7, 0, 7, 230.45, 245044, 744
1262, 2, 25, 81, 46, 0, 1.14%, 7, 0, 7, 24.59, 245387, 744
1267, 2, 25, 81, 46, 0, 1.14%, 7, 0, 7, 147.71, 245699, 744
1272, 2, 25, 81, 46, 0, 1.14%, 7, 0, 7, 24.72, 246024, 744
1277, 2, 25, 81, 46, 0, 1.14%, 7, 0, 7, 22.94, 246596, 744
1282, 2, 25, 81, 46, 0, 1.14%, 7, 0, 7, 182.63, 247339, 744
1287, 2, 25, 81, 46, 0, 1.14%, 7, 0, 7, 21.98, 248050, 744
1293, 2, 16, 81, 46, 0, 1.14%, 7, 0, 7, 194.06, 248674, 744
1298, 2, 16, 81, 46, 0, 1.14%, 7, 0, 7, 24.50, 249508, 744
1303, 2, 25, 81, 46, 0, 1.14%, 7, 0, 7, 217.92, 250320, 744
1308, 2, 25, 81, 46, 0, 1.14%, 7, 0, 7, 193.53, 250788, 744
1313, 2, 30, 81, 46, 0, 1.14%, 7, 0, 7, 96.61, 251276, 744
1318, 2, 30, 81, 46, 0, 1.14%, 7, 0, 7, 18.64, 252294, 744
1323, 2, 30, 81, 46, 0, 1.14%, 7, 0, 7, 19.84, 252394, 744
1329, 2, 30, 81, 46, 0, 1.14%, 7, 0, 7, 209.02, 252768, 744
1334, 2, 45, 81, 46, 0, 1.14%, 7, 0, 7, 203.49, 253790, 744
1339, 2, 45, 81, 46, 0, 1.14%, 7, 0, 7, 181.38, 254757, 744
1344, 2, 45, 81, 46, 0, 1.14%, 7, 0, 7, 26.19, 254920, 744
1349, 2, 45, 81, 46, 0, 1.14%, 7, 0, 7, 23.46, 255236, 744
1354, 2, 45, 81, 46, 0, 1.14%, 7, 0, 7, 22.78, 255557, 744
1359, 2, 45, 81, 46, 0, 1.14%, 7, 0, 7, 235.61, 256233, 744
1364, 2, 71, 81, 46, 0, 1.14%, 7, 0, 7, 26.59, 256374, 744
1369, 2, 71, 81, 46, 0, 1.14%, 7, 0, 7, 24.92, 256500, 744
1375, 2, 71, 81, 46, 0, 1.14%, 7, 0, 7, 140.97, 256914, 744
1380, 2, 22, 81, 46, 0, 1.14%, 7, 0, 7, 197.98, 257961, 744
1385, 2, 25, 81, 45, 0, 1.14%, 7, 0, 7, 232.81, 258609, 744
1390, 2, 25, 82, 46, 0, 1.14%, 7, 0, 7, 245.69, 259191, 744
1395, 2, 37, 82, 46, 0, 1.14%, 7, 0, 7, 22.29, 260046, 744
1400, 2, 25, 82, 46, 0, 1.14%, 7, 0, 7, 157.66, 260774, 744
1405, 2, 82, 83, 47, 1, 1.14%, 7, 0, 7, 154.26, 261670, 746
1410, 2, 82, 83, 47, 1, 1.14%, 8, 0, 7, 177.22, 262631, 746
1415, 2, 82, 83, 47, 1, 1.14%, 8, 0, 7, 174.58, 263495, 746
1421, 2, 25, 83, 46, 0, 1.14%, 8, 0, 7, 217.77, 264601, 746
1426, 2, 33, 83, 46, 0, 1.14%, 8, 0, 7, 205.41, 265591, 746
1431, 2, 33, 83, 46, 0, 1.14%, 8, 0, 7, 21.38, 266394, 746
1436, 2, 33, 83, 46, 0, 1.14%, 8, 0, 7, 217.94, 266702, 746
1441, 2, 33, 83, 46, 0, 1.14%, 8, 0, 7, 158.66, 267484, 746
1446, 2, 25, 83, 46, 0, 1.14%, 8, 0, 7, 196.75, 268576, 746
1451, 2, 25, 83, 46, 0, 1.14%, 8, 0, 7, 193.21, 269413, 746
1456, 2, 16, 83, 46, 0, 1.14%, 8, 0, 7, 210.42, 270420, 746
1461, 2, 16, 83, 46, 0, 1.14%, 8, 0, 7, 24.06, 270888, 746
1466, 2, 37, 83, 46, 0, 1.14%, 8, 0, 7, 196.50, 271731, 746
1471, 2, 25, 83, 46, 0, 1.14%, 8, 0, 7, 182.06, 272628, 746
1477, 2, 25, 83, 46, 0, 1.14%, 8, 0, 7, 226.86, 273841, 746
1482, 2, 25, 83, 46, 0, 1.14%, 8, 0, 7, 179.54, 274431, 746
1487, 2, 9, 83, 46, 0, 1.14%, 8, 0, 7, 160.01, 275222, 746
1492, 2, 9, 83, 46, 0, 1.14%, 8, 0, 7, 215.93, 276417, 746
1497, 2, 9, 83, 46, 0, 1.14%, 8, 0, 7, 189.61, 277367, 746
1502, 2, 9, 83, 46, 0, 1.14%, 8, 0, 7, 234.54, 278634, 746
1508, 2, 25, 83, 46, 0, 1.14%, 8, 0, 7, 224.72, 279835, 746
1513, 2, 25, 83, 46, 0, 1.14%, 8, 0, 7, 206.78, 280876, 746
1518, 2, 16, 83, 46, 0, 1.14%, 8, 0, 7, 210.98, 281846, 746
1523, 2, 16, 83, 46, 0, 1.14%, 8, 0, 7, 217.62, 282577, 746
1528, 2, 25, 83, 46, 0, 1.14%, 8, 0, 7, 196.08, 283634, 746
1533, 2, 45, 83, 46, 0, 1.14%, 8, 0, 7, 203.01, 284577, 746
1538, 2, 45, 83, 46, 0, 1.14%, 8, 0, 7, 29.27, 284897, 746
1543, 2, 45, 83, 46, 0, 1.14%, 8, 0, 7, 194.04, 285829, 746
1548, 2, 45, 83, 46, 0, 1.14%, 8, 0, 7, 24.96, 286244, 746
1553, 2, 45, 83, 46, 0, 1.14%, 8, 0, 7, 200.89, 286802, 746
1558, 2, 45, 83, 46, 0, 1.14%, 8, 0, 7, 22.47, 287871, 746
1564, 2, 45, 83, 46, 0, 1.14%, 8, 0, 7, 57.93, 288124, 746
1569, 2, 45, 83, 46, 0, 1.14%, 8, 0, 7, 147.64, 288833, 746
1574, 2, 25, 83, 46, 0, 1.14%, 8, 0, 7, 27.55, 289467, 746
1579, 2, 25, 83, 46, 0, 1.14%, 8, 0, 7, 209.50, 290256, 746
1584, 2, 25, 83, 46, 0, 1.14%, 8, 0, 7, 211.82, 290991, 746
1589, 2, 25, 83, 46, 0, 1.14%, 8, 0, 7, 202.70, 291949, 746
1594, 2, 25, 83, 46, 0, 1.14%, 8, 0, 7, 184.18, 292567, 746
1599, 2, 39, 83, 46, 0, 1.14%, 8, 0, 7, 210.31, 293614, 746
1604, 2, 39, 83, 46, 0, 1.14%, 8, 0, 7, 225.72, 294731, 746
1609, 2, 25, 83, 46, 0, 1.14%, 8, 0, 7, 193.20, 295641, 746
1614, 2, 25, 83, 46, 0, 1.14%, 8, 0, 7, 24.67, 296426, 746
1620, 2, 25, 83, 46, 0, 1.14%, 8, 0, 7, 222.24, 297374, 746
1625, 2, 25, 83, 46, 0, 1.14%, 8, 0, 7, 26.64, 297811, 746
1630, 2, 25, 83, 46, 0, 1.14%, 8, 0, 7, 212.40, 298886, 746
1635, 2, 25, 83, 46, 0, 1.14%, 8, 0, 7, 22.10, 299571, 746
1640, 2, 37, 83, 46, 0, 1.14%, 8, 0, 7, 191.93, 300398, 746
1645, 2, 25, 83, 46, 0, 1.14%, 8, 0, 7, 220.09, 301515, 746
1650, 2, 25, 83, 46, 0, 1.14%, 8, 0, 7, 24.07, 302085, 746
1655, 2, 25, 83, 46, 0, 1.14%, 8, 0, 7, 19.91, 302800, 746
1660, 2, 25, 84, 47, 0, 1.14%, 9, 0, 7, 208.21, 303403, 746
1665, 2, 25, 84, 47, 0, 1.14%, 9, 0, 7, 180.37, 304121, 746
1671, 2, 25, 84, 47, 0, 1.14%, 9, 0, 7, 25.34, 304693, 746
1676, 2, 25, 84, 47, 0, 1.14%, 9, 0, 7, 43.36, 305372, 746
1681, 2, 25, 84, 47, 0, 1.14%, 9, 0, 7, 48.17, 305878, 746
1686, 2, 25, 84, 47, 0, 1.14%, 9, 0, 7, 22.66, 306983, 746
1691, 2, 25, 84, 47, 0, 1.14%, 9, 0, 7, 240.07, 307796, 746
1696, 2, 25, 84, 47, 0, 1.14%, 9, 0, 7, 36.22, 308456, 746
1701, 2, 25, 84, 47, 0, 1.14%, 9, 0, 7, 233.41, 309069, 746
1706, 2, 25, 84, 47, 0, 1.14%, 9, 0, 7, 44.26, 309303, 746
1712, 2, 25, 84, 47, 0, 1.14%, 9, 0, 7, 114.78, 309865, 746
1717, 2, 25, 84, 47, 0, 1.14%, 9, 0, 7, 158.50, 310825, 746
1722, 2, 25, 84, 47, 0, 1.14%, 9, 0, 7, 188.37, 311708, 746
1727, 2, 25, 84, 47, 0, 1.14%, 9, 0, 7, 147.59, 312177, 746
1732, 3, 25, 84, 47, 0, 1.14%, 9, 0, 7, 173.74, 313061, 746
1737, 3, 7, 84, 47, 0, 1.14%, 9, 0, 7, 195.72, 313989, 746
1742, 3, 7, 84, 47, 0, 1.14%, 9, 0, 7, 22.45, 314650, 746
1747, 3, 25, 84, 46, 0, 1.14%, 9, 0, 7, 204.60, 315486, 746
1752, 3, 25, 84, 46, 0, 1.14%, 9, 0, 7, 207.34, 316564, 746
1758, 3, 25, 84, 46, 0, 1.14%, 9, 0, 7, 188.39, 317109, 746
1763, 3, 30, 84, 46, 0, 1.14%, 9, 0, 7, 211.54, 318253, 746
1768, 3, 30, 84, 46, 0, 1.14%, 9, 0, 7, 25.16, 319293, 746
1773, 3, 30, 84, 46, 0, 1.14%, 9, 0, 7, 41.53, 319489, 746
1778, 3, 25, 84, 46, 0, 1.14%, 9, 0, 7, 29.19, 320468, 746
1783, 3, 25, 84, 46, 0, 1.14%, 9, 0, 7, 256.73, 321030, 746
1788, 3, 25, 84, 46, 0, 1.14%, 9, 0, 7, 188.39, 321946, 746
1793, 3, 45, 84, 46, 0, 1.14%, 9, 0, 7, 214.09, 323061, 746
1799, 3, 45, 84, 46, 0, 1.14%, 9, 0, 7, 245.73, 324334, 746
1804, 3, 45, 84, 46, 0, 1.14%, 9, 0, 7, 21.66, 324839, 746
1809, 3, 25, 84, 46, 0, 1.14%, 9, 0, 7, 245.95, 325456, 746
1814, 3, 40, 84, 46, 0, 1.14%, 9, 0, 7, 217.04, 326511, 746
1819, 3, 40, 84, 46, 0, 1.14%, 9, 0, 7, 25.64, 327106, 746
1824, 3, 25, 84, 46, 0, 1.14%, 9, 0, 7, 201.66, 327922, 746
1829, 3, 25, 84, 46, 0, 1.14%, 9, 0, 7, 30.28, 328542, 746
1834, 3, 25, 84, 46, 0, 1.14%, 9, 0, 7, 213.25, 329334, 746
1839, 3, 25, 84, 46, 0, 1.14%, 9, 0, 7, 70.35, 329773, 746
1844, 3, 25, 84, 46, 0, 1.14%, 9, 0, 7, 24.99, 330704, 746
1849, 3, 25, 84, 46, 0, 1.14%, 9, 0, 7, 206.94, 331611, 746
1854, 3, 25, 84, 46, 0, 1.14%, 9, 0, 7, 208.99, 332225, 746
1859, 3, 25, 84, 46, 0, 1.14%, 9, 0, 7, 229.97, 332960, 746
1865, 3, 25, 84, 46, 0, 1.14%, 9, 0, 7, 60.29, 333417, 746
1870, 3, 25, 84, 46, 0, 1.14%, 9, 0, 7, 155.11, 334327, 746
1875, 3, 33, 84, 46, 0, 1.14%, 9, 0, 7, 184.26, 335195, 746
1880, 3, 33, 84, 46, 0, 1.14%, 9, 0, 7, 218.60, 336373, 746
1885, 3, 33, 84, 46, 0, 1.14%, 9, 0, 7, 197.07, 337456, 746
1890, 3, 34, 84, 46, 0, 1.14%, 9, 0, 7, 220.56, 338640, 746
1895, 3, 34, 84, 46, 0, 1.14%, 9, 0, 7, 191.56, 339520, 746
1901, 3, 41, 84, 46, 0, 1.14%, 9, 0, 7, 210.77, 340588, 746
1906, 3, 41, 84, 46, 0, 1.14%, 9, 0, 7, 179.82, 341464, 746
1911, 3, 41, 84, 46, 0, 1.14%, 9, 0, 7, 158.89, 342160, 746
1916, 3, 25, 84, 46, 0, 1.14%, 9, 0, 7, 222.26, 343427, 746
1921, 3, 25, 84, 46, 0, 1.14%, 9, 0, 7, 229.67, 344086, 746
1926, 3, 25, 84, 46, 0, 1.14%, 9, 0, 7, 31.05, 344646, 746
1931, 3, 25, 84, 46, 0, 1.14%, 9, 0, 7, 187.44, 345399, 746
1936, 3, 25, 84, 46, 0, 1.14%, 9, 0, 7, 25.89, 346135, 746
1941, 3, 25, 84, 46, 0, 1.14%, 9, 0, 7, 193.62, 347194, 746
1947, 3, 25, 84, 46, 0, 1.14%, 9, 0, 7, 110.11, 347681, 746
1952, 3, 25, 84, 46, 0, 1.14%, 9, 0, 7, 197.55, 348235, 746
1957, 3, 25, 84, 46, 0, 1.14%, 9, 0, 7, 173.12, 348899, 746
1962, 3, 25, 84, 46, 0, 1.14%, 9, 0, 7, 146.51, 349714, 746
1967, 3, 25, 84, 46, 0, 1.14%, 9, 0, 7, 24.99, 349992, 746
1972, 3, 25, 84, 46, 0, 1.14%, 9, 0, 7, 20.83, 350198, 746
1977, 3, 42, 84, 46, 0, 1.14%, 9, 0, 7, 24.53, 351114, 746
1982, 3, 42, 84, 46, 0, 1.14%, 9, 0, 7, 37.27, 351290, 746
1988, 3, 42, 84, 46, 0, 1.14%, 9, 0, 7, 78.23, 351760, 746
1993, 3, 42, 84, 46, 0, 1.14%, 9, 0, 7, 87.10, 352063, 746
1998, 3, 42, 84, 46, 0, 1.14%, 9, 0, 7, 246.47, 352396, 746
2003, 3, 40, 84, 46, 0, 1.14%, 9, 0, 7, 16.88, 353463, 746
2008, 3, 40, 84, 46, 0, 1.14%, 9, 0, 7, 26.86, 353673, 746
2013, 3, 27, 84, 46, 0, 1.14%, 10, 0, 7, 179.17, 354723, 746
2018, 3, 27, 84, 46, 0, 1.14%, 10, 0, 7, 217.33, 355897, 746
2023, 3, 27, 84, 46, 0, 1.14%, 10, 0, 7, 212.44, 356869, 746
2029, 3, 27, 84, 46, 0, 1.14%, 10, 0, 7, 24.57, 357249, 746
2034, 3, 27, 84, 46, 0, 1.14%, 10, 0, 7, 25.16, 357377, 746
2039, 3, 27, 84, 46, 0, 1.14%, 10, 0, 7, 235.19, 358261, 746
2044, 3, 25, 84, 46, 0, 1.14%, 10, 0, 7, 40.12, 359418, 746
2049, 3, 25, 84, 46, 0, 1.14%, 10, 0, 7, 95.16, 360031, 746
2054, 3, 35, 84, 46, 0, 1.14%, 10, 0, 7, 185.66, 360973, 746
2059, 3, 35, 84, 46, 0, 1.14%, 10, 0, 7, 222.88, 362131, 746
2064, 3, 25, 84, 46, 0, 1.14%, 10, 0, 7, 244.21, 363380, 746
2069, 3, 25, 84, 46, 0, 1.14%, 10, 0, 7, 161.39, 363959, 746
2075, 3, 25, 84, 46, 0, 1.14%, 10, 0, 7, 160.00, 364497, 746
2080, 3, 25, 84, 46, 0, 1.14%, 10, 0, 7, 216.43, 365609, 746
2085, 3, 25, 84, 46, 0, 1.14%, 10, 0, 7, 222.06, 366342, 746
2090, 3, 52, 84, 46, 0, 1.14%, 10, 0, 7, 210.56, 366990, 746
2096, 3, 52, 85, 47, 0, 1.68%, 10, 0, 7, 10.83, 367886, 1102
2101, 3, 52, 87, 49, 0, 1.72%, 10, 0, 7, 21.87, 368401, 1124
2106, 3, 52, 88, 50, 0, 1.72%, 10, 0, 7, 14.87, 368457, 1124
2111, 3, 52, 88, 50, 0, 1.72%, 10, 0, 7, 14.58, 368532, 1124
2116, 3, 13, 88, 49, 2, 1.72%, 10, 0, 7, 24.56, 369446, 1124
2122, 3, 13, 89, 50, 2, 1.72%, 10, 0, 7, 65.29, 369820, 1124
2127, 3, 13, 89, 50, 2, 1.72%, 10, 0, 7, 81.41, 370214, 1124
2132, 3, 88, 89, 49, 3, 1.72%, 10, 0, 7, 8.46, 370602, 1124
2137, 3, 88, 89, 49, 3, 1.72%, 10, 0, 7, 8.71, 370649, 1124
2142, 3, 88, 89, 49, 3, 1.72%, 10, 0, 7, 8.49, 370691, 1124
2147, 3, 88, 89, 49, 3, 1.72%, 10, 0, 7, 8.46, 370735, 1124
2152, 3, 88, 89, 49, 3, 1.72%, 10, 0, 7, 8.46, 370779, 1124
2158, 3, 88, 89, 49, 3, 1.72%, 10, 0, 7, 8.47, 370823, 1124
2163, 3, 88, 89, 49, 3, 1.72%, 10, 0, 7, 160.94, 371643, 1124
2168, 3, 88, 90, 50, 3, 1.72%, 10, 0, 7, 9.98, 372382, 1124
2173, 3, 88, 91, 51, 3, 1.72%, 10, 0, 7, 13.29, 372451, 1124
2178, 3, 88, 91, 51, 3, 1.72%, 10, 0, 7, 12.82, 372516, 1124
2183, 3, 88, 91, 51, 3, 1.72%, 10, 0, 7, 12.60, 372579, 1124
2188, 3, 88, 91, 51, 3, 1.72%, 10, 0, 7, 13.43, 372649, 1124
2193, 3, 88, 91, 51, 3, 1.72%, 10, 0, 7, 12.68, 372713, 1124
2198, 3, 88, 91, 51, 3, 1.72%, 10, 0, 7, 131.99, 372898, 1124
2203, 3, 88, 92, 52, 3, 1.72%, 10, 0, 7, 17.76, 373041, 1130
2209, 3, 88, 92, 52, 3, 1.72%, 10, 0, 7, 18.44, 373138, 1130
2214, 3, 88, 92, 51, 3, 1.72%, 10, 0, 7, 207.92, 373896, 1130
2219, 3, 88, 92, 51, 3, 1.72%, 10, 0, 7, 24.18, 374375, 1130
2224, 3, 88, 92, 51, 3, 1.72%, 10, 0, 7, 254.61, 374840, 1130
2229, 3, 88, 92, 51, 3, 1.72%, 10, 0, 7, 9.85, 375350, 1130
2234, 3, 88, 92, 51, 3, 1.72%, 10, 0, 7, 10.29, 375400, 1130
2239, 3, 88, 92, 51, 3, 1.72%, 10, 0, 7, 11.60, 375458, 1130
2244, 3, 88, 92, 51, 3, 1.72%, 10, 0, 7, 14.25, 375537, 1130
2249, 3, 88, 92, 51, 3, 1.72%, 10, 0, 7, 10.14, 375699, 1130
2255, 3, 88, 92, 51, 3, 1.72%, 10, 0, 7, 11.12, 375755, 1130
2260, 3, 8, 92, 51, 3, 1.72%, 10, 0, 7, 239.66, 376755, 1130
2265, 3, 8, 92, 51, 3, 1.72%, 10, 0, 7, 211.21, 377695, 1130
2270, 3, 77, 92, 51, 3, 1.72%, 10, 0, 7, 233.95, 378896, 1130
2275, 3, 77, 92, 51, 3, 1.72%, 10, 0, 7, 185.92, 379900, 1130
2280, 3, 77, 92, 51, 3, 1.72%, 11, 0, 7, 186.06, 380812, 1130
2285, 3, 90, 92, 50, 3, 1.72%, 11, 0, 7, 16.40, 380913, 1130
2290, 3, 90, 92, 50, 3, 1.72%, 11, 0, 7, 10.69, 380956, 1130
2295, 3, 90, 92, 50, 3, 1.72%, 11, 0, 7, 8.96, 380998, 1130
2300, 3, 90, 92, 50, 3, 1.72%, 11, 0, 7, 8.55, 381040, 1130
2305, 3, 90, 92, 50, 3, 1.72%, 11, 0, 7, 8.52, 381083, 1130
2310, 3, 90, 92, 50, 3, 1.72%, 11, 0, 7, 8.48, 381126, 1130
2315, 3, 90, 92, 50, 3, 1.72%, 11, 0, 7, 8.40, 381168, 1130
2320, 3, 90, 92, 50, 3, 1.72%, 11, 0, 7, 8.36, 381210, 1130
2325, 3, 90, 92, 50, 3, 1.72%, 11, 0, 7, 8.57, 381253, 1130
2330, 3, 90, 92, 50, 3, 1.72%, 11, 0, 7, 8.40, 381295, 1130
2335, 3, 90, 92, 50, 3, 1.72%, 11, 0, 7, 8.71, 381339, 1130
2340, 3, 90, 92, 50, 3, 1.72%, 11, 0, 7, 8.41, 381381, 1130
2346, 3, 90, 92, 50, 3, 1.72%, 11, 0, 7, 8.41, 381425, 1130
2351, 3, 90, 92, 50, 3, 1.72%, 11, 0, 7, 8.37, 381467, 1130
2356, 3, 90, 92, 50, 3, 1.72%, 11, 0, 7, 8.38, 381511, 1130
2361, 3, 90, 92, 50, 3, 1.72%, 11, 0, 7, 8.38, 381553, 1130
2366, 3, 90, 92, 50, 3, 1.72%, 11, 0, 7, 8.40, 381595, 1130
2371, 3, 90, 92, 50, 3, 1.72%, 11, 0, 7, 8.74, 381639, 1130
2376, 3, 90, 92, 50, 3, 1.72%, 11, 0, 7, 8.48, 381681, 1130
2381, 3, 90, 92, 50, 3, 1.72%, 11, 0, 7, 8.38, 381723, 1130
2386, 3, 90, 92, 50, 3, 1.72%, 11, 0, 7, 8.38, 381765, 1130
2391, 3, 90, 92, 50, 3, 1.72%, 11, 0, 7, 8.90, 381810, 1130
2396, 3, 90, 92, 50, 3, 1.72%, 11, 0, 7, 8.51, 381852, 1130
2401, 3, 90, 92, 50, 3, 1.72%, 11, 0, 7, 8.32, 381894, 1130
2406, 3, 90, 92, 50, 3, 1.72%, 11, 0, 7, 8.32, 381936, 1130
2412, 3, 90, 92, 50, 3, 1.72%, 11, 0, 7, 8.40, 381980, 1130
2417, 3, 90, 92, 50, 3, 1.72%, 11, 0, 7, 8.37, 382022, 1130
2422, 3, 90, 92, 50, 3, 1.72%, 11, 0, 7, 8.35, 382064, 1130
2427, 3, 90, 92, 50, 3, 1.72%, 11, 0, 7, 8.36, 382106, 1130
2432, 3, 90, 92, 50, 3, 1.72%, 11, 0, 7, 8.37, 382148, 1130
2437, 3, 90, 92, 50, 3, 1.72%, 11, 0, 7, 8.38, 382190, 1130
2442, 3, 90, 92, 50, 3, 1.72%, 11, 0, 7, 8.33, 382232, 1130
2447, 3, 90, 92, 50, 3, 1.72%, 11, 0, 7, 8.38, 382274, 1130
2452, 3, 90, 92, 50, 3, 1.72%, 11, 0, 7, 8.37, 382316, 1130
2457, 3, 90, 92, 50, 3, 1.72%, 11, 0, 7, 8.39, 382358, 1130
2462, 3, 90, 92, 50, 3, 1.72%, 11, 0, 7, 8.40, 382400, 1130
2467, 3, 90, 92, 50, 3, 1.72%, 11, 0, 7, 8.51, 382445, 1130
2472, 3, 90, 92, 50, 3, 1.72%, 11, 0, 7, 8.39, 382487, 1130
2477, 3, 90, 92, 50, 3, 1.72%, 11, 0, 7, 8.40, 382529, 1130
2482, 3, 90, 92, 50, 3, 1.72%, 11, 0, 7, 8.38, 382573, 1130
2487, 3, 90, 92, 50, 3, 1.72%, 11, 0, 7, 8.38, 382615, 1130
2492, 3, 90, 92, 50, 3, 1.72%, 11, 0, 7, 9.54, 382662, 1130
2497, 3, 90, 92, 50, 3, 1.72%, 11, 0, 7, 12.95, 382734, 1130
2503, 3, 90, 92, 50, 3, 1.72%, 11, 0, 7, 13.69, 382810, 1130
2508, 3, 90, 92, 50, 3, 1.72%, 11, 0, 7, 13.34, 382880, 1130
2513, 3, 90, 92, 50, 3, 1.72%, 11, 0, 7, 15.77, 382970, 1130
2518, 3, 90, 93, 51, 3, 1.72%, 11, 0, 7, 14.38, 383039, 1130
2523, 3, 90, 93, 51, 3, 1.72%, 11, 0, 7, 10.25, 383085, 1130
2528, 3, 90, 93, 51, 3, 1.72%, 11, 0, 7, 9.09, 383131, 1130
2533, 3, 90, 93, 51, 3, 1.72%, 11, 0, 7, 8.52, 383264, 1130
2538, 3, 90, 93, 51, 3, 1.72%, 11, 0, 7, 15.28, 383557, 1130
2544, 3, 90, 93, 51, 3, 1.72%, 11, 0, 7, 11.87, 383612, 1130
2549, 3, 6, 93, 50, 2, 1.72%, 11, 0, 7, 244.21, 383968, 1130
2554, 3, 88, 93, 50, 2, 1.72%, 11, 0, 7, 162.80, 384374, 1130
2559, 3, 88, 93, 50, 2, 1.72%, 11, 0, 7, 8.72, 385025, 1130
2564, 3, 88, 93, 50, 2, 1.72%, 11, 0, 7, 8.85, 385071, 1130
2569, 3, 88, 93, 50, 2, 1.72%, 11, 0, 7, 18.13, 385375, 1130
2574, 3, 88, 93, 50, 2, 1.72%, 11, 0, 7, 25.88, 385691, 1130
2579, 3, 25, 93, 50, 2, 1.72%, 11, 0, 7, 260.28, 386450, 1130
2584, 3, 25, 93, 50, 2, 1.72%, 11, 0, 7, 21.52, 387143, 1130
2589, 3, 25, 93, 50, 2, 1.72%, 11, 0, 7, 12.88, 387194, 1130
2594, 3, 25, 93, 50, 2, 1.72%, 11, 0, 7, 223.41, 387561, 1130
2599, 3, 25, 93, 50, 2, 1.72%, 11, 0, 7, 206.74, 388153, 1130
2605, 3, 25, 93, 50, 2, 1.72%, 11, 0, 7, 241.59, 389426, 1130
2610, 3, 25, 93, 50, 2, 1.72%, 11, 0, 7, 8.85, 389587, 1130
2615, 3, 25, 93, 50, 2, 1.72%, 11, 0, 7, 8.97, 389633, 1130
2620, 3, 25, 93, 50, 2, 1.72%, 11, 0, 7, 8.88, 389680, 1130
2625, 3, 25, 93, 50, 2, 1.72%, 11, 0, 7, 8.92, 389726, 1130
2630, 3, 25, 93, 50, 2, 1.72%, 11, 0, 7, 159.56, 389948, 1130
2636, 3, 25, 93, 50, 2, 1.72%, 11, 0, 7, 22.45, 390699, 1130
2641, 3, 25, 93, 50, 2, 1.72%, 11, 0, 7, 253.49, 391431, 1130
2646, 3, 25, 93, 50, 2, 1.72%, 11, 0, 7, 224.36, 392543, 1130
2651, 3, 25, 93, 50, 2, 1.72%, 11, 0, 7, 131.79, 393225, 1130
2656, 3, 25, 93, 50, 2, 1.72%, 11, 0, 7, 22.46, 393478, 1130
2661, 3, 5, 93, 50, 2, 1.72%, 11, 0, 7, 214.91, 394409, 1130
2666, 3, 5, 93, 50, 2, 1.72%, 11, 0, 7, 229.05, 395613, 1130
2671, 3, 5, 93, 50, 2, 1.72%, 11, 0, 7, 26.65, 396694, 1130
2676, 3, 5, 93, 50, 2, 1.72%, 11, 0, 7, 21.04, 396791, 1130
2681, 3, 5, 93, 50, 2, 1.72%, 11, 0, 7, 19.66, 396889, 1130
2686, 3, 5, 93, 50, 2, 1.72%, 11, 0, 7, 253.65, 397288, 1130
2692, 3, 5, 93, 50, 2, 1.72%, 11, 0, 7, 11.40, 397579, 1130
2697, 3, 5, 93, 50, 2, 1.72%, 11, 0, 7, 10.36, 397631, 1130
2702, 3, 5, 93, 50, 2, 1.72%, 11, 0, 7, 9.98, 397681, 1130
2707, 3, 5, 93, 50, 2, 1.72%, 11, 0, 7, 10.61, 397735, 1130
2712, 3, 5, 93, 50, 2, 1.72%, 11, 0, 7, 11.00, 397790, 1130
2717, 3, 5, 93, 50, 2, 1.72%, 11, 0, 7, 8.33, 398121, 1130
2722, 3, 5, 93, 50, 2, 1.72%, 11, 0, 7, 14.66, 398216, 1130
2727, 3, 5, 93, 50, 2, 1.72%, 11, 0, 7, 16.51, 398311, 1130
2733, 3, 5, 93, 50, 2, 1.72%, 11, 0, 7, 16.01, 398396, 1130
2738, 3, 5, 93, 50, 2, 1.72%, 11, 0, 7, 207.36, 399553, 1130
2743, 3, 5, 93, 50, 2, 1.72%, 11, 0, 7, 15.97, 399630, 1130
2748, 3, 5, 93, 50, 2, 1.72%, 11, 0, 7, 16.88, 399721, 1130
2753, 3, 5, 93, 50, 2, 1.72%, 11, 0, 7, 15.38, 399802, 1130
2759, 3, 27, 93, 50, 2, 1.72%, 11, 0, 7, 182.71, 400397, 1130
2764, 3, 27, 93, 50, 2, 1.72%, 11, 0, 7, 216.92, 401569, 1130
2769, 3, 27, 93, 50, 2, 1.72%, 11, 0, 7, 226.09, 402713, 1130
2774, 3, 27, 93, 50, 2, 1.72%, 11, 0, 7, 234.76, 403921, 1130
2779, 3, 27, 93, 50, 2, 1.72%, 11, 0, 7, 220.52, 404959, 1130
2784, 3, 27, 93, 50, 2, 1.72%, 11, 0, 7, 209.31, 405906, 1130
2789, 3, 27, 93, 50, 2, 1.72%, 11, 0, 7, 248.45, 407205, 1130
2794, 3, 27, 93, 50, 2, 1.72%, 11, 0, 7, 247.10, 408403, 1130
2799, 3, 27, 93, 50, 2, 1.72%, 11, 0, 7, 168.24, 409230, 1130
2804, 3, 27, 93, 50, 2, 1.72%, 11, 0, 7, 161.01, 410070, 1130
2810, 3, 91, 93, 50, 2, 1.72%, 11, 0, 7, 12.01, 410306, 1130
2815, 3, 91, 93, 50, 2, 1.72%, 11, 0, 7, 8.84, 410345, 1130
2820, 3, 91, 93, 50, 2, 1.72%, 11, 0, 7, 7.96, 410384, 1130
2825, 3, 91, 93, 50, 2, 1.72%, 11, 0, 7, 7.56, 410422, 1130
2830, 3, 91, 93, 50, 2, 1.72%, 11, 0, 7, 7.49, 410460, 1130
2835, 3, 91, 93, 50, 2, 1.72%, 11, 0, 7, 7.59, 410499, 1130
2840, 3, 91, 93, 50, 2, 1.72%, 11, 0, 7, 7.47, 410537, 1130
2846, 3, 91, 93, 50, 2, 1.72%, 11, 0, 7, 7.46, 410575, 1130
2851, 3, 91, 93, 50, 2, 1.72%, 11, 0, 7, 7.43, 410613, 1130
2856, 3, 91, 93, 50, 2, 1.72%, 11, 0, 7, 7.43, 410651, 1130
2861, 3, 91, 93, 50, 2, 1.72%, 11, 0, 7, 7.41, 410689, 1130
2866, 3, 91, 93, 50, 2, 1.72%, 11, 0, 7, 7.43, 410728, 1130
2871, 3, 91, 93, 50, 2, 1.72%, 11, 0, 7, 7.43, 410766, 1130
2876, 3, 91, 93, 50, 2, 1.72%, 11, 0, 7, 7.43, 410804, 1130
2882, 3, 91, 93, 50, 2, 1.72%, 11, 0, 7, 7.44, 410842, 1130
2887, 3, 91, 93, 50, 2, 1.72%, 11, 0, 7, 7.42, 410880, 1130
2892, 3, 91, 93, 50, 2, 1.72%, 11, 0, 7, 7.42, 410918, 1130
2897, 3, 91, 93, 50, 2, 1.72%, 11, 0, 7, 7.43, 410956, 1130
2902, 3, 91, 93, 50, 2, 1.72%, 11, 0, 7, 7.42, 410994, 1130
2907, 3, 91, 93, 50, 2, 1.72%, 11, 0, 7, 7.40, 411032, 1130
2912, 3, 91, 93, 50, 2, 1.72%, 11, 0, 7, 7.40, 411070, 1130
2917, 3, 91, 93, 50, 2, 1.72%, 11, 0, 7, 7.40, 411108, 1130
2922, 3, 91, 93, 50, 2, 1.72%, 11, 0, 7, 7.65, 411147, 1130
2928, 3, 91, 93, 50, 2, 1.72%, 11, 0, 7, 7.46, 411185, 1130
2933, 3, 91, 93, 50, 2, 1.72%, 11, 0, 7, 7.44, 411223, 1130
2938, 3, 91, 93, 50, 2, 1.72%, 11, 0, 7, 7.41, 411261, 1130
2943, 3, 91, 93, 50, 2, 1.72%, 11, 0, 7, 7.40, 411299, 1130
2948, 3, 91, 93, 50, 2, 1.72%, 11, 0, 7, 7.42, 411337, 1130
2953, 3, 91, 93, 50, 2, 1.72%, 11, 0, 7, 7.44, 411375, 1130
2958, 3, 91, 93, 50, 2, 1.72%, 11, 0, 7, 7.41, 411413, 1130
2963, 3, 91, 93, 50, 2, 1.72%, 11, 0, 7, 9.28, 411464, 1130
2969, 3, 91, 93, 50, 2, 1.72%, 11, 0, 7, 10.62, 411519, 1130
2974, 3, 91, 93, 50, 2, 1.72%, 11, 0, 7, 9.56, 411565, 1130
2979, 3, 91, 93, 50, 2, 1.72%, 11, 0, 7, 9.77, 411618, 1130
2984, 3, 91, 93, 50, 2, 1.72%, 11, 0, 7, 9.13, 411663, 1130
2989, 3, 91, 93, 50, 2, 1.72%, 11, 0, 7, 11.09, 411720, 1130
2994, 3, 91, 93, 50, 2, 1.72%, 11, 0, 7, 11.23, 411775, 1130
2999, 3, 91, 93, 50, 2, 1.72%, 11, 0, 7, 12.74, 412007, 1130
3004, 3, 91, 93, 50, 2, 1.72%, 11, 0, 7, 11.12, 412152, 1130
3009, 3, 91, 93, 50, 2, 1.72%, 11, 0, 7, 17.98, 412280, 1130
3014, 3, 84, 93, 49, 1, 1.72%, 11, 0, 7, 61.10, 412648, 1130
3020, 3, 84, 93, 49, 1, 1.72%, 11, 0, 7, 86.15, 413130, 1130
3025, 3, 84, 93, 49, 1, 1.72%, 11, 0, 7, 92.34, 413609, 1130
3030, 3, 84, 93, 49, 1, 1.72%, 11, 0, 7, 11.40, 413823, 1130
3035, 3, 84, 93, 49, 1, 1.72%, 11, 0, 7, 14.77, 413909, 1130
3040, 3, 84, 93, 49, 1, 1.72%, 11, 0, 7, 20.16, 414057, 1130
3045, 3, 45, 93, 48, 0, 1.72%, 11, 0, 7, 205.48, 414753, 1130
3050, 3, 45, 93, 48, 0, 1.72%, 11, 0, 7, 221.52, 415901, 1130
3056, 3, 45, 93, 48, 0, 1.72%, 11, 0, 7, 18.86, 416030, 1130
3061, 3, 45, 93, 48, 0, 1.72%, 11, 0, 7, 247.24, 416449, 1130
3066, 3, 45, 93, 48, 0, 1.72%, 11, 0, 7, 22.49, 417127, 1130
3071, 3, 45, 93, 48, 0, 1.72%, 11, 0, 7, 23.18, 417248, 1130
3076, 3, 45, 93, 48, 0, 1.72%, 11, 0, 7, 12.90, 417774, 1130
3081, 3, 45, 93, 48, 0, 1.72%, 11, 0, 7, 13.18, 417843, 1130
3086, 3, 45, 93, 48, 0, 1.72%, 11, 0, 7, 263.04, 418074, 1130
3092, 3, 25, 93, 48, 0, 1.72%, 11, 0, 7, 36.27, 419210, 1130
3097, 3, 25, 93, 48, 0, 1.72%, 11, 0, 7, 231.53, 419472, 1130
3102, 3, 25, 93, 48, 0, 1.72%, 11, 0, 7, 39.65, 420070, 1130
3107, 3, 25, 93, 48, 0, 1.72%, 11, 0, 7, 24.16, 420165, 1130
3112, 3, 71, 93, 48, 0, 1.72%, 11, 0, 7, 25.80, 420688, 1130
3117, 3, 71, 93, 48, 0, 1.72%, 11, 0, 7, 24.19, 420809, 1130
3122, 3, 71, 93, 48, 0, 1.72%, 11, 0, 7, 23.98, 420930, 1130
3128, 3, 71, 93, 48, 0, 1.72%, 11, 0, 7, 23.58, 421050, 1130
3133, 3, 71, 93, 48, 0, 1.72%, 11, 0, 7, 165.00, 421248, 1130
3138, 3, 71, 93, 48, 0, 1.72%, 11, 0, 7, 221.67, 421810, 1130
3143, 3, 25, 93, 48, 0, 1.72%, 11, 0, 7, 241.49, 423094, 1130
3148, 3, 25, 93, 48, 0, 1.72%, 11, 0, 7, 220.14, 423428, 1130
3153, 3, 25, 93, 48, 0, 1.72%, 11, 0, 7, 18.62, 423979, 1130
3158, 3, 25, 93, 48, 0, 1.72%, 11, 0, 7, 19.07, 424079, 1130
3163, 3, 25, 93, 48, 0, 1.72%, 11, 0, 7, 23.85, 424386, 1130
3168, 3, 33, 93, 48, 0, 1.72%, 11, 0, 7, 224.90, 425258, 1130
3173, 3, 33, 93, 48, 0, 1.72%, 11, 0, 7, 193.49, 426292, 1130
3179, 3, 33, 93, 48, 0, 1.72%, 11, 0, 7, 30.14, 426479, 1130
3184, 3, 33, 93, 48, 0, 1.72%, 11, 0, 7, 218.54, 427040, 1130
3189, 3, 33, 93, 48, 0, 1.72%, 11, 0, 7, 197.15, 428013, 1130
3194, 3, 35, 93, 48, 0, 1.72%, 11, 0, 7, 224.42, 429208, 1130
3199, 3, 35, 94, 49, 0, 1.76%, 11, 0, 7, 229.61, 430360, 1154
3204, 3, 35, 94, 49, 0, 1.76%, 11, 0, 7, 229.47, 431516, 1154
3209, 3, 35, 94, 49, 0, 1.76%, 11, 0, 7, 19.45, 431972, 1154
3214, 3, 35, 94, 49, 0, 1.76%, 11, 0, 7, 14.35, 432036, 1154
3219, 3, 35, 94, 49, 0, 1.76%, 11, 0, 7, 11.59, 432091, 1154
3225, 3, 35, 94, 49, 0, 1.76%, 11, 0, 7, 13.26, 432168, 1154
3230, 3, 35, 94, 49, 0, 1.76%, 11, 0, 7, 150.40, 432814, 1154
3235, 3, 35, 94, 49, 0, 1.76%, 11, 0, 7, 18.86, 432944, 1154
3240, 3, 35, 94, 49, 0, 1.76%, 11, 0, 7, 19.73, 433047, 1154
3245, 3, 35, 94, 49, 0, 1.76%, 11, 0, 7, 23.08, 433165, 1154
3250, 3, 35, 94, 49, 0, 1.76%, 11, 0, 7, 199.00, 433326, 1154
3255, 3, 35, 94, 49, 0, 1.76%, 11, 0, 7, 11.75, 433770, 1154
3261, 3, 35, 94, 49, 0, 1.76%, 11, 0, 7, 14.75, 433845, 1154
3266, 3, 35, 94, 49, 0, 1.76%, 11, 0, 7, 13.61, 433912, 1154
3271, 3, 35, 94, 49, 0, 1.76%, 11, 0, 7, 190.54, 434604, 1154
3276, 3, 93, 94, 49, 1, 1.76%, 11, 0, 7, 225.60, 435799, 1154
3281, 3, 93, 94, 49, 1, 1.76%, 11, 0, 7, 225.18, 436963, 1154
3286, 3, 93, 94, 49, 1, 1.76%, 11, 0, 7, 119.12, 437559, 1154
3292, 3, 93, 94, 49, 1, 1.76%, 11, 0, 7, 8.65, 437902, 1154
3297, 3, 93, 94, 49, 1, 1.76%, 11, 0, 7, 8.73, 437947, 1154
3302, 3, 93, 94, 49, 1, 1.76%, 11, 0, 7, 8.93, 437993, 1154
3307, 3, 93, 94, 49, 1, 1.76%, 11, 0, 7, 9.13, 438041, 1154
3312, 3, 93, 94, 49, 1, 1.76%, 11, 0, 7, 9.55, 438090, 1154
3317, 3, 93, 94, 49, 1, 1.76%, 11, 0, 7, 254.60, 438286, 1154
3322, 3, 93, 94, 49, 1, 1.76%, 11, 0, 7, 128.81, 438731, 1154
3327, 3, 93, 94, 49, 1, 1.76%, 11, 0, 7, 222.79, 440003, 1154
3332, 3, 93, 94, 49, 1, 1.76%, 11, 0, 7, 36.80, 440337, 1154
3337, 3, 25, 94, 48, 0, 1.76%, 11, 0, 7, 239.48, 441051, 1154
3343, 3, 25, 94, 48, 0, 1.76%, 11, 0, 7, 234.34, 442260, 1154
3348, 3, 25, 94, 48, 0, 1.76%, 11, 0, 7, 181.24, 443237, 1154
3353, 3, 88, 94, 48, 0, 1.76%, 11, 0, 7, 175.22, 444122, 1154
3358, 3, 88, 94, 48, 0, 1.76%, 11, 0, 7, 21.70, 444321, 1154
3363, 3, 88, 94, 48, 0, 1.76%, 11, 0, 7, 82.93, 444400, 1154
3368, 3, 88, 94, 48, 0, 1.76%, 11, 0, 7, 8.48, 444807, 1154
3373, 3, 88, 94, 48, 0, 1.76%, 11, 0, 7, 8.84, 444854, 1154
3378, 3, 45, 94, 48, 0, 1.76%, 11, 0, 7, 161.62, 445415, 1154
3383, 3, 45, 94, 48, 0, 1.76%, 11, 0, 7, 209.29, 446558, 1154
3389, 3, 45, 94, 48, 0, 1.76%, 11, 0, 7, 35.47, 446852, 1154
3394, 3, 45, 94, 48, 0, 1.76%, 11, 0, 7, 36.68, 447318, 1154
3399, 3, 45, 94, 48, 0, 1.76%, 11, 0, 7, 27.98, 447451, 1154
3404, 3, 45, 94, 48, 0, 1.76%, 11, 0, 7, 30.05, 447877, 1154
3409, 3, 45, 94, 48, 0, 1.76%, 11, 0, 7, 27.53, 448012, 1154
3414, 3, 45, 94, 48, 0, 1.76%, 11, 0, 7, 233.13, 448628, 1154
3419, 3, 88, 94, 48, 0, 1.76%, 11, 0, 7, 186.58, 449573, 1154
3424, 3, 88, 94, 48, 0, 1.76%, 11, 0, 7, 20.93, 450012, 1154
3430, 3, 88, 94, 48, 0, 1.76%, 11, 0, 7, 11.82, 450058, 1154
3435, 3, 88, 94, 48, 0, 1.76%, 11, 0, 7, 145.85, 450332, 1154
3440, 3, 88, 94, 48, 0, 1.76%, 11, 0, 7, 13.72, 450474, 1154
3445, 3, 88, 94, 48, 0, 1.76%, 11, 0, 7, 243.08, 450832, 1154
3450, 3, 37, 94, 48, 0, 1.76%, 11, 0, 7, 46.14, 451742, 1154
3455, 3, 25, 94, 48, 0, 1.76%, 11, 0, 7, 181.24, 452500, 1154
3460, 3, 25, 94, 48, 0, 1.76%, 11, 0, 7, 22.50, 453261, 1154
3465, 3, 25, 94, 48, 0, 1.76%, 11, 0, 7, 196.50, 453959, 1154
3470, 3, 25, 94, 48, 0, 1.76%, 11, 0, 7, 9.36, 454327, 1154
3475, 3, 25, 94, 48, 0, 1.76%, 11, 0, 7, 12.04, 454397, 1154
3481, 3, 25, 94, 48, 0, 1.76%, 11, 0, 7, 33.55, 454703, 1154
3486, 3, 37, 94, 48, 0, 1.76%, 11, 0, 7, 145.61, 455473, 1154
3491, 3, 88, 94, 48, 0, 1.76%, 11, 0, 7, 166.21, 456235, 1154
3496, 3, 88, 94, 48, 0, 1.76%, 11, 0, 7, 181.52, 457130, 1154
3501, 3, 88, 94, 48, 0, 1.76%, 11, 0, 7, 28.48, 457448, 1154
3506, 3, 88, 94, 48, 0, 1.76%, 11, 0, 7, 18.56, 457666, 1154
3511, 3, 88, 94, 48, 0, 1.76%, 11, 0, 7, 12.32, 457724, 1154
3516, 3, 88, 94, 48, 0, 1.76%, 11, 0, 7, 42.19, 457871, 1154
3521, 3, 25, 94, 48, 0, 1.76%, 11, 0, 7, 254.26, 458816, 1154
3526, 3, 25, 94, 48, 0, 1.76%, 11, 0, 7, 10.31, 459345, 1154
3531, 3, 25, 94, 48, 0, 1.76%, 11, 0, 7, 10.81, 459400, 1154
3537, 3, 25, 94, 48, 0, 1.76%, 11, 0, 7, 139.51, 459672, 1154
3542, 3, 25, 94, 48, 0, 1.76%, 11, 0, 7, 36.84, 460499, 1154
3547, 3, 25, 94, 48, 0, 1.76%, 11, 0, 7, 236.09, 461431, 1154
3552, 3, 25, 94, 48, 0, 1.76%, 11, 0, 7, 214.22, 461671, 1154
3557, 3, 25, 94, 48, 0, 1.76%, 11, 0, 7, 24.14, 462319, 1154
3562, 3, 25, 94, 48, 0, 1.76%, 11, 0, 7, 15.90, 462389, 1154
3567, 3, 25, 94, 48, 0, 1.76%, 11, 0, 7, 14.53, 462460, 1154
3572, 3, 25, 94, 48, 0, 1.76%, 11, 0, 7, 13.15, 462524, 1154
3577, 3, 39, 94, 48, 0, 1.76%, 11, 0, 7, 156.48, 463275, 1154
3583, 3, 39, 94, 48, 0, 1.76%, 11, 0, 7, 216.19, 464461, 1154
3588, 3, 39, 94, 48, 0, 1.76%, 11, 0, 7, 23.19, 465515, 1154
3593, 3, 39, 94, 48, 0, 1.76%, 11, 0, 7, 23.75, 465634, 1154
3598, 3, 39, 94, 48, 0, 1.76%, 11, 0, 7, 239.12, 466063, 1154
3603, 3, 39, 94, 48, 0, 1.76%, 11, 0, 7, 10.97, 466416, 1154
3608, 3, 39, 94, 48, 0, 1.76%, 11, 0, 7, 9.67, 466464, 1154
3613, 3, 39, 94, 48, 0, 1.76%, 11, 0, 7, 9.41, 466512, 1154
3618, 3, 39, 94, 48, 0, 1.76%, 11, 0, 7, 8.79, 466557, 1154
3624, 3, 39, 94, 48, 0, 1.76%, 11, 0, 7, 90.64, 466655, 1154
3629, 3, 39, 94, 48, 0, 1.76%, 11, 0, 7, 148.73, 467486, 1154
3634, 3, 39, 94, 48, 0, 1.76%, 11, 0, 7, 67.08, 467702, 1154
3639, 3, 25, 94, 48, 0, 1.76%, 11, 0, 7, 167.91, 468563, 1154
3644, 3, 25, 94, 48, 0, 1.76%, 11, 0, 7, 24.70, 469600, 1154
3649, 3, 25, 94, 48, 0, 1.76%, 11, 0, 7, 220.61, 470032, 1154
3654, 3, 45, 94, 48, 0, 1.76%, 11, 0, 7, 220.02, 471160, 1154
3659, 3, 45, 94, 48, 0, 1.76%, 11, 0, 7, 26.63, 472034, 1154
3664, 3, 45, 94, 48, 0, 1.76%, 11, 0, 7, 28.27, 472171, 1154
3669, 3, 45, 94, 48, 0, 1.76%, 11, 0, 7, 14.59, 472854, 1154
3675, 3, 45, 94, 48, 0, 1.76%, 11, 0, 7, 12.65, 472917, 1154
3680, 3, 45, 94, 48, 0, 1.76%, 11, 0, 7, 12.02, 472980, 1154
3685, 3, 45, 94, 48, 0, 1.76%, 11, 0, 7, 10.27, 473355, 1154
3690, 3, 45, 94, 48, 0, 1.76%, 11, 0, 7, 11.48, 473417, 1154
3695, 3, 45, 94, 48, 0, 1.76%, 11, 0, 7, 98.15, 473542, 1154
3700, 3, 45, 94, 48, 0, 1.76%, 11, 0, 7, 20.71, 474198, 1154
3705, 3, 45, 94, 48, 0, 1.76%, 11, 0, 7, 18.31, 474287, 1154
3710, 3, 25, 94, 48, 0, 1.76%, 11, 0, 7, 251.59, 475412, 1154
