# relative_time, cycles_done, cur_item, corpus_count, pending_total, pending_favs, map_size, saved_crashes, saved_hangs, max_depth, execs_per_sec, total_execs, edges_found
61, 0, 3, 26, 24, 5, 2.23%, 0, 0, 2, 105.61, 6582, 1464
66, 0, 3, 26, 24, 5, 2.23%, 0, 0, 2, 100.55, 7078, 1464
71, 0, 3, 26, 24, 5, 2.23%, 0, 0, 2, 98.99, 7599, 1464
76, 0, 3, 26, 24, 5, 2.23%, 0, 0, 2, 108.66, 8162, 1464
81, 0, 3, 26, 24, 5, 2.23%, 0, 0, 2, 102.93, 8673, 1464
86, 0, 3, 26, 24, 5, 2.23%, 0, 0, 2, 102.12, 9192, 1464
91, 0, 3, 26, 24, 5, 2.23%, 0, 0, 2, 98.08, 9683, 1464
96, 0, 3, 26, 24, 5, 2.23%, 0, 0, 2, 96.86, 10174, 1464
102, 0, 3, 26, 24, 5, 2.23%, 0, 0, 2, 99.84, 10682, 1464
107, 0, 3, 26, 24, 5, 2.23%, 0, 0, 2, 99.38, 11192, 1464
112, 0, 3, 27, 25, 5, 2.24%, 0, 0, 2, 98.50, 11684, 1471
117, 0, 3, 27, 25, 5, 2.24%, 0, 0, 2, 93.77, 12149, 1471
122, 0, 3, 27, 25, 5, 2.24%, 0, 0, 2, 94.08, 12635, 1471
127, 0, 3, 27, 25, 5, 2.24%, 0, 0, 2, 101.52, 13156, 1471
132, 0, 3, 27, 25, 5, 2.24%, 0, 0, 2, 95.76, 13659, 1471
137, 0, 3, 27, 25, 5, 2.24%, 0, 0, 2, 100.32, 14176, 1471
142, 0, 3, 27, 25, 5, 2.24%, 0, 0, 2, 98.40, 14676, 1471
147, 0, 3, 27, 25, 5, 2.24%, 0, 0, 2, 94.22, 15147, 1471
153, 0, 3, 27, 25, 5, 2.24%, 0, 0, 2, 94.66, 15613, 1471
158, 0, 3, 27, 25, 5, 2.24%, 0, 0, 2, 87.37, 16033, 1471
163, 0, 3, 27, 25, 5, 2.24%, 0, 0, 2, 87.02, 16479, 1471
168, 0, 3, 27, 25, 5, 2.24%, 0, 0, 2, 83.54, 16897, 1471
173, 0, 3, 27, 25, 5, 2.24%, 0, 0, 2, 90.61, 17360, 1471
178, 0, 3, 27, 25, 5, 2.24%, 0, 0, 2, 87.48, 17821, 1471
183, 0, 3, 27, 25, 5, 2.24%, 0, 0, 2, 94.77, 18312, 1471
188, 0, 3, 27, 25, 5, 2.24%, 0, 0, 2, 102.63, 18840, 1471
193, 0, 3, 27, 25, 5, 2.24%, 0, 0, 2, 96.82, 19321, 1471
199, 0, 3, 27, 25, 5, 2.24%, 0, 0, 2, 92.62, 19807, 1471
204, 0, 3, 27, 25, 5, 2.24%, 0, 0, 2, 96.59, 20312, 1471
209, 0, 3, 27, 25, 5, 2.24%, 0, 0, 2, 100.11, 20819, 1471
214, 0, 3, 27, 25, 5, 2.24%, 0, 0, 2, 105.34, 21352, 1471
219, 0, 3, 27, 25, 5, 2.24%, 0, 0, 2, 104.31, 21880, 1471
224, 0, 3, 27, 25, 5, 2.24%, 0, 0, 2, 96.95, 22378, 1471
229, 0, 3, 27, 25, 5, 2.24%, 0, 0, 2, 98.93, 22902, 1471
234, 0, 3, 27, 25, 5, 2.24%, 0, 0, 2, 98.32, 23395, 1471
239, 0, 3, 27, 25, 5, 2.24%, 0, 0, 2, 94.94, 23871, 1471
244, 0, 3, 27, 25, 5, 2.24%, 0, 0, 2, 95.02, 24337, 1471
249, 0, 3, 27, 25, 5, 2.24%, 0, 0, 2, 89.81, 24788, 1471
254, 0, 3, 27, 25, 5, 2.24%, 0, 0, 2, 102.61, 25314, 1471
259, 0, 3, 27, 25, 5, 2.24%, 0, 0, 2, 149.98, 26040, 1471
264, 0, 3, 27, 25, 5, 2.24%, 0, 0, 2, 180.23, 27012, 1471
269, 0, 3, 27, 25, 5, 2.24%, 0, 0, 2, 195.03, 28002, 1471
275, 0, 3, 27, 25, 5, 2.24%, 0, 0, 2, 200.31, 29046, 1471
280, 0, 3, 27, 25, 5, 2.24%, 0, 0, 2, 193.71, 30051, 1471
285, 0, 3, 27, 25, 5, 2.24%, 0, 0, 2, 193.32, 31026, 1471
290, 0, 3, 27, 25, 5, 2.24%, 0, 0, 2, 196.33, 32055, 1471
295, 0, 3, 27, 25, 5, 2.24%, 0, 0, 2, 194.91, 33066, 1471
300, 0, 3, 27, 25, 5, 2.24%, 0, 0, 2, 195.77, 34077, 1471
306, 0, 3, 27, 25, 5, 2.24%, 0, 0, 2, 200.94, 35114, 1471
311, 0, 3, 27, 25, 5, 2.24%, 0, 0, 2, 193.33, 36078, 1471
316, 0, 3, 27, 25, 5, 2.24%, 0, 0, 2, 194.14, 37053, 1471
321, 0, 3, 27, 25, 5, 2.24%, 0, 0, 2, 189.11, 37986, 1471
326, 0, 3, 27, 25, 5, 2.24%, 0, 0, 2, 197.49, 39003, 1471
331, 0, 3, 27, 25, 5, 2.24%, 0, 0, 2, 195.88, 39993, 1471
336, 0, 3, 27, 25, 5, 2.24%, 0, 0, 2, 192.33, 40983, 1471
341, 0, 3, 27, 25, 5, 2.24%, 0, 0, 2, 187.69, 41922, 1471
346, 0, 3, 27, 25, 5, 2.24%, 0, 0, 2, 177.54, 42834, 1471
351, 0, 3, 27, 25, 5, 2.24%, 0, 0, 2, 175.34, 43725, 1471
357, 0, 3, 27, 25, 5, 2.24%, 0, 0, 2, 177.67, 44649, 1471
362, 0, 3, 27, 25, 5, 2.24%, 0, 0, 2, 181.40, 45588, 1471
367, 0, 3, 27, 25, 5, 2.24%, 0, 0, 2, 184.69, 46557, 1471
372, 0, 3, 27, 25, 5, 2.24%, 0, 0, 2, 193.82, 47565, 1471
377, 0, 3, 27, 25, 5, 2.24%, 0, 0, 2, 195.09, 48570, 1471
382, 0, 3, 27, 25, 5, 2.24%, 0, 0, 2, 195.27, 49584, 1471
388, 0, 3, 27, 25, 5, 2.24%, 0, 0, 2, 196.76, 50598, 1471
393, 0, 3, 29, 27, 5, 2.26%, 0, 1, 2, 207.47, 51394, 1479
398, 0, 3, 30, 28, 5, 2.26%, 0, 1, 2, 191.43, 52362, 1479
403, 0, 3, 30, 28, 5, 2.26%, 0, 1, 2, 190.71, 53340, 1479
408, 0, 19, 30, 27, 14, 2.26%, 0, 1, 2, 198.89, 54335, 1479
413, 0, 19, 30, 27, 14, 2.26%, 0, 1, 2, 188.28, 55259, 1479
418, 0, 19, 30, 27, 14, 2.26%, 0, 1, 2, 192.09, 56270, 1479
423, 0, 15, 30, 26, 12, 2.26%, 0, 1, 2, 180.27, 57145, 1479
429, 0, 15, 30, 26, 12, 2.26%, 0, 1, 2, 128.63, 57786, 1479
434, 0, 15, 30, 26, 12, 2.26%, 0, 1, 2, 165.77, 58608, 1479
439, 0, 15, 30, 26, 12, 2.26%, 0, 1, 2, 184.51, 59595, 1479
444, 0, 15, 30, 26, 12, 2.26%, 0, 1, 2, 198.97, 60618, 1479
449, 0, 15, 30, 26, 12, 2.26%, 0, 1, 2, 203.17, 61664, 1479
454, 0, 1, 30, 25, 10, 2.26%, 0, 1, 2, 195.49, 62654, 1479
459, 0, 1, 32, 27, 10, 2.26%, 0, 1, 2, 206.23, 63718, 1483
465, 0, 1, 33, 28, 10, 2.27%, 0, 1, 2, 206.21, 64794, 1486
470, 0, 1, 33, 28, 10, 2.27%, 0, 1, 2, 205.37, 65830, 1486
475, 0, 1, 33, 28, 10, 2.27%, 0, 1, 2, 206.27, 66878, 1486
480, 0, 1, 33, 28, 10, 2.27%, 0, 1, 2, 205.72, 67914, 1486
485, 0, 1, 33, 28, 10, 2.27%, 0, 1, 2, 205.84, 68946, 1486
490, 0, 1, 33, 28, 10, 2.27%, 0, 1, 2, 205.14, 69982, 1486
495, 0, 1, 33, 28, 10, 2.27%, 0, 1, 2, 205.51, 71026, 1486
500, 0, 1, 33, 28, 10, 2.27%, 0, 1, 2, 201.88, 72046, 1486
505, 0, 1, 33, 28, 10, 2.27%, 0, 1, 2, 199.51, 73064, 1486
510, 0, 1, 33, 28, 10, 2.27%, 0, 1, 2, 203.08, 74114, 1486
515, 0, 1, 33, 28, 10, 2.27%, 0, 1, 2, 204.03, 75146, 1486
520, 0, 1, 33, 28, 10, 2.27%, 0, 1, 2, 197.93, 76148, 1486
525, 0, 1, 33, 28, 10, 2.27%, 0, 1, 2, 194.78, 77138, 1486
531, 0, 1, 33, 28, 10, 2.27%, 0, 1, 2, 201.49, 78170, 1486
536, 0, 1, 33, 28, 10, 2.27%, 0, 1, 2, 208.69, 79226, 1486
541, 0, 1, 33, 28, 10, 2.27%, 0, 1, 2, 197.51, 80207, 1486
546, 0, 1, 33, 28, 10, 2.27%, 0, 1, 2, 201.46, 81262, 1486
551, 0, 8, 33, 27, 12, 2.27%, 0, 1, 2, 198.94, 82282, 1486
556, 0, 8, 33, 27, 12, 2.27%, 0, 1, 2, 199.06, 83295, 1486
561, 0, 8, 33, 27, 12, 2.27%, 0, 1, 2, 204.56, 84334, 1486
566, 0, 8, 33, 27, 12, 2.27%, 0, 1, 2, 210.33, 85406, 1486
571, 0, 8, 33, 27, 12, 2.27%, 0, 1, 2, 202.89, 86422, 1486
576, 0, 29, 33, 26, 11, 2.27%, 0, 1, 2, 200.87, 87415, 1486
581, 0, 29, 33, 26, 11, 2.27%, 0, 1, 2, 213.55, 88559, 1486
586, 0, 29, 33, 26, 11, 2.27%, 0, 1, 2, 207.37, 89603, 1486
591, 0, 29, 33, 26, 11, 2.27%, 0, 1, 2, 195.50, 90615, 1486
597, 0, 27, 33, 25, 10, 2.27%, 0, 1, 2, 195.95, 91618, 1486
602, 0, 27, 33, 25, 10, 2.27%, 0, 1, 2, 184.38, 92572, 1486
607, 0, 27, 33, 25, 10, 2.27%, 0, 1, 2, 177.89, 93470, 1486
612, 0, 27, 33, 25, 10, 2.27%, 0, 1, 2, 181.17, 94411, 1486
617, 0, 27, 33, 25, 10, 2.27%, 0, 1, 2, 182.80, 95356, 1486
623, 0, 27, 33, 25, 10, 2.27%, 0, 1, 2, 188.03, 96350, 1486
628, 0, 17, 33, 24, 9, 2.27%, 0, 1, 2, 199.10, 97344, 1486
633, 0, 17, 33, 24, 9, 2.27%, 0, 1, 2, 205.10, 98364, 1486
638, 0, 17, 33, 24, 9, 2.27%, 0, 1, 2, 209.92, 99444, 1486
643, 0, 17, 33, 24, 9, 2.27%, 0, 1, 2, 202.05, 100440, 1486
648, 0, 17, 33, 24, 9, 2.27%, 0, 1, 2, 194.98, 101430, 1486
653, 0, 26, 33, 23, 8, 2.27%, 0, 1, 2, 190.40, 102413, 1486
658, 0, 26, 33, 23, 8, 2.27%, 0, 1, 2, 192.64, 103416, 1486
663, 0, 26, 33, 23, 8, 2.27%, 0, 1, 2, 192.82, 104411, 1486
668, 0, 26, 33, 23, 8, 2.27%, 0, 1, 2, 189.30, 105358, 1486
674, 0, 26, 33, 23, 8, 2.27%, 0, 1, 2, 186.71, 106315, 1486
679, 0, 26, 33, 23, 8, 2.27%, 0, 1, 2, 184.03, 107239, 1486
684, 0, 30, 33, 22, 7, 2.27%, 0, 1, 2, 198.07, 108253, 1486
689, 0, 30, 33, 22, 7, 2.27%, 0, 1, 2, 201.76, 109260, 1486
694, 0, 30, 33, 22, 7, 2.27%, 0, 1, 2, 207.11, 110332, 1486
699, 0, 30, 33, 22, 7, 2.27%, 0, 1, 2, 197.34, 111331, 1486
704, 0, 30, 33, 22, 7, 2.27%, 0, 1, 2, 200.65, 112352, 1486
709, 0, 30, 33, 22, 7, 2.27%, 0, 1, 2, 174.61, 113257, 1486
714, 0, 30, 33, 22, 7, 2.27%, 0, 1, 2, 191.15, 114211, 1486
719, 0, 30, 33, 22, 7, 2.27%, 0, 1, 2, 176.23, 115096, 1486
724, 0, 25, 33, 21, 6, 2.27%, 0, 1, 2, 186.24, 116083, 1486
730, 0, 25, 33, 21, 6, 2.27%, 0, 1, 2, 198.30, 117157, 1486
735, 0, 25, 33, 21, 6, 2.27%, 0, 1, 2, 207.24, 118220, 1486
740, 0, 25, 33, 21, 6, 2.27%, 0, 1, 2, 205.93, 119261, 1486
745, 0, 25, 33, 21, 6, 2.27%, 0, 1, 2, 204.51, 120289, 1486
750, 0, 25, 33, 21, 6, 2.27%, 0, 1, 2, 204.14, 121317, 1486
755, 0, 11, 33, 20, 5, 2.27%, 0, 1, 2, 202.79, 122331, 1486
760, 0, 11, 33, 20, 5, 2.27%, 0, 1, 2, 203.39, 123399, 1486
765, 0, 11, 33, 20, 5, 2.27%, 0, 1, 2, 184.42, 124363, 1486
770, 0, 11, 33, 20, 5, 2.27%, 0, 1, 2, 201.22, 125427, 1486
776, 0, 11, 33, 20, 5, 2.27%, 0, 1, 2, 213.99, 126491, 1486
781, 0, 22, 33, 19, 4, 2.27%, 0, 1, 2, 205.84, 127513, 1486
786, 0, 22, 33, 19, 4, 2.27%, 0, 1, 2, 197.15, 128509, 1486
791, 0, 22, 33, 19, 4, 2.27%, 0, 1, 2, 188.61, 129482, 1486
796, 0, 22, 33, 19, 4, 2.27%, 0, 1, 2, 189.90, 130382, 1486
801, 0, 22, 33, 19, 4, 2.27%, 0, 1, 2, 194.09, 131381, 1486
806, 0, 22, 33, 19, 4, 2.27%, 0, 1, 2, 198.51, 132416, 1486
811, 0, 24, 33, 18, 4, 2.27%, 0, 1, 2, 198.89, 133446, 1486
816, 0, 24, 33, 18, 4, 2.27%, 0, 1, 2, 167.02, 134271, 1486
821, 0, 24, 33, 18, 4, 2.27%, 0, 1, 2, 187.41, 135204, 1486
827, 0, 24, 33, 18, 4, 2.27%, 0, 1, 2, 197.38, 136251, 1486
832, 0, 24, 33, 18, 4, 2.27%, 0, 1, 2, 201.47, 137293, 1486
837, 0, 24, 33, 18, 4, 2.27%, 0, 1, 2, 192.99, 138264, 1486
842, 0, 24, 33, 18, 4, 2.27%, 0, 1, 2, 196.11, 139236, 1486
847, 0, 24, 33, 18, 4, 2.27%, 0, 1, 2, 173.42, 140097, 1486
852, 0, 24, 33, 18, 4, 2.27%, 0, 1, 2, 192.22, 141105, 1486
857, 0, 32, 33, 17, 3, 2.27%, 0, 1, 2, 212.38, 142236, 1486
862, 0, 32, 33, 17, 3, 2.27%, 0, 1, 2, 192.73, 143141, 1486
867, 0, 32, 33, 17, 3, 2.27%, 0, 1, 2, 185.86, 144075, 1486
873, 0, 32, 33, 17, 3, 2.27%, 0, 1, 2, 172.02, 144977, 1486
878, 0, 32, 33, 17, 3, 2.27%, 0, 1, 2, 163.91, 145814, 1486
883, 0, 32, 33, 17, 3, 2.27%, 0, 1, 2, 177.54, 146765, 1486
888, 0, 7, 33, 16, 2, 2.27%, 0, 1, 2, 176.91, 147665, 1486
893, 0, 7, 33, 16, 2, 2.27%, 0, 1, 2, 175.77, 148567, 1486
898, 0, 7, 33, 16, 2, 2.27%, 0, 1, 2, 186.09, 149546, 1486
903, 0, 7, 33, 16, 2, 2.27%, 0, 1, 2, 169.91, 150428, 1486
908, 0, 7, 33, 16, 2, 2.27%, 0, 1, 2, 162.15, 151208, 1486
913, 0, 7, 33, 16, 2, 2.27%, 0, 1, 2, 167.57, 152055, 1486
918, 0, 4, 33, 15, 1, 2.27%, 0, 1, 2, 188.71, 153004, 1486
924, 0, 4, 34, 16, 1, 2.27%, 0, 1, 2, 190.59, 153992, 1487
929, 0, 33, 34, 15, 1, 2.27%, 0, 1, 2, 215.12, 155104, 1487
934, 0, 33, 35, 16, 1, 2.27%, 0, 1, 3, 198.69, 156082, 1487
939, 0, 33, 35, 16, 1, 2.27%, 0, 1, 3, 196.95, 157102, 1487
944, 0, 33, 35, 16, 1, 2.27%, 0, 1, 3, 195.10, 158113, 1487
949, 0, 33, 35, 16, 1, 2.27%, 0, 1, 3, 202.28, 159168, 1487
954, 0, 33, 35, 16, 1, 2.27%, 0, 1, 3, 193.58, 160150, 1487
960, 0, 33, 35, 16, 1, 2.27%, 0, 1, 3, 218.66, 161304, 1487
965, 0, 33, 35, 16, 1, 2.27%, 0, 1, 3, 189.07, 162232, 1487
970, 0, 33, 35, 16, 1, 2.27%, 0, 1, 3, 196.02, 163219, 1487
975, 0, 33, 35, 16, 1, 2.27%, 0, 1, 3, 196.28, 164221, 1487
980, 0, 24, 35, 15, 0, 2.27%, 0, 1, 3, 200.64, 165260, 1487
985, 0, 24, 35, 15, 0, 2.27%, 0, 1, 3, 200.85, 166300, 1487
990, 0, 24, 35, 15, 0, 2.27%, 0, 1, 3, 202.69, 167324, 1487
995, 0, 24, 35, 15, 0, 2.27%, 0, 1, 3, 173.48, 168206, 1487
1000, 0, 24, 35, 15, 0, 2.27%, 0, 1, 3, 157.84, 168989, 1487
1006, 0, 24, 35, 15, 0, 2.27%, 0, 1, 3, 149.45, 169736, 1487
1011, 0, 24, 35, 15, 0, 2.27%, 0, 1, 3, 147.38, 170488, 1487
1016, 0, 24, 35, 15, 0, 2.27%, 0, 1, 3, 141.73, 171188, 1487
1021, 0, 24, 35, 15, 0, 2.27%, 0, 1, 3, 170.88, 172101, 1487
1026, 0, 24, 35, 15, 0, 2.27%, 0, 1, 3, 179.00, 173043, 1487
1031, 0, 24, 35, 15, 0, 2.27%, 0, 1, 3, 179.07, 173964, 1487
1036, 0, 24, 36, 16, 0, 2.52%, 0, 1, 3, 176.72, 174858, 1650
1042, 0, 24, 37, 17, 0, 2.52%, 0, 3, 3, 24.82, 175364, 1650
1047, 0, 24, 37, 17, 0, 2.52%, 0, 3, 3, 186.64, 176148, 1650
1052, 0, 24, 37, 17, 0, 2.52%, 0, 3, 3, 189.86, 177129, 1650
1057, 0, 24, 37, 17, 0, 2.52%, 0, 3, 3, 191.52, 178128, 1650
1063, 0, 24, 37, 17, 0, 2.52%, 0, 3, 3, 185.71, 179076, 1650
1068, 0, 24, 37, 17, 0, 2.52%, 0, 3, 3, 193.84, 180084, 1650
1073, 0, 24, 37, 17, 0, 2.52%, 0, 3, 3, 196.50, 181107, 1650
1078, 0, 24, 37, 17, 0, 2.52%, 0, 3, 3, 200.49, 182148, 1650
1083, 0, 24, 37, 17, 0, 2.52%, 0, 3, 3, 218.46, 183245, 1650
1088, 0, 24, 37, 17, 0, 2.52%, 0, 3, 3, 233.54, 184473, 1650
1094, 0, 24, 38, 18, 0, 2.52%, 0, 3, 3, 132.00, 185083, 1650
1099, 0, 24, 38, 18, 0, 2.52%, 0, 3, 3, 154.14, 185779, 1650
1104, 0, 24, 38, 18, 0, 2.52%, 0, 3, 3, 180.33, 186721, 1650
1109, 0, 24, 38, 18, 0, 2.52%, 0, 3, 3, 188.44, 187705, 1650
1114, 0, 24, 38, 18, 0, 2.52%, 0, 3, 3, 185.62, 188662, 1650
1119, 0, 24, 38, 18, 0, 2.52%, 0, 3, 3, 200.15, 189719, 1650
1124, 0, 24, 38, 18, 0, 2.52%, 0, 3, 3, 202.49, 190739, 1650
1129, 0, 24, 38, 18, 0, 2.52%, 0, 3, 3, 213.58, 191773, 1650
1134, 0, 24, 38, 18, 0, 2.52%, 0, 3, 3, 208.33, 192903, 1650
1139, 0, 24, 38, 18, 0, 2.52%, 0, 3, 3, 203.23, 193931, 1650
1145, 0, 24, 38, 18, 0, 2.52%, 0, 3, 3, 204.10, 194985, 1650
1150, 0, 24, 38, 18, 0, 2.52%, 0, 3, 3, 186.82, 195894, 1650
1155, 0, 24, 39, 19, 0, 2.53%, 0, 3, 3, 187.76, 196829, 1658
1160, 0, 24, 39, 19, 0, 2.53%, 0, 3, 3, 202.01, 197875, 1658
1165, 0, 24, 39, 19, 0, 2.53%, 0, 3, 3, 203.50, 198895, 1658
1170, 0, 24, 39, 19, 0, 2.53%, 0, 3, 3, 198.97, 199896, 1658
1175, 0, 24, 39, 19, 0, 2.53%, 0, 3, 3, 205.98, 200931, 1658
1180, 0, 24, 39, 19, 0, 2.53%, 0, 3, 3, 195.57, 201914, 1658
1185, 0, 24, 39, 19, 0, 2.53%, 0, 3, 3, 208.50, 203001, 1658
1190, 0, 24, 39, 19, 0, 2.53%, 0, 3, 3, 205.39, 204029, 1658
1195, 0, 24, 39, 19, 0, 2.53%, 0, 3, 3, 209.96, 205111, 1658
1200, 0, 24, 39, 19, 0, 2.53%, 0, 3, 3, 202.32, 206115, 1658
1205, 0, 24, 39, 19, 0, 2.53%, 0, 3, 3, 205.85, 207141, 1658
1211, 0, 24, 39, 19, 0, 2.53%, 0, 3, 3, 202.26, 208145, 1658
1216, 0, 24, 39, 19, 0, 2.53%, 0, 3, 3, 207.72, 209207, 1658
1221, 0, 24, 39, 19, 0, 2.53%, 0, 3, 3, 203.74, 210239, 1658
1226, 0, 24, 39, 19, 0, 2.53%, 0, 3, 3, 204.98, 211277, 1658
1231, 0, 24, 39, 19, 0, 2.53%, 0, 3, 3, 200.38, 212309, 1658
1236, 0, 36, 39, 19, 2, 2.53%, 0, 3, 3, 100.70, 213017, 1658
1242, 0, 36, 40, 20, 2, 2.55%, 0, 4, 4, 8.47, 213814, 1674
1247, 0, 36, 40, 20, 2, 2.55%, 0, 5, 4, 166.67, 213957, 1674
1252, 0, 36, 40, 20, 2, 2.55%, 0, 6, 4, 14.50, 214048, 1674
1258, 0, 36, 40, 20, 2, 2.55%, 0, 7, 4, 9.31, 214132, 1674
1263, 0, 36, 40, 20, 2, 2.55%, 0, 7, 4, 125.00, 214275, 1674
1268, 0, 36, 40, 20, 2, 2.55%, 0, 7, 4, 1.00, 214442, 1674
1274, 0, 36, 40, 20, 2, 2.55%, 0, 7, 4, 5.67, 214645, 1674
1279, 0, 36, 41, 21, 2, 2.61%, 0, 7, 4, 107.90, 215047, 1712
1285, 0, 36, 42, 22, 2, 2.63%, 0, 8, 4, 10.60, 215228, 1726
1291, 0, 36, 42, 22, 2, 2.63%, 0, 8, 4, 8.97, 215358, 1726
1297, 0, 36, 43, 23, 2, 2.64%, 0, 8, 4, 20.96, 215529, 1732
1302, 0, 36, 44, 24, 2, 2.66%, 0, 8, 4, 15.57, 215757, 1743
1308, 0, 36, 44, 24, 2, 2.66%, 0, 8, 4, 5.53, 215842, 1743
1313, 0, 36, 45, 25, 2, 2.66%, 0, 8, 4, 125.49, 215986, 1746
1319, 0, 36, 45, 25, 2, 2.66%, 0, 9, 4, 17.84, 216165, 1746
1324, 0, 36, 45, 25, 2, 2.66%, 0, 9, 4, 6.81, 216245, 1746
1329, 0, 36, 45, 25, 2, 2.66%, 0, 9, 4, 16.03, 216401, 1746
1334, 0, 36, 45, 25, 2, 2.66%, 0, 9, 4, 3.93, 216716, 1746
1340, 0, 36, 45, 25, 2, 2.66%, 0, 9, 4, 5.70, 217071, 1746
1345, 0, 36, 45, 25, 2, 2.66%, 0, 9, 4, 3.94, 217243, 1746
1351, 0, 36, 45, 25, 2, 2.66%, 0, 9, 4, 1.00, 217420, 1746
1356, 0, 36, 45, 25, 2, 2.66%, 0, 9, 4, 3.89, 217527, 1746
1362, 0, 36, 45, 25, 2, 2.66%, 0, 9, 4, 15.00, 217648, 1746
1368, 0, 36, 45, 25, 2, 2.66%, 0, 9, 4, 8.85, 217822, 1746
1373, 0, 36, 45, 25, 2, 2.66%, 0, 9, 4, 6.60, 217994, 1746
1378, 0, 36, 45, 25, 2, 2.66%, 0, 9, 4, 1.97, 218329, 1746
1383, 0, 36, 45, 25, 2, 2.66%, 0, 9, 4, 139.30, 218471, 1746
1389, 0, 36, 45, 25, 2, 2.66%, 0, 9, 4, 20.78, 218735, 1746
1395, 0, 36, 45, 25, 2, 2.66%, 0, 9, 4, 3.87, 219006, 1746
1400, 0, 36, 45, 25, 2, 2.66%, 0, 9, 4, 9.49, 219301, 1746
1406, 0, 36, 46, 26, 2, 2.67%, 0, 9, 4, 19.98, 219583, 1752
1411, 0, 36, 47, 27, 2, 2.68%, 0, 9, 4, 128.65, 220005, 1757
1417, 0, 36, 47, 27, 2, 2.68%, 0, 9, 4, 6.46, 220195, 1757
1422, 0, 36, 48, 28, 2, 2.69%, 0, 9, 4, 45.40, 220457, 1763
1427, 0, 36, 48, 28, 2, 2.69%, 0, 9, 4, 146.41, 220875, 1763
1433, 0, 36, 48, 28, 2, 2.69%, 0, 9, 4, 24.41, 221153, 1763
1438, 0, 36, 48, 28, 2, 2.69%, 0, 9, 4, 126.83, 221435, 1763
1444, 0, 36, 48, 28, 2, 2.69%, 0, 9, 4, 5.11, 221568, 1763
1449, 0, 36, 48, 28, 2, 2.69%, 0, 9, 4, 5.80, 221763, 1763
1455, 0, 36, 48, 28, 2, 2.69%, 0, 9, 4, 144.28, 222045, 1763
1460, 0, 36, 48, 28, 2, 2.69%, 0, 9, 4, 133.00, 222452, 1763
1465, 0, 36, 49, 29, 2, 2.70%, 0, 9, 4, 1.97, 222737, 1769
1471, 0, 36, 49, 29, 2, 2.70%, 0, 9, 4, 113.65, 223029, 1769
1476, 0, 36, 49, 29, 2, 2.70%, 0, 9, 4, 5.69, 223199, 1769
1482, 0, 36, 49, 29, 2, 2.70%, 0, 9, 4, 14.43, 223489, 1769
1487, 0, 36, 49, 29, 2, 2.70%, 0, 9, 4, 124.40, 223643, 1769
1492, 0, 36, 49, 29, 2, 2.70%, 0, 9, 4, 9.37, 223803, 1769
1498, 0, 36, 49, 29, 2, 2.70%, 0, 9, 4, 124.40, 223949, 1769
1503, 0, 36, 49, 29, 2, 2.70%, 0, 9, 4, 14.13, 224099, 1769
1508, 0, 36, 49, 29, 2, 2.70%, 0, 9, 4, 7.50, 224325, 1769
1513, 0, 36, 49, 29, 2, 2.70%, 0, 9, 4, 8.88, 224467, 1769
1519, 0, 36, 49, 29, 2, 2.70%, 0, 9, 4, 18.90, 224687, 1769
1525, 0, 36, 49, 29, 2, 2.70%, 0, 9, 4, 3.89, 224933, 1769
1530, 0, 36, 49, 29, 2, 2.70%, 0, 9, 4, 7.63, 225125, 1769
1536, 0, 36, 49, 29, 2, 2.70%, 0, 9, 4, 5.76, 225471, 1769
1541, 0, 36, 49, 29, 2, 2.70%, 0, 9, 4, 15.19, 225625, 1769
1547, 0, 36, 49, 29, 2, 2.70%, 0, 9, 4, 7.81, 225747, 1769
1553, 0, 36, 49, 29, 2, 2.70%, 0, 9, 4, 21.10, 226021, 1769
1558, 0, 36, 49, 29, 2, 2.70%, 0, 9, 4, 1.97, 226171, 1769
1563, 0, 36, 49, 29, 2, 2.70%, 0, 9, 4, 10.93, 226317, 1769
1568, 0, 36, 49, 29, 2, 2.70%, 0, 9, 4, 113.86, 226445, 1769
1574, 0, 36, 49, 29, 2, 2.70%, 0, 9, 4, 12.58, 226588, 1769
1579, 0, 36, 49, 29, 2, 2.70%, 0, 9, 4, 143.54, 226723, 1769
1584, 0, 36, 49, 29, 2, 2.70%, 0, 9, 4, 148.08, 226873, 1769
1590, 0, 36, 50, 30, 2, 2.72%, 0, 9, 4, 14.99, 227029, 1781
1595, 0, 36, 50, 30, 2, 2.72%, 0, 9, 4, 17.71, 227215, 1781
1601, 0, 36, 50, 30, 2, 2.72%, 0, 9, 4, 10.21, 227357, 1781
1606, 0, 36, 50, 30, 2, 2.72%, 0, 9, 4, 153.77, 227520, 1781
1612, 0, 36, 50, 30, 2, 2.72%, 0, 11, 4, 7.72, 227750, 1781
1618, 0, 36, 50, 30, 2, 2.72%, 0, 11, 4, 3.92, 227953, 1781
1624, 0, 36, 50, 30, 2, 2.72%, 0, 11, 4, 14.70, 228092, 1781
1629, 0, 36, 50, 30, 2, 2.72%, 0, 11, 4, 10.54, 228220, 1781
1635, 0, 36, 50, 30, 2, 2.72%, 0, 11, 4, 1.98, 228329, 1781
1641, 0, 36, 50, 30, 2, 2.72%, 0, 11, 4, 12.66, 228446, 1781
1646, 0, 36, 50, 30, 2, 2.72%, 0, 11, 4, 119.40, 228585, 1781
1652, 0, 36, 50, 30, 2, 2.72%, 0, 12, 4, 8.31, 228816, 1781
1657, 0, 36, 50, 30, 2, 2.72%, 0, 12, 4, 146.71, 229101, 1781
1663, 0, 36, 50, 30, 2, 2.72%, 0, 12, 4, 16.43, 229326, 1781
1669, 0, 36, 50, 30, 2, 2.72%, 0, 12, 4, 12.08, 229448, 1781
1674, 0, 36, 50, 30, 2, 2.72%, 0, 12, 4, 4.87, 229559, 1781
1680, 0, 36, 50, 30, 2, 2.72%, 0, 12, 4, 9.42, 229829, 1781
1686, 0, 36, 50, 30, 2, 2.72%, 0, 12, 4, 20.02, 230125, 1781
1692, 0, 36, 50, 30, 2, 2.72%, 0, 12, 4, 5.83, 230275, 1781
1697, 0, 36, 50, 30, 2, 2.72%, 0, 12, 4, 12.10, 230459, 1781
1703, 0, 36, 50, 30, 2, 2.72%, 0, 12, 4, 20.48, 230823, 1781
1709, 0, 36, 50, 30, 2, 2.72%, 0, 12, 4, 10.98, 230949, 1781
1715, 0, 36, 50, 30, 2, 2.72%, 0, 12, 4, 17.89, 231101, 1781
1720, 0, 36, 50, 30, 2, 2.72%, 0, 12, 4, 3.87, 231445, 1781
1725, 0, 36, 50, 30, 2, 2.72%, 0, 12, 4, 121.39, 231609, 1781
1731, 0, 36, 50, 30, 2, 2.72%, 0, 12, 4, 1.97, 231907, 1781
1736, 0, 36, 51, 31, 2, 2.73%, 0, 12, 4, 153.11, 232195, 1787
1742, 0, 36, 51, 31, 2, 2.73%, 0, 12, 4, 7.64, 232459, 1787
1748, 0, 36, 51, 31, 2, 2.73%, 0, 12, 4, 15.26, 232580, 1787
1753, 0, 36, 51, 31, 2, 2.73%, 0, 12, 4, 15.27, 232737, 1787
1758, 0, 36, 51, 31, 2, 2.73%, 0, 12, 4, 23.45, 232921, 1787
1764, 0, 36, 51, 31, 2, 2.73%, 0, 12, 4, 18.73, 233015, 1787
1769, 0, 36, 51, 31, 2, 2.73%, 0, 12, 4, 16.54, 233199, 1787
1775, 0, 36, 51, 31, 2, 2.73%, 0, 12, 4, 10.78, 233399, 1787
1780, 0, 36, 51, 31, 2, 2.73%, 0, 12, 4, 12.80, 233755, 1787
1785, 0, 36, 51, 31, 2, 2.73%, 0, 12, 4, 132.43, 234023, 1787
1791, 0, 36, 51, 31, 2, 2.73%, 0, 12, 4, 3.32, 234228, 1787
1796, 0, 36, 51, 31, 2, 2.73%, 0, 12, 4, 1.00, 234456, 1787
1802, 0, 36, 51, 31, 2, 2.73%, 0, 12, 4, 2.96, 234571, 1787
1808, 0, 36, 51, 31, 2, 2.73%, 0, 12, 4, 5.79, 234859, 1787
1814, 0, 36, 51, 31, 2, 2.73%, 0, 12, 4, 8.79, 234978, 1787
1820, 0, 36, 51, 31, 2, 2.73%, 0, 12, 4, 15.14, 235051, 1787
1825, 0, 36, 51, 31, 2, 2.73%, 0, 12, 4, 8.03, 235165, 1787
1831, 0, 36, 51, 31, 2, 2.73%, 0, 12, 4, 13.77, 235278, 1787
1837, 0, 36, 51, 31, 2, 2.73%, 0, 13, 4, 11.08, 235561, 1787
1842, 0, 36, 51, 31, 2, 2.73%, 0, 13, 4, 21.74, 235697, 1787
1848, 0, 36, 51, 31, 2, 2.73%, 0, 13, 4, 7.58, 235901, 1787
1853, 0, 36, 51, 31, 2, 2.73%, 0, 13, 4, 9.69, 236148, 1787
1859, 0, 36, 51, 31, 2, 2.73%, 0, 13, 4, 8.09, 236255, 1787
1864, 0, 36, 51, 31, 2, 2.73%, 0, 13, 4, 4.67, 236423, 1787
1870, 0, 36, 51, 31, 2, 2.73%, 0, 13, 4, 15.97, 236535, 1787
1875, 0, 36, 51, 31, 2, 2.73%, 0, 13, 4, 6.61, 236681, 1787
1880, 0, 36, 51, 31, 2, 2.73%, 0, 14, 4, 13.28, 236856, 1787
1885, 0, 36, 51, 31, 2, 2.73%, 0, 14, 4, 9.58, 237027, 1787
1891, 0, 36, 51, 31, 2, 2.73%, 0, 14, 4, 126.17, 237186, 1787
1896, 0, 36, 51, 31, 2, 2.73%, 0, 14, 4, 13.25, 237363, 1787
1902, 0, 36, 51, 31, 2, 2.73%, 0, 14, 4, 26.53, 237585, 1787
1907, 0, 36, 52, 32, 2, 2.74%, 0, 14, 4, 12.04, 237709, 1793
1913, 0, 36, 52, 32, 2, 2.74%, 0, 14, 4, 9.70, 237973, 1793
1920, 0, 36, 52, 32, 2, 2.74%, 0, 14, 4, 18.13, 238121, 1793
1925, 0, 36, 52, 32, 2, 2.74%, 0, 14, 4, 1.98, 238253, 1793
1930, 0, 36, 52, 32, 2, 2.74%, 0, 14, 4, 158.11, 238789, 1793
1935, 0, 36, 52, 32, 2, 2.74%, 0, 14, 4, 184.47, 239776, 1793
1940, 0, 36, 52, 32, 2, 2.74%, 0, 14, 4, 189.11, 240760, 1793
1945, 0, 36, 53, 33, 2, 2.75%, 0, 14, 4, 192.01, 241755, 1805
1950, 0, 36, 53, 33, 2, 2.75%, 0, 14, 4, 191.75, 242742, 1805
1955, 0, 36, 53, 33, 2, 2.75%, 0, 14, 4, 191.40, 243729, 1805
1961, 0, 36, 53, 33, 2, 2.75%, 0, 14, 4, 188.30, 244704, 1805
1966, 0, 36, 53, 33, 2, 2.75%, 0, 14, 4, 190.66, 245688, 1805
1971, 0, 36, 53, 33, 2, 2.75%, 0, 14, 4, 183.86, 246606, 1805
1976, 0, 36, 53, 33, 2, 2.75%, 0, 14, 4, 190.22, 247599, 1805
1981, 0, 36, 53, 33, 2, 2.75%, 0, 14, 4, 189.76, 248577, 1805
1986, 0, 36, 53, 33, 2, 2.75%, 0, 14, 4, 191.37, 249567, 1805
1992, 0, 36, 53, 33, 2, 2.75%, 0, 14, 4, 191.90, 250563, 1805
1997, 0, 36, 53, 33, 2, 2.75%, 0, 14, 4, 192.74, 251565, 1805
2002, 0, 36, 53, 33, 2, 2.75%, 0, 14, 4, 191.33, 252552, 1805
2007, 0, 36, 53, 33, 2, 2.75%, 0, 14, 4, 191.03, 253542, 1805
2012, 0, 36, 53, 33, 2, 2.75%, 0, 14, 4, 191.74, 254541, 1805
2017, 0, 36, 53, 33, 2, 2.75%, 0, 14, 4, 189.69, 255525, 1805
2023, 0, 36, 53, 33, 2, 2.75%, 0, 14, 4, 192.03, 256491, 1805
2028, 0, 36, 53, 33, 2, 2.75%, 0, 14, 4, 185.40, 257451, 1805
2033, 0, 36, 53, 33, 2, 2.75%, 0, 14, 4, 190.69, 258441, 1805
2038, 0, 36, 53, 33, 2, 2.75%, 0, 14, 4, 184.42, 259356, 1805
2043, 0, 36, 53, 33, 2, 2.75%, 0, 14, 4, 187.98, 260331, 1805
2048, 0, 36, 53, 33, 2, 2.75%, 0, 14, 4, 188.58, 261279, 1805
2053, 0, 36, 53, 33, 2, 2.75%, 0, 14, 4, 190.84, 262266, 1805
2058, 0, 36, 53, 33, 2, 2.75%, 0, 14, 4, 197.42, 263277, 1805
2063, 0, 36, 53, 33, 2, 2.75%, 0, 14, 4, 206.02, 264325, 1805
2068, 0, 36, 53, 33, 2, 2.75%, 0, 14, 4, 204.47, 265357, 1805
2074, 0, 36, 53, 33, 2, 2.75%, 0, 14, 4, 206.93, 266444, 1805
2079, 0, 36, 53, 33, 2, 2.75%, 0, 14, 4, 207.91, 267493, 1805
2084, 0, 36, 53, 33, 2, 2.75%, 0, 14, 4, 206.46, 268553, 1805
2089, 0, 42, 53, 32, 15, 2.75%, 0, 14, 4, 188.49, 269481, 1805
2094, 0, 42, 53, 32, 15, 2.75%, 0, 14, 4, 196.36, 270510, 1805
2099, 0, 42, 53, 32, 15, 2.75%, 0, 15, 4, 139.06, 271001, 1805
2104, 0, 42, 54, 33, 15, 2.76%, 0, 15, 5, 141.82, 271289, 1811
2110, 0, 42, 55, 34, 15, 2.76%, 0, 15, 5, 13.74, 271681, 1812
2115, 0, 42, 57, 36, 15, 2.78%, 0, 15, 5, 153.47, 272234, 1819
2120, 0, 42, 58, 37, 15, 2.78%, 0, 15, 5, 18.93, 272507, 1820
2125, 0, 42, 58, 37, 15, 2.78%, 0, 15, 5, 145.55, 272965, 1820
2130, 0, 42, 59, 38, 15, 2.79%, 0, 15, 5, 17.78, 273277, 1826
2135, 0, 42, 59, 38, 15, 2.79%, 0, 15, 5, 138.84, 273561, 1826
2140, 0, 42, 59, 38, 15, 2.79%, 0, 15, 5, 161.17, 274005, 1826
2145, 0, 42, 59, 38, 15, 2.79%, 0, 15, 5, 144.95, 274567, 1826
2151, 0, 42, 60, 39, 15, 2.79%, 0, 15, 5, 127.46, 275001, 1827
2156, 0, 42, 61, 40, 15, 2.79%, 0, 15, 5, 9.26, 275571, 1828
2162, 0, 42, 61, 40, 15, 2.79%, 0, 15, 5, 10.96, 275871, 1828
2167, 0, 42, 61, 40, 15, 2.79%, 0, 15, 5, 131.57, 276283, 1828
2172, 0, 42, 61, 40, 15, 2.79%, 0, 15, 5, 124.05, 276551, 1828
2178, 0, 42, 63, 42, 15, 2.79%, 0, 15, 5, 5.74, 276935, 1830
2183, 0, 42, 65, 44, 15, 2.80%, 0, 15, 5, 45.86, 277301, 1837
2188, 0, 42, 65, 44, 15, 2.80%, 0, 15, 5, 111.84, 277877, 1837
2194, 0, 42, 65, 44, 15, 2.80%, 0, 15, 5, 132.26, 278643, 1837
2200, 0, 42, 66, 45, 15, 2.80%, 0, 15, 5, 138.42, 279213, 1837
2206, 0, 42, 66, 45, 15, 2.80%, 0, 15, 5, 19.05, 279799, 1837
2211, 0, 42, 66, 45, 15, 2.80%, 0, 15, 5, 24.66, 280033, 1837
2216, 0, 42, 66, 45, 15, 2.80%, 0, 15, 5, 4.33, 280305, 1837
2222, 0, 42, 66, 45, 15, 2.80%, 0, 15, 5, 7.60, 280801, 1837
2227, 0, 42, 66, 45, 15, 2.80%, 0, 15, 5, 23.10, 281111, 1837
2232, 0, 42, 66, 45, 15, 2.80%, 0, 15, 5, 148.20, 281579, 1837
2238, 0, 42, 66, 45, 15, 2.80%, 0, 15, 5, 3.89, 281957, 1837
2243, 0, 42, 66, 45, 15, 2.80%, 0, 15, 5, 22.02, 282245, 1837
2248, 0, 42, 67, 46, 15, 2.80%, 0, 15, 5, 19.82, 282531, 1838
2254, 0, 42, 67, 46, 15, 2.80%, 0, 15, 5, 8.60, 282895, 1838
2259, 0, 42, 67, 46, 15, 2.80%, 0, 15, 5, 132.63, 283321, 1838
2264, 0, 42, 67, 46, 15, 2.80%, 0, 15, 5, 137.85, 283747, 1838
2269, 0, 42, 68, 47, 15, 2.81%, 0, 15, 5, 143.83, 284299, 1842
2274, 0, 42, 69, 48, 15, 2.81%, 0, 15, 5, 124.61, 284871, 1843
2280, 0, 42, 70, 49, 15, 2.82%, 0, 15, 5, 7.59, 285245, 1847
2285, 0, 42, 70, 49, 15, 2.82%, 0, 15, 5, 131.58, 285707, 1847
2290, 0, 42, 70, 49, 15, 2.82%, 0, 15, 5, 129.25, 285851, 1847
2296, 0, 42, 70, 49, 15, 2.82%, 0, 15, 5, 12.88, 286353, 1847
2301, 0, 42, 70, 49, 15, 2.82%, 0, 15, 5, 7.52, 286727, 1847
2307, 0, 42, 70, 49, 15, 2.82%, 0, 15, 5, 154.15, 287185, 1847
2312, 0, 42, 70, 49, 15, 2.82%, 0, 15, 5, 19.32, 287593, 1847
2318, 0, 42, 70, 49, 15, 2.82%, 0, 15, 5, 139.97, 288011, 1847
2323, 0, 42, 70, 49, 15, 2.82%, 0, 15, 5, 18.45, 288377, 1847
2328, 0, 42, 70, 49, 15, 2.82%, 0, 15, 5, 123.76, 288798, 1847
2333, 0, 42, 70, 49, 15, 2.82%, 0, 15, 5, 143.63, 289097, 1847
2339, 0, 42, 70, 49, 15, 2.82%, 0, 15, 5, 19.56, 289603, 1847
2344, 0, 42, 70, 49, 15, 2.82%, 0, 15, 5, 3.24, 289959, 1847
2350, 0, 42, 70, 49, 15, 2.82%, 0, 15, 5, 15.73, 290269, 1847
2356, 0, 42, 70, 49, 15, 2.82%, 0, 15, 5, 13.01, 290811, 1847
2361, 0, 42, 70, 49, 15, 2.82%, 0, 15, 5, 137.49, 291369, 1847
2366, 0, 42, 70, 49, 15, 2.82%, 0, 15, 5, 0.99, 291505, 1847
2371, 0, 42, 70, 49, 15, 2.82%, 0, 15, 5, 124.46, 292073, 1847
2376, 0, 42, 70, 49, 15, 2.82%, 0, 15, 5, 145.02, 292507, 1847
2381, 0, 42, 70, 49, 15, 2.82%, 0, 15, 5, 139.55, 293069, 1847
2387, 0, 42, 71, 50, 15, 2.83%, 0, 15, 5, 25.10, 293655, 1853
2393, 0, 42, 71, 50, 15, 2.83%, 0, 15, 5, 5.85, 294333, 1853
2398, 0, 42, 71, 50, 15, 2.83%, 0, 15, 5, 130.43, 294766, 1853
2403, 0, 42, 71, 50, 15, 2.83%, 0, 15, 5, 9.46, 295143, 1853
2409, 0, 42, 71, 50, 15, 2.83%, 0, 15, 5, 88.29, 295424, 1853
2414, 0, 42, 71, 50, 15, 2.83%, 0, 15, 5, 201.41, 296245, 1853
2419, 0, 42, 71, 50, 15, 2.83%, 0, 15, 5, 202.07, 297265, 1853
2424, 0, 42, 71, 50, 15, 2.83%, 0, 15, 5, 197.31, 298257, 1853
2429, 0, 42, 71, 50, 15, 2.83%, 0, 15, 5, 191.49, 299247, 1853
2434, 0, 42, 71, 50, 15, 2.83%, 0, 15, 5, 190.83, 300231, 1853
2439, 0, 42, 71, 50, 15, 2.83%, 0, 15, 5, 193.41, 301224, 1853
2444, 0, 42, 71, 50, 15, 2.83%, 0, 15, 5, 198.18, 302226, 1853
2449, 0, 42, 71, 50, 15, 2.83%, 0, 15, 5, 194.65, 303228, 1853
2455, 0, 42, 71, 50, 15, 2.83%, 0, 15, 5, 197.14, 304254, 1853
2460, 0, 42, 71, 50, 15, 2.83%, 0, 15, 5, 198.43, 305286, 1853
2465, 0, 42, 71, 50, 15, 2.83%, 0, 15, 5, 200.91, 306333, 1853
2470, 0, 42, 71, 50, 15, 2.83%, 0, 15, 5, 200.23, 307368, 1853
2475, 0, 42, 71, 50, 15, 2.83%, 0, 15, 5, 198.72, 308400, 1853
2481, 0, 42, 71, 50, 15, 2.83%, 0, 15, 5, 199.19, 309435, 1853
2486, 0, 42, 71, 50, 15, 2.83%, 0, 15, 5, 201.35, 310477, 1853
2491, 0, 42, 71, 50, 15, 2.83%, 0, 15, 5, 198.88, 311502, 1853
2496, 0, 42, 71, 50, 15, 2.83%, 0, 15, 5, 203.85, 312557, 1853
2501, 0, 42, 71, 50, 15, 2.83%, 0, 15, 5, 194.14, 313560, 1853
2506, 0, 42, 71, 50, 15, 2.83%, 0, 15, 5, 203.24, 314609, 1853
2512, 0, 42, 71, 50, 15, 2.83%, 0, 15, 5, 204.27, 315645, 1853
2517, 0, 42, 71, 50, 15, 2.83%, 0, 15, 5, 203.98, 316677, 1853
2522, 0, 42, 71, 50, 15, 2.83%, 0, 15, 5, 204.80, 317713, 1853
2527, 0, 42, 71, 50, 15, 2.83%, 0, 15, 5, 206.07, 318749, 1853
2532, 0, 42, 71, 50, 15, 2.83%, 0, 15, 5, 206.67, 319797, 1853
2537, 0, 42, 71, 50, 15, 2.83%, 0, 15, 5, 205.47, 320845, 1853
2542, 0, 42, 71, 50, 15, 2.83%, 0, 15, 5, 210.37, 321973, 1853
2547, 0, 42, 71, 50, 15, 2.83%, 0, 15, 5, 195.48, 322938, 1853
2552, 0, 42, 71, 50, 15, 2.83%, 0, 15, 5, 200.60, 323973, 1853
2557, 0, 42, 71, 50, 15, 2.83%, 0, 15, 5, 202.65, 325005, 1853
2562, 0, 42, 71, 50, 15, 2.83%, 0, 15, 5, 202.56, 326045, 1853
2567, 0, 42, 71, 50, 15, 2.83%, 0, 15, 5, 199.28, 327057, 1853
2572, 0, 42, 71, 50, 15, 2.83%, 0, 15, 5, 167.95, 327843, 1853
2578, 0, 42, 71, 50, 15, 2.83%, 0, 15, 5, 192.89, 328863, 1853
2583, 0, 42, 71, 50, 15, 2.83%, 0, 15, 5, 192.55, 329850, 1853
2588, 0, 42, 71, 50, 15, 2.83%, 0, 15, 5, 199.02, 330885, 1853
2593, 0, 42, 71, 50, 15, 2.83%, 0, 15, 5, 202.02, 331905, 1853
2598, 0, 69, 71, 49, 30, 2.83%, 0, 15, 5, 189.59, 332819, 1853
2603, 0, 69, 72, 50, 30, 2.92%, 0, 16, 6, 152.64, 333557, 1913
2608, 0, 69, 74, 52, 30, 2.93%, 0, 16, 6, 3.82, 334141, 1919
2614, 0, 69, 74, 52, 30, 2.93%, 0, 16, 6, 12.36, 334847, 1919
2619, 0, 69, 74, 52, 30, 2.93%, 0, 16, 6, 150.95, 335268, 1919
2625, 0, 69, 74, 52, 30, 2.93%, 0, 16, 6, 130.31, 335835, 1919
2630, 0, 69, 75, 53, 30, 2.93%, 0, 16, 6, 139.87, 336305, 1919
2635, 0, 69, 75, 53, 30, 2.93%, 0, 16, 6, 120.20, 336755, 1919
2640, 0, 69, 75, 53, 30, 2.93%, 0, 16, 6, 129.43, 337321, 1919
2645, 0, 69, 75, 53, 30, 2.93%, 0, 16, 6, 16.83, 337605, 1919
2651, 0, 69, 75, 53, 30, 2.93%, 0, 16, 6, 2.95, 338060, 1919
2656, 0, 69, 75, 53, 30, 2.93%, 0, 16, 6, 17.35, 338491, 1919
2661, 0, 69, 75, 53, 30, 2.93%, 0, 16, 6, 138.68, 339083, 1919
2666, 0, 69, 75, 53, 30, 2.93%, 0, 16, 6, 17.71, 339675, 1919
2671, 0, 69, 76, 54, 30, 2.93%, 0, 16, 6, 137.44, 340257, 1920
2676, 0, 69, 76, 54, 30, 2.93%, 0, 16, 6, 148.74, 340865, 1920
2681, 0, 69, 76, 54, 30, 2.93%, 0, 16, 6, 144.51, 341317, 1920
2686, 0, 69, 76, 54, 30, 2.93%, 0, 16, 6, 134.24, 341741, 1920
2691, 0, 69, 76, 54, 30, 2.93%, 0, 16, 6, 131.53, 342311, 1920
2697, 0, 69, 76, 54, 30, 2.93%, 0, 16, 6, 132.45, 342627, 1920
2702, 0, 69, 76, 54, 30, 2.93%, 0, 16, 6, 3.92, 343279, 1920
2708, 0, 69, 76, 54, 30, 2.93%, 0, 16, 6, 144.49, 343875, 1920
2713, 0, 69, 76, 54, 30, 2.93%, 0, 16, 6, 5.79, 344309, 1920
2718, 0, 69, 76, 54, 30, 2.93%, 0, 16, 6, 23.53, 344823, 1920
2724, 0, 69, 76, 54, 30, 2.93%, 0, 16, 6, 9.33, 345383, 1920
2730, 0, 69, 76, 54, 30, 2.93%, 0, 16, 6, 20.71, 345893, 1920
2736, 0, 69, 76, 54, 30, 2.93%, 0, 16, 6, 24.90, 346607, 1920
2741, 0, 69, 76, 54, 30, 2.93%, 0, 16, 6, 147.72, 347183, 1920
2746, 0, 69, 76, 54, 30, 2.93%, 0, 16, 6, 149.64, 347626, 1920
2751, 0, 69, 76, 54, 30, 2.93%, 0, 16, 6, 152.47, 348061, 1920
2756, 0, 69, 76, 54, 30, 2.93%, 0, 16, 6, 12.76, 348481, 1920
2761, 0, 69, 76, 54, 30, 2.93%, 0, 16, 6, 141.39, 349059, 1920
2766, 0, 69, 76, 54, 30, 2.93%, 0, 16, 6, 138.03, 349761, 1920
2771, 0, 69, 76, 54, 30, 2.93%, 0, 16, 6, 140.26, 350195, 1920
2776, 0, 69, 76, 54, 30, 2.93%, 0, 16, 6, 139.66, 350769, 1920
2781, 0, 69, 76, 54, 30, 2.93%, 0, 16, 6, 142.33, 351185, 1920
2787, 0, 69, 77, 55, 30, 2.93%, 0, 16, 6, 157.96, 351786, 1923
2792, 0, 69, 77, 55, 30, 2.93%, 0, 17, 6, 15.78, 352227, 1923
2797, 0, 69, 77, 55, 30, 2.93%, 0, 17, 6, 62.08, 352669, 1923
2802, 0, 69, 77, 55, 30, 2.93%, 0, 17, 6, 131.55, 353431, 1923
2807, 0, 69, 77, 55, 30, 2.93%, 0, 17, 6, 141.86, 354151, 1923
2813, 0, 69, 77, 55, 30, 2.93%, 0, 17, 6, 14.49, 354665, 1923
2819, 0, 69, 77, 55, 30, 2.93%, 0, 17, 6, 11.03, 355299, 1923
2824, 0, 69, 77, 55, 30, 2.93%, 0, 17, 6, 145.46, 355729, 1923
2829, 0, 69, 77, 55, 30, 2.93%, 0, 17, 6, 140.57, 356461, 1923
2834, 0, 69, 77, 55, 30, 2.93%, 0, 17, 6, 3.86, 357041, 1923
2840, 0, 69, 77, 55, 30, 2.93%, 0, 17, 6, 137.89, 357643, 1923
2845, 0, 69, 77, 55, 30, 2.93%, 0, 17, 6, 19.26, 358015, 1923
2850, 0, 69, 77, 55, 30, 2.93%, 0, 17, 6, 141.46, 358461, 1923
2856, 0, 69, 77, 55, 30, 2.93%, 0, 17, 6, 19.25, 358812, 1923
2861, 0, 69, 78, 56, 30, 2.94%, 0, 17, 6, 23.14, 359281, 1929
2866, 0, 69, 78, 56, 30, 2.94%, 0, 17, 6, 143.76, 359877, 1929
2871, 0, 69, 78, 56, 30, 2.94%, 0, 17, 6, 148.69, 360297, 1929
2876, 0, 69, 78, 56, 30, 2.94%, 0, 17, 6, 22.58, 360596, 1929
2881, 0, 69, 78, 56, 30, 2.94%, 0, 17, 6, 136.67, 360887, 1929
2886, 0, 69, 78, 56, 30, 2.94%, 0, 17, 6, 12.61, 361299, 1929
2892, 0, 69, 78, 56, 30, 2.94%, 0, 18, 6, 17.27, 361709, 1929
2897, 0, 69, 78, 56, 30, 2.94%, 0, 18, 6, 137.90, 362273, 1929
2903, 0, 69, 78, 56, 30, 2.94%, 0, 18, 6, 158.90, 362705, 1929
2908, 0, 69, 78, 56, 30, 2.94%, 0, 18, 6, 24.83, 363235, 1929
2914, 0, 69, 79, 57, 30, 2.94%, 0, 18, 6, 140.71, 363819, 1930
2919, 0, 69, 79, 57, 30, 2.94%, 0, 18, 6, 158.42, 364266, 1930
2924, 0, 69, 79, 57, 30, 2.94%, 0, 18, 6, 7.65, 364563, 1930
2929, 0, 69, 79, 57, 30, 2.94%, 0, 18, 6, 162.40, 365005, 1930
2934, 0, 69, 79, 57, 30, 2.94%, 0, 18, 6, 5.79, 365357, 1930
2939, 0, 69, 79, 57, 30, 2.94%, 0, 18, 6, 120.48, 365795, 1930
2944, 0, 69, 79, 57, 30, 2.94%, 0, 18, 6, 158.21, 366444, 1930
2950, 0, 69, 79, 57, 30, 2.94%, 0, 18, 6, 179.80, 367404, 1930
2955, 0, 69, 79, 57, 30, 2.94%, 0, 18, 6, 186.12, 368373, 1930
2960, 0, 69, 79, 57, 30, 2.94%, 0, 18, 6, 190.21, 369369, 1930
2965, 0, 69, 79, 57, 30, 2.94%, 0, 18, 6, 186.65, 370302, 1930
2970, 0, 69, 79, 57, 30, 2.94%, 0, 18, 6, 188.42, 371289, 1930
2975, 0, 69, 79, 57, 30, 2.94%, 0, 18, 6, 190.61, 372276, 1930
2980, 0, 69, 79, 57, 30, 2.94%, 0, 18, 6, 190.54, 373260, 1930
2986, 0, 69, 79, 57, 30, 2.94%, 0, 18, 6, 189.60, 374244, 1930
2991, 0, 69, 79, 57, 30, 2.94%, 0, 18, 6, 187.02, 375174, 1930
2996, 0, 69, 79, 57, 30, 2.94%, 0, 18, 6, 188.42, 376149, 1930
3001, 0, 69, 79, 57, 30, 2.94%, 0, 18, 6, 187.45, 377130, 1930
3006, 0, 69, 79, 57, 30, 2.94%, 0, 18, 6, 186.23, 378102, 1930
3011, 0, 69, 79, 57, 30, 2.94%, 0, 18, 6, 187.45, 379047, 1930
3016, 0, 69, 79, 57, 30, 2.94%, 0, 18, 6, 189.87, 380031, 1930
3022, 0, 69, 79, 57, 30, 2.94%, 0, 18, 6, 186.47, 380994, 1930
3027, 0, 69, 79, 57, 30, 2.94%, 0, 18, 6, 185.88, 381933, 1930
3032, 0, 69, 79, 57, 30, 2.94%, 0, 18, 6, 184.23, 382857, 1930
3037, 0, 69, 79, 57, 30, 2.94%, 0, 18, 6, 190.08, 383847, 1930
3042, 0, 69, 79, 57, 30, 2.94%, 0, 18, 6, 190.91, 384831, 1930
3047, 0, 69, 79, 57, 30, 2.94%, 0, 18, 6, 191.71, 385812, 1930
3052, 0, 69, 79, 57, 30, 2.94%, 0, 18, 6, 189.19, 386793, 1930
3057, 0, 69, 79, 57, 30, 2.94%, 0, 18, 6, 188.92, 387744, 1930
3062, 0, 69, 79, 57, 30, 2.94%, 0, 18, 6, 189.89, 388734, 1930
3068, 0, 69, 79, 57, 30, 2.94%, 0, 18, 6, 191.52, 389691, 1930
3073, 0, 69, 79, 57, 30, 2.94%, 0, 18, 6, 191.22, 390678, 1930
3078, 0, 69, 79, 57, 30, 2.94%, 0, 18, 6, 192.46, 391674, 1930
3083, 0, 69, 79, 57, 30, 2.94%, 0, 18, 6, 188.37, 392652, 1930
3088, 0, 69, 79, 57, 30, 2.94%, 0, 18, 6, 186.67, 393579, 1930
3093, 0, 69, 79, 57, 30, 2.94%, 0, 18, 6, 186.27, 394518, 1930
3098, 0, 69, 79, 57, 30, 2.94%, 0, 18, 6, 186.29, 395445, 1930
3103, 0, 69, 79, 57, 30, 2.94%, 0, 18, 6, 173.34, 396342, 1930
3108, 0, 69, 79, 57, 30, 2.94%, 0, 18, 6, 91.17, 396700, 1930
3113, 0, 69, 79, 57, 30, 2.94%, 0, 18, 6, 101.78, 397171, 1930
3119, 0, 69, 79, 57, 30, 2.94%, 0, 18, 6, 156.67, 398025, 1930
3124, 0, 69, 79, 57, 30, 2.94%, 0, 18, 6, 180.43, 398985, 1930
3129, 0, 69, 79, 57, 30, 2.94%, 0, 18, 6, 183.06, 399945, 1930
3134, 0, 69, 79, 57, 30, 2.94%, 0, 18, 6, 190.51, 400959, 1930
3139, 0, 69, 79, 57, 30, 2.94%, 0, 18, 6, 202.14, 402009, 1930
3144, 0, 69, 79, 57, 30, 2.94%, 0, 18, 6, 192.46, 402974, 1930
3149, 0, 69, 79, 57, 30, 2.94%, 0, 18, 6, 182.20, 403938, 1930
3155, 0, 69, 79, 57, 30, 2.94%, 0, 18, 6, 197.15, 404976, 1930
3160, 0, 69, 79, 57, 30, 2.94%, 0, 18, 6, 202.99, 406033, 1930
3165, 0, 69, 79, 57, 30, 2.94%, 0, 18, 6, 198.36, 407042, 1930
3170, 0, 73, 79, 56, 35, 2.94%, 0, 18, 6, 190.84, 407941, 1930
3176, 0, 73, 79, 56, 35, 2.94%, 0, 18, 6, 10.86, 408563, 1930
3182, 0, 73, 79, 56, 35, 2.94%, 0, 19, 6, 16.13, 408968, 1930
3187, 0, 73, 79, 56, 35, 2.94%, 0, 19, 6, 183.49, 409926, 1930
3192, 0, 73, 79, 56, 35, 2.94%, 0, 19, 6, 202.35, 410990, 1930
3197, 0, 73, 79, 56, 35, 2.94%, 0, 19, 6, 199.70, 412031, 1930
3202, 0, 73, 79, 56, 35, 2.94%, 0, 19, 6, 204.40, 413066, 1930
3208, 0, 73, 79, 56, 35, 2.94%, 0, 19, 6, 205.07, 414106, 1930
3213, 0, 73, 79, 56, 35, 2.94%, 0, 19, 6, 202.51, 415146, 1930
3218, 0, 73, 79, 56, 35, 2.94%, 0, 19, 6, 201.80, 416162, 1930
3223, 0, 73, 79, 56, 35, 2.94%, 0, 19, 6, 202.83, 417198, 1930
3228, 0, 73, 79, 56, 35, 2.94%, 0, 19, 6, 202.05, 418222, 1930
3233, 0, 38, 79, 55, 34, 2.94%, 0, 19, 6, 198.26, 419276, 1930
3238, 0, 38, 79, 55, 34, 2.94%, 0, 19, 6, 206.69, 420380, 1930
3243, 0, 38, 79, 55, 34, 2.94%, 0, 19, 6, 204.35, 421420, 1930
3249, 0, 38, 79, 55, 34, 2.94%, 0, 19, 6, 205.65, 422448, 1930
3254, 0, 38, 79, 55, 34, 2.94%, 0, 19, 6, 202.88, 423496, 1930
3259, 0, 40, 79, 54, 33, 2.94%, 0, 19, 6, 123.79, 424284, 1930
3264, 0, 40, 79, 54, 33, 2.94%, 0, 20, 6, 13.81, 425141, 1930
3269, 0, 40, 80, 55, 33, 2.95%, 0, 20, 6, 13.00, 425314, 1931
3274, 0, 40, 80, 55, 33, 2.95%, 0, 20, 6, 110.05, 425589, 1931
3280, 0, 40, 80, 55, 33, 2.95%, 0, 20, 6, 129.84, 425870, 1931
3285, 0, 40, 80, 55, 33, 2.95%, 0, 20, 6, 7.58, 426088, 1931
3291, 0, 40, 80, 55, 33, 2.95%, 0, 20, 6, 17.36, 426332, 1931
3297, 0, 40, 80, 55, 33, 2.95%, 0, 20, 6, 7.65, 426530, 1931
3302, 0, 40, 80, 55, 33, 2.95%, 0, 20, 6, 3.88, 426752, 1931
3307, 0, 40, 80, 55, 33, 2.95%, 0, 20, 6, 5.80, 426930, 1931
3313, 0, 40, 80, 55, 33, 2.95%, 0, 20, 6, 159.60, 427269, 1931
3318, 0, 40, 80, 55, 33, 2.95%, 0, 20, 6, 177.38, 428220, 1931
3323, 0, 40, 80, 55, 33, 2.95%, 0, 20, 6, 180.78, 429162, 1931
3328, 0, 40, 80, 55, 33, 2.95%, 0, 20, 6, 200.24, 430230, 1931
3333, 0, 40, 80, 55, 33, 2.95%, 0, 20, 6, 206.19, 431274, 1931
3338, 0, 40, 80, 55, 33, 2.95%, 0, 20, 6, 198.75, 432273, 1931
3343, 0, 40, 80, 55, 33, 2.95%, 0, 20, 6, 206.44, 433326, 1931
3348, 0, 40, 80, 55, 33, 2.95%, 0, 20, 6, 208.20, 434374, 1931
3353, 0, 40, 80, 55, 33, 2.95%, 0, 20, 6, 204.99, 435406, 1931
3358, 0, 40, 80, 55, 33, 2.95%, 0, 20, 6, 203.27, 436426, 1931
3363, 0, 75, 80, 54, 33, 2.95%, 0, 20, 6, 185.53, 437379, 1931
3369, 0, 75, 80, 54, 33, 2.95%, 0, 20, 6, 200.27, 438418, 1931
3374, 0, 75, 80, 54, 33, 2.95%, 0, 21, 6, 149.98, 439032, 1931
3379, 0, 75, 80, 54, 33, 2.95%, 0, 21, 6, 165.12, 439726, 1931
3384, 0, 75, 80, 54, 33, 2.95%, 0, 21, 6, 199.36, 440790, 1931
3389, 0, 75, 80, 54, 33, 2.95%, 0, 21, 6, 210.39, 441854, 1931
3394, 0, 75, 80, 54, 33, 2.95%, 0, 21, 6, 217.02, 442950, 1931
3399, 0, 75, 80, 54, 33, 2.95%, 0, 21, 6, 212.72, 444002, 1931
3404, 0, 75, 80, 54, 33, 2.95%, 0, 21, 6, 205.84, 445018, 1931
3409, 0, 75, 80, 54, 33, 2.95%, 0, 21, 6, 208.98, 446086, 1931
3414, 0, 75, 80, 54, 33, 2.95%, 0, 21, 6, 202.99, 447118, 1931
3419, 0, 75, 80, 54, 33, 2.95%, 0, 21, 6, 204.08, 448162, 1931
3424, 0, 76, 80, 53, 32, 2.95%, 0, 21, 6, 161.32, 448955, 1931
3429, 0, 76, 80, 53, 32, 2.95%, 0, 22, 6, 149.25, 449766, 1931
3435, 0, 76, 81, 54, 32, 2.95%, 0, 22, 7, 3.91, 450105, 1931
3440, 0, 76, 81, 54, 32, 2.95%, 0, 23, 7, 20.08, 450357, 1931
3445, 0, 76, 81, 54, 32, 2.95%, 0, 23, 7, 141.23, 450659, 1931
3451, 0, 76, 81, 54, 32, 2.95%, 0, 23, 7, 10.20, 451103, 1931
3457, 0, 76, 82, 55, 32, 2.95%, 0, 23, 7, 25.08, 451385, 1936
3462, 0, 76, 82, 55, 32, 2.95%, 0, 23, 7, 5.84, 451543, 1936
3468, 0, 76, 82, 55, 32, 2.95%, 0, 23, 7, 145.08, 451885, 1936
3473, 0, 76, 82, 55, 32, 2.95%, 0, 23, 7, 20.60, 452079, 1936
3478, 0, 76, 82, 55, 32, 2.95%, 0, 23, 7, 13.88, 452387, 1936
3483, 0, 76, 82, 55, 32, 2.95%, 0, 23, 7, 11.12, 452860, 1936
3490, 0, 76, 82, 55, 32, 2.95%, 0, 23, 7, 22.41, 453197, 1936
3495, 0, 76, 82, 55, 32, 2.95%, 0, 23, 7, 147.35, 453483, 1936
3500, 0, 76, 82, 55, 32, 2.95%, 0, 23, 7, 163.53, 454007, 1936
3505, 0, 76, 82, 55, 32, 2.95%, 0, 23, 7, 189.45, 455015, 1936
3510, 0, 76, 82, 55, 32, 2.95%, 0, 23, 7, 194.46, 456035, 1936
3515, 0, 76, 82, 55, 32, 2.95%, 0, 23, 7, 195.53, 457016, 1936
3520, 0, 76, 82, 55, 32, 2.95%, 0, 23, 7, 200.88, 458053, 1936
3525, 0, 76, 82, 55, 32, 2.95%, 0, 23, 7, 208.44, 459101, 1936
3530, 0, 76, 82, 55, 32, 2.95%, 0, 23, 7, 200.81, 460097, 1936
3536, 0, 76, 82, 55, 32, 2.95%, 0, 23, 7, 205.90, 461181, 1936
3541, 0, 76, 82, 55, 32, 2.95%, 0, 23, 7, 210.32, 462249, 1936
3546, 0, 76, 82, 55, 32, 2.95%, 0, 23, 7, 211.73, 463321, 1936
3551, 0, 76, 82, 55, 32, 2.95%, 0, 23, 7, 207.28, 464357, 1936
3556, 0, 76, 82, 55, 32, 2.95%, 0, 23, 7, 208.79, 465409, 1936
3561, 0, 47, 82, 54, 32, 2.95%, 0, 23, 7, 64.68, 466192, 1936
3566, 0, 47, 82, 54, 32, 2.95%, 0, 23, 7, 28.76, 467091, 1936
3571, 0, 47, 82, 54, 32, 2.95%, 0, 23, 7, 22.98, 467427, 1936
3577, 0, 47, 82, 54, 32, 2.95%, 0, 23, 7, 14.73, 467565, 1936
3583, 0, 47, 82, 54, 32, 2.95%, 0, 23, 7, 29.01, 467842, 1936
3589, 0, 47, 82, 54, 32, 2.95%, 0, 23, 7, 29.98, 468093, 1936
3594, 0, 47, 82, 54, 32, 2.95%, 0, 23, 7, 205.48, 468716, 1936
3599, 0, 47, 82, 54, 32, 2.95%, 0, 23, 7, 187.59, 469524, 1936
3604, 0, 47, 82, 54, 32, 2.95%, 0, 23, 7, 206.07, 470584, 1936
3609, 0, 47, 82, 54, 32, 2.95%, 0, 23, 7, 194.10, 471594, 1936
3614, 0, 47, 82, 54, 32, 2.95%, 0, 23, 7, 207.44, 472680, 1936
3619, 0, 47, 82, 54, 32, 2.95%, 0, 23, 7, 213.57, 473756, 1936
3624, 0, 47, 82, 54, 32, 2.95%, 0, 23, 7, 209.77, 474812, 1936
3629, 0, 47, 82, 54, 32, 2.95%, 0, 23, 7, 203.36, 475832, 1936
3634, 0, 47, 82, 54, 32, 2.95%, 0, 23, 7, 209.68, 476884, 1936
3639, 0, 77, 82, 53, 31, 2.95%, 0, 23, 7, 193.51, 477818, 1936
3645, 0, 77, 82, 53, 31, 2.95%, 0, 23, 7, 170.56, 478704, 1936
3650, 0, 77, 82, 53, 31, 2.95%, 0, 24, 7, 141.63, 479131, 1936
3655, 0, 77, 82, 53, 31, 2.95%, 0, 24, 7, 182.63, 480073, 1936
3660, 0, 77, 82, 53, 31, 2.95%, 0, 24, 7, 208.44, 481173, 1936
3665, 0, 77, 82, 53, 31, 2.95%, 0, 24, 7, 192.06, 482156, 1936
3670, 0, 77, 82, 53, 31, 2.95%, 0, 24, 7, 203.79, 483201, 1936
3675, 0, 77, 82, 53, 31, 2.95%, 0, 24, 7, 203.79, 484253, 1936
3680, 0, 77, 82, 53, 31, 2.95%, 0, 24, 7, 204.32, 485309, 1936
3686, 0, 77, 82, 53, 31, 2.95%, 0, 24, 7, 187.61, 486264, 1936
3691, 0, 77, 82, 53, 31, 2.95%, 0, 24, 7, 175.80, 487164, 1936
3696, 0, 77, 82, 53, 31, 2.95%, 0, 24, 7, 170.38, 488037, 1936
3701, 0, 71, 82, 52, 30, 2.95%, 0, 24, 7, 168.68, 488885, 1936
3706, 0, 71, 82, 52, 30, 2.95%, 0, 24, 7, 182.54, 489819, 1936
3711, 0, 71, 82, 52, 30, 2.95%, 0, 24, 7, 191.84, 490822, 1936
3716, 0, 71, 82, 52, 30, 2.95%, 0, 24, 7, 179.29, 491769, 1936
3722, 0, 71, 82, 52, 30, 2.95%, 0, 24, 7, 187.74, 492762, 1936
3727, 0, 71, 82, 52, 30, 2.95%, 0, 24, 7, 195.42, 493779, 1936
3732, 0, 71, 82, 52, 30, 2.95%, 0, 24, 7, 190.96, 494766, 1936
3737, 0, 71, 82, 52, 30, 2.95%, 0, 24, 7, 196.01, 495777, 1936
3742, 0, 71, 82, 52, 30, 2.95%, 0, 24, 7, 205.76, 496790, 1936
3747, 0, 71, 82, 52, 30, 2.95%, 0, 24, 7, 211.43, 497854, 1936
3752, 0, 71, 82, 52, 30, 2.95%, 0, 24, 7, 202.00, 498866, 1936
3758, 0, 58, 82, 51, 29, 2.95%, 0, 24, 7, 8.35, 499782, 1936
3763, 0, 58, 82, 51, 29, 2.95%, 0, 24, 7, 161.33, 500519, 1936
3769, 0, 58, 82, 51, 29, 2.95%, 0, 25, 7, 21.74, 500988, 1936
3774, 0, 58, 82, 51, 29, 2.95%, 0, 25, 7, 9.49, 501178, 1936
3779, 0, 58, 82, 51, 29, 2.95%, 0, 25, 7, 11.33, 501504, 1936
3785, 0, 58, 82, 51, 29, 2.95%, 0, 25, 7, 130.00, 501658, 1936
3790, 0, 58, 82, 51, 29, 2.95%, 0, 25, 7, 2.91, 501842, 1936
3795, 0, 58, 82, 51, 29, 2.95%, 0, 25, 7, 187.68, 502657, 1936
3800, 0, 58, 82, 51, 29, 2.95%, 0, 25, 7, 196.02, 503694, 1936
3805, 0, 58, 82, 51, 29, 2.95%, 0, 25, 7, 199.21, 504711, 1936
3811, 0, 58, 82, 51, 29, 2.95%, 0, 25, 7, 194.06, 505737, 1936
3816, 0, 58, 82, 51, 29, 2.95%, 0, 25, 7, 198.88, 506775, 1936
3821, 0, 58, 82, 51, 29, 2.95%, 0, 25, 7, 202.28, 507786, 1936
3826, 0, 58, 82, 51, 29, 2.95%, 0, 25, 7, 206.44, 508830, 1936
3831, 0, 58, 82, 51, 29, 2.95%, 0, 25, 7, 203.83, 509854, 1936
3836, 0, 58, 82, 51, 29, 2.95%, 0, 25, 7, 209.47, 510950, 1936
3841, 0, 41, 82, 50, 28, 2.95%, 0, 25, 7, 206.60, 511737, 1936
3846, 0, 41, 82, 50, 28, 2.95%, 0, 27, 7, 145.00, 512282, 1936
3852, 0, 41, 82, 50, 28, 2.95%, 0, 27, 7, 6.46, 512493, 1936
3857, 0, 41, 82, 50, 28, 2.95%, 0, 27, 7, 3.90, 512837, 1936
3862, 0, 41, 82, 50, 28, 2.95%, 0, 28, 7, 114.19, 513105, 1936
3867, 0, 41, 82, 50, 28, 2.95%, 0, 28, 7, 185.51, 513868, 1936
3872, 0, 41, 82, 50, 28, 2.95%, 0, 28, 7, 201.81, 514913, 1936
3877, 0, 41, 82, 50, 28, 2.95%, 0, 28, 7, 210.87, 515973, 1936
3882, 0, 41, 82, 50, 28, 2.95%, 0, 28, 7, 208.07, 517021, 1936
3887, 0, 41, 82, 50, 28, 2.95%, 0, 28, 7, 205.55, 518045, 1936
3893, 0, 41, 82, 50, 28, 2.95%, 0, 28, 7, 203.72, 519081, 1936
3898, 0, 41, 82, 50, 28, 2.95%, 0, 28, 7, 215.02, 520177, 1936
3903, 0, 41, 82, 50, 28, 2.95%, 0, 28, 7, 207.66, 521221, 1936
3908, 0, 41, 82, 50, 28, 2.95%, 0, 28, 7, 200.99, 522217, 1936
3913, 0, 51, 82, 49, 27, 2.95%, 0, 28, 7, 160.87, 522977, 1936
3918, 0, 51, 82, 49, 27, 2.95%, 0, 29, 7, 14.00, 523473, 1936
3924, 0, 51, 82, 49, 27, 2.95%, 0, 29, 7, 12.51, 523595, 1936
3930, 0, 51, 82, 49, 27, 2.95%, 0, 29, 7, 18.55, 523805, 1936
3935, 0, 51, 82, 49, 27, 2.95%, 0, 29, 7, 16.89, 523974, 1936
3941, 0, 51, 82, 49, 27, 2.95%, 0, 29, 7, 15.69, 524175, 1936
3946, 0, 51, 82, 49, 27, 2.95%, 0, 29, 7, 145.95, 524489, 1936
3951, 0, 51, 82, 49, 27, 2.95%, 0, 29, 7, 184.76, 525476, 1936
3956, 0, 51, 82, 49, 27, 2.95%, 0, 29, 7, 201.67, 526551, 1936
3961, 0, 51, 82, 49, 27, 2.95%, 0, 29, 7, 197.17, 527568, 1936
3966, 0, 51, 82, 49, 27, 2.95%, 0, 29, 7, 200.82, 528607, 1936
3971, 0, 51, 82, 49, 27, 2.95%, 0, 29, 7, 199.05, 529611, 1936
3976, 0, 51, 82, 49, 27, 2.95%, 0, 29, 7, 185.50, 530481, 1936
3981, 0, 51, 82, 49, 27, 2.95%, 0, 29, 7, 201.61, 531515, 1936
3986, 0, 51, 82, 49, 27, 2.95%, 0, 29, 7, 208.94, 532567, 1936
3992, 0, 81, 82, 48, 26, 2.95%, 0, 29, 7, 11.43, 533571, 1936
3997, 0, 81, 82, 48, 26, 2.95%, 0, 29, 7, 184.12, 534599, 1936
4002, 0, 81, 82, 48, 26, 2.95%, 0, 30, 7, 20.99, 534773, 1936
4007, 0, 81, 82, 48, 26, 2.95%, 0, 30, 7, 7.58, 534921, 1936
4012, 0, 81, 82, 48, 26, 2.95%, 0, 30, 7, 165.10, 535236, 1936
4017, 0, 81, 82, 48, 26, 2.95%, 0, 30, 7, 155.49, 535900, 1936
4023, 0, 81, 82, 48, 26, 2.95%, 0, 30, 7, 192.41, 536940, 1936
4028, 0, 81, 82, 48, 26, 2.95%, 0, 30, 7, 192.04, 537954, 1936
4033, 0, 81, 82, 48, 26, 2.95%, 0, 30, 7, 198.49, 538983, 1936
4038, 0, 81, 82, 48, 26, 2.95%, 0, 30, 7, 194.67, 539973, 1936
4043, 0, 81, 82, 48, 26, 2.95%, 0, 30, 7, 187.18, 540972, 1936
4048, 0, 81, 83, 49, 26, 2.96%, 0, 30, 8, 166.48, 541802, 1938
4053, 0, 81, 83, 49, 26, 2.96%, 0, 30, 8, 168.82, 542635, 1938
4058, 0, 81, 83, 49, 26, 2.96%, 0, 30, 8, 165.89, 543496, 1938
4063, 0, 81, 83, 49, 26, 2.96%, 0, 30, 8, 176.29, 544381, 1938
4069, 0, 81, 83, 49, 26, 2.96%, 0, 30, 8, 168.16, 545242, 1938
4074, 0, 64, 83, 48, 26, 2.96%, 0, 30, 8, 167.18, 546065, 1938
4079, 0, 64, 83, 48, 26, 2.96%, 0, 31, 8, 116.57, 546677, 1938
4084, 0, 64, 83, 48, 26, 2.96%, 0, 31, 8, 109.93, 547141, 1938
4089, 0, 64, 83, 48, 26, 2.96%, 0, 31, 8, 149.06, 547911, 1938
4094, 0, 64, 83, 48, 26, 2.96%, 0, 31, 8, 163.49, 548781, 1938
4099, 0, 64, 83, 48, 26, 2.96%, 0, 31, 8, 168.46, 549633, 1938
4105, 0, 64, 83, 48, 26, 2.96%, 0, 31, 8, 177.77, 550557, 1938
4110, 0, 64, 83, 48, 26, 2.96%, 0, 31, 8, 186.97, 551529, 1938
4115, 0, 64, 83, 48, 26, 2.96%, 0, 31, 8, 182.87, 552438, 1938
4120, 0, 64, 83, 48, 26, 2.96%, 0, 31, 8, 173.51, 553311, 1938
4125, 0, 64, 83, 48, 26, 2.96%, 0, 31, 8, 168.56, 554175, 1938
4130, 0, 64, 83, 48, 26, 2.96%, 0, 31, 8, 171.99, 555048, 1938
4135, 0, 64, 83, 48, 26, 2.96%, 0, 31, 8, 184.48, 556004, 1938
4140, 0, 39, 83, 47, 25, 2.96%, 0, 31, 8, 211.82, 556726, 1938
4146, 0, 39, 83, 47, 25, 2.96%, 0, 31, 8, 7.59, 557743, 1938
4151, 0, 39, 83, 47, 25, 2.96%, 0, 31, 8, 8.40, 558061, 1938
4156, 0, 39, 83, 47, 25, 2.96%, 0, 31, 8, 129.23, 558539, 1938
4162, 0, 39, 83, 47, 25, 2.96%, 0, 31, 8, 177.86, 559309, 1938
4167, 0, 39, 83, 47, 25, 2.96%, 0, 31, 8, 190.49, 560315, 1938
4172, 0, 39, 83, 47, 25, 2.96%, 0, 31, 8, 191.94, 561312, 1938
4177, 0, 39, 83, 47, 25, 2.96%, 0, 31, 8, 189.78, 562299, 1938
4182, 0, 39, 83, 47, 25, 2.96%, 0, 31, 8, 189.58, 563258, 1938
4187, 0, 39, 83, 47, 25, 2.96%, 0, 31, 8, 189.12, 564231, 1938
4193, 0, 39, 83, 47, 25, 2.96%, 0, 31, 8, 189.04, 565215, 1938
4198, 0, 39, 83, 47, 25, 2.96%, 0, 31, 8, 193.86, 566208, 1938
4203, 0, 39, 83, 47, 25, 2.96%, 0, 31, 8, 192.36, 567195, 1938
4208, 0, 44, 83, 46, 24, 2.96%, 0, 31, 8, 164.52, 567927, 1938
4213, 0, 44, 83, 46, 24, 2.96%, 0, 31, 8, 182.34, 568886, 1938
4218, 0, 44, 83, 46, 24, 2.96%, 0, 31, 8, 4.48, 569064, 1938
4224, 0, 44, 83, 46, 24, 2.96%, 0, 31, 8, 8.44, 569254, 1938
4230, 0, 44, 83, 46, 24, 2.96%, 0, 31, 8, 1.00, 569319, 1938
4236, 0, 44, 83, 46, 24, 2.96%, 0, 31, 8, 13.50, 569426, 1938
4242, 0, 44, 83, 46, 24, 2.96%, 0, 31, 8, 97.36, 569570, 1938
4248, 0, 44, 83, 46, 24, 2.96%, 0, 31, 8, 3.91, 569692, 1938
4253, 0, 44, 83, 46, 24, 2.96%, 0, 31, 8, 8.42, 569930, 1938
4259, 0, 44, 83, 46, 24, 2.96%, 0, 31, 8, 173.42, 570679, 1938
4264, 0, 44, 83, 46, 24, 2.96%, 0, 31, 8, 189.17, 571680, 1938
4269, 0, 44, 83, 46, 24, 2.96%, 0, 31, 8, 185.23, 572637, 1938
4274, 0, 44, 83, 46, 24, 2.96%, 0, 31, 8, 184.34, 573609, 1938
4279, 0, 44, 83, 46, 24, 2.96%, 0, 31, 8, 187.87, 574581, 1938
4284, 0, 44, 83, 46, 24, 2.96%, 0, 31, 8, 186.24, 575553, 1938
4290, 0, 44, 83, 46, 24, 2.96%, 0, 31, 8, 188.94, 576504, 1938
4295, 0, 44, 83, 46, 24, 2.96%, 0, 31, 8, 187.54, 577473, 1938
4300, 0, 44, 83, 46, 24, 2.96%, 0, 31, 8, 193.87, 578496, 1938
4305, 0, 43, 83, 45, 23, 2.96%, 0, 31, 8, 4.40, 579157, 1938
4310, 0, 43, 83, 45, 23, 2.96%, 0, 31, 8, 160.26, 579894, 1938
4316, 0, 43, 83, 45, 23, 2.96%, 0, 31, 8, 9.05, 580053, 1938
4321, 0, 43, 83, 45, 23, 2.96%, 0, 31, 8, 9.98, 580199, 1938
4326, 0, 43, 83, 45, 23, 2.96%, 0, 31, 8, 2.95, 580303, 1938
4332, 0, 43, 83, 45, 23, 2.96%, 0, 31, 8, 1.97, 580527, 1938
4338, 0, 43, 83, 45, 23, 2.96%, 0, 31, 8, 6.21, 580641, 1938
4343, 0, 43, 83, 45, 23, 2.96%, 0, 31, 8, 144.84, 580787, 1938
4348, 0, 43, 83, 45, 23, 2.96%, 0, 31, 8, 178.45, 581754, 1938
4353, 0, 43, 83, 45, 23, 2.96%, 0, 31, 8, 182.91, 582711, 1938
4359, 0, 43, 83, 45, 23, 2.96%, 0, 31, 8, 185.79, 583668, 1938
4364, 0, 43, 83, 45, 23, 2.96%, 0, 31, 8, 188.05, 584643, 1938
4369, 0, 43, 83, 45, 23, 2.96%, 0, 31, 8, 197.10, 585669, 1938
4374, 0, 43, 83, 45, 23, 2.96%, 0, 31, 8, 199.41, 586704, 1938
4379, 0, 52, 83, 44, 22, 2.96%, 0, 31, 8, 199.23, 587719, 1938
4384, 0, 52, 83, 44, 22, 2.96%, 0, 31, 8, 209.36, 588788, 1938
4390, 0, 52, 83, 44, 22, 2.96%, 0, 31, 8, 207.97, 589877, 1938
4395, 0, 52, 83, 44, 22, 2.96%, 0, 31, 8, 196.26, 590874, 1938
4400, 0, 48, 83, 43, 21, 2.96%, 0, 31, 8, 28.17, 591757, 1938
4405, 0, 48, 83, 43, 21, 2.96%, 0, 31, 8, 152.06, 592636, 1938
4411, 0, 48, 83, 43, 21, 2.96%, 0, 31, 8, 21.79, 593016, 1938
4416, 0, 48, 83, 43, 21, 2.96%, 0, 31, 8, 19.42, 593190, 1938
4422, 0, 48, 83, 43, 21, 2.96%, 0, 31, 8, 1.00, 593370, 1938
4428, 0, 48, 83, 43, 21, 2.96%, 0, 31, 8, 23.13, 593663, 1938
4433, 0, 48, 83, 43, 21, 2.96%, 0, 31, 8, 74.07, 593764, 1938
4438, 0, 48, 83, 43, 21, 2.96%, 0, 31, 8, 161.80, 594289, 1938
4443, 0, 48, 83, 43, 21, 2.96%, 0, 31, 8, 194.50, 595335, 1938
4448, 0, 48, 83, 43, 21, 2.96%, 0, 31, 8, 202.00, 596384, 1938
4453, 0, 48, 83, 43, 21, 2.96%, 0, 31, 8, 203.84, 597412, 1938
4458, 0, 48, 83, 43, 21, 2.96%, 0, 31, 8, 206.31, 598480, 1938
4463, 0, 48, 83, 43, 21, 2.96%, 0, 31, 8, 204.64, 599516, 1938
4469, 0, 48, 83, 43, 21, 2.96%, 0, 31, 8, 206.79, 600564, 1938
4474, 0, 48, 83, 43, 21, 2.96%, 0, 31, 8, 209.02, 601620, 1938
4479, 0, 48, 83, 43, 21, 2.96%, 0, 31, 8, 178.34, 602544, 1938
4484, 0, 62, 83, 42, 20, 2.96%, 0, 31, 8, 154.58, 603294, 1938
4490, 0, 62, 83, 42, 20, 2.96%, 0, 31, 8, 19.59, 604162, 1938
4495, 0, 62, 83, 42, 20, 2.96%, 0, 31, 8, 11.18, 604449, 1938
4500, 0, 62, 83, 42, 20, 2.96%, 0, 31, 8, 3.93, 604741, 1938
4506, 0, 62, 83, 42, 20, 2.96%, 0, 31, 8, 156.06, 605516, 1938
4511, 0, 62, 83, 42, 20, 2.96%, 0, 31, 8, 177.72, 606484, 1938
4516, 0, 62, 84, 43, 20, 2.96%, 0, 31, 8, 186.80, 607393, 1938
4521, 0, 62, 84, 43, 20, 2.96%, 0, 31, 8, 204.12, 608483, 1938
4526, 0, 62, 84, 43, 20, 2.96%, 0, 31, 8, 207.96, 609527, 1938
4531, 0, 62, 84, 43, 20, 2.96%, 0, 31, 8, 205.71, 610559, 1938
4536, 0, 62, 84, 43, 20, 2.96%, 0, 31, 8, 204.94, 611591, 1938
4541, 0, 62, 84, 43, 20, 2.96%, 0, 31, 8, 221.17, 612727, 1938
4546, 0, 62, 84, 43, 20, 2.96%, 0, 31, 8, 208.74, 613787, 1938
4552, 0, 62, 84, 43, 20, 2.96%, 0, 31, 8, 205.31, 614854, 1938
4557, 0, 79, 84, 42, 19, 2.96%, 0, 31, 8, 163.62, 615616, 1938
4562, 0, 79, 84, 42, 19, 2.96%, 0, 32, 8, 4.87, 616071, 1938
4568, 0, 79, 84, 42, 19, 2.96%, 0, 32, 8, 12.73, 616293, 1938
4573, 0, 79, 84, 42, 19, 2.96%, 0, 32, 8, 129.35, 616455, 1938
4579, 0, 79, 84, 42, 19, 2.96%, 0, 32, 8, 7.58, 616560, 1938
4585, 0, 79, 84, 42, 19, 2.96%, 0, 32, 8, 25.64, 616705, 1938
4590, 0, 79, 84, 42, 19, 2.96%, 0, 32, 8, 138.67, 616987, 1938
4595, 0, 79, 84, 42, 19, 2.96%, 0, 32, 8, 190.73, 618021, 1938
4600, 0, 79, 84, 42, 19, 2.96%, 0, 32, 8, 205.46, 619075, 1938
4605, 0, 79, 84, 42, 19, 2.96%, 0, 32, 8, 209.58, 620135, 1938
4610, 0, 79, 84, 42, 19, 2.96%, 0, 32, 8, 214.32, 621215, 1938
4615, 0, 79, 84, 42, 19, 2.96%, 0, 32, 8, 211.15, 622275, 1938
4620, 0, 79, 84, 42, 19, 2.96%, 0, 32, 8, 210.87, 623335, 1938
4625, 0, 79, 84, 42, 19, 2.96%, 0, 32, 8, 206.93, 624375, 1938
4630, 0, 79, 84, 42, 19, 2.96%, 0, 32, 8, 204.92, 625407, 1938
4635, 0, 12, 84, 41, 18, 2.96%, 0, 32, 8, 214.56, 626516, 1938
4640, 0, 12, 84, 41, 18, 2.96%, 0, 32, 8, 218.92, 627628, 1938
4645, 0, 12, 84, 41, 18, 2.96%, 0, 32, 8, 215.14, 628736, 1938
4650, 0, 12, 84, 41, 18, 2.96%, 0, 32, 8, 214.51, 629816, 1938
4656, 0, 45, 84, 40, 18, 2.96%, 0, 32, 8, 74.48, 630609, 1938
4661, 0, 45, 84, 40, 18, 2.96%, 0, 32, 8, 15.97, 631560, 1938
4667, 0, 45, 84, 40, 18, 2.96%, 0, 32, 8, 20.00, 631826, 1938
4673, 0, 45, 84, 40, 18, 2.96%, 0, 32, 8, 24.47, 631960, 1938
4678, 0, 45, 84, 40, 18, 2.96%, 0, 32, 8, 24.59, 632154, 1938
4684, 0, 45, 84, 40, 18, 2.96%, 0, 32, 8, 6.58, 632327, 1938
4689, 0, 45, 84, 40, 18, 2.96%, 0, 32, 8, 157.02, 632662, 1938
4694, 0, 45, 84, 40, 18, 2.96%, 0, 32, 8, 195.57, 633711, 1938
4699, 0, 45, 84, 40, 18, 2.96%, 0, 32, 8, 204.44, 634775, 1938
4704, 0, 45, 84, 40, 18, 2.96%, 0, 32, 8, 207.64, 635827, 1938
4709, 0, 45, 84, 40, 18, 2.96%, 0, 32, 8, 210.03, 636895, 1938
4714, 0, 45, 84, 40, 18, 2.96%, 0, 32, 8, 210.67, 637959, 1938
4719, 0, 45, 84, 40, 18, 2.96%, 0, 32, 8, 206.08, 638999, 1938
4724, 0, 45, 84, 40, 18, 2.96%, 0, 32, 8, 210.66, 640063, 1938
4729, 0, 45, 84, 40, 18, 2.96%, 0, 32, 8, 213.77, 641175, 1938
4734, 0, 55, 84, 39, 17, 2.96%, 0, 32, 8, 196.26, 642134, 1938
4740, 0, 55, 84, 39, 17, 2.96%, 0, 32, 8, 178.56, 643083, 1938
4745, 0, 55, 84, 39, 17, 2.96%, 0, 33, 8, 129.74, 643533, 1938
4750, 0, 55, 84, 39, 17, 2.96%, 0, 33, 8, 169.09, 644404, 1938
4755, 0, 55, 85, 40, 17, 2.96%, 0, 33, 8, 194.73, 645432, 1939
4760, 0, 55, 85, 40, 17, 2.96%, 0, 33, 8, 203.54, 646511, 1939
4765, 0, 55, 85, 40, 17, 2.96%, 0, 33, 8, 207.17, 647567, 1939
4770, 0, 55, 85, 40, 17, 2.96%, 0, 33, 8, 211.68, 648643, 1939
4775, 0, 55, 85, 40, 17, 2.96%, 0, 33, 8, 213.22, 649723, 1939
4780, 0, 55, 85, 40, 17, 2.96%, 0, 33, 8, 213.13, 650827, 1939
4786, 0, 55, 85, 40, 17, 2.96%, 0, 33, 8, 178.90, 651761, 1939
4791, 0, 55, 85, 40, 17, 2.96%, 0, 33, 8, 199.38, 652805, 1939
4796, 0, 70, 85, 39, 17, 2.96%, 0, 33, 8, 185.80, 653768, 1939
4801, 0, 70, 85, 39, 17, 2.96%, 0, 33, 8, 191.16, 654801, 1939
4806, 0, 70, 85, 39, 17, 2.96%, 0, 34, 8, 160.56, 655242, 1939
4811, 0, 70, 85, 39, 17, 2.96%, 0, 34, 8, 148.81, 655689, 1939
4816, 0, 70, 85, 39, 17, 2.96%, 0, 34, 8, 192.35, 656735, 1939
4822, 0, 70, 85, 39, 17, 2.96%, 0, 34, 8, 215.38, 657907, 1939
4827, 0, 70, 85, 39, 17, 2.96%, 0, 34, 8, 208.71, 658991, 1939
4832, 0, 70, 85, 39, 17, 2.96%, 0, 34, 8, 212.75, 660063, 1939
4837, 0, 70, 85, 39, 17, 2.96%, 0, 34, 8, 214.98, 661147, 1939
4842, 0, 70, 85, 39, 17, 2.96%, 0, 34, 8, 212.81, 662223, 1939
4847, 0, 70, 85, 39, 17, 2.96%, 0, 34, 8, 210.95, 663287, 1939
4852, 0, 70, 85, 39, 17, 2.96%, 0, 34, 8, 214.42, 664379, 1939
4857, 0, 78, 85, 38, 16, 2.96%, 0, 34, 8, 129.14, 664967, 1939
4863, 0, 78, 85, 38, 16, 2.96%, 0, 35, 8, 30.76, 665947, 1939
4868, 0, 78, 85, 38, 16, 2.96%, 0, 35, 8, 121.36, 666246, 1939
4874, 0, 78, 85, 38, 16, 2.96%, 0, 36, 8, 20.67, 666500, 1939
4879, 0, 78, 85, 38, 16, 2.96%, 0, 36, 8, 4.87, 666729, 1939
4884, 0, 78, 85, 38, 16, 2.96%, 0, 36, 8, 172.69, 667448, 1939
4889, 0, 78, 85, 38, 16, 2.96%, 0, 36, 8, 203.58, 668533, 1939
4894, 0, 78, 85, 38, 16, 2.96%, 0, 36, 8, 203.83, 669561, 1939
4899, 0, 78, 85, 38, 16, 2.96%, 0, 36, 8, 209.63, 670617, 1939
4905, 0, 78, 85, 38, 16, 2.96%, 0, 36, 8, 201.23, 671653, 1939
4910, 0, 78, 85, 38, 16, 2.96%, 0, 36, 8, 212.76, 672769, 1939
4915, 0, 78, 85, 38, 16, 2.96%, 0, 36, 8, 196.45, 673738, 1939
4920, 0, 78, 85, 38, 16, 2.96%, 0, 36, 8, 199.91, 674745, 1939
4925, 0, 78, 85, 38, 16, 2.96%, 0, 36, 8, 208.00, 675813, 1939
4930, 0, 19, 85, 37, 15, 2.96%, 0, 36, 8, 189.60, 676761, 1939
4935, 0, 19, 85, 37, 15, 2.96%, 0, 36, 8, 181.04, 677614, 1939
4940, 0, 19, 85, 37, 15, 2.96%, 0, 36, 8, 1.00, 677844, 1939
4945, 0, 19, 85, 37, 15, 2.96%, 0, 37, 8, 193.17, 678213, 1939
4950, 0, 50, 85, 37, 15, 2.96%, 0, 37, 8, 111.69, 678673, 1939
4956, 0, 50, 85, 37, 15, 2.96%, 0, 38, 8, 8.44, 679635, 1939
4961, 0, 50, 85, 37, 15, 2.96%, 0, 38, 8, 124.29, 679937, 1939
4967, 0, 50, 85, 37, 15, 2.96%, 0, 38, 8, 22.05, 680163, 1939
4972, 0, 50, 85, 37, 15, 2.96%, 0, 38, 8, 133.31, 680465, 1939
4977, 0, 50, 85, 37, 15, 2.96%, 0, 38, 8, 180.87, 681250, 1939
4982, 0, 50, 85, 37, 15, 2.96%, 0, 38, 8, 214.09, 682091, 1939
4987, 0, 50, 85, 37, 15, 2.96%, 0, 38, 8, 210.89, 683159, 1939
4992, 0, 50, 85, 37, 15, 2.96%, 0, 38, 8, 210.79, 684227, 1939
4998, 0, 50, 85, 37, 15, 2.96%, 0, 38, 8, 218.31, 685387, 1939
5003, 0, 50, 85, 37, 15, 2.96%, 0, 38, 8, 214.08, 686463, 1939
5008, 0, 50, 85, 37, 15, 2.96%, 0, 38, 8, 212.48, 687559, 1939
5013, 0, 50, 85, 37, 15, 2.96%, 0, 38, 8, 213.76, 688627, 1939
5018, 0, 50, 85, 37, 15, 2.96%, 0, 38, 8, 208.92, 689671, 1939
5023, 0, 72, 85, 36, 14, 2.96%, 0, 38, 8, 201.06, 690664, 1939
5029, 0, 72, 85, 36, 14, 2.96%, 0, 38, 8, 13.22, 690968, 1939
5034, 0, 72, 85, 36, 14, 2.96%, 0, 39, 8, 140.78, 691098, 1939
5040, 0, 72, 85, 36, 14, 2.96%, 0, 39, 8, 11.12, 691185, 1939
5045, 0, 72, 85, 36, 14, 2.96%, 0, 39, 8, 1.99, 691374, 1939
5051, 0, 72, 85, 36, 14, 2.96%, 0, 39, 8, 21.53, 691498, 1939
5056, 0, 72, 85, 36, 14, 2.96%, 0, 39, 8, 5.51, 691551, 1939
5062, 0, 72, 85, 36, 14, 2.96%, 0, 39, 8, 3.94, 691790, 1939
5067, 0, 72, 85, 36, 14, 2.96%, 0, 39, 8, 194.26, 692187, 1939
5072, 0, 72, 85, 36, 14, 2.96%, 0, 39, 8, 201.30, 693240, 1939
5077, 0, 72, 85, 36, 14, 2.96%, 0, 39, 8, 206.92, 694300, 1939
5082, 0, 72, 85, 36, 14, 2.96%, 0, 39, 8, 206.08, 695344, 1939
5087, 0, 72, 85, 36, 14, 2.96%, 0, 39, 8, 207.49, 696404, 1939
5093, 0, 72, 85, 36, 14, 2.96%, 0, 39, 8, 206.47, 697480, 1939
5098, 0, 72, 85, 36, 14, 2.96%, 0, 39, 8, 208.53, 698520, 1939
5103, 0, 72, 85, 36, 14, 2.96%, 0, 39, 8, 205.75, 699584, 1939
5108, 0, 72, 85, 36, 14, 2.96%, 0, 39, 8, 206.76, 700612, 1939
5113, 0, 82, 85, 35, 13, 2.96%, 0, 39, 8, 197.47, 701628, 1939
5118, 0, 82, 85, 35, 13, 2.96%, 0, 39, 8, 196.18, 702639, 1939
5123, 0, 82, 85, 35, 13, 2.96%, 0, 39, 8, 207.33, 703701, 1939
5128, 0, 82, 85, 35, 13, 2.96%, 0, 39, 8, 201.64, 704725, 1939
5133, 0, 82, 85, 35, 13, 2.96%, 0, 39, 8, 197.37, 705735, 1939
5139, 0, 82, 85, 35, 13, 2.96%, 0, 39, 8, 198.14, 706752, 1939
5144, 0, 82, 85, 35, 13, 2.96%, 0, 39, 8, 200.05, 707761, 1939
5149, 0, 82, 85, 35, 13, 2.96%, 0, 39, 8, 201.99, 708801, 1939
5154, 0, 82, 85, 35, 13, 2.96%, 0, 39, 8, 195.01, 709770, 1939
5159, 0, 82, 85, 35, 13, 2.96%, 0, 39, 8, 197.74, 710808, 1939
5164, 0, 82, 85, 35, 13, 2.96%, 0, 39, 8, 197.33, 711819, 1939
5169, 0, 82, 85, 35, 13, 2.96%, 0, 39, 8, 209.92, 712881, 1939
5174, 0, 82, 85, 35, 13, 2.96%, 0, 39, 8, 155.48, 713685, 1939
5179, 0, 82, 85, 35, 13, 2.96%, 0, 39, 8, 192.25, 714732, 1939
5184, 0, 82, 85, 35, 13, 2.96%, 0, 39, 8, 176.20, 715644, 1939
5190, 0, 82, 85, 35, 13, 2.96%, 0, 39, 8, 189.31, 716583, 1939
5195, 0, 82, 85, 35, 13, 2.96%, 0, 39, 8, 197.41, 717636, 1939
5200, 0, 56, 85, 34, 12, 2.96%, 0, 39, 8, 201.31, 718660, 1939
5206, 0, 56, 85, 34, 12, 2.96%, 0, 40, 8, 4.88, 719305, 1939
5211, 0, 56, 85, 34, 12, 2.96%, 0, 40, 8, 23.55, 719612, 1939
5216, 0, 56, 85, 34, 12, 2.96%, 0, 40, 8, 179.74, 720323, 1939
5221, 0, 56, 85, 34, 12, 2.96%, 0, 40, 8, 203.30, 721408, 1939
5226, 0, 56, 85, 34, 12, 2.96%, 0, 40, 8, 205.87, 722444, 1939
5231, 0, 56, 85, 34, 12, 2.96%, 0, 40, 8, 213.42, 723532, 1939
5236, 0, 56, 85, 34, 12, 2.96%, 0, 40, 8, 214.23, 724612, 1939
5241, 0, 56, 85, 34, 12, 2.96%, 0, 40, 8, 215.47, 725720, 1939
5246, 0, 56, 85, 34, 12, 2.96%, 0, 40, 8, 200.99, 726760, 1939
5251, 0, 56, 85, 34, 12, 2.96%, 0, 40, 8, 206.78, 727812, 1939
5256, 0, 56, 85, 34, 12, 2.96%, 0, 40, 8, 212.17, 728884, 1939
5262, 0, 60, 85, 33, 11, 2.96%, 0, 40, 8, 136.15, 729480, 1939
5268, 0, 60, 85, 33, 11, 2.96%, 0, 40, 8, 15.24, 730268, 1939
5273, 0, 60, 85, 33, 11, 2.96%, 0, 40, 8, 130.43, 730578, 1939
5278, 0, 60, 85, 33, 11, 2.96%, 0, 40, 8, 20.95, 730740, 1939
5283, 0, 60, 85, 33, 11, 2.96%, 0, 40, 8, 4.86, 731085, 1939
5288, 0, 60, 85, 33, 11, 2.96%, 0, 40, 8, 199.61, 731878, 1939
5293, 0, 60, 85, 33, 11, 2.96%, 0, 40, 8, 207.23, 732924, 1939
5298, 0, 60, 85, 33, 11, 2.96%, 0, 40, 8, 211.20, 733988, 1939
5303, 0, 60, 85, 33, 11, 2.96%, 0, 40, 8, 205.06, 735036, 1939
5308, 0, 60, 85, 33, 11, 2.96%, 0, 40, 8, 183.56, 735999, 1939
5313, 0, 60, 85, 33, 11, 2.96%, 0, 40, 8, 178.92, 736860, 1939
5318, 0, 60, 85, 33, 11, 2.96%, 0, 40, 8, 190.85, 737871, 1939
5324, 0, 60, 85, 33, 11, 2.96%, 0, 40, 8, 187.47, 738867, 1939
5329, 0, 60, 85, 33, 11, 2.96%, 0, 40, 8, 196.57, 739866, 1939
5334, 0, 49, 85, 32, 10, 2.96%, 0, 40, 8, 199.23, 740596, 1939
5340, 0, 49, 85, 32, 10, 2.96%, 0, 40, 8, 8.48, 741512, 1939
5346, 0, 49, 85, 32, 10, 2.96%, 0, 41, 8, 20.85, 741772, 1939
5351, 0, 49, 85, 32, 10, 2.96%, 0, 41, 8, 8.26, 741947, 1939
5356, 0, 49, 85, 32, 10, 2.96%, 0, 41, 8, 148.51, 742091, 1939
5361, 0, 49, 85, 32, 10, 2.96%, 0, 41, 8, 14.94, 742361, 1939
5366, 0, 49, 85, 32, 10, 2.96%, 0, 41, 8, 189.97, 743403, 1939
5371, 0, 49, 85, 32, 10, 2.96%, 0, 41, 8, 187.52, 744344, 1939
5376, 0, 49, 85, 32, 10, 2.96%, 0, 41, 8, 189.49, 745324, 1939
5382, 0, 49, 85, 32, 10, 2.96%, 0, 41, 8, 188.94, 746336, 1939
5387, 0, 49, 85, 32, 10, 2.96%, 0, 41, 8, 201.47, 747349, 1939
5392, 0, 49, 85, 32, 10, 2.96%, 0, 41, 8, 207.00, 748413, 1939
5397, 0, 49, 85, 32, 10, 2.96%, 0, 41, 8, 193.58, 749372, 1939
5402, 0, 49, 85, 32, 10, 2.96%, 0, 41, 8, 179.76, 750317, 1939
