# relative_time, cycles_done, cur_item, corpus_count, pending_total, pending_favs, map_size, saved_crashes, saved_hangs, max_depth, execs_per_sec, total_execs, edges_found
61, 0, 0, 31, 31, 1, 1.33%, 0, 0, 2, 87.51, 4780, 873
66, 0, 0, 32, 32, 1, 1.34%, 0, 0, 2, 79.50, 5183, 879
71, 0, 0, 33, 33, 1, 1.34%, 0, 0, 2, 86.66, 5641, 879
76, 0, 0, 36, 36, 1, 1.34%, 0, 0, 2, 87.57, 6078, 880
81, 0, 0, 36, 36, 1, 1.34%, 0, 0, 2, 90.30, 6528, 880
86, 0, 0, 36, 36, 1, 1.34%, 0, 0, 2, 86.68, 6964, 880
91, 0, 12, 36, 34, 15, 1.34%, 0, 0, 2, 194.29, 7903, 880
96, 0, 20, 36, 30, 11, 1.34%, 0, 0, 2, 260.16, 9289, 880
101, 0, 22, 38, 27, 8, 1.34%, 0, 0, 3, 272.97, 10687, 881
106, 0, 39, 40, 25, 6, 1.35%, 0, 0, 3, 274.62, 12078, 884
112, 0, 26, 40, 23, 4, 1.35%, 0, 0, 3, 87.49, 12738, 884
117, 0, 12, 41, 22, 2, 1.35%, 0, 0, 3, 244.76, 14125, 884
122, 0, 31, 42, 23, 2, 1.35%, 0, 0, 3, 286.76, 15159, 884
127, 0, 38, 42, 20, 0, 1.35%, 0, 0, 3, 157.16, 16191, 884
132, 0, 37, 42, 20, 0, 1.35%, 0, 0, 3, 280.73, 17771, 884
137, 0, 12, 42, 20, 0, 1.35%, 0, 0, 3, 298.53, 19240, 884
142, 0, 38, 43, 21, 0, 1.38%, 0, 0, 4, 295.79, 20764, 906
147, 0, 37, 43, 20, 0, 1.38%, 0, 0, 4, 293.94, 22264, 906
153, 0, 14, 43, 20, 0, 1.38%, 0, 0, 4, 294.71, 23795, 906
158, 0, 43, 45, 22, 1, 1.38%, 0, 0, 4, 285.09, 25280, 907
163, 0, 28, 45, 21, 0, 1.38%, 0, 0, 4, 291.18, 26756, 907
168, 1, 12, 45, 21, 0, 1.38%, 0, 0, 4, 298.21, 28298, 907
173, 1, 39, 45, 21, 0, 1.38%, 0, 0, 4, 304.29, 29813, 907
178, 1, 42, 45, 21, 0, 1.38%, 0, 0, 4, 308.49, 31426, 907
184, 1, 45, 46, 21, 1, 1.39%, 0, 0, 4, 289.93, 32915, 908
189, 1, 18, 46, 20, 0, 1.39%, 0, 0, 4, 306.65, 34512, 908
194, 1, 45, 46, 20, 0, 1.39%, 0, 0, 4, 298.39, 36067, 908
199, 1, 38, 46, 20, 0, 1.39%, 0, 0, 4, 302.59, 37663, 908
204, 1, 45, 46, 20, 0, 1.39%, 0, 0, 4, 287.33, 39129, 908
209, 1, 45, 46, 20, 0, 1.39%, 0, 0, 4, 294.87, 40634, 908
214, 1, 42, 46, 20, 0, 1.39%, 0, 0, 4, 307.99, 42221, 908
219, 1, 18, 46, 20, 0, 1.39%, 0, 0, 4, 312.51, 43857, 908
225, 1, 43, 46, 20, 0, 1.39%, 0, 0, 4, 304.28, 45386, 908
230, 1, 2, 46, 19, 0, 1.39%, 0, 0, 4, 307.71, 46999, 908
235, 1, 43, 46, 19, 0, 1.39%, 0, 0, 4, 301.05, 48534, 908
240, 1, 37, 46, 19, 0, 1.39%, 0, 0, 4, 302.90, 50116, 908
245, 1, 46, 47, 20, 1, 1.40%, 0, 0, 4, 291.93, 51582, 920
250, 1, 42, 49, 21, 1, 1.43%, 0, 0, 5, 301.41, 53110, 935
255, 1, 47, 49, 20, 1, 1.43%, 0, 0, 5, 308.86, 54676, 935
260, 2, 49, 50, 20, 1, 1.43%, 0, 0, 6, 307.88, 56234, 939
265, 2, 28, 50, 19, 0, 1.43%, 0, 0, 6, 307.17, 57822, 939
271, 2, 41, 51, 20, 0, 1.43%, 0, 0, 6, 313.08, 59452, 939
276, 2, 42, 51, 20, 0, 1.43%, 0, 0, 6, 314.83, 61042, 939
281, 2, 37, 51, 20, 0, 1.43%, 0, 0, 6, 308.75, 62564, 939
286, 2, 39, 51, 20, 0, 1.43%, 0, 0, 6, 305.41, 64099, 939
291, 2, 42, 51, 20, 0, 1.43%, 0, 0, 6, 306.50, 65617, 939
296, 2, 14, 51, 20, 0, 1.43%, 0, 0, 6, 301.57, 67150, 939
301, 2, 37, 51, 20, 0, 1.43%, 0, 0, 6, 308.29, 68696, 939
306, 2, 42, 51, 20, 0, 1.43%, 0, 0, 6, 311.69, 70263, 939
311, 2, 43, 51, 20, 0, 1.43%, 0, 0, 6, 303.52, 71780, 939
316, 2, 45, 51, 20, 0, 1.43%, 0, 0, 6, 292.95, 73255, 939
321, 2, 37, 53, 22, 2, 1.44%, 0, 0, 6, 303.09, 74814, 944
327, 2, 51, 53, 20, 1, 1.44%, 0, 0, 6, 293.20, 76322, 944
332, 2, 37, 53, 19, 0, 1.44%, 0, 0, 6, 304.72, 77908, 944
337, 2, 46, 53, 19, 0, 1.44%, 0, 0, 6, 301.84, 79430, 944
342, 3, 42, 53, 19, 0, 1.44%, 0, 0, 6, 317.09, 81088, 944
347, 3, 37, 53, 19, 0, 1.44%, 0, 0, 6, 311.53, 82629, 944
352, 3, 37, 53, 19, 0, 1.44%, 0, 0, 6, 292.60, 84137, 944
357, 3, 37, 53, 19, 0, 1.44%, 0, 0, 6, 293.06, 85652, 944
363, 3, 43, 54, 19, 0, 1.44%, 0, 0, 6, 292.52, 87145, 946
368, 3, 52, 54, 19, 0, 1.44%, 0, 0, 6, 294.73, 88662, 946
373, 3, 45, 54, 19, 0, 1.44%, 0, 0, 6, 300.54, 90223, 946
378, 3, 45, 54, 19, 0, 1.44%, 0, 0, 6, 309.42, 91827, 946
383, 3, 42, 54, 19, 0, 1.44%, 0, 0, 6, 308.12, 93354, 946
388, 3, 37, 54, 19, 0, 1.44%, 0, 0, 6, 312.65, 94911, 946
393, 3, 42, 54, 19, 0, 1.44%, 0, 0, 6, 305.74, 96432, 946
398, 3, 47, 54, 19, 0, 1.44%, 0, 0, 6, 313.78, 98018, 946
403, 3, 54, 58, 23, 1, 1.49%, 0, 0, 6, 229.54, 99107, 975
408, 3, 54, 59, 24, 1, 1.49%, 0, 0, 6, 180.68, 99915, 975
413, 3, 54, 61, 26, 1, 1.49%, 0, 0, 6, 167.90, 100744, 976
418, 3, 54, 63, 28, 1, 1.50%, 0, 0, 6, 185.08, 101657, 983
424, 3, 54, 64, 29, 1, 1.50%, 0, 0, 6, 169.62, 102514, 983
429, 3, 54, 65, 30, 1, 1.50%, 0, 0, 6, 161.96, 103329, 983
434, 3, 59, 65, 29, 4, 1.50%, 0, 0, 6, 232.80, 104493, 983
439, 3, 62, 65, 27, 2, 1.50%, 0, 0, 6, 259.43, 105814, 983
444, 3, 45, 65, 25, 0, 1.50%, 0, 0, 6, 295.12, 107384, 983
449, 3, 45, 65, 25, 0, 1.50%, 0, 0, 6, 313.33, 109003, 983
454, 3, 45, 65, 24, 0, 1.50%, 0, 0, 6, 299.48, 110489, 983
459, 4, 42, 65, 23, 0, 1.50%, 0, 0, 6, 300.08, 112038, 983
464, 4, 39, 65, 23, 0, 1.50%, 0, 0, 6, 301.78, 113590, 983
469, 4, 45, 65, 23, 0, 1.50%, 0, 0, 6, 304.97, 115135, 983
475, 4, 53, 65, 23, 0, 1.50%, 0, 0, 6, 303.52, 116733, 983
480, 4, 53, 65, 23, 0, 1.50%, 0, 0, 6, 314.20, 118367, 983
485, 4, 37, 65, 23, 0, 1.50%, 0, 0, 6, 310.35, 119926, 983
490, 4, 37, 65, 23, 0, 1.50%, 0, 0, 6, 305.29, 121440, 983
495, 4, 52, 65, 23, 0, 1.50%, 0, 0, 6, 309.38, 122971, 983
500, 4, 49, 65, 23, 0, 1.50%, 0, 0, 6, 309.38, 124514, 983
505, 4, 42, 65, 23, 0, 1.50%, 0, 0, 6, 310.42, 126128, 983
510, 4, 42, 65, 23, 0, 1.50%, 0, 0, 6, 315.55, 127764, 983
515, 4, 47, 65, 23, 0, 1.50%, 0, 0, 6, 314.65, 129339, 983
521, 4, 42, 65, 23, 0, 1.50%, 0, 0, 6, 303.11, 130882, 983
526, 4, 42, 65, 23, 0, 1.50%, 0, 0, 6, 306.77, 132410, 983
531, 4, 45, 65, 23, 0, 1.50%, 0, 0, 6, 305.99, 133951, 983
536, 4, 45, 65, 23, 0, 1.50%, 0, 0, 6, 303.70, 135549, 983
541, 4, 62, 65, 23, 0, 1.50%, 0, 0, 6, 314.50, 137147, 983
546, 4, 52, 65, 23, 0, 1.50%, 0, 0, 6, 312.65, 138783, 983
551, 4, 52, 65, 23, 0, 1.50%, 0, 0, 6, 313.81, 140343, 983
556, 4, 37, 65, 23, 0, 1.50%, 0, 0, 6, 295.02, 141848, 983
561, 4, 51, 65, 23, 0, 1.50%, 0, 0, 6, 298.71, 143353, 983
566, 5, 2, 65, 23, 0, 1.50%, 0, 0, 6, 300.98, 144920, 983
571, 5, 59, 66, 24, 0, 1.50%, 0, 0, 6, 286.70, 146367, 983
577, 5, 45, 66, 24, 0, 1.50%, 0, 0, 6, 301.14, 147971, 983
582, 5, 31, 66, 24, 0, 1.50%, 0, 0, 6, 285.18, 149411, 983
587, 5, 46, 66, 24, 0, 1.50%, 0, 0, 6, 304.20, 150987, 983
592, 5, 37, 66, 24, 0, 1.50%, 0, 0, 6, 307.17, 152541, 983
597, 5, 37, 66, 24, 0, 1.50%, 0, 0, 6, 308.56, 154135, 983
602, 5, 52, 72, 30, 0, 1.50%, 0, 0, 6, 281.17, 155447, 984
607, 5, 52, 79, 37, 0, 1.50%, 0, 0, 6, 113.07, 156361, 984
612, 5, 52, 80, 38, 0, 1.50%, 0, 0, 6, 10.58, 156665, 984
618, 5, 52, 80, 38, 0, 1.50%, 0, 0, 6, 315.71, 156915, 984
623, 5, 67, 83, 41, 1, 1.50%, 0, 0, 6, 302.66, 158403, 984
628, 5, 42, 83, 40, 0, 1.50%, 0, 0, 6, 280.23, 159765, 984
633, 5, 42, 84, 41, 0, 1.50%, 0, 0, 6, 9.91, 159933, 984
638, 5, 42, 84, 41, 0, 1.50%, 0, 0, 6, 10.78, 159991, 984
643, 5, 42, 85, 42, 0, 1.50%, 0, 0, 6, 10.66, 160035, 984
648, 5, 42, 85, 42, 0, 1.50%, 0, 0, 6, 10.75, 160090, 984
654, 5, 42, 85, 42, 0, 1.50%, 0, 0, 6, 10.62, 160143, 984
659, 5, 42, 85, 42, 0, 1.50%, 0, 0, 6, 11.76, 160516, 984
664, 5, 42, 86, 43, 0, 1.50%, 0, 0, 6, 11.52, 160576, 984
669, 5, 42, 86, 43, 0, 1.50%, 0, 0, 6, 10.91, 160632, 984
674, 5, 45, 87, 44, 0, 1.50%, 0, 0, 6, 267.44, 161937, 984
679, 5, 45, 89, 46, 0, 1.50%, 0, 0, 6, 9.46, 162726, 984
684, 5, 42, 89, 46, 0, 1.50%, 0, 0, 6, 232.95, 163369, 984
689, 5, 42, 90, 47, 0, 1.50%, 0, 0, 6, 196.62, 164357, 985
694, 5, 89, 90, 47, 1, 1.50%, 0, 0, 6, 254.77, 165675, 985
699, 5, 89, 90, 47, 1, 1.50%, 0, 0, 6, 4.03, 166671, 985
705, 5, 89, 90, 47, 1, 1.50%, 0, 0, 6, 4.33, 166694, 985
710, 5, 89, 91, 48, 1, 1.50%, 0, 0, 6, 4.73, 166721, 985
715, 5, 89, 91, 48, 1, 1.50%, 0, 0, 6, 4.54, 166744, 985
720, 5, 89, 91, 48, 1, 1.50%, 0, 0, 6, 4.33, 166766, 985
725, 5, 89, 91, 48, 1, 1.50%, 0, 0, 6, 4.49, 166791, 985
730, 5, 89, 91, 48, 1, 1.50%, 0, 0, 6, 4.45, 166814, 985
735, 5, 89, 91, 48, 1, 1.50%, 0, 0, 6, 4.46, 166838, 985
740, 5, 89, 91, 48, 1, 1.50%, 0, 0, 6, 4.58, 166862, 985
746, 5, 89, 91, 48, 1, 1.50%, 0, 0, 6, 259.82, 167256, 985
751, 5, 45, 91, 47, 0, 1.50%, 0, 0, 6, 20.71, 168326, 985
756, 5, 45, 91, 47, 0, 1.50%, 0, 0, 6, 10.89, 168429, 985
761, 5, 45, 91, 47, 0, 1.50%, 0, 0, 6, 5.50, 168543, 985
766, 5, 45, 91, 47, 0, 1.50%, 0, 0, 6, 277.58, 169024, 985
771, 5, 45, 91, 47, 0, 1.50%, 0, 0, 6, 17.51, 169485, 985
776, 5, 45, 91, 47, 0, 1.50%, 0, 0, 6, 15.87, 169602, 985
782, 5, 47, 91, 47, 0, 1.50%, 0, 0, 6, 4.24, 169995, 985
787, 5, 47, 91, 47, 0, 1.50%, 0, 0, 6, 69.09, 170098, 985
792, 5, 37, 91, 47, 0, 1.50%, 0, 0, 6, 7.73, 170614, 985
797, 5, 18, 91, 47, 0, 1.50%, 0, 0, 6, 184.30, 171469, 985
802, 5, 45, 91, 47, 0, 1.50%, 0, 0, 6, 256.22, 172858, 985
807, 5, 45, 91, 47, 0, 1.50%, 0, 0, 6, 281.98, 173190, 985
813, 5, 45, 92, 48, 0, 1.50%, 0, 0, 6, 35.63, 174165, 985
818, 5, 45, 92, 48, 0, 1.50%, 0, 0, 6, 5.44, 174332, 985
823, 5, 45, 92, 48, 0, 1.50%, 0, 0, 6, 13.27, 174415, 985
828, 5, 37, 92, 48, 0, 1.50%, 0, 0, 6, 183.14, 174825, 985
834, 5, 34, 92, 48, 0, 1.50%, 0, 0, 6, 120.53, 175313, 985
839, 5, 38, 92, 47, 0, 1.50%, 0, 0, 6, 4.34, 175762, 985
844, 5, 42, 92, 47, 0, 1.50%, 0, 0, 6, 12.50, 176870, 985
849, 5, 42, 93, 48, 0, 1.50%, 0, 0, 6, 12.74, 176929, 985
854, 5, 42, 93, 48, 0, 1.50%, 0, 0, 6, 12.72, 176994, 985
859, 5, 42, 94, 49, 0, 1.50%, 0, 0, 6, 12.10, 177057, 985
864, 5, 42, 94, 49, 0, 1.50%, 0, 0, 6, 12.98, 177125, 985
869, 5, 42, 94, 49, 0, 1.50%, 0, 0, 6, 13.00, 177192, 985
874, 5, 42, 94, 49, 0, 1.50%, 0, 0, 6, 11.77, 177251, 985
880, 5, 42, 94, 49, 0, 1.50%, 0, 0, 6, 10.62, 177302, 985
885, 5, 37, 94, 49, 0, 1.50%, 0, 0, 6, 215.98, 178221, 985
890, 5, 37, 94, 49, 0, 1.50%, 0, 0, 6, 4.32, 178823, 985
895, 5, 37, 94, 49, 0, 1.50%, 0, 0, 6, 17.27, 178999, 985
900, 5, 45, 94, 49, 0, 1.50%, 0, 0, 6, 294.49, 180180, 985
905, 5, 45, 94, 49, 0, 1.50%, 0, 0, 6, 313.53, 181331, 985
911, 5, 45, 94, 49, 0, 1.50%, 0, 0, 6, 4.47, 181826, 985
916, 5, 45, 94, 49, 0, 1.50%, 0, 0, 6, 4.69, 181852, 985
921, 5, 45, 94, 49, 0, 1.50%, 0, 0, 6, 339.90, 181945, 985
926, 5, 37, 94, 49, 0, 1.50%, 0, 0, 6, 24.69, 183099, 985
931, 5, 37, 94, 49, 0, 1.50%, 0, 0, 6, 5.77, 183997, 985
936, 5, 10, 94, 49, 0, 1.50%, 0, 0, 6, 213.02, 184325, 985
942, 5, 18, 94, 48, 0, 1.50%, 0, 0, 6, 5.37, 185013, 985
947, 5, 37, 94, 48, 0, 1.50%, 0, 0, 6, 5.29, 185513, 985
952, 5, 37, 94, 48, 0, 1.50%, 0, 0, 6, 313.55, 185761, 985
957, 5, 37, 94, 48, 0, 1.50%, 0, 0, 6, 240.15, 186663, 985
963, 5, 37, 94, 48, 0, 1.50%, 0, 0, 6, 9.99, 187585, 985
968, 5, 45, 94, 48, 0, 1.50%, 0, 0, 6, 202.03, 188513, 985
973, 5, 45, 94, 48, 0, 1.50%, 0, 0, 6, 7.30, 189152, 985
978, 5, 45, 94, 48, 0, 1.50%, 0, 0, 6, 6.13, 189180, 985
983, 5, 45, 94, 48, 0, 1.50%, 0, 0, 6, 280.88, 189523, 985
988, 5, 45, 94, 48, 0, 1.50%, 0, 0, 6, 254.75, 190708, 985
993, 5, 45, 94, 48, 0, 1.50%, 0, 0, 6, 186.82, 191313, 985
998, 5, 45, 94, 48, 0, 1.50%, 0, 0, 6, 253.34, 192648, 985
1004, 5, 45, 94, 48, 0, 1.50%, 0, 0, 6, 9.92, 192724, 985
1009, 5, 45, 94, 48, 0, 1.50%, 0, 0, 6, 145.24, 193143, 985
1014, 5, 32, 94, 48, 0, 1.50%, 0, 0, 6, 10.87, 193726, 985
1019, 5, 22, 94, 47, 0, 1.50%, 0, 0, 6, 281.94, 194001, 985
1024, 5, 22, 94, 47, 0, 1.50%, 0, 0, 6, 20.02, 194815, 985
1029, 5, 47, 94, 47, 0, 1.50%, 0, 0, 6, 232.37, 195815, 985
1034, 5, 51, 94, 47, 0, 1.50%, 0, 0, 6, 238.49, 197016, 985
1039, 5, 51, 94, 47, 0, 1.50%, 0, 0, 6, 5.01, 197604, 985
1044, 5, 51, 94, 47, 0, 1.50%, 0, 0, 6, 4.81, 197630, 985
1050, 5, 51, 94, 47, 0, 1.50%, 0, 0, 6, 4.67, 197654, 985
1055, 5, 51, 94, 47, 0, 1.50%, 0, 0, 6, 52.05, 197699, 985
1060, 5, 45, 95, 48, 0, 1.63%, 0, 0, 6, 319.55, 198828, 1065
1065, 5, 45, 95, 48, 0, 1.63%, 0, 0, 6, 8.46, 199870, 1065
1070, 5, 45, 95, 48, 0, 1.63%, 0, 0, 6, 9.31, 199920, 1065
1075, 5, 94, 95, 48, 1, 1.63%, 0, 0, 6, 224.04, 201235, 1065
1080, 5, 94, 95, 48, 1, 1.63%, 0, 0, 6, 10.48, 202293, 1065
1086, 5, 94, 96, 49, 1, 1.63%, 0, 0, 6, 8.37, 202323, 1070
1091, 5, 94, 96, 49, 1, 1.63%, 0, 0, 6, 7.35, 202357, 1070
1096, 5, 94, 96, 49, 1, 1.63%, 0, 0, 6, 7.15, 202392, 1070
1101, 5, 94, 96, 49, 1, 1.63%, 0, 0, 6, 6.86, 202427, 1070
1106, 5, 43, 96, 48, 1, 1.63%, 0, 0, 6, 160.24, 202892, 1070
1111, 5, 43, 96, 48, 1, 1.63%, 0, 0, 6, 4.68, 203365, 1070
1116, 5, 43, 96, 48, 1, 1.63%, 0, 0, 6, 4.83, 203390, 1070
1121, 5, 43, 96, 48, 1, 1.63%, 0, 0, 6, 4.43, 203412, 1070
1127, 5, 43, 97, 49, 1, 1.63%, 0, 0, 6, 4.52, 203440, 1070
1132, 5, 43, 97, 49, 1, 1.63%, 0, 0, 6, 4.67, 203463, 1070
1137, 5, 43, 97, 49, 1, 1.63%, 0, 0, 6, 4.38, 203485, 1070
1142, 5, 43, 97, 49, 1, 1.63%, 0, 0, 6, 5.56, 203600, 1070
1147, 5, 37, 97, 49, 1, 1.63%, 0, 0, 6, 10.92, 203849, 1070
1153, 5, 40, 97, 49, 1, 1.63%, 0, 0, 6, 181.55, 204298, 1070
1158, 5, 40, 97, 49, 1, 1.63%, 0, 0, 6, 5.23, 204639, 1070
1163, 5, 48, 97, 48, 1, 1.63%, 0, 0, 6, 20.22, 205045, 1070
1168, 5, 48, 98, 49, 1, 1.63%, 0, 0, 6, 12.71, 205132, 1070
1173, 5, 48, 98, 49, 1, 1.63%, 0, 0, 6, 7.87, 205209, 1070
1178, 5, 47, 98, 49, 1, 1.63%, 0, 0, 6, 17.46, 205799, 1070
1183, 5, 47, 98, 49, 1, 1.63%, 0, 0, 6, 12.13, 205866, 1070
1188, 5, 47, 98, 49, 1, 1.63%, 0, 0, 6, 5.60, 205958, 1070
1193, 5, 37, 98, 49, 1, 1.63%, 0, 0, 6, 6.62, 206465, 1070
1199, 5, 21, 98, 49, 1, 1.63%, 0, 0, 6, 271.12, 207609, 1070
1204, 5, 21, 98, 49, 1, 1.63%, 0, 0, 6, 26.40, 208151, 1070
1210, 5, 21, 99, 50, 1, 1.63%, 0, 0, 6, 3.39, 208195, 1070
1215, 5, 21, 99, 50, 1, 1.63%, 0, 0, 6, 8.33, 208249, 1070
1220, 5, 21, 99, 50, 1, 1.63%, 0, 0, 6, 9.87, 208302, 1070
1225, 5, 45, 99, 50, 1, 1.63%, 0, 0, 6, 7.77, 209326, 1070
1230, 5, 45, 99, 50, 1, 1.63%, 0, 0, 6, 8.76, 209373, 1070
1236, 5, 45, 99, 50, 1, 1.63%, 0, 0, 6, 149.79, 210039, 1070
1241, 5, 42, 99, 50, 1, 1.63%, 0, 0, 6, 246.41, 211396, 1070
1246, 5, 42, 99, 50, 1, 1.63%, 0, 0, 6, 259.91, 212703, 1070
1251, 5, 39, 99, 50, 1, 1.63%, 0, 0, 6, 12.58, 213678, 1070
1256, 5, 39, 99, 50, 1, 1.63%, 0, 0, 6, 11.19, 213736, 1070
1262, 5, 39, 99, 50, 1, 1.63%, 0, 0, 6, 8.47, 213777, 1070
1267, 5, 39, 99, 50, 1, 1.63%, 0, 0, 6, 7.00, 213807, 1070
1272, 5, 39, 99, 50, 1, 1.63%, 0, 0, 6, 2.93, 213919, 1070
1277, 5, 39, 99, 50, 1, 1.63%, 0, 0, 6, 3.02, 213935, 1070
1282, 5, 39, 99, 50, 1, 1.63%, 0, 0, 6, 2.98, 213950, 1070
1287, 5, 39, 99, 50, 1, 1.63%, 0, 0, 6, 4.12, 213973, 1070
1292, 5, 39, 99, 50, 1, 1.63%, 0, 0, 6, 4.44, 213997, 1070
1298, 5, 39, 99, 50, 1, 1.63%, 0, 0, 6, 187.75, 214265, 1070
1303, 5, 21, 99, 50, 1, 1.63%, 0, 0, 6, 4.23, 215361, 1070
1308, 5, 21, 99, 50, 1, 1.63%, 0, 0, 6, 4.29, 215383, 1070
1313, 5, 21, 99, 50, 1, 1.63%, 0, 0, 6, 4.67, 215408, 1070
1318, 5, 21, 99, 50, 1, 1.63%, 0, 0, 6, 4.49, 215431, 1070
1323, 5, 21, 99, 50, 1, 1.63%, 0, 0, 6, 19.38, 215718, 1070
1329, 5, 21, 99, 50, 1, 1.63%, 0, 0, 6, 11.08, 215756, 1070
1334, 5, 21, 99, 50, 1, 1.63%, 0, 0, 6, 8.18, 215791, 1070
1339, 5, 38, 99, 50, 1, 1.63%, 0, 0, 6, 7.54, 216550, 1070
1344, 5, 45, 99, 50, 1, 1.63%, 0, 0, 6, 268.19, 217327, 1070
1349, 5, 45, 99, 50, 1, 1.63%, 0, 0, 6, 6.48, 217545, 1070
1354, 5, 45, 99, 50, 1, 1.63%, 0, 0, 6, 7.11, 217582, 1070
1359, 5, 45, 99, 50, 1, 1.63%, 0, 0, 6, 8.64, 217625, 1070
1365, 5, 45, 99, 50, 1, 1.63%, 0, 0, 6, 278.88, 218135, 1070
1370, 5, 68, 99, 50, 1, 1.63%, 0, 0, 6, 219.30, 219078, 1070
1375, 5, 37, 100, 50, 1, 1.63%, 0, 0, 6, 11.31, 219728, 1070
1380, 5, 47, 100, 50, 1, 1.63%, 0, 0, 6, 173.41, 220116, 1070
1385, 5, 37, 100, 50, 1, 1.63%, 0, 0, 6, 19.33, 220965, 1070
1390, 5, 37, 100, 50, 1, 1.63%, 0, 0, 6, 321.89, 221254, 1070
1395, 5, 47, 100, 50, 1, 1.63%, 0, 0, 6, 4.71, 221794, 1070
1401, 5, 47, 100, 50, 1, 1.63%, 0, 0, 6, 210.27, 222074, 1070
1406, 5, 37, 101, 51, 1, 1.63%, 0, 0, 6, 24.27, 222474, 1070
1411, 5, 37, 101, 51, 1, 1.63%, 0, 0, 6, 13.24, 222589, 1070
1416, 5, 45, 101, 51, 1, 1.63%, 0, 0, 6, 2.92, 223433, 1070
1422, 5, 45, 101, 51, 1, 1.63%, 0, 0, 6, 3.07, 223450, 1070
1427, 5, 45, 101, 51, 1, 1.63%, 0, 0, 6, 2.97, 223465, 1070
1432, 5, 45, 101, 51, 1, 1.63%, 0, 0, 6, 2.94, 223480, 1070
1437, 5, 45, 101, 51, 1, 1.63%, 0, 0, 6, 147.41, 223703, 1070
1442, 5, 45, 101, 51, 1, 1.63%, 0, 0, 6, 4.55, 223845, 1070
1448, 5, 45, 101, 51, 1, 1.63%, 0, 0, 6, 4.56, 223870, 1070
1453, 5, 42, 101, 51, 1, 1.63%, 0, 0, 6, 304.76, 224273, 1070
1458, 5, 42, 101, 51, 1, 1.63%, 0, 0, 6, 207.70, 225384, 1070
1463, 5, 42, 101, 51, 1, 1.63%, 0, 0, 6, 2.92, 225880, 1070
1468, 5, 42, 101, 51, 1, 1.63%, 0, 0, 6, 2.99, 225896, 1070
1473, 5, 42, 101, 51, 1, 1.63%, 0, 0, 6, 2.96, 225911, 1070
1478, 5, 42, 101, 51, 1, 1.63%, 0, 0, 6, 2.93, 225926, 1070
1483, 5, 42, 101, 51, 1, 1.63%, 0, 0, 6, 2.93, 225941, 1070
1489, 5, 42, 101, 51, 1, 1.63%, 0, 0, 6, 2.98, 225957, 1070
1494, 5, 42, 101, 51, 1, 1.63%, 0, 0, 6, 2.95, 225972, 1070
1499, 5, 42, 101, 51, 1, 1.63%, 0, 0, 6, 2.95, 225987, 1070
1504, 5, 42, 101, 51, 1, 1.63%, 0, 0, 6, 2.95, 226002, 1070
1509, 5, 37, 101, 51, 1, 1.63%, 0, 0, 6, 267.77, 227317, 1070
1514, 5, 37, 101, 51, 1, 1.63%, 0, 0, 6, 24.34, 227667, 1070
1519, 5, 100, 101, 51, 1, 1.63%, 0, 0, 6, 12.17, 227746, 1070
1524, 5, 100, 101, 51, 1, 1.63%, 0, 0, 6, 11.92, 227805, 1070
1529, 5, 100, 101, 51, 1, 1.63%, 0, 0, 6, 11.70, 227866, 1070
1534, 5, 100, 101, 51, 1, 1.63%, 0, 0, 6, 11.71, 227926, 1070
1539, 5, 100, 101, 51, 1, 1.63%, 0, 0, 6, 11.56, 227984, 1070
1545, 5, 100, 101, 51, 1, 1.63%, 0, 0, 6, 11.67, 228044, 1070
1550, 5, 100, 101, 51, 1, 1.63%, 0, 0, 6, 11.71, 228104, 1070
1555, 5, 100, 101, 51, 1, 1.63%, 0, 0, 6, 11.72, 228164, 1070
1560, 5, 100, 101, 51, 1, 1.63%, 0, 0, 6, 11.79, 228224, 1070
1565, 5, 100, 101, 51, 1, 1.63%, 0, 0, 6, 11.63, 228284, 1070
1570, 5, 100, 101, 51, 1, 1.63%, 0, 0, 6, 11.67, 228344, 1070
1575, 5, 100, 101, 51, 1, 1.63%, 0, 0, 6, 11.69, 228404, 1070
1581, 5, 100, 101, 51, 1, 1.63%, 0, 0, 6, 11.70, 228464, 1070
1586, 5, 100, 101, 51, 1, 1.63%, 0, 0, 6, 11.71, 228524, 1070
1591, 5, 100, 101, 51, 1, 1.63%, 0, 0, 6, 11.71, 228584, 1070
1596, 5, 100, 101, 51, 1, 1.63%, 0, 0, 6, 11.74, 228644, 1070
1601, 5, 100, 101, 51, 1, 1.63%, 0, 0, 6, 11.70, 228704, 1070
1606, 5, 100, 103, 53, 1, 1.63%, 0, 0, 6, 11.72, 228764, 1070
1611, 5, 100, 103, 53, 1, 1.63%, 0, 0, 6, 11.69, 228824, 1070
1617, 5, 100, 103, 53, 1, 1.63%, 0, 0, 6, 11.70, 228884, 1070
1622, 5, 100, 103, 53, 1, 1.63%, 0, 0, 6, 11.60, 228943, 1070
1627, 5, 37, 103, 52, 1, 1.63%, 0, 0, 6, 198.02, 229449, 1070
1632, 5, 50, 103, 52, 1, 1.63%, 0, 0, 6, 216.91, 229651, 1070
1637, 5, 50, 103, 52, 1, 1.63%, 0, 0, 6, 20.81, 230099, 1070
1642, 5, 50, 103, 52, 1, 1.63%, 0, 0, 6, 2.95, 230138, 1070
1647, 5, 50, 103, 52, 1, 1.63%, 0, 0, 6, 2.94, 230153, 1070
1653, 5, 50, 104, 53, 1, 1.63%, 0, 0, 6, 2.96, 230177, 1070
1658, 5, 50, 104, 53, 1, 1.63%, 0, 0, 6, 2.94, 230192, 1070
1663, 5, 50, 104, 53, 1, 1.63%, 0, 0, 6, 3.06, 230208, 1070
1668, 5, 50, 104, 53, 1, 1.63%, 0, 0, 6, 9.44, 230281, 1070
1673, 5, 50, 104, 53, 1, 1.63%, 0, 0, 6, 14.94, 230405, 1070
1679, 5, 46, 104, 52, 1, 1.63%, 0, 0, 6, 271.47, 230806, 1070
1684, 5, 46, 104, 52, 1, 1.63%, 0, 0, 6, 10.24, 232016, 1070
1689, 5, 46, 104, 52, 1, 1.63%, 0, 0, 6, 9.94, 232065, 1070
1694, 5, 46, 104, 52, 1, 1.63%, 0, 0, 6, 9.46, 232113, 1070
1699, 5, 46, 104, 52, 1, 1.63%, 0, 0, 6, 9.41, 232162, 1070
1704, 5, 46, 104, 52, 1, 1.63%, 0, 0, 6, 165.67, 232812, 1070
1709, 5, 46, 104, 52, 1, 1.63%, 0, 0, 6, 4.51, 232908, 1070
1714, 5, 46, 104, 52, 1, 1.63%, 0, 0, 6, 4.54, 232932, 1070
1719, 5, 46, 104, 52, 1, 1.63%, 0, 0, 6, 4.69, 232956, 1070
1724, 5, 46, 104, 52, 1, 1.63%, 0, 0, 6, 4.46, 232979, 1070
1729, 5, 46, 104, 52, 1, 1.63%, 0, 0, 6, 4.66, 233003, 1070
1735, 5, 46, 104, 52, 1, 1.63%, 0, 0, 6, 5.00, 233029, 1070
1740, 5, 46, 104, 52, 1, 1.63%, 0, 0, 6, 4.62, 233052, 1070
1745, 5, 46, 104, 52, 1, 1.63%, 0, 0, 6, 2.96, 233246, 1070
1750, 5, 46, 104, 52, 1, 1.63%, 0, 0, 6, 2.99, 233261, 1070
1755, 5, 46, 104, 52, 1, 1.63%, 0, 0, 6, 2.94, 233276, 1070
1760, 5, 46, 104, 52, 1, 1.63%, 0, 0, 6, 2.94, 233291, 1070
1766, 5, 46, 104, 52, 1, 1.63%, 0, 0, 6, 2.93, 233306, 1070
1771, 5, 46, 104, 52, 1, 1.63%, 0, 0, 6, 2.92, 233321, 1070
1776, 5, 46, 104, 52, 1, 1.63%, 0, 0, 6, 2.92, 233336, 1070
1781, 5, 46, 104, 52, 1, 1.63%, 0, 0, 6, 2.99, 233352, 1070
1786, 5, 46, 104, 52, 1, 1.63%, 0, 0, 6, 3.03, 233368, 1070
1791, 5, 46, 104, 52, 1, 1.63%, 0, 0, 6, 2.95, 233383, 1070
1797, 5, 46, 104, 52, 1, 1.63%, 0, 0, 6, 2.99, 233399, 1070
1802, 5, 46, 104, 52, 1, 1.63%, 0, 0, 6, 3.05, 233415, 1070
1807, 5, 46, 104, 52, 1, 1.63%, 0, 0, 6, 20.34, 234311, 1070
1812, 5, 46, 104, 52, 1, 1.63%, 0, 0, 6, 14.28, 234372, 1070
1817, 5, 46, 104, 52, 1, 1.63%, 0, 0, 6, 12.62, 234431, 1070
1822, 5, 42, 104, 52, 1, 1.63%, 0, 0, 6, 275.87, 235034, 1070
1827, 5, 42, 104, 52, 1, 1.63%, 0, 0, 6, 289.69, 236478, 1070
1833, 5, 42, 104, 52, 1, 1.63%, 0, 0, 6, 6.81, 237038, 1070
1838, 5, 42, 104, 52, 1, 1.63%, 0, 0, 6, 6.21, 237067, 1070
1843, 5, 42, 104, 52, 1, 1.63%, 0, 0, 6, 5.75, 237095, 1070
1848, 5, 42, 104, 52, 1, 1.63%, 0, 0, 6, 5.71, 237125, 1070
1853, 5, 42, 104, 52, 1, 1.63%, 0, 0, 6, 6.37, 237157, 1070
1858, 5, 42, 104, 52, 1, 1.63%, 0, 0, 6, 4.28, 237561, 1070
1864, 5, 42, 104, 52, 1, 1.63%, 0, 0, 6, 4.34, 237584, 1070
1869, 5, 42, 104, 52, 1, 1.63%, 0, 0, 6, 4.44, 237607, 1070
1874, 5, 42, 104, 52, 1, 1.63%, 0, 0, 6, 4.53, 237631, 1070
1879, 5, 42, 104, 52, 1, 1.63%, 0, 0, 6, 4.37, 237653, 1070
1884, 5, 42, 104, 52, 1, 1.63%, 0, 0, 6, 4.41, 237676, 1070
1889, 6, 10, 104, 52, 1, 1.63%, 0, 0, 6, 6.44, 238003, 1070
1894, 6, 10, 104, 52, 1, 1.63%, 0, 0, 6, 5.10, 238027, 1070
1899, 6, 10, 104, 52, 1, 1.63%, 0, 0, 6, 163.37, 238216, 1070
1904, 6, 10, 104, 52, 1, 1.63%, 0, 0, 6, 11.76, 238554, 1070
1909, 6, 103, 104, 52, 1, 1.63%, 0, 0, 6, 74.99, 238876, 1070
1915, 6, 103, 104, 52, 1, 1.63%, 0, 0, 6, 74.57, 239258, 1070
1920, 6, 103, 104, 52, 1, 1.63%, 0, 0, 6, 74.36, 239635, 1070
1925, 6, 59, 104, 51, 0, 1.63%, 0, 0, 6, 198.59, 240665, 1070
1930, 6, 59, 104, 51, 0, 1.63%, 0, 0, 6, 2.97, 240698, 1070
1935, 6, 59, 104, 51, 0, 1.63%, 0, 0, 6, 2.93, 240713, 1070
1940, 6, 59, 104, 51, 0, 1.63%, 0, 0, 6, 2.92, 240728, 1070
1946, 6, 59, 104, 51, 0, 1.63%, 0, 0, 6, 2.89, 240743, 1070
1951, 6, 51, 104, 51, 0, 1.63%, 0, 0, 6, 233.68, 241593, 1070
1956, 6, 51, 104, 51, 0, 1.63%, 0, 0, 6, 26.12, 242622, 1070
1961, 6, 51, 104, 51, 0, 1.63%, 0, 0, 6, 13.36, 242948, 1070
1966, 6, 51, 104, 51, 0, 1.63%, 0, 0, 6, 9.74, 242991, 1070
1971, 6, 37, 104, 51, 0, 1.63%, 0, 0, 6, 11.57, 243402, 1070
1976, 6, 37, 104, 51, 0, 1.63%, 0, 0, 6, 10.11, 243855, 1070
1981, 6, 37, 104, 51, 0, 1.63%, 0, 0, 6, 120.00, 243941, 1070
1987, 6, 37, 104, 51, 0, 1.63%, 0, 0, 6, 13.70, 244367, 1070
1992, 6, 37, 104, 51, 0, 1.63%, 0, 0, 6, 10.82, 244488, 1070
1997, 6, 37, 104, 51, 0, 1.63%, 0, 0, 6, 9.07, 244533, 1070
2002, 6, 18, 104, 51, 0, 1.63%, 0, 0, 6, 2.94, 244851, 1070
2007, 6, 18, 104, 51, 0, 1.63%, 0, 0, 6, 2.97, 244867, 1070
2013, 6, 18, 104, 51, 0, 1.63%, 0, 0, 6, 5.77, 244956, 1070
2018, 6, 18, 104, 51, 0, 1.63%, 0, 0, 6, 302.23, 245268, 1070
2023, 6, 48, 104, 51, 0, 1.63%, 0, 0, 6, 11.74, 245809, 1070
2028, 6, 37, 104, 51, 0, 1.63%, 0, 0, 6, 16.59, 246432, 1070
2033, 6, 37, 104, 51, 0, 1.63%, 0, 0, 6, 9.13, 246461, 1070
2038, 6, 47, 104, 51, 0, 1.63%, 0, 0, 6, 310.47, 246796, 1070
2043, 6, 47, 104, 51, 0, 1.63%, 0, 0, 6, 316.83, 246951, 1070
2048, 6, 48, 104, 51, 0, 1.63%, 0, 0, 6, 12.45, 247553, 1070
2054, 6, 37, 104, 51, 0, 1.63%, 0, 0, 6, 8.59, 248071, 1070
2059, 6, 37, 104, 51, 0, 1.63%, 0, 0, 6, 117.65, 248112, 1070
2064, 6, 37, 104, 51, 0, 1.63%, 0, 0, 6, 237.58, 248593, 1070
2069, 6, 37, 104, 51, 0, 1.63%, 0, 0, 6, 133.21, 249055, 1070
2074, 6, 37, 104, 51, 0, 1.63%, 0, 0, 6, 12.15, 249114, 1070
2079, 6, 37, 104, 51, 0, 1.63%, 0, 0, 6, 64.86, 249209, 1070
2084, 6, 37, 104, 51, 0, 1.63%, 0, 0, 6, 7.12, 249245, 1070
2090, 6, 39, 104, 51, 0, 1.63%, 0, 0, 6, 7.68, 249850, 1070
2095, 6, 39, 104, 51, 0, 1.63%, 0, 0, 6, 101.64, 249943, 1070
2100, 6, 39, 104, 51, 0, 1.63%, 0, 0, 6, 5.50, 250041, 1070
2105, 6, 39, 104, 51, 0, 1.63%, 0, 0, 6, 3.88, 250056, 1070
2110, 6, 39, 104, 51, 0, 1.63%, 0, 0, 6, 3.27, 250071, 1070
2115, 6, 45, 104, 51, 0, 1.63%, 0, 0, 6, 281.56, 251101, 1070
2120, 6, 45, 104, 51, 0, 1.63%, 0, 0, 6, 18.49, 251287, 1070
2126, 6, 45, 104, 51, 0, 1.63%, 0, 0, 6, 4.28, 251450, 1070
2131, 6, 45, 104, 51, 0, 1.63%, 0, 0, 6, 4.36, 251473, 1070
2136, 6, 45, 104, 51, 0, 1.63%, 0, 0, 6, 4.48, 251496, 1070
2141, 6, 45, 104, 51, 0, 1.63%, 0, 0, 6, 4.43, 251519, 1070
2146, 6, 45, 104, 51, 0, 1.63%, 0, 0, 6, 4.70, 251544, 1070
2151, 6, 45, 104, 51, 0, 1.63%, 0, 0, 6, 4.62, 251568, 1070
2156, 6, 45, 104, 51, 0, 1.63%, 0, 0, 6, 9.13, 251619, 1070
2161, 6, 45, 104, 51, 0, 1.63%, 0, 0, 6, 10.76, 251678, 1070
2166, 6, 45, 104, 51, 0, 1.63%, 0, 0, 6, 11.84, 251786, 1070
2171, 6, 45, 104, 51, 0, 1.63%, 0, 0, 6, 8.25, 251814, 1070
2177, 6, 49, 104, 51, 0, 1.63%, 0, 0, 6, 240.59, 252188, 1070
2182, 6, 49, 104, 51, 0, 1.63%, 0, 0, 6, 33.50, 253364, 1070
2187, 6, 49, 104, 51, 0, 1.63%, 0, 0, 6, 15.90, 253401, 1070
2192, 6, 49, 104, 51, 0, 1.63%, 0, 0, 6, 10.10, 253438, 1070
2197, 6, 49, 104, 51, 0, 1.63%, 0, 0, 6, 7.67, 253472, 1070
2202, 6, 49, 104, 51, 0, 1.63%, 0, 0, 6, 11.33, 253771, 1070
2207, 6, 49, 104, 51, 0, 1.63%, 0, 0, 6, 11.47, 253831, 1070
2213, 6, 49, 104, 51, 0, 1.63%, 0, 0, 6, 314.38, 254018, 1070
2218, 6, 18, 104, 51, 0, 1.63%, 0, 0, 6, 273.50, 255310, 1070
2223, 6, 18, 104, 51, 0, 1.63%, 0, 0, 6, 13.51, 255647, 1070
2228, 6, 18, 104, 51, 0, 1.63%, 0, 0, 6, 12.27, 255765, 1070
2233, 6, 37, 104, 51, 0, 1.63%, 0, 0, 6, 4.46, 256261, 1070
2238, 6, 37, 104, 51, 0, 1.63%, 0, 0, 6, 11.25, 256317, 1070
2243, 6, 45, 104, 51, 0, 1.63%, 0, 0, 6, 11.51, 257145, 1070
2248, 6, 45, 104, 51, 0, 1.63%, 0, 0, 6, 224.39, 257244, 1070
2253, 6, 45, 104, 51, 0, 1.63%, 0, 0, 6, 11.67, 257702, 1070
2258, 6, 45, 104, 51, 0, 1.63%, 0, 0, 6, 255.16, 258324, 1070
2264, 6, 45, 104, 51, 0, 1.63%, 0, 0, 6, 29.47, 259011, 1070
2269, 6, 45, 104, 51, 0, 1.63%, 0, 0, 6, 27.31, 259121, 1070
2274, 6, 45, 104, 51, 0, 1.63%, 0, 0, 6, 16.00, 259178, 1070
2279, 6, 20, 104, 51, 0, 1.63%, 0, 0, 6, 223.23, 260374, 1070
2284, 6, 20, 104, 51, 0, 1.63%, 0, 0, 6, 21.67, 260542, 1070
2289, 6, 20, 104, 51, 0, 1.63%, 0, 0, 6, 13.77, 260871, 1070
2294, 6, 20, 104, 51, 0, 1.63%, 0, 0, 6, 13.56, 260940, 1070
2299, 6, 20, 104, 51, 0, 1.63%, 0, 0, 6, 294.30, 261944, 1070
2304, 6, 20, 104, 51, 0, 1.63%, 0, 0, 6, 24.46, 262383, 1070
2310, 6, 37, 104, 51, 0, 1.63%, 0, 0, 6, 5.36, 262674, 1070
2315, 6, 37, 104, 51, 0, 1.63%, 0, 0, 6, 4.51, 262903, 1070
2320, 6, 37, 104, 51, 0, 1.63%, 0, 0, 6, 223.18, 263099, 1070
2325, 6, 37, 104, 51, 0, 1.63%, 0, 0, 6, 3.76, 263279, 1070
2330, 6, 37, 104, 51, 0, 1.63%, 0, 0, 6, 11.40, 263373, 1070
2335, 6, 37, 104, 51, 0, 1.63%, 0, 0, 6, 11.68, 263749, 1070
2340, 6, 37, 104, 51, 0, 1.63%, 0, 0, 6, 10.39, 263934, 1070
2346, 6, 18, 104, 51, 0, 1.63%, 0, 0, 6, 24.86, 264433, 1070
2351, 6, 18, 104, 51, 0, 1.63%, 0, 0, 6, 14.16, 264486, 1070
2356, 6, 18, 104, 51, 0, 1.63%, 0, 0, 6, 8.51, 264592, 1070
2361, 6, 18, 104, 51, 0, 1.63%, 0, 0, 6, 7.39, 264691, 1070
2366, 6, 45, 104, 51, 0, 1.63%, 0, 0, 6, 23.15, 265386, 1070
2371, 6, 45, 104, 51, 0, 1.63%, 0, 0, 6, 4.39, 265496, 1070
2376, 6, 45, 104, 51, 0, 1.63%, 0, 0, 6, 4.46, 265519, 1070
2381, 6, 45, 104, 51, 0, 1.63%, 0, 0, 6, 4.34, 265541, 1070
2386, 6, 45, 104, 51, 0, 1.63%, 0, 0, 6, 8.41, 266087, 1070
2392, 6, 45, 104, 51, 0, 1.63%, 0, 0, 6, 8.43, 266131, 1070
2397, 6, 45, 104, 51, 0, 1.63%, 0, 0, 6, 6.40, 266749, 1070
2402, 6, 45, 104, 51, 0, 1.63%, 0, 0, 6, 6.59, 266783, 1070
2407, 6, 45, 104, 51, 0, 1.63%, 0, 0, 6, 26.93, 266963, 1070
2412, 6, 45, 104, 51, 0, 1.63%, 0, 0, 6, 5.85, 267348, 1070
2418, 6, 45, 104, 51, 0, 1.63%, 0, 0, 6, 5.93, 267378, 1070
2423, 6, 45, 104, 51, 0, 1.63%, 0, 0, 6, 183.80, 267612, 1070
2428, 6, 45, 104, 51, 0, 1.63%, 0, 0, 6, 11.47, 268290, 1070
2433, 6, 45, 104, 51, 0, 1.63%, 0, 0, 6, 106.49, 268543, 1070
2438, 6, 45, 104, 51, 0, 1.63%, 0, 0, 6, 21.77, 269050, 1070
2443, 6, 37, 104, 51, 0, 1.63%, 0, 0, 6, 13.59, 269745, 1070
2448, 6, 45, 104, 51, 0, 1.63%, 0, 0, 6, 272.43, 270363, 1070
2453, 6, 45, 104, 51, 0, 1.63%, 0, 0, 6, 6.86, 270817, 1070
2458, 6, 45, 104, 51, 0, 1.63%, 0, 0, 6, 104.02, 270957, 1070
2463, 6, 45, 104, 51, 0, 1.63%, 0, 0, 6, 12.00, 271426, 1070
2469, 6, 45, 104, 51, 0, 1.63%, 0, 0, 6, 11.97, 271488, 1070
2474, 6, 45, 104, 51, 0, 1.63%, 0, 0, 6, 4.31, 271658, 1070
2479, 6, 45, 104, 51, 0, 1.63%, 0, 0, 6, 4.43, 271681, 1070
2484, 6, 45, 104, 51, 0, 1.63%, 0, 0, 6, 4.42, 271704, 1070
2489, 6, 37, 104, 51, 0, 1.63%, 0, 0, 6, 8.56, 271907, 1070
2494, 6, 37, 105, 52, 0, 1.63%, 0, 0, 6, 4.58, 272101, 1070
2499, 6, 37, 105, 52, 0, 1.63%, 0, 0, 6, 6.99, 272154, 1070
2504, 6, 17, 105, 52, 0, 1.63%, 0, 0, 6, 275.39, 272530, 1070
2510, 6, 45, 105, 51, 0, 1.63%, 0, 0, 6, 267.12, 273349, 1070
2515, 6, 45, 105, 51, 0, 1.63%, 0, 0, 6, 14.59, 273568, 1070
2520, 6, 45, 105, 51, 0, 1.63%, 0, 0, 6, 5.34, 274054, 1070
2525, 6, 45, 105, 51, 0, 1.63%, 0, 0, 6, 5.40, 274082, 1070
2530, 6, 45, 105, 51, 0, 1.63%, 0, 0, 6, 5.69, 274112, 1070
2535, 6, 47, 105, 51, 0, 1.63%, 0, 0, 6, 153.66, 274703, 1070
2540, 6, 37, 105, 51, 0, 1.63%, 0, 0, 6, 11.49, 275699, 1070
2546, 6, 37, 105, 51, 0, 1.63%, 0, 0, 6, 4.30, 275835, 1070
2551, 6, 37, 105, 51, 0, 1.63%, 0, 0, 6, 2.96, 276375, 1070
2556, 6, 37, 105, 51, 0, 1.63%, 0, 0, 6, 2.95, 276390, 1070
2561, 6, 37, 105, 51, 0, 1.63%, 0, 0, 6, 8.48, 276448, 1070
2566, 6, 45, 105, 51, 0, 1.63%, 0, 0, 6, 11.44, 277191, 1070
2571, 6, 45, 105, 51, 0, 1.63%, 0, 0, 6, 11.54, 277251, 1070
2576, 6, 45, 105, 51, 0, 1.63%, 0, 0, 6, 10.18, 277619, 1070
2582, 6, 43, 105, 51, 0, 1.63%, 0, 0, 6, 284.87, 278329, 1070
2587, 6, 43, 105, 51, 0, 1.63%, 0, 0, 6, 225.18, 279041, 1070
2592, 6, 42, 105, 51, 0, 1.63%, 0, 0, 6, 258.28, 279903, 1070
2597, 6, 42, 105, 51, 0, 1.63%, 0, 0, 6, 5.80, 280765, 1070
2602, 6, 42, 105, 51, 0, 1.63%, 0, 0, 6, 6.06, 280796, 1070
2608, 6, 42, 105, 51, 0, 1.63%, 0, 0, 6, 5.88, 280826, 1070
2613, 6, 42, 105, 51, 0, 1.63%, 0, 0, 6, 5.77, 280856, 1070
2618, 6, 42, 105, 51, 0, 1.63%, 0, 0, 6, 345.00, 280954, 1070
2623, 6, 42, 105, 51, 0, 1.63%, 0, 0, 6, 305.00, 282422, 1070
2628, 6, 75, 105, 51, 0, 1.63%, 0, 0, 6, 218.56, 283458, 1070
2634, 6, 75, 105, 51, 0, 1.63%, 0, 0, 6, 221.82, 284352, 1070
2639, 6, 37, 105, 50, 0, 1.63%, 0, 0, 6, 153.47, 284657, 1070
2644, 6, 45, 105, 50, 0, 1.63%, 0, 0, 6, 281.19, 285044, 1070
2649, 6, 45, 105, 50, 0, 1.63%, 0, 0, 6, 6.61, 285575, 1070
2654, 6, 45, 105, 50, 0, 1.63%, 0, 0, 6, 6.22, 285605, 1070
2659, 6, 45, 105, 50, 0, 1.63%, 0, 0, 6, 195.98, 286368, 1070
2664, 6, 36, 105, 50, 0, 1.63%, 0, 0, 6, 8.54, 287052, 1070
2669, 6, 36, 105, 50, 0, 1.63%, 0, 0, 6, 11.85, 287274, 1070
2675, 6, 36, 105, 50, 0, 1.63%, 0, 0, 6, 11.77, 287334, 1070
2680, 6, 42, 105, 50, 0, 1.63%, 0, 0, 6, 2.89, 288401, 1070
2686, 6, 42, 105, 50, 0, 1.63%, 0, 0, 6, 2.90, 288416, 1070
2691, 6, 42, 105, 50, 0, 1.63%, 0, 0, 6, 2.95, 288431, 1070
2696, 6, 42, 105, 50, 0, 1.63%, 0, 0, 6, 2.98, 288447, 1070
2701, 6, 42, 105, 50, 0, 1.63%, 0, 0, 6, 2.94, 288462, 1070
2706, 6, 42, 105, 50, 0, 1.63%, 0, 0, 6, 3.02, 288477, 1070
2711, 6, 42, 105, 50, 0, 1.63%, 0, 0, 6, 31.32, 288605, 1070
2717, 6, 42, 105, 50, 0, 1.63%, 0, 0, 6, 297.99, 288778, 1070
2722, 6, 42, 105, 50, 0, 1.63%, 0, 0, 6, 16.23, 289380, 1070
2727, 6, 42, 105, 50, 0, 1.63%, 0, 0, 6, 10.38, 289424, 1070
2732, 6, 45, 105, 50, 0, 1.63%, 0, 0, 6, 198.08, 290017, 1070
2737, 6, 45, 105, 50, 0, 1.63%, 0, 0, 6, 4.17, 290715, 1070
2742, 6, 45, 105, 50, 0, 1.63%, 0, 0, 6, 4.29, 290737, 1070
2747, 6, 45, 105, 50, 0, 1.63%, 0, 0, 6, 4.46, 290760, 1070
2752, 6, 39, 105, 50, 0, 1.63%, 0, 0, 6, 176.74, 291377, 1070
2757, 6, 39, 105, 50, 0, 1.63%, 0, 0, 6, 5.09, 291488, 1070
2763, 6, 39, 105, 50, 0, 1.63%, 0, 0, 6, 4.68, 291511, 1070
2768, 6, 39, 105, 50, 0, 1.63%, 0, 0, 6, 11.67, 291883, 1070
2773, 6, 59, 105, 50, 0, 1.63%, 0, 0, 6, 174.40, 292187, 1070
2778, 6, 59, 106, 51, 0, 1.63%, 0, 0, 6, 5.61, 293307, 1070
2783, 6, 59, 106, 51, 0, 1.63%, 0, 0, 6, 6.15, 293338, 1070
2788, 6, 59, 106, 51, 0, 1.63%, 0, 0, 6, 5.63, 293365, 1070
2793, 6, 59, 106, 51, 0, 1.63%, 0, 0, 6, 8.56, 293536, 1070
2799, 6, 59, 107, 52, 0, 2.11%, 0, 0, 6, 9.21, 293595, 1380
2804, 6, 59, 107, 52, 0, 2.11%, 0, 0, 6, 121.20, 293709, 1380
2809, 6, 59, 107, 52, 0, 2.11%, 0, 0, 6, 11.66, 293811, 1380
2814, 6, 59, 107, 52, 0, 2.11%, 0, 0, 6, 24.00, 293949, 1380
2819, 6, 106, 107, 52, 1, 2.11%, 0, 0, 6, 41.79, 294422, 1380
2824, 6, 106, 107, 52, 1, 2.11%, 0, 0, 6, 57.28, 294726, 1380
2829, 6, 106, 107, 52, 1, 2.11%, 0, 0, 6, 60.16, 295039, 1380
2834, 6, 106, 107, 52, 1, 2.11%, 0, 0, 6, 62.80, 295363, 1380
2839, 6, 106, 111, 56, 1, 2.11%, 0, 0, 7, 57.41, 295625, 1380
2844, 6, 106, 113, 58, 1, 2.11%, 0, 0, 7, 53.69, 295857, 1380
2849, 6, 106, 113, 58, 1, 2.11%, 0, 0, 7, 56.27, 296135, 1380
2854, 6, 106, 115, 60, 1, 2.11%, 0, 0, 7, 54.06, 296405, 1380
2860, 6, 106, 115, 60, 1, 2.11%, 0, 0, 7, 59.23, 296674, 1380
2865, 6, 106, 115, 60, 1, 2.11%, 0, 0, 7, 53.55, 296938, 1380
2870, 6, 106, 115, 60, 1, 2.11%, 0, 0, 7, 51.46, 297206, 1380
2875, 6, 106, 115, 60, 1, 2.11%, 0, 0, 7, 53.36, 297470, 1380
2880, 6, 106, 115, 60, 1, 2.11%, 0, 0, 7, 49.24, 297715, 1380
2885, 6, 106, 115, 60, 1, 2.11%, 0, 0, 7, 53.80, 297999, 1380
2890, 6, 106, 115, 60, 1, 2.11%, 0, 0, 7, 55.70, 298286, 1380
2895, 6, 106, 115, 60, 1, 2.11%, 0, 0, 7, 52.80, 298552, 1380
2900, 6, 106, 115, 60, 1, 2.11%, 0, 0, 7, 52.88, 298814, 1380
2906, 6, 106, 115, 60, 1, 2.11%, 0, 0, 7, 57.40, 299112, 1380
2911, 6, 106, 115, 60, 1, 2.11%, 0, 0, 7, 52.56, 299377, 1380
2916, 6, 106, 115, 60, 1, 2.11%, 0, 0, 7, 56.89, 299677, 1380
2921, 6, 106, 115, 60, 1, 2.11%, 0, 0, 7, 56.68, 299974, 1380
2926, 6, 106, 115, 60, 1, 2.11%, 0, 0, 7, 55.00, 300248, 1380
2931, 6, 106, 117, 62, 1, 2.11%, 0, 0, 7, 51.57, 300509, 1386
2936, 6, 106, 117, 62, 1, 2.11%, 0, 0, 7, 59.33, 300758, 1386
2942, 6, 106, 117, 62, 1, 2.11%, 0, 0, 7, 118.26, 301527, 1386
2947, 6, 114, 117, 61, 4, 2.11%, 0, 0, 7, 51.18, 302062, 1386
2952, 6, 114, 117, 61, 4, 2.11%, 0, 0, 7, 74.44, 302476, 1386
2957, 6, 114, 117, 61, 4, 2.11%, 0, 0, 7, 78.97, 302889, 1386
2962, 6, 114, 117, 61, 4, 2.11%, 0, 0, 7, 80.46, 303303, 1386
2967, 6, 114, 117, 61, 4, 2.11%, 0, 0, 7, 93.40, 303783, 1386
2972, 6, 114, 117, 61, 4, 2.11%, 0, 0, 7, 5.07, 304170, 1386
2977, 6, 114, 117, 61, 4, 2.11%, 0, 0, 7, 5.02, 304197, 1386
2982, 6, 114, 117, 61, 4, 2.11%, 0, 0, 7, 5.56, 304225, 1386
2988, 6, 114, 117, 61, 4, 2.11%, 0, 0, 7, 43.52, 304745, 1386
2993, 6, 114, 117, 61, 4, 2.11%, 0, 0, 7, 4.00, 304785, 1386
2998, 6, 114, 117, 61, 4, 2.11%, 0, 0, 7, 4.24, 304807, 1386
3003, 6, 114, 117, 61, 4, 2.11%, 0, 0, 7, 4.21, 304828, 1386
3008, 6, 114, 117, 61, 4, 2.11%, 0, 0, 7, 24.08, 304875, 1386
3013, 6, 114, 117, 61, 4, 2.11%, 0, 0, 7, 9.40, 305024, 1386
3018, 6, 114, 117, 61, 4, 2.11%, 0, 0, 7, 197.04, 305111, 1386
3023, 6, 116, 117, 60, 3, 2.11%, 0, 0, 7, 45.41, 305413, 1386
3028, 6, 116, 117, 60, 3, 2.11%, 0, 0, 7, 59.57, 305704, 1386
3033, 6, 116, 117, 60, 3, 2.11%, 0, 0, 7, 61.82, 306006, 1386
3038, 6, 116, 117, 60, 3, 2.11%, 0, 0, 7, 61.01, 306316, 1386
3043, 6, 116, 117, 60, 3, 2.11%, 0, 0, 7, 62.90, 306541, 1386
3049, 6, 116, 117, 60, 3, 2.11%, 0, 0, 7, 58.91, 306910, 1386
3054, 6, 113, 117, 59, 2, 2.11%, 0, 0, 7, 136.65, 307704, 1386
3059, 6, 113, 117, 59, 2, 2.11%, 0, 0, 7, 79.18, 308029, 1386
3064, 6, 113, 117, 59, 2, 2.11%, 0, 0, 7, 65.46, 308354, 1386
3069, 6, 113, 117, 59, 2, 2.11%, 0, 0, 7, 66.49, 308683, 1386
3074, 6, 113, 117, 59, 2, 2.11%, 0, 0, 7, 6.02, 308953, 1386
3079, 6, 113, 117, 59, 2, 2.11%, 0, 0, 7, 166.16, 309067, 1386
3084, 6, 114, 117, 58, 1, 2.11%, 0, 0, 7, 121.82, 309621, 1386
3090, 6, 114, 117, 58, 1, 2.11%, 0, 0, 7, 225.96, 309739, 1386
3095, 6, 115, 117, 58, 1, 2.11%, 0, 0, 7, 2.08, 310039, 1386
3100, 6, 115, 117, 58, 1, 2.11%, 0, 0, 7, 7.89, 310250, 1386
3105, 6, 115, 117, 58, 1, 2.11%, 0, 0, 7, 56.16, 310533, 1386
3110, 6, 115, 117, 58, 1, 2.11%, 0, 0, 7, 59.05, 310786, 1386
3115, 6, 115, 117, 58, 1, 2.11%, 0, 0, 7, 58.22, 311086, 1386
3121, 6, 115, 117, 58, 1, 2.11%, 0, 0, 7, 85.43, 311516, 1386
3126, 6, 37, 117, 57, 0, 2.11%, 0, 0, 7, 189.43, 311917, 1386
3131, 6, 52, 117, 57, 0, 2.11%, 0, 0, 7, 195.86, 312645, 1386
3136, 6, 52, 117, 57, 0, 2.11%, 0, 0, 7, 251.08, 313988, 1386
3141, 6, 52, 117, 57, 0, 2.11%, 0, 0, 7, 2.84, 314155, 1386
3146, 6, 52, 117, 57, 0, 2.11%, 0, 0, 7, 3.13, 314172, 1386
3152, 6, 52, 117, 57, 0, 2.11%, 0, 0, 7, 2.98, 314187, 1386
3157, 6, 52, 117, 57, 0, 2.11%, 0, 0, 7, 2.93, 314202, 1386
3162, 6, 52, 117, 57, 0, 2.11%, 0, 0, 7, 2.91, 314217, 1386
3167, 6, 52, 117, 57, 0, 2.11%, 0, 0, 7, 2.90, 314232, 1386
3172, 6, 52, 117, 57, 0, 2.11%, 0, 0, 7, 2.97, 314248, 1386
3177, 6, 52, 117, 57, 0, 2.11%, 0, 0, 7, 2.94, 314263, 1386
3183, 6, 52, 117, 57, 0, 2.11%, 0, 0, 7, 2.96, 314279, 1386
3188, 6, 52, 117, 57, 0, 2.11%, 0, 0, 7, 2.92, 314294, 1386
3193, 6, 52, 117, 57, 0, 2.11%, 0, 0, 7, 2.90, 314309, 1386
3198, 6, 52, 117, 57, 0, 2.11%, 0, 0, 7, 11.49, 314511, 1386
3203, 6, 52, 117, 57, 0, 2.11%, 0, 0, 7, 11.66, 314571, 1386
3208, 6, 52, 117, 57, 0, 2.11%, 0, 0, 7, 11.75, 314630, 1386
3213, 6, 52, 117, 57, 0, 2.11%, 0, 0, 7, 16.02, 314707, 1386
3218, 6, 52, 117, 57, 0, 2.11%, 0, 0, 7, 20.28, 314820, 1386
3224, 6, 52, 117, 57, 0, 2.11%, 0, 0, 7, 21.70, 314934, 1386
3229, 6, 52, 117, 57, 0, 2.11%, 0, 0, 7, 266.88, 315280, 1386
3234, 6, 52, 117, 57, 0, 2.11%, 0, 0, 7, 7.05, 315412, 1386
3239, 6, 52, 117, 57, 0, 2.11%, 0, 0, 7, 9.14, 315463, 1386
3244, 6, 52, 117, 57, 0, 2.11%, 0, 0, 7, 9.06, 315509, 1386
3249, 6, 52, 117, 57, 0, 2.11%, 0, 0, 7, 300.05, 315743, 1386
3254, 6, 45, 117, 57, 0, 2.11%, 0, 0, 7, 23.08, 316655, 1386
3259, 6, 45, 117, 57, 0, 2.11%, 0, 0, 7, 4.29, 316950, 1386
3264, 6, 45, 117, 57, 0, 2.11%, 0, 0, 7, 4.58, 316974, 1386
3269, 6, 45, 117, 57, 0, 2.11%, 0, 0, 7, 4.42, 316997, 1386
3274, 6, 45, 117, 57, 0, 2.11%, 0, 0, 7, 5.31, 317211, 1386
3280, 6, 45, 117, 57, 0, 2.11%, 0, 0, 7, 4.83, 317235, 1386
3285, 6, 45, 117, 57, 0, 2.11%, 0, 0, 7, 4.92, 317261, 1386
3290, 6, 45, 117, 57, 0, 2.11%, 0, 0, 7, 9.69, 317316, 1386
3295, 6, 37, 117, 57, 0, 2.11%, 0, 0, 7, 113.30, 317838, 1386
3300, 6, 37, 117, 57, 0, 2.11%, 0, 0, 7, 6.65, 318060, 1386
3305, 6, 37, 117, 57, 0, 2.11%, 0, 0, 7, 291.91, 318595, 1386
3310, 6, 76, 117, 57, 0, 2.11%, 0, 0, 7, 236.44, 319719, 1386
3316, 6, 37, 117, 56, 0, 2.11%, 0, 0, 7, 5.35, 320773, 1386
3321, 6, 37, 117, 56, 0, 2.11%, 0, 0, 7, 5.09, 320800, 1386
3326, 6, 59, 117, 56, 0, 2.11%, 0, 0, 7, 275.08, 321450, 1386
3331, 6, 59, 118, 57, 0, 2.13%, 0, 0, 7, 13.11, 321798, 1393
3336, 6, 59, 118, 57, 0, 2.13%, 0, 0, 7, 194.47, 322299, 1393
3341, 6, 73, 118, 57, 1, 2.13%, 0, 0, 7, 215.19, 323294, 1393
3346, 6, 37, 118, 56, 1, 2.13%, 0, 0, 7, 263.45, 324160, 1393
3351, 6, 117, 118, 56, 1, 2.13%, 0, 0, 7, 99.45, 324565, 1393
3356, 6, 117, 118, 56, 1, 2.13%, 0, 0, 7, 86.92, 324994, 1393
3362, 6, 117, 118, 56, 1, 2.13%, 0, 0, 7, 85.19, 325425, 1393
3367, 6, 117, 118, 56, 1, 2.13%, 0, 0, 7, 86.40, 325860, 1393
3372, 6, 117, 118, 56, 1, 2.13%, 0, 0, 7, 121.25, 326466, 1393
3377, 6, 117, 118, 55, 0, 2.13%, 0, 0, 7, 139.56, 327163, 1393
3382, 6, 117, 118, 55, 0, 2.13%, 0, 0, 7, 123.85, 327750, 1393
3387, 6, 117, 118, 55, 0, 2.13%, 0, 0, 7, 4.66, 328268, 1393
3392, 6, 117, 118, 55, 0, 2.13%, 0, 0, 7, 4.77, 328293, 1393
3397, 6, 117, 118, 55, 0, 2.13%, 0, 0, 7, 4.70, 328317, 1393
3402, 6, 37, 118, 55, 0, 2.13%, 0, 0, 7, 126.32, 328827, 1393
3407, 6, 37, 118, 55, 0, 2.13%, 0, 0, 7, 131.93, 329070, 1393
3413, 6, 59, 118, 55, 0, 2.13%, 0, 0, 7, 4.23, 329626, 1393
3418, 6, 59, 118, 55, 0, 2.13%, 0, 0, 7, 4.32, 329649, 1393
3423, 6, 59, 118, 55, 0, 2.13%, 0, 0, 7, 4.43, 329672, 1393
3428, 6, 59, 118, 55, 0, 2.13%, 0, 0, 7, 298.29, 330285, 1393
3433, 6, 18, 118, 55, 0, 2.13%, 0, 0, 7, 8.83, 330984, 1393
3438, 6, 18, 118, 55, 0, 2.13%, 0, 0, 7, 6.50, 331018, 1393
3443, 6, 18, 118, 55, 0, 2.13%, 0, 0, 7, 100.92, 331185, 1393
3448, 6, 18, 118, 55, 0, 2.13%, 0, 0, 7, 17.20, 331320, 1393
3453, 6, 46, 118, 55, 0, 2.13%, 0, 0, 7, 282.37, 332338, 1393
3458, 6, 46, 118, 55, 0, 2.13%, 0, 0, 7, 186.87, 333256, 1393
3464, 6, 46, 118, 55, 0, 2.13%, 0, 0, 7, 28.83, 334391, 1393
3469, 6, 46, 118, 55, 0, 2.13%, 0, 0, 7, 24.38, 334509, 1393
3474, 6, 46, 118, 55, 0, 2.13%, 0, 0, 7, 18.01, 334596, 1393
3479, 6, 46, 118, 55, 0, 2.13%, 0, 0, 7, 12.95, 334652, 1393
3484, 6, 46, 118, 55, 0, 2.13%, 0, 0, 7, 12.43, 334714, 1393
3489, 6, 46, 118, 55, 0, 2.13%, 0, 0, 7, 9.79, 335101, 1393
3494, 6, 46, 118, 55, 0, 2.13%, 0, 0, 7, 9.74, 335152, 1393
3500, 6, 46, 118, 55, 0, 2.13%, 0, 0, 7, 9.85, 335204, 1393
3505, 6, 37, 118, 55, 0, 2.13%, 0, 0, 7, 193.47, 335595, 1393
3510, 6, 37, 118, 55, 0, 2.13%, 0, 0, 7, 4.46, 335774, 1393
3515, 6, 37, 118, 55, 0, 2.13%, 0, 0, 7, 4.33, 335796, 1393
3520, 6, 37, 118, 55, 0, 2.13%, 0, 0, 7, 3.52, 335812, 1393
3526, 6, 47, 118, 55, 0, 2.13%, 0, 0, 7, 11.65, 336249, 1393
3531, 6, 37, 118, 55, 0, 2.13%, 0, 0, 7, 319.04, 336565, 1393
3536, 6, 45, 118, 55, 0, 2.13%, 0, 0, 7, 297.60, 336984, 1393
3541, 6, 45, 118, 55, 0, 2.13%, 0, 0, 7, 4.48, 337872, 1393
3546, 6, 45, 118, 55, 0, 2.13%, 0, 0, 7, 4.38, 337894, 1393
3551, 6, 45, 118, 55, 0, 2.13%, 0, 0, 7, 4.34, 337916, 1393
3556, 6, 45, 118, 55, 0, 2.13%, 0, 0, 7, 49.64, 338116, 1393
3561, 6, 37, 118, 55, 0, 2.13%, 0, 0, 7, 35.82, 338747, 1393
3566, 6, 45, 118, 55, 0, 2.13%, 0, 0, 7, 239.46, 339378, 1393
3572, 6, 45, 118, 55, 0, 2.13%, 0, 0, 7, 12.46, 339549, 1393
3577, 6, 37, 118, 55, 0, 2.13%, 0, 0, 7, 275.66, 340615, 1393
3582, 6, 37, 118, 55, 0, 2.13%, 0, 0, 7, 145.75, 341009, 1393
3587, 6, 37, 118, 55, 0, 2.13%, 0, 0, 7, 261.83, 341280, 1393
3592, 6, 37, 118, 55, 0, 2.13%, 0, 0, 7, 4.45, 341405, 1393
3597, 6, 45, 118, 55, 0, 2.13%, 0, 0, 7, 22.12, 342050, 1393
3602, 6, 45, 118, 55, 0, 2.13%, 0, 0, 7, 292.47, 342597, 1393
3607, 6, 45, 118, 55, 0, 2.13%, 0, 0, 7, 127.32, 342928, 1393
3613, 6, 37, 118, 55, 0, 2.13%, 0, 0, 7, 7.96, 343221, 1393
3618, 6, 37, 118, 55, 0, 2.13%, 0, 0, 7, 5.85, 343291, 1393
3623, 6, 43, 118, 55, 0, 2.13%, 0, 0, 7, 15.68, 343874, 1393
3628, 6, 43, 118, 55, 0, 2.13%, 0, 0, 7, 117.35, 344181, 1393
3633, 6, 43, 118, 55, 0, 2.13%, 0, 0, 7, 20.81, 344332, 1393
3638, 6, 37, 118, 55, 0, 2.13%, 0, 0, 7, 4.29, 344701, 1393
