# relative_time, cycles_done, cur_item, corpus_count, pending_total, pending_favs, map_size, saved_crashes, saved_hangs, max_depth, execs_per_sec, total_execs, edges_found
61, 0, 5, 30, 27, 4, 1.45%, 0, 0, 2, 395.93, 24382, 951
66, 0, 5, 30, 27, 4, 1.45%, 0, 0, 2, 394.57, 26377, 951
71, 0, 5, 30, 27, 4, 1.45%, 0, 0, 2, 393.65, 28435, 951
76, 0, 5, 30, 27, 4, 1.45%, 0, 0, 2, 394.03, 30437, 951
81, 0, 5, 30, 27, 4, 1.45%, 0, 0, 2, 393.77, 32495, 951
86, 0, 27, 33, 28, 15, 1.48%, 0, 0, 3, 398.92, 34487, 968
107, 0, 27, 35, 30, 15, 2.20%, 0, 0, 3, 4.21, 35164, 1439
112, 0, 12, 35, 29, 15, 2.20%, 0, 1, 3, 418.53, 35631, 1439
117, 0, 17, 37, 28, 11, 2.20%, 0, 1, 3, 419.73, 37706, 1439
122, 0, 24, 39, 28, 10, 2.22%, 0, 1, 3, 389.18, 39638, 1455
127, 0, 20, 39, 25, 7, 2.22%, 0, 1, 3, 396.83, 41704, 1455
132, 0, 9, 39, 22, 4, 2.22%, 0, 1, 3, 392.76, 43777, 1455
137, 0, 20, 40, 20, 1, 2.22%, 0, 1, 3, 383.56, 45745, 1455
142, 0, 20, 40, 20, 1, 2.22%, 0, 1, 3, 348.20, 47276, 1455
148, 0, 19, 40, 19, 0, 2.22%, 0, 1, 3, 389.59, 49392, 1455
153, 0, 33, 41, 19, 0, 2.22%, 0, 1, 4, 386.57, 51373, 1456
158, 0, 33, 41, 19, 0, 2.22%, 0, 1, 4, 358.86, 53137, 1456
164, 0, 33, 41, 19, 0, 2.22%, 0, 2, 4, 19.12, 54011, 1456
169, 0, 33, 41, 19, 0, 2.22%, 0, 2, 4, 2.86, 54030, 1456
174, 0, 33, 41, 19, 0, 2.22%, 0, 2, 4, 2.49, 54038, 1456
179, 0, 33, 41, 19, 0, 2.22%, 0, 2, 4, 2.35, 54048, 1456
184, 0, 33, 41, 19, 0, 2.22%, 0, 2, 4, 2.16, 54056, 1456
189, 0, 33, 41, 19, 0, 2.22%, 0, 2, 4, 2.05, 54065, 1456
194, 0, 33, 41, 19, 0, 2.22%, 0, 2, 4, 1.90, 54073, 1456
199, 0, 33, 41, 19, 0, 2.22%, 0, 2, 4, 1.98, 54084, 1456
204, 0, 33, 41, 19, 0, 2.22%, 0, 2, 4, 1.86, 54092, 1456
209, 0, 33, 41, 19, 0, 2.22%, 0, 2, 4, 2.00, 54104, 1456
214, 0, 33, 41, 19, 0, 2.22%, 0, 3, 4, 2.31, 54120, 1456
219, 0, 33, 41, 19, 0, 2.22%, 0, 3, 4, 2.20, 54130, 1456
224, 0, 33, 41, 19, 0, 2.22%, 0, 3, 4, 2.33, 54144, 1456
229, 0, 33, 41, 19, 0, 2.22%, 0, 4, 4, 2.13, 54152, 1456
234, 0, 33, 41, 19, 0, 2.22%, 0, 4, 4, 1.94, 54159, 1456
239, 0, 33, 41, 19, 0, 2.22%, 0, 4, 4, 483.96, 54640, 1456
244, 0, 20, 42, 20, 1, 2.23%, 0, 4, 4, 428.53, 56714, 1460
249, 0, 40, 43, 20, 1, 2.23%, 0, 4, 4, 422.65, 58884, 1460
255, 0, 40, 43, 19, 0, 2.23%, 0, 4, 4, 388.08, 60788, 1460
260, 0, 40, 43, 19, 0, 2.23%, 0, 4, 4, 396.93, 62769, 1460
265, 0, 40, 43, 19, 0, 2.23%, 0, 5, 4, 352.14, 64323, 1460
270, 0, 2, 43, 19, 0, 2.23%, 0, 5, 4, 399.73, 66438, 1460
275, 0, 2, 43, 19, 0, 2.23%, 0, 5, 4, 413.58, 68537, 1460
280, 0, 28, 43, 19, 0, 2.23%, 0, 5, 4, 416.82, 70187, 1460
285, 0, 28, 43, 19, 0, 2.23%, 0, 5, 4, 412.52, 72194, 1460
291, 0, 24, 43, 19, 0, 2.23%, 0, 6, 4, 35.22, 74082, 1460
296, 0, 24, 43, 19, 0, 2.23%, 0, 6, 4, 3.76, 74098, 1460
301, 0, 24, 44, 20, 0, 2.23%, 0, 6, 4, 199.65, 74318, 1461
306, 0, 24, 44, 20, 0, 2.23%, 0, 6, 4, 300.34, 76063, 1461
311, 0, 3, 44, 19, 0, 2.23%, 0, 6, 4, 351.31, 77878, 1461
316, 0, 33, 44, 18, 0, 2.23%, 0, 6, 4, 385.24, 79812, 1461
321, 0, 41, 45, 19, 0, 2.23%, 0, 6, 4, 395.90, 81883, 1464
326, 0, 41, 45, 19, 0, 2.23%, 0, 6, 4, 422.88, 83975, 1464
332, 0, 45, 46, 20, 2, 2.24%, 0, 6, 4, 399.23, 86065, 1465
337, 0, 46, 47, 20, 2, 2.24%, 0, 6, 5, 411.11, 88090, 1467
342, 0, 44, 47, 19, 1, 2.24%, 0, 6, 5, 406.27, 90154, 1467
347, 0, 11, 47, 18, 0, 2.24%, 0, 6, 5, 411.60, 92204, 1467
352, 0, 44, 47, 18, 0, 2.24%, 0, 6, 5, 416.71, 94245, 1467
357, 0, 33, 48, 19, 0, 2.24%, 0, 6, 5, 378.32, 96162, 1468
362, 0, 33, 48, 19, 0, 2.24%, 0, 6, 5, 398.27, 98153, 1468
367, 0, 47, 48, 19, 1, 2.24%, 0, 6, 5, 386.21, 100115, 1468
372, 0, 29, 48, 18, 0, 2.24%, 0, 6, 5, 367.47, 101935, 1468
377, 0, 29, 48, 18, 0, 2.24%, 0, 6, 5, 388.61, 103855, 1468
382, 0, 44, 48, 18, 0, 2.24%, 0, 6, 5, 397.67, 105864, 1468
387, 0, 47, 48, 18, 0, 2.24%, 0, 6, 5, 373.43, 107744, 1468
392, 0, 29, 49, 19, 0, 2.24%, 0, 6, 5, 373.22, 109681, 1468
397, 0, 29, 49, 19, 0, 2.24%, 0, 6, 5, 339.29, 111391, 1468
402, 0, 29, 49, 19, 0, 2.24%, 0, 6, 5, 410.20, 113493, 1468
407, 0, 46, 49, 19, 0, 2.24%, 0, 6, 5, 411.42, 115552, 1468
412, 1, 40, 49, 18, 0, 2.24%, 0, 6, 5, 385.46, 117488, 1468
417, 1, 40, 50, 19, 0, 2.24%, 0, 6, 5, 375.70, 119351, 1471
422, 1, 40, 50, 19, 0, 2.24%, 0, 6, 5, 388.64, 121360, 1471
428, 1, 40, 50, 19, 0, 2.24%, 0, 6, 5, 401.65, 123583, 1471
433, 1, 49, 50, 19, 1, 2.24%, 0, 6, 5, 401.99, 125704, 1471
438, 1, 49, 50, 19, 1, 2.24%, 0, 6, 5, 399.93, 127731, 1471
443, 1, 50, 51, 19, 1, 2.25%, 0, 6, 5, 397.53, 129788, 1472
448, 1, 44, 51, 18, 0, 2.25%, 0, 6, 5, 423.30, 131920, 1472
453, 1, 33, 51, 18, 0, 2.25%, 0, 6, 5, 411.65, 133910, 1472
458, 1, 29, 51, 18, 0, 2.25%, 0, 6, 5, 381.92, 135852, 1472
463, 1, 29, 51, 18, 0, 2.25%, 0, 6, 5, 380.03, 137671, 1472
469, 1, 29, 51, 18, 0, 2.25%, 0, 6, 5, 382.35, 139707, 1472
474, 1, 29, 51, 18, 0, 2.25%, 0, 6, 5, 410.70, 141875, 1472
479, 1, 28, 51, 18, 0, 2.25%, 0, 6, 5, 385.56, 143744, 1472
484, 1, 29, 51, 18, 0, 2.25%, 0, 6, 5, 387.10, 145604, 1472
489, 1, 47, 51, 18, 0, 2.25%, 0, 6, 5, 427.02, 147791, 1472
494, 1, 7, 51, 18, 0, 2.25%, 0, 6, 5, 372.93, 149651, 1472
499, 1, 9, 51, 17, 0, 2.25%, 0, 6, 5, 334.85, 151117, 1472
504, 1, 9, 52, 18, 0, 2.26%, 0, 6, 5, 389.03, 153202, 1479
509, 1, 51, 52, 18, 1, 2.26%, 0, 6, 5, 437.04, 155509, 1479
514, 1, 51, 52, 17, 0, 2.26%, 0, 6, 5, 411.98, 157572, 1479
520, 1, 51, 52, 17, 0, 2.26%, 0, 6, 5, 411.27, 159775, 1479
525, 1, 49, 52, 17, 0, 2.26%, 0, 6, 5, 408.16, 161856, 1479
530, 1, 49, 52, 17, 0, 2.26%, 0, 6, 5, 384.55, 163751, 1479
535, 1, 49, 52, 17, 0, 2.26%, 0, 6, 5, 454.30, 166220, 1479
540, 1, 11, 52, 17, 0, 2.26%, 0, 6, 5, 437.09, 168403, 1479
545, 1, 45, 52, 17, 0, 2.26%, 0, 6, 5, 362.91, 170178, 1479
550, 1, 45, 52, 17, 0, 2.26%, 0, 6, 5, 386.55, 172079, 1479
555, 1, 45, 52, 17, 0, 2.26%, 0, 6, 5, 447.05, 174423, 1479
560, 1, 45, 52, 17, 0, 2.26%, 0, 6, 5, 409.08, 176363, 1479
566, 1, 22, 52, 17, 0, 2.26%, 0, 6, 5, 435.24, 178659, 1479
571, 1, 26, 52, 17, 0, 2.26%, 0, 6, 5, 410.36, 180720, 1479
576, 1, 26, 52, 17, 0, 2.26%, 0, 6, 5, 425.07, 182813, 1479
581, 1, 46, 52, 17, 0, 2.26%, 0, 6, 5, 417.12, 184932, 1479
586, 1, 31, 52, 17, 0, 2.26%, 0, 6, 5, 413.15, 186945, 1479
591, 1, 43, 52, 17, 0, 2.26%, 0, 6, 5, 430.45, 189216, 1479
596, 1, 51, 52, 17, 0, 2.26%, 0, 6, 5, 408.68, 191269, 1479
601, 1, 50, 52, 17, 0, 2.26%, 0, 6, 5, 423.95, 193433, 1479
606, 1, 29, 52, 17, 0, 2.26%, 0, 6, 5, 396.61, 195520, 1479
611, 1, 29, 52, 17, 0, 2.26%, 0, 6, 5, 380.86, 197406, 1479
616, 1, 29, 52, 17, 0, 2.26%, 0, 6, 5, 397.38, 199406, 1479
621, 1, 26, 52, 17, 0, 2.26%, 0, 6, 5, 384.07, 201340, 1479
626, 1, 26, 52, 17, 0, 2.26%, 0, 6, 5, 427.12, 203513, 1479
632, 1, 31, 52, 16, 0, 2.26%, 0, 6, 5, 404.92, 205653, 1479
637, 1, 31, 52, 16, 0, 2.26%, 0, 6, 5, 404.86, 207684, 1479
642, 1, 29, 52, 15, 0, 2.26%, 0, 6, 5, 406.47, 209767, 1479
647, 1, 29, 52, 15, 0, 2.26%, 0, 6, 5, 422.06, 211814, 1479
652, 1, 51, 52, 15, 0, 2.26%, 0, 6, 5, 408.50, 213979, 1479
657, 1, 47, 52, 15, 0, 2.26%, 0, 6, 5, 406.30, 216187, 1479
662, 1, 25, 52, 15, 0, 2.26%, 0, 6, 5, 404.79, 218210, 1479
667, 1, 25, 52, 15, 0, 2.26%, 0, 6, 5, 441.86, 220439, 1479
672, 1, 46, 53, 16, 0, 2.26%, 0, 6, 6, 394.57, 222448, 1479
677, 1, 46, 53, 16, 0, 2.26%, 0, 6, 6, 422.21, 224610, 1479
682, 1, 31, 53, 16, 0, 2.26%, 0, 6, 6, 424.38, 226768, 1479
687, 1, 31, 53, 16, 0, 2.26%, 0, 6, 6, 415.64, 228801, 1479
692, 1, 21, 53, 16, 0, 2.26%, 0, 6, 6, 423.57, 230895, 1479
698, 2, 17, 57, 19, 0, 2.26%, 0, 6, 6, 463.68, 231638, 1479
703, 2, 17, 58, 20, 0, 2.26%, 0, 6, 6, 22.67, 232626, 1479
708, 2, 17, 60, 22, 0, 2.26%, 0, 6, 6, 441.36, 234351, 1479
713, 2, 17, 60, 22, 0, 2.26%, 0, 6, 6, 441.32, 236583, 1479
718, 2, 17, 60, 22, 0, 2.26%, 0, 6, 6, 415.74, 238607, 1479
723, 2, 17, 60, 22, 0, 2.26%, 0, 6, 6, 442.15, 240527, 1479
728, 2, 17, 60, 22, 0, 2.26%, 0, 6, 6, 439.43, 242303, 1479
734, 2, 17, 60, 22, 0, 2.26%, 0, 6, 6, 329.80, 244205, 1479
739, 2, 17, 60, 22, 0, 2.26%, 0, 6, 6, 398.86, 246336, 1479
744, 2, 17, 60, 22, 0, 2.26%, 0, 6, 6, 402.34, 248431, 1479
749, 2, 17, 60, 22, 0, 2.26%, 0, 6, 6, 373.29, 250294, 1479
754, 2, 9, 62, 24, 0, 2.41%, 0, 6, 6, 235.26, 251219, 1581
759, 2, 9, 62, 24, 0, 2.41%, 0, 6, 6, 343.12, 253101, 1581
764, 2, 9, 63, 25, 0, 2.41%, 0, 6, 6, 338.70, 254842, 1581
769, 2, 9, 63, 25, 0, 2.41%, 0, 6, 6, 366.76, 256711, 1581
774, 2, 9, 63, 25, 0, 2.41%, 0, 6, 6, 368.24, 258356, 1581
780, 2, 9, 64, 26, 0, 2.41%, 0, 6, 6, 23.28, 259715, 1581
785, 2, 9, 64, 26, 0, 2.41%, 0, 6, 6, 396.02, 261465, 1581
790, 2, 9, 65, 27, 0, 2.41%, 0, 6, 6, 378.39, 262950, 1581
795, 2, 9, 65, 27, 0, 2.41%, 0, 6, 6, 344.28, 264595, 1581
801, 2, 9, 67, 29, 0, 2.41%, 0, 6, 6, 26.09, 265830, 1581
806, 2, 9, 67, 29, 0, 2.41%, 0, 6, 6, 368.47, 267607, 1581
811, 2, 9, 68, 30, 0, 2.41%, 0, 6, 6, 346.34, 269241, 1582
817, 2, 9, 69, 31, 0, 2.41%, 0, 6, 6, 313.65, 270791, 1582
822, 2, 9, 70, 32, 0, 2.41%, 0, 6, 6, 338.21, 272437, 1582
827, 2, 9, 70, 32, 0, 2.41%, 0, 6, 6, 4.99, 273655, 1582
832, 2, 9, 70, 32, 0, 2.41%, 0, 6, 6, 8.55, 273704, 1582
837, 2, 9, 70, 32, 0, 2.41%, 0, 6, 6, 9.42, 273755, 1582
842, 2, 9, 70, 32, 0, 2.41%, 0, 6, 6, 9.30, 273804, 1582
847, 2, 9, 70, 32, 0, 2.41%, 0, 6, 6, 8.88, 273848, 1582
852, 2, 9, 70, 32, 0, 2.41%, 0, 6, 6, 9.82, 273899, 1582
858, 2, 59, 71, 33, 3, 2.42%, 0, 6, 6, 8.17, 274533, 1584
863, 2, 59, 71, 33, 3, 2.42%, 0, 6, 6, 8.18, 274575, 1584
868, 2, 59, 71, 33, 3, 2.42%, 0, 6, 6, 8.26, 274617, 1584
873, 2, 59, 71, 33, 3, 2.42%, 0, 6, 6, 8.21, 274659, 1584
878, 2, 59, 71, 33, 3, 2.42%, 0, 6, 6, 8.23, 274701, 1584
883, 2, 59, 71, 33, 3, 2.42%, 0, 6, 6, 8.29, 274743, 1584
888, 2, 59, 71, 33, 3, 2.42%, 0, 6, 6, 8.28, 274785, 1584
893, 2, 59, 71, 33, 3, 2.42%, 0, 6, 6, 8.16, 274827, 1584
899, 2, 59, 71, 33, 3, 2.42%, 0, 6, 6, 8.18, 274869, 1584
904, 2, 59, 71, 33, 3, 2.42%, 0, 6, 6, 8.15, 274911, 1584
909, 2, 59, 71, 33, 3, 2.42%, 0, 6, 6, 8.20, 274953, 1584
914, 2, 59, 71, 33, 3, 2.42%, 0, 6, 6, 8.26, 274995, 1584
919, 2, 59, 71, 33, 3, 2.42%, 0, 6, 6, 8.27, 275037, 1584
924, 2, 59, 71, 33, 3, 2.42%, 0, 6, 6, 8.14, 275079, 1584
929, 2, 59, 71, 33, 3, 2.42%, 0, 6, 6, 8.17, 275121, 1584
934, 2, 59, 71, 33, 3, 2.42%, 0, 6, 6, 8.20, 275163, 1584
940, 2, 59, 71, 33, 3, 2.42%, 0, 6, 6, 8.13, 275205, 1584
945, 2, 59, 71, 33, 3, 2.42%, 0, 6, 6, 8.21, 275247, 1584
950, 2, 59, 71, 33, 3, 2.42%, 0, 6, 6, 8.22, 275289, 1584
955, 2, 59, 71, 33, 3, 2.42%, 0, 6, 6, 8.22, 275331, 1584
960, 2, 59, 71, 33, 3, 2.42%, 0, 6, 6, 8.31, 275373, 1584
965, 2, 59, 71, 33, 3, 2.42%, 0, 6, 6, 8.32, 275415, 1584
970, 2, 59, 71, 33, 3, 2.42%, 0, 6, 6, 8.36, 275457, 1584
975, 2, 59, 71, 33, 3, 2.42%, 0, 6, 6, 8.33, 275499, 1584
980, 2, 59, 71, 33, 3, 2.42%, 0, 6, 6, 8.28, 275541, 1584
985, 2, 59, 71, 33, 3, 2.42%, 0, 6, 6, 8.28, 275583, 1584
990, 2, 59, 71, 33, 3, 2.42%, 0, 6, 6, 8.21, 275625, 1584
995, 2, 59, 71, 33, 3, 2.42%, 0, 6, 6, 8.27, 275667, 1584
1001, 2, 59, 71, 33, 3, 2.42%, 0, 6, 6, 8.26, 275709, 1584
1006, 2, 59, 71, 33, 3, 2.42%, 0, 6, 6, 8.13, 275751, 1584
1011, 2, 59, 71, 33, 3, 2.42%, 0, 6, 6, 8.28, 275793, 1584
1016, 2, 59, 71, 33, 3, 2.42%, 0, 6, 6, 8.31, 275835, 1584
1021, 2, 59, 71, 33, 3, 2.42%, 0, 6, 6, 8.29, 275877, 1584
1026, 2, 59, 71, 33, 3, 2.42%, 0, 6, 6, 8.32, 275919, 1584
1031, 2, 59, 71, 33, 3, 2.42%, 0, 6, 6, 8.32, 275961, 1584
1036, 2, 59, 71, 33, 3, 2.42%, 0, 6, 6, 8.29, 276003, 1584
1041, 2, 59, 71, 33, 3, 2.42%, 0, 6, 6, 8.24, 276045, 1584
1046, 2, 59, 71, 33, 3, 2.42%, 0, 6, 6, 7.69, 276097, 1584
1051, 2, 59, 71, 33, 3, 2.42%, 0, 6, 6, 200.00, 276231, 1584
1057, 2, 67, 72, 33, 3, 2.42%, 0, 6, 6, 318.43, 277548, 1584
1062, 2, 67, 73, 34, 3, 2.42%, 0, 6, 6, 331.86, 279297, 1585
1067, 2, 67, 73, 34, 3, 2.42%, 0, 6, 6, 326.63, 280941, 1585
1072, 2, 67, 73, 34, 3, 2.42%, 0, 6, 6, 8.00, 282453, 1585
1078, 2, 67, 73, 34, 3, 2.42%, 0, 6, 6, 6.25, 282482, 1585
1083, 2, 67, 73, 34, 3, 2.42%, 0, 6, 6, 5.51, 282509, 1585
1088, 2, 67, 73, 34, 3, 2.42%, 0, 6, 6, 5.70, 282537, 1585
1093, 2, 67, 73, 34, 3, 2.42%, 0, 6, 6, 5.36, 282566, 1585
1098, 2, 67, 73, 34, 3, 2.42%, 0, 6, 6, 5.13, 282592, 1585
1103, 2, 67, 73, 34, 3, 2.42%, 0, 6, 6, 5.83, 282623, 1585
1112, 2, 67, 74, 35, 3, 2.42%, 0, 6, 6, 3.37, 283611, 1585
1117, 2, 67, 74, 35, 3, 2.42%, 0, 6, 6, 4.48, 283639, 1585
1122, 2, 67, 74, 35, 3, 2.42%, 0, 7, 6, 4.79, 283661, 1585
1127, 2, 67, 75, 36, 3, 2.42%, 0, 7, 6, 5.25, 283686, 1585
1132, 2, 67, 75, 36, 3, 2.42%, 0, 7, 6, 5.42, 283714, 1585
1137, 2, 67, 75, 36, 3, 2.42%, 0, 7, 6, 5.03, 283739, 1585
1142, 2, 67, 75, 36, 3, 2.42%, 0, 7, 6, 5.02, 283765, 1585
1147, 2, 67, 75, 36, 3, 2.42%, 0, 7, 6, 5.15, 283791, 1585
1153, 2, 67, 75, 36, 3, 2.42%, 0, 7, 6, 5.18, 283818, 1585
1158, 2, 67, 75, 36, 3, 2.42%, 0, 7, 6, 5.35, 283846, 1585
1163, 2, 67, 75, 36, 3, 2.42%, 0, 7, 6, 5.31, 283874, 1585
1168, 2, 67, 75, 36, 3, 2.42%, 0, 7, 6, 5.28, 283902, 1585
1173, 2, 67, 75, 36, 3, 2.42%, 0, 7, 6, 4.85, 283926, 1585
1178, 2, 67, 75, 36, 3, 2.42%, 0, 7, 6, 5.38, 283955, 1585
1183, 2, 67, 75, 36, 3, 2.42%, 0, 7, 6, 4.71, 283977, 1585
1188, 2, 67, 75, 36, 3, 2.42%, 0, 7, 6, 5.43, 284004, 1585
1195, 2, 67, 76, 37, 3, 2.42%, 0, 7, 6, 5.24, 284027, 1585
1200, 2, 67, 76, 37, 3, 2.42%, 0, 7, 6, 5.09, 284055, 1585
1205, 2, 67, 76, 37, 3, 2.42%, 0, 7, 6, 6.01, 284088, 1585
1210, 2, 67, 76, 37, 3, 2.42%, 0, 7, 6, 5.40, 284116, 1585
1216, 2, 67, 76, 37, 3, 2.42%, 0, 7, 6, 5.63, 284144, 1585
1221, 2, 67, 76, 37, 3, 2.42%, 0, 7, 6, 4.87, 284166, 1585
1226, 2, 67, 76, 37, 3, 2.42%, 0, 7, 6, 5.65, 284196, 1585
1231, 2, 67, 76, 37, 3, 2.42%, 0, 7, 6, 5.66, 284226, 1585
1237, 2, 67, 76, 37, 3, 2.42%, 0, 7, 6, 5.69, 284258, 1585
1242, 2, 67, 76, 37, 3, 2.42%, 0, 7, 6, 5.12, 284283, 1585
1247, 2, 67, 76, 37, 3, 2.42%, 0, 7, 6, 5.06, 284310, 1585
1252, 2, 67, 76, 37, 3, 2.42%, 0, 7, 6, 4.68, 284333, 1585
1257, 2, 67, 76, 37, 3, 2.42%, 0, 7, 6, 5.32, 284361, 1585
1262, 2, 67, 76, 37, 3, 2.42%, 0, 7, 6, 5.08, 284384, 1585
1268, 2, 67, 76, 37, 3, 2.42%, 0, 7, 6, 4.93, 284409, 1585
1273, 2, 67, 76, 37, 3, 2.42%, 0, 7, 6, 4.74, 284435, 1585
1278, 2, 67, 76, 37, 3, 2.42%, 0, 7, 6, 5.08, 284462, 1585
1283, 2, 67, 76, 37, 3, 2.42%, 0, 7, 6, 5.55, 284493, 1585
1288, 2, 67, 76, 37, 3, 2.42%, 0, 7, 6, 4.96, 284517, 1585
1293, 2, 67, 76, 37, 3, 2.42%, 0, 7, 6, 5.38, 284544, 1585
1298, 2, 67, 76, 37, 3, 2.42%, 0, 7, 6, 4.92, 284570, 1585
1304, 2, 67, 76, 37, 3, 2.42%, 0, 7, 6, 4.59, 284594, 1585
1309, 2, 67, 76, 37, 3, 2.42%, 0, 7, 6, 4.71, 284619, 1585
1314, 2, 67, 76, 37, 3, 2.42%, 0, 7, 6, 5.18, 284645, 1585
1319, 2, 67, 76, 37, 3, 2.42%, 0, 7, 6, 5.53, 284674, 1585
1324, 2, 67, 76, 37, 3, 2.42%, 0, 7, 6, 5.75, 284703, 1585
1329, 2, 67, 76, 37, 3, 2.42%, 0, 7, 6, 5.49, 284730, 1585
1334, 2, 67, 76, 37, 3, 2.42%, 0, 7, 6, 5.03, 284755, 1585
1340, 2, 67, 76, 37, 3, 2.42%, 0, 7, 6, 4.83, 284781, 1585
1345, 2, 67, 76, 37, 3, 2.42%, 0, 7, 6, 5.62, 284809, 1585
1350, 2, 67, 76, 37, 3, 2.42%, 0, 7, 6, 4.70, 284830, 1585
1355, 2, 67, 76, 37, 3, 2.42%, 0, 7, 6, 4.90, 284856, 1585
1360, 2, 67, 76, 37, 3, 2.42%, 0, 7, 6, 5.20, 284883, 1585
1365, 2, 67, 76, 37, 3, 2.42%, 0, 7, 6, 5.35, 284910, 1585
1370, 2, 67, 76, 37, 3, 2.42%, 0, 7, 6, 5.41, 284939, 1585
1375, 2, 67, 76, 37, 3, 2.42%, 0, 7, 6, 5.63, 284968, 1585
1380, 2, 67, 76, 37, 3, 2.42%, 0, 7, 6, 6.12, 285000, 1585
1386, 2, 67, 76, 37, 3, 2.42%, 0, 7, 6, 5.43, 285027, 1585
1391, 2, 67, 76, 37, 3, 2.42%, 0, 7, 6, 5.66, 285056, 1585
1396, 2, 67, 76, 37, 3, 2.42%, 0, 7, 6, 5.48, 285084, 1585
1401, 2, 67, 76, 37, 3, 2.42%, 0, 7, 6, 5.24, 285112, 1585
1406, 2, 67, 76, 37, 3, 2.42%, 0, 7, 6, 5.29, 285139, 1585
1412, 2, 67, 76, 37, 3, 2.42%, 0, 7, 6, 5.85, 285550, 1585
1417, 2, 67, 76, 37, 3, 2.42%, 0, 7, 6, 5.31, 285576, 1585
1422, 2, 67, 76, 37, 3, 2.42%, 0, 7, 6, 4.91, 285600, 1585
1427, 2, 67, 76, 37, 3, 2.42%, 0, 8, 6, 4.20, 285617, 1585
1433, 2, 67, 76, 37, 3, 2.42%, 0, 8, 6, 4.45, 285638, 1585
1438, 2, 67, 76, 37, 3, 2.42%, 0, 8, 6, 4.31, 285661, 1585
1443, 2, 67, 76, 37, 3, 2.42%, 0, 8, 6, 4.28, 285683, 1585
1448, 2, 67, 76, 37, 3, 2.42%, 0, 8, 6, 4.06, 285704, 1585
1453, 2, 67, 76, 37, 3, 2.42%, 0, 8, 6, 4.22, 285726, 1585
1458, 2, 70, 76, 36, 3, 2.42%, 0, 8, 6, 439.71, 287041, 1585
1464, 2, 70, 77, 37, 3, 2.42%, 0, 8, 6, 2.92, 288553, 1585
1469, 2, 70, 77, 37, 3, 2.42%, 0, 8, 6, 3.22, 288571, 1585
1474, 2, 70, 77, 37, 3, 2.42%, 0, 8, 6, 4.74, 288598, 1585
1479, 2, 70, 77, 37, 3, 2.42%, 0, 8, 6, 4.46, 288620, 1585
1484, 2, 70, 77, 37, 3, 2.42%, 0, 8, 6, 4.16, 288640, 1585
1490, 2, 70, 78, 38, 3, 2.42%, 0, 8, 6, 9.91, 288767, 1585
1495, 2, 70, 78, 38, 3, 2.42%, 0, 8, 6, 9.85, 288817, 1585
1500, 2, 70, 78, 38, 3, 2.42%, 0, 8, 6, 9.92, 288868, 1585
1505, 2, 70, 78, 38, 3, 2.42%, 0, 8, 6, 9.59, 288914, 1585
1510, 2, 72, 78, 37, 2, 2.42%, 0, 8, 6, 316.73, 289712, 1585
1515, 2, 72, 79, 38, 2, 2.42%, 0, 8, 6, 362.56, 291542, 1588
1520, 2, 72, 79, 38, 2, 2.42%, 0, 8, 6, 480.92, 293248, 1588
1525, 2, 72, 79, 38, 2, 2.42%, 0, 8, 6, 10.18, 294930, 1588
1531, 2, 72, 79, 38, 2, 2.42%, 0, 8, 6, 10.49, 294986, 1588
1536, 2, 72, 79, 38, 2, 2.42%, 0, 8, 6, 10.39, 295040, 1588
1541, 2, 72, 79, 38, 2, 2.42%, 0, 8, 6, 10.84, 295095, 1588
1546, 2, 61, 79, 37, 2, 2.42%, 0, 8, 6, 226.18, 296086, 1588
1551, 2, 61, 79, 37, 2, 2.42%, 0, 8, 6, 358.68, 298008, 1588
1556, 2, 47, 79, 36, 1, 2.42%, 0, 8, 6, 302.34, 299466, 1588
1561, 2, 47, 80, 37, 1, 2.43%, 0, 8, 6, 321.61, 300980, 1590
1566, 2, 47, 80, 37, 1, 2.43%, 0, 8, 6, 5.08, 301758, 1590
1572, 2, 47, 80, 37, 1, 2.43%, 0, 8, 6, 4.23, 301778, 1590
1577, 2, 47, 80, 37, 1, 2.43%, 0, 8, 6, 3.59, 301795, 1590
1582, 2, 47, 80, 37, 1, 2.43%, 0, 8, 6, 3.68, 301815, 1590
1587, 2, 47, 80, 37, 1, 2.43%, 0, 8, 6, 3.53, 301833, 1590
1592, 2, 47, 80, 37, 1, 2.43%, 0, 8, 6, 4.01, 301855, 1590
1597, 2, 47, 80, 37, 1, 2.43%, 0, 8, 6, 3.64, 301872, 1590
1602, 2, 47, 80, 37, 1, 2.43%, 0, 8, 6, 3.86, 301893, 1590
1608, 2, 47, 80, 37, 1, 2.43%, 0, 8, 6, 3.92, 301913, 1590
1616, 2, 47, 81, 38, 1, 2.43%, 0, 8, 6, 3.69, 301925, 1590
1621, 2, 47, 81, 38, 1, 2.43%, 0, 8, 6, 3.69, 301947, 1590
1626, 2, 47, 81, 38, 1, 2.43%, 0, 8, 6, 3.57, 301964, 1590
1631, 2, 47, 81, 38, 1, 2.43%, 0, 8, 6, 3.89, 301985, 1590
1636, 2, 47, 81, 38, 1, 2.43%, 0, 8, 6, 3.90, 302004, 1590
1642, 2, 47, 81, 38, 1, 2.43%, 0, 8, 6, 3.51, 302020, 1590
1647, 2, 47, 81, 38, 1, 2.43%, 0, 8, 6, 3.45, 302038, 1590
1652, 2, 47, 81, 38, 1, 2.43%, 0, 8, 6, 3.35, 302054, 1590
1657, 2, 47, 81, 38, 1, 2.43%, 0, 8, 6, 3.60, 302073, 1590
1662, 2, 47, 81, 38, 1, 2.43%, 0, 8, 6, 4.15, 302095, 1590
1667, 2, 47, 81, 38, 1, 2.43%, 0, 8, 6, 22.44, 302848, 1590
1673, 2, 47, 81, 38, 1, 2.43%, 0, 8, 6, 19.92, 302945, 1590
1678, 2, 47, 81, 38, 1, 2.43%, 0, 8, 6, 5.16, 303151, 1590
1683, 2, 47, 81, 38, 1, 2.43%, 0, 8, 6, 5.39, 303180, 1590
1688, 2, 47, 81, 38, 1, 2.43%, 0, 8, 6, 5.22, 303204, 1590
1693, 2, 47, 81, 38, 1, 2.43%, 0, 8, 6, 5.72, 303236, 1590
1698, 2, 47, 81, 38, 1, 2.43%, 0, 8, 6, 5.56, 303265, 1590
1703, 2, 47, 81, 38, 1, 2.43%, 0, 8, 6, 5.18, 303291, 1590
1708, 2, 78, 81, 38, 2, 2.43%, 0, 8, 6, 367.43, 304423, 1590
1714, 2, 78, 82, 39, 2, 2.44%, 0, 8, 6, 77.99, 305898, 1596
1719, 2, 78, 82, 39, 2, 2.44%, 0, 8, 6, 251.50, 307367, 1596
1724, 2, 78, 82, 39, 2, 2.44%, 0, 8, 6, 2.41, 307978, 1596
1729, 2, 78, 82, 39, 2, 2.44%, 0, 8, 6, 3.14, 307997, 1596
1735, 2, 78, 82, 39, 2, 2.44%, 0, 8, 6, 3.76, 308018, 1596
1740, 2, 78, 82, 39, 2, 2.44%, 0, 8, 6, 3.91, 308038, 1596
1745, 2, 78, 82, 39, 2, 2.44%, 0, 8, 6, 3.98, 308058, 1596
1750, 2, 78, 82, 39, 2, 2.44%, 0, 8, 6, 3.84, 308078, 1596
1755, 2, 78, 82, 39, 2, 2.44%, 0, 8, 6, 3.88, 308098, 1596
1760, 2, 78, 82, 39, 2, 2.44%, 0, 8, 6, 3.54, 308115, 1596
1766, 2, 78, 82, 39, 2, 2.44%, 0, 8, 6, 3.66, 308134, 1596
1771, 2, 78, 82, 39, 2, 2.44%, 0, 8, 6, 4.61, 308159, 1596
1777, 2, 78, 82, 39, 2, 2.44%, 0, 9, 6, 3.47, 308167, 1596
1782, 2, 78, 82, 39, 2, 2.44%, 0, 9, 6, 2.67, 308174, 1596
1788, 2, 78, 82, 39, 2, 2.44%, 0, 9, 6, 2.14, 308181, 1596
1794, 2, 78, 82, 39, 2, 2.44%, 0, 9, 6, 1.95, 308189, 1596
1799, 2, 78, 82, 39, 2, 2.44%, 0, 9, 6, 1.81, 308197, 1596
1804, 2, 78, 82, 39, 2, 2.44%, 0, 9, 6, 1.61, 308203, 1596
1810, 2, 78, 82, 39, 2, 2.44%, 0, 9, 6, 1.52, 308211, 1596
1815, 2, 78, 82, 39, 2, 2.44%, 0, 9, 6, 1.67, 308221, 1596
1821, 2, 78, 82, 39, 2, 2.44%, 0, 9, 6, 1.61, 308229, 1596
1826, 2, 78, 82, 39, 2, 2.44%, 0, 9, 6, 1.48, 308236, 1596
1832, 2, 78, 82, 39, 2, 2.44%, 0, 9, 6, 1.51, 308245, 1596
1837, 2, 78, 82, 39, 2, 2.44%, 0, 9, 6, 1.40, 308251, 1596
1842, 2, 78, 82, 39, 2, 2.44%, 0, 9, 6, 1.39, 308258, 1596
1848, 2, 78, 83, 40, 2, 2.44%, 0, 9, 6, 1.63, 308273, 1601
1853, 2, 78, 83, 40, 2, 2.44%, 0, 9, 6, 1.61, 308281, 1601
1859, 2, 78, 83, 40, 2, 2.44%, 0, 9, 6, 1.57, 308289, 1601
1864, 2, 78, 83, 40, 2, 2.44%, 0, 9, 6, 1.56, 308297, 1601
1870, 2, 78, 83, 40, 2, 2.44%, 0, 9, 6, 1.67, 308305, 1601
1876, 2, 78, 83, 40, 2, 2.44%, 0, 9, 6, 1.50, 308312, 1601
1881, 2, 78, 83, 40, 2, 2.44%, 0, 9, 6, 1.65, 308320, 1601
1886, 2, 78, 83, 40, 2, 2.44%, 0, 9, 6, 1.62, 308328, 1601
1892, 2, 78, 83, 40, 2, 2.44%, 0, 9, 6, 1.68, 308337, 1601
1897, 2, 78, 83, 40, 2, 2.44%, 0, 9, 6, 1.70, 308345, 1601
1902, 2, 78, 83, 40, 2, 2.44%, 0, 9, 6, 1.52, 308352, 1601
1907, 2, 78, 83, 40, 2, 2.44%, 0, 9, 6, 1.50, 308359, 1601
1913, 2, 78, 83, 40, 2, 2.44%, 0, 9, 6, 1.53, 308367, 1601
1918, 2, 78, 83, 40, 2, 2.44%, 0, 9, 6, 1.50, 308375, 1601
1924, 2, 78, 83, 40, 2, 2.44%, 0, 9, 6, 1.42, 308382, 1601
1929, 2, 78, 83, 40, 2, 2.44%, 0, 9, 6, 1.01, 308391, 1601
1935, 2, 78, 83, 40, 2, 2.44%, 0, 9, 6, 1.15, 308398, 1601
1940, 2, 78, 83, 40, 2, 2.44%, 0, 9, 6, 1.28, 308406, 1601
1945, 2, 78, 83, 40, 2, 2.44%, 0, 9, 6, 1.30, 308413, 1601
1951, 2, 78, 83, 40, 2, 2.44%, 0, 9, 6, 1.42, 308422, 1601
1957, 2, 78, 83, 40, 2, 2.44%, 0, 9, 6, 1.43, 308430, 1601
1962, 2, 78, 83, 40, 2, 2.44%, 0, 9, 6, 1.44, 308438, 1601
1967, 2, 78, 83, 40, 2, 2.44%, 0, 9, 6, 1.60, 308447, 1601
1973, 2, 78, 83, 40, 2, 2.44%, 0, 9, 6, 1.52, 308455, 1601
1978, 2, 78, 83, 40, 2, 2.44%, 0, 9, 6, 1.48, 308462, 1601
1983, 2, 78, 83, 40, 2, 2.44%, 0, 9, 6, 1.73, 308472, 1601
1988, 2, 78, 83, 40, 2, 2.44%, 0, 9, 6, 1.76, 308480, 1601
1994, 2, 78, 83, 40, 2, 2.44%, 0, 9, 6, 1.64, 308487, 1601
1999, 2, 78, 83, 40, 2, 2.44%, 0, 9, 6, 1.68, 308497, 1601
2005, 2, 78, 83, 40, 2, 2.44%, 0, 9, 6, 1.51, 308503, 1601
2010, 2, 78, 83, 40, 2, 2.44%, 0, 9, 6, 1.48, 308511, 1601
2016, 2, 78, 83, 40, 2, 2.44%, 0, 9, 6, 1.51, 308519, 1601
2021, 2, 78, 83, 40, 2, 2.44%, 0, 9, 6, 1.73, 308529, 1601
2026, 2, 78, 83, 40, 2, 2.44%, 0, 9, 6, 1.67, 308537, 1601
2031, 2, 78, 83, 40, 2, 2.44%, 0, 9, 6, 1.57, 308544, 1601
2037, 2, 78, 83, 40, 2, 2.44%, 0, 9, 6, 381.64, 309347, 1601
2042, 2, 78, 83, 40, 2, 2.44%, 0, 9, 6, 6.81, 309730, 1601
2047, 2, 78, 83, 40, 2, 2.44%, 0, 9, 6, 5.14, 309754, 1601
2052, 2, 78, 83, 40, 2, 2.44%, 0, 9, 6, 4.60, 309776, 1601
2058, 2, 78, 83, 40, 2, 2.44%, 0, 9, 6, 5.21, 309803, 1601
2063, 2, 78, 83, 40, 2, 2.44%, 0, 9, 6, 4.73, 309826, 1601
2068, 2, 78, 83, 40, 2, 2.44%, 0, 9, 6, 4.82, 309849, 1601
2073, 2, 78, 83, 40, 2, 2.44%, 0, 9, 6, 5.13, 309876, 1601
2078, 2, 78, 83, 40, 2, 2.44%, 0, 9, 6, 147.97, 310125, 1601
2084, 2, 81, 86, 42, 3, 2.57%, 0, 9, 6, 273.41, 311648, 1685
2089, 2, 81, 87, 43, 3, 2.59%, 0, 9, 6, 306.56, 313242, 1695
2094, 2, 81, 87, 43, 3, 2.59%, 0, 9, 6, 333.05, 314928, 1695
2099, 2, 81, 88, 44, 3, 2.60%, 0, 9, 6, 298.58, 316364, 1702
2104, 2, 81, 88, 44, 3, 2.60%, 0, 9, 6, 304.56, 317918, 1702
2109, 2, 81, 88, 44, 3, 2.60%, 0, 9, 6, 322.44, 319574, 1702
2114, 2, 81, 88, 44, 3, 2.60%, 0, 9, 6, 50.63, 321344, 1702
2119, 2, 81, 88, 44, 3, 2.60%, 0, 9, 6, 320.55, 322976, 1702
2125, 2, 81, 88, 44, 3, 2.60%, 0, 9, 6, 58.25, 324542, 1702
2130, 2, 81, 89, 45, 3, 2.61%, 0, 9, 6, 336.97, 326254, 1713
2135, 2, 81, 89, 45, 3, 2.61%, 0, 9, 6, 326.65, 327832, 1713
2140, 2, 81, 89, 45, 3, 2.61%, 0, 9, 6, 344.37, 329494, 1713
2145, 2, 81, 89, 45, 3, 2.61%, 0, 9, 6, 15.22, 330796, 1713
2150, 2, 81, 89, 45, 3, 2.61%, 0, 9, 6, 16.54, 330883, 1713
2155, 2, 81, 89, 45, 3, 2.61%, 0, 9, 6, 16.83, 330972, 1713
2160, 2, 81, 89, 45, 3, 2.61%, 0, 9, 6, 16.75, 331057, 1713
2166, 2, 81, 89, 45, 3, 2.61%, 0, 9, 6, 16.12, 331140, 1713
2171, 2, 81, 89, 45, 3, 2.61%, 0, 9, 6, 16.92, 331226, 1713
2176, 2, 81, 89, 45, 3, 2.61%, 0, 9, 6, 16.29, 331308, 1713
2181, 2, 81, 89, 45, 3, 2.61%, 0, 9, 6, 396.54, 332104, 1713
2186, 2, 81, 89, 45, 3, 2.61%, 0, 9, 6, 28.30, 332613, 1713
2191, 2, 81, 89, 45, 3, 2.61%, 0, 9, 6, 25.77, 332738, 1713
2196, 2, 81, 89, 45, 3, 2.61%, 0, 9, 6, 27.71, 332877, 1713
2201, 2, 81, 89, 45, 3, 2.61%, 0, 9, 6, 28.94, 333023, 1713
2206, 2, 81, 89, 45, 3, 2.61%, 0, 9, 6, 456.90, 334240, 1713
2211, 2, 81, 89, 45, 3, 2.61%, 0, 9, 6, 19.95, 334342, 1713
2217, 2, 81, 89, 45, 3, 2.61%, 0, 9, 6, 19.70, 334443, 1713
2222, 2, 81, 89, 45, 3, 2.61%, 0, 9, 6, 19.32, 334540, 1713
2227, 2, 81, 89, 45, 3, 2.61%, 0, 9, 6, 20.63, 334637, 1713
2232, 2, 81, 89, 45, 3, 2.61%, 0, 9, 6, 20.66, 334741, 1713
2237, 2, 81, 89, 45, 3, 2.61%, 0, 9, 6, 227.97, 335160, 1713
2242, 2, 81, 89, 45, 3, 2.61%, 0, 9, 6, 26.52, 335512, 1713
2247, 2, 81, 89, 45, 3, 2.61%, 0, 9, 6, 26.21, 335639, 1713
2252, 2, 81, 89, 45, 3, 2.61%, 0, 9, 6, 28.30, 335782, 1713
2258, 2, 81, 89, 45, 3, 2.61%, 0, 9, 6, 25.91, 335911, 1713
2263, 2, 81, 89, 45, 3, 2.61%, 0, 9, 6, 5.94, 336553, 1713
2268, 2, 81, 89, 45, 3, 2.61%, 0, 9, 6, 4.99, 336578, 1713
2273, 2, 81, 89, 45, 3, 2.61%, 0, 9, 6, 4.79, 336603, 1713
2278, 2, 81, 89, 45, 3, 2.61%, 0, 9, 6, 4.85, 336628, 1713
2283, 2, 81, 89, 45, 3, 2.61%, 0, 9, 6, 5.17, 336655, 1713
2288, 2, 81, 89, 45, 3, 2.61%, 0, 9, 6, 4.93, 336681, 1713
2294, 2, 81, 89, 45, 3, 2.61%, 0, 9, 6, 5.00, 336707, 1713
2299, 2, 81, 89, 45, 3, 2.61%, 0, 9, 6, 5.42, 336738, 1713
2304, 2, 81, 89, 45, 3, 2.61%, 0, 9, 6, 6.08, 336769, 1713
2309, 2, 81, 89, 45, 3, 2.61%, 0, 9, 6, 5.46, 336796, 1713
2314, 2, 81, 89, 45, 3, 2.61%, 0, 9, 6, 4.98, 336821, 1713
2319, 2, 81, 89, 45, 3, 2.61%, 0, 9, 6, 4.98, 336847, 1713
2324, 2, 81, 89, 45, 3, 2.61%, 0, 9, 6, 4.56, 336870, 1713
2329, 2, 81, 89, 45, 3, 2.61%, 0, 9, 6, 4.69, 336895, 1713
2335, 2, 81, 89, 45, 3, 2.61%, 0, 9, 6, 5.31, 336924, 1713
2340, 2, 81, 89, 45, 3, 2.61%, 0, 9, 6, 5.18, 336951, 1713
2345, 2, 81, 89, 45, 3, 2.61%, 0, 9, 6, 4.85, 336974, 1713
2350, 2, 81, 89, 45, 3, 2.61%, 0, 9, 6, 4.92, 337000, 1713
2356, 2, 81, 89, 45, 3, 2.61%, 0, 9, 6, 5.37, 337028, 1713
2361, 2, 81, 89, 45, 3, 2.61%, 0, 9, 6, 5.05, 337055, 1713
2366, 2, 81, 89, 45, 3, 2.61%, 0, 9, 6, 4.98, 337081, 1713
2371, 2, 81, 89, 45, 3, 2.61%, 0, 9, 6, 5.11, 337108, 1713
2376, 2, 85, 89, 44, 7, 2.61%, 0, 9, 6, 300.16, 338223, 1713
2381, 2, 85, 89, 44, 7, 2.61%, 0, 9, 6, 345.26, 339985, 1713
2387, 2, 85, 89, 44, 7, 2.61%, 0, 9, 6, 378.81, 341947, 1713
2392, 2, 85, 89, 44, 7, 2.61%, 0, 9, 6, 5.63, 341975, 1713
2397, 2, 85, 89, 44, 7, 2.61%, 0, 9, 6, 5.25, 342003, 1713
2402, 2, 85, 89, 44, 7, 2.61%, 0, 9, 6, 4.82, 342027, 1713
2407, 2, 85, 89, 44, 7, 2.61%, 0, 9, 6, 4.96, 342052, 1713
2412, 2, 85, 89, 44, 7, 2.61%, 0, 9, 6, 4.75, 342076, 1713
2418, 2, 85, 89, 44, 7, 2.61%, 0, 9, 6, 5.80, 342106, 1713
2423, 2, 85, 89, 44, 7, 2.61%, 0, 9, 6, 5.05, 342130, 1713
2428, 2, 85, 89, 44, 7, 2.61%, 0, 9, 6, 4.92, 342156, 1713
2433, 2, 85, 89, 44, 7, 2.61%, 0, 9, 6, 4.64, 342178, 1713
2438, 2, 85, 89, 44, 7, 2.61%, 0, 9, 6, 4.56, 342201, 1713
2443, 2, 85, 89, 44, 7, 2.61%, 0, 9, 6, 4.47, 342224, 1713
2448, 2, 85, 89, 44, 7, 2.61%, 0, 9, 6, 4.66, 342249, 1713
2454, 2, 85, 89, 44, 7, 2.61%, 0, 9, 6, 4.86, 342274, 1713
2459, 2, 85, 89, 44, 7, 2.61%, 0, 9, 6, 4.95, 342299, 1713
2464, 2, 85, 89, 44, 7, 2.61%, 0, 9, 6, 5.30, 342326, 1713
2469, 2, 85, 89, 44, 7, 2.61%, 0, 9, 6, 3.51, 343868, 1713
2474, 2, 85, 89, 44, 7, 2.61%, 0, 9, 6, 4.33, 343892, 1713
2479, 2, 85, 89, 44, 7, 2.61%, 0, 9, 6, 4.61, 343914, 1713
2484, 2, 85, 89, 44, 7, 2.61%, 0, 9, 6, 4.28, 343935, 1713
2490, 2, 85, 89, 44, 7, 2.61%, 0, 9, 6, 4.40, 343959, 1713
2495, 2, 85, 89, 44, 7, 2.61%, 0, 9, 6, 3.86, 343978, 1713
2500, 2, 85, 89, 44, 7, 2.61%, 0, 9, 6, 4.40, 344002, 1713
2505, 2, 85, 89, 44, 7, 2.61%, 0, 9, 6, 4.71, 344027, 1713
2510, 2, 85, 89, 44, 7, 2.61%, 0, 9, 6, 4.33, 344048, 1713
2515, 2, 85, 89, 44, 7, 2.61%, 0, 9, 6, 4.38, 344071, 1713
2521, 2, 85, 89, 44, 7, 2.61%, 0, 9, 6, 5.04, 344099, 1713
2526, 2, 85, 89, 44, 7, 2.61%, 0, 9, 6, 4.74, 344124, 1713
2531, 2, 85, 89, 44, 7, 2.61%, 0, 9, 6, 4.70, 344147, 1713
2536, 2, 85, 89, 44, 7, 2.61%, 0, 9, 6, 5.25, 344174, 1713
2541, 2, 85, 89, 44, 7, 2.61%, 0, 9, 6, 5.24, 344201, 1713
2546, 2, 85, 89, 44, 7, 2.61%, 0, 9, 6, 4.59, 344224, 1713
2551, 2, 85, 89, 44, 7, 2.61%, 0, 9, 6, 4.57, 344247, 1713
2557, 2, 85, 89, 44, 7, 2.61%, 0, 9, 6, 437.62, 345931, 1713
2562, 2, 79, 89, 43, 6, 2.61%, 0, 9, 6, 377.66, 347839, 1713
2567, 2, 79, 89, 43, 6, 2.61%, 0, 9, 6, 16.36, 349452, 1713
2572, 2, 79, 89, 43, 6, 2.61%, 0, 9, 6, 17.69, 349546, 1713
2577, 2, 79, 89, 43, 6, 2.61%, 0, 9, 6, 16.40, 349625, 1713
2582, 2, 79, 89, 43, 6, 2.61%, 0, 9, 6, 16.12, 349690, 1713
2587, 2, 79, 89, 43, 6, 2.61%, 0, 9, 6, 3.12, 350312, 1713
2593, 2, 79, 89, 43, 6, 2.61%, 0, 9, 6, 3.65, 350333, 1713
2598, 2, 79, 89, 43, 6, 2.61%, 0, 9, 6, 4.21, 350355, 1713
2603, 2, 79, 89, 43, 6, 2.61%, 0, 9, 6, 4.02, 350375, 1713
2608, 2, 79, 89, 43, 6, 2.61%, 0, 9, 6, 4.13, 350396, 1713
2613, 2, 79, 89, 43, 6, 2.61%, 0, 9, 6, 3.80, 350415, 1713
2618, 2, 79, 89, 43, 6, 2.61%, 0, 9, 6, 3.99, 350435, 1713
2624, 2, 79, 89, 43, 6, 2.61%, 0, 9, 6, 3.78, 350454, 1713
2629, 2, 79, 89, 43, 6, 2.61%, 0, 9, 6, 3.89, 350474, 1713
2634, 2, 79, 89, 43, 6, 2.61%, 0, 9, 6, 3.83, 350493, 1713
2639, 2, 79, 89, 43, 6, 2.61%, 0, 9, 6, 3.81, 350513, 1713
2644, 2, 79, 89, 43, 6, 2.61%, 0, 9, 6, 3.57, 350530, 1713
2649, 2, 79, 89, 43, 6, 2.61%, 0, 9, 6, 3.52, 350548, 1713
2654, 2, 79, 89, 43, 6, 2.61%, 0, 9, 6, 3.72, 350568, 1713
2659, 2, 79, 89, 43, 6, 2.61%, 0, 9, 6, 4.05, 350589, 1713
2664, 2, 79, 89, 43, 6, 2.61%, 0, 9, 6, 359.17, 351847, 1713
2669, 2, 79, 89, 43, 6, 2.61%, 0, 9, 6, 3.78, 352337, 1713
2675, 2, 79, 89, 43, 6, 2.61%, 0, 9, 6, 4.09, 352360, 1713
2680, 2, 79, 89, 43, 6, 2.61%, 0, 9, 6, 3.95, 352380, 1713
2685, 2, 79, 89, 43, 6, 2.61%, 0, 9, 6, 3.81, 352398, 1713
2690, 2, 79, 89, 43, 6, 2.61%, 0, 9, 6, 3.81, 352418, 1713
2695, 2, 79, 89, 43, 6, 2.61%, 0, 9, 6, 4.14, 352441, 1713
2700, 2, 79, 89, 43, 6, 2.61%, 0, 9, 6, 3.95, 352460, 1713
2706, 2, 79, 89, 43, 6, 2.61%, 0, 9, 6, 4.18, 352484, 1713
2711, 2, 79, 89, 43, 6, 2.61%, 0, 9, 6, 4.45, 352506, 1713
2716, 2, 79, 89, 43, 6, 2.61%, 0, 9, 6, 3.92, 352523, 1713
2721, 2, 79, 89, 43, 6, 2.61%, 0, 9, 6, 3.89, 352544, 1713
2726, 2, 79, 89, 43, 6, 2.61%, 0, 9, 6, 3.81, 352564, 1713
2731, 2, 79, 89, 43, 6, 2.61%, 0, 9, 6, 3.99, 352585, 1713
2736, 2, 79, 89, 43, 6, 2.61%, 0, 9, 6, 4.09, 352605, 1713
2741, 2, 79, 89, 43, 6, 2.61%, 0, 9, 6, 9.27, 352922, 1713
2746, 2, 79, 89, 43, 6, 2.61%, 0, 9, 6, 8.83, 352966, 1713
2752, 2, 79, 89, 43, 6, 2.61%, 0, 9, 6, 8.85, 353012, 1713
2757, 2, 79, 89, 43, 6, 2.61%, 0, 9, 6, 8.67, 353057, 1713
2762, 2, 79, 89, 43, 6, 2.61%, 0, 9, 6, 8.56, 353102, 1713
2767, 2, 79, 89, 43, 6, 2.61%, 0, 9, 6, 8.81, 353147, 1713
2772, 2, 83, 89, 42, 5, 2.61%, 0, 9, 6, 242.16, 353448, 1713
2777, 2, 83, 89, 42, 5, 2.61%, 0, 9, 6, 356.07, 354788, 1713
2783, 2, 83, 89, 42, 5, 2.61%, 0, 9, 6, 4.44, 356135, 1713
2788, 2, 83, 89, 42, 5, 2.61%, 0, 9, 6, 4.41, 356158, 1713
2793, 2, 83, 89, 42, 5, 2.61%, 0, 9, 6, 4.29, 356181, 1713
2798, 2, 83, 89, 42, 5, 2.61%, 0, 9, 6, 4.33, 356204, 1713
2803, 2, 83, 89, 42, 5, 2.61%, 0, 9, 6, 4.32, 356226, 1713
2808, 2, 83, 89, 42, 5, 2.61%, 0, 9, 6, 4.58, 356250, 1713
2814, 2, 83, 89, 42, 5, 2.61%, 0, 9, 6, 5.00, 356277, 1713
2819, 2, 83, 89, 42, 5, 2.61%, 0, 9, 6, 4.79, 356302, 1713
2824, 2, 83, 89, 42, 5, 2.61%, 0, 9, 6, 4.72, 356328, 1713
2829, 2, 83, 89, 42, 5, 2.61%, 0, 9, 6, 4.59, 356352, 1713
2834, 2, 83, 89, 42, 5, 2.61%, 0, 9, 6, 4.52, 356375, 1713
2840, 2, 83, 89, 42, 5, 2.61%, 0, 9, 6, 4.32, 356397, 1713
2845, 2, 83, 89, 42, 5, 2.61%, 0, 9, 6, 261.73, 356631, 1713
2850, 2, 83, 89, 42, 5, 2.61%, 0, 9, 6, 20.87, 357619, 1713
2855, 2, 83, 89, 42, 5, 2.61%, 0, 9, 6, 23.34, 357735, 1713
2860, 2, 83, 89, 42, 5, 2.61%, 0, 9, 6, 368.16, 357928, 1713
2865, 2, 83, 89, 42, 5, 2.61%, 0, 9, 6, 12.77, 359591, 1713
2870, 2, 83, 89, 42, 5, 2.61%, 0, 9, 6, 13.43, 359660, 1713
2876, 2, 83, 89, 42, 5, 2.61%, 0, 9, 6, 14.49, 359735, 1713
2881, 2, 83, 89, 42, 5, 2.61%, 0, 9, 6, 14.51, 359794, 1713
2886, 2, 83, 89, 42, 5, 2.61%, 0, 9, 6, 14.84, 359867, 1713
2891, 2, 87, 89, 41, 4, 2.61%, 0, 9, 6, 335.60, 361754, 1713
2896, 2, 87, 89, 41, 4, 2.61%, 0, 9, 6, 3.28, 362502, 1713
2901, 2, 87, 89, 41, 4, 2.61%, 0, 9, 6, 3.52, 362521, 1713
2906, 2, 87, 89, 41, 4, 2.61%, 0, 9, 6, 3.85, 362540, 1713
2912, 2, 87, 89, 41, 4, 2.61%, 0, 9, 6, 3.85, 362558, 1713
2917, 2, 87, 89, 41, 4, 2.61%, 0, 9, 6, 3.89, 362579, 1713
2922, 2, 87, 89, 41, 4, 2.61%, 0, 9, 6, 4.42, 362603, 1713
2927, 2, 87, 89, 41, 4, 2.61%, 0, 9, 6, 4.67, 362628, 1713
2932, 2, 87, 89, 41, 4, 2.61%, 0, 9, 6, 4.18, 362649, 1713
2938, 2, 87, 89, 41, 4, 2.61%, 0, 9, 6, 4.04, 362668, 1713
2943, 2, 87, 89, 41, 4, 2.61%, 0, 9, 6, 3.57, 362685, 1713
2948, 2, 87, 89, 41, 4, 2.61%, 0, 9, 6, 3.70, 362705, 1713
2953, 2, 87, 89, 41, 4, 2.61%, 0, 9, 6, 4.46, 362730, 1713
2958, 2, 87, 89, 41, 4, 2.61%, 0, 9, 6, 4.14, 362752, 1713
2964, 2, 87, 89, 41, 4, 2.61%, 0, 9, 6, 4.09, 362773, 1713
2969, 2, 87, 89, 41, 4, 2.61%, 0, 9, 6, 460.21, 363965, 1713
2974, 2, 87, 89, 41, 4, 2.61%, 0, 9, 6, 84.48, 365394, 1713
2979, 2, 86, 90, 41, 3, 2.62%, 0, 9, 7, 306.54, 367139, 1714
2984, 2, 86, 90, 41, 3, 2.62%, 0, 9, 7, 346.69, 368951, 1714
2989, 2, 86, 90, 41, 3, 2.62%, 0, 9, 7, 380.27, 370685, 1714
2994, 2, 86, 90, 41, 3, 2.62%, 0, 9, 7, 11.10, 371482, 1714
2999, 2, 86, 91, 42, 3, 3.03%, 0, 9, 7, 13.11, 371556, 1989
3004, 2, 86, 91, 42, 3, 3.03%, 0, 9, 7, 13.15, 371619, 1989
3010, 2, 86, 91, 42, 3, 3.03%, 0, 9, 7, 13.97, 371693, 1989
3015, 2, 86, 91, 42, 3, 3.03%, 0, 9, 7, 12.13, 371749, 1989
3020, 2, 86, 91, 42, 3, 3.03%, 0, 9, 7, 12.98, 371815, 1989
3025, 2, 86, 92, 43, 3, 3.07%, 0, 9, 7, 12.65, 371883, 2009
3031, 2, 86, 92, 43, 3, 3.07%, 0, 9, 7, 13.40, 371954, 2009
3036, 2, 86, 92, 43, 3, 3.07%, 0, 9, 7, 13.50, 372024, 2009
3041, 2, 86, 92, 43, 3, 3.07%, 0, 9, 7, 12.60, 372088, 2009
3046, 2, 86, 92, 43, 3, 3.07%, 0, 9, 7, 12.53, 372149, 2009
3051, 2, 86, 92, 43, 3, 3.07%, 0, 9, 7, 13.74, 372220, 2009
3056, 2, 86, 92, 43, 3, 3.07%, 0, 9, 7, 13.19, 372287, 2009
3061, 2, 86, 92, 43, 3, 3.07%, 0, 9, 7, 13.82, 372357, 2009
3066, 2, 86, 92, 43, 3, 3.07%, 0, 9, 7, 13.02, 372422, 2009
3072, 2, 86, 92, 43, 3, 3.07%, 0, 9, 7, 13.61, 372493, 2009
3077, 2, 86, 92, 43, 3, 3.07%, 0, 9, 7, 13.63, 372563, 2009
3082, 2, 86, 92, 43, 3, 3.07%, 0, 9, 7, 485.15, 372735, 2009
3087, 2, 86, 92, 43, 3, 3.07%, 0, 9, 7, 415.49, 374809, 2009
3092, 2, 84, 93, 43, 5, 3.07%, 0, 9, 7, 386.36, 376603, 2010
3097, 2, 84, 95, 45, 5, 3.07%, 0, 9, 7, 317.87, 378115, 2012
3103, 2, 84, 96, 46, 5, 3.07%, 0, 9, 7, 309.75, 379635, 2013
3108, 2, 84, 97, 47, 5, 3.08%, 0, 9, 7, 297.70, 380977, 2017
3113, 2, 84, 98, 48, 5, 3.08%, 0, 9, 7, 297.03, 382422, 2020
3118, 2, 84, 99, 49, 5, 3.11%, 0, 9, 7, 220.17, 383777, 2037
3123, 2, 84, 100, 50, 5, 3.11%, 0, 9, 7, 271.68, 385217, 2040
3128, 2, 84, 102, 52, 5, 3.14%, 0, 9, 7, 305.52, 386769, 2055
3133, 2, 84, 104, 54, 5, 3.17%, 0, 9, 7, 278.11, 388150, 2080
3138, 2, 84, 104, 54, 5, 3.17%, 0, 9, 7, 315.31, 389749, 2080
3143, 2, 84, 104, 54, 5, 3.17%, 0, 9, 7, 315.33, 391327, 2080
3149, 2, 84, 104, 54, 5, 3.17%, 0, 9, 7, 342.45, 392845, 2080
3154, 2, 84, 104, 54, 5, 3.17%, 0, 9, 7, 313.92, 394405, 2080
3159, 2, 84, 104, 54, 5, 3.17%, 0, 9, 7, 305.88, 395923, 2080
3164, 2, 84, 104, 54, 5, 3.17%, 0, 9, 7, 313.01, 397519, 2080
3169, 2, 84, 104, 54, 5, 3.17%, 0, 9, 7, 320.98, 399001, 2080
3174, 2, 84, 104, 54, 5, 3.17%, 0, 9, 7, 312.72, 400555, 2080
3179, 2, 84, 104, 54, 5, 3.17%, 0, 9, 7, 27.13, 401655, 2080
3184, 2, 84, 104, 54, 5, 3.17%, 0, 9, 7, 27.07, 401791, 2080
3189, 2, 84, 104, 54, 5, 3.17%, 0, 9, 7, 12.71, 402603, 2080
3194, 2, 84, 104, 54, 5, 3.17%, 0, 9, 7, 13.86, 402677, 2080
3200, 2, 84, 104, 54, 5, 3.17%, 0, 9, 7, 13.97, 402748, 2080
3205, 2, 84, 104, 54, 5, 3.17%, 0, 9, 7, 10.79, 402799, 2080
3210, 2, 84, 104, 54, 5, 3.17%, 0, 9, 7, 9.95, 402848, 2080
3215, 2, 84, 104, 54, 5, 3.17%, 0, 9, 7, 9.31, 402897, 2080
3220, 2, 84, 104, 54, 5, 3.17%, 0, 9, 7, 9.82, 402949, 2080
3225, 2, 84, 104, 54, 5, 3.17%, 0, 9, 7, 9.09, 402990, 2080
3230, 2, 84, 104, 54, 5, 3.17%, 0, 9, 7, 8.86, 403034, 2080
3236, 2, 84, 104, 54, 5, 3.17%, 0, 9, 7, 9.05, 403080, 2080
3241, 2, 84, 104, 54, 5, 3.17%, 0, 9, 7, 9.34, 403129, 2080
3246, 2, 84, 104, 54, 5, 3.17%, 0, 9, 7, 19.27, 403762, 2080
3251, 2, 84, 104, 54, 5, 3.17%, 0, 9, 7, 17.21, 403847, 2080
3256, 2, 98, 104, 53, 12, 3.17%, 0, 9, 7, 221.39, 404298, 2080
3261, 2, 98, 104, 53, 12, 3.17%, 0, 9, 7, 319.43, 406124, 2080
3266, 2, 98, 105, 54, 12, 3.18%, 0, 9, 8, 348.42, 407776, 2084
3272, 2, 98, 105, 54, 12, 3.18%, 0, 9, 8, 370.39, 409624, 2084
3277, 2, 98, 105, 54, 12, 3.18%, 0, 9, 8, 4.37, 411042, 2084
3282, 2, 98, 105, 54, 12, 3.18%, 0, 9, 8, 4.91, 411068, 2084
3287, 2, 98, 105, 54, 12, 3.18%, 0, 9, 8, 4.63, 411092, 2084
3292, 2, 98, 105, 54, 12, 3.18%, 0, 9, 8, 4.75, 411117, 2084
3297, 2, 98, 105, 54, 12, 3.18%, 0, 9, 8, 4.86, 411143, 2084
3303, 2, 98, 105, 54, 12, 3.18%, 0, 9, 8, 4.47, 411166, 2084
3308, 2, 98, 106, 55, 12, 3.18%, 0, 9, 8, 3.95, 411201, 2084
3313, 2, 98, 106, 55, 12, 3.18%, 0, 9, 8, 4.74, 411227, 2084
3318, 2, 98, 106, 55, 12, 3.18%, 0, 9, 8, 4.97, 411253, 2084
3323, 2, 98, 106, 55, 12, 3.18%, 0, 9, 8, 5.28, 411280, 2084
3329, 2, 98, 107, 56, 12, 3.18%, 0, 9, 8, 4.82, 411310, 2084
3334, 2, 98, 107, 56, 12, 3.18%, 0, 9, 8, 5.07, 411337, 2084
3339, 2, 98, 107, 56, 12, 3.18%, 0, 9, 8, 4.79, 411361, 2084
3345, 2, 98, 107, 56, 12, 3.18%, 0, 9, 8, 4.36, 411383, 2084
3350, 2, 98, 107, 56, 12, 3.18%, 0, 9, 8, 4.69, 411409, 2084
3355, 2, 98, 107, 56, 12, 3.18%, 0, 9, 8, 4.64, 411433, 2084
3360, 2, 98, 107, 56, 12, 3.18%, 0, 9, 8, 4.60, 411456, 2084
3365, 2, 98, 107, 56, 12, 3.18%, 0, 9, 8, 4.31, 411478, 2084
3370, 2, 98, 107, 56, 12, 3.18%, 0, 9, 8, 4.73, 411500, 2084
3375, 2, 98, 107, 56, 12, 3.18%, 0, 9, 8, 4.81, 411526, 2084
3380, 2, 98, 107, 56, 12, 3.18%, 0, 9, 8, 5.14, 411554, 2084
3386, 2, 98, 107, 56, 12, 3.18%, 0, 9, 8, 5.00, 411582, 2084
3391, 2, 98, 107, 56, 12, 3.18%, 0, 9, 8, 4.96, 411607, 2084
3396, 2, 98, 107, 56, 12, 3.18%, 0, 9, 8, 4.69, 411631, 2084
3401, 2, 98, 107, 56, 12, 3.18%, 0, 9, 8, 4.50, 411654, 2084
3406, 2, 98, 107, 56, 12, 3.18%, 0, 9, 8, 4.74, 411679, 2084
3411, 2, 98, 107, 56, 12, 3.18%, 0, 9, 8, 5.08, 411705, 2084
3416, 2, 98, 107, 56, 12, 3.18%, 0, 9, 8, 4.66, 411729, 2084
3421, 2, 98, 107, 56, 12, 3.18%, 0, 9, 8, 5.47, 411757, 2084
3426, 2, 98, 107, 56, 12, 3.18%, 0, 9, 8, 4.93, 411781, 2084
3431, 2, 98, 107, 56, 12, 3.18%, 0, 9, 8, 5.02, 411807, 2084
3437, 2, 98, 107, 56, 12, 3.18%, 0, 9, 8, 4.40, 411826, 2084
3442, 2, 98, 107, 56, 12, 3.18%, 0, 9, 8, 4.55, 411848, 2084
3447, 2, 98, 107, 56, 12, 3.18%, 0, 9, 8, 4.87, 411874, 2084
3452, 2, 98, 107, 56, 12, 3.18%, 0, 9, 8, 5.15, 411902, 2084
3457, 2, 98, 107, 56, 12, 3.18%, 0, 9, 8, 5.36, 411929, 2084
3462, 2, 98, 107, 56, 12, 3.18%, 0, 9, 8, 4.88, 411955, 2084
3468, 2, 98, 107, 56, 12, 3.18%, 0, 9, 8, 5.05, 411982, 2084
3473, 2, 98, 107, 56, 12, 3.18%, 0, 9, 8, 4.89, 412007, 2084
3478, 2, 98, 107, 56, 12, 3.18%, 0, 9, 8, 4.82, 412031, 2084
3483, 2, 98, 107, 56, 12, 3.18%, 0, 9, 8, 4.40, 412053, 2084
3488, 2, 98, 107, 56, 12, 3.18%, 0, 9, 8, 4.79, 412079, 2084
3493, 2, 98, 107, 56, 12, 3.18%, 0, 9, 8, 5.30, 412106, 2084
3498, 2, 98, 107, 56, 12, 3.18%, 0, 9, 8, 4.60, 412129, 2084
3504, 2, 98, 107, 56, 12, 3.18%, 0, 9, 8, 4.96, 412155, 2084
3509, 2, 98, 107, 56, 12, 3.18%, 0, 9, 8, 4.84, 412179, 2084
3514, 2, 98, 107, 56, 12, 3.18%, 0, 9, 8, 4.94, 412204, 2084
3519, 2, 98, 107, 56, 12, 3.18%, 0, 9, 8, 4.94, 412230, 2084
3524, 2, 98, 107, 56, 12, 3.18%, 0, 9, 8, 5.03, 412257, 2084
3529, 2, 98, 107, 56, 12, 3.18%, 0, 9, 8, 4.90, 412282, 2084
3534, 2, 98, 107, 56, 12, 3.18%, 0, 9, 8, 4.88, 412307, 2084
3539, 2, 98, 107, 56, 12, 3.18%, 0, 9, 8, 4.47, 412329, 2084
3544, 2, 98, 107, 56, 12, 3.18%, 0, 9, 8, 4.77, 412354, 2084
3549, 2, 98, 107, 56, 12, 3.18%, 0, 9, 8, 4.77, 412379, 2084
3555, 2, 98, 107, 56, 12, 3.18%, 0, 9, 8, 4.70, 412403, 2084
3560, 2, 98, 107, 56, 12, 3.18%, 0, 9, 8, 4.54, 412427, 2084
3565, 2, 98, 107, 56, 12, 3.18%, 0, 9, 8, 5.02, 412454, 2084
3570, 2, 98, 107, 56, 12, 3.18%, 0, 9, 8, 5.19, 412483, 2084
3575, 2, 98, 107, 56, 12, 3.18%, 0, 9, 8, 5.19, 412510, 2084
3580, 2, 98, 107, 56, 12, 3.18%, 0, 9, 8, 4.89, 412534, 2084
3586, 2, 98, 107, 56, 12, 3.18%, 0, 9, 8, 4.83, 412559, 2084
3591, 2, 98, 107, 56, 12, 3.18%, 0, 9, 8, 4.74, 412582, 2084
3596, 2, 98, 108, 57, 12, 3.18%, 0, 9, 8, 37.50, 413052, 2084
3601, 2, 98, 108, 57, 12, 3.18%, 0, 9, 8, 36.03, 413211, 2084
3606, 2, 98, 110, 59, 12, 3.18%, 0, 9, 8, 34.54, 413368, 2084
3611, 2, 98, 110, 59, 12, 3.18%, 0, 9, 8, 38.97, 413531, 2084
3616, 2, 98, 111, 60, 12, 3.18%, 0, 9, 8, 38.18, 413720, 2084
3621, 2, 98, 111, 60, 12, 3.18%, 0, 9, 8, 36.47, 413901, 2084
3626, 2, 98, 111, 60, 12, 3.18%, 0, 9, 8, 36.99, 414090, 2084
3631, 2, 98, 111, 60, 12, 3.18%, 0, 9, 8, 34.63, 414255, 2084
3637, 2, 98, 112, 61, 12, 3.18%, 0, 9, 8, 37.24, 414449, 2084
3642, 2, 98, 112, 61, 12, 3.18%, 0, 9, 8, 36.44, 414627, 2084
3647, 2, 98, 112, 61, 12, 3.18%, 0, 9, 8, 35.05, 414796, 2084
3652, 2, 98, 112, 61, 12, 3.18%, 0, 9, 8, 35.63, 414976, 2084
3657, 2, 98, 112, 61, 12, 3.18%, 0, 9, 8, 36.36, 415163, 2084
3662, 2, 98, 112, 61, 12, 3.18%, 0, 9, 8, 37.11, 415354, 2084
3667, 2, 98, 112, 61, 12, 3.18%, 0, 9, 8, 39.61, 415557, 2084
3672, 2, 98, 112, 61, 12, 3.18%, 0, 9, 8, 36.16, 415733, 2084
3677, 2, 98, 112, 61, 12, 3.18%, 0, 9, 8, 37.69, 415931, 2084
3683, 2, 98, 112, 61, 12, 3.18%, 0, 9, 8, 40.47, 416134, 2084
3688, 2, 98, 113, 62, 12, 3.18%, 0, 9, 8, 43.99, 416364, 2084
3693, 2, 98, 113, 62, 12, 3.18%, 0, 9, 8, 45.06, 416597, 2084
3698, 2, 98, 113, 62, 12, 3.18%, 0, 9, 8, 45.87, 416824, 2084
3703, 2, 98, 113, 62, 12, 3.18%, 0, 9, 8, 13.82, 417648, 2084
3708, 2, 98, 113, 62, 12, 3.18%, 0, 9, 8, 10.55, 417695, 2084
3713, 2, 98, 113, 62, 12, 3.18%, 0, 9, 8, 9.69, 417742, 2084
3718, 2, 98, 113, 62, 12, 3.18%, 0, 9, 8, 9.79, 417790, 2084
3724, 2, 98, 113, 62, 12, 3.18%, 0, 9, 8, 9.87, 417840, 2084
3729, 2, 98, 113, 62, 12, 3.18%, 0, 9, 8, 9.43, 417887, 2084
3734, 2, 98, 113, 62, 12, 3.18%, 0, 9, 8, 9.28, 417932, 2084
3739, 2, 98, 113, 62, 12, 3.18%, 0, 9, 8, 9.52, 417984, 2084
3744, 2, 98, 113, 62, 12, 3.18%, 0, 9, 8, 293.45, 419063, 2084
3749, 2, 98, 113, 62, 12, 3.18%, 0, 9, 8, 47.54, 420077, 2084
3754, 2, 111, 113, 61, 12, 3.18%, 0, 9, 8, 50.09, 420336, 2084
3759, 2, 111, 113, 61, 12, 3.18%, 0, 9, 8, 47.65, 420573, 2084
3764, 2, 111, 113, 61, 12, 3.18%, 0, 9, 8, 47.62, 420813, 2084
3769, 2, 111, 113, 61, 12, 3.18%, 0, 9, 8, 46.81, 421049, 2084
3774, 2, 111, 113, 61, 12, 3.18%, 0, 9, 8, 46.86, 421286, 2084
3779, 2, 111, 113, 61, 12, 3.18%, 0, 9, 8, 50.85, 421544, 2084
3785, 2, 111, 113, 61, 12, 3.18%, 0, 9, 8, 51.47, 421810, 2084
3790, 2, 111, 114, 62, 12, 3.18%, 0, 9, 9, 54.26, 422090, 2084
3795, 2, 111, 114, 62, 12, 3.18%, 0, 9, 9, 53.69, 422360, 2084
3800, 2, 111, 114, 62, 12, 3.18%, 0, 9, 9, 53.16, 422634, 2084
3805, 2, 111, 114, 62, 12, 3.18%, 0, 9, 9, 53.00, 422905, 2084
3810, 2, 111, 114, 62, 12, 3.18%, 0, 9, 9, 53.10, 423173, 2084
3815, 2, 111, 114, 62, 12, 3.18%, 0, 9, 9, 51.44, 423418, 2084
3820, 2, 111, 114, 62, 12, 3.18%, 0, 9, 9, 53.01, 423687, 2084
3825, 2, 111, 114, 62, 12, 3.18%, 0, 9, 9, 51.00, 423937, 2084
3830, 2, 111, 114, 62, 12, 3.18%, 0, 9, 9, 52.35, 424204, 2084
3835, 2, 111, 114, 62, 12, 3.18%, 0, 9, 9, 343.83, 424747, 2084
3841, 2, 111, 114, 62, 12, 3.18%, 0, 9, 9, 29.60, 426192, 2084
3846, 2, 111, 114, 62, 12, 3.18%, 0, 9, 9, 307.54, 426668, 2084
3851, 2, 111, 114, 62, 12, 3.18%, 0, 9, 9, 34.17, 426887, 2084
3856, 2, 111, 114, 62, 12, 3.18%, 0, 9, 9, 13.78, 427154, 2084
3861, 2, 111, 114, 62, 12, 3.18%, 0, 9, 9, 13.74, 427223, 2084
3866, 2, 99, 114, 61, 11, 3.18%, 0, 9, 9, 126.43, 427388, 2084
3871, 2, 99, 114, 61, 11, 3.18%, 0, 9, 9, 330.60, 429310, 2084
3876, 2, 99, 114, 61, 11, 3.18%, 0, 9, 9, 38.16, 429601, 2084
3881, 2, 99, 114, 61, 11, 3.18%, 0, 9, 9, 30.42, 429899, 2084
3887, 2, 99, 114, 61, 11, 3.18%, 0, 9, 9, 443.76, 430182, 2084
3892, 2, 99, 114, 61, 11, 3.18%, 0, 9, 9, 13.17, 430242, 2084
3897, 2, 99, 114, 61, 11, 3.18%, 0, 9, 9, 10.69, 430291, 2084
3902, 2, 99, 114, 61, 11, 3.18%, 0, 9, 9, 9.64, 430339, 2084
3907, 2, 99, 114, 61, 11, 3.18%, 0, 9, 9, 9.62, 430387, 2084
3912, 2, 99, 114, 61, 11, 3.18%, 0, 9, 9, 16.07, 430652, 2084
3917, 2, 99, 114, 61, 11, 3.18%, 0, 9, 9, 17.27, 430739, 2084
3922, 2, 99, 115, 62, 11, 3.19%, 0, 9, 9, 16.67, 430826, 2090
3928, 2, 99, 115, 62, 11, 3.19%, 0, 9, 9, 18.36, 430918, 2090
3933, 2, 99, 115, 62, 11, 3.19%, 0, 9, 9, 318.50, 431442, 2090
3938, 2, 101, 115, 61, 10, 3.19%, 0, 9, 9, 358.05, 433268, 2090
3943, 2, 101, 115, 61, 10, 3.19%, 0, 9, 9, 5.26, 434555, 2090
3948, 2, 101, 115, 61, 10, 3.19%, 0, 9, 9, 5.53, 434583, 2090
3953, 2, 101, 115, 61, 10, 3.19%, 0, 9, 9, 5.48, 434611, 2090
3958, 2, 101, 116, 62, 10, 3.19%, 0, 9, 9, 5.50, 434639, 2090
3964, 2, 101, 116, 62, 10, 3.19%, 0, 9, 9, 5.45, 434668, 2090
3969, 2, 101, 116, 62, 10, 3.19%, 0, 9, 9, 5.23, 434695, 2090
3975, 2, 101, 116, 62, 10, 3.19%, 0, 9, 9, 4.95, 434720, 2090
3980, 2, 101, 117, 63, 10, 3.19%, 0, 9, 9, 5.10, 434747, 2090
3985, 2, 101, 117, 63, 10, 3.19%, 0, 9, 9, 5.33, 434775, 2090
3990, 2, 101, 117, 63, 10, 3.19%, 0, 9, 9, 5.53, 434803, 2090
3995, 2, 101, 117, 63, 10, 3.19%, 0, 9, 9, 5.53, 434832, 2090
4001, 2, 101, 117, 63, 10, 3.19%, 0, 9, 9, 5.49, 434861, 2090
4006, 2, 101, 117, 63, 10, 3.19%, 0, 9, 9, 5.37, 434889, 2090
4011, 2, 101, 117, 63, 10, 3.19%, 0, 9, 9, 5.34, 434916, 2090
4016, 2, 101, 117, 63, 10, 3.19%, 0, 9, 9, 5.30, 434944, 2090
4022, 2, 101, 117, 63, 10, 3.19%, 0, 9, 9, 5.36, 434972, 2090
4027, 2, 101, 117, 63, 10, 3.19%, 0, 9, 9, 5.33, 435000, 2090
4032, 2, 101, 117, 63, 10, 3.19%, 0, 9, 9, 5.21, 435026, 2090
4037, 2, 101, 118, 64, 10, 3.19%, 0, 9, 9, 5.42, 435054, 2090
4042, 2, 101, 118, 64, 10, 3.19%, 0, 9, 9, 5.13, 435078, 2090
4048, 2, 101, 118, 64, 10, 3.19%, 0, 9, 9, 5.21, 435106, 2090
4053, 2, 101, 118, 64, 10, 3.19%, 0, 9, 9, 5.30, 435134, 2090
4058, 2, 101, 118, 64, 10, 3.19%, 0, 9, 9, 5.32, 435162, 2090
4063, 2, 101, 118, 64, 10, 3.19%, 0, 9, 9, 5.45, 435189, 2090
4069, 2, 101, 118, 64, 10, 3.19%, 0, 9, 9, 5.33, 435217, 2090
4074, 2, 101, 118, 64, 10, 3.19%, 0, 9, 9, 5.28, 435244, 2090
4079, 2, 101, 118, 64, 10, 3.19%, 0, 9, 9, 5.20, 435268, 2090
4084, 2, 101, 118, 64, 10, 3.19%, 0, 9, 9, 5.28, 435295, 2090
4089, 2, 101, 118, 64, 10, 3.19%, 0, 9, 9, 5.16, 435321, 2090
4094, 2, 101, 118, 64, 10, 3.19%, 0, 9, 9, 5.48, 435350, 2090
4100, 2, 101, 118, 64, 10, 3.19%, 0, 10, 9, 5.12, 435373, 2090
4105, 2, 101, 118, 64, 10, 3.19%, 0, 10, 9, 5.35, 435401, 2090
4110, 2, 101, 118, 64, 10, 3.19%, 0, 10, 9, 5.29, 435428, 2090
4115, 2, 101, 118, 64, 10, 3.19%, 0, 10, 9, 5.44, 435456, 2090
4120, 2, 101, 118, 64, 10, 3.19%, 0, 10, 9, 5.39, 435484, 2090
4126, 2, 101, 118, 64, 10, 3.19%, 0, 10, 9, 5.42, 435513, 2090
