# relative_time, cycles_done, cur_item, corpus_count, pending_total, pending_favs, map_size, saved_crashes, saved_hangs, max_depth, execs_per_sec, total_execs, edges_found
61, 0, 0, 27, 26, 4, 0.92%, 0, 0, 2, 220.08, 13482, 602
66, 0, 0, 28, 27, 4, 0.93%, 0, 0, 2, 216.47, 14602, 609
71, 0, 0, 28, 27, 4, 0.93%, 0, 0, 2, 217.61, 15698, 609
76, 0, 0, 28, 27, 4, 0.93%, 0, 0, 2, 216.65, 16782, 609
81, 0, 0, 28, 27, 4, 0.93%, 0, 0, 2, 218.02, 17922, 609
86, 0, 0, 29, 28, 4, 0.93%, 0, 0, 2, 223.34, 19074, 609
91, 0, 0, 29, 28, 4, 0.93%, 0, 0, 2, 219.00, 20206, 609
97, 0, 0, 30, 29, 4, 0.93%, 0, 0, 2, 217.62, 21338, 609
102, 0, 0, 30, 29, 4, 0.93%, 0, 0, 2, 219.06, 22482, 609
107, 0, 0, 30, 29, 4, 0.93%, 0, 0, 2, 221.63, 23634, 609
112, 0, 0, 30, 29, 4, 0.93%, 0, 0, 2, 219.25, 24762, 609
117, 0, 4, 34, 32, 12, 0.94%, 0, 0, 2, 219.63, 25933, 615
123, 0, 4, 34, 32, 12, 0.94%, 0, 0, 2, 212.07, 27029, 615
128, 0, 4, 34, 32, 12, 0.94%, 0, 0, 2, 221.95, 28164, 615
133, 0, 22, 34, 29, 12, 0.94%, 0, 0, 2, 232.63, 29394, 615
138, 0, 23, 34, 28, 11, 0.94%, 0, 0, 2, 236.05, 30612, 615
143, 0, 25, 35, 27, 9, 0.94%, 0, 0, 3, 234.11, 31825, 615
148, 0, 26, 35, 26, 8, 0.94%, 0, 0, 3, 236.84, 33043, 615
154, 0, 32, 36, 25, 7, 0.94%, 0, 0, 3, 227.36, 34241, 617
159, 0, 33, 36, 24, 6, 0.94%, 0, 0, 3, 239.65, 35449, 617
164, 0, 27, 36, 22, 4, 0.94%, 0, 0, 3, 233.60, 36662, 617
169, 0, 2, 36, 20, 2, 0.94%, 0, 0, 3, 239.91, 37914, 617
174, 0, 2, 36, 20, 2, 0.94%, 0, 0, 3, 196.98, 38811, 617
179, 0, 31, 36, 18, 0, 0.94%, 0, 0, 3, 222.32, 40008, 617
184, 0, 31, 36, 18, 0, 0.94%, 0, 0, 3, 226.39, 41151, 617
189, 0, 31, 36, 18, 0, 0.94%, 0, 0, 3, 227.73, 42299, 617
195, 0, 31, 37, 19, 0, 0.94%, 0, 0, 3, 207.65, 43321, 619
200, 0, 33, 37, 18, 0, 0.94%, 0, 0, 3, 216.24, 44441, 619
205, 0, 33, 37, 18, 0, 0.94%, 0, 0, 3, 235.41, 45662, 619
210, 0, 10, 37, 18, 0, 0.94%, 0, 0, 3, 246.30, 46957, 619
215, 0, 26, 37, 18, 0, 0.94%, 0, 0, 3, 240.17, 48186, 619
220, 0, 32, 37, 18, 0, 0.94%, 0, 0, 3, 226.88, 49329, 619
225, 0, 32, 37, 18, 0, 0.94%, 0, 0, 3, 228.69, 50508, 619
231, 0, 20, 37, 18, 0, 0.94%, 0, 0, 3, 227.14, 51718, 619
236, 0, 20, 37, 18, 0, 0.94%, 0, 0, 3, 230.40, 52899, 619
241, 0, 20, 37, 18, 0, 0.94%, 0, 0, 3, 233.78, 54137, 619
246, 0, 2, 37, 18, 0, 0.94%, 0, 0, 3, 213.99, 55291, 619
251, 0, 2, 37, 18, 0, 0.94%, 0, 0, 3, 213.32, 56310, 619
256, 0, 2, 37, 18, 0, 0.94%, 0, 0, 3, 247.73, 57636, 619
261, 0, 20, 37, 18, 0, 0.94%, 0, 0, 3, 234.09, 58824, 619
267, 0, 20, 37, 18, 0, 0.94%, 0, 0, 3, 240.12, 60047, 619
272, 0, 20, 37, 18, 0, 0.94%, 0, 0, 3, 250.37, 61341, 619
277, 0, 31, 37, 18, 0, 0.94%, 0, 0, 3, 233.04, 62511, 619
282, 0, 26, 37, 18, 0, 0.94%, 0, 0, 3, 229.67, 63649, 619
287, 0, 26, 37, 18, 0, 0.94%, 0, 0, 3, 241.63, 64914, 619
292, 0, 25, 37, 18, 0, 0.94%, 0, 0, 3, 230.26, 66106, 619
297, 0, 25, 37, 18, 0, 0.94%, 0, 0, 3, 243.74, 67353, 619
302, 0, 31, 37, 18, 0, 0.94%, 0, 0, 3, 246.72, 68623, 619
308, 0, 31, 37, 18, 0, 0.94%, 0, 0, 3, 224.59, 69737, 619
313, 0, 31, 37, 18, 0, 0.94%, 0, 0, 3, 226.53, 70911, 619
318, 0, 10, 37, 18, 0, 0.94%, 0, 0, 3, 224.16, 72024, 619
323, 0, 32, 37, 18, 0, 0.94%, 0, 0, 3, 222.26, 73131, 619
328, 0, 32, 37, 18, 0, 0.94%, 0, 0, 3, 245.33, 74415, 619
333, 0, 31, 37, 18, 0, 0.94%, 0, 0, 3, 226.10, 75603, 619
338, 0, 31, 37, 18, 0, 0.94%, 0, 0, 3, 228.24, 76770, 619
343, 0, 31, 37, 18, 0, 0.94%, 0, 0, 3, 220.92, 77905, 619
349, 1, 5, 37, 18, 0, 0.94%, 0, 0, 3, 232.25, 79125, 619
354, 1, 20, 37, 17, 0, 0.94%, 0, 0, 3, 229.12, 80289, 619
359, 1, 20, 37, 17, 0, 0.94%, 0, 0, 3, 242.99, 81550, 619
364, 1, 26, 37, 17, 0, 0.94%, 0, 0, 3, 243.04, 82805, 619
369, 1, 20, 37, 17, 0, 0.94%, 0, 0, 3, 228.26, 83924, 619
374, 1, 20, 37, 17, 0, 0.94%, 0, 0, 3, 240.95, 85202, 619
379, 1, 37, 38, 18, 1, 0.95%, 0, 0, 3, 239.11, 86407, 621
384, 1, 8, 38, 17, 0, 0.95%, 0, 0, 3, 243.56, 87676, 621
390, 1, 32, 38, 16, 0, 0.95%, 0, 0, 3, 241.57, 88910, 621
395, 1, 25, 38, 16, 0, 0.95%, 0, 0, 3, 236.86, 90125, 621
400, 1, 25, 38, 16, 0, 0.95%, 0, 0, 3, 220.46, 91238, 621
405, 1, 25, 38, 16, 0, 0.95%, 0, 0, 3, 240.85, 92446, 621
410, 1, 32, 38, 16, 0, 0.95%, 0, 0, 3, 236.14, 93649, 621
415, 1, 25, 38, 15, 0, 0.95%, 0, 0, 3, 244.93, 94936, 621
420, 1, 25, 38, 15, 0, 0.95%, 0, 0, 3, 236.75, 96103, 621
425, 1, 25, 38, 15, 0, 0.95%, 0, 0, 3, 245.32, 97405, 621
430, 1, 21, 38, 15, 0, 0.95%, 0, 0, 3, 243.42, 98687, 621
436, 1, 35, 38, 14, 0, 0.95%, 0, 0, 3, 236.74, 99899, 621
441, 1, 35, 38, 14, 0, 0.95%, 0, 0, 3, 247.19, 101168, 621
446, 1, 37, 38, 14, 0, 0.95%, 0, 0, 3, 241.40, 102400, 621
451, 1, 37, 38, 14, 0, 0.95%, 0, 0, 3, 244.51, 103652, 621
456, 1, 31, 38, 14, 0, 0.95%, 0, 0, 3, 229.10, 104792, 621
461, 1, 31, 38, 14, 0, 0.95%, 0, 0, 3, 226.96, 105962, 621
466, 1, 31, 38, 14, 0, 0.95%, 0, 0, 3, 225.05, 107117, 621
472, 1, 31, 38, 14, 0, 0.95%, 0, 0, 3, 224.58, 108255, 621
477, 1, 37, 38, 14, 0, 0.95%, 0, 0, 3, 237.11, 109480, 621
482, 1, 32, 38, 14, 0, 0.95%, 0, 0, 3, 238.81, 110719, 621
487, 1, 10, 38, 14, 0, 0.95%, 0, 0, 3, 237.44, 111897, 621
492, 1, 27, 38, 14, 0, 0.95%, 0, 0, 3, 229.39, 113092, 621
497, 1, 27, 38, 14, 0, 0.95%, 0, 0, 3, 245.17, 114367, 621
502, 1, 20, 38, 14, 0, 0.95%, 0, 0, 3, 248.31, 115669, 621
507, 1, 20, 38, 14, 0, 0.95%, 0, 0, 3, 232.95, 116798, 621
513, 1, 20, 38, 14, 0, 0.95%, 0, 0, 3, 250.91, 118104, 621
518, 1, 25, 38, 14, 0, 0.95%, 0, 0, 3, 236.08, 119305, 621
523, 1, 25, 38, 14, 0, 0.95%, 0, 0, 3, 247.58, 120548, 621
528, 1, 2, 38, 14, 0, 0.95%, 0, 0, 3, 241.98, 121822, 621
533, 1, 2, 38, 14, 0, 0.95%, 0, 0, 3, 199.88, 122770, 621
538, 1, 2, 38, 14, 0, 0.95%, 0, 0, 3, 234.05, 124015, 621
543, 1, 33, 38, 14, 0, 0.95%, 0, 0, 3, 236.49, 125251, 621
549, 1, 33, 38, 14, 0, 0.95%, 0, 0, 3, 245.80, 126512, 621
554, 1, 31, 38, 14, 0, 0.95%, 0, 0, 3, 233.04, 127723, 621
559, 1, 22, 38, 14, 0, 0.95%, 0, 0, 3, 223.11, 128878, 621
564, 1, 22, 38, 14, 0, 0.95%, 0, 0, 3, 236.46, 130055, 621
569, 1, 22, 38, 14, 0, 0.95%, 0, 0, 3, 251.19, 131375, 621
574, 1, 10, 38, 14, 0, 0.95%, 0, 0, 3, 246.72, 132650, 621
580, 1, 23, 38, 14, 0, 0.95%, 0, 0, 3, 240.97, 133896, 621
585, 1, 23, 38, 14, 0, 0.95%, 0, 0, 3, 229.27, 135031, 621
590, 1, 23, 38, 14, 0, 0.95%, 0, 0, 3, 239.66, 136309, 621
595, 2, 10, 38, 14, 0, 0.95%, 0, 0, 3, 237.84, 137522, 621
600, 2, 26, 38, 14, 0, 0.95%, 0, 0, 3, 237.47, 138733, 621
605, 2, 31, 41, 17, 0, 0.95%, 0, 0, 3, 232.75, 139956, 621
610, 2, 31, 46, 22, 0, 0.95%, 0, 0, 3, 238.74, 141194, 621
616, 2, 2, 49, 25, 0, 0.95%, 0, 0, 3, 213.89, 142286, 621
621, 2, 2, 49, 25, 0, 0.95%, 0, 0, 3, 193.65, 143232, 621
626, 2, 2, 51, 27, 0, 0.99%, 0, 0, 3, 187.15, 144160, 649
631, 2, 2, 51, 27, 0, 0.99%, 0, 0, 3, 189.57, 145138, 649
636, 2, 2, 51, 27, 0, 0.99%, 0, 0, 3, 192.14, 146131, 649
641, 2, 2, 51, 27, 0, 0.99%, 0, 0, 3, 189.89, 147121, 649
646, 2, 2, 51, 27, 0, 0.99%, 0, 0, 3, 189.51, 148093, 649
651, 2, 2, 51, 27, 0, 0.99%, 0, 0, 3, 190.61, 149092, 649
656, 2, 2, 54, 30, 0, 0.99%, 0, 0, 3, 233.80, 150314, 652
662, 2, 2, 56, 32, 0, 0.99%, 0, 0, 3, 244.91, 151570, 652
667, 2, 2, 57, 33, 0, 0.99%, 0, 0, 3, 247.07, 152810, 652
672, 2, 2, 58, 34, 0, 0.99%, 0, 0, 3, 253.43, 154079, 652
677, 2, 2, 59, 35, 0, 0.99%, 0, 0, 3, 250.95, 155358, 652
682, 2, 51, 59, 35, 2, 0.99%, 0, 0, 3, 252.19, 156647, 652
687, 2, 50, 63, 38, 1, 0.99%, 0, 0, 3, 236.53, 157847, 652
692, 2, 31, 63, 37, 0, 0.99%, 0, 0, 3, 197.07, 158827, 652
697, 2, 50, 67, 41, 0, 0.99%, 0, 0, 3, 201.02, 159844, 652
702, 2, 33, 68, 42, 0, 0.99%, 0, 0, 3, 200.14, 160829, 652
707, 2, 25, 68, 42, 0, 0.99%, 0, 0, 3, 218.84, 161953, 652
713, 2, 25, 68, 42, 0, 0.99%, 0, 0, 3, 230.56, 163167, 652
718, 2, 25, 68, 42, 0, 0.99%, 0, 0, 3, 158.26, 163794, 652
723, 2, 25, 68, 42, 0, 0.99%, 0, 0, 3, 192.26, 164731, 652
728, 2, 25, 68, 42, 0, 0.99%, 0, 0, 3, 168.44, 165412, 652
733, 2, 25, 68, 42, 0, 0.99%, 0, 0, 3, 196.75, 166392, 652
738, 2, 25, 68, 42, 0, 0.99%, 0, 0, 3, 225.54, 167599, 652
744, 2, 25, 68, 42, 0, 0.99%, 0, 0, 3, 219.83, 168745, 652
749, 2, 25, 68, 42, 0, 0.99%, 0, 0, 3, 217.82, 169945, 652
754, 2, 25, 68, 42, 0, 0.99%, 0, 0, 3, 204.61, 170973, 652
759, 2, 49, 68, 42, 0, 0.99%, 0, 0, 3, 115.46, 171569, 652
764, 2, 49, 68, 42, 0, 0.99%, 0, 0, 3, 64.12, 171826, 652
769, 2, 49, 68, 42, 0, 0.99%, 0, 0, 3, 53.15, 172080, 652
774, 2, 49, 68, 42, 0, 0.99%, 0, 0, 3, 50.47, 172330, 652
779, 2, 49, 68, 42, 0, 0.99%, 0, 0, 3, 50.20, 172591, 652
784, 2, 49, 68, 42, 0, 0.99%, 0, 0, 3, 49.89, 172841, 652
790, 2, 49, 68, 42, 0, 0.99%, 0, 0, 3, 49.41, 173096, 652
795, 2, 49, 68, 42, 0, 0.99%, 0, 0, 3, 50.11, 173351, 652
800, 2, 50, 68, 41, 0, 0.99%, 0, 0, 3, 118.24, 173926, 652
805, 2, 31, 68, 41, 0, 0.99%, 0, 0, 3, 199.72, 175060, 652
810, 2, 37, 68, 41, 0, 0.99%, 0, 0, 3, 204.49, 176087, 652
815, 2, 37, 68, 41, 0, 0.99%, 0, 0, 3, 183.82, 177003, 652
820, 2, 37, 69, 42, 0, 1.00%, 0, 0, 4, 43.34, 177990, 657
825, 2, 37, 70, 43, 0, 1.00%, 0, 0, 4, 139.53, 178640, 657
831, 2, 21, 71, 44, 1, 1.00%, 0, 0, 4, 173.11, 179665, 657
836, 2, 70, 71, 44, 1, 1.00%, 0, 0, 4, 92.12, 180090, 657
841, 2, 70, 71, 44, 1, 1.00%, 0, 0, 4, 65.14, 180391, 657
846, 2, 70, 71, 44, 1, 1.00%, 0, 0, 4, 59.67, 180691, 657
851, 2, 70, 71, 44, 1, 1.00%, 0, 0, 4, 58.20, 180990, 657
856, 2, 70, 74, 47, 1, 1.00%, 0, 0, 4, 57.87, 181284, 657
861, 2, 70, 74, 47, 1, 1.00%, 0, 0, 4, 57.93, 181576, 657
866, 2, 70, 74, 47, 1, 1.00%, 0, 0, 4, 58.43, 181877, 657
872, 2, 70, 74, 47, 1, 1.00%, 0, 0, 4, 79.92, 182254, 657
877, 2, 71, 75, 47, 1, 1.00%, 0, 0, 4, 82.59, 182759, 657
882, 2, 71, 75, 47, 1, 1.00%, 0, 0, 4, 68.48, 183093, 657
887, 2, 71, 75, 47, 1, 1.00%, 0, 0, 4, 65.87, 183431, 657
892, 2, 71, 75, 47, 1, 1.00%, 0, 0, 4, 64.80, 183756, 657
897, 2, 71, 75, 47, 1, 1.00%, 0, 0, 4, 106.64, 184252, 657
902, 2, 15, 75, 46, 0, 1.00%, 0, 0, 4, 149.33, 185140, 657
907, 2, 35, 75, 45, 0, 1.00%, 0, 0, 4, 166.57, 185872, 657
912, 2, 35, 75, 45, 0, 1.00%, 0, 0, 4, 168.71, 186854, 657
918, 2, 35, 75, 45, 0, 1.00%, 0, 0, 4, 168.80, 187636, 657
923, 2, 35, 75, 45, 0, 1.00%, 0, 0, 4, 99.99, 188091, 657
928, 2, 31, 75, 45, 0, 1.00%, 0, 0, 4, 179.84, 189116, 657
933, 2, 25, 75, 45, 0, 1.00%, 0, 0, 4, 178.86, 189883, 657
938, 2, 25, 75, 45, 0, 1.00%, 0, 0, 4, 230.83, 191121, 657
943, 2, 25, 75, 45, 0, 1.00%, 0, 0, 4, 188.31, 192082, 657
948, 2, 25, 75, 45, 0, 1.00%, 0, 0, 4, 173.83, 193078, 657
953, 2, 26, 75, 45, 0, 1.00%, 0, 0, 4, 173.87, 193841, 657
958, 2, 26, 75, 45, 0, 1.00%, 0, 0, 4, 176.43, 194783, 657
964, 2, 24, 75, 45, 0, 1.00%, 0, 0, 4, 220.61, 195986, 657
969, 2, 24, 75, 45, 0, 1.00%, 0, 0, 4, 149.07, 196764, 657
974, 2, 24, 75, 45, 0, 1.00%, 0, 0, 4, 85.66, 197178, 657
979, 2, 24, 75, 45, 0, 1.00%, 0, 0, 4, 123.79, 197742, 657
984, 2, 24, 75, 45, 0, 1.00%, 0, 0, 4, 58.91, 197948, 657
989, 2, 24, 75, 45, 0, 1.00%, 0, 0, 4, 140.43, 198908, 657
994, 2, 24, 75, 45, 0, 1.00%, 0, 0, 4, 191.44, 199757, 657
999, 2, 31, 75, 45, 0, 1.00%, 0, 0, 4, 208.31, 200840, 657
1004, 2, 68, 75, 45, 0, 1.00%, 0, 0, 4, 39.64, 201660, 657
1009, 2, 68, 75, 45, 0, 1.00%, 0, 0, 4, 37.91, 201852, 657
1015, 2, 68, 75, 45, 0, 1.00%, 0, 0, 4, 37.39, 202044, 657
1020, 2, 68, 75, 45, 0, 1.00%, 0, 0, 4, 37.29, 202237, 657
1025, 2, 68, 75, 45, 0, 1.00%, 0, 0, 4, 37.17, 202429, 657
1030, 2, 68, 75, 45, 0, 1.00%, 0, 0, 4, 37.28, 202621, 657
1035, 2, 68, 75, 45, 0, 1.00%, 0, 0, 4, 38.38, 202818, 657
1040, 2, 50, 75, 44, 0, 1.00%, 0, 0, 4, 163.51, 203658, 657
1045, 2, 61, 75, 44, 0, 1.00%, 0, 0, 4, 173.00, 204489, 657
1050, 2, 61, 75, 44, 0, 1.00%, 0, 0, 4, 179.99, 205407, 657
1056, 2, 37, 75, 43, 0, 1.00%, 0, 0, 4, 212.55, 206505, 657
1061, 2, 23, 75, 43, 0, 1.00%, 0, 0, 4, 203.50, 207458, 657
1066, 2, 23, 75, 43, 0, 1.00%, 0, 0, 4, 222.02, 208590, 657
1071, 2, 23, 75, 43, 0, 1.00%, 0, 0, 4, 138.08, 209322, 657
1076, 2, 23, 75, 43, 0, 1.00%, 0, 0, 4, 161.44, 210274, 657
1081, 2, 23, 75, 43, 0, 1.00%, 0, 0, 4, 113.10, 210752, 657
1086, 2, 23, 75, 43, 0, 1.00%, 0, 0, 4, 121.71, 211412, 657
1091, 2, 23, 75, 43, 0, 1.00%, 0, 0, 4, 84.58, 211852, 657
1097, 2, 31, 75, 43, 0, 1.00%, 0, 0, 4, 135.15, 212446, 657
1102, 2, 31, 75, 43, 0, 1.00%, 0, 0, 4, 198.07, 213547, 657
1107, 2, 51, 75, 43, 0, 1.00%, 0, 0, 4, 159.12, 214229, 657
1112, 2, 31, 75, 43, 0, 1.00%, 0, 0, 4, 198.34, 215297, 657
1117, 2, 31, 75, 43, 0, 1.00%, 0, 0, 4, 187.61, 216314, 657
1123, 2, 31, 75, 43, 0, 1.00%, 0, 0, 4, 202.18, 217309, 657
1128, 2, 31, 75, 43, 0, 1.00%, 0, 0, 4, 203.38, 218295, 657
1133, 2, 33, 75, 42, 0, 1.00%, 0, 0, 4, 221.34, 219312, 657
1138, 2, 33, 75, 42, 0, 1.00%, 0, 0, 4, 224.45, 219962, 657
1143, 2, 51, 76, 43, 0, 1.00%, 0, 0, 4, 191.14, 220671, 657
1148, 2, 31, 76, 43, 0, 1.00%, 0, 0, 4, 172.78, 221446, 657
1153, 2, 31, 76, 43, 0, 1.00%, 0, 0, 4, 170.22, 222365, 657
1159, 2, 24, 76, 43, 0, 1.00%, 0, 0, 4, 144.02, 222931, 657
1164, 2, 24, 76, 43, 0, 1.00%, 0, 0, 4, 212.23, 224113, 657
1169, 2, 24, 76, 43, 0, 1.00%, 0, 0, 4, 230.15, 225319, 657
1174, 2, 24, 76, 43, 0, 1.00%, 0, 0, 4, 37.87, 225809, 657
1179, 2, 24, 76, 43, 0, 1.00%, 0, 0, 4, 194.05, 226423, 657
1184, 2, 24, 76, 43, 0, 1.00%, 0, 0, 4, 208.07, 227331, 657
1189, 2, 35, 76, 43, 0, 1.00%, 0, 0, 4, 210.92, 228445, 657
1194, 2, 22, 76, 43, 0, 1.00%, 0, 0, 4, 152.47, 229334, 657
1199, 2, 22, 76, 43, 0, 1.00%, 0, 0, 4, 213.17, 230512, 657
1204, 2, 22, 76, 43, 0, 1.00%, 0, 0, 4, 214.68, 231586, 657
1209, 2, 22, 76, 43, 0, 1.00%, 0, 0, 4, 238.62, 232806, 657
1215, 2, 22, 76, 43, 0, 1.00%, 0, 0, 4, 111.78, 233292, 657
1220, 2, 22, 76, 43, 0, 1.00%, 0, 0, 4, 101.87, 233856, 657
1225, 2, 31, 77, 44, 0, 1.00%, 0, 0, 4, 159.59, 234570, 658
1230, 2, 31, 77, 44, 0, 1.00%, 0, 0, 4, 174.95, 235533, 658
1235, 2, 36, 77, 44, 1, 1.00%, 0, 0, 4, 184.74, 236353, 658
1240, 2, 36, 77, 44, 1, 1.00%, 0, 0, 4, 226.24, 237572, 658
1245, 2, 36, 77, 44, 1, 1.00%, 0, 0, 4, 162.64, 238468, 658
1250, 2, 36, 77, 44, 1, 1.00%, 0, 0, 4, 168.55, 239197, 658
1255, 2, 36, 77, 44, 1, 1.00%, 0, 0, 4, 99.29, 239712, 658
1260, 2, 76, 77, 44, 1, 1.00%, 0, 0, 4, 145.34, 240674, 658
1266, 2, 76, 77, 44, 1, 1.00%, 0, 0, 4, 207.54, 241819, 658
1271, 2, 60, 77, 43, 0, 1.00%, 0, 0, 4, 245.67, 242836, 658
1276, 2, 60, 77, 43, 0, 1.00%, 0, 0, 4, 229.60, 244004, 658
1281, 2, 31, 77, 42, 0, 1.00%, 0, 0, 4, 195.48, 244913, 658
1286, 2, 75, 77, 42, 0, 1.00%, 0, 0, 4, 190.88, 245919, 658
1291, 2, 75, 77, 42, 0, 1.00%, 0, 0, 4, 76.35, 246153, 658
1297, 2, 75, 77, 42, 0, 1.00%, 0, 0, 4, 52.63, 246393, 658
1302, 2, 75, 77, 42, 0, 1.00%, 0, 0, 4, 47.79, 246633, 658
1307, 2, 75, 77, 42, 0, 1.00%, 0, 0, 4, 46.85, 246873, 658
1312, 2, 51, 77, 41, 0, 1.00%, 0, 0, 4, 148.66, 247583, 658
1317, 2, 37, 77, 41, 0, 1.00%, 0, 0, 4, 189.22, 248584, 658
1322, 2, 51, 77, 41, 0, 1.00%, 0, 0, 4, 174.55, 249317, 658
1327, 2, 71, 77, 41, 0, 1.00%, 0, 0, 4, 112.38, 249769, 658
1332, 2, 31, 77, 41, 0, 1.00%, 0, 0, 4, 177.74, 250648, 658
1337, 2, 33, 77, 41, 0, 1.00%, 0, 0, 4, 163.66, 251462, 658
1343, 2, 36, 77, 41, 0, 1.00%, 0, 0, 4, 220.28, 252670, 658
1348, 2, 36, 77, 41, 0, 1.00%, 0, 0, 4, 222.65, 253847, 658
1353, 2, 36, 77, 41, 0, 1.00%, 0, 0, 4, 214.55, 254929, 658
1358, 2, 76, 77, 41, 0, 1.00%, 0, 0, 4, 229.43, 256079, 658
1363, 2, 76, 77, 41, 0, 1.00%, 0, 0, 4, 221.98, 257186, 658
1368, 2, 76, 77, 41, 0, 1.00%, 0, 0, 4, 225.01, 258301, 658
1373, 2, 76, 77, 41, 0, 1.00%, 0, 0, 4, 150.65, 258803, 658
1378, 2, 33, 77, 41, 0, 1.00%, 0, 0, 4, 122.08, 259225, 658
1383, 2, 33, 77, 41, 0, 1.00%, 0, 0, 4, 103.94, 259802, 658
1388, 2, 51, 77, 41, 0, 1.00%, 0, 0, 4, 130.16, 260446, 658
1393, 2, 31, 77, 41, 0, 1.00%, 0, 0, 4, 168.87, 261239, 658
1398, 2, 31, 77, 41, 0, 1.00%, 0, 0, 4, 138.11, 261965, 658
1404, 2, 71, 77, 41, 0, 1.00%, 0, 0, 4, 115.80, 262449, 658
1409, 2, 32, 77, 41, 0, 1.00%, 0, 0, 4, 158.82, 263372, 658
1414, 2, 51, 77, 41, 0, 1.00%, 0, 0, 4, 177.89, 264347, 658
1419, 2, 36, 77, 41, 0, 1.00%, 0, 0, 4, 216.20, 265510, 658
1424, 2, 36, 77, 41, 0, 1.00%, 0, 0, 4, 147.63, 266178, 658
1429, 2, 36, 77, 41, 0, 1.00%, 0, 0, 4, 131.89, 266828, 658
1434, 2, 25, 77, 41, 0, 1.00%, 0, 0, 4, 210.35, 268006, 658
1439, 2, 25, 77, 41, 0, 1.00%, 0, 0, 4, 220.81, 269150, 658
1445, 2, 25, 77, 41, 0, 1.00%, 0, 0, 4, 122.00, 269685, 658
1450, 2, 31, 77, 41, 0, 1.00%, 0, 0, 4, 206.80, 270812, 658
1455, 2, 31, 77, 41, 0, 1.00%, 0, 0, 4, 186.67, 271779, 658
1460, 2, 33, 77, 41, 0, 1.00%, 0, 0, 4, 155.57, 272598, 658
1465, 2, 33, 77, 41, 0, 1.00%, 0, 0, 4, 166.82, 273457, 658
1470, 2, 33, 77, 41, 0, 1.00%, 0, 0, 4, 240.08, 274373, 658
1475, 2, 31, 77, 41, 0, 1.00%, 0, 0, 4, 195.48, 275345, 658
1480, 3, 37, 77, 41, 0, 1.00%, 0, 0, 4, 198.90, 276409, 658
1485, 3, 37, 77, 41, 0, 1.00%, 0, 0, 4, 71.89, 276829, 658
1490, 3, 31, 77, 41, 0, 1.00%, 0, 0, 4, 168.88, 277728, 658
1496, 3, 31, 77, 41, 0, 1.00%, 0, 0, 4, 121.59, 278266, 658
1501, 3, 26, 77, 41, 0, 1.00%, 0, 0, 4, 33.27, 279098, 658
1506, 3, 25, 77, 41, 0, 1.00%, 0, 0, 4, 233.11, 280279, 658
1511, 3, 25, 77, 41, 0, 1.00%, 0, 0, 4, 229.42, 281433, 658
1516, 3, 25, 77, 41, 0, 1.00%, 0, 0, 4, 204.24, 282310, 658
1521, 3, 25, 77, 41, 0, 1.00%, 0, 0, 4, 38.91, 283005, 658
1526, 3, 51, 77, 41, 0, 1.00%, 0, 0, 4, 247.22, 283907, 658
1531, 3, 32, 77, 40, 0, 1.00%, 0, 0, 4, 223.72, 284949, 658
1536, 3, 32, 77, 40, 0, 1.00%, 0, 0, 4, 184.04, 285874, 658
1541, 3, 51, 77, 40, 0, 1.00%, 0, 0, 4, 182.46, 286829, 658
1546, 3, 32, 77, 40, 0, 1.00%, 0, 0, 4, 196.51, 287838, 658
1552, 3, 32, 77, 40, 0, 1.00%, 0, 0, 4, 155.97, 288551, 658
1557, 3, 14, 77, 40, 0, 1.00%, 0, 0, 4, 31.59, 289474, 658
1562, 3, 25, 77, 39, 0, 1.00%, 0, 0, 4, 216.75, 290633, 658
1567, 3, 25, 77, 39, 0, 1.00%, 0, 0, 4, 137.05, 291333, 658
1572, 3, 25, 77, 39, 0, 1.00%, 0, 0, 4, 137.40, 291958, 658
1577, 3, 25, 77, 39, 0, 1.00%, 0, 0, 4, 152.45, 292911, 658
1582, 3, 51, 77, 39, 0, 1.00%, 0, 0, 4, 163.32, 293688, 658
1587, 3, 31, 77, 39, 0, 1.00%, 0, 0, 4, 213.21, 294540, 658
1592, 3, 33, 77, 39, 0, 1.00%, 0, 0, 4, 200.28, 295551, 658
1597, 3, 33, 77, 39, 0, 1.00%, 0, 0, 4, 64.33, 296396, 658
1602, 3, 31, 77, 39, 0, 1.00%, 0, 0, 4, 184.20, 297406, 658
1607, 3, 36, 77, 39, 0, 1.00%, 0, 0, 4, 211.27, 298495, 658
1613, 3, 6, 77, 39, 0, 1.00%, 0, 0, 4, 175.52, 299310, 658
1618, 3, 6, 77, 39, 0, 1.00%, 0, 0, 4, 156.08, 300185, 658
1623, 3, 51, 77, 38, 0, 1.00%, 0, 0, 4, 128.85, 300882, 658
1628, 3, 25, 77, 38, 0, 1.00%, 0, 0, 4, 198.49, 301884, 658
1633, 3, 25, 77, 38, 0, 1.00%, 0, 0, 4, 167.29, 302805, 658
1638, 3, 25, 77, 38, 0, 1.00%, 0, 0, 4, 199.93, 303753, 658
1643, 3, 25, 77, 38, 0, 1.00%, 0, 0, 4, 189.57, 304566, 658
1648, 3, 31, 77, 38, 0, 1.00%, 0, 0, 4, 172.93, 305303, 658
1653, 3, 22, 77, 38, 0, 1.00%, 0, 0, 4, 203.38, 306374, 658
1658, 3, 22, 77, 38, 0, 1.00%, 0, 0, 4, 223.09, 307554, 658
1664, 3, 22, 77, 38, 0, 1.00%, 0, 0, 4, 220.70, 308668, 658
1669, 3, 22, 77, 38, 0, 1.00%, 0, 0, 4, 197.27, 309660, 658
1674, 3, 22, 77, 38, 0, 1.00%, 0, 0, 4, 114.58, 310254, 658
1679, 3, 22, 77, 38, 0, 1.00%, 0, 0, 4, 138.13, 311022, 658
1684, 3, 76, 77, 38, 0, 1.00%, 0, 0, 4, 166.07, 311747, 658
1689, 3, 51, 77, 38, 0, 1.00%, 0, 0, 4, 184.99, 312642, 658
1694, 3, 31, 77, 38, 0, 1.00%, 0, 0, 4, 230.17, 313510, 658
1700, 3, 27, 77, 38, 0, 1.00%, 0, 0, 4, 194.18, 314454, 658
1705, 3, 27, 77, 38, 0, 1.00%, 0, 0, 4, 222.07, 315603, 658
1710, 3, 27, 77, 38, 0, 1.00%, 0, 0, 4, 241.80, 316857, 658
1715, 3, 27, 77, 38, 0, 1.00%, 0, 0, 4, 153.95, 317453, 658
1720, 3, 27, 77, 38, 0, 1.00%, 0, 0, 4, 174.58, 318170, 658
1725, 3, 27, 77, 38, 0, 1.00%, 0, 0, 4, 211.59, 319269, 658
1730, 3, 31, 77, 38, 0, 1.00%, 0, 0, 4, 225.45, 320466, 658
1735, 3, 36, 77, 38, 0, 1.00%, 0, 0, 4, 212.15, 321471, 658
1740, 3, 36, 77, 38, 0, 1.00%, 0, 0, 4, 37.21, 322317, 658
1746, 3, 32, 77, 38, 0, 1.00%, 0, 0, 4, 189.96, 323248, 658
1751, 3, 26, 77, 38, 0, 1.00%, 0, 0, 4, 197.53, 324162, 658
1756, 3, 26, 77, 38, 0, 1.00%, 0, 0, 4, 169.58, 325063, 658
1761, 3, 31, 77, 38, 0, 1.00%, 0, 0, 4, 177.25, 325919, 658
1766, 3, 51, 77, 38, 0, 1.00%, 0, 0, 4, 176.33, 326831, 658
1771, 3, 31, 77, 38, 0, 1.00%, 0, 0, 4, 206.67, 327923, 658
1776, 3, 27, 77, 38, 0, 1.00%, 0, 0, 4, 210.19, 328913, 658
1781, 3, 27, 77, 38, 0, 1.00%, 0, 0, 4, 225.56, 330063, 658
1786, 3, 27, 77, 38, 0, 1.00%, 0, 0, 4, 45.78, 331155, 658
1791, 3, 27, 77, 38, 0, 1.00%, 0, 0, 4, 248.89, 331639, 658
1796, 3, 27, 77, 38, 0, 1.00%, 0, 0, 4, 33.56, 331927, 658
1801, 3, 27, 77, 38, 0, 1.00%, 0, 0, 4, 153.89, 332356, 658
1806, 3, 27, 77, 38, 0, 1.00%, 0, 0, 4, 85.78, 332776, 658
1812, 3, 31, 77, 38, 0, 1.00%, 0, 0, 4, 154.22, 333459, 658
1817, 3, 31, 77, 38, 0, 1.00%, 0, 0, 4, 194.27, 334457, 658
1822, 3, 33, 77, 38, 0, 1.00%, 0, 0, 4, 200.87, 335487, 658
1827, 3, 51, 77, 38, 0, 1.00%, 0, 0, 4, 81.20, 336392, 658
1832, 3, 76, 77, 38, 0, 1.00%, 0, 0, 4, 174.95, 337414, 658
1837, 3, 51, 77, 38, 0, 1.00%, 0, 0, 4, 37.89, 338358, 658
1842, 3, 50, 77, 38, 0, 1.00%, 0, 0, 4, 142.24, 339069, 658
1848, 3, 31, 77, 38, 0, 1.00%, 0, 0, 4, 158.08, 339940, 658
1853, 3, 31, 77, 38, 0, 1.00%, 0, 0, 4, 138.97, 340628, 658
1858, 3, 51, 77, 38, 0, 1.00%, 0, 0, 4, 123.11, 341227, 658
1863, 3, 35, 77, 38, 0, 1.00%, 0, 0, 4, 169.32, 342176, 658
1868, 3, 26, 77, 38, 0, 1.00%, 0, 0, 4, 182.19, 343126, 658
1873, 3, 76, 77, 38, 0, 1.00%, 0, 0, 4, 219.85, 344252, 658
1878, 3, 17, 77, 38, 0, 1.00%, 0, 0, 4, 215.31, 345317, 658
1883, 3, 17, 77, 38, 0, 1.00%, 0, 0, 4, 184.02, 346212, 658
1888, 3, 31, 77, 37, 0, 1.00%, 0, 0, 4, 176.39, 347154, 658
1894, 3, 25, 77, 37, 0, 1.00%, 0, 0, 4, 217.06, 348294, 658
1899, 3, 25, 77, 37, 0, 1.00%, 0, 0, 4, 201.49, 349344, 658
1904, 3, 25, 77, 37, 0, 1.00%, 0, 0, 4, 190.57, 350145, 658
1909, 3, 31, 77, 37, 0, 1.00%, 0, 0, 4, 230.23, 351392, 658
1914, 3, 31, 77, 37, 0, 1.00%, 0, 0, 4, 144.42, 352109, 658
1919, 3, 32, 77, 37, 0, 1.00%, 0, 0, 4, 199.55, 353214, 658
1924, 3, 32, 77, 37, 0, 1.00%, 0, 0, 4, 132.61, 353897, 658
1929, 3, 32, 77, 37, 0, 1.00%, 0, 0, 4, 94.22, 354290, 658
1934, 3, 37, 77, 37, 0, 1.00%, 0, 0, 4, 127.22, 355109, 658
1940, 3, 26, 77, 37, 0, 1.00%, 0, 0, 4, 171.06, 355972, 658
1945, 3, 26, 77, 37, 0, 1.00%, 0, 0, 4, 100.38, 356690, 658
1950, 3, 50, 77, 37, 0, 1.00%, 0, 0, 4, 144.28, 357436, 658
1955, 3, 31, 77, 37, 0, 1.00%, 0, 0, 4, 203.13, 358551, 658
1960, 3, 31, 77, 37, 0, 1.00%, 0, 0, 4, 156.97, 359271, 658
1965, 3, 51, 77, 37, 0, 1.00%, 0, 0, 4, 174.04, 360152, 658
1970, 3, 50, 77, 37, 0, 1.00%, 0, 0, 4, 177.98, 361084, 658
1975, 3, 76, 77, 37, 0, 1.00%, 0, 0, 4, 194.23, 362145, 658
1980, 3, 37, 77, 37, 0, 1.00%, 0, 0, 4, 191.52, 362991, 658
1986, 3, 36, 77, 37, 0, 1.00%, 0, 0, 4, 235.76, 363901, 658
1991, 3, 36, 77, 37, 0, 1.00%, 0, 0, 4, 181.18, 364837, 658
1996, 3, 64, 77, 37, 0, 1.00%, 0, 0, 4, 144.34, 365530, 658
2001, 3, 64, 77, 37, 0, 1.00%, 0, 0, 4, 129.58, 366180, 658
2006, 3, 64, 77, 37, 0, 1.00%, 0, 0, 4, 126.97, 366830, 658
2011, 3, 31, 77, 36, 0, 1.00%, 0, 0, 4, 166.04, 367640, 658
2016, 3, 31, 77, 36, 0, 1.00%, 0, 0, 4, 157.68, 368544, 658
2021, 3, 50, 77, 36, 0, 1.00%, 0, 0, 4, 158.85, 369281, 658
2026, 3, 76, 77, 36, 0, 1.00%, 0, 0, 4, 217.36, 370482, 658
2031, 3, 76, 77, 36, 0, 1.00%, 0, 0, 4, 214.64, 371552, 658
2036, 3, 76, 77, 36, 0, 1.00%, 0, 0, 4, 144.54, 372382, 658
2042, 3, 37, 77, 36, 0, 1.00%, 0, 0, 4, 125.09, 373034, 658
2047, 3, 37, 77, 36, 0, 1.00%, 0, 0, 4, 109.50, 373571, 658
2052, 3, 36, 77, 36, 0, 1.00%, 0, 0, 4, 194.38, 374719, 658
2057, 3, 33, 77, 36, 0, 1.00%, 0, 0, 4, 191.89, 375572, 658
2062, 3, 37, 77, 36, 0, 1.00%, 0, 0, 4, 195.72, 376597, 658
2067, 3, 37, 77, 36, 0, 1.00%, 0, 0, 4, 151.13, 377402, 658
2072, 3, 31, 77, 36, 0, 1.00%, 0, 0, 4, 191.78, 378343, 658
2077, 3, 31, 77, 36, 0, 1.00%, 0, 0, 4, 118.13, 378845, 658
2082, 3, 26, 77, 36, 0, 1.00%, 0, 0, 4, 211.71, 380045, 658
2087, 3, 33, 77, 36, 0, 1.00%, 0, 0, 4, 150.89, 380821, 658
2093, 3, 33, 77, 36, 0, 1.00%, 0, 0, 4, 110.41, 381329, 658
2098, 3, 0, 77, 36, 0, 1.00%, 0, 0, 4, 188.55, 382299, 658
2103, 3, 0, 77, 36, 0, 1.00%, 0, 0, 4, 223.68, 383500, 658
2108, 3, 0, 77, 36, 0, 1.00%, 0, 0, 4, 189.99, 384261, 658
2113, 3, 0, 77, 36, 0, 1.00%, 0, 0, 4, 126.02, 384796, 658
2118, 3, 0, 77, 36, 0, 1.00%, 0, 0, 4, 121.02, 385544, 658
2124, 3, 31, 77, 36, 0, 1.00%, 0, 0, 4, 182.26, 386533, 658
2129, 4, 7, 77, 36, 0, 1.00%, 0, 0, 4, 191.85, 387560, 658
2134, 4, 26, 77, 35, 0, 1.00%, 0, 0, 4, 38.83, 388694, 658
2139, 4, 26, 77, 35, 0, 1.00%, 0, 0, 4, 186.39, 389305, 658
2144, 4, 32, 77, 35, 0, 1.00%, 0, 0, 4, 178.64, 390203, 658
2149, 4, 26, 77, 35, 0, 1.00%, 0, 0, 4, 191.20, 391172, 658
2154, 4, 26, 77, 35, 0, 1.00%, 0, 0, 4, 108.64, 391643, 658
2159, 4, 27, 77, 35, 0, 1.00%, 0, 0, 4, 189.68, 392660, 658
2165, 4, 27, 77, 35, 0, 1.00%, 0, 0, 4, 226.12, 393864, 658
2170, 4, 27, 77, 35, 0, 1.00%, 0, 0, 4, 133.41, 394526, 658
2175, 4, 27, 77, 35, 0, 1.00%, 0, 0, 4, 159.75, 395275, 658
2180, 4, 27, 77, 35, 0, 1.00%, 0, 0, 4, 167.01, 396261, 658
2185, 4, 51, 77, 35, 0, 1.00%, 0, 0, 4, 198.25, 397141, 658
2190, 4, 25, 77, 35, 0, 1.00%, 0, 0, 4, 209.67, 398185, 658
2195, 4, 25, 77, 35, 0, 1.00%, 0, 0, 4, 216.30, 399301, 658
2200, 4, 25, 77, 35, 0, 1.00%, 0, 0, 4, 155.80, 399842, 658
2205, 4, 25, 77, 35, 0, 1.00%, 0, 0, 4, 130.12, 400601, 658
2211, 4, 25, 77, 35, 0, 1.00%, 0, 0, 4, 124.31, 401281, 658
2216, 4, 22, 77, 35, 0, 1.00%, 0, 0, 4, 199.04, 402347, 658
2221, 4, 22, 77, 35, 0, 1.00%, 0, 0, 4, 228.96, 403557, 658
2226, 4, 22, 77, 35, 0, 1.00%, 0, 0, 4, 132.77, 404077, 658
2231, 4, 22, 77, 35, 0, 1.00%, 0, 0, 4, 164.39, 404948, 658
2236, 4, 22, 77, 35, 0, 1.00%, 0, 0, 4, 227.62, 406225, 658
2241, 4, 31, 77, 35, 0, 1.00%, 0, 0, 4, 173.60, 406906, 658
2246, 4, 31, 77, 35, 0, 1.00%, 0, 0, 4, 163.20, 407701, 658
2251, 4, 50, 77, 35, 0, 1.00%, 0, 0, 4, 146.82, 408394, 658
2256, 4, 31, 77, 35, 0, 1.00%, 0, 0, 4, 201.87, 409481, 658
2262, 4, 31, 77, 35, 0, 1.00%, 0, 0, 4, 169.78, 410295, 658
2267, 4, 37, 77, 35, 0, 1.00%, 0, 0, 4, 36.36, 411331, 658
2272, 4, 50, 77, 35, 0, 1.00%, 0, 0, 4, 195.90, 412141, 658
2277, 4, 26, 77, 35, 0, 1.00%, 0, 0, 4, 188.46, 413066, 658
2282, 4, 26, 77, 35, 0, 1.00%, 0, 0, 4, 97.52, 413536, 658
2287, 4, 26, 77, 35, 0, 1.00%, 0, 0, 4, 99.86, 414035, 658
2292, 4, 38, 77, 35, 0, 1.00%, 0, 0, 4, 143.64, 414841, 658
2297, 4, 47, 77, 34, 0, 1.00%, 0, 0, 4, 155.61, 415625, 658
2302, 4, 47, 77, 34, 0, 1.00%, 0, 0, 4, 222.59, 416851, 658
2307, 4, 41, 77, 33, 0, 1.00%, 0, 0, 4, 228.27, 417972, 658
2312, 4, 31, 77, 32, 0, 1.00%, 0, 0, 4, 243.04, 419094, 658
2317, 4, 31, 77, 32, 0, 1.00%, 0, 0, 4, 189.56, 420005, 658
2323, 4, 31, 77, 32, 0, 1.00%, 0, 0, 4, 202.63, 421030, 658
2328, 4, 36, 77, 32, 0, 1.00%, 0, 0, 4, 210.62, 422123, 658
2333, 4, 26, 77, 32, 0, 1.00%, 0, 0, 4, 208.99, 423120, 658
2338, 4, 26, 77, 32, 0, 1.00%, 0, 0, 4, 106.86, 423566, 658
2343, 4, 48, 77, 32, 0, 1.00%, 0, 0, 4, 152.17, 424396, 658
2348, 4, 48, 77, 32, 0, 1.00%, 0, 0, 4, 168.00, 425259, 658
2353, 4, 76, 77, 31, 0, 1.00%, 0, 0, 4, 176.79, 426189, 658
2359, 4, 76, 77, 31, 0, 1.00%, 0, 0, 4, 125.09, 426898, 658
2364, 4, 35, 77, 31, 0, 1.00%, 0, 0, 4, 199.59, 427912, 658
2369, 4, 35, 77, 31, 0, 1.00%, 0, 0, 4, 103.23, 428293, 658
2374, 4, 35, 77, 31, 0, 1.00%, 0, 0, 4, 169.06, 429076, 658
2379, 4, 35, 77, 31, 0, 1.00%, 0, 0, 4, 108.45, 429552, 658
2384, 4, 46, 77, 31, 0, 1.00%, 0, 0, 4, 155.95, 430338, 658
2389, 4, 46, 77, 31, 0, 1.00%, 0, 0, 4, 192.64, 431351, 658
2394, 4, 37, 77, 30, 0, 1.00%, 0, 0, 4, 34.33, 432388, 658
2399, 4, 37, 77, 30, 0, 1.00%, 0, 0, 4, 253.08, 432951, 658
2404, 4, 25, 77, 30, 0, 1.00%, 0, 0, 4, 237.93, 434161, 658
2409, 4, 25, 77, 30, 0, 1.00%, 0, 0, 4, 151.38, 434949, 658
2415, 4, 25, 77, 30, 0, 1.00%, 0, 0, 4, 38.24, 435708, 658
2420, 4, 25, 77, 30, 0, 1.00%, 0, 0, 4, 46.32, 436320, 658
2425, 4, 31, 77, 30, 0, 1.00%, 0, 0, 4, 134.54, 436933, 658
2430, 4, 31, 77, 30, 0, 1.00%, 0, 0, 4, 178.42, 437845, 658
2435, 4, 76, 77, 30, 0, 1.00%, 0, 0, 4, 199.21, 438826, 658
2440, 4, 50, 77, 30, 0, 1.00%, 0, 0, 4, 175.73, 439595, 658
2445, 4, 32, 77, 30, 0, 1.00%, 0, 0, 4, 141.89, 440510, 658
2450, 4, 32, 77, 30, 0, 1.00%, 0, 0, 4, 139.56, 441141, 658
2455, 4, 66, 77, 30, 0, 1.00%, 0, 0, 4, 171.50, 442063, 658
2460, 4, 66, 77, 30, 0, 1.00%, 0, 0, 4, 180.89, 442992, 658
2466, 4, 22, 77, 29, 0, 1.00%, 0, 0, 4, 202.88, 444004, 658
2471, 4, 22, 77, 29, 0, 1.00%, 0, 0, 4, 215.63, 445126, 658
2476, 4, 22, 77, 29, 0, 1.00%, 0, 0, 4, 129.00, 445650, 658
2481, 4, 22, 77, 29, 0, 1.00%, 0, 0, 4, 130.11, 446284, 658
2486, 4, 22, 77, 29, 0, 1.00%, 0, 0, 4, 67.46, 446555, 658
2491, 4, 22, 77, 29, 0, 1.00%, 0, 0, 4, 165.92, 447383, 658
2496, 4, 22, 77, 29, 0, 1.00%, 0, 0, 4, 131.31, 448124, 658
2502, 4, 21, 77, 29, 0, 1.00%, 0, 0, 4, 147.16, 448907, 658
2507, 4, 51, 77, 29, 0, 1.00%, 0, 0, 4, 162.10, 449618, 658
2512, 4, 50, 77, 29, 0, 1.00%, 0, 0, 4, 153.45, 450355, 658
2517, 4, 31, 77, 29, 0, 1.00%, 0, 0, 4, 160.61, 451045, 658
2522, 4, 31, 77, 29, 0, 1.00%, 0, 0, 4, 121.62, 451608, 658
2527, 4, 31, 77, 29, 0, 1.00%, 0, 0, 4, 190.53, 452640, 658
2532, 4, 24, 77, 29, 0, 1.00%, 0, 0, 4, 156.57, 453281, 658
2537, 4, 24, 78, 30, 0, 1.01%, 0, 0, 4, 214.01, 454471, 661
2543, 4, 24, 78, 30, 0, 1.01%, 0, 0, 4, 226.28, 455663, 661
2548, 4, 24, 78, 30, 0, 1.01%, 0, 0, 4, 192.37, 456651, 661
2553, 4, 24, 78, 30, 0, 1.01%, 0, 0, 4, 140.09, 457121, 661
2558, 4, 24, 78, 30, 0, 1.01%, 0, 0, 4, 156.87, 458039, 661
2563, 4, 24, 78, 30, 0, 1.01%, 0, 0, 4, 108.70, 458583, 661
2568, 4, 24, 78, 30, 0, 1.01%, 0, 0, 4, 50.14, 458765, 661
2573, 4, 24, 78, 30, 0, 1.01%, 0, 0, 4, 256.52, 459796, 661
2578, 4, 77, 78, 30, 1, 1.01%, 0, 0, 4, 235.54, 460954, 661
2583, 4, 77, 78, 30, 1, 1.01%, 0, 0, 4, 243.81, 462210, 661
2588, 4, 77, 78, 30, 1, 1.01%, 0, 0, 4, 220.43, 463274, 661
2593, 4, 77, 78, 30, 1, 1.01%, 0, 0, 4, 196.98, 464330, 661
2598, 4, 31, 78, 29, 0, 1.01%, 0, 0, 4, 210.45, 465411, 661
2604, 4, 32, 78, 29, 0, 1.01%, 0, 0, 4, 177.36, 466339, 661
2609, 4, 31, 78, 29, 0, 1.01%, 0, 0, 4, 209.64, 467473, 661
2614, 4, 77, 78, 29, 0, 1.01%, 0, 0, 4, 165.71, 468223, 661
2619, 4, 77, 78, 29, 0, 1.01%, 0, 0, 4, 135.01, 468972, 661
2624, 4, 27, 78, 29, 0, 1.01%, 0, 0, 4, 143.94, 469614, 661
2629, 4, 27, 78, 29, 0, 1.01%, 0, 0, 4, 212.48, 470798, 661
2634, 4, 27, 78, 29, 0, 1.01%, 0, 0, 4, 111.78, 471338, 661
2640, 4, 27, 78, 29, 0, 1.01%, 0, 0, 4, 192.29, 472372, 661
2645, 4, 27, 78, 29, 0, 1.01%, 0, 0, 4, 228.00, 473588, 661
2650, 4, 27, 78, 29, 0, 1.01%, 0, 0, 4, 33.84, 474331, 661
2655, 4, 25, 78, 29, 0, 1.01%, 0, 0, 4, 229.90, 474768, 661
2660, 4, 25, 79, 30, 0, 1.01%, 0, 0, 4, 230.01, 475968, 664
2665, 4, 25, 79, 30, 0, 1.01%, 0, 0, 4, 229.02, 477117, 664
2670, 4, 25, 79, 30, 0, 1.01%, 0, 0, 4, 216.74, 478160, 664
2676, 4, 25, 79, 30, 0, 1.01%, 0, 0, 4, 200.59, 479234, 664
2681, 4, 31, 79, 30, 1, 1.01%, 0, 0, 4, 213.93, 480352, 664
2686, 4, 78, 79, 30, 1, 1.01%, 0, 0, 4, 201.77, 481300, 664
2691, 4, 78, 80, 31, 1, 1.14%, 0, 0, 4, 223.77, 482450, 745
2696, 4, 78, 80, 31, 1, 1.14%, 0, 0, 4, 227.37, 483646, 745
2701, 4, 78, 80, 31, 1, 1.14%, 0, 0, 4, 238.66, 484846, 745
2706, 4, 78, 80, 31, 1, 1.14%, 0, 0, 4, 39.34, 485270, 745
2711, 4, 78, 80, 31, 1, 1.14%, 0, 0, 4, 52.85, 485532, 745
2716, 4, 78, 80, 31, 1, 1.14%, 0, 0, 4, 107.13, 486282, 745
2721, 4, 78, 80, 31, 1, 1.14%, 0, 0, 4, 64.71, 486631, 745
2727, 4, 79, 80, 30, 1, 1.14%, 0, 0, 4, 191.50, 487706, 745
2732, 4, 79, 80, 30, 1, 1.14%, 0, 0, 4, 225.78, 488909, 745
2737, 4, 79, 80, 30, 1, 1.14%, 0, 0, 4, 200.87, 489989, 745
2742, 4, 79, 80, 30, 1, 1.14%, 0, 0, 4, 126.08, 490445, 745
2747, 4, 79, 80, 30, 1, 1.14%, 0, 0, 4, 212.25, 491613, 745
2752, 4, 79, 80, 30, 1, 1.14%, 0, 0, 4, 201.95, 492705, 745
2757, 4, 79, 80, 30, 1, 1.14%, 0, 0, 4, 202.94, 493801, 745
2763, 4, 79, 80, 30, 1, 1.14%, 0, 0, 4, 105.85, 494197, 745
2768, 4, 79, 80, 30, 1, 1.14%, 0, 0, 4, 163.63, 495110, 745
2773, 4, 21, 80, 29, 0, 1.14%, 0, 0, 4, 200.02, 496172, 745
2778, 4, 32, 80, 29, 0, 1.14%, 0, 0, 4, 169.94, 496890, 745
2783, 4, 32, 80, 29, 0, 1.14%, 0, 0, 4, 174.98, 497724, 745
2789, 4, 37, 80, 29, 0, 1.14%, 0, 0, 4, 194.06, 498672, 745
2794, 4, 50, 80, 29, 0, 1.14%, 0, 0, 4, 159.47, 499379, 745
2799, 4, 11, 80, 29, 0, 1.14%, 0, 0, 4, 154.93, 500040, 745
2804, 4, 25, 80, 28, 0, 1.14%, 0, 0, 4, 151.60, 500850, 745
2809, 4, 25, 80, 28, 0, 1.14%, 0, 0, 4, 213.93, 502036, 745
2814, 4, 25, 81, 29, 0, 1.14%, 0, 0, 4, 119.29, 502633, 745
2819, 4, 25, 81, 29, 0, 1.14%, 0, 0, 4, 78.91, 502931, 745
2825, 4, 25, 81, 29, 0, 1.14%, 0, 0, 4, 203.88, 504058, 745
2830, 4, 77, 81, 29, 0, 1.14%, 0, 0, 4, 226.82, 505243, 745
2835, 4, 77, 81, 29, 0, 1.14%, 0, 0, 4, 152.07, 505881, 745
2840, 4, 31, 81, 29, 0, 1.14%, 0, 0, 4, 177.76, 506642, 745
2845, 4, 36, 81, 29, 0, 1.14%, 0, 0, 4, 205.30, 507673, 745
2850, 4, 26, 81, 29, 0, 1.14%, 0, 0, 4, 183.46, 508655, 745
2855, 4, 26, 81, 29, 0, 1.14%, 0, 0, 4, 139.56, 509439, 745
2860, 4, 35, 81, 29, 0, 1.14%, 0, 0, 4, 200.20, 510555, 745
2865, 4, 79, 81, 29, 0, 1.14%, 0, 0, 4, 146.63, 511198, 745
2870, 4, 79, 81, 29, 0, 1.14%, 0, 0, 4, 184.66, 512270, 745
2876, 4, 79, 81, 29, 0, 1.14%, 0, 0, 4, 43.74, 512816, 745
2881, 4, 51, 81, 29, 0, 1.14%, 0, 0, 4, 173.42, 513724, 745
2886, 4, 51, 81, 29, 0, 1.14%, 0, 0, 4, 144.72, 514614, 745
2891, 4, 79, 81, 29, 0, 1.14%, 0, 0, 4, 210.09, 515735, 745
2896, 4, 79, 81, 29, 0, 1.14%, 0, 0, 4, 225.98, 516900, 745
2901, 4, 79, 81, 29, 0, 1.14%, 0, 0, 4, 229.62, 518056, 745
2906, 4, 79, 81, 29, 0, 1.14%, 0, 0, 4, 164.66, 518940, 745
2911, 4, 79, 81, 29, 0, 1.14%, 0, 0, 4, 145.82, 519735, 745
2916, 4, 27, 81, 29, 0, 1.14%, 0, 0, 4, 212.66, 520929, 745
2921, 4, 27, 81, 29, 0, 1.14%, 0, 0, 4, 32.44, 521804, 745
2927, 4, 27, 81, 29, 0, 1.14%, 0, 0, 4, 36.06, 521989, 745
2932, 4, 27, 81, 29, 0, 1.14%, 0, 0, 4, 108.65, 522545, 745
2937, 4, 27, 81, 29, 0, 1.14%, 0, 0, 4, 163.70, 523505, 745
2942, 4, 27, 81, 29, 0, 1.14%, 0, 0, 4, 173.88, 524235, 745
2947, 4, 27, 81, 29, 0, 1.14%, 0, 0, 4, 79.37, 524563, 745
2952, 4, 32, 81, 29, 0, 1.14%, 0, 0, 4, 175.94, 525504, 745
2957, 4, 32, 81, 29, 0, 1.14%, 0, 0, 4, 145.40, 526155, 745
2962, 4, 79, 81, 29, 0, 1.14%, 0, 0, 4, 205.68, 527325, 745
2968, 4, 79, 81, 29, 0, 1.14%, 0, 0, 4, 133.39, 527851, 745
2973, 4, 79, 81, 29, 0, 1.14%, 0, 0, 4, 140.70, 528645, 745
2978, 4, 31, 81, 29, 0, 1.14%, 0, 0, 4, 177.54, 529583, 745
2983, 4, 31, 81, 29, 0, 1.14%, 0, 0, 4, 180.97, 530504, 745
2988, 4, 79, 81, 29, 0, 1.14%, 0, 0, 4, 209.49, 531638, 745
2993, 4, 79, 81, 29, 0, 1.14%, 0, 0, 4, 200.76, 532492, 745
2998, 4, 56, 81, 29, 0, 1.14%, 0, 0, 4, 223.28, 533676, 745
3003, 4, 51, 81, 28, 0, 1.14%, 0, 0, 4, 222.77, 534807, 745
3008, 4, 37, 81, 28, 0, 1.14%, 0, 0, 4, 139.18, 535724, 745
3013, 4, 51, 81, 28, 0, 1.14%, 0, 0, 4, 217.85, 536928, 745
3018, 4, 51, 81, 28, 0, 1.14%, 0, 0, 4, 195.44, 537698, 745
3024, 4, 79, 81, 28, 0, 1.14%, 0, 0, 4, 221.31, 538876, 745
3029, 4, 79, 81, 28, 0, 1.14%, 0, 0, 4, 202.10, 539757, 745
3034, 4, 79, 81, 28, 0, 1.14%, 0, 0, 4, 231.12, 540964, 745
3039, 4, 79, 81, 28, 0, 1.14%, 0, 0, 4, 174.04, 541820, 745
3044, 4, 79, 81, 28, 0, 1.14%, 0, 0, 4, 140.01, 542477, 745
3049, 4, 76, 81, 28, 0, 1.14%, 0, 0, 4, 201.04, 543495, 745
3054, 5, 35, 81, 28, 0, 1.14%, 0, 0, 4, 228.77, 544704, 745
3059, 5, 50, 81, 28, 0, 1.14%, 0, 0, 4, 42.23, 545644, 745
3065, 5, 54, 81, 28, 0, 1.14%, 0, 0, 4, 196.30, 546817, 745
3070, 5, 26, 81, 27, 0, 1.14%, 0, 0, 4, 212.66, 547888, 745
3075, 5, 33, 81, 27, 0, 1.14%, 0, 0, 4, 226.76, 548665, 745
3080, 5, 25, 81, 27, 0, 1.14%, 0, 0, 4, 200.59, 549482, 745
3085, 5, 25, 81, 27, 0, 1.14%, 0, 0, 4, 222.49, 550635, 745
3090, 5, 25, 81, 27, 0, 1.14%, 0, 0, 4, 214.28, 551768, 745
3095, 5, 25, 81, 27, 0, 1.14%, 0, 0, 4, 140.34, 552335, 745
3100, 5, 25, 81, 27, 0, 1.14%, 0, 0, 4, 94.52, 552825, 745
3105, 5, 22, 81, 27, 0, 1.14%, 0, 0, 4, 166.49, 553574, 745
3111, 5, 22, 81, 27, 0, 1.14%, 0, 0, 4, 218.30, 554769, 745
3116, 5, 22, 81, 27, 0, 1.14%, 0, 0, 4, 142.64, 555573, 745
3121, 5, 22, 81, 27, 0, 1.14%, 0, 0, 4, 184.42, 556417, 745
3126, 5, 22, 81, 27, 0, 1.14%, 0, 0, 4, 113.26, 556995, 745
3131, 5, 22, 81, 27, 0, 1.14%, 0, 0, 4, 114.76, 557503, 745
3136, 5, 22, 81, 27, 0, 1.14%, 0, 0, 4, 123.51, 558159, 745
3141, 5, 32, 81, 27, 0, 1.14%, 0, 0, 4, 178.90, 559175, 745
3147, 5, 20, 81, 27, 0, 1.14%, 0, 0, 4, 166.61, 559857, 745
3152, 5, 20, 81, 27, 0, 1.14%, 0, 0, 4, 217.01, 561052, 745
3157, 5, 20, 81, 27, 0, 1.14%, 0, 0, 4, 176.67, 561672, 745
3162, 5, 20, 81, 27, 0, 1.14%, 0, 0, 4, 170.77, 562506, 745
3167, 5, 26, 81, 27, 0, 1.14%, 0, 0, 4, 188.98, 563361, 745
3172, 5, 26, 81, 27, 0, 1.14%, 0, 0, 4, 192.26, 564347, 745
3177, 5, 51, 81, 27, 0, 1.14%, 0, 0, 4, 153.92, 565008, 745
3182, 5, 77, 81, 27, 0, 1.14%, 0, 0, 4, 166.71, 565892, 745
3187, 5, 79, 81, 27, 0, 1.14%, 0, 0, 4, 217.80, 567029, 745
3192, 5, 79, 81, 27, 0, 1.14%, 0, 0, 4, 221.72, 568178, 745
3197, 5, 79, 81, 27, 0, 1.14%, 0, 0, 4, 133.64, 568688, 745
3203, 5, 79, 81, 27, 0, 1.14%, 0, 0, 4, 213.42, 569886, 745
3208, 5, 79, 81, 27, 0, 1.14%, 0, 0, 4, 179.63, 570676, 745
3213, 5, 36, 81, 27, 0, 1.14%, 0, 0, 4, 214.78, 571791, 745
3218, 5, 36, 81, 27, 0, 1.14%, 0, 0, 4, 207.21, 572786, 745
3223, 5, 33, 81, 27, 0, 1.14%, 0, 0, 4, 161.68, 573577, 745
3228, 5, 31, 81, 27, 0, 1.14%, 0, 0, 4, 212.34, 574762, 745
3233, 5, 27, 81, 27, 0, 1.14%, 0, 0, 4, 218.94, 575882, 745
3238, 5, 27, 81, 27, 0, 1.14%, 0, 0, 4, 200.37, 576938, 745
3243, 5, 27, 81, 27, 0, 1.14%, 0, 0, 4, 79.73, 577186, 745
3249, 5, 27, 81, 27, 0, 1.14%, 0, 0, 4, 146.22, 577843, 745
3254, 5, 27, 81, 27, 0, 1.14%, 0, 0, 4, 111.50, 578477, 745
3259, 5, 27, 81, 27, 0, 1.14%, 0, 0, 4, 85.76, 579004, 745
3264, 5, 31, 81, 27, 0, 1.14%, 0, 0, 4, 126.10, 579848, 745
3269, 5, 51, 81, 27, 0, 1.14%, 0, 0, 4, 185.46, 580723, 745
3274, 5, 51, 81, 27, 0, 1.14%, 0, 0, 4, 150.99, 581366, 745
3279, 5, 51, 81, 27, 0, 1.14%, 0, 0, 4, 150.10, 582180, 745
3284, 5, 21, 81, 27, 0, 1.14%, 0, 0, 4, 159.14, 582946, 745
3290, 5, 29, 81, 27, 0, 1.14%, 0, 0, 4, 143.64, 583765, 745
3295, 5, 51, 81, 26, 0, 1.14%, 0, 0, 4, 149.59, 584393, 745
3300, 5, 79, 81, 26, 0, 1.14%, 0, 0, 4, 188.87, 585275, 745
3305, 5, 79, 81, 26, 0, 1.14%, 0, 0, 4, 169.42, 586050, 745
3310, 5, 79, 81, 26, 0, 1.14%, 0, 0, 4, 213.03, 587219, 745
3315, 5, 79, 81, 26, 0, 1.14%, 0, 0, 4, 228.39, 588420, 745
3320, 5, 79, 81, 26, 0, 1.14%, 0, 0, 4, 39.86, 588778, 745
3325, 5, 79, 81, 26, 0, 1.14%, 0, 0, 4, 232.01, 589682, 745
3331, 5, 37, 81, 26, 0, 1.14%, 0, 0, 4, 200.02, 590654, 745
3336, 5, 37, 81, 26, 0, 1.14%, 0, 0, 4, 32.97, 591521, 745
3341, 5, 31, 81, 26, 0, 1.14%, 0, 0, 4, 230.81, 592502, 745
3346, 5, 79, 81, 26, 0, 1.14%, 0, 0, 4, 189.50, 593256, 745
3351, 5, 79, 81, 26, 0, 1.14%, 0, 0, 4, 158.23, 594179, 745
3356, 5, 79, 81, 26, 0, 1.14%, 0, 0, 4, 129.81, 594946, 745
3361, 5, 7, 81, 26, 0, 1.14%, 0, 0, 4, 106.92, 595532, 745
3366, 5, 7, 81, 26, 0, 1.14%, 0, 0, 4, 141.70, 596287, 745
3371, 5, 79, 81, 26, 0, 1.14%, 0, 0, 4, 214.13, 597488, 745
3376, 5, 79, 81, 26, 0, 1.14%, 0, 0, 4, 210.24, 598563, 745
3382, 5, 27, 81, 26, 0, 1.14%, 0, 0, 4, 234.76, 599793, 745
3387, 5, 27, 81, 26, 0, 1.14%, 0, 0, 4, 233.59, 600996, 745
3392, 5, 27, 81, 26, 0, 1.14%, 0, 0, 4, 226.38, 602208, 745
3397, 5, 37, 81, 26, 0, 1.14%, 0, 0, 4, 235.07, 603407, 745
3402, 5, 37, 81, 26, 0, 1.14%, 0, 0, 4, 198.64, 604351, 745
3408, 5, 37, 81, 26, 0, 1.14%, 0, 0, 4, 37.68, 605081, 745
3413, 5, 37, 81, 26, 0, 1.14%, 0, 0, 4, 69.16, 605531, 745
3418, 5, 51, 81, 26, 0, 1.14%, 0, 0, 4, 165.59, 606411, 745
3423, 5, 26, 81, 26, 0, 1.14%, 0, 0, 4, 145.03, 607167, 745
3428, 5, 26, 81, 26, 0, 1.14%, 0, 0, 4, 175.23, 608116, 745
3433, 5, 77, 81, 26, 0, 1.14%, 0, 0, 4, 162.24, 608916, 745
3438, 5, 77, 81, 26, 0, 1.14%, 0, 0, 4, 141.57, 609557, 745
3443, 5, 79, 81, 26, 0, 1.14%, 0, 0, 4, 192.16, 610487, 745
3448, 5, 79, 81, 26, 0, 1.14%, 0, 0, 4, 188.70, 611419, 745
3453, 5, 33, 81, 26, 0, 1.14%, 0, 0, 4, 182.73, 612231, 745
3458, 5, 33, 81, 26, 0, 1.14%, 0, 0, 4, 178.03, 613227, 745
3464, 5, 79, 81, 26, 0, 1.14%, 0, 0, 4, 219.00, 614406, 745
3469, 5, 79, 81, 26, 0, 1.14%, 0, 0, 4, 147.72, 615122, 745
3474, 5, 79, 81, 26, 0, 1.14%, 0, 0, 4, 118.89, 615628, 745
3479, 5, 25, 82, 27, 0, 1.14%, 0, 0, 4, 201.48, 616732, 749
3484, 5, 25, 82, 27, 0, 1.14%, 0, 0, 4, 223.70, 617912, 749
3489, 5, 25, 82, 27, 0, 1.14%, 0, 0, 4, 41.84, 618714, 749
3494, 5, 25, 82, 27, 0, 1.14%, 0, 0, 4, 204.53, 619334, 749
3499, 5, 25, 82, 27, 0, 1.14%, 0, 0, 4, 105.72, 619768, 749
3505, 5, 25, 82, 27, 0, 1.14%, 0, 0, 4, 190.31, 620846, 749
3510, 5, 81, 86, 31, 1, 1.18%, 0, 0, 4, 223.86, 622025, 774
3515, 5, 81, 87, 32, 1, 1.23%, 0, 0, 4, 230.69, 623222, 809
3520, 5, 81, 87, 32, 1, 1.23%, 0, 0, 4, 233.30, 624442, 809
3525, 5, 81, 88, 33, 1, 1.23%, 0, 0, 4, 233.38, 625650, 809
3530, 5, 81, 88, 33, 1, 1.23%, 0, 0, 4, 233.62, 626826, 809
3535, 5, 81, 88, 33, 1, 1.23%, 0, 0, 4, 235.19, 628046, 809
3540, 5, 81, 89, 34, 1, 1.24%, 0, 0, 4, 232.98, 629202, 811
3545, 5, 81, 90, 35, 1, 1.24%, 0, 0, 4, 236.06, 630418, 811
3551, 5, 81, 90, 35, 1, 1.24%, 0, 0, 4, 235.43, 631634, 811
3556, 5, 81, 90, 35, 1, 1.24%, 0, 0, 4, 232.59, 632794, 811
3561, 5, 81, 90, 35, 1, 1.24%, 0, 0, 4, 234.66, 634006, 811
3566, 5, 81, 90, 35, 1, 1.24%, 0, 0, 4, 236.35, 635234, 811
3571, 5, 81, 90, 35, 1, 1.24%, 0, 0, 4, 236.64, 636470, 811
3576, 5, 81, 90, 35, 1, 1.24%, 0, 0, 4, 236.57, 637698, 811
3582, 5, 81, 90, 35, 1, 1.24%, 0, 0, 4, 233.82, 638914, 811
3587, 5, 81, 90, 35, 1, 1.24%, 0, 0, 4, 233.75, 640126, 811
3592, 5, 81, 90, 35, 1, 1.24%, 0, 0, 4, 233.15, 641326, 811
3597, 5, 81, 90, 35, 1, 1.24%, 0, 0, 4, 234.20, 642542, 811
3602, 5, 81, 90, 35, 1, 1.24%, 0, 0, 4, 235.43, 643722, 811
3607, 5, 81, 90, 35, 1, 1.24%, 0, 0, 4, 234.41, 644894, 811
3612, 5, 81, 91, 36, 1, 1.24%, 0, 0, 4, 203.31, 645990, 811
3617, 5, 81, 91, 36, 1, 1.24%, 0, 0, 4, 206.39, 646978, 811
3623, 5, 81, 91, 36, 1, 1.24%, 0, 0, 4, 133.17, 647610, 811
3628, 5, 81, 92, 37, 1, 1.24%, 0, 0, 4, 71.10, 647891, 811
3633, 5, 81, 92, 37, 1, 1.24%, 0, 0, 4, 100.11, 648311, 811
3638, 5, 81, 92, 37, 1, 1.24%, 0, 0, 4, 106.15, 649000, 811
3643, 5, 86, 92, 36, 3, 1.24%, 0, 0, 4, 194.31, 649998, 811
3648, 5, 86, 92, 36, 3, 1.24%, 0, 0, 4, 229.17, 651220, 811
3653, 5, 86, 92, 36, 3, 1.24%, 0, 0, 4, 234.26, 652452, 811
3659, 5, 86, 92, 36, 3, 1.24%, 0, 0, 4, 95.36, 652770, 811
3664, 5, 86, 92, 36, 3, 1.24%, 0, 0, 4, 142.94, 653386, 811
3669, 5, 86, 92, 36, 3, 1.24%, 0, 0, 4, 141.74, 654262, 811
3674, 5, 86, 92, 36, 3, 1.24%, 0, 0, 4, 162.51, 655074, 811
3679, 5, 86, 92, 36, 3, 1.24%, 0, 0, 4, 225.18, 656256, 811
3684, 5, 86, 92, 36, 3, 1.24%, 0, 0, 4, 173.26, 657123, 811
3689, 5, 86, 92, 36, 3, 1.24%, 0, 0, 4, 82.94, 657426, 811
3694, 5, 86, 92, 36, 3, 1.24%, 0, 0, 4, 50.99, 657664, 811
3700, 5, 86, 92, 36, 3, 1.24%, 0, 0, 4, 41.87, 657866, 811
3705, 5, 88, 93, 36, 2, 1.24%, 0, 0, 5, 174.74, 658826, 811
3710, 5, 88, 93, 36, 2, 1.24%, 0, 0, 5, 221.54, 660001, 811
3715, 5, 88, 93, 36, 2, 1.24%, 0, 0, 5, 227.83, 661157, 811
3720, 5, 88, 93, 36, 2, 1.24%, 0, 0, 5, 205.41, 662177, 811
3725, 5, 88, 95, 38, 2, 1.31%, 0, 0, 5, 214.40, 663237, 857
3730, 5, 88, 95, 38, 2, 1.31%, 0, 0, 5, 35.41, 663976, 857
3735, 5, 94, 95, 37, 3, 1.31%, 0, 0, 5, 221.56, 664502, 857
3740, 5, 94, 95, 37, 3, 1.31%, 0, 0, 5, 221.17, 665650, 857
3745, 5, 94, 95, 37, 3, 1.31%, 0, 0, 5, 220.67, 666770, 857
3750, 5, 94, 95, 37, 3, 1.31%, 0, 0, 5, 232.11, 667922, 857
3755, 5, 94, 95, 37, 3, 1.31%, 0, 0, 5, 229.64, 669110, 857
3761, 5, 94, 95, 37, 3, 1.31%, 0, 0, 5, 226.73, 670258, 857
3766, 5, 94, 95, 37, 3, 1.31%, 0, 0, 5, 241.06, 671486, 857
3771, 5, 94, 95, 37, 3, 1.31%, 0, 0, 5, 113.55, 671956, 857
3776, 5, 94, 95, 37, 3, 1.31%, 0, 0, 5, 176.99, 672837, 857
3781, 5, 92, 95, 36, 2, 1.31%, 0, 0, 5, 224.09, 674065, 857
3786, 5, 92, 95, 36, 2, 1.31%, 0, 0, 5, 44.22, 674823, 857
3792, 5, 92, 95, 36, 2, 1.31%, 0, 0, 5, 161.34, 675616, 857
3797, 5, 92, 95, 36, 2, 1.31%, 0, 0, 5, 190.42, 676681, 857
3802, 5, 92, 95, 36, 2, 1.31%, 0, 0, 5, 172.40, 677590, 857
3807, 5, 93, 95, 35, 1, 1.31%, 0, 0, 5, 164.33, 678418, 857
3812, 5, 93, 95, 35, 1, 1.31%, 0, 0, 5, 161.78, 679246, 857
3817, 5, 93, 95, 35, 1, 1.31%, 0, 0, 5, 143.68, 679993, 857
3822, 5, 93, 95, 35, 1, 1.31%, 0, 0, 5, 185.90, 680971, 857
3827, 5, 20, 95, 34, 0, 1.31%, 0, 0, 5, 190.91, 681850, 857
3832, 5, 20, 95, 34, 0, 1.31%, 0, 0, 5, 206.07, 682943, 857
3837, 5, 20, 95, 34, 0, 1.31%, 0, 0, 5, 33.96, 683467, 857
3843, 5, 20, 95, 34, 0, 1.31%, 0, 0, 5, 241.79, 684339, 857
3848, 5, 20, 95, 34, 0, 1.31%, 0, 0, 5, 260.00, 684898, 857
3853, 5, 26, 95, 34, 0, 1.31%, 0, 0, 5, 71.68, 685891, 857
3858, 5, 31, 95, 34, 0, 1.31%, 0, 0, 5, 199.11, 687071, 857
3863, 5, 86, 95, 34, 0, 1.31%, 0, 0, 5, 193.94, 688019, 857
3868, 5, 86, 95, 34, 0, 1.31%, 0, 0, 5, 158.38, 688882, 857
3873, 5, 86, 95, 34, 0, 1.31%, 0, 0, 5, 91.01, 689304, 857
3878, 5, 86, 95, 34, 0, 1.31%, 0, 0, 5, 76.29, 689689, 857
3883, 5, 86, 95, 34, 0, 1.31%, 0, 0, 5, 82.66, 690171, 857
3888, 5, 86, 95, 34, 0, 1.31%, 0, 0, 5, 175.67, 691138, 857
3894, 5, 86, 95, 34, 0, 1.31%, 0, 0, 5, 110.08, 691555, 857
3899, 5, 86, 95, 34, 0, 1.31%, 0, 0, 5, 175.91, 692515, 857
3904, 5, 50, 95, 34, 0, 1.31%, 0, 0, 5, 162.02, 693380, 857
3909, 5, 24, 95, 34, 0, 1.31%, 0, 0, 5, 212.92, 694530, 857
3914, 5, 24, 95, 34, 0, 1.31%, 0, 0, 5, 140.77, 695282, 857
3919, 5, 24, 95, 34, 0, 1.31%, 0, 0, 5, 189.54, 696125, 857
3924, 5, 24, 95, 34, 0, 1.31%, 0, 0, 5, 188.03, 697195, 857
3930, 5, 24, 95, 34, 0, 1.31%, 0, 0, 5, 161.93, 697840, 857
3935, 5, 86, 95, 34, 0, 1.31%, 0, 0, 5, 222.55, 699036, 857
3940, 5, 86, 95, 34, 0, 1.31%, 0, 0, 5, 213.68, 700129, 857
3945, 5, 51, 95, 34, 0, 1.31%, 0, 0, 5, 206.51, 701041, 857
3950, 5, 32, 95, 34, 0, 1.31%, 0, 0, 5, 198.00, 701968, 857
3955, 5, 86, 95, 34, 0, 1.31%, 0, 0, 5, 149.13, 702723, 857
3960, 5, 86, 95, 34, 0, 1.31%, 0, 0, 5, 169.77, 703724, 857
3965, 5, 86, 95, 34, 0, 1.31%, 0, 0, 5, 137.21, 704252, 857
3971, 5, 86, 95, 34, 0, 1.31%, 0, 0, 5, 121.74, 704934, 857
3976, 5, 86, 95, 34, 0, 1.31%, 0, 0, 5, 190.13, 705873, 857
3981, 5, 86, 95, 34, 0, 1.31%, 0, 0, 5, 140.61, 706643, 857
3986, 5, 86, 95, 34, 0, 1.31%, 0, 0, 5, 179.56, 707589, 857
3991, 5, 86, 95, 34, 0, 1.31%, 0, 0, 5, 220.73, 708756, 857
3996, 5, 86, 95, 34, 0, 1.31%, 0, 0, 5, 179.46, 709524, 857
4001, 5, 23, 95, 34, 0, 1.31%, 0, 0, 5, 223.06, 710744, 857
4006, 5, 23, 95, 34, 0, 1.31%, 0, 0, 5, 225.79, 711880, 857
4011, 5, 23, 95, 34, 0, 1.31%, 0, 0, 5, 106.35, 712288, 857
4016, 5, 23, 95, 34, 0, 1.31%, 0, 0, 5, 53.89, 712488, 857
4022, 5, 23, 95, 34, 0, 1.31%, 0, 0, 5, 178.84, 713551, 857
4027, 5, 23, 95, 34, 0, 1.31%, 0, 0, 5, 100.96, 714039, 857
4032, 5, 23, 95, 34, 0, 1.31%, 0, 0, 5, 193.06, 715227, 857
