# relative_time, cycles_done, cur_item, corpus_count, pending_total, pending_favs, map_size, saved_crashes, saved_hangs, max_depth, execs_per_sec, total_execs, edges_found
61, 0, 5, 16, 8, 2, 2.19%, 0, 0, 3, 156.07, 12705, 1435
66, 0, 15, 16, 6, 1, 2.19%, 0, 0, 3, 179.36, 13584, 1435
71, 0, 12, 16, 5, 0, 2.19%, 0, 0, 3, 210.31, 14713, 1435
76, 0, 3, 16, 5, 0, 2.19%, 0, 0, 3, 211.28, 15787, 1435
81, 0, 3, 16, 5, 0, 2.19%, 0, 0, 3, 206.69, 16831, 1435
86, 0, 1, 16, 5, 0, 2.19%, 0, 0, 3, 211.94, 17897, 1435
91, 0, 1, 16, 5, 0, 2.19%, 0, 0, 3, 219.72, 19045, 1435
96, 0, 1, 16, 5, 0, 2.19%, 0, 0, 3, 221.01, 20161, 1435
101, 0, 11, 16, 5, 0, 2.19%, 0, 0, 3, 221.95, 21281, 1435
106, 0, 11, 16, 5, 0, 2.19%, 0, 0, 3, 220.93, 22397, 1435
111, 0, 12, 16, 5, 0, 2.19%, 0, 0, 3, 221.64, 23503, 1435
116, 0, 1, 16, 5, 0, 2.19%, 0, 0, 3, 220.59, 24615, 1435
122, 0, 1, 16, 5, 0, 2.19%, 0, 0, 3, 220.86, 25759, 1435
127, 0, 1, 16, 5, 0, 2.19%, 0, 0, 3, 219.66, 26879, 1435
132, 0, 11, 16, 5, 0, 2.19%, 0, 0, 3, 223.65, 28039, 1435
137, 0, 11, 16, 5, 0, 2.19%, 0, 0, 3, 220.59, 29167, 1435
142, 1, 12, 16, 5, 0, 2.19%, 0, 0, 3, 219.32, 30303, 1435
147, 1, 12, 16, 5, 0, 2.19%, 0, 0, 3, 218.62, 31397, 1435
152, 1, 11, 16, 5, 0, 2.19%, 0, 0, 3, 215.61, 32515, 1435
158, 1, 10, 16, 5, 0, 2.19%, 0, 0, 3, 214.73, 33633, 1435
163, 1, 1, 17, 6, 0, 2.20%, 0, 0, 3, 214.50, 34721, 1443
168, 1, 1, 17, 6, 0, 2.20%, 0, 0, 3, 218.88, 35821, 1443
173, 1, 1, 17, 6, 0, 2.20%, 0, 0, 3, 220.94, 36933, 1443
178, 1, 1, 17, 6, 0, 2.20%, 0, 0, 3, 217.57, 38025, 1443
183, 1, 1, 17, 6, 0, 2.20%, 0, 0, 3, 219.78, 39165, 1443
188, 1, 1, 17, 6, 0, 2.20%, 0, 0, 3, 222.37, 40285, 1443
193, 1, 16, 17, 6, 1, 2.20%, 0, 0, 3, 213.87, 41354, 1443
198, 1, 16, 17, 6, 1, 2.20%, 0, 0, 3, 219.94, 42462, 1443
203, 1, 11, 17, 5, 0, 2.20%, 0, 0, 3, 218.52, 43562, 1443
208, 1, 12, 17, 5, 0, 2.20%, 0, 0, 3, 221.76, 44678, 1443
213, 1, 16, 17, 5, 0, 2.20%, 0, 0, 3, 220.10, 45784, 1443
218, 1, 9, 17, 5, 0, 2.20%, 0, 0, 3, 217.94, 46874, 1443
223, 1, 3, 17, 5, 0, 2.20%, 0, 0, 3, 214.98, 47970, 1443
228, 1, 3, 17, 5, 0, 2.20%, 0, 0, 3, 202.46, 48974, 1443
233, 2, 16, 17, 4, 0, 2.20%, 0, 0, 3, 221.43, 50087, 1443
238, 2, 16, 17, 4, 0, 2.20%, 0, 0, 3, 219.77, 51189, 1443
243, 2, 16, 17, 4, 0, 2.20%, 0, 0, 3, 221.83, 52339, 1443
248, 2, 7, 17, 4, 0, 2.20%, 0, 0, 3, 219.67, 53443, 1443
253, 2, 7, 17, 4, 0, 2.20%, 0, 0, 3, 220.97, 54551, 1443
258, 2, 16, 17, 4, 0, 2.20%, 0, 0, 3, 223.72, 55677, 1443
263, 2, 14, 17, 4, 0, 2.20%, 0, 0, 3, 230.81, 56825, 1443
268, 2, 15, 17, 4, 0, 2.20%, 0, 0, 3, 233.61, 58017, 1443
274, 2, 16, 17, 4, 0, 2.20%, 0, 0, 3, 232.59, 59245, 1443
279, 2, 16, 17, 4, 0, 2.20%, 0, 0, 3, 224.06, 60353, 1443
284, 3, 9, 17, 4, 0, 2.20%, 0, 0, 3, 234.74, 61575, 1443
289, 3, 16, 17, 4, 0, 2.20%, 0, 0, 3, 226.42, 62691, 1443
294, 3, 14, 17, 4, 0, 2.20%, 0, 0, 3, 227.88, 63829, 1443
299, 3, 11, 17, 4, 0, 2.20%, 0, 0, 3, 226.26, 64983, 1443
304, 3, 16, 17, 4, 0, 2.20%, 0, 0, 3, 223.08, 66097, 1443
309, 3, 16, 17, 4, 0, 2.20%, 0, 0, 3, 221.08, 67211, 1443
314, 3, 3, 17, 4, 0, 2.20%, 0, 0, 3, 218.19, 68341, 1443
319, 3, 3, 17, 4, 0, 2.20%, 0, 0, 3, 209.58, 69393, 1443
324, 3, 3, 17, 4, 0, 2.20%, 0, 0, 3, 210.32, 70447, 1443
329, 3, 3, 17, 4, 0, 2.20%, 0, 0, 3, 206.93, 71483, 1443
334, 4, 16, 17, 4, 0, 2.20%, 0, 0, 3, 227.42, 72683, 1443
339, 4, 14, 17, 4, 0, 2.20%, 0, 0, 3, 235.07, 73859, 1443
345, 4, 14, 17, 4, 0, 2.20%, 0, 0, 3, 229.49, 75033, 1443
350, 4, 11, 17, 4, 0, 2.20%, 0, 0, 3, 226.41, 76179, 1443
355, 4, 11, 17, 4, 0, 2.20%, 0, 0, 3, 224.18, 77301, 1443
360, 4, 11, 17, 4, 0, 2.20%, 0, 0, 3, 221.27, 78409, 1443
365, 4, 3, 17, 4, 0, 2.20%, 0, 0, 3, 231.29, 79581, 1443
370, 4, 3, 17, 4, 0, 2.20%, 0, 0, 3, 211.58, 80625, 1443
375, 4, 16, 17, 4, 0, 2.20%, 0, 0, 3, 216.33, 81701, 1443
380, 4, 14, 17, 4, 0, 2.20%, 0, 0, 3, 231.77, 82867, 1443
385, 4, 14, 17, 4, 0, 2.20%, 0, 0, 3, 225.90, 84005, 1443
390, 4, 14, 17, 4, 0, 2.20%, 0, 0, 3, 241.86, 85241, 1443
395, 4, 11, 17, 4, 0, 2.20%, 0, 0, 3, 232.56, 86419, 1443
400, 4, 11, 17, 4, 0, 2.20%, 0, 0, 3, 222.90, 87523, 1443
405, 5, 14, 17, 4, 0, 2.20%, 0, 0, 3, 230.59, 88667, 1443
410, 5, 16, 17, 4, 0, 2.20%, 0, 0, 3, 226.38, 89813, 1443
415, 5, 14, 17, 4, 0, 2.20%, 0, 0, 3, 230.43, 90965, 1443
420, 5, 16, 17, 4, 0, 2.20%, 0, 0, 3, 229.03, 92125, 1443
425, 5, 10, 17, 4, 0, 2.20%, 0, 0, 3, 228.59, 93313, 1443
430, 5, 9, 17, 4, 0, 2.20%, 0, 0, 3, 234.03, 94473, 1443
435, 5, 9, 17, 4, 0, 2.20%, 0, 0, 3, 223.72, 95613, 1443
441, 6, 16, 17, 4, 0, 2.20%, 0, 0, 3, 222.54, 96775, 1443
446, 6, 3, 17, 4, 0, 2.20%, 0, 0, 3, 209.84, 97827, 1443
451, 6, 14, 17, 4, 0, 2.20%, 0, 0, 3, 218.72, 98913, 1443
456, 6, 16, 17, 4, 0, 2.20%, 0, 0, 3, 225.06, 100067, 1443
461, 6, 14, 17, 4, 0, 2.20%, 0, 0, 3, 239.03, 101285, 1443
466, 6, 9, 17, 4, 0, 2.20%, 0, 0, 3, 229.95, 102421, 1443
471, 6, 9, 17, 4, 0, 2.20%, 0, 0, 3, 225.94, 103595, 1443
476, 6, 16, 17, 4, 0, 2.20%, 0, 0, 3, 223.54, 104721, 1443
481, 7, 16, 17, 4, 0, 2.20%, 0, 0, 3, 227.50, 105893, 1443
486, 7, 16, 17, 4, 0, 2.20%, 0, 0, 3, 222.87, 107003, 1443
491, 7, 3, 17, 4, 0, 2.20%, 0, 0, 3, 214.01, 108121, 1443
496, 7, 3, 17, 4, 0, 2.20%, 0, 0, 3, 208.00, 109161, 1443
502, 7, 16, 17, 4, 0, 2.20%, 0, 0, 3, 223.70, 110297, 1443
507, 7, 16, 17, 4, 0, 2.20%, 0, 0, 3, 222.88, 111419, 1443
512, 7, 3, 17, 4, 0, 2.20%, 0, 0, 3, 215.03, 112507, 1443
517, 7, 3, 17, 4, 0, 2.20%, 0, 0, 3, 208.21, 113551, 1443
522, 7, 3, 17, 4, 0, 2.20%, 0, 0, 3, 210.91, 114615, 1443
527, 7, 3, 17, 4, 0, 2.20%, 0, 0, 3, 206.12, 115663, 1443
532, 7, 11, 17, 4, 0, 2.20%, 0, 0, 3, 215.17, 116757, 1443
537, 7, 14, 17, 4, 0, 2.20%, 0, 0, 3, 229.04, 117911, 1443
542, 7, 11, 17, 4, 0, 2.20%, 0, 0, 3, 224.76, 119081, 1443
547, 7, 11, 17, 4, 0, 2.20%, 0, 0, 3, 223.62, 120209, 1443
552, 8, 9, 17, 4, 0, 2.20%, 0, 0, 3, 234.02, 121385, 1443
557, 8, 16, 17, 4, 0, 2.20%, 0, 0, 3, 223.26, 122499, 1443
562, 8, 16, 17, 4, 0, 2.20%, 0, 0, 3, 222.01, 123611, 1443
567, 8, 16, 17, 4, 0, 2.20%, 0, 0, 3, 218.21, 124699, 1443
572, 8, 14, 17, 4, 0, 2.20%, 0, 0, 3, 235.22, 125899, 1443
577, 8, 14, 17, 4, 0, 2.20%, 0, 0, 3, 243.03, 127129, 1443
582, 8, 16, 17, 4, 0, 2.20%, 0, 0, 3, 231.74, 128295, 1443
587, 8, 11, 17, 4, 0, 2.20%, 0, 0, 3, 223.37, 129411, 1443
592, 8, 14, 17, 4, 0, 2.20%, 0, 0, 3, 230.86, 130557, 1443
597, 8, 14, 17, 4, 0, 2.20%, 0, 0, 3, 240.15, 131813, 1443
603, 9, 16, 17, 4, 0, 2.20%, 0, 0, 3, 231.50, 133025, 1443
608, 9, 3, 17, 4, 0, 2.20%, 0, 0, 3, 213.54, 134089, 1443
613, 9, 9, 17, 4, 0, 2.20%, 0, 0, 3, 210.74, 135143, 1443
618, 9, 14, 17, 4, 0, 2.20%, 0, 0, 3, 225.02, 136313, 1443
623, 9, 16, 17, 4, 0, 2.20%, 0, 0, 3, 224.50, 137495, 1443
628, 9, 3, 17, 4, 0, 2.20%, 0, 0, 3, 219.45, 138637, 1443
633, 9, 3, 17, 4, 0, 2.20%, 0, 0, 3, 210.15, 139681, 1443
638, 9, 16, 17, 4, 0, 2.20%, 0, 0, 3, 227.07, 140839, 1443
643, 9, 14, 17, 4, 0, 2.20%, 0, 0, 3, 234.55, 142007, 1443
648, 9, 14, 17, 4, 0, 2.20%, 0, 0, 3, 228.24, 143137, 1443
653, 9, 16, 17, 4, 0, 2.20%, 0, 0, 3, 227.21, 144299, 1443
658, 9, 14, 17, 4, 0, 2.20%, 0, 0, 3, 239.18, 145499, 1443
664, 10, 16, 17, 4, 0, 2.20%, 0, 0, 3, 229.14, 146695, 1443
669, 10, 11, 17, 4, 0, 2.20%, 0, 0, 3, 224.65, 147847, 1443
674, 10, 14, 17, 4, 0, 2.20%, 0, 0, 3, 235.49, 149057, 1443
679, 10, 15, 17, 4, 0, 2.20%, 0, 0, 3, 223.12, 150209, 1443
684, 10, 14, 17, 4, 0, 2.20%, 0, 0, 3, 223.46, 151325, 1443
689, 10, 9, 17, 4, 0, 2.20%, 0, 0, 3, 239.73, 152557, 1443
694, 10, 16, 17, 4, 0, 2.20%, 0, 0, 3, 224.42, 153667, 1443
699, 10, 3, 17, 4, 0, 2.20%, 0, 0, 3, 209.89, 154711, 1443
704, 10, 14, 17, 4, 0, 2.20%, 0, 0, 3, 216.10, 155821, 1443
710, 11, 16, 17, 4, 0, 2.20%, 0, 0, 3, 226.67, 157039, 1443
715, 11, 16, 17, 4, 0, 2.20%, 0, 0, 3, 221.41, 158179, 1443
720, 11, 16, 17, 4, 0, 2.20%, 0, 0, 3, 221.53, 159321, 1443
725, 11, 16, 17, 4, 0, 2.20%, 0, 0, 3, 222.45, 160443, 1443
730, 11, 14, 17, 4, 0, 2.20%, 0, 0, 3, 223.89, 161593, 1443
735, 11, 11, 17, 4, 0, 2.20%, 0, 0, 3, 226.49, 162793, 1443
741, 11, 11, 17, 4, 0, 2.20%, 0, 0, 3, 224.47, 163957, 1443
746, 11, 11, 17, 4, 0, 2.20%, 0, 0, 3, 229.90, 165133, 1443
751, 11, 11, 17, 4, 0, 2.20%, 0, 0, 3, 223.32, 166249, 1443
756, 11, 8, 17, 4, 0, 2.20%, 0, 0, 3, 221.19, 167394, 1443
761, 11, 16, 17, 3, 0, 2.20%, 0, 0, 3, 219.54, 168486, 1443
766, 12, 9, 17, 3, 0, 2.20%, 0, 0, 3, 221.07, 169594, 1443
771, 12, 0, 17, 3, 0, 2.20%, 0, 0, 3, 199.75, 170526, 1443
776, 12, 16, 17, 2, 0, 2.20%, 0, 0, 3, 223.55, 171683, 1443
781, 12, 8, 17, 2, 0, 2.20%, 0, 0, 3, 221.50, 172799, 1443
786, 12, 11, 17, 2, 0, 2.20%, 0, 0, 3, 224.70, 173931, 1443
791, 12, 11, 17, 2, 0, 2.20%, 0, 0, 3, 222.91, 175047, 1443
796, 12, 10, 17, 2, 0, 2.20%, 0, 0, 3, 218.33, 176147, 1443
801, 12, 11, 17, 2, 0, 2.20%, 0, 0, 3, 220.20, 177245, 1443
806, 12, 15, 17, 2, 0, 2.20%, 0, 0, 3, 221.95, 178403, 1443
811, 12, 8, 17, 2, 0, 2.20%, 0, 0, 3, 230.56, 179571, 1443
816, 12, 16, 17, 2, 0, 2.20%, 0, 0, 3, 220.90, 180709, 1443
822, 13, 16, 17, 2, 0, 2.20%, 0, 0, 3, 229.66, 181919, 1443
827, 13, 16, 17, 2, 0, 2.20%, 0, 0, 3, 225.33, 183057, 1443
832, 13, 9, 17, 2, 0, 2.20%, 0, 0, 3, 234.26, 184223, 1443
837, 13, 16, 17, 1, 0, 2.20%, 0, 0, 3, 231.68, 185399, 1443
842, 13, 3, 17, 1, 0, 2.20%, 0, 0, 3, 215.81, 186493, 1443
847, 13, 3, 17, 1, 0, 2.20%, 0, 0, 3, 206.95, 187529, 1443
852, 13, 7, 17, 1, 0, 2.20%, 0, 0, 3, 218.02, 188637, 1443
857, 13, 7, 17, 1, 0, 2.20%, 0, 0, 3, 218.29, 189761, 1443
862, 13, 8, 17, 1, 0, 2.20%, 0, 0, 3, 220.91, 190871, 1443
867, 13, 16, 17, 1, 0, 2.20%, 0, 0, 3, 218.74, 191967, 1443
872, 14, 14, 17, 1, 0, 2.20%, 0, 0, 3, 223.72, 193087, 1443
877, 14, 16, 17, 1, 0, 2.20%, 0, 0, 3, 224.47, 194237, 1443
882, 14, 14, 17, 1, 0, 2.20%, 0, 0, 3, 221.34, 195345, 1443
887, 14, 3, 17, 1, 0, 2.20%, 0, 0, 3, 217.21, 196475, 1443
892, 14, 3, 17, 1, 0, 2.20%, 0, 0, 3, 208.85, 197523, 1443
897, 14, 9, 17, 1, 0, 2.20%, 0, 0, 3, 218.70, 198625, 1443
902, 14, 8, 17, 1, 0, 2.20%, 0, 0, 3, 226.55, 199789, 1443
908, 14, 8, 17, 1, 0, 2.20%, 0, 0, 3, 229.22, 200989, 1443
913, 14, 16, 17, 1, 0, 2.20%, 0, 0, 3, 222.95, 202097, 1443
918, 14, 8, 17, 1, 0, 2.20%, 0, 0, 3, 220.73, 203237, 1443
923, 14, 16, 17, 1, 0, 2.20%, 0, 0, 3, 221.74, 204351, 1443
928, 15, 14, 17, 1, 0, 2.20%, 0, 0, 3, 229.01, 205497, 1443
933, 15, 8, 17, 1, 0, 2.20%, 0, 0, 3, 232.26, 206731, 1443
938, 15, 16, 17, 1, 0, 2.20%, 0, 0, 3, 225.24, 207851, 1443
943, 15, 16, 17, 1, 0, 2.20%, 0, 0, 3, 223.59, 209003, 1443
948, 15, 16, 17, 1, 0, 2.20%, 0, 0, 3, 222.51, 210151, 1443
954, 15, 16, 17, 1, 0, 2.20%, 0, 0, 3, 220.97, 211303, 1443
959, 15, 16, 17, 1, 0, 2.20%, 0, 0, 3, 216.69, 212431, 1443
964, 15, 16, 17, 1, 0, 2.20%, 0, 0, 3, 217.24, 213523, 1443
969, 15, 16, 17, 1, 0, 2.20%, 0, 0, 3, 223.22, 214651, 1443
974, 15, 16, 17, 1, 0, 2.20%, 0, 0, 3, 220.90, 215763, 1443
979, 15, 11, 17, 1, 0, 2.20%, 0, 0, 3, 222.05, 216887, 1443
984, 15, 11, 17, 1, 0, 2.20%, 0, 0, 3, 223.28, 218023, 1443
989, 16, 10, 17, 1, 0, 2.20%, 0, 0, 3, 220.98, 219177, 1443
994, 16, 9, 17, 1, 0, 2.20%, 0, 0, 3, 221.92, 220335, 1443
1000, 16, 9, 17, 1, 0, 2.20%, 0, 0, 3, 225.63, 221507, 1443
1005, 16, 16, 17, 1, 0, 2.20%, 0, 0, 3, 223.39, 222667, 1443
1010, 16, 16, 17, 0, 0, 2.20%, 0, 0, 3, 222.96, 223795, 1443
1015, 16, 16, 17, 0, 0, 2.20%, 0, 0, 3, 221.81, 224911, 1443
1020, 16, 16, 17, 0, 0, 2.20%, 0, 0, 3, 222.78, 226075, 1443
1025, 16, 11, 17, 0, 0, 2.20%, 0, 0, 3, 222.43, 227185, 1443
1030, 16, 11, 17, 0, 0, 2.20%, 0, 0, 3, 221.11, 228305, 1443
1035, 16, 16, 17, 0, 0, 2.20%, 0, 0, 3, 223.14, 229467, 1443
1040, 17, 14, 17, 0, 0, 2.20%, 0, 0, 3, 233.54, 230629, 1443
1045, 17, 3, 17, 0, 0, 2.20%, 0, 0, 3, 226.32, 231787, 1443
1050, 17, 3, 17, 0, 0, 2.20%, 0, 0, 3, 210.03, 232827, 1443
1055, 17, 4, 17, 0, 0, 2.20%, 0, 0, 3, 227.51, 233953, 1443
1061, 17, 8, 17, 0, 0, 2.20%, 0, 0, 3, 221.32, 235071, 1443
1066, 17, 8, 17, 0, 0, 2.20%, 0, 0, 3, 230.64, 236283, 1443
1071, 17, 16, 17, 0, 0, 2.20%, 0, 0, 3, 221.81, 237395, 1443
1076, 17, 16, 17, 0, 0, 2.20%, 0, 0, 3, 223.53, 238527, 1443
1081, 17, 14, 17, 0, 0, 2.20%, 0, 0, 3, 226.45, 239669, 1443
1086, 17, 16, 17, 0, 0, 2.20%, 0, 0, 3, 236.83, 240881, 1443
1091, 17, 14, 17, 0, 0, 2.20%, 0, 0, 3, 234.10, 242073, 1443
1096, 18, 8, 17, 0, 0, 2.20%, 0, 0, 3, 231.45, 243253, 1443
1101, 18, 10, 17, 0, 0, 2.20%, 0, 0, 3, 225.04, 244379, 1443
1106, 18, 16, 17, 0, 0, 2.20%, 0, 0, 3, 222.09, 245517, 1443
1111, 18, 8, 17, 0, 0, 2.20%, 0, 0, 3, 222.46, 246627, 1443
1116, 18, 16, 17, 0, 0, 2.20%, 0, 0, 3, 228.88, 247797, 1443
1121, 18, 8, 17, 0, 0, 2.20%, 0, 0, 3, 222.19, 248909, 1443
1126, 18, 9, 17, 0, 0, 2.20%, 0, 0, 3, 222.72, 250019, 1443
1131, 18, 11, 17, 0, 0, 2.20%, 0, 0, 3, 228.59, 251201, 1443
1136, 18, 11, 17, 0, 0, 2.20%, 0, 0, 3, 224.48, 252325, 1443
1142, 18, 8, 17, 0, 0, 2.20%, 0, 0, 3, 230.26, 253497, 1443
1147, 19, 16, 17, 0, 0, 2.20%, 0, 0, 3, 233.50, 254681, 1443
1152, 19, 14, 17, 0, 0, 2.20%, 0, 0, 3, 237.23, 255883, 1443
1157, 19, 8, 17, 0, 0, 2.20%, 0, 0, 3, 230.80, 257055, 1443
1162, 19, 16, 17, 0, 0, 2.20%, 0, 0, 3, 221.79, 258151, 1443
1167, 19, 8, 17, 0, 0, 2.20%, 0, 0, 3, 220.77, 259265, 1443
1172, 19, 14, 17, 0, 0, 2.20%, 0, 0, 3, 238.54, 260469, 1443
1177, 19, 3, 17, 0, 0, 2.20%, 0, 0, 3, 217.51, 261571, 1443
1182, 19, 14, 17, 0, 0, 2.20%, 0, 0, 3, 211.44, 262629, 1443
1187, 19, 16, 17, 0, 0, 2.20%, 0, 0, 3, 224.59, 263799, 1443
1192, 19, 14, 17, 0, 0, 2.20%, 0, 0, 3, 240.00, 265045, 1443
1197, 19, 7, 17, 0, 0, 2.20%, 0, 0, 3, 227.53, 266185, 1443
1202, 19, 7, 17, 0, 0, 2.20%, 0, 0, 3, 220.20, 267321, 1443
1208, 20, 16, 17, 0, 0, 2.20%, 0, 0, 3, 221.00, 268461, 1443
1213, 20, 16, 17, 0, 0, 2.20%, 0, 0, 3, 220.59, 269587, 1443
1218, 20, 16, 17, 0, 0, 2.20%, 0, 0, 3, 223.31, 270715, 1443
1223, 20, 11, 17, 0, 0, 2.20%, 0, 0, 3, 219.14, 271847, 1443
1228, 20, 16, 17, 0, 0, 2.20%, 0, 0, 3, 221.64, 273005, 1443
1233, 20, 16, 17, 0, 0, 2.20%, 0, 0, 3, 224.96, 274173, 1443
1238, 20, 15, 17, 0, 0, 2.20%, 0, 0, 3, 219.00, 275271, 1443
1244, 20, 16, 17, 0, 0, 2.20%, 0, 0, 3, 227.11, 276467, 1443
1249, 20, 8, 17, 0, 0, 2.20%, 0, 0, 3, 221.99, 277567, 1443
1254, 20, 16, 17, 0, 0, 2.20%, 0, 0, 3, 229.72, 278751, 1443
1259, 20, 8, 17, 0, 0, 2.20%, 0, 0, 3, 233.63, 279923, 1443
1264, 21, 8, 17, 0, 0, 2.20%, 0, 0, 3, 235.12, 281087, 1443
1269, 21, 8, 17, 0, 0, 2.20%, 0, 0, 3, 223.78, 282235, 1443
1274, 21, 9, 17, 0, 0, 2.20%, 0, 0, 3, 221.00, 283375, 1443
1279, 21, 14, 17, 0, 0, 2.20%, 0, 0, 3, 233.44, 284581, 1443
1284, 21, 8, 17, 0, 0, 2.20%, 0, 0, 3, 230.59, 285805, 1443
1289, 21, 16, 17, 0, 0, 2.20%, 0, 0, 3, 222.63, 286917, 1443
1294, 21, 16, 17, 0, 0, 2.20%, 0, 0, 3, 228.70, 288099, 1443
1299, 21, 16, 17, 0, 0, 2.20%, 0, 0, 3, 224.07, 289217, 1443
1305, 21, 16, 17, 0, 0, 2.20%, 0, 0, 3, 230.70, 290431, 1443
1310, 22, 3, 17, 0, 0, 2.20%, 0, 0, 3, 216.60, 291507, 1443
1315, 22, 3, 17, 0, 0, 2.20%, 0, 0, 3, 207.57, 292547, 1443
1320, 22, 8, 17, 0, 0, 2.20%, 0, 0, 3, 219.29, 293693, 1443
1325, 22, 16, 17, 0, 0, 2.20%, 0, 0, 3, 219.80, 294795, 1443
1330, 22, 10, 17, 0, 0, 2.20%, 0, 0, 3, 226.79, 295997, 1443
1335, 22, 16, 17, 0, 0, 2.20%, 0, 0, 3, 229.77, 297157, 1443
1340, 22, 9, 17, 0, 0, 2.20%, 0, 0, 3, 236.51, 298343, 1443
1345, 22, 8, 17, 0, 0, 2.20%, 0, 0, 3, 226.03, 299459, 1443
1350, 22, 14, 17, 0, 0, 2.20%, 0, 0, 3, 242.00, 300681, 1443
1355, 22, 16, 17, 0, 0, 2.20%, 0, 0, 3, 234.62, 301875, 1443
1360, 22, 16, 17, 0, 0, 2.20%, 0, 0, 3, 225.42, 302991, 1443
1365, 23, 16, 17, 0, 0, 2.20%, 0, 0, 3, 223.38, 304151, 1443
1371, 23, 8, 17, 0, 0, 2.20%, 0, 0, 3, 220.52, 305293, 1443
1376, 23, 8, 17, 0, 0, 2.20%, 0, 0, 3, 227.79, 306465, 1443
1381, 23, 8, 17, 0, 0, 2.20%, 0, 0, 3, 221.59, 307601, 1443
1386, 23, 7, 17, 0, 0, 2.20%, 0, 0, 3, 220.29, 308711, 1443
1391, 23, 7, 17, 0, 0, 2.20%, 0, 0, 3, 217.94, 309843, 1443
1396, 23, 14, 17, 0, 0, 2.20%, 0, 0, 3, 226.00, 311013, 1443
1401, 23, 8, 17, 0, 0, 2.20%, 0, 0, 3, 222.24, 312153, 1443
1406, 23, 16, 17, 0, 0, 2.20%, 0, 0, 3, 222.05, 313259, 1443
1411, 23, 8, 17, 0, 0, 2.20%, 0, 0, 3, 221.48, 314369, 1443
1416, 23, 14, 17, 0, 0, 2.20%, 0, 0, 3, 239.56, 315571, 1443
1421, 24, 16, 17, 0, 0, 2.20%, 0, 0, 3, 241.10, 316793, 1443
1426, 24, 16, 17, 0, 0, 2.20%, 0, 0, 3, 228.11, 317929, 1443
1432, 24, 16, 17, 0, 0, 2.20%, 0, 0, 3, 224.76, 319097, 1443
1437, 24, 7, 17, 0, 0, 2.20%, 0, 0, 3, 220.23, 320237, 1443
1442, 24, 7, 17, 0, 0, 2.20%, 0, 0, 3, 219.42, 321377, 1443
1447, 24, 8, 17, 0, 0, 2.20%, 0, 0, 3, 228.08, 322553, 1443
1452, 24, 9, 17, 0, 0, 2.20%, 0, 0, 3, 223.92, 323703, 1443
1457, 24, 16, 17, 0, 0, 2.20%, 0, 0, 3, 222.06, 324861, 1443
1463, 24, 16, 17, 0, 0, 2.20%, 0, 0, 3, 222.61, 326013, 1443
1468, 24, 8, 17, 0, 0, 2.20%, 0, 0, 3, 222.37, 327123, 1443
1473, 24, 16, 17, 0, 0, 2.20%, 0, 0, 3, 222.96, 328239, 1443
1478, 25, 14, 17, 0, 0, 2.20%, 0, 0, 3, 221.60, 329351, 1443
1483, 25, 8, 17, 0, 0, 2.20%, 0, 0, 3, 224.22, 330503, 1443
1488, 25, 16, 17, 0, 0, 2.20%, 0, 0, 3, 218.24, 331589, 1443
1493, 25, 7, 17, 0, 0, 2.20%, 0, 0, 3, 219.95, 332689, 1443
1498, 25, 7, 17, 0, 0, 2.20%, 0, 0, 3, 217.91, 333821, 1443
1503, 25, 16, 17, 0, 0, 2.20%, 0, 0, 3, 220.01, 334927, 1443
1508, 25, 10, 17, 0, 0, 2.20%, 0, 0, 3, 227.53, 336085, 1443
1513, 25, 10, 17, 0, 0, 2.20%, 0, 0, 3, 230.86, 337257, 1443
1518, 25, 16, 17, 0, 0, 2.20%, 0, 0, 3, 223.04, 338398, 1443
1523, 25, 16, 17, 0, 0, 2.20%, 0, 0, 3, 228.74, 339579, 1443
1528, 25, 16, 17, 0, 0, 2.20%, 0, 0, 3, 224.25, 340699, 1443
1533, 25, 8, 17, 0, 0, 2.20%, 0, 0, 3, 219.58, 341795, 1443
1539, 25, 14, 17, 0, 0, 2.20%, 0, 0, 3, 232.23, 342995, 1443
1544, 26, 16, 17, 0, 0, 2.20%, 0, 0, 3, 225.75, 344185, 1443
1549, 26, 16, 17, 0, 0, 2.20%, 0, 0, 3, 219.86, 345311, 1443
1554, 26, 16, 17, 0, 0, 2.20%, 0, 0, 3, 219.70, 346411, 1443
1559, 26, 11, 17, 0, 0, 2.20%, 0, 0, 3, 221.73, 347523, 1443
1564, 26, 10, 17, 0, 0, 2.20%, 0, 0, 3, 224.89, 348659, 1443
1569, 26, 16, 17, 0, 0, 2.20%, 0, 0, 3, 219.50, 349757, 1443
1574, 26, 14, 17, 0, 0, 2.20%, 0, 0, 3, 225.35, 350895, 1443
1579, 26, 11, 17, 0, 0, 2.20%, 0, 0, 3, 225.48, 352045, 1443
1584, 26, 14, 17, 0, 0, 2.20%, 0, 0, 3, 227.73, 353219, 1443
1589, 26, 16, 17, 0, 0, 2.20%, 0, 0, 3, 226.33, 354419, 1443
1594, 26, 11, 17, 0, 0, 2.20%, 0, 0, 3, 222.06, 355531, 1443
1600, 26, 4, 17, 0, 0, 2.20%, 0, 0, 3, 231.63, 356685, 1443
1605, 26, 9, 17, 0, 0, 2.20%, 0, 0, 3, 230.05, 357839, 1443
1610, 27, 16, 17, 0, 0, 2.20%, 0, 0, 3, 230.24, 359011, 1443
1615, 27, 16, 17, 0, 0, 2.20%, 0, 0, 3, 231.77, 360211, 1443
1620, 27, 8, 17, 0, 0, 2.20%, 0, 0, 3, 221.42, 361347, 1443
1625, 27, 14, 17, 0, 0, 2.20%, 0, 0, 3, 240.07, 362563, 1443
1630, 27, 3, 17, 0, 0, 2.20%, 0, 0, 3, 216.74, 363625, 1443
1635, 27, 11, 17, 0, 0, 2.20%, 0, 0, 3, 214.83, 364687, 1443
1640, 27, 11, 17, 0, 0, 2.20%, 0, 0, 3, 222.21, 365843, 1443
1645, 27, 15, 17, 0, 0, 2.20%, 0, 0, 3, 220.41, 366945, 1443
1650, 27, 14, 17, 0, 0, 2.20%, 0, 0, 3, 233.25, 368113, 1443
1655, 27, 14, 17, 0, 0, 2.20%, 0, 0, 3, 244.36, 369353, 1443
1660, 27, 14, 17, 0, 0, 2.20%, 0, 0, 3, 239.13, 370529, 1443
1665, 28, 11, 17, 0, 0, 2.20%, 0, 0, 3, 233.56, 371709, 1443
1670, 28, 11, 17, 0, 0, 2.20%, 0, 0, 3, 225.70, 372869, 1443
1676, 28, 10, 17, 0, 0, 2.20%, 0, 0, 3, 223.39, 374031, 1443
1681, 28, 14, 17, 0, 0, 2.20%, 0, 0, 3, 221.22, 375133, 1443
1686, 28, 8, 17, 0, 0, 2.20%, 0, 0, 3, 226.57, 376305, 1443
1691, 28, 16, 17, 0, 0, 2.20%, 0, 0, 3, 223.19, 377429, 1443
1696, 28, 10, 17, 0, 0, 2.20%, 0, 0, 3, 220.84, 378537, 1443
1701, 28, 16, 17, 0, 0, 2.20%, 0, 0, 3, 219.38, 379677, 1443
1706, 28, 16, 17, 0, 0, 2.20%, 0, 0, 3, 220.93, 380787, 1443
1711, 28, 8, 17, 0, 0, 2.20%, 0, 0, 3, 220.84, 381907, 1443
1716, 29, 4, 17, 0, 0, 2.20%, 0, 0, 3, 240.89, 383145, 1443
1721, 29, 9, 17, 0, 0, 2.20%, 0, 0, 3, 227.07, 384293, 1443
1726, 29, 14, 17, 0, 0, 2.20%, 0, 0, 3, 233.21, 385449, 1443
1731, 29, 8, 17, 0, 0, 2.20%, 0, 0, 3, 230.13, 386669, 1443
1736, 29, 14, 17, 0, 0, 2.20%, 0, 0, 3, 229.70, 387807, 1443
1741, 29, 16, 17, 0, 0, 2.20%, 0, 0, 3, 237.68, 389027, 1443
1747, 29, 14, 17, 0, 0, 2.20%, 0, 0, 3, 236.52, 390233, 1443
1752, 29, 7, 17, 0, 0, 2.20%, 0, 0, 3, 231.76, 391455, 1443
1757, 29, 7, 17, 0, 0, 2.20%, 0, 0, 3, 219.41, 392547, 1443
1762, 29, 8, 17, 0, 0, 2.20%, 0, 0, 3, 221.38, 393655, 1443
1767, 30, 8, 17, 0, 0, 2.20%, 0, 0, 3, 234.38, 394823, 1443
1772, 30, 14, 17, 0, 0, 2.20%, 0, 0, 3, 236.75, 395991, 1443
1777, 30, 16, 17, 0, 0, 2.20%, 0, 0, 3, 228.94, 397195, 1443
1782, 30, 16, 17, 0, 0, 2.20%, 0, 0, 3, 221.24, 398335, 1443
1787, 30, 3, 17, 0, 0, 2.20%, 0, 0, 3, 210.10, 399379, 1443
1792, 30, 16, 17, 0, 0, 2.20%, 0, 0, 3, 213.13, 400441, 1443
1797, 30, 8, 17, 0, 0, 2.20%, 0, 0, 3, 217.56, 401581, 1443
1802, 30, 11, 17, 0, 0, 2.20%, 0, 0, 3, 218.89, 402677, 1443
1808, 30, 11, 17, 0, 0, 2.20%, 0, 0, 3, 220.71, 403829, 1443
1813, 30, 9, 17, 0, 0, 2.20%, 0, 0, 3, 220.54, 404939, 1443
1818, 30, 14, 17, 0, 0, 2.20%, 0, 0, 3, 226.08, 406069, 1443
1823, 30, 16, 17, 0, 0, 2.20%, 0, 0, 3, 227.62, 407271, 1443
1828, 30, 11, 17, 0, 0, 2.20%, 0, 0, 3, 222.03, 408423, 1443
1833, 31, 4, 17, 0, 0, 2.20%, 0, 0, 3, 232.72, 409583, 1443
1838, 31, 16, 17, 0, 0, 2.20%, 0, 0, 3, 227.35, 410731, 1443
1843, 31, 14, 17, 0, 0, 2.20%, 0, 0, 3, 232.83, 411929, 1443
1848, 31, 16, 17, 0, 0, 2.20%, 0, 0, 3, 231.49, 413113, 1443
1853, 31, 16, 17, 0, 0, 2.20%, 0, 0, 3, 233.29, 414291, 1443
1858, 31, 16, 17, 0, 0, 2.20%, 0, 0, 3, 227.24, 415433, 1443
1864, 31, 16, 17, 0, 0, 2.20%, 0, 0, 3, 223.20, 416587, 1443
1869, 31, 8, 17, 0, 0, 2.20%, 0, 0, 3, 231.31, 417757, 1443
1874, 31, 16, 17, 0, 0, 2.20%, 0, 0, 3, 225.63, 418887, 1443
1879, 31, 14, 17, 0, 0, 2.20%, 0, 0, 3, 229.03, 420067, 1443
1884, 32, 3, 17, 0, 0, 2.20%, 0, 0, 3, 218.62, 421175, 1443
1889, 32, 3, 17, 0, 0, 2.20%, 0, 0, 3, 208.26, 422227, 1443
1894, 32, 14, 17, 0, 0, 2.20%, 0, 0, 3, 228.33, 423371, 1443
1899, 32, 8, 17, 0, 0, 2.20%, 0, 0, 3, 227.35, 424543, 1443
1904, 32, 16, 17, 0, 0, 2.20%, 0, 0, 3, 222.05, 425683, 1443
1909, 32, 16, 17, 0, 0, 2.20%, 0, 0, 3, 230.79, 426857, 1443
1914, 32, 16, 17, 0, 0, 2.20%, 0, 0, 3, 225.65, 427985, 1443
1919, 32, 3, 17, 0, 0, 2.20%, 0, 0, 3, 213.99, 429049, 1443
1924, 32, 3, 17, 0, 0, 2.20%, 0, 0, 3, 209.04, 430093, 1443
1929, 32, 16, 17, 0, 0, 2.20%, 0, 0, 3, 218.91, 431201, 1443
1934, 32, 14, 17, 0, 0, 2.20%, 0, 0, 3, 225.61, 432325, 1443
1939, 32, 3, 17, 0, 0, 2.20%, 0, 0, 3, 213.82, 433415, 1443
1944, 32, 9, 17, 0, 0, 2.20%, 0, 0, 3, 211.84, 434465, 1443
1950, 33, 14, 17, 0, 0, 2.20%, 0, 0, 3, 239.65, 435705, 1443
1955, 33, 16, 17, 0, 0, 2.20%, 0, 0, 3, 229.29, 436915, 1443
1960, 33, 14, 17, 0, 0, 2.20%, 0, 0, 3, 229.82, 438055, 1443
1965, 33, 11, 17, 0, 0, 2.20%, 0, 0, 3, 225.03, 439185, 1443
1970, 33, 16, 17, 0, 0, 2.20%, 0, 0, 3, 222.65, 440307, 1443
1975, 33, 11, 17, 0, 0, 2.20%, 0, 0, 3, 220.23, 441455, 1443
1980, 33, 11, 17, 0, 0, 2.20%, 0, 0, 3, 219.73, 442555, 1443
1985, 33, 16, 17, 0, 0, 2.20%, 0, 0, 3, 229.07, 443735, 1443
1990, 33, 7, 17, 0, 0, 2.20%, 0, 0, 3, 225.15, 444871, 1443
1995, 33, 7, 17, 0, 0, 2.20%, 0, 0, 3, 221.99, 445979, 1443
2000, 33, 16, 17, 0, 0, 2.20%, 0, 0, 3, 220.05, 447085, 1443
2005, 33, 9, 17, 0, 0, 2.20%, 0, 0, 3, 233.03, 448269, 1443
2010, 33, 16, 17, 0, 0, 2.20%, 0, 0, 3, 228.22, 449473, 1443
2016, 33, 16, 17, 0, 0, 2.20%, 0, 0, 3, 231.82, 450675, 1443
2021, 34, 16, 17, 0, 0, 2.20%, 0, 0, 3, 221.58, 451817, 1443
2026, 34, 16, 17, 0, 0, 2.20%, 0, 0, 3, 222.34, 452947, 1443
2031, 34, 16, 17, 0, 0, 2.20%, 0, 0, 3, 224.15, 454115, 1443
2036, 34, 16, 17, 0, 0, 2.20%, 0, 0, 3, 233.42, 455333, 1443
2041, 34, 16, 17, 0, 0, 2.20%, 0, 0, 3, 226.42, 456453, 1443
2046, 34, 14, 17, 0, 0, 2.20%, 0, 0, 3, 236.19, 457635, 1443
2051, 34, 14, 17, 0, 0, 2.20%, 0, 0, 3, 231.54, 458843, 1443
2056, 34, 14, 17, 0, 0, 2.20%, 0, 0, 3, 242.52, 460083, 1443
2061, 34, 10, 17, 0, 0, 2.20%, 0, 0, 3, 223.32, 461201, 1443
2067, 34, 16, 17, 0, 0, 2.20%, 0, 0, 3, 229.37, 462377, 1443
2072, 35, 16, 17, 0, 0, 2.20%, 0, 0, 3, 221.40, 463485, 1443
2077, 35, 14, 17, 0, 0, 2.20%, 0, 0, 3, 231.03, 464639, 1443
2082, 35, 8, 17, 0, 0, 2.20%, 0, 0, 3, 223.60, 465803, 1443
2087, 35, 8, 17, 0, 0, 2.20%, 0, 0, 3, 223.42, 466927, 1443
2092, 35, 8, 17, 0, 0, 2.20%, 0, 0, 3, 220.96, 468069, 1443
2097, 35, 11, 17, 0, 0, 2.20%, 0, 0, 3, 233.41, 469237, 1443
2102, 35, 11, 17, 0, 0, 2.20%, 0, 0, 3, 223.79, 470393, 1443
2107, 35, 8, 17, 0, 0, 2.20%, 0, 0, 3, 234.05, 471561, 1443
2112, 35, 14, 17, 0, 0, 2.20%, 0, 0, 3, 225.07, 472713, 1443
2117, 35, 10, 17, 0, 0, 2.20%, 0, 0, 3, 238.77, 473941, 1443
2123, 36, 14, 17, 0, 0, 2.20%, 0, 0, 3, 236.55, 475107, 1443
2128, 36, 8, 17, 0, 0, 2.20%, 0, 0, 3, 228.41, 476253, 1443
2133, 36, 4, 17, 0, 0, 2.20%, 0, 0, 3, 235.87, 477449, 1443
2138, 36, 16, 17, 0, 0, 2.20%, 0, 0, 3, 227.70, 478599, 1443
2143, 36, 14, 17, 0, 0, 2.20%, 0, 0, 3, 232.07, 479791, 1443
2148, 36, 8, 17, 0, 0, 2.20%, 0, 0, 3, 226.04, 480933, 1443
2153, 36, 14, 17, 0, 0, 2.20%, 0, 0, 3, 223.00, 482045, 1443
2158, 36, 16, 17, 0, 0, 2.20%, 0, 0, 3, 226.30, 483211, 1443
2163, 36, 11, 17, 0, 0, 2.20%, 0, 0, 3, 223.25, 484331, 1443
2168, 36, 4, 17, 0, 0, 2.20%, 0, 0, 3, 231.77, 485489, 1443
2173, 36, 16, 17, 0, 0, 2.20%, 0, 0, 3, 234.60, 486693, 1443
2178, 37, 16, 17, 0, 0, 2.20%, 0, 0, 3, 226.22, 487817, 1443
2183, 37, 14, 17, 0, 0, 2.20%, 0, 0, 3, 239.23, 489019, 1443
2188, 37, 16, 17, 0, 0, 2.20%, 0, 0, 3, 228.10, 490161, 1443
2193, 37, 14, 17, 0, 0, 2.20%, 0, 0, 3, 233.91, 491319, 1443
2198, 37, 16, 17, 0, 0, 2.20%, 0, 0, 3, 227.69, 492447, 1443
2203, 37, 8, 17, 0, 0, 2.20%, 0, 0, 3, 223.34, 493567, 1443
2208, 37, 8, 17, 0, 0, 2.20%, 0, 0, 3, 222.72, 494723, 1443
2213, 37, 16, 17, 0, 0, 2.20%, 0, 0, 3, 222.68, 495843, 1443
2219, 37, 16, 17, 0, 0, 2.20%, 0, 0, 3, 217.58, 496975, 1443
2224, 37, 14, 17, 0, 0, 2.20%, 0, 0, 3, 239.04, 498193, 1443
2229, 38, 3, 17, 0, 0, 2.20%, 0, 0, 3, 217.34, 499273, 1443
2234, 38, 14, 17, 0, 0, 2.20%, 0, 0, 3, 212.63, 500335, 1443
2239, 38, 16, 17, 0, 0, 2.20%, 0, 0, 3, 222.46, 501499, 1443
2244, 38, 8, 17, 0, 0, 2.20%, 0, 0, 3, 220.94, 502607, 1443
2249, 38, 16, 17, 0, 0, 2.20%, 0, 0, 3, 228.86, 503817, 1443
2254, 38, 14, 17, 0, 0, 2.20%, 0, 0, 3, 235.41, 504989, 1443
2259, 38, 14, 17, 0, 0, 2.20%, 0, 0, 3, 241.70, 506209, 1443
2264, 38, 8, 17, 0, 0, 2.20%, 0, 0, 3, 230.01, 507373, 1443
2269, 38, 16, 17, 0, 0, 2.20%, 0, 0, 3, 230.45, 508539, 1443
2274, 38, 4, 17, 0, 0, 2.20%, 0, 0, 3, 236.18, 509717, 1443
2279, 39, 3, 17, 0, 0, 2.20%, 0, 0, 3, 232.54, 510905, 1443
2284, 39, 3, 17, 0, 0, 2.20%, 0, 0, 3, 212.72, 511961, 1443
2289, 39, 14, 17, 0, 0, 2.20%, 0, 0, 3, 227.95, 513095, 1443
2294, 39, 16, 17, 0, 0, 2.20%, 0, 0, 3, 227.23, 514269, 1443
2299, 39, 3, 17, 0, 0, 2.20%, 0, 0, 3, 218.36, 515365, 1443
2305, 39, 3, 17, 0, 0, 2.20%, 0, 0, 3, 210.71, 516413, 1443
2310, 39, 16, 17, 0, 0, 2.20%, 0, 0, 3, 217.71, 517505, 1443
2315, 39, 10, 17, 0, 0, 2.20%, 0, 0, 3, 234.25, 518729, 1443
2320, 39, 15, 17, 0, 0, 2.20%, 0, 0, 3, 235.59, 519937, 1443
2325, 39, 8, 17, 0, 0, 2.20%, 0, 0, 3, 230.83, 521151, 1443
2330, 39, 14, 17, 0, 0, 2.20%, 0, 0, 3, 240.46, 522363, 1443
2335, 40, 16, 17, 0, 0, 2.20%, 0, 0, 3, 231.78, 523539, 1443
2340, 40, 16, 17, 0, 0, 2.20%, 0, 0, 3, 225.01, 524695, 1443
2345, 40, 8, 17, 0, 0, 2.20%, 0, 0, 3, 227.47, 525857, 1443
2350, 40, 14, 17, 0, 0, 2.20%, 0, 0, 3, 233.12, 527017, 1443
2355, 40, 16, 17, 0, 0, 2.20%, 0, 0, 3, 224.65, 528133, 1443
2360, 40, 8, 17, 0, 0, 2.20%, 0, 0, 3, 231.18, 529299, 1443
2365, 40, 16, 17, 0, 0, 2.20%, 0, 0, 3, 225.60, 530421, 1443
2371, 40, 16, 17, 0, 0, 2.20%, 0, 0, 3, 223.60, 531577, 1443
2376, 40, 16, 17, 0, 0, 2.20%, 0, 0, 3, 222.22, 532721, 1443
2381, 40, 16, 17, 0, 0, 2.20%, 0, 0, 3, 220.63, 533865, 1443
2386, 40, 16, 17, 0, 0, 2.20%, 0, 0, 3, 221.12, 534981, 1443
2391, 41, 16, 17, 0, 0, 2.20%, 0, 0, 3, 221.91, 536097, 1443
2396, 41, 16, 17, 0, 0, 2.20%, 0, 0, 3, 221.71, 537249, 1443
2401, 41, 16, 17, 0, 0, 2.20%, 0, 0, 3, 223.48, 538379, 1443
2406, 41, 16, 17, 0, 0, 2.20%, 0, 0, 3, 227.69, 539549, 1443
2412, 41, 15, 17, 0, 0, 2.20%, 0, 0, 3, 219.94, 540687, 1443
2417, 41, 14, 17, 0, 0, 2.20%, 0, 0, 3, 228.38, 541833, 1443
2422, 41, 16, 17, 0, 0, 2.20%, 0, 0, 3, 227.53, 543031, 1443
2427, 41, 16, 17, 0, 0, 2.20%, 0, 0, 3, 229.98, 544213, 1443
2432, 41, 4, 17, 0, 0, 2.20%, 0, 0, 3, 225.73, 545345, 1443
2437, 41, 8, 17, 0, 0, 2.20%, 0, 0, 3, 228.16, 546561, 1443
2442, 41, 16, 17, 0, 0, 2.20%, 0, 0, 3, 224.21, 547711, 1443
2447, 42, 14, 17, 0, 0, 2.20%, 0, 0, 3, 232.37, 548871, 1443
2452, 42, 16, 17, 0, 0, 2.20%, 0, 0, 3, 223.87, 550039, 1443
2457, 42, 14, 17, 0, 0, 2.20%, 0, 0, 3, 232.99, 551217, 1443
2463, 42, 11, 17, 0, 0, 2.20%, 0, 0, 3, 227.88, 552375, 1443
2468, 42, 9, 17, 0, 0, 2.20%, 0, 0, 3, 225.04, 553497, 1443
2473, 42, 16, 17, 0, 0, 2.20%, 0, 0, 3, 229.98, 554681, 1443
2478, 42, 16, 17, 0, 0, 2.20%, 0, 0, 3, 236.22, 555867, 1443
2483, 42, 14, 17, 0, 0, 2.20%, 0, 0, 3, 236.80, 557043, 1443
2488, 42, 14, 17, 0, 0, 2.20%, 0, 0, 3, 243.47, 558281, 1443
2493, 43, 11, 17, 0, 0, 2.20%, 0, 0, 3, 232.50, 559465, 1443
2498, 43, 11, 17, 0, 0, 2.20%, 0, 0, 3, 220.49, 560601, 1443
2503, 43, 14, 17, 0, 0, 2.20%, 0, 0, 3, 222.92, 561737, 1443
2508, 43, 11, 17, 0, 0, 2.20%, 0, 0, 3, 227.40, 562899, 1443
2513, 43, 11, 17, 0, 0, 2.20%, 0, 0, 3, 223.24, 564051, 1443
2518, 43, 3, 17, 0, 0, 2.20%, 0, 0, 3, 220.95, 565195, 1443
2523, 43, 3, 17, 0, 0, 2.20%, 0, 0, 3, 210.35, 566239, 1443
2528, 43, 16, 17, 0, 0, 2.20%, 0, 0, 3, 223.08, 567403, 1443
2534, 43, 8, 17, 0, 0, 2.20%, 0, 0, 3, 221.91, 568559, 1443
2539, 43, 4, 17, 0, 0, 2.20%, 0, 0, 3, 229.45, 569699, 1443
2544, 43, 4, 17, 0, 0, 2.20%, 0, 0, 3, 227.50, 570837, 1443
2549, 43, 3, 17, 0, 0, 2.20%, 0, 0, 3, 226.85, 571997, 1443
2554, 43, 3, 17, 0, 0, 2.20%, 0, 0, 3, 211.78, 573041, 1443
2559, 44, 14, 17, 0, 0, 2.20%, 0, 0, 3, 223.38, 574151, 1443
2564, 44, 3, 17, 0, 0, 2.20%, 0, 0, 3, 211.12, 575213, 1443
2569, 44, 3, 17, 0, 0, 2.20%, 0, 0, 3, 207.80, 576251, 1443
2574, 44, 3, 17, 0, 0, 2.20%, 0, 0, 3, 207.68, 577303, 1443
2579, 44, 3, 17, 0, 0, 2.20%, 0, 0, 3, 211.16, 578367, 1443
2584, 44, 3, 17, 0, 0, 2.20%, 0, 0, 3, 210.11, 579419, 1443
2589, 44, 16, 17, 0, 0, 2.20%, 0, 0, 3, 216.59, 580511, 1443
2594, 44, 14, 17, 0, 0, 2.20%, 0, 0, 3, 233.40, 581715, 1443
2599, 44, 8, 17, 0, 0, 2.20%, 0, 0, 3, 227.39, 582851, 1443
2604, 44, 10, 17, 0, 0, 2.20%, 0, 0, 3, 224.47, 583985, 1443
2609, 44, 16, 17, 0, 0, 2.20%, 0, 0, 3, 219.34, 585089, 1443
2614, 44, 8, 17, 0, 0, 2.20%, 0, 0, 3, 220.22, 586193, 1443
2619, 44, 16, 17, 0, 0, 2.20%, 0, 0, 3, 220.99, 587311, 1443
2624, 44, 4, 17, 0, 0, 2.20%, 0, 0, 3, 231.82, 588471, 1443
2630, 45, 16, 17, 0, 0, 2.20%, 0, 0, 3, 231.94, 589693, 1443
2635, 45, 8, 17, 0, 0, 2.20%, 0, 0, 3, 225.22, 590825, 1443
2640, 45, 8, 17, 0, 0, 2.20%, 0, 0, 3, 219.65, 591923, 1443
2645, 45, 7, 17, 0, 0, 2.20%, 0, 0, 3, 219.66, 593025, 1443
2650, 45, 7, 17, 0, 0, 2.20%, 0, 0, 3, 219.26, 594125, 1443
2655, 45, 8, 17, 0, 0, 2.20%, 0, 0, 3, 230.27, 595297, 1443
2660, 45, 4, 17, 0, 0, 2.20%, 0, 0, 3, 225.55, 596415, 1443
2665, 45, 10, 17, 0, 0, 2.20%, 0, 0, 3, 237.81, 597639, 1443
2670, 45, 11, 17, 0, 0, 2.20%, 0, 0, 3, 221.17, 598769, 1443
2675, 45, 11, 17, 0, 0, 2.20%, 0, 0, 3, 219.50, 599877, 1443
2680, 45, 8, 17, 0, 0, 2.20%, 0, 0, 3, 219.44, 601021, 1443
2685, 46, 8, 17, 0, 0, 2.20%, 0, 0, 3, 228.22, 602237, 1443
2690, 46, 14, 17, 0, 0, 2.20%, 0, 0, 3, 230.92, 603381, 1443
2695, 46, 16, 17, 0, 0, 2.20%, 0, 0, 3, 227.85, 604543, 1443
2701, 46, 14, 17, 0, 0, 2.20%, 0, 0, 3, 232.19, 605731, 1443
2706, 46, 16, 17, 0, 0, 2.20%, 0, 0, 3, 236.32, 606943, 1443
2711, 46, 11, 17, 0, 0, 2.20%, 0, 0, 3, 225.25, 608059, 1443
2716, 46, 11, 17, 0, 0, 2.20%, 0, 0, 3, 222.27, 609175, 1443
2721, 46, 7, 17, 0, 0, 2.20%, 0, 0, 3, 222.08, 610325, 1443
2726, 46, 7, 17, 0, 0, 2.20%, 0, 0, 3, 217.86, 611425, 1443
2731, 46, 14, 17, 0, 0, 2.20%, 0, 0, 3, 227.75, 612599, 1443
2736, 46, 16, 17, 0, 0, 2.20%, 0, 0, 3, 222.03, 613725, 1443
2741, 46, 16, 17, 0, 0, 2.20%, 0, 0, 3, 230.31, 614893, 1443
2746, 47, 16, 17, 0, 0, 2.20%, 0, 0, 3, 222.12, 615993, 1443
2751, 47, 3, 17, 0, 0, 2.20%, 0, 0, 3, 212.77, 617089, 1443
2756, 47, 14, 17, 0, 0, 2.20%, 0, 0, 3, 215.30, 618159, 1443
2762, 47, 14, 17, 0, 0, 2.20%, 0, 0, 3, 224.54, 619315, 1443
2767, 47, 16, 17, 0, 0, 2.20%, 0, 0, 3, 226.89, 620473, 1443
2772, 47, 16, 17, 0, 0, 2.20%, 0, 0, 3, 224.79, 621607, 1443
2777, 47, 8, 17, 0, 0, 2.20%, 0, 0, 3, 220.52, 622711, 1443
2782, 47, 16, 17, 0, 0, 2.20%, 0, 0, 3, 232.33, 623879, 1443
2787, 47, 8, 17, 0, 0, 2.20%, 0, 0, 3, 225.58, 625003, 1443
2792, 47, 8, 17, 0, 0, 2.20%, 0, 0, 3, 230.77, 626183, 1443
2797, 47, 16, 17, 0, 0, 2.20%, 0, 0, 3, 224.73, 627339, 1443
2802, 47, 16, 17, 0, 0, 2.20%, 0, 0, 3, 231.61, 628513, 1443
2807, 48, 7, 17, 0, 0, 2.20%, 0, 0, 3, 221.35, 629605, 1443
2812, 48, 7, 17, 0, 0, 2.20%, 0, 0, 3, 221.51, 630717, 1443
2817, 48, 8, 17, 0, 0, 2.20%, 0, 0, 3, 219.59, 631855, 1443
2822, 48, 8, 17, 0, 0, 2.20%, 0, 0, 3, 231.42, 633013, 1443
2827, 48, 16, 17, 0, 0, 2.20%, 0, 0, 3, 227.89, 634143, 1443
2832, 48, 8, 17, 0, 0, 2.20%, 0, 0, 3, 231.26, 635311, 1443
2837, 48, 16, 17, 0, 0, 2.20%, 0, 0, 3, 222.54, 636461, 1443
2842, 48, 14, 17, 0, 0, 2.20%, 0, 0, 3, 229.32, 637601, 1443
2847, 48, 16, 17, 0, 0, 2.20%, 0, 0, 3, 226.34, 638749, 1443
2852, 48, 8, 17, 0, 0, 2.20%, 0, 0, 3, 222.59, 639869, 1443
2857, 48, 16, 17, 0, 0, 2.20%, 0, 0, 3, 232.33, 641037, 1443
2862, 49, 4, 17, 0, 0, 2.20%, 0, 0, 3, 234.30, 642193, 1443
2867, 49, 8, 17, 0, 0, 2.20%, 0, 0, 3, 231.11, 643373, 1443
2873, 49, 8, 17, 0, 0, 2.20%, 0, 0, 3, 223.04, 644481, 1443
2878, 49, 10, 17, 0, 0, 2.20%, 0, 0, 3, 229.85, 645655, 1443
2883, 49, 3, 17, 0, 0, 2.20%, 0, 0, 3, 219.61, 646747, 1443
2888, 49, 3, 17, 0, 0, 2.20%, 0, 0, 3, 213.01, 647803, 1443
2893, 49, 14, 17, 0, 0, 2.20%, 0, 0, 3, 228.17, 648941, 1443
2898, 49, 11, 17, 0, 0, 2.20%, 0, 0, 3, 224.65, 650067, 1443
2903, 49, 8, 17, 0, 0, 2.20%, 0, 0, 3, 219.22, 651169, 1443
2908, 49, 8, 17, 0, 0, 2.20%, 0, 0, 3, 221.47, 652287, 1443
2913, 49, 16, 17, 0, 0, 2.20%, 0, 0, 3, 220.69, 653389, 1443
2918, 49, 3, 17, 0, 0, 2.20%, 0, 0, 3, 210.24, 654445, 1443
2923, 49, 10, 17, 0, 0, 2.20%, 0, 0, 3, 207.79, 655495, 1443
2928, 49, 16, 17, 0, 0, 2.20%, 0, 0, 3, 219.71, 656653, 1443
2933, 50, 11, 17, 0, 0, 2.20%, 0, 0, 3, 219.44, 657761, 1443
2938, 50, 8, 17, 0, 0, 2.20%, 0, 0, 3, 222.37, 658883, 1443
2943, 50, 16, 17, 0, 0, 2.20%, 0, 0, 3, 219.96, 659987, 1443
2948, 50, 16, 17, 0, 0, 2.20%, 0, 0, 3, 221.16, 661135, 1443
2954, 50, 9, 17, 0, 0, 2.20%, 0, 0, 3, 222.88, 662295, 1443
2959, 50, 16, 17, 0, 0, 2.20%, 0, 0, 3, 229.55, 663471, 1443
2964, 50, 16, 17, 0, 0, 2.20%, 0, 0, 3, 225.14, 664597, 1443
2969, 50, 16, 17, 0, 0, 2.20%, 0, 0, 3, 223.25, 665705, 1443
2974, 50, 10, 17, 0, 0, 2.20%, 0, 0, 3, 222.39, 666821, 1443
2979, 50, 14, 17, 0, 0, 2.20%, 0, 0, 3, 238.86, 668025, 1443
2984, 51, 10, 17, 0, 0, 2.20%, 0, 0, 3, 240.53, 669223, 1443
2989, 51, 16, 17, 0, 0, 2.20%, 0, 0, 3, 237.21, 670391, 1443
2994, 51, 8, 17, 0, 0, 2.20%, 0, 0, 3, 224.70, 671499, 1443
2999, 51, 3, 17, 0, 0, 2.20%, 0, 0, 3, 213.64, 672569, 1443
3004, 51, 4, 17, 0, 0, 2.20%, 0, 0, 3, 208.74, 673615, 1443
3009, 51, 14, 17, 0, 0, 2.20%, 0, 0, 3, 223.53, 674779, 1443
3014, 51, 16, 17, 0, 0, 2.20%, 0, 0, 3, 226.15, 675945, 1443
3019, 51, 16, 17, 0, 0, 2.20%, 0, 0, 3, 224.88, 677069, 1443
3024, 51, 3, 17, 0, 0, 2.20%, 0, 0, 3, 213.04, 678125, 1443
3029, 51, 16, 17, 0, 0, 2.20%, 0, 0, 3, 213.64, 679183, 1443
3034, 51, 16, 17, 0, 0, 2.20%, 0, 0, 3, 221.25, 680307, 1443
3039, 51, 8, 17, 0, 0, 2.20%, 0, 0, 3, 219.61, 681409, 1443
3044, 51, 8, 17, 0, 0, 2.20%, 0, 0, 3, 221.41, 682565, 1443
3049, 52, 16, 17, 0, 0, 2.20%, 0, 0, 3, 231.58, 683741, 1443
3054, 52, 16, 17, 0, 0, 2.20%, 0, 0, 3, 225.14, 684865, 1443
3059, 52, 14, 17, 0, 0, 2.20%, 0, 0, 3, 237.80, 686103, 1443
3065, 52, 16, 17, 0, 0, 2.20%, 0, 0, 3, 227.25, 687287, 1443
3070, 52, 14, 17, 0, 0, 2.20%, 0, 0, 3, 230.50, 688459, 1443
3075, 52, 16, 17, 0, 0, 2.20%, 0, 0, 3, 226.66, 689609, 1443
3080, 52, 14, 17, 0, 0, 2.20%, 0, 0, 3, 233.50, 690779, 1443
3085, 52, 16, 17, 0, 0, 2.20%, 0, 0, 3, 232.02, 691957, 1443
3090, 52, 16, 17, 0, 0, 2.20%, 0, 0, 3, 220.67, 693059, 1443
3095, 52, 8, 17, 0, 0, 2.20%, 0, 0, 3, 221.11, 694167, 1443
3100, 53, 16, 17, 0, 0, 2.20%, 0, 0, 3, 223.54, 695327, 1443
3105, 53, 8, 17, 0, 0, 2.20%, 0, 0, 3, 220.95, 696433, 1443
3110, 53, 16, 17, 0, 0, 2.20%, 0, 0, 3, 219.87, 697538, 1443
3115, 53, 8, 17, 0, 0, 2.20%, 0, 0, 3, 221.75, 698695, 1443
3120, 53, 16, 17, 0, 0, 2.20%, 0, 0, 3, 228.53, 699855, 1443
3125, 53, 8, 17, 0, 0, 2.20%, 0, 0, 3, 225.30, 700979, 1443
3130, 53, 8, 17, 0, 0, 2.20%, 0, 0, 3, 228.78, 702151, 1443
3135, 53, 9, 17, 0, 0, 2.20%, 0, 0, 3, 224.85, 703281, 1443
3141, 53, 14, 17, 0, 0, 2.20%, 0, 0, 3, 235.05, 704453, 1443
3146, 54, 8, 17, 0, 0, 2.20%, 0, 0, 3, 221.55, 705557, 1443
3151, 54, 16, 17, 0, 0, 2.20%, 0, 0, 3, 229.47, 706773, 1443
3156, 54, 16, 17, 0, 0, 2.20%, 0, 0, 3, 222.38, 707881, 1443
3161, 54, 16, 17, 0, 0, 2.20%, 0, 0, 3, 221.26, 708989, 1443
3166, 54, 16, 17, 0, 0, 2.20%, 0, 0, 3, 223.50, 710161, 1443
3171, 54, 16, 17, 0, 0, 2.20%, 0, 0, 3, 220.90, 711275, 1443
3176, 54, 3, 17, 0, 0, 2.20%, 0, 0, 3, 215.50, 712367, 1443
3181, 54, 3, 17, 0, 0, 2.20%, 0, 0, 3, 207.88, 713411, 1443
3186, 54, 14, 17, 0, 0, 2.20%, 0, 0, 3, 226.81, 714551, 1443
3191, 54, 11, 17, 0, 0, 2.20%, 0, 0, 3, 225.37, 715685, 1443
3196, 54, 8, 17, 0, 0, 2.20%, 0, 0, 3, 220.45, 716795, 1443
3201, 55, 11, 17, 0, 0, 2.20%, 0, 0, 3, 229.35, 717995, 1443
3206, 55, 11, 17, 0, 0, 2.20%, 0, 0, 3, 223.08, 719103, 1443
3211, 55, 16, 17, 0, 0, 2.20%, 0, 0, 3, 223.36, 720221, 1443
3216, 55, 4, 17, 0, 0, 2.20%, 0, 0, 3, 242.04, 721451, 1443
3221, 55, 8, 17, 0, 0, 2.20%, 0, 0, 3, 225.94, 722567, 1443
3227, 55, 4, 17, 0, 0, 2.20%, 0, 0, 3, 231.51, 723741, 1443
3232, 55, 16, 17, 0, 0, 2.20%, 0, 0, 3, 234.80, 724949, 1443
3237, 55, 16, 17, 0, 0, 2.20%, 0, 0, 3, 226.89, 726115, 1443
3242, 55, 7, 17, 0, 0, 2.20%, 0, 0, 3, 221.93, 727261, 1443
3247, 55, 7, 17, 0, 0, 2.20%, 0, 0, 3, 223.70, 728377, 1443
3252, 55, 16, 17, 0, 0, 2.20%, 0, 0, 3, 220.68, 729487, 1443
3257, 55, 14, 17, 0, 0, 2.20%, 0, 0, 3, 230.80, 730639, 1443
3262, 55, 14, 17, 0, 0, 2.20%, 0, 0, 3, 244.82, 731927, 1443
3267, 56, 3, 17, 0, 0, 2.20%, 0, 0, 3, 215.40, 732985, 1443
3272, 56, 8, 17, 0, 0, 2.20%, 0, 0, 3, 212.91, 734053, 1443
3278, 56, 11, 17, 0, 0, 2.20%, 0, 0, 3, 220.09, 735197, 1443
3283, 56, 11, 17, 0, 0, 2.20%, 0, 0, 3, 223.81, 736321, 1443
3288, 56, 8, 17, 0, 0, 2.20%, 0, 0, 3, 222.24, 737449, 1443
3293, 56, 10, 17, 0, 0, 2.20%, 0, 0, 3, 220.81, 738553, 1443
3298, 56, 14, 17, 0, 0, 2.20%, 0, 0, 3, 230.82, 739737, 1443
3303, 56, 3, 17, 0, 0, 2.20%, 0, 0, 3, 212.73, 740811, 1443
3308, 56, 14, 17, 0, 0, 2.20%, 0, 0, 3, 220.63, 741909, 1443
3313, 56, 16, 17, 0, 0, 2.20%, 0, 0, 3, 234.16, 743115, 1443
3318, 56, 4, 17, 0, 0, 2.20%, 0, 0, 3, 233.75, 744311, 1443
3323, 56, 16, 17, 0, 0, 2.20%, 0, 0, 3, 225.85, 745446, 1443
3328, 57, 16, 17, 0, 0, 2.20%, 0, 0, 3, 220.24, 746539, 1443
3333, 57, 16, 17, 0, 0, 2.20%, 0, 0, 3, 219.47, 747683, 1443
3339, 57, 16, 17, 0, 0, 2.20%, 0, 0, 3, 232.15, 748875, 1443
3344, 57, 14, 17, 0, 0, 2.20%, 0, 0, 3, 235.62, 750035, 1443
3349, 57, 16, 17, 0, 0, 2.20%, 0, 0, 3, 226.33, 751169, 1443
3354, 57, 16, 17, 0, 0, 2.20%, 0, 0, 3, 226.36, 752335, 1443
3359, 57, 14, 17, 0, 0, 2.20%, 0, 0, 3, 233.11, 753487, 1443
3364, 57, 16, 17, 0, 0, 2.20%, 0, 0, 3, 235.14, 754691, 1443
3369, 57, 16, 17, 0, 0, 2.20%, 0, 0, 3, 235.69, 755865, 1443
3374, 58, 3, 17, 0, 0, 2.20%, 0, 0, 3, 218.59, 756969, 1443
3379, 58, 3, 17, 0, 0, 2.20%, 0, 0, 3, 209.56, 758013, 1443
3384, 58, 8, 17, 0, 0, 2.20%, 0, 0, 3, 216.25, 759093, 1443
3389, 58, 14, 17, 0, 0, 2.20%, 0, 0, 3, 237.56, 760343, 1443
3394, 58, 16, 17, 0, 0, 2.20%, 0, 0, 3, 228.69, 761493, 1443
3399, 58, 16, 17, 0, 0, 2.20%, 0, 0, 3, 224.52, 762611, 1443
3404, 58, 14, 17, 0, 0, 2.20%, 0, 0, 3, 234.30, 763811, 1443
3409, 58, 8, 17, 0, 0, 2.20%, 0, 0, 3, 223.20, 764933, 1443
3415, 58, 14, 17, 0, 0, 2.20%, 0, 0, 3, 223.83, 766055, 1443
3420, 58, 14, 17, 0, 0, 2.20%, 0, 0, 3, 228.72, 767275, 1443
3425, 59, 16, 17, 0, 0, 2.20%, 0, 0, 3, 236.61, 768487, 1443
3430, 59, 16, 17, 0, 0, 2.20%, 0, 0, 3, 225.73, 769607, 1443
3435, 59, 16, 17, 0, 0, 2.20%, 0, 0, 3, 223.56, 770731, 1443
3440, 59, 14, 17, 0, 0, 2.20%, 0, 0, 3, 239.32, 771941, 1443
3445, 59, 14, 17, 0, 0, 2.20%, 0, 0, 3, 234.26, 773105, 1443
3450, 59, 16, 17, 0, 0, 2.20%, 0, 0, 3, 231.61, 774283, 1443
3455, 59, 16, 17, 0, 0, 2.20%, 0, 0, 3, 222.43, 775383, 1443
3460, 59, 16, 17, 0, 0, 2.20%, 0, 0, 3, 221.08, 776495, 1443
3465, 59, 10, 17, 0, 0, 2.20%, 0, 0, 3, 228.53, 777661, 1443
3470, 59, 14, 17, 0, 0, 2.20%, 0, 0, 3, 222.28, 778767, 1443
3475, 59, 16, 17, 0, 0, 2.20%, 0, 0, 3, 227.63, 779951, 1443
3480, 59, 16, 17, 0, 0, 2.20%, 0, 0, 3, 221.95, 781059, 1443
3485, 60, 16, 17, 0, 0, 2.20%, 0, 0, 3, 223.00, 782183, 1443
3490, 60, 16, 17, 0, 0, 2.20%, 0, 0, 3, 221.24, 783287, 1443
3495, 60, 16, 17, 0, 0, 2.20%, 0, 0, 3, 228.42, 784457, 1443
3500, 60, 8, 17, 0, 0, 2.20%, 0, 0, 3, 223.50, 785617, 1443
3506, 60, 14, 17, 0, 0, 2.20%, 0, 0, 3, 224.30, 786785, 1443
3511, 60, 9, 17, 0, 0, 2.20%, 0, 0, 3, 227.03, 787953, 1443
3516, 60, 14, 17, 0, 0, 2.20%, 0, 0, 3, 227.43, 789083, 1443
3521, 60, 8, 17, 0, 0, 2.20%, 0, 0, 3, 239.14, 790313, 1443
3526, 60, 16, 17, 0, 0, 2.20%, 0, 0, 3, 227.21, 791443, 1443
3531, 61, 16, 17, 0, 0, 2.20%, 0, 0, 3, 222.62, 792549, 1443
3536, 61, 8, 17, 0, 0, 2.20%, 0, 0, 3, 222.83, 793705, 1443
3541, 61, 9, 17, 0, 0, 2.20%, 0, 0, 3, 224.11, 794829, 1443
3546, 61, 8, 17, 0, 0, 2.20%, 0, 0, 3, 230.19, 796009, 1443
3551, 61, 7, 17, 0, 0, 2.20%, 0, 0, 3, 223.68, 797169, 1443
3556, 61, 7, 17, 0, 0, 2.20%, 0, 0, 3, 220.61, 798273, 1443
3561, 61, 16, 17, 0, 0, 2.20%, 0, 0, 3, 221.57, 799429, 1443
3566, 61, 14, 17, 0, 0, 2.20%, 0, 0, 3, 234.21, 800601, 1443
3571, 61, 16, 17, 0, 0, 2.20%, 0, 0, 3, 240.87, 801819, 1443
3576, 61, 16, 17, 0, 0, 2.20%, 0, 0, 3, 226.37, 802941, 1443
3581, 61, 16, 17, 0, 0, 2.20%, 0, 0, 3, 224.94, 804061, 1443
3586, 62, 16, 17, 0, 0, 2.20%, 0, 0, 3, 235.15, 805239, 1443
3591, 62, 16, 17, 0, 0, 2.20%, 0, 0, 3, 222.42, 806339, 1443
3596, 62, 3, 17, 0, 0, 2.20%, 0, 0, 3, 215.40, 807431, 1443
3602, 62, 3, 17, 0, 0, 2.20%, 0, 0, 3, 208.47, 808487, 1443
3607, 62, 14, 17, 0, 0, 2.20%, 0, 0, 3, 236.83, 809737, 1443
