# relative_time, cycles_done, cur_item, corpus_count, pending_total, pending_favs, map_size, saved_crashes, saved_hangs, max_depth, execs_per_sec, total_execs, edges_found
61, 0, 0, 26, 25, 4, 2.16%, 0, 0, 2, 94.41, 5758, 1417
66, 0, 0, 26, 25, 4, 2.16%, 0, 0, 2, 94.03, 6246, 1417
71, 0, 0, 26, 25, 4, 2.16%, 0, 0, 2, 99.03, 6752, 1417
76, 0, 0, 26, 25, 4, 2.16%, 0, 0, 2, 92.71, 7199, 1417
81, 0, 0, 26, 25, 4, 2.16%, 0, 0, 2, 96.07, 7689, 1417
86, 0, 0, 27, 26, 4, 2.16%, 0, 0, 2, 90.36, 8135, 1418
91, 0, 0, 27, 26, 4, 2.16%, 0, 0, 2, 94.26, 8626, 1418
96, 0, 0, 27, 26, 4, 2.16%, 0, 0, 2, 92.70, 9080, 1418
102, 0, 0, 27, 26, 4, 2.16%, 0, 0, 2, 94.79, 9575, 1418
107, 0, 0, 28, 27, 4, 2.17%, 0, 0, 2, 97.26, 10084, 1421
112, 0, 0, 28, 27, 4, 2.17%, 0, 0, 2, 94.53, 10556, 1421
117, 0, 0, 28, 27, 4, 2.17%, 0, 0, 2, 93.11, 11036, 1421
122, 0, 0, 28, 27, 4, 2.17%, 0, 0, 2, 91.40, 11494, 1421
127, 0, 0, 28, 27, 4, 2.17%, 0, 0, 2, 91.01, 11972, 1421
132, 0, 0, 28, 27, 4, 2.17%, 0, 0, 2, 92.34, 12445, 1421
138, 0, 4, 29, 27, 16, 2.19%, 0, 0, 2, 166.48, 13311, 1432
143, 0, 2, 30, 27, 16, 2.19%, 0, 0, 2, 127.29, 13965, 1432
148, 0, 2, 34, 31, 16, 2.21%, 0, 0, 2, 134.83, 14638, 1447
153, 0, 2, 34, 31, 16, 2.21%, 0, 0, 2, 140.60, 15372, 1447
158, 0, 2, 35, 32, 16, 2.21%, 0, 0, 2, 130.56, 16016, 1447
163, 0, 2, 36, 33, 16, 2.21%, 0, 0, 2, 139.85, 16742, 1447
168, 0, 2, 36, 33, 16, 2.21%, 0, 0, 2, 140.53, 17472, 1447
174, 0, 2, 36, 33, 16, 2.21%, 0, 0, 2, 142.65, 18218, 1447
179, 0, 2, 36, 33, 16, 2.21%, 0, 0, 2, 143.05, 18952, 1447
184, 0, 2, 36, 33, 16, 2.21%, 0, 0, 2, 138.30, 19664, 1447
189, 0, 2, 36, 33, 16, 2.21%, 0, 0, 2, 140.83, 20392, 1447
194, 0, 2, 37, 34, 16, 2.21%, 0, 0, 2, 140.06, 21114, 1447
199, 0, 2, 37, 34, 16, 2.21%, 0, 0, 2, 144.94, 21866, 1447
205, 0, 2, 37, 34, 16, 2.21%, 0, 0, 2, 140.76, 22596, 1447
210, 0, 2, 37, 34, 16, 2.21%, 0, 0, 2, 139.39, 23312, 1447
215, 0, 2, 38, 35, 16, 2.21%, 0, 0, 2, 144.91, 24052, 1447
220, 0, 2, 38, 35, 16, 2.21%, 0, 0, 2, 145.04, 24806, 1447
225, 0, 2, 38, 35, 16, 2.21%, 0, 0, 2, 140.82, 25536, 1447
230, 0, 2, 38, 35, 16, 2.21%, 0, 0, 2, 140.25, 26262, 1447
236, 0, 2, 38, 35, 16, 2.21%, 0, 0, 2, 142.34, 26990, 1447
241, 0, 2, 38, 35, 16, 2.21%, 0, 0, 2, 140.89, 27720, 1447
246, 0, 2, 38, 35, 16, 2.21%, 0, 0, 2, 140.53, 28454, 1447
251, 0, 2, 39, 36, 16, 2.21%, 0, 0, 2, 142.60, 29180, 1447
256, 0, 2, 39, 36, 16, 2.21%, 0, 0, 2, 145.60, 29928, 1447
261, 0, 2, 39, 36, 16, 2.21%, 0, 0, 2, 163.04, 30736, 1447
267, 0, 12, 39, 33, 14, 2.21%, 0, 0, 2, 182.54, 31748, 1447
272, 0, 23, 40, 33, 13, 2.21%, 0, 0, 3, 136.68, 32398, 1447
277, 0, 31, 40, 31, 10, 2.21%, 0, 0, 3, 121.23, 33065, 1447
282, 0, 8, 40, 30, 9, 2.21%, 0, 0, 3, 142.29, 33724, 1447
287, 0, 4, 40, 27, 6, 2.21%, 0, 0, 3, 197.50, 34801, 1447
292, 0, 4, 40, 27, 6, 2.21%, 0, 0, 3, 207.66, 35856, 1447
297, 0, 21, 40, 26, 5, 2.21%, 0, 0, 3, 190.64, 36885, 1447
302, 0, 18, 40, 24, 3, 2.21%, 0, 0, 3, 182.27, 37782, 1447
307, 0, 18, 40, 23, 2, 2.21%, 0, 0, 3, 171.71, 38637, 1447
313, 0, 26, 40, 23, 2, 2.21%, 0, 0, 3, 187.97, 39687, 1447
318, 0, 24, 40, 22, 1, 2.21%, 0, 0, 3, 149.44, 40373, 1447
323, 0, 21, 40, 21, 0, 2.21%, 0, 0, 3, 161.79, 41280, 1447
328, 0, 21, 40, 21, 0, 2.21%, 0, 0, 3, 118.28, 41812, 1447
333, 0, 21, 40, 21, 0, 2.21%, 0, 0, 3, 184.66, 42866, 1447
338, 0, 1, 40, 21, 0, 2.21%, 0, 0, 3, 212.61, 43963, 1447
343, 0, 25, 40, 21, 0, 2.21%, 0, 0, 3, 206.61, 44983, 1447
348, 0, 13, 40, 21, 0, 2.21%, 0, 0, 3, 206.18, 46036, 1447
353, 0, 13, 40, 21, 0, 2.21%, 0, 0, 3, 212.25, 47103, 1447
358, 0, 40, 41, 22, 1, 2.21%, 0, 0, 3, 177.00, 48048, 1449
363, 0, 40, 41, 22, 1, 2.21%, 0, 0, 3, 151.54, 48715, 1449
369, 0, 25, 41, 21, 0, 2.21%, 0, 0, 3, 206.19, 49836, 1449
374, 0, 13, 41, 21, 0, 2.21%, 0, 0, 3, 218.08, 50986, 1449
379, 0, 5, 41, 21, 0, 2.21%, 0, 0, 3, 220.46, 52107, 1449
384, 0, 25, 41, 21, 0, 2.21%, 0, 0, 3, 220.57, 53190, 1449
389, 0, 4, 41, 21, 0, 2.21%, 0, 0, 3, 214.74, 54268, 1449
394, 0, 25, 41, 21, 0, 2.21%, 0, 0, 3, 216.68, 55387, 1449
399, 0, 8, 41, 21, 0, 2.21%, 0, 0, 3, 197.05, 56412, 1449
404, 0, 1, 41, 21, 0, 2.21%, 0, 0, 3, 213.00, 57474, 1449
409, 0, 28, 41, 21, 0, 2.21%, 0, 0, 3, 203.04, 58423, 1449
414, 0, 25, 41, 21, 0, 2.21%, 0, 0, 3, 224.17, 59615, 1449
419, 0, 1, 41, 21, 0, 2.21%, 0, 0, 3, 228.73, 60782, 1449
424, 1, 12, 41, 21, 0, 2.21%, 0, 0, 3, 181.45, 61658, 1449
430, 1, 12, 41, 21, 0, 2.21%, 0, 0, 3, 192.19, 62649, 1449
435, 1, 19, 41, 21, 0, 2.21%, 0, 0, 3, 204.90, 63703, 1449
440, 1, 13, 42, 21, 1, 2.22%, 0, 0, 3, 207.67, 64745, 1454
445, 1, 28, 42, 20, 0, 2.22%, 0, 0, 3, 216.87, 65865, 1454
450, 1, 23, 42, 20, 0, 2.22%, 0, 0, 3, 137.62, 66520, 1454
455, 1, 23, 42, 20, 0, 2.22%, 0, 0, 3, 162.42, 67302, 1454
460, 1, 27, 42, 20, 0, 2.22%, 0, 0, 3, 172.10, 68184, 1454
465, 1, 27, 42, 20, 0, 2.22%, 0, 0, 3, 218.36, 69389, 1454
470, 1, 18, 42, 20, 0, 2.22%, 0, 0, 3, 197.88, 70434, 1454
475, 1, 18, 42, 20, 0, 2.22%, 0, 0, 3, 204.04, 71380, 1454
480, 1, 1, 42, 20, 0, 2.22%, 0, 0, 3, 224.30, 72548, 1454
486, 1, 31, 42, 20, 0, 2.22%, 0, 0, 3, 157.50, 73283, 1454
491, 1, 25, 42, 20, 0, 2.22%, 0, 0, 3, 208.49, 74412, 1454
496, 1, 36, 42, 20, 0, 2.22%, 0, 0, 3, 145.75, 75156, 1454
501, 1, 8, 42, 19, 0, 2.22%, 0, 0, 3, 176.12, 76059, 1454
506, 1, 5, 42, 19, 0, 2.22%, 0, 0, 3, 219.82, 77250, 1454
511, 1, 18, 42, 19, 0, 2.22%, 0, 0, 3, 201.81, 78288, 1454
516, 1, 18, 42, 19, 0, 2.22%, 0, 0, 3, 180.08, 79166, 1454
522, 1, 1, 42, 19, 0, 2.22%, 0, 0, 3, 214.20, 80268, 1454
527, 1, 4, 42, 19, 0, 2.22%, 0, 0, 3, 208.01, 81272, 1454
532, 1, 4, 42, 19, 0, 2.22%, 0, 0, 3, 227.90, 82421, 1454
537, 1, 5, 42, 19, 0, 2.22%, 0, 0, 3, 234.87, 83604, 1454
542, 1, 4, 42, 19, 0, 2.22%, 0, 0, 3, 210.43, 84615, 1454
547, 1, 28, 42, 19, 0, 2.22%, 0, 0, 3, 234.96, 85876, 1454
552, 1, 1, 42, 19, 0, 2.22%, 0, 0, 3, 226.65, 87047, 1454
557, 1, 41, 42, 19, 0, 2.22%, 0, 0, 3, 222.97, 88207, 1454
562, 1, 25, 42, 19, 0, 2.22%, 0, 0, 3, 227.13, 89352, 1454
567, 1, 19, 42, 19, 0, 2.22%, 0, 0, 3, 224.37, 90526, 1454
572, 1, 19, 42, 19, 0, 2.22%, 0, 0, 3, 216.85, 91606, 1454
577, 1, 26, 42, 19, 0, 2.22%, 0, 0, 3, 171.77, 92504, 1454
583, 1, 26, 42, 19, 0, 2.22%, 0, 0, 3, 193.34, 93388, 1454
588, 1, 31, 42, 19, 0, 2.22%, 0, 0, 3, 167.01, 94249, 1454
593, 1, 31, 42, 19, 0, 2.22%, 0, 0, 3, 200.92, 95231, 1454
598, 1, 21, 42, 19, 0, 2.22%, 0, 0, 3, 169.64, 96167, 1454
603, 1, 21, 42, 19, 0, 2.22%, 0, 0, 3, 156.28, 96840, 1454
608, 1, 1, 42, 19, 0, 2.22%, 0, 0, 3, 222.30, 98059, 1454
613, 2, 18, 46, 23, 0, 2.22%, 0, 0, 3, 198.66, 98948, 1454
618, 2, 18, 47, 24, 0, 2.22%, 0, 0, 3, 138.09, 99400, 1454
623, 2, 18, 48, 25, 0, 2.22%, 0, 0, 3, 162.25, 100239, 1454
628, 2, 18, 49, 26, 0, 2.22%, 0, 0, 3, 154.33, 101015, 1454
634, 2, 18, 49, 26, 0, 2.22%, 0, 0, 3, 160.05, 101852, 1454
639, 2, 18, 50, 27, 0, 2.22%, 0, 0, 3, 149.92, 102610, 1454
644, 2, 18, 50, 27, 0, 2.22%, 0, 0, 3, 152.19, 103399, 1454
649, 2, 18, 50, 27, 0, 2.22%, 0, 0, 3, 148.51, 104188, 1454
654, 2, 18, 50, 27, 0, 2.22%, 0, 0, 3, 152.00, 104971, 1454
659, 2, 18, 50, 27, 0, 2.22%, 0, 0, 3, 155.94, 105766, 1454
664, 2, 18, 51, 28, 0, 2.22%, 0, 0, 3, 151.43, 106536, 1454
669, 2, 18, 51, 28, 0, 2.22%, 0, 0, 3, 156.46, 107343, 1454
674, 2, 18, 51, 28, 0, 2.22%, 0, 0, 3, 160.82, 108150, 1454
679, 2, 18, 51, 28, 0, 2.22%, 0, 0, 3, 159.10, 108948, 1454
684, 2, 18, 51, 28, 0, 2.22%, 0, 0, 3, 150.12, 109710, 1454
690, 2, 18, 51, 28, 0, 2.22%, 0, 0, 3, 167.43, 110466, 1454
695, 2, 18, 51, 28, 0, 2.22%, 0, 0, 3, 160.55, 111264, 1454
700, 2, 18, 51, 28, 0, 2.22%, 0, 0, 3, 149.86, 112020, 1454
705, 2, 18, 51, 28, 0, 2.22%, 0, 0, 3, 155.48, 112794, 1454
710, 2, 18, 51, 28, 0, 2.22%, 0, 0, 3, 122.37, 113436, 1454
715, 2, 18, 53, 30, 0, 2.22%, 0, 0, 3, 146.27, 114204, 1454
720, 2, 18, 55, 32, 0, 2.22%, 0, 0, 3, 145.54, 114924, 1454
725, 2, 18, 55, 32, 0, 2.22%, 0, 0, 3, 155.52, 115616, 1454
730, 2, 18, 56, 33, 0, 2.22%, 0, 0, 3, 139.93, 116340, 1454
735, 2, 18, 59, 36, 0, 2.22%, 0, 0, 3, 132.50, 116850, 1454
740, 2, 28, 59, 36, 0, 2.22%, 0, 0, 3, 161.72, 117653, 1454
745, 2, 28, 60, 37, 0, 2.22%, 0, 0, 3, 16.66, 117868, 1454
750, 2, 28, 60, 37, 0, 2.22%, 0, 0, 3, 92.01, 118068, 1454
756, 2, 19, 60, 37, 0, 2.22%, 0, 0, 3, 227.80, 119103, 1454
766, 2, 19, 61, 38, 0, 2.22%, 0, 0, 3, 1.77, 119477, 1454
771, 2, 19, 61, 38, 0, 2.22%, 0, 0, 3, 7.39, 119524, 1454
776, 2, 19, 61, 38, 0, 2.22%, 0, 0, 3, 9.87, 119581, 1454
781, 2, 19, 61, 38, 0, 2.22%, 0, 0, 3, 9.78, 119630, 1454
786, 2, 19, 61, 38, 0, 2.22%, 0, 0, 3, 108.19, 119883, 1454
791, 2, 19, 61, 38, 0, 2.22%, 0, 0, 3, 157.12, 120662, 1454
797, 2, 13, 61, 38, 0, 2.22%, 0, 0, 3, 84.28, 121022, 1454
802, 2, 13, 61, 38, 0, 2.22%, 0, 0, 3, 12.17, 121778, 1454
807, 2, 13, 61, 38, 0, 2.22%, 0, 0, 3, 14.37, 121934, 1454
812, 2, 13, 62, 39, 0, 2.22%, 0, 0, 3, 13.11, 121999, 1454
817, 2, 13, 63, 40, 0, 2.22%, 0, 0, 3, 12.15, 122049, 1454
822, 2, 13, 63, 40, 0, 2.22%, 0, 0, 3, 12.07, 122109, 1454
827, 2, 13, 63, 40, 0, 2.22%, 0, 0, 3, 217.82, 122209, 1454
832, 2, 25, 63, 40, 0, 2.22%, 0, 0, 3, 172.73, 123078, 1454
837, 2, 25, 63, 40, 0, 2.22%, 0, 0, 3, 193.07, 123313, 1454
842, 2, 25, 63, 40, 0, 2.22%, 0, 0, 3, 207.89, 123513, 1454
847, 2, 25, 63, 40, 0, 2.22%, 0, 0, 3, 179.55, 124292, 1454
852, 2, 25, 63, 40, 0, 2.22%, 0, 0, 3, 5.80, 124892, 1454
858, 2, 25, 63, 40, 0, 2.22%, 0, 0, 3, 4.85, 124915, 1454
863, 2, 25, 63, 40, 0, 2.22%, 0, 0, 3, 206.18, 125094, 1454
868, 2, 8, 63, 40, 0, 2.22%, 0, 0, 3, 165.44, 125865, 1454
873, 2, 18, 63, 40, 0, 2.22%, 0, 0, 3, 64.27, 126243, 1454
878, 2, 18, 63, 40, 0, 2.22%, 0, 0, 3, 133.93, 126995, 1454
883, 2, 18, 63, 40, 0, 2.22%, 0, 0, 3, 186.45, 127966, 1454
888, 2, 18, 63, 40, 0, 2.22%, 0, 0, 3, 2.05, 128102, 1454
900, 2, 18, 64, 41, 0, 2.23%, 0, 0, 3, 1.97, 128118, 1463
905, 2, 18, 64, 41, 0, 2.23%, 0, 0, 3, 1.86, 128127, 1463
911, 2, 18, 64, 41, 0, 2.23%, 0, 0, 3, 1.76, 128136, 1463
916, 2, 18, 64, 41, 0, 2.23%, 0, 0, 3, 1.94, 128146, 1463
921, 2, 18, 64, 41, 0, 2.23%, 0, 0, 3, 2.00, 128157, 1463
927, 2, 18, 64, 41, 0, 2.23%, 0, 0, 3, 1.88, 128166, 1463
932, 2, 18, 64, 41, 0, 2.23%, 0, 0, 3, 1.73, 128174, 1463
937, 2, 18, 64, 41, 0, 2.23%, 0, 0, 3, 1.93, 128185, 1463
942, 2, 18, 64, 41, 0, 2.23%, 0, 0, 3, 2.06, 128195, 1463
948, 2, 18, 64, 41, 0, 2.23%, 0, 0, 3, 2.11, 128204, 1463
953, 2, 18, 64, 41, 0, 2.23%, 0, 0, 3, 2.35, 128216, 1463
958, 2, 18, 64, 41, 0, 2.23%, 0, 0, 3, 2.12, 128226, 1463
964, 2, 18, 64, 41, 0, 2.23%, 0, 0, 3, 1.93, 128235, 1463
969, 2, 18, 64, 41, 0, 2.23%, 0, 0, 3, 1.76, 128243, 1463
975, 2, 18, 64, 41, 0, 2.23%, 0, 0, 3, 1.87, 128254, 1463
980, 2, 18, 65, 42, 0, 2.23%, 0, 0, 3, 2.10, 128271, 1463
986, 2, 18, 65, 42, 0, 2.23%, 0, 0, 3, 1.93, 128280, 1463
991, 2, 18, 65, 42, 0, 2.23%, 0, 0, 3, 1.91, 128289, 1463
996, 2, 18, 65, 42, 0, 2.23%, 0, 0, 3, 1.89, 128298, 1463
1001, 2, 18, 65, 42, 0, 2.23%, 0, 0, 3, 1.92, 128307, 1463
1007, 2, 18, 65, 42, 0, 2.23%, 0, 0, 3, 1.98, 128317, 1463
1013, 2, 18, 65, 42, 0, 2.23%, 0, 0, 3, 1.96, 128327, 1463
1018, 2, 18, 65, 42, 0, 2.23%, 0, 0, 3, 2.17, 128338, 1463
1023, 2, 18, 65, 42, 0, 2.23%, 0, 0, 3, 2.26, 128348, 1463
1028, 2, 18, 65, 42, 0, 2.23%, 0, 0, 3, 2.23, 128359, 1463
1033, 2, 18, 65, 42, 0, 2.23%, 0, 0, 3, 2.43, 128370, 1463
1039, 2, 18, 65, 42, 0, 2.23%, 0, 0, 3, 2.52, 128381, 1463
1044, 2, 18, 65, 42, 0, 2.23%, 0, 0, 3, 2.34, 128392, 1463
1050, 2, 18, 65, 42, 0, 2.23%, 0, 0, 3, 2.20, 128402, 1463
1055, 2, 18, 65, 42, 0, 2.23%, 0, 0, 3, 1.98, 128410, 1463
1060, 2, 18, 65, 42, 0, 2.23%, 0, 0, 3, 2.00, 128420, 1463
1065, 2, 18, 65, 42, 0, 2.23%, 0, 0, 3, 1.93, 128429, 1463
1070, 2, 18, 65, 42, 0, 2.23%, 0, 0, 3, 2.04, 128439, 1463
1075, 2, 18, 65, 42, 0, 2.23%, 0, 0, 3, 1.93, 128448, 1463
1081, 2, 18, 65, 42, 0, 2.23%, 0, 0, 3, 1.98, 128458, 1463
1086, 2, 18, 65, 42, 0, 2.23%, 0, 0, 3, 1.85, 128467, 1463
1092, 2, 18, 65, 42, 0, 2.23%, 0, 0, 3, 1.80, 128476, 1463
1097, 2, 18, 65, 42, 0, 2.23%, 0, 0, 3, 1.75, 128484, 1463
1102, 2, 18, 65, 42, 0, 2.23%, 0, 0, 3, 1.89, 128493, 1463
1107, 2, 18, 65, 42, 0, 2.23%, 0, 0, 3, 1.86, 128502, 1463
1113, 2, 18, 65, 42, 0, 2.23%, 0, 0, 3, 1.87, 128512, 1463
1118, 2, 18, 65, 42, 0, 2.23%, 0, 0, 3, 1.88, 128522, 1463
1123, 2, 18, 65, 42, 0, 2.23%, 0, 0, 3, 1.74, 128530, 1463
1129, 2, 18, 65, 42, 0, 2.23%, 0, 0, 3, 1.83, 128539, 1463
1134, 2, 18, 65, 42, 0, 2.23%, 0, 0, 3, 1.93, 128549, 1463
1139, 2, 18, 65, 42, 0, 2.23%, 0, 0, 3, 2.11, 128559, 1463
1145, 2, 18, 65, 42, 0, 2.23%, 0, 0, 3, 2.12, 128570, 1463
1150, 2, 18, 65, 42, 0, 2.23%, 0, 0, 3, 1.99, 128579, 1463
1155, 2, 18, 65, 42, 0, 2.23%, 0, 0, 3, 2.24, 128589, 1463
1160, 2, 18, 65, 42, 0, 2.23%, 0, 0, 3, 2.20, 128599, 1463
1165, 2, 18, 65, 42, 0, 2.23%, 0, 0, 3, 2.28, 128611, 1463
1171, 2, 18, 65, 42, 0, 2.23%, 0, 0, 3, 2.20, 128623, 1463
1177, 2, 18, 65, 42, 0, 2.23%, 0, 0, 3, 1.96, 128632, 1463
1182, 2, 18, 65, 42, 0, 2.23%, 0, 0, 3, 1.88, 128641, 1463
1187, 2, 18, 65, 42, 0, 2.23%, 0, 0, 3, 2.05, 128653, 1463
1192, 2, 18, 65, 42, 0, 2.23%, 0, 0, 3, 2.19, 128663, 1463
1198, 2, 18, 65, 42, 0, 2.23%, 0, 0, 3, 2.00, 128672, 1463
1203, 2, 18, 65, 42, 0, 2.23%, 0, 1, 3, 1.83, 128680, 1463
1208, 2, 18, 65, 42, 0, 2.23%, 0, 1, 3, 1.91, 128690, 1463
1214, 2, 18, 65, 42, 0, 2.23%, 0, 1, 3, 2.05, 128701, 1463
1219, 2, 18, 65, 42, 0, 2.23%, 0, 1, 3, 2.17, 128711, 1463
1224, 2, 18, 65, 42, 0, 2.23%, 0, 1, 3, 2.27, 128720, 1463
1229, 2, 18, 65, 42, 0, 2.23%, 0, 1, 3, 2.02, 128729, 1463
1235, 2, 18, 65, 42, 0, 2.23%, 0, 1, 3, 2.02, 128739, 1463
1240, 2, 18, 65, 42, 0, 2.23%, 0, 1, 3, 1.91, 128748, 1463
1245, 2, 18, 65, 42, 0, 2.23%, 0, 1, 3, 1.78, 128757, 1463
1251, 2, 18, 65, 42, 0, 2.23%, 0, 1, 3, 1.79, 128766, 1463
1256, 2, 18, 65, 42, 0, 2.23%, 0, 1, 3, 11.05, 128806, 1463
1261, 2, 18, 65, 42, 0, 2.23%, 0, 1, 3, 11.73, 128868, 1463
1267, 2, 18, 65, 42, 0, 2.23%, 0, 1, 3, 11.55, 128929, 1463
1272, 2, 18, 65, 42, 0, 2.23%, 0, 1, 3, 152.98, 129488, 1463
1277, 2, 25, 65, 42, 1, 2.23%, 0, 1, 3, 200.97, 130541, 1463
1282, 2, 25, 65, 42, 1, 2.23%, 0, 1, 3, 10.74, 131156, 1463
1287, 2, 25, 65, 42, 1, 2.23%, 0, 1, 3, 17.92, 131268, 1463
1292, 2, 25, 65, 42, 1, 2.23%, 0, 1, 3, 4.78, 131375, 1463
1297, 2, 25, 65, 42, 1, 2.23%, 0, 1, 3, 4.91, 131400, 1463
1302, 2, 64, 65, 42, 1, 2.23%, 0, 1, 3, 16.08, 131701, 1463
1307, 2, 64, 65, 42, 1, 2.23%, 0, 1, 3, 15.66, 131781, 1463
1313, 2, 64, 65, 42, 1, 2.23%, 0, 1, 3, 1.13, 131846, 1463
1318, 2, 64, 65, 42, 1, 2.23%, 0, 1, 3, 1.14, 131852, 1463
1323, 2, 64, 65, 42, 1, 2.23%, 0, 1, 3, 1.14, 131858, 1463
1328, 2, 64, 65, 42, 1, 2.23%, 0, 1, 3, 1.14, 131864, 1463
1333, 2, 64, 65, 42, 1, 2.23%, 0, 1, 3, 1.14, 131870, 1463
1339, 2, 64, 65, 42, 1, 2.23%, 0, 1, 3, 1.14, 131876, 1463
1344, 2, 64, 65, 42, 1, 2.23%, 0, 1, 3, 1.14, 131882, 1463
1349, 2, 64, 65, 42, 1, 2.23%, 0, 1, 3, 1.14, 131888, 1463
1354, 2, 64, 65, 42, 1, 2.23%, 0, 1, 3, 1.14, 131894, 1463
1360, 2, 64, 65, 42, 1, 2.23%, 0, 1, 3, 1.14, 131900, 1463
1365, 2, 64, 65, 42, 1, 2.23%, 0, 1, 3, 1.14, 131906, 1463
1370, 2, 64, 65, 42, 1, 2.23%, 0, 1, 3, 1.14, 131912, 1463
1375, 2, 64, 65, 42, 1, 2.23%, 0, 1, 3, 1.14, 131918, 1463
1381, 2, 64, 65, 42, 1, 2.23%, 0, 1, 3, 1.14, 131924, 1463
1386, 2, 64, 65, 42, 1, 2.23%, 0, 1, 3, 1.14, 131930, 1463
1391, 2, 64, 65, 42, 1, 2.23%, 0, 1, 3, 1.14, 131936, 1463
1397, 2, 64, 65, 42, 1, 2.23%, 0, 1, 3, 1.13, 131942, 1463
1402, 2, 64, 65, 42, 1, 2.23%, 0, 1, 3, 1.13, 131948, 1463
1407, 2, 64, 65, 42, 1, 2.23%, 0, 1, 3, 1.13, 131954, 1463
1413, 2, 64, 65, 42, 1, 2.23%, 0, 1, 3, 1.13, 131960, 1463
1418, 2, 64, 65, 42, 1, 2.23%, 0, 1, 3, 1.13, 131966, 1463
1423, 2, 64, 65, 42, 1, 2.23%, 0, 1, 3, 1.13, 131972, 1463
1429, 2, 64, 65, 42, 1, 2.23%, 0, 1, 3, 1.13, 131978, 1463
1434, 2, 64, 65, 42, 1, 2.23%, 0, 1, 3, 1.13, 131984, 1463
1439, 2, 64, 65, 42, 1, 2.23%, 0, 1, 3, 1.13, 131990, 1463
1445, 2, 64, 65, 42, 1, 2.23%, 0, 1, 3, 1.13, 131996, 1463
1450, 2, 64, 65, 42, 1, 2.23%, 0, 1, 3, 1.13, 132002, 1463
1455, 2, 64, 65, 42, 1, 2.23%, 0, 1, 3, 1.13, 132008, 1463
1461, 2, 64, 65, 42, 1, 2.23%, 0, 1, 3, 1.12, 132014, 1463
1466, 2, 64, 65, 42, 1, 2.23%, 0, 1, 3, 1.18, 132021, 1463
1471, 2, 64, 65, 42, 1, 2.23%, 0, 1, 3, 1.17, 132027, 1463
1476, 2, 64, 65, 42, 1, 2.23%, 0, 1, 3, 1.16, 132033, 1463
1482, 2, 64, 65, 42, 1, 2.23%, 0, 1, 3, 1.15, 132039, 1463
1487, 2, 64, 65, 42, 1, 2.23%, 0, 1, 3, 1.15, 132045, 1463
1492, 2, 64, 65, 42, 1, 2.23%, 0, 1, 3, 1.14, 132051, 1463
1497, 2, 64, 65, 42, 1, 2.23%, 0, 1, 3, 1.14, 132057, 1463
1503, 2, 64, 65, 42, 1, 2.23%, 0, 1, 3, 1.14, 132063, 1463
1508, 2, 64, 65, 42, 1, 2.23%, 0, 1, 3, 1.14, 132069, 1463
1513, 2, 64, 65, 42, 1, 2.23%, 0, 1, 3, 1.14, 132075, 1463
1519, 2, 64, 65, 42, 1, 2.23%, 0, 1, 3, 1.14, 132081, 1463
1524, 2, 64, 65, 42, 1, 2.23%, 0, 1, 3, 1.13, 132087, 1463
1529, 2, 64, 65, 42, 1, 2.23%, 0, 1, 3, 1.13, 132093, 1463
1535, 2, 64, 65, 42, 1, 2.23%, 0, 1, 3, 1.13, 132099, 1463
1540, 2, 64, 65, 42, 1, 2.23%, 0, 1, 3, 1.13, 132105, 1463
1545, 2, 64, 65, 42, 1, 2.23%, 0, 1, 3, 1.13, 132111, 1463
1550, 2, 64, 65, 42, 1, 2.23%, 0, 1, 3, 1.13, 132117, 1463
1556, 2, 64, 65, 42, 1, 2.23%, 0, 1, 3, 1.14, 132123, 1463
1561, 2, 64, 65, 42, 1, 2.23%, 0, 1, 3, 1.14, 132129, 1463
1566, 2, 64, 65, 42, 1, 2.23%, 0, 1, 3, 1.14, 132135, 1463
1572, 2, 64, 65, 42, 1, 2.23%, 0, 1, 3, 1.14, 132141, 1463
1577, 2, 64, 65, 42, 1, 2.23%, 0, 1, 3, 1.14, 132147, 1463
1582, 2, 64, 65, 42, 1, 2.23%, 0, 1, 3, 1.14, 132153, 1463
1587, 2, 64, 65, 42, 1, 2.23%, 0, 1, 3, 1.13, 132159, 1463
1593, 2, 64, 65, 42, 1, 2.23%, 0, 1, 3, 1.13, 132165, 1463
1598, 2, 64, 65, 42, 1, 2.23%, 0, 1, 3, 1.13, 132171, 1463
1603, 2, 64, 65, 42, 1, 2.23%, 0, 1, 3, 1.14, 132177, 1463
1609, 2, 64, 65, 42, 1, 2.23%, 0, 1, 3, 1.13, 132183, 1463
1614, 2, 64, 65, 42, 1, 2.23%, 0, 1, 3, 1.13, 132189, 1463
1619, 2, 64, 65, 42, 1, 2.23%, 0, 1, 3, 1.14, 132195, 1463
1624, 2, 64, 65, 42, 1, 2.23%, 0, 1, 3, 1.13, 132201, 1463
1630, 2, 64, 65, 42, 1, 2.23%, 0, 1, 3, 1.13, 132207, 1463
1635, 2, 64, 65, 42, 1, 2.23%, 0, 1, 3, 1.14, 132213, 1463
1640, 2, 64, 65, 42, 1, 2.23%, 0, 1, 3, 1.14, 132219, 1463
1645, 2, 64, 65, 42, 1, 2.23%, 0, 1, 3, 1.14, 132225, 1463
1651, 2, 64, 65, 42, 1, 2.23%, 0, 1, 3, 1.14, 132231, 1463
1656, 2, 64, 65, 42, 1, 2.23%, 0, 1, 3, 1.13, 132237, 1463
1661, 2, 64, 65, 42, 1, 2.23%, 0, 1, 3, 1.13, 132243, 1463
1667, 2, 64, 65, 42, 1, 2.23%, 0, 1, 3, 1.14, 132249, 1463
1672, 2, 64, 65, 42, 1, 2.23%, 0, 1, 3, 1.14, 132255, 1463
1677, 2, 64, 65, 42, 1, 2.23%, 0, 1, 3, 1.14, 132261, 1463
1682, 2, 64, 65, 42, 1, 2.23%, 0, 1, 3, 1.14, 132267, 1463
1688, 2, 64, 65, 42, 1, 2.23%, 0, 1, 3, 1.14, 132273, 1463
1693, 2, 64, 65, 42, 1, 2.23%, 0, 1, 3, 1.14, 132279, 1463
1698, 2, 64, 65, 42, 1, 2.23%, 0, 1, 3, 1.14, 132285, 1463
1704, 2, 64, 65, 42, 1, 2.23%, 0, 1, 3, 1.14, 132291, 1463
1709, 2, 64, 65, 42, 1, 2.23%, 0, 1, 3, 1.14, 132297, 1463
1714, 2, 64, 65, 42, 1, 2.23%, 0, 1, 3, 1.14, 132303, 1463
1719, 2, 64, 65, 42, 1, 2.23%, 0, 1, 3, 1.14, 132309, 1463
1725, 2, 64, 65, 42, 1, 2.23%, 0, 1, 3, 1.14, 132315, 1463
1730, 2, 64, 65, 42, 1, 2.23%, 0, 1, 3, 1.14, 132321, 1463
1735, 2, 64, 65, 42, 1, 2.23%, 0, 1, 3, 1.14, 132327, 1463
1740, 2, 64, 65, 42, 1, 2.23%, 0, 1, 3, 1.14, 132333, 1463
1746, 2, 64, 65, 42, 1, 2.23%, 0, 1, 3, 1.14, 132339, 1463
1751, 2, 64, 65, 42, 1, 2.23%, 0, 1, 3, 1.14, 132345, 1463
1756, 2, 64, 65, 42, 1, 2.23%, 0, 1, 3, 1.14, 132351, 1463
1761, 2, 64, 65, 42, 1, 2.23%, 0, 1, 3, 1.14, 132357, 1463
1767, 2, 64, 65, 42, 1, 2.23%, 0, 1, 3, 1.20, 132364, 1463
1772, 2, 64, 65, 42, 1, 2.23%, 0, 1, 3, 1.18, 132370, 1463
1777, 2, 64, 65, 42, 1, 2.23%, 0, 1, 3, 1.17, 132376, 1463
1782, 2, 64, 65, 42, 1, 2.23%, 0, 1, 3, 1.16, 132382, 1463
1788, 2, 64, 65, 42, 1, 2.23%, 0, 1, 3, 1.15, 132388, 1463
1793, 2, 64, 65, 42, 1, 2.23%, 0, 1, 3, 1.15, 132394, 1463
1798, 2, 64, 65, 42, 1, 2.23%, 0, 1, 3, 1.15, 132400, 1463
1803, 2, 64, 65, 42, 1, 2.23%, 0, 1, 3, 1.15, 132406, 1463
1809, 2, 64, 65, 42, 1, 2.23%, 0, 1, 3, 1.15, 132412, 1463
1814, 2, 64, 65, 42, 1, 2.23%, 0, 1, 3, 1.15, 132418, 1463
1819, 2, 64, 65, 42, 1, 2.23%, 0, 1, 3, 1.15, 132424, 1463
1824, 2, 64, 65, 42, 1, 2.23%, 0, 1, 3, 1.15, 132430, 1463
1830, 2, 64, 65, 42, 1, 2.23%, 0, 1, 3, 1.14, 132436, 1463
1835, 2, 64, 65, 42, 1, 2.23%, 0, 1, 3, 1.14, 132442, 1463
1840, 2, 64, 65, 42, 1, 2.23%, 0, 1, 3, 1.14, 132448, 1463
1845, 2, 64, 65, 42, 1, 2.23%, 0, 1, 3, 1.14, 132454, 1463
1851, 2, 64, 65, 42, 1, 2.23%, 0, 1, 3, 1.14, 132460, 1463
1856, 2, 64, 65, 42, 1, 2.23%, 0, 1, 3, 1.14, 132466, 1463
1861, 2, 64, 65, 42, 1, 2.23%, 0, 1, 3, 1.14, 132472, 1463
1866, 2, 64, 65, 42, 1, 2.23%, 0, 1, 3, 1.14, 132478, 1463
1872, 2, 64, 65, 42, 1, 2.23%, 0, 1, 3, 1.14, 132484, 1463
1877, 2, 64, 65, 42, 1, 2.23%, 0, 1, 3, 1.14, 132490, 1463
1882, 2, 64, 65, 42, 1, 2.23%, 0, 1, 3, 1.15, 132496, 1463
1887, 2, 64, 65, 42, 1, 2.23%, 0, 1, 3, 1.15, 132502, 1463
1892, 2, 64, 65, 42, 1, 2.23%, 0, 1, 3, 1.15, 132508, 1463
1898, 2, 64, 65, 42, 1, 2.23%, 0, 1, 3, 1.15, 132514, 1463
1903, 2, 64, 65, 42, 1, 2.23%, 0, 1, 3, 1.15, 132520, 1463
1908, 2, 64, 65, 42, 1, 2.23%, 0, 1, 3, 1.15, 132526, 1463
1913, 2, 64, 65, 42, 1, 2.23%, 0, 1, 3, 1.15, 132532, 1463
1919, 2, 64, 65, 42, 1, 2.23%, 0, 1, 3, 1.14, 132538, 1463
1924, 2, 64, 65, 42, 1, 2.23%, 0, 1, 3, 1.15, 132544, 1463
1929, 2, 64, 65, 42, 1, 2.23%, 0, 1, 3, 1.15, 132550, 1463
1934, 2, 64, 65, 42, 1, 2.23%, 0, 1, 3, 1.15, 132556, 1463
1940, 2, 64, 65, 42, 1, 2.23%, 0, 1, 3, 1.14, 132562, 1463
1945, 2, 64, 65, 42, 1, 2.23%, 0, 1, 3, 1.14, 132568, 1463
1950, 2, 64, 65, 42, 1, 2.23%, 0, 1, 3, 1.14, 132574, 1463
1955, 2, 64, 65, 42, 1, 2.23%, 0, 1, 3, 1.14, 132580, 1463
1961, 2, 64, 65, 42, 1, 2.23%, 0, 1, 3, 1.14, 132586, 1463
1966, 2, 64, 65, 42, 1, 2.23%, 0, 1, 3, 1.14, 132592, 1463
1971, 2, 64, 65, 42, 1, 2.23%, 0, 1, 3, 1.14, 132598, 1463
1976, 2, 64, 65, 42, 1, 2.23%, 0, 1, 3, 1.14, 132604, 1463
1982, 2, 64, 65, 42, 1, 2.23%, 0, 1, 3, 1.14, 132610, 1463
1987, 2, 64, 65, 42, 1, 2.23%, 0, 1, 3, 1.14, 132616, 1463
1992, 2, 64, 65, 42, 1, 2.23%, 0, 1, 3, 1.14, 132622, 1463
1997, 2, 64, 65, 42, 1, 2.23%, 0, 1, 3, 1.14, 132628, 1463
2003, 2, 64, 65, 42, 1, 2.23%, 0, 1, 3, 1.15, 132634, 1463
2008, 2, 64, 65, 42, 1, 2.23%, 0, 1, 3, 1.15, 132640, 1463
2013, 2, 64, 65, 42, 1, 2.23%, 0, 1, 3, 1.15, 132646, 1463
2018, 2, 64, 65, 42, 1, 2.23%, 0, 1, 3, 1.14, 132652, 1463
2024, 2, 64, 65, 42, 1, 2.23%, 0, 1, 3, 1.14, 132658, 1463
2029, 2, 64, 65, 42, 1, 2.23%, 0, 1, 3, 1.14, 132664, 1463
2034, 2, 64, 65, 42, 1, 2.23%, 0, 1, 3, 1.14, 132670, 1463
2039, 2, 64, 65, 42, 1, 2.23%, 0, 1, 3, 1.15, 132676, 1463
2045, 2, 64, 65, 42, 1, 2.23%, 0, 1, 3, 1.14, 132682, 1463
2050, 2, 64, 65, 42, 1, 2.23%, 0, 1, 3, 1.14, 132688, 1463
2055, 2, 64, 65, 42, 1, 2.23%, 0, 1, 3, 1.14, 132694, 1463
2060, 2, 64, 65, 42, 1, 2.23%, 0, 1, 3, 1.14, 132700, 1463
2066, 2, 64, 65, 42, 1, 2.23%, 0, 1, 3, 1.14, 132706, 1463
2071, 2, 64, 65, 42, 1, 2.23%, 0, 1, 3, 1.14, 132712, 1463
2076, 2, 64, 65, 42, 1, 2.23%, 0, 1, 3, 1.14, 132718, 1463
2081, 2, 64, 65, 42, 1, 2.23%, 0, 1, 3, 1.14, 132724, 1463
2087, 2, 64, 65, 42, 1, 2.23%, 0, 1, 3, 1.14, 132730, 1463
2092, 2, 64, 65, 42, 1, 2.23%, 0, 1, 3, 1.14, 132736, 1463
2097, 2, 64, 65, 42, 1, 2.23%, 0, 1, 3, 1.14, 132742, 1463
2102, 2, 64, 65, 42, 1, 2.23%, 0, 1, 3, 1.14, 132748, 1463
2108, 2, 64, 65, 42, 1, 2.23%, 0, 1, 3, 1.15, 132754, 1463
2113, 2, 64, 65, 42, 1, 2.23%, 0, 1, 3, 1.14, 132760, 1463
2118, 2, 64, 65, 42, 1, 2.23%, 0, 1, 3, 1.14, 132766, 1463
2123, 2, 64, 65, 42, 1, 2.23%, 0, 1, 3, 1.14, 132772, 1463
2129, 2, 64, 65, 42, 1, 2.23%, 0, 1, 3, 1.14, 132778, 1463
2134, 2, 64, 65, 42, 1, 2.23%, 0, 1, 3, 1.14, 132784, 1463
2139, 2, 64, 65, 42, 1, 2.23%, 0, 1, 3, 1.14, 132790, 1463
2144, 2, 64, 65, 42, 1, 2.23%, 0, 1, 3, 1.14, 132796, 1463
2150, 2, 64, 65, 42, 1, 2.23%, 0, 1, 3, 1.14, 132802, 1463
2155, 2, 64, 65, 42, 1, 2.23%, 0, 1, 3, 1.14, 132808, 1463
2160, 2, 64, 65, 42, 1, 2.23%, 0, 1, 3, 1.15, 132814, 1463
2165, 2, 64, 65, 42, 1, 2.23%, 0, 1, 3, 1.15, 132820, 1463
2170, 2, 64, 65, 42, 1, 2.23%, 0, 1, 3, 1.15, 132826, 1463
2176, 2, 64, 65, 42, 1, 2.23%, 0, 1, 3, 1.14, 132832, 1463
2181, 2, 64, 65, 42, 1, 2.23%, 0, 1, 3, 1.14, 132838, 1463
2186, 2, 64, 65, 42, 1, 2.23%, 0, 1, 3, 1.14, 132844, 1463
2192, 2, 64, 65, 42, 1, 2.23%, 0, 1, 3, 1.14, 132850, 1463
2197, 2, 64, 65, 42, 1, 2.23%, 0, 1, 3, 1.14, 132856, 1463
2202, 2, 64, 65, 42, 1, 2.23%, 0, 1, 3, 1.14, 132862, 1463
2207, 2, 64, 65, 42, 1, 2.23%, 0, 1, 3, 1.14, 132868, 1463
2212, 2, 64, 65, 42, 1, 2.23%, 0, 1, 3, 1.14, 132874, 1463
2218, 2, 64, 65, 42, 1, 2.23%, 0, 1, 3, 1.15, 132880, 1463
2223, 2, 64, 65, 42, 1, 2.23%, 0, 1, 3, 1.15, 132886, 1463
2228, 2, 64, 65, 42, 1, 2.23%, 0, 1, 3, 1.15, 132892, 1463
2233, 2, 64, 65, 42, 1, 2.23%, 0, 1, 3, 1.15, 132898, 1463
2239, 2, 64, 65, 42, 1, 2.23%, 0, 1, 3, 1.15, 132904, 1463
2244, 2, 64, 65, 42, 1, 2.23%, 0, 1, 3, 1.14, 132910, 1463
2249, 2, 64, 65, 42, 1, 2.23%, 0, 1, 3, 1.14, 132916, 1463
2254, 2, 64, 65, 42, 1, 2.23%, 0, 1, 3, 1.14, 132922, 1463
2260, 2, 64, 65, 42, 1, 2.23%, 0, 1, 3, 1.14, 132928, 1463
2265, 2, 64, 65, 42, 1, 2.23%, 0, 1, 3, 1.14, 132934, 1463
2270, 2, 64, 65, 42, 1, 2.23%, 0, 1, 3, 1.14, 132940, 1463
2275, 2, 64, 65, 42, 1, 2.23%, 0, 1, 3, 1.14, 132946, 1463
2281, 2, 64, 65, 42, 1, 2.23%, 0, 1, 3, 1.14, 132952, 1463
2286, 2, 64, 65, 42, 1, 2.23%, 0, 1, 3, 1.14, 132958, 1463
2291, 2, 64, 65, 42, 1, 2.23%, 0, 1, 3, 1.14, 132964, 1463
2296, 2, 64, 65, 42, 1, 2.23%, 0, 1, 3, 1.14, 132970, 1463
2302, 2, 64, 65, 42, 1, 2.23%, 0, 1, 3, 1.14, 132976, 1463
2307, 2, 64, 65, 42, 1, 2.23%, 0, 1, 3, 1.14, 132982, 1463
2312, 2, 64, 65, 42, 1, 2.23%, 0, 1, 3, 1.14, 132988, 1463
2317, 2, 64, 65, 42, 1, 2.23%, 0, 1, 3, 1.14, 132994, 1463
2323, 2, 64, 65, 42, 1, 2.23%, 0, 1, 3, 1.14, 133000, 1463
2328, 2, 64, 65, 42, 1, 2.23%, 0, 1, 3, 1.15, 133006, 1463
2333, 2, 64, 65, 42, 1, 2.23%, 0, 1, 3, 1.14, 133012, 1463
2338, 2, 64, 65, 42, 1, 2.23%, 0, 1, 3, 1.14, 133018, 1463
2344, 2, 64, 65, 42, 1, 2.23%, 0, 1, 3, 1.14, 133024, 1463
2349, 2, 64, 65, 42, 1, 2.23%, 0, 1, 3, 1.14, 133030, 1463
2354, 2, 64, 65, 42, 1, 2.23%, 0, 1, 3, 1.14, 133036, 1463
2359, 2, 64, 65, 42, 1, 2.23%, 0, 1, 3, 1.15, 133042, 1463
2364, 2, 64, 65, 42, 1, 2.23%, 0, 1, 3, 1.22, 133049, 1463
2370, 2, 64, 65, 42, 1, 2.23%, 0, 2, 3, 1.35, 133056, 1463
2375, 2, 64, 65, 42, 1, 2.23%, 0, 2, 3, 1.30, 133062, 1463
2380, 2, 64, 65, 42, 1, 2.23%, 0, 2, 3, 1.25, 133068, 1463
2385, 2, 64, 65, 42, 1, 2.23%, 0, 2, 3, 1.22, 133074, 1463
2391, 2, 64, 65, 42, 1, 2.23%, 0, 2, 3, 1.25, 133081, 1463
2399, 2, 64, 66, 43, 1, 2.23%, 0, 2, 4, 1.24, 133090, 1463
2405, 2, 64, 66, 43, 1, 2.23%, 0, 2, 4, 1.30, 133097, 1463
2410, 2, 64, 66, 43, 1, 2.23%, 0, 2, 4, 1.26, 133103, 1463
2415, 2, 64, 66, 43, 1, 2.23%, 0, 2, 4, 1.50, 133113, 1463
2420, 2, 64, 66, 43, 1, 2.23%, 0, 2, 4, 1.39, 133119, 1463
2426, 2, 64, 66, 43, 1, 2.23%, 0, 2, 4, 1.48, 133126, 1463
2431, 2, 64, 66, 43, 1, 2.23%, 0, 2, 4, 1.46, 133133, 1463
2436, 2, 64, 66, 43, 1, 2.23%, 0, 2, 4, 1.36, 133139, 1463
2442, 2, 64, 66, 43, 1, 2.23%, 0, 2, 4, 1.42, 133147, 1463
2447, 2, 64, 66, 43, 1, 2.23%, 0, 2, 4, 1.57, 133155, 1463
2453, 2, 64, 66, 43, 1, 2.23%, 0, 2, 4, 1.60, 133163, 1463
2458, 2, 64, 66, 43, 1, 2.23%, 0, 2, 4, 1.50, 133170, 1463
2463, 2, 64, 66, 43, 1, 2.23%, 0, 2, 4, 1.64, 133178, 1463
2469, 2, 64, 66, 43, 1, 2.23%, 0, 2, 4, 1.51, 133185, 1463
2474, 2, 64, 66, 43, 1, 2.23%, 0, 2, 4, 1.53, 133192, 1463
2479, 2, 64, 66, 43, 1, 2.23%, 0, 2, 4, 1.74, 133200, 1463
2484, 2, 64, 66, 43, 1, 2.23%, 0, 2, 4, 1.63, 133207, 1463
2489, 2, 64, 66, 43, 1, 2.23%, 0, 2, 4, 1.48, 133213, 1463
2495, 2, 64, 66, 43, 1, 2.23%, 0, 2, 4, 1.39, 133220, 1463
2500, 2, 64, 66, 43, 1, 2.23%, 0, 2, 4, 1.31, 133226, 1463
2506, 2, 64, 66, 43, 1, 2.23%, 0, 2, 4, 1.25, 133232, 1463
2511, 2, 64, 66, 43, 1, 2.23%, 0, 2, 4, 23.33, 133341, 1463
2516, 2, 4, 66, 42, 0, 2.23%, 0, 2, 4, 188.32, 134317, 1463
2521, 2, 4, 66, 42, 0, 2.23%, 0, 2, 4, 211.90, 135310, 1463
2533, 2, 4, 67, 43, 0, 2.23%, 0, 2, 4, 4.75, 136071, 1463
2538, 2, 4, 68, 44, 0, 2.23%, 0, 2, 4, 4.12, 136084, 1463
2543, 2, 4, 68, 44, 0, 2.23%, 0, 2, 4, 3.26, 136092, 1463
2548, 2, 4, 68, 44, 0, 2.23%, 0, 2, 4, 2.59, 136099, 1463
2554, 2, 4, 68, 44, 0, 2.23%, 0, 2, 4, 2.13, 136106, 1463
2559, 2, 4, 68, 44, 0, 2.23%, 0, 2, 4, 1.97, 136113, 1463
2564, 2, 4, 68, 44, 0, 2.23%, 0, 2, 4, 1.78, 136121, 1463
2570, 2, 4, 68, 44, 0, 2.23%, 0, 2, 4, 1.98, 136131, 1463
2575, 2, 4, 68, 44, 0, 2.23%, 0, 2, 4, 1.80, 136139, 1463
2580, 2, 4, 68, 44, 0, 2.23%, 0, 2, 4, 1.70, 136146, 1463
2586, 2, 4, 68, 44, 0, 2.23%, 0, 2, 4, 1.81, 136155, 1463
2597, 2, 4, 69, 45, 0, 2.23%, 0, 2, 4, 1.63, 136170, 1463
2603, 2, 4, 69, 45, 0, 2.23%, 0, 2, 4, 1.65, 136178, 1463
2608, 2, 4, 69, 45, 0, 2.23%, 0, 2, 4, 1.40, 136186, 1463
2614, 2, 4, 69, 45, 0, 2.23%, 0, 2, 4, 1.37, 136193, 1463
2619, 2, 4, 69, 45, 0, 2.23%, 0, 2, 4, 1.34, 136200, 1463
2625, 2, 4, 69, 45, 0, 2.23%, 0, 2, 4, 1.41, 136208, 1463
2637, 2, 4, 70, 46, 0, 2.23%, 0, 2, 4, 1.38, 136223, 1463
2643, 2, 4, 70, 46, 0, 2.23%, 0, 2, 4, 1.58, 136233, 1463
2648, 2, 4, 70, 46, 0, 2.23%, 0, 2, 4, 1.56, 136240, 1463
2653, 2, 4, 70, 46, 0, 2.23%, 0, 2, 4, 1.52, 136247, 1463
2658, 2, 4, 70, 46, 0, 2.23%, 0, 2, 4, 1.53, 136254, 1463
2664, 2, 4, 70, 46, 0, 2.23%, 0, 2, 4, 1.56, 136262, 1463
2669, 2, 4, 70, 46, 0, 2.23%, 0, 2, 4, 1.63, 136269, 1463
2675, 2, 4, 70, 46, 0, 2.23%, 0, 2, 4, 1.60, 136278, 1463
2680, 2, 4, 70, 46, 0, 2.23%, 0, 2, 4, 1.47, 136284, 1463
2686, 2, 4, 70, 46, 0, 2.23%, 0, 2, 4, 1.37, 136291, 1463
2691, 2, 4, 70, 46, 0, 2.23%, 0, 2, 4, 1.31, 136297, 1463
2697, 2, 4, 70, 46, 0, 2.23%, 0, 2, 4, 1.37, 136305, 1463
2702, 2, 4, 70, 46, 0, 2.23%, 0, 2, 4, 1.56, 136314, 1463
2707, 2, 4, 70, 46, 0, 2.23%, 0, 2, 4, 1.49, 136321, 1463
2713, 2, 4, 70, 46, 0, 2.23%, 0, 2, 4, 1.43, 136328, 1463
2718, 2, 4, 70, 46, 0, 2.23%, 0, 2, 4, 1.47, 136336, 1463
2724, 2, 4, 70, 46, 0, 2.23%, 0, 2, 4, 1.40, 136343, 1463
2729, 2, 4, 70, 46, 0, 2.23%, 0, 2, 4, 1.39, 136350, 1463
2734, 2, 4, 70, 46, 0, 2.23%, 0, 2, 4, 1.42, 136357, 1463
2740, 2, 4, 70, 46, 0, 2.23%, 0, 2, 4, 1.52, 136365, 1463
2745, 2, 4, 70, 46, 0, 2.23%, 0, 2, 4, 1.73, 136374, 1463
2750, 2, 4, 70, 46, 0, 2.23%, 0, 2, 4, 1.70, 136382, 1463
2756, 2, 4, 70, 46, 0, 2.23%, 0, 2, 4, 1.61, 136390, 1463
2761, 2, 4, 70, 46, 0, 2.23%, 0, 2, 4, 1.57, 136397, 1463
2766, 2, 4, 70, 46, 0, 2.23%, 0, 2, 4, 1.53, 136404, 1463
2772, 2, 4, 70, 46, 0, 2.23%, 0, 2, 4, 1.54, 136413, 1463
2778, 2, 4, 70, 46, 0, 2.23%, 0, 2, 4, 1.65, 136421, 1463
2783, 2, 4, 70, 46, 0, 2.23%, 0, 2, 4, 1.53, 136428, 1463
2789, 2, 4, 70, 46, 0, 2.23%, 0, 2, 4, 1.94, 136439, 1463
2794, 2, 4, 70, 46, 0, 2.23%, 0, 2, 4, 1.76, 136446, 1463
2800, 2, 4, 70, 46, 0, 2.23%, 0, 2, 4, 1.62, 136454, 1463
2805, 2, 4, 70, 46, 0, 2.23%, 0, 2, 4, 1.97, 136465, 1463
2811, 2, 4, 70, 46, 0, 2.23%, 0, 2, 4, 1.71, 136471, 1463
2816, 2, 4, 70, 46, 0, 2.23%, 0, 2, 4, 1.66, 136480, 1463
2822, 2, 4, 70, 46, 0, 2.23%, 0, 2, 4, 1.72, 136489, 1463
2828, 2, 4, 70, 46, 0, 2.23%, 0, 2, 4, 1.55, 136496, 1463
2833, 2, 4, 70, 46, 0, 2.23%, 0, 2, 4, 1.62, 136503, 1463
2839, 2, 4, 70, 46, 0, 2.23%, 0, 2, 4, 1.66, 136511, 1463
2844, 2, 4, 70, 46, 0, 2.23%, 0, 2, 4, 1.51, 136518, 1463
2850, 2, 4, 70, 46, 0, 2.23%, 0, 2, 4, 1.48, 136525, 1463
2855, 2, 4, 70, 46, 0, 2.23%, 0, 2, 4, 1.66, 136533, 1463
2861, 2, 4, 70, 46, 0, 2.23%, 0, 2, 4, 1.54, 136541, 1463
2866, 2, 4, 70, 46, 0, 2.23%, 0, 2, 4, 1.48, 136548, 1463
2872, 2, 4, 70, 46, 0, 2.23%, 0, 2, 4, 1.42, 136555, 1463
2878, 2, 4, 70, 46, 0, 2.23%, 0, 2, 4, 1.54, 136564, 1463
2883, 2, 4, 70, 46, 0, 2.23%, 0, 2, 4, 1.85, 136573, 1463
2888, 2, 4, 70, 46, 0, 2.23%, 0, 2, 4, 1.65, 136580, 1463
2894, 2, 4, 70, 46, 0, 2.23%, 0, 2, 4, 1.61, 136588, 1463
2899, 2, 4, 70, 46, 0, 2.23%, 0, 2, 4, 1.61, 136596, 1463
2904, 2, 4, 70, 46, 0, 2.23%, 0, 2, 4, 1.87, 136606, 1463
2910, 2, 4, 70, 46, 0, 2.23%, 0, 2, 4, 1.99, 136616, 1463
2915, 2, 4, 70, 46, 0, 2.23%, 0, 2, 4, 1.73, 136623, 1463
2921, 2, 4, 70, 46, 0, 2.23%, 0, 2, 4, 1.58, 136630, 1463
2926, 2, 4, 70, 46, 0, 2.23%, 0, 2, 4, 1.78, 136638, 1463
2931, 2, 4, 70, 46, 0, 2.23%, 0, 2, 4, 1.61, 136645, 1463
2937, 2, 4, 70, 46, 0, 2.23%, 0, 2, 4, 1.53, 136652, 1463
2943, 2, 4, 70, 46, 0, 2.23%, 0, 2, 4, 1.54, 136661, 1463
2948, 2, 4, 70, 46, 0, 2.23%, 0, 2, 4, 1.42, 136667, 1463
2954, 2, 4, 70, 46, 0, 2.23%, 0, 2, 4, 1.69, 136677, 1463
2959, 2, 4, 70, 46, 0, 2.23%, 0, 2, 4, 1.53, 136684, 1463
2965, 2, 4, 70, 46, 0, 2.23%, 0, 2, 4, 1.51, 136692, 1463
2970, 2, 4, 70, 46, 0, 2.23%, 0, 2, 4, 1.51, 136699, 1463
2975, 2, 4, 70, 46, 0, 2.23%, 0, 2, 4, 1.48, 136706, 1463
2980, 2, 4, 70, 46, 0, 2.23%, 0, 2, 4, 1.60, 136714, 1463
2986, 2, 4, 70, 46, 0, 2.23%, 0, 2, 4, 1.58, 136722, 1463
2991, 2, 4, 70, 46, 0, 2.23%, 0, 2, 4, 1.65, 136730, 1463
2996, 2, 4, 70, 46, 0, 2.23%, 0, 2, 4, 1.56, 136737, 1463
3001, 2, 4, 70, 46, 0, 2.23%, 0, 2, 4, 1.44, 136743, 1463
3006, 2, 4, 70, 46, 0, 2.23%, 0, 2, 4, 1.42, 136750, 1463
3011, 2, 4, 70, 46, 0, 2.23%, 0, 2, 4, 1.41, 136757, 1463
3016, 2, 4, 70, 46, 0, 2.23%, 0, 2, 4, 1.34, 136763, 1463
3022, 2, 4, 70, 46, 0, 2.23%, 0, 2, 4, 1.55, 136771, 1463
3027, 2, 4, 70, 46, 0, 2.23%, 0, 2, 4, 1.65, 136779, 1463
3032, 2, 4, 70, 46, 0, 2.23%, 0, 2, 4, 1.61, 136787, 1463
3037, 2, 4, 70, 46, 0, 2.23%, 0, 2, 4, 1.63, 136794, 1463
3042, 2, 4, 70, 46, 0, 2.23%, 0, 2, 4, 1.67, 136802, 1463
3048, 2, 4, 70, 46, 0, 2.23%, 0, 2, 4, 1.77, 136811, 1463
3053, 2, 4, 70, 46, 0, 2.23%, 0, 2, 4, 1.60, 136817, 1463
3058, 2, 4, 70, 46, 0, 2.23%, 0, 2, 4, 1.53, 136824, 1463
3063, 2, 4, 70, 46, 0, 2.23%, 0, 2, 4, 1.55, 136832, 1463
3069, 2, 4, 70, 46, 0, 2.23%, 0, 2, 4, 1.44, 136839, 1463
3074, 2, 4, 70, 46, 0, 2.23%, 0, 2, 4, 1.16, 136847, 1463
3079, 2, 4, 70, 46, 0, 2.23%, 0, 2, 4, 1.44, 136855, 1463
3085, 2, 4, 70, 46, 0, 2.23%, 0, 2, 4, 1.55, 136863, 1463
3090, 2, 4, 70, 46, 0, 2.23%, 0, 2, 4, 1.43, 136869, 1463
3095, 2, 4, 70, 46, 0, 2.23%, 0, 2, 4, 1.55, 136878, 1463
3100, 2, 4, 70, 46, 0, 2.23%, 0, 2, 4, 1.59, 136885, 1463
3106, 2, 4, 70, 46, 0, 2.23%, 0, 2, 4, 6.77, 136896, 1463
3111, 2, 4, 70, 46, 0, 2.23%, 0, 2, 4, 1.17, 136904, 1463
3117, 2, 4, 70, 46, 0, 2.23%, 0, 2, 4, 1.20, 136911, 1463
3123, 2, 4, 70, 46, 0, 2.23%, 0, 2, 4, 1.24, 136918, 1463
3128, 2, 4, 70, 46, 0, 2.23%, 0, 2, 4, 1.34, 136926, 1463
3133, 2, 4, 70, 46, 0, 2.23%, 0, 2, 4, 1.43, 136934, 1463
3138, 2, 4, 70, 46, 0, 2.23%, 0, 2, 4, 1.53, 136941, 1463
3144, 2, 4, 70, 46, 0, 2.23%, 0, 2, 4, 1.52, 136949, 1463
3150, 2, 4, 70, 46, 0, 2.23%, 0, 2, 4, 1.60, 136957, 1463
3155, 2, 4, 70, 46, 0, 2.23%, 0, 2, 4, 1.49, 136964, 1463
3161, 2, 4, 70, 46, 0, 2.23%, 0, 2, 4, 1.67, 136973, 1463
3166, 2, 4, 70, 46, 0, 2.23%, 0, 2, 4, 1.52, 136979, 1463
3171, 2, 4, 70, 46, 0, 2.23%, 0, 2, 4, 1.51, 136986, 1463
3177, 2, 4, 70, 46, 0, 2.23%, 0, 2, 4, 1.57, 136994, 1463
3182, 2, 4, 70, 46, 0, 2.23%, 0, 2, 4, 1.51, 137001, 1463
3187, 2, 4, 70, 46, 0, 2.23%, 0, 2, 4, 1.50, 137008, 1463
3192, 2, 4, 70, 46, 0, 2.23%, 0, 2, 4, 1.51, 137016, 1463
3198, 2, 4, 70, 46, 0, 2.23%, 0, 2, 4, 1.72, 137025, 1463
3203, 2, 4, 70, 46, 0, 2.23%, 0, 2, 4, 1.65, 137033, 1463
3209, 2, 4, 70, 46, 0, 2.23%, 0, 2, 4, 1.56, 137040, 1463
3214, 2, 4, 70, 46, 0, 2.23%, 0, 2, 4, 1.71, 137050, 1463
3219, 2, 4, 70, 46, 0, 2.23%, 0, 2, 4, 1.77, 137058, 1463
3225, 2, 4, 70, 46, 0, 2.23%, 0, 2, 4, 1.60, 137065, 1463
3230, 2, 4, 70, 46, 0, 2.23%, 0, 2, 4, 1.51, 137072, 1463
3235, 2, 4, 70, 46, 0, 2.23%, 0, 2, 4, 1.64, 137081, 1463
3240, 2, 4, 70, 46, 0, 2.23%, 0, 2, 4, 1.58, 137089, 1463
3246, 2, 4, 70, 46, 0, 2.23%, 0, 2, 4, 1.65, 137097, 1463
3251, 2, 4, 70, 46, 0, 2.23%, 0, 2, 4, 1.63, 137105, 1463
3257, 2, 4, 70, 46, 0, 2.23%, 0, 2, 4, 1.77, 137114, 1463
3262, 2, 4, 70, 46, 0, 2.23%, 0, 2, 4, 1.96, 137124, 1463
3268, 2, 4, 70, 46, 0, 2.23%, 0, 2, 4, 1.97, 137133, 1463
3273, 2, 4, 70, 46, 0, 2.23%, 0, 2, 4, 1.92, 137141, 1463
3279, 2, 4, 70, 46, 0, 2.23%, 0, 2, 4, 1.76, 137149, 1463
3284, 2, 4, 70, 46, 0, 2.23%, 0, 2, 4, 1.71, 137157, 1463
3289, 2, 4, 70, 46, 0, 2.23%, 0, 2, 4, 1.95, 137167, 1463
3294, 2, 4, 70, 46, 0, 2.23%, 0, 2, 4, 2.00, 137175, 1463
3300, 2, 4, 70, 46, 0, 2.23%, 0, 2, 4, 1.94, 137184, 1463
3305, 2, 4, 70, 46, 0, 2.23%, 0, 2, 4, 1.86, 137191, 1463
3311, 2, 4, 70, 46, 0, 2.23%, 0, 2, 4, 1.68, 137198, 1463
3316, 2, 4, 70, 46, 0, 2.23%, 0, 2, 4, 1.90, 137207, 1463
3322, 2, 4, 70, 46, 0, 2.23%, 0, 2, 4, 1.64, 137214, 1463
3327, 2, 4, 70, 46, 0, 2.23%, 0, 2, 4, 1.50, 137220, 1463
3332, 2, 4, 70, 46, 0, 2.23%, 0, 2, 4, 1.39, 137226, 1463
3338, 2, 4, 70, 46, 0, 2.23%, 0, 2, 4, 1.42, 137234, 1463
3343, 2, 4, 70, 46, 0, 2.23%, 0, 2, 4, 1.45, 137242, 1463
3348, 2, 4, 70, 46, 0, 2.23%, 0, 2, 4, 1.36, 137248, 1463
3354, 2, 4, 70, 46, 0, 2.23%, 0, 2, 4, 1.31, 137255, 1463
3359, 2, 4, 70, 46, 0, 2.23%, 0, 2, 4, 1.34, 137263, 1463
3365, 2, 4, 70, 46, 0, 2.23%, 0, 2, 4, 1.42, 137270, 1463
3370, 2, 4, 70, 46, 0, 2.23%, 0, 2, 4, 1.41, 137278, 1463
3376, 2, 4, 70, 46, 0, 2.23%, 0, 2, 4, 1.37, 137285, 1463
3382, 2, 4, 70, 46, 0, 2.23%, 0, 2, 4, 1.33, 137292, 1463
3388, 2, 4, 70, 46, 0, 2.23%, 0, 2, 4, 1.59, 137302, 1463
3393, 2, 4, 70, 46, 0, 2.23%, 0, 2, 4, 1.65, 137311, 1463
3399, 2, 4, 70, 46, 0, 2.23%, 0, 2, 4, 1.52, 137318, 1463
3405, 2, 4, 70, 46, 0, 2.23%, 0, 2, 4, 1.57, 137326, 1463
3410, 2, 4, 70, 46, 0, 2.23%, 0, 2, 4, 1.49, 137333, 1463
3415, 2, 4, 70, 46, 0, 2.23%, 0, 2, 4, 1.60, 137342, 1463
3421, 2, 4, 70, 46, 0, 2.23%, 0, 2, 4, 1.49, 137349, 1463
3427, 2, 4, 70, 46, 0, 2.23%, 0, 2, 4, 1.42, 137356, 1463
3432, 2, 4, 70, 46, 0, 2.23%, 0, 2, 4, 1.66, 137365, 1463
3438, 2, 4, 70, 46, 0, 2.23%, 0, 2, 4, 1.86, 137374, 1463
3443, 2, 4, 70, 46, 0, 2.23%, 0, 2, 4, 1.72, 137382, 1463
3449, 2, 4, 70, 46, 0, 2.23%, 0, 2, 4, 1.81, 137390, 1463
3454, 2, 4, 70, 46, 0, 2.23%, 0, 2, 4, 1.74, 137398, 1463
3460, 2, 4, 70, 46, 0, 2.23%, 0, 2, 4, 1.56, 137405, 1463
3466, 2, 4, 70, 46, 0, 2.23%, 0, 2, 4, 1.51, 137413, 1463
3471, 2, 4, 70, 46, 0, 2.23%, 0, 2, 4, 57.35, 137503, 1463
3476, 2, 4, 70, 46, 0, 2.23%, 0, 2, 4, 49.22, 137761, 1463
3481, 2, 4, 70, 46, 0, 2.23%, 0, 2, 4, 22.29, 137823, 1463
3486, 2, 4, 70, 46, 0, 2.23%, 0, 2, 4, 14.28, 137884, 1463
3491, 2, 4, 70, 46, 0, 2.23%, 0, 2, 4, 12.93, 137946, 1463
3496, 2, 4, 70, 46, 0, 2.23%, 0, 2, 4, 11.87, 138005, 1463
3502, 2, 4, 70, 46, 0, 2.23%, 0, 2, 4, 11.86, 138066, 1463
3507, 2, 4, 70, 46, 0, 2.23%, 0, 2, 4, 149.72, 138628, 1463
3512, 2, 4, 70, 46, 0, 2.23%, 0, 2, 4, 1.22, 138750, 1463
3518, 2, 4, 70, 46, 0, 2.23%, 0, 2, 4, 1.28, 138757, 1463
3523, 2, 4, 70, 46, 0, 2.23%, 0, 2, 4, 1.69, 138767, 1463
3528, 2, 4, 70, 46, 0, 2.23%, 0, 2, 4, 1.59, 138774, 1463
3534, 2, 4, 70, 46, 0, 2.23%, 0, 2, 4, 1.57, 138782, 1463
3540, 2, 4, 70, 46, 0, 2.23%, 0, 2, 4, 1.47, 138789, 1463
3545, 2, 4, 70, 46, 0, 2.23%, 0, 2, 4, 1.36, 138795, 1463
3550, 2, 4, 70, 46, 0, 2.23%, 0, 2, 4, 1.35, 138802, 1463
3556, 2, 4, 70, 46, 0, 2.23%, 0, 2, 4, 1.38, 138809, 1463
3561, 2, 4, 70, 46, 0, 2.23%, 0, 2, 4, 1.31, 138815, 1463
3567, 2, 4, 70, 46, 0, 2.23%, 0, 2, 4, 1.30, 138822, 1463
3572, 2, 4, 70, 46, 0, 2.23%, 0, 2, 4, 1.33, 138829, 1463
3577, 2, 4, 70, 46, 0, 2.23%, 0, 2, 4, 1.37, 138836, 1463
3583, 2, 4, 70, 46, 0, 2.23%, 0, 2, 4, 1.39, 138843, 1463
3588, 2, 4, 70, 46, 0, 2.23%, 0, 2, 4, 1.60, 138851, 1463
3593, 2, 4, 70, 46, 0, 2.23%, 0, 2, 4, 1.56, 138858, 1463
3599, 2, 4, 70, 46, 0, 2.23%, 0, 2, 4, 1.51, 138865, 1463
3604, 2, 4, 70, 46, 0, 2.23%, 0, 2, 4, 1.71, 138875, 1463
3610, 2, 4, 70, 46, 0, 2.23%, 0, 2, 4, 1.72, 138883, 1463
3615, 2, 4, 70, 46, 0, 2.23%, 0, 2, 4, 1.55, 138889, 1463
3621, 2, 4, 70, 46, 0, 2.23%, 0, 2, 4, 1.53, 138897, 1463
3626, 2, 4, 70, 46, 0, 2.23%, 0, 2, 4, 1.42, 138903, 1463
