# relative_time, cycles_done, cur_item, corpus_count, pending_total, pending_favs, map_size, saved_crashes, saved_hangs, max_depth, execs_per_sec, total_execs, edges_found
61, 0, 0, 9, 8, 1, 1.15%, 0, 0, 2, 206.11, 12446, 751
66, 0, 0, 9, 8, 1, 1.15%, 0, 0, 2, 209.15, 13502, 751
71, 0, 0, 9, 8, 1, 1.15%, 0, 0, 2, 209.52, 14554, 751
76, 0, 0, 9, 8, 1, 1.15%, 0, 0, 2, 207.66, 15590, 751
81, 0, 0, 9, 8, 1, 1.15%, 0, 0, 2, 205.95, 16626, 751
86, 0, 0, 24, 23, 1, 1.39%, 0, 0, 2, 186.47, 17555, 914
91, 0, 0, 26, 25, 1, 1.39%, 0, 0, 2, 184.33, 18510, 914
96, 0, 0, 27, 26, 1, 1.39%, 0, 0, 2, 184.61, 19445, 914
101, 0, 0, 29, 28, 1, 1.43%, 0, 0, 2, 184.18, 20400, 935
106, 0, 0, 29, 28, 1, 1.43%, 0, 0, 2, 186.78, 21369, 935
111, 0, 0, 30, 29, 1, 1.43%, 0, 0, 2, 183.64, 22286, 936
117, 0, 0, 30, 29, 1, 1.43%, 0, 0, 2, 183.50, 23240, 936
122, 0, 0, 32, 31, 1, 1.43%, 0, 0, 2, 182.26, 24195, 939
127, 0, 0, 33, 32, 1, 1.43%, 0, 0, 2, 182.85, 25142, 939
132, 0, 0, 33, 32, 1, 1.43%, 0, 0, 2, 182.42, 26096, 939
137, 0, 0, 35, 34, 1, 1.44%, 0, 0, 2, 182.11, 27003, 942
142, 0, 0, 35, 34, 1, 1.44%, 0, 0, 2, 185.45, 27963, 942
147, 0, 0, 35, 34, 1, 1.44%, 0, 0, 2, 183.30, 28881, 942
152, 0, 0, 36, 35, 1, 1.56%, 0, 0, 2, 180.05, 29774, 1023
157, 0, 0, 36, 35, 1, 1.56%, 0, 0, 2, 184.47, 30698, 1023
163, 0, 0, 36, 35, 1, 1.56%, 0, 0, 2, 184.57, 31658, 1023
168, 0, 0, 36, 35, 1, 1.56%, 0, 0, 2, 183.62, 32576, 1023
173, 0, 0, 36, 35, 1, 1.56%, 0, 0, 2, 181.74, 33518, 1023
178, 0, 0, 37, 36, 1, 1.57%, 0, 0, 2, 183.55, 34441, 1028
183, 0, 0, 37, 36, 1, 1.57%, 0, 0, 2, 182.39, 35350, 1028
188, 0, 0, 37, 36, 1, 1.57%, 0, 0, 2, 185.88, 36313, 1028
193, 0, 0, 37, 36, 1, 1.57%, 0, 0, 2, 183.23, 37264, 1028
198, 0, 0, 37, 36, 1, 1.57%, 0, 0, 2, 182.33, 38212, 1028
203, 0, 0, 37, 36, 1, 1.57%, 0, 0, 2, 184.48, 39142, 1028
209, 0, 0, 37, 36, 1, 1.57%, 0, 0, 2, 181.99, 40090, 1028
214, 0, 0, 37, 36, 1, 1.57%, 0, 0, 2, 183.62, 41014, 1028
219, 0, 0, 37, 36, 1, 1.57%, 0, 0, 2, 185.32, 41986, 1028
224, 0, 0, 37, 36, 1, 1.57%, 0, 0, 2, 183.78, 42940, 1028
229, 0, 0, 37, 36, 1, 1.57%, 0, 0, 2, 184.58, 43903, 1028
234, 0, 0, 37, 36, 1, 1.57%, 0, 0, 2, 186.54, 44875, 1028
240, 0, 0, 37, 36, 1, 1.57%, 0, 0, 2, 186.10, 45841, 1028
245, 0, 0, 37, 36, 1, 1.57%, 0, 0, 2, 181.52, 46783, 1028
250, 0, 0, 37, 36, 1, 1.57%, 0, 0, 2, 182.50, 47701, 1028
255, 0, 0, 37, 36, 1, 1.57%, 0, 0, 2, 184.61, 48661, 1028
260, 0, 0, 37, 36, 1, 1.57%, 0, 0, 2, 184.16, 49582, 1028
265, 0, 0, 37, 36, 1, 1.57%, 0, 0, 2, 177.10, 50505, 1028
270, 0, 0, 37, 36, 1, 1.57%, 0, 0, 2, 175.46, 51378, 1028
275, 0, 0, 37, 36, 1, 1.57%, 0, 0, 2, 171.97, 52242, 1028
280, 0, 0, 37, 36, 1, 1.57%, 0, 0, 2, 174.93, 53124, 1028
285, 0, 0, 37, 36, 1, 1.57%, 0, 0, 2, 176.18, 54042, 1028
291, 0, 0, 37, 36, 1, 1.57%, 0, 0, 2, 175.18, 54951, 1028
296, 0, 0, 37, 36, 1, 1.57%, 0, 0, 2, 174.84, 55857, 1028
301, 0, 0, 37, 36, 1, 1.57%, 0, 0, 2, 175.14, 56745, 1028
306, 0, 0, 37, 36, 1, 1.57%, 0, 0, 2, 174.00, 57621, 1028
311, 0, 0, 37, 36, 1, 1.57%, 0, 0, 2, 174.27, 58497, 1028
316, 0, 0, 37, 36, 1, 1.57%, 0, 0, 2, 174.57, 59376, 1028
321, 0, 0, 37, 36, 1, 1.57%, 0, 0, 2, 177.88, 60264, 1028
326, 0, 0, 37, 36, 1, 1.57%, 0, 0, 2, 173.90, 61161, 1028
331, 0, 0, 37, 36, 1, 1.57%, 0, 0, 2, 171.86, 62022, 1028
336, 0, 0, 37, 36, 1, 1.57%, 0, 0, 2, 172.33, 62895, 1028
341, 0, 0, 37, 36, 1, 1.57%, 0, 0, 2, 172.84, 63762, 1028
346, 0, 0, 37, 36, 1, 1.57%, 0, 0, 2, 173.55, 64632, 1028
351, 0, 0, 37, 36, 1, 1.57%, 0, 0, 2, 173.74, 65499, 1028
356, 0, 0, 37, 36, 1, 1.57%, 0, 0, 2, 173.73, 66399, 1028
362, 0, 0, 37, 36, 1, 1.57%, 0, 0, 2, 174.69, 67302, 1028
367, 0, 0, 37, 36, 1, 1.57%, 0, 0, 2, 172.81, 68172, 1028
372, 0, 0, 37, 36, 1, 1.57%, 0, 0, 2, 178.10, 69093, 1028
377, 0, 0, 37, 36, 1, 1.57%, 0, 0, 2, 175.89, 69999, 1028
382, 0, 0, 37, 36, 1, 1.57%, 0, 0, 2, 175.16, 70905, 1028
387, 0, 0, 37, 36, 1, 1.57%, 0, 0, 2, 174.72, 71811, 1028
392, 0, 0, 37, 36, 1, 1.57%, 0, 0, 2, 174.72, 72687, 1028
397, 0, 0, 38, 37, 1, 1.57%, 0, 0, 2, 174.43, 73562, 1029
403, 0, 0, 38, 37, 1, 1.57%, 0, 0, 2, 172.63, 74456, 1029
408, 0, 0, 38, 37, 1, 1.57%, 0, 0, 2, 174.24, 75332, 1029
413, 0, 0, 38, 37, 1, 1.57%, 0, 0, 2, 175.26, 76205, 1029
418, 0, 0, 38, 37, 1, 1.57%, 0, 0, 2, 174.88, 77111, 1029
423, 0, 0, 38, 37, 1, 1.57%, 0, 0, 2, 175.41, 77993, 1029
428, 0, 0, 38, 37, 1, 1.57%, 0, 0, 2, 175.46, 78902, 1029
433, 0, 0, 38, 37, 1, 1.57%, 0, 0, 2, 174.94, 79778, 1029
438, 0, 0, 38, 37, 1, 1.57%, 0, 0, 2, 175.83, 80690, 1029
443, 0, 0, 38, 37, 1, 1.57%, 0, 0, 2, 175.95, 81596, 1029
448, 0, 0, 38, 37, 1, 1.57%, 0, 0, 2, 175.42, 82469, 1029
453, 0, 0, 38, 37, 1, 1.57%, 0, 0, 2, 178.10, 83400, 1029
459, 0, 0, 38, 37, 1, 1.57%, 0, 0, 2, 183.70, 84357, 1029
464, 0, 0, 38, 37, 1, 1.57%, 0, 0, 2, 184.78, 85350, 1029
469, 0, 0, 38, 37, 1, 1.57%, 0, 0, 2, 182.06, 86292, 1029
474, 0, 29, 39, 37, 19, 1.57%, 0, 0, 3, 205.56, 87318, 1030
479, 0, 29, 39, 37, 19, 1.57%, 0, 0, 3, 208.58, 88410, 1030
484, 0, 29, 39, 37, 19, 1.57%, 0, 0, 3, 204.53, 89406, 1030
489, 0, 29, 39, 37, 19, 1.57%, 0, 0, 3, 209.32, 90474, 1030
494, 0, 29, 39, 37, 19, 1.57%, 0, 0, 3, 215.00, 91546, 1030
499, 0, 29, 39, 37, 19, 1.57%, 0, 0, 3, 210.01, 92606, 1030
504, 0, 38, 40, 37, 19, 1.57%, 0, 0, 4, 207.83, 93620, 1031
509, 0, 38, 41, 38, 19, 1.58%, 0, 0, 4, 222.67, 94792, 1034
515, 0, 38, 41, 38, 19, 1.58%, 0, 0, 4, 234.99, 95984, 1034
520, 0, 38, 41, 38, 19, 1.58%, 0, 0, 4, 230.47, 97140, 1034
525, 0, 38, 41, 38, 19, 1.58%, 0, 0, 4, 227.32, 98312, 1034
530, 0, 38, 41, 38, 19, 1.58%, 0, 0, 4, 232.67, 99516, 1034
535, 0, 5, 41, 37, 19, 1.58%, 0, 0, 4, 223.76, 100643, 1034
540, 0, 37, 41, 36, 18, 1.58%, 0, 0, 4, 208.96, 101676, 1034
545, 0, 37, 41, 36, 18, 1.58%, 0, 0, 4, 217.50, 102816, 1034
550, 0, 37, 41, 36, 18, 1.58%, 0, 0, 4, 188.49, 103746, 1034
555, 0, 37, 41, 36, 18, 1.58%, 0, 0, 4, 211.28, 104820, 1034
560, 0, 37, 41, 36, 18, 1.58%, 0, 0, 4, 190.09, 105750, 1034
565, 0, 37, 41, 36, 18, 1.58%, 0, 0, 4, 181.80, 106653, 1034
570, 0, 37, 41, 36, 18, 1.58%, 0, 0, 4, 202.49, 107676, 1034
576, 0, 37, 41, 36, 18, 1.58%, 0, 0, 4, 212.89, 108772, 1034
581, 0, 37, 41, 36, 18, 1.58%, 0, 0, 4, 204.83, 109820, 1034
586, 0, 20, 41, 35, 17, 1.58%, 0, 0, 4, 215.58, 110903, 1034
591, 0, 20, 41, 35, 17, 1.58%, 0, 0, 4, 213.61, 112027, 1034
596, 0, 20, 41, 35, 17, 1.58%, 0, 0, 4, 210.75, 113139, 1034
601, 0, 20, 41, 35, 17, 1.58%, 0, 0, 4, 212.46, 114214, 1034
607, 0, 20, 41, 35, 17, 1.58%, 0, 0, 4, 199.50, 115231, 1034
612, 0, 40, 41, 34, 16, 1.58%, 0, 0, 4, 216.74, 116367, 1034
617, 0, 40, 41, 34, 16, 1.58%, 0, 0, 4, 215.43, 117443, 1034
622, 0, 12, 41, 33, 15, 1.58%, 0, 0, 4, 217.55, 118543, 1034
627, 0, 12, 41, 33, 15, 1.58%, 0, 0, 4, 216.11, 119634, 1034
632, 0, 12, 41, 33, 15, 1.58%, 0, 0, 4, 190.87, 120598, 1034
637, 0, 12, 41, 33, 15, 1.58%, 0, 0, 4, 202.74, 121598, 1034
642, 0, 12, 41, 33, 15, 1.58%, 0, 0, 4, 233.07, 122814, 1034
647, 0, 12, 41, 33, 15, 1.58%, 0, 0, 4, 192.87, 123784, 1034
652, 0, 12, 41, 33, 15, 1.58%, 0, 0, 4, 210.29, 124850, 1034
657, 0, 12, 41, 33, 15, 1.58%, 0, 0, 4, 203.65, 125902, 1034
663, 0, 12, 41, 33, 15, 1.58%, 0, 0, 4, 197.92, 126925, 1034
668, 0, 39, 41, 32, 14, 1.58%, 0, 0, 4, 232.41, 128141, 1034
673, 0, 39, 41, 32, 14, 1.58%, 0, 0, 4, 218.52, 129249, 1034
678, 0, 39, 41, 32, 14, 1.58%, 0, 0, 4, 204.65, 130233, 1034
683, 0, 39, 41, 32, 14, 1.58%, 0, 0, 4, 206.97, 131289, 1034
688, 0, 39, 41, 32, 14, 1.58%, 0, 0, 4, 222.23, 132497, 1034
693, 0, 39, 41, 32, 14, 1.58%, 0, 0, 4, 200.62, 133473, 1034
698, 0, 39, 41, 32, 14, 1.58%, 0, 0, 4, 219.81, 134577, 1034
703, 0, 39, 41, 32, 14, 1.58%, 0, 0, 4, 228.19, 135745, 1034
708, 0, 39, 41, 32, 14, 1.58%, 0, 0, 4, 240.08, 136985, 1034
713, 0, 39, 41, 32, 14, 1.58%, 0, 0, 4, 225.73, 138097, 1034
718, 0, 34, 41, 31, 13, 1.58%, 0, 0, 4, 212.39, 139125, 1034
723, 0, 34, 41, 31, 13, 1.58%, 0, 0, 4, 203.05, 140185, 1034
728, 0, 34, 41, 31, 13, 1.58%, 0, 0, 4, 183.66, 141075, 1034
733, 0, 34, 41, 31, 13, 1.58%, 0, 0, 4, 191.59, 142044, 1034
738, 0, 34, 41, 31, 13, 1.58%, 0, 0, 4, 188.99, 143028, 1034
744, 0, 21, 41, 30, 12, 1.58%, 0, 0, 4, 208.46, 144116, 1034
749, 0, 21, 41, 30, 12, 1.58%, 0, 0, 4, 219.22, 145208, 1034
754, 0, 21, 41, 30, 12, 1.58%, 0, 0, 4, 203.22, 146228, 1034
759, 0, 21, 41, 30, 12, 1.58%, 0, 0, 4, 195.65, 147152, 1034
764, 0, 21, 41, 30, 12, 1.58%, 0, 0, 4, 178.58, 148040, 1034
769, 0, 21, 41, 30, 12, 1.58%, 0, 0, 4, 181.91, 149024, 1034
774, 0, 6, 41, 29, 11, 1.58%, 0, 0, 4, 200.11, 150032, 1034
779, 0, 6, 41, 29, 11, 1.58%, 0, 0, 4, 214.25, 151168, 1034
784, 0, 6, 41, 29, 11, 1.58%, 0, 0, 4, 195.11, 152090, 1034
789, 0, 6, 41, 29, 11, 1.58%, 0, 0, 4, 187.11, 153047, 1034
794, 0, 6, 41, 29, 11, 1.58%, 0, 0, 4, 193.92, 154067, 1034
799, 0, 6, 41, 29, 11, 1.58%, 0, 0, 4, 205.77, 155152, 1034
805, 0, 6, 41, 29, 11, 1.58%, 0, 0, 4, 199.76, 156220, 1034
810, 0, 6, 41, 29, 11, 1.58%, 0, 0, 4, 204.16, 157264, 1034
815, 0, 28, 41, 28, 10, 1.58%, 0, 0, 4, 192.82, 158232, 1034
820, 0, 28, 43, 30, 10, 2.41%, 0, 0, 4, 203.64, 159298, 1580
825, 0, 28, 43, 30, 10, 2.41%, 0, 0, 4, 204.54, 160338, 1580
830, 0, 28, 43, 30, 10, 2.41%, 0, 0, 4, 206.69, 161382, 1580
835, 0, 28, 43, 30, 10, 2.41%, 0, 0, 4, 190.50, 162352, 1580
840, 0, 28, 43, 30, 10, 2.41%, 0, 0, 4, 175.28, 163243, 1580
845, 0, 28, 43, 30, 10, 2.41%, 0, 0, 4, 175.59, 164152, 1580
851, 0, 28, 43, 30, 10, 2.41%, 0, 0, 4, 173.49, 165043, 1580
856, 0, 28, 43, 30, 10, 2.41%, 0, 0, 4, 182.25, 166009, 1580
861, 0, 28, 43, 30, 10, 2.41%, 0, 0, 4, 200.71, 167062, 1580
866, 0, 28, 43, 30, 10, 2.41%, 0, 0, 4, 214.57, 168134, 1580
871, 0, 28, 43, 30, 10, 2.41%, 0, 0, 4, 185.57, 169057, 1580
876, 0, 28, 43, 30, 10, 2.41%, 0, 0, 4, 221.38, 170162, 1580
881, 0, 28, 43, 30, 10, 2.41%, 0, 0, 4, 193.82, 171103, 1580
886, 0, 35, 43, 29, 8, 2.41%, 0, 0, 4, 156.30, 171764, 1580
891, 0, 35, 45, 31, 8, 2.43%, 0, 0, 4, 157.20, 172580, 1592
896, 0, 35, 47, 33, 8, 2.43%, 0, 0, 4, 152.58, 173349, 1594
902, 0, 35, 47, 33, 8, 2.43%, 0, 0, 4, 153.11, 174132, 1594
907, 0, 35, 47, 33, 8, 2.43%, 0, 0, 4, 152.67, 174903, 1594
912, 0, 35, 47, 33, 8, 2.43%, 0, 0, 4, 153.15, 175677, 1594
917, 0, 35, 47, 33, 8, 2.43%, 0, 0, 4, 152.82, 176445, 1594
922, 0, 35, 47, 33, 8, 2.43%, 0, 0, 4, 152.64, 177213, 1594
927, 0, 35, 48, 34, 8, 2.44%, 0, 0, 4, 147.64, 177963, 1598
932, 0, 35, 48, 34, 8, 2.44%, 0, 0, 4, 153.33, 178736, 1598
937, 0, 35, 49, 35, 8, 2.44%, 0, 0, 4, 152.60, 179521, 1601
942, 0, 35, 49, 35, 8, 2.44%, 0, 0, 4, 152.55, 180289, 1601
947, 0, 35, 49, 35, 8, 2.44%, 0, 0, 4, 154.87, 181090, 1601
952, 0, 35, 49, 35, 8, 2.44%, 0, 0, 4, 153.75, 181855, 1601
957, 0, 35, 49, 35, 8, 2.44%, 0, 0, 4, 153.89, 182626, 1601
962, 0, 35, 49, 35, 8, 2.44%, 0, 0, 4, 154.41, 183403, 1601
967, 0, 35, 49, 35, 8, 2.44%, 0, 0, 4, 148.42, 184157, 1601
972, 0, 35, 49, 35, 8, 2.44%, 0, 0, 4, 153.07, 184933, 1601
978, 0, 35, 49, 35, 8, 2.44%, 0, 0, 4, 153.96, 185710, 1601
983, 0, 35, 49, 35, 8, 2.44%, 0, 0, 4, 152.48, 186481, 1601
988, 0, 35, 49, 35, 8, 2.44%, 0, 0, 4, 153.26, 187264, 1601
993, 0, 35, 49, 35, 8, 2.44%, 0, 0, 4, 143.40, 188003, 1601
998, 0, 35, 49, 35, 8, 2.44%, 0, 0, 4, 149.27, 188794, 1601
1003, 0, 35, 49, 35, 8, 2.44%, 0, 0, 4, 150.60, 189556, 1601
1008, 0, 35, 49, 35, 8, 2.44%, 0, 0, 4, 150.15, 190312, 1601
1013, 0, 35, 49, 35, 8, 2.44%, 0, 0, 4, 132.94, 190963, 1601
1018, 0, 35, 49, 35, 8, 2.44%, 0, 0, 4, 124.70, 191593, 1601
1023, 0, 35, 49, 35, 8, 2.44%, 0, 0, 4, 121.62, 192219, 1601
1029, 0, 35, 49, 35, 8, 2.44%, 0, 0, 4, 120.96, 192837, 1601
1034, 0, 35, 49, 35, 8, 2.44%, 0, 0, 4, 119.05, 193447, 1601
1039, 0, 35, 49, 35, 8, 2.44%, 0, 0, 4, 124.17, 194071, 1601
1044, 0, 35, 49, 35, 8, 2.44%, 0, 0, 4, 120.57, 194673, 1601
1049, 0, 35, 49, 35, 8, 2.44%, 0, 0, 4, 119.75, 195281, 1601
1054, 0, 35, 49, 35, 8, 2.44%, 0, 0, 4, 118.91, 195885, 1601
1059, 0, 35, 49, 35, 8, 2.44%, 0, 0, 4, 119.92, 196489, 1601
1064, 0, 35, 49, 35, 8, 2.44%, 0, 0, 4, 122.64, 197109, 1601
1069, 0, 35, 49, 35, 8, 2.44%, 0, 0, 4, 122.57, 197745, 1601
1074, 0, 35, 49, 35, 8, 2.44%, 0, 0, 4, 119.96, 198349, 1601
1079, 0, 35, 49, 35, 8, 2.44%, 0, 0, 4, 119.00, 198965, 1601
1084, 0, 35, 49, 35, 8, 2.44%, 0, 0, 4, 119.34, 199577, 1601
1090, 0, 35, 49, 35, 8, 2.44%, 0, 0, 4, 118.41, 200171, 1601
1095, 0, 35, 49, 35, 8, 2.44%, 0, 0, 4, 125.25, 200807, 1601
1100, 0, 35, 49, 35, 8, 2.44%, 0, 0, 4, 118.13, 201399, 1601
1105, 0, 35, 49, 35, 8, 2.44%, 0, 0, 4, 122.59, 202033, 1601
1110, 0, 35, 49, 35, 8, 2.44%, 0, 0, 4, 122.58, 202643, 1601
1115, 0, 35, 50, 36, 8, 2.44%, 0, 0, 4, 118.10, 203237, 1601
1120, 0, 35, 51, 37, 8, 2.44%, 0, 0, 4, 114.78, 203819, 1602
1125, 0, 35, 51, 37, 8, 2.44%, 0, 0, 4, 116.60, 204429, 1602
1130, 0, 35, 51, 37, 8, 2.44%, 0, 0, 4, 120.35, 205035, 1602
1135, 0, 35, 51, 37, 8, 2.44%, 0, 0, 4, 115.70, 205605, 1602
1140, 0, 35, 51, 37, 8, 2.44%, 0, 0, 4, 118.96, 206213, 1602
1146, 0, 35, 51, 37, 8, 2.44%, 0, 0, 4, 116.57, 206817, 1602
1151, 0, 35, 51, 37, 8, 2.44%, 0, 0, 4, 117.54, 207419, 1602
1156, 0, 35, 51, 37, 8, 2.44%, 0, 0, 4, 121.78, 208057, 1602
1161, 0, 35, 51, 37, 8, 2.44%, 0, 0, 4, 121.78, 208665, 1602
1166, 0, 35, 51, 37, 8, 2.44%, 0, 0, 4, 125.44, 209327, 1602
1171, 0, 35, 51, 37, 8, 2.44%, 0, 0, 4, 129.26, 209979, 1602
1176, 0, 35, 51, 37, 8, 2.44%, 0, 0, 4, 129.91, 210657, 1602
1182, 0, 35, 51, 37, 8, 2.44%, 0, 0, 4, 128.59, 211323, 1602
1187, 0, 35, 51, 37, 8, 2.44%, 0, 0, 4, 138.91, 212023, 1602
1192, 0, 35, 51, 37, 8, 2.44%, 0, 0, 4, 128.35, 212665, 1602
1197, 0, 42, 51, 36, 10, 2.44%, 0, 0, 4, 129.76, 213354, 1602
1202, 0, 42, 52, 37, 10, 2.47%, 0, 0, 4, 151.69, 214183, 1620
1207, 0, 42, 52, 37, 10, 2.47%, 0, 0, 4, 176.82, 215065, 1620
1212, 0, 42, 52, 37, 10, 2.47%, 0, 2, 4, 1.27, 215319, 1620
1217, 0, 42, 52, 37, 10, 2.47%, 0, 3, 4, 1.00, 215331, 1620
1222, 0, 42, 52, 37, 10, 2.47%, 0, 3, 4, 224.58, 215755, 1620
1227, 0, 42, 53, 38, 10, 2.49%, 0, 3, 4, 198.17, 216687, 1631
1233, 0, 42, 53, 38, 10, 2.49%, 0, 3, 4, 21.80, 217695, 1631
1238, 0, 42, 53, 38, 10, 2.49%, 0, 5, 4, 202.73, 218315, 1631
1243, 0, 51, 53, 37, 11, 2.49%, 0, 5, 4, 202.43, 219323, 1631
1248, 0, 51, 53, 37, 11, 2.49%, 0, 5, 4, 215.65, 220419, 1631
1253, 0, 51, 53, 37, 11, 2.49%, 0, 5, 4, 231.62, 221635, 1631
1258, 0, 51, 58, 42, 11, 2.85%, 0, 5, 5, 134.37, 222165, 1867
1264, 0, 51, 60, 44, 11, 2.86%, 0, 5, 5, 135.58, 222873, 1876
1269, 0, 51, 62, 46, 11, 2.88%, 0, 6, 5, 19.82, 223377, 1886
1275, 0, 51, 62, 46, 11, 2.88%, 0, 7, 5, 130.18, 223791, 1886
1280, 0, 51, 63, 47, 11, 2.88%, 0, 7, 5, 122.55, 224060, 1889
1285, 0, 51, 63, 47, 11, 2.88%, 0, 7, 5, 12.61, 224477, 1889
1290, 0, 51, 64, 48, 11, 2.89%, 0, 7, 5, 3.87, 224773, 1893
1296, 0, 51, 64, 48, 11, 2.89%, 0, 7, 5, 14.07, 225009, 1893
1301, 0, 51, 64, 48, 11, 2.89%, 0, 7, 5, 135.09, 225549, 1893
1306, 0, 51, 64, 48, 11, 2.89%, 0, 7, 5, 192.83, 226520, 1893
1311, 0, 51, 64, 48, 11, 2.89%, 0, 7, 5, 225.23, 227727, 1893
1316, 0, 51, 64, 48, 11, 2.89%, 0, 7, 5, 229.84, 228887, 1893
1321, 0, 51, 64, 48, 11, 2.89%, 0, 7, 5, 229.63, 230067, 1893
1326, 0, 51, 64, 48, 11, 2.89%, 0, 7, 5, 233.22, 231267, 1893
1332, 0, 51, 64, 48, 11, 2.89%, 0, 7, 5, 231.45, 232467, 1893
1337, 0, 51, 64, 48, 11, 2.89%, 0, 7, 5, 231.04, 233663, 1893
1342, 0, 51, 64, 48, 11, 2.89%, 0, 7, 5, 231.19, 234855, 1893
1347, 0, 51, 64, 48, 11, 2.89%, 0, 7, 5, 230.28, 236051, 1893
1352, 0, 51, 64, 48, 11, 2.89%, 0, 7, 5, 233.59, 237259, 1893
1357, 0, 51, 64, 48, 11, 2.89%, 0, 7, 5, 233.28, 238463, 1893
1363, 0, 51, 64, 48, 11, 2.89%, 0, 7, 5, 234.25, 239675, 1893
1368, 0, 51, 64, 48, 11, 2.89%, 0, 7, 5, 230.83, 240875, 1893
1373, 0, 51, 64, 48, 11, 2.89%, 0, 7, 5, 230.82, 242071, 1893
1378, 0, 51, 64, 48, 11, 2.89%, 0, 7, 5, 233.79, 243287, 1893
1383, 0, 51, 64, 48, 11, 2.89%, 0, 7, 5, 234.15, 244503, 1893
1388, 0, 51, 64, 48, 11, 2.89%, 0, 7, 5, 231.37, 245695, 1893
1394, 0, 51, 64, 48, 11, 2.89%, 0, 7, 5, 232.67, 246895, 1893
1399, 0, 51, 64, 48, 11, 2.89%, 0, 7, 5, 233.09, 248099, 1893
1404, 0, 51, 64, 48, 11, 2.89%, 0, 7, 5, 231.27, 249255, 1893
1409, 0, 51, 64, 48, 11, 2.89%, 0, 7, 5, 230.97, 250411, 1893
1414, 0, 51, 64, 48, 11, 2.89%, 0, 7, 5, 230.51, 251603, 1893
1419, 0, 51, 64, 48, 11, 2.89%, 0, 7, 5, 231.78, 252807, 1893
1424, 0, 51, 64, 48, 11, 2.89%, 0, 7, 5, 230.94, 254011, 1893
1430, 0, 51, 64, 48, 11, 2.89%, 0, 7, 5, 235.30, 255235, 1893
1435, 0, 51, 64, 48, 11, 2.89%, 0, 7, 5, 232.08, 256443, 1893
1440, 0, 51, 64, 48, 11, 2.89%, 0, 7, 5, 229.51, 257635, 1893
1445, 0, 51, 64, 48, 11, 2.89%, 0, 7, 5, 231.01, 258835, 1893
1450, 0, 51, 65, 49, 11, 2.89%, 0, 7, 5, 159.62, 259637, 1893
1455, 0, 51, 65, 49, 11, 2.89%, 0, 7, 5, 129.30, 260259, 1893
1461, 0, 51, 65, 49, 11, 2.89%, 0, 7, 5, 201.44, 261331, 1893
1466, 0, 51, 65, 49, 11, 2.89%, 0, 7, 5, 216.80, 262475, 1893
1471, 0, 51, 66, 50, 11, 2.89%, 0, 7, 5, 159.80, 263239, 1893
1476, 0, 51, 66, 50, 11, 2.89%, 0, 7, 5, 208.40, 264351, 1893
1481, 0, 51, 67, 51, 11, 2.90%, 0, 8, 5, 143.11, 265105, 1900
1487, 0, 51, 67, 51, 11, 2.90%, 0, 9, 5, 17.27, 266140, 1900
1492, 0, 51, 67, 51, 11, 2.90%, 0, 9, 5, 199.29, 267245, 1900
1497, 0, 61, 67, 50, 20, 2.90%, 0, 9, 5, 184.29, 268086, 1900
1502, 0, 61, 67, 50, 20, 2.90%, 0, 9, 5, 214.76, 269236, 1900
1507, 0, 61, 68, 51, 20, 2.91%, 0, 10, 6, 171.63, 270035, 1906
1513, 0, 61, 68, 51, 20, 2.91%, 0, 10, 6, 191.76, 270821, 1906
1518, 0, 61, 68, 51, 20, 2.91%, 0, 10, 6, 18.68, 271460, 1906
1523, 0, 61, 68, 51, 20, 2.91%, 0, 10, 6, 170.00, 272015, 1906
1528, 0, 61, 68, 51, 20, 2.91%, 0, 10, 6, 188.25, 272954, 1906
1533, 0, 61, 68, 51, 20, 2.91%, 0, 10, 6, 204.80, 274004, 1906
1538, 0, 61, 68, 51, 20, 2.91%, 0, 10, 6, 210.09, 275064, 1906
1544, 0, 61, 68, 51, 20, 2.91%, 0, 10, 6, 225.73, 276224, 1906
1549, 0, 61, 68, 51, 20, 2.91%, 0, 10, 6, 217.06, 277340, 1906
1554, 0, 61, 68, 51, 20, 2.91%, 0, 10, 6, 217.88, 278424, 1906
1559, 0, 61, 68, 51, 20, 2.91%, 0, 10, 6, 210.74, 279556, 1906
1564, 0, 61, 68, 51, 20, 2.91%, 0, 10, 6, 184.07, 280472, 1906
1569, 0, 61, 68, 51, 20, 2.91%, 0, 10, 6, 189.29, 281438, 1906
1574, 0, 61, 68, 51, 20, 2.91%, 0, 10, 6, 220.63, 282608, 1906
1579, 0, 61, 68, 51, 20, 2.91%, 0, 10, 6, 216.71, 283668, 1906
1585, 0, 61, 68, 51, 20, 2.91%, 0, 10, 6, 221.48, 284852, 1906
1590, 0, 61, 68, 51, 20, 2.91%, 0, 10, 6, 210.58, 285912, 1906
1595, 0, 61, 68, 51, 20, 2.91%, 0, 10, 6, 192.14, 286883, 1906
1600, 0, 8, 68, 50, 20, 2.91%, 0, 10, 6, 200.69, 287963, 1906
1605, 0, 8, 68, 50, 20, 2.91%, 0, 10, 6, 203.27, 289059, 1906
1610, 0, 8, 68, 50, 20, 2.91%, 0, 10, 6, 181.22, 289936, 1906
1615, 0, 8, 68, 50, 20, 2.91%, 0, 10, 6, 190.17, 290933, 1906
1620, 0, 8, 68, 50, 20, 2.91%, 0, 10, 6, 198.39, 291959, 1906
1625, 0, 8, 68, 50, 20, 2.91%, 0, 10, 6, 200.73, 292975, 1906
1630, 0, 67, 68, 49, 19, 2.91%, 0, 10, 6, 211.87, 294055, 1906
1635, 0, 67, 68, 49, 19, 2.91%, 0, 10, 6, 215.91, 295163, 1906
1640, 0, 67, 68, 49, 19, 2.91%, 0, 10, 6, 196.31, 296125, 1906
1646, 0, 67, 71, 52, 19, 2.92%, 0, 11, 7, 112.30, 296841, 1911
1651, 0, 67, 71, 52, 19, 2.92%, 0, 11, 7, 193.05, 297610, 1911
1656, 0, 67, 71, 52, 19, 2.92%, 0, 11, 7, 195.39, 298390, 1911
1661, 0, 67, 71, 52, 19, 2.92%, 0, 12, 7, 2.95, 299197, 1911
1666, 0, 67, 71, 52, 19, 2.92%, 0, 12, 7, 188.41, 300142, 1911
1671, 0, 67, 71, 52, 19, 2.92%, 0, 12, 7, 191.76, 301114, 1911
1676, 0, 67, 71, 52, 19, 2.92%, 0, 12, 7, 189.90, 301903, 1911
1681, 0, 67, 71, 52, 19, 2.92%, 0, 12, 7, 193.13, 302668, 1911
1687, 0, 67, 71, 52, 19, 2.92%, 0, 12, 7, 197.42, 303679, 1911
1692, 0, 67, 71, 52, 19, 2.92%, 0, 12, 7, 192.33, 304474, 1911
1697, 0, 67, 72, 53, 19, 2.92%, 0, 12, 7, 175.64, 305238, 1914
1702, 0, 67, 72, 53, 19, 2.92%, 0, 12, 7, 189.56, 306231, 1914
1707, 0, 67, 72, 53, 19, 2.92%, 0, 12, 7, 179.87, 307017, 1914
1712, 0, 67, 72, 53, 19, 2.92%, 0, 12, 7, 187.13, 307620, 1914
1718, 0, 67, 72, 53, 19, 2.92%, 0, 12, 7, 185.28, 308187, 1914
1723, 0, 67, 72, 53, 19, 2.92%, 0, 12, 7, 189.81, 309165, 1914
1728, 0, 67, 73, 54, 19, 2.93%, 0, 12, 7, 193.07, 309959, 1920
1733, 0, 67, 75, 56, 19, 2.94%, 0, 12, 7, 179.63, 310725, 1930
1738, 0, 67, 75, 56, 19, 2.94%, 0, 12, 7, 197.01, 311316, 1930
1743, 0, 67, 75, 56, 19, 2.94%, 0, 12, 7, 192.13, 312309, 1930
1748, 0, 67, 76, 57, 19, 2.95%, 0, 12, 7, 192.57, 313085, 1936
1754, 0, 67, 79, 60, 19, 3.05%, 0, 12, 7, 21.54, 313889, 2000
1759, 0, 67, 79, 60, 19, 3.05%, 0, 12, 7, 198.79, 314465, 2000
1764, 0, 67, 79, 60, 19, 3.05%, 0, 12, 7, 190.71, 315269, 2000
1769, 0, 67, 79, 60, 19, 3.05%, 0, 12, 7, 192.40, 316262, 2000
1774, 0, 67, 81, 62, 19, 3.06%, 0, 12, 7, 182.16, 316998, 2008
1779, 0, 67, 81, 62, 19, 3.06%, 0, 12, 7, 198.62, 317757, 2008
1785, 0, 67, 81, 62, 19, 3.06%, 0, 12, 7, 8.56, 318378, 2008
1790, 0, 67, 81, 62, 19, 3.06%, 0, 12, 7, 185.13, 319140, 2008
1795, 0, 67, 81, 62, 19, 3.06%, 0, 12, 7, 198.18, 319971, 2008
1800, 0, 67, 81, 62, 19, 3.06%, 0, 12, 7, 196.31, 320979, 2008
1805, 0, 67, 81, 62, 19, 3.06%, 0, 12, 7, 196.49, 321999, 2008
1810, 0, 67, 81, 62, 19, 3.06%, 0, 12, 7, 197.22, 323013, 2008
1815, 0, 67, 81, 62, 19, 3.06%, 0, 12, 7, 193.47, 324009, 2008
1821, 0, 67, 81, 62, 19, 3.06%, 0, 12, 7, 194.74, 325014, 2008
1826, 0, 67, 81, 62, 19, 3.06%, 0, 12, 7, 195.68, 326025, 2008
1831, 0, 67, 81, 62, 19, 3.06%, 0, 12, 7, 195.61, 327006, 2008
1836, 0, 67, 81, 62, 19, 3.06%, 0, 12, 7, 193.40, 327999, 2008
1841, 0, 67, 81, 62, 19, 3.06%, 0, 12, 7, 194.43, 329001, 2008
1846, 0, 67, 81, 62, 19, 3.06%, 0, 12, 7, 193.75, 330003, 2008
1851, 0, 67, 81, 62, 19, 3.06%, 0, 12, 7, 196.85, 331029, 2008
1857, 0, 67, 81, 62, 19, 3.06%, 0, 12, 7, 196.77, 332052, 2008
1862, 0, 67, 81, 62, 19, 3.06%, 0, 12, 7, 194.74, 333057, 2008
1867, 0, 67, 81, 62, 19, 3.06%, 0, 12, 7, 195.87, 334074, 2008
1872, 0, 67, 81, 62, 19, 3.06%, 0, 12, 7, 194.64, 335082, 2008
1877, 0, 67, 81, 62, 19, 3.06%, 0, 12, 7, 196.39, 336099, 2008
1883, 0, 67, 81, 62, 19, 3.06%, 0, 12, 7, 196.25, 337119, 2008
1888, 0, 67, 81, 62, 19, 3.06%, 0, 12, 7, 195.31, 338124, 2008
1893, 0, 67, 81, 62, 19, 3.06%, 0, 12, 7, 196.23, 339105, 2008
1898, 0, 67, 81, 62, 19, 3.06%, 0, 12, 7, 195.54, 340110, 2008
1903, 0, 67, 81, 62, 19, 3.06%, 0, 12, 7, 195.41, 341127, 2008
1908, 0, 67, 81, 62, 19, 3.06%, 0, 12, 7, 194.91, 342135, 2008
1913, 0, 67, 81, 62, 19, 3.06%, 0, 12, 7, 199.91, 343182, 2008
1919, 0, 67, 81, 62, 19, 3.06%, 0, 12, 7, 197.00, 344202, 2008
1924, 0, 67, 81, 62, 19, 3.06%, 0, 12, 7, 215.57, 345307, 2008
1929, 0, 67, 81, 62, 19, 3.06%, 0, 13, 7, 3.80, 346111, 2008
1935, 0, 67, 81, 62, 19, 3.06%, 0, 13, 7, 196.63, 347190, 2008
1940, 0, 67, 81, 62, 19, 3.06%, 0, 13, 7, 232.94, 348459, 2008
1945, 0, 67, 81, 62, 19, 3.06%, 0, 13, 7, 215.40, 349539, 2008
1950, 0, 67, 81, 62, 19, 3.06%, 0, 13, 7, 223.56, 350759, 2008
1955, 0, 67, 81, 62, 19, 3.06%, 0, 13, 7, 198.41, 351711, 2008
1960, 0, 67, 81, 62, 19, 3.06%, 0, 13, 7, 197.77, 352719, 2008
1965, 0, 67, 81, 62, 19, 3.06%, 0, 13, 7, 196.65, 353742, 2008
1970, 0, 67, 81, 62, 19, 3.06%, 0, 13, 7, 216.76, 354863, 2008
1975, 0, 67, 81, 62, 19, 3.06%, 0, 13, 7, 200.49, 355863, 2008
1981, 0, 70, 81, 61, 27, 3.06%, 0, 13, 7, 206.30, 356882, 2008
1986, 0, 70, 81, 61, 27, 3.06%, 0, 13, 7, 231.86, 358086, 2008
1991, 0, 70, 83, 63, 27, 3.07%, 0, 13, 8, 196.47, 359049, 2015
1996, 0, 70, 83, 63, 27, 3.07%, 0, 14, 8, 11.18, 359775, 2015
2002, 0, 70, 83, 63, 27, 3.07%, 0, 14, 8, 193.07, 360537, 2015
2007, 0, 70, 83, 63, 27, 3.07%, 0, 14, 8, 197.15, 361518, 2015
2012, 0, 70, 83, 63, 27, 3.07%, 0, 14, 8, 189.99, 362469, 2015
2017, 0, 70, 83, 63, 27, 3.07%, 0, 14, 8, 206.82, 363290, 2015
2022, 0, 70, 83, 63, 27, 3.07%, 0, 14, 8, 198.87, 364278, 2015
2027, 0, 70, 83, 63, 27, 3.07%, 0, 14, 8, 236.42, 365518, 2015
2032, 0, 70, 83, 63, 27, 3.07%, 0, 14, 8, 246.15, 366814, 2015
2037, 0, 70, 83, 63, 27, 3.07%, 0, 14, 8, 246.83, 368058, 2015
2042, 0, 70, 83, 63, 27, 3.07%, 0, 14, 8, 248.38, 369306, 2015
2047, 0, 70, 83, 63, 27, 3.07%, 0, 14, 8, 243.06, 370534, 2015
2052, 0, 70, 83, 63, 27, 3.07%, 0, 14, 8, 212.68, 371546, 2015
2057, 0, 70, 83, 63, 27, 3.07%, 0, 14, 8, 205.18, 372570, 2015
2062, 0, 70, 83, 63, 27, 3.07%, 0, 14, 8, 206.14, 373614, 2015
2067, 0, 70, 83, 63, 27, 3.07%, 0, 14, 8, 201.72, 374670, 2015
2073, 0, 70, 83, 63, 27, 3.07%, 0, 14, 8, 201.25, 375714, 2015
2078, 0, 70, 83, 63, 27, 3.07%, 0, 14, 8, 212.70, 376758, 2015
2083, 0, 70, 83, 63, 27, 3.07%, 0, 14, 8, 216.68, 377858, 2015
2088, 0, 70, 83, 63, 27, 3.07%, 0, 14, 8, 17.53, 378241, 2015
2093, 0, 70, 83, 63, 27, 3.07%, 0, 14, 8, 196.76, 378822, 2015
2099, 0, 70, 83, 63, 27, 3.07%, 0, 14, 8, 195.34, 379833, 2015
2104, 0, 70, 83, 63, 27, 3.07%, 0, 14, 8, 231.92, 381034, 2015
2109, 0, 70, 83, 63, 27, 3.07%, 0, 14, 8, 168.93, 381924, 2015
2114, 0, 36, 83, 62, 28, 3.07%, 0, 14, 8, 194.45, 382940, 2015
2119, 0, 36, 83, 62, 28, 3.07%, 0, 14, 8, 217.33, 384068, 2015
2124, 0, 36, 83, 62, 28, 3.07%, 0, 14, 8, 185.55, 384988, 2015
2129, 0, 36, 83, 62, 28, 3.07%, 0, 14, 8, 187.20, 385960, 2015
2134, 0, 36, 83, 62, 28, 3.07%, 0, 14, 8, 202.62, 386992, 2015
2139, 0, 36, 83, 62, 28, 3.07%, 0, 14, 8, 191.07, 387985, 2015
2144, 0, 71, 83, 61, 27, 3.07%, 0, 14, 8, 206.98, 389033, 2015
2150, 0, 71, 83, 61, 27, 3.07%, 0, 14, 8, 201.24, 390085, 2015
2155, 0, 71, 83, 61, 27, 3.07%, 0, 14, 8, 193.31, 391042, 2015
2160, 0, 71, 83, 61, 27, 3.07%, 0, 14, 8, 193.20, 391825, 2015
2165, 0, 71, 83, 61, 27, 3.07%, 0, 14, 8, 192.98, 392818, 2015
2170, 0, 71, 83, 61, 27, 3.07%, 0, 14, 8, 212.23, 393921, 2015
2175, 0, 71, 83, 61, 27, 3.07%, 0, 14, 8, 221.89, 395085, 2015
2180, 0, 71, 83, 61, 27, 3.07%, 0, 14, 8, 236.57, 396297, 2015
2185, 0, 71, 83, 61, 27, 3.07%, 0, 14, 8, 246.12, 397585, 2015
2190, 0, 71, 83, 61, 27, 3.07%, 0, 14, 8, 215.00, 398677, 2015
2195, 0, 71, 83, 61, 27, 3.07%, 0, 14, 8, 206.88, 399701, 2015
2201, 0, 71, 83, 61, 27, 3.07%, 0, 14, 8, 202.15, 400717, 2015
2206, 0, 71, 83, 61, 27, 3.07%, 0, 14, 8, 217.00, 401917, 2015
2211, 0, 71, 83, 61, 27, 3.07%, 0, 14, 8, 199.79, 402895, 2015
2216, 0, 71, 83, 61, 27, 3.07%, 0, 14, 8, 198.22, 403924, 2015
2221, 0, 71, 83, 61, 27, 3.07%, 0, 14, 8, 203.79, 404957, 2015
2226, 0, 58, 83, 60, 26, 3.07%, 0, 14, 8, 209.49, 405867, 2015
2231, 0, 58, 83, 60, 26, 3.07%, 0, 14, 8, 208.81, 406999, 2015
2236, 0, 58, 83, 60, 26, 3.07%, 0, 15, 8, 188.60, 407737, 2015
2242, 0, 58, 83, 60, 26, 3.07%, 0, 15, 8, 203.12, 408571, 2015
2247, 0, 58, 83, 60, 26, 3.07%, 0, 15, 8, 224.70, 409771, 2015
2252, 0, 58, 83, 60, 26, 3.07%, 0, 15, 8, 210.03, 410819, 2015
2257, 0, 58, 83, 60, 26, 3.07%, 0, 15, 8, 198.76, 411799, 2015
2262, 0, 58, 83, 60, 26, 3.07%, 0, 15, 8, 205.33, 412855, 2015
2267, 0, 58, 83, 60, 26, 3.07%, 0, 15, 8, 186.70, 413809, 2015
2272, 0, 58, 83, 60, 26, 3.07%, 0, 15, 8, 191.83, 414808, 2015
2277, 0, 58, 83, 60, 26, 3.07%, 0, 15, 8, 197.04, 415843, 2015
2283, 0, 58, 83, 60, 26, 3.07%, 0, 15, 8, 198.92, 416860, 2015
2288, 0, 58, 83, 60, 26, 3.07%, 0, 15, 8, 220.63, 417999, 2015
2293, 0, 58, 83, 60, 26, 3.07%, 0, 15, 8, 195.92, 418972, 2015
2298, 0, 58, 83, 60, 26, 3.07%, 0, 15, 8, 223.80, 420127, 2015
2303, 0, 58, 83, 60, 26, 3.07%, 0, 15, 8, 217.39, 421235, 2015
2308, 0, 78, 83, 59, 25, 3.07%, 0, 15, 8, 211.61, 422262, 2015
2313, 0, 78, 83, 59, 25, 3.07%, 0, 15, 8, 215.66, 423382, 2015
2318, 0, 78, 83, 59, 25, 3.07%, 0, 15, 8, 210.67, 424446, 2015
2323, 0, 78, 83, 59, 25, 3.07%, 0, 15, 8, 200.68, 425490, 2015
2329, 0, 78, 83, 59, 25, 3.07%, 0, 16, 8, 14.82, 426203, 2015
2334, 0, 78, 83, 59, 25, 3.07%, 0, 16, 8, 205.71, 427106, 2015
2339, 0, 78, 83, 59, 25, 3.07%, 0, 16, 8, 5.85, 427360, 2015
2344, 0, 78, 83, 59, 25, 3.07%, 0, 16, 8, 233.05, 428622, 2015
2349, 0, 78, 83, 59, 25, 3.07%, 0, 16, 8, 212.86, 429722, 2015
2355, 0, 78, 83, 59, 25, 3.07%, 0, 16, 8, 215.46, 430742, 2015
2360, 0, 78, 83, 59, 25, 3.07%, 0, 16, 8, 210.58, 431758, 2015
2365, 0, 78, 83, 59, 25, 3.07%, 0, 16, 8, 232.59, 432946, 2015
2370, 0, 68, 83, 58, 24, 3.07%, 0, 16, 8, 220.97, 434069, 2015
2375, 0, 68, 83, 58, 24, 3.07%, 0, 16, 8, 201.94, 435113, 2015
2380, 0, 68, 85, 60, 24, 3.09%, 0, 16, 8, 185.36, 436015, 2022
2385, 0, 68, 86, 61, 24, 3.09%, 0, 16, 8, 26.16, 436827, 2024
2391, 0, 68, 86, 61, 24, 3.09%, 0, 17, 8, 188.69, 437583, 2024
2396, 0, 68, 88, 63, 24, 3.10%, 0, 17, 8, 179.03, 438481, 2032
2403, 0, 68, 88, 63, 24, 3.10%, 0, 17, 8, 8.61, 439225, 2032
2408, 0, 68, 88, 63, 24, 3.10%, 0, 17, 8, 17.19, 439690, 2032
2413, 0, 68, 88, 63, 24, 3.10%, 0, 17, 8, 178.25, 440569, 2032
2418, 0, 68, 88, 63, 24, 3.10%, 0, 17, 8, 180.91, 441493, 2032
2424, 0, 68, 88, 63, 24, 3.10%, 0, 17, 8, 186.77, 442234, 2032
2429, 0, 68, 88, 63, 24, 3.10%, 0, 17, 8, 180.16, 443146, 2032
2434, 0, 68, 89, 64, 24, 3.11%, 0, 17, 8, 179.36, 444084, 2038
2439, 0, 68, 89, 64, 24, 3.11%, 0, 17, 8, 188.09, 444798, 2038
2444, 0, 68, 89, 64, 24, 3.11%, 0, 17, 8, 164.54, 445356, 2038
2449, 0, 68, 90, 65, 24, 3.14%, 0, 17, 8, 178.69, 446270, 2055
2454, 0, 68, 90, 65, 24, 3.14%, 0, 17, 8, 181.74, 447194, 2055
2459, 0, 68, 90, 65, 24, 3.14%, 0, 17, 8, 176.69, 448067, 2055
2464, 0, 68, 90, 65, 24, 3.14%, 0, 17, 8, 177.24, 448955, 2055
2469, 0, 68, 90, 65, 24, 3.14%, 0, 17, 8, 179.32, 449870, 2055
2474, 0, 68, 90, 65, 24, 3.14%, 0, 17, 8, 191.20, 450614, 2055
2479, 0, 68, 90, 65, 24, 3.14%, 0, 17, 8, 182.19, 451535, 2055
2484, 0, 68, 90, 65, 24, 3.14%, 0, 17, 8, 184.48, 452456, 2055
2489, 0, 68, 90, 65, 24, 3.14%, 0, 17, 8, 181.77, 453365, 2055
2495, 0, 68, 90, 65, 24, 3.14%, 0, 17, 8, 2.96, 454214, 2055
2500, 0, 68, 90, 65, 24, 3.14%, 0, 17, 8, 178.22, 454946, 2055
2505, 0, 68, 90, 65, 24, 3.14%, 0, 17, 8, 179.97, 455861, 2055
2510, 0, 68, 90, 65, 24, 3.14%, 0, 17, 8, 183.45, 456560, 2055
2515, 0, 68, 90, 65, 24, 3.14%, 0, 17, 8, 185.10, 457511, 2055
2521, 0, 68, 90, 65, 24, 3.14%, 0, 17, 8, 183.81, 458258, 2055
2526, 0, 68, 90, 65, 24, 3.14%, 0, 17, 8, 184.59, 459182, 2055
2531, 0, 68, 91, 66, 24, 3.14%, 0, 17, 8, 199.88, 460210, 2058
2536, 0, 68, 91, 66, 24, 3.14%, 0, 17, 8, 205.96, 461261, 2058
2541, 0, 68, 91, 66, 24, 3.14%, 0, 17, 8, 205.24, 462301, 2058
2546, 0, 68, 91, 66, 24, 3.14%, 0, 17, 8, 204.69, 463341, 2058
2551, 0, 68, 91, 66, 24, 3.14%, 0, 17, 8, 206.03, 464385, 2058
2556, 0, 68, 91, 66, 24, 3.14%, 0, 17, 8, 205.29, 465429, 2058
2561, 0, 68, 91, 66, 24, 3.14%, 0, 17, 8, 206.96, 466473, 2058
2566, 0, 68, 91, 66, 24, 3.14%, 0, 17, 8, 207.41, 467517, 2058
2571, 0, 68, 91, 66, 24, 3.14%, 0, 17, 8, 206.10, 468557, 2058
2576, 0, 68, 91, 66, 24, 3.14%, 0, 17, 8, 205.20, 469593, 2058
2581, 0, 68, 91, 66, 24, 3.14%, 0, 17, 8, 205.38, 470633, 2058
2586, 0, 68, 91, 66, 24, 3.14%, 0, 17, 8, 204.27, 471657, 2058
2591, 0, 68, 91, 66, 24, 3.14%, 0, 17, 8, 205.18, 472705, 2058
2597, 0, 68, 91, 66, 24, 3.14%, 0, 17, 8, 207.51, 473785, 2058
2602, 0, 68, 91, 66, 24, 3.14%, 0, 17, 8, 208.50, 474841, 2058
2607, 0, 68, 91, 66, 24, 3.14%, 0, 17, 8, 209.67, 475897, 2058
2612, 0, 68, 91, 66, 24, 3.14%, 0, 17, 8, 205.37, 476937, 2058
2617, 0, 68, 91, 66, 24, 3.14%, 0, 17, 8, 204.21, 477969, 2058
2622, 0, 68, 91, 66, 24, 3.14%, 0, 17, 8, 206.83, 479017, 2058
2627, 0, 68, 91, 66, 24, 3.14%, 0, 17, 8, 205.15, 480057, 2058
2632, 0, 68, 91, 66, 24, 3.14%, 0, 17, 8, 202.46, 481077, 2058
2637, 0, 68, 91, 66, 24, 3.14%, 0, 17, 8, 204.51, 482141, 2058
2642, 0, 68, 91, 66, 24, 3.14%, 0, 17, 8, 205.18, 483181, 2058
2647, 0, 68, 91, 66, 24, 3.14%, 0, 17, 8, 205.38, 484225, 2058
2652, 0, 68, 91, 66, 24, 3.14%, 0, 17, 8, 199.10, 485206, 2058
2657, 0, 68, 91, 66, 24, 3.14%, 0, 17, 8, 195.95, 486220, 2058
2663, 0, 68, 91, 66, 24, 3.14%, 0, 17, 8, 196.70, 487243, 2058
2668, 0, 68, 91, 66, 24, 3.14%, 0, 17, 8, 214.41, 488397, 2058
2673, 0, 68, 91, 66, 24, 3.14%, 0, 17, 8, 208.08, 489413, 2058
2678, 0, 68, 91, 66, 24, 3.14%, 0, 17, 8, 202.20, 490445, 2058
2683, 0, 68, 91, 66, 24, 3.14%, 0, 17, 8, 204.11, 491465, 2058
2688, 0, 68, 91, 66, 24, 3.14%, 0, 17, 8, 228.22, 492645, 2058
2693, 0, 68, 91, 66, 24, 3.14%, 0, 17, 8, 206.28, 493645, 2058
2698, 0, 68, 91, 66, 24, 3.14%, 0, 17, 8, 202.78, 494685, 2058
2703, 0, 68, 91, 66, 24, 3.14%, 0, 17, 8, 231.23, 495849, 2058
2708, 0, 73, 91, 65, 30, 3.14%, 0, 17, 8, 224.06, 496973, 2058
2713, 0, 73, 91, 65, 30, 3.14%, 0, 19, 8, 186.58, 497588, 2058
2719, 0, 73, 91, 65, 30, 3.14%, 0, 19, 8, 207.36, 498641, 2058
2724, 0, 73, 91, 65, 30, 3.14%, 0, 19, 8, 211.54, 499741, 2058
2729, 0, 73, 91, 65, 30, 3.14%, 0, 19, 8, 228.91, 500953, 2058
2734, 0, 73, 91, 65, 30, 3.14%, 0, 19, 8, 211.18, 502033, 2058
2739, 0, 73, 91, 65, 30, 3.14%, 0, 19, 8, 221.20, 503113, 2058
2744, 0, 73, 91, 65, 30, 3.14%, 0, 19, 8, 230.43, 504317, 2058
2749, 0, 73, 91, 65, 30, 3.14%, 0, 19, 8, 207.87, 505369, 2058
2754, 0, 73, 91, 65, 30, 3.14%, 0, 19, 8, 207.07, 506405, 2058
2759, 0, 77, 91, 64, 29, 3.14%, 0, 19, 8, 208.60, 507442, 2058
2764, 0, 77, 91, 64, 29, 3.14%, 0, 19, 8, 239.72, 508715, 2058
2770, 0, 77, 91, 64, 29, 3.14%, 0, 19, 8, 13.88, 509325, 2058
2775, 0, 77, 91, 64, 29, 3.14%, 0, 19, 8, 222.75, 510483, 2058
2780, 0, 74, 91, 63, 28, 3.14%, 0, 19, 8, 214.89, 511612, 2058
2786, 0, 74, 91, 63, 28, 3.14%, 0, 20, 8, 24.50, 512512, 2058
2791, 0, 74, 91, 63, 28, 3.14%, 0, 20, 8, 173.99, 513243, 2058
2796, 0, 74, 91, 63, 28, 3.14%, 0, 20, 8, 223.27, 514396, 2058
2801, 0, 74, 91, 63, 28, 3.14%, 0, 20, 8, 201.39, 515384, 2058
2806, 0, 74, 91, 63, 28, 3.14%, 0, 20, 8, 233.91, 516576, 2058
2811, 0, 74, 91, 63, 28, 3.14%, 0, 20, 8, 209.90, 517660, 2058
2816, 0, 74, 91, 63, 28, 3.14%, 0, 20, 8, 208.68, 518700, 2058
2821, 0, 74, 91, 63, 28, 3.14%, 0, 20, 8, 195.59, 519666, 2058
2826, 0, 74, 91, 63, 28, 3.14%, 0, 20, 8, 206.62, 520712, 2058
2831, 0, 74, 91, 63, 28, 3.14%, 0, 20, 8, 229.93, 521928, 2058
2836, 0, 45, 91, 62, 27, 3.14%, 0, 20, 8, 203.73, 522921, 2058
2841, 0, 45, 91, 62, 27, 3.14%, 0, 20, 8, 219.40, 524021, 2058
2847, 0, 45, 91, 62, 27, 3.14%, 0, 20, 8, 222.10, 525157, 2058
2852, 0, 45, 91, 62, 27, 3.14%, 0, 20, 8, 218.98, 526197, 2058
2857, 0, 45, 91, 62, 27, 3.14%, 0, 20, 8, 209.06, 527237, 2058
2862, 0, 45, 91, 62, 27, 3.14%, 0, 20, 8, 191.54, 528209, 2058
2867, 0, 84, 91, 61, 26, 3.14%, 0, 20, 8, 214.75, 529304, 2058
2872, 0, 84, 91, 61, 26, 3.14%, 0, 20, 8, 223.10, 530440, 2058
2877, 0, 84, 92, 62, 26, 3.14%, 0, 21, 9, 27.52, 531294, 2059
2883, 0, 84, 92, 62, 26, 3.14%, 0, 21, 9, 179.17, 532236, 2059
2889, 0, 84, 92, 62, 26, 3.14%, 0, 21, 9, 11.11, 532950, 2059
2894, 0, 84, 92, 62, 26, 3.14%, 0, 21, 9, 190.73, 533688, 2059
2899, 0, 84, 92, 62, 26, 3.14%, 0, 21, 9, 181.98, 534618, 2059
2904, 0, 84, 92, 62, 26, 3.14%, 0, 21, 9, 208.12, 535660, 2059
2909, 0, 84, 92, 62, 26, 3.14%, 0, 21, 9, 238.65, 536900, 2059
2914, 0, 84, 92, 62, 26, 3.14%, 0, 21, 9, 245.31, 538144, 2059
2919, 0, 84, 92, 62, 26, 3.14%, 0, 21, 9, 248.40, 539392, 2059
2924, 0, 84, 92, 62, 26, 3.14%, 0, 21, 9, 246.03, 540624, 2059
2929, 0, 84, 92, 62, 26, 3.14%, 0, 21, 9, 219.56, 541784, 2059
2934, 0, 84, 92, 62, 26, 3.14%, 0, 21, 9, 206.60, 542796, 2059
2939, 0, 84, 92, 62, 26, 3.14%, 0, 21, 9, 210.42, 543860, 2059
2944, 0, 84, 92, 62, 26, 3.14%, 0, 21, 9, 194.60, 544830, 2059
2950, 0, 84, 92, 62, 26, 3.14%, 0, 21, 9, 221.87, 545992, 2059
2955, 0, 84, 92, 62, 26, 3.14%, 0, 21, 9, 205.86, 547040, 2059
2960, 0, 84, 92, 62, 26, 3.14%, 0, 21, 9, 204.33, 548052, 2059
2965, 0, 84, 92, 62, 26, 3.14%, 0, 21, 9, 213.44, 549124, 2059
2970, 0, 84, 92, 62, 26, 3.14%, 0, 21, 9, 229.20, 550332, 2059
2975, 0, 84, 92, 62, 26, 3.14%, 0, 21, 9, 200.31, 551308, 2059
2980, 0, 84, 92, 62, 26, 3.14%, 0, 21, 9, 227.48, 552452, 2059
2985, 0, 84, 92, 62, 26, 3.14%, 0, 21, 9, 208.82, 553552, 2059
2990, 0, 84, 92, 62, 26, 3.14%, 0, 21, 9, 205.48, 554564, 2059
2995, 0, 84, 92, 62, 26, 3.14%, 0, 21, 9, 213.38, 555632, 2059
3000, 0, 84, 92, 62, 26, 3.14%, 0, 21, 9, 219.53, 556740, 2059
3005, 0, 84, 92, 62, 26, 3.14%, 0, 21, 9, 201.17, 557728, 2059
3010, 0, 49, 92, 61, 26, 3.14%, 0, 21, 9, 152.79, 558490, 2059
3015, 0, 49, 92, 61, 26, 3.14%, 0, 21, 9, 178.25, 559379, 2059
3020, 0, 49, 92, 61, 26, 3.14%, 0, 21, 9, 169.57, 560295, 2059
3026, 0, 49, 92, 61, 26, 3.14%, 0, 21, 9, 203.22, 561254, 2059
3031, 0, 49, 92, 61, 26, 3.14%, 0, 21, 9, 203.27, 562230, 2059
3036, 0, 49, 92, 61, 26, 3.14%, 0, 21, 9, 204.18, 563218, 2059
3041, 0, 83, 92, 60, 25, 3.14%, 0, 21, 9, 202.99, 564185, 2059
3046, 0, 83, 92, 60, 25, 3.14%, 0, 21, 9, 218.73, 565313, 2059
3051, 0, 83, 92, 60, 25, 3.14%, 0, 21, 9, 204.54, 566369, 2059
3056, 0, 83, 92, 60, 25, 3.14%, 0, 21, 9, 194.70, 567098, 2059
3061, 0, 83, 92, 60, 25, 3.14%, 0, 21, 9, 183.56, 568043, 2059
3066, 0, 83, 92, 60, 25, 3.14%, 0, 21, 9, 197.73, 569063, 2059
3071, 0, 83, 92, 60, 25, 3.14%, 0, 21, 9, 207.86, 570121, 2059
3076, 0, 83, 92, 60, 25, 3.14%, 0, 21, 9, 207.18, 571173, 2059
3082, 0, 83, 92, 60, 25, 3.14%, 0, 21, 9, 201.92, 572195, 2059
3087, 0, 83, 92, 60, 25, 3.14%, 0, 21, 9, 237.77, 573437, 2059
3092, 0, 83, 92, 60, 25, 3.14%, 0, 21, 9, 246.37, 574733, 2059
3098, 0, 83, 92, 60, 25, 3.14%, 0, 21, 9, 25.00, 575925, 2059
3103, 0, 83, 92, 60, 25, 3.14%, 0, 21, 9, 21.50, 575994, 2059
3108, 0, 83, 92, 60, 25, 3.14%, 0, 21, 9, 5.10, 576036, 2059
3114, 0, 83, 92, 60, 25, 3.14%, 0, 21, 9, 193.71, 577049, 2059
3119, 0, 83, 92, 60, 25, 3.14%, 0, 21, 9, 212.93, 578129, 2059
3124, 0, 83, 92, 60, 25, 3.14%, 0, 21, 9, 203.11, 579197, 2059
3129, 0, 83, 92, 60, 25, 3.14%, 0, 21, 9, 202.95, 580209, 2059
3134, 0, 83, 92, 60, 25, 3.14%, 0, 21, 9, 210.27, 581257, 2059
3139, 0, 83, 92, 60, 25, 3.14%, 0, 21, 9, 239.62, 582501, 2059
3144, 0, 83, 92, 60, 25, 3.14%, 0, 21, 9, 247.47, 583797, 2059
3149, 0, 83, 92, 60, 25, 3.14%, 0, 21, 9, 212.31, 584825, 2059
3154, 0, 83, 92, 60, 25, 3.14%, 0, 21, 9, 239.05, 586081, 2059
3159, 0, 83, 92, 60, 25, 3.14%, 0, 21, 9, 244.74, 587309, 2059
3164, 0, 83, 92, 60, 25, 3.14%, 0, 21, 9, 247.81, 588557, 2059
3169, 0, 44, 92, 59, 24, 3.14%, 0, 21, 9, 212.93, 589601, 2059
3175, 0, 44, 92, 59, 24, 3.14%, 0, 21, 9, 218.81, 590689, 2059
3180, 0, 44, 92, 59, 24, 3.14%, 0, 21, 9, 189.92, 591623, 2059
3185, 0, 44, 92, 59, 24, 3.14%, 0, 21, 9, 162.56, 592496, 2059
3190, 0, 44, 92, 59, 24, 3.14%, 0, 21, 9, 225.74, 593725, 2059
3195, 0, 44, 92, 59, 24, 3.14%, 0, 21, 9, 185.27, 594677, 2059
3200, 0, 25, 92, 58, 23, 3.14%, 0, 21, 9, 205.97, 595749, 2059
3205, 0, 25, 92, 58, 23, 3.14%, 0, 21, 9, 216.88, 596849, 2059
3210, 0, 25, 92, 58, 23, 3.14%, 0, 21, 9, 209.76, 597881, 2059
3215, 0, 25, 92, 58, 23, 3.14%, 0, 21, 9, 208.37, 598925, 2059
3220, 0, 30, 92, 57, 22, 3.14%, 0, 21, 9, 212.68, 600000, 2059
3225, 0, 30, 92, 57, 22, 3.14%, 0, 21, 9, 219.02, 601112, 2059
3230, 0, 30, 92, 57, 22, 3.14%, 0, 21, 9, 212.60, 602160, 2059
3235, 0, 30, 92, 57, 22, 3.14%, 0, 21, 9, 218.99, 603284, 2059
3240, 0, 80, 92, 56, 21, 3.14%, 0, 21, 9, 218.09, 604357, 2059
3246, 0, 80, 92, 56, 21, 3.14%, 0, 22, 9, 19.14, 605085, 2059
3251, 0, 80, 92, 56, 21, 3.14%, 0, 22, 9, 186.11, 606067, 2059
3257, 0, 80, 92, 56, 21, 3.14%, 0, 22, 9, 203.55, 607125, 2059
3262, 0, 80, 92, 56, 21, 3.14%, 0, 22, 9, 216.76, 608261, 2059
3267, 0, 80, 92, 56, 21, 3.14%, 0, 22, 9, 205.53, 609289, 2059
3272, 0, 80, 92, 56, 21, 3.14%, 0, 22, 9, 215.25, 610345, 2059
3277, 0, 80, 92, 56, 21, 3.14%, 0, 22, 9, 204.23, 611385, 2059
3282, 0, 80, 92, 56, 21, 3.14%, 0, 22, 9, 220.07, 612501, 2059
3287, 0, 80, 92, 56, 21, 3.14%, 0, 22, 9, 206.13, 613517, 2059
3292, 0, 80, 92, 56, 21, 3.14%, 0, 22, 9, 207.95, 614593, 2059
3297, 0, 72, 92, 55, 20, 3.14%, 0, 22, 9, 211.89, 615713, 2059
3302, 0, 72, 92, 55, 20, 3.14%, 0, 23, 9, 190.61, 616288, 2059
3307, 0, 72, 92, 55, 20, 3.14%, 0, 23, 9, 228.23, 617485, 2059
3312, 0, 72, 92, 55, 20, 3.14%, 0, 23, 9, 225.04, 618701, 2059
3318, 0, 72, 92, 55, 20, 3.14%, 0, 23, 9, 238.25, 619913, 2059
3323, 0, 72, 92, 55, 20, 3.14%, 0, 23, 9, 217.43, 621017, 2059
3328, 0, 72, 92, 55, 20, 3.14%, 0, 23, 9, 226.23, 622141, 2059
3333, 0, 72, 92, 55, 20, 3.14%, 0, 23, 9, 227.46, 623269, 2059
3338, 0, 72, 92, 55, 20, 3.14%, 0, 23, 9, 223.63, 624433, 2059
3343, 0, 72, 92, 55, 20, 3.14%, 0, 23, 9, 204.70, 625437, 2059
3348, 0, 76, 92, 54, 19, 3.14%, 0, 23, 9, 212.47, 626493, 2059
3353, 0, 76, 92, 54, 19, 3.14%, 0, 23, 9, 193.71, 627471, 2059
3358, 0, 76, 92, 54, 19, 3.14%, 0, 23, 9, 194.28, 628435, 2059
3363, 0, 76, 92, 54, 19, 3.14%, 0, 23, 9, 185.43, 629418, 2059
3368, 0, 76, 92, 54, 19, 3.14%, 0, 23, 9, 222.67, 630581, 2059
3373, 0, 76, 92, 54, 19, 3.14%, 0, 23, 9, 202.86, 631625, 2059
3379, 0, 76, 92, 54, 19, 3.14%, 0, 23, 9, 216.43, 632781, 2059
3384, 0, 76, 92, 54, 19, 3.14%, 0, 23, 9, 204.70, 633801, 2059
3389, 0, 76, 92, 54, 19, 3.14%, 0, 23, 9, 217.10, 634885, 2059
3394, 0, 76, 92, 54, 19, 3.14%, 0, 23, 9, 204.62, 635781, 2059
3399, 0, 76, 92, 54, 19, 3.14%, 0, 23, 9, 201.62, 636789, 2059
3404, 0, 73, 92, 53, 18, 3.14%, 0, 23, 9, 217.33, 637905, 2059
3409, 0, 73, 92, 53, 18, 3.14%, 0, 23, 9, 222.11, 639065, 2059
3414, 0, 73, 92, 53, 18, 3.14%, 0, 23, 9, 223.88, 640189, 2059
3419, 0, 73, 92, 53, 18, 3.14%, 0, 23, 9, 199.24, 641008, 2059
3424, 0, 73, 92, 53, 18, 3.14%, 0, 23, 9, 185.38, 641947, 2059
3429, 0, 73, 92, 53, 18, 3.14%, 0, 23, 9, 11.32, 642688, 2059
3434, 0, 73, 92, 53, 18, 3.14%, 0, 23, 9, 16.54, 643384, 2059
3440, 0, 73, 92, 53, 18, 3.14%, 0, 23, 9, 199.53, 644381, 2059
3445, 0, 73, 92, 53, 18, 3.14%, 0, 23, 9, 238.11, 645633, 2059
3450, 0, 73, 92, 53, 18, 3.14%, 0, 23, 9, 244.71, 646869, 2059
3455, 0, 73, 92, 53, 18, 3.14%, 0, 23, 9, 231.35, 648041, 2059
3460, 0, 73, 92, 53, 18, 3.14%, 0, 23, 9, 202.42, 649053, 2059
3465, 0, 73, 92, 53, 18, 3.14%, 0, 23, 9, 220.58, 650167, 2059
3470, 0, 73, 92, 53, 18, 3.14%, 0, 23, 9, 241.76, 651415, 2059
3475, 0, 73, 92, 53, 18, 3.14%, 0, 23, 9, 209.51, 652509, 2059
3480, 0, 73, 92, 53, 18, 3.14%, 0, 23, 9, 198.15, 653491, 2059
3485, 0, 73, 92, 53, 18, 3.14%, 0, 23, 9, 234.53, 654727, 2059
3491, 0, 73, 92, 53, 18, 3.14%, 0, 23, 9, 245.71, 656021, 2059
3496, 0, 73, 92, 53, 18, 3.14%, 0, 23, 9, 246.84, 657309, 2059
3501, 0, 73, 92, 53, 18, 3.14%, 0, 23, 9, 248.49, 658551, 2059
3506, 0, 73, 92, 53, 18, 3.14%, 0, 23, 9, 248.36, 659841, 2059
3511, 0, 73, 92, 53, 18, 3.14%, 0, 23, 9, 248.13, 661085, 2059
3516, 0, 73, 92, 53, 18, 3.14%, 0, 23, 9, 220.40, 662207, 2059
3521, 0, 73, 92, 53, 18, 3.14%, 0, 23, 9, 200.26, 663211, 2059
3526, 0, 73, 92, 53, 18, 3.14%, 0, 23, 9, 214.39, 664325, 2059
3532, 0, 73, 92, 53, 18, 3.14%, 0, 23, 9, 219.41, 665469, 2059
3537, 0, 73, 92, 53, 18, 3.14%, 0, 23, 9, 239.30, 666715, 2059
3542, 0, 73, 92, 53, 18, 3.14%, 0, 23, 9, 234.43, 667917, 2059
3547, 0, 73, 92, 53, 18, 3.14%, 0, 23, 9, 203.13, 668897, 2059
3552, 0, 73, 92, 53, 18, 3.14%, 0, 23, 9, 201.45, 669935, 2059
3557, 0, 73, 92, 53, 18, 3.14%, 0, 23, 9, 191.40, 670918, 2059
3562, 0, 73, 92, 53, 18, 3.14%, 0, 23, 9, 214.09, 672005, 2059
3568, 0, 73, 92, 53, 18, 3.14%, 0, 23, 9, 229.67, 673225, 2059
3573, 0, 73, 92, 53, 18, 3.14%, 0, 23, 9, 2.90, 673464, 2059
3578, 0, 73, 92, 53, 18, 3.14%, 0, 23, 9, 3.22, 673484, 2059
3583, 0, 73, 92, 53, 18, 3.14%, 0, 23, 9, 3.12, 673500, 2059
3588, 0, 73, 92, 53, 18, 3.14%, 0, 23, 9, 2.75, 673509, 2059
3593, 0, 73, 92, 53, 18, 3.14%, 0, 23, 9, 2.47, 673518, 2059
3598, 0, 73, 92, 53, 18, 3.14%, 0, 23, 9, 2.13, 673524, 2059
3603, 0, 73, 92, 53, 18, 3.14%, 0, 24, 9, 2.13, 673535, 2059
3608, 0, 73, 92, 53, 18, 3.14%, 0, 25, 9, 2.28, 673549, 2059
3613, 0, 73, 92, 53, 18, 3.14%, 0, 25, 9, 2.08, 673557, 2059
3618, 0, 73, 92, 53, 18, 3.14%, 0, 25, 9, 2.15, 673569, 2059
3623, 0, 73, 92, 53, 18, 3.14%, 0, 25, 9, 2.16, 673580, 2059
3628, 0, 73, 92, 53, 18, 3.14%, 0, 25, 9, 2.09, 673590, 2059
3633, 0, 73, 92, 53, 18, 3.14%, 0, 25, 9, 1.94, 673598, 2059
3638, 0, 73, 92, 53, 18, 3.14%, 0, 25, 9, 1.80, 673605, 2059
3643, 0, 73, 92, 53, 18, 3.14%, 0, 25, 9, 1.97, 673617, 2059
3648, 0, 73, 92, 53, 18, 3.14%, 0, 25, 9, 1.92, 673626, 2059
3653, 0, 73, 92, 53, 18, 3.14%, 0, 25, 9, 2.18, 673640, 2059
3659, 0, 73, 92, 53, 18, 3.14%, 0, 25, 9, 2.33, 673654, 2059
3664, 0, 73, 92, 53, 18, 3.14%, 0, 25, 9, 2.16, 673663, 2059
3669, 0, 73, 92, 53, 18, 3.14%, 0, 25, 9, 2.18, 673674, 2059
3674, 0, 73, 92, 53, 18, 3.14%, 0, 25, 9, 250.49, 674965, 2059
3679, 0, 86, 92, 53, 18, 3.14%, 0, 25, 9, 234.70, 676144, 2059
3684, 0, 86, 92, 53, 18, 3.14%, 0, 25, 9, 224.65, 677256, 2059
3689, 0, 86, 92, 53, 18, 3.14%, 0, 25, 9, 201.60, 678284, 2059
3694, 0, 86, 92, 53, 18, 3.14%, 0, 26, 9, 176.09, 679032, 2059
3699, 0, 86, 92, 53, 18, 3.14%, 0, 26, 9, 178.80, 679962, 2059
3704, 0, 86, 92, 53, 18, 3.14%, 0, 26, 9, 224.84, 681136, 2059
3710, 0, 86, 92, 53, 18, 3.14%, 0, 26, 9, 245.52, 682432, 2059
3715, 0, 86, 92, 53, 18, 3.14%, 0, 26, 9, 211.43, 683520, 2059
3720, 0, 86, 92, 53, 18, 3.14%, 0, 26, 9, 210.95, 684564, 2059
3725, 0, 86, 92, 53, 18, 3.14%, 0, 26, 9, 211.98, 685648, 2059
3730, 0, 86, 92, 53, 18, 3.14%, 0, 26, 9, 232.49, 686660, 2059
3735, 0, 86, 92, 53, 18, 3.14%, 0, 26, 9, 203.12, 687672, 2059
3740, 0, 86, 92, 53, 18, 3.14%, 0, 26, 9, 195.25, 688656, 2059
3745, 0, 86, 92, 53, 18, 3.14%, 0, 26, 9, 223.03, 689764, 2059
3751, 0, 86, 92, 53, 18, 3.14%, 0, 26, 9, 243.75, 691056, 2059
3756, 0, 86, 92, 53, 18, 3.14%, 0, 26, 9, 250.67, 692355, 2059
3761, 0, 86, 92, 53, 18, 3.14%, 0, 26, 9, 220.84, 693516, 2059
3766, 0, 86, 92, 53, 18, 3.14%, 0, 26, 9, 203.27, 694544, 2059
3771, 0, 86, 92, 53, 18, 3.14%, 0, 26, 9, 195.13, 695541, 2059
3776, 0, 86, 92, 53, 18, 3.14%, 0, 26, 9, 236.80, 696776, 2059
