# relative_time, cycles_done, cur_item, corpus_count, pending_total, pending_favs, map_size, saved_crashes, saved_hangs, max_depth, execs_per_sec, total_execs, edges_found
61, 0, 1, 33, 33, 2, 0.47%, 0, 0, 2, 98.32, 5893, 311
66, 0, 1, 34, 34, 2, 0.47%, 0, 0, 2, 98.94, 6394, 311
71, 0, 1, 34, 34, 2, 0.47%, 0, 0, 2, 98.73, 6897, 311
76, 0, 1, 34, 34, 2, 0.47%, 0, 0, 2, 98.87, 7398, 311
81, 0, 1, 34, 34, 2, 0.47%, 0, 0, 2, 98.86, 7899, 311
86, 0, 1, 34, 34, 2, 0.47%, 0, 0, 2, 98.72, 8401, 311
91, 0, 1, 36, 36, 2, 0.47%, 0, 0, 2, 98.60, 8905, 311
96, 0, 1, 36, 36, 2, 0.47%, 0, 0, 2, 98.78, 9406, 311
102, 0, 1, 36, 36, 2, 0.47%, 0, 0, 2, 98.96, 9908, 311
107, 0, 1, 37, 37, 2, 0.47%, 0, 0, 2, 99.05, 10410, 311
112, 0, 1, 37, 37, 2, 0.47%, 0, 0, 2, 99.12, 10912, 311
117, 0, 1, 38, 38, 2, 0.47%, 0, 0, 2, 96.82, 11414, 311
122, 0, 1, 38, 38, 2, 0.47%, 0, 0, 2, 97.23, 11904, 311
127, 0, 1, 39, 39, 2, 0.48%, 0, 0, 2, 98.50, 12405, 312
132, 0, 1, 39, 39, 2, 0.48%, 0, 0, 2, 98.67, 12907, 312
137, 0, 1, 39, 39, 2, 0.48%, 0, 0, 2, 99.08, 13409, 312
142, 0, 1, 39, 39, 2, 0.48%, 0, 0, 2, 99.09, 13911, 312
147, 0, 1, 40, 40, 2, 0.48%, 0, 0, 2, 99.06, 14414, 312
152, 0, 1, 40, 40, 2, 0.48%, 0, 0, 2, 99.18, 14915, 312
157, 0, 1, 40, 40, 2, 0.48%, 0, 0, 2, 99.00, 15419, 312
163, 0, 1, 40, 40, 2, 0.48%, 0, 0, 2, 99.14, 15921, 312
168, 0, 1, 40, 40, 2, 0.48%, 0, 0, 2, 95.23, 16410, 312
173, 0, 1, 42, 42, 2, 0.54%, 0, 0, 2, 95.07, 16887, 356
178, 0, 1, 66, 66, 2, 0.64%, 0, 0, 2, 122.24, 17546, 420
183, 0, 1, 67, 67, 2, 0.64%, 0, 0, 2, 127.60, 18200, 420
188, 0, 1, 69, 69, 2, 0.64%, 0, 0, 2, 137.65, 18916, 422
193, 0, 1, 69, 69, 2, 0.64%, 0, 0, 2, 143.81, 19648, 422
198, 0, 1, 71, 71, 2, 0.64%, 0, 0, 2, 138.67, 20368, 422
204, 0, 1, 71, 71, 2, 0.64%, 0, 0, 2, 142.07, 21106, 422
209, 0, 1, 71, 71, 2, 0.64%, 0, 0, 2, 141.50, 21832, 422
214, 0, 1, 73, 73, 2, 0.64%, 0, 0, 2, 144.63, 22586, 422
219, 0, 1, 73, 73, 2, 0.64%, 0, 0, 2, 146.27, 23334, 422
224, 0, 1, 73, 73, 2, 0.64%, 0, 0, 2, 145.80, 24070, 422
229, 0, 1, 74, 74, 2, 0.64%, 0, 0, 2, 143.81, 24814, 422
234, 0, 1, 74, 74, 2, 0.64%, 0, 0, 2, 140.09, 25508, 422
240, 0, 1, 74, 74, 2, 0.64%, 0, 0, 2, 141.79, 26246, 422
245, 0, 1, 75, 75, 2, 0.64%, 0, 0, 2, 145.53, 27006, 422
250, 0, 1, 76, 76, 2, 0.65%, 0, 0, 2, 138.74, 27700, 426
255, 0, 1, 78, 78, 2, 0.65%, 0, 0, 2, 140.38, 28400, 427
260, 0, 1, 78, 78, 2, 0.65%, 0, 0, 2, 137.69, 29092, 427
265, 0, 1, 78, 78, 2, 0.65%, 0, 0, 2, 138.94, 29818, 427
270, 0, 1, 78, 78, 2, 0.65%, 0, 0, 2, 142.29, 30570, 427
275, 0, 1, 78, 78, 2, 0.65%, 0, 0, 2, 138.93, 31286, 427
281, 0, 1, 78, 78, 2, 0.65%, 0, 0, 2, 146.23, 32058, 427
286, 0, 1, 79, 79, 2, 0.65%, 0, 0, 2, 142.12, 32784, 427
291, 0, 1, 80, 80, 2, 0.65%, 0, 0, 2, 149.73, 33556, 427
296, 0, 1, 80, 80, 2, 0.65%, 0, 0, 2, 109.36, 34064, 427
301, 0, 1, 80, 80, 2, 0.65%, 0, 0, 2, 101.25, 34566, 427
306, 0, 1, 80, 80, 2, 0.65%, 0, 0, 2, 99.55, 35075, 427
311, 0, 1, 80, 80, 2, 0.65%, 0, 0, 2, 99.70, 35581, 427
317, 0, 1, 80, 80, 2, 0.65%, 0, 0, 2, 97.70, 36077, 427
322, 0, 1, 81, 81, 2, 0.65%, 0, 0, 2, 98.63, 36575, 427
327, 0, 1, 81, 81, 2, 0.65%, 0, 0, 2, 99.42, 37081, 427
332, 0, 1, 81, 81, 2, 0.65%, 0, 0, 2, 99.02, 37581, 427
337, 0, 1, 81, 81, 2, 0.65%, 0, 0, 2, 99.11, 38084, 427
342, 0, 1, 81, 81, 2, 0.65%, 0, 0, 2, 99.30, 38589, 427
347, 0, 1, 81, 81, 2, 0.65%, 0, 0, 2, 99.08, 39091, 427
352, 0, 1, 81, 81, 2, 0.65%, 0, 0, 2, 99.48, 39595, 427
357, 0, 1, 81, 81, 2, 0.65%, 0, 0, 2, 99.54, 40105, 427
362, 0, 1, 81, 81, 2, 0.65%, 0, 0, 2, 99.56, 40611, 427
367, 0, 1, 81, 81, 2, 0.65%, 0, 0, 2, 99.48, 41117, 427
372, 0, 1, 82, 82, 2, 0.65%, 0, 0, 2, 99.25, 41620, 427
377, 0, 1, 82, 82, 2, 0.65%, 0, 0, 2, 99.53, 42125, 427
383, 0, 1, 82, 82, 2, 0.65%, 0, 0, 2, 97.18, 42617, 427
388, 0, 1, 82, 82, 2, 0.65%, 0, 0, 2, 98.70, 43117, 427
393, 0, 1, 82, 82, 2, 0.65%, 0, 0, 2, 99.39, 43621, 427
398, 0, 1, 82, 82, 2, 0.65%, 0, 0, 2, 99.65, 44128, 427
403, 0, 1, 82, 82, 2, 0.65%, 0, 0, 2, 99.54, 44635, 427
408, 0, 1, 82, 82, 2, 0.65%, 0, 0, 2, 99.78, 45142, 427
413, 0, 1, 82, 82, 2, 0.65%, 0, 0, 2, 99.56, 45645, 427
418, 0, 1, 82, 82, 2, 0.65%, 0, 0, 2, 99.40, 46149, 427
423, 0, 1, 82, 82, 2, 0.65%, 0, 0, 2, 99.69, 46657, 427
428, 0, 1, 82, 82, 2, 0.65%, 0, 0, 2, 99.45, 47165, 427
433, 0, 1, 82, 82, 2, 0.65%, 0, 0, 2, 99.27, 47670, 427
438, 0, 1, 82, 82, 2, 0.65%, 0, 0, 2, 99.61, 48176, 427
443, 0, 1, 82, 82, 2, 0.65%, 0, 0, 2, 99.89, 48684, 427
449, 0, 1, 82, 82, 2, 0.65%, 0, 0, 2, 97.23, 49175, 427
454, 0, 1, 82, 82, 2, 0.65%, 0, 0, 2, 99.26, 49684, 427
459, 0, 1, 82, 82, 2, 0.65%, 0, 0, 2, 102.00, 50204, 427
464, 0, 1, 82, 82, 2, 0.65%, 0, 0, 2, 104.08, 50724, 427
469, 0, 1, 82, 82, 2, 0.65%, 0, 0, 2, 103.08, 51258, 427
474, 0, 1, 82, 82, 2, 0.65%, 0, 0, 2, 102.51, 51782, 427
479, 0, 62, 83, 81, 22, 0.65%, 0, 0, 2, 119.22, 53491, 427
484, 0, 62, 84, 82, 22, 0.65%, 0, 0, 3, 106.19, 54019, 427
489, 0, 62, 84, 82, 22, 0.65%, 0, 0, 3, 106.07, 54567, 427
495, 0, 62, 84, 82, 22, 0.65%, 0, 0, 3, 103.20, 55093, 427
500, 0, 62, 84, 82, 22, 0.65%, 0, 0, 3, 103.81, 55629, 427
505, 0, 62, 84, 82, 22, 0.65%, 0, 0, 3, 102.86, 56153, 427
510, 0, 62, 84, 82, 22, 0.65%, 0, 0, 3, 102.84, 56677, 427
515, 0, 74, 84, 81, 21, 0.65%, 0, 0, 3, 639.40, 57797, 427
520, 0, 74, 85, 82, 21, 0.65%, 0, 0, 3, 675.36, 61227, 427
525, 0, 74, 85, 82, 21, 0.65%, 0, 0, 3, 677.55, 64683, 427
530, 0, 61, 85, 81, 19, 0.65%, 0, 0, 3, 102.30, 67247, 427
535, 0, 61, 85, 81, 19, 0.65%, 0, 0, 3, 116.65, 67885, 427
541, 0, 61, 85, 81, 19, 0.65%, 0, 0, 3, 135.51, 68533, 427
546, 0, 61, 85, 81, 19, 0.65%, 0, 0, 3, 109.41, 69053, 427
551, 0, 61, 86, 82, 19, 0.65%, 0, 0, 3, 102.61, 69565, 427
556, 0, 61, 87, 83, 19, 0.65%, 0, 0, 3, 101.70, 70089, 427
561, 0, 37, 89, 84, 17, 0.65%, 0, 0, 3, 100.85, 70596, 427
566, 0, 37, 89, 84, 17, 0.65%, 0, 0, 3, 99.91, 71096, 427
571, 0, 37, 89, 84, 17, 0.65%, 0, 0, 3, 122.08, 71716, 427
576, 0, 37, 89, 84, 17, 0.65%, 0, 0, 3, 135.88, 72428, 427
581, 0, 37, 89, 84, 17, 0.65%, 0, 0, 3, 105.85, 72918, 427
586, 0, 37, 89, 84, 17, 0.65%, 0, 0, 3, 101.28, 73436, 427
591, 0, 37, 89, 84, 17, 0.65%, 0, 0, 3, 102.70, 73958, 427
596, 0, 37, 89, 84, 17, 0.65%, 0, 0, 3, 102.26, 74472, 427
601, 0, 37, 89, 84, 17, 0.65%, 0, 0, 3, 103.48, 74996, 427
606, 0, 76, 89, 83, 17, 0.65%, 0, 0, 3, 672.03, 76026, 427
611, 0, 76, 89, 83, 17, 0.65%, 0, 0, 3, 672.47, 79414, 427
617, 0, 76, 94, 88, 17, 0.67%, 0, 0, 3, 666.71, 82804, 437
622, 0, 76, 95, 89, 17, 0.67%, 0, 0, 3, 667.19, 86224, 439
627, 0, 92, 97, 90, 18, 0.67%, 0, 0, 3, 664.51, 89615, 439
632, 0, 92, 98, 91, 18, 0.67%, 0, 0, 4, 663.24, 92963, 439
637, 0, 92, 98, 91, 18, 0.67%, 0, 0, 4, 102.79, 94031, 439
642, 0, 92, 98, 91, 18, 0.67%, 0, 0, 4, 657.44, 97257, 439
647, 0, 90, 98, 90, 17, 0.67%, 0, 0, 4, 653.96, 100542, 439
652, 0, 90, 98, 90, 17, 0.67%, 0, 0, 4, 664.11, 103912, 439
657, 0, 95, 98, 89, 16, 0.67%, 0, 0, 4, 678.96, 107328, 439
662, 0, 95, 100, 91, 16, 0.67%, 0, 0, 4, 675.98, 110733, 439
667, 0, 95, 101, 92, 16, 0.67%, 0, 0, 4, 681.15, 114147, 439
672, 0, 54, 101, 91, 15, 0.67%, 0, 0, 4, 678.40, 117557, 439
677, 0, 54, 102, 92, 15, 0.67%, 0, 0, 4, 678.64, 120995, 439
682, 0, 74, 102, 91, 14, 0.67%, 0, 0, 4, 671.35, 124406, 439
687, 0, 74, 102, 91, 14, 0.67%, 0, 0, 4, 677.09, 127821, 439
692, 0, 74, 104, 93, 14, 0.67%, 0, 0, 4, 681.87, 131243, 440
697, 0, 74, 104, 93, 14, 0.67%, 0, 0, 4, 680.42, 134675, 440
702, 0, 74, 104, 93, 14, 0.67%, 0, 0, 4, 680.53, 138108, 440
707, 0, 74, 104, 93, 14, 0.67%, 0, 0, 4, 680.53, 141527, 440
712, 0, 74, 104, 93, 14, 0.67%, 0, 0, 4, 663.27, 144829, 440
718, 0, 74, 104, 93, 14, 0.67%, 0, 0, 4, 671.40, 148247, 440
723, 0, 74, 104, 93, 14, 0.67%, 0, 0, 4, 672.67, 151667, 440
728, 0, 74, 104, 93, 14, 0.67%, 0, 0, 4, 677.70, 155081, 440
733, 0, 74, 105, 94, 14, 0.68%, 0, 0, 4, 670.46, 158457, 444
738, 0, 74, 105, 94, 14, 0.68%, 0, 0, 4, 674.25, 161881, 444
743, 0, 74, 105, 94, 14, 0.68%, 0, 0, 4, 682.77, 165308, 444
748, 0, 74, 107, 96, 14, 0.68%, 0, 0, 4, 670.03, 168704, 444
753, 0, 77, 107, 96, 16, 0.68%, 0, 0, 4, 653.93, 172092, 444
758, 0, 77, 107, 96, 16, 0.68%, 0, 0, 4, 128.76, 172769, 444
763, 0, 77, 107, 96, 16, 0.68%, 0, 0, 4, 110.88, 173305, 444
768, 0, 77, 107, 96, 16, 0.68%, 0, 0, 4, 106.00, 173839, 444
773, 0, 77, 107, 96, 16, 0.68%, 0, 0, 4, 105.36, 174371, 444
779, 0, 77, 107, 96, 16, 0.68%, 0, 0, 4, 102.33, 174885, 444
784, 0, 106, 108, 96, 15, 0.68%, 0, 0, 4, 668.26, 178121, 444
789, 0, 106, 108, 96, 15, 0.68%, 0, 0, 4, 100.16, 180229, 444
794, 0, 78, 110, 97, 13, 0.68%, 0, 0, 4, 608.53, 182994, 444
799, 0, 78, 110, 97, 13, 0.68%, 0, 0, 4, 105.21, 183752, 444
804, 0, 78, 111, 98, 13, 0.68%, 0, 0, 4, 105.05, 184282, 444
809, 0, 78, 111, 98, 13, 0.68%, 0, 0, 4, 105.10, 184816, 444
814, 0, 78, 111, 98, 13, 0.68%, 0, 0, 4, 104.71, 185348, 444
819, 0, 78, 111, 98, 13, 0.68%, 0, 0, 4, 106.29, 185886, 444
824, 0, 78, 111, 98, 13, 0.68%, 0, 0, 4, 106.08, 186426, 444
829, 0, 107, 111, 97, 12, 0.68%, 0, 0, 4, 653.47, 187138, 444
834, 0, 107, 112, 98, 12, 0.68%, 0, 0, 5, 675.01, 190547, 444
839, 0, 107, 112, 98, 12, 0.68%, 0, 0, 5, 668.16, 193944, 444
845, 0, 107, 112, 98, 12, 0.68%, 0, 0, 5, 649.85, 197196, 444
850, 0, 107, 113, 99, 12, 0.68%, 0, 0, 5, 662.40, 200601, 444
855, 0, 107, 113, 99, 12, 0.68%, 0, 0, 5, 668.50, 204013, 444
860, 0, 107, 113, 99, 12, 0.68%, 0, 0, 5, 675.25, 207456, 444
865, 0, 102, 114, 99, 11, 0.68%, 0, 0, 5, 687.56, 210888, 444
870, 0, 102, 114, 99, 11, 0.68%, 0, 0, 5, 680.94, 214304, 444
875, 0, 102, 114, 99, 11, 0.68%, 0, 0, 5, 99.00, 216088, 444
880, 0, 88, 114, 98, 10, 0.68%, 0, 0, 5, 107.79, 218496, 444
885, 0, 88, 114, 98, 10, 0.68%, 0, 0, 5, 111.33, 219070, 444
890, 0, 88, 114, 98, 10, 0.68%, 0, 0, 5, 107.17, 219600, 444
895, 0, 88, 114, 98, 10, 0.68%, 0, 0, 5, 109.08, 220210, 444
900, 0, 112, 115, 98, 9, 0.68%, 0, 0, 6, 673.49, 221629, 444
905, 0, 112, 115, 98, 9, 0.68%, 0, 0, 6, 672.31, 225039, 444
910, 0, 112, 115, 98, 9, 0.68%, 0, 0, 6, 664.20, 228371, 444
916, 0, 112, 115, 98, 9, 0.68%, 0, 0, 6, 670.11, 231759, 444
921, 0, 112, 115, 98, 9, 0.68%, 0, 0, 6, 664.43, 235132, 444
926, 0, 112, 115, 98, 9, 0.68%, 0, 0, 6, 675.21, 238562, 444
931, 0, 112, 115, 98, 9, 0.68%, 0, 0, 6, 669.36, 241939, 444
936, 0, 51, 115, 97, 8, 0.68%, 0, 0, 6, 130.41, 242688, 444
941, 0, 51, 115, 97, 8, 0.68%, 0, 0, 6, 112.05, 243228, 444
946, 0, 51, 115, 97, 8, 0.68%, 0, 0, 6, 106.80, 243760, 444
951, 0, 51, 115, 97, 8, 0.68%, 0, 0, 6, 106.49, 244296, 444
956, 0, 62, 115, 96, 7, 0.68%, 0, 0, 6, 100.48, 245686, 444
961, 0, 62, 115, 96, 7, 0.68%, 0, 0, 6, 102.30, 246209, 444
966, 0, 62, 115, 96, 7, 0.68%, 0, 0, 6, 106.71, 246760, 444
971, 0, 62, 115, 96, 7, 0.68%, 0, 0, 6, 104.72, 247286, 444
976, 0, 62, 115, 96, 7, 0.68%, 0, 0, 6, 108.96, 247834, 444
982, 0, 62, 115, 96, 7, 0.68%, 0, 0, 6, 106.76, 248386, 444
987, 0, 62, 115, 96, 7, 0.68%, 0, 0, 6, 103.63, 248916, 444
992, 0, 62, 115, 96, 7, 0.68%, 0, 0, 6, 100.83, 250393, 444
997, 0, 62, 115, 96, 7, 0.68%, 0, 0, 6, 102.50, 250920, 444
1002, 0, 62, 115, 96, 7, 0.68%, 0, 0, 6, 106.69, 251466, 444
1007, 0, 62, 115, 96, 7, 0.68%, 0, 0, 6, 102.79, 252207, 444
1012, 0, 62, 115, 96, 7, 0.68%, 0, 0, 6, 106.11, 252751, 444
1017, 0, 62, 115, 96, 7, 0.68%, 0, 0, 6, 106.94, 253294, 444
1023, 0, 62, 115, 96, 7, 0.68%, 0, 0, 6, 104.86, 253824, 444
1028, 0, 76, 115, 96, 7, 0.68%, 0, 0, 6, 649.35, 254960, 444
1033, 0, 76, 115, 96, 7, 0.68%, 0, 0, 6, 672.09, 258370, 444
1038, 0, 76, 115, 96, 7, 0.68%, 0, 0, 6, 661.78, 261738, 444
1043, 0, 76, 116, 97, 7, 0.68%, 0, 0, 6, 661.56, 265147, 444
1048, 0, 76, 116, 97, 7, 0.68%, 0, 0, 6, 671.34, 268548, 444
1053, 0, 76, 116, 97, 7, 0.68%, 0, 0, 6, 673.92, 271949, 444
1058, 0, 76, 117, 98, 7, 0.68%, 0, 0, 6, 670.71, 275365, 444
1063, 0, 46, 117, 98, 8, 0.68%, 0, 0, 6, 102.50, 276376, 444
1068, 0, 46, 117, 98, 8, 0.68%, 0, 0, 6, 102.87, 276900, 444
1073, 0, 46, 117, 98, 8, 0.68%, 0, 0, 6, 109.80, 277512, 444
1079, 0, 116, 117, 97, 7, 0.68%, 0, 0, 6, 641.39, 280070, 444
1084, 0, 116, 117, 97, 7, 0.68%, 0, 0, 6, 673.33, 283507, 444
1089, 0, 59, 117, 96, 6, 0.68%, 0, 0, 6, 106.18, 286280, 444
1094, 0, 59, 117, 96, 6, 0.68%, 0, 0, 6, 110.83, 286856, 444
1099, 0, 59, 117, 96, 6, 0.68%, 0, 0, 6, 103.82, 287486, 444
1104, 0, 59, 117, 96, 6, 0.68%, 0, 0, 6, 102.15, 288006, 444
1109, 0, 46, 117, 95, 5, 0.68%, 0, 0, 6, 102.09, 288524, 444
1114, 0, 46, 117, 95, 5, 0.68%, 0, 0, 6, 102.95, 289230, 444
1119, 0, 46, 117, 95, 5, 0.68%, 0, 0, 6, 311.20, 289874, 444
1124, 0, 46, 117, 95, 5, 0.68%, 0, 0, 6, 150.49, 290393, 444
1129, 0, 28, 117, 95, 5, 0.68%, 0, 0, 6, 113.10, 290920, 444
1135, 0, 28, 117, 95, 5, 0.68%, 0, 0, 6, 107.72, 291491, 444
1140, 0, 28, 117, 95, 5, 0.68%, 0, 0, 6, 104.15, 292016, 444
1145, 0, 28, 117, 95, 5, 0.68%, 0, 0, 6, 104.13, 292544, 444
1150, 0, 62, 117, 94, 4, 0.68%, 0, 0, 6, 102.22, 293812, 444
1155, 0, 62, 117, 94, 4, 0.68%, 0, 0, 6, 107.40, 294363, 444
1160, 0, 62, 117, 94, 4, 0.68%, 0, 0, 6, 103.26, 295110, 444
1165, 0, 62, 117, 94, 4, 0.68%, 0, 0, 6, 103.55, 295648, 444
1170, 0, 62, 117, 94, 4, 0.68%, 0, 0, 6, 102.46, 296176, 444
1176, 0, 62, 117, 94, 4, 0.68%, 0, 0, 6, 103.77, 296702, 444
1181, 0, 62, 117, 94, 4, 0.68%, 0, 0, 6, 103.50, 297233, 444
1186, 0, 90, 117, 94, 4, 0.68%, 0, 0, 6, 633.11, 299432, 444
1191, 0, 90, 117, 94, 4, 0.68%, 0, 0, 6, 99.65, 302449, 444
1196, 0, 90, 117, 94, 4, 0.68%, 0, 0, 6, 685.78, 304318, 444
1201, 0, 65, 117, 94, 4, 0.68%, 0, 0, 6, 110.03, 306047, 444
1206, 0, 65, 117, 94, 4, 0.68%, 0, 0, 6, 107.59, 306611, 444
1211, 0, 65, 117, 94, 4, 0.68%, 0, 0, 6, 104.59, 307137, 444
1216, 0, 65, 117, 94, 4, 0.68%, 0, 0, 6, 103.40, 307665, 444
