# relative_time, cycles_done, cur_item, corpus_count, pending_total, pending_favs, map_size, saved_crashes, saved_hangs, max_depth, execs_per_sec, total_execs, edges_found
61, 0, 28, 31, 18, 1, 1.22%, 0, 0, 3, 227.92, 10814, 802
66, 0, 4, 31, 17, 0, 1.22%, 0, 0, 3, 140.21, 11579, 802
71, 0, 14, 32, 18, 0, 1.22%, 0, 0, 3, 225.60, 12857, 802
76, 0, 14, 33, 19, 0, 1.22%, 0, 0, 3, 239.58, 14085, 802
81, 0, 32, 33, 18, 1, 1.22%, 0, 0, 3, 245.64, 15321, 802
87, 0, 30, 33, 17, 0, 1.22%, 0, 0, 3, 278.70, 16842, 802
92, 1, 17, 33, 17, 0, 1.22%, 0, 0, 3, 263.00, 18172, 802
97, 1, 1, 33, 17, 0, 1.22%, 0, 0, 3, 283.49, 19638, 802
102, 1, 31, 33, 17, 0, 1.22%, 0, 0, 3, 261.40, 21005, 802
107, 1, 30, 33, 17, 0, 1.22%, 0, 0, 3, 286.97, 22461, 802
112, 1, 30, 34, 18, 0, 1.22%, 0, 0, 4, 288.96, 23923, 802
117, 1, 32, 34, 17, 0, 1.22%, 0, 0, 4, 296.91, 25386, 802
122, 2, 32, 34, 17, 0, 1.22%, 0, 0, 4, 301.21, 26919, 802
127, 2, 32, 34, 17, 0, 1.22%, 0, 0, 4, 298.21, 28404, 802
132, 2, 32, 34, 17, 0, 1.22%, 0, 0, 4, 307.59, 29953, 802
137, 2, 32, 34, 17, 0, 1.22%, 0, 0, 4, 287.80, 31403, 802
142, 2, 31, 35, 17, 0, 1.22%, 0, 0, 4, 265.32, 32759, 802
147, 2, 34, 35, 16, 0, 1.22%, 0, 0, 4, 258.21, 34052, 802
152, 3, 30, 35, 16, 0, 1.22%, 0, 0, 4, 259.48, 35347, 802
157, 3, 34, 35, 16, 0, 1.22%, 0, 0, 4, 263.38, 36706, 802
162, 3, 1, 35, 16, 0, 1.22%, 0, 0, 4, 209.98, 37742, 802
167, 3, 30, 35, 16, 0, 1.22%, 0, 0, 4, 250.18, 39072, 802
173, 3, 34, 35, 16, 0, 1.22%, 0, 0, 4, 258.87, 40462, 802
178, 3, 34, 35, 16, 0, 1.22%, 0, 0, 4, 256.08, 41745, 802
183, 3, 34, 35, 16, 0, 1.22%, 0, 0, 4, 250.39, 43018, 802
188, 3, 34, 35, 16, 0, 1.22%, 0, 0, 4, 254.73, 44310, 802
193, 4, 34, 35, 16, 0, 1.22%, 0, 0, 4, 261.34, 45627, 802
198, 4, 34, 35, 16, 0, 1.22%, 0, 0, 4, 256.14, 46917, 802
203, 4, 34, 35, 16, 0, 1.22%, 0, 0, 4, 258.38, 48213, 802
208, 4, 34, 35, 16, 0, 1.22%, 0, 0, 4, 251.11, 49477, 802
213, 4, 34, 35, 16, 0, 1.22%, 0, 0, 4, 256.81, 50792, 802
218, 4, 34, 35, 16, 0, 1.22%, 0, 0, 4, 259.76, 52106, 802
223, 4, 34, 35, 16, 0, 1.22%, 0, 0, 4, 256.21, 53380, 802
228, 4, 17, 35, 16, 0, 1.22%, 0, 0, 4, 253.24, 54652, 802
233, 4, 34, 35, 16, 0, 1.22%, 0, 0, 4, 262.83, 55997, 802
238, 5, 34, 35, 16, 0, 1.22%, 0, 0, 4, 258.58, 57331, 802
243, 5, 34, 35, 16, 0, 1.22%, 0, 0, 4, 258.94, 58631, 802
249, 5, 30, 35, 16, 0, 1.22%, 0, 0, 4, 257.78, 59976, 802
254, 5, 30, 35, 16, 0, 1.22%, 0, 0, 4, 261.22, 61325, 802
259, 5, 34, 35, 16, 0, 1.22%, 0, 0, 4, 262.33, 62675, 802
264, 5, 16, 35, 16, 0, 1.22%, 0, 0, 4, 260.70, 64034, 802
269, 6, 30, 35, 15, 0, 1.22%, 0, 0, 4, 281.46, 65519, 802
274, 6, 34, 35, 15, 0, 1.22%, 0, 0, 4, 250.67, 66784, 802
279, 6, 34, 35, 15, 0, 1.22%, 0, 0, 4, 246.43, 68042, 802
284, 6, 34, 35, 15, 0, 1.22%, 0, 0, 4, 257.84, 69362, 802
290, 6, 34, 35, 15, 0, 1.22%, 0, 0, 4, 264.60, 70756, 802
295, 6, 30, 35, 15, 0, 1.22%, 0, 0, 4, 274.75, 72138, 802
300, 6, 25, 36, 16, 0, 1.23%, 0, 0, 4, 86.13, 72989, 803
305, 7, 32, 36, 16, 1, 1.23%, 0, 0, 4, 247.73, 74428, 803
310, 7, 34, 36, 15, 0, 1.23%, 0, 0, 4, 227.50, 75503, 803
315, 7, 34, 36, 15, 0, 1.23%, 0, 0, 4, 251.37, 76854, 803
320, 7, 2, 36, 14, 0, 1.23%, 0, 0, 4, 264.30, 78168, 803
325, 7, 34, 36, 14, 0, 1.23%, 0, 0, 4, 261.11, 79486, 803
330, 7, 30, 36, 14, 0, 1.23%, 0, 0, 4, 258.20, 80787, 803
335, 8, 30, 36, 14, 0, 1.23%, 0, 0, 4, 261.41, 82094, 803
340, 8, 34, 36, 14, 0, 1.23%, 0, 0, 4, 277.95, 83507, 803
345, 8, 34, 36, 14, 0, 1.23%, 0, 0, 4, 262.35, 84808, 803
350, 8, 30, 36, 14, 0, 1.23%, 0, 0, 4, 273.03, 86174, 803
356, 8, 34, 36, 14, 0, 1.23%, 0, 0, 4, 246.29, 87336, 803
361, 8, 30, 36, 14, 0, 1.23%, 0, 0, 4, 253.11, 88608, 803
366, 9, 4, 36, 14, 0, 1.23%, 0, 0, 4, 253.24, 89926, 803
371, 9, 34, 36, 14, 0, 1.23%, 0, 0, 4, 256.26, 91217, 803
376, 9, 30, 36, 14, 0, 1.23%, 0, 0, 4, 265.16, 92548, 803
381, 9, 22, 36, 14, 0, 1.23%, 0, 0, 4, 258.16, 93832, 803
386, 9, 34, 36, 13, 0, 1.23%, 0, 0, 4, 265.82, 95198, 803
391, 9, 30, 36, 13, 0, 1.23%, 0, 0, 4, 262.74, 96543, 803
396, 10, 1, 36, 13, 0, 1.23%, 0, 0, 4, 267.81, 97888, 803
401, 10, 30, 36, 13, 0, 1.23%, 0, 0, 4, 259.37, 99236, 803
406, 10, 34, 36, 13, 0, 1.23%, 0, 0, 4, 259.85, 100550, 803
412, 10, 34, 36, 13, 0, 1.23%, 0, 0, 4, 258.30, 101855, 803
417, 10, 34, 36, 13, 0, 1.23%, 0, 0, 4, 246.81, 103078, 803
422, 10, 30, 36, 13, 0, 1.23%, 0, 0, 4, 253.52, 104360, 803
427, 11, 34, 36, 13, 0, 1.23%, 0, 0, 4, 232.73, 105530, 803
432, 11, 34, 36, 13, 0, 1.23%, 0, 0, 4, 253.25, 106863, 803
437, 11, 34, 36, 13, 0, 1.23%, 0, 0, 4, 265.87, 108217, 803
442, 11, 34, 36, 13, 0, 1.23%, 0, 0, 4, 264.88, 109541, 803
447, 11, 30, 36, 13, 0, 1.23%, 0, 0, 4, 268.30, 110904, 803
452, 11, 34, 36, 13, 0, 1.23%, 0, 0, 4, 292.30, 112407, 803
457, 11, 34, 36, 13, 0, 1.23%, 0, 0, 4, 282.24, 113850, 803
462, 12, 34, 36, 13, 0, 1.23%, 0, 0, 4, 263.95, 115154, 803
467, 12, 34, 36, 12, 0, 1.23%, 0, 0, 4, 275.96, 116583, 803
472, 12, 30, 36, 12, 0, 1.23%, 0, 0, 4, 258.43, 117858, 803
477, 12, 30, 36, 12, 0, 1.23%, 0, 0, 4, 278.39, 119311, 803
483, 12, 34, 36, 12, 0, 1.23%, 0, 0, 4, 213.42, 120409, 803
488, 12, 34, 36, 12, 0, 1.23%, 0, 0, 4, 254.79, 121742, 803
493, 13, 34, 36, 12, 0, 1.23%, 0, 0, 4, 265.55, 123105, 803
498, 13, 34, 36, 12, 0, 1.23%, 0, 0, 4, 282.60, 124605, 803
503, 13, 34, 36, 12, 0, 1.23%, 0, 0, 4, 278.50, 125979, 803
508, 13, 34, 36, 12, 0, 1.23%, 0, 0, 4, 275.31, 127417, 803
513, 13, 19, 36, 12, 0, 1.23%, 0, 0, 4, 289.94, 128851, 803
518, 13, 34, 36, 12, 0, 1.23%, 0, 0, 4, 273.04, 130215, 803
523, 14, 34, 36, 12, 0, 1.23%, 0, 0, 4, 262.87, 131542, 803
528, 14, 34, 36, 12, 0, 1.23%, 0, 0, 4, 271.41, 132968, 803
533, 14, 34, 36, 12, 0, 1.23%, 0, 0, 4, 265.82, 134327, 803
538, 14, 34, 36, 12, 0, 1.23%, 0, 0, 4, 268.51, 135709, 803
543, 14, 30, 36, 12, 0, 1.23%, 0, 0, 4, 271.93, 137085, 803
549, 14, 30, 36, 12, 0, 1.23%, 0, 0, 4, 280.25, 138543, 803
554, 15, 30, 36, 12, 0, 1.23%, 0, 0, 4, 278.29, 139913, 803
559, 15, 30, 36, 12, 0, 1.23%, 0, 0, 4, 266.47, 141311, 803
564, 15, 34, 36, 12, 0, 1.23%, 0, 0, 4, 268.12, 142679, 803
569, 15, 1, 36, 12, 0, 1.23%, 0, 0, 4, 271.90, 144055, 803
574, 15, 34, 36, 12, 0, 1.23%, 0, 0, 4, 266.89, 145379, 803
579, 15, 34, 36, 12, 0, 1.23%, 0, 0, 4, 270.42, 146746, 803
584, 15, 34, 36, 12, 0, 1.23%, 0, 0, 4, 267.76, 148067, 803
589, 16, 30, 36, 12, 0, 1.23%, 0, 0, 4, 277.13, 149531, 803
594, 16, 34, 36, 12, 0, 1.23%, 0, 0, 4, 272.99, 150927, 803
599, 16, 34, 36, 12, 0, 1.23%, 0, 0, 4, 266.85, 152301, 803
605, 16, 34, 36, 12, 0, 1.23%, 0, 0, 4, 257.74, 153629, 803
610, 17, 34, 36, 12, 0, 1.23%, 0, 0, 4, 275.78, 155081, 803
615, 17, 30, 36, 12, 0, 1.23%, 0, 0, 4, 280.84, 156477, 803
620, 17, 17, 36, 12, 0, 1.23%, 0, 0, 4, 267.61, 157813, 803
625, 17, 30, 36, 12, 0, 1.23%, 0, 0, 4, 285.55, 159253, 803
630, 17, 34, 36, 12, 0, 1.23%, 0, 0, 4, 278.70, 160655, 803
635, 17, 34, 36, 12, 0, 1.23%, 0, 0, 4, 260.50, 161956, 803
640, 18, 34, 36, 12, 0, 1.23%, 0, 0, 4, 267.27, 163312, 803
645, 18, 34, 36, 12, 0, 1.23%, 0, 0, 4, 276.68, 164706, 803
650, 18, 30, 36, 12, 0, 1.23%, 0, 0, 4, 281.81, 166166, 803
655, 18, 30, 36, 11, 0, 1.23%, 0, 0, 4, 271.69, 167528, 803
660, 18, 34, 36, 11, 0, 1.23%, 0, 0, 4, 277.54, 168983, 803
666, 19, 30, 36, 11, 0, 1.23%, 0, 0, 4, 277.04, 170432, 803
671, 19, 34, 36, 11, 0, 1.23%, 0, 0, 4, 266.95, 171791, 803
676, 19, 34, 36, 11, 0, 1.23%, 0, 0, 4, 275.61, 173222, 803
681, 19, 34, 36, 11, 0, 1.23%, 0, 0, 4, 272.79, 174660, 803
686, 19, 30, 36, 11, 0, 1.23%, 0, 0, 4, 271.72, 176078, 803
691, 19, 30, 36, 11, 0, 1.23%, 0, 0, 4, 236.57, 177339, 803
696, 20, 34, 36, 11, 0, 1.23%, 0, 0, 4, 262.41, 178762, 803
702, 20, 34, 36, 11, 0, 1.23%, 0, 0, 4, 272.04, 180208, 803
707, 20, 34, 36, 11, 0, 1.23%, 0, 0, 4, 269.07, 181546, 803
712, 20, 30, 36, 11, 0, 1.23%, 0, 0, 4, 275.78, 182992, 803
717, 20, 34, 36, 10, 0, 1.23%, 0, 0, 4, 272.42, 184354, 803
722, 20, 34, 36, 10, 0, 1.23%, 0, 0, 4, 274.33, 185758, 803
727, 21, 34, 36, 10, 0, 1.23%, 0, 0, 4, 278.64, 187135, 803
732, 21, 30, 36, 10, 0, 1.23%, 0, 0, 4, 273.37, 188522, 803
737, 21, 34, 36, 10, 0, 1.23%, 0, 0, 4, 257.23, 189811, 803
742, 21, 30, 36, 10, 0, 1.23%, 0, 0, 4, 273.77, 191263, 803
748, 21, 17, 36, 10, 0, 1.23%, 0, 0, 4, 285.29, 192704, 803
753, 22, 34, 36, 10, 0, 1.23%, 0, 0, 4, 267.39, 194013, 803
758, 22, 34, 36, 10, 0, 1.23%, 0, 0, 4, 269.64, 195364, 803
763, 22, 34, 36, 10, 0, 1.23%, 0, 0, 4, 269.88, 196708, 803
768, 22, 30, 36, 10, 0, 1.23%, 0, 0, 4, 272.90, 198068, 803
773, 22, 34, 36, 9, 0, 1.23%, 0, 0, 4, 277.67, 199450, 803
778, 22, 12, 36, 9, 0, 1.23%, 0, 0, 4, 271.76, 200864, 803
783, 23, 32, 36, 8, 0, 1.23%, 0, 0, 4, 206.70, 201877, 803
788, 23, 34, 36, 8, 0, 1.23%, 0, 0, 4, 256.76, 203263, 803
793, 23, 34, 36, 8, 0, 1.23%, 0, 0, 4, 271.21, 204638, 803
798, 23, 30, 36, 8, 0, 1.23%, 0, 0, 4, 276.57, 206055, 803
803, 23, 34, 36, 8, 0, 1.23%, 0, 0, 4, 264.32, 207392, 803
808, 23, 34, 36, 8, 0, 1.23%, 0, 0, 4, 245.38, 208579, 803
813, 23, 30, 36, 8, 0, 1.23%, 0, 0, 4, 271.00, 209927, 803
818, 24, 30, 36, 8, 0, 1.23%, 0, 0, 4, 270.74, 211290, 803
824, 24, 30, 36, 8, 0, 1.23%, 0, 0, 4, 300.46, 212855, 803
829, 24, 30, 36, 8, 0, 1.23%, 0, 0, 4, 294.64, 214313, 803
834, 24, 33, 36, 7, 0, 1.23%, 0, 0, 4, 257.24, 215628, 803
839, 24, 34, 36, 7, 0, 1.23%, 0, 0, 4, 275.45, 217105, 803
844, 25, 34, 36, 7, 0, 1.23%, 0, 0, 4, 261.85, 218396, 803
849, 25, 33, 36, 7, 0, 1.23%, 0, 0, 4, 265.44, 219757, 803
854, 25, 33, 36, 7, 0, 1.23%, 0, 0, 4, 269.45, 221145, 803
859, 25, 33, 36, 7, 0, 1.23%, 0, 0, 4, 271.82, 222583, 803
864, 25, 12, 36, 7, 0, 1.23%, 0, 0, 4, 237.63, 223840, 803
869, 25, 34, 36, 7, 0, 1.23%, 0, 0, 4, 274.47, 225264, 803
875, 25, 34, 36, 7, 0, 1.23%, 0, 0, 4, 268.69, 226646, 803
880, 26, 34, 36, 7, 0, 1.23%, 0, 0, 4, 268.88, 227994, 803
885, 26, 34, 36, 7, 0, 1.23%, 0, 0, 4, 262.16, 229337, 803
890, 26, 34, 36, 7, 0, 1.23%, 0, 0, 4, 275.69, 230776, 803
895, 26, 34, 36, 7, 0, 1.23%, 0, 0, 4, 268.15, 232120, 803
900, 26, 19, 36, 7, 0, 1.23%, 0, 0, 4, 276.45, 233526, 803
905, 26, 32, 36, 7, 0, 1.23%, 0, 0, 4, 291.06, 234953, 803
910, 26, 34, 36, 7, 0, 1.23%, 0, 0, 4, 281.65, 236394, 803
915, 26, 34, 36, 7, 0, 1.23%, 0, 0, 4, 266.13, 237723, 803
920, 27, 33, 36, 7, 0, 1.23%, 0, 0, 4, 273.42, 239119, 803
925, 27, 34, 36, 7, 0, 1.23%, 0, 0, 4, 299.44, 240764, 803
930, 27, 34, 36, 7, 0, 1.23%, 0, 0, 4, 304.85, 242300, 803
936, 27, 33, 36, 7, 0, 1.23%, 0, 0, 4, 300.62, 243767, 803
941, 27, 34, 36, 7, 0, 1.23%, 0, 0, 4, 282.79, 245175, 803
946, 27, 17, 36, 7, 0, 1.23%, 0, 0, 4, 269.19, 246494, 803
951, 27, 33, 36, 7, 0, 1.23%, 0, 0, 4, 311.20, 248068, 803
956, 28, 12, 36, 7, 0, 1.23%, 0, 0, 4, 266.27, 249475, 803
961, 28, 34, 36, 7, 0, 1.23%, 0, 0, 4, 262.76, 250825, 803
966, 28, 34, 36, 7, 0, 1.23%, 0, 0, 4, 312.80, 252450, 803
971, 28, 1, 36, 7, 0, 1.23%, 0, 0, 4, 285.92, 253884, 803
976, 28, 34, 36, 7, 0, 1.23%, 0, 0, 4, 284.15, 255337, 803
981, 28, 34, 36, 7, 0, 1.23%, 0, 0, 4, 270.15, 256676, 803
986, 28, 34, 36, 7, 0, 1.23%, 0, 0, 4, 263.99, 257994, 803
991, 29, 34, 36, 7, 0, 1.23%, 0, 0, 4, 262.60, 259319, 803
996, 29, 34, 36, 7, 0, 1.23%, 0, 0, 4, 257.33, 260621, 803
1001, 29, 4, 36, 7, 0, 1.23%, 0, 0, 4, 279.84, 262015, 803
1006, 29, 34, 36, 7, 0, 1.23%, 0, 0, 4, 302.23, 263498, 803
1011, 29, 33, 36, 7, 0, 1.23%, 0, 0, 4, 311.57, 265046, 803
1016, 29, 33, 36, 7, 0, 1.23%, 0, 0, 4, 280.09, 266441, 803
1021, 29, 34, 36, 7, 0, 1.23%, 0, 0, 4, 283.36, 267931, 803
1026, 30, 33, 36, 7, 0, 1.23%, 0, 0, 4, 274.66, 269292, 803
1032, 30, 33, 36, 7, 0, 1.23%, 0, 0, 4, 288.96, 270805, 803
1037, 30, 34, 36, 7, 0, 1.23%, 0, 0, 4, 282.93, 272263, 803
1042, 30, 34, 36, 7, 0, 1.23%, 0, 0, 4, 268.57, 273632, 803
1047, 30, 1, 36, 7, 0, 1.23%, 0, 0, 4, 284.21, 275055, 803
1052, 30, 34, 36, 7, 0, 1.23%, 0, 0, 4, 254.84, 276300, 803
1057, 31, 34, 36, 7, 0, 1.23%, 0, 0, 4, 271.33, 277706, 803
1062, 31, 33, 36, 7, 0, 1.23%, 0, 0, 4, 283.46, 279165, 803
1067, 31, 34, 36, 7, 0, 1.23%, 0, 0, 4, 269.50, 280605, 803
1073, 31, 34, 36, 7, 0, 1.23%, 0, 0, 4, 270.92, 282072, 803
1078, 31, 34, 36, 7, 0, 1.23%, 0, 0, 4, 285.32, 283506, 803
1083, 31, 33, 36, 7, 0, 1.23%, 0, 0, 4, 290.82, 285002, 803
1088, 31, 33, 36, 7, 0, 1.23%, 0, 0, 4, 314.59, 286570, 803
1093, 32, 34, 36, 7, 0, 1.23%, 0, 0, 4, 269.73, 287888, 803
1098, 32, 34, 36, 7, 0, 1.23%, 0, 0, 4, 268.43, 289249, 803
1103, 32, 21, 36, 7, 0, 1.23%, 0, 0, 4, 276.50, 290645, 803
1108, 32, 34, 36, 6, 0, 1.23%, 0, 0, 4, 278.97, 292041, 803
1113, 32, 34, 36, 6, 0, 1.23%, 0, 0, 4, 266.45, 293362, 803
1118, 32, 34, 36, 6, 0, 1.23%, 0, 0, 4, 267.83, 294751, 803
1123, 32, 34, 36, 6, 0, 1.23%, 0, 0, 4, 272.35, 296134, 803
1128, 32, 34, 36, 6, 0, 1.23%, 0, 0, 4, 264.32, 297505, 803
1133, 33, 33, 36, 5, 0, 1.23%, 0, 0, 4, 266.36, 298816, 803
1138, 33, 34, 36, 5, 0, 1.23%, 0, 0, 4, 280.55, 300337, 803
1144, 33, 34, 36, 5, 0, 1.23%, 0, 0, 4, 293.42, 301850, 803
1149, 33, 34, 36, 5, 0, 1.23%, 0, 0, 4, 273.31, 303199, 803
1154, 33, 34, 36, 5, 0, 1.23%, 0, 0, 4, 267.97, 304612, 803
1159, 33, 34, 36, 5, 0, 1.23%, 0, 0, 4, 264.01, 305933, 803
1164, 33, 34, 36, 5, 0, 1.23%, 0, 0, 4, 259.60, 307266, 803
1169, 33, 34, 36, 5, 0, 1.23%, 0, 0, 4, 258.85, 308579, 803
1174, 34, 34, 36, 5, 0, 1.23%, 0, 0, 4, 279.41, 310062, 803
1179, 34, 34, 36, 5, 0, 1.23%, 0, 0, 4, 289.61, 311580, 803
1184, 34, 34, 36, 5, 0, 1.23%, 0, 0, 4, 274.60, 312972, 803
1189, 34, 33, 36, 5, 0, 1.23%, 0, 0, 4, 286.80, 314430, 803
1195, 34, 34, 36, 5, 0, 1.23%, 0, 0, 4, 264.40, 315814, 803
1200, 34, 34, 36, 5, 0, 1.23%, 0, 0, 4, 278.32, 317310, 803
1205, 34, 33, 36, 5, 0, 1.23%, 0, 0, 4, 315.83, 318961, 803
1210, 34, 34, 36, 5, 0, 1.23%, 0, 0, 4, 282.45, 320345, 803
1215, 35, 33, 36, 5, 0, 1.23%, 0, 0, 4, 305.30, 321897, 803
1220, 35, 34, 36, 5, 0, 1.23%, 0, 0, 4, 286.50, 323418, 803
1226, 35, 17, 36, 5, 0, 1.23%, 0, 0, 4, 284.12, 324880, 803
1231, 35, 34, 36, 5, 0, 1.23%, 0, 0, 4, 274.29, 326269, 803
1236, 35, 34, 36, 5, 0, 1.23%, 0, 0, 4, 278.72, 327672, 803
1241, 35, 34, 36, 5, 0, 1.23%, 0, 0, 4, 270.29, 329042, 803
1246, 35, 34, 36, 5, 0, 1.23%, 0, 0, 4, 254.74, 330315, 803
1251, 35, 34, 36, 5, 0, 1.23%, 0, 0, 4, 256.17, 331616, 803
1256, 36, 34, 36, 5, 0, 1.23%, 0, 0, 4, 254.10, 332900, 803
1261, 36, 33, 36, 5, 0, 1.23%, 0, 0, 4, 264.37, 334214, 803
1266, 36, 34, 36, 5, 0, 1.23%, 0, 0, 4, 250.48, 335548, 803
1272, 36, 1, 36, 5, 0, 1.23%, 0, 0, 4, 269.34, 336949, 803
1277, 36, 34, 36, 5, 0, 1.23%, 0, 0, 4, 286.95, 338422, 803
1282, 36, 34, 36, 5, 0, 1.23%, 0, 0, 4, 279.94, 339844, 803
1287, 36, 34, 36, 5, 0, 1.23%, 0, 0, 4, 275.63, 341224, 803
1292, 37, 34, 36, 5, 0, 1.23%, 0, 0, 4, 232.96, 342403, 803
1297, 37, 34, 36, 5, 0, 1.23%, 0, 0, 4, 253.74, 343740, 803
1302, 37, 34, 36, 5, 0, 1.23%, 0, 0, 4, 263.81, 345106, 803
1307, 37, 34, 36, 5, 0, 1.23%, 0, 0, 4, 259.05, 346405, 803
1312, 37, 33, 36, 5, 0, 1.23%, 0, 0, 4, 292.80, 347897, 803
1317, 37, 33, 36, 5, 0, 1.23%, 0, 0, 4, 297.35, 349343, 803
1322, 37, 4, 36, 5, 0, 1.23%, 0, 0, 4, 291.05, 350860, 803
1327, 38, 33, 36, 5, 0, 1.23%, 0, 0, 4, 292.43, 352339, 803
1333, 38, 34, 36, 5, 0, 1.23%, 0, 0, 4, 278.12, 353808, 803
1338, 38, 34, 36, 5, 0, 1.23%, 0, 0, 4, 275.14, 355244, 803
1343, 38, 34, 36, 5, 0, 1.23%, 0, 0, 4, 258.43, 356593, 803
1348, 38, 34, 36, 5, 0, 1.23%, 0, 0, 4, 276.92, 357990, 803
1353, 38, 34, 36, 5, 0, 1.23%, 0, 0, 4, 271.05, 359429, 803
1358, 38, 28, 36, 5, 0, 1.23%, 0, 0, 4, 270.00, 360819, 803
1363, 39, 34, 36, 5, 0, 1.23%, 0, 0, 4, 277.27, 362238, 803
1368, 39, 34, 36, 5, 0, 1.23%, 0, 0, 4, 261.46, 363537, 803
1373, 39, 34, 36, 5, 0, 1.23%, 0, 0, 4, 287.49, 364992, 803
1378, 39, 34, 36, 5, 0, 1.23%, 0, 0, 4, 267.66, 366311, 803
1383, 39, 34, 36, 4, 0, 1.23%, 0, 0, 4, 262.49, 367625, 803
1388, 39, 33, 36, 4, 0, 1.23%, 0, 0, 4, 273.23, 369025, 803
1394, 39, 34, 36, 4, 0, 1.23%, 0, 0, 4, 282.87, 370553, 803
1399, 39, 34, 36, 4, 0, 1.23%, 0, 0, 4, 278.43, 372045, 803
1404, 40, 34, 36, 4, 0, 1.23%, 0, 0, 4, 264.42, 373411, 803
1409, 40, 17, 36, 4, 0, 1.23%, 0, 0, 4, 290.37, 374971, 803
1414, 40, 33, 36, 4, 0, 1.23%, 0, 0, 4, 277.30, 376346, 803
1420, 40, 12, 36, 4, 0, 1.23%, 0, 0, 4, 273.38, 377845, 803
1425, 40, 34, 36, 4, 0, 1.23%, 0, 0, 4, 260.73, 379080, 803
1430, 40, 33, 36, 4, 0, 1.23%, 0, 0, 4, 276.28, 380506, 803
1435, 41, 34, 36, 4, 0, 1.23%, 0, 0, 4, 267.97, 381885, 803
1440, 41, 34, 36, 4, 0, 1.23%, 0, 0, 4, 264.01, 383223, 803
1445, 41, 34, 36, 4, 0, 1.23%, 0, 0, 4, 263.89, 384599, 803
1450, 41, 34, 36, 4, 0, 1.23%, 0, 0, 4, 264.95, 385929, 803
1455, 41, 34, 36, 4, 0, 1.23%, 0, 0, 4, 267.16, 387255, 803
1460, 41, 34, 36, 4, 0, 1.23%, 0, 0, 4, 248.04, 388497, 803
1465, 41, 34, 36, 4, 0, 1.23%, 0, 0, 4, 254.18, 389822, 803
1470, 41, 22, 36, 4, 0, 1.23%, 0, 0, 4, 256.90, 391109, 803
1475, 41, 36, 37, 5, 1, 1.23%, 0, 0, 4, 226.35, 392170, 803
1480, 41, 36, 39, 7, 1, 1.23%, 0, 0, 4, 175.92, 392953, 803
1485, 41, 38, 39, 6, 2, 1.23%, 0, 0, 4, 261.65, 394366, 803
1491, 41, 37, 40, 6, 1, 1.23%, 0, 0, 5, 246.21, 395616, 804
1496, 42, 38, 40, 5, 1, 1.23%, 0, 0, 5, 297.05, 397186, 804
1501, 42, 38, 40, 5, 1, 1.23%, 0, 0, 5, 315.94, 398812, 804
1506, 42, 38, 40, 5, 1, 1.23%, 0, 0, 5, 320.34, 400426, 804
1511, 42, 38, 40, 5, 1, 1.23%, 0, 0, 5, 314.34, 402070, 804
1516, 42, 38, 40, 5, 1, 1.23%, 0, 0, 5, 285.81, 403510, 804
1521, 42, 38, 40, 5, 1, 1.23%, 0, 0, 5, 294.00, 405020, 804
1526, 42, 38, 40, 5, 1, 1.23%, 0, 0, 5, 291.49, 406515, 804
1532, 42, 33, 40, 5, 1, 1.23%, 0, 0, 5, 314.01, 408148, 804
1537, 42, 38, 40, 5, 1, 1.23%, 0, 0, 5, 314.82, 409730, 804
1542, 42, 38, 40, 5, 1, 1.23%, 0, 0, 5, 302.00, 411242, 804
1547, 42, 38, 40, 5, 1, 1.23%, 0, 0, 5, 307.50, 412820, 804
1552, 42, 39, 40, 5, 1, 1.23%, 0, 0, 5, 288.03, 414347, 804
1557, 42, 38, 40, 4, 0, 1.23%, 0, 0, 5, 290.50, 415784, 804
1562, 42, 38, 40, 4, 0, 1.23%, 0, 0, 5, 320.31, 417483, 804
1567, 42, 38, 40, 4, 0, 1.23%, 0, 0, 5, 325.08, 419115, 804
1572, 42, 38, 40, 4, 0, 1.23%, 0, 0, 5, 325.58, 420801, 804
1577, 42, 33, 40, 4, 0, 1.23%, 0, 0, 5, 299.15, 422323, 804
1582, 42, 38, 40, 4, 0, 1.23%, 0, 0, 5, 305.37, 423859, 804
1587, 42, 38, 40, 4, 0, 1.23%, 0, 0, 5, 285.08, 425310, 804
1592, 42, 38, 40, 4, 0, 1.23%, 0, 0, 5, 277.46, 426725, 804
1598, 42, 33, 40, 4, 0, 1.23%, 0, 0, 5, 299.72, 428277, 804
1603, 42, 33, 40, 4, 0, 1.23%, 0, 0, 5, 306.37, 429877, 804
1608, 42, 38, 40, 4, 0, 1.23%, 0, 0, 5, 310.95, 431493, 804
1613, 42, 38, 40, 4, 0, 1.23%, 0, 0, 5, 315.97, 433143, 804
1618, 42, 38, 40, 4, 0, 1.23%, 0, 0, 5, 327.25, 434805, 804
1623, 42, 38, 40, 4, 0, 1.23%, 0, 0, 5, 327.95, 436497, 804
1628, 42, 33, 40, 4, 0, 1.23%, 0, 0, 5, 334.97, 438193, 804
1634, 42, 38, 40, 4, 0, 1.23%, 0, 0, 5, 310.08, 439717, 804
1639, 42, 38, 40, 4, 0, 1.23%, 0, 0, 5, 322.70, 441403, 804
1644, 42, 38, 40, 4, 0, 1.23%, 0, 0, 5, 315.30, 442993, 804
1649, 42, 38, 40, 4, 0, 1.23%, 0, 0, 5, 283.22, 444397, 804
1654, 43, 38, 40, 4, 0, 1.23%, 0, 0, 5, 306.94, 445983, 804
1659, 43, 38, 40, 4, 0, 1.23%, 0, 0, 5, 324.98, 447675, 804
1664, 43, 38, 40, 4, 0, 1.23%, 0, 0, 5, 298.44, 449099, 804
1669, 43, 38, 40, 4, 0, 1.23%, 0, 0, 5, 291.79, 450579, 804
1674, 43, 38, 40, 4, 0, 1.23%, 0, 0, 5, 284.64, 451969, 804
1680, 43, 38, 40, 4, 0, 1.23%, 0, 0, 5, 289.90, 453479, 804
1685, 43, 38, 40, 4, 0, 1.23%, 0, 0, 5, 318.46, 455117, 804
1690, 43, 38, 40, 4, 0, 1.23%, 0, 0, 5, 321.18, 456785, 804
1695, 43, 38, 40, 4, 0, 1.23%, 0, 0, 5, 316.58, 458401, 804
1700, 43, 38, 40, 4, 0, 1.23%, 0, 0, 5, 324.21, 460081, 804
1705, 43, 38, 40, 4, 0, 1.23%, 0, 0, 5, 328.73, 461767, 804
1710, 43, 38, 40, 4, 0, 1.23%, 0, 0, 5, 327.34, 463465, 804
1715, 43, 38, 40, 4, 0, 1.23%, 0, 0, 5, 327.90, 465117, 804
1720, 43, 38, 40, 4, 0, 1.23%, 0, 0, 5, 294.53, 466548, 804
1725, 43, 38, 40, 4, 0, 1.23%, 0, 0, 5, 313.17, 468129, 804
1731, 43, 38, 40, 4, 0, 1.23%, 0, 0, 5, 319.28, 469749, 804
1736, 43, 38, 40, 4, 0, 1.23%, 0, 0, 5, 320.58, 471363, 804
1741, 43, 38, 40, 4, 0, 1.23%, 0, 0, 5, 318.63, 472959, 804
1746, 43, 38, 40, 4, 0, 1.23%, 0, 0, 5, 316.36, 474603, 804
1751, 43, 33, 40, 4, 0, 1.23%, 0, 0, 5, 320.53, 476229, 804
1756, 43, 38, 40, 4, 0, 1.23%, 0, 0, 5, 316.91, 477807, 804
1761, 43, 38, 40, 4, 0, 1.23%, 0, 0, 5, 326.72, 479523, 804
1766, 43, 38, 40, 4, 0, 1.23%, 0, 0, 5, 325.08, 481209, 804
1771, 43, 38, 40, 4, 0, 1.23%, 0, 0, 5, 320.51, 482853, 804
1777, 43, 38, 40, 4, 0, 1.23%, 0, 0, 5, 321.01, 484521, 804
1782, 43, 38, 40, 4, 0, 1.23%, 0, 0, 5, 325.57, 486219, 804
1787, 43, 1, 40, 4, 0, 1.23%, 0, 0, 5, 308.99, 487749, 804
1792, 43, 37, 40, 4, 0, 1.23%, 0, 0, 5, 292.66, 489314, 804
1797, 43, 37, 40, 4, 0, 1.23%, 0, 0, 5, 273.01, 490669, 804
1802, 43, 37, 41, 5, 0, 1.23%, 0, 0, 5, 266.44, 491982, 804
1807, 43, 36, 41, 5, 0, 1.23%, 0, 0, 5, 245.64, 493275, 804
1812, 44, 38, 41, 5, 0, 1.23%, 0, 0, 5, 299.64, 494856, 804
1817, 44, 38, 41, 5, 0, 1.23%, 0, 0, 5, 320.29, 496479, 804
1822, 44, 38, 41, 5, 0, 1.23%, 0, 0, 5, 321.62, 498093, 804
1827, 44, 38, 41, 5, 0, 1.23%, 0, 0, 5, 323.12, 499719, 804
1832, 44, 38, 41, 5, 0, 1.23%, 0, 0, 5, 314.00, 501271, 804
1837, 44, 38, 41, 5, 0, 1.23%, 0, 0, 5, 322.27, 502909, 804
1843, 44, 38, 41, 5, 0, 1.23%, 0, 0, 5, 325.97, 504601, 804
1848, 44, 38, 41, 5, 0, 1.23%, 0, 0, 5, 317.78, 506191, 804
1853, 44, 38, 41, 5, 0, 1.23%, 0, 0, 5, 316.37, 507779, 804
1858, 44, 38, 41, 5, 0, 1.23%, 0, 0, 5, 339.43, 509543, 804
1863, 44, 38, 41, 5, 0, 1.23%, 0, 0, 5, 344.74, 511283, 804
1868, 44, 34, 41, 5, 0, 1.23%, 0, 0, 5, 341.41, 513049, 804
1873, 44, 38, 41, 5, 0, 1.23%, 0, 0, 5, 318.50, 514587, 804
1878, 44, 38, 41, 5, 0, 1.23%, 0, 0, 5, 323.43, 516261, 804
1883, 44, 38, 41, 5, 0, 1.23%, 0, 0, 5, 325.92, 517953, 804
1888, 44, 38, 41, 5, 0, 1.23%, 0, 0, 5, 339.92, 519681, 804
1894, 44, 38, 41, 5, 0, 1.23%, 0, 0, 5, 315.69, 521271, 804
1899, 44, 38, 41, 5, 0, 1.23%, 0, 0, 5, 326.02, 522903, 804
1904, 44, 38, 41, 5, 0, 1.23%, 0, 0, 5, 325.92, 524559, 804
1909, 44, 38, 41, 5, 0, 1.23%, 0, 0, 5, 332.26, 526223, 804
1914, 44, 38, 41, 5, 0, 1.23%, 0, 0, 5, 316.34, 527825, 804
1919, 44, 38, 41, 5, 0, 1.23%, 0, 0, 5, 325.31, 529469, 804
1924, 44, 1, 41, 5, 0, 1.23%, 0, 0, 5, 319.98, 531073, 804
1929, 44, 38, 41, 5, 0, 1.23%, 0, 0, 5, 337.64, 532787, 804
1934, 44, 38, 41, 5, 0, 1.23%, 0, 0, 5, 326.41, 534419, 804
1939, 44, 38, 41, 5, 0, 1.23%, 0, 0, 5, 332.72, 536105, 804
1944, 44, 36, 41, 5, 0, 1.23%, 0, 0, 5, 253.19, 537433, 804
1949, 44, 38, 41, 5, 0, 1.23%, 0, 0, 5, 292.35, 538870, 804
1954, 44, 38, 41, 5, 0, 1.23%, 0, 0, 5, 328.58, 540627, 804
1959, 44, 38, 41, 5, 0, 1.23%, 0, 0, 5, 336.81, 542313, 804
1964, 44, 33, 41, 5, 0, 1.23%, 0, 0, 5, 317.05, 543897, 804
1969, 44, 37, 41, 5, 0, 1.23%, 0, 0, 5, 288.77, 545355, 804
1974, 44, 37, 41, 5, 0, 1.23%, 0, 0, 5, 270.01, 546745, 804
1980, 44, 24, 41, 5, 0, 1.23%, 0, 0, 5, 266.54, 548166, 804
1985, 45, 38, 41, 4, 0, 1.23%, 0, 0, 5, 299.45, 549710, 804
1990, 45, 38, 41, 4, 0, 1.23%, 0, 0, 5, 338.49, 551515, 804
1995, 45, 38, 41, 4, 0, 1.23%, 0, 0, 5, 327.03, 553171, 804
2000, 45, 33, 41, 4, 0, 1.23%, 0, 0, 5, 328.63, 554878, 804
2005, 45, 38, 41, 4, 0, 1.23%, 0, 0, 5, 330.61, 556547, 804
2010, 45, 38, 41, 4, 0, 1.23%, 0, 0, 5, 327.26, 558191, 804
2016, 45, 38, 41, 4, 0, 1.23%, 0, 0, 5, 320.90, 559859, 804
2021, 45, 33, 41, 4, 0, 1.23%, 0, 0, 5, 322.65, 561485, 804
2026, 45, 38, 41, 4, 0, 1.23%, 0, 0, 5, 322.33, 563081, 804
2031, 45, 38, 41, 4, 0, 1.23%, 0, 0, 5, 332.18, 564749, 804
2036, 45, 38, 41, 4, 0, 1.23%, 0, 0, 5, 322.12, 566357, 804
2041, 45, 33, 41, 4, 0, 1.23%, 0, 0, 5, 324.60, 568041, 804
2046, 45, 34, 41, 4, 0, 1.23%, 0, 0, 5, 306.63, 569593, 804
2051, 45, 33, 41, 4, 0, 1.23%, 0, 0, 5, 276.65, 570912, 804
2056, 45, 38, 41, 4, 0, 1.23%, 0, 0, 5, 317.00, 572567, 804
2061, 45, 38, 41, 4, 0, 1.23%, 0, 0, 5, 323.32, 574259, 804
2066, 45, 38, 41, 4, 0, 1.23%, 0, 0, 5, 320.09, 575909, 804
2071, 45, 33, 41, 4, 0, 1.23%, 0, 0, 5, 317.58, 577497, 804
2076, 46, 38, 41, 4, 0, 1.23%, 0, 0, 5, 307.22, 579003, 804
2081, 46, 38, 41, 4, 0, 1.23%, 0, 0, 5, 319.14, 580629, 804
2086, 46, 38, 41, 4, 0, 1.23%, 0, 0, 5, 315.62, 582255, 804
2092, 46, 1, 41, 4, 0, 1.23%, 0, 0, 5, 321.16, 583919, 804
2097, 46, 38, 41, 4, 0, 1.23%, 0, 0, 5, 323.73, 585539, 804
2102, 46, 38, 41, 4, 0, 1.23%, 0, 0, 5, 320.30, 587141, 804
2107, 46, 38, 41, 4, 0, 1.23%, 0, 0, 5, 322.60, 588809, 804
2112, 46, 38, 41, 4, 0, 1.23%, 0, 0, 5, 316.80, 590407, 804
2117, 46, 38, 41, 4, 0, 1.23%, 0, 0, 5, 313.22, 592033, 804
2122, 46, 38, 41, 4, 0, 1.23%, 0, 0, 5, 321.80, 593707, 804
2127, 46, 38, 41, 4, 0, 1.23%, 0, 0, 5, 324.92, 595387, 804
2132, 46, 12, 41, 4, 0, 1.23%, 0, 0, 5, 291.56, 596914, 804
2138, 46, 38, 41, 4, 0, 1.23%, 0, 0, 5, 297.70, 598335, 804
2143, 46, 38, 41, 4, 0, 1.23%, 0, 0, 5, 313.68, 599971, 804
2148, 46, 38, 41, 4, 0, 1.23%, 0, 0, 5, 323.45, 601651, 804
2153, 46, 38, 41, 4, 0, 1.23%, 0, 0, 5, 326.01, 603331, 804
2158, 46, 38, 41, 4, 0, 1.23%, 0, 0, 5, 322.05, 604969, 804
2163, 46, 38, 41, 4, 0, 1.23%, 0, 0, 5, 323.58, 606601, 804
2168, 46, 38, 41, 4, 0, 1.23%, 0, 0, 5, 323.33, 608221, 804
2173, 46, 38, 41, 4, 0, 1.23%, 0, 0, 5, 328.61, 609937, 804
2178, 46, 38, 41, 4, 0, 1.23%, 0, 0, 5, 312.27, 611503, 804
2183, 46, 38, 41, 4, 0, 1.23%, 0, 0, 5, 317.27, 613093, 804
2189, 46, 38, 41, 4, 0, 1.23%, 0, 0, 5, 315.81, 614707, 804
2194, 46, 38, 41, 4, 0, 1.23%, 0, 0, 5, 320.25, 616383, 804
2199, 46, 38, 41, 4, 0, 1.23%, 0, 0, 5, 323.07, 617997, 804
2204, 46, 38, 41, 4, 0, 1.23%, 0, 0, 5, 323.58, 619617, 804
2209, 46, 38, 41, 4, 0, 1.23%, 0, 0, 5, 322.82, 621231, 804
2214, 46, 38, 41, 4, 0, 1.23%, 0, 0, 5, 313.06, 622793, 804
2219, 46, 38, 41, 4, 0, 1.23%, 0, 0, 5, 311.74, 624341, 804
2224, 46, 38, 41, 4, 0, 1.23%, 0, 0, 5, 305.52, 625865, 804
2229, 46, 1, 41, 4, 0, 1.23%, 0, 0, 5, 311.01, 627431, 804
2234, 46, 38, 41, 4, 0, 1.23%, 0, 0, 5, 306.98, 628947, 804
2239, 46, 38, 41, 4, 0, 1.23%, 0, 0, 5, 318.29, 630561, 804
2244, 46, 38, 41, 4, 0, 1.23%, 0, 0, 5, 310.10, 632127, 804
2249, 46, 33, 41, 4, 0, 1.23%, 0, 0, 5, 300.02, 633699, 804
2254, 47, 33, 41, 4, 0, 1.23%, 0, 0, 5, 299.82, 635236, 804
2259, 47, 38, 41, 4, 0, 1.23%, 0, 0, 5, 318.19, 636849, 804
2264, 47, 38, 41, 4, 0, 1.23%, 0, 0, 5, 321.41, 638463, 804
2270, 47, 38, 41, 4, 0, 1.23%, 0, 0, 5, 326.77, 640101, 804
2275, 47, 33, 41, 4, 0, 1.23%, 0, 0, 5, 293.53, 641559, 804
2280, 47, 38, 41, 4, 0, 1.23%, 0, 0, 5, 306.45, 643061, 804
2285, 47, 38, 41, 4, 0, 1.23%, 0, 0, 5, 317.95, 644681, 804
2290, 47, 38, 41, 4, 0, 1.23%, 0, 0, 5, 325.99, 646319, 804
2295, 47, 39, 41, 4, 0, 1.23%, 0, 0, 5, 323.02, 647997, 804
2300, 47, 39, 41, 4, 0, 1.23%, 0, 0, 5, 279.74, 649397, 804
2305, 47, 38, 41, 4, 0, 1.23%, 0, 0, 5, 298.55, 650867, 804
2310, 47, 38, 41, 4, 0, 1.23%, 0, 0, 5, 310.24, 652453, 804
2315, 47, 38, 41, 4, 0, 1.23%, 0, 0, 5, 315.69, 654043, 804
2320, 47, 1, 41, 4, 0, 1.23%, 0, 0, 5, 321.32, 655663, 804
2325, 47, 38, 41, 4, 0, 1.23%, 0, 0, 5, 325.57, 657369, 804
2330, 47, 38, 41, 4, 0, 1.23%, 0, 0, 5, 323.67, 658995, 804
2335, 47, 38, 41, 4, 0, 1.23%, 0, 0, 5, 326.48, 660633, 804
2341, 47, 36, 41, 4, 0, 1.23%, 0, 0, 5, 295.99, 662209, 804
2346, 47, 38, 41, 4, 0, 1.23%, 0, 0, 5, 314.80, 663845, 804
2351, 47, 38, 41, 4, 0, 1.23%, 0, 0, 5, 321.00, 665525, 804
2356, 47, 38, 41, 4, 0, 1.23%, 0, 0, 5, 323.30, 667139, 804
2361, 47, 38, 41, 4, 0, 1.23%, 0, 0, 5, 317.63, 668783, 804
2366, 47, 38, 41, 4, 0, 1.23%, 0, 0, 5, 322.71, 670403, 804
2371, 47, 38, 41, 4, 0, 1.23%, 0, 0, 5, 324.64, 672083, 804
2376, 47, 34, 41, 4, 0, 1.23%, 0, 0, 5, 314.50, 673673, 804
2381, 47, 33, 41, 4, 0, 1.23%, 0, 0, 5, 318.15, 675216, 804
2386, 47, 38, 41, 4, 0, 1.23%, 0, 0, 5, 325.14, 676857, 804
2392, 47, 38, 41, 4, 0, 1.23%, 0, 0, 5, 325.94, 678537, 804
2397, 47, 38, 41, 4, 0, 1.23%, 0, 0, 5, 328.92, 680241, 804
2402, 48, 4, 41, 4, 0, 1.23%, 0, 0, 5, 321.24, 681925, 804
2407, 48, 38, 41, 4, 0, 1.23%, 0, 0, 5, 308.06, 683439, 804
2412, 48, 38, 41, 4, 0, 1.23%, 0, 0, 5, 321.12, 685053, 804
2417, 48, 38, 41, 4, 0, 1.23%, 0, 0, 5, 321.20, 686727, 804
2422, 48, 34, 41, 4, 0, 1.23%, 0, 0, 5, 301.03, 688303, 804
2427, 48, 1, 41, 4, 0, 1.23%, 0, 0, 5, 290.06, 689700, 804
2433, 48, 38, 41, 4, 0, 1.23%, 0, 0, 5, 316.58, 691379, 804
2438, 48, 38, 41, 4, 0, 1.23%, 0, 0, 5, 325.98, 693083, 804
2443, 48, 38, 41, 4, 0, 1.23%, 0, 0, 5, 320.35, 694703, 804
2448, 48, 38, 41, 4, 0, 1.23%, 0, 0, 5, 308.15, 696245, 804
2453, 48, 38, 41, 4, 0, 1.23%, 0, 0, 5, 323.27, 697901, 804
2458, 48, 38, 41, 4, 0, 1.23%, 0, 0, 5, 325.74, 699593, 804
2463, 48, 38, 41, 4, 0, 1.23%, 0, 0, 5, 323.98, 701213, 804
2468, 48, 38, 41, 4, 0, 1.23%, 0, 0, 5, 306.33, 702685, 804
2473, 48, 38, 41, 4, 0, 1.23%, 0, 0, 5, 319.53, 704293, 804
2478, 48, 38, 41, 4, 0, 1.23%, 0, 0, 5, 320.45, 705961, 804
2484, 48, 38, 41, 4, 0, 1.23%, 0, 0, 5, 318.22, 707617, 804
2489, 48, 38, 41, 4, 0, 1.23%, 0, 0, 5, 318.37, 709249, 804
2494, 48, 38, 41, 4, 0, 1.23%, 0, 0, 5, 315.10, 710827, 804
2499, 48, 38, 41, 4, 0, 1.23%, 0, 0, 5, 320.82, 712489, 804
2504, 48, 34, 41, 4, 0, 1.23%, 0, 0, 5, 300.43, 714007, 804
2509, 48, 38, 41, 4, 0, 1.23%, 0, 0, 5, 300.72, 715534, 804
2514, 48, 38, 41, 4, 0, 1.23%, 0, 0, 5, 320.61, 717197, 804
2519, 48, 38, 41, 4, 0, 1.23%, 0, 0, 5, 318.58, 718787, 804
2524, 48, 33, 41, 4, 0, 1.23%, 0, 0, 5, 320.68, 720389, 804
2529, 48, 38, 41, 4, 0, 1.23%, 0, 0, 5, 313.85, 721927, 804
2534, 48, 38, 41, 4, 0, 1.23%, 0, 0, 5, 317.57, 723583, 804
2540, 48, 38, 41, 4, 0, 1.23%, 0, 0, 5, 319.76, 725239, 804
2545, 49, 33, 41, 4, 0, 1.23%, 0, 0, 5, 323.26, 726917, 804
2550, 49, 38, 41, 4, 0, 1.23%, 0, 0, 5, 322.18, 728565, 804
2555, 49, 38, 41, 4, 0, 1.23%, 0, 0, 5, 321.38, 730227, 804
2560, 49, 38, 41, 4, 0, 1.23%, 0, 0, 5, 319.37, 731829, 804
2565, 49, 38, 41, 4, 0, 1.23%, 0, 0, 5, 321.83, 733439, 804
2570, 49, 38, 41, 4, 0, 1.23%, 0, 0, 5, 322.35, 735089, 804
2575, 49, 38, 41, 4, 0, 1.23%, 0, 0, 5, 318.60, 736727, 804
2580, 49, 38, 41, 4, 0, 1.23%, 0, 0, 5, 324.07, 738395, 804
2585, 49, 39, 41, 4, 0, 1.23%, 0, 0, 5, 291.62, 739836, 804
2591, 49, 38, 41, 4, 0, 1.23%, 0, 0, 5, 301.10, 741315, 804
2596, 49, 38, 41, 4, 0, 1.23%, 0, 0, 5, 319.17, 742983, 804
2601, 49, 38, 41, 4, 0, 1.23%, 0, 0, 5, 320.22, 744645, 804
2606, 49, 38, 41, 4, 0, 1.23%, 0, 0, 5, 318.35, 746295, 804
2611, 49, 38, 41, 4, 0, 1.23%, 0, 0, 5, 316.25, 747861, 804
2616, 49, 38, 41, 4, 0, 1.23%, 0, 0, 5, 321.22, 749523, 804
2621, 49, 38, 41, 4, 0, 1.23%, 0, 0, 5, 320.85, 751173, 804
2627, 49, 38, 41, 4, 0, 1.23%, 0, 0, 5, 322.54, 752841, 804
2632, 49, 38, 41, 4, 0, 1.23%, 0, 0, 5, 297.42, 754296, 804
2637, 49, 38, 41, 4, 0, 1.23%, 0, 0, 5, 304.91, 755863, 804
2642, 49, 38, 41, 4, 0, 1.23%, 0, 0, 5, 308.47, 757417, 804
2647, 49, 38, 41, 4, 0, 1.23%, 0, 0, 5, 314.48, 759055, 804
2652, 49, 1, 41, 4, 0, 1.23%, 0, 0, 5, 284.95, 760535, 804
2657, 49, 39, 41, 4, 0, 1.23%, 0, 0, 5, 282.52, 762017, 804
2662, 50, 38, 41, 4, 0, 1.23%, 0, 0, 5, 293.72, 763506, 804
2667, 50, 38, 41, 4, 0, 1.23%, 0, 0, 5, 312.33, 765151, 804
2673, 50, 38, 41, 4, 0, 1.23%, 0, 0, 5, 321.07, 766819, 804
2678, 50, 38, 41, 4, 0, 1.23%, 0, 0, 5, 321.40, 768475, 804
2683, 50, 38, 41, 4, 0, 1.23%, 0, 0, 5, 318.36, 770087, 804
2688, 50, 38, 41, 4, 0, 1.23%, 0, 0, 5, 321.26, 771749, 804
2693, 50, 38, 41, 4, 0, 1.23%, 0, 0, 5, 319.00, 773351, 804
2698, 50, 38, 41, 4, 0, 1.23%, 0, 0, 5, 321.34, 775013, 804
2703, 50, 4, 41, 4, 0, 1.23%, 0, 0, 5, 308.67, 776629, 804
2708, 50, 38, 41, 4, 0, 1.23%, 0, 0, 5, 306.88, 778123, 804
2714, 50, 38, 41, 4, 0, 1.23%, 0, 0, 5, 318.44, 779779, 804
2719, 50, 38, 41, 4, 0, 1.23%, 0, 0, 5, 317.60, 781375, 804
2724, 50, 39, 41, 4, 0, 1.23%, 0, 0, 5, 303.62, 782969, 804
2729, 50, 39, 41, 4, 0, 1.23%, 0, 0, 5, 283.60, 784403, 804
2734, 50, 38, 41, 4, 0, 1.23%, 0, 0, 5, 299.33, 785927, 804
2739, 50, 38, 41, 4, 0, 1.23%, 0, 0, 5, 308.98, 787495, 804
2744, 50, 38, 41, 4, 0, 1.23%, 0, 0, 5, 318.58, 789163, 804
2749, 50, 38, 41, 4, 0, 1.23%, 0, 0, 5, 322.75, 790825, 804
2754, 50, 38, 41, 4, 0, 1.23%, 0, 0, 5, 321.66, 792437, 804
2759, 50, 38, 41, 4, 0, 1.23%, 0, 0, 5, 314.63, 794009, 804
2765, 50, 38, 41, 4, 0, 1.23%, 0, 0, 5, 318.80, 795623, 804
2770, 50, 38, 41, 4, 0, 1.23%, 0, 0, 5, 309.27, 797159, 804
2775, 50, 33, 41, 4, 0, 1.23%, 0, 0, 5, 308.46, 798659, 804
2780, 51, 38, 41, 4, 0, 1.23%, 0, 0, 5, 322.10, 800297, 804
2785, 51, 38, 41, 4, 0, 1.23%, 0, 0, 5, 317.23, 801941, 804
2790, 51, 38, 41, 4, 0, 1.23%, 0, 0, 5, 322.74, 803573, 804
2795, 51, 34, 41, 4, 0, 1.23%, 0, 0, 5, 305.17, 805181, 804
2800, 51, 38, 41, 4, 0, 1.23%, 0, 0, 5, 302.66, 806691, 804
2805, 51, 38, 41, 4, 0, 1.23%, 0, 0, 5, 316.35, 808311, 804
2810, 51, 38, 41, 4, 0, 1.23%, 0, 0, 5, 322.82, 809979, 804
2816, 51, 34, 41, 4, 0, 1.23%, 0, 0, 5, 312.19, 811599, 804
2821, 51, 38, 41, 4, 0, 1.23%, 0, 0, 5, 314.97, 813157, 804
2826, 51, 38, 41, 4, 0, 1.23%, 0, 0, 5, 319.43, 814819, 804
2831, 51, 38, 41, 4, 0, 1.23%, 0, 0, 5, 318.82, 816421, 804
2836, 51, 38, 41, 4, 0, 1.23%, 0, 0, 5, 314.25, 817989, 804
2841, 51, 38, 41, 4, 0, 1.23%, 0, 0, 5, 317.99, 819579, 804
2846, 51, 38, 41, 4, 0, 1.23%, 0, 0, 5, 323.58, 821253, 804
2851, 51, 38, 41, 4, 0, 1.23%, 0, 0, 5, 319.38, 822909, 804
2856, 51, 38, 41, 4, 0, 1.23%, 0, 0, 5, 320.50, 824559, 804
2862, 51, 38, 41, 4, 0, 1.23%, 0, 0, 5, 320.99, 826209, 804
2867, 51, 38, 41, 4, 0, 1.23%, 0, 0, 5, 315.36, 827841, 804
2872, 51, 1, 41, 4, 0, 1.23%, 0, 0, 5, 318.62, 829493, 804
2877, 51, 38, 41, 4, 0, 1.23%, 0, 0, 5, 317.15, 831145, 804
2882, 51, 38, 41, 4, 0, 1.23%, 0, 0, 5, 314.96, 832783, 804
2887, 51, 38, 41, 4, 0, 1.23%, 0, 0, 5, 315.86, 834355, 804
2892, 51, 38, 41, 4, 0, 1.23%, 0, 0, 5, 317.15, 835947, 804
2897, 51, 38, 41, 4, 0, 1.23%, 0, 0, 5, 317.15, 837591, 804
2902, 51, 38, 41, 4, 0, 1.23%, 0, 0, 5, 311.04, 839133, 804
2908, 51, 38, 41, 4, 0, 1.23%, 0, 0, 5, 313.58, 840777, 804
2913, 51, 38, 41, 4, 0, 1.23%, 0, 0, 5, 314.77, 842355, 804
2918, 51, 38, 41, 4, 0, 1.23%, 0, 0, 5, 316.33, 843993, 804
2923, 51, 38, 41, 4, 0, 1.23%, 0, 0, 5, 319.82, 845607, 804
2928, 51, 38, 41, 4, 0, 1.23%, 0, 0, 5, 317.94, 847191, 804
2933, 51, 38, 41, 4, 0, 1.23%, 0, 0, 5, 320.31, 848803, 804
2938, 51, 38, 41, 4, 0, 1.23%, 0, 0, 5, 321.30, 850405, 804
2943, 51, 38, 41, 4, 0, 1.23%, 0, 0, 5, 323.18, 852079, 804
2948, 51, 36, 41, 4, 0, 1.23%, 0, 0, 5, 288.87, 853573, 804
2953, 52, 33, 41, 4, 0, 1.23%, 0, 0, 5, 306.28, 855135, 804
2958, 52, 34, 41, 4, 0, 1.23%, 0, 0, 5, 281.09, 856576, 804
2964, 52, 38, 41, 4, 0, 1.23%, 0, 0, 5, 313.78, 858233, 804
2969, 52, 38, 41, 4, 0, 1.23%, 0, 0, 5, 307.46, 859763, 804
2974, 52, 38, 41, 4, 0, 1.23%, 0, 0, 5, 322.70, 861455, 804
2979, 52, 33, 41, 4, 0, 1.23%, 0, 0, 5, 324.66, 863129, 804
2984, 52, 38, 41, 4, 0, 1.23%, 0, 0, 5, 322.42, 864805, 804
2989, 52, 38, 41, 4, 0, 1.23%, 0, 0, 5, 319.79, 866461, 804
2994, 52, 38, 41, 4, 0, 1.23%, 0, 0, 5, 322.16, 868135, 804
3000, 52, 33, 41, 4, 0, 1.23%, 0, 0, 5, 299.19, 869679, 804
3005, 52, 38, 41, 4, 0, 1.23%, 0, 0, 5, 314.76, 871303, 804
3010, 52, 38, 41, 4, 0, 1.23%, 0, 0, 5, 319.36, 872971, 804
3015, 52, 38, 41, 4, 0, 1.23%, 0, 0, 5, 317.79, 874615, 804
3020, 52, 38, 41, 4, 0, 1.23%, 0, 0, 5, 321.15, 876289, 804
3025, 52, 38, 41, 4, 0, 1.23%, 0, 0, 5, 315.46, 877851, 804
3030, 52, 38, 41, 4, 0, 1.23%, 0, 0, 5, 309.73, 879417, 804
3035, 52, 38, 41, 4, 0, 1.23%, 0, 0, 5, 307.88, 880953, 804
3040, 52, 1, 41, 4, 0, 1.23%, 0, 0, 5, 316.62, 882613, 804
3046, 52, 33, 41, 4, 0, 1.23%, 0, 0, 5, 294.94, 884127, 804
3051, 53, 39, 41, 4, 0, 1.23%, 0, 0, 5, 280.82, 885559, 804
3056, 53, 38, 41, 4, 0, 1.23%, 0, 0, 5, 313.19, 887221, 804
3061, 53, 38, 41, 4, 0, 1.23%, 0, 0, 5, 316.18, 888871, 804
3066, 53, 38, 41, 4, 0, 1.23%, 0, 0, 5, 325.89, 890575, 804
3071, 53, 38, 41, 4, 0, 1.23%, 0, 0, 5, 318.13, 892181, 804
3076, 53, 38, 41, 4, 0, 1.23%, 0, 0, 5, 317.86, 893771, 804
3081, 53, 38, 41, 4, 0, 1.23%, 0, 0, 5, 316.43, 895361, 804
3086, 53, 38, 41, 4, 0, 1.23%, 0, 0, 5, 317.92, 896963, 804
3091, 53, 36, 41, 4, 0, 1.23%, 0, 0, 5, 305.17, 898579, 804
3097, 53, 38, 41, 4, 0, 1.23%, 0, 0, 5, 297.95, 900040, 804
3102, 53, 38, 41, 4, 0, 1.23%, 0, 0, 5, 310.07, 901661, 804
3107, 53, 38, 41, 4, 0, 1.23%, 0, 0, 5, 317.70, 903323, 804
3112, 53, 38, 41, 4, 0, 1.23%, 0, 0, 5, 319.73, 904973, 804
3117, 53, 38, 41, 4, 0, 1.23%, 0, 0, 5, 298.38, 906417, 804
3122, 53, 38, 41, 4, 0, 1.23%, 0, 0, 5, 313.79, 908053, 804
3128, 53, 38, 41, 4, 0, 1.23%, 0, 0, 5, 322.25, 909727, 804
3133, 53, 38, 41, 4, 0, 1.23%, 0, 0, 5, 314.67, 911293, 804
3138, 53, 38, 41, 4, 0, 1.23%, 0, 0, 5, 319.98, 912903, 804
3143, 53, 38, 41, 4, 0, 1.23%, 0, 0, 5, 317.18, 914553, 804
3148, 53, 38, 41, 4, 0, 1.23%, 0, 0, 5, 315.81, 916125, 804
3153, 53, 33, 41, 4, 0, 1.23%, 0, 0, 5, 314.65, 917755, 804
3158, 53, 38, 41, 4, 0, 1.23%, 0, 0, 5, 315.70, 919403, 804
3163, 53, 38, 41, 4, 0, 1.23%, 0, 0, 5, 308.77, 920951, 804
3168, 53, 38, 41, 4, 0, 1.23%, 0, 0, 5, 307.65, 922481, 804
3173, 53, 38, 41, 4, 0, 1.23%, 0, 0, 5, 313.56, 924113, 804
3179, 53, 38, 41, 4, 0, 1.23%, 0, 0, 5, 317.18, 925769, 804
3184, 53, 38, 41, 4, 0, 1.23%, 0, 0, 5, 314.49, 927353, 804
3189, 53, 38, 41, 4, 0, 1.23%, 0, 0, 5, 312.69, 928979, 804
3194, 53, 39, 41, 4, 0, 1.23%, 0, 0, 5, 281.56, 930452, 804
3199, 54, 38, 41, 4, 0, 1.23%, 0, 0, 5, 311.21, 932095, 804
3204, 54, 38, 41, 4, 0, 1.23%, 0, 0, 5, 315.01, 933739, 804
3209, 54, 38, 41, 4, 0, 1.23%, 0, 0, 5, 319.45, 935383, 804
3215, 54, 34, 41, 4, 0, 1.23%, 0, 0, 5, 305.67, 936991, 804
3220, 54, 33, 41, 4, 0, 1.23%, 0, 0, 5, 300.01, 938566, 804
3225, 54, 34, 41, 4, 0, 1.23%, 0, 0, 5, 266.98, 939932, 804
3230, 54, 4, 41, 4, 0, 1.23%, 0, 0, 5, 245.44, 941129, 804
3235, 54, 38, 41, 4, 0, 1.23%, 0, 0, 5, 292.94, 942662, 804
3240, 54, 38, 41, 4, 0, 1.23%, 0, 0, 5, 316.05, 944269, 804
3245, 54, 38, 41, 4, 0, 1.23%, 0, 0, 5, 319.37, 945919, 804
3250, 54, 38, 41, 4, 0, 1.23%, 0, 0, 5, 314.45, 947539, 804
3256, 54, 38, 41, 4, 0, 1.23%, 0, 0, 5, 320.76, 949191, 804
3261, 54, 38, 41, 4, 0, 1.23%, 0, 0, 5, 320.29, 950865, 804
3266, 54, 38, 41, 4, 0, 1.23%, 0, 0, 5, 318.20, 952515, 804
3271, 54, 17, 41, 4, 0, 1.23%, 0, 0, 5, 272.80, 953928, 804
3276, 54, 38, 41, 4, 0, 1.23%, 0, 0, 5, 301.75, 955477, 804
3282, 54, 38, 41, 4, 0, 1.23%, 0, 0, 5, 313.45, 957121, 804
3287, 54, 38, 41, 4, 0, 1.23%, 0, 0, 5, 319.51, 958789, 804
3292, 54, 1, 41, 4, 0, 1.23%, 0, 0, 5, 317.39, 960447, 804
3297, 55, 38, 41, 4, 0, 1.23%, 0, 0, 5, 309.07, 961995, 804
3302, 55, 38, 41, 4, 0, 1.23%, 0, 0, 5, 317.51, 963603, 804
3307, 55, 38, 41, 4, 0, 1.23%, 0, 0, 5, 319.70, 965259, 804
3312, 55, 33, 41, 4, 0, 1.23%, 0, 0, 5, 321.96, 966927, 804
3317, 55, 38, 41, 4, 0, 1.23%, 0, 0, 5, 318.98, 968537, 804
3323, 55, 38, 41, 4, 0, 1.23%, 0, 0, 5, 318.78, 970193, 804
3328, 55, 38, 41, 4, 0, 1.23%, 0, 0, 5, 319.34, 971837, 804
3333, 55, 33, 41, 4, 0, 1.23%, 0, 0, 5, 319.06, 973499, 804
3338, 55, 39, 41, 4, 0, 1.23%, 0, 0, 5, 283.08, 974931, 804
3343, 55, 38, 41, 4, 0, 1.23%, 0, 0, 5, 308.46, 976503, 804
3348, 55, 38, 41, 4, 0, 1.23%, 0, 0, 5, 316.39, 978147, 804
3353, 55, 38, 41, 4, 0, 1.23%, 0, 0, 5, 318.32, 979791, 804
3359, 55, 38, 41, 4, 0, 1.23%, 0, 0, 5, 318.10, 981433, 804
3364, 55, 38, 41, 4, 0, 1.23%, 0, 0, 5, 310.65, 982969, 804
3369, 55, 38, 41, 4, 0, 1.23%, 0, 0, 5, 317.76, 984613, 804
3374, 55, 38, 41, 4, 0, 1.23%, 0, 0, 5, 318.57, 986269, 804
3379, 55, 38, 41, 4, 0, 1.23%, 0, 0, 5, 316.73, 987863, 804
3384, 55, 38, 41, 4, 0, 1.23%, 0, 0, 5, 316.81, 989495, 804
3389, 55, 38, 41, 4, 0, 1.23%, 0, 0, 5, 318.98, 991097, 804
3394, 55, 38, 41, 4, 0, 1.23%, 0, 0, 5, 321.94, 992765, 804
3399, 55, 33, 41, 4, 0, 1.23%, 0, 0, 5, 325.59, 994407, 804
3404, 55, 38, 41, 4, 0, 1.23%, 0, 0, 5, 320.90, 996033, 804
3409, 55, 38, 41, 4, 0, 1.23%, 0, 0, 5, 314.67, 997617, 804
3415, 55, 38, 41, 4, 0, 1.23%, 0, 0, 5, 320.87, 999291, 804
3420, 55, 38, 41, 4, 0, 1.23%, 0, 0, 5, 321.38, 1000899, 804
3425, 56, 38, 41, 4, 0, 1.23%, 0, 0, 5, 312.78, 1002533, 804
3430, 56, 38, 41, 4, 0, 1.23%, 0, 0, 5, 317.22, 1004165, 804
3435, 56, 38, 41, 4, 0, 1.23%, 0, 0, 5, 320.54, 1005785, 804
3440, 56, 38, 41, 4, 0, 1.23%, 0, 0, 5, 319.27, 1007441, 804
3445, 56, 38, 41, 4, 0, 1.23%, 0, 0, 5, 298.07, 1008961, 804
3450, 56, 38, 41, 4, 0, 1.23%, 0, 0, 5, 315.92, 1010603, 804
3456, 56, 38, 41, 4, 0, 1.23%, 0, 0, 5, 314.75, 1012241, 804
3461, 56, 38, 41, 4, 0, 1.23%, 0, 0, 5, 320.01, 1013909, 804
3466, 56, 38, 41, 4, 0, 1.23%, 0, 0, 5, 319.45, 1015577, 804
3471, 56, 38, 41, 4, 0, 1.23%, 0, 0, 5, 318.98, 1017227, 804
3476, 56, 38, 41, 4, 0, 1.23%, 0, 0, 5, 321.23, 1018901, 804
3482, 56, 38, 41, 4, 0, 1.23%, 0, 0, 5, 322.52, 1020567, 804
3487, 56, 38, 41, 4, 0, 1.23%, 0, 0, 5, 322.02, 1022229, 804
3492, 56, 38, 41, 4, 0, 1.23%, 0, 0, 5, 314.12, 1023849, 804
3497, 56, 38, 41, 4, 0, 1.23%, 0, 0, 5, 315.48, 1025427, 804
3502, 56, 34, 41, 4, 0, 1.23%, 0, 0, 5, 307.59, 1026951, 804
3507, 56, 17, 41, 4, 0, 1.23%, 0, 0, 5, 264.72, 1028206, 804
3512, 56, 38, 41, 4, 0, 1.23%, 0, 0, 5, 308.62, 1029845, 804
3517, 56, 38, 41, 4, 0, 1.23%, 0, 0, 5, 321.86, 1031519, 804
3523, 56, 38, 41, 4, 0, 1.23%, 0, 0, 5, 320.02, 1033187, 804
3528, 56, 1, 41, 4, 0, 1.23%, 0, 0, 5, 297.09, 1034703, 804
3533, 56, 33, 41, 4, 0, 1.23%, 0, 0, 5, 319.22, 1036347, 804
3538, 56, 38, 41, 4, 0, 1.23%, 0, 0, 5, 320.06, 1038007, 804
3543, 56, 38, 41, 4, 0, 1.23%, 0, 0, 5, 321.07, 1039675, 804
3548, 56, 38, 41, 4, 0, 1.23%, 0, 0, 5, 316.16, 1041259, 804
3553, 57, 34, 41, 4, 0, 1.23%, 0, 0, 5, 314.87, 1042853, 804
3558, 57, 38, 41, 4, 0, 1.23%, 0, 0, 5, 306.48, 1044381, 804
3563, 57, 38, 41, 4, 0, 1.23%, 0, 0, 5, 317.88, 1046043, 804
3569, 57, 38, 41, 4, 0, 1.23%, 0, 0, 5, 320.10, 1047693, 804
3574, 57, 6, 42, 5, 0, 1.23%, 0, 0, 5, 240.07, 1048919, 804
3579, 57, 34, 42, 5, 0, 1.23%, 0, 0, 5, 213.77, 1049837, 804
3584, 57, 38, 42, 5, 0, 1.23%, 0, 0, 5, 295.57, 1051454, 804
3589, 57, 38, 42, 5, 0, 1.23%, 0, 0, 5, 319.41, 1053137, 804
3594, 57, 38, 42, 5, 0, 1.23%, 0, 0, 5, 321.62, 1054745, 804
3599, 57, 36, 42, 5, 0, 1.23%, 0, 0, 5, 293.33, 1056306, 804
3604, 57, 34, 42, 5, 0, 1.23%, 0, 0, 5, 285.02, 1057657, 804
3610, 57, 38, 42, 5, 0, 1.23%, 0, 0, 5, 309.80, 1059281, 804
3615, 57, 38, 42, 5, 0, 1.23%, 0, 0, 5, 319.69, 1060949, 804
3620, 57, 38, 42, 5, 0, 1.23%, 0, 0, 5, 321.56, 1062623, 804
3625, 57, 1, 42, 5, 0, 1.23%, 0, 0, 5, 313.81, 1064243, 804
3630, 57, 38, 42, 5, 0, 1.23%, 0, 0, 5, 315.28, 1065845, 804
3635, 57, 38, 42, 5, 0, 1.23%, 0, 0, 5, 322.05, 1067507, 804
3641, 57, 38, 42, 5, 0, 1.23%, 0, 0, 5, 317.94, 1069145, 804
3646, 57, 33, 42, 5, 0, 1.23%, 0, 0, 5, 321.77, 1070753, 804
3651, 57, 38, 42, 5, 0, 1.23%, 0, 0, 5, 298.08, 1072150, 804
3656, 57, 38, 42, 5, 0, 1.23%, 0, 0, 5, 307.78, 1073765, 804
3661, 57, 38, 42, 5, 0, 1.23%, 0, 0, 5, 315.75, 1075409, 804
3666, 57, 33, 42, 5, 0, 1.23%, 0, 0, 5, 319.59, 1077069, 804
3671, 58, 38, 42, 5, 0, 1.23%, 0, 0, 5, 317.81, 1078669, 804
3676, 58, 38, 42, 5, 0, 1.23%, 0, 0, 5, 314.97, 1080253, 804
3682, 58, 38, 42, 5, 0, 1.23%, 0, 0, 5, 319.12, 1081921, 804
3687, 58, 33, 42, 5, 0, 1.23%, 0, 0, 5, 322.73, 1083539, 804
3692, 58, 39, 42, 5, 0, 1.23%, 0, 0, 5, 284.16, 1084945, 804
3697, 58, 39, 42, 5, 0, 1.23%, 0, 0, 5, 295.50, 1086387, 804
3702, 58, 33, 42, 5, 0, 1.23%, 0, 0, 5, 280.76, 1087749, 804
3707, 58, 33, 42, 5, 0, 1.23%, 0, 0, 5, 302.31, 1089343, 804
3712, 58, 34, 42, 5, 0, 1.23%, 0, 0, 5, 289.03, 1090829, 804
3717, 58, 38, 42, 5, 0, 1.23%, 0, 0, 5, 309.13, 1092417, 804
3722, 58, 38, 42, 5, 0, 1.23%, 0, 0, 5, 315.78, 1094025, 804
3727, 58, 38, 42, 5, 0, 1.23%, 0, 0, 5, 313.61, 1095639, 804
3732, 58, 32, 42, 5, 0, 1.23%, 0, 0, 5, 314.44, 1097211, 804
3737, 58, 1, 42, 5, 0, 1.23%, 0, 0, 5, 321.59, 1098820, 804
3742, 59, 38, 42, 5, 0, 1.23%, 0, 0, 5, 319.73, 1100427, 804
3748, 59, 38, 42, 5, 0, 1.23%, 0, 0, 5, 317.38, 1102071, 804
3753, 59, 38, 42, 5, 0, 1.23%, 0, 0, 5, 315.25, 1103661, 804
3758, 59, 33, 42, 5, 0, 1.23%, 0, 0, 5, 303.34, 1105161, 804
3763, 59, 38, 42, 5, 0, 1.23%, 0, 0, 5, 316.08, 1106771, 804
3768, 59, 38, 42, 5, 0, 1.23%, 0, 0, 5, 319.48, 1108433, 804
3773, 59, 38, 42, 5, 0, 1.23%, 0, 0, 5, 316.97, 1110083, 804
3778, 59, 38, 42, 5, 0, 1.23%, 0, 0, 5, 316.37, 1111725, 804
3784, 59, 38, 42, 5, 0, 1.23%, 0, 0, 5, 322.05, 1113411, 804
3789, 59, 38, 42, 5, 0, 1.23%, 0, 0, 5, 316.25, 1115055, 804
3794, 59, 38, 42, 5, 0, 1.23%, 0, 0, 5, 317.93, 1116717, 804
3799, 59, 38, 42, 5, 0, 1.23%, 0, 0, 5, 305.89, 1118245, 804
3804, 59, 38, 42, 5, 0, 1.23%, 0, 0, 5, 316.99, 1119907, 804
3809, 59, 38, 42, 5, 0, 1.23%, 0, 0, 5, 323.04, 1121581, 804
3814, 59, 38, 42, 5, 0, 1.23%, 0, 0, 5, 316.48, 1123159, 804
3819, 59, 38, 42, 5, 0, 1.23%, 0, 0, 5, 310.65, 1124773, 804
3825, 59, 38, 42, 5, 0, 1.23%, 0, 0, 5, 313.64, 1126381, 804
3830, 59, 38, 42, 5, 0, 1.23%, 0, 0, 5, 321.19, 1128037, 804
3835, 59, 38, 42, 5, 0, 1.23%, 0, 0, 5, 320.48, 1129705, 804
3840, 59, 38, 42, 5, 0, 1.23%, 0, 0, 5, 320.37, 1131305, 804
3845, 59, 38, 42, 5, 0, 1.23%, 0, 0, 5, 319.64, 1132961, 804
3850, 59, 38, 42, 5, 0, 1.23%, 0, 0, 5, 319.37, 1134617, 804
3855, 59, 38, 42, 5, 0, 1.23%, 0, 0, 5, 317.13, 1136207, 804
3860, 59, 38, 42, 5, 0, 1.23%, 0, 0, 5, 322.02, 1137833, 804
3865, 59, 38, 42, 5, 0, 1.23%, 0, 0, 5, 316.94, 1139417, 804
3871, 59, 38, 42, 5, 0, 1.23%, 0, 0, 5, 320.76, 1141085, 804
3876, 59, 38, 42, 5, 0, 1.23%, 0, 0, 5, 321.04, 1142741, 804
3881, 59, 38, 42, 5, 0, 1.23%, 0, 0, 5, 302.64, 1144243, 804
3886, 59, 38, 42, 5, 0, 1.23%, 0, 0, 5, 309.77, 1145875, 804
3891, 59, 38, 42, 5, 0, 1.23%, 0, 0, 5, 313.66, 1147441, 804
3896, 59, 38, 42, 5, 0, 1.23%, 0, 0, 5, 321.62, 1149103, 804
3901, 60, 38, 42, 5, 0, 1.23%, 0, 0, 5, 317.99, 1150751, 804
3907, 60, 38, 42, 5, 0, 1.23%, 0, 0, 5, 320.25, 1152407, 804
3912, 60, 38, 42, 5, 0, 1.23%, 0, 0, 5, 321.26, 1154057, 804
3917, 60, 38, 42, 5, 0, 1.23%, 0, 0, 5, 324.57, 1155743, 804
3922, 60, 38, 42, 5, 0, 1.23%, 0, 0, 5, 320.60, 1157399, 804
3927, 60, 38, 42, 5, 0, 1.23%, 0, 0, 5, 321.63, 1159067, 804
3932, 60, 38, 42, 5, 0, 1.23%, 0, 0, 5, 318.64, 1160705, 804
3938, 60, 38, 42, 5, 0, 1.23%, 0, 0, 5, 318.51, 1162367, 804
3943, 60, 38, 42, 5, 0, 1.23%, 0, 0, 5, 317.08, 1164017, 804
3948, 60, 38, 42, 5, 0, 1.23%, 0, 0, 5, 315.86, 1165595, 804
3953, 60, 34, 42, 5, 0, 1.23%, 0, 0, 5, 296.39, 1167086, 804
3958, 60, 33, 42, 5, 0, 1.23%, 0, 0, 5, 314.72, 1168651, 804
3963, 60, 33, 42, 5, 0, 1.23%, 0, 0, 5, 319.32, 1170327, 804
3968, 60, 38, 42, 5, 0, 1.23%, 0, 0, 5, 315.92, 1171957, 804
3973, 60, 38, 42, 5, 0, 1.23%, 0, 0, 5, 318.67, 1173613, 804
3978, 60, 38, 42, 5, 0, 1.23%, 0, 0, 5, 318.55, 1175209, 804
3984, 60, 38, 42, 5, 0, 1.23%, 0, 0, 5, 320.16, 1176877, 804
3989, 60, 38, 42, 5, 0, 1.23%, 0, 0, 5, 317.88, 1178473, 804
3994, 60, 38, 42, 5, 0, 1.23%, 0, 0, 5, 318.88, 1180135, 804
3999, 60, 38, 42, 5, 0, 1.23%, 0, 0, 5, 322.10, 1181797, 804
4004, 60, 38, 42, 5, 0, 1.23%, 0, 0, 5, 320.54, 1183451, 804
4009, 60, 38, 42, 5, 0, 1.23%, 0, 0, 5, 322.57, 1185089, 804
4014, 60, 38, 42, 5, 0, 1.23%, 0, 0, 5, 321.11, 1186691, 804
4019, 60, 38, 42, 5, 0, 1.23%, 0, 0, 5, 309.53, 1188227, 804
4024, 60, 38, 42, 5, 0, 1.23%, 0, 0, 5, 316.90, 1189883, 804
4029, 60, 38, 42, 5, 0, 1.23%, 0, 0, 5, 320.44, 1191497, 804
4035, 60, 38, 42, 5, 0, 1.23%, 0, 0, 5, 322.40, 1193123, 804
4040, 60, 38, 42, 5, 0, 1.23%, 0, 0, 5, 319.60, 1194773, 804
4045, 60, 38, 42, 5, 0, 1.23%, 0, 0, 5, 320.41, 1196435, 804
4050, 60, 38, 42, 5, 0, 1.23%, 0, 0, 5, 319.41, 1198085, 804
4055, 60, 38, 42, 5, 0, 1.23%, 0, 0, 5, 319.20, 1199741, 804
4060, 60, 38, 42, 5, 0, 1.23%, 0, 0, 5, 320.94, 1201397, 804
4065, 60, 38, 42, 5, 0, 1.23%, 0, 0, 5, 324.25, 1203023, 804
4071, 60, 38, 42, 5, 0, 1.23%, 0, 0, 5, 321.68, 1204685, 804
4076, 60, 38, 42, 5, 0, 1.23%, 0, 0, 5, 317.97, 1206267, 804
4081, 60, 38, 42, 5, 0, 1.23%, 0, 0, 5, 317.83, 1207899, 804
4086, 60, 38, 42, 5, 0, 1.23%, 0, 0, 5, 308.60, 1209507, 804
4091, 60, 34, 42, 5, 0, 1.23%, 0, 0, 5, 296.82, 1211043, 804
4096, 61, 38, 42, 5, 0, 1.23%, 0, 0, 5, 289.43, 1212455, 804
4101, 61, 38, 42, 5, 0, 1.23%, 0, 0, 5, 315.47, 1214113, 804
4106, 61, 38, 42, 5, 0, 1.23%, 0, 0, 5, 323.24, 1215799, 804
4112, 61, 38, 42, 5, 0, 1.23%, 0, 0, 5, 320.16, 1217455, 804
4117, 61, 38, 42, 5, 0, 1.23%, 0, 0, 5, 318.95, 1219111, 804
4122, 61, 38, 42, 5, 0, 1.23%, 0, 0, 5, 319.75, 1220779, 804
4127, 61, 38, 42, 5, 0, 1.23%, 0, 0, 5, 318.55, 1222387, 804
4132, 61, 38, 42, 5, 0, 1.23%, 0, 0, 5, 319.46, 1224057, 804
4137, 61, 38, 42, 5, 0, 1.23%, 0, 0, 5, 313.69, 1225641, 804
4143, 61, 38, 42, 5, 0, 1.23%, 0, 0, 5, 319.72, 1227291, 804
4148, 61, 38, 42, 5, 0, 1.23%, 0, 0, 5, 314.19, 1228869, 804
4153, 61, 1, 42, 5, 0, 1.23%, 0, 0, 5, 309.85, 1230465, 804
4158, 61, 38, 42, 5, 0, 1.23%, 0, 0, 5, 318.59, 1232119, 804
4163, 61, 38, 42, 5, 0, 1.23%, 0, 0, 5, 321.03, 1233745, 804
4168, 61, 38, 42, 5, 0, 1.23%, 0, 0, 5, 316.89, 1235389, 804
4173, 61, 33, 42, 5, 0, 1.23%, 0, 0, 5, 318.13, 1236997, 804
4178, 61, 19, 42, 5, 0, 1.23%, 0, 0, 5, 285.35, 1238451, 804
4183, 61, 33, 42, 5, 0, 1.23%, 0, 0, 5, 286.57, 1239874, 804
4188, 62, 1, 42, 5, 0, 1.23%, 0, 0, 5, 312.15, 1241505, 804
4194, 62, 38, 42, 5, 0, 1.23%, 0, 0, 5, 320.35, 1243179, 804
4199, 62, 38, 42, 5, 0, 1.23%, 0, 0, 5, 323.24, 1244859, 804
4204, 62, 38, 42, 5, 0, 1.23%, 0, 0, 5, 323.31, 1246521, 804
4209, 62, 33, 42, 5, 0, 1.23%, 0, 0, 5, 322.77, 1248185, 804
4214, 62, 1, 42, 5, 0, 1.23%, 0, 0, 5, 296.12, 1249708, 804
4219, 62, 38, 42, 5, 0, 1.23%, 0, 0, 5, 299.85, 1251215, 804
4224, 62, 38, 42, 5, 0, 1.23%, 0, 0, 5, 316.27, 1252821, 804
4229, 62, 38, 42, 5, 0, 1.23%, 0, 0, 5, 320.93, 1254483, 804
4235, 62, 38, 42, 5, 0, 1.23%, 0, 0, 5, 324.35, 1256169, 804
4240, 62, 38, 42, 5, 0, 1.23%, 0, 0, 5, 308.62, 1257707, 804
4245, 62, 38, 42, 5, 0, 1.23%, 0, 0, 5, 316.69, 1259303, 804
4250, 62, 38, 42, 5, 0, 1.23%, 0, 0, 5, 322.92, 1260977, 804
4255, 62, 38, 42, 5, 0, 1.23%, 0, 0, 5, 318.51, 1262627, 804
4260, 62, 12, 42, 5, 0, 1.23%, 0, 0, 5, 266.88, 1263975, 804
4265, 62, 38, 42, 5, 0, 1.23%, 0, 0, 5, 299.57, 1265442, 804
4270, 62, 38, 42, 5, 0, 1.23%, 0, 0, 5, 316.64, 1267125, 804
4275, 62, 38, 42, 5, 0, 1.23%, 0, 0, 5, 319.42, 1268787, 804
4280, 62, 33, 42, 5, 0, 1.23%, 0, 0, 5, 315.84, 1270376, 804
4285, 63, 38, 42, 5, 0, 1.23%, 0, 0, 5, 314.03, 1271955, 804
4291, 63, 38, 42, 5, 0, 1.23%, 0, 0, 5, 318.09, 1273605, 804
4296, 63, 38, 42, 5, 0, 1.23%, 0, 0, 5, 321.87, 1275285, 804
4301, 63, 38, 42, 5, 0, 1.23%, 0, 0, 5, 321.98, 1276935, 804
4306, 63, 12, 42, 5, 0, 1.23%, 0, 0, 5, 292.19, 1278467, 804
4311, 63, 4, 42, 5, 0, 1.23%, 0, 0, 5, 265.20, 1279739, 804
4316, 63, 38, 42, 5, 0, 1.23%, 0, 0, 5, 290.17, 1281190, 804
4321, 63, 38, 42, 5, 0, 1.23%, 0, 0, 5, 312.09, 1282841, 804
4326, 63, 38, 42, 5, 0, 1.23%, 0, 0, 5, 319.61, 1284455, 804
4331, 63, 38, 42, 5, 0, 1.23%, 0, 0, 5, 320.77, 1286063, 804
4336, 63, 38, 42, 5, 0, 1.23%, 0, 0, 5, 326.75, 1287703, 804
4341, 63, 38, 42, 5, 0, 1.23%, 0, 0, 5, 327.15, 1289347, 804
4346, 63, 38, 42, 5, 0, 1.23%, 0, 0, 5, 315.94, 1290925, 804
4351, 63, 38, 42, 5, 0, 1.23%, 0, 0, 5, 321.79, 1292545, 804
4357, 63, 38, 42, 5, 0, 1.23%, 0, 0, 5, 323.84, 1294241, 804
4362, 63, 38, 42, 5, 0, 1.23%, 0, 0, 5, 328.25, 1295885, 804
4367, 63, 38, 42, 5, 0, 1.23%, 0, 0, 5, 326.62, 1297583, 804
4372, 63, 33, 42, 5, 0, 1.23%, 0, 0, 5, 323.18, 1299257, 804
4377, 63, 33, 42, 5, 0, 1.23%, 0, 0, 5, 276.83, 1300621, 804
4382, 63, 38, 42, 5, 0, 1.23%, 0, 0, 5, 316.69, 1302265, 804
4387, 63, 38, 42, 5, 0, 1.23%, 0, 0, 5, 324.98, 1303921, 804
4392, 63, 38, 42, 5, 0, 1.23%, 0, 0, 5, 328.17, 1305571, 804
4397, 64, 38, 42, 5, 0, 1.23%, 0, 0, 5, 327.73, 1307277, 804
4403, 64, 38, 42, 5, 0, 1.23%, 0, 0, 5, 323.42, 1308945, 804
4408, 64, 38, 42, 5, 0, 1.23%, 0, 0, 5, 324.70, 1310625, 804
4413, 64, 38, 42, 5, 0, 1.23%, 0, 0, 5, 314.81, 1312209, 804
4418, 64, 38, 42, 5, 0, 1.23%, 0, 0, 5, 318.22, 1313829, 804
4423, 64, 38, 42, 5, 0, 1.23%, 0, 0, 5, 323.06, 1315509, 804
4428, 64, 38, 42, 5, 0, 1.23%, 0, 0, 5, 319.74, 1317117, 804
4433, 64, 38, 42, 5, 0, 1.23%, 0, 0, 5, 320.58, 1318719, 804
4438, 64, 38, 42, 5, 0, 1.23%, 0, 0, 5, 321.43, 1320345, 804
4443, 64, 38, 42, 5, 0, 1.23%, 0, 0, 5, 328.73, 1322001, 804
4448, 64, 38, 42, 5, 0, 1.23%, 0, 0, 5, 327.80, 1323663, 804
4453, 64, 38, 42, 5, 0, 1.23%, 0, 0, 5, 329.53, 1325377, 804
4458, 64, 38, 42, 5, 0, 1.23%, 0, 0, 5, 330.04, 1327093, 804
4464, 64, 38, 42, 5, 0, 1.23%, 0, 0, 5, 327.04, 1328791, 804
4469, 64, 38, 42, 5, 0, 1.23%, 0, 0, 5, 326.85, 1330477, 804
4474, 64, 38, 42, 5, 0, 1.23%, 0, 0, 5, 329.42, 1332121, 804
4479, 64, 38, 42, 5, 0, 1.23%, 0, 0, 5, 319.71, 1333789, 804
4484, 64, 38, 42, 5, 0, 1.23%, 0, 0, 5, 323.43, 1335457, 804
4489, 64, 33, 42, 5, 0, 1.23%, 0, 0, 5, 299.86, 1336998, 804
4494, 64, 1, 42, 5, 0, 1.23%, 0, 0, 5, 313.77, 1338559, 804
4500, 64, 38, 42, 5, 0, 1.23%, 0, 0, 5, 321.40, 1340237, 804
4505, 64, 38, 42, 5, 0, 1.23%, 0, 0, 5, 320.79, 1341911, 804
4510, 64, 38, 42, 5, 0, 1.23%, 0, 0, 5, 309.97, 1343465, 804
4515, 64, 39, 42, 5, 0, 1.23%, 0, 0, 5, 275.85, 1344831, 804
4520, 64, 39, 43, 6, 0, 1.23%, 0, 0, 6, 246.05, 1346085, 804
4525, 64, 38, 43, 6, 0, 1.23%, 0, 0, 6, 225.96, 1347165, 804
4530, 64, 38, 43, 6, 0, 1.23%, 0, 0, 6, 279.99, 1348692, 804
4535, 64, 38, 43, 6, 0, 1.23%, 0, 0, 6, 290.03, 1350222, 804
4540, 64, 38, 43, 6, 0, 1.23%, 0, 0, 6, 293.89, 1351697, 804
4545, 64, 36, 43, 6, 0, 1.23%, 0, 0, 6, 254.97, 1352994, 804
4551, 64, 33, 43, 6, 0, 1.23%, 0, 0, 6, 273.70, 1354404, 804
4556, 65, 33, 43, 6, 0, 1.23%, 0, 0, 6, 273.52, 1355805, 804
4561, 65, 38, 43, 6, 0, 1.23%, 0, 0, 6, 291.38, 1357257, 804
4566, 65, 38, 43, 6, 0, 1.23%, 0, 0, 6, 296.47, 1358757, 804
4571, 65, 38, 43, 6, 0, 1.23%, 0, 0, 6, 274.58, 1360142, 804
4576, 65, 33, 43, 6, 0, 1.23%, 0, 0, 6, 301.30, 1361742, 804
