# relative_time, cycles_done, cur_item, corpus_count, pending_total, pending_favs, map_size, saved_crashes, saved_hangs, max_depth, execs_per_sec, total_execs, edges_found
61, 0, 0, 51, 51, 1, 1.37%, 0, 0, 2, 80.30, 8873, 895
66, 0, 0, 52, 52, 1, 1.37%, 0, 0, 2, 81.00, 9289, 896
71, 0, 0, 52, 52, 1, 1.37%, 0, 0, 2, 86.19, 9735, 896
76, 0, 0, 52, 52, 1, 1.37%, 0, 0, 2, 82.98, 10171, 896
81, 0, 0, 52, 52, 1, 1.37%, 0, 0, 2, 82.63, 10584, 896
86, 0, 0, 53, 53, 1, 1.37%, 0, 0, 2, 78.39, 10996, 899
92, 0, 0, 53, 53, 1, 1.37%, 0, 0, 2, 80.28, 11419, 899
97, 0, 0, 54, 54, 1, 1.38%, 0, 0, 2, 81.03, 11828, 903
102, 0, 0, 55, 55, 1, 1.38%, 0, 0, 2, 74.59, 12209, 903
107, 0, 0, 55, 55, 1, 1.38%, 0, 0, 2, 83.38, 12641, 903
112, 0, 0, 55, 55, 1, 1.38%, 0, 0, 2, 91.35, 13107, 903
117, 0, 0, 55, 55, 1, 1.38%, 0, 0, 2, 85.07, 13518, 903
122, 0, 0, 55, 55, 1, 1.38%, 0, 0, 2, 102.20, 14020, 903
127, 0, 0, 55, 55, 1, 1.38%, 0, 0, 2, 142.33, 14808, 903
132, 0, 0, 55, 55, 1, 1.38%, 0, 0, 2, 160.16, 15643, 903
137, 0, 0, 55, 55, 1, 1.38%, 0, 0, 2, 154.70, 16417, 903
142, 0, 0, 55, 55, 1, 1.38%, 0, 0, 2, 144.13, 17122, 903
147, 0, 0, 55, 55, 1, 1.38%, 0, 0, 2, 142.38, 17840, 903
153, 0, 0, 56, 56, 1, 1.38%, 0, 0, 2, 155.11, 18663, 904
158, 0, 0, 56, 56, 1, 1.38%, 0, 0, 2, 149.25, 19437, 904
163, 0, 0, 56, 56, 1, 1.38%, 0, 0, 2, 145.01, 20140, 904
168, 0, 0, 58, 58, 1, 1.38%, 0, 0, 2, 205.12, 21176, 905
173, 0, 57, 61, 58, 17, 1.38%, 0, 0, 3, 257.12, 22571, 907
178, 0, 57, 63, 60, 17, 1.39%, 0, 0, 3, 306.10, 24120, 908
183, 0, 55, 63, 59, 17, 1.39%, 0, 0, 3, 319.56, 25769, 908
188, 0, 43, 63, 57, 15, 1.39%, 0, 0, 3, 292.81, 27265, 908
194, 0, 58, 65, 58, 15, 1.39%, 0, 0, 4, 287.73, 28761, 909
199, 0, 59, 65, 57, 14, 1.39%, 0, 0, 4, 286.88, 30248, 909
204, 0, 59, 65, 57, 14, 1.39%, 0, 0, 4, 279.67, 31654, 909
209, 0, 61, 65, 56, 13, 1.39%, 0, 0, 4, 277.99, 33062, 909
214, 0, 3, 65, 54, 11, 1.39%, 0, 0, 4, 278.79, 34080, 909
219, 0, 53, 66, 55, 11, 1.39%, 0, 0, 4, 293.45, 35555, 911
224, 0, 27, 67, 54, 10, 1.39%, 0, 0, 4, 288.38, 37096, 911
229, 0, 54, 67, 53, 9, 1.39%, 0, 0, 4, 197.34, 38117, 911
235, 0, 52, 67, 52, 7, 1.39%, 0, 0, 4, 53.80, 39338, 911
240, 0, 40, 68, 52, 7, 1.39%, 0, 0, 4, 291.59, 40669, 912
245, 0, 34, 68, 51, 6, 1.39%, 0, 0, 4, 280.68, 42073, 912
250, 0, 32, 70, 52, 5, 1.39%, 0, 0, 4, 277.11, 43505, 912
255, 0, 51, 71, 52, 5, 1.39%, 0, 0, 4, 290.71, 45028, 912
260, 0, 68, 72, 52, 4, 1.39%, 0, 0, 4, 279.38, 46496, 912
265, 0, 63, 72, 51, 3, 1.39%, 0, 0, 4, 287.70, 47954, 912
270, 0, 67, 72, 50, 2, 1.39%, 0, 0, 4, 292.88, 49509, 912
275, 0, 57, 73, 50, 1, 1.39%, 0, 0, 4, 298.84, 51073, 912
281, 0, 33, 73, 50, 1, 1.39%, 0, 0, 4, 217.07, 52152, 912
286, 0, 59, 73, 49, 0, 1.39%, 0, 0, 4, 298.06, 53769, 912
291, 0, 59, 73, 49, 0, 1.39%, 0, 0, 4, 277.09, 55139, 912
296, 0, 59, 73, 49, 0, 1.39%, 0, 0, 4, 292.26, 56628, 912
301, 0, 59, 73, 49, 0, 1.39%, 0, 0, 4, 283.36, 58119, 912
306, 0, 59, 73, 49, 0, 1.39%, 0, 0, 4, 289.91, 59610, 912
311, 0, 60, 73, 49, 0, 1.39%, 0, 0, 4, 259.62, 60948, 912
316, 0, 60, 73, 49, 0, 1.39%, 0, 0, 4, 290.75, 62452, 912
321, 0, 60, 73, 49, 0, 1.39%, 0, 0, 4, 315.46, 64092, 912
326, 0, 59, 73, 49, 0, 1.39%, 0, 0, 4, 291.26, 65525, 912
332, 0, 59, 73, 49, 0, 1.39%, 0, 0, 4, 297.84, 67061, 912
337, 0, 59, 73, 49, 0, 1.39%, 0, 0, 4, 287.23, 68487, 912
342, 0, 59, 73, 49, 0, 1.39%, 0, 0, 4, 281.99, 69998, 912
347, 0, 59, 73, 49, 0, 1.39%, 0, 0, 4, 270.78, 71364, 912
352, 0, 59, 73, 49, 0, 1.39%, 0, 0, 4, 304.46, 72964, 912
357, 0, 59, 73, 49, 0, 1.39%, 0, 0, 4, 306.47, 74508, 912
362, 0, 59, 73, 49, 0, 1.39%, 0, 0, 4, 291.13, 75970, 912
367, 0, 60, 73, 49, 0, 1.39%, 0, 0, 4, 285.10, 77465, 912
372, 0, 60, 73, 49, 0, 1.39%, 0, 0, 4, 312.40, 79102, 912
377, 0, 60, 74, 50, 0, 1.39%, 0, 0, 4, 284.54, 80495, 912
382, 0, 59, 74, 50, 0, 1.39%, 0, 0, 4, 287.22, 81934, 912
387, 0, 60, 74, 50, 0, 1.39%, 0, 0, 4, 286.18, 83344, 912
392, 0, 68, 76, 52, 0, 1.39%, 0, 0, 4, 275.22, 84719, 912
398, 0, 68, 76, 52, 0, 1.39%, 0, 0, 4, 301.90, 86256, 912
403, 0, 68, 76, 52, 0, 1.39%, 0, 0, 4, 316.21, 87963, 912
408, 0, 68, 76, 52, 0, 1.39%, 0, 0, 4, 312.00, 89547, 912
413, 0, 53, 76, 52, 0, 1.39%, 0, 0, 4, 320.41, 91147, 912
418, 0, 53, 76, 52, 0, 1.39%, 0, 0, 4, 327.90, 92852, 912
423, 0, 53, 76, 52, 0, 1.39%, 0, 0, 4, 313.53, 94370, 912
428, 0, 60, 76, 52, 0, 1.39%, 0, 0, 4, 307.93, 95914, 912
433, 0, 59, 76, 52, 0, 1.39%, 0, 0, 4, 292.34, 97385, 912
438, 0, 59, 76, 52, 0, 1.39%, 0, 0, 4, 284.50, 98813, 912
443, 0, 67, 76, 52, 0, 1.39%, 0, 0, 4, 301.57, 100338, 912
449, 0, 67, 76, 52, 0, 1.39%, 0, 0, 4, 319.01, 102016, 912
454, 0, 59, 76, 52, 0, 1.39%, 0, 0, 4, 301.87, 103570, 912
459, 0, 59, 76, 52, 0, 1.39%, 0, 0, 4, 299.46, 105093, 912
464, 0, 51, 76, 52, 0, 1.39%, 0, 0, 4, 298.61, 106601, 912
469, 0, 51, 76, 52, 0, 1.39%, 0, 0, 4, 281.34, 108023, 912
474, 0, 51, 76, 52, 0, 1.39%, 0, 0, 4, 297.92, 109504, 912
479, 0, 63, 76, 52, 0, 1.39%, 0, 0, 4, 309.23, 111062, 912
484, 0, 63, 76, 52, 0, 1.39%, 0, 0, 4, 288.56, 112559, 912
489, 0, 60, 76, 52, 0, 1.39%, 0, 0, 4, 284.95, 113984, 912
495, 0, 60, 76, 52, 0, 1.39%, 0, 0, 4, 297.39, 115544, 912
500, 0, 60, 76, 52, 0, 1.39%, 0, 0, 4, 288.93, 117034, 912
505, 0, 59, 76, 52, 0, 1.39%, 0, 0, 4, 288.66, 118519, 912
510, 0, 59, 76, 52, 0, 1.39%, 0, 0, 4, 284.77, 119931, 912
515, 0, 53, 76, 52, 0, 1.39%, 0, 0, 4, 302.32, 121474, 912
520, 0, 53, 76, 52, 0, 1.39%, 0, 0, 4, 304.35, 123023, 912
525, 0, 53, 76, 52, 0, 1.39%, 0, 0, 4, 318.11, 124619, 912
530, 0, 60, 76, 52, 0, 1.39%, 0, 0, 4, 292.98, 126029, 912
535, 0, 59, 76, 52, 0, 1.39%, 0, 0, 4, 296.13, 127499, 912
540, 0, 59, 76, 52, 0, 1.39%, 0, 0, 4, 302.59, 129045, 912
546, 0, 59, 76, 52, 0, 1.39%, 0, 0, 4, 297.30, 130578, 912
551, 0, 59, 76, 52, 0, 1.39%, 0, 0, 4, 291.41, 132096, 912
556, 0, 67, 76, 52, 0, 1.39%, 0, 0, 4, 273.70, 133461, 912
561, 0, 67, 76, 52, 0, 1.39%, 0, 0, 4, 317.49, 135167, 912
566, 0, 60, 76, 52, 0, 1.39%, 0, 0, 4, 306.20, 136741, 912
571, 0, 59, 76, 52, 0, 1.39%, 0, 0, 4, 296.30, 138284, 912
576, 0, 52, 76, 52, 0, 1.39%, 0, 0, 4, 256.14, 139573, 912
581, 0, 52, 76, 52, 0, 1.39%, 0, 0, 4, 309.45, 141209, 912
586, 0, 59, 76, 52, 0, 1.39%, 0, 0, 4, 295.31, 142686, 912
592, 0, 68, 76, 52, 0, 1.39%, 0, 0, 4, 295.40, 144156, 912
597, 0, 68, 76, 52, 0, 1.39%, 0, 0, 4, 298.86, 145696, 912
602, 0, 57, 77, 53, 0, 1.40%, 0, 0, 4, 275.29, 147053, 917
607, 0, 59, 77, 53, 1, 1.40%, 0, 0, 4, 305.87, 148687, 917
612, 1, 37, 77, 53, 1, 1.40%, 0, 0, 4, 298.22, 150166, 917
617, 1, 68, 77, 51, 0, 1.40%, 0, 0, 4, 297.11, 151721, 917
622, 1, 3, 77, 51, 0, 1.40%, 0, 0, 4, 311.92, 153331, 917
